0.00000000,0.00000000,0.00000000,0.00000000,0.00000000,0.00000000,0.00000000,0.00000000,0.00000000,0.00000000,0.00000000,0.00621066,0.00000000,0.00310629,0.00000000,0.00000000,0.00000000,0.00000000,0.00000000,0.00000000,0.00000000,0.00000000,0.00000000,0.00000000,0.00000000,0.00000000,0.00000000,0.00000000,0.00000000,0.00000000,0.00000000,0.00000000,0.00000000,0.00000000,0.00000000,0.00000000,0.00000000,0.00000000,0.00000000,0.03030800,0.06733207,0.00000000,0.00000000,0.08484999,0.76164042,0.00699702,0.00000000,0.00000000,0.00997802,0.00000000,0.00000000,0.00000000,0.00000000,0.00000000,0.00000000,0.00886332,0.00000000,0.00000000,0.00000000,0.00000000,0.00000000,0.00000000,0.00000000,0.00000000,0.00000000,0.00000000,0.00000000,0.00000000,0.00000000,0.00000000,0.01426346,0.00000000,0.00000000,0.00000000,0.00000000,0.00000000,0.00000000,0.00000000,0.00000000,0.00000000,0.00000000,0.00000000,0.00000000,0.00000000,0.00000000,0.00000000,0.00000000,0.00000000,0.00000000,0.00000000,0.00000000,0.00000000,0.00000000,0.00114181,0.00000000,0.00000000,0.00000000,0.00000000,0.00000000,0.00000000,0.00000000,0.00000000,0.00000000,0.00000000,0.01003609,0.00000000,0.00000000,0.00000000,0.00000000,0.02713587,0.00000000,0.00000000,0.00000000,0.00000000,0.00000000,0.00000000,0.00000000,0.00000000,0.00000000,0.00000000,0.00000000,0.00000000,0.00000000,0.00000000,0.00000000,0.00000000,0.00000000,0.00082664,0.00000000,0.00000000,0.00000000,0.00332460,0.00000000,0.00000000,0.00673018,0.00000000,0.00000000,0.00000000,0.00000000,0.00000000,0.00000000,0.00000000,0.00000000,0.01749293,0.00460737,0.00000000,0.00000000,0.00000000,0.00000000,0.00000000,0.00000000,0.00000000,0.00000000,0.00000000,0.00000000,0.00000000,0.00000000,0.00000000,0.00000000,0.00000000,0.02115089,0.00000000,0.00000000,0.00185527,0.00000000,0.00000000,0.00000000,0.00092614,0.00000000,0.00000000,0.00000000,0.00000000,0.00443219,0.00000000,0.00000000,0.00000000,0.00000000,0.00000000,0.00000000,0.00000000,0.00000000,0.00000000,0.00000000,0.00000000,0.00000000,0.00000000,0.00000000,0.04623636,0.00000000,0.00000000,0.00000000,0.00246384,0.00000000,0.00000000,0.00130721,0.00000000,0.00000000,0.00000000,0.00643752,0.00000000,0.00000000,0.00000000,0.02158449,0.00000000,0.00000000,0.00000000,0.00000000,0.00000000,0.00000000,0.00000000,0.00000000,0.00000000,0.00000000,0.00000000,0.00000000,0.00000000,0.00000000,0.00000000,0.00000000,0.00000000,0.00000000,0.00000000,0.00000000,0.00000000,0.00000000,0.00000000,0.00000000,0.00000000,0.01407235,0.00000000,0.00000000,0.00000000,0.85759682,0.00000000,0.00000000,0.00000000,0.00000000,0.00000000,0.22644710,0.00503240,0.00144795,0.00000000,0.00000000,0.00000000,0.00000000,0.00000000,0.00000000,0.00000000,0.00000000,0.00055885,0.00000000,0.00000000,0.00235795,0.00000000,0.00000000,0.00000000,0.00000000,0.14912379,0.00000000,0.00353417,0.00000000,0.02085360,0.00000000,0.00000000,0.00000000,0.00000000,0.00000000,0.00000000,0.00000000,0.00000000,0.00000000,0.00000000,0.00000000,0.00000000,0.00000000,0.00000000,0.00000000,0.00000000,0.00000000,0.00075998,0.02913383,0.00000000,0.00000000,0.00000000,0.00000000,0.00000000,0.00000000,0.00000000,0.00000000,0.00000000,0.00000000,0.00000000,0.00000000,0.00000000,0.05150152,0.00000000,0.00000000,0.00000000,0.00000000,0.00000000,0.00000000,0.00000000,0.00000000,0.00000000,0.00000000,0.00000000,0.02723328,0.00000000,0.00000000,0.00525044,0.00000000,0.00000000,0.00000000,0.00000000,0.00000000,0.00000000,0.00000000,0.00000000,0.00000000,0.00000000,0.00000000,0.00000000,0.00000000,0.00000000,0.00000000,0.00000000,0.00000000,0.00000000,0.00000000,0.00000000,0.00563682,0.01332722,0.00000000,0.00000000,0.00000000,0.00000000,0.00000000,0.00000000,0.00000000,0.00000000,0.00000000,0.00000000,0.00000000,0.00000000,0.00000000,0.00000000,0.00000000,0.00000000,0.00000000,0.00000000,0.00000000,0.00000000,0.00000000,0.08206305,0.00000000,0.00000000,0.00000000,0.00352352,0.00000000,0.05454775,0.00000000,0.00000000,0.00000000,0.00000000,0.00000000,0.00000000,0.00000000,0.00000000,0.00000000,0.00000000,0.73592602,0.00000000,0.00000000,0.00000000,0.00000000,0.00770651,0.00897991,0.00000000,0.00000000,0.00000000,0.02046514,0.00000000,0.00000000,0.00000000,0.00168261,0.00000000,0.00000000,0.00577658,0.00000000,0.00000000,0.00000000,0.00000000,0.00000000,0.00440592,0.00000000,0.00000000,0.00143403,0.00365538,0.00000000,0.00000000,0.00000000,0.00000000,0.00000000,0.00000000,0.00000000,0.00000000,0.00000000,0.00000000,0.00000000,0.00675057,0.00000000,0.00000000,0.00000000,0.00000000,0.00000000,0.00000000,0.00000000,0.00000000,0.00227858,0.00000000,0.00000000,0.00000000,0.00000000,0.00000000,0.00000000,0.02842019,0.00000000,0.00000000,0.00000000,0.00000000,0.00000000,0.00000000,0.00000000,0.00000000,0.01423099,0.00000000,0.00000000,0.00000000,0.00000000,0.00000000,0.00000000,0.00000000,0.00000000,0.00000000,0.00219221,0.00000000,0.00000000,0.00000000,0.00000000,0.00000000,0.00000000,0.00000000,0.00000000,0.00000000,0.00000000,0.00000000,0.00000000,0.00000000,0.00000000,0.00531016,0.00000000,0.00000000,0.00000000,0.00000000,0.00000000,0.00000000,0.11362774,0.00000000,0.00000000,0.00000000,0.00000000,0.00000000,0.00000000,0.00000000,0.00000000,0.00000000,0.00000000,0.00000000,0.00000000,0.00000000,0.00000000,0.00000000,0.03998499,0.00000000,0.00000000,0.00000000,0.00000000,0.00000000,0.00000000,0.00000000,0.00000000,0.00250955,0.00000000,0.00000000,0.00000000,0.00000000,0.00000000,0.00000000,0.00000000,0.04000830,0.00000000,0.00000000,0.00000000,0.00000000,0.00000000,0.00000000,0.00000000,1.60695802,0.00000000,0.00000000,0.00241182,0.00000000,0.00582233,0.00000000,0.00000000,0.00000000,0.30143848,0.00000000,0.00000000,0.00000000,0.00000000,0.00000000,0.00000000,0.00000000,0.00000000,0.00000000,0.00000000,0.00000000,0.07458718,0.00000000,0.00000000,0.00000000,0.00059403,0.03913292,0.00000000,0.00000000,0.00000000,0.89963385,0.00000000,0.76252317,0.00000000,0.00000000,0.00369417,0.00000000,0.00000000,0.00000000,0.00000000,0.00000000,0.00000000,0.00000000,0.00000000,0.00089511,0.50269482,0.00000000,0.00000000,0.00000000,0.00000000,0.42795154,0.00750023,0.00000000,1.57066840,0.00000000,0.00000000,0.00167284,0.00424281,0.00000000,0.00000000,0.00000000,0.00000000,0.00000000,0.00000000,0.00000000,0.00000000,0.01236637,0.00000000,0.00000000,0.00000000,0.00000000,0.00000000,0.00000000,0.02344545,0.00000000,0.00000000,0.00000000,0.00000000,0.01230937,0.00000000,0.00000000,0.00000000,0.00000000,0.00000000,0.00000000,0.00000000,0.00000000,0.00000000,0.00000000,0.05339262,0.00000000,0.00000000,0.00000000,0.00000000,0.00000000,0.00000000,0.00000000,0.00131692,0.00000000,0.00000000,0.00188504,0.00000000,0.00000000,0.00000000,0.00000000,0.00000000,0.00000000,0.00000000,0.00000000,0.00000000,0.00000000,0.00261237,0.00000000,0.00000000,0.00000000,0.00000000,0.00000000,0.00000000,0.00000000,0.00000000,0.00000000,0.00000000,0.00243477,0.00000000,0.00000000,0.00000000,0.00000000,0.00000000,0.00181962,0.00000000,0.00000000,0.00000000,0.00000000,0.00000000,0.00000000,0.00000000,0.00000000,0.00000000,0.00000000,0.00000000,0.00000000,0.00000000,0.00000000,0.00000000,1.73926392,0.00000000,0.00000000,0.00000000,0.00000000,0.00000000,0.00000000,0.00197828,0.00000000,0.00000000,0.00000000,0.00000000,0.00000000,0.00000000,0.00000000,0.00000000,0.00000000,0.00259047,0.00000000,0.00000000,0.00000000,0.00000000,0.00000000,0.00000000,0.00000000,0.00000000,0.00000000,0.00675523,0.00000000,0.00000000,0.00000000,0.00000000,0.00000000,0.00000000,0.00000000,0.00000000,0.00000000,0.00000000,0.00000000,0.00000000,0.00000000,0.00000000,0.00000000,0.00000000,0.00000000,0.00364343,0.00000000,0.00000000,0.00000000,0.00000000,0.00000000,0.00000000,0.00000000,0.00000000,0.00000000,0.00000000,0.00000000,0.00743583,0.00000000,0.00000000,0.00000000,0.00000000,0.00000000,0.00000000,0.00000000,0.00000000,0.00000000,0.00000000,0.00000000,0.00000000,0.00000000,0.00000000,0.00000000,0.00000000,0.00000000,0.00000000,0.00000000,0.00000000,0.02601915,0.00158269,0.00000000,0.05889253,0.00000000,0.00000000,0.00631336,0.00000000,0.00000000,0.00000000,1.15028307,0.01629927,0.00000000,0.00000000,0.00000000,0.00000000,0.00000000,0.02129776,0.04542627,0.00000000,0.00000000,0.00000000,0.00000000,0.00000000,0.00000000,0.00000000,0.00000000,0.00492493,0.00000000,0.00000000,0.00000000,0.00000000,0.00000000,0.00000000,0.00000000,0.00401459,0.00000000,0.00000000,0.00000000,0.00000000,0.00000000,0.00000000,0.00000000,0.00000000,0.00000000,0.01982267,0.00000000,0.00000000,0.04684330,0.00000000,0.00000000,0.00000000,0.00000000,0.00900831,0.00000000,0.00000000,0.01269866,0.00000000,0.00782764,0.00000000,0.00000000,0.00000000,0.00259852,0.00000000,0.00000000,0.00000000,0.00000000,0.00000000,0.00000000,0.00000000,0.00000000
0.00000000,0.00000000,0.00000000,0.00000000,0.00000000,0.00000000,0.00000000,0.00000000,0.00000000,0.00000000,0.00000000,1.30262296,0.00000000,0.00000000,0.00000000,0.00000000,0.00000000,1.11260578,0.00078804,0.00000000,0.00000000,0.00000000,0.00000000,0.00261780,0.00000000,0.00000000,0.00000000,0.00000000,0.00000000,0.00000000,0.00000000,0.00000000,0.00000000,0.01652794,0.00000000,0.00000000,0.00000000,0.00000000,0.00000000,0.00000000,0.04213562,0.00000000,0.00492345,0.00000000,0.00000000,0.00000000,0.01686478,0.00000000,0.00000000,0.00000000,0.00000000,0.00000000,0.00000000,0.04251975,0.00000000,0.00000000,0.00000000,0.00000000,0.04053825,0.00000000,0.00000000,0.00000000,0.00000000,0.00000000,0.00000000,0.69061777,0.00000000,0.00000000,0.00000000,0.00000000,0.00000000,0.00000000,0.00000000,0.00000000,0.18649169,0.00000000,0.00000000,0.00000000,0.00303864,0.00000000,0.02403089,0.00924435,0.00000000,0.00000000,0.00000000,0.00000000,0.00000000,0.00000000,0.00000000,0.00000000,0.00000000,0.00000000,0.00000000,0.00000000,0.00000000,0.00000000,0.00000000,0.00582441,0.00000000,0.00000000,0.00000000,0.02085053,0.00000000,0.00599664,0.00000000,0.00000000,0.00000000,0.00000000,0.00000000,0.00000000,0.00602087,0.00000000,0.00000000,0.00000000,0.00000000,0.00000000,0.00000000,0.00000000,0.00000000,0.00000000,0.27810129,0.00000000,0.00000000,0.00000000,0.00000000,0.00000000,0.00000000,0.00000000,0.00000000,0.00000000,0.00000000,0.00134577,0.00000000,0.00000000,0.00000000,0.00662015,0.00000000,0.00000000,0.00000000,0.00000000,0.00340695,0.00000000,0.02244243,0.00000000,0.00000000,0.00000000,0.00000000,0.00000000,2.02883654,0.00000000,0.00000000,0.00000000,0.00000000,0.00000000,0.00000000,0.00000000,0.00000000,0.00000000,0.00000000,0.00000000,0.00000000,0.00000000,0.00000000,0.00000000,0.00000000,0.00000000,0.00000000,0.00000000,0.00000000,0.00000000,0.00000000,0.00000000,0.00000000,0.00000000,0.00000000,0.00000000,0.00000000,0.00000000,0.00400742,0.04445908,0.00000000,0.00000000,0.00000000,0.00000000,0.00000000,0.01211592,0.00315490,0.00000000,0.00000000,0.00000000,0.00000000,0.00000000,0.00000000,0.00352975,0.00000000,0.00000000,0.00000000,0.00383874,0.00000000,0.00000000,0.00000000,0.07106221,0.00000000,0.00554047,0.00000000,0.00000000,0.00000000,0.00000000,0.00000000,0.00000000,0.00160145,0.00000000,0.00000000,0.00000000,0.07769317,0.00000000,0.00000000,0.00000000,0.00000000,0.00000000,0.00000000,0.00000000,0.00000000,0.00138732,0.00000000,0.00000000,0.01412164,0.00000000,0.00000000,0.00332297,0.00000000,0.01751294,0.00000000,0.00000000,0.00098998,0.00000000,0.00000000,0.00000000,0.00000000,0.00000000,0.00000000,0.00000000,0.00000000,0.00000000,0.00000000,0.00000000,0.00000000,0.00000000,0.00000000,0.00000000,0.00000000,0.00464487,0.00000000,0.00000000,0.00000000,0.00000000,0.00000000,0.00000000,0.00000000,0.00000000,0.00000000,0.00000000,0.00000000,0.00000000,0.00000000,0.00000000,0.00000000,0.00332893,0.00000000,0.00000000,0.00000000,0.00000000,0.00000000,0.00000000,0.00000000,0.00000000,0.00000000,0.00000000,0.00000000,0.00000000,0.00000000,0.00000000,0.00000000,0.00000000,0.00607757,0.00000000,0.00000000,0.00000000,0.00000000,0.00000000,0.00000000,0.00000000,0.00000000,0.00000000,0.00000000,0.00000000,0.00000000,0.00000000,0.00000000,0.00000000,0.00000000,0.00739601,0.00000000,0.00000000,0.00000000,0.00000000,0.00000000,0.00000000,0.00000000,0.00000000,0.00000000,0.00000000,0.00000000,0.00000000,0.00000000,0.00000000,0.00000000,0.00616104,0.00000000,0.00666372,0.00000000,0.00000000,0.01837694,0.00000000,0.00000000,0.00000000,0.00363873,0.00000000,0.00000000,0.00000000,0.00000000,0.00000000,0.00000000,0.00000000,0.00000000,0.00000000,0.00000000,0.00000000,0.00000000,0.00000000,0.00000000,0.00000000,0.00000000,0.00000000,0.00000000,0.00000000,0.00000000,0.00000000,0.00000000,0.00000000,0.00000000,0.00000000,0.00134033,0.00304596,0.00000000,0.00000000,0.00000000,0.00000000,0.00000000,0.00000000,0.00000000,0.00000000,0.00000000,0.00000000,0.00000000,0.00000000,0.00000000,0.00000000,0.00000000,0.00000000,0.00000000,0.00000000,0.00000000,0.00000000,0.00000000,0.00000000,0.00000000,0.00000000,0.00099456,0.03647955,0.02723311,0.00000000,0.00000000,0.00000000,0.00000000,0.00000000,0.00000000,0.00000000,0.00115386,0.00000000,0.00000000,0.00000000,0.00000000,0.00000000,0.00000000,0.00000000,0.00988594,0.00000000,0.00000000,0.00000000,0.00000000,0.00000000,0.00000000,0.00000000,0.01706174,0.00000000,0.00216976,0.00000000,0.00000000,0.00000000,0.00000000,0.00000000,0.00000000,0.00000000,0.00000000,0.00000000,0.00000000,0.00434092,0.00000000,0.00000000,0.00000000,0.00000000,0.17857226,0.00000000,0.00271954,0.00000000,0.00000000,0.00000000,0.00000000,0.00000000,0.00000000,0.00594986,0.00000000,0.00000000,0.00000000,0.00000000,0.00000000,0.00000000,0.00000000,0.00000000,0.00000000,0.00000000,0.00000000,0.00000000,0.00000000,0.00000000,0.00000000,0.00000000,0.00000000,0.01193433,0.00000000,0.00000000,0.00000000,0.00000000,0.00168498,0.00000000,0.00000000,0.00000000,0.00000000,0.00000000,0.00000000,0.00000000,0.00000000,0.00000000,0.00000000,0.00000000,0.00000000,0.00000000,0.00000000,0.03379806,0.00000000,0.37241033,0.00000000,0.00000000,0.00000000,0.00000000,0.00000000,0.00000000,0.00000000,0.00000000,0.00000000,0.00000000,1.30423806,0.00000000,0.02419764,0.00000000,0.00000000,0.00000000,0.00000000,0.00000000,0.00000000,0.00378490,0.00668782,0.00000000,0.00295919,0.00000000,0.00000000,0.00000000,0.00000000,0.00000000,0.00000000,0.00000000,0.00000000,0.00000000,0.00243657,0.00000000,0.00000000,0.00000000,0.00000000,0.00000000,0.00000000,0.00000000,0.00000000,0.00000000,0.00000000,0.00000000,0.00000000,0.00000000,0.00000000,0.00000000,0.00000000,0.00000000,0.00000000,0.00000000,0.00000000,0.00000000,0.00000000,0.00000000,0.00000000,0.00282817,0.00000000,0.00000000,0.00309091,0.00131262,0.00000000,0.00000000,0.00000000,0.00000000,0.00000000,0.00000000,0.00000000,0.00000000,0.00000000,0.00147691,0.00000000,0.00000000,0.00000000,0.00280488,0.00000000,0.00000000,0.00000000,0.00000000,0.00263394,0.00000000,0.00000000,0.00000000,0.00000000,0.06077531,0.00000000,0.00000000,0.00000000,0.00000000,0.00000000,0.00399476,0.00247867,0.00000000,0.00000000,0.00000000,0.00000000,0.00000000,0.00000000,0.02446688,0.00000000,0.00000000,0.00000000,0.00000000,0.00000000,0.00000000,0.00000000,0.00000000,0.00000000,0.00000000,0.00000000,0.00000000,0.00000000,0.00000000,0.00000000,0.00000000,0.00000000,0.00000000,0.00000000,0.00000000,0.00000000,0.00000000,0.00000000,0.00000000,0.00000000,0.00000000,0.00000000,0.00000000,0.00000000,0.00000000,0.00000000,0.00586554,0.00000000,0.18743221,0.00000000,0.00402512,0.00000000,0.00000000,0.00000000,0.01355080,0.00000000,0.00000000,0.00000000,0.00000000,0.00000000,0.00000000,0.00131501,0.00000000,0.00000000,0.00000000,0.00000000,0.00000000,0.00000000,0.00000000,0.00000000,0.00000000,0.00000000,0.00000000,0.00000000,0.00000000,0.00000000,0.00000000,0.00000000,0.00000000,0.03636379,0.00000000,0.00000000,0.00000000,0.00000000,0.00000000,0.04186046,0.00000000,0.00000000,0.00000000,0.00000000,0.00000000,0.00000000,0.00000000,0.00830245,0.00000000,0.00000000,0.00000000,0.01096492,3.73999092,0.00000000,0.00000000,0.00788848,0.00000000,0.00000000,0.00000000,0.00000000,0.00000000,0.00422594,0.00000000,0.00000000,0.00202179,0.00000000,0.00000000,0.01065549,0.00000000,0.00000000,0.00000000,0.00000000,0.00221595,0.00091921,0.00000000,0.86072347,0.00000000,0.00000000,0.00000000,0.00000000,0.00000000,0.00000000,0.00642308,0.00000000,0.00000000,0.00000000,0.00000000,0.00000000,0.00000000,0.00000000,0.00000000,0.00000000,0.00717310,0.00000000,0.00000000,0.02260552,0.00000000,0.01464657,0.00000000,0.00000000,0.00261717,0.00000000,0.00000000,0.00000000,0.00000000,0.26509859,0.00000000,0.00000000,0.00000000,0.00000000,0.00000000,0.00000000,0.00000000,0.00000000,0.00000000,0.01677310,0.00000000,0.00000000,0.00000000,0.00000000,0.00000000,0.00000000,0.00000000,0.00000000,0.00558575,0.00000000,0.00870631,0.00000000,0.00000000,0.00000000,0.00000000,0.00000000,0.00000000,0.00000000,0.00000000,0.00000000,0.00000000,0.00000000,0.00000000,0.00000000,0.00000000,0.00000000,0.00000000,0.00000000,0.00000000,0.00000000,0.00000000,0.00000000,0.00000000,0.00000000,0.00000000,0.00000000,0.00000000,0.00000000,0.00000000,0.00000000,0.00752610,0.00000000,0.00000000,0.00000000,0.00000000,0.00376737,0.00000000,0.00000000,0.00000000,0.00000000,0.00000000,0.00000000,0.00000000,0.00000000,0.00000000,0.00000000,0.00000000,0.04872977,0.00000000,0.00000000,0.00091298,0.00000000,0.00000000,0.00000000,0.00000000,0.01514086,0.00000000,0.00000000,0.00000000,0.00000000,0.00000000,0.00190837,0.00000000,0.00000000,0.00000000,0.00000000,0.00000000,0.00000000,0.00000000,0.04548781,0.00000000
0.00000000,0.00000000,0.00000000,0.00000000,0.00000000,0.00000000,0.00000000,0.00000000,0.00000000,0.00000000,0.00000000,0.00000000,0.00000000,0.00597218,0.00000000,0.00000000,0.00000000,0.00000000,0.00000000,0.00000000,0.00000000,0.00000000,0.00000000,0.00000000,0.00000000,0.00117006,0.02480939,0.00000000,0.00000000,0.00000000,0.00000000,0.01146731,0.00000000,0.00000000,0.00980705,0.00000000,0.00000000,0.00000000,0.00000000,0.00000000,0.00000000,0.00000000,0.00000000,0.00000000,0.00000000,0.03860721,0.00000000,0.00000000,0.00668135,0.00000000,0.00000000,0.00000000,0.00000000,0.00000000,0.00000000,0.00885718,0.00000000,0.00103725,0.00000000,0.00000000,0.00000000,0.00829763,0.00000000,0.00000000,0.00000000,0.00000000,0.00000000,0.00000000,0.00000000,0.00000000,0.01938819,0.00000000,0.00000000,0.00116453,0.01386110,0.00000000,0.00000000,0.02286402,0.00000000,0.00000000,0.00000000,0.00000000,0.00000000,0.00000000,0.00000000,0.00000000,0.00000000,0.00000000,0.00000000,0.00000000,0.00000000,0.00000000,0.00000000,3.17660031,0.00000000,0.00000000,0.00000000,0.00000000,0.00000000,0.00000000,0.00000000,0.00000000,0.00000000,0.00000000,0.00000000,0.00000000,0.00000000,0.00000000,0.00160636,0.00000000,0.00000000,0.00000000,0.00000000,0.00000000,0.00000000,0.00000000,0.00479822,0.00000000,0.00000000,0.00000000,0.00000000,0.00000000,0.00000000,0.00091610,0.00000000,0.03249353,0.00000000,0.00000000,0.00000000,0.00000000,0.00000000,0.00000000,0.00000000,0.00000000,0.00000000,0.00000000,0.00000000,0.00000000,0.02191800,0.00000000,0.00000000,0.09124979,0.00281976,0.00000000,0.00603042,0.00000000,0.00000000,0.00000000,0.00000000,0.15845208,0.00000000,0.00000000,0.00000000,0.00000000,0.00000000,0.00000000,0.00000000,0.00000000,0.00000000,0.00000000,0.00000000,0.00083272,0.00000000,0.00000000,0.00000000,0.00000000,0.00000000,0.00000000,0.00000000,0.00888085,0.00000000,0.00000000,0.00000000,0.00000000,0.00000000,0.00000000,0.00000000,0.00000000,0.00000000,0.00000000,0.00000000,0.00515937,0.00000000,0.00000000,0.00000000,0.00000000,0.00000000,0.00000000,0.00000000,0.00000000,0.00000000,0.00176609,0.00000000,0.02181463,0.00000000,0.00000000,0.00000000,0.10133840,0.00000000,0.00000000,0.00000000,0.00000000,0.00000000,0.00000000,0.01265385,0.00000000,0.00000000,0.00000000,0.00000000,0.00000000,0.00000000,0.00000000,0.00156343,0.00000000,0.00000000,0.00000000,0.00000000,0.00000000,0.00199005,0.00000000,0.07886434,0.00000000,0.00545491,0.00000000,0.00000000,0.00000000,0.00000000,0.00272558,0.09427780,0.00000000,0.00000000,0.00000000,0.00664019,0.00000000,0.00000000,0.00000000,0.00000000,0.00000000,0.00000000,0.00404715,0.00000000,0.00000000,0.00548108,0.00000000,0.00000000,0.00000000,0.00000000,0.00000000,0.00000000,0.00000000,0.00000000,0.00000000,0.02136929,0.00000000,0.00000000,0.00000000,0.00000000,0.00000000,0.03927835,0.00000000,0.00000000,0.00000000,0.00000000,0.00903087,0.00000000,0.00678571,0.00000000,0.00000000,0.00000000,0.00399499,0.00000000,0.00000000,0.00000000,0.00000000,0.01681429,0.00000000,0.01145047,0.00000000,0.00000000,0.00000000,0.00000000,0.00000000,0.00000000,0.00000000,0.00000000,0.00000000,0.00000000,0.00000000,0.00000000,0.00000000,0.00000000,0.00000000,0.00000000,0.00000000,0.00000000,0.00000000,0.00000000,0.00000000,0.00000000,0.09585085,0.00000000,0.00000000,0.00644122,0.00000000,0.00000000,0.00000000,0.00000000,0.00000000,0.00000000,0.00481667,0.00000000,0.00000000,0.00000000,0.00790786,0.00767391,0.00000000,0.00931264,0.00000000,0.00000000,0.00000000,0.00000000,0.00000000,0.00000000,0.00000000,0.00000000,0.00000000,0.00000000,0.00000000,0.00976536,0.00000000,0.00000000,0.00000000,0.00000000,0.00000000,0.00000000,0.00000000,0.00000000,0.00000000,0.00000000,0.00000000,0.00000000,0.00000000,0.00000000,0.00000000,0.00000000,0.00000000,0.00000000,0.00000000,0.00000000,0.00000000,0.00000000,0.00000000,0.00112892,0.00000000,0.00000000,0.00000000,0.00000000,0.00000000,0.00000000,0.02766834,0.00000000,0.00000000,0.00000000,0.00000000,0.00000000,0.00000000,0.00000000,0.00000000,0.00685541,0.00000000,0.00000000,0.00000000,0.00000000,0.05944684,0.00000000,0.00000000,0.00000000,0.00000000,0.00000000,0.00000000,0.00630958,0.00000000,0.00000000,0.00000000,0.00000000,0.00000000,0.75078058,0.00000000,0.00000000,0.00000000,0.00000000,0.00000000,0.00000000,0.00000000,0.00376146,0.00000000,0.00000000,0.00000000,0.00000000,0.00000000,0.00000000,0.00000000,0.00000000,0.00000000,0.00000000,0.00000000,0.00459622,0.00000000,0.00000000,0.00000000,0.00000000,0.00000000,0.00000000,0.00000000,0.00000000,0.00000000,0.00000000,0.00000000,0.00000000,0.00000000,0.00000000,0.00103005,0.00000000,0.00000000,0.09462228,0.00000000,0.00000000,0.00746575,0.00000000,0.00000000,0.00000000,0.00000000,0.00000000,0.00000000,0.00000000,0.00000000,0.00000000,0.00000000,0.00000000,0.16411101,0.00000000,0.00000000,0.00000000,0.00000000,0.00000000,0.00000000,0.07813478,0.00000000,0.86869283,0.00000000,0.00000000,0.00000000,0.01450527,0.00318898,0.21455134,0.00000000,0.00000000,0.00404640,0.00000000,0.00000000,0.00000000,0.00000000,0.00000000,0.00000000,0.00000000,0.00000000,0.00000000,0.00000000,0.00000000,0.00000000,0.00000000,0.00000000,0.01214039,0.00000000,0.00000000,0.00000000,0.00000000,0.00000000,0.01033963,0.00000000,0.00000000,0.05303465,0.00000000,0.00000000,0.00000000,0.00000000,0.00000000,0.03381899,0.00000000,0.00000000,0.00293313,0.00000000,0.00000000,0.00000000,0.00000000,0.00000000,0.00227076,0.00175153,0.00000000,0.00000000,0.00000000,0.00000000,0.00000000,0.00000000,0.00000000,0.00000000,0.00000000,0.27113111,0.00000000,0.00000000,0.00000000,0.00000000,0.00000000,0.00000000,0.00000000,0.00000000,0.00000000,0.00000000,0.00671502,0.00000000,0.00000000,0.00000000,0.00000000,0.00000000,0.11647486,0.00000000,0.00000000,0.00000000,0.00416714,0.00000000,0.00000000,0.00000000,0.00000000,0.00000000,0.00000000,0.00000000,0.00000000,0.00000000,0.00000000,0.00000000,0.00000000,0.00036455,0.00000000,0.00000000,0.00000000,0.00000000,0.00000000,0.01810394,0.00000000,0.01020771,0.00000000,0.00538904,0.00000000,0.00000000,0.00000000,0.00000000,0.00000000,0.00000000,0.00351332,0.00000000,0.01055247,0.00000000,0.00000000,0.00000000,0.00000000,0.00000000,0.00000000,0.02948846,0.00096048,0.00000000,0.00000000,0.00000000,0.00000000,0.00000000,0.00000000,0.00000000,0.00000000,0.00000000,0.00000000,0.00000000,0.00000000,0.00000000,0.00000000,0.00000000,0.00000000,0.00000000,0.00000000,0.00000000,0.00000000,0.00000000,0.00000000,0.00000000,0.00000000,0.00000000,0.00000000,0.00000000,0.00000000,0.00000000,0.03524999,0.00000000,0.00000000,0.00000000,0.00000000,0.00000000,0.00000000,0.00000000,0.00000000,0.00000000,0.00987382,0.00000000,0.01566613,0.00000000,0.00000000,0.00000000,0.00000000,0.00628858,0.00000000,0.00000000,0.00000000,0.00000000,0.00000000,0.00000000,0.00152194,0.00000000,0.00000000,0.00000000,0.01623212,0.00000000,0.00000000,0.00000000,0.00097415,0.00000000,0.00000000,0.00000000,0.00000000,0.00000000,0.00000000,0.00000000,0.00000000,0.00000000,0.00000000,0.00000000,0.00000000,0.00000000,0.00000000,0.00000000,0.00000000,0.00000000,0.00000000,0.00000000,0.00000000,0.00000000,0.00000000,0.00000000,0.00000000,0.00000000,0.01083031,0.00000000,0.00000000,0.00000000,0.00000000,0.00000000,0.00000000,0.00000000,0.00000000,0.00000000,0.00000000,0.00000000,0.00161764,0.00000000,0.00000000,0.00000000,0.00000000,0.00000000,0.00000000,0.00000000,0.00399690,0.00000000,0.01432035,0.00000000,0.00000000,0.00000000,0.00000000,0.00000000,0.00000000,0.00000000,0.00000000,0.00000000,0.00000000,0.00000000,0.00175135,0.00000000,0.00000000,0.00000000,0.06183579,0.00000000,0.00000000,0.00000000,0.00000000,0.00000000,0.00000000,0.02150056,0.00000000,0.00000000,0.00000000,0.00000000,0.00000000,0.00000000,0.00000000,0.00000000,0.00000000,0.00000000,0.00000000,0.00000000,0.00000000,0.00000000,0.00000000,0.00000000,0.00000000,0.00000000,0.00000000,0.00000000,0.00000000,0.00000000,0.00000000,0.00000000,0.00000000,0.00000000,0.00000000,0.00000000,0.00000000,0.00615217,0.00000000,0.00000000,0.00000000,0.00473034,0.00000000,0.00000000,0.00000000,0.00000000,0.00000000,0.00000000,0.00000000,0.00000000,0.00000000,0.00168116,0.00000000,0.00000000,0.00000000,0.00000000,0.00000000,0.00000000,0.00000000,0.00000000,0.00000000,0.00000000,0.00000000,0.01433943,0.00000000,0.00000000,0.02379825,0.00000000,0.00000000,0.00000000,0.00000000,0.00000000,0.00000000,0.00431664,0.00000000,0.00000000,0.00000000,0.00000000,0.00000000,0.00000000,0.00000000,0.00415518,0.00000000,0.00000000,0.00000000,0.00000000,0.00000000,0.00000000,0.00346866,0.00000000,0.00000000,0.00000000,0.00000000,0.00000000,0.00000000,0.00000000,0.00306533,0.00000000,0.00000000,0.00000000,0.00000000,0.00000000,0.00000000,0.00000000,0.00000000,0.00000000
0.00000000,0.00000000,0.00000000,0.00000000,0.00000000,0.13966569,0.00000000,0.00000000,0.00000000,0.00000000,0.00000000,0.01783332,0.00000000,0.00000000,0.00000000,0.00000000,0.00000000,0.00000000,0.00000000,0.00000000,0.00000000,0.09973058,0.00000000,0.00000000,0.00000000,0.00000000,0.00000000,0.01469245,0.00000000,0.00000000,0.00000000,0.00000000,0.00000000,0.06124743,0.00000000,0.00000000,0.00000000,0.00415251,0.00000000,0.00413038,0.00000000,0.00000000,0.00000000,0.00000000,0.00000000,0.00000000,0.00000000,0.00000000,0.00000000,0.00214072,0.00000000,0.03323400,0.00000000,0.00000000,0.00297794,0.00000000,0.02859307,0.00000000,0.00000000,0.00000000,0.00000000,0.00000000,0.00000000,0.00000000,0.00000000,0.00000000,0.00000000,0.00000000,0.00000000,0.00000000,0.00000000,0.00000000,0.00000000,0.00000000,0.00000000,0.00000000,0.00000000,0.00000000,0.00000000,0.00000000,0.00000000,0.01806613,0.00118292,0.01086749,0.00000000,0.00000000,0.00000000,0.00000000,0.00621739,0.00000000,0.00000000,0.00000000,0.00000000,0.00000000,0.00172956,0.00000000,0.00000000,0.00000000,0.03914229,0.00000000,0.00000000,0.00000000,0.00000000,0.00000000,0.00000000,0.00000000,0.00473906,0.00191710,0.00000000,0.00000000,0.00256797,0.00000000,0.00000000,0.00000000,0.00000000,0.00000000,0.00000000,0.00000000,0.00000000,0.00000000,0.00000000,0.00000000,0.00000000,0.00000000,0.00000000,0.00401328,0.00465173,0.00000000,0.00000000,0.00000000,0.00000000,0.00000000,0.00000000,0.00000000,0.00000000,0.00000000,0.00000000,0.00000000,0.00000000,0.00000000,0.00000000,0.00000000,0.00000000,0.00000000,0.00000000,0.00593016,0.00000000,0.00000000,0.00000000,0.00000000,0.00000000,0.25771727,0.00000000,0.00000000,0.00000000,0.00000000,0.00000000,0.00000000,0.00626992,0.00000000,0.00000000,0.00000000,0.00000000,0.00000000,0.00000000,0.00000000,0.00000000,0.00000000,0.00000000,0.00000000,0.00000000,0.00000000,0.00000000,0.00000000,0.00000000,0.00000000,0.00000000,0.00000000,0.00000000,0.00000000,0.00000000,0.00000000,0.00000000,0.00000000,0.00000000,0.00000000,0.07589557,0.00000000,0.01794094,0.00000000,0.00000000,0.00000000,0.00000000,0.00000000,0.05634626,0.00000000,0.00000000,0.00000000,0.00000000,0.00000000,0.00000000,0.00000000,0.00000000,0.00000000,0.00000000,0.00000000,0.00000000,0.00000000,0.00000000,0.00430036,0.00509881,0.00000000,0.00000000,0.00215198,0.00000000,0.00000000,0.04896844,0.00000000,0.00000000,0.00000000,0.00000000,0.00000000,0.00000000,0.00000000,0.00000000,0.00000000,0.00262659,0.00000000,0.00000000,0.00000000,0.00000000,0.00000000,0.00000000,0.00000000,0.00000000,0.00000000,0.00000000,0.00000000,0.00000000,0.00271428,0.00000000,0.00000000,0.00000000,0.00000000,0.00000000,0.00748614,0.00000000,0.00000000,0.00000000,0.00000000,0.00000000,0.01930929,0.00000000,0.00000000,0.00000000,0.01898655,0.00000000,0.00000000,0.00000000,0.00000000,0.00000000,0.00112682,0.00000000,0.00000000,0.00000000,0.00000000,0.02714321,0.00000000,0.00469076,0.00000000,0.00000000,0.00000000,0.00000000,0.00000000,0.00000000,0.00000000,0.00000000,0.00000000,0.00000000,0.00000000,0.00000000,0.00000000,0.00000000,0.08404178,0.00000000,0.00000000,0.00000000,0.00451044,0.00000000,0.00693663,0.00000000,0.00000000,0.00398405,0.00000000,0.00000000,0.00000000,0.00000000,0.00000000,0.00000000,0.00000000,0.00000000,0.00000000,0.00000000,0.00000000,0.00895292,0.00000000,0.41715713,0.00468050,0.00000000,0.00000000,0.00387240,0.00000000,0.00000000,0.00000000,0.00000000,0.00000000,0.00000000,0.00000000,0.00000000,0.00000000,0.00813284,0.00000000,0.00000000,0.00000000,0.00000000,0.00000000,0.00000000,0.00000000,0.00000000,0.00299897,0.00000000,0.00000000,0.00000000,0.04637155,0.02102527,0.00000000,0.00000000,0.00000000,0.09949707,0.00000000,0.00000000,0.00000000,0.00000000,0.00000000,0.00000000,0.00000000,0.00000000,0.00000000,0.00000000,0.00000000,0.00000000,0.00000000,0.00000000,0.00000000,0.00000000,0.00000000,0.00000000,0.00000000,0.00000000,0.00000000,0.00000000,0.00886908,0.00000000,0.00000000,0.04348786,0.00000000,0.00000000,0.00000000,0.00000000,0.00000000,0.00000000,0.00000000,0.00000000,0.00000000,0.00442028,0.00000000,0.00000000,0.00000000,0.00059094,0.00000000,0.00000000,0.00000000,0.00000000,0.00000000,0.00000000,0.00000000,0.00000000,0.00000000,0.00000000,0.00000000,0.00000000,0.00000000,0.00000000,0.00000000,0.00000000,0.00000000,0.00000000,0.00000000,0.00000000,0.00000000,0.02024193,0.00000000,0.00000000,0.00000000,0.00000000,0.00777730,0.00000000,0.00000000,0.00000000,0.00000000,0.00000000,0.00000000,0.00000000,0.00000000,0.00000000,0.00000000,0.00000000,0.00000000,0.00000000,0.00000000,0.00000000,0.01707543,0.00000000,0.00419423,0.00000000,0.00000000,0.15839987,0.00000000,0.00000000,0.00000000,0.00000000,0.00000000,0.00272321,0.00000000,0.00000000,0.00000000,0.00000000,0.00000000,0.00318083,0.00000000,0.00000000,0.00000000,0.00000000,0.00000000,0.00000000,0.00693661,0.00000000,0.00000000,0.00000000,0.00000000,0.00000000,0.00000000,0.00000000,0.00000000,0.00000000,0.00000000,0.00000000,0.00000000,0.00000000,0.00000000,0.00000000,0.00000000,0.00000000,0.00000000,0.00000000,0.00000000,0.00086225,0.03747559,0.00000000,0.00000000,0.00000000,0.00000000,0.00000000,0.00000000,0.00000000,0.00155046,0.00000000,0.01535900,0.00000000,0.00000000,0.00079519,0.00560472,0.00000000,0.00000000,0.00000000,0.00160543,0.00000000,0.00000000,0.00915272,0.00000000,0.00000000,0.00000000,0.00000000,0.00000000,0.00000000,0.00000000,0.00730747,0.00000000,0.00000000,0.00000000,0.00000000,0.00000000,0.00000000,0.00000000,0.00000000,0.00000000,0.00000000,0.01103180,0.00000000,0.00000000,0.00000000,0.00000000,0.00000000,0.00000000,0.00000000,0.00000000,0.00000000,0.00000000,0.06848034,0.00000000,0.00000000,0.00000000,0.16036079,0.00000000,0.00000000,0.00334013,0.00000000,0.00000000,0.00000000,0.00000000,0.00000000,0.00622859,0.00000000,0.00000000,0.00000000,0.00000000,0.00000000,0.00000000,0.00000000,0.00000000,0.00000000,0.00000000,0.00000000,0.00227992,0.00000000,0.00000000,0.00000000,0.00000000,0.00000000,0.00000000,0.00000000,0.00000000,0.00000000,0.00000000,0.00000000,0.01339139,0.00000000,0.00000000,0.00000000,0.00000000,0.00000000,0.00000000,0.00000000,0.00628698,0.00000000,0.00000000,0.00000000,0.00000000,0.00000000,0.00000000,0.00000000,0.00000000,0.00000000,0.00000000,0.00000000,0.00000000,0.00000000,0.00000000,0.00000000,0.00000000,0.00000000,0.00000000,0.00000000,0.00000000,0.00000000,0.00000000,0.00000000,0.00000000,0.00000000,0.00000000,0.00000000,0.00000000,0.00000000,0.00000000,0.00117740,0.00000000,0.00000000,0.00000000,0.00416230,0.00000000,0.00000000,0.00000000,0.00000000,0.00000000,0.00000000,0.01969394,0.00000000,0.00000000,0.00000000,0.00000000,0.00000000,0.00000000,0.00000000,0.00000000,0.01957686,0.00000000,0.00221664,0.00000000,0.00000000,0.00000000,0.01542445,0.00000000,0.00000000,0.00000000,0.00000000,0.00000000,0.00000000,0.00000000,0.00000000,0.00000000,0.00000000,0.00000000,0.00000000,0.00000000,0.00000000,0.00000000,0.00000000,0.00000000,0.00000000,0.00000000,0.00000000,0.00000000,0.39094871,0.00000000,0.00000000,0.00000000,0.00000000,0.00000000,0.00000000,0.00000000,0.00000000,0.00000000,0.00000000,0.00000000,0.00000000,0.00000000,0.00065105,0.00000000,0.00000000,0.00000000,0.00000000,0.00000000,0.00000000,0.00000000,0.06534350,0.00000000,0.00000000,0.00000000,0.01496320,0.00000000,0.01204882,0.00000000,0.00772233,0.00000000,0.00000000,0.00000000,0.00948451,0.00000000,0.00000000,0.00000000,0.00000000,0.00000000,0.00000000,0.27197503,0.00000000,0.00000000,0.09037415,0.00161588,0.00000000,0.00000000,0.01614701,0.00000000,0.00000000,0.00000000,0.00000000,0.00000000,0.00691574,0.00000000,0.00000000,0.00000000,0.00000000,0.00000000,1.07564425,0.00000000,0.00000000,0.00000000,0.00000000,0.00823268,0.00619359,0.00000000,0.00000000,0.00000000,0.00000000,0.00000000,0.00000000,0.00000000,0.00000000,0.00000000,0.00000000,0.00352309,0.00000000,0.00000000,0.00000000,0.00000000,0.00000000,0.00000000,0.00000000,0.00000000,0.00000000,0.00000000,0.00000000,0.00000000,0.00000000,0.00000000,0.00000000,0.00000000,0.00000000,0.00000000,0.00000000,0.00000000,0.00000000,0.00972306,0.00000000,0.00000000,0.00000000,0.00000000,0.00069592,0.01844236,0.00000000,0.00000000,0.00000000,0.00000000,0.00000000,0.00000000,0.00000000,0.00000000,0.00000000,0.00000000,0.00000000,0.00000000,0.00000000,0.00000000,0.00000000,0.00000000,0.00000000,0.00000000,0.00000000,0.00000000,0.00000000,0.00000000,0.01653899,0.00000000,0.00000000,1.07525992,0.23453525,0.00000000,0.00000000,0.00000000,0.00000000,0.00121756,1.47561773,0.00000000,0.00000000,0.00000000,0.00000000,0.00000000,0.00000000,0.00000000,0.00000000,0.00000000,0.00000000,0.00469974,0.00000000,0.00000000,0.00000000,0.00285466,0.00000000,0.00000000,0.00000000,0.00000000
0.00000000,0.00000000,0.00000000,0.00000000,0.00000000,0.00000000,0.00000000,0.00000000,0.00000000,0.00000000,0.00000000,0.00000000,0.00000000,0.00000000,0.00000000,0.61636291,0.00000000,0.00000000,0.00000000,0.00548938,0.00000000,0.00000000,0.00000000,0.00000000,0.00000000,0.00000000,0.00000000,0.00000000,0.07380928,0.00000000,0.00000000,0.00000000,0.00000000,0.00000000,0.00000000,0.00000000,0.00000000,0.00000000,0.00000000,0.02332659,0.00000000,0.41680837,0.00000000,0.00000000,0.11993225,0.00000000,0.00000000,0.00000000,0.00000000,0.02991050,0.00000000,0.01229945,0.00249103,0.01294377,0.00000000,0.57968934,0.00000000,0.00000000,0.00000000,0.00980846,0.00000000,0.00000000,0.05972579,0.00000000,0.00000000,0.00000000,0.00000000,0.00000000,0.00000000,0.00000000,0.00000000,0.00000000,0.00000000,0.00188874,0.00000000,0.00000000,0.00000000,0.00000000,0.00000000,0.03542359,0.00000000,0.00000000,0.00000000,0.00000000,0.00000000,0.00000000,0.00000000,0.00000000,0.00000000,0.00000000,0.00000000,0.00000000,0.00000000,0.00000000,0.00000000,0.00000000,0.00000000,0.00000000,0.00000000,0.00577716,0.00000000,0.00000000,0.00000000,0.00000000,0.00000000,0.00000000,0.00000000,0.00000000,0.00836701,0.00000000,0.00000000,0.00000000,0.00000000,0.00292788,0.00000000,0.00000000,0.00000000,0.00000000,0.00142159,0.00000000,0.00000000,0.00000000,0.01563413,0.04476882,0.00000000,0.00000000,0.00000000,0.00000000,0.00832973,0.00322859,0.00000000,0.00000000,0.00151156,0.00000000,0.00000000,0.00000000,0.00000000,0.00620823,0.00000000,0.00000000,0.00000000,0.00000000,0.00000000,0.00000000,0.00000000,0.00000000,0.00973349,0.01192312,0.00000000,0.00000000,0.00000000,0.00000000,0.00000000,0.00000000,0.00000000,0.00612663,0.00000000,0.00000000,0.00000000,0.00000000,0.00000000,0.00000000,0.00000000,0.00000000,0.00000000,0.00000000,0.00000000,0.00000000,0.00000000,0.00000000,3.95056595,0.00085843,0.00000000,0.09068302,0.00000000,0.00000000,0.00000000,0.00000000,0.00000000,0.01601559,0.00000000,0.00000000,0.00000000,0.00000000,0.00106962,0.01673544,0.00000000,0.00000000,0.00000000,0.00000000,0.00258904,0.00000000,0.00000000,0.00000000,0.00000000,0.00000000,0.59501848,0.00000000,0.00000000,0.01151665,0.00000000,0.00000000,0.00000000,0.00000000,0.00469345,0.00000000,0.00000000,0.00000000,0.00000000,0.00000000,0.00000000,0.00000000,0.00000000,0.00000000,0.00000000,0.00000000,0.00000000,0.00000000,0.00000000,0.00000000,0.00000000,0.00000000,0.00212632,0.00000000,0.00000000,0.00000000,0.00000000,0.00338439,0.00000000,0.00000000,0.00000000,0.00000000,0.00000000,0.00000000,0.00000000,0.00000000,0.00000000,0.00000000,0.00000000,0.00000000,0.00000000,0.04977066,0.00000000,0.00410544,0.00000000,0.00000000,0.00000000,0.00000000,0.00000000,0.00000000,0.00000000,0.03251157,0.00000000,0.54961992,0.00000000,0.00000000,0.00000000,0.00000000,0.00000000,0.00000000,0.00000000,0.00959817,0.00000000,0.00000000,0.00000000,0.00000000,0.00000000,0.00000000,0.00000000,0.00000000,0.00000000,0.00000000,0.00000000,0.00000000,0.00000000,0.96316368,0.00000000,0.00000000,0.00000000,0.00000000,0.00000000,0.00000000,0.00000000,0.00000000,0.00448041,0.00000000,0.00000000,0.00000000,0.00000000,0.00772149,0.00000000,0.00000000,0.00398689,0.00000000,0.00000000,0.00000000,0.00000000,0.00000000,0.00000000,0.00000000,0.00422979,0.00000000,0.00000000,0.00000000,0.00000000,0.00000000,0.00000000,0.00877636,0.00000000,0.00000000,0.01093430,0.00000000,0.00000000,0.00000000,0.00000000,0.00000000,0.00000000,0.00000000,0.00420631,0.00000000,0.00000000,0.00000000,0.00000000,0.00000000,0.00000000,0.00000000,0.00000000,0.00000000,0.00000000,0.00000000,0.00000000,0.00000000,0.00000000,0.00727446,0.00000000,0.00000000,0.00000000,0.00085005,0.00000000,0.00000000,0.00302018,0.00000000,0.00695780,0.00000000,0.00000000,0.00000000,0.00000000,0.00000000,0.00000000,0.00000000,0.00000000,0.00000000,0.00000000,0.00000000,0.00000000,0.05996126,0.00000000,0.00000000,0.00000000,0.00000000,0.00000000,0.00000000,0.00000000,0.00000000,0.00000000,0.00000000,0.00000000,0.00000000,0.00000000,0.00000000,0.00000000,0.00000000,0.00000000,0.00000000,0.00755990,0.00000000,0.00000000,0.00000000,0.00000000,0.00000000,0.00000000,0.00000000,0.00000000,0.00000000,0.00000000,0.00000000,0.00000000,0.00000000,0.00400649,0.00000000,0.00000000,0.00000000,0.00000000,0.00000000,0.00000000,0.00000000,0.00000000,0.00000000,0.00000000,0.00000000,0.00000000,0.00323393,0.04368434,0.00000000,0.00000000,0.00000000,0.00000000,0.00000000,0.00000000,0.00000000,0.00000000,0.00000000,0.55676099,0.00000000,0.00000000,0.00107279,0.00000000,0.00000000,0.00000000,0.00000000,0.00000000,0.00000000,0.00000000,0.00000000,0.00000000,0.00000000,0.00000000,0.00000000,0.00000000,0.00000000,0.00000000,0.00000000,0.00000000,0.00000000,0.00560845,0.00000000,0.00319773,0.00076890,0.00000000,0.07411024,0.00000000,0.00000000,0.00000000,0.00000000,0.00000000,0.00000000,0.00000000,0.00000000,0.00000000,0.00000000,0.00000000,0.00000000,0.12177134,0.00000000,0.00338735,0.00101212,0.00000000,0.00000000,0.00187978,0.00000000,0.00000000,0.00000000,0.00000000,0.00000000,0.00000000,0.00000000,0.00000000,0.00000000,0.00000000,0.00000000,0.00000000,0.00000000,0.00000000,0.00000000,0.00000000,0.07934461,0.00000000,0.00000000,0.00000000,0.00000000,0.00000000,0.01972235,0.00000000,0.00000000,0.00000000,0.00000000,0.00000000,0.00000000,0.00000000,0.00000000,0.00570479,0.00000000,0.00000000,0.00000000,0.00000000,0.00000000,0.00000000,0.00280282,0.00000000,0.00000000,0.00000000,0.00000000,0.00000000,0.00000000,0.00000000,0.00000000,0.00000000,0.00000000,0.00000000,0.00000000,0.02592334,0.00000000,0.00000000,0.00000000,0.00308071,0.00000000,0.13632775,0.00000000,0.06086991,0.00000000,0.00000000,0.00000000,0.00000000,0.00000000,0.00000000,0.00000000,0.00000000,0.00000000,0.00000000,0.01735751,0.00000000,0.01951886,0.00000000,0.00000000,0.00000000,0.00000000,0.00000000,0.00000000,0.04122698,0.00000000,0.00000000,0.00000000,0.00000000,0.00000000,0.00000000,0.00000000,0.00000000,0.00000000,0.05256870,0.00000000,0.00000000,0.00000000,0.00000000,0.00742466,0.00000000,0.00000000,0.00000000,0.00000000,0.00000000,0.00000000,0.00000000,0.00000000,0.00000000,0.00000000,0.00000000,0.00000000,0.00000000,0.49575352,0.00000000,0.00000000,0.03637744,0.00000000,0.00000000,0.00000000,0.12427503,0.00000000,0.00000000,0.00000000,0.00000000,0.00000000,0.00000000,0.00000000,0.00000000,0.00000000,0.00000000,0.00000000,0.00000000,0.00000000,0.00000000,0.00000000,0.00000000,0.00000000,0.00000000,0.00000000,0.01846328,0.00000000,0.00000000,0.00000000,0.00000000,0.01047038,0.00000000,0.00000000,0.00000000,0.00000000,0.00000000,0.00000000,0.00000000,0.00000000,0.00000000,0.00000000,0.00000000,0.00000000,0.02572789,0.00000000,0.00000000,0.00138703,0.00000000,0.00000000,0.00000000,0.00000000,0.00000000,0.00000000,0.00000000,0.00000000,0.00000000,0.00000000,0.00000000,0.01913569,0.00000000,0.00000000,0.00000000,0.00350805,0.00000000,0.01610280,0.12426940,0.00000000,0.00000000,0.37480275,0.00000000,0.00000000,0.01067481,0.00000000,0.00000000,0.00000000,0.00000000,0.00000000,0.00000000,0.00000000,0.09705727,0.00000000,0.00000000,0.00000000,0.00000000,0.00000000,0.25755412,0.00000000,0.00000000,0.00000000,0.00000000,0.00159516,0.00000000,0.00000000,0.00000000,0.00000000,0.00000000,0.00000000,0.00000000,0.00000000,0.00592286,0.00000000,0.00000000,0.00000000,0.00000000,0.00000000,0.00000000,0.00000000,0.00000000,0.00000000,0.00000000,0.00000000,0.00000000,0.00000000,0.00000000,0.00000000,0.00000000,0.00000000,0.00000000,0.00000000,0.00000000,0.00000000,0.00000000,0.00854288,0.00000000,0.00000000,0.00000000,0.00000000,0.00000000,0.00000000,0.00000000,0.00000000,0.03916218,0.00584588,0.00000000,0.00000000,0.00000000,0.00000000,0.00000000,0.00000000,0.00000000,0.00000000,0.00000000,0.00323761,0.00000000,0.00000000,0.00000000,0.00000000,0.00000000,0.00000000,0.00000000,0.00000000,0.00000000,0.00000000,0.00000000,0.00000000,0.00000000,0.00000000,0.00000000,0.00000000,0.00000000,0.00000000,0.00000000,0.00000000,0.00000000,0.00914715,0.00000000,0.00000000,0.00000000,0.00000000,0.00000000,0.00000000,0.00000000,0.00000000,0.00000000,0.00000000,0.00000000,0.00000000,0.00000000,0.00000000,0.00870149,0.00000000,0.00000000,0.00793674,0.00000000,0.00000000,0.00000000,0.00000000,0.00000000,0.01262870,0.00000000,0.00000000,0.00000000,0.00000000,0.00000000,0.00000000,0.00000000,0.00000000,0.00000000,0.00000000,0.00000000,0.00000000,0.00000000,0.00000000,0.00000000,0.00000000,0.00000000,0.00000000,0.00336328,0.00000000,0.00000000,0.00649422,0.00480122,0.00000000,0.00000000,0.00000000,0.00000000,0.00000000,0.00000000,0.00000000,0.00000000,0.00000000,0.00000000,0.00177429,0.00000000,0.00000000,0.00000000,0.00000000,0.00000000,0.00000000,0.00000000,0.00000000
0.00000000,0.00000000,0.00000000,0.13966569,0.00000000,0.00000000,0.00000000,0.00000000,0.00000000,0.00000000,0.00000000,0.00000000,0.00000000,0.00000000,0.00000000,0.00000000,0.00000000,0.00457790,0.00000000,0.00000000,0.00000000,0.00000000,0.00000000,0.00000000,0.00000000,0.00000000,0.00000000,0.00000000,0.00000000,0.00000000,0.00000000,0.00000000,0.00000000,0.00000000,0.00000000,0.00000000,0.00566754,0.00000000,0.01685761,0.00000000,0.00727508,0.00000000,0.00000000,0.00000000,0.00000000,0.12634752,0.00000000,0.00000000,0.00000000,0.00000000,0.01129605,0.00000000,0.00000000,0.00000000,0.00000000,0.00200613,0.00000000,0.00000000,0.00000000,0.00000000,0.00000000,0.00000000,0.00000000,0.00000000,0.00000000,0.00000000,0.00000000,0.00000000,0.00000000,0.00000000,0.00000000,0.00000000,0.00000000,0.00000000,0.00000000,0.00000000,0.00000000,0.00000000,0.00000000,0.00000000,0.00000000,0.00000000,0.00000000,0.00000000,0.00000000,0.00000000,0.00000000,0.00000000,0.00000000,0.00000000,0.00000000,0.00000000,0.00000000,0.00000000,0.00000000,0.00000000,0.00000000,0.00000000,0.00000000,0.00000000,0.00000000,0.00000000,0.00000000,0.00000000,0.00000000,0.00000000,0.00000000,0.00000000,0.00000000,0.00000000,0.00000000,0.00000000,0.00000000,0.00000000,0.00000000,0.00000000,0.00000000,0.00000000,1.32458381,0.00000000,0.00000000,0.00000000,0.00190472,0.00000000,0.00362546,0.00000000,0.01290081,0.00497366,0.00104566,0.00000000,0.00000000,0.00000000,0.00000000,0.00000000,0.00000000,0.00000000,0.00000000,0.00000000,0.00000000,0.00000000,0.00000000,0.00000000,0.00269762,0.00000000,0.15420472,0.00000000,0.00000000,0.00000000,0.00000000,0.00000000,0.00000000,0.10162882,0.00000000,6.41694828,0.00000000,0.00000000,0.00419262,0.00693622,0.00000000,0.00000000,0.00000000,0.00000000,0.00000000,0.00000000,0.00000000,0.03694826,0.00000000,0.00000000,0.00000000,0.00000000,0.00000000,0.00000000,0.00000000,0.00000000,0.00000000,0.00000000,0.01494313,0.00000000,0.00000000,0.00000000,0.00000000,0.00225637,0.00000000,0.00000000,0.00000000,0.00000000,0.00000000,0.00000000,0.00000000,0.00000000,0.00000000,0.00000000,0.00000000,0.00000000,0.00000000,0.00000000,0.00000000,0.00000000,0.00000000,0.00000000,0.00000000,0.00000000,0.00000000,0.00000000,0.00000000,0.00000000,0.00000000,0.00129936,0.00000000,0.00000000,0.00000000,1.29218071,0.00000000,0.00539761,0.00000000,0.00000000,0.00000000,0.00000000,0.00000000,0.00000000,0.00000000,0.00000000,0.00000000,0.03789451,0.00000000,0.00000000,0.00000000,0.00000000,0.00000000,0.00000000,0.00000000,0.00000000,0.00000000,0.01112172,0.11720211,0.00000000,0.00000000,0.00000000,0.00000000,0.00000000,0.00000000,0.01374971,0.00000000,0.00000000,0.00000000,0.00000000,0.00000000,0.00000000,0.00000000,0.00771724,0.00000000,0.00339112,0.00519926,0.00000000,0.00000000,0.00000000,0.00000000,0.00000000,0.10198403,0.00000000,0.00000000,0.00510890,0.00000000,0.00000000,0.00000000,0.00000000,0.00000000,0.00000000,0.00000000,0.00327634,0.00000000,0.00000000,0.00288246,0.00000000,0.00000000,0.00000000,0.00000000,0.00000000,0.00000000,0.00000000,0.00000000,0.00000000,0.00000000,0.00239068,0.00000000,0.00000000,0.00000000,0.00000000,0.00000000,0.00000000,0.00000000,0.00000000,0.00000000,0.00000000,0.00000000,0.00000000,0.00000000,0.00709240,0.00000000,0.00000000,0.00000000,0.00000000,0.00000000,0.00000000,0.00577207,0.00000000,0.00000000,0.00000000,0.00689332,0.00000000,0.00000000,0.00000000,0.00000000,0.00000000,0.00000000,0.00000000,0.00000000,0.00000000,0.00000000,0.00000000,0.00000000,0.00000000,0.09408534,0.00399661,0.00000000,0.03259835,0.00000000,0.00000000,0.00000000,0.02732238,0.00000000,0.07639012,0.00000000,0.00000000,0.00000000,0.00000000,0.00000000,0.00000000,0.00000000,0.00000000,0.00000000,0.00000000,0.00000000,0.00000000,0.00000000,0.00071774,0.00000000,0.00000000,0.01172505,0.00000000,0.00000000,0.00000000,0.00000000,0.00000000,0.00000000,0.00000000,0.00000000,0.00000000,0.00000000,0.02935590,0.00000000,0.00000000,0.00000000,0.00000000,0.00000000,0.00000000,0.00000000,0.00000000,0.11746004,0.01020724,0.00344663,0.00000000,0.00000000,0.00000000,0.15013076,0.00000000,0.00000000,0.00175370,0.07057979,0.00000000,0.00000000,0.00000000,0.00000000,0.00000000,0.00000000,0.00000000,0.00270786,0.00000000,0.01071052,0.00000000,0.00000000,0.00000000,0.00000000,0.00000000,0.00000000,0.00000000,0.00000000,0.00000000,0.69989415,0.00000000,0.00216722,0.00000000,0.00000000,0.00000000,0.00000000,0.00732878,0.00000000,0.00000000,0.00000000,0.00000000,0.00000000,0.00000000,0.00000000,0.00000000,0.00000000,0.00000000,0.00000000,0.00000000,0.91666668,0.00000000,0.00000000,0.00000000,0.00000000,0.00000000,0.00000000,0.01691525,0.00000000,0.00000000,0.00000000,0.00000000,0.00000000,0.00000000,0.01657397,0.00000000,0.00000000,0.00000000,0.00000000,0.00000000,0.00000000,0.00261087,0.00000000,0.00000000,0.00000000,0.00000000,0.00000000,0.00000000,0.00000000,0.00000000,0.00000000,0.00000000,0.00000000,0.00202636,0.00000000,0.00000000,0.00000000,0.00531170,0.00000000,0.00000000,0.00000000,0.00095297,0.00000000,0.00000000,0.00474474,0.00000000,0.00000000,0.00000000,0.00000000,0.00000000,0.00000000,0.00000000,0.00000000,0.00000000,0.03239579,0.00000000,0.00000000,0.00000000,0.00000000,0.00000000,0.00000000,0.01867796,0.00000000,0.00000000,0.00000000,0.00000000,0.01949265,0.00000000,0.00000000,0.00000000,0.00000000,0.00000000,0.00000000,0.00000000,0.00000000,0.00000000,0.00000000,0.00000000,0.00000000,0.00000000,0.00000000,0.00000000,0.00000000,0.00000000,0.00087423,0.00000000,0.00065014,0.00000000,0.00000000,0.00000000,0.00000000,0.00000000,0.00000000,0.00000000,0.00000000,0.00000000,0.00000000,0.00000000,0.00000000,0.00072665,0.00000000,0.00000000,0.00656293,0.01094522,0.00000000,0.00000000,0.00000000,0.00000000,0.00000000,0.00806473,0.00000000,0.00000000,0.00000000,0.00000000,0.00000000,0.00000000,0.00000000,0.00000000,0.00000000,0.00000000,0.00000000,0.07969900,0.00000000,0.00000000,0.00000000,0.00000000,0.00000000,0.00000000,0.00000000,0.00000000,0.00000000,0.19382341,0.27936637,0.00000000,0.00000000,0.00000000,0.00000000,0.00000000,0.00000000,0.00000000,0.00000000,0.00000000,0.00000000,0.00000000,0.00000000,0.00000000,0.00000000,0.00000000,0.00000000,0.00711191,0.00000000,0.00000000,0.00000000,0.00000000,0.00000000,0.00000000,0.00000000,0.00000000,0.00000000,0.00000000,0.00000000,0.00000000,0.00000000,0.00000000,0.00000000,0.00300211,0.05313764,0.00000000,0.00000000,0.00000000,0.00000000,0.00000000,0.00000000,0.00000000,0.04612164,0.00000000,0.00000000,0.00000000,0.00000000,0.00000000,0.00000000,0.00000000,0.00258031,0.00000000,0.00000000,0.00000000,0.00000000,0.00386561,0.00000000,0.00000000,0.00000000,0.00000000,0.02292654,0.00000000,0.00000000,0.00990816,0.00000000,0.00000000,0.01821246,0.00000000,0.00000000,0.00000000,0.00212665,0.00000000,0.00000000,0.00000000,0.00000000,0.00000000,0.00000000,0.00591244,0.00000000,0.00000000,0.00000000,0.00000000,0.00000000,0.00000000,0.00000000,0.00000000,0.00000000,0.00000000,0.00000000,0.00000000,0.02785222,0.00000000,2.22688779,0.00000000,0.00000000,0.00000000,0.00000000,0.00000000,0.00000000,0.00000000,0.00000000,0.00000000,0.00000000,0.00000000,0.00000000,0.00000000,0.00000000,0.01681130,0.00000000,0.00000000,0.00000000,0.00000000,0.00000000,0.00000000,0.00000000,0.00000000,0.14569652,0.00000000,0.00000000,0.07760934,0.00963241,0.00000000,0.00000000,0.00000000,0.00000000,0.00212214,0.00000000,0.00000000,0.00000000,0.00000000,0.00000000,0.00000000,0.00000000,0.00000000,0.00000000,0.00000000,0.00000000,0.00000000,0.00000000,0.00977541,0.00000000,0.00000000,0.00000000,0.00000000,0.00000000,0.00000000,0.00000000,0.00000000,0.00000000,0.00000000,0.00000000,0.00000000,0.00000000,0.00586796,0.00000000,0.00000000,0.00000000,0.00000000,0.00543581,0.00000000,0.00000000,0.00000000,0.00000000,0.00000000,0.00000000,0.00000000,0.00000000,0.00000000,1.46383839,0.00000000,0.00000000,0.00000000,0.00000000,0.00000000,0.00380196,0.00000000,0.00000000,0.00000000,0.00000000,0.00103843,0.00000000,0.00000000,0.00000000,0.00000000,0.00000000,0.00000000,0.00000000,0.00000000,0.00123455,0.01360351,0.30905859,0.00000000,0.00000000,0.00000000,0.00231614,0.00000000,0.00000000,0.00000000,0.00000000,0.00000000,0.00000000,0.00000000,0.00000000,0.00000000,0.00000000,0.00000000,0.00000000,0.00000000,0.00000000,0.00000000,0.01432095,0.00000000,0.00000000,0.00000000,0.00000000,0.01098086,0.00315137,0.00000000,0.00000000,0.00000000,0.08064585,0.00000000,0.02407580,0.00000000,0.00000000,0.00000000,0.00000000,0.00000000,0.00000000,0.00000000,0.00000000,0.00000000,0.00000000,0.00000000,0.00541338,0.00000000,0.00000000,0.00000000,0.00000000,0.00000000,0.00000000,0.00000000,0.00000000,0.00000000,0.00000000,0.00000000,0.00000000,0.00000000,0.00000000,0.00000000
0.00000000,0.00000000,0.00000000,0.00000000,0.00000000,0.00000000,0.00000000,0.00000000,0.00000000,0.00000000,0.00000000,0.00000000,0.00000000,0.00000000,0.00156604,0.00000000,0.00000000,0.00266617,0.00000000,0.00000000,0.00000000,0.00000000,0.00000000,0.00000000,0.00094258,0.00000000,0.00000000,0.00000000,0.00000000,0.00000000,0.00000000,0.00000000,0.00000000,0.00000000,0.00000000,0.00000000,0.00000000,0.00000000,0.00000000,0.00000000,0.00708323,0.00000000,0.00000000,0.00000000,0.00000000,0.00000000,0.00000000,0.00000000,0.00000000,0.00000000,0.00000000,0.00000000,0.00000000,0.00000000,0.00585570,0.00000000,0.00000000,0.00000000,0.00000000,0.00000000,0.00000000,0.04751496,0.00000000,0.00000000,0.00000000,0.00000000,0.00000000,0.00234725,0.00000000,0.00000000,0.00000000,0.00000000,0.00000000,0.00000000,0.00000000,0.00000000,0.00000000,0.00000000,0.00000000,0.00000000,0.00000000,0.00000000,0.00000000,0.00000000,0.00000000,0.00000000,0.00000000,0.00279626,0.00000000,0.00000000,0.00908129,0.00000000,0.00000000,0.00000000,0.00000000,0.00000000,0.00000000,0.00000000,0.00000000,0.00000000,0.00000000,0.00000000,0.00000000,0.00000000,0.00000000,0.00000000,0.00000000,0.00000000,0.00000000,0.00000000,0.00000000,0.00000000,0.00000000,0.00000000,0.00000000,0.00000000,0.02231673,0.00000000,0.00000000,0.00000000,0.00000000,0.01768567,0.00000000,0.00000000,0.00000000,0.00888443,0.00000000,0.00000000,0.00000000,0.00000000,0.00000000,0.00084302,0.00000000,0.00000000,0.00000000,0.00000000,0.00000000,0.00000000,0.00000000,0.00213228,0.00000000,0.00000000,0.00000000,0.00000000,0.00000000,0.00000000,0.00000000,0.00000000,0.00000000,0.00000000,0.00000000,0.00000000,0.00000000,0.00000000,0.00000000,0.00000000,0.00000000,0.00000000,0.00000000,0.00000000,0.00000000,0.00000000,0.00000000,0.00000000,0.00000000,0.00000000,0.00000000,0.00169293,0.00000000,0.06267681,0.00000000,0.00000000,0.00000000,0.00000000,0.00000000,0.00000000,0.00000000,0.00000000,0.00000000,0.00000000,0.00000000,0.00277460,0.00000000,0.00000000,0.00000000,0.00000000,0.00000000,0.00000000,0.00000000,0.00000000,0.00000000,0.00000000,0.00000000,0.00000000,0.00000000,0.00000000,0.00528690,0.00000000,0.01427068,0.00000000,0.00000000,0.00000000,0.00000000,0.00000000,0.00000000,0.00000000,0.00000000,0.00000000,0.00000000,0.00000000,0.00000000,0.00000000,0.00000000,0.00000000,0.26944398,0.00000000,0.02446688,0.00000000,0.00000000,0.00000000,0.00000000,0.00000000,0.00000000,0.01606586,0.00000000,0.00000000,0.00000000,0.00000000,0.00832015,0.00000000,0.00000000,0.08032806,0.00000000,0.00000000,0.00000000,0.00000000,0.00000000,0.00000000,0.00000000,0.00000000,0.00000000,0.00000000,0.02137074,0.00000000,0.00000000,0.00000000,0.00468100,0.00000000,0.00000000,0.00000000,0.00000000,0.00000000,0.00000000,0.00000000,0.00000000,0.00000000,0.00000000,0.00000000,0.00000000,0.00000000,0.00000000,0.00245620,0.00000000,0.00000000,0.00000000,0.00000000,0.00000000,0.00000000,0.70982560,0.00000000,0.00000000,0.00000000,0.00000000,1.35064709,0.00000000,0.00000000,0.00000000,0.00000000,0.00000000,0.00000000,0.00000000,0.00000000,0.00000000,0.00294836,0.00566538,0.00549808,0.00000000,0.00000000,0.00000000,0.00000000,0.00000000,0.00000000,0.02307281,0.00000000,0.00000000,0.00281281,0.00000000,0.00000000,0.00000000,0.00000000,0.00000000,0.00000000,0.00000000,0.00000000,0.07448908,0.00000000,0.00000000,0.00000000,0.00000000,0.00000000,0.01617296,0.00000000,0.00000000,0.00000000,0.00000000,0.00000000,0.00000000,0.01071678,0.00000000,0.00000000,0.00000000,0.00712956,0.02398326,0.00000000,0.00000000,0.00000000,0.00000000,0.01167294,0.00000000,0.00000000,0.00000000,0.00000000,0.00000000,0.02932606,0.00000000,0.00497518,0.00000000,0.00936823,0.00000000,0.00000000,0.00000000,0.00000000,0.00000000,0.00000000,0.02637607,0.00000000,0.00000000,0.00000000,0.00000000,0.00000000,0.00000000,0.00000000,0.00000000,0.00000000,0.00000000,0.00000000,0.00443336,0.00000000,0.00000000,0.00000000,0.00000000,0.00150829,0.00460653,0.00000000,0.00000000,0.00948654,0.00000000,0.00000000,0.00000000,0.00348527,0.00000000,0.00000000,0.00000000,0.00000000,0.00000000,0.00000000,0.00000000,0.17297226,0.00000000,0.00000000,0.00000000,0.00000000,0.00000000,0.00000000,0.00000000,0.00000000,0.00000000,0.00000000,0.00000000,0.00000000,0.00000000,0.00000000,0.00000000,0.00000000,0.00000000,0.00000000,0.00000000,0.00000000,0.00000000,0.00000000,0.00076051,0.00000000,0.00000000,0.00000000,0.00000000,0.00000000,0.00000000,0.01101266,0.00000000,0.00000000,0.00000000,0.00000000,0.00000000,0.00000000,0.00000000,0.00000000,0.00291459,0.03080412,0.00000000,0.00000000,0.00000000,0.00000000,0.00000000,0.00000000,0.00000000,0.00000000,0.00000000,0.00000000,0.00000000,0.03470974,0.00000000,0.00000000,0.00000000,0.00294848,0.00000000,0.00000000,0.00000000,0.04199201,0.00000000,0.00000000,0.00000000,0.00137450,0.00000000,0.00000000,0.00000000,0.00000000,0.00000000,0.00000000,0.00000000,0.00000000,0.03478665,0.00000000,0.01922366,0.00000000,0.00000000,0.00193942,0.00000000,0.00494257,0.00000000,0.00000000,0.02129776,0.00000000,0.07771611,0.00686612,0.00000000,0.00000000,0.00000000,0.00000000,0.00000000,0.00000000,0.00000000,0.00000000,0.00000000,0.00000000,0.00000000,0.00000000,0.01110348,0.00346145,0.00000000,0.00000000,0.00550477,0.00000000,0.00000000,0.00173480,0.00000000,0.00000000,0.00716329,0.00000000,0.00000000,0.00000000,0.00000000,0.00000000,0.00000000,0.35223509,0.00000000,0.00000000,0.00000000,0.00000000,0.14132705,0.00000000,0.00000000,0.00000000,0.00000000,0.00000000,0.00000000,0.00000000,0.00000000,0.00000000,0.00000000,0.00000000,0.00000000,0.00000000,0.00000000,0.00000000,0.00000000,0.00000000,0.00000000,0.00000000,0.00000000,0.00000000,0.00274027,0.00000000,0.00000000,0.00000000,0.00410310,0.00000000,0.00000000,0.00000000,0.03770674,0.00000000,0.00000000,0.01865386,0.00000000,0.00462252,0.00000000,0.00000000,0.00000000,0.00000000,0.00000000,0.00000000,0.00000000,0.00000000,0.00000000,0.00000000,0.00000000,0.00000000,0.00000000,0.00647159,0.00000000,0.00000000,0.00000000,0.00078229,0.00000000,0.00000000,0.00000000,0.00000000,0.00000000,0.00000000,0.00000000,0.00000000,0.00000000,0.00000000,0.08037002,0.00306898,0.00000000,0.00000000,0.00000000,0.00000000,0.00000000,0.00558903,0.00000000,0.00000000,0.00000000,0.00000000,0.00000000,0.00000000,0.00000000,0.00300595,0.00000000,0.00853980,0.00000000,0.00795341,0.00000000,0.01119961,0.00000000,0.00000000,0.00000000,0.00000000,0.03499479,0.00000000,0.00000000,0.00000000,0.00000000,0.00000000,0.00000000,0.00000000,0.00000000,0.00000000,0.00000000,0.00000000,0.00000000,0.00985304,0.00000000,0.00000000,0.00000000,0.00000000,0.00000000,0.00000000,0.00000000,0.00000000,0.00000000,0.00000000,0.00000000,0.00000000,0.00000000,0.00000000,0.00000000,0.00000000,0.00000000,0.00000000,0.00000000,0.00443453,0.00000000,0.00000000,0.00000000,0.00170637,0.00000000,0.00000000,0.00000000,0.00000000,0.00000000,0.00000000,0.00000000,0.00000000,0.00000000,0.00076635,0.00000000,0.00000000,0.00000000,0.00000000,0.00000000,0.00000000,0.00000000,0.00000000,0.01341686,0.00000000,0.00000000,0.00000000,0.00000000,0.00000000,0.00000000,0.00000000,0.00000000,0.00000000,0.00000000,0.00000000,0.00000000,0.00000000,0.00000000,0.00000000,0.00000000,0.00000000,0.00000000,0.00000000,0.00291673,0.00000000,0.00000000,0.00000000,0.00000000,0.00000000,0.00923932,0.00000000,1.99361772,0.00000000,0.00000000,0.00000000,0.00000000,0.00474251,0.00000000,0.08747614,0.00000000,0.00000000,0.00000000,0.00000000,0.00000000,0.00000000,0.00662057,0.00000000,0.00000000,0.00000000,0.00269473,0.00000000,0.00400085,0.00000000,0.02886453,0.00000000,0.00000000,0.00000000,0.00000000,0.00000000,0.04889986,0.13705905,0.00000000,0.00000000,0.00000000,0.00000000,0.00000000,0.00000000,0.00711707,0.00000000,0.00000000,0.00000000,0.00000000,0.00000000,0.00000000,0.00000000,0.00000000,0.00000000,0.00000000,0.00000000,0.00000000,0.00000000,0.00000000,0.00000000,0.00000000,0.00000000,0.00000000,0.00000000,0.00000000,0.00327378,0.00000000,0.00000000,0.00000000,0.00000000,0.00000000,0.00000000,0.00000000,0.00000000,0.00000000,0.00207422,0.00000000,0.00000000,0.00510251,0.00000000,0.02757689,0.00000000,0.00000000,0.00000000,0.00000000,0.00000000,0.00000000,0.00000000,0.00000000,0.00000000,0.00000000,0.00000000,0.00000000,0.02371605,0.00000000,0.00000000,0.00000000,0.03530560,0.00000000,0.00000000,0.00000000,0.00000000,0.00000000,0.00000000,0.00153304,0.00000000,0.00000000,0.00000000,0.00000000,0.00000000,0.00000000,0.00000000,0.00000000,0.00775243,0.00000000,0.00000000,0.00000000,0.00000000,0.00000000,0.00000000,0.00000000,0.00000000,0.00000000,0.00000000,0.00000000,0.00000000,0.00000000,0.00000000,1.63608288,0.02239203,0.00000000,0.00000000,0.00000000,0.00000000,0.00000000,0.00000000
0.00000000,0.00000000,0.00000000,0.00000000,0.00000000,0.00000000,0.00000000,0.00000000,0.00000000,0.00000000,0.00000000,0.00000000,0.00000000,0.00000000,0.00000000,0.00000000,0.00000000,0.00188637,0.00932261,0.07604974,0.00000000,0.00000000,0.00000000,0.00000000,0.00000000,0.00000000,0.00164269,0.00000000,0.00000000,0.00000000,0.00000000,0.00000000,0.00000000,0.00000000,0.00000000,0.00000000,0.00000000,0.00000000,0.00000000,0.00720866,0.00515837,0.00000000,0.00000000,0.00000000,0.00000000,0.00000000,0.00000000,0.00000000,0.00000000,0.00000000,0.00000000,0.00000000,0.00000000,0.00000000,0.00000000,0.00000000,0.00923295,0.01913355,0.00000000,0.00000000,0.00000000,0.00000000,0.00000000,0.00000000,0.00000000,0.03098280,0.00000000,0.00000000,0.00000000,0.00000000,0.00000000,0.00000000,0.00752002,0.00000000,0.00613409,0.00000000,0.00000000,0.00000000,0.00000000,0.00000000,0.00734018,0.01777814,0.00000000,0.00000000,0.04844084,0.00000000,0.00000000,0.00000000,0.00000000,0.00000000,0.00000000,0.00149807,0.00000000,0.00000000,0.00000000,0.00000000,0.00000000,0.06174258,0.00000000,0.00000000,0.00000000,0.00000000,0.00000000,0.00000000,0.00000000,0.00000000,0.00000000,0.00000000,0.00000000,0.00000000,0.00000000,0.00000000,0.00000000,0.00000000,0.00000000,0.00000000,0.00000000,0.00000000,0.00000000,0.00000000,0.00000000,0.00000000,0.00556028,0.00000000,0.00000000,0.00000000,0.00000000,0.00000000,0.06012752,0.00000000,0.00000000,0.00000000,0.00000000,0.00000000,0.00000000,0.00000000,0.00000000,0.00000000,0.00087245,0.00000000,0.00000000,0.00252837,0.00000000,0.00000000,0.00000000,0.00000000,0.00000000,0.65264769,0.00000000,0.00000000,0.00000000,0.00000000,0.00000000,0.00000000,0.00000000,0.00000000,0.00000000,0.00000000,0.00000000,0.00089668,0.00559006,0.00000000,0.00309467,0.00564396,0.00000000,0.00000000,0.00000000,0.00000000,0.00000000,0.00000000,0.00000000,0.00000000,0.00000000,0.00000000,0.00000000,0.00000000,0.00000000,0.00000000,0.00000000,0.00000000,0.00000000,0.00000000,0.00000000,0.00105609,0.00000000,0.00000000,0.00000000,0.00000000,0.00000000,0.00000000,0.00000000,0.00000000,0.00000000,0.00000000,0.00000000,0.00047882,0.00000000,0.00079267,0.00000000,0.00000000,0.00000000,0.00000000,0.00000000,0.01534257,0.00000000,0.00000000,0.00000000,0.00000000,0.03446492,0.00000000,0.00000000,0.00000000,0.00000000,0.00000000,0.00000000,0.00330238,0.00000000,0.00000000,0.04245144,0.00000000,0.00859505,0.00000000,0.00000000,0.00000000,0.00000000,0.00000000,0.00000000,0.00000000,0.00000000,0.00000000,1.84846262,0.14611386,0.00000000,0.00293718,0.00000000,0.00149811,0.04699830,0.00586821,0.00000000,0.00000000,0.00000000,0.00000000,0.00000000,0.07892044,0.00000000,0.00000000,0.00000000,0.00385930,0.00000000,0.00000000,0.00000000,0.03151763,0.00000000,0.01689813,0.00000000,0.00000000,0.00000000,0.00000000,0.00231301,0.00000000,0.00000000,0.00000000,0.00413674,0.00000000,0.00000000,0.00000000,0.00000000,0.00000000,0.00000000,0.00339002,0.00000000,0.00000000,0.00000000,0.00000000,0.00000000,0.00000000,0.00000000,0.00000000,0.00000000,0.00000000,0.00000000,0.00000000,0.00000000,0.00640030,0.00000000,0.00000000,0.00000000,0.00000000,0.00000000,0.01565879,0.00000000,0.00000000,0.00225460,0.00000000,0.00000000,0.00000000,0.00000000,0.00000000,0.00153070,0.00000000,0.00000000,0.00000000,0.00000000,0.00000000,0.00000000,0.00000000,0.00000000,0.00000000,0.00000000,0.00000000,0.00000000,0.00000000,0.00268454,0.00000000,0.00000000,0.00000000,0.00000000,0.00000000,0.00000000,0.00000000,0.00000000,0.00000000,0.15132614,0.00000000,0.01459275,0.00000000,0.00000000,0.00000000,0.00000000,0.00000000,0.00000000,0.00000000,0.00000000,0.00000000,0.00000000,0.00000000,0.00000000,0.00000000,0.00000000,0.02264484,0.00000000,0.00000000,0.00000000,0.00000000,0.00000000,0.00000000,0.00000000,0.00000000,0.00000000,0.00000000,0.00000000,0.00000000,0.00000000,0.00000000,0.00703317,0.00000000,0.00000000,0.00000000,0.00000000,0.00000000,0.00000000,0.00000000,0.00000000,0.00000000,0.00000000,0.00000000,0.00574649,0.00000000,0.00000000,0.00000000,0.00000000,0.00000000,0.00000000,0.00796702,0.00000000,0.00000000,0.00441039,0.00000000,0.00000000,0.00000000,0.00000000,0.00000000,0.00000000,0.02141055,0.00000000,0.00000000,0.00000000,0.00000000,0.00000000,0.00096407,0.00000000,0.00000000,0.00000000,0.00000000,0.06087610,0.00000000,0.00000000,0.00382740,0.00000000,0.00000000,0.00000000,0.08704959,0.00000000,0.00000000,0.00501953,0.00000000,0.00000000,0.00000000,0.00000000,0.00000000,0.00339148,0.00962697,0.00000000,0.00000000,0.00000000,0.00000000,1.71186674,0.00000000,0.00000000,0.00000000,0.00000000,0.00000000,0.00000000,0.00000000,0.00000000,0.00000000,0.00000000,0.00000000,0.00000000,0.00000000,0.00000000,0.00000000,0.00475041,0.00000000,0.00000000,0.00000000,0.01727149,0.00000000,0.00000000,0.00000000,0.00000000,0.00000000,0.00000000,0.00000000,0.00505923,0.00000000,0.00000000,0.00000000,0.00000000,0.00000000,0.00000000,0.00000000,0.00000000,0.00000000,0.00000000,0.00000000,0.00000000,0.00414492,0.00000000,0.00000000,0.00000000,0.00000000,0.00000000,0.04261746,0.00000000,0.00000000,0.00000000,0.00000000,0.00000000,0.00000000,0.08807271,0.00000000,0.00000000,0.00000000,0.00000000,0.00838153,0.00000000,0.00000000,0.00000000,0.00000000,0.01277653,0.00000000,0.00000000,0.00000000,0.00000000,0.00000000,0.00000000,0.00184704,0.00000000,0.00000000,0.00000000,0.00000000,0.00000000,0.00650192,0.00000000,0.00000000,0.00000000,0.00000000,0.00000000,0.00000000,0.00000000,0.00000000,0.00000000,0.00000000,0.00000000,0.00000000,0.00000000,0.00000000,0.00000000,0.00000000,0.00000000,0.00000000,0.00000000,0.00000000,0.00000000,0.00000000,0.00000000,0.00000000,0.00000000,0.00000000,0.00000000,1.91702411,0.00000000,0.00000000,0.02095696,0.00000000,0.00000000,0.00000000,0.00000000,0.00000000,0.00000000,0.00000000,0.00000000,0.00000000,0.00000000,0.00000000,0.00000000,0.00000000,0.00000000,0.00000000,0.00000000,0.00711723,0.00000000,0.00715416,0.00000000,0.00000000,0.00416056,0.00157069,0.00000000,0.00000000,0.00000000,0.00000000,0.00000000,0.00000000,0.00000000,0.00404361,0.00000000,0.00000000,0.00000000,0.00000000,0.00000000,0.08696425,0.00000000,0.00000000,0.00000000,0.00000000,0.00000000,0.00000000,0.00000000,0.00000000,0.00000000,0.00000000,0.00000000,0.00000000,0.00000000,0.00000000,0.00000000,0.00000000,0.00000000,0.00000000,0.00810449,0.00000000,0.00000000,0.00000000,0.00000000,0.02007741,0.00000000,0.00000000,0.00000000,0.00000000,0.00000000,0.00000000,0.00000000,0.00000000,0.00000000,0.00000000,0.00000000,0.00000000,0.00000000,0.00000000,0.00000000,0.00000000,0.00273145,0.00000000,0.03765441,0.00000000,0.00000000,0.00000000,0.00000000,0.00000000,0.00000000,0.00000000,0.00000000,0.00000000,0.00000000,0.00000000,0.00000000,0.03416822,0.00000000,0.00000000,0.00000000,0.00000000,0.00358337,0.00000000,0.00000000,0.00000000,0.00000000,0.00000000,0.00000000,0.00000000,0.00000000,0.00000000,2.38192401,0.00000000,0.00179085,0.00000000,0.00000000,0.00000000,0.00000000,0.00000000,0.00000000,0.00000000,0.00000000,0.00000000,0.00000000,0.02352502,0.00000000,0.00000000,0.03217150,0.00000000,0.00000000,0.00000000,0.00000000,0.00000000,0.00000000,0.00000000,0.00000000,0.00000000,0.00000000,0.00000000,0.00000000,0.00000000,0.00000000,0.00000000,0.00000000,0.00000000,0.00000000,0.00000000,0.00000000,0.00000000,0.00000000,0.00000000,0.01141882,0.00000000,0.00000000,0.00000000,0.00000000,0.00000000,0.00000000,0.00000000,0.00000000,0.00000000,0.00000000,0.00000000,0.00000000,0.00000000,0.00000000,0.00000000,0.00000000,0.00000000,0.00000000,0.00000000,0.00000000,0.00000000,0.01915822,0.00000000,0.00000000,0.00000000,0.00000000,0.00000000,0.00000000,0.00000000,0.00000000,0.00000000,0.00000000,0.00441954,0.00000000,0.00000000,0.00000000,0.00000000,0.00000000,0.00000000,0.00000000,0.00000000,0.00459274,0.00000000,0.00000000,0.00000000,0.00000000,0.00000000,0.00000000,0.00000000,0.00000000,0.00000000,0.00000000,0.00000000,0.00000000,0.00000000,0.00000000,0.00000000,0.00000000,0.01282462,0.00000000,0.00000000,0.00419733,0.00000000,0.00097951,0.00000000,0.00000000,0.04292353,0.00000000,0.00000000,0.00000000,0.00121848,0.15740099,0.00000000,0.00000000,0.00000000,0.02194141,0.00000000,0.00098259,0.00000000,0.00000000,0.00000000,0.00000000,0.00000000,0.03764593,0.00000000,0.00000000,0.00000000,0.00000000,0.00000000,0.00000000,0.01885257,0.00000000,0.00000000,0.00000000,0.00294327,0.00000000,0.00000000,0.00000000,0.00000000,0.03225688,0.02094179,0.00000000,0.00000000,0.00000000,0.00000000,0.00281523,0.00000000,0.00000000,0.00000000,0.00000000,0.01758260,0.00000000,0.00000000,0.00000000,0.00000000,0.00000000,0.00000000,0.00000000,0.00000000,0.00000000,0.00000000,0.00000000,0.00000000,0.00000000,0.00000000,0.00000000,0.00000000
0.00000000,0.00000000,0.00000000,0.00000000,0.00000000,0.00000000,0.00000000,0.00000000,0.00000000,0.00000000,0.00000000,0.00000000,0.00000000,0.00803668,0.00000000,0.00000000,0.00000000,0.00317411,0.00000000,0.00000000,0.00000000,0.00000000,0.00000000,0.00000000,0.00000000,0.00000000,0.00734009,0.00000000,0.00000000,0.00000000,0.00000000,0.00000000,0.01611394,0.00000000,0.00000000,0.00000000,0.00000000,0.00000000,0.00000000,0.00000000,0.00000000,0.00000000,0.00000000,0.00000000,0.00000000,0.00000000,0.00000000,0.00000000,0.00000000,0.00000000,0.00000000,0.00000000,0.00000000,0.00000000,0.00000000,0.00292024,0.00000000,0.00000000,0.00000000,0.00000000,0.01028596,0.00000000,0.00000000,0.00000000,0.00000000,0.00753485,0.00000000,0.00000000,0.00000000,0.00000000,0.02355530,0.00000000,0.00000000,0.00000000,0.00000000,0.00000000,0.00000000,0.00000000,0.00000000,0.00000000,0.00000000,0.00000000,0.00000000,0.00000000,0.00000000,0.00000000,0.00000000,0.00151332,0.00464228,0.00923197,0.00000000,0.00159254,0.03145013,0.00000000,0.00000000,0.00000000,0.00000000,0.00000000,0.00000000,0.00000000,0.00000000,0.00482003,0.00073145,0.00000000,0.00000000,0.00353489,0.00000000,0.00000000,0.00000000,0.00000000,0.00000000,0.00600761,0.00000000,0.00000000,0.01003856,0.00000000,0.00000000,0.00586494,0.00000000,0.00000000,0.00000000,0.00000000,0.00000000,0.00000000,0.00000000,0.00000000,0.00000000,0.00000000,0.00000000,0.00000000,0.00000000,0.00000000,0.00000000,0.00000000,0.00000000,0.00000000,0.00000000,0.00000000,0.21182232,0.00000000,0.00000000,0.00000000,0.00000000,0.00000000,0.00000000,0.00000000,0.00000000,0.00616244,0.00000000,0.06445894,0.00000000,0.00000000,0.00000000,0.00000000,0.00000000,0.00000000,0.08934519,0.00000000,0.00000000,0.00000000,0.00000000,0.00000000,0.00000000,0.00000000,0.01480912,0.00082802,0.00000000,0.00000000,0.00000000,0.00000000,0.00000000,0.00000000,0.00000000,0.00000000,0.00000000,0.00000000,0.00000000,0.00000000,0.00000000,0.00000000,0.00000000,0.00000000,0.00000000,0.14232690,0.00000000,0.00000000,0.00000000,0.00000000,0.00000000,0.00000000,0.00000000,0.00000000,0.00000000,0.00000000,0.00000000,0.00000000,0.00000000,0.00000000,0.00000000,0.00000000,0.00000000,0.00000000,0.00000000,0.00000000,0.00000000,0.00000000,0.00000000,0.00000000,0.00000000,0.00000000,0.00000000,0.00000000,0.00000000,0.06927988,0.00000000,0.00000000,0.00000000,0.00000000,0.00000000,0.00000000,0.00000000,0.00000000,0.00000000,0.00000000,0.00000000,0.00000000,0.00000000,0.00000000,0.00000000,0.00000000,0.00000000,0.00000000,0.00000000,0.02571613,0.00000000,0.00000000,0.00000000,0.00000000,0.00199715,0.00000000,0.00000000,0.00000000,0.00000000,0.00000000,0.00000000,0.00000000,0.00000000,0.00000000,0.00000000,0.00000000,0.00000000,0.00000000,0.00000000,0.00000000,0.00000000,0.00000000,0.00000000,0.00000000,1.14324338,0.00000000,0.00000000,0.00000000,0.00000000,0.01347025,0.00000000,0.00000000,0.00000000,0.00000000,0.00000000,0.00000000,0.20083794,0.00000000,0.11838877,0.00000000,8.54128477,0.00000000,0.00000000,0.00000000,0.00000000,0.00000000,0.00000000,0.00000000,0.00000000,0.00000000,0.00000000,0.00000000,0.00000000,0.00324904,0.00000000,0.00424044,0.00000000,0.00000000,0.00000000,0.00000000,0.00000000,0.00269104,0.00000000,0.00000000,0.00000000,0.00000000,0.00000000,0.00000000,0.00000000,0.00000000,0.00000000,0.00000000,0.00000000,0.02331110,0.04432473,0.00000000,0.00000000,0.00000000,0.00000000,0.00000000,0.00000000,0.00000000,0.00000000,0.00000000,0.00000000,0.00000000,0.00000000,0.00575668,0.00000000,0.00000000,0.00000000,0.00000000,0.00000000,0.00280684,0.00000000,0.00000000,0.00000000,0.00000000,0.00000000,0.00000000,0.00000000,0.00000000,0.00000000,0.00000000,0.00101375,0.00831315,0.00580182,0.00000000,0.00000000,0.00000000,0.00000000,0.00000000,0.00000000,0.00000000,0.00000000,0.00000000,0.00000000,0.00000000,0.00000000,0.00114669,0.00000000,0.00000000,0.00000000,2.03647447,0.00000000,0.00000000,0.00000000,0.00000000,2.91377128,0.00000000,0.00000000,0.00000000,0.00000000,0.00000000,0.00000000,0.00000000,0.00000000,0.00000000,0.00000000,0.00000000,0.00000000,0.00000000,0.00000000,0.00000000,0.00000000,0.00000000,1.12770412,0.00000000,0.00000000,0.00000000,0.00000000,0.00000000,0.00000000,0.04634618,0.01292648,0.00000000,0.00000000,0.00000000,0.00225086,0.00000000,0.00000000,0.00000000,0.00000000,0.00000000,0.00000000,0.00000000,0.16714262,0.00000000,0.00000000,0.00000000,0.00000000,0.00815482,0.00000000,0.00000000,0.00000000,0.00000000,0.00788485,0.00000000,0.00000000,0.00000000,0.00000000,0.01181542,0.00000000,0.00000000,0.00000000,0.00000000,0.00000000,0.00000000,0.00000000,0.00000000,0.00000000,0.00000000,0.00000000,0.00000000,0.00000000,0.00000000,0.00000000,0.00000000,0.00000000,0.00000000,0.00000000,0.00000000,0.00000000,0.00000000,0.00000000,0.00000000,0.01001243,0.00000000,0.00000000,0.01250560,0.00000000,0.00000000,0.00000000,0.00000000,0.00000000,0.00000000,0.00000000,0.00000000,0.00000000,0.00000000,0.00000000,0.03010381,0.00000000,0.00000000,0.00000000,0.00391638,0.00000000,0.00000000,0.00000000,0.00000000,0.00000000,0.00000000,0.00000000,0.03275936,0.00000000,0.00000000,0.00000000,0.00000000,0.00000000,0.00000000,0.00000000,0.00000000,0.00000000,0.00000000,0.00000000,0.00000000,0.00000000,0.00000000,0.00000000,0.00000000,0.00000000,0.00000000,0.00000000,0.00000000,0.00000000,0.01172157,0.00000000,0.00000000,0.00000000,0.00000000,0.00000000,0.00000000,0.00000000,0.00000000,0.00000000,0.00000000,0.00000000,0.00000000,0.00000000,0.00000000,0.00000000,0.00000000,0.00000000,0.00000000,0.00000000,0.00000000,0.00000000,0.00352209,0.00000000,0.00000000,0.00000000,0.00000000,0.00000000,0.00000000,0.00000000,0.00000000,0.00000000,0.00000000,0.00000000,0.00000000,0.00000000,0.00000000,0.00520254,0.00000000,0.00000000,0.00000000,0.00000000,0.00225762,0.00444060,0.00097541,0.00000000,0.00112506,0.00071015,0.00000000,0.00000000,0.00000000,0.00191257,0.00000000,0.00000000,0.00000000,0.00000000,0.00000000,0.00000000,0.00000000,0.00000000,0.00000000,0.00000000,0.00000000,0.02368467,0.00000000,0.00000000,0.00000000,0.00000000,0.00474753,0.01898314,0.00000000,0.00000000,0.00000000,0.00000000,0.00000000,0.00000000,0.00000000,0.00000000,0.00000000,0.00000000,0.00000000,0.00000000,0.00000000,0.00000000,0.00506266,0.00174952,0.00000000,0.00000000,0.00000000,0.00000000,0.00000000,0.00000000,0.00000000,0.00000000,0.00000000,0.00427124,0.00000000,0.00000000,0.00593328,0.00000000,0.01529370,0.00241374,0.03335842,0.00000000,0.00000000,0.00000000,0.00150752,0.00240034,0.00000000,0.00000000,0.00000000,0.00000000,0.00000000,3.67293672,0.00000000,0.00000000,0.00000000,0.00000000,0.00000000,0.00819998,0.00000000,0.00000000,0.02444949,0.00000000,0.00000000,0.00000000,0.00000000,0.00000000,0.00000000,0.00000000,0.00000000,0.00000000,0.04151087,0.78592582,0.00000000,0.00451016,0.00000000,0.00000000,0.00000000,0.00998914,0.00000000,0.00000000,0.00000000,0.00000000,0.00000000,0.00000000,0.00000000,0.01243977,0.00000000,0.00000000,0.00000000,1.13755659,0.00000000,0.00000000,0.00000000,0.00000000,0.00000000,0.00000000,0.00000000,0.00000000,0.01377665,0.00000000,0.00000000,0.00000000,0.00836321,0.00000000,0.00000000,0.00000000,0.00000000,0.00000000,0.00000000,0.00491259,0.00000000,0.00000000,0.00000000,0.00000000,0.00000000,0.00000000,0.00000000,0.00000000,0.00000000,0.00000000,0.00000000,0.00000000,0.00000000,0.00000000,0.00000000,0.00755159,0.00000000,0.00000000,0.00000000,0.00000000,0.00000000,0.00000000,0.00000000,0.00000000,0.00000000,0.00000000,0.00000000,0.00000000,0.00000000,0.00000000,0.00000000,0.00000000,0.00000000,0.00000000,0.00000000,0.01935483,0.00000000,0.02099338,0.00242873,0.00000000,0.00000000,0.00000000,0.00000000,0.00000000,0.00000000,0.00000000,0.00350877,0.00000000,0.00000000,0.00000000,0.00000000,0.00000000,0.00000000,0.00000000,0.00000000,0.00000000,0.00000000,0.00000000,0.00000000,0.00136772,0.00000000,0.00000000,0.00000000,0.00000000,0.00000000,0.00100378,0.00000000,0.00000000,0.00000000,0.00000000,0.00000000,0.00000000,0.00000000,0.00000000,0.00000000,0.00000000,0.00000000,0.00070673,0.00000000,0.00000000,0.00000000,0.00000000,0.00000000,0.03627209,0.00000000,0.00495465,0.00000000,0.00000000,0.00000000,0.00000000,0.00000000,0.00000000,0.00000000,0.00000000,0.00000000,0.00000000,0.00000000,0.01710313,0.00000000,0.01455101,0.03021311,0.00000000,0.00000000,0.07572504,0.00000000,0.00000000,0.00093552,0.00000000,0.00000000,0.00000000,0.00000000,0.00000000,0.00000000,0.01144594,0.00000000,0.00000000,0.00000000,0.28495399,0.00000000,0.00000000,0.00000000,0.00197754,0.00000000,0.00000000,0.00000000,0.00212048,0.00000000,0.00000000,0.00000000,0.00000000,0.00628490,0.00000000,0.00000000,0.00000000,0.00000000,0.04836399,0.00000000,0.00000000,0.00000000
0.00000000,0.00000000,0.00000000,0.00000000,0.00000000,0.00000000,0.00000000,0.00000000,0.00000000,0.00000000,0.00000000,0.00000000,0.00000000,0.00000000,0.00000000,0.00000000,0.00000000,0.00000000,0.00000000,0.00000000,0.00000000,0.00000000,0.00000000,0.00000000,0.00000000,0.00000000,0.00000000,0.00237319,0.00000000,0.00000000,0.00000000,0.00000000,0.00000000,0.00127699,0.00000000,0.00000000,0.00000000,0.00000000,0.00000000,0.00000000,0.00000000,0.00000000,0.00377972,0.00000000,0.00855103,0.04280662,0.00318759,0.00000000,0.00000000,0.00000000,0.00000000,0.00000000,0.00000000,0.00000000,0.00000000,0.00000000,0.12005876,0.00000000,0.00000000,0.00000000,0.00000000,0.00000000,0.00000000,0.00000000,0.00000000,0.00000000,0.00000000,0.00000000,0.00000000,0.00000000,0.00000000,0.00000000,0.00135091,0.00000000,0.00567396,0.00000000,0.00000000,0.00000000,0.00000000,0.00250755,0.00000000,0.00156860,0.00000000,0.00000000,0.01206810,0.00000000,0.00471706,0.00000000,0.00000000,0.00000000,0.00000000,0.00000000,0.00000000,0.00000000,0.00000000,0.00000000,0.00000000,0.00000000,0.00000000,0.05033058,0.00000000,0.00000000,0.00000000,0.00000000,0.00000000,0.00000000,0.00000000,0.00000000,0.00000000,0.00000000,0.00000000,0.00391159,0.00000000,0.00000000,0.00000000,0.00000000,0.01780876,0.10232348,0.00000000,0.00000000,0.00000000,0.00000000,0.00316907,0.00000000,0.00000000,0.00000000,0.00000000,0.00000000,0.00000000,0.00000000,0.00000000,0.00000000,0.00000000,0.00000000,0.00000000,0.00000000,0.00266251,0.00639678,0.00000000,0.00000000,0.00348658,0.00000000,0.00000000,0.00000000,0.00000000,0.00000000,0.00000000,0.00000000,0.00000000,0.00000000,0.00000000,0.00000000,0.00000000,0.00000000,0.00000000,0.00000000,0.00000000,0.00000000,0.00000000,0.00000000,0.00000000,0.02357830,0.00000000,0.00000000,0.00000000,0.00000000,0.00000000,0.00000000,0.07178982,0.00000000,0.00000000,0.00000000,0.00000000,0.00000000,0.00000000,0.00483176,0.00000000,0.00000000,0.01468287,0.00000000,0.00000000,0.00000000,0.00000000,0.00000000,0.00000000,0.00000000,0.00000000,0.00714653,0.00000000,0.00000000,0.00000000,0.00212490,0.00000000,0.00000000,0.00000000,0.00000000,0.00000000,0.00000000,0.00000000,0.00000000,0.00000000,0.00000000,0.00000000,0.00490564,0.00000000,0.00000000,0.00000000,0.00000000,0.05239303,0.00000000,0.00000000,0.00000000,0.01258480,0.00000000,0.00000000,0.09667468,0.00000000,0.00378347,0.00381139,0.00000000,0.00000000,0.00000000,0.00000000,0.00000000,0.00000000,0.00000000,0.00000000,0.00000000,0.00414258,0.00000000,0.00000000,0.00000000,0.00000000,0.00000000,0.00518844,0.00000000,0.00000000,0.00000000,0.00000000,0.00000000,0.00000000,0.00000000,0.00000000,0.00000000,0.00994383,0.00000000,0.00000000,0.00354827,0.00000000,0.00000000,0.00000000,0.00000000,0.00000000,0.00000000,0.00000000,0.00000000,0.00000000,0.00000000,0.00000000,0.00000000,0.02231915,0.00000000,0.00000000,0.00000000,0.00000000,0.00000000,0.00000000,0.00000000,0.00000000,0.00000000,0.00000000,0.00000000,0.00000000,0.00000000,0.00000000,0.00000000,0.00000000,0.00000000,0.00000000,0.00000000,0.00543729,0.00625100,0.00830461,0.00000000,0.00217902,0.00000000,0.00000000,0.00000000,0.00000000,0.00000000,0.00914176,0.00000000,0.00000000,0.00000000,0.00000000,0.00000000,0.00000000,0.00000000,0.00000000,0.00000000,0.00000000,0.00000000,0.00000000,0.00000000,0.00000000,0.00000000,0.00000000,0.00000000,0.00000000,0.00000000,0.00000000,0.00000000,0.01400221,0.00000000,0.00000000,0.00000000,0.00000000,0.00000000,0.00000000,0.00000000,0.00000000,0.00593241,0.00000000,0.00000000,0.00000000,0.00000000,0.00000000,0.00078444,0.00000000,0.00000000,0.00000000,0.00000000,0.00000000,0.00000000,0.00000000,0.00000000,0.00000000,0.00000000,0.00188851,0.00000000,0.00711031,0.00000000,0.00000000,0.01573233,0.00000000,0.00000000,0.00000000,0.00000000,0.00000000,0.00000000,0.00000000,0.00000000,0.00000000,0.00000000,0.04582604,0.00000000,0.00000000,0.00000000,0.00000000,0.00209014,0.00000000,0.00000000,0.00000000,0.00000000,0.00000000,0.00000000,0.00000000,0.00000000,0.00000000,0.00000000,0.00393878,0.00000000,0.00000000,0.00000000,0.00000000,0.00367770,0.00000000,0.00000000,0.00000000,0.00000000,0.00000000,0.00000000,0.00000000,0.00000000,0.00000000,0.00000000,0.00000000,0.00000000,0.00000000,0.00348921,0.00000000,0.00000000,0.00000000,0.00381336,0.00386869,0.00000000,0.00000000,0.00000000,0.01279928,0.00000000,0.00000000,0.00000000,0.00000000,0.00000000,0.00000000,0.01362040,0.00385867,0.00000000,0.00000000,0.00000000,0.00000000,0.00000000,0.00000000,0.00000000,0.00000000,0.00000000,0.00000000,0.00000000,0.00000000,0.04031168,0.00000000,0.00000000,0.00000000,0.00000000,0.00000000,0.00000000,0.01583602,0.00000000,0.00000000,0.00667498,0.00000000,0.00000000,0.00797506,0.00000000,0.00000000,0.00000000,0.00000000,0.00000000,0.02721684,0.00000000,0.01787175,0.00000000,0.00000000,0.00370324,0.00000000,0.00000000,0.00000000,0.00000000,0.13286042,0.00000000,0.00000000,0.00000000,0.00000000,0.00141921,0.00000000,0.00000000,0.00000000,0.01336454,0.00000000,0.00000000,0.00000000,0.06197007,0.00000000,0.00000000,0.00000000,0.00000000,0.00000000,0.00000000,0.00000000,0.00000000,0.00000000,0.00000000,0.00000000,0.00000000,0.00000000,0.00000000,0.00000000,0.00470056,0.00000000,0.00000000,0.00000000,0.00000000,0.00000000,0.00000000,0.00000000,0.00615369,0.00000000,0.00000000,0.00000000,0.00000000,0.00000000,0.17257242,0.00000000,0.00000000,0.00000000,0.00000000,0.01001365,0.00202955,0.00000000,0.00000000,0.00000000,0.00000000,0.00000000,0.00000000,0.00000000,0.00000000,0.00000000,0.00000000,0.00000000,0.00000000,0.00000000,0.00000000,0.00000000,0.00000000,0.00000000,0.00000000,0.00000000,0.00000000,0.00000000,0.00000000,0.00000000,0.00000000,0.00000000,0.00000000,0.00000000,0.00000000,0.00000000,0.00000000,0.00000000,0.00000000,0.00000000,0.00000000,0.00000000,0.00000000,0.00000000,0.00000000,0.00000000,0.05617142,0.00000000,0.00000000,0.00000000,0.00000000,0.00000000,0.00638035,0.03407930,0.00000000,0.00000000,0.00000000,0.00000000,0.00000000,0.00000000,0.00000000,0.00000000,0.00000000,0.00000000,0.00000000,0.00000000,0.00000000,0.00000000,0.00627085,0.05366097,0.00000000,0.00000000,0.00000000,0.02351940,0.00000000,0.00000000,0.23045670,0.00000000,0.00000000,0.00000000,0.00000000,0.00000000,0.00000000,0.00000000,0.00000000,0.01486726,0.00000000,0.00000000,0.00394496,0.00000000,0.00000000,0.00000000,0.00000000,0.00000000,0.00637284,0.00000000,0.00000000,0.00000000,0.00000000,0.00000000,0.00000000,0.00000000,0.00000000,0.00000000,0.00000000,0.00000000,0.00326822,0.00000000,0.00000000,0.00000000,0.01199019,0.00000000,0.00000000,0.00000000,0.00000000,0.00000000,0.00000000,0.00000000,0.00000000,0.00000000,0.00000000,0.00000000,0.00000000,0.00000000,0.00000000,0.00000000,0.00000000,0.00000000,0.00000000,0.00000000,0.00000000,0.00124683,0.00000000,0.00000000,0.00000000,0.08376090,0.00000000,0.00000000,0.00000000,0.00000000,0.00000000,0.00000000,0.01346501,0.00000000,0.00000000,0.05045178,0.00421032,0.00000000,0.00000000,0.00000000,0.00000000,0.00000000,0.00289885,0.00000000,0.00000000,0.00000000,0.00000000,0.00000000,0.00000000,0.00000000,0.00000000,0.00000000,0.00000000,0.00000000,0.00000000,0.00000000,0.00051986,0.00000000,0.00000000,0.00000000,0.00000000,0.00000000,0.00000000,0.00000000,0.00531373,0.00000000,0.00000000,0.00000000,0.00000000,0.00000000,0.00000000,0.00000000,0.01922160,0.78751453,0.00000000,0.00000000,0.00000000,0.00000000,0.00000000,0.00000000,0.00000000,0.00000000,0.00000000,0.00000000,0.00000000,0.00000000,0.00000000,0.00000000,0.00000000,0.00000000,0.00000000,0.00000000,0.02404754,0.00000000,0.00000000,0.00000000,0.00063705,0.00292680,0.00000000,0.00352486,0.00000000,0.00000000,0.00000000,0.00000000,0.00327113,0.00000000,0.00105102,0.00000000,0.00000000,0.00000000,0.00000000,0.00000000,0.00000000,0.00000000,0.00000000,0.00000000,0.00000000,0.00000000,0.01685934,0.00000000,0.00000000,0.00000000,0.00000000,0.00000000,0.00000000,0.00560251,0.00000000,0.00000000,0.01100589,0.00000000,0.00000000,0.00000000,0.00000000,0.00000000,0.00000000,0.00000000,0.00000000,0.00000000,0.00000000,0.00000000,0.00000000,0.00000000,0.00000000,0.00000000,0.00000000,0.00000000,0.00000000,0.00000000,0.00000000,0.00000000,0.05706555,0.22455242,0.00957998,0.00158625,0.01176885,0.00000000,0.00000000,0.00000000,0.00000000,0.00000000,0.00000000,0.00000000,0.00000000,0.00000000,0.00000000,0.00000000,0.00000000,0.00000000,0.00000000,0.00000000,0.00000000,0.00000000,0.00000000,0.00000000,0.00000000,0.00000000,0.00000000,0.00000000,0.00000000,0.00000000,0.00000000,0.00000000,0.00000000,0.00000000,0.00000000,0.00000000,0.00346106,0.00000000,0.00000000,0.00000000,0.00000000,0.00000000,0.00000000,0.00000000,0.00000000,0.00000000,0.00000000,0.00308862,0.00073540
0.00000000,0.00000000,0.00000000,0.00000000,0.00000000,0.00000000,0.00000000,0.00000000,0.00000000,0.00000000,0.00000000,0.00000000,0.00000000,0.00000000,0.00000000,0.00000000,0.00000000,0.00000000,0.00000000,0.00000000,0.00000000,2.22516585,0.00000000,0.00000000,0.00000000,0.00000000,0.00000000,0.00000000,0.00000000,0.00000000,0.00000000,0.00000000,0.00000000,0.00000000,0.07628652,0.40284408,0.00000000,0.00000000,0.00000000,0.00000000,0.00000000,0.00000000,0.00000000,0.00000000,0.01456285,0.04206365,0.00000000,0.00000000,0.00000000,0.00000000,0.00000000,0.00000000,0.00000000,0.00000000,0.00000000,0.00000000,0.00000000,0.00000000,0.00000000,0.00000000,0.00000000,0.00000000,0.00000000,0.00600232,0.00000000,0.00000000,0.00000000,0.00000000,0.00000000,0.00000000,0.00000000,0.00000000,0.00000000,0.00000000,0.00000000,0.00000000,0.00000000,0.00000000,0.00000000,0.00000000,0.00295609,0.03433387,0.00000000,0.00000000,0.00000000,0.00000000,0.00280423,0.00000000,0.00000000,0.00000000,0.00305172,0.00000000,0.00000000,0.00000000,0.00000000,0.00000000,0.00000000,0.00000000,0.00000000,0.00000000,0.00000000,0.00068001,0.00000000,0.00000000,0.00000000,0.00000000,0.00000000,0.00000000,0.00000000,0.00000000,0.00000000,0.00000000,0.00000000,0.00950383,0.01358902,0.05268997,0.00242068,0.00000000,0.00000000,0.00000000,0.00000000,0.00000000,0.00000000,0.00000000,0.00000000,0.40997435,0.00000000,0.00000000,0.00000000,0.00000000,0.00199506,0.00000000,0.01023661,0.27920334,0.00000000,0.00220784,0.00000000,0.00000000,0.00000000,0.03838809,0.00000000,0.00000000,0.00000000,0.00000000,0.00000000,0.00893881,0.00000000,0.00084715,0.00000000,0.00000000,0.00000000,0.00000000,0.00305881,0.00000000,0.00000000,0.00000000,0.00000000,0.00000000,0.00000000,0.00000000,0.00000000,0.00000000,0.00000000,0.00000000,3.26719903,0.00000000,0.00000000,0.00000000,0.00000000,0.00338678,0.00000000,0.00000000,0.00000000,0.00000000,0.00472376,0.00181058,0.00000000,0.00000000,0.00000000,0.00000000,0.00000000,0.00000000,0.11502489,0.00000000,0.00000000,0.00000000,0.00000000,0.00000000,0.00000000,0.00000000,0.00000000,0.00000000,0.00000000,0.00000000,0.00000000,0.00000000,0.00000000,0.00000000,0.00000000,0.01045276,0.00000000,0.00000000,0.00000000,0.04318482,0.00000000,0.00000000,0.00000000,0.00000000,0.00000000,0.00000000,0.00000000,0.00454971,0.00000000,0.00130038,0.00000000,0.00000000,0.00000000,0.00000000,0.00000000,0.00000000,0.00000000,0.00000000,0.00000000,0.00000000,0.00000000,0.00000000,0.00179061,0.00000000,0.00000000,0.00000000,0.00000000,0.00000000,0.00000000,0.03931293,0.00119371,0.00000000,0.00000000,0.00000000,0.00000000,0.02733735,0.00000000,0.00000000,0.00000000,0.00000000,0.00000000,0.00000000,0.00000000,0.00000000,0.00818163,0.00000000,0.00000000,0.00000000,0.00000000,0.00000000,0.00000000,0.00000000,0.00348590,0.00000000,0.00000000,0.00000000,0.00182579,0.00000000,0.00000000,0.00000000,0.00000000,0.00000000,0.00000000,0.00000000,0.00000000,0.00000000,0.00000000,0.00000000,0.00000000,0.00000000,0.00156512,0.00856356,0.00000000,0.00000000,0.00000000,0.00000000,0.00000000,0.09944542,0.00000000,0.00000000,0.00000000,0.00000000,0.00000000,0.00000000,0.00000000,0.00000000,0.00000000,0.00395029,0.00000000,0.00000000,0.00000000,0.00000000,0.00000000,0.00000000,0.00000000,0.00000000,0.00658984,0.00000000,0.00000000,0.00000000,0.00000000,0.00000000,0.00000000,0.01717700,0.00000000,0.00000000,0.08911567,0.00000000,0.00000000,0.00000000,0.00000000,0.00000000,0.00000000,0.00000000,0.00000000,0.00000000,0.00000000,0.00000000,0.00000000,0.00000000,0.00000000,0.00000000,0.00000000,0.00000000,0.00000000,0.00000000,0.00000000,0.00000000,0.00000000,0.00000000,0.00000000,0.02342889,0.00000000,0.00000000,0.00000000,0.01410313,0.00000000,0.00000000,0.00000000,0.00000000,1.58471955,0.00000000,0.00000000,0.00000000,0.00000000,0.00239377,0.00981814,0.00000000,0.00000000,0.01632021,0.00000000,0.00000000,0.00000000,0.00000000,0.00000000,0.00000000,0.00249690,0.00000000,0.00000000,0.00000000,0.00000000,0.00000000,0.03933455,0.00000000,0.00000000,0.00000000,0.00000000,0.00000000,0.00000000,0.00000000,0.01014365,0.00000000,0.00000000,0.00000000,0.05986994,0.00000000,0.00000000,0.00115542,0.00000000,0.00000000,0.00000000,0.03125955,0.00000000,0.00000000,0.01819665,0.16127951,0.00000000,0.00000000,0.00000000,0.00000000,0.00000000,0.00000000,0.00000000,0.00000000,0.00000000,0.01160756,0.00000000,0.00190576,0.00000000,0.00000000,0.00000000,0.00000000,0.00000000,0.00000000,0.00000000,0.01827223,0.00000000,0.00000000,0.00000000,0.00000000,0.00000000,0.00000000,0.00000000,0.00000000,0.00000000,0.00000000,0.00000000,0.00000000,0.00000000,0.00000000,0.00000000,0.00000000,0.00000000,0.00000000,0.00000000,0.00000000,0.00000000,2.03178331,0.00000000,0.00000000,0.00202890,0.00000000,0.00000000,0.00000000,0.00000000,0.00000000,0.00000000,0.00000000,0.00000000,0.00000000,0.00000000,0.00000000,0.00000000,0.00190384,0.00000000,0.00000000,0.00000000,0.00000000,0.00000000,0.00000000,0.00455300,0.00000000,0.00000000,0.00000000,0.00000000,0.00000000,0.00000000,0.00000000,0.94076941,0.00000000,1.59468644,0.00000000,0.00000000,0.00000000,0.00000000,0.00000000,0.00000000,0.00000000,0.00000000,0.00000000,0.00000000,0.00000000,0.00000000,0.00000000,0.00000000,0.00000000,0.00000000,0.00000000,0.02344908,0.00000000,0.00545818,0.00000000,0.08992735,0.00000000,0.00000000,0.00000000,0.00000000,0.00000000,0.00000000,0.00000000,0.00000000,0.00000000,0.00000000,0.00000000,0.00000000,0.00000000,0.00000000,0.00000000,0.00000000,0.00000000,0.00000000,0.00000000,0.98004672,0.00000000,0.00309342,0.00000000,0.00000000,0.00000000,0.00000000,0.00000000,0.00000000,0.00000000,0.00000000,0.00000000,0.00000000,0.00000000,0.00000000,0.00000000,0.00000000,0.00000000,0.00000000,0.00000000,0.00000000,0.00000000,0.00000000,0.00000000,0.00000000,0.00543928,0.00000000,0.00000000,0.00000000,0.01602382,0.00000000,0.00000000,0.00000000,0.00412654,0.00000000,0.00000000,0.00000000,0.00000000,0.00000000,0.00000000,0.00513384,0.00000000,0.00000000,0.00000000,0.00000000,0.00000000,0.01338989,0.00103234,0.02956726,0.00000000,0.00000000,0.00000000,0.00000000,0.00000000,0.00000000,0.00000000,0.00000000,0.00000000,0.00000000,0.00000000,0.00000000,0.00000000,0.00000000,0.00000000,0.00000000,0.00000000,0.00000000,0.00000000,0.00000000,0.00000000,0.00000000,0.00000000,0.00000000,0.00000000,0.00000000,0.00000000,0.00351146,0.00294058,0.00000000,0.00000000,0.00000000,0.00000000,0.00000000,0.00000000,0.00000000,0.00000000,0.00000000,0.00000000,0.00000000,0.00000000,0.00000000,0.00110598,0.00000000,0.00000000,0.02921520,0.00000000,0.00000000,0.00000000,0.05205926,0.00000000,0.00000000,0.00000000,0.00000000,0.00000000,0.00000000,0.00000000,0.00000000,0.07256605,0.00000000,0.00000000,0.01194285,0.00000000,0.00000000,0.00000000,0.00000000,0.00000000,0.00000000,0.00000000,0.00000000,0.00000000,0.00000000,0.00000000,0.00000000,0.00000000,0.00000000,0.00000000,0.00000000,0.00000000,0.00000000,0.00000000,0.04344081,0.00000000,0.00000000,0.00000000,0.00000000,0.00000000,0.00000000,0.00000000,0.00000000,0.00000000,0.00000000,0.00000000,0.00000000,0.00000000,0.00000000,0.00000000,0.00243732,0.00000000,0.00000000,0.00000000,0.00000000,0.00000000,0.00953570,0.00000000,0.00545550,0.00000000,0.00000000,0.00000000,0.00000000,0.00000000,0.00349693,0.00000000,0.00000000,0.00000000,0.00000000,0.00000000,0.00000000,0.00000000,0.00000000,0.00000000,0.00000000,0.00000000,0.00000000,0.00493011,0.00000000,0.00000000,0.00000000,0.00000000,0.00000000,0.00000000,0.00000000,0.00000000,0.00000000,0.00000000,0.00421205,0.06852026,0.12973163,0.00000000,0.00000000,0.00000000,0.00000000,0.00000000,0.00000000,0.00000000,0.00000000,0.00000000,0.00000000,0.06464161,0.00000000,0.00000000,0.00000000,0.00000000,0.01133032,0.00000000,0.00000000,0.00000000,0.00000000,0.00000000,0.03346396,0.00288393,0.00000000,0.00000000,0.00000000,0.00000000,0.00000000,0.00000000,0.00000000,0.00000000,0.00000000,0.00000000,0.00000000,0.00818089,0.00000000,0.00000000,0.00000000,0.00000000,0.00000000,0.00000000,0.20451998,0.00000000,0.00000000,0.00000000,0.01578005,0.00000000,0.00000000,0.00000000,0.00687353,0.00172384,0.00000000,0.00000000,0.00000000,0.00000000,0.00418966,0.00107203,0.00000000,0.00000000,0.00000000,0.00000000,0.00000000,0.00000000,0.00000000,0.00000000,0.00000000,0.00000000,0.00000000,0.00000000,0.00000000,0.00000000,0.00384781,0.00000000,0.00000000,0.00000000,0.00000000,0.00000000,0.00000000,0.00000000,0.00000000,0.00000000,0.00000000,0.00000000,0.00000000,0.00000000,0.00235398,0.00000000,0.00000000,0.00000000,0.00000000,0.00000000,0.00000000,0.00000000,0.00000000,0.00387673,0.00000000,0.00000000,0.00000000,0.00348443,0.00000000,0.00000000,0.00000000,0.00000000,0.00000000,0.00540005,0.00000000,0.00000000
0.00621066,1.30262296,0.00000000,0.01783332,0.00000000,0.00000000,0.00000000,0.00000000,0.00000000,0.00000000,0.00000000,0.00000000,0.00000000,0.00000000,0.00000000,0.00000000,0.00000000,0.09934026,0.00000000,0.00000000,0.00778797,0.00000000,0.00000000,0.00000000,0.00000000,0.00000000,0.00000000,0.00000000,0.00000000,0.02396939,0.00000000,0.00000000,0.00000000,0.00000000,0.00000000,0.00000000,0.00000000,0.03814962,0.00000000,0.00000000,0.00509551,0.00650713,0.00000000,0.00000000,0.00000000,0.00000000,0.00000000,0.00000000,0.00000000,0.00000000,0.00000000,0.00788997,0.00000000,0.05468836,0.00000000,0.00000000,0.00000000,0.00000000,0.00000000,0.00000000,0.00000000,0.00000000,0.00000000,0.00000000,0.00000000,0.00000000,0.00000000,0.00000000,0.00000000,0.00000000,0.00000000,0.00000000,0.00000000,0.00000000,0.00000000,0.00000000,0.00000000,0.00000000,0.00000000,0.00000000,0.00000000,0.00000000,0.00000000,0.00000000,0.00000000,0.00000000,0.00000000,0.00000000,0.00000000,0.00000000,0.00000000,0.00000000,0.00000000,0.00000000,0.00000000,0.00000000,0.00000000,0.00000000,0.00000000,0.00000000,0.00000000,0.00000000,0.00000000,0.00487640,0.00000000,0.00000000,0.00129875,0.00000000,0.00332166,0.00000000,0.00000000,0.00000000,0.00000000,0.01113422,0.00000000,0.00000000,0.00000000,0.00000000,0.00000000,0.00000000,0.00000000,0.00000000,0.00000000,0.00593593,0.00000000,0.00000000,0.00000000,0.00745433,0.00000000,0.00000000,0.11394478,0.00000000,0.00000000,0.00000000,0.00000000,0.00000000,0.00000000,0.00000000,0.00000000,0.00000000,0.00000000,0.00000000,0.00000000,0.00000000,0.00000000,0.00000000,0.00000000,0.00000000,0.00000000,0.00000000,0.00000000,0.00000000,0.00000000,0.00000000,0.00000000,0.04880690,0.00000000,0.00000000,0.00740550,0.08469974,0.01147288,0.00000000,0.00000000,0.00000000,0.00000000,0.00000000,0.00000000,0.00000000,0.00000000,0.00000000,0.00000000,0.00000000,0.00084232,0.00000000,0.00139469,0.00000000,0.00476680,0.00000000,0.00000000,0.00000000,0.00000000,0.00000000,0.00000000,0.00000000,0.00000000,0.00000000,0.00000000,0.00086030,0.00000000,0.00000000,0.00000000,0.00000000,0.00000000,0.00000000,0.01168576,0.00000000,0.00000000,0.00000000,0.00000000,0.00000000,0.00000000,0.00000000,0.06600834,0.00000000,0.01232587,0.00000000,0.00000000,0.00000000,0.00000000,0.00000000,0.00000000,0.00000000,0.00000000,0.00000000,0.00000000,0.00000000,0.02589811,0.00000000,0.00000000,0.00000000,0.00000000,0.00000000,0.00000000,0.00000000,0.00000000,0.00000000,0.00291550,0.00000000,0.33849568,0.00000000,0.00000000,0.00000000,0.00000000,0.00000000,0.00000000,0.00000000,0.00000000,0.00000000,0.00000000,0.00000000,0.00000000,0.00220651,0.00000000,0.00118450,0.00000000,0.00710464,0.00000000,0.00000000,0.00000000,0.00000000,0.00000000,0.00000000,0.00000000,0.00000000,0.00000000,0.00000000,0.00000000,0.00000000,0.00000000,0.00000000,0.00000000,0.00000000,0.00000000,0.00636783,0.00000000,0.00000000,0.00000000,0.00000000,0.00000000,0.00000000,0.00000000,0.00000000,0.00000000,0.00000000,0.00000000,0.00000000,0.00000000,0.00000000,0.00000000,0.00000000,0.00000000,0.00000000,0.00000000,0.00000000,0.00000000,0.00000000,0.00000000,0.00000000,0.00000000,0.00000000,0.00000000,0.03395657,0.00000000,0.00000000,0.00000000,0.00000000,0.00000000,0.00000000,0.00000000,0.00000000,0.00000000,0.00000000,0.00000000,0.00000000,0.00000000,0.00000000,0.00000000,0.00000000,0.00000000,0.05853760,0.07353092,0.00000000,0.00000000,0.00000000,0.00000000,0.00000000,0.00000000,0.01001512,0.00000000,0.00000000,0.00000000,0.00590511,0.00000000,0.00000000,0.00000000,0.00000000,0.00000000,0.00000000,0.00000000,0.00000000,0.00000000,0.00000000,0.00000000,0.00000000,0.00000000,0.02937260,0.00000000,0.00000000,0.00000000,0.00000000,0.00000000,0.00000000,0.00000000,0.00000000,0.00000000,0.00000000,0.00000000,0.00000000,0.00000000,0.00000000,0.00000000,0.00000000,0.01193661,0.00000000,0.00000000,0.00000000,0.00000000,0.00000000,0.00931046,0.00000000,0.00000000,0.00000000,0.00000000,0.00528453,0.00000000,0.00000000,0.00000000,0.00000000,0.00000000,0.00000000,0.00000000,0.00000000,0.00000000,0.00355387,0.00000000,0.00000000,0.10534972,0.00000000,0.00000000,0.00000000,0.00137816,0.00000000,0.00000000,0.00000000,0.16405611,0.00000000,0.00000000,0.00000000,0.00000000,0.00000000,0.00000000,0.00000000,0.00000000,0.00000000,0.00000000,0.00000000,0.00000000,0.00000000,0.00000000,0.00000000,0.00000000,0.00000000,0.00000000,0.00000000,0.00000000,0.00000000,0.00000000,0.00000000,0.00000000,0.00000000,0.00000000,0.00677925,0.00000000,0.00000000,0.00000000,0.00000000,0.00000000,0.01209433,0.00253282,0.01672853,0.00000000,0.00000000,0.00000000,0.00378133,0.00000000,0.00000000,0.00000000,0.02016293,0.00000000,0.00000000,0.00000000,0.00000000,0.00000000,0.00000000,0.00000000,0.00000000,0.00000000,0.00000000,0.00000000,0.01545695,0.00000000,0.29121336,0.00177854,0.00000000,0.00000000,0.00099806,0.00000000,0.00000000,0.00000000,0.03694183,0.00000000,0.00000000,0.00000000,0.00000000,0.00000000,0.00000000,0.00000000,0.00000000,0.00000000,0.00000000,0.00314590,0.00000000,0.00000000,0.00000000,0.00000000,0.00000000,0.00000000,0.02268490,0.00000000,0.00000000,0.10812389,0.00000000,0.00000000,0.00000000,0.00000000,0.00000000,0.00000000,0.00000000,0.00000000,0.00000000,0.00171248,0.05272385,0.00000000,0.00000000,0.00000000,0.00000000,0.00000000,0.00000000,0.00000000,0.00550136,0.02856996,0.00000000,0.00000000,0.15144113,0.98088799,0.00412659,0.00000000,0.00000000,0.00000000,0.00000000,0.00000000,0.00000000,0.00000000,0.00000000,0.00000000,0.00000000,0.00000000,0.00000000,0.00000000,0.00000000,0.00000000,0.01957015,0.00000000,0.00000000,0.00000000,0.00000000,0.09940968,0.02536574,0.00000000,0.00000000,0.00000000,0.00000000,0.00317857,0.12273198,0.00000000,0.00105532,0.00000000,0.00000000,0.00000000,0.00000000,0.00000000,0.00000000,0.00434409,0.00000000,0.00000000,0.01142276,0.00196303,0.00123219,0.01029843,0.00000000,0.00000000,0.00000000,0.00000000,0.00000000,0.00000000,0.00000000,0.00000000,0.00000000,0.00000000,0.00000000,0.00000000,0.00000000,0.00000000,0.00000000,0.00000000,0.00000000,0.00000000,0.00000000,0.00000000,0.00142423,0.00000000,0.00000000,0.00000000,0.00000000,0.00000000,0.00000000,0.00000000,0.00000000,0.00000000,0.00000000,0.00000000,0.00000000,0.00000000,0.00000000,0.00000000,0.00000000,0.00000000,0.00000000,0.00000000,0.00000000,0.00000000,0.00000000,0.00000000,0.00000000,0.00000000,0.00000000,0.00000000,0.00000000,0.00000000,0.00000000,0.00000000,0.00000000,0.00000000,0.00000000,0.12282283,0.00000000,0.00000000,0.00000000,0.00349890,0.00000000,0.00000000,0.00000000,0.00000000,0.00000000,0.00000000,0.00000000,0.00000000,0.00000000,0.00000000,0.00000000,0.00000000,0.00000000,0.00000000,0.00000000,0.00000000,0.00000000,0.00000000,0.00000000,0.00000000,0.00000000,0.00000000,0.00000000,0.00000000,0.00000000,0.00000000,0.00000000,0.00143739,0.00000000,0.00000000,0.00000000,0.00000000,0.00000000,0.00000000,0.00000000,0.00000000,0.00000000,0.00000000,0.00000000,0.00000000,0.00000000,0.00000000,0.00000000,0.00000000,0.00000000,0.00000000,0.00000000,0.00000000,0.00000000,0.00000000,0.00000000,0.00000000,0.00000000,0.00343590,0.00000000,0.00000000,0.00000000,0.00000000,0.00000000,0.00000000,0.15734342,0.00000000,0.00000000,0.00000000,0.04210042,0.00000000,0.00000000,0.00000000,0.03261821,0.00000000,0.00000000,0.00000000,0.00000000,0.00000000,0.00000000,0.00000000,0.00000000,0.00000000,0.09977918,0.00000000,1.76205434,0.00000000,0.02440134,0.00000000,0.01666566,0.00000000,0.00000000,0.00000000,0.00000000,0.00000000,0.00055177,0.10210572,0.00000000,0.00116308,0.00000000,0.00000000,0.00000000,0.00000000,0.00000000,0.00000000,0.00000000,0.00000000,0.00374276,0.07591095,0.00000000,0.00000000,0.00000000,0.00000000,0.00000000,0.00000000,0.00000000,0.00000000,0.00000000,0.03975652,0.00000000,0.00000000,0.00000000,0.00000000,0.00000000,0.00000000,0.00000000,0.00734079,0.00000000,0.00000000,0.00000000,0.00000000,0.00000000,0.00000000,0.00000000,0.05123609,0.00000000,0.00000000,0.00000000,0.00943864,0.00000000,0.00000000,0.00000000,0.01871627,0.00000000,0.00000000,0.00000000,0.00000000,0.00000000,0.00000000,0.00539354,0.00000000,0.00000000,0.00000000,0.00000000,0.00000000,0.00000000,0.00000000,0.00000000,0.00000000,0.00000000,0.00000000,0.00000000,0.00000000,0.00000000,0.00000000,0.00000000,0.00000000,0.00000000,0.00000000,0.00000000,0.00000000,0.00000000,0.00108684,0.00150746,0.00000000,0.00000000,0.00000000,0.00000000,0.00000000,0.00000000,0.00355853,0.00000000,0.00000000,0.00000000,0.00000000,0.00000000,0.00000000,0.00135355,0.00000000,0.00000000,0.00349251,0.00442902,0.00707210,0.02330839,0.00000000,0.00000000,0.00000000,0.00000000,0.00000000,0.00000000,0.00000000,0.00000000,0.00000000,0.00438789,0.95425314,0.00000000
0.00000000,0.00000000,0.00000000,0.00000000,0.00000000,0.00000000,0.00000000,0.00000000,0.00000000,0.00000000,0.00000000,0.00000000,0.00000000,0.00000000,0.06567887,0.00000000,0.00000000,0.00056838,0.00000000,0.00000000,0.00000000,0.00000000,0.00100678,0.00000000,0.00000000,0.00000000,0.00000000,0.00000000,0.00000000,0.00000000,0.00000000,0.00000000,0.00000000,0.00211886,0.00000000,0.00000000,0.04211230,0.00000000,0.00000000,0.00000000,0.00000000,0.00000000,0.00000000,0.00000000,0.00000000,0.00000000,0.01002521,0.00320767,0.00000000,0.00000000,0.00000000,0.00000000,0.00000000,0.00000000,0.00000000,0.00000000,0.00000000,0.00000000,0.00000000,0.00000000,0.00000000,0.00000000,0.00000000,0.00000000,0.00000000,0.00000000,0.03401528,0.00000000,0.00000000,0.00000000,0.00000000,0.00234818,0.00000000,0.00000000,0.00000000,0.00000000,0.06631242,0.00000000,0.04734044,0.00000000,0.00000000,0.00133767,0.00000000,0.00000000,0.00000000,0.00000000,0.00000000,1.04966648,0.00000000,0.00000000,0.00000000,0.00000000,0.00000000,0.00000000,0.00000000,0.00000000,0.00000000,0.00000000,0.00000000,0.24100644,0.00000000,0.00000000,0.00000000,0.00000000,0.00000000,0.00000000,0.02157767,0.00000000,0.00000000,0.00000000,0.00000000,0.00000000,0.00000000,0.00000000,0.00000000,0.00000000,0.00000000,0.11505618,0.02958336,0.00130409,0.00000000,0.00000000,0.00000000,0.00000000,0.00000000,0.00121422,0.00000000,0.00000000,0.00000000,0.00000000,0.07887454,0.00000000,0.00000000,0.01109052,0.00000000,0.00000000,0.00000000,0.00562638,0.00000000,0.00000000,0.00000000,0.01642856,0.00000000,0.00387259,0.00000000,0.03440082,0.00181107,0.00000000,0.00000000,0.00000000,0.00000000,0.00000000,0.00000000,0.02513615,0.00000000,0.00000000,0.00000000,0.00681622,0.00000000,0.00000000,0.00000000,0.00000000,0.01104186,0.00000000,0.00000000,0.00000000,0.00000000,0.00000000,0.00000000,0.00000000,0.00000000,0.00000000,0.00000000,0.00000000,0.00000000,0.00438233,0.00000000,0.00000000,0.00000000,0.00000000,0.00000000,0.00000000,0.00000000,0.00197552,0.00000000,0.00000000,0.00454834,0.00382121,0.00000000,0.00000000,0.00000000,0.00000000,0.00000000,0.00000000,0.00000000,0.00000000,0.00000000,0.00000000,0.00000000,0.00000000,0.00000000,0.00000000,0.00000000,0.00000000,0.00000000,0.00000000,0.00731131,0.00000000,0.00000000,0.00000000,0.00000000,0.00000000,0.00000000,0.00000000,0.00000000,0.00000000,0.00000000,0.00000000,0.00000000,0.00000000,0.00000000,0.00000000,0.00000000,0.00000000,0.00491865,0.00000000,0.00000000,0.48730025,0.00000000,0.00000000,0.00000000,0.00000000,0.00000000,0.00545754,0.00000000,0.00000000,0.00000000,0.00000000,0.00912824,0.00000000,0.00000000,0.00000000,0.00000000,0.00000000,0.00291149,0.03752333,0.00000000,0.00000000,0.00000000,0.00000000,0.00000000,0.01705072,0.00000000,0.00000000,0.00000000,0.00000000,0.00000000,0.00000000,0.00000000,0.00000000,0.00000000,0.00000000,0.00000000,0.00000000,0.00083395,0.00000000,0.00000000,0.00000000,0.00000000,0.00000000,0.00000000,0.00000000,0.00000000,0.00000000,0.00000000,0.00000000,0.30874124,0.00000000,0.00000000,0.00000000,0.00000000,0.00000000,0.00000000,0.00000000,0.00000000,0.00000000,0.00000000,0.00000000,0.02085635,0.00000000,0.00929622,0.00000000,0.00000000,0.00000000,0.00000000,0.00000000,0.00000000,0.50171861,0.00000000,0.00000000,0.00000000,0.00917320,0.00000000,0.00000000,0.00000000,0.00000000,0.00886522,0.00270487,0.00000000,0.00000000,0.00430136,0.00000000,0.00000000,0.00000000,0.00000000,0.00000000,0.00000000,0.00000000,0.00000000,0.00000000,0.00000000,0.00000000,0.00000000,0.00520915,0.00000000,0.00000000,0.00000000,0.00000000,0.01342070,0.00000000,0.00000000,0.00000000,0.00000000,0.00000000,0.00000000,0.00000000,0.00000000,0.00000000,0.00257458,0.00285235,0.00000000,0.00000000,0.00000000,0.00087125,0.00000000,0.00000000,0.00000000,0.00000000,0.00000000,0.00000000,0.00000000,0.00000000,0.00000000,0.00000000,0.00000000,0.00000000,0.00000000,0.00000000,0.00000000,0.00000000,0.00000000,0.00000000,0.00000000,0.00000000,0.00000000,0.00000000,0.00000000,0.00000000,0.00000000,0.00000000,0.00000000,0.00000000,0.00000000,0.00000000,0.00000000,0.00000000,0.00000000,0.00000000,0.00000000,0.00308350,0.00000000,0.00000000,0.06109580,0.00000000,0.00000000,0.00000000,0.00000000,0.10512212,0.00000000,0.00000000,0.00000000,0.00000000,0.00000000,1.00807196,0.00000000,0.00000000,0.00000000,0.00199419,0.00000000,0.00182614,0.00000000,0.00000000,0.00000000,0.00000000,0.00000000,0.01288479,0.00000000,0.00000000,0.00000000,0.00000000,0.00000000,0.00211309,0.00000000,0.00000000,0.00000000,0.00000000,0.00000000,0.00000000,0.00000000,0.00000000,0.00000000,0.00000000,0.00000000,0.00000000,0.00000000,0.00000000,0.00000000,0.00000000,0.00000000,0.00000000,0.00000000,0.00000000,0.00000000,0.00000000,0.00000000,0.00000000,0.03334108,0.00000000,0.00000000,0.00907846,0.00000000,0.00000000,0.00410794,0.00000000,0.00000000,0.00000000,0.01110058,0.00000000,0.00000000,0.00000000,0.00000000,0.00000000,0.00000000,0.01368433,0.00000000,0.00000000,0.00000000,0.00000000,0.00000000,0.00000000,0.00000000,0.00000000,0.00000000,0.00000000,0.00000000,0.00000000,0.00000000,0.00000000,0.00000000,0.00000000,0.00000000,0.00000000,0.00000000,0.00000000,0.03473385,0.00000000,0.00000000,0.00000000,0.00000000,0.00000000,0.00000000,0.00000000,0.00000000,0.19112907,0.00000000,0.00000000,0.00000000,0.00000000,0.00000000,0.00000000,0.00000000,0.00000000,0.00000000,0.00000000,0.00000000,0.00000000,0.00000000,0.00000000,0.00000000,0.02661966,0.00000000,0.00000000,0.00000000,0.00000000,0.00000000,0.00000000,0.04058509,0.08886466,0.00000000,0.00000000,0.00000000,0.00000000,0.00000000,0.00000000,0.00000000,0.00000000,0.00000000,0.00000000,0.00114553,0.00000000,0.03893936,0.00000000,0.00000000,0.00000000,0.00000000,0.00000000,0.00000000,0.00000000,0.00000000,0.00000000,0.00000000,0.05972481,0.00000000,0.00000000,0.00000000,0.00000000,0.00000000,0.00000000,0.00000000,0.00000000,0.00000000,0.00000000,0.04007026,0.00000000,0.00000000,0.00338361,0.00000000,0.00000000,0.00000000,0.00000000,0.00000000,0.00000000,0.06927580,0.00000000,0.00000000,0.00000000,0.00000000,0.00000000,0.00551554,0.03538629,0.01831141,0.00000000,0.00000000,0.00000000,0.00000000,0.03834143,0.00332656,0.00000000,0.00000000,0.00000000,0.00000000,0.00000000,0.00240315,0.00000000,0.00000000,0.12211931,0.00000000,0.00000000,0.00000000,0.00000000,0.00000000,0.00450204,0.00000000,0.04862204,0.00000000,0.00000000,0.00000000,0.00105931,0.00000000,0.00000000,0.00000000,0.00000000,0.00000000,0.00279452,0.00000000,0.00000000,0.00862636,0.00000000,0.00000000,0.01353451,0.00175527,0.05844644,0.00000000,0.00000000,0.00000000,0.00000000,0.00000000,0.00000000,0.00000000,0.00000000,0.00000000,0.00000000,0.00000000,0.00000000,0.00000000,0.00000000,0.00000000,0.00000000,0.00000000,0.00000000,0.00000000,0.00202376,0.00000000,0.00000000,0.00000000,0.00000000,0.00000000,0.00000000,0.00000000,0.00177101,0.00000000,0.00000000,0.00000000,0.01572618,0.00000000,0.00000000,0.00235028,0.00000000,0.00000000,0.00000000,0.00000000,0.00000000,0.00000000,0.00000000,0.00000000,0.00000000,0.00000000,0.00000000,0.00000000,0.00000000,0.00000000,0.00000000,0.00000000,0.00000000,0.00000000,0.00000000,0.00000000,0.00000000,0.00000000,0.00000000,0.00000000,0.00000000,0.00000000,0.00000000,0.00318835,0.00000000,0.00000000,0.00000000,0.00000000,0.00000000,0.00000000,0.00000000,0.00000000,0.00000000,0.00000000,0.00000000,0.00000000,0.00000000,0.00000000,0.00000000,0.00513824,0.00323615,0.00000000,0.00083502,0.00000000,0.00000000,0.00000000,0.00000000,0.00000000,0.00000000,0.00000000,0.00000000,0.00000000,0.00000000,0.00000000,0.00000000,0.00000000,0.00000000,0.00000000,0.00000000,0.00000000,0.00000000,0.00104242,0.00000000,0.00000000,0.00000000,0.00000000,1.10375200,0.00000000,0.00000000,0.00000000,0.00000000,0.00000000,0.00000000,0.00000000,0.00000000,0.00000000,0.00000000,0.00000000,0.00000000,0.00000000,0.00000000,0.00000000,0.00000000,0.00000000,0.00000000,0.00000000,0.00219842,0.00000000,0.00000000,0.00000000,0.00000000,1.20671499,0.00000000,0.00000000,0.00000000,0.00000000,0.00000000,0.00000000,0.00000000,0.00000000,0.00000000,0.00000000,0.60216632,0.00000000,0.00000000,0.00000000,0.00000000,0.00000000,0.00000000,0.01910385,0.00000000,0.00000000,0.00000000,0.00000000,0.00000000,0.00000000,0.00000000,0.02724108,0.00000000,0.00000000,0.00571971,0.00000000,0.00000000,0.00000000,0.00000000,0.00000000,0.00000000,0.00000000,0.00000000,0.00000000,0.18197796,0.00000000,0.00000000,0.00000000,0.00000000,0.00000000,0.00000000,0.03976903,0.00000000,0.00000000,0.00000000,0.00000000,0.01780914,0.00859555,0.00000000,0.00000000,0.00000000,0.00000000,0.00000000,0.00000000,0.00000000,0.00000000,0.00000000,0.00000000,0.00000000,0.00000000,0.00000000,0.00000000,0.00000000
0.00310629,0.00000000,0.00597218,0.00000000,0.00000000,0.00000000,0.00000000,0.00000000,0.00803668,0.00000000,0.00000000,0.00000000,0.00000000,0.00000000,0.00000000,0.00000000,0.00000000,0.00000000,0.00000000,0.00000000,0.00000000,0.00000000,0.00000000,0.00000000,0.00000000,0.00000000,0.00000000,0.00000000,0.00000000,0.00000000,0.03428901,0.00306213,0.00000000,0.00000000,0.00000000,0.00000000,0.00000000,0.00000000,0.00000000,0.00000000,0.01859636,0.00000000,0.00000000,0.07188964,0.00000000,0.00000000,0.00000000,0.00000000,0.00000000,0.00000000,0.00000000,0.00000000,0.00000000,0.00000000,0.00000000,0.00000000,0.00000000,0.00000000,0.00000000,0.00000000,0.00355082,0.00000000,0.00000000,0.00000000,0.00000000,0.00000000,0.00000000,0.00000000,0.00000000,0.00000000,0.00000000,0.00000000,0.00000000,0.00000000,0.00000000,0.00000000,0.00000000,0.00000000,0.00000000,0.00000000,0.00000000,0.00000000,0.00000000,0.00000000,0.00000000,0.00000000,0.00000000,0.00000000,0.00163202,0.00000000,0.00000000,0.00000000,0.00000000,0.00000000,0.00000000,0.00000000,0.00000000,0.00000000,0.00000000,0.00000000,0.00000000,0.03060437,0.00000000,0.00000000,0.00000000,0.00000000,0.00117116,0.00000000,0.00281586,0.00863131,0.00000000,0.00000000,0.00000000,0.00000000,0.00000000,0.00000000,0.00000000,0.00000000,0.00000000,0.00000000,0.00000000,0.00000000,0.00000000,0.00000000,0.00000000,0.00000000,0.00000000,0.00000000,0.00000000,0.00000000,0.00000000,0.00516290,0.00000000,0.00000000,0.00000000,0.00000000,0.01256707,0.00000000,0.03398231,0.00000000,0.00000000,0.00000000,0.00000000,0.00000000,0.00000000,0.00000000,0.00000000,0.00000000,0.00000000,0.00000000,0.00000000,0.00000000,0.00000000,0.00000000,0.00000000,0.00000000,0.00000000,0.00000000,0.00000000,0.00000000,0.00000000,0.00000000,0.00000000,0.00000000,0.00000000,0.00000000,0.00000000,0.00000000,0.00000000,0.00000000,0.00000000,0.01792939,0.00000000,0.04510315,0.00000000,0.00000000,0.00000000,0.00000000,0.00000000,0.00000000,0.01137180,0.00000000,0.00000000,0.00000000,0.00000000,0.00000000,0.00000000,0.00000000,0.00000000,0.00000000,0.00000000,0.00000000,0.00000000,0.02636222,0.00572651,0.00000000,0.00000000,0.00000000,0.00000000,0.00000000,0.00000000,0.00000000,0.00000000,0.00000000,0.00000000,0.00000000,0.00000000,0.00126063,0.00000000,0.00000000,0.00000000,0.00000000,0.00000000,0.00208501,0.00000000,0.00000000,0.00000000,0.00000000,0.00000000,0.00000000,0.00000000,0.00000000,0.00359986,0.00000000,0.00000000,0.00000000,0.00000000,0.00000000,0.00874259,0.00000000,0.00000000,0.00161412,0.00000000,0.00000000,0.00000000,0.00000000,0.00000000,0.00000000,0.00000000,0.00000000,0.00000000,0.00000000,0.00000000,0.00000000,0.00000000,0.00000000,0.00000000,0.00000000,0.00000000,0.00000000,0.00000000,0.00000000,0.00000000,0.05340294,0.00000000,0.00000000,0.03445083,0.00000000,0.02407720,0.00000000,0.00000000,0.00000000,0.00000000,0.00000000,0.00000000,0.00000000,0.00000000,0.00000000,0.00188216,0.00000000,0.00000000,0.00000000,0.00000000,0.00000000,0.00000000,0.00000000,0.00000000,0.00626611,0.00000000,0.00000000,0.00000000,0.00000000,0.00000000,0.00000000,0.00000000,0.00000000,0.00000000,0.00000000,0.00282557,0.00000000,0.00000000,0.00000000,0.00000000,0.00000000,0.00000000,0.00000000,0.00000000,0.00000000,0.00000000,0.00000000,0.00000000,0.00000000,0.00000000,0.00000000,0.00000000,0.00000000,0.00000000,0.00000000,0.01614443,0.00000000,0.00000000,0.00000000,0.00000000,0.00000000,0.00000000,0.00000000,0.00000000,0.00000000,0.00000000,0.00000000,0.00000000,0.00195733,0.00000000,0.00000000,0.00000000,0.00000000,0.00000000,0.00000000,0.00000000,0.00000000,0.00000000,0.00000000,0.00000000,0.00000000,0.00000000,0.00000000,0.00000000,0.00000000,0.02228916,0.01917469,0.00000000,0.01484141,0.00000000,0.00000000,0.00000000,0.00000000,0.00000000,0.00000000,0.00000000,0.00000000,0.00000000,0.00000000,0.00000000,0.00000000,0.00000000,0.00000000,0.00000000,0.00408800,0.00000000,0.00000000,0.00000000,0.00000000,0.00000000,0.00000000,0.00000000,0.00000000,0.00000000,0.00000000,0.00258928,0.00000000,0.00000000,0.00380056,0.00000000,0.00000000,0.00000000,0.00000000,0.00000000,0.00319412,0.00000000,0.00000000,0.00000000,0.00637769,0.02808578,0.00000000,0.00000000,0.00000000,0.00000000,0.00000000,0.00000000,0.00000000,0.00514586,0.00536762,0.00000000,0.00000000,0.00000000,0.00000000,0.00000000,0.07448729,0.00000000,0.00000000,0.00000000,0.00000000,0.00000000,0.00788513,0.00000000,0.00000000,0.00000000,0.00000000,0.00000000,0.00000000,0.00217194,0.00000000,0.00000000,0.00000000,0.00000000,0.00000000,0.00267662,0.00000000,0.00000000,0.00269664,0.00000000,0.00000000,0.00148657,0.00000000,0.00000000,0.00000000,0.00000000,0.00000000,0.00000000,0.00000000,0.00000000,0.00000000,0.00000000,0.00000000,0.16179074,0.00000000,0.00000000,0.02692478,0.00000000,0.00000000,0.00000000,0.00000000,0.00000000,0.00000000,0.00000000,0.00000000,0.00000000,0.00000000,0.00000000,0.00000000,0.00000000,0.00000000,0.00000000,0.00000000,0.00000000,0.00000000,1.74036624,0.00000000,0.00000000,0.00793251,0.00000000,0.00000000,0.00000000,0.00000000,0.00000000,0.00000000,0.00000000,0.00000000,0.00000000,0.00000000,0.00000000,0.00000000,0.00793205,0.00000000,0.00000000,0.00000000,0.00000000,0.00000000,0.00000000,0.00000000,0.00000000,0.00277189,0.00000000,0.00000000,0.00000000,0.00000000,0.00000000,0.00000000,0.00000000,0.00000000,0.00000000,0.00000000,0.00000000,0.00000000,0.00000000,0.00000000,0.00000000,0.02345559,0.00000000,0.00000000,0.00000000,0.11981733,0.00151488,0.00304425,0.00000000,0.00304407,0.00000000,0.00000000,0.00000000,0.00000000,0.00000000,0.00000000,0.00422773,0.00000000,0.00000000,0.00000000,0.00000000,0.00000000,0.02052707,0.00000000,0.00000000,0.00000000,0.00000000,0.00000000,0.00000000,0.03853995,0.00000000,0.00000000,0.00000000,0.00439250,0.00000000,0.00000000,0.00104804,0.00000000,0.00000000,0.00000000,0.00000000,0.00000000,0.00000000,0.00000000,0.00000000,0.00000000,0.00000000,0.00000000,0.00000000,0.00701316,0.00113173,0.00000000,0.00000000,0.00000000,0.00000000,0.00000000,0.00000000,0.00000000,0.00000000,0.00000000,0.00000000,0.00000000,0.00000000,0.23581925,0.00000000,0.00869226,0.09959209,0.00000000,0.11890242,0.00000000,0.00000000,0.00000000,0.00000000,0.00000000,0.00000000,0.00000000,0.00000000,0.00000000,0.00000000,0.07326005,0.00000000,0.00000000,0.00000000,0.01845860,0.00603058,0.00000000,0.00000000,0.00000000,0.00000000,0.00000000,0.12208004,0.00000000,0.00000000,0.00000000,0.00000000,0.00000000,0.00000000,0.00000000,0.01574345,0.00000000,0.00000000,0.00000000,0.00000000,0.00000000,0.00000000,0.00000000,0.00000000,0.00000000,0.00000000,0.00000000,0.00263660,0.00000000,0.00000000,0.00000000,0.00000000,0.00000000,0.00000000,0.00000000,0.00000000,0.00000000,0.00000000,0.00000000,0.00000000,0.00000000,0.01497683,0.00000000,0.00000000,0.00000000,0.00000000,0.00000000,0.24447035,0.00000000,0.00231864,0.00000000,0.00000000,0.00000000,0.00000000,0.00000000,0.00000000,0.10856666,0.00387069,0.83180950,0.00000000,0.00000000,0.00000000,0.00000000,0.00000000,0.00000000,0.00000000,0.00000000,0.00000000,0.00000000,0.00000000,0.00000000,0.00000000,0.00000000,0.00000000,0.00000000,0.00112071,0.00000000,0.00000000,0.00000000,0.00415863,0.21110360,0.00000000,0.00000000,0.02631848,0.00000000,0.00000000,0.00000000,0.00000000,0.00000000,0.00000000,0.00000000,0.00000000,0.00000000,0.00562529,0.00000000,0.00000000,0.00000000,0.00000000,0.00000000,0.00000000,0.00000000,0.00000000,0.00087453,0.00000000,0.00000000,0.00000000,0.00000000,0.00000000,0.00000000,0.00000000,0.00000000,0.00000000,0.00000000,0.00000000,0.00000000,0.00000000,0.00000000,0.00000000,0.00000000,0.00000000,0.00000000,0.00000000,0.00000000,0.00000000,0.00000000,0.00632852,0.00000000,0.00000000,0.00000000,0.22865799,0.00000000,0.00533815,0.00116580,0.00000000,0.00000000,0.13253723,0.00000000,0.00261210,0.01254936,0.00000000,0.00566327,0.00000000,0.00000000,0.00000000,0.00000000,0.00694271,0.00000000,0.00000000,0.00000000,0.00127859,0.00000000,0.00000000,0.00610807,0.00399268,0.00000000,0.07229109,0.37932815,0.00000000,0.00000000,0.00000000,0.01114856,0.00000000,0.00000000,0.00000000,0.00000000,0.00000000,0.00000000,0.00000000,0.00000000,0.00000000,0.00000000,0.00000000,0.00000000,0.00000000,0.00000000,0.00000000,0.00000000,0.00000000,0.00000000,0.00000000,0.00000000,0.00000000,0.00000000,0.05484962,0.00000000,0.00000000,0.00000000,0.00000000,0.00719422,0.64340655,0.00000000,0.00000000,0.00000000,0.00000000,0.00370430,0.00000000,0.00000000,0.00000000,0.00000000,0.00000000,0.00000000,0.01294253,0.00343134,0.00000000,0.00000000,0.00000000,0.00000000,0.00000000,0.00416338,0.00000000,0.00000000,0.00000000,0.00000000,0.00000000,0.00000000,0.00215969,0.00000000,0.00000000,0.00000000,0.00000000,0.00000000
0.00000000,0.00000000,0.00000000,0.00000000,0.00000000,0.00000000,0.00156604,0.00000000,0.00000000,0.00000000,0.00000000,0.00000000,0.06567887,0.00000000,0.00000000,0.00000000,0.00000000,0.00000000,0.00000000,0.00000000,0.00614301,0.00000000,0.00000000,0.00000000,0.00860675,0.00000000,0.00000000,0.00000000,0.00000000,0.00000000,0.00000000,0.00000000,0.01627984,0.00335994,0.00000000,0.01166385,0.00000000,0.00000000,0.00000000,0.00000000,0.00000000,0.00000000,0.00000000,0.00000000,0.00000000,0.00000000,0.02188613,0.00000000,0.00000000,0.00000000,0.00000000,0.00926359,0.00000000,0.00000000,0.00000000,0.00000000,0.00000000,0.00000000,0.00000000,0.00000000,0.00000000,0.00000000,0.00000000,0.00000000,0.00000000,0.00000000,0.00000000,0.00000000,0.12194396,0.00000000,0.00000000,0.00000000,0.00499773,0.00000000,0.00000000,0.00000000,0.00000000,0.00000000,0.00000000,0.02998997,0.00000000,0.00000000,0.00000000,0.00000000,0.00000000,0.00000000,0.00000000,0.00000000,0.00000000,0.01888448,0.00000000,0.00000000,0.01376304,0.00000000,0.00000000,0.00000000,0.00000000,0.00000000,0.00000000,0.00000000,0.00000000,0.00000000,0.00000000,0.00159079,0.00000000,0.00599836,0.00000000,0.01038426,0.00000000,0.00000000,0.10417689,0.00000000,0.00000000,0.00000000,0.00000000,0.00000000,0.00000000,0.00254343,0.05058896,0.00000000,0.00217376,0.00000000,0.00000000,0.00000000,0.00401718,0.00000000,0.00000000,0.00000000,0.00352747,0.00000000,0.00000000,0.00000000,0.00000000,0.00000000,0.00685342,0.00000000,0.01363046,0.00000000,0.00000000,0.00000000,0.00316816,0.00178050,0.00000000,0.01242567,0.00000000,0.00000000,0.00000000,0.00000000,0.00000000,0.00098957,0.01282605,0.00000000,0.00000000,0.00000000,0.00000000,0.00000000,0.00000000,0.00000000,0.00000000,0.00000000,0.00000000,0.00000000,0.00000000,0.00000000,0.00000000,0.00000000,0.00000000,0.00000000,0.00000000,0.57474471,0.00000000,0.00000000,0.00000000,0.00000000,0.00000000,0.00000000,0.00000000,0.00000000,0.00000000,0.00000000,0.01884038,0.00000000,0.00000000,0.00000000,0.00000000,0.00000000,0.00000000,0.00000000,0.11011400,0.00293402,0.01527671,0.00000000,0.00000000,0.00257893,0.00000000,0.00000000,0.00000000,0.00000000,0.00000000,0.00000000,0.00000000,0.00678511,0.00000000,0.00000000,0.00000000,0.00000000,0.00000000,0.00000000,0.00000000,0.00000000,0.00000000,0.00000000,0.00000000,0.00000000,0.00000000,0.00000000,0.00000000,0.00000000,0.00000000,0.00000000,0.00000000,0.00721718,0.00178008,0.00000000,0.00000000,0.00000000,0.00000000,0.00000000,0.00000000,0.00000000,0.00000000,0.00000000,0.00000000,0.00559974,0.01133703,0.00000000,0.01592359,0.00000000,0.00000000,0.00000000,0.02503965,0.00000000,0.00000000,0.00000000,0.00000000,0.00000000,0.00000000,0.00000000,0.00000000,0.00000000,0.00000000,0.00000000,0.00000000,0.00000000,0.00000000,0.00528409,0.00000000,0.00000000,0.00000000,0.00000000,0.00000000,0.00000000,0.00000000,0.00000000,0.00000000,0.00000000,0.00000000,0.00000000,0.00242817,0.00000000,0.00000000,0.00000000,0.00000000,0.00000000,0.00000000,0.00000000,0.00000000,0.00000000,0.00000000,0.00000000,0.00000000,0.00000000,0.00000000,0.00000000,0.00000000,0.00000000,0.00000000,0.00000000,0.00000000,0.02789035,0.00000000,0.00000000,0.00923212,0.00000000,0.00000000,0.00000000,0.00000000,0.00000000,0.00000000,0.00340380,3.41332312,0.00000000,0.00000000,0.00629033,0.00000000,0.00000000,0.00000000,0.01902186,0.00000000,0.00000000,0.00000000,0.00000000,0.00000000,0.00000000,0.00509622,0.00000000,0.00000000,0.00000000,0.00000000,0.00000000,0.00000000,0.00000000,0.00000000,0.00000000,0.00000000,0.00000000,0.00000000,0.00000000,0.00000000,0.00000000,0.00097823,0.00000000,0.00000000,0.00000000,0.00000000,0.00000000,0.00000000,0.00000000,0.00000000,0.00000000,0.00000000,0.00000000,0.00000000,0.00000000,0.00000000,0.00000000,0.20301276,0.00000000,0.00000000,0.00000000,0.00000000,0.00147288,0.00000000,0.00000000,0.00000000,0.00000000,0.00000000,0.00000000,0.00000000,0.00000000,0.00838838,0.00000000,0.00000000,0.00000000,0.00000000,0.00000000,0.36321124,0.00000000,0.00000000,0.00000000,0.00709464,0.00000000,0.00000000,0.00000000,0.00000000,0.00000000,0.00000000,0.00000000,0.00000000,0.00000000,0.00000000,0.00965098,0.00000000,0.00000000,0.00000000,0.00000000,0.00000000,0.00000000,0.00000000,0.00000000,0.00000000,0.00000000,1.16099390,0.00000000,0.00000000,0.00000000,0.00000000,0.00000000,0.00000000,0.00000000,0.00269224,0.00812617,0.00000000,0.05538219,0.00000000,0.00420918,0.00000000,0.00000000,0.00000000,0.00000000,0.00000000,0.00000000,0.00000000,0.19809253,0.00000000,0.00000000,0.00000000,0.00000000,0.00218557,0.00975133,0.00000000,0.00245772,0.00000000,0.00000000,0.00000000,0.00000000,0.00000000,0.00000000,0.00000000,0.00000000,0.00000000,0.00000000,0.00000000,0.00458305,0.00000000,0.00000000,0.00000000,0.00000000,0.00000000,0.00000000,0.00000000,0.00000000,0.00000000,0.00000000,0.00000000,0.00648940,0.00000000,0.00000000,0.00000000,0.00000000,0.00000000,0.01079849,0.00000000,0.00000000,0.00000000,0.00000000,0.00716570,0.00000000,0.00000000,0.00000000,0.00000000,0.00000000,0.00000000,0.00000000,0.00000000,0.00000000,0.00000000,0.00000000,0.01648195,0.00000000,0.00000000,0.00000000,0.00000000,0.00000000,0.00000000,0.00000000,0.00000000,0.00000000,0.00000000,0.00451263,0.00000000,0.37423223,0.00000000,0.00000000,0.00000000,0.00000000,0.00000000,0.00505610,0.00000000,0.00000000,0.00000000,0.00000000,0.00303861,0.00000000,0.07793453,0.00000000,0.00000000,0.00000000,0.00000000,0.00000000,0.00000000,0.00000000,0.00000000,0.00000000,0.00000000,0.00000000,0.00000000,0.00000000,0.00000000,0.00248405,0.00000000,0.00000000,0.00000000,0.00000000,0.00000000,0.00000000,0.00000000,0.00000000,0.00000000,0.00000000,0.00000000,0.00000000,0.00000000,0.00000000,0.00000000,0.00000000,0.00000000,0.00000000,0.00000000,0.00000000,0.00000000,0.00000000,0.00000000,0.00000000,0.00000000,0.00000000,0.00000000,0.00000000,0.00000000,0.00000000,0.00000000,0.00000000,0.00000000,0.00000000,0.00000000,0.00000000,0.00000000,0.00000000,0.00000000,0.00000000,0.00000000,0.00000000,0.00000000,0.00000000,0.00000000,0.00000000,0.00000000,0.00000000,0.00091134,0.00000000,0.01041357,0.00379663,0.00000000,0.00000000,0.00000000,0.00000000,0.00000000,0.00156302,0.00000000,0.00000000,0.00000000,0.00000000,0.00469244,0.00000000,0.00000000,0.00000000,0.00000000,0.00000000,0.00000000,0.00000000,0.20505057,0.00000000,0.00000000,0.00000000,0.00000000,0.00000000,0.00000000,0.00000000,0.00000000,0.00000000,0.00000000,0.00877558,0.00000000,0.00000000,0.00206204,0.00000000,0.00000000,0.00000000,0.00197601,0.00000000,0.00411200,0.00000000,0.00000000,0.00000000,0.00000000,0.00000000,0.00000000,0.00000000,0.00000000,0.00000000,0.00734772,0.00000000,0.00000000,0.00490410,0.00000000,0.00000000,0.00000000,0.02806926,0.00000000,0.00000000,0.00000000,0.00000000,0.00000000,0.00173442,0.00000000,0.00000000,0.00000000,0.05300964,0.00000000,0.00000000,0.00000000,0.00000000,0.00000000,0.00000000,0.00000000,0.00000000,0.00000000,0.00000000,0.00000000,0.00000000,0.00000000,0.08098840,0.00000000,0.00000000,0.00848662,0.00000000,0.00000000,0.00000000,0.00000000,0.00000000,0.00000000,0.03177729,0.00000000,0.00000000,0.00000000,0.00000000,0.00000000,0.00000000,0.00000000,0.00000000,0.00000000,0.00000000,0.00000000,0.00000000,0.00000000,0.00000000,0.00000000,0.00000000,0.00000000,0.00000000,0.00000000,0.00000000,0.00000000,0.00000000,0.00000000,0.00000000,0.00000000,0.00000000,0.00000000,0.00000000,0.00000000,0.00000000,0.00000000,0.00000000,0.00000000,0.00000000,0.00000000,0.00000000,0.00000000,0.00000000,0.00000000,0.00000000,0.00000000,0.00000000,0.00000000,0.00000000,0.00000000,0.00000000,0.00000000,0.00000000,0.00000000,0.00000000,0.00000000,0.00000000,0.00000000,0.00000000,0.00000000,0.00000000,0.00000000,0.00347149,0.00000000,0.00000000,0.00000000,0.00000000,0.00000000,0.00000000,0.00000000,0.01392484,0.00000000,0.01064955,0.00000000,0.00000000,0.00000000,0.00000000,0.00000000,0.00000000,0.00000000,0.00000000,0.02366334,0.00199733,0.00000000,0.00000000,0.00000000,0.00000000,0.00000000,0.00000000,0.00000000,0.00147591,0.00000000,0.00000000,0.00000000,0.00000000,0.00000000,0.00000000,0.00000000,0.00000000,0.00658152,0.00000000,0.00000000,0.02321503,0.05735067,0.00000000,0.01999971,0.00000000,0.00000000,0.00000000,0.00386822,0.00000000,0.40825876,0.00000000,0.00000000,0.00000000,0.00297104,0.00000000,0.00000000,0.00000000,0.00000000,0.00000000,0.00000000,0.00000000,0.00000000,0.00000000,0.00000000,0.00504631,0.00000000,0.00353354,0.00000000,0.00000000,0.00000000,0.00000000,0.00000000,0.00000000,0.00000000,0.00000000,0.02318376,0.00000000,0.00000000,0.00000000,0.00000000,0.00000000,0.00000000,0.00000000,0.00000000,0.00000000,0.00000000,0.00000000,0.00000000,0.00000000,0.01626216,0.00000000
0.00000000,0.00000000,0.00000000,0.00000000,0.61636291,0.00000000,0.00000000,0.00000000,0.00000000,0.00000000,0.00000000,0.00000000,0.00000000,0.00000000,0.00000000,0.00000000,0.05297186,0.00000000,0.00000000,0.06253266,0.00000000,0.00000000,0.00000000,0.05484013,0.10278741,0.00437286,0.00000000,0.00000000,0.00000000,0.00000000,0.00000000,0.00000000,0.00000000,0.01025663,0.00000000,0.00000000,0.00000000,0.00000000,0.00000000,0.00000000,0.00000000,0.00000000,0.00000000,0.00000000,0.00000000,0.00000000,0.00000000,0.24497881,0.00000000,0.00000000,0.00000000,0.00000000,0.00849906,0.00000000,0.00000000,0.00000000,0.00000000,0.00177889,0.00000000,0.00000000,0.04035489,0.00000000,0.00000000,0.00316310,0.00000000,0.28649983,0.00000000,0.00000000,0.01259800,0.00000000,0.00000000,0.00000000,0.00000000,0.00000000,0.00000000,0.00000000,0.00000000,0.00000000,0.00000000,0.00000000,0.00000000,0.00000000,0.00000000,0.00000000,0.00000000,0.00000000,0.00000000,0.00000000,0.00000000,0.01934826,0.00074361,0.00000000,0.00000000,0.00000000,0.00000000,0.00000000,0.00000000,0.04743825,0.00000000,0.00000000,0.00000000,0.00350794,0.00000000,0.00000000,0.00000000,0.00453437,0.00000000,0.00000000,0.00000000,0.00000000,0.00000000,0.00000000,0.00000000,0.00631764,0.00000000,0.00000000,0.00000000,0.00000000,0.00000000,0.03262849,0.84064372,0.00000000,0.00000000,0.02580675,0.00000000,0.00000000,0.00000000,0.00000000,0.00000000,0.00000000,0.00000000,0.00000000,0.00000000,0.00000000,0.00000000,0.00000000,0.00000000,0.00000000,0.00000000,0.00000000,0.00000000,0.00605191,0.00000000,1.12370734,0.00000000,0.01148851,0.00000000,0.00000000,0.00000000,0.00000000,0.00000000,0.00000000,0.00000000,0.00000000,0.00000000,0.00000000,0.00000000,0.00000000,0.00000000,0.00000000,0.00000000,0.00000000,0.02241213,0.00000000,0.00061245,0.00000000,0.00000000,0.01314892,0.00000000,0.00000000,0.00000000,0.00000000,0.00000000,0.00527622,0.00000000,0.05939652,0.00000000,0.00000000,0.00000000,0.00000000,0.00000000,0.00000000,0.00000000,0.00000000,0.00000000,0.00000000,0.00000000,0.01434398,0.00000000,0.00000000,0.00000000,0.00876061,0.00000000,0.00000000,0.00000000,0.00000000,0.00000000,0.00000000,0.00000000,0.00000000,0.00000000,0.00000000,0.21405671,0.00000000,0.00000000,0.00000000,0.00000000,0.00000000,0.00000000,0.00000000,0.00000000,0.00000000,0.00649822,0.00216766,0.00000000,0.00000000,0.00000000,0.00000000,0.00000000,0.04004902,0.00000000,0.00000000,0.00000000,0.00000000,0.00000000,0.00000000,0.00584604,0.00000000,0.00000000,0.00000000,0.00000000,0.00000000,0.00000000,0.00000000,0.00000000,0.00000000,0.00000000,0.00000000,0.00000000,0.00000000,0.00000000,0.00000000,0.00000000,0.00000000,0.00357712,0.00000000,0.00000000,0.00000000,0.00000000,0.00000000,0.00000000,0.00000000,0.00000000,0.01207558,0.00000000,0.00000000,0.00000000,0.00000000,0.00000000,0.00000000,0.00000000,0.00000000,0.00000000,0.00000000,0.00000000,0.00814495,0.00000000,0.00000000,0.00000000,0.00000000,0.00000000,0.00000000,0.00000000,0.00000000,0.00000000,0.00538681,0.00000000,0.00000000,0.00000000,0.00000000,0.00000000,0.00000000,0.00000000,0.00000000,0.00000000,0.00852526,0.00000000,0.00000000,0.00000000,0.00000000,0.00000000,0.00000000,0.00000000,0.00000000,0.00000000,0.00000000,0.00000000,0.00000000,0.00000000,0.00419287,0.00000000,0.00000000,0.00000000,0.00000000,0.00000000,0.00000000,0.00450147,0.00000000,0.00000000,0.00000000,0.06711872,0.00000000,0.00000000,0.00000000,0.00000000,0.00000000,0.00000000,0.00000000,0.00000000,0.00000000,0.00000000,0.00000000,0.00000000,0.00678676,0.00000000,0.00000000,0.00000000,0.00000000,0.00000000,0.00000000,0.00000000,0.00097756,0.00000000,0.00000000,0.00000000,0.00000000,0.00000000,0.20415440,0.00000000,0.00000000,0.00000000,0.00000000,0.01386751,0.00000000,0.00000000,0.00000000,0.00000000,0.00000000,0.00000000,0.00536296,0.00000000,0.00210149,0.00000000,0.00000000,0.00000000,0.00000000,0.00000000,0.00000000,0.05659331,0.00000000,0.00000000,0.00000000,0.00000000,0.00000000,0.00482996,0.00000000,0.00000000,0.00000000,0.00000000,0.00000000,0.00000000,0.00000000,0.00000000,0.00000000,0.00000000,0.00000000,0.00000000,0.00000000,0.00000000,0.00000000,0.00000000,0.00000000,0.01058005,0.30844427,0.00000000,0.00000000,0.00000000,0.00000000,0.00000000,0.00000000,0.01919400,0.00000000,0.00000000,0.00000000,0.00000000,0.00000000,0.00000000,0.00000000,0.00000000,0.00000000,0.00000000,0.00000000,0.00000000,0.00000000,0.00000000,0.00000000,0.00000000,0.00000000,0.00000000,0.00000000,0.00000000,0.00000000,0.00000000,0.00000000,0.00000000,0.00000000,0.00000000,0.00000000,0.00000000,0.00000000,0.12049100,0.00000000,0.00000000,0.00000000,0.00000000,0.00000000,0.00516953,0.00000000,0.00000000,0.00000000,0.00000000,0.00000000,0.00000000,0.00000000,0.00100355,0.00000000,0.00000000,0.00000000,0.00000000,0.00098890,0.04851886,0.00000000,0.00492450,0.00000000,0.00000000,0.00000000,0.00000000,0.00000000,0.00052969,0.00000000,0.00000000,0.00000000,0.00000000,0.00000000,0.00000000,0.00000000,0.00000000,0.00000000,0.00000000,0.00000000,0.00000000,0.00000000,0.00000000,0.00239520,0.00000000,0.00491743,0.00423839,0.00000000,0.00000000,0.00000000,0.00000000,0.00000000,0.00497052,0.00000000,0.00000000,0.00000000,0.00000000,0.00000000,0.00822472,0.00000000,0.00000000,0.00000000,0.00000000,0.00000000,0.00000000,0.00000000,0.00000000,0.00000000,0.00000000,0.00000000,0.00000000,0.00000000,0.00000000,0.00000000,0.00000000,0.00000000,0.00000000,0.00000000,0.00000000,0.00000000,0.00000000,0.00000000,0.00000000,0.00000000,0.00000000,0.00000000,0.00000000,0.00000000,0.00000000,0.00000000,0.00000000,0.00000000,0.00000000,0.00000000,0.00000000,0.00000000,0.00000000,0.00000000,0.03094684,0.00000000,0.00000000,0.00000000,0.00000000,0.00000000,0.00000000,0.00000000,0.00450932,0.00000000,0.00000000,0.00000000,0.00000000,0.00000000,0.00000000,0.00000000,2.41521606,0.01057713,0.00000000,0.00000000,0.00000000,0.00000000,0.00000000,0.00000000,0.00000000,0.00000000,0.00000000,0.00000000,0.00779344,0.00000000,0.00000000,0.00000000,0.00000000,0.00000000,0.00092530,0.01756982,0.00000000,0.00000000,0.00000000,0.00000000,0.00000000,0.00000000,0.00000000,0.00000000,0.00000000,0.00000000,0.00000000,0.00000000,0.00000000,0.00000000,0.00000000,0.00000000,0.00000000,0.00194906,0.00000000,0.00000000,0.00771406,0.00000000,0.00000000,0.00000000,0.00594437,0.00931652,0.00000000,0.00000000,0.00000000,0.00000000,0.00000000,0.00000000,0.00000000,0.00000000,0.00951047,0.00000000,0.00000000,0.00000000,0.00000000,0.00000000,0.00000000,0.00000000,0.00000000,0.00000000,0.00000000,0.00000000,0.00000000,0.00000000,0.04214153,0.00000000,0.00000000,0.00000000,0.00000000,0.00000000,0.00000000,0.00515081,0.00000000,0.00000000,0.00000000,0.00000000,0.00000000,0.00000000,0.00000000,0.00000000,0.00000000,0.00697536,0.00000000,0.00000000,0.00000000,0.00860600,0.00000000,0.00000000,0.00000000,0.00000000,0.00000000,0.00000000,0.00000000,0.00000000,0.00000000,0.02376720,0.00000000,0.00000000,0.00000000,0.00000000,0.00000000,0.00000000,0.00000000,0.00000000,0.00000000,0.03900154,0.02184279,0.00000000,0.00000000,0.00780306,0.00000000,0.00731214,0.00501104,0.00000000,0.00000000,0.00000000,0.00000000,0.00000000,0.00000000,0.00000000,0.00000000,0.00000000,0.00000000,0.00000000,0.00000000,0.00000000,0.00000000,0.00000000,0.00000000,0.00000000,0.00951494,0.00510516,0.00000000,0.00000000,0.00000000,0.00000000,0.00000000,0.00000000,0.00000000,0.00000000,0.00753972,0.00000000,0.00000000,0.00000000,0.00000000,0.00000000,0.00000000,0.00000000,0.00000000,0.00000000,0.00000000,0.00697515,0.00000000,0.00000000,0.00000000,0.00000000,0.00000000,0.00000000,0.05166348,1.39742569,0.00000000,0.00000000,0.00000000,0.00000000,0.00000000,0.00000000,0.00000000,0.00000000,0.00000000,0.00000000,0.00000000,0.02126249,0.00000000,0.00000000,0.00000000,0.00000000,0.00000000,0.01896063,0.00000000,0.00000000,0.00000000,0.00000000,0.00000000,0.01526667,0.00836326,0.00000000,0.00000000,0.00290180,0.00122482,0.01266363,0.00000000,0.00294414,0.00000000,0.00000000,0.00000000,0.00810439,0.00000000,0.00000000,0.00453538,0.00000000,0.00000000,0.00000000,0.00000000,0.00000000,0.00000000,0.00329578,0.00212995,0.00000000,0.00000000,0.00000000,0.00000000,0.00000000,0.00000000,0.00000000,0.00000000,0.00000000,0.00000000,0.02479899,0.00000000,0.00000000,0.00000000,0.00000000,0.00000000,0.00000000,0.00000000,0.00000000,0.00000000,0.00000000,0.00000000,0.00000000,0.00000000,0.00000000,0.00000000,0.00000000,0.45612423,0.00000000,0.00000000,0.00000000,0.00000000,0.00000000,0.00000000,0.00000000,0.00000000,0.00127665,0.00000000,0.00000000,0.00000000,0.00000000,0.00000000,0.00000000,0.00000000,0.00000000,0.00747506,0.00000000,0.00000000,0.00000000,0.00000000,0.00000000,0.02478600,0.00000000,0.00000000,0.00000000
0.00000000,0.00000000,0.00000000,0.00000000,0.00000000,0.00000000,0.00000000,0.00000000,0.00000000,0.00000000,0.00000000,0.00000000,0.00000000,0.00000000,0.00000000,0.05297186,0.00000000,0.00000000,0.00000000,0.00000000,0.00000000,0.62230805,0.00000000,0.00000000,0.00000000,0.00000000,0.00000000,0.00000000,0.00000000,0.00000000,0.00000000,0.00000000,0.00000000,0.00000000,0.00000000,0.00000000,0.00000000,0.00000000,0.00000000,0.00000000,0.00000000,0.09687023,0.00000000,0.00000000,0.00000000,0.00143943,0.00000000,0.00000000,0.00000000,0.00000000,0.00000000,0.00000000,0.00000000,0.00000000,0.00000000,0.00000000,0.00000000,0.00000000,0.00000000,0.00000000,0.00000000,0.00000000,0.00000000,0.00000000,0.00000000,0.00000000,0.00000000,0.00000000,0.00519110,0.00000000,0.00000000,0.00000000,0.00000000,0.00000000,0.00000000,0.20169611,0.04091014,0.00000000,0.00000000,0.02614768,0.00000000,0.00288944,0.00000000,0.00000000,0.00000000,0.00000000,0.00000000,0.00000000,0.00000000,0.00000000,0.00000000,0.00000000,0.00000000,0.00000000,0.00000000,0.00000000,0.00000000,0.01642059,0.00000000,0.00000000,0.00000000,0.00000000,0.00000000,0.00000000,0.00000000,0.00000000,0.00000000,0.00000000,0.00611611,0.01138306,0.00000000,0.00000000,0.00000000,0.00000000,0.03615835,0.03037242,0.00000000,0.00000000,0.00000000,0.00238750,0.00000000,0.00000000,0.03842776,0.00000000,0.00000000,0.01439111,0.00000000,0.00000000,0.00000000,0.00000000,0.00000000,0.00000000,0.00996039,0.00000000,0.00000000,0.00000000,0.00000000,0.00000000,0.00000000,0.00000000,0.00000000,0.00000000,0.00000000,0.00000000,0.00000000,0.00000000,0.00000000,0.00000000,0.11863130,0.00000000,0.00214685,0.00000000,0.00000000,0.00000000,0.00000000,0.00000000,0.00000000,0.00000000,0.00000000,0.00000000,0.00000000,0.00000000,0.00000000,0.00000000,0.00000000,0.00000000,0.00000000,0.00000000,0.00000000,0.00000000,0.00000000,0.00000000,0.00000000,0.00000000,0.00000000,0.00000000,0.00000000,0.00895850,0.00000000,0.00000000,0.00000000,0.04061690,0.00000000,0.00000000,0.00000000,0.00000000,0.00000000,0.17828050,0.00000000,0.00000000,0.01490311,0.02531970,0.00000000,0.00000000,0.00000000,0.02235246,0.04488993,0.00775832,0.00000000,0.05125843,0.00000000,0.00398715,0.00000000,0.00000000,0.00000000,0.00000000,0.00000000,0.00000000,0.00132487,0.00000000,0.00000000,0.01712278,0.00000000,0.00000000,0.00000000,0.00000000,0.00000000,0.00000000,0.00000000,0.00490395,0.00000000,0.00000000,0.00000000,0.00000000,0.00000000,0.00000000,0.00069634,0.00000000,0.00000000,0.00878782,0.00000000,0.00000000,0.00000000,0.00000000,0.00091866,0.00000000,0.00095753,0.00000000,0.00000000,0.00000000,0.00556212,0.00000000,0.00000000,0.00000000,0.00000000,0.01468143,0.00000000,0.00000000,0.00000000,0.00000000,0.00000000,0.00000000,0.00000000,0.00000000,0.00000000,0.00000000,0.00000000,0.00000000,0.00000000,0.00000000,0.00000000,0.00000000,0.00000000,0.00000000,0.01176929,0.00000000,0.00000000,0.01788513,0.00000000,0.36304235,0.00000000,0.00000000,0.00000000,0.00000000,0.00000000,0.00000000,0.00000000,0.00000000,0.00000000,0.00000000,0.02283654,0.00000000,0.00000000,0.00000000,0.00000000,0.00000000,0.00103624,0.00000000,0.00000000,0.00000000,0.00000000,0.00000000,0.00000000,0.00000000,0.00000000,0.00000000,0.00000000,0.00090222,0.00450276,0.00000000,0.00078375,0.00366336,0.00000000,0.00000000,0.00000000,0.00000000,0.00000000,0.00000000,0.00000000,0.01342051,0.00000000,0.00000000,0.00000000,0.00000000,0.00778984,0.00000000,0.00000000,0.00000000,0.00000000,0.00000000,0.00000000,0.00000000,0.00000000,0.00000000,0.00000000,0.01458404,0.00000000,0.00000000,0.00000000,0.00000000,0.00000000,0.00000000,0.00000000,0.00000000,0.00000000,0.00000000,0.00000000,0.00000000,0.00000000,0.00000000,0.00000000,0.00000000,0.00000000,0.02322901,0.00000000,0.00000000,0.00000000,0.00000000,0.00000000,0.00000000,0.19611608,0.00000000,0.00000000,0.00000000,0.00000000,0.00000000,0.00000000,0.00000000,0.00000000,0.00000000,0.00635567,0.00000000,0.01525126,0.00000000,0.00000000,0.03415730,0.00000000,0.00000000,0.00000000,0.00000000,0.00000000,0.00000000,0.00000000,0.00071659,0.00000000,0.00000000,0.00000000,0.00000000,0.00000000,0.00000000,0.02067766,0.00661604,0.00000000,0.00000000,0.00000000,0.00000000,0.00137201,0.00570169,0.00000000,0.00000000,0.00000000,0.00000000,0.00000000,0.00000000,0.00595323,0.00000000,0.00000000,0.00000000,0.00000000,0.00000000,0.00000000,0.00000000,0.00000000,0.01095596,0.00000000,0.00000000,0.00000000,0.00000000,0.00000000,0.04977493,0.00000000,0.05055268,0.00000000,0.00000000,0.00000000,0.00000000,0.00000000,0.02438802,0.00000000,0.00000000,0.00000000,0.00334219,0.00000000,0.00000000,0.00000000,0.00000000,0.00644463,0.00000000,0.00000000,0.01510937,0.00000000,0.00000000,0.00000000,0.00000000,0.00000000,0.03462656,0.00000000,0.00000000,0.00000000,0.00000000,0.00000000,2.78262763,0.00000000,0.00000000,0.00000000,0.00000000,0.00000000,0.09253791,0.00000000,0.00000000,0.00000000,0.00125242,0.00000000,0.00284343,0.00000000,0.00000000,0.00000000,0.00000000,0.00876619,0.00000000,0.00000000,0.00000000,0.00000000,0.00000000,0.00181101,0.00000000,0.00000000,0.00000000,0.00000000,0.00000000,0.00000000,0.00000000,0.00000000,0.00000000,0.00000000,0.00000000,0.10595189,0.01762785,0.00000000,0.01003660,0.00000000,0.00000000,0.00000000,0.00000000,0.00000000,0.00000000,0.00000000,0.00000000,0.00000000,0.00000000,0.00000000,0.00000000,0.00000000,0.00000000,0.00000000,0.00000000,0.00000000,0.00000000,0.00000000,0.00000000,0.00000000,0.00000000,0.00000000,0.00000000,0.00000000,0.00000000,0.00000000,0.00000000,0.00000000,0.00416358,0.00000000,0.00000000,0.00000000,0.00000000,0.00000000,0.00000000,0.00000000,0.00000000,0.00000000,0.01704877,0.00000000,0.00000000,0.00000000,0.00000000,0.00000000,0.00000000,0.00000000,0.00121296,0.30561291,0.00000000,0.00000000,0.00000000,0.00000000,0.21047674,0.00000000,0.00112810,0.00000000,0.00000000,0.00000000,0.00000000,0.00000000,0.00000000,0.00000000,0.00000000,0.00000000,0.00000000,0.00000000,0.00000000,0.00000000,0.00000000,0.00226748,0.00000000,0.00000000,0.00000000,0.00000000,0.00000000,0.00000000,0.00000000,0.00000000,0.00000000,0.00000000,0.00000000,0.00000000,0.00000000,0.00000000,0.00000000,0.00000000,0.00000000,0.00000000,0.00000000,0.00000000,0.01416694,0.00000000,0.00000000,0.00000000,0.00000000,0.00000000,0.00000000,0.00000000,0.00000000,0.00158598,0.00000000,0.00363307,0.00000000,0.00000000,0.00000000,0.00000000,0.00000000,0.00000000,0.00000000,0.00000000,0.00000000,0.00000000,0.00582107,0.00000000,0.00000000,0.00000000,0.00000000,0.00000000,0.00000000,0.00000000,0.00000000,0.00000000,0.00000000,0.02451682,0.00000000,0.00000000,0.00000000,0.00000000,0.00000000,0.00000000,0.00000000,0.00000000,0.00000000,0.00000000,0.00000000,0.02219545,0.00000000,0.00000000,0.00000000,0.00000000,0.00000000,0.00000000,0.00000000,0.00000000,0.00000000,0.00000000,0.00000000,0.26718522,0.00000000,0.00000000,0.00000000,0.00000000,0.01583079,0.00000000,0.00000000,0.00000000,0.00000000,0.00000000,0.00000000,0.00000000,0.00000000,0.00000000,0.00000000,0.00000000,0.00000000,0.00000000,0.00000000,0.00000000,0.00000000,0.00000000,0.00166412,0.00000000,0.00000000,0.00000000,0.00000000,0.00000000,0.00000000,0.00000000,0.00000000,0.00000000,0.00000000,0.00000000,0.00000000,0.00000000,0.00000000,0.00000000,0.00000000,0.00000000,0.00000000,0.00000000,0.22273538,0.00000000,0.00000000,0.00000000,0.00000000,0.00000000,0.00000000,0.00000000,0.00000000,0.00000000,0.00000000,0.00000000,0.00000000,0.00000000,0.00000000,0.00000000,0.00618911,0.00000000,0.00000000,0.00000000,0.00000000,0.00000000,0.00000000,0.00000000,0.00000000,0.00000000,0.01229181,0.00000000,0.00000000,0.00000000,0.00000000,0.00000000,0.00000000,0.00000000,0.00802822,0.00000000,0.00374314,0.00000000,0.00000000,0.00000000,0.00000000,0.00000000,0.00000000,0.00000000,0.00000000,0.00000000,0.00000000,0.00000000,0.00000000,0.00000000,0.00000000,0.00000000,0.00000000,0.00000000,0.00000000,0.00519787,0.00000000,0.00000000,0.00000000,0.01921413,0.00000000,0.00000000,0.00000000,0.00000000,0.00000000,0.00000000,0.00000000,0.00000000,0.00000000,0.00000000,0.00000000,0.00000000,0.00000000,0.00000000,0.00000000,0.00000000,0.00000000,0.00000000,0.00000000,0.00000000,0.00000000,0.00000000,0.00000000,0.00000000,0.00264425,0.00000000,0.00000000,0.00000000,0.00000000,0.00000000,0.00000000,0.00000000,0.00000000,0.13339354,0.00000000,0.00000000,0.00109574,0.00000000,0.00000000,0.00000000,0.00548339,0.00000000,0.00000000,0.00000000,0.00000000,0.00925487,0.00000000,0.00000000,0.00000000,0.00653122,0.01064372,0.01389166,0.00000000,0.00000000,0.00000000,0.01750387,0.00000000,0.00000000,0.00000000,0.05167288,0.00000000,0.00000000,0.00000000,0.61383975,1.25551340,0.00000000,0.00000000,0.00000000,0.00000000
0.00000000,1.11260578,0.00000000,0.00000000,0.00000000,0.00457790,0.00266617,0.00188637,0.00317411,0.00000000,0.00000000,0.09934026,0.00056838,0.00000000,0.00000000,0.00000000,0.00000000,0.00000000,0.00000000,0.00000000,0.00000000,0.00000000,0.00000000,0.00000000,0.00000000,0.00000000,0.00000000,0.00000000,0.00000000,0.00000000,0.00000000,0.00000000,0.00000000,0.12500567,0.00000000,0.03126791,0.00000000,0.00000000,0.00000000,0.00000000,0.01775390,0.00000000,0.00547898,0.00000000,0.00000000,0.01904236,0.00000000,0.00000000,0.00000000,0.00000000,0.00000000,0.00000000,0.06889826,0.00000000,0.00000000,0.00000000,0.01007723,0.00000000,0.00099174,0.00000000,0.00000000,0.00000000,0.00000000,0.00246316,0.00000000,0.00000000,0.00000000,0.00000000,0.00000000,0.00000000,0.00321417,0.00000000,0.00000000,0.00000000,0.00000000,0.00000000,0.00000000,0.00000000,0.00000000,0.00000000,0.00000000,0.00000000,0.02118691,0.00000000,0.00000000,0.00000000,0.04886521,0.00000000,0.00000000,0.00000000,0.00402998,0.00000000,0.00000000,0.00000000,0.00000000,0.00000000,0.00000000,0.00322601,0.00000000,0.00000000,0.00000000,0.00000000,0.00000000,0.00117793,0.00000000,0.00000000,0.00000000,0.00927654,0.00000000,0.00000000,0.00000000,0.00000000,0.00000000,0.00000000,0.00000000,0.00000000,0.00000000,0.00534653,0.00000000,0.00000000,0.00097215,0.00000000,0.00000000,0.00093163,0.00000000,0.00000000,0.00000000,0.00000000,0.00000000,0.00000000,0.00000000,0.00000000,0.00000000,0.01286908,0.00000000,0.00000000,0.00000000,0.00000000,0.00000000,0.00000000,0.00000000,0.00133254,0.00000000,0.00000000,0.00000000,0.00000000,0.00000000,0.00000000,0.00000000,0.00889461,0.00000000,0.00000000,0.00000000,0.00000000,0.00000000,0.00000000,0.00000000,0.00000000,0.00000000,0.00000000,0.00000000,0.00000000,0.00000000,0.00000000,0.00000000,0.00000000,1.64345489,0.00998710,0.00000000,0.01378107,0.00000000,0.00000000,0.00000000,0.00000000,0.00000000,0.00000000,0.00000000,0.00000000,0.00000000,0.00000000,0.00000000,0.00000000,0.00000000,0.00000000,0.00000000,0.00000000,0.00000000,0.00000000,0.00000000,0.00000000,0.00000000,0.00000000,0.00000000,0.00000000,0.00000000,0.00000000,0.00000000,0.00000000,0.00000000,0.00000000,0.00138976,0.00000000,0.00000000,0.00000000,0.00000000,0.00000000,0.00076698,0.00000000,0.00000000,0.00000000,0.00562228,0.00000000,0.00000000,0.00161949,0.00000000,0.00000000,0.00000000,0.00000000,0.00000000,0.00000000,0.00000000,0.00000000,0.00000000,0.00000000,0.00000000,0.00000000,0.00000000,0.02088631,0.00000000,0.00000000,0.00000000,0.00000000,0.00662876,0.00000000,0.00000000,0.00000000,0.00000000,0.00000000,0.00000000,0.00000000,0.00000000,0.00789827,0.00000000,0.00000000,0.00000000,0.00000000,0.00000000,0.00000000,0.00000000,0.00257131,0.00903729,0.00000000,0.00000000,0.00000000,0.00000000,0.00000000,0.00000000,0.00533595,0.00000000,0.00230645,0.00000000,0.00000000,0.00000000,0.00000000,0.00000000,0.00000000,0.00000000,0.00000000,0.00000000,0.00000000,0.00000000,0.00000000,0.00000000,0.00000000,0.00000000,0.00000000,0.00000000,0.00000000,0.00000000,0.00000000,0.00000000,0.00000000,0.00000000,0.00000000,0.00000000,0.00000000,0.00000000,0.00000000,0.00000000,0.00000000,0.00000000,0.00000000,0.00463358,0.00000000,0.00000000,0.00314108,0.00000000,0.00000000,0.00000000,0.00000000,0.00000000,0.00000000,0.00000000,0.00000000,0.00000000,0.00000000,0.00000000,0.00000000,0.00000000,0.00000000,0.00000000,0.00000000,0.00000000,0.00000000,0.01645686,0.00000000,0.00000000,0.00000000,0.00000000,0.00000000,0.00000000,0.00000000,0.00000000,0.00000000,0.31352886,0.00000000,0.00000000,0.00000000,0.00000000,0.00000000,0.00000000,0.00000000,0.00000000,0.00000000,0.00000000,0.01492250,0.07996408,0.00538438,0.01639565,0.00000000,0.00000000,0.00000000,0.00000000,0.00000000,0.00000000,0.00000000,0.00000000,0.00000000,0.00000000,0.00000000,0.00648168,0.00000000,0.00000000,0.00000000,0.07862279,0.00000000,0.00000000,0.00000000,0.00000000,0.00557432,0.00000000,0.00000000,0.00000000,0.00000000,0.00000000,0.00000000,0.00000000,0.02494748,0.00000000,0.00000000,0.14715202,0.00000000,0.00000000,0.00000000,0.00000000,0.00000000,0.00000000,0.00000000,0.00000000,0.00000000,0.00000000,0.00000000,0.00000000,0.00000000,0.02370957,0.00000000,0.00000000,0.00000000,0.00000000,0.00775208,0.00000000,0.00000000,0.00000000,0.00000000,0.00000000,0.00000000,0.00000000,0.00000000,0.00000000,0.00000000,0.00000000,0.00000000,0.00000000,0.00000000,0.00000000,0.00000000,0.00000000,0.00000000,0.00000000,0.00000000,0.00000000,0.00000000,0.00000000,0.01767580,0.00000000,0.00000000,0.00166853,0.00000000,0.00000000,0.00000000,0.00000000,0.00000000,0.00000000,0.00000000,0.00000000,0.00000000,0.00000000,2.25993696,0.00000000,0.00762448,0.00000000,0.00000000,0.00000000,0.00000000,0.00000000,0.00000000,0.00000000,0.00000000,0.00000000,0.00000000,0.00000000,0.00000000,0.00000000,0.00000000,0.00000000,0.00000000,0.00000000,0.00000000,0.00000000,0.00000000,0.00000000,0.00000000,0.00000000,0.00000000,0.00000000,0.00000000,0.00000000,0.66032029,0.00000000,0.00000000,0.09160067,0.00000000,0.00317068,0.00000000,0.00000000,0.00000000,0.00000000,0.00000000,0.08742327,0.00000000,0.00000000,0.00000000,0.00000000,0.00000000,0.00553744,0.00000000,0.00913920,0.00000000,0.00773628,0.01177575,0.00277059,0.00000000,0.05093322,0.00000000,0.00000000,0.00000000,0.00000000,0.00000000,0.02401554,0.00000000,0.00000000,0.00000000,0.00000000,0.00000000,0.00000000,0.00000000,0.00000000,0.00000000,0.00000000,0.00000000,0.00000000,0.00000000,0.00000000,0.00000000,0.01108579,0.00000000,0.00000000,0.00000000,0.02163314,0.00148565,0.00000000,0.00000000,0.00000000,0.00000000,0.00000000,0.00000000,0.03664671,1.18467967,0.00000000,0.00390886,0.00000000,0.00000000,0.00000000,0.00000000,0.00000000,0.00000000,0.00000000,0.00000000,0.00000000,0.00000000,0.00000000,0.00000000,0.00155300,0.00000000,0.04001133,0.00000000,0.00000000,0.00000000,0.02803845,0.00000000,0.00000000,0.00000000,0.00000000,0.00093583,0.00000000,0.00000000,0.00000000,0.00177541,0.00000000,0.00000000,0.00069819,0.00000000,0.00000000,0.00000000,0.00000000,0.00000000,0.00000000,0.07303731,0.00000000,0.02729368,0.00000000,0.00000000,0.00000000,0.00000000,0.02895196,0.00000000,0.00000000,0.00000000,0.00000000,0.00000000,0.00000000,0.04534094,0.00000000,0.00000000,0.00000000,0.00000000,0.00000000,0.00000000,0.00000000,0.01841334,0.00000000,0.00000000,0.00000000,0.00000000,0.00000000,0.00000000,0.00000000,0.00000000,0.00130507,0.00000000,0.00000000,0.00000000,0.00000000,0.00000000,0.00000000,0.00000000,0.00000000,0.00000000,0.00000000,0.00000000,0.00000000,0.00000000,0.00000000,0.06549441,0.00064481,0.00000000,0.00000000,0.00000000,0.00000000,0.00000000,0.00000000,0.00000000,0.00000000,0.00000000,0.00000000,0.00000000,0.00000000,0.00000000,0.00947984,0.00000000,0.00000000,0.00000000,0.00000000,0.00000000,0.00000000,0.00000000,0.00000000,0.00000000,0.00000000,0.00000000,0.00000000,0.00000000,0.00000000,0.00000000,0.00000000,0.00000000,0.00000000,0.00000000,0.00000000,0.00000000,0.00000000,0.00000000,0.00000000,0.00000000,0.00000000,0.00000000,0.00000000,0.05921625,0.00000000,0.00000000,0.00000000,0.00000000,0.00450531,0.00000000,0.00000000,0.00000000,0.00000000,0.00000000,0.00561751,0.00000000,0.00000000,0.00000000,0.00000000,0.00518278,0.00000000,0.00000000,0.00000000,0.00000000,0.00000000,0.00000000,0.00000000,0.00000000,0.00000000,0.00000000,0.00000000,0.00000000,0.00000000,0.16076408,0.00000000,0.00000000,0.00000000,0.00000000,0.00569560,0.00000000,0.00000000,0.00000000,0.00000000,0.00000000,0.00000000,0.00466271,0.00000000,0.00000000,0.00000000,0.00000000,0.00000000,0.00000000,0.00000000,0.00000000,0.00000000,0.00000000,0.00000000,0.00401287,0.00000000,0.00000000,0.00000000,0.00000000,0.00000000,0.00000000,0.00000000,0.00324598,0.00000000,0.00000000,0.00310042,0.00000000,0.00000000,0.00000000,0.00000000,0.00000000,0.00000000,0.00000000,0.00000000,0.00000000,0.00000000,0.00000000,0.00000000,0.00000000,0.00000000,0.00000000,0.00000000,0.00000000,0.00000000,0.00000000,0.00000000,0.00000000,0.00000000,0.00000000,0.00000000,0.00000000,0.00000000,0.00000000,0.01300076,0.00000000,0.00000000,0.00000000,0.00000000,0.01798212,0.00000000,0.57360400,0.00000000,0.00000000,0.00000000,0.00000000,0.00000000,0.00000000,0.56015743,0.00000000,0.00000000,0.00000000,0.00000000,0.00000000,0.00000000,0.00000000,0.00000000,0.00000000,0.00344135,0.00000000,0.00000000,0.00000000,0.00000000,0.00000000,0.00000000,0.00000000,0.00211159,0.00000000,0.00000000,0.00000000,0.00000000,0.00710456,0.00000000,0.00337231,0.00000000,0.00000000,0.00000000,0.00000000,0.00000000,0.00000000,0.00000000,0.00000000,0.00000000,0.00000000,0.00000000,0.00000000,1.58577336,0.00000000,0.00000000,0.00000000,0.00676983,0.00000000,0.00000000,0.00000000
0.00000000,0.00078804,0.00000000,0.00000000,0.00000000,0.00000000,0.00000000,0.00932261,0.00000000,0.00000000,0.00000000,0.00000000,0.00000000,0.00000000,0.00000000,0.00000000,0.00000000,0.00000000,0.00000000,0.00000000,0.00000000,0.00000000,0.00000000,0.11897838,0.00000000,0.00000000,0.00000000,0.00000000,0.00000000,0.00000000,0.00000000,0.00000000,0.00000000,0.00000000,0.00000000,0.00000000,0.00000000,0.00000000,0.00000000,0.00000000,0.00000000,0.31447887,0.00000000,0.00000000,0.00000000,0.00361701,0.00000000,0.00000000,0.00000000,0.00000000,0.00000000,0.00000000,0.00000000,0.00000000,0.00000000,0.00000000,0.00000000,0.00000000,0.02054233,0.00000000,0.00524004,0.00000000,0.00000000,0.00000000,0.01138586,0.00000000,0.00000000,0.00000000,0.00000000,0.00000000,0.00000000,0.00000000,0.00000000,0.00000000,0.02844272,0.00124606,0.00000000,0.00130043,0.00000000,0.00000000,0.00000000,0.00000000,0.00000000,0.00000000,0.00000000,0.00000000,0.00000000,0.01508148,0.00000000,0.00000000,0.00000000,0.00000000,0.00000000,0.00000000,0.00000000,0.00000000,0.00457636,0.00000000,0.00000000,0.00000000,0.00000000,0.00000000,0.00000000,0.00000000,0.00000000,0.00000000,0.00000000,0.00000000,0.00000000,0.00000000,0.01918902,0.01256623,0.00000000,0.00501344,0.00000000,0.26442809,0.00000000,0.00000000,0.05763658,0.00000000,0.00000000,0.00000000,0.00000000,0.00000000,0.00000000,0.00000000,0.00000000,0.00000000,0.00000000,0.00000000,0.00000000,0.00170116,0.00000000,0.00000000,0.00000000,0.00000000,0.00000000,0.00000000,0.00000000,0.00000000,0.00000000,0.00000000,0.00000000,0.99579313,0.00000000,0.00000000,0.00000000,0.00000000,0.00000000,0.00000000,0.00000000,0.00000000,0.01288764,0.00000000,0.05791027,0.00000000,0.00000000,0.00000000,0.00000000,0.00000000,0.00276531,0.00000000,0.00000000,0.00000000,0.00000000,0.00000000,0.00000000,0.00000000,0.00000000,0.00000000,0.00000000,0.00000000,0.00000000,0.03227200,0.00000000,0.00000000,0.00000000,0.00000000,0.00000000,0.00104285,0.00914476,0.00000000,0.00000000,0.00000000,0.03586989,0.00000000,0.00000000,0.00000000,0.01455345,0.00000000,0.00000000,0.00000000,0.00758366,0.00000000,0.00000000,0.00000000,0.00000000,0.00000000,0.00000000,0.00000000,0.00000000,0.00000000,0.00000000,0.00240831,0.00000000,0.00000000,0.00000000,0.00000000,0.00000000,0.00000000,0.00000000,0.00000000,0.00000000,0.00000000,0.00322015,0.00000000,0.03744572,0.00000000,0.00000000,0.00945916,0.00000000,0.00000000,0.00000000,0.00000000,0.00000000,0.00000000,0.00000000,0.00000000,0.00000000,0.02712521,0.00000000,0.00000000,0.00000000,0.00000000,0.00000000,0.00000000,0.00980338,0.01736472,0.00000000,0.00000000,0.00000000,0.00000000,0.00000000,0.00000000,0.00000000,0.00000000,0.00000000,0.00000000,0.00000000,0.00000000,0.00000000,0.00000000,0.00394048,0.00000000,0.00000000,0.00000000,0.01540972,0.00000000,0.00000000,0.00000000,0.02065661,0.00000000,0.00000000,0.00000000,0.00000000,0.00000000,0.00000000,0.00000000,0.00000000,0.00222820,0.00000000,0.03875153,0.00000000,0.00000000,0.00000000,0.00000000,0.00000000,0.00000000,0.00000000,0.00000000,0.00175550,0.00000000,0.00833586,0.00000000,0.00000000,0.00000000,0.00000000,0.00000000,0.00000000,0.00000000,0.00000000,0.00000000,0.00532698,0.00000000,0.00000000,0.00000000,0.00000000,0.00000000,0.00000000,0.00000000,0.00000000,0.00000000,0.00000000,0.00000000,0.00000000,0.00000000,0.00000000,0.00000000,0.00000000,0.00000000,0.00000000,0.00000000,0.00000000,0.00000000,0.00000000,0.00000000,0.00000000,0.00000000,0.00000000,0.33991952,0.00000000,0.00000000,0.00000000,0.00000000,0.00000000,0.00000000,0.00000000,0.00000000,0.00000000,0.00000000,0.00000000,0.00000000,0.00000000,0.00000000,0.00000000,0.01280743,0.00000000,0.00000000,0.00000000,0.00000000,0.00000000,0.08991775,0.00000000,0.00000000,0.00000000,0.00000000,0.00000000,0.00000000,0.00000000,0.00000000,0.00000000,0.00000000,0.00000000,0.00000000,0.00000000,0.00000000,0.00000000,0.00522654,0.00000000,0.00000000,0.00000000,0.00000000,0.00652980,0.00072648,0.00164594,0.00000000,0.00000000,0.00000000,0.00000000,0.00051588,0.00308045,0.00000000,0.00000000,0.00000000,0.02131145,0.00000000,0.00000000,0.00000000,0.00000000,0.00000000,0.00372169,0.00000000,0.00000000,0.00000000,0.00000000,0.00000000,0.00000000,0.00000000,0.00000000,0.00000000,0.00000000,0.00000000,0.00000000,0.00000000,0.00000000,0.00000000,0.00000000,3.09956890,0.00000000,0.00000000,0.00000000,0.00000000,0.00000000,0.00000000,0.00000000,0.00000000,0.00000000,0.00000000,0.00000000,0.00000000,0.00000000,0.00000000,0.00000000,0.00084908,0.00000000,0.02772143,0.00000000,0.00000000,0.00000000,0.00000000,0.00202460,0.00807541,0.00000000,0.00000000,0.00000000,0.00000000,0.00000000,0.00000000,0.00000000,0.00000000,0.00000000,0.00000000,0.00000000,0.00000000,0.00000000,0.00000000,0.00000000,0.00000000,0.00000000,0.00000000,0.00000000,0.00000000,0.00000000,0.00000000,0.00000000,0.00000000,0.00000000,0.00000000,0.00000000,0.11197977,0.00000000,0.00000000,0.00000000,0.00000000,0.00000000,0.00000000,0.08825179,0.00000000,0.00000000,0.00000000,0.00642363,0.00000000,0.00000000,0.00000000,0.00084726,0.00539049,0.00111104,0.57102568,0.00000000,0.00000000,0.00000000,0.01399824,0.00000000,0.00000000,0.00000000,0.00606602,0.00000000,0.00000000,0.00000000,0.00000000,0.00000000,0.00000000,0.00000000,0.00000000,0.00000000,0.00000000,0.00000000,0.00000000,0.00000000,0.00000000,0.00000000,0.00000000,0.00000000,0.00000000,0.00000000,0.00000000,0.00000000,0.01158500,0.00000000,0.00000000,0.00000000,0.00000000,0.00000000,0.00077817,0.00000000,0.00000000,0.00000000,0.00000000,0.00000000,0.00000000,0.00000000,0.00000000,0.01219620,0.00712880,0.00000000,0.00000000,0.00000000,0.00000000,0.00000000,0.00000000,0.00000000,0.00000000,0.00000000,0.00202173,0.00000000,0.00000000,0.00000000,0.00000000,0.00000000,1.02055202,0.00000000,0.00000000,0.00232220,0.00000000,0.00000000,0.00000000,0.00000000,0.00000000,0.00000000,0.01155905,0.00000000,0.00000000,0.00000000,0.00000000,0.00000000,0.00881490,0.00000000,0.00000000,0.00000000,0.04517600,0.00000000,0.00000000,0.00000000,0.00000000,0.00000000,0.00000000,0.00880120,0.00000000,0.00000000,0.00000000,0.00000000,0.00000000,0.00000000,0.00000000,0.00000000,0.00000000,0.00000000,0.00000000,0.00000000,0.00000000,0.00000000,0.00000000,0.05279677,0.00000000,0.00000000,0.00000000,0.00000000,0.00000000,0.00000000,0.00000000,0.00000000,0.00000000,0.00000000,0.03001643,0.02178260,0.00000000,0.00000000,0.00000000,0.00000000,0.00000000,0.00600124,0.00000000,0.00000000,0.00000000,0.00000000,0.00000000,1.50965291,0.00000000,0.00000000,0.00000000,0.00000000,0.00000000,0.00000000,0.00000000,0.02912324,0.00000000,0.00000000,0.01298343,0.00000000,0.00000000,0.00652255,0.00000000,0.00000000,0.00000000,0.00000000,0.00000000,0.00000000,0.00000000,0.00000000,0.00000000,0.00000000,0.00000000,0.00000000,0.00000000,0.00000000,0.00610299,0.00000000,0.00000000,0.00000000,0.00000000,0.00000000,0.00000000,0.00000000,0.00000000,0.00000000,0.00000000,0.00000000,0.00587849,0.00000000,0.00000000,0.00000000,0.00000000,0.00000000,0.00000000,0.02658291,0.00000000,0.00000000,0.00000000,0.00000000,0.00000000,0.00000000,0.00000000,0.00000000,0.00000000,0.00000000,0.00000000,0.01354834,0.00000000,0.00000000,0.00000000,0.01135328,0.00000000,0.00000000,0.00126580,0.00000000,0.00000000,0.00000000,0.00000000,0.00000000,0.00000000,0.00000000,0.00000000,0.00000000,0.00000000,0.00000000,0.00000000,0.00108863,0.00000000,0.00000000,0.00000000,0.01952696,0.00000000,0.00000000,0.00000000,0.00000000,0.00000000,0.00000000,0.00000000,0.00000000,0.00000000,5.77884972,0.00000000,0.00000000,0.00000000,0.01523595,0.00000000,0.00000000,0.00000000,0.00000000,0.00000000,0.00878600,0.00000000,0.00000000,0.00000000,0.00000000,0.00000000,0.00000000,0.00000000,0.00000000,0.00000000,0.00000000,0.00000000,0.02463831,0.00000000,0.00000000,0.00000000,0.00000000,0.00000000,0.00000000,0.00000000,0.00592274,0.00000000,0.00000000,0.00000000,0.00000000,0.00000000,0.00000000,0.11166715,0.00000000,0.00000000,0.00000000,0.00853768,0.00000000,0.00000000,0.00828662,0.00000000,0.02079167,0.00000000,0.00000000,0.00000000,0.00000000,0.00000000,0.00000000,0.00000000,0.00000000,0.00000000,0.00000000,0.00000000,0.00000000,0.00000000,0.00000000,0.03415826,0.17146635,0.00000000,0.04765830,0.00000000,0.00000000,0.00000000,0.00000000,0.00000000,0.00000000,0.00000000,0.00000000,0.00000000,0.02131018,0.00058088,0.00000000,0.00138637,0.09487133,0.00000000,0.00000000,0.00000000,0.00000000,0.00000000,0.00000000,0.00000000,0.00000000,0.06126928,0.00000000,0.00000000,0.00000000,0.00000000,0.00000000,0.00000000,0.00000000,0.00000000,0.00000000,0.00000000,0.00000000,0.00000000,0.00000000,0.00945470,0.00000000,0.00000000,0.00000000,0.00000000,0.00000000,0.00000000,0.00000000,0.00000000
0.00000000,0.00000000,0.00000000,0.00000000,0.00548938,0.00000000,0.00000000,0.07604974,0.00000000,0.00000000,0.00000000,0.00000000,0.00000000,0.00000000,0.00000000,0.06253266,0.00000000,0.00000000,0.00000000,0.00000000,0.00000000,0.00000000,0.00000000,0.00000000,0.00000000,0.00000000,0.00729542,0.00000000,0.00000000,0.00000000,0.00000000,0.00000000,0.00505879,0.00000000,0.00000000,0.00000000,0.00000000,0.00000000,0.00000000,0.00000000,0.00000000,0.00000000,0.00000000,0.00000000,0.00000000,0.00000000,0.00000000,0.00000000,0.00000000,0.00000000,0.00000000,0.00000000,0.00000000,0.00331622,0.00000000,0.00000000,0.00000000,0.04419872,0.00236369,0.00000000,0.00000000,0.00000000,0.00000000,0.00000000,0.00000000,0.85805378,0.00000000,0.00000000,0.00000000,0.00000000,0.00152481,0.00000000,0.00000000,0.00000000,0.00000000,0.00000000,0.00000000,0.00000000,0.46140367,0.00000000,0.00000000,0.00000000,0.00000000,0.00000000,0.00000000,0.00000000,0.00000000,0.00000000,0.04331134,0.00000000,0.00000000,0.00000000,0.00000000,0.00000000,0.00000000,0.00000000,0.00000000,0.00000000,0.00000000,0.00000000,0.00000000,0.00000000,0.00000000,0.00000000,0.00000000,0.00000000,0.17069304,0.00203049,0.00000000,0.00000000,0.00000000,0.00000000,0.00000000,0.00000000,0.00000000,0.00000000,0.00000000,0.00000000,0.00000000,0.00000000,0.00000000,0.00646881,0.00000000,0.00122419,0.00000000,0.00000000,0.00000000,0.00082303,0.00000000,0.00505814,0.00710537,0.00000000,0.00000000,0.00000000,0.00000000,0.00000000,0.00000000,0.00000000,0.00000000,0.00000000,0.00000000,0.00000000,0.00250885,0.00000000,0.00000000,0.00000000,0.00000000,0.00000000,0.00000000,0.00000000,0.00000000,0.00000000,0.00000000,0.00000000,0.00000000,0.00000000,0.00000000,0.00000000,0.31351658,0.00000000,0.00000000,0.02068416,0.00000000,0.00000000,0.00000000,0.00000000,0.00000000,0.00000000,0.00000000,0.03200699,0.00000000,0.00000000,0.00000000,0.00000000,0.00000000,0.00000000,0.00000000,0.00000000,0.00000000,0.00000000,0.00000000,0.00396331,0.00000000,0.00000000,0.00000000,0.00000000,0.00000000,0.00000000,0.00000000,0.00000000,0.01900588,0.00000000,0.00000000,0.00000000,0.00000000,0.00000000,0.00000000,0.00352728,0.12664354,0.00000000,0.00000000,0.00374106,0.00000000,0.00000000,0.03369011,0.00000000,0.00000000,0.00000000,0.00000000,0.00000000,0.00000000,0.00000000,0.00000000,0.00000000,0.00000000,0.00000000,0.00000000,0.00000000,0.00000000,0.00000000,0.00000000,0.00000000,0.00000000,0.00000000,0.00000000,0.00000000,0.07201307,0.00000000,0.00000000,0.22814058,0.00000000,0.00000000,0.00000000,0.00000000,0.00225730,0.00000000,0.00000000,0.00000000,0.00542324,0.00000000,0.00000000,0.00000000,0.00000000,0.00000000,0.00000000,0.00000000,0.04023761,0.00000000,0.00000000,0.00000000,0.00000000,0.00000000,0.00000000,0.00000000,0.00000000,0.00000000,0.00000000,0.00000000,0.00000000,0.00000000,0.00000000,0.00000000,0.00000000,0.00000000,0.00000000,0.00000000,0.00000000,0.00000000,0.00000000,0.00000000,0.00000000,0.00000000,0.00000000,0.00075741,0.00000000,0.00151327,0.00000000,0.00000000,0.00000000,0.00779828,0.00000000,0.00000000,0.00000000,0.00000000,0.00000000,0.00000000,0.00000000,0.00000000,0.00000000,0.00149755,0.00000000,0.00000000,0.00301747,0.00000000,0.00000000,0.09858028,0.00000000,0.00000000,0.00000000,0.00000000,0.00294145,0.00000000,0.00000000,0.00000000,0.00000000,0.00000000,0.00000000,0.02471488,0.00000000,0.00000000,0.00000000,0.05880013,0.00000000,0.00000000,0.00806361,0.00000000,0.00000000,0.00267110,0.00000000,0.00000000,0.00000000,0.00000000,0.00000000,0.00000000,0.00000000,0.00000000,0.00000000,0.00000000,0.00000000,0.00000000,0.00000000,0.00000000,0.00000000,0.00000000,0.00000000,0.00000000,0.00332834,0.00000000,0.00000000,0.01993083,0.00000000,0.00000000,0.00123030,0.00000000,0.00000000,0.00000000,0.00000000,0.00000000,0.02191688,0.00000000,0.00938943,0.00000000,0.00000000,0.00000000,0.00000000,0.00000000,0.00000000,0.00000000,0.00000000,0.00000000,0.00000000,0.00000000,0.00351894,0.00131162,0.00000000,0.00647184,0.00000000,0.00000000,0.00000000,0.00000000,0.00275334,0.00000000,0.00000000,0.00000000,0.00000000,0.01227403,0.00000000,0.00681289,0.00000000,0.00000000,0.00000000,0.00000000,0.00000000,0.00000000,0.00000000,0.01384271,0.00959952,0.00000000,0.00000000,0.00000000,0.00000000,0.00000000,0.00000000,0.00000000,0.00000000,0.00000000,0.00000000,0.00000000,0.00000000,0.00000000,0.00000000,0.00000000,0.00000000,0.00000000,0.02266366,0.00000000,0.00000000,0.00000000,0.00540043,0.00000000,0.00445473,0.00000000,0.00000000,0.00000000,0.00000000,0.08171392,0.00000000,0.00000000,0.00000000,0.00000000,0.00000000,0.00000000,0.00000000,0.00000000,0.01197366,0.00000000,0.00000000,0.00000000,0.00000000,0.00000000,0.00000000,0.00000000,0.04690595,0.00000000,0.00000000,0.00000000,0.00000000,0.00000000,0.00000000,0.00000000,0.00000000,0.00000000,0.00000000,0.00000000,0.00000000,0.00000000,0.00000000,0.00000000,0.00000000,0.00000000,0.00000000,0.00000000,0.00000000,0.00000000,0.00000000,0.00000000,0.00000000,0.00000000,0.00000000,0.00000000,0.00000000,0.00000000,0.00703898,0.00000000,0.00000000,0.14701771,0.00000000,0.00000000,0.00000000,0.00000000,0.00000000,0.00000000,0.00000000,0.00000000,0.00000000,0.00000000,0.00000000,0.00000000,0.01583132,0.00208799,2.25671057,0.00000000,0.00000000,0.00000000,0.02249880,0.00000000,0.00000000,0.00350021,0.00000000,0.00000000,0.00000000,0.00000000,0.02064887,0.00000000,0.00000000,0.00000000,0.01737187,0.00000000,0.00000000,0.00000000,0.00000000,0.00000000,0.00119416,0.00000000,0.00000000,0.00000000,0.00000000,0.00000000,0.00000000,0.00000000,0.00000000,0.00000000,0.00000000,0.00000000,0.00000000,0.00086247,0.00000000,0.00000000,0.00000000,0.00069468,0.00000000,0.00000000,0.02308308,0.00000000,0.00000000,0.00000000,0.00000000,0.00000000,0.00000000,0.00000000,0.00000000,0.00000000,0.00000000,0.00000000,0.00000000,0.00000000,0.00000000,0.05333697,0.00000000,0.00000000,0.00000000,0.00000000,0.00000000,0.00000000,0.00641277,0.00000000,0.00000000,0.00000000,0.00000000,0.00000000,0.00000000,0.03533884,0.00000000,0.00000000,0.00000000,0.01372431,0.00000000,0.00000000,0.00000000,0.00000000,0.00000000,0.00000000,0.00000000,0.00000000,0.00000000,0.00000000,0.00153776,0.00000000,0.00000000,0.00000000,0.00000000,0.00000000,0.00000000,0.00000000,0.00000000,0.00000000,0.00000000,0.00000000,0.00000000,0.00000000,0.00000000,0.05580506,0.00000000,0.00000000,0.00000000,0.00000000,0.00000000,0.00000000,0.00503885,0.00000000,0.03019722,0.09379886,0.00000000,0.00000000,0.00000000,0.00000000,0.00000000,0.00000000,0.00000000,0.00000000,0.00000000,0.00000000,0.18678892,0.00000000,0.00000000,0.00000000,0.00000000,0.00000000,0.00000000,0.06425165,0.00000000,0.00000000,0.01182406,0.00000000,0.00000000,0.00000000,0.00000000,0.00000000,0.00000000,0.00000000,0.00000000,0.00000000,0.00000000,0.00000000,0.00000000,0.00000000,0.00000000,0.00000000,0.00000000,0.00000000,0.20462999,0.01653093,0.00271396,0.00000000,0.00000000,0.34485096,0.00000000,0.03566674,0.00000000,0.00000000,0.00000000,0.00000000,0.00000000,0.00000000,0.00000000,0.00000000,0.00000000,0.00000000,0.00000000,0.00000000,0.00000000,0.00000000,0.00000000,0.00000000,0.00000000,0.00000000,0.00000000,0.00000000,0.00000000,0.00000000,0.00000000,0.00000000,0.00000000,0.00000000,0.07014016,0.00000000,0.00000000,0.00000000,0.00000000,0.00000000,0.85250204,0.00000000,0.00000000,0.00000000,0.00000000,0.00000000,0.00000000,0.00000000,0.00303842,0.00000000,0.00000000,0.00000000,0.00000000,0.00000000,0.00000000,0.00000000,0.00000000,0.00000000,0.00000000,0.00000000,0.00000000,0.00000000,0.00000000,0.00000000,0.00000000,0.00000000,0.00000000,0.00000000,0.00000000,0.00000000,0.00000000,0.00000000,0.00000000,0.00000000,0.00000000,0.00000000,0.00000000,0.00000000,0.00000000,0.00000000,0.00000000,0.00000000,0.00000000,0.00000000,0.21895517,0.00264297,0.00000000,0.00000000,0.00000000,0.00000000,0.00000000,0.00000000,0.00000000,0.00000000,0.00000000,0.00000000,0.00000000,0.00000000,0.00000000,0.00000000,0.00000000,0.00000000,0.00000000,0.00000000,0.00000000,0.00000000,0.00000000,0.03408118,0.24013001,0.00000000,0.00560911,0.00000000,0.00000000,0.00000000,0.00000000,0.01291227,0.00000000,0.00000000,0.00385338,0.02797778,0.00000000,0.00000000,0.00000000,0.00000000,0.00160781,0.00000000,0.00000000,0.00177698,0.00000000,0.00529451,0.00000000,0.00000000,0.00000000,0.00143233,0.00000000,0.00000000,0.00000000,0.00000000,0.00000000,0.00000000,0.00000000,0.00000000,0.00279946,0.00000000,0.00000000,0.00000000,0.00000000,0.00205247,1.01865507,0.00000000,0.00000000,0.00000000,0.00000000,0.00000000,0.00000000,0.00000000,0.00000000,0.00000000,0.00000000,0.00000000,0.00000000,0.00000000,0.00000000,0.00000000,0.00631921,0.00000000,0.00000000,0.00000000,0.00000000,0.00282273
0.00000000,0.00000000,0.00000000,0.00000000,0.00000000,0.00000000,0.00000000,0.00000000,0.00000000,0.00000000,0.00000000,0.00778797,0.00000000,0.00000000,0.00614301,0.00000000,0.00000000,0.00000000,0.00000000,0.00000000,0.00000000,0.00000000,0.00000000,0.00000000,0.00000000,0.00000000,0.00000000,0.00000000,0.00000000,0.00000000,0.00000000,0.00157662,0.00000000,0.00000000,0.00341729,0.00000000,0.00000000,0.00000000,0.00000000,0.00000000,0.00000000,0.00000000,0.01580165,0.00000000,0.00266894,0.00000000,0.00000000,0.00000000,0.00000000,0.00000000,0.00000000,0.00000000,0.00000000,0.00000000,0.00000000,0.00000000,0.00000000,0.00000000,0.00000000,0.00000000,0.00000000,0.00000000,0.00000000,0.00000000,0.00000000,0.00000000,0.01331406,0.00000000,0.00000000,0.00000000,0.00000000,0.00000000,0.00000000,0.00000000,0.00000000,0.00000000,0.00000000,0.00000000,0.00000000,0.00000000,0.00000000,0.01463670,0.00000000,0.01717203,0.00000000,0.00000000,0.00000000,0.00000000,0.00681576,0.00000000,0.00000000,0.00000000,0.00000000,0.00000000,0.00000000,0.18593070,0.00000000,0.00000000,0.05628701,0.00000000,0.00231523,0.00000000,0.00000000,0.00000000,0.00338325,0.00000000,0.00000000,0.00000000,0.00000000,0.00000000,0.00000000,0.00000000,0.00000000,0.00000000,0.00085654,0.00000000,0.05111430,0.00000000,0.00000000,0.00000000,0.00000000,0.00000000,0.00000000,0.00000000,0.00000000,0.00000000,0.00000000,0.00000000,0.00000000,0.00000000,0.00180519,0.00000000,0.00000000,0.00000000,0.00540889,0.00064656,0.00000000,0.00000000,0.00000000,0.00000000,0.00000000,0.00000000,0.00000000,0.00000000,0.00000000,0.00000000,0.00000000,0.00000000,0.00784009,0.00000000,0.00000000,0.00000000,0.00000000,0.00000000,0.04411657,0.03983532,0.04667189,0.00057564,0.00000000,0.00000000,0.00000000,0.00000000,0.00000000,0.00000000,0.00000000,0.00000000,0.00000000,0.00000000,0.00000000,0.00000000,0.00000000,0.00000000,0.00000000,0.00000000,0.00000000,0.00000000,0.00000000,0.00000000,0.00000000,0.00000000,0.00000000,0.00000000,0.00000000,0.00000000,0.00000000,0.00341941,0.00000000,0.00000000,0.06055456,0.01560127,0.00000000,0.00000000,0.00000000,0.00000000,0.00000000,0.00000000,0.00000000,0.00000000,0.00000000,0.00000000,0.00000000,0.00000000,0.00000000,0.00513931,0.00000000,0.00000000,0.00000000,0.00000000,0.00000000,0.00000000,0.00000000,0.00000000,0.00000000,0.00000000,0.00000000,0.00000000,0.00000000,0.00000000,0.00920752,0.00000000,0.00000000,0.00000000,0.00000000,0.00000000,0.00000000,0.00000000,0.00000000,0.00000000,0.00000000,0.00000000,0.00000000,0.00000000,0.00000000,0.00000000,0.00000000,0.00000000,0.00000000,0.00000000,0.00000000,0.00000000,0.00000000,0.00000000,0.00000000,0.00000000,0.00000000,0.00000000,0.00000000,0.00000000,0.00000000,0.00000000,0.00000000,0.00000000,0.00000000,0.00000000,0.00000000,0.00000000,0.00000000,0.00000000,0.00000000,0.02200881,0.00000000,0.00065666,0.00000000,0.00000000,0.00000000,0.00000000,0.00000000,0.00000000,0.00000000,0.00000000,0.00000000,0.00000000,0.00000000,0.03669815,0.00000000,0.08447957,0.00000000,0.00000000,0.00000000,0.00000000,0.00000000,0.00298342,0.00000000,0.00000000,0.00000000,0.00000000,0.00000000,0.00000000,0.03325801,0.00000000,0.00000000,0.00000000,0.00000000,0.00000000,0.00000000,0.00000000,0.00000000,0.00000000,0.00000000,0.00000000,0.00000000,0.00000000,0.00000000,0.00000000,0.00000000,0.00000000,0.08026782,0.00000000,0.00000000,0.00000000,0.00000000,0.00000000,0.00000000,0.00000000,0.00000000,0.00000000,0.01555841,0.00000000,0.02050904,0.00000000,0.00000000,0.00000000,0.00000000,0.00000000,0.00000000,0.00000000,0.00000000,0.00000000,0.00000000,0.00000000,0.01780448,0.00000000,0.01635772,0.00000000,0.00000000,0.00000000,0.00000000,0.00000000,0.00749278,0.00000000,0.00000000,0.00000000,0.00000000,0.00000000,0.04419828,0.00000000,0.00000000,0.00000000,0.00000000,0.00000000,0.00000000,0.00000000,0.00000000,0.00000000,0.00000000,0.00000000,0.00000000,0.00000000,0.00000000,0.00000000,0.00000000,0.00000000,0.00000000,0.00000000,0.00000000,0.00000000,0.00000000,0.00000000,0.00000000,0.00000000,0.00000000,0.00000000,0.00000000,0.00000000,0.00782497,0.00000000,0.00000000,0.00000000,0.00000000,0.00000000,0.00000000,0.01032591,0.00262572,0.00000000,0.00000000,0.00000000,0.00000000,0.00000000,0.00000000,0.00000000,0.00000000,0.00000000,0.00000000,0.00000000,0.00000000,0.00000000,0.00000000,0.00000000,0.02479256,0.00000000,0.00216269,0.00000000,0.00000000,0.00000000,0.00484446,0.00000000,0.00000000,0.00000000,0.00000000,0.00000000,0.00000000,0.00928726,0.00000000,0.00000000,0.00000000,0.00000000,0.00000000,0.00000000,0.00000000,0.00000000,0.00000000,0.00000000,0.00000000,0.00000000,0.00000000,0.00000000,0.00000000,0.00165794,0.00000000,0.00000000,0.00000000,0.00000000,0.00000000,0.00000000,0.00000000,0.00000000,0.00000000,0.00000000,0.00000000,0.00749038,0.00000000,0.00226031,0.00000000,0.00000000,0.00000000,0.00000000,0.00000000,0.00000000,0.00000000,0.00000000,0.00000000,0.00182735,0.00000000,0.00000000,0.00000000,0.01210004,0.00000000,0.00000000,0.00000000,0.00000000,0.00000000,0.00000000,0.00000000,0.00000000,0.00496509,0.00000000,0.00000000,0.00000000,0.00000000,0.00000000,0.00000000,0.00000000,0.00000000,0.00000000,0.00000000,0.00505873,0.00000000,0.02635367,0.00000000,0.00000000,0.00000000,0.00000000,0.00000000,0.00000000,0.00000000,0.00000000,0.00000000,0.00000000,0.00000000,0.00000000,0.00000000,0.06619230,0.00000000,0.00000000,0.00000000,0.00000000,0.02627088,0.00000000,0.00000000,0.00000000,0.00000000,0.00000000,0.00000000,0.00000000,0.00086481,0.00000000,0.00000000,0.00000000,0.00000000,0.00000000,0.07315010,0.00000000,0.00000000,0.00000000,0.00000000,0.00000000,0.00000000,0.00000000,0.00000000,0.00000000,0.00000000,0.00000000,0.00000000,0.00000000,0.00000000,0.00377022,0.00630186,0.00000000,0.00000000,0.00000000,0.00000000,0.00000000,0.00000000,0.00000000,0.00000000,0.00000000,0.00000000,0.00000000,0.00758750,0.00000000,0.00000000,0.00000000,0.00000000,0.00000000,0.00000000,0.00000000,0.00315411,0.00000000,0.00000000,0.00000000,0.00081740,0.00000000,0.00000000,0.02397876,0.00000000,0.00000000,0.00000000,0.00463868,0.00000000,0.00000000,0.00000000,0.00628342,0.00000000,0.01228404,0.00000000,0.00000000,0.00000000,0.00000000,0.00000000,0.06929661,0.00000000,0.00000000,0.00000000,0.02101455,0.00000000,0.00000000,0.00761237,0.00000000,0.00000000,0.07843656,0.00000000,0.00000000,0.00495135,0.00000000,0.00000000,0.00211102,0.00000000,0.00000000,0.00000000,0.00000000,0.00601472,0.00000000,0.00000000,0.00000000,0.00000000,0.00000000,0.00000000,0.00000000,0.00000000,0.00286944,0.00000000,0.00000000,0.00000000,0.00000000,0.00000000,0.00825356,0.00000000,0.00000000,0.00000000,0.00085204,0.00000000,0.00000000,0.00000000,0.00000000,0.00321782,0.00000000,0.00000000,0.00000000,0.00000000,0.00000000,0.00000000,0.00000000,0.00000000,0.00000000,0.00000000,0.00000000,0.00000000,0.00000000,0.00000000,0.08059074,0.00000000,0.00000000,0.00000000,0.00000000,0.00274673,0.93445693,0.00000000,0.00000000,0.00000000,0.00000000,0.00000000,0.00000000,0.00000000,0.00000000,0.00000000,0.00000000,0.16426550,0.00000000,0.00000000,0.00000000,0.00000000,0.00000000,0.00000000,0.00000000,0.00000000,0.00000000,0.00000000,0.00000000,0.00000000,0.00000000,0.00000000,1.66837459,0.00000000,0.00000000,0.00000000,0.00000000,0.00000000,0.00000000,0.00000000,0.00000000,0.01461862,0.00000000,0.00000000,0.00000000,0.00119810,0.00000000,0.00000000,0.00000000,0.00000000,0.00000000,0.00000000,0.00000000,0.00000000,0.00000000,0.02330573,0.00000000,0.00000000,0.00000000,0.00000000,0.00000000,0.00000000,0.00000000,0.00000000,0.00000000,0.00217910,0.00000000,0.00000000,0.00000000,0.00887867,0.00000000,0.00000000,0.00000000,0.00000000,0.00000000,0.00000000,0.00000000,0.00000000,0.00935480,0.00000000,0.00000000,0.00000000,0.00000000,0.00000000,0.00000000,0.00581270,0.00834119,0.00000000,0.00000000,0.00709727,0.00000000,0.00000000,0.00000000,0.00062221,0.00000000,0.00000000,0.00000000,0.00000000,0.00000000,0.00000000,0.00000000,0.02317975,0.00000000,0.00000000,0.01023973,0.00000000,0.00000000,0.00000000,0.00000000,0.00000000,0.00000000,0.00000000,0.00000000,0.92368906,0.00000000,0.00000000,0.00294687,0.00000000,0.01187641,0.00000000,0.08502315,0.00000000,0.00643271,0.00000000,0.00000000,0.01069562,0.00000000,0.00000000,0.00000000,0.00000000,0.00000000,0.00000000,0.00000000,0.01553353,0.00000000,0.00604214,0.00000000,0.00000000,0.00000000,0.00115448,0.00238770,0.00000000,0.00000000,0.00000000,0.00000000,0.00000000,0.00000000,0.00000000,0.00000000,0.00000000,0.00000000,0.00000000,0.00000000,0.00000000,0.00456770,0.00000000,0.00000000,0.00000000,0.01490318,0.00000000,0.00854658,0.00000000,0.00000000,0.00000000,0.00306306,0.00000000,0.00000000,0.00831514,0.00000000,0.08969155,0.00000000
0.00000000,0.00000000,0.00000000,0.09973058,0.00000000,0.00000000,0.00000000,0.00000000,0.00000000,0.00000000,2.22516585,0.00000000,0.00000000,0.00000000,0.00000000,0.00000000,0.62230805,0.00000000,0.00000000,0.00000000,0.00000000,0.00000000,4.17849041,0.00000000,0.00000000,0.00000000,0.00000000,0.00000000,0.00000000,0.00000000,0.00000000,0.01162542,0.00000000,0.00000000,0.00000000,0.00000000,0.00000000,0.00000000,0.02425052,0.00000000,0.00000000,0.11311354,0.00000000,0.03046809,0.00000000,0.00000000,0.00000000,0.00000000,0.00000000,0.00000000,0.00000000,0.00000000,0.00000000,0.00000000,0.00000000,0.00000000,0.00000000,0.00000000,0.00136001,0.00000000,0.00000000,0.00000000,0.00000000,0.00000000,0.00000000,0.00000000,0.00000000,0.00124241,0.00000000,0.00000000,0.00000000,0.00000000,0.00000000,0.01268887,0.00000000,0.00000000,0.00000000,0.03302350,0.00000000,0.00000000,0.00000000,0.00000000,0.02169394,0.00000000,0.00000000,0.00000000,0.00935941,0.00000000,0.00000000,0.00000000,0.00000000,0.00000000,0.00000000,0.00000000,0.00000000,0.00000000,0.00000000,0.00000000,0.00000000,0.00000000,0.00000000,0.09450507,0.00000000,0.01059357,0.00000000,0.00000000,0.43033700,0.00000000,0.00000000,0.00000000,0.00000000,0.00000000,0.00000000,0.00000000,0.00000000,0.00000000,0.02240417,0.01464535,0.00000000,0.00000000,0.00000000,0.00000000,0.00000000,0.00000000,0.00000000,0.00000000,0.00000000,0.00000000,0.00000000,0.00000000,0.00000000,0.00000000,0.00000000,0.00000000,0.00000000,0.01957750,0.00000000,0.00000000,0.01683054,0.00000000,0.00000000,0.00000000,0.00000000,0.00000000,0.00000000,0.00000000,0.00000000,0.00000000,0.00000000,0.00000000,0.00000000,0.00000000,0.00000000,0.00000000,0.00000000,0.00000000,0.00000000,0.00000000,0.00000000,0.00454229,0.00000000,0.00646656,0.00000000,0.00000000,0.00000000,0.00000000,0.00000000,0.00000000,0.00000000,0.00000000,0.00000000,0.00000000,0.00000000,0.00000000,0.00000000,0.00000000,0.00000000,0.00000000,0.00000000,0.00178500,0.01342111,0.00000000,0.00000000,0.00000000,0.00000000,0.00000000,0.00000000,0.00000000,0.00000000,0.00000000,0.00000000,0.04392905,0.00000000,0.00000000,0.00000000,0.00000000,0.00000000,0.00429429,0.00000000,0.00000000,0.00000000,0.00000000,0.00000000,0.00000000,0.00000000,0.01788963,0.00000000,0.00000000,0.00000000,0.00000000,0.00000000,0.00000000,0.00000000,0.00000000,0.00000000,0.00000000,0.00000000,0.00000000,0.00000000,0.00000000,0.00000000,0.00000000,0.00121256,0.00388442,0.00000000,0.00310159,0.00000000,0.00000000,0.00000000,0.00000000,0.00000000,0.00000000,0.00000000,0.00000000,0.03116502,0.00000000,0.00000000,0.00000000,0.00000000,0.00000000,0.00000000,0.00000000,0.00000000,0.00000000,0.01042862,0.00000000,0.04936738,0.00000000,0.00000000,0.00000000,0.00000000,0.00000000,0.00086378,0.00000000,0.01195355,0.00000000,0.00000000,0.00000000,0.00000000,0.00134526,0.00000000,0.00000000,0.00000000,0.01456700,0.00000000,0.00000000,0.00000000,0.00000000,0.00000000,0.00000000,0.00000000,0.00000000,0.00000000,0.00000000,0.00000000,0.01790719,0.00431843,0.00000000,0.01942240,1.03404309,0.00000000,0.00000000,0.00000000,0.00000000,0.00339469,0.00000000,0.00000000,0.00000000,0.00000000,0.00000000,0.00707117,0.00000000,0.00000000,0.00000000,0.00000000,0.00000000,0.00000000,0.00000000,0.00000000,0.00000000,0.00000000,0.00000000,0.00000000,0.00000000,0.00000000,0.00000000,0.00000000,0.00000000,0.00000000,0.00000000,0.00000000,0.01415968,0.00000000,0.00000000,0.00000000,0.00000000,0.00000000,0.00000000,0.00000000,0.00000000,0.00532118,0.00000000,0.00000000,0.00000000,0.00000000,0.00000000,0.01195594,0.00000000,0.00000000,0.00000000,0.04184173,0.00000000,0.00000000,0.00000000,0.00000000,0.00000000,0.00000000,0.00000000,0.00000000,0.00000000,0.00000000,0.00000000,0.00000000,0.00000000,0.00000000,0.00000000,0.00000000,0.00000000,0.00000000,0.00000000,0.00000000,0.00000000,0.00000000,0.00000000,0.18155904,0.00000000,0.00000000,0.00000000,0.20203263,0.00000000,0.00000000,0.00000000,0.00000000,0.00000000,0.00000000,0.00000000,0.00000000,0.00000000,0.00000000,0.01171087,1.19335055,0.00000000,0.00000000,0.00000000,0.00000000,0.00000000,0.00000000,0.00000000,0.00000000,0.00000000,0.00000000,0.00000000,0.00000000,0.00000000,0.00000000,0.01206630,0.00000000,0.00000000,0.00000000,0.00000000,0.00000000,0.01072365,0.00000000,0.00000000,0.00000000,0.00185049,0.00116652,0.00000000,0.00000000,0.00516778,0.00000000,0.00000000,0.00000000,0.10684133,0.00000000,0.00000000,0.00000000,0.00000000,0.00000000,0.00000000,0.00000000,0.02227000,0.00000000,0.00000000,0.00000000,0.00000000,0.00000000,0.00000000,0.00000000,0.00302519,0.00000000,0.00000000,0.00000000,0.00897658,0.00000000,0.00000000,0.00000000,0.00000000,0.00116729,0.00000000,0.00000000,0.00000000,0.00000000,0.00000000,0.00000000,0.00000000,0.00000000,0.00000000,0.00000000,0.00000000,0.00000000,0.00000000,0.00000000,0.00000000,0.00000000,0.00000000,0.00000000,0.00000000,0.31967633,0.00000000,0.00000000,0.00000000,0.01713656,0.00000000,0.00000000,0.00000000,0.00806068,0.00000000,0.00000000,0.00000000,0.00000000,0.03504370,0.00000000,0.00000000,0.00000000,0.00000000,0.00000000,0.00000000,0.00000000,0.00000000,0.00000000,0.00000000,0.00000000,0.00000000,0.00000000,0.00000000,0.00000000,0.00000000,0.03168238,0.00782687,0.00000000,0.00000000,0.00000000,0.00000000,0.00000000,0.00000000,0.00000000,0.00000000,0.00000000,0.00000000,0.00000000,0.00081900,0.00000000,0.00448182,0.00000000,0.00000000,0.00000000,0.00000000,0.00000000,0.00000000,0.00000000,0.00000000,0.00000000,0.00000000,0.00000000,0.00000000,0.00345457,0.02709675,0.00000000,0.00000000,0.00000000,0.00000000,0.00000000,0.00000000,0.00000000,0.00000000,0.00000000,0.00000000,0.00000000,0.00000000,0.00000000,0.00000000,0.00382827,0.00000000,0.00000000,0.00000000,0.00000000,0.00000000,0.00000000,0.00000000,0.00000000,0.00618530,0.00000000,0.00000000,0.00000000,0.00000000,0.00000000,0.00000000,0.00000000,0.00000000,0.00000000,0.05716392,0.00000000,0.00000000,0.00000000,0.00000000,0.00000000,0.00653419,0.00000000,0.00000000,0.00164632,0.00000000,0.00000000,0.00000000,1.61833417,0.01566249,0.00000000,0.00000000,0.00000000,0.00451979,0.00000000,0.00000000,0.00000000,0.00000000,0.00000000,0.00000000,0.00000000,0.00000000,0.00000000,0.00000000,0.00000000,0.00000000,0.00000000,0.00000000,0.00000000,0.00000000,0.00000000,0.05740058,0.00380222,0.00000000,0.00000000,0.00125900,0.00000000,0.00000000,0.00000000,0.00000000,0.00000000,0.00000000,0.00000000,0.00000000,0.00000000,0.04153256,0.00000000,0.00191975,0.00000000,0.00000000,0.00000000,0.00000000,0.00000000,0.00000000,0.00000000,0.00000000,0.00000000,0.00572749,0.00000000,0.00000000,0.00000000,0.00000000,0.00000000,0.00000000,0.45545969,0.00000000,0.00000000,0.00000000,0.00000000,0.00000000,0.00000000,0.00000000,0.00000000,0.00000000,0.00000000,0.00665374,0.00000000,0.00000000,0.00000000,0.00000000,0.00000000,0.00000000,0.00000000,0.00000000,0.00000000,0.00000000,0.00000000,0.00000000,0.00000000,0.00000000,0.03154667,0.00000000,0.01507743,0.00000000,0.00000000,0.00114916,0.00201180,0.00000000,0.00000000,0.00000000,0.00000000,0.00000000,0.00000000,0.00000000,0.00000000,0.00000000,0.00000000,0.00000000,0.00000000,0.00000000,0.00000000,0.00000000,0.00000000,0.00082338,0.00000000,0.00000000,0.00000000,0.00000000,0.00293580,0.00000000,0.00000000,0.00839460,0.00000000,0.00312540,0.00000000,0.00000000,0.00000000,0.00000000,0.00164824,0.00000000,0.00000000,0.00000000,0.00000000,0.00448181,0.00000000,0.00000000,0.00000000,0.00000000,0.00000000,0.00000000,0.00000000,0.00874251,0.00000000,0.00000000,0.00000000,0.00000000,0.00000000,0.00000000,0.00000000,0.00000000,0.00000000,0.00000000,0.00000000,0.00000000,0.00000000,0.00000000,0.00000000,0.00000000,0.00000000,0.00176616,0.00000000,0.00000000,0.00000000,0.00000000,0.00000000,0.00000000,0.00000000,0.00000000,0.00000000,0.00000000,0.00000000,0.00000000,0.00000000,0.00000000,0.00079795,0.02009120,2.41502875,0.00000000,0.00000000,0.00000000,0.00000000,0.00000000,0.00000000,0.00000000,0.00000000,0.00000000,0.38286511,0.00000000,0.00000000,0.00000000,0.00000000,0.00000000,0.00000000,0.00000000,0.00000000,0.00000000,0.04543338,0.01727839,0.07048246,0.00147409,0.00000000,0.00000000,0.00000000,0.00000000,0.00229995,0.00000000,0.00000000,0.00000000,0.00000000,0.00000000,0.00000000,0.00000000,0.00000000,0.00000000,0.00000000,0.00191634,0.00000000,0.00000000,0.00000000,0.00000000,0.00000000,0.00000000,0.00000000,0.00000000,0.00000000,0.00000000,0.00000000,0.00000000,0.00000000,0.00000000,0.00000000,0.00000000,0.00000000,0.00000000,0.00000000,0.00000000,0.00000000,0.00000000,0.01191936,0.00000000,0.00000000,0.03799433,0.32743496,0.00000000,0.00000000,0.00000000,0.00000000,0.00000000,0.00000000,0.00000000,0.00000000,0.00000000,0.00000000,0.01403581
0.00000000,0.00000000,0.00000000,0.00000000,0.00000000,0.00000000,0.00000000,0.00000000,0.00000000,0.00000000,0.00000000,0.00000000,0.00100678,0.00000000,0.00000000,0.00000000,0.00000000,0.00000000,0.00000000,0.00000000,0.00000000,4.17849041,0.00000000,0.00000000,0.00493314,0.00000000,0.00000000,0.00227673,0.00000000,0.00000000,0.00669463,0.00000000,0.00000000,0.00000000,0.00000000,0.00000000,0.00000000,0.00000000,0.00000000,0.00000000,0.00000000,0.00000000,0.01441962,0.00000000,0.00000000,0.00000000,0.00000000,0.00000000,0.00000000,0.00000000,0.00000000,0.00000000,0.02014688,0.00000000,0.00000000,0.00000000,0.00000000,0.00000000,0.00000000,0.10577225,0.00000000,0.00000000,0.01840198,0.00000000,0.00000000,0.00000000,0.00000000,0.00000000,0.00000000,0.00000000,0.00000000,1.62399343,0.00000000,0.00000000,0.00000000,0.00385875,0.02650462,0.00000000,0.00000000,0.00000000,0.00000000,0.00000000,0.00000000,0.00000000,0.00000000,0.00000000,0.00000000,0.00000000,0.00000000,0.00000000,0.00000000,0.00000000,0.00000000,0.00000000,0.00000000,0.00000000,0.00000000,0.00000000,0.00000000,0.00000000,0.13938573,0.00000000,0.00102720,0.00000000,0.00597193,0.00000000,0.00000000,0.00000000,0.00000000,0.00000000,0.00000000,0.00000000,0.00000000,0.00000000,0.00000000,0.00000000,0.00609527,0.04609074,0.00000000,0.00000000,0.00000000,0.00194046,0.00000000,0.00111126,0.00000000,0.00000000,0.00000000,0.00000000,0.00000000,0.00000000,0.00000000,0.00180354,0.00000000,0.00000000,0.00545003,0.00000000,0.00000000,0.00000000,0.00000000,0.00000000,0.00000000,0.00000000,0.01305059,0.00000000,0.00000000,0.00000000,0.00000000,0.00000000,0.00000000,0.00000000,0.00000000,0.03127815,0.00000000,0.00000000,0.00000000,0.00000000,0.00000000,0.00000000,0.00000000,0.21014255,0.00000000,0.00000000,0.00000000,0.00000000,0.00000000,0.01271092,0.00000000,0.00000000,0.00000000,0.00000000,0.00000000,0.00000000,0.00000000,0.00000000,0.00000000,0.00000000,0.00000000,0.00000000,0.00000000,0.00000000,0.00000000,0.00000000,0.00000000,0.09196873,0.00000000,0.00000000,0.00000000,0.00000000,0.00000000,0.00000000,0.00667618,0.00413986,0.00000000,0.00000000,0.00000000,0.01938326,0.00000000,0.00000000,0.00000000,0.00000000,0.00000000,0.00000000,0.00000000,0.00000000,0.00000000,0.00000000,0.00000000,0.00147307,0.00000000,0.00000000,0.00000000,0.02021306,0.00000000,0.00000000,0.00000000,0.00000000,0.00000000,0.00000000,0.00494053,0.00000000,0.01794355,0.00000000,0.00000000,0.00000000,0.00000000,0.00000000,0.00000000,0.00000000,0.00000000,0.00000000,0.00000000,0.00000000,0.03147276,0.00000000,0.01149995,0.00000000,0.00000000,0.00000000,0.00000000,0.00000000,0.00000000,0.00000000,0.00000000,0.00000000,0.00000000,0.00000000,0.00000000,0.00000000,0.00000000,0.00000000,0.01689296,0.00000000,0.00496321,0.00000000,0.00000000,0.00871890,0.00000000,0.00000000,0.00000000,0.00000000,0.00000000,0.00000000,0.02039540,0.00000000,0.00000000,0.00000000,0.00000000,0.00000000,0.00000000,0.00000000,0.00000000,0.00000000,0.01128436,0.00000000,0.00000000,0.00000000,0.00000000,0.01299207,0.00000000,0.00000000,0.00786866,0.00000000,0.00000000,0.00000000,0.00000000,2.32484331,0.00000000,0.00000000,0.00000000,0.00000000,0.00000000,0.00000000,0.00000000,0.00000000,0.00000000,0.00000000,0.00000000,0.00000000,0.00000000,0.00000000,0.02004352,0.00000000,0.00000000,0.01697993,1.16490798,0.00000000,0.00000000,0.00000000,0.00000000,0.00000000,0.00000000,0.00610998,0.00000000,0.00000000,0.00000000,0.00000000,0.00000000,0.00000000,0.03089944,0.00000000,0.00000000,0.00000000,0.00000000,0.00000000,0.00000000,0.00000000,0.00000000,0.00000000,0.00000000,0.00000000,0.00000000,0.00000000,0.00000000,0.00000000,0.00000000,0.06195587,0.00000000,0.00000000,0.00000000,0.00000000,0.00000000,0.00000000,0.00000000,0.00000000,0.00000000,0.00000000,0.00000000,0.00000000,0.00000000,0.00000000,0.00000000,0.00000000,0.00000000,0.02738106,0.00000000,0.00000000,0.00000000,0.00000000,0.00000000,0.00000000,0.00000000,0.01387735,0.00000000,0.00000000,0.00000000,0.00185487,0.00000000,0.00000000,0.00947261,0.00000000,0.00000000,0.01213300,0.00000000,0.00000000,0.00000000,0.00000000,0.00000000,0.04945946,0.00000000,0.00000000,0.00000000,0.00000000,0.01343358,0.00000000,0.17381629,0.00000000,0.00000000,0.00000000,0.00000000,0.00000000,0.00000000,0.00000000,0.00000000,0.00000000,0.00000000,0.00113906,0.00000000,0.00359583,0.00000000,0.00000000,0.00000000,0.00277151,0.00000000,0.00000000,0.00000000,0.00000000,0.00000000,0.00000000,0.00000000,0.00000000,0.00000000,0.00291894,0.00000000,0.18205972,0.00000000,0.00000000,0.00126478,0.00000000,0.00000000,0.00000000,0.00000000,0.00000000,0.00000000,0.00000000,0.00000000,0.00000000,0.00000000,0.00000000,0.00000000,0.00000000,0.00000000,0.00000000,0.00000000,0.00000000,0.02073322,0.02411445,0.00000000,0.00000000,0.00000000,0.00000000,0.00000000,0.00000000,0.00000000,0.00000000,0.00000000,0.00000000,0.00000000,0.00000000,0.00000000,0.00000000,0.00000000,0.00000000,0.00000000,0.00000000,0.00000000,0.00785287,0.00000000,0.00000000,0.00000000,0.00881950,0.00714576,0.00000000,0.00522970,0.00000000,0.00000000,0.00000000,0.00000000,0.00000000,0.00000000,0.03627948,3.42623564,0.00000000,0.00000000,0.00000000,0.00000000,0.00000000,0.00000000,0.00000000,0.00000000,0.00000000,0.00000000,0.00000000,0.00000000,0.00000000,0.00000000,0.00000000,0.00000000,0.00000000,0.00000000,0.00000000,0.00000000,0.00000000,0.00000000,0.00000000,0.06926514,0.00000000,0.00000000,0.00000000,0.00000000,0.00000000,0.00000000,0.00000000,0.00000000,0.00000000,0.00000000,0.00000000,0.00000000,0.00000000,0.00000000,0.00000000,0.03923420,0.00000000,0.00000000,0.00000000,0.03313609,0.00000000,0.00000000,0.00000000,0.00000000,0.00000000,0.00000000,0.00000000,0.00000000,0.00000000,0.00000000,0.00000000,0.00000000,0.00000000,0.00000000,0.00000000,0.00000000,0.00334479,0.00000000,0.00000000,0.00789861,0.00292355,0.00000000,0.00000000,0.00000000,0.00000000,0.00000000,0.00000000,0.00000000,0.01156982,0.00000000,0.00000000,0.00000000,0.00000000,0.00000000,0.00000000,0.00000000,0.00000000,0.00000000,0.04744908,0.44996750,0.00000000,0.00597097,0.00000000,0.00000000,0.00000000,0.00000000,0.00162273,0.00000000,0.00000000,0.00000000,0.00000000,0.00000000,0.00000000,0.00000000,0.02266923,0.00000000,0.00000000,0.00000000,0.00000000,0.00000000,0.00000000,0.00593141,0.00000000,0.00000000,0.00174184,0.00000000,0.00000000,0.00000000,0.00000000,0.00000000,0.00392574,0.00000000,0.00000000,0.00000000,0.00000000,0.00000000,0.00000000,0.00000000,0.00000000,0.00000000,0.00000000,0.00915863,0.00000000,0.00597182,0.00000000,0.00000000,0.00000000,0.00000000,0.00000000,0.00000000,0.00000000,0.02609916,0.00000000,0.00730700,0.00322538,0.00000000,0.00000000,0.00000000,0.00000000,0.00000000,0.00000000,0.00000000,0.00000000,0.00000000,0.00000000,0.00000000,0.01605104,0.00000000,0.00000000,0.00000000,0.00000000,0.00000000,0.03818600,0.00000000,0.00000000,0.14848929,0.00000000,0.00000000,0.00000000,0.00000000,0.22477443,0.00000000,0.00000000,0.00000000,0.04147701,0.00000000,0.00000000,0.00000000,0.00000000,0.00000000,0.00452001,0.00000000,0.00000000,0.00000000,0.00000000,0.07469915,0.00650843,0.00000000,0.00000000,0.00000000,0.00000000,0.00000000,0.00000000,0.00000000,0.00000000,0.00000000,0.00000000,0.00000000,0.00000000,0.00000000,0.00000000,0.00000000,0.00000000,0.00000000,0.00000000,0.00000000,0.00000000,0.00000000,0.00000000,0.00000000,0.00000000,0.00000000,0.00000000,0.00000000,0.00000000,0.00000000,0.00000000,0.00000000,0.00000000,0.00000000,0.00000000,0.00000000,0.00000000,0.00000000,2.07262497,0.00000000,0.26168561,0.00000000,0.00000000,0.00000000,0.00000000,0.00000000,0.00946531,0.00000000,0.08237280,0.00000000,0.00000000,0.00000000,0.00209938,0.00000000,0.00000000,0.00000000,0.00000000,0.00000000,0.00000000,0.00000000,0.00000000,0.00594173,0.03552531,0.00000000,0.00000000,0.00000000,0.00195384,0.00000000,0.00191838,0.00000000,0.00281964,0.00000000,0.00000000,0.00000000,0.00000000,0.00000000,0.00000000,0.00000000,0.00000000,0.00416156,0.02577672,0.00000000,0.00000000,0.00000000,0.00000000,0.00000000,0.00000000,0.00000000,0.00000000,0.00000000,0.00000000,0.00000000,0.00000000,0.00000000,0.00000000,0.00000000,0.00000000,0.00000000,0.00000000,0.00000000,0.00000000,0.00000000,0.00000000,0.00000000,0.00000000,0.00000000,0.00000000,0.00000000,0.00000000,0.01213353,0.01227399,0.00000000,0.00000000,0.00000000,0.00000000,0.00000000,0.00000000,0.00000000,0.00000000,0.00000000,0.00000000,0.00536626,0.00000000,0.00000000,0.00000000,0.00000000,0.00000000,0.00000000,0.00000000,0.00000000,0.00000000,0.00000000,0.00000000,0.00000000,0.00000000,0.00000000,0.00000000,0.00000000,0.00000000,0.00000000,0.00000000,0.00000000,0.00000000,0.00000000,0.00000000,0.00000000,0.00000000,0.00000000,0.00000000
0.00000000,0.00261780,0.00000000,0.00000000,0.00000000,0.00000000,0.00000000,0.00000000,0.00000000,0.00000000,0.00000000,0.00000000,0.00000000,0.00000000,0.00000000,0.05484013,0.00000000,0.00000000,0.11897838,0.00000000,0.00000000,0.00000000,0.00000000,0.00000000,0.00000000,0.00000000,0.00000000,0.00000000,0.00000000,0.00000000,0.00000000,0.00000000,0.37424703,0.00000000,0.00000000,0.00000000,0.00000000,0.00000000,0.00000000,0.00000000,0.00000000,0.00000000,0.00000000,0.00000000,0.01961390,0.00000000,0.00000000,0.00000000,0.00000000,0.03914276,0.00000000,0.00000000,0.00000000,0.00000000,0.00000000,0.00000000,0.00000000,0.00621841,0.00000000,0.00000000,0.00000000,0.00000000,0.00000000,0.00000000,0.00000000,0.00000000,0.00000000,0.00000000,0.00000000,0.00000000,0.00000000,0.00409680,0.00000000,0.00000000,0.00000000,0.00000000,0.00000000,0.00000000,0.00000000,0.00000000,0.06131168,0.00000000,0.00000000,0.00000000,0.00000000,0.00000000,0.17557126,0.00000000,0.00000000,0.00000000,0.00000000,0.00000000,0.00000000,0.00000000,0.00000000,0.00000000,0.00000000,0.00000000,0.00000000,0.00000000,0.00000000,0.00000000,1.77198336,0.00000000,0.00000000,0.00000000,0.00000000,0.00000000,0.00000000,0.00000000,0.00000000,0.00000000,0.00104663,0.00000000,0.00000000,0.00000000,0.00000000,0.00000000,0.00000000,0.00000000,0.00000000,0.00000000,0.00000000,0.00000000,0.00000000,0.00000000,0.00000000,0.00000000,0.01977692,0.00000000,0.00000000,0.00000000,0.00087135,0.00000000,0.00000000,0.00000000,0.00000000,0.00000000,0.00000000,0.00000000,0.00000000,0.00000000,0.00716581,0.00200893,0.00000000,0.00000000,0.00255938,2.12338440,0.00000000,0.00901003,0.00000000,0.00000000,0.00000000,0.00000000,0.00609121,0.00000000,0.33270676,0.00121033,0.00000000,0.00000000,0.00000000,0.00337784,0.00000000,0.01802400,0.00000000,0.00000000,0.00000000,0.00000000,0.00000000,0.08436843,0.00000000,0.00000000,0.00000000,0.00000000,0.00000000,0.00000000,0.00000000,0.00000000,0.00000000,0.00000000,0.00000000,0.00000000,0.00000000,0.00000000,0.00000000,0.00000000,0.00000000,0.00000000,0.00457561,0.00000000,0.00000000,0.00177088,0.04113927,0.00000000,0.00000000,0.00000000,0.00000000,0.00000000,0.00000000,0.00000000,0.00000000,0.01976898,0.00000000,0.02126103,0.00463133,0.00000000,0.00000000,0.00000000,0.00510196,0.00000000,0.00000000,0.00000000,0.03500852,0.00000000,0.00000000,0.00000000,0.00000000,0.00000000,0.00000000,0.00000000,0.00000000,0.00000000,0.00000000,0.00000000,0.00000000,0.00000000,0.00000000,0.00000000,0.00000000,0.00000000,0.00000000,0.00695514,0.00000000,0.00000000,0.00000000,0.00000000,0.00000000,0.00000000,0.00000000,0.00000000,0.00000000,0.00000000,0.00000000,0.00000000,0.00000000,0.00000000,0.00000000,0.03233472,0.00000000,0.00000000,0.00000000,0.00000000,0.00000000,0.44876991,0.00000000,0.47670028,0.00000000,0.00000000,0.00000000,0.00000000,0.00000000,0.00000000,0.00000000,0.00000000,0.00000000,0.00000000,0.00000000,0.00000000,0.00000000,0.00191267,0.00000000,0.00000000,0.00000000,0.00000000,0.00000000,0.00000000,0.00000000,0.00000000,0.00000000,0.00000000,0.00000000,0.00000000,0.00000000,0.00000000,0.00000000,0.00000000,0.00000000,0.47947883,0.00000000,0.00254854,0.03686139,0.00000000,0.00535099,0.00000000,0.00000000,0.00000000,0.00000000,0.00000000,0.00000000,0.00000000,0.00000000,0.00000000,0.00000000,0.00000000,0.00000000,4.21010596,0.00000000,0.00000000,0.00000000,0.00847289,0.00000000,0.00000000,0.00446254,0.00000000,0.00000000,0.00000000,0.00000000,0.00000000,0.00000000,0.00160356,0.01826327,0.00000000,0.00000000,0.00000000,0.00150392,0.00000000,0.00000000,0.00000000,0.00000000,0.00000000,0.00000000,0.00000000,0.00000000,0.00000000,0.00000000,0.00000000,0.00804849,0.00000000,0.07033792,0.00000000,0.00000000,0.00000000,0.00000000,0.00000000,0.00588265,0.00000000,0.00000000,0.00000000,0.00000000,0.00000000,0.00000000,0.00000000,0.00000000,0.00000000,0.00000000,0.00000000,0.00000000,0.00000000,0.00000000,0.00000000,0.00000000,0.00000000,0.00000000,0.09271514,0.00000000,0.00000000,0.00000000,0.00000000,0.00000000,0.00000000,0.00000000,0.00000000,0.00000000,0.00000000,0.00000000,0.00000000,0.00000000,0.00000000,0.00648721,0.02716971,0.00000000,0.00000000,0.00000000,0.00000000,0.00000000,0.00000000,0.00000000,0.00000000,0.00000000,0.00000000,0.00000000,0.00000000,0.00000000,0.00478208,0.00221815,0.00000000,0.00000000,0.00000000,0.00000000,0.02811319,0.01436165,0.00000000,0.00000000,0.01620897,0.00000000,0.00000000,0.00000000,0.00000000,0.00000000,0.00000000,0.00000000,0.00000000,0.00000000,0.00000000,0.00000000,0.00000000,0.00000000,0.00000000,0.00000000,0.00000000,0.00000000,0.00000000,0.00000000,0.00550609,0.00864470,0.00000000,0.00000000,0.00000000,0.00000000,0.00000000,0.00000000,0.00000000,0.00000000,0.00000000,0.00000000,0.00000000,0.00000000,0.00000000,0.00000000,0.00000000,0.00000000,0.00000000,0.00000000,0.00000000,0.00000000,0.00000000,0.09577824,0.00000000,0.00000000,0.00000000,0.00000000,0.00274477,0.00000000,0.00000000,0.00000000,0.00000000,0.00000000,0.00000000,0.00000000,0.02648409,0.00000000,0.00000000,0.00000000,0.00000000,0.00816945,0.00000000,0.00000000,0.00000000,0.00000000,0.00000000,0.00000000,0.01263703,0.00000000,0.00000000,0.00000000,0.00000000,0.00519927,0.00000000,0.00000000,0.00000000,0.00000000,0.00000000,0.00000000,0.00000000,0.01291109,0.00000000,0.00000000,0.00000000,0.00000000,0.00000000,0.00000000,0.00000000,0.00000000,0.00000000,0.00000000,0.00000000,0.00509923,0.02896889,0.00000000,0.00000000,0.00000000,0.07847851,0.00000000,0.00241230,0.00000000,0.00000000,0.00000000,0.00000000,0.00000000,0.00000000,0.00000000,0.00000000,0.00000000,0.00000000,0.00000000,0.00214753,0.00000000,0.00000000,0.03363881,0.00000000,0.00000000,0.00000000,0.00000000,0.00000000,0.00000000,0.00252856,0.00000000,0.00000000,0.00000000,0.00000000,0.00000000,0.07802343,0.00000000,0.00000000,0.00000000,0.00000000,0.00000000,0.00000000,0.00000000,0.00000000,0.00000000,0.00000000,0.00000000,0.01584647,0.00000000,0.00000000,0.00000000,0.00000000,0.01173716,0.00000000,0.00000000,0.00000000,0.00000000,0.00000000,0.00000000,0.00000000,0.00297654,0.00000000,0.00000000,0.00000000,0.00000000,0.00000000,0.00000000,0.00000000,0.00000000,0.00000000,0.00000000,0.09811356,0.00000000,0.00000000,0.00000000,0.00000000,0.00000000,0.00000000,0.00000000,0.00000000,0.00000000,0.00000000,0.07047222,0.00000000,0.00000000,0.00000000,0.00000000,0.00000000,0.00000000,0.00000000,0.00000000,0.00000000,0.00000000,0.00000000,0.00000000,0.00000000,0.00000000,0.00100304,0.00138616,0.00000000,0.00000000,0.00000000,0.00000000,0.00000000,0.00000000,0.00000000,0.00000000,0.00944129,0.00000000,0.01016610,0.00000000,0.00000000,0.00000000,0.00000000,0.00389645,0.00000000,0.00000000,0.00000000,0.00000000,0.00000000,0.00000000,0.00000000,0.00901645,0.00000000,0.00000000,0.00000000,0.00000000,0.00000000,0.01073984,0.00000000,0.00801176,0.00000000,0.00000000,0.00000000,0.00000000,0.00000000,0.01494377,0.00000000,0.07074902,0.00000000,0.00000000,0.00000000,0.00000000,0.00000000,0.00000000,0.00000000,0.00000000,0.00000000,0.00000000,0.00000000,0.00000000,0.00000000,0.00000000,0.00000000,0.00000000,0.00000000,0.00000000,0.00000000,0.00000000,0.00000000,0.00000000,0.00000000,0.00000000,0.00000000,0.00000000,0.00000000,0.00000000,0.00000000,0.00000000,0.00000000,0.00000000,0.00000000,0.00000000,0.00000000,0.00000000,0.00000000,0.00000000,0.00191385,0.00000000,0.00000000,0.00210950,0.00000000,0.00000000,0.00000000,0.00000000,0.00000000,0.00000000,0.00465217,0.00000000,0.00000000,0.00000000,0.00000000,0.00000000,0.00000000,0.00000000,0.00000000,0.02832220,0.00260507,0.01410210,0.00000000,0.00000000,0.00000000,0.00000000,0.00000000,0.00000000,0.00511690,0.00000000,0.19970279,0.00000000,0.00000000,0.00000000,0.04312722,0.00000000,0.00000000,0.00000000,0.00000000,0.00000000,0.00000000,0.00000000,0.00000000,0.00000000,0.00000000,0.00000000,0.00000000,0.00000000,0.00000000,0.00000000,0.00000000,0.00000000,0.00000000,0.00000000,0.00000000,0.00000000,0.00000000,0.00000000,0.00000000,0.00000000,0.00000000,0.00000000,0.00000000,0.96044515,0.00000000,0.00000000,0.00000000,0.00000000,0.01226754,0.00000000,0.00000000,1.25781640,0.00000000,0.00000000,0.00000000,0.00000000,0.00000000,0.00000000,0.00000000,0.00787640,0.00000000,0.00000000,0.00401114,0.00000000,0.00000000,0.00000000,0.00000000,0.00000000,0.00000000,0.00000000,0.00000000,0.00000000,0.00000000,0.00701819,0.00000000,0.00000000,0.00000000,0.00000000,0.00314036,0.00000000,0.00000000,0.00000000,0.00158493,0.00000000,0.01922702,0.00000000,0.00000000,0.00000000,0.00469851,0.00000000,0.00125945,0.01526036,0.00000000,0.00000000,0.00000000,0.00000000,0.00000000,0.00998616,0.00000000,0.00000000,0.00000000,0.00000000,0.00000000,0.00000000,0.00000000,0.00462369,0.00000000
0.00000000,0.00000000,0.00000000,0.00000000,0.00000000,0.00000000,0.00094258,0.00000000,0.00000000,0.00000000,0.00000000,0.00000000,0.00000000,0.00000000,0.00860675,0.10278741,0.00000000,0.00000000,0.00000000,0.00000000,0.00000000,0.00000000,0.00493314,0.00000000,0.00000000,0.00000000,0.00000000,0.00000000,0.00000000,0.00000000,0.00000000,0.00000000,0.00000000,0.00000000,0.00000000,0.00000000,0.00000000,0.00154466,0.00000000,0.00000000,0.00000000,0.00000000,0.00000000,0.00000000,0.00000000,0.00000000,0.17871694,0.00000000,0.00000000,0.00734166,0.00000000,0.00000000,0.00000000,0.00000000,0.00000000,0.00000000,0.00000000,0.00000000,0.00000000,0.00000000,0.00000000,0.02374038,0.00000000,0.00000000,0.00000000,0.00000000,0.00000000,0.00000000,0.00000000,0.00000000,0.00000000,0.00000000,0.00454734,0.00000000,0.00483172,0.00000000,0.00000000,0.00000000,0.00000000,0.00000000,0.00000000,0.00000000,0.00000000,0.00000000,0.01234963,0.00000000,0.00000000,0.00000000,0.00000000,0.00000000,0.00215166,0.00000000,0.00000000,0.96871570,0.00000000,0.00000000,0.00782250,0.00000000,0.00000000,0.00000000,0.00000000,0.00000000,0.00000000,0.00000000,0.00000000,0.00000000,0.00000000,0.00000000,0.00000000,0.00000000,0.00000000,0.00000000,0.00000000,0.00000000,0.00000000,0.00000000,0.00219753,0.00000000,0.00000000,0.00000000,0.00000000,0.00000000,0.00000000,0.00000000,0.00000000,0.00257777,0.00000000,0.01054016,0.00000000,0.00000000,0.00000000,0.00000000,0.00000000,0.00000000,0.00000000,0.00000000,0.32043890,0.00000000,0.00000000,0.00000000,0.00000000,0.00000000,0.00000000,0.00000000,0.00000000,0.00000000,0.00000000,0.03608043,0.00000000,0.00000000,0.00000000,0.00000000,0.00000000,0.00000000,0.00000000,0.00000000,0.00000000,0.00000000,0.00000000,0.00000000,0.00000000,0.00000000,0.00000000,0.00000000,0.00000000,0.00000000,0.00423119,0.00000000,0.35618977,0.30942753,0.07954294,0.00630119,0.00000000,0.00000000,0.00232960,0.00000000,0.00000000,0.00000000,0.01550867,0.00000000,0.00000000,0.00000000,0.00000000,0.00000000,0.00000000,0.00000000,0.00000000,0.00000000,0.00000000,0.00000000,0.00322859,0.00000000,0.00000000,0.00000000,0.00000000,0.00000000,0.00000000,0.00000000,0.00000000,0.00000000,0.00000000,0.00000000,0.00000000,0.00380285,0.00000000,0.01485139,0.00000000,0.00000000,0.00550849,0.05404231,0.00000000,0.00000000,0.00000000,0.00000000,0.00070636,0.00000000,0.00000000,0.22429247,0.00000000,0.00000000,0.00000000,0.00000000,0.00000000,0.00000000,0.00000000,0.04433549,0.00000000,0.00000000,0.00000000,0.00000000,0.00000000,0.00000000,0.00000000,0.00000000,0.01633508,0.00000000,0.00000000,0.00000000,0.00000000,0.00000000,0.00000000,0.00000000,0.00000000,0.00000000,0.00000000,0.00000000,0.00000000,0.00000000,0.00000000,0.00000000,0.00000000,0.00000000,0.00000000,0.00000000,0.00000000,0.00240434,0.00354514,0.01731756,0.08518018,0.00000000,0.00000000,0.02047356,0.00000000,0.00000000,0.00000000,0.00000000,0.00000000,0.00000000,0.00000000,0.00885311,0.00000000,0.00000000,0.00000000,0.00000000,0.00000000,0.00000000,0.06024137,0.00000000,0.00000000,0.00000000,0.00000000,0.00000000,0.00000000,0.00000000,0.00000000,0.00000000,0.00000000,0.00000000,0.00000000,0.00000000,0.00000000,0.00091891,0.00000000,0.00000000,0.00000000,0.00000000,0.00000000,0.00000000,0.01941536,0.00729931,0.00000000,0.00000000,0.00354700,0.00000000,0.00000000,0.00000000,0.01113031,0.00000000,0.00000000,0.00000000,0.00000000,0.00000000,0.00000000,0.00000000,0.00000000,0.00000000,0.00000000,0.00000000,0.00000000,0.00000000,0.00000000,0.00000000,0.00000000,0.00000000,0.00000000,0.00000000,0.00000000,0.00000000,0.00000000,0.00000000,0.00000000,0.00000000,0.00000000,0.00000000,0.00000000,0.02898084,0.00000000,0.00000000,0.00000000,0.00000000,0.00000000,0.00000000,0.00000000,0.00000000,0.00000000,0.00000000,0.00000000,0.00000000,0.00000000,0.00000000,0.00000000,0.00000000,0.00000000,0.00308262,0.00000000,0.00000000,0.00000000,0.00000000,0.00000000,0.00000000,0.00000000,0.00000000,0.00000000,0.00000000,0.00000000,0.00000000,0.00000000,0.00000000,0.00000000,0.00000000,0.00000000,0.00000000,0.00000000,0.00000000,0.00000000,0.00054642,0.00000000,0.00000000,0.00000000,0.01298360,0.00000000,0.00000000,0.00000000,0.00000000,0.02960491,0.00000000,0.00000000,0.00188263,0.00000000,0.00000000,0.00000000,0.00000000,0.00000000,0.00000000,0.00000000,0.00000000,0.00000000,0.00000000,0.00000000,0.00000000,0.00000000,0.00000000,0.00000000,0.00000000,0.00000000,0.00000000,0.00000000,0.00000000,0.00000000,0.00000000,0.00000000,0.00000000,0.00000000,0.00474796,0.00000000,0.00000000,0.00000000,0.00000000,0.00000000,0.00000000,0.00000000,0.00000000,0.00000000,0.00000000,0.00000000,0.00000000,0.01587919,0.00000000,0.00000000,0.00000000,0.00000000,0.00000000,0.00000000,0.00000000,0.00000000,0.00000000,0.00000000,0.00000000,0.07039594,0.00000000,0.00000000,0.00000000,0.00246555,0.00000000,2.77753929,0.00000000,0.00000000,0.00000000,0.00319835,0.00000000,0.00131423,0.00825929,0.00000000,0.00000000,0.00000000,0.00000000,0.00000000,0.00000000,0.00000000,0.00000000,0.00000000,0.00000000,0.00000000,0.00000000,0.00000000,0.00000000,0.00613088,0.00000000,0.00000000,0.00000000,0.00000000,0.00000000,0.00000000,0.00000000,0.00000000,0.00000000,0.01386865,0.00000000,0.00000000,0.00000000,0.03426551,0.00000000,0.00000000,0.00000000,0.00000000,0.00000000,0.00779504,0.30571112,0.00052179,0.00000000,0.00000000,0.00000000,0.00000000,0.00254713,0.00000000,0.00000000,0.00000000,0.00000000,0.00000000,0.00000000,0.00000000,0.11338787,0.00000000,0.00000000,0.00000000,0.00000000,0.00000000,0.00372488,0.00000000,0.00000000,0.00000000,0.00000000,0.00000000,0.00000000,0.00000000,0.00000000,0.00000000,0.00000000,0.00000000,0.01574326,0.00000000,0.00000000,0.00000000,0.00000000,0.00431440,0.00000000,0.00000000,0.00000000,0.00123715,0.00000000,0.00000000,0.00194010,0.00000000,0.00000000,0.00000000,0.00000000,0.00000000,0.00000000,0.00000000,0.00000000,0.00000000,0.01931490,0.00000000,0.00000000,0.00000000,0.00000000,0.00000000,0.00000000,0.00000000,0.00000000,0.00000000,0.00000000,0.00000000,0.00000000,0.00000000,0.00000000,0.00000000,0.00000000,0.00000000,0.00000000,0.00000000,0.00000000,0.00000000,0.00000000,0.00000000,0.00153140,0.00000000,0.00000000,0.00000000,0.00000000,0.00000000,0.00000000,0.00000000,0.00000000,0.00000000,0.00000000,0.00314059,0.00000000,0.00000000,0.00000000,0.00000000,0.00000000,0.02881423,0.00000000,0.00000000,0.00000000,0.00000000,0.00000000,0.00000000,0.00000000,0.00000000,0.00000000,0.00000000,0.09694452,0.00000000,0.00000000,0.00000000,0.00000000,0.00000000,0.00000000,0.00000000,0.00000000,0.00000000,0.00000000,0.00000000,0.00000000,0.00000000,0.00000000,0.00000000,0.00000000,0.00000000,0.00275329,0.00000000,0.00000000,0.00000000,0.00000000,0.00000000,0.00133394,0.00000000,0.00000000,0.00123196,0.04040574,0.00000000,0.00000000,0.01822895,0.00000000,0.00000000,0.00302809,0.00000000,0.00000000,0.00000000,0.00000000,0.00000000,0.00000000,0.00000000,0.00000000,0.00000000,0.00124164,0.00000000,0.00000000,0.00000000,0.00484069,0.00000000,0.00000000,0.00000000,0.00000000,0.00000000,0.00000000,0.00000000,0.00000000,0.00096130,0.00000000,0.00000000,0.31538318,0.00296623,0.01239016,0.02643073,0.00000000,0.00000000,0.00000000,0.02953301,0.00000000,0.00000000,0.00000000,0.00000000,0.00000000,0.00000000,0.00000000,0.00000000,0.00000000,0.00000000,0.00000000,0.00000000,0.00000000,0.00000000,0.00000000,0.00000000,0.00327385,0.00000000,0.07768074,0.00000000,0.00298326,0.00000000,0.00000000,0.00000000,0.00000000,0.00000000,0.00000000,0.00378517,0.00000000,0.00000000,0.00000000,0.00000000,0.00000000,0.00000000,0.00000000,0.00000000,0.00000000,0.00000000,0.02861241,0.00000000,0.00000000,0.00000000,0.00000000,0.00000000,0.00000000,0.01050535,0.00000000,0.00000000,0.00000000,0.00125423,0.00000000,0.00000000,0.04809616,0.00000000,0.00000000,0.00000000,0.00000000,0.00000000,0.00000000,0.00000000,0.01113471,0.00000000,0.00000000,0.00000000,0.00000000,0.00000000,0.00000000,0.00000000,0.00000000,0.03469026,0.00000000,0.00000000,0.00000000,0.00000000,0.00000000,0.00000000,0.00000000,0.00000000,0.00000000,0.00159267,0.00000000,0.00000000,0.00000000,0.02712735,0.00000000,0.00000000,0.00000000,0.00000000,3.67639308,0.00000000,0.00000000,0.00000000,0.00000000,0.01294993,0.00000000,0.00000000,0.00000000,0.00000000,0.00000000,0.00000000,0.14462310,0.00000000,0.00000000,0.00000000,0.00000000,0.00000000,0.00000000,0.01113377,0.00000000,0.00000000,0.00000000,0.00000000,0.00000000,0.00000000,0.15422638,0.00000000,0.01033194,0.00000000,0.00000000,0.00000000,0.00000000,0.00000000,0.00189654,0.00000000,0.00000000,0.00000000,0.00000000,0.00000000,0.00000000,0.00000000,0.00599617,0.00000000,0.00000000,0.00000000,0.00000000,0.00000000,0.00000000,0.00000000,0.01310028
0.00000000,0.00000000,0.00117006,0.00000000,0.00000000,0.00000000,0.00000000,0.00000000,0.00000000,0.00000000,0.00000000,0.00000000,0.00000000,0.00000000,0.00000000,0.00437286,0.00000000,0.00000000,0.00000000,0.00000000,0.00000000,0.00000000,0.00000000,0.00000000,0.00000000,0.00000000,0.00000000,0.00000000,0.00000000,0.00000000,0.00000000,0.00000000,0.00000000,0.00000000,0.00000000,0.00000000,0.00000000,0.00000000,0.00000000,0.00000000,0.00000000,0.00000000,0.00000000,0.00000000,0.00000000,0.00000000,0.00000000,0.00000000,0.00000000,0.00000000,0.00000000,0.00000000,0.00000000,0.00000000,0.00000000,0.00000000,0.00000000,0.00000000,0.00000000,0.00761286,0.00000000,0.00000000,0.00436866,0.00000000,0.00000000,0.00000000,0.00000000,0.00000000,0.00000000,0.00821625,0.01145174,0.00805141,0.00000000,0.00000000,0.00000000,0.01650292,0.00000000,0.00000000,0.00000000,0.00000000,0.00000000,0.00000000,0.00000000,0.00000000,0.00000000,0.02600098,0.00000000,0.00000000,0.00000000,0.00888206,0.00000000,0.00000000,0.01246802,0.00000000,0.00000000,0.00000000,0.00000000,0.00000000,0.02322608,0.00000000,0.00000000,0.00000000,0.00000000,0.00000000,0.00000000,0.00000000,0.00000000,0.00000000,0.00000000,0.00358850,0.00000000,0.01270785,0.00000000,0.05738268,0.00000000,0.00000000,0.02450566,0.00290118,0.00000000,0.00000000,0.00000000,0.00000000,0.00000000,0.00000000,0.00000000,0.00000000,0.00000000,0.00000000,0.00000000,0.01792112,0.00000000,0.00000000,0.00000000,0.00000000,0.00000000,0.00786285,0.00000000,0.00000000,0.00000000,1.34741012,0.00154577,0.00000000,0.00000000,0.00000000,0.05527540,0.00000000,0.00000000,0.00000000,0.00000000,0.00000000,0.00000000,0.00000000,0.00000000,0.00000000,0.00000000,0.00000000,0.01167645,0.00000000,0.09161109,0.00000000,0.00000000,0.00000000,0.00165337,0.00000000,0.00000000,0.00000000,0.02310597,0.00000000,0.00000000,0.00000000,0.00000000,0.00000000,0.00000000,0.00000000,0.00000000,0.00000000,0.00000000,0.00370666,0.00000000,0.00000000,0.00000000,0.00000000,0.00000000,0.00000000,0.00000000,0.00000000,0.00000000,0.00000000,0.00000000,0.00711053,0.00000000,0.00000000,0.00000000,0.00000000,0.00000000,0.00000000,0.00000000,0.00000000,0.00000000,0.00000000,0.00929938,0.00000000,0.10023411,0.00000000,0.00000000,0.00323238,0.00000000,0.00000000,0.00000000,0.00000000,0.00000000,0.00000000,0.00000000,0.00000000,0.00000000,0.03215317,0.00000000,0.00000000,0.00000000,0.00000000,0.00000000,0.00000000,0.00837456,0.00602523,0.00000000,0.00000000,0.00000000,0.00000000,0.00000000,0.00000000,0.00000000,0.00000000,0.00000000,0.00000000,0.00000000,0.00000000,0.01131579,0.00000000,0.00000000,0.00000000,0.00000000,0.00000000,0.00000000,0.00000000,0.00000000,0.00000000,0.00000000,0.00000000,0.00000000,0.00721780,0.00000000,0.00000000,0.00000000,0.00000000,0.00000000,0.00000000,0.00000000,0.00113150,0.00000000,0.00000000,0.00000000,0.00000000,0.00000000,0.00000000,0.00000000,0.00000000,0.00000000,0.00596932,0.01816072,0.00000000,0.00398453,0.00000000,0.00000000,0.00000000,0.00000000,0.00000000,0.00000000,0.00000000,0.00000000,0.00349347,0.00000000,0.00000000,0.00000000,0.00000000,0.00000000,0.00000000,0.00000000,0.00000000,0.00000000,0.00000000,0.00000000,0.00000000,0.00000000,0.01199573,0.03702342,0.00000000,0.00000000,0.00000000,0.00000000,0.00000000,0.00000000,0.00000000,0.00000000,0.00000000,0.00000000,0.00000000,0.00000000,0.00000000,0.00000000,0.00000000,0.00000000,0.00000000,0.00000000,0.00000000,0.00000000,0.00203012,0.00000000,0.00000000,0.00000000,0.00000000,0.00000000,0.00000000,0.00000000,0.00659141,0.00000000,0.00000000,0.18287580,0.00000000,0.00000000,0.00000000,0.00000000,0.00000000,0.01105049,0.00000000,0.00000000,0.00000000,0.00000000,0.00000000,0.00000000,0.00000000,0.00000000,0.00000000,0.00364361,0.00000000,0.00000000,0.00000000,0.00000000,0.00000000,0.00000000,0.75411255,0.07375533,0.00000000,0.03633521,0.00000000,0.00000000,0.03954153,0.00000000,0.00000000,0.00000000,0.00000000,0.06123986,0.00000000,0.00414509,0.00000000,0.00000000,0.00000000,0.01241839,0.00000000,0.00771479,0.00000000,0.00000000,0.00000000,0.00000000,0.00000000,0.00000000,0.00000000,0.00000000,0.00000000,0.00000000,0.00000000,0.00000000,0.00000000,0.00000000,0.00000000,0.01529396,0.00000000,0.00000000,0.00000000,0.00000000,0.09587559,0.00000000,0.01463418,0.00000000,0.00000000,0.00000000,0.00000000,0.00000000,0.00000000,0.00000000,0.00000000,0.00000000,0.00538359,0.00000000,0.00298069,0.00445878,0.00000000,0.00198797,0.00000000,0.00000000,0.00000000,0.00383320,0.00000000,0.29941085,0.00000000,0.00000000,0.00000000,0.00000000,0.00000000,0.00000000,0.00000000,0.00000000,0.00000000,0.00000000,0.00000000,0.00000000,0.00000000,0.00000000,0.00000000,0.00461279,0.02200408,0.00000000,0.00000000,0.00774210,0.00000000,0.00000000,0.00000000,0.00000000,0.00000000,0.00000000,0.00000000,0.00000000,0.00000000,0.00208509,0.00000000,0.00000000,0.00000000,0.00000000,0.00000000,0.00149400,0.00000000,0.00000000,0.00106106,0.00000000,0.00000000,0.00000000,0.00000000,0.00000000,0.15667992,0.00000000,0.00000000,0.00000000,0.00000000,0.00000000,0.00000000,0.00000000,0.00000000,0.00000000,0.00000000,1.34495564,0.00000000,0.00000000,0.00000000,0.00000000,0.00000000,0.02242558,0.00000000,0.00000000,0.00638281,0.00000000,0.00000000,0.00000000,0.00000000,0.00000000,0.00000000,0.00000000,0.00000000,0.00000000,0.00000000,0.00000000,0.00000000,0.00794164,0.00000000,0.00000000,0.00931913,0.00000000,0.00000000,0.00000000,0.02744526,0.00000000,0.00000000,0.00000000,0.00000000,0.00000000,0.00000000,0.00000000,0.00000000,0.00000000,0.02336823,0.00000000,0.00000000,0.00000000,0.00000000,0.00000000,0.00000000,0.07141440,0.50851162,0.00000000,0.00000000,0.00000000,0.00000000,0.00000000,0.00000000,0.00121489,0.00000000,0.00000000,0.00000000,0.00000000,0.00000000,0.00000000,0.00000000,0.00000000,0.00000000,0.00000000,0.00000000,0.00000000,0.00000000,0.00000000,0.00000000,0.00000000,0.00000000,0.00000000,0.00000000,0.02814223,0.00000000,0.00000000,0.00000000,0.00000000,2.51322392,0.00000000,0.00127697,0.00000000,0.00000000,0.00000000,0.00962819,0.00000000,0.00000000,0.00000000,0.00000000,0.00000000,0.00000000,0.13069918,0.00000000,0.00000000,0.00000000,0.00244606,0.00000000,0.00000000,0.00000000,0.00000000,0.00000000,0.00000000,0.00000000,0.00000000,0.00000000,0.00000000,0.00000000,0.00000000,0.00000000,0.00000000,0.00000000,0.00000000,0.00000000,0.00000000,0.00276797,0.00000000,0.01590263,0.00000000,0.00000000,0.00000000,0.00000000,0.00000000,0.00598116,0.00000000,0.00000000,0.00372240,0.03005902,0.00000000,0.00000000,0.00000000,0.04819450,0.00000000,0.00000000,0.00000000,0.00000000,0.00000000,0.00000000,0.00000000,0.00000000,0.00000000,0.00000000,0.00000000,0.00000000,0.00000000,0.00000000,0.00000000,0.00000000,0.00000000,0.00000000,0.00000000,0.00000000,0.00000000,0.00000000,0.00209844,0.00000000,0.00000000,0.00000000,0.00000000,0.00000000,0.00000000,0.00000000,0.00000000,0.00000000,0.00000000,0.02576315,0.01544983,0.00000000,0.00780625,0.00000000,0.00000000,0.00000000,0.00000000,0.00000000,0.00000000,0.00000000,0.00000000,0.00000000,0.00000000,0.00000000,0.00000000,0.00000000,0.00000000,0.00000000,0.00000000,0.00000000,0.00000000,0.00000000,0.00000000,0.00000000,0.00000000,0.00000000,0.00000000,0.00000000,0.00000000,0.00000000,0.00000000,0.00000000,0.00000000,0.00000000,0.00000000,0.00000000,0.00000000,0.00000000,0.00000000,0.00000000,0.00000000,0.00000000,0.00000000,0.00000000,0.00000000,0.00000000,0.18395510,0.00000000,0.00000000,0.00000000,0.00000000,0.32269343,0.00000000,0.00000000,0.00000000,0.00412256,0.00000000,0.00000000,0.00000000,0.00000000,0.02267459,0.00000000,0.00000000,0.00000000,0.00000000,0.00000000,0.00000000,0.00000000,0.00000000,0.00000000,0.00000000,0.00000000,0.00000000,0.00000000,0.00000000,0.00000000,0.02240073,0.00000000,0.00000000,0.00000000,0.00000000,0.00000000,0.00000000,0.00000000,0.00000000,0.00000000,0.00000000,0.00000000,0.00000000,0.00000000,0.00000000,0.00000000,0.00000000,0.00000000,0.00000000,0.00000000,0.00000000,0.00000000,0.00000000,0.00000000,0.00291413,0.00000000,0.00000000,0.00000000,0.00000000,0.13468734,0.02213747,0.00000000,0.03099378,0.00000000,0.01629596,0.00000000,0.00000000,0.00000000,0.00000000,0.00000000,0.00000000,0.00000000,0.00000000,0.00000000,0.00000000,0.00404353,0.00000000,0.00000000,0.04888300,0.00000000,0.00000000,0.00000000,0.00000000,0.00000000,0.00000000,0.00000000,0.00000000,0.00000000,0.00000000,0.00000000,0.00000000,0.00000000,0.00000000,0.00000000,0.00156674,0.00000000,0.00743776,0.00000000,0.00000000,0.00000000,0.00351678,0.00000000,0.00000000,0.00000000,0.00000000,0.00000000,0.00000000,0.00000000,0.00000000,0.00000000,0.00000000,0.00000000,0.00000000,0.18940611,0.00000000,0.00000000,0.00000000,0.00000000,0.00000000,0.00000000
0.00000000,0.00000000,0.02480939,0.00000000,0.00000000,0.00000000,0.00000000,0.00164269,0.00734009,0.00000000,0.00000000,0.00000000,0.00000000,0.00000000,0.00000000,0.00000000,0.00000000,0.00000000,0.00000000,0.00729542,0.00000000,0.00000000,0.00000000,0.00000000,0.00000000,0.00000000,0.00000000,0.00000000,0.00000000,0.00000000,0.00000000,0.00000000,0.00236223,0.00000000,0.00000000,0.00831020,0.00000000,0.00000000,0.00000000,0.00000000,0.00408217,0.00000000,0.00000000,0.00000000,0.00000000,0.00000000,0.00000000,0.00000000,0.00000000,0.00000000,0.00000000,0.00000000,0.00000000,0.00740309,0.00000000,0.00000000,0.00000000,0.00000000,0.00000000,0.18307228,0.00000000,0.00400734,0.00000000,0.00000000,0.00473208,0.00000000,0.01054018,0.00139714,0.00000000,0.00000000,0.00000000,0.00000000,0.00310368,0.00000000,0.00000000,0.00000000,0.00000000,0.14869218,0.00000000,0.01028626,0.00000000,0.00000000,0.00895325,0.00000000,0.00000000,0.01349733,0.00000000,0.00000000,0.00000000,0.00000000,0.00000000,0.00000000,0.02246012,0.00000000,0.00000000,0.01039005,0.00000000,0.00000000,0.00000000,0.00098504,0.00000000,0.00000000,0.00000000,0.00265461,0.00000000,0.00093128,0.00067933,0.02081396,0.00063001,0.00000000,0.00000000,0.00000000,0.00000000,0.00000000,0.00000000,0.00000000,0.00000000,0.00000000,0.00000000,0.00333374,0.00000000,0.00000000,0.00000000,0.00000000,0.00661575,0.00000000,0.00000000,0.00000000,0.00000000,0.00000000,0.01539961,0.00000000,0.02335512,0.00000000,0.64540231,0.00000000,0.00000000,0.00000000,0.00000000,0.00000000,0.00000000,0.00000000,0.00000000,0.00000000,0.00000000,0.00000000,0.00000000,0.00000000,0.00000000,0.00000000,0.00000000,0.00000000,0.00000000,0.00000000,0.00000000,0.00000000,0.00000000,0.00000000,0.00000000,0.00000000,0.00000000,0.00692984,0.00953711,0.00567580,0.00000000,0.00000000,0.00000000,0.00000000,0.06980883,0.00665197,0.00000000,0.00000000,0.00000000,0.00000000,0.00000000,0.00000000,0.00000000,0.01451807,0.00000000,0.00000000,0.00081322,0.00000000,0.00606631,0.00000000,0.00000000,0.00000000,0.00000000,0.00000000,0.00000000,0.00000000,0.00000000,0.00000000,0.00000000,0.00000000,0.00000000,0.00000000,0.00000000,0.00000000,0.01805625,0.05246471,0.00000000,0.00000000,0.00000000,0.00000000,0.00000000,0.00000000,0.00000000,0.00000000,0.00000000,0.00000000,0.00000000,0.00000000,0.00000000,0.00000000,0.00000000,0.00000000,0.00000000,0.02391777,0.00000000,0.00000000,0.00000000,0.00772938,0.00000000,0.00000000,0.00000000,0.00000000,0.00000000,0.00000000,0.00000000,0.00000000,0.00000000,0.00000000,0.00000000,0.08304024,0.00000000,0.00000000,0.00000000,0.00000000,0.00000000,0.00000000,0.00000000,0.00000000,0.00486917,0.00000000,0.00000000,0.00153891,0.00000000,0.00452263,0.00000000,0.00000000,0.00000000,0.00000000,0.00000000,0.00000000,0.00000000,0.00000000,0.00000000,0.00000000,0.00000000,0.00000000,0.00000000,0.00000000,0.00000000,0.00000000,0.00000000,0.00000000,0.00000000,0.00000000,0.00000000,0.00000000,0.00000000,0.00000000,0.00000000,0.00000000,0.00000000,0.00000000,0.00000000,0.00000000,0.00000000,0.00000000,0.00000000,0.00000000,0.00000000,0.00000000,0.00000000,0.00000000,0.00000000,0.00000000,0.00000000,0.00000000,0.00000000,0.00000000,0.02488145,0.00000000,0.00000000,0.01155456,0.00000000,0.00000000,0.01153566,0.00000000,0.00000000,0.00000000,0.00000000,0.00000000,0.00760561,0.00000000,0.08589728,0.00000000,0.00000000,0.00000000,0.00000000,0.00000000,0.00000000,0.00000000,0.00000000,0.00000000,0.00000000,0.00000000,0.00000000,0.00000000,0.00000000,0.00000000,0.00000000,0.00000000,0.00364303,0.00000000,0.00000000,0.00000000,0.00051348,0.00000000,0.00000000,0.00000000,0.00000000,0.00000000,0.00000000,0.00000000,0.00000000,0.00000000,0.00000000,0.00000000,0.00000000,0.00000000,0.00000000,0.00000000,0.00358638,0.00000000,0.00000000,0.00000000,0.00000000,0.00000000,0.00000000,0.00000000,0.00000000,0.00000000,0.00000000,0.00000000,0.00000000,0.00000000,0.00000000,0.00000000,0.00000000,0.12612429,0.00000000,0.00000000,0.00000000,0.00000000,0.00000000,0.00447617,0.00430248,0.00000000,0.00000000,0.11153597,0.00000000,0.00000000,0.00323230,0.00429276,0.00000000,0.00000000,0.00000000,0.00997454,0.00000000,0.00000000,0.00000000,0.00000000,0.00000000,0.00000000,0.00000000,0.00000000,0.00000000,0.00000000,0.00000000,0.00000000,0.00000000,0.00000000,0.00000000,0.00000000,0.00000000,0.00000000,0.00000000,0.00000000,0.00000000,0.00576608,0.00000000,0.11177173,0.02709687,0.00000000,0.00000000,0.00184749,0.00000000,0.00000000,0.00000000,0.00000000,0.00000000,0.00000000,0.00000000,0.00000000,0.00000000,0.00000000,0.00000000,0.00000000,0.00000000,0.00000000,0.00000000,0.00000000,0.00000000,0.00000000,0.02708136,0.00000000,0.00000000,0.00000000,0.00000000,0.00000000,0.00000000,0.00000000,0.01227538,0.00000000,0.00000000,0.00000000,0.00000000,0.00000000,0.00000000,0.00000000,0.00000000,0.00000000,0.00000000,0.00000000,0.00000000,0.00000000,0.00000000,0.00000000,0.00000000,0.00000000,0.00119055,0.00000000,0.00000000,0.00000000,0.02876650,0.03047415,0.00000000,0.00000000,0.00000000,0.00000000,0.00000000,0.00000000,0.00000000,0.03507312,0.00000000,0.00000000,0.00981143,0.00000000,0.00000000,0.00000000,0.00000000,0.00000000,0.00000000,0.00000000,0.00000000,0.00000000,0.00000000,0.00000000,0.00000000,0.00000000,0.00000000,0.00000000,0.00000000,0.00000000,0.00000000,0.00000000,0.00000000,0.00699965,0.00000000,0.00000000,0.00000000,0.00000000,0.00000000,0.00654822,0.00000000,0.00000000,0.00000000,0.00000000,0.00628860,0.00000000,0.00000000,0.00000000,0.00000000,0.00000000,0.00000000,0.00000000,0.00000000,0.00000000,0.00000000,0.00000000,0.00000000,0.00000000,0.00000000,0.00000000,0.00000000,0.00000000,0.03182591,0.00000000,0.00000000,0.00000000,0.00000000,0.00000000,0.01876779,0.00000000,0.00000000,0.01005608,0.00000000,0.00000000,0.00000000,0.00000000,0.00000000,0.00000000,0.00000000,0.05428038,0.00000000,0.00000000,0.00000000,0.00000000,0.02741000,0.00000000,0.00000000,0.00000000,0.00000000,0.00000000,0.02209238,0.00000000,0.00000000,0.00000000,0.00000000,0.00000000,0.00000000,0.00000000,0.00000000,0.00000000,0.00000000,0.00000000,0.00000000,0.00000000,0.00000000,0.00000000,0.00000000,0.00000000,0.00000000,0.00000000,0.00000000,0.00000000,0.00461349,0.00000000,0.00000000,0.00000000,0.00000000,0.00000000,0.00428194,0.00000000,0.00000000,0.00000000,0.00000000,0.00000000,0.00000000,0.00000000,0.00000000,0.00000000,0.00000000,0.00000000,0.00000000,0.00000000,0.00221263,0.00000000,0.01959846,0.00000000,0.00000000,0.00000000,0.00000000,0.00000000,0.00000000,0.00000000,0.00000000,0.00000000,0.00000000,0.00000000,0.00000000,0.00000000,0.00000000,0.00000000,0.00000000,0.00000000,0.28901770,0.00000000,0.00000000,0.00000000,0.00000000,0.00000000,0.00000000,0.00000000,0.00000000,0.00000000,0.00000000,0.00000000,0.00000000,0.00000000,0.00000000,0.00000000,0.00000000,0.01014941,0.00000000,0.00000000,0.00000000,0.00000000,0.00000000,0.00000000,0.00000000,0.00246026,0.00000000,0.00000000,0.00000000,0.05765007,0.00000000,0.00000000,0.00000000,0.00000000,0.00000000,0.00000000,0.00000000,0.00000000,0.00000000,0.00000000,0.05580324,0.00000000,0.00000000,0.01222961,0.00000000,0.00207535,0.02487756,0.00000000,0.00000000,1.37304424,0.00000000,0.00000000,0.00760338,0.00000000,0.00000000,0.00158663,0.00000000,0.00000000,0.01050905,0.02755237,0.00000000,0.00000000,0.00000000,0.00000000,0.00000000,0.00000000,0.00000000,0.00000000,0.00000000,0.00000000,0.00000000,0.00000000,0.00000000,0.00573775,0.00000000,0.00000000,0.00000000,0.00000000,0.00300343,0.00000000,0.00000000,0.00000000,0.00000000,0.00292079,0.00000000,0.00000000,0.00000000,0.00000000,0.00000000,0.00000000,0.00000000,0.00000000,0.00356073,0.00000000,0.00000000,0.00000000,0.00000000,0.00000000,0.00000000,0.00000000,0.13719253,0.00000000,0.00000000,0.00000000,0.10538382,0.00000000,0.00000000,0.00000000,0.00000000,0.48615969,0.00000000,0.00271711,0.00273006,0.00000000,0.00000000,0.00000000,0.00000000,0.00000000,0.00000000,0.00000000,0.00498813,0.00000000,0.00000000,0.00000000,0.02552172,0.00000000,0.00000000,0.00000000,0.00000000,0.00000000,0.00000000,0.00000000,0.00000000,0.00000000,0.00000000,0.00000000,0.00832249,0.00000000,0.00000000,0.00000000,0.00000000,2.04866521,0.00000000,0.00000000,0.00000000,0.00000000,0.00378468,0.00000000,0.00000000,0.00000000,0.00000000,0.00000000,0.00000000,0.00000000,0.00000000,0.00000000,0.00000000,0.00000000,0.00000000,0.00000000,0.00000000,0.00000000,0.13413652,0.00000000,0.00000000,0.00000000,0.00000000,0.00000000,0.00000000,0.00000000,0.00000000,0.00000000,0.00000000,0.00000000,0.00000000,0.00000000,0.00000000,0.00000000,0.00000000,0.00000000,0.00000000,0.00000000,0.00000000,0.00000000,0.00000000,0.00000000,0.00000000,0.00000000,0.00000000,0.00000000,0.00000000,0.00000000
0.00000000,0.00000000,0.00000000,0.01469245,0.00000000,0.00000000,0.00000000,0.00000000,0.00000000,0.00237319,0.00000000,0.00000000,0.00000000,0.00000000,0.00000000,0.00000000,0.00000000,0.00000000,0.00000000,0.00000000,0.00000000,0.00000000,0.00227673,0.00000000,0.00000000,0.00000000,0.00000000,0.00000000,0.00000000,0.00000000,0.00000000,0.00000000,1.62156999,0.07155160,0.00000000,0.00000000,0.00000000,0.00000000,0.00000000,0.00000000,0.10457800,0.00000000,0.00000000,0.00000000,0.00000000,0.00000000,0.00000000,0.00000000,0.00000000,0.00000000,0.00327124,0.00000000,0.00000000,0.00000000,0.00000000,0.00000000,0.00086910,0.00000000,0.00000000,0.00000000,0.00000000,0.00487786,0.00000000,0.00948946,0.00514090,0.00000000,0.00000000,0.00000000,0.02586336,0.00000000,0.00000000,0.00000000,0.00000000,0.00000000,0.00000000,0.00000000,0.00000000,0.00000000,0.00000000,0.00000000,0.00000000,0.00000000,0.00000000,0.00000000,0.00000000,0.00000000,0.00000000,0.00000000,0.00000000,0.00000000,0.00000000,0.00000000,0.00000000,0.00457320,0.00000000,0.00000000,0.00716938,0.00000000,0.00000000,0.00000000,0.00000000,0.00000000,0.00000000,0.00000000,0.00000000,0.02623659,0.00000000,0.00000000,0.00000000,0.00000000,0.00000000,0.00000000,0.00000000,0.00000000,0.00000000,0.00000000,0.00000000,0.07720637,0.00000000,0.00000000,0.00151845,0.00000000,0.00000000,0.00000000,0.00000000,0.00000000,0.02137074,0.00000000,0.00000000,0.00000000,0.00000000,0.00000000,0.00000000,0.00000000,0.00000000,0.00000000,0.00000000,0.00000000,0.00000000,0.00000000,0.00000000,0.00000000,0.00000000,0.00000000,0.00000000,0.00000000,0.00000000,0.00000000,0.00000000,0.00000000,0.00000000,0.02097076,0.00000000,0.00000000,0.00000000,0.00000000,0.00000000,0.00000000,0.00000000,0.00000000,0.00000000,0.00000000,0.00000000,0.00000000,0.00000000,0.00000000,0.00000000,0.00000000,0.00000000,0.00000000,0.00000000,0.00000000,0.00000000,0.02715414,0.00000000,0.00000000,0.00309682,0.00000000,0.00000000,0.00000000,0.01191175,0.00000000,0.00000000,0.00000000,0.00000000,0.00000000,0.00000000,0.00000000,0.00000000,0.01286347,0.00000000,0.00000000,0.00000000,0.00000000,0.00000000,0.00000000,0.00000000,0.00000000,0.00000000,0.00000000,0.00000000,0.00000000,0.00000000,0.00000000,0.00113105,0.00000000,0.00000000,0.00000000,0.00159289,0.00000000,0.00000000,0.00000000,0.00000000,0.02129441,0.00000000,0.00000000,0.00000000,0.00000000,0.00000000,0.00000000,0.00000000,0.00000000,0.00000000,0.00000000,0.00000000,0.00000000,0.00000000,0.00000000,0.00000000,0.00000000,0.00000000,0.00000000,1.74564349,0.00000000,0.00000000,0.00000000,0.00000000,0.00000000,0.00000000,0.00000000,0.00000000,0.00000000,0.00000000,0.00000000,0.00000000,0.00000000,0.00000000,0.00000000,0.00000000,0.00000000,0.00000000,0.00000000,0.00338929,0.00000000,0.00000000,0.00000000,0.01670474,0.00000000,0.05659893,0.00000000,0.00000000,0.01215302,0.00000000,0.00000000,0.00000000,0.00000000,0.00000000,0.00000000,0.00000000,0.00000000,0.00000000,0.00000000,0.00000000,0.00000000,0.00000000,0.00000000,0.00000000,0.00238965,0.00000000,0.00000000,0.00000000,0.00000000,0.00000000,0.00000000,0.00000000,0.01250973,0.00000000,0.00000000,0.00000000,0.00000000,0.00000000,0.00000000,0.00000000,0.00000000,0.00000000,0.00000000,0.00273881,0.00000000,0.08806118,0.00000000,0.00000000,0.00000000,0.00000000,0.00000000,0.00000000,0.00000000,0.00000000,0.00000000,0.00000000,0.00771991,0.00000000,0.00000000,0.00000000,0.00474124,0.00000000,0.00000000,0.00163878,0.00000000,0.00000000,0.00000000,0.01556929,0.00000000,0.00000000,0.00000000,0.00000000,0.00000000,0.00000000,0.00000000,0.00000000,0.00000000,0.00000000,0.00000000,0.00000000,0.00000000,0.00000000,0.00000000,0.00000000,0.00000000,0.00000000,0.00000000,0.00000000,0.00000000,0.00000000,0.00579719,0.70840561,0.00000000,0.01432827,0.00000000,0.00000000,0.00000000,0.00000000,0.00000000,0.00000000,0.00000000,0.00000000,0.00000000,0.00000000,0.03539625,0.00000000,0.00000000,0.00000000,0.00000000,0.00125027,0.00000000,0.00000000,0.00000000,0.00000000,0.00163396,0.01796275,0.00348458,0.00000000,0.59370306,0.00000000,3.21680049,0.00000000,0.00000000,0.00000000,0.00000000,0.00000000,0.00000000,0.00000000,0.00000000,0.00000000,0.00000000,0.00000000,0.00000000,0.00000000,0.00000000,0.00000000,0.00000000,0.00000000,0.00000000,0.00000000,0.00000000,0.00000000,0.00000000,0.00000000,0.00000000,0.00000000,0.01703887,0.00000000,0.00885977,0.00000000,0.00000000,0.00000000,0.00000000,0.00000000,0.00000000,0.00000000,0.00000000,0.00000000,0.00000000,0.00000000,0.01026982,0.00000000,0.00000000,0.00000000,0.00000000,0.00000000,0.00000000,0.00000000,0.00000000,0.00000000,0.00000000,0.00000000,0.00000000,0.00000000,0.00386380,0.00000000,0.00000000,0.02638643,0.00000000,0.00000000,0.00088336,0.00000000,0.00224546,0.00000000,0.00000000,0.00000000,0.00000000,0.00000000,0.00000000,0.00000000,0.00000000,0.00000000,0.00000000,0.00000000,0.00000000,0.00000000,0.00000000,0.00214072,0.00000000,0.00000000,0.00149589,0.00000000,0.00000000,0.00000000,0.00000000,0.00000000,0.00000000,0.00000000,0.00000000,0.00000000,0.00000000,0.00000000,0.00000000,0.00000000,0.00000000,0.00000000,0.00000000,0.00000000,0.00000000,0.00000000,0.00000000,0.00000000,0.00000000,0.00000000,0.00000000,0.00000000,0.00000000,0.00000000,0.00000000,0.00000000,0.00000000,0.00000000,0.00000000,0.00000000,0.00000000,0.00000000,0.00000000,0.00000000,0.00000000,0.00000000,0.00000000,0.00000000,0.00000000,0.00000000,0.00556354,0.00000000,0.00000000,0.01972204,0.00000000,0.00000000,0.00000000,0.00000000,0.00000000,0.00000000,0.00000000,0.00000000,0.00000000,0.00000000,0.00000000,0.00519212,0.00000000,0.00000000,0.00000000,0.00000000,0.00000000,0.01205705,0.00000000,0.00000000,0.10599187,0.00000000,0.00000000,0.00000000,0.00000000,0.00000000,0.00477140,0.02840111,0.00000000,0.00424932,0.00000000,0.00000000,0.00485501,0.01004679,0.00000000,0.00353863,0.00487880,0.00000000,0.00000000,0.00000000,0.00000000,0.00000000,0.00000000,0.00000000,0.00000000,0.00000000,0.00000000,0.00000000,0.00307500,0.00000000,0.00000000,0.00000000,0.00000000,0.00000000,0.00000000,0.00000000,0.00000000,0.00000000,0.00000000,0.00000000,0.01025050,0.00000000,0.00000000,0.00000000,0.00000000,0.08425991,0.00000000,0.00000000,0.00000000,0.00000000,0.00000000,0.00000000,0.00000000,0.00672145,0.00000000,0.27132932,0.00000000,0.00000000,0.00000000,0.00000000,0.01508381,0.00000000,0.00000000,0.00000000,0.00000000,0.00000000,0.02478919,0.02337051,0.00000000,0.00000000,0.00000000,0.02549757,0.00000000,0.00000000,0.00000000,0.00000000,0.00000000,0.00000000,0.00000000,0.00000000,0.00000000,0.00000000,0.00000000,0.00000000,0.00000000,0.00000000,0.00000000,0.06409854,0.00000000,0.00000000,0.00000000,0.00000000,0.00000000,0.00000000,0.00000000,0.00000000,0.00000000,0.00000000,0.00000000,0.00000000,0.00000000,0.00000000,0.00000000,0.01850917,0.00000000,0.00000000,0.00000000,0.00747499,0.00000000,0.00000000,0.03608387,0.00152593,0.00000000,0.00000000,0.00000000,0.00000000,0.01805417,0.00000000,0.57428473,0.00231806,0.00000000,0.00000000,0.00000000,0.00145762,0.00200850,0.00000000,0.00000000,0.04872125,0.05736413,0.00000000,1.75279244,0.00000000,0.00000000,0.00000000,0.00000000,0.00000000,0.00000000,0.00000000,0.00000000,0.00000000,0.00000000,0.00000000,0.00000000,0.00000000,0.02067787,0.00000000,0.00000000,0.00000000,0.03192026,0.00000000,0.00000000,0.00752818,0.03690281,0.00000000,0.00000000,0.00000000,0.00000000,0.00000000,0.00000000,0.00000000,0.00000000,0.00000000,0.00000000,0.00000000,0.00000000,0.00000000,0.00000000,0.00109362,0.00000000,0.00000000,0.00000000,0.00000000,0.00000000,0.00000000,0.00275311,0.00000000,0.00000000,0.00000000,0.00000000,0.00000000,0.06095947,0.00000000,0.00000000,0.00000000,0.00000000,0.00000000,0.00000000,0.00780605,2.56768832,0.00000000,0.00000000,0.00000000,0.00000000,0.00000000,0.00000000,0.00000000,0.00000000,0.00000000,0.00000000,0.00000000,0.00000000,0.00000000,0.00000000,0.00000000,0.00000000,0.00000000,0.00000000,0.03829074,0.00000000,0.00000000,0.00000000,0.00000000,0.12271186,0.00000000,0.00000000,0.00000000,0.00000000,0.00000000,0.00000000,0.00000000,0.00000000,0.00000000,0.00000000,0.00278387,0.00000000,0.00000000,0.00000000,0.00000000,0.00000000,0.00000000,0.00000000,0.00000000,0.00000000,0.00000000,0.00000000,0.00000000,0.01312586,0.00000000,0.00000000,0.00000000,0.00000000,0.00000000,1.88487818,0.00000000,0.00000000,0.00000000,0.00000000,0.00000000,0.00339203,0.00000000,0.00225937,0.00000000,0.00000000,0.00998266,0.00000000,0.00108148,0.00000000,0.00000000,0.00000000,0.00000000,0.00000000,0.00000000,0.00000000,0.00000000,0.01172871,0.00000000,0.00000000,0.00000000,0.00198073,0.00000000,0.00000000,0.00406826,0.00000000,0.00000000,0.00000000,0.00000000,0.00073226,0.00000000,0.00000000
0.00000000,0.00000000,0.00000000,0.00000000,0.07380928,0.00000000,0.00000000,0.00000000,0.00000000,0.00000000,0.00000000,0.00000000,0.00000000,0.00000000,0.00000000,0.00000000,0.00000000,0.00000000,0.00000000,0.00000000,0.00000000,0.00000000,0.00000000,0.00000000,0.00000000,0.00000000,0.00000000,0.00000000,0.00000000,0.00000000,0.00000000,0.00000000,0.00000000,0.00000000,0.00490283,0.00000000,0.03113472,0.00000000,0.00000000,0.00000000,0.00407708,0.00000000,0.00000000,0.00000000,0.02141674,0.00000000,0.00000000,0.00000000,0.00000000,0.00000000,0.01115481,0.00000000,0.00000000,0.00397154,0.00000000,0.00291391,0.00000000,0.00000000,0.00000000,0.00000000,0.00000000,0.00000000,0.00000000,0.00000000,0.05878455,0.00000000,0.00000000,0.00212879,0.00000000,0.00000000,0.00000000,0.00000000,0.00000000,0.00000000,0.00000000,0.00000000,0.00374347,0.00000000,0.00000000,0.00000000,0.00102923,0.00000000,0.00227713,0.00768900,0.00000000,0.00000000,0.00000000,0.00000000,0.00000000,0.00239913,0.00000000,0.00000000,0.00000000,0.00000000,0.00000000,0.02103794,0.00000000,0.00000000,0.00000000,0.02581946,0.00000000,0.00000000,0.00000000,0.00000000,0.00000000,0.00000000,0.00000000,0.00000000,0.00000000,0.00000000,0.00000000,0.00000000,0.00000000,0.00000000,0.00000000,0.00000000,0.00335183,0.00000000,0.00000000,0.00000000,0.00000000,0.00000000,0.00934541,0.00283255,0.00000000,0.00000000,0.00000000,0.00000000,0.00000000,0.00000000,0.00000000,0.00000000,0.00000000,0.02112863,0.00000000,0.00000000,0.00000000,0.00000000,0.00000000,0.00000000,0.16632609,0.00000000,0.00205331,0.00000000,0.00000000,0.00068252,0.00000000,0.00000000,0.00000000,0.00000000,0.00000000,0.00000000,0.00000000,0.01120218,0.00000000,0.00000000,0.00000000,0.00000000,0.00000000,0.00000000,0.00000000,0.00000000,0.00000000,0.00000000,0.00000000,0.00000000,0.00000000,0.00000000,0.00000000,0.00000000,0.00000000,0.00000000,0.00000000,0.00000000,0.00000000,0.00000000,0.02201023,0.00000000,0.00000000,0.00000000,0.00000000,0.00000000,0.00000000,0.00000000,0.00000000,0.00000000,0.00000000,0.00000000,0.00000000,0.00000000,0.00109778,0.00000000,0.00000000,0.00000000,0.00000000,0.00000000,0.00000000,0.00000000,0.00000000,0.00000000,0.00000000,0.00000000,0.00000000,0.00000000,0.00102855,0.00000000,0.00000000,0.00000000,0.00000000,0.18993984,0.00000000,0.00000000,0.00000000,0.00000000,0.00000000,0.00000000,0.00000000,0.00000000,0.00000000,0.00000000,0.00000000,0.00000000,0.00000000,0.00000000,0.00000000,0.00000000,0.00000000,0.00000000,0.00000000,0.00000000,0.00000000,0.00000000,0.00000000,0.00000000,0.00000000,0.00000000,0.00000000,0.00000000,0.00000000,0.00000000,0.00000000,0.00000000,0.00000000,0.00000000,0.00000000,0.00000000,0.01881763,0.00000000,0.00407045,0.00000000,0.00000000,0.00068924,0.00000000,0.00000000,0.00000000,0.00000000,0.00000000,0.00000000,0.00434988,0.00858222,0.00000000,0.00000000,0.00000000,0.00000000,0.00000000,0.00000000,0.00000000,0.00258909,0.00000000,0.00000000,0.00000000,0.00368612,0.00000000,0.00430471,0.03675566,0.00000000,0.00000000,0.00000000,0.00000000,0.00496621,0.03065937,0.00000000,0.00000000,0.00000000,0.00056860,0.00285472,0.11060093,0.00000000,0.00000000,0.01933192,0.00000000,0.00000000,0.01691185,0.00000000,0.00000000,0.00000000,0.00000000,0.00000000,0.00597053,0.00000000,0.00000000,0.00000000,0.00000000,0.00000000,0.00000000,0.00000000,0.00000000,0.00000000,0.00000000,0.00000000,0.00000000,0.00000000,0.00000000,0.00000000,0.00000000,0.00000000,0.00000000,0.00000000,0.00280162,0.00000000,0.00000000,0.00000000,0.00000000,0.00000000,0.00000000,0.00000000,0.00000000,0.00000000,0.00000000,0.01340619,0.00000000,0.00000000,0.00000000,0.00000000,0.00000000,0.00000000,0.00000000,0.00000000,0.00000000,0.00000000,0.00000000,0.00000000,0.00000000,0.00535610,0.05937949,0.00000000,0.00000000,0.00000000,0.00000000,0.00000000,0.00000000,0.00000000,0.00000000,0.00253151,0.00000000,0.00000000,0.00000000,0.00000000,0.00000000,0.00000000,0.00000000,0.00000000,0.00000000,0.00000000,0.00000000,0.00000000,0.00000000,0.00000000,0.00634297,0.00000000,0.00000000,0.00000000,0.00222487,0.00000000,0.04326092,0.00000000,0.00000000,0.00000000,0.00000000,0.00811803,0.00000000,0.00000000,11.78534778,0.00000000,0.00000000,0.00000000,0.00000000,0.00000000,0.00000000,0.00000000,0.00000000,0.00000000,0.00000000,0.00000000,0.00000000,0.00000000,0.00000000,0.00000000,0.00000000,0.00000000,0.00000000,0.00000000,0.07089010,0.08395075,0.00000000,0.00000000,0.00000000,0.00000000,0.00000000,0.01764322,0.00000000,0.00000000,0.00000000,0.00000000,0.00000000,0.00000000,0.00000000,0.00000000,0.00000000,0.00000000,0.00000000,0.02004576,0.00000000,0.00000000,0.00000000,0.00000000,0.00000000,0.00000000,0.00000000,0.00000000,0.00000000,0.00340296,0.00000000,0.00000000,0.00000000,0.00000000,0.00000000,0.00000000,0.00000000,0.09084337,0.00000000,0.00000000,0.00000000,0.00000000,0.00000000,0.00000000,0.00000000,0.00000000,0.00000000,0.00000000,0.00000000,0.00000000,0.00000000,0.00000000,0.00000000,0.00000000,0.00000000,0.00000000,0.00000000,0.00000000,0.00177224,0.00000000,0.00000000,0.00000000,0.00000000,0.00000000,0.00000000,0.00336647,0.00000000,0.00000000,0.16070193,0.00000000,0.00000000,0.00000000,0.00000000,0.00000000,0.02213747,0.00000000,0.00000000,0.02050251,0.00000000,0.00000000,0.00000000,0.00000000,0.00000000,0.00000000,0.00000000,0.00000000,0.00000000,0.00000000,0.00000000,0.00000000,0.00000000,0.00000000,1.90135343,0.00000000,0.00000000,0.00642463,0.00000000,0.00000000,0.00000000,0.00000000,0.00000000,0.00000000,0.00000000,0.00000000,0.00000000,0.00000000,0.00000000,0.00000000,0.00000000,0.00000000,0.00000000,0.00000000,0.00000000,0.00000000,0.00000000,0.00000000,0.00000000,0.00340808,0.00000000,0.00000000,0.00000000,0.00000000,0.00000000,0.00232892,0.00195393,0.00000000,0.00000000,0.00000000,0.00000000,0.00000000,0.00000000,0.00000000,0.00100990,0.00000000,0.00000000,0.00000000,0.00000000,0.00000000,0.00000000,0.00000000,0.00000000,0.01745483,0.02294919,0.00000000,0.00451145,0.00000000,0.00000000,0.00000000,0.00000000,0.00000000,0.00000000,0.01214872,0.00815859,0.00000000,0.00000000,0.00581987,0.00000000,0.00000000,0.00000000,0.00000000,0.00000000,0.00000000,0.00000000,0.00248377,0.00000000,0.00000000,0.00000000,0.00000000,0.00000000,0.00000000,0.00000000,0.00000000,0.01108461,0.01131310,0.01387404,0.00000000,0.00000000,0.00000000,0.00000000,0.00000000,0.06996274,0.00000000,0.00000000,0.00000000,0.00000000,0.00000000,0.00000000,0.00000000,0.00000000,0.00000000,0.00000000,0.00000000,0.00000000,0.00000000,0.00000000,0.00510256,0.00000000,0.00678818,0.00000000,0.00000000,0.00000000,0.00000000,0.00000000,0.00000000,0.00000000,0.00000000,0.00000000,0.00000000,0.00000000,0.00000000,0.00000000,0.00000000,0.01607244,0.00000000,0.00000000,0.00000000,0.00000000,0.00000000,0.00000000,0.00000000,0.00000000,0.00000000,0.00000000,0.00000000,0.01270770,0.00000000,0.00000000,0.00000000,0.00000000,0.00000000,0.00000000,0.00000000,0.00000000,0.01545789,0.00108534,0.00000000,0.00000000,0.00000000,0.00000000,0.01033761,0.00000000,0.00652984,0.00000000,0.00000000,0.00000000,0.00000000,0.00000000,0.00000000,0.00000000,0.00000000,0.00000000,0.00000000,0.00000000,0.00000000,0.00000000,0.00352843,0.00478674,0.00000000,0.01598585,0.02478805,0.00878145,0.00000000,0.00000000,0.00000000,0.00000000,0.00000000,0.00000000,0.00000000,0.00000000,0.00000000,0.00214147,0.00000000,0.01301239,0.00000000,0.00000000,0.00000000,0.00000000,0.00000000,0.00000000,0.00000000,0.00000000,0.00000000,0.00000000,0.00000000,0.00000000,0.00000000,0.00000000,0.00000000,0.00000000,0.00000000,0.00000000,0.00000000,0.00000000,0.00000000,0.00000000,0.00000000,0.00000000,0.00000000,0.00000000,0.00880805,0.00000000,0.00000000,0.01569855,0.00000000,0.00000000,0.00000000,0.00000000,0.03901263,0.00000000,0.00000000,0.00000000,0.00728910,0.05501571,0.00000000,0.00000000,0.00000000,0.00000000,0.00000000,0.00000000,0.00000000,0.00000000,0.00000000,0.00000000,0.00000000,0.00000000,0.00000000,0.00000000,0.00000000,0.00000000,0.00000000,0.00000000,0.00000000,0.00000000,0.00000000,0.00000000,0.00000000,0.00000000,0.00000000,0.00259377,0.00000000,0.00000000,0.00000000,0.00000000,0.00000000,0.00000000,0.00000000,0.26066359,0.00000000,0.00487162,0.00000000,0.00000000,0.00000000,0.00000000,0.00000000,0.00818916,0.00000000,0.00000000,0.00000000,0.00000000,0.00000000,0.00000000,0.00000000,0.00000000,0.00000000,0.00000000,0.00000000,0.00000000,0.00000000,0.00000000,0.05090570,0.00000000,0.00000000,0.00000000,0.02719497,0.00000000,0.00000000,0.00000000,0.00523754,0.00000000,0.01330301,0.00000000,0.02287780,0.00000000,0.00000000,0.00000000,0.00000000,0.00000000,0.00062179,0.00000000,0.00000000,0.00000000,0.00000000,0.00000000,0.00000000,0.00000000,0.00000000,0.00000000,0.00000000
0.00000000,0.00000000,0.00000000,0.00000000,0.00000000,0.00000000,0.00000000,0.00000000,0.00000000,0.00000000,0.00000000,0.02396939,0.00000000,0.00000000,0.00000000,0.00000000,0.00000000,0.00000000,0.00000000,0.00000000,0.00000000,0.00000000,0.00000000,0.00000000,0.00000000,0.00000000,0.00000000,0.00000000,0.00000000,0.00000000,0.00000000,0.00211107,0.00000000,0.00000000,0.00000000,0.00000000,0.00000000,0.00000000,0.00000000,0.00000000,0.00000000,0.00000000,0.00198721,0.01386543,0.21961365,0.00000000,0.00000000,0.00000000,0.00000000,0.00000000,0.00000000,0.00000000,0.00000000,0.00000000,0.00000000,0.01005376,0.00000000,0.00000000,0.00349794,0.00000000,0.00000000,0.00000000,0.00000000,0.00000000,0.00000000,0.00000000,0.00000000,0.00000000,0.00000000,0.00000000,0.00000000,0.00000000,0.00304069,0.00000000,0.00000000,0.00000000,0.00000000,0.00000000,0.00000000,0.00000000,0.00000000,0.00000000,0.00000000,0.00000000,0.00000000,0.00000000,0.00000000,0.02787756,0.00427759,0.00000000,0.00000000,0.05486821,0.00000000,0.00000000,0.00000000,0.00000000,0.00000000,0.00000000,0.00000000,0.00000000,0.00000000,0.00000000,0.00000000,0.00000000,0.00000000,0.00000000,0.00000000,0.00000000,0.00000000,0.00000000,0.16411247,0.00000000,0.00842019,0.00000000,0.00000000,0.00000000,0.00000000,0.00000000,0.00000000,0.00000000,0.00000000,0.00000000,0.00000000,0.00000000,0.00000000,0.00000000,0.00000000,0.00000000,0.00000000,0.00000000,0.00000000,0.00000000,0.00000000,0.00000000,0.00000000,0.00000000,0.00000000,0.00000000,0.00000000,0.01485794,0.00000000,0.00000000,0.01221960,0.00000000,0.00000000,0.00000000,0.00000000,0.00000000,0.00000000,0.00000000,0.00000000,0.00000000,0.00000000,0.00000000,0.00000000,0.00000000,0.00000000,0.00000000,0.00474049,0.00000000,0.00000000,0.00000000,0.00000000,0.00000000,0.00000000,0.00000000,0.00000000,0.00000000,0.00000000,0.00000000,0.00000000,0.00000000,0.00000000,0.00000000,0.00000000,0.00000000,0.00112311,0.00000000,0.00323503,0.01736808,0.02817517,0.00000000,0.49340218,0.00000000,0.00000000,0.00000000,0.00000000,0.00000000,0.00000000,0.00000000,0.00000000,0.00000000,0.00000000,0.00000000,0.00000000,0.00000000,0.00243392,0.11619645,0.00000000,0.00000000,0.00000000,0.00000000,0.00000000,0.00000000,0.00000000,0.00000000,0.00000000,0.00000000,0.00000000,2.20422103,0.00000000,0.00000000,0.00148883,0.00000000,0.00000000,0.00000000,0.00000000,0.00000000,0.00000000,0.00000000,0.00000000,1.10997417,0.00000000,0.00000000,0.00110143,0.00000000,0.00000000,0.00000000,0.00000000,0.00000000,0.00000000,0.00000000,0.00000000,0.00000000,0.00000000,0.00000000,0.00000000,0.00000000,0.00000000,0.00000000,0.00000000,1.91429501,0.00000000,0.00000000,0.04178417,0.00000000,0.00088444,0.00000000,0.00000000,0.00511090,0.02509217,0.00000000,0.00000000,0.07813362,0.00000000,0.00000000,0.00000000,0.00000000,0.00000000,0.00000000,0.00000000,0.00000000,0.00000000,0.00000000,0.00000000,0.00000000,0.00000000,0.00375954,0.04196717,0.00000000,0.00000000,0.00000000,0.00000000,0.00000000,0.00000000,0.00000000,0.00000000,0.00000000,0.00000000,0.00000000,0.00000000,0.00000000,0.00000000,0.00000000,0.00000000,0.00000000,0.00000000,0.02269826,0.00000000,0.00000000,0.00000000,0.00000000,0.00000000,0.00000000,0.00000000,0.00000000,0.00000000,0.00000000,0.00000000,0.00000000,0.00000000,0.00000000,3.20178747,0.07026544,0.00000000,0.00000000,0.00289042,0.00000000,0.00000000,0.00000000,0.00000000,0.00000000,0.00000000,0.00000000,0.00000000,0.00000000,0.00000000,0.00000000,0.00000000,0.00000000,0.00000000,0.00000000,0.00000000,0.00000000,0.00000000,0.00000000,0.00000000,0.00000000,0.00000000,0.00000000,0.00000000,0.00000000,0.00000000,0.02037069,0.00000000,0.00000000,0.00685128,0.00000000,0.00000000,0.00000000,0.00000000,0.00000000,0.00000000,0.00000000,0.01058306,0.00000000,0.22229551,0.00000000,0.00000000,0.00000000,0.00000000,0.00000000,0.00000000,0.00000000,0.05400156,0.00000000,0.00000000,0.00000000,0.00128712,0.00000000,0.00000000,0.00000000,0.00000000,0.00313721,0.00000000,0.00000000,0.00979118,0.00000000,0.00000000,0.00000000,0.00000000,0.00000000,0.00000000,0.00000000,0.00000000,0.00000000,0.00000000,0.00000000,0.00000000,0.00243192,0.00000000,0.00000000,0.00000000,0.01139194,0.00000000,0.00000000,0.00000000,0.00000000,0.00000000,0.00000000,0.00000000,0.00000000,0.00000000,0.00000000,0.00000000,0.00000000,0.00000000,0.00000000,0.00000000,0.02589255,0.04208057,0.00359856,0.00000000,0.00000000,0.00000000,0.00000000,0.00000000,0.00000000,0.00000000,0.00000000,0.00000000,0.01893120,0.00000000,0.00000000,0.01250258,0.00000000,0.00000000,0.00000000,0.00000000,0.01057503,0.00000000,0.00000000,0.00000000,0.00000000,0.00000000,0.00000000,0.00000000,0.00883590,0.00000000,0.00000000,0.00438630,0.00000000,0.00000000,0.00000000,0.00970397,0.00000000,0.00000000,0.00000000,0.00000000,0.00000000,0.00000000,0.00000000,0.00000000,0.00000000,0.00000000,0.00312040,0.00000000,0.00000000,0.00000000,0.00000000,0.00000000,0.00858219,0.00000000,0.00000000,0.00000000,0.00000000,0.00301553,0.00000000,0.02656942,0.00000000,0.00000000,0.00940632,0.00000000,0.00190648,0.00000000,0.00000000,0.00000000,0.00000000,0.00000000,0.00000000,0.00422272,0.00000000,0.00000000,0.00000000,0.00000000,0.00000000,0.00000000,0.00000000,0.00000000,0.00147641,0.00000000,0.00000000,0.00000000,0.00157130,0.00000000,0.00000000,0.00000000,0.00000000,0.00000000,0.00000000,0.00000000,0.00466182,0.00000000,0.00138821,0.00000000,0.00000000,0.00000000,0.00000000,0.00000000,0.00000000,0.00000000,0.00000000,0.08459927,0.02220755,0.00000000,0.00000000,0.00000000,0.00000000,0.00000000,0.00264501,0.00000000,0.00000000,0.00000000,0.00066932,0.00000000,0.00000000,0.00000000,0.00000000,0.00000000,0.00000000,0.00000000,0.00000000,0.00000000,0.00000000,0.00068788,0.00000000,0.00356135,0.00000000,0.00000000,0.00000000,0.00927716,0.00000000,0.00000000,0.00000000,0.00000000,0.00000000,0.00718006,0.00000000,0.00366318,0.00000000,0.00000000,0.00000000,0.00000000,0.00000000,0.00000000,0.00000000,0.00000000,0.00000000,0.01352498,0.00000000,0.00000000,0.00000000,0.00000000,0.00000000,0.00000000,0.00095323,0.00000000,0.00000000,0.00000000,0.00000000,0.00000000,0.00000000,0.00000000,0.00000000,0.00000000,0.00000000,0.00000000,0.00000000,0.00000000,0.00000000,0.00000000,0.00000000,0.00000000,0.00000000,0.00000000,0.00000000,0.00328721,0.00000000,0.00000000,0.00000000,0.00000000,0.00000000,0.00000000,0.00000000,0.05204232,0.00000000,0.00000000,0.00000000,0.00000000,0.00000000,0.00000000,0.00000000,0.00000000,0.00000000,0.00000000,0.00000000,0.00000000,0.00000000,0.00000000,0.00000000,0.00000000,0.00000000,0.00000000,0.00000000,0.00000000,0.00000000,0.00000000,0.00000000,0.00000000,0.00000000,0.00000000,0.00000000,0.00000000,0.00000000,0.00000000,0.00793411,0.00626738,0.00000000,0.00315862,0.00000000,0.00000000,0.00000000,0.00000000,0.00000000,0.00000000,0.00000000,0.00000000,0.00000000,0.00000000,0.00000000,0.00000000,0.00000000,0.00000000,0.00000000,0.00000000,0.00000000,0.00000000,0.00000000,0.00000000,0.00000000,0.00696277,0.00000000,0.00000000,0.00000000,0.00000000,0.01307184,0.00000000,0.01061630,0.00545820,0.00000000,0.00000000,0.00000000,0.03405012,0.00000000,0.00000000,0.00000000,0.00000000,0.00000000,0.00000000,0.03110907,0.00000000,0.00000000,0.00000000,0.00000000,0.00248277,0.00000000,0.00000000,0.00000000,0.21651589,0.00000000,0.00000000,0.00000000,0.00000000,0.00000000,0.00000000,0.00000000,0.00000000,0.00000000,0.00000000,0.00000000,0.00956409,0.00000000,0.00430958,0.00000000,0.00000000,0.00000000,0.01290459,0.00000000,0.00000000,0.00000000,0.01723451,0.00000000,0.00000000,0.00000000,0.00000000,0.00401543,0.00875606,0.00000000,0.00000000,0.00000000,0.00000000,0.00000000,0.00000000,0.00000000,0.00368633,0.00000000,0.00000000,0.00609655,0.00000000,0.00813177,0.00000000,0.00000000,0.00000000,0.00000000,0.00000000,0.01021974,0.00000000,1.19627513,0.00000000,0.00423245,0.00000000,0.00000000,0.00000000,0.00000000,0.00000000,0.00000000,0.00000000,0.00000000,0.00000000,0.00000000,0.00000000,0.00000000,0.00000000,0.00000000,0.00000000,0.00000000,0.00000000,0.00000000,0.00947380,0.00000000,0.00000000,0.00000000,0.00000000,0.00000000,0.00000000,0.00000000,0.00183901,0.00000000,0.00000000,0.00000000,0.00000000,0.00000000,0.00000000,0.00000000,0.00184453,0.00000000,0.00000000,0.00450010,0.00000000,0.00000000,0.00000000,0.00000000,0.00000000,0.18635042,0.00000000,0.00000000,0.00000000,0.00000000,0.00000000,0.00000000,0.00000000,0.00000000,0.00000000,0.00000000,0.00000000,0.00000000,0.02978997,1.26102047,0.00000000,0.00149091,0.00000000,0.00000000,0.00000000,0.00000000,0.00000000,0.00000000,0.00000000,0.00000000,0.14665252,0.00000000,0.00000000,0.00000000,0.00000000,0.00000000,0.00000000,0.00000000,0.00000000,0.00000000,0.00000000,0.00000000
0.00000000,0.00000000,0.00000000,0.00000000,0.00000000,0.00000000,0.00000000,0.00000000,0.00000000,0.00000000,0.00000000,0.00000000,0.00000000,0.03428901,0.00000000,0.00000000,0.00000000,0.00000000,0.00000000,0.00000000,0.00000000,0.00000000,0.00669463,0.00000000,0.00000000,0.00000000,0.00000000,0.00000000,0.00000000,0.00000000,0.00000000,0.00000000,0.00000000,0.03200662,0.00000000,0.00000000,0.00000000,0.00000000,0.00000000,0.00000000,0.00000000,0.00000000,0.00000000,0.00000000,0.00000000,0.00000000,0.00000000,0.00000000,0.00000000,0.00000000,0.00000000,0.00000000,0.00000000,0.00000000,0.00000000,0.00000000,0.00203636,0.00000000,0.00000000,0.00000000,0.00000000,0.00000000,0.00000000,0.00494104,0.00000000,0.00000000,0.00000000,0.00000000,0.00000000,0.00000000,0.00000000,0.00000000,0.00000000,0.00000000,0.00000000,0.00000000,0.14442165,0.00000000,0.00000000,0.00000000,0.00000000,0.00000000,0.00000000,0.00000000,0.00000000,0.00000000,0.00000000,0.00000000,0.00000000,0.00000000,0.00000000,0.00000000,0.00000000,0.00000000,0.00000000,0.00000000,0.01153953,0.00000000,0.00000000,0.00000000,0.00000000,0.00000000,0.00717383,0.08403594,0.00000000,0.00000000,0.00000000,0.00000000,0.00000000,0.00000000,0.00000000,0.00000000,0.00000000,0.00000000,0.00000000,0.04801330,0.00000000,0.00000000,0.00000000,0.00000000,0.00000000,0.00000000,0.00000000,0.00000000,0.00000000,0.00000000,0.00150543,0.00000000,0.00000000,0.00000000,0.00000000,0.00000000,0.00000000,0.00000000,0.00000000,0.00000000,0.00000000,0.00000000,0.00000000,0.02090674,0.00000000,0.00000000,0.00000000,0.00000000,0.00000000,0.00000000,0.00000000,0.00000000,0.00000000,0.00000000,0.00000000,0.00000000,0.23024546,0.00000000,0.00000000,0.00000000,0.00000000,0.00000000,0.00082929,0.00000000,0.00000000,0.00000000,0.00000000,0.00000000,0.00000000,0.00000000,0.00000000,0.00000000,0.00000000,0.00000000,0.03458773,0.00000000,0.00000000,0.00000000,0.00000000,0.00946965,0.00000000,0.00000000,0.00000000,0.00000000,0.00000000,0.00180906,0.00000000,0.00000000,0.00000000,0.00000000,0.00000000,0.00000000,0.00000000,0.00000000,0.00479375,0.00174735,0.00000000,0.00000000,0.58845333,0.00000000,0.00000000,0.00000000,0.00000000,0.00000000,0.00000000,0.00000000,0.00715420,0.00000000,0.00000000,0.00000000,0.00546389,0.00000000,0.00000000,0.01363683,0.00000000,0.00000000,0.00000000,0.00000000,0.00000000,0.05483199,3.11983325,0.00000000,0.00000000,0.12639900,0.00000000,0.00000000,0.00000000,0.00000000,0.00000000,0.00000000,0.00000000,0.00510083,0.00000000,0.00000000,0.00000000,0.00000000,0.00000000,0.00231214,0.00000000,0.00000000,0.00000000,0.04722896,0.00000000,0.00000000,0.00000000,0.00162170,0.00000000,0.00000000,0.00000000,0.00000000,0.00000000,0.00000000,0.00000000,0.00000000,0.00000000,0.00000000,0.00000000,0.00000000,0.00000000,0.00000000,0.00000000,0.00000000,0.00000000,0.00000000,0.00000000,0.00000000,0.00000000,0.00000000,0.00000000,0.00000000,0.00000000,0.00000000,0.00000000,0.00000000,0.00000000,0.00000000,0.00000000,0.00426544,0.00000000,0.00000000,0.00000000,0.00000000,0.00000000,0.00000000,0.00000000,0.00000000,0.00000000,0.00000000,0.00000000,0.00000000,0.00000000,0.00000000,0.00000000,0.00000000,0.00000000,0.00000000,0.00000000,0.00000000,0.00000000,0.00444753,0.00878215,0.00000000,0.00000000,0.00000000,0.00384699,0.00000000,0.00000000,0.00000000,0.01125500,0.00000000,0.00000000,0.00000000,0.00000000,0.00000000,0.00000000,0.03030151,0.00000000,0.00000000,0.04774342,0.00000000,0.00000000,0.00997507,0.03120384,0.00000000,0.00000000,0.00000000,0.00000000,0.00000000,0.00000000,0.00000000,0.00000000,0.00000000,0.00000000,0.00000000,0.00000000,0.01257155,0.00000000,0.00000000,0.00000000,0.00000000,0.00000000,0.00000000,0.00000000,0.00000000,0.00000000,0.00000000,0.00000000,0.00000000,0.00000000,0.00000000,0.00080170,0.00000000,0.00000000,0.00000000,0.00000000,0.00000000,0.01659042,0.02181588,0.00000000,0.00000000,0.00000000,0.00000000,0.00000000,0.00000000,0.00000000,0.00415522,0.00000000,0.00000000,0.00000000,0.00000000,0.00000000,0.00000000,0.00000000,0.00000000,0.00000000,0.00000000,0.00000000,0.00000000,0.00000000,0.00000000,0.00000000,0.00000000,0.00548503,0.00000000,0.00000000,0.00000000,0.00000000,0.00000000,0.00000000,0.00000000,0.19222820,0.00236403,0.00000000,0.01812132,0.00000000,0.00242094,0.00000000,0.00000000,0.00000000,0.00000000,0.00000000,0.01208793,0.03261437,0.00000000,0.00000000,0.00000000,0.00000000,0.00000000,0.00000000,0.66521442,0.00000000,0.00000000,0.00739098,0.00000000,0.00000000,0.00000000,0.42241454,0.00000000,0.00000000,0.01263964,0.00000000,0.00000000,0.01185418,0.00000000,0.00000000,0.00000000,0.00000000,0.00000000,0.00000000,0.00000000,0.00000000,0.00000000,0.00000000,0.00000000,0.00000000,0.00383568,0.00000000,0.00128390,0.00000000,0.00000000,0.03136499,0.00000000,0.00000000,0.00000000,0.00000000,0.00000000,0.01746591,0.00000000,0.00000000,0.00000000,0.00000000,0.00000000,0.00000000,0.00000000,0.00000000,0.00000000,0.00000000,0.00000000,0.00274109,0.00000000,0.00000000,0.00000000,0.00000000,0.00000000,0.00000000,0.00000000,0.00000000,0.00000000,0.00000000,0.00000000,0.00000000,0.00000000,0.00910057,0.00000000,0.00000000,0.00000000,0.00000000,0.00000000,0.00000000,0.00000000,0.00000000,0.00000000,0.00000000,0.00000000,0.00000000,0.00158766,0.00000000,0.00000000,0.00000000,0.00000000,0.00000000,0.00000000,0.00000000,0.00000000,0.00000000,0.00000000,0.00000000,0.01701121,0.00000000,0.00000000,0.00000000,0.00000000,0.00252029,0.00000000,0.00000000,0.00000000,0.00000000,0.00000000,0.00000000,0.00000000,0.00000000,0.00000000,0.00000000,0.00000000,0.00494738,0.00000000,0.00000000,0.00000000,0.00000000,0.00000000,0.00000000,0.00000000,0.00124858,0.00000000,0.00000000,0.00000000,0.00566252,0.00000000,0.00000000,0.00000000,0.00000000,0.07755654,0.03138856,0.00000000,0.00000000,0.00184799,0.00000000,0.04354234,0.00000000,0.00000000,0.09605853,0.00000000,0.00000000,0.00000000,0.00000000,0.00000000,0.00000000,0.00000000,0.00000000,0.00000000,0.00000000,0.00448786,0.00000000,0.00000000,0.00000000,0.00000000,0.00000000,0.00000000,0.08899417,0.00000000,0.00000000,0.00000000,0.00000000,0.00000000,0.00000000,0.00000000,0.00000000,0.00000000,0.00000000,0.00681418,0.00000000,0.00000000,0.00000000,0.00000000,0.00213824,0.00000000,1.96507215,0.00000000,0.00000000,0.00000000,0.00000000,0.00000000,0.00000000,0.01161150,0.00000000,0.00000000,0.00000000,0.00000000,0.00523584,0.00000000,0.00919809,0.27908696,0.00163686,0.00000000,0.00000000,0.00000000,0.00000000,0.00000000,0.00000000,0.00000000,0.00000000,0.00000000,0.00000000,0.00000000,0.00000000,0.01275223,0.00000000,0.00000000,0.00000000,0.00000000,0.00000000,0.00000000,0.00000000,0.00961475,0.00000000,0.00000000,0.06706732,0.00000000,0.00000000,0.00000000,0.00000000,0.75387605,0.16658665,0.00000000,0.00527970,0.00000000,0.00000000,0.00000000,0.01115583,0.00000000,0.00000000,0.00000000,0.00000000,0.00000000,0.00000000,0.00000000,0.00000000,0.00000000,0.00000000,0.00000000,0.04385771,0.00000000,0.01080920,0.00000000,0.00000000,0.00000000,0.00000000,0.00000000,0.00000000,0.00000000,0.00000000,0.00000000,0.00000000,0.00753014,0.00000000,0.00000000,0.00000000,0.00000000,0.00000000,0.00000000,0.00000000,0.00000000,0.00000000,0.00000000,0.00000000,0.00000000,0.00000000,0.00000000,0.00000000,0.00125263,0.00000000,0.00000000,0.00000000,0.09781419,0.00000000,0.00000000,0.00000000,0.00000000,0.00000000,0.00000000,0.00000000,0.00000000,0.00000000,0.00000000,0.00000000,0.00000000,0.00000000,0.00000000,0.00000000,0.00534165,0.00000000,0.00000000,0.00000000,0.05790149,0.00000000,0.00000000,0.00000000,0.00000000,0.00000000,0.00000000,0.00000000,0.00000000,0.00000000,0.00000000,0.00000000,0.00000000,0.00000000,0.00000000,0.00000000,0.00000000,0.00000000,0.00000000,0.12781419,0.00000000,0.00000000,0.00000000,0.00000000,0.01904952,0.00000000,0.00000000,0.00000000,0.00000000,0.00358484,0.00000000,0.00000000,0.00000000,0.00000000,0.00000000,0.00000000,0.00000000,0.00000000,0.04421006,0.00000000,0.00000000,0.00000000,0.00000000,0.00000000,0.00000000,0.00000000,0.00000000,0.00000000,0.00000000,0.00000000,0.00000000,0.00000000,0.00000000,0.00000000,0.00000000,0.01651071,0.00000000,0.00680674,0.00000000,0.00000000,0.03226490,0.03190634,0.00000000,0.00000000,0.00000000,0.00000000,0.02335254,0.00000000,0.00313084,0.00000000,0.00000000,0.00111909,0.00000000,0.00000000,0.00000000,0.00000000,0.00000000,0.00000000,0.00000000,0.00000000,0.00000000,0.00000000,0.00000000,0.00000000,0.00000000,0.00000000,0.00000000,0.00000000,0.00000000,0.00000000,0.02304635,0.00000000,0.00000000,0.07871582,0.00384485,0.02603443,0.00362593,0.01523230,0.00000000,0.00000000,0.00000000,0.00000000,0.00000000,0.00000000,0.00000000,0.00000000,0.00000000,0.00000000,0.00000000,0.00000000,0.00000000
0.00000000,0.00000000,0.01146731,0.00000000,0.00000000,0.00000000,0.00000000,0.00000000,0.00000000,0.00000000,0.00000000,0.00000000,0.00000000,0.00306213,0.00000000,0.00000000,0.00000000,0.00000000,0.00000000,0.00000000,0.00157662,0.01162542,0.00000000,0.00000000,0.00000000,0.00000000,0.00000000,0.00000000,0.00000000,0.00211107,0.00000000,0.00000000,0.00340181,0.00000000,0.00000000,0.00000000,0.01035539,0.00000000,0.00000000,0.00000000,0.00000000,0.07994037,0.00000000,0.00000000,0.00127880,0.00000000,0.00000000,0.00000000,0.00000000,0.00000000,0.00000000,0.00000000,0.00000000,0.00000000,0.00000000,0.00000000,0.00000000,0.00000000,0.00000000,0.00000000,0.00000000,0.00000000,0.00000000,0.00000000,0.04601229,0.00000000,0.00000000,0.00522979,0.00000000,0.00407046,0.00000000,0.00000000,0.00000000,0.00000000,0.00000000,0.00000000,0.00000000,0.00000000,0.01640997,0.32476384,0.00000000,0.00000000,0.00000000,0.00000000,0.00000000,0.00739533,0.00388110,0.00000000,0.00000000,0.01400482,0.00000000,0.00000000,0.00000000,0.00000000,0.00000000,0.00000000,0.00000000,0.00000000,0.00000000,0.00000000,0.00000000,0.00000000,0.00000000,0.00000000,0.00000000,0.00000000,0.00952333,0.00000000,0.00000000,0.00000000,0.00000000,0.00000000,0.00000000,0.00000000,0.00000000,0.00000000,0.00000000,0.00000000,0.02934124,0.00000000,0.00000000,0.00000000,0.00000000,0.00084387,0.00000000,0.00000000,0.00000000,0.00000000,0.00000000,0.00000000,0.00000000,0.00000000,0.00000000,0.00000000,0.00000000,0.00000000,0.00000000,0.00000000,0.00000000,0.00000000,0.00000000,0.00000000,0.00000000,0.00000000,0.00000000,0.00000000,0.00000000,0.00000000,0.00000000,0.00000000,0.00498693,0.00000000,0.00000000,0.00000000,0.00000000,0.00272928,0.00000000,0.00000000,0.00000000,0.00000000,0.00000000,0.00000000,0.01123211,0.00000000,0.01166464,0.00000000,0.00000000,0.00000000,0.00000000,0.00000000,0.00000000,0.00000000,0.01594641,0.31544962,0.00000000,0.00000000,0.00000000,0.00000000,0.00000000,0.00000000,0.00000000,0.00000000,0.00000000,0.01203549,0.00000000,0.00000000,0.00000000,0.00000000,0.00000000,0.00000000,0.00000000,0.00000000,0.00000000,0.00000000,0.00218718,0.00000000,0.00000000,0.00063645,0.00000000,0.00000000,0.00000000,0.00000000,0.00000000,0.00000000,0.00000000,0.00000000,0.00000000,0.00136277,0.00000000,0.00000000,0.00000000,0.00000000,0.00539838,0.00000000,0.00000000,0.00000000,0.00000000,0.00000000,0.00000000,0.00000000,0.00000000,0.01049429,0.00000000,0.00000000,0.00000000,0.00000000,0.00000000,0.00000000,0.00000000,0.00000000,0.00000000,0.00000000,0.00000000,0.00000000,0.00000000,0.00000000,0.00000000,0.00000000,0.00000000,0.00000000,0.00000000,0.00000000,0.00000000,0.00000000,0.00000000,0.00000000,0.00000000,0.00000000,0.00000000,0.00000000,0.00000000,0.00000000,0.00000000,0.00000000,0.00000000,0.00000000,0.02382696,0.00000000,0.00000000,0.02237756,0.00000000,0.00000000,0.02035274,0.00000000,0.00000000,0.00205683,0.04314976,0.00000000,0.00000000,0.00000000,0.00235883,0.00000000,0.04285260,0.00000000,0.89056541,0.00000000,0.00000000,0.00000000,0.00000000,0.00000000,0.00000000,0.00000000,0.01182385,0.00000000,0.00000000,0.00000000,0.00000000,0.00000000,0.00000000,0.00000000,0.00000000,0.00000000,0.00000000,0.00000000,0.00000000,0.00000000,0.00000000,0.00000000,0.00000000,0.00000000,0.00000000,0.00000000,0.00000000,0.00000000,0.00000000,0.00000000,0.01012317,0.00000000,0.00000000,0.00000000,0.00000000,0.00000000,0.00000000,0.00000000,0.00000000,0.00000000,0.00000000,0.00000000,0.00000000,0.00000000,0.00000000,0.00000000,0.00000000,0.00000000,0.00000000,0.00000000,0.00000000,0.00000000,0.00000000,0.00000000,0.00000000,0.00000000,0.00000000,0.00000000,0.00000000,0.00000000,0.00000000,0.00091966,0.10803455,0.00000000,0.00000000,0.00000000,0.00000000,0.00000000,0.00000000,0.00000000,0.00000000,0.00000000,0.00000000,0.00000000,0.00000000,0.00000000,0.01170265,0.00000000,0.00000000,0.00000000,0.00330873,0.00000000,0.00000000,0.00000000,0.00000000,0.00000000,0.00000000,0.00000000,0.00000000,0.00000000,0.00000000,0.00000000,0.00000000,0.00000000,0.00139841,0.00000000,0.00000000,0.00000000,0.00000000,0.00000000,0.00000000,0.00346537,0.00000000,0.00000000,0.00000000,0.00000000,0.00000000,0.00000000,0.00000000,0.00000000,0.00000000,0.00000000,0.00000000,0.00000000,0.00000000,0.00000000,0.00000000,0.00000000,0.00000000,0.00444006,0.00000000,0.00000000,0.00000000,0.00000000,0.00000000,0.00000000,0.00137446,0.00000000,0.03597223,0.00538946,0.00053587,0.00000000,0.00000000,0.00000000,0.00000000,0.00000000,0.00000000,0.00000000,0.00738854,0.00634823,0.06583853,0.00000000,0.00000000,0.00000000,0.00297036,0.00313585,0.00000000,0.00516962,0.00000000,0.00000000,0.00000000,0.00000000,0.00000000,0.00000000,0.00000000,1.81762182,0.00000000,0.52316954,0.00000000,0.00000000,0.00000000,0.00000000,0.00000000,0.00000000,0.00000000,0.00000000,0.00000000,0.01025864,0.00000000,0.00000000,0.00169889,0.00000000,0.00000000,0.00000000,0.00000000,0.00000000,0.00000000,0.00000000,0.00000000,0.00000000,0.00000000,0.00000000,0.00000000,0.06253504,0.00000000,0.00000000,0.00679233,0.00000000,0.00000000,0.00000000,0.00000000,0.00000000,0.00000000,0.00000000,0.00000000,0.00000000,0.00000000,0.00000000,0.00000000,0.00000000,0.00000000,0.00000000,0.00552187,0.00000000,0.00000000,0.00000000,0.00000000,0.00000000,0.00000000,0.00000000,0.00000000,0.00000000,0.00000000,0.00000000,0.00708795,0.00000000,0.00000000,0.00000000,0.00000000,0.00231530,0.00000000,0.00000000,0.00000000,0.00000000,0.00000000,0.00000000,0.01575854,0.00898381,0.00000000,0.00000000,0.00000000,0.00000000,0.00000000,0.00000000,0.00000000,0.00000000,0.00000000,0.00000000,0.00000000,0.00000000,0.00000000,0.00000000,0.00000000,0.03767879,0.00000000,0.00000000,0.00000000,0.00000000,0.00000000,0.00000000,0.00000000,0.00000000,0.00000000,0.00000000,0.00000000,0.00000000,0.36641964,0.00000000,0.00000000,0.00000000,0.00518678,0.00000000,0.00000000,0.00000000,0.00473909,0.00000000,0.00000000,0.00000000,0.00000000,0.00000000,0.00000000,0.00000000,0.00000000,0.00000000,0.00000000,0.00167253,0.00000000,0.00000000,0.00000000,0.00149083,0.00000000,0.00000000,0.01636651,0.00000000,0.00000000,0.00000000,0.00000000,0.00000000,0.00000000,0.00000000,0.00000000,0.00000000,0.00000000,0.00000000,0.00000000,0.00000000,0.17482124,0.00000000,0.00000000,0.00000000,0.00000000,0.00000000,0.00000000,0.00000000,0.00000000,0.00000000,0.00642226,0.00000000,0.00000000,0.00000000,0.00000000,0.00000000,0.00000000,0.00000000,0.00000000,0.00000000,0.00000000,0.00000000,0.00000000,0.00000000,0.00000000,0.17339200,0.00000000,0.00000000,0.00000000,0.00000000,0.00000000,0.00000000,0.00000000,0.00000000,0.00000000,0.00000000,0.00000000,0.00247089,0.00000000,0.00000000,0.00000000,0.00000000,0.00000000,0.00000000,0.02594821,0.00000000,0.00651468,0.00000000,0.00000000,0.00000000,0.00000000,0.00000000,0.00000000,0.00000000,0.00000000,0.00000000,0.00000000,0.00110147,0.00000000,0.00000000,0.00000000,0.00912286,0.00000000,0.00000000,0.00000000,0.00000000,0.00337809,0.00000000,0.00099667,0.00000000,0.00000000,0.00000000,0.00000000,0.00000000,0.02298052,0.00293047,0.00000000,0.00000000,0.00000000,0.05233130,0.01882659,0.00000000,0.00000000,0.83724011,0.00000000,0.00000000,0.00000000,0.00000000,0.00000000,0.00000000,0.00639822,0.00000000,0.00000000,0.00000000,0.00000000,0.00000000,0.00000000,0.00000000,0.00000000,0.00000000,0.04752884,0.00000000,0.00000000,0.00000000,0.00000000,0.00000000,0.01477377,0.00000000,0.00000000,0.00000000,0.02304081,0.00000000,0.00000000,0.00000000,0.00000000,0.00000000,0.00000000,0.00000000,0.00000000,0.00000000,0.00000000,0.00000000,0.00000000,0.00000000,0.00000000,0.00000000,0.00000000,0.00000000,0.00000000,0.00000000,0.00444422,0.00000000,0.00000000,0.00000000,0.00000000,0.00725907,0.00000000,0.00000000,0.00000000,0.00000000,0.00000000,0.00000000,0.00000000,0.00425761,0.00000000,0.00000000,0.00000000,0.00000000,0.00000000,0.00000000,0.00000000,0.00000000,0.00000000,0.00000000,0.00000000,0.00000000,0.01018689,0.00000000,0.00000000,0.00000000,0.00000000,0.00000000,0.00000000,0.00000000,0.00000000,0.00000000,0.00000000,0.00000000,0.00000000,0.03702652,0.00000000,0.02144032,0.00000000,0.00000000,0.00000000,0.00000000,0.00752007,0.00000000,0.00000000,0.00000000,0.00000000,0.00000000,0.01715293,0.00000000,0.00000000,0.00000000,0.00000000,0.00000000,0.00000000,0.00000000,0.00224478,0.00000000,0.00000000,0.00973824,0.00000000,0.00278269,0.00000000,0.00000000,0.00000000,0.00000000,0.00000000,0.00000000,0.00000000,0.00000000,0.00000000,0.00278092,0.00000000,0.00000000,0.01787520,0.00000000,0.00000000,0.00650622,0.00000000,0.00806530,0.00000000,0.00000000,0.00000000,0.00000000,0.00000000,0.00000000,0.50188577,0.00000000,0.00000000,0.00159451,0.00101108,0.00000000,0.00000000,0.00000000
0.00000000,0.00000000,0.00000000,0.00000000,0.00000000,0.00000000,0.00000000,0.00000000,0.01611394,0.00000000,0.00000000,0.00000000,0.00000000,0.00000000,0.01627984,0.00000000,0.00000000,0.00000000,0.00000000,0.00505879,0.00000000,0.00000000,0.00000000,0.37424703,0.00000000,0.00000000,0.00236223,1.62156999,0.00000000,0.00000000,0.00000000,0.00340181,0.00000000,0.00000000,0.00000000,0.15024047,0.00000000,0.00000000,0.00000000,0.00000000,0.00000000,0.00000000,0.00000000,0.00000000,0.00000000,0.03148308,0.00000000,0.00000000,0.00000000,0.00000000,0.00000000,0.00141930,0.00000000,0.00000000,0.00000000,0.00000000,0.00000000,0.00000000,0.00000000,0.00000000,0.00000000,0.00000000,0.00000000,0.00000000,0.00000000,0.00000000,0.00000000,0.00000000,0.00000000,0.00000000,0.00000000,0.00000000,0.00000000,0.00000000,0.00000000,0.00000000,0.00000000,0.00150039,0.00000000,0.00000000,0.00000000,0.00000000,0.00000000,0.02754598,0.00000000,0.01137602,0.00000000,0.00000000,0.00000000,0.00000000,0.00000000,0.00000000,0.00000000,0.00000000,0.00000000,0.00000000,0.00000000,0.00000000,0.00000000,0.00000000,0.00000000,0.00000000,0.00964383,0.00000000,0.00000000,0.00000000,0.00000000,0.00000000,0.00000000,0.00000000,0.03983832,0.04699187,0.00000000,0.00000000,0.00000000,0.00000000,0.00000000,0.00000000,0.00000000,0.00000000,0.00000000,0.00170614,0.00000000,0.00000000,0.00319887,0.00000000,0.00000000,0.00000000,0.00000000,0.00000000,0.01331641,0.00000000,0.00000000,0.00000000,0.00000000,0.01532207,0.00000000,0.00539956,0.00000000,0.00000000,0.00000000,0.00000000,0.00000000,0.00000000,0.00000000,0.00000000,0.00000000,0.00481939,0.00000000,0.00311090,0.00000000,0.00000000,0.00000000,0.00000000,0.00000000,0.00000000,0.00000000,0.00000000,0.00000000,0.00000000,0.00000000,0.02742048,0.00000000,0.00000000,0.00000000,0.00000000,0.03494236,0.00000000,0.00000000,0.00121570,0.00000000,0.00000000,0.00000000,0.00000000,0.00000000,0.02195182,0.00000000,0.00000000,0.00000000,0.00000000,0.00665627,0.00000000,0.00375133,0.00000000,0.00000000,0.00000000,0.00000000,0.00467270,0.00000000,0.00000000,0.00000000,0.00000000,0.00000000,0.00000000,0.00219177,0.00661189,0.00000000,0.00000000,0.00000000,0.00000000,0.00000000,0.00000000,0.00000000,0.00000000,0.00000000,0.00000000,0.00743976,0.00000000,0.00000000,0.00000000,0.00000000,0.00000000,0.00000000,0.01383049,0.00000000,0.00000000,0.00000000,0.00000000,0.01733398,0.00000000,0.00000000,0.00000000,0.00000000,0.00000000,0.00000000,0.00000000,0.00000000,0.00000000,0.00000000,0.00000000,0.00000000,0.00000000,0.00000000,0.00000000,0.09565946,0.00124807,0.00319572,0.00963160,0.00000000,0.00000000,0.00000000,0.00000000,0.00000000,0.00000000,0.00000000,0.00000000,0.01936376,0.00000000,0.00000000,0.00000000,0.00000000,0.00000000,0.00000000,0.00000000,0.00000000,0.00000000,0.00000000,0.00000000,0.00000000,0.00000000,0.00000000,0.00000000,0.00000000,0.00000000,0.00000000,0.00000000,0.00000000,0.00195399,0.01174048,0.00484492,0.00000000,0.00000000,0.00000000,0.00000000,0.00000000,0.00000000,0.00000000,0.05062885,0.00000000,0.00000000,0.00000000,0.00000000,0.00523048,0.00000000,0.00128548,0.00000000,0.00476151,0.00000000,0.00000000,0.00000000,0.00000000,0.00000000,0.01264696,0.00000000,0.00000000,0.00000000,0.00000000,0.00583263,0.00000000,0.00000000,0.00000000,0.00000000,0.00000000,0.00000000,0.00000000,0.00000000,0.00000000,0.00000000,0.00000000,0.00000000,0.00000000,0.00000000,0.03623462,0.00544241,0.00000000,0.00000000,0.00000000,0.00000000,0.00000000,0.00151925,0.00000000,0.00000000,0.00000000,0.00000000,0.00000000,0.00000000,0.00000000,0.00000000,0.00306536,0.00000000,0.00406948,0.03029628,0.00000000,0.00000000,0.00000000,0.00000000,0.00000000,0.00916137,0.00000000,0.00000000,0.00000000,0.00000000,0.00000000,0.00000000,0.00000000,0.15306267,0.00000000,0.00000000,0.00061932,0.00000000,0.00000000,0.00000000,0.00000000,0.00000000,0.00000000,0.00000000,0.00000000,0.00000000,0.00000000,0.00000000,0.00577894,0.00248770,0.03615334,0.00000000,0.00000000,0.00000000,0.00000000,0.00000000,0.00000000,0.00000000,0.00000000,0.00000000,0.39316963,0.00000000,0.00000000,0.02395916,0.00000000,0.00848824,0.00000000,0.00000000,0.00000000,0.00000000,0.00000000,0.00000000,0.00000000,0.00000000,0.00000000,0.00000000,0.00000000,0.00000000,0.00000000,0.00000000,0.00117908,0.00000000,0.00000000,0.00000000,0.00000000,0.00000000,0.00000000,0.00000000,0.00000000,0.00549042,0.00000000,0.00000000,0.00000000,0.00393246,0.00000000,0.00000000,0.00000000,0.00000000,0.00000000,0.00000000,0.00000000,0.00000000,0.00000000,0.00000000,0.00000000,0.00000000,0.00000000,0.00000000,0.00000000,0.00000000,0.00000000,0.51670436,0.00000000,0.00000000,0.00706961,0.00000000,0.00000000,0.00000000,0.00664082,0.00000000,0.00000000,0.00000000,0.00000000,0.00000000,0.00000000,0.00000000,0.00000000,0.02741147,0.00328436,0.00000000,0.00000000,0.00000000,0.00000000,0.00000000,0.00000000,0.00000000,0.00000000,0.00811935,0.00000000,0.00000000,0.00382608,0.00000000,0.00000000,0.00000000,0.00000000,0.00000000,0.00000000,0.00000000,0.00000000,0.00000000,0.00000000,0.00000000,0.00000000,0.00000000,0.00000000,0.00000000,0.00000000,0.00000000,0.00000000,0.00000000,0.00000000,0.00000000,0.00000000,0.01576895,0.01107566,0.00000000,0.00000000,0.00000000,0.00000000,0.00000000,0.00000000,0.00000000,0.00000000,0.00000000,0.11656356,0.00135365,0.00000000,0.00000000,0.00000000,0.00000000,0.00000000,0.00000000,0.00000000,0.00000000,0.00000000,0.00000000,0.00000000,0.00000000,0.00000000,0.00000000,0.00000000,0.00000000,0.06078359,0.00000000,0.00480179,0.00000000,0.00000000,0.00000000,0.00000000,0.00000000,0.00000000,0.00000000,0.00000000,0.00000000,0.03120449,0.00000000,0.00000000,0.00000000,0.00000000,0.00000000,0.00000000,0.00000000,0.00000000,0.00000000,0.00000000,0.00000000,0.00000000,0.00000000,0.00000000,0.00000000,0.00000000,0.00000000,0.00000000,0.00000000,0.00000000,0.00000000,0.00000000,0.00000000,0.00000000,0.05044403,0.00000000,0.00000000,0.04064387,0.00000000,0.00000000,0.00000000,0.00000000,0.00000000,0.00000000,0.00000000,0.00000000,0.00000000,0.00000000,0.00000000,0.00000000,0.01203384,0.00000000,0.00000000,0.05754191,0.00413524,0.00000000,0.00000000,0.00000000,0.00000000,0.00000000,0.00000000,0.00986022,0.01643640,0.00000000,0.00000000,0.00000000,0.00000000,0.00000000,0.00000000,0.00000000,0.00000000,0.00000000,0.00000000,0.00000000,0.00000000,0.00000000,0.00000000,0.00000000,0.00000000,0.00000000,0.00000000,0.00000000,0.00000000,0.00000000,0.00000000,0.00000000,0.00000000,0.00000000,0.00000000,0.00221316,0.00000000,0.00000000,0.00000000,0.00000000,0.00000000,0.00000000,0.00000000,0.00000000,0.00000000,0.00000000,0.00000000,0.59750759,0.00000000,0.00000000,0.00948575,0.03988141,0.00000000,0.00000000,0.00000000,0.00766987,0.00000000,0.00000000,0.00000000,0.00000000,0.00000000,0.00000000,0.00000000,0.00000000,0.00000000,0.00000000,0.00000000,0.00000000,0.00000000,0.00000000,0.00000000,0.00000000,0.00000000,0.00000000,0.00000000,0.00000000,0.00000000,0.00000000,0.00000000,0.00000000,0.02964473,0.00000000,0.00000000,0.00000000,0.00000000,0.00000000,0.00384398,0.00541237,0.00000000,0.00000000,0.00000000,0.00000000,0.03261664,0.00000000,0.00000000,0.00000000,0.00000000,0.00000000,0.00000000,0.00000000,0.00000000,0.00000000,0.00000000,0.00000000,0.00000000,0.00000000,0.00000000,0.00000000,0.00000000,0.00000000,0.00000000,0.00000000,0.00000000,0.00599368,0.00000000,0.00184457,0.00000000,0.00000000,0.00000000,0.00000000,0.00000000,0.00000000,0.00000000,0.00000000,0.00000000,0.00000000,0.00000000,0.00000000,0.00000000,0.00000000,0.00000000,0.02305302,0.00000000,0.00000000,0.02853798,0.00000000,0.00000000,0.00000000,0.00000000,0.00000000,0.00000000,0.00000000,0.00000000,0.00355097,0.00000000,0.00000000,0.00000000,0.00000000,0.00000000,0.00000000,0.00000000,0.00000000,0.00000000,0.00000000,0.00000000,0.00000000,0.00000000,0.00000000,0.00000000,0.00000000,0.00000000,0.00000000,0.00000000,0.00090056,0.00000000,0.00000000,0.00000000,0.00000000,0.00000000,0.00000000,0.00000000,0.00000000,0.00000000,0.00000000,0.00000000,0.00000000,0.13168382,0.00561719,0.00000000,0.00000000,0.00994549,0.00000000,0.00000000,0.00000000,0.00000000,0.00000000,0.00000000,0.00000000,0.00000000,0.00000000,0.00000000,0.00000000,0.00000000,0.00838607,0.00666810,0.00000000,0.00000000,0.16335655,0.00000000,0.00000000,0.10448474,0.00000000,0.00000000,0.00000000,0.00000000,0.00000000,0.00000000,0.02944083,0.00000000,0.00000000,0.00000000,0.00000000,0.00000000,0.00000000,0.00621293,0.00000000,0.00000000,0.04390526,0.00000000,0.00000000,0.00000000,0.00000000,0.00000000,0.00000000,0.00000000,0.00000000,0.00000000,0.12594213,0.00000000,0.00000000,0.00000000,0.00000000,0.00000000,0.00000000,0.00000000,0.00000000,0.00000000,0.00000000,0.00000000
0.00000000,0.01652794,0.00000000,0.06124743,0.00000000,0.00000000,0.00000000,0.00000000,0.00000000,0.00127699,0.00000000,0.00000000,0.00211886,0.00000000,0.00335994,0.01025663,0.00000000,0.12500567,0.00000000,0.00000000,0.00000000,0.00000000,0.00000000,0.00000000,0.00000000,0.00000000,0.00000000,0.07155160,0.00000000,0.00000000,0.03200662,0.00000000,0.00000000,0.00000000,0.00000000,0.00000000,0.00145546,0.00000000,0.00000000,0.00000000,0.00000000,0.00000000,0.10386592,0.00000000,0.00000000,0.00000000,0.04926135,0.00000000,0.00339452,0.00000000,0.00000000,0.00000000,0.00000000,0.00000000,0.00000000,0.00000000,0.00000000,0.00757658,0.00000000,0.00000000,0.00000000,0.00190494,0.00000000,0.00322619,0.00336938,0.00000000,0.00000000,0.00000000,0.00000000,0.00000000,0.00000000,0.00178623,0.00000000,0.11216600,0.00000000,0.00000000,0.00000000,0.00000000,0.00000000,0.00000000,0.00000000,0.00000000,0.00000000,0.00000000,0.00000000,0.00000000,0.00000000,0.00000000,0.00000000,0.00000000,0.00000000,0.00000000,0.00000000,0.00000000,0.00000000,0.00000000,0.00000000,0.13593854,0.00000000,0.01484474,0.00000000,0.00000000,0.00000000,0.00000000,0.00000000,0.00000000,0.00000000,0.00000000,0.00254787,0.00000000,0.00000000,0.00000000,0.00294637,0.00000000,0.00000000,0.00000000,0.00000000,0.00000000,0.00000000,0.00000000,0.00000000,0.00000000,0.00000000,0.00000000,0.00000000,0.00000000,0.00000000,0.00000000,0.00000000,0.00000000,0.00000000,0.00000000,0.00937707,0.00000000,0.00000000,0.00000000,0.00000000,0.00000000,0.00000000,0.00000000,0.00000000,0.00000000,0.00000000,0.00000000,0.00000000,0.00000000,0.00000000,0.00000000,0.00000000,0.00000000,0.00000000,0.00000000,0.00000000,0.00000000,0.00000000,0.00000000,0.00000000,0.00410255,0.00000000,0.00000000,0.00000000,0.00000000,0.00000000,0.00000000,0.00000000,0.00000000,0.00000000,0.00000000,0.00000000,0.01420790,0.00000000,0.00000000,0.00000000,0.00000000,0.00000000,0.00000000,0.00000000,0.00000000,0.00000000,0.00000000,0.00000000,0.00000000,0.00000000,0.00000000,0.00000000,0.00000000,0.09120042,0.00000000,0.00000000,0.00000000,0.01365410,0.00000000,0.25587437,0.00000000,0.00000000,0.00000000,0.00934299,0.00000000,0.00000000,0.00117061,0.01212531,0.00000000,0.00000000,0.00000000,0.00000000,0.00000000,0.00000000,0.00000000,0.00000000,0.00000000,0.00000000,0.00000000,0.00000000,0.00000000,0.00000000,0.00000000,0.00000000,0.00000000,0.00000000,0.00000000,0.01312808,0.00000000,0.02214446,0.00000000,0.00000000,0.00000000,0.00000000,0.00000000,0.00000000,0.00000000,0.07560366,0.00000000,0.00000000,0.00000000,0.00000000,0.00000000,0.00000000,0.00000000,0.00000000,0.00000000,0.00000000,0.00000000,0.00000000,0.00000000,0.00000000,0.00124782,0.00000000,0.00000000,0.00000000,0.00000000,0.00000000,0.00000000,0.00000000,0.00000000,0.00000000,0.00000000,0.00000000,0.00000000,0.00000000,0.00000000,0.00000000,0.00000000,0.00000000,0.02395015,0.00000000,0.00000000,0.00000000,0.00000000,0.00000000,0.00000000,0.00000000,0.00000000,0.22597534,0.00000000,0.00000000,0.00000000,0.06787394,0.00000000,0.01590742,0.00000000,0.00000000,0.00000000,0.00284157,0.00000000,0.00000000,0.00000000,2.68344127,0.00000000,0.00000000,0.00000000,0.00000000,0.00000000,0.00000000,0.00000000,0.01852046,0.00000000,0.00000000,0.00000000,0.00000000,0.00000000,0.00000000,0.00000000,0.00000000,0.01177058,0.00000000,0.00000000,0.00000000,0.00000000,0.00000000,0.00000000,0.00000000,0.00000000,0.00000000,0.00000000,0.00000000,0.00000000,0.00000000,0.00000000,0.00000000,0.00000000,0.00000000,0.00000000,0.01706447,0.00000000,0.00000000,0.00000000,0.04687008,0.00000000,0.00000000,0.00000000,0.00000000,0.00000000,0.00000000,0.00000000,0.00000000,0.00000000,0.00681156,0.00000000,0.00000000,0.00000000,0.02944158,0.00000000,0.00000000,0.00169867,0.02775760,0.00000000,0.00000000,0.00000000,0.00000000,0.00000000,0.00000000,0.00000000,0.00000000,0.00000000,0.00000000,0.00000000,0.06440513,0.00000000,0.02363550,0.00000000,0.22886846,0.00968403,0.00000000,0.00000000,0.02945067,0.00000000,0.00000000,0.00000000,0.00000000,0.02931234,0.00000000,0.00000000,0.00000000,0.00000000,0.00000000,0.00000000,0.00000000,0.00000000,0.00179065,0.00000000,0.00083591,0.00000000,0.00173900,0.00000000,0.00000000,0.00646294,0.00000000,0.00000000,0.00000000,0.00000000,0.00000000,0.00000000,0.00000000,0.00000000,0.00000000,0.00000000,0.00899099,0.00000000,0.00000000,0.00000000,0.00000000,0.00000000,0.00000000,0.00000000,0.00000000,0.00000000,0.00000000,0.00000000,0.00000000,0.00000000,0.00164492,0.00000000,0.00000000,0.00000000,0.00000000,0.00000000,0.00000000,0.00000000,0.00000000,0.00000000,0.00000000,0.00000000,0.00000000,0.00000000,0.00395827,0.00000000,0.00230180,0.00000000,0.00000000,0.00000000,0.00000000,0.00000000,0.00271075,0.00000000,0.00000000,0.00000000,0.00000000,0.00000000,0.00000000,0.00000000,0.00000000,0.00000000,0.00000000,0.00000000,0.00000000,0.00000000,0.00000000,0.00000000,0.00000000,0.00000000,0.00000000,0.01871453,0.00000000,0.00608447,0.00000000,0.00000000,0.00000000,0.00000000,0.00000000,0.00000000,0.00000000,0.00000000,0.00000000,0.00000000,0.00000000,0.00000000,0.00000000,0.00000000,0.00000000,0.00000000,0.00931314,0.00000000,0.00000000,0.00000000,0.00000000,0.00000000,0.00000000,0.00000000,0.00000000,0.00000000,0.00000000,0.00000000,0.00000000,0.00780461,0.00000000,0.00000000,0.00000000,0.00000000,0.00000000,0.00000000,0.00242381,0.00000000,0.00000000,0.00000000,0.00000000,0.01007934,0.00000000,0.18635728,0.00000000,0.00000000,0.01240524,0.00000000,0.00000000,0.00000000,0.00000000,0.00000000,0.00000000,0.00000000,0.00000000,0.00000000,0.00000000,0.00000000,0.00000000,0.00000000,0.00000000,0.00000000,0.00000000,0.00000000,0.00000000,0.00000000,0.00000000,0.01440430,0.00000000,0.00000000,0.00000000,0.00000000,0.04567026,0.00000000,0.00000000,0.00000000,0.02232428,0.00000000,0.03911249,0.00000000,0.00000000,0.00589151,0.00000000,0.00000000,0.00000000,0.00000000,0.00000000,0.00000000,0.00000000,0.00000000,0.00000000,0.00162655,0.00000000,0.00000000,0.00000000,0.78831517,0.00000000,0.00000000,0.00391994,0.00072004,0.00000000,0.00000000,0.00000000,0.00000000,0.00000000,0.00883429,0.00000000,0.00000000,0.00000000,0.00000000,0.00000000,0.00000000,0.00000000,0.00000000,0.00000000,0.00000000,0.00000000,0.00000000,0.00000000,0.00000000,0.00000000,0.00000000,0.00000000,0.00000000,0.00000000,0.00000000,0.00000000,0.00000000,0.00000000,0.00000000,0.00000000,0.00000000,0.00000000,0.00000000,0.00000000,0.00000000,0.00000000,0.00000000,0.00000000,0.00000000,0.00000000,0.00000000,0.00000000,0.00000000,0.00000000,0.00000000,0.00000000,0.00000000,0.00000000,0.01497964,0.00000000,0.00000000,0.00228718,0.00000000,0.00000000,0.00000000,0.00000000,0.00000000,0.00000000,0.00000000,0.00000000,0.00000000,0.00000000,0.00000000,0.00000000,0.00000000,0.01566762,0.00000000,0.00000000,0.00000000,0.05462145,0.01298155,0.00000000,0.00000000,0.00000000,0.00177736,0.00000000,0.00000000,0.00000000,0.01065185,0.00000000,0.00000000,0.00000000,0.00000000,0.00000000,0.00000000,0.00000000,0.00000000,0.00000000,0.00774454,0.00000000,0.00000000,0.00000000,0.00000000,0.00000000,0.06684061,0.00000000,0.00000000,0.00000000,0.00000000,0.00000000,0.00000000,0.00000000,0.00000000,0.00000000,0.00000000,0.00000000,0.00000000,0.00055614,0.00000000,0.00000000,0.00000000,0.00000000,0.00000000,0.00000000,0.00000000,0.00000000,0.00000000,0.01422162,0.00000000,0.00000000,0.01385618,0.00000000,0.00000000,0.00000000,0.00000000,0.00000000,0.00000000,0.00000000,0.00000000,0.05308767,0.00000000,0.00000000,0.00000000,0.00000000,0.00000000,0.00000000,0.00000000,0.00000000,0.00000000,0.00000000,0.00000000,0.00000000,0.00000000,0.00000000,0.00000000,0.00000000,0.00000000,0.00000000,0.00000000,0.00000000,0.00000000,0.31678050,0.00000000,0.00000000,0.00000000,0.00000000,0.00000000,0.00000000,0.00000000,0.00000000,0.00000000,0.00000000,0.00000000,0.00000000,0.00000000,0.00000000,0.02778755,0.00000000,0.00000000,0.00474110,0.00000000,0.00000000,0.00000000,0.00000000,0.00108593,0.00000000,0.00000000,0.01428347,0.00423962,0.00000000,0.00207691,0.00000000,0.00000000,0.00000000,0.44735587,0.00000000,0.00000000,0.00000000,0.00000000,0.00000000,0.00000000,0.00000000,0.00000000,0.00000000,0.00000000,0.00000000,0.01565803,0.00000000,0.06379478,0.00000000,0.00000000,0.00000000,0.00000000,0.00000000,0.00000000,0.00000000,0.00000000,0.03658182,0.06125942,0.04004960,0.00000000,0.00000000,0.00000000,0.00000000,0.00349165,0.00000000,0.00000000,0.00000000,0.00402852,0.00000000,0.00000000,0.00000000,0.00000000,0.00000000,0.00000000,0.00000000,0.00000000,0.00000000,0.00000000,0.00000000,0.00000000,0.00000000,0.00054213,0.00000000,0.00000000,0.06210815,0.00000000,0.00000000,0.03583677,0.00000000,0.00000000,0.00000000,0.00000000,0.00000000,0.00000000
0.00000000,0.00000000,0.00980705,0.00000000,0.00000000,0.00000000,0.00000000,0.00000000,0.00000000,0.00000000,0.07628652,0.00000000,0.00000000,0.00000000,0.00000000,0.00000000,0.00000000,0.00000000,0.00000000,0.00000000,0.00341729,0.00000000,0.00000000,0.00000000,0.00000000,0.00000000,0.00000000,0.00000000,0.00490283,0.00000000,0.00000000,0.00000000,0.00000000,0.00000000,0.00000000,0.00351545,0.00000000,0.00000000,1.10022588,0.00000000,0.00000000,0.00000000,0.00000000,0.00000000,0.00000000,0.00000000,0.00000000,0.00000000,0.00000000,0.00000000,0.00000000,0.00000000,0.02732630,0.00000000,0.00000000,0.00000000,0.00000000,0.00828507,0.00000000,0.01181612,0.01956544,0.00000000,0.00000000,0.02674484,0.00000000,0.00000000,0.00000000,0.00000000,0.00000000,0.00000000,0.00000000,0.00000000,0.00000000,0.00000000,0.00000000,0.00000000,0.00000000,0.00000000,0.00000000,0.00000000,0.00000000,0.00000000,0.00000000,0.00000000,0.00000000,0.00000000,0.00000000,0.00000000,0.00000000,0.00000000,0.00000000,0.00000000,0.00000000,0.00000000,0.00000000,0.00000000,0.01149953,0.00000000,0.00000000,0.00000000,0.00000000,0.00000000,0.00000000,0.00000000,0.00000000,0.00000000,0.00000000,0.00000000,0.00000000,0.00000000,0.00000000,0.35146767,0.00000000,0.00000000,0.00000000,0.00000000,0.00104774,0.00000000,0.00000000,0.00000000,0.00000000,0.00000000,0.00000000,0.00000000,0.00000000,0.00000000,0.00000000,0.00000000,0.00000000,0.00000000,0.00000000,0.00000000,0.00000000,0.01260763,0.00000000,0.00000000,0.00000000,0.01115971,0.00000000,0.00646272,0.00000000,0.00000000,0.00000000,0.00000000,0.00000000,0.00000000,0.00000000,0.00000000,0.00000000,0.00000000,0.00000000,0.00000000,0.01070938,0.00000000,0.03322754,0.00000000,0.00000000,0.00000000,0.00000000,0.00000000,0.00000000,0.00000000,0.01057257,0.00000000,0.00000000,0.00000000,0.00000000,0.00000000,0.00000000,0.00000000,0.00000000,0.00479231,0.00000000,0.00000000,0.00000000,0.00000000,0.00000000,0.00000000,0.00983896,0.00000000,0.00000000,0.00000000,0.00000000,0.01429798,0.00000000,0.08645299,0.00000000,0.00000000,0.00000000,0.00000000,0.00000000,0.00000000,0.00000000,0.00000000,0.00000000,0.00000000,0.00000000,0.00000000,0.00751225,0.00000000,0.00000000,0.00000000,0.00000000,0.00000000,0.00000000,0.01828623,0.00000000,0.00000000,0.00000000,0.00000000,0.00000000,0.00000000,0.00000000,0.00000000,0.00000000,0.00000000,0.00000000,0.00000000,0.00000000,0.00000000,0.00000000,0.00000000,0.00000000,0.00000000,0.00000000,0.00000000,0.00000000,0.00000000,0.00000000,0.00000000,0.00000000,0.00000000,0.00000000,0.00000000,0.00000000,0.00000000,0.00000000,0.00000000,0.00000000,0.00000000,0.00000000,0.00000000,0.00000000,0.00000000,0.00000000,0.00000000,0.00000000,0.00000000,0.00000000,0.00000000,0.00000000,0.00000000,0.00222122,0.00107219,0.00000000,0.00000000,0.00283732,0.00000000,0.00000000,0.00075249,0.00000000,0.00000000,0.00000000,0.00000000,0.00000000,0.00000000,0.00000000,0.00000000,0.00000000,0.00000000,0.00165350,0.00000000,0.00000000,0.00000000,0.00000000,0.00000000,0.00000000,0.00000000,0.00000000,0.00000000,0.00000000,0.00000000,0.00000000,0.00000000,0.00000000,0.13238611,0.00000000,0.00000000,0.00000000,0.00000000,0.00000000,0.00000000,0.01406839,0.00000000,0.00000000,0.00000000,0.00000000,0.00000000,0.00000000,0.00000000,0.00000000,0.00000000,0.00000000,0.00000000,0.00000000,0.00000000,0.00000000,0.00000000,0.00000000,0.00000000,0.00000000,0.00000000,0.00000000,0.00000000,0.00000000,0.02671317,0.00875555,0.00000000,0.00000000,0.09546687,0.00000000,0.00000000,0.00000000,0.00000000,0.00000000,0.00000000,0.00000000,0.00000000,0.00000000,0.00000000,0.00000000,0.00000000,0.00000000,0.00000000,0.00000000,0.31147829,0.00908623,0.00000000,0.00000000,0.00000000,0.00000000,0.00000000,0.00693366,0.02245916,0.00000000,0.00000000,0.00000000,0.00000000,0.00000000,0.14883310,0.00000000,0.40757195,0.16366613,0.00000000,0.00000000,0.00000000,0.00000000,0.00000000,0.00000000,0.00000000,0.00303548,0.00000000,0.00748857,0.00000000,0.00000000,0.00000000,0.02916239,0.00000000,0.00000000,0.00000000,0.00000000,0.00000000,0.00000000,0.00000000,0.00000000,0.00000000,0.00000000,0.00000000,0.00000000,0.03014630,0.00000000,0.00000000,0.00000000,0.03423277,0.00000000,0.00000000,0.00000000,0.00000000,0.00000000,0.00000000,0.00000000,0.00000000,0.00000000,0.00000000,0.00281595,0.00000000,0.01319118,0.00000000,0.00000000,0.00000000,0.00000000,0.00000000,0.00000000,0.00629040,0.00000000,0.00000000,0.00000000,0.00000000,0.00000000,0.00168642,0.00099600,0.00000000,0.00000000,0.00000000,0.00000000,0.00000000,0.00675531,0.00000000,0.00000000,0.00000000,0.00000000,0.00000000,0.00000000,0.00000000,0.00000000,0.00000000,0.00000000,0.00000000,0.00000000,0.00000000,0.00000000,0.00000000,0.00000000,0.00000000,0.00000000,0.00000000,0.01223465,0.00000000,0.00000000,0.00000000,0.02874332,0.00000000,0.00000000,0.00000000,0.00550125,0.00689804,0.00000000,0.00000000,0.00780949,0.00000000,0.00000000,0.00000000,0.00000000,0.00000000,0.00000000,0.00000000,0.00000000,0.00000000,0.00000000,0.00000000,0.14213106,0.00000000,0.00000000,0.10773024,0.00000000,0.03335283,0.00000000,0.00000000,0.00000000,0.00000000,0.00000000,0.00663305,0.00109929,0.00000000,0.01678306,0.00000000,0.00000000,0.00000000,0.00091774,0.00000000,0.00000000,0.00000000,0.00000000,0.00000000,0.00417033,0.01088702,0.03265578,0.00000000,0.00000000,0.00000000,0.00000000,0.00304820,0.00000000,0.00000000,0.00000000,0.00000000,0.00000000,0.00000000,0.00000000,0.00000000,0.00000000,0.00114977,0.00000000,0.00237086,0.01606586,0.00000000,0.00000000,0.00000000,0.00000000,0.00285619,0.00000000,0.02183598,0.00000000,0.00000000,0.00000000,0.00000000,0.00789362,0.00144079,0.00000000,0.00000000,0.00663075,0.00000000,0.00000000,0.00000000,0.00000000,0.00000000,0.00000000,0.00000000,0.00000000,0.00000000,0.00000000,0.00000000,0.00000000,0.00000000,0.00000000,0.00130241,0.00000000,0.00000000,0.00000000,0.00000000,0.00000000,0.00000000,0.00237101,0.00000000,0.00000000,0.00000000,0.00088643,0.00000000,0.00000000,0.00000000,0.00000000,0.00000000,0.00000000,0.00000000,0.00000000,0.00000000,0.00000000,0.00225002,0.00000000,0.00614147,0.00770347,0.00000000,0.00000000,0.00000000,0.00000000,0.00000000,0.00000000,0.00381185,0.00000000,0.00000000,0.00000000,0.00000000,0.00000000,0.00000000,0.00000000,0.00000000,0.00270058,0.00000000,0.00947398,0.00000000,0.00000000,0.00231095,0.00000000,0.00000000,0.00000000,0.00000000,0.00000000,0.00000000,0.00000000,0.00000000,0.00000000,0.00000000,0.00000000,0.00000000,0.00000000,0.00213732,0.00000000,0.01195473,0.00000000,0.00000000,0.01091456,0.00000000,0.00000000,0.00000000,0.00000000,0.00475525,0.00000000,0.00000000,0.00000000,0.00000000,0.00000000,0.00000000,0.00104242,0.00000000,0.00000000,0.00000000,0.01208064,0.00000000,0.00000000,0.00000000,0.00000000,0.00000000,0.00000000,0.00000000,0.00146824,0.00000000,0.00000000,0.00000000,0.03360768,0.00000000,0.00000000,0.00000000,0.00000000,0.00000000,0.00000000,0.00429840,0.00000000,0.00000000,0.00000000,0.00000000,0.00000000,0.00000000,0.00295259,0.00000000,0.00000000,0.00000000,0.00000000,0.00000000,0.00000000,0.00000000,0.00000000,0.00000000,0.00000000,0.00000000,0.00000000,0.00000000,0.00000000,0.00000000,0.00000000,0.00000000,3.14383362,0.00000000,0.00000000,0.00000000,0.00000000,0.00000000,0.00000000,0.00000000,0.00000000,0.00000000,0.00000000,0.00000000,0.00000000,0.00000000,0.00000000,0.00000000,0.00000000,0.00000000,0.00000000,0.00000000,0.00000000,0.00000000,0.00000000,0.03217318,0.00000000,0.00000000,0.00000000,0.00000000,0.00000000,0.00000000,0.00000000,0.00000000,0.00000000,0.00000000,0.00000000,0.00000000,0.00147096,0.08033880,0.00000000,0.02149134,0.00000000,0.00000000,0.01877482,0.00000000,0.00000000,0.00000000,0.00000000,0.00000000,0.00000000,0.00000000,0.00000000,0.00000000,0.00000000,0.00000000,0.00000000,0.00000000,0.00000000,0.00000000,0.00000000,0.00000000,0.00000000,0.00000000,0.00000000,0.00000000,0.00000000,0.00959206,0.00000000,0.00000000,0.00000000,0.00000000,0.00000000,0.00000000,0.00000000,0.00000000,0.00000000,0.00000000,0.00000000,0.00000000,0.00000000,0.00000000,0.00000000,0.00000000,0.00000000,0.00000000,0.00332125,0.00137465,0.00345859,0.00110011,0.00000000,0.00000000,0.00000000,0.00000000,0.00484942,0.00000000,0.00000000,0.00000000,0.00000000,0.00000000,0.00000000,0.00000000,0.00000000,0.00000000,0.00000000,1.52224359,0.00000000,0.00000000,0.00000000,0.00000000,0.00000000,0.00000000,0.00000000,0.00000000,0.00000000,0.00000000,0.00000000,0.09143798,0.00000000,0.00000000,0.00000000,0.00000000,0.00000000,0.00000000,0.00000000,0.00000000,0.00000000,0.00000000,0.00000000,0.00000000,0.00000000,0.00000000,0.00000000,0.00000000,0.00000000,0.00000000,0.00069120,0.00000000,0.00000000,0.00000000,0.01579778,0.00000000
0.00000000,0.00000000,0.00000000,0.00000000,0.00000000,0.00000000,0.00000000,0.00000000,0.00000000,0.00000000,0.40284408,0.00000000,0.00000000,0.00000000,0.01166385,0.00000000,0.00000000,0.03126791,0.00000000,0.00000000,0.00000000,0.00000000,0.00000000,0.00000000,0.00000000,0.00000000,0.00831020,0.00000000,0.00000000,0.00000000,0.00000000,0.00000000,0.15024047,0.00000000,0.00351545,0.00000000,0.00000000,0.00000000,0.00000000,0.00000000,0.00000000,0.02940082,0.00000000,0.00000000,0.00000000,0.00000000,0.00000000,0.00000000,0.00000000,0.00000000,0.00661405,0.00000000,0.00000000,0.00000000,0.00000000,0.00000000,0.00000000,0.00000000,0.00000000,0.00324429,0.00000000,0.00000000,0.00566672,0.00000000,0.00000000,0.01040574,0.00000000,0.00000000,0.00515713,0.00184217,0.00000000,0.00000000,0.00000000,0.00000000,0.00000000,0.00000000,0.00000000,0.00000000,0.00000000,0.00000000,0.00310598,0.00000000,0.00000000,0.00000000,0.00000000,0.00000000,0.00000000,0.00000000,0.00000000,0.00000000,0.00000000,0.01546507,0.00000000,0.00000000,0.00000000,0.00000000,0.00000000,0.00000000,0.00000000,0.00000000,0.35255065,0.00000000,0.00000000,0.00118218,0.00000000,0.00282893,0.00000000,0.00000000,0.00157394,0.00000000,0.00000000,0.00000000,0.00000000,0.00000000,0.00000000,0.00000000,0.00000000,0.00000000,0.00000000,0.00000000,0.00000000,0.00000000,0.01211606,0.00490450,0.00000000,0.00000000,0.10392544,0.00000000,0.00000000,0.00000000,0.00000000,0.00000000,0.00000000,0.00000000,0.00000000,0.00000000,0.00000000,0.00333136,0.00000000,0.00000000,0.00000000,0.00000000,0.00000000,0.00000000,0.00000000,0.00000000,0.00379708,0.00000000,0.00000000,0.00000000,0.00000000,0.00079227,0.00000000,0.01830676,0.00000000,0.00000000,0.00000000,0.00000000,0.00000000,0.00000000,0.00000000,0.00000000,0.00000000,0.03788522,0.00000000,0.00000000,0.00179076,0.00000000,0.00000000,0.00000000,0.00000000,0.00000000,0.00000000,0.00565329,0.00000000,0.00000000,0.00000000,0.00000000,0.00000000,0.00000000,0.00000000,0.00000000,0.00000000,0.00178503,0.33669620,0.00000000,0.00000000,0.00000000,0.00000000,0.00000000,0.00000000,0.00000000,0.00000000,0.00646879,0.00000000,0.00000000,0.00000000,0.00000000,0.00000000,0.00000000,0.00000000,0.00000000,0.00000000,0.00000000,0.00000000,0.00000000,0.00167767,0.00000000,0.00000000,0.00000000,0.00000000,0.00000000,0.01567353,0.00000000,0.00000000,0.00000000,0.00000000,0.00000000,0.00000000,0.00000000,0.01432255,0.00000000,0.00000000,0.00351437,0.00000000,0.00000000,0.00000000,0.00000000,0.00000000,0.00000000,0.00000000,0.00000000,0.00000000,0.00000000,0.00000000,0.00000000,0.00000000,0.00000000,0.00000000,0.00000000,0.00000000,0.00000000,0.00000000,0.00000000,0.00000000,0.00000000,0.00000000,0.00000000,0.00000000,0.00000000,0.00000000,0.00000000,0.00000000,0.00000000,0.00000000,0.00000000,0.00000000,0.00000000,0.00000000,0.00000000,0.00000000,0.01306023,0.02097634,0.00000000,0.00785469,0.00000000,0.00000000,0.00000000,0.00000000,0.00000000,0.00000000,0.00000000,0.00000000,0.40723875,0.00000000,0.00000000,0.00000000,0.00000000,0.00000000,0.00000000,0.00000000,0.00000000,0.00000000,0.00000000,0.00000000,0.00000000,0.00000000,0.00344384,0.00000000,0.00000000,0.00000000,0.00215155,0.00000000,0.00000000,0.00000000,0.00000000,0.00000000,0.00000000,0.00000000,0.00000000,0.00000000,0.00000000,0.00646983,0.00000000,0.00000000,0.00000000,0.00000000,0.00000000,0.00000000,1.24409084,0.00000000,0.00000000,0.00240786,0.00000000,0.00000000,0.00000000,0.00000000,0.01712491,0.04421007,0.00000000,0.00000000,0.00000000,0.00000000,0.00667656,0.00000000,0.01675955,0.00000000,0.00000000,0.00000000,0.00000000,0.00000000,0.00000000,0.00000000,0.04082297,0.03421005,0.00000000,0.00000000,0.43448962,0.00000000,0.00000000,0.00114006,0.02203086,0.00000000,0.00000000,0.00846129,0.00000000,0.00000000,0.00000000,0.00000000,0.00000000,0.00112494,0.00000000,0.00000000,0.00000000,0.00000000,0.00000000,0.00000000,0.00000000,0.00000000,0.00000000,0.00000000,0.00000000,0.00000000,0.00000000,0.00000000,0.00000000,0.00000000,0.00165574,0.00000000,0.21237317,0.01047503,0.00384062,0.00000000,0.00000000,0.00000000,0.00000000,0.00000000,0.00000000,0.00000000,0.00000000,0.00000000,0.04906130,0.00000000,0.00000000,0.00000000,0.00000000,0.00000000,0.00000000,0.00000000,0.00000000,0.00380717,0.00515567,0.00000000,0.00000000,0.00000000,0.00000000,0.00000000,0.00000000,0.00000000,0.00000000,0.00000000,0.00000000,0.00000000,0.00000000,0.00000000,0.00000000,0.00000000,0.00813959,0.00000000,0.00000000,0.00000000,0.03185325,0.08135991,0.00000000,0.00000000,0.00000000,0.00569538,0.00000000,0.00000000,0.00000000,0.00000000,0.00000000,0.00000000,0.00000000,0.00000000,0.00000000,0.00000000,0.00000000,0.00000000,0.00343214,0.00000000,0.00000000,0.00000000,0.00000000,0.00000000,0.00000000,0.00000000,0.00000000,0.00000000,0.00000000,0.00000000,0.00000000,0.00000000,0.00000000,0.00000000,0.00000000,0.00000000,0.11905176,0.00000000,0.00000000,0.00000000,0.00000000,0.00000000,0.00000000,0.00000000,0.00000000,0.00000000,0.00000000,0.00000000,0.00000000,0.00000000,0.00000000,0.00000000,0.00129126,0.00000000,0.00000000,0.00000000,0.00000000,0.04983301,0.03844878,0.00000000,0.00407952,0.00000000,0.00000000,0.00000000,0.00000000,0.00000000,0.00651079,0.00000000,0.00000000,0.00000000,0.00000000,0.00000000,0.00000000,0.00000000,0.00490547,0.00000000,0.00000000,0.00000000,0.00000000,0.00000000,0.00000000,0.00000000,0.00000000,0.00000000,0.00000000,0.00000000,0.00000000,0.00000000,0.00000000,0.00000000,0.00000000,0.00000000,0.00000000,0.00000000,0.00000000,0.00000000,0.26829078,0.00000000,0.00000000,0.00000000,0.00000000,0.00000000,0.00000000,0.00000000,0.00000000,0.00000000,0.00000000,0.00000000,0.00000000,0.00000000,0.00000000,0.00000000,0.00000000,0.00000000,0.00000000,0.00000000,0.00000000,0.00000000,0.00000000,0.00000000,0.00000000,0.00000000,0.00000000,0.00000000,0.00000000,0.00000000,0.00000000,0.00000000,0.00000000,0.00000000,0.00000000,0.00000000,0.00000000,0.00000000,0.00000000,0.00000000,0.00000000,0.00215973,0.00000000,0.00000000,0.00000000,0.00000000,0.00000000,0.00000000,0.00000000,0.00000000,0.00000000,0.00000000,0.00000000,0.00000000,0.00000000,0.00000000,0.00000000,0.00000000,0.00000000,0.00000000,0.00000000,0.00000000,0.00000000,0.00000000,0.00000000,0.00000000,0.00000000,0.00000000,0.00000000,0.00000000,0.01053931,0.00000000,0.00000000,0.03911102,0.00000000,0.00000000,0.00390017,0.02764070,0.00000000,0.00000000,0.00000000,0.00000000,0.00000000,0.00000000,0.00000000,0.00000000,0.00000000,0.00000000,0.00000000,0.00000000,0.00000000,0.09718871,0.00000000,0.00000000,0.00000000,0.00192566,0.00352621,0.00000000,0.00000000,0.00000000,0.00000000,0.00000000,0.00000000,0.00000000,0.00000000,0.00000000,0.00000000,0.00000000,0.00000000,0.00000000,0.00000000,0.00000000,0.00000000,0.00000000,0.17633413,0.00000000,0.00000000,0.00000000,0.00000000,0.00000000,0.00437649,0.00000000,0.00211988,0.00000000,0.00000000,0.00000000,0.00000000,0.00000000,0.00000000,0.00000000,0.00000000,0.00000000,0.00000000,0.00000000,0.00920699,0.00000000,0.00000000,0.00000000,0.01302750,0.00000000,0.00472276,0.00000000,0.00000000,0.00000000,0.00000000,0.00000000,0.00000000,0.00000000,0.00000000,0.05095048,0.00000000,0.00338952,0.00000000,0.00000000,0.00000000,0.00000000,0.00000000,0.00000000,0.00000000,0.00000000,0.05047722,0.00000000,0.00000000,0.00000000,0.00000000,0.00000000,0.00000000,0.00000000,0.00000000,0.00000000,0.00000000,0.00000000,0.00000000,0.00000000,0.00000000,0.00000000,0.00000000,0.00000000,0.00000000,0.00000000,0.00000000,0.00659608,0.00000000,0.00000000,0.00000000,0.00000000,0.00000000,0.00000000,0.00000000,0.00000000,0.00000000,0.00000000,0.00000000,0.00806038,0.00000000,0.00000000,0.00000000,0.17455576,0.00000000,0.00000000,0.00000000,0.00000000,0.00000000,0.00570146,0.00000000,0.00000000,0.00000000,0.00000000,0.00000000,0.00000000,0.00000000,0.00000000,0.00000000,0.05711263,0.00000000,0.00000000,0.00000000,0.00000000,0.13036556,0.00872061,0.00000000,0.00000000,0.00000000,0.00000000,0.00000000,0.00000000,0.00169818,0.00000000,0.00000000,0.00000000,0.00000000,0.00000000,0.00000000,0.00000000,0.00000000,0.00000000,0.00000000,0.00000000,0.00000000,0.00415282,0.00194154,0.00000000,0.00000000,0.00406488,0.00000000,0.00000000,0.34153209,0.00000000,0.00000000,0.00000000,0.00000000,0.00000000,0.00000000,0.00000000,0.00000000,0.00000000,0.00000000,0.00108801,0.00000000,0.00000000,0.00000000,0.00000000,0.00000000,0.00281546,0.30087686,0.00000000,0.00000000,0.00000000,0.00000000,0.00000000,0.00000000,0.00000000,0.00000000,0.00000000,0.01229043,0.00000000,0.00000000,0.00000000,0.00000000,0.02107859,0.00000000,0.00955479,0.00000000,0.00354791,0.00000000,0.00788756,0.00000000,0.00000000,0.00000000,0.00000000,0.01022372,0.00000000,0.00000000
0.00000000,0.00000000,0.00000000,0.00000000,0.00000000,0.00566754,0.00000000,0.00000000,0.00000000,0.00000000,0.00000000,0.00000000,0.04211230,0.00000000,0.00000000,0.00000000,0.00000000,0.00000000,0.00000000,0.00000000,0.00000000,0.00000000,0.00000000,0.00000000,0.00000000,0.00000000,0.00000000,0.00000000,0.03113472,0.00000000,0.00000000,0.01035539,0.00000000,0.00145546,0.00000000,0.00000000,0.00000000,0.00000000,0.00000000,0.00000000,0.00000000,0.00000000,0.00717112,0.00154784,0.00000000,0.00000000,0.01812564,0.02700857,0.00000000,0.00000000,0.00000000,0.00000000,0.00000000,0.00000000,0.00000000,0.00000000,0.00000000,0.06569070,0.00000000,0.00000000,0.00000000,0.00000000,0.00000000,0.00000000,0.00000000,0.00000000,0.00000000,0.04211072,0.00000000,0.00000000,0.00000000,0.00000000,0.00000000,0.00000000,0.00000000,0.00000000,0.00000000,0.00000000,0.00000000,0.00000000,0.00000000,0.00000000,0.00000000,0.00000000,0.00000000,0.00000000,0.00000000,0.00000000,0.00000000,0.00000000,0.00000000,0.00000000,0.00000000,0.00000000,0.00000000,0.00000000,0.00000000,0.00000000,0.00748481,0.00000000,0.00000000,0.00000000,0.00000000,0.00000000,0.00000000,0.00000000,0.00000000,0.00000000,0.00000000,0.00000000,0.00238239,0.00885950,0.61845800,0.00000000,0.13060666,0.00000000,0.00000000,0.00000000,0.00000000,0.00000000,0.00000000,0.00000000,0.00231531,0.00000000,0.00000000,0.00000000,0.00000000,0.00000000,0.00000000,0.00000000,0.00000000,0.00000000,0.00000000,0.00000000,0.00000000,0.07476450,0.00000000,0.00000000,0.00000000,0.00000000,0.00000000,0.00000000,0.00000000,0.00000000,0.00000000,0.00000000,0.03354060,0.00000000,0.00000000,0.00000000,0.00000000,0.00173847,0.00000000,0.00000000,0.00170225,0.04126766,0.00000000,0.00000000,0.00000000,0.00000000,0.00000000,0.00000000,0.02146161,0.00000000,0.00000000,0.00000000,0.00000000,0.01343797,0.00000000,0.00000000,0.00000000,0.00275400,0.03484930,0.00000000,0.00000000,0.00000000,0.00000000,0.00000000,0.00000000,0.00000000,0.00000000,0.00000000,0.00543146,0.00000000,0.00000000,0.00000000,0.00000000,0.00000000,0.00000000,0.00000000,0.00000000,0.00000000,0.00000000,0.00000000,0.02096787,0.00000000,0.00000000,0.00000000,0.00000000,0.00000000,0.00000000,0.00000000,0.00000000,0.00000000,0.00000000,0.00000000,0.00000000,0.00000000,0.00000000,0.00000000,0.00646903,0.00000000,0.00000000,0.00000000,0.00000000,0.00000000,0.00000000,0.00000000,0.00000000,0.00000000,0.00000000,0.00000000,0.00000000,0.00000000,0.01263375,0.00000000,0.00000000,0.00000000,0.00000000,0.00000000,0.00000000,0.00000000,0.00000000,0.00000000,0.00000000,0.00000000,0.00000000,0.00000000,0.00000000,0.00000000,0.11251678,0.00000000,0.00000000,0.00000000,0.00000000,0.10725458,0.02474406,0.00000000,0.00000000,0.00000000,0.02263542,0.00149451,0.00000000,0.00000000,0.00000000,0.00786113,0.00000000,0.00000000,0.00000000,0.00000000,0.01833430,0.00000000,0.00000000,0.00091873,0.00000000,0.00000000,0.00000000,0.00000000,0.00000000,0.00000000,0.00000000,0.23301101,0.00000000,0.00000000,0.00000000,0.00000000,0.00000000,0.00285866,0.04951346,0.00000000,0.00000000,0.00000000,0.00000000,0.00000000,0.00000000,0.00000000,0.00000000,0.00000000,0.00000000,0.00000000,0.00000000,0.00000000,0.00000000,0.00000000,0.00000000,0.00000000,0.00000000,0.00000000,0.00000000,0.00350524,0.00000000,0.00000000,0.00000000,0.00000000,0.00000000,0.00000000,0.00000000,0.00000000,0.00000000,0.00000000,0.00000000,0.00000000,0.00000000,0.00000000,0.00000000,0.00000000,0.00000000,0.00749733,0.00000000,0.00000000,0.00000000,0.00000000,0.16299507,0.44429232,0.00000000,0.00000000,0.00000000,0.00000000,0.00000000,0.00000000,3.81516959,0.00000000,0.00854735,0.00000000,0.00000000,0.00000000,0.00000000,0.00000000,0.32346898,0.00000000,0.00000000,0.00000000,0.00000000,0.00000000,0.00000000,0.02510796,0.00000000,0.00000000,0.00000000,0.00000000,0.00000000,0.00000000,0.00341426,0.00000000,0.00000000,0.00000000,0.00000000,0.00000000,0.00000000,0.00000000,0.00000000,0.00000000,0.00000000,0.00000000,0.02128006,0.00000000,0.00000000,0.00000000,0.00000000,0.00000000,0.00000000,0.00000000,0.00000000,0.00000000,0.00154911,0.00000000,0.00581866,0.00000000,0.00000000,0.00000000,0.00000000,0.00000000,0.00000000,0.00077828,0.00110176,0.00133597,0.00000000,0.00000000,0.00000000,0.00000000,0.00000000,0.00000000,0.00000000,0.00000000,0.00000000,0.00000000,0.00000000,0.00000000,0.00000000,0.00000000,0.00000000,0.00000000,0.00000000,0.00000000,0.00000000,0.00341167,0.00000000,0.00000000,0.00000000,0.00000000,0.00000000,0.00000000,0.00616441,0.00000000,0.00000000,0.00669576,0.00000000,0.00000000,0.00000000,0.00000000,0.00000000,0.00000000,0.00000000,0.03231453,0.00000000,0.10155455,0.00000000,0.01454728,0.00000000,0.00000000,0.00000000,0.00000000,0.00000000,0.00000000,0.00000000,0.00000000,0.00000000,0.00000000,0.00000000,0.00000000,0.00150641,0.00000000,0.00000000,0.00000000,0.00000000,0.00000000,0.00000000,0.00000000,0.00000000,0.00000000,0.00000000,0.00000000,0.00000000,0.00000000,0.00000000,0.00000000,0.00000000,0.00000000,0.00000000,0.00566756,0.00570168,0.00000000,0.00000000,0.00000000,0.00000000,0.00000000,0.00543575,0.00000000,0.00000000,0.00000000,0.00000000,0.00000000,0.00000000,0.00000000,0.00000000,0.00000000,0.00000000,0.00000000,0.00000000,0.00000000,0.00000000,0.00000000,0.00000000,0.00000000,0.00000000,0.00000000,0.00000000,0.00000000,0.00156348,0.02553399,0.00000000,0.00000000,0.00538872,0.00000000,0.00000000,0.00000000,0.00000000,0.00000000,0.00000000,0.00610438,0.00000000,0.00555981,0.00000000,0.00281659,0.07344177,0.00644039,0.00000000,0.00000000,0.00000000,0.00000000,0.00000000,0.00000000,0.00000000,0.00000000,0.00275871,0.00000000,0.00000000,0.00000000,0.00000000,0.00000000,0.01702632,0.00000000,0.00000000,0.01116839,0.00000000,0.00000000,0.00000000,0.00000000,0.00346618,0.00000000,0.00000000,0.00000000,0.00000000,0.00000000,0.00000000,0.00000000,0.00000000,0.00000000,0.00000000,0.00000000,0.00000000,0.00000000,0.00000000,0.00000000,0.00000000,0.00000000,0.00000000,0.00000000,0.08630337,0.00000000,0.00000000,0.78977037,0.00000000,0.00357558,0.00000000,0.00000000,0.00000000,0.00000000,0.00000000,0.00000000,0.00269645,0.00000000,0.00000000,0.00000000,0.00246926,0.00000000,0.00000000,0.00000000,0.00000000,0.00658430,0.00000000,0.00000000,0.00000000,0.00000000,0.00000000,0.00000000,0.00000000,0.00000000,0.00000000,0.00000000,0.00000000,0.00000000,0.00000000,0.00000000,0.00000000,0.00000000,0.00000000,0.00000000,0.00000000,0.00000000,0.00000000,0.00000000,0.00000000,0.00000000,0.01592157,0.63406617,0.00000000,0.01216817,0.00000000,0.00000000,0.00000000,0.00000000,0.00000000,0.16868922,0.00000000,0.00000000,0.00078592,0.00000000,0.00000000,0.00000000,0.00000000,0.00000000,0.00000000,0.00000000,1.59580161,0.00000000,0.00000000,0.00742794,0.00000000,0.00000000,0.00000000,0.00000000,0.00000000,0.00000000,0.00000000,0.00000000,0.00000000,0.00000000,0.00000000,0.00000000,0.00981331,0.00000000,0.01481517,0.00000000,0.00000000,0.00000000,0.00000000,0.00280706,0.00000000,0.00000000,0.00619445,0.00000000,0.18884383,0.00000000,0.00000000,0.00000000,0.00000000,0.00000000,0.00000000,0.00000000,0.00220808,0.00000000,0.00000000,0.00000000,0.00000000,0.00000000,0.00000000,0.00000000,0.00000000,0.00000000,0.00000000,0.00000000,0.00000000,0.00303645,0.00000000,0.00000000,0.00000000,0.00000000,0.00992772,0.00000000,0.00000000,0.00260694,0.00000000,0.00000000,0.00000000,0.00000000,0.00000000,0.00000000,0.00000000,0.00000000,0.00000000,0.00000000,0.00000000,0.00000000,0.00000000,0.00000000,0.00000000,0.00680932,0.00000000,0.00000000,0.00000000,0.00230280,0.00000000,0.00000000,0.00000000,0.00000000,0.00000000,0.00000000,0.00000000,0.00000000,0.00000000,0.00000000,0.00000000,0.00000000,0.04209340,0.00213514,0.00000000,0.00000000,0.00000000,0.00000000,0.00000000,0.00000000,0.00000000,0.00000000,0.00000000,0.00000000,0.00000000,0.00000000,0.00000000,0.00000000,0.00000000,0.00000000,0.00000000,0.00000000,0.00080009,0.00000000,0.00000000,0.00000000,0.00000000,0.00000000,0.00000000,0.00000000,0.00000000,0.00000000,0.00000000,0.00000000,0.00000000,0.00000000,0.02958542,0.00000000,0.00000000,0.00000000,0.06639095,0.00000000,0.00000000,0.00000000,0.00000000,0.00000000,0.00000000,0.00000000,0.00000000,0.00000000,0.03035687,0.00000000,0.00000000,0.00000000,0.00000000,0.00000000,0.29668257,0.00000000,0.00000000,0.00000000,0.00000000,0.00000000,0.00355748,0.00000000,0.00000000,0.00000000,0.00000000,0.00000000,0.00000000,0.00000000,0.00000000,0.00000000,0.00000000,0.00000000,0.00000000,0.00000000,0.00000000,0.01559945,0.00000000,0.00000000,0.00000000,0.00000000,0.00000000,0.01324846,0.00000000,0.00000000,0.00000000,0.02254534,0.00000000,0.00000000,0.00000000,0.00000000,0.00000000,0.08545099,0.00000000,0.00000000,0.00000000,0.00000000
0.00000000,0.00000000,0.00000000,0.00415251,0.00000000,0.00000000,0.00000000,0.00000000,0.00000000,0.00000000,0.00000000,0.03814962,0.00000000,0.00000000,0.00000000,0.00000000,0.00000000,0.00000000,0.00000000,0.00000000,0.00000000,0.00000000,0.00000000,0.00000000,0.00154466,0.00000000,0.00000000,0.00000000,0.00000000,0.00000000,0.00000000,0.00000000,0.00000000,0.00000000,0.00000000,0.00000000,0.00000000,0.00000000,0.00000000,0.00000000,0.00000000,0.00000000,0.00000000,0.16633421,0.00000000,0.00000000,0.01348569,0.00000000,0.00000000,0.00000000,0.00000000,0.00000000,0.00000000,0.00000000,0.00000000,0.00000000,0.00000000,0.01158789,0.00000000,0.00000000,0.00294138,0.00000000,0.11614473,0.00000000,0.00541754,0.00000000,0.00000000,0.00000000,0.00000000,0.00000000,0.00000000,0.00000000,0.00000000,0.00000000,0.00000000,0.00000000,0.00000000,0.00000000,0.00000000,0.00000000,0.00000000,0.04596818,0.00000000,0.00000000,0.00000000,0.00000000,0.00324970,0.00000000,0.00000000,0.00000000,0.00000000,0.00000000,0.00000000,0.00000000,0.00486390,0.00000000,0.00000000,0.00000000,0.00000000,0.00000000,0.00000000,0.00000000,0.00000000,0.00000000,0.00000000,0.00000000,0.00000000,0.00000000,0.00000000,0.00000000,0.00000000,0.00000000,0.00121815,0.04547271,0.00000000,0.00000000,0.00000000,0.00000000,0.00000000,0.00000000,0.00000000,0.00000000,0.00000000,0.00000000,0.00000000,0.00000000,0.00078229,0.00000000,0.00000000,0.00000000,0.00000000,0.00000000,0.00000000,0.00000000,0.00208560,0.00000000,0.00000000,0.00000000,0.00183182,0.00000000,0.00000000,0.00000000,0.00000000,0.00000000,0.00997186,0.00000000,0.00000000,0.00000000,0.00000000,0.00820038,0.00000000,0.00000000,0.00138900,0.00000000,0.00000000,0.00000000,0.00000000,0.00000000,0.00000000,0.00000000,0.00000000,0.00000000,0.00000000,0.00000000,0.00000000,0.00000000,0.00000000,0.00000000,0.00000000,0.00000000,0.00000000,0.00000000,0.00000000,0.00000000,0.00000000,0.00000000,0.00000000,0.00000000,0.00000000,0.00000000,0.00000000,0.00000000,0.00000000,0.00000000,0.00000000,0.00000000,0.00000000,0.00000000,0.00000000,0.00000000,0.00000000,0.00072177,0.00000000,0.00000000,0.00000000,0.00000000,0.00000000,0.00000000,0.01962269,0.00000000,0.06399110,0.00000000,0.00000000,0.00000000,0.00000000,0.00000000,0.00000000,0.01393076,0.03065034,0.00000000,0.00000000,0.00000000,0.00000000,0.00000000,0.00000000,0.00898730,0.00880008,0.00000000,0.00000000,0.00000000,0.00000000,0.00000000,0.00000000,0.00000000,0.00000000,0.00000000,0.00000000,0.00000000,0.00000000,0.00000000,0.00000000,1.80831931,0.00000000,0.00000000,0.00000000,0.00000000,0.00000000,0.00120292,0.00000000,0.00000000,0.00000000,0.00000000,0.00000000,0.00000000,0.00525297,0.00000000,0.00000000,0.00933443,0.00000000,0.00129778,0.02386868,0.00000000,0.00000000,0.00000000,0.00000000,0.00000000,0.00430470,0.00000000,0.00290583,0.00000000,0.00000000,0.00479392,0.00000000,0.00000000,0.00000000,0.00000000,0.00000000,0.00000000,0.00396989,0.00000000,0.00000000,0.00000000,0.00000000,0.00000000,0.00000000,0.00000000,0.00000000,0.00336431,0.02670853,0.00000000,0.00000000,0.00000000,0.00000000,0.01018952,0.00000000,0.00000000,0.00000000,0.00000000,0.00092673,0.00000000,0.00000000,0.00000000,0.00000000,0.00000000,0.00000000,0.00000000,0.00000000,0.00000000,0.00000000,0.00000000,0.00000000,0.00000000,0.00000000,0.00000000,0.00000000,0.00000000,0.00000000,0.00000000,0.00000000,0.00000000,0.00121435,0.00000000,0.00000000,0.00000000,0.00000000,0.00000000,0.00000000,0.00000000,0.00000000,0.00000000,0.00746832,0.00000000,0.00000000,0.00000000,0.00000000,0.00000000,0.00000000,0.00980164,0.00771104,0.00499127,0.00000000,0.00000000,0.00000000,0.00292974,0.00000000,0.00000000,0.00000000,0.04041530,0.00172552,0.00000000,0.00000000,0.00672319,0.02519036,0.00000000,0.00000000,0.00000000,0.00000000,0.00000000,0.00000000,0.00000000,0.00000000,0.00000000,0.00000000,0.00000000,0.00000000,0.00000000,0.00000000,0.00000000,0.00000000,0.00000000,0.00000000,0.96236972,0.00000000,0.00000000,0.00000000,0.00000000,0.00000000,0.00000000,0.00000000,0.00722819,0.00000000,0.00000000,0.00000000,0.00000000,0.00000000,0.00000000,0.00000000,0.00355858,0.00693652,0.00000000,0.00000000,0.00000000,0.00097539,0.00000000,0.00000000,0.00000000,0.00337672,0.00000000,0.01192554,0.00000000,0.00273490,0.00000000,0.00000000,0.00000000,0.00000000,0.00556324,0.00000000,0.00000000,0.00000000,0.00000000,0.00000000,0.00000000,0.00000000,0.00000000,0.00000000,0.00000000,0.00000000,0.12811238,0.00423278,0.00000000,0.02818734,0.00000000,0.00000000,0.00000000,0.00000000,0.00000000,0.00000000,0.00000000,0.00000000,0.00000000,0.00000000,0.00000000,0.00000000,0.00000000,0.00000000,0.00000000,0.00000000,0.00000000,0.00000000,0.00134391,0.00000000,0.00000000,0.00000000,0.00000000,0.00000000,0.00000000,0.00000000,0.00000000,0.00000000,0.00000000,0.16173333,0.00491838,0.04393686,0.00000000,0.00000000,0.00000000,0.00000000,0.00000000,0.00000000,0.00000000,0.00000000,0.00000000,0.00000000,0.00000000,0.00000000,0.00000000,0.00000000,0.00000000,0.00000000,0.00000000,0.00000000,0.01854234,0.00000000,0.00000000,0.00000000,0.00000000,0.00000000,0.00000000,0.00000000,0.00416668,0.00000000,0.00000000,0.00000000,0.00000000,0.00000000,0.00000000,0.00639652,0.00000000,0.00000000,0.00000000,0.00000000,0.00000000,0.00000000,0.00000000,0.00000000,0.00000000,0.00000000,0.00000000,0.00000000,0.11138535,0.00000000,0.00000000,0.00000000,0.00000000,0.13945618,0.00000000,0.00000000,0.08744497,0.00000000,0.00000000,0.00000000,0.03642026,0.00000000,0.00193823,0.00000000,0.00000000,0.00000000,0.00000000,0.00000000,0.00000000,0.00436591,0.00000000,0.00000000,0.00000000,0.00000000,0.00000000,0.00000000,0.00000000,0.00000000,0.00000000,0.00000000,0.00000000,0.00000000,0.00000000,0.00000000,0.02906051,0.00000000,0.00000000,0.00000000,0.00000000,0.00000000,0.00000000,0.00242833,0.00000000,0.00000000,0.00000000,0.00000000,0.00000000,0.00000000,0.06848283,0.00000000,0.00000000,0.00000000,0.00000000,0.00000000,0.00000000,0.00000000,0.00000000,0.00000000,0.00000000,0.00000000,0.00000000,0.00000000,0.00519798,0.00000000,0.00000000,0.00000000,0.00000000,0.00393168,0.00000000,0.00000000,0.00000000,0.12787536,0.00000000,0.00000000,0.00000000,0.00000000,0.00000000,0.00000000,0.00000000,0.00000000,0.00000000,0.00000000,0.00000000,0.00000000,0.00000000,0.00000000,0.00000000,0.00000000,0.00000000,0.16013933,0.00000000,0.10474086,0.00000000,0.00000000,0.00000000,0.00000000,0.00000000,0.00000000,0.00000000,0.00000000,0.00000000,0.00000000,0.00000000,0.00000000,0.00000000,0.00000000,0.04336112,0.00000000,0.00000000,0.00000000,0.00345569,0.00512726,0.00000000,0.00000000,0.00000000,0.00000000,0.00000000,0.00000000,0.02172844,0.00000000,0.00000000,0.00000000,0.00000000,0.00000000,0.00000000,0.00000000,0.00000000,0.00000000,0.00000000,0.00000000,0.00000000,0.00000000,0.00215692,0.00000000,0.00000000,0.00000000,0.00000000,0.00000000,0.00000000,0.00000000,0.00445864,0.00000000,0.00000000,0.00000000,0.00000000,0.00000000,0.00000000,0.00000000,0.00000000,0.00000000,0.00000000,0.00000000,0.00000000,0.00000000,0.00000000,0.00000000,0.00098196,0.00000000,0.00000000,0.00000000,0.00000000,0.00000000,0.00000000,0.00000000,0.00000000,0.00000000,0.00000000,0.00000000,0.00000000,0.00000000,0.00680390,0.00000000,0.00000000,0.00000000,0.00000000,0.00000000,0.00000000,0.00000000,0.00000000,0.00000000,0.00000000,0.00000000,0.00000000,0.00000000,0.00401416,0.00484039,0.00000000,0.00222313,0.02168020,0.00000000,0.00000000,0.00000000,0.00000000,0.00000000,0.00000000,0.00000000,0.02688469,0.00000000,0.00000000,0.00000000,0.00000000,0.00070220,0.00000000,0.00000000,0.00000000,0.00000000,0.00000000,0.00000000,0.00000000,0.00000000,0.00000000,0.00000000,0.00000000,0.00000000,0.00000000,0.00000000,0.00000000,0.00000000,0.00000000,0.02033182,0.01407226,0.00244703,0.00000000,0.00965675,0.00000000,0.00000000,0.00000000,0.00000000,0.00000000,0.00000000,0.00000000,0.00000000,0.00000000,0.00000000,0.00000000,0.00628629,0.00000000,0.00000000,0.00000000,0.00000000,0.00986535,0.00000000,0.00000000,0.00000000,0.00000000,0.00000000,0.00000000,0.00000000,0.00000000,0.00000000,0.00000000,0.00943984,0.00000000,0.00000000,0.00000000,0.00000000,0.00000000,0.01192665,0.00000000,0.00000000,0.00000000,0.00000000,0.00000000,0.00586169,0.00000000,0.00000000,0.00000000,0.00000000,0.00000000,0.01608692,0.00000000,0.00000000,0.00000000,0.00000000,0.02087286,0.03093715,0.00000000,1.42225836,0.00000000,0.00000000,0.00000000,0.00000000,0.00000000,0.00000000,0.00000000,0.00000000,0.00582936,0.00000000,0.00000000,0.00000000,0.00000000,0.01205899,0.00000000,0.00000000,0.00000000,0.00000000,0.00000000,0.00000000,0.00000000,0.00000000,0.00000000,0.00000000,0.00000000,0.00000000,0.00000000,0.00000000,0.00000000,0.00581188,0.00000000
0.00000000,0.00000000,0.00000000,0.00000000,0.00000000,0.01685761,0.00000000,0.00000000,0.00000000,0.00000000,0.00000000,0.00000000,0.00000000,0.00000000,0.00000000,0.00000000,0.00000000,0.00000000,0.00000000,0.00000000,0.00000000,0.02425052,0.00000000,0.00000000,0.00000000,0.00000000,0.00000000,0.00000000,0.00000000,0.00000000,0.00000000,0.00000000,0.00000000,0.00000000,1.10022588,0.00000000,0.00000000,0.00000000,0.00000000,0.00000000,0.00000000,0.00000000,0.00000000,0.00000000,0.00000000,0.00000000,0.00000000,0.00000000,0.00000000,0.00000000,0.00000000,0.00000000,0.00000000,0.00000000,0.00000000,0.00000000,0.00000000,0.00000000,0.00000000,0.00423722,0.00000000,0.00000000,0.00000000,0.00000000,0.00000000,0.00210070,0.00000000,0.00000000,0.02938137,0.00000000,0.00000000,0.00000000,0.00377984,0.00000000,0.00000000,0.00000000,0.00000000,0.00000000,0.00000000,0.00000000,0.00000000,0.00000000,0.00000000,0.00000000,0.00000000,0.00000000,0.00000000,0.00000000,0.00080613,0.00000000,0.00000000,0.00000000,0.00714339,0.00000000,0.00000000,0.00000000,0.00408727,0.00000000,0.00000000,0.00000000,0.00000000,0.06531728,0.00000000,0.00000000,0.00790011,0.00000000,0.00000000,0.00123499,0.00000000,0.00000000,0.00000000,0.00000000,0.00000000,0.00000000,0.00000000,0.01591668,0.00000000,0.00000000,0.00000000,0.00000000,0.00000000,0.00000000,0.00000000,0.01016702,0.00000000,0.00000000,0.00435121,0.00000000,0.00000000,0.00000000,0.00000000,0.00000000,0.02544838,0.00135446,0.04991445,0.00000000,0.00000000,0.00000000,0.03437174,0.00000000,0.00000000,0.00000000,0.00000000,0.00648648,0.00000000,0.00000000,0.00000000,0.00000000,0.00000000,0.00000000,0.00164533,0.00000000,0.00000000,0.00000000,0.14148151,0.00000000,0.00000000,0.00000000,0.35329194,0.00000000,0.00000000,0.00208696,0.00000000,0.10278360,0.00000000,0.00000000,0.00000000,0.00000000,0.00000000,0.00000000,0.00143461,0.00000000,0.00000000,0.00000000,0.00000000,0.00000000,0.00000000,0.00000000,0.00000000,0.00000000,0.00000000,0.00000000,0.00000000,0.00000000,0.00540141,0.00000000,0.00000000,0.00000000,0.00000000,2.19726663,0.00000000,0.00000000,0.00000000,0.00000000,0.00000000,0.00000000,0.00000000,0.00000000,0.00000000,0.00000000,0.00000000,0.00000000,0.00000000,0.00000000,0.00000000,0.00000000,0.00000000,0.00000000,0.01484488,0.00000000,0.00000000,0.02501875,0.00000000,0.05554252,0.00000000,0.00000000,0.00000000,0.00092409,0.00000000,0.00000000,0.00000000,0.00000000,0.00152880,0.00000000,0.00894736,0.00000000,0.00000000,0.00000000,0.00000000,0.00000000,0.00000000,0.00000000,0.00000000,0.00000000,0.00000000,0.00000000,0.00000000,0.00000000,0.00071565,0.00000000,0.00000000,0.00000000,0.00000000,0.00000000,0.00000000,0.00000000,0.00136113,0.00000000,0.00000000,0.00426886,0.00000000,0.00000000,0.00000000,0.00000000,0.00000000,0.06784861,0.00169333,0.00000000,0.00444016,0.00000000,0.00000000,0.00000000,0.00000000,0.00000000,0.00000000,0.08166007,0.00000000,0.00000000,0.00000000,0.00000000,0.00000000,0.00000000,0.59259418,0.00000000,0.00000000,0.00000000,0.00000000,0.00000000,0.00087373,0.00000000,0.00000000,0.00000000,0.00000000,0.00000000,0.00000000,0.00000000,0.00000000,0.00000000,0.00000000,0.00739411,0.00000000,0.00000000,0.00000000,0.00000000,0.00000000,0.00000000,0.00000000,0.00000000,0.00097315,0.00000000,0.00596900,0.29790718,0.00000000,0.00000000,0.00000000,0.00000000,0.00000000,0.00000000,0.00000000,0.00000000,0.00000000,0.00000000,0.00000000,0.00000000,0.05930632,0.00000000,0.00000000,0.00000000,0.00000000,0.00000000,0.00000000,0.00000000,0.00000000,0.00000000,0.01476456,0.00000000,0.00000000,0.00000000,0.00000000,0.00000000,0.04928867,0.00000000,0.00461904,0.56934684,0.00809057,0.00347695,0.00000000,0.00000000,0.00000000,0.00000000,0.00000000,0.00000000,0.00000000,0.00000000,0.02041871,0.00000000,0.00000000,0.00000000,0.00000000,0.00000000,0.00000000,0.01087811,0.00000000,0.00000000,0.00000000,0.00000000,0.00000000,0.00000000,0.00000000,0.02972953,0.00000000,0.00000000,0.00000000,0.00000000,0.00000000,0.01206530,0.00000000,0.13000770,0.00000000,0.00000000,0.00000000,0.00000000,0.00000000,0.01706186,0.00000000,0.00000000,0.00000000,0.00000000,0.00000000,0.00000000,0.28657780,0.26492642,0.00000000,0.00000000,0.00000000,0.00000000,0.00000000,0.00000000,0.00000000,0.00000000,0.01227856,0.00000000,0.00000000,0.00000000,0.00000000,0.00000000,0.00000000,0.03479544,0.01961034,0.00000000,0.00000000,0.00000000,0.00000000,0.00000000,0.00000000,0.00000000,0.00000000,0.00000000,0.00000000,0.00000000,0.00000000,0.00227856,0.00000000,0.00000000,0.00000000,0.00000000,0.00000000,0.00000000,0.00000000,0.02602165,0.00000000,0.00000000,0.00000000,0.00000000,0.00000000,0.00000000,0.00000000,0.00000000,0.00000000,0.00000000,0.00000000,0.00000000,0.00000000,0.00000000,0.00000000,0.00000000,0.00000000,0.00402712,0.00000000,0.00000000,0.00000000,0.00000000,0.00000000,0.00184064,0.00000000,0.00273294,0.00000000,0.00000000,0.00000000,0.00000000,0.00000000,0.00000000,0.00547043,0.00000000,0.00000000,0.00000000,0.00000000,0.00000000,0.00000000,0.00000000,0.00000000,0.01868074,0.00000000,0.00000000,0.00000000,0.00000000,0.00000000,0.00000000,0.00000000,0.00000000,0.00000000,0.00686744,0.00000000,0.00000000,0.00000000,0.00000000,0.00000000,0.00000000,0.00000000,0.00000000,0.00000000,0.00000000,0.00000000,0.00000000,0.00000000,0.00000000,0.00000000,0.00000000,0.00000000,0.00000000,0.00000000,0.00000000,0.00000000,0.00000000,0.11958453,0.00000000,0.00000000,0.00000000,0.00000000,0.00601607,0.00000000,0.00000000,0.00000000,0.01577233,0.00000000,0.00000000,0.00000000,0.00000000,0.00735614,0.00000000,0.00000000,0.00000000,0.00000000,0.00000000,0.00000000,0.00000000,0.00000000,0.00000000,0.00000000,0.00000000,0.00000000,0.00000000,0.00000000,0.00000000,0.00000000,0.00213804,0.00000000,0.00000000,0.00000000,0.00000000,0.00000000,0.00000000,0.00000000,0.00000000,0.00000000,0.00000000,0.32778908,0.00000000,0.00000000,0.00000000,0.00000000,0.00000000,0.00485900,0.00000000,0.00000000,0.00000000,0.00000000,0.00000000,0.00000000,0.01155464,0.00000000,0.00000000,0.00000000,0.00000000,0.00000000,0.00000000,0.00000000,0.00000000,0.00000000,0.00000000,0.00000000,0.00000000,0.00000000,0.00000000,0.00000000,0.00000000,0.00000000,0.00000000,0.00000000,0.00000000,0.01567003,0.00000000,0.00000000,0.00000000,0.00000000,0.00000000,0.00306648,0.00000000,0.00000000,0.00000000,0.00000000,0.01045551,0.00000000,0.00000000,0.00000000,0.00000000,0.00000000,0.00000000,0.00000000,0.00000000,0.00000000,0.00000000,0.00000000,0.00000000,0.00000000,0.00000000,0.00000000,0.00000000,0.00000000,0.00000000,0.00000000,0.00000000,0.00000000,0.00331405,0.00000000,0.00000000,0.00000000,0.00000000,0.00000000,0.00000000,0.00000000,0.00000000,0.00000000,0.00000000,0.00000000,0.00143469,0.00260182,0.00000000,0.00000000,0.00000000,0.00000000,0.00000000,0.00000000,0.00000000,0.00000000,0.00518846,0.00000000,0.00000000,0.00000000,0.00000000,0.00000000,0.10359908,0.00000000,0.00000000,0.01256445,0.00000000,0.00000000,0.00000000,0.00000000,0.00000000,0.00000000,0.00000000,0.00000000,0.00000000,0.00000000,0.00000000,0.00000000,0.00000000,0.00000000,0.00000000,0.00000000,0.00000000,0.00000000,0.00000000,0.00000000,0.00526227,0.00000000,0.00000000,0.00000000,0.00000000,0.00000000,0.00000000,0.05596608,0.00000000,0.00000000,0.00452017,0.00000000,0.00000000,0.00000000,0.00000000,0.00181185,0.00000000,0.00000000,0.00000000,0.00000000,0.00000000,0.00000000,0.00000000,0.00000000,0.00000000,0.00000000,0.00000000,0.00000000,0.00000000,0.00000000,0.23608985,0.00000000,0.00000000,0.00000000,0.00000000,0.00000000,0.00000000,0.00000000,0.00000000,0.00000000,0.00000000,0.00233910,0.00000000,0.00000000,0.14864907,0.00000000,0.00000000,0.00000000,0.00000000,0.00000000,0.00000000,0.02838342,0.00000000,0.00000000,0.00000000,0.00000000,0.00000000,0.00000000,0.00000000,0.00000000,0.00000000,0.00000000,0.00000000,0.00000000,0.00000000,0.00000000,0.00000000,0.00000000,0.00000000,0.00000000,0.00000000,0.00000000,0.00000000,0.00000000,0.00000000,0.00000000,0.63151092,0.00000000,0.00000000,0.00000000,0.00000000,0.00000000,0.00000000,0.00000000,0.07364870,0.00000000,0.13759130,0.00588189,0.04791142,0.00000000,0.05258949,0.00000000,0.00000000,0.00000000,0.00000000,0.00000000,0.00000000,0.00000000,0.00650268,0.00000000,0.00000000,0.00000000,0.00000000,0.00000000,0.00000000,0.00000000,0.00000000,0.00000000,0.00000000,0.01395068,0.00000000,0.00000000,0.00000000,0.00000000,0.00000000,0.00000000,0.00000000,0.00000000,0.00000000,0.00000000,0.00000000,0.00000000,0.00000000,0.00000000,0.00204003,0.01424188,0.00000000,0.00000000,0.00000000,0.00000000,0.00000000,0.00000000,0.00000000,0.03954558,0.00000000,0.16325289,0.00000000,0.00000000,0.00000000,0.00194218,0.00097545,0.02796648,0.00000000,0.00000000,0.00000000
0.03030800,0.00000000,0.00000000,0.00413038,0.02332659,0.00000000,0.00000000,0.00720866,0.00000000,0.00000000,0.00000000,0.00000000,0.00000000,0.00000000,0.00000000,0.00000000,0.00000000,0.00000000,0.00000000,0.00000000,0.00000000,0.00000000,0.00000000,0.00000000,0.00000000,0.00000000,0.00000000,0.00000000,0.00000000,0.00000000,0.00000000,0.00000000,0.00000000,0.00000000,0.00000000,0.00000000,0.00000000,0.00000000,0.00000000,0.00000000,0.00000000,0.00000000,0.00000000,0.00837683,0.00000000,0.00000000,0.00000000,0.00000000,0.00000000,0.00843100,0.00000000,0.00000000,0.00000000,0.00072973,0.00000000,0.00000000,0.00000000,0.09908740,0.00929810,0.00000000,0.00000000,0.00000000,0.00000000,0.00000000,0.00000000,0.00000000,0.00000000,0.02623449,0.00000000,0.60205330,0.00000000,0.00000000,0.41411553,0.00185052,0.00000000,0.00000000,0.00000000,0.00000000,0.00000000,0.00000000,0.00106539,0.00000000,0.00000000,0.00280171,1.06438572,0.00078988,0.00000000,0.00000000,0.00000000,0.00451662,0.00886314,0.00000000,0.00000000,0.00797046,0.00000000,0.00000000,0.00000000,0.00000000,0.00000000,0.00000000,0.00000000,0.00000000,0.00000000,0.00000000,0.00000000,0.00000000,0.00000000,0.08615880,0.00000000,0.00000000,0.00000000,0.00000000,0.19889651,0.00000000,0.00283095,0.00000000,0.00000000,0.00103401,0.00000000,0.00000000,0.00000000,0.02284744,0.00000000,0.00000000,0.00000000,0.00000000,0.00000000,0.00000000,0.00000000,0.00000000,0.00000000,0.00000000,0.00000000,0.00000000,0.00000000,0.00943047,0.00000000,0.00000000,0.00000000,0.00000000,0.00314581,0.00000000,0.01698161,0.00000000,0.00000000,0.02799687,0.00000000,0.00000000,0.00000000,0.00000000,0.00000000,0.00000000,0.00000000,0.00000000,0.00000000,0.00000000,0.00000000,0.00000000,0.00000000,0.00000000,0.00000000,0.00218152,1.64907946,0.00000000,0.00000000,0.00000000,0.00000000,0.00000000,0.00000000,0.00000000,0.00000000,0.00000000,0.00000000,0.00000000,0.00000000,0.00000000,0.00000000,0.00000000,0.00000000,0.00000000,0.00000000,0.00000000,0.09080028,0.00000000,0.00000000,0.00000000,0.00000000,0.00000000,0.00000000,0.00000000,0.00000000,0.00000000,0.00000000,0.00000000,0.00000000,0.00000000,0.00000000,0.00000000,0.00000000,0.00000000,0.00118861,0.00000000,0.00000000,0.00000000,0.00000000,0.00000000,0.00118754,0.00000000,0.00000000,0.00000000,0.00000000,0.00000000,0.00000000,0.00000000,0.00000000,0.00000000,0.00000000,0.00000000,0.00000000,0.00000000,0.00000000,0.00000000,0.00000000,0.00000000,0.00000000,0.00000000,0.00000000,0.00000000,0.00000000,0.00000000,0.00000000,0.00000000,0.00000000,0.24218328,0.00000000,0.00000000,0.00000000,0.00000000,0.00000000,0.00000000,0.00536248,0.00000000,0.00000000,0.00000000,0.00000000,0.00000000,0.00000000,0.00000000,0.00000000,0.00000000,0.00000000,0.00000000,0.00000000,0.00000000,0.00000000,0.00000000,0.00000000,0.11680289,0.00000000,0.00000000,0.00096733,0.00000000,0.00000000,0.00000000,0.00000000,0.00000000,0.00178311,0.00000000,0.00000000,0.00000000,0.00000000,0.00000000,0.00000000,0.00000000,0.00000000,0.00000000,0.00000000,0.00000000,0.00000000,0.01050698,0.00000000,0.00000000,0.00000000,0.00000000,0.00000000,0.00000000,0.00000000,0.00000000,0.00000000,0.00000000,0.00000000,0.00000000,0.00000000,0.00000000,0.00000000,0.00000000,0.00000000,0.00000000,0.00000000,0.00000000,0.00000000,0.00000000,0.00000000,0.00000000,0.00000000,0.00279779,0.00000000,0.00000000,0.00242595,0.00000000,0.00231998,0.00000000,0.00000000,0.00000000,0.00000000,0.00000000,0.00000000,0.00000000,0.00000000,0.00000000,0.00000000,0.00000000,0.00278515,0.00000000,0.00000000,0.00000000,0.00000000,0.00000000,0.00000000,0.00000000,0.00000000,0.00000000,0.00000000,0.00230379,0.00000000,0.00000000,0.00000000,0.00167180,0.00000000,0.00000000,0.00000000,0.01398994,0.00000000,0.00000000,0.00000000,0.00000000,0.00000000,0.00000000,0.00000000,0.00000000,0.00000000,0.00000000,0.00000000,0.00000000,0.00000000,0.01147466,0.00000000,0.00000000,0.00000000,0.81607996,0.00000000,0.00000000,0.00000000,0.00000000,0.00000000,0.00000000,0.00000000,0.86150639,0.00000000,0.00000000,0.00000000,0.00000000,0.00000000,0.00000000,0.00000000,0.00000000,0.00000000,0.00000000,0.00000000,0.00000000,0.01365945,0.01969405,0.00000000,0.00000000,0.00000000,0.00000000,0.00000000,0.00000000,0.00000000,0.00000000,0.00000000,0.00000000,0.00000000,0.00000000,0.00000000,0.00000000,0.00000000,0.00000000,0.00000000,0.00000000,0.00000000,0.00000000,0.00000000,0.00000000,0.00000000,0.00000000,0.00076364,0.15451508,0.00000000,0.00000000,0.00000000,0.00000000,0.00000000,0.00000000,0.00136924,0.00000000,0.00000000,0.00000000,0.00126216,0.00000000,0.00000000,0.00000000,0.00000000,0.00000000,0.00000000,0.00000000,0.03270771,0.00000000,0.00000000,0.00000000,0.02481150,0.00000000,0.00000000,0.00000000,0.00427769,0.00000000,0.00000000,0.00000000,0.00361298,0.00318674,0.00000000,0.00000000,0.00000000,0.00000000,0.00000000,0.00000000,0.00000000,0.00000000,0.07518765,0.00000000,0.00000000,0.00000000,0.00000000,0.19958438,0.00000000,0.00000000,0.00114449,0.00000000,0.00000000,0.00388776,0.00000000,0.00000000,0.00000000,0.00000000,0.00000000,0.00000000,0.00000000,0.00000000,0.00000000,0.00000000,0.00000000,0.00000000,0.00000000,0.00000000,0.00095577,0.00000000,0.00000000,0.00000000,0.00000000,0.00000000,0.00000000,0.00000000,0.00000000,0.00000000,0.00000000,0.00000000,0.00218248,0.00000000,0.99152479,0.00000000,0.00000000,0.00000000,0.01704414,0.00000000,0.00000000,0.00000000,0.00000000,0.00000000,0.00000000,0.00000000,0.00000000,0.00000000,0.00000000,0.00000000,0.00000000,0.00000000,0.00000000,0.00000000,0.00000000,0.01684864,0.00000000,0.00000000,0.00000000,0.00000000,0.00000000,0.00000000,0.00000000,0.00000000,0.00521313,0.00000000,0.00000000,0.00000000,0.00000000,0.00000000,0.00000000,0.00000000,0.00000000,0.00000000,0.00000000,0.00231319,0.00000000,0.00000000,0.00000000,0.00000000,0.00000000,0.00000000,0.00000000,0.00000000,0.00000000,0.03587343,0.01645498,0.00000000,0.00073776,0.00000000,0.00000000,0.00000000,0.00000000,0.00000000,0.00000000,0.00000000,0.00000000,0.00000000,0.00000000,0.00000000,0.00000000,0.00000000,0.03461199,0.00000000,0.00000000,0.00131024,0.00000000,0.00447840,0.01173299,0.00000000,0.00000000,0.00000000,0.00000000,0.00000000,0.00000000,0.00000000,0.00514163,0.00000000,0.00000000,0.00000000,0.00000000,0.00000000,0.00000000,0.00000000,0.00000000,0.00000000,0.00000000,0.00000000,0.00000000,0.00000000,0.00000000,0.00221941,0.00000000,0.00000000,0.00000000,0.00000000,0.00000000,0.00000000,0.00000000,0.00000000,0.00000000,0.00290417,0.00000000,0.00719715,0.00000000,0.00000000,0.00000000,0.00000000,0.00000000,0.00158129,0.00362162,0.00000000,0.00000000,0.00000000,0.00000000,0.00070562,0.00000000,0.00000000,0.00000000,0.00000000,0.00000000,0.00000000,0.00000000,0.00000000,0.00000000,0.00107716,0.00000000,0.00000000,0.00000000,0.00535703,0.00751992,0.00000000,0.00000000,0.00000000,0.03130167,0.00000000,0.00455178,0.00000000,0.00000000,0.00000000,0.00987946,0.00000000,0.00000000,0.00000000,0.00000000,0.02784021,0.00000000,0.00000000,0.01775379,0.00000000,0.01818102,0.00000000,0.00000000,0.00000000,0.00000000,0.00000000,0.00000000,0.00000000,0.00000000,0.00000000,0.00000000,0.00000000,0.00000000,0.00000000,0.00000000,0.00000000,0.00000000,0.00000000,0.00535752,0.00000000,0.00000000,0.00000000,0.00000000,0.00000000,0.00000000,0.00000000,0.00000000,0.00000000,0.00000000,0.00000000,0.00000000,0.00000000,0.00000000,0.00000000,0.00000000,0.00000000,0.00000000,0.00927483,0.00000000,0.00000000,0.01599581,0.00000000,0.00000000,0.00000000,0.00000000,0.00000000,0.00000000,0.00000000,0.00000000,0.00000000,0.00314207,0.00000000,0.00000000,0.00000000,0.00000000,0.00000000,0.00000000,0.00000000,0.00000000,0.00000000,0.00000000,0.00000000,0.00000000,0.59639993,0.00000000,0.00000000,0.00000000,0.00000000,0.00000000,0.00000000,0.01226922,0.00000000,0.00000000,0.00000000,0.00000000,0.02074687,0.00000000,0.00000000,0.00000000,0.00000000,0.00000000,0.00000000,0.00000000,0.00000000,0.00000000,0.00000000,0.00000000,0.00000000,0.00000000,0.00295146,0.00000000,0.00000000,0.00000000,0.00000000,0.00000000,0.00000000,0.00000000,0.00000000,0.00000000,0.00000000,0.00000000,0.00000000,0.01316290,0.00000000,0.00000000,0.00000000,0.01451274,0.00000000,0.00000000,0.00000000,0.00000000,0.00000000,0.00081860,0.00000000,0.00000000,0.00842084,0.00000000,0.00000000,0.00000000,0.00000000,0.00000000,0.01697702,0.00000000,0.00000000,0.00000000,0.00000000,0.00000000,0.00000000,0.00000000,0.00000000,0.00000000,0.00000000,0.00000000,0.00000000,0.00000000,0.00000000,0.00000000,0.00000000,0.00000000,0.00000000,0.00000000,0.00000000,0.00518748,0.00000000,0.19231629,0.00000000,0.00000000,0.00617818,0.01621302,0.00000000,0.00294071,0.00000000,0.00344060,0.00000000,0.00000000,0.00000000
0.06733207,0.04213562,0.00000000,0.00000000,0.00000000,0.00727508,0.00708323,0.00515837,0.00000000,0.00000000,0.00000000,0.00509551,0.00000000,0.01859636,0.00000000,0.00000000,0.00000000,0.01775390,0.00000000,0.00000000,0.00000000,0.00000000,0.00000000,0.00000000,0.00000000,0.00000000,0.00408217,0.10457800,0.00407708,0.00000000,0.00000000,0.00000000,0.00000000,0.00000000,0.00000000,0.00000000,0.00000000,0.00000000,0.00000000,0.00000000,0.00000000,0.00000000,0.00000000,0.00986091,0.00000000,0.01549235,0.00000000,0.00000000,0.00000000,0.00000000,0.00000000,0.00000000,0.00000000,0.00000000,0.00000000,0.00000000,0.00000000,0.00118699,0.00000000,0.00000000,0.00000000,0.00000000,0.00000000,0.00000000,0.01169332,0.00000000,0.00000000,0.00000000,0.00000000,0.00000000,0.00249563,0.00000000,0.00218005,0.00000000,0.00000000,0.00000000,0.00000000,0.00000000,0.00000000,0.00000000,0.00000000,0.00000000,0.00000000,0.00212977,0.00000000,0.00000000,0.00000000,0.00000000,0.00000000,0.00000000,0.00000000,0.00000000,0.00000000,0.00000000,0.00000000,0.00450598,0.00000000,0.00000000,0.00000000,0.00000000,0.00000000,0.00000000,0.00000000,0.00000000,0.00000000,0.00000000,0.00000000,0.00000000,0.00000000,0.00000000,0.01396213,0.00000000,0.00000000,0.00000000,0.00000000,0.00000000,0.00000000,0.00000000,0.00000000,0.00000000,0.00000000,0.08544557,0.00000000,0.00000000,0.00000000,0.00000000,0.00000000,0.00000000,0.00000000,0.00000000,0.00000000,0.00000000,0.00000000,0.00000000,0.00000000,0.00000000,0.00000000,0.00000000,0.00000000,0.00000000,0.00000000,0.00000000,0.00000000,0.00000000,0.00000000,0.00000000,0.00000000,0.00000000,0.00000000,0.00000000,0.00000000,0.00000000,1.04263879,0.01963642,0.00000000,0.00000000,0.00000000,0.00000000,0.00540208,0.00000000,0.00000000,0.00000000,0.00000000,0.00000000,0.00000000,0.00000000,0.00000000,0.00000000,0.00000000,0.00000000,0.00000000,0.00000000,0.00000000,0.00000000,0.15123102,0.00000000,0.00000000,0.00000000,0.56928488,0.00000000,0.00000000,0.00000000,0.00000000,0.00000000,0.00000000,0.00000000,0.00000000,0.00000000,0.00653054,0.00000000,0.00000000,0.00000000,0.00000000,0.00000000,0.00000000,0.00000000,0.00000000,0.00000000,0.00000000,0.00000000,0.00000000,0.00000000,0.00000000,0.00000000,0.00093653,0.00000000,0.00000000,0.00000000,0.00000000,0.00000000,0.00000000,0.00000000,0.00828229,0.00000000,0.00000000,0.00000000,0.00000000,0.00000000,0.00000000,0.00000000,0.00538270,0.00203995,0.00000000,0.00000000,0.00000000,0.00000000,0.00000000,0.00000000,0.00000000,0.00000000,0.00000000,0.00000000,0.00000000,0.00000000,0.01638815,0.00000000,0.02289755,0.00000000,0.00000000,0.00000000,0.00000000,0.00000000,0.00000000,0.00000000,0.00000000,0.00000000,0.00000000,0.00000000,0.00000000,0.00000000,0.08795202,0.00000000,0.00000000,0.00000000,0.00000000,0.00000000,0.00000000,0.00000000,0.00000000,0.00000000,0.00000000,0.00000000,0.00000000,0.00000000,0.00000000,0.00000000,0.08629825,0.00295618,0.00000000,0.00000000,0.00000000,0.00000000,0.00000000,0.00842388,0.00000000,0.00000000,0.00249138,0.00000000,0.00000000,0.00000000,0.00000000,0.00000000,0.00000000,0.00000000,0.00000000,0.00416844,0.00000000,0.00000000,0.00000000,0.00000000,0.00000000,0.00000000,0.00000000,0.00000000,0.01020760,0.00000000,0.00000000,0.00000000,0.00000000,0.00000000,0.00000000,0.00000000,0.00000000,0.00000000,0.00000000,0.00056782,0.00000000,0.00000000,0.00000000,0.00000000,0.00000000,0.00527083,0.02772886,0.00000000,0.00000000,0.00000000,0.00000000,0.00000000,0.00000000,0.00000000,0.00000000,0.00000000,0.00000000,0.00000000,0.00000000,0.00098478,0.00000000,0.02427202,0.00000000,0.00000000,0.00000000,0.00000000,0.00000000,0.00000000,0.00000000,0.00000000,0.00000000,0.00000000,0.00171495,0.00000000,0.00000000,0.00145403,0.00000000,0.00000000,0.00000000,0.01002195,0.00000000,0.00000000,0.00000000,0.00000000,0.00000000,0.00000000,0.00000000,0.00000000,0.00000000,0.00000000,0.00220715,0.00000000,0.00000000,0.00000000,0.00000000,0.00000000,0.00000000,0.00000000,0.00000000,0.00000000,0.00000000,0.00000000,0.00000000,0.01309204,0.00000000,0.00000000,0.00000000,0.00000000,0.00000000,0.01556065,0.00000000,0.00439877,0.00000000,0.00000000,0.00000000,0.00000000,0.01040514,0.00000000,0.00000000,0.00000000,0.00000000,0.00000000,0.00363146,0.00000000,0.00000000,0.00000000,0.00000000,0.00000000,0.00000000,0.03149033,0.00000000,0.00000000,0.00186027,0.00000000,0.00000000,0.00000000,0.01067889,0.00000000,0.00000000,0.00000000,0.00000000,0.00000000,0.00172352,0.00000000,0.00000000,0.00000000,0.00000000,0.00000000,0.00000000,0.00000000,0.00000000,0.00000000,0.00000000,0.00000000,0.00000000,0.00301171,0.00000000,0.00000000,0.00000000,0.00000000,0.00000000,0.00000000,0.00000000,0.00000000,0.00000000,0.00000000,0.00000000,0.00000000,0.00000000,0.00000000,0.00000000,0.00197405,0.00000000,0.00000000,0.00000000,0.00000000,0.00000000,0.00364704,0.00000000,0.00204926,0.22489590,0.00000000,0.00134440,0.00000000,0.00000000,0.00000000,0.00000000,0.00000000,0.01742503,0.00000000,0.00000000,0.00000000,0.00000000,0.00000000,0.00000000,0.00000000,0.00000000,0.00000000,0.00000000,0.00000000,0.00000000,0.00000000,0.00000000,0.00000000,0.00000000,0.00000000,0.00000000,0.00000000,0.00000000,0.00000000,0.00000000,0.00000000,0.00000000,0.00000000,0.00000000,0.00866992,0.00000000,0.00000000,0.00000000,0.00000000,0.00000000,0.00333790,0.00000000,0.00000000,0.00000000,0.00000000,0.00000000,0.01396150,0.02243276,0.00000000,0.00000000,0.00000000,0.00000000,0.00000000,0.01412694,0.00260324,0.00000000,0.00696033,0.00000000,0.00000000,0.00000000,0.00000000,0.00000000,0.00000000,0.00000000,0.00470926,0.00000000,0.00000000,0.00000000,0.00000000,0.00000000,0.00000000,0.00000000,0.00000000,0.00000000,0.00498360,0.00000000,0.00000000,0.00000000,0.00244955,0.00000000,0.00000000,0.00000000,0.00000000,0.00000000,0.00000000,0.00000000,0.00127737,0.00000000,0.00000000,0.00000000,0.00000000,0.00199069,0.00000000,0.00000000,0.00000000,0.00000000,0.00000000,0.00000000,0.00000000,0.00000000,0.00000000,0.00000000,0.00000000,0.04326097,0.00185790,0.00000000,0.00000000,0.00000000,0.00000000,0.00000000,0.00356298,0.00000000,0.00000000,0.00000000,0.00000000,0.00000000,0.00000000,0.00000000,0.00000000,0.00000000,0.00314493,0.00000000,0.00000000,0.00881078,0.00000000,0.00000000,0.00000000,0.00000000,0.00000000,0.00000000,0.00000000,0.00407761,0.00000000,0.00000000,0.00000000,0.00000000,0.00000000,0.00000000,0.00000000,0.00000000,0.00414553,0.00000000,0.00000000,0.00000000,0.00000000,0.00000000,0.00000000,0.00000000,0.00000000,0.00000000,0.00000000,0.00000000,0.00000000,0.00000000,0.00000000,0.00000000,0.00000000,0.00000000,0.00000000,0.00000000,0.00000000,0.00000000,0.09874394,0.00000000,0.00000000,0.00000000,0.00000000,0.00000000,0.00000000,0.00000000,0.00000000,0.00000000,0.00000000,0.00000000,0.00242064,0.00000000,0.00000000,0.00000000,0.00000000,0.00000000,0.00000000,0.00000000,0.00000000,0.00000000,0.00000000,0.00000000,0.00000000,0.00000000,0.00240399,0.00192491,0.00844276,0.00000000,0.00000000,0.00000000,0.00000000,0.00000000,0.00000000,0.00000000,0.00000000,0.00000000,0.00000000,0.00000000,0.00000000,0.00000000,0.07030233,0.00000000,0.00000000,0.00000000,0.00171111,0.00000000,0.06910421,0.00000000,0.00000000,0.00000000,0.00202103,0.00000000,0.00260442,0.00675671,0.00000000,0.00000000,0.00000000,0.00000000,0.00000000,0.00000000,0.00000000,0.00000000,0.00122879,0.00000000,0.00000000,0.00000000,0.00000000,0.00000000,0.00000000,0.00000000,0.00000000,0.00000000,0.00000000,0.00000000,0.00000000,0.00000000,0.00000000,0.01894198,0.00000000,0.00000000,0.00000000,0.00555125,0.00000000,0.00000000,0.00000000,0.00000000,0.00000000,0.00000000,0.00000000,0.00000000,0.00000000,0.35961548,0.00000000,0.00000000,0.00000000,0.05127406,0.00000000,0.00000000,0.00000000,0.00000000,0.00000000,0.00000000,0.00000000,0.00000000,0.00000000,0.00000000,0.00000000,0.00000000,0.00000000,0.00000000,0.00000000,0.00000000,0.00000000,0.00000000,0.00000000,0.00000000,0.00000000,0.00000000,0.00000000,0.00000000,0.00000000,0.00000000,0.00000000,0.00000000,0.00000000,0.00000000,0.11679730,0.00000000,0.00000000,0.00000000,0.00000000,0.00000000,0.00000000,0.00000000,0.00000000,0.00000000,0.00000000,0.00803674,0.00571468,0.00000000,0.00000000,0.00000000,0.00236079,0.00000000,0.00687972,0.00000000,0.01173597,0.00877136,0.00000000,0.00000000,0.00414243,0.00000000,0.00204085,0.00000000,0.00000000,0.00000000,0.00000000,0.00000000,0.01497411,0.00000000,0.00000000,0.00000000,0.00000000,0.00000000,0.55166249,0.00000000,0.00000000,0.00000000,0.00000000,0.00000000,0.00000000,0.00000000,0.00000000,0.00000000,0.00000000,0.02882348,0.00000000,0.00000000,0.00000000,0.00000000,0.00000000,0.00000000,0.00000000,0.00000000,0.00000000,0.00000000,0.00777169,0.00571155,0.00000000
0.00000000,0.00000000,0.00000000,0.00000000,0.41680837,0.00000000,0.00000000,0.00000000,0.00000000,0.00000000,0.00000000,0.00650713,0.00000000,0.00000000,0.00000000,0.00000000,0.09687023,0.00000000,0.31447887,0.00000000,0.00000000,0.11311354,0.00000000,0.00000000,0.00000000,0.00000000,0.00000000,0.00000000,0.00000000,0.00000000,0.00000000,0.07994037,0.00000000,0.00000000,0.00000000,0.02940082,0.00000000,0.00000000,0.00000000,0.00000000,0.00000000,0.00000000,0.00000000,0.00000000,0.00000000,0.04367712,0.00000000,0.00000000,0.00000000,0.00000000,0.00348370,0.00000000,0.00000000,0.00000000,0.00000000,0.00000000,0.01003754,0.00000000,0.12396412,0.00000000,0.03577471,0.00000000,0.00000000,0.00000000,0.00000000,0.00000000,0.00000000,0.00000000,0.00000000,0.00000000,0.00000000,0.00000000,0.00000000,0.00000000,0.00000000,0.00521603,0.00000000,0.00000000,0.00000000,0.01813043,0.00000000,0.00000000,0.00000000,0.01133060,0.00000000,0.00000000,0.00000000,0.00000000,0.00000000,0.00000000,0.00216009,0.00000000,0.00000000,0.00000000,0.00000000,0.00000000,0.00000000,0.00000000,0.00000000,0.00000000,0.00000000,0.00000000,0.00000000,0.00000000,0.00000000,0.00000000,0.00000000,0.00000000,0.00000000,0.00000000,0.00000000,0.00000000,0.00000000,0.00000000,0.00000000,0.00000000,0.00000000,0.00000000,0.00000000,0.00000000,0.00000000,0.01659618,0.00000000,0.00000000,0.00000000,0.00000000,0.01230186,0.00000000,0.09812373,0.00000000,0.00000000,0.00000000,0.00000000,0.00000000,0.00000000,0.00000000,0.83630635,0.00000000,0.00000000,0.00000000,0.00536315,0.00000000,0.00000000,0.00000000,0.00000000,0.00000000,0.00000000,0.00000000,0.00000000,0.00000000,0.00000000,0.00324248,0.00000000,0.00937141,0.00000000,0.00000000,0.00000000,0.00000000,0.00000000,0.00000000,0.00000000,0.04055102,0.00000000,0.00000000,0.00696382,0.00000000,0.00000000,0.00000000,0.00000000,0.00000000,0.00000000,0.00000000,0.00000000,0.00000000,0.00000000,0.00000000,0.00000000,0.07907804,0.00000000,0.00000000,0.00000000,0.00000000,0.00000000,0.00000000,0.00000000,0.00000000,0.00000000,0.00000000,0.00000000,0.00000000,0.00000000,0.00000000,0.00000000,0.00000000,0.00000000,0.00000000,0.00000000,0.00000000,0.00000000,0.00000000,0.00000000,0.00000000,0.00000000,0.00000000,0.00000000,0.00000000,0.00000000,0.00083737,0.00000000,0.00000000,0.01775370,0.00000000,0.00000000,0.00000000,0.00000000,0.00000000,0.00000000,0.00000000,0.00000000,0.00000000,0.00000000,0.00000000,0.00000000,0.00430722,0.00000000,0.00000000,0.00000000,0.00000000,0.00000000,0.00000000,0.00000000,0.00000000,0.00000000,0.00000000,0.00000000,0.00000000,0.37398544,0.02524416,0.00000000,0.00000000,0.00000000,0.00000000,0.00000000,0.00000000,0.00000000,0.00000000,0.00000000,0.00000000,0.00000000,0.00000000,0.00780203,0.00000000,0.00000000,0.00000000,0.00000000,0.00000000,0.00000000,0.00000000,0.01013577,0.00000000,0.00000000,0.00000000,0.00000000,0.00000000,0.00000000,0.00000000,0.00000000,0.00000000,0.00000000,0.00000000,0.00000000,0.00000000,0.00000000,0.00000000,0.00000000,0.00000000,0.00000000,0.00382542,0.00000000,0.00000000,0.00000000,0.00000000,0.02413172,0.09535547,0.00000000,0.00000000,0.00000000,0.00000000,0.00000000,0.00000000,0.00000000,0.00000000,0.00000000,0.00000000,0.00000000,0.00000000,0.12317441,0.01362301,0.00000000,0.00327583,0.00000000,0.00000000,0.00000000,0.00000000,0.00000000,0.00000000,0.00000000,0.00000000,0.01054094,0.00000000,0.00000000,0.02616475,0.00000000,0.00000000,0.10897100,0.04307938,0.00000000,0.00000000,0.00000000,0.00000000,0.00000000,0.00000000,0.01989438,0.00000000,0.00000000,0.00000000,0.00000000,0.00000000,0.00000000,0.00116338,0.00000000,0.00000000,0.00000000,0.00000000,0.00000000,0.00000000,0.00000000,0.00000000,0.00000000,0.00000000,0.00000000,0.07690488,0.00233461,0.00000000,0.00000000,0.00000000,0.00000000,0.00000000,0.00000000,0.00000000,0.00000000,0.00000000,0.00000000,0.02147052,0.00000000,0.00000000,0.00000000,0.00000000,0.00000000,0.00377346,0.00000000,0.00000000,0.00000000,0.00000000,0.00000000,0.00000000,0.00000000,0.00000000,0.00000000,0.00000000,0.00000000,0.00000000,0.00000000,0.00000000,0.00000000,0.00000000,0.00000000,0.00000000,0.00951247,0.00000000,0.00000000,0.00000000,0.00000000,0.00000000,0.00000000,0.00000000,0.00000000,0.00000000,0.00216723,0.00535348,0.00000000,0.00000000,0.00000000,0.00000000,0.00000000,0.00000000,0.00000000,0.00000000,0.00000000,0.00000000,0.00000000,0.00000000,0.00000000,0.00000000,0.00000000,0.00000000,0.00000000,0.00000000,0.00000000,0.00000000,0.00000000,0.00721795,0.00000000,0.00000000,0.00000000,0.00000000,0.00000000,0.02443885,0.00000000,0.00000000,0.00000000,0.00000000,0.00000000,0.00000000,0.00000000,0.00000000,0.00000000,0.00000000,0.05261391,0.00000000,0.00000000,0.00000000,0.00000000,0.00000000,0.00000000,0.00000000,0.00000000,0.00000000,0.00000000,0.00000000,0.00000000,0.00000000,0.00000000,0.00000000,0.00000000,0.00000000,0.00000000,0.00000000,0.00000000,0.01491626,0.03871883,0.00000000,0.12710685,0.00314817,0.00000000,0.00331131,0.00000000,0.00000000,0.00200863,0.00000000,0.00000000,0.00000000,0.00662448,0.00000000,0.00000000,0.00000000,0.00000000,0.00000000,0.00000000,0.00000000,0.00000000,0.01054069,0.00000000,0.00000000,0.05026589,0.02394130,0.00000000,0.00000000,0.00000000,0.00000000,0.00000000,0.00000000,0.00000000,0.14504941,0.00000000,0.00000000,0.00000000,0.00000000,0.00000000,0.00706787,0.00415895,0.00000000,0.00000000,0.00000000,0.00000000,0.00000000,0.00000000,0.00000000,0.00000000,0.00000000,0.00000000,0.00000000,0.00000000,0.00000000,0.00000000,0.00000000,0.03124894,0.00000000,0.00000000,0.00000000,0.00000000,0.00310726,0.00187006,0.04604721,0.00000000,0.00000000,0.00000000,0.00000000,0.00000000,0.00000000,0.00000000,0.00000000,0.00000000,0.00000000,0.00000000,0.00000000,0.00000000,0.00000000,0.00000000,0.00000000,0.00000000,0.00000000,0.00000000,0.00000000,0.00000000,0.00000000,0.00000000,0.00000000,0.01432040,0.00000000,0.00478295,0.00000000,0.00179616,0.10426021,0.00000000,0.00000000,0.00000000,0.00442914,0.00000000,0.00000000,0.00000000,0.00000000,0.00000000,0.57163054,0.00000000,0.00000000,0.00000000,0.00000000,0.00000000,0.00000000,0.00000000,0.00000000,0.00000000,0.00000000,0.00000000,0.00000000,0.00558231,0.00000000,0.00000000,0.00000000,0.00000000,0.00000000,0.00000000,0.00759536,0.00000000,0.00000000,0.00000000,0.00000000,0.00000000,0.00000000,0.00000000,0.00000000,0.00000000,0.00000000,0.00000000,0.08245245,0.00000000,0.00000000,0.00112543,0.00000000,0.00000000,0.00000000,0.51397700,0.00000000,0.00000000,0.02002911,0.00055722,0.00000000,0.00000000,0.00000000,0.17374744,0.00000000,0.00000000,0.00000000,0.00000000,0.02912999,0.00000000,0.02417331,0.00000000,0.00000000,0.00000000,0.00709610,0.00000000,0.00000000,0.00000000,0.00000000,0.00000000,0.00000000,0.00000000,0.00000000,0.00000000,0.00000000,0.00000000,0.00000000,0.00000000,0.00000000,0.00000000,0.00000000,0.00811481,0.00000000,0.00000000,0.03979882,0.00000000,0.00000000,0.00000000,0.00000000,0.00000000,0.00000000,0.00000000,0.00000000,0.00000000,0.22064695,0.00000000,0.00000000,0.00000000,0.00000000,0.00000000,0.00000000,0.00000000,0.00000000,0.03505086,0.00000000,0.00000000,0.00000000,0.00000000,0.00000000,0.00000000,0.00000000,0.00000000,0.00000000,0.08500848,0.09452202,0.00585959,0.00784281,0.00000000,0.00000000,0.00000000,0.00000000,0.00000000,0.00000000,0.00078265,0.00000000,0.00000000,0.00000000,0.00000000,0.00000000,0.00000000,0.00000000,0.00000000,0.00000000,0.00000000,0.00000000,0.00000000,0.00000000,0.00000000,0.00000000,0.00000000,0.00000000,0.00000000,0.00000000,0.00000000,0.00000000,0.00000000,0.01457542,0.00000000,0.00000000,0.00000000,0.00000000,0.00000000,0.00000000,0.00000000,0.00000000,0.00000000,0.00000000,0.00000000,0.00000000,0.00000000,0.00000000,0.00000000,0.00000000,0.00000000,0.00287537,0.00000000,0.03458849,0.00000000,0.00000000,0.00000000,0.00000000,0.09318239,0.00000000,0.00000000,0.00000000,0.01941965,0.00000000,0.00000000,0.00000000,0.00000000,0.00388203,0.00000000,0.00283454,0.00000000,0.00000000,0.00000000,0.00000000,0.00000000,0.00000000,0.00000000,0.00000000,0.44549695,0.00000000,0.00000000,0.00813304,0.00000000,0.00000000,0.00000000,0.00000000,0.00000000,0.00000000,0.00000000,0.00000000,0.00643890,0.00000000,0.00000000,0.00000000,0.00000000,0.00000000,0.00000000,0.00000000,0.00000000,0.00000000,0.00000000,0.00000000,0.02736174,0.00000000,0.00000000,0.00000000,0.00000000,0.00000000,0.00000000,0.00000000,0.00286491,0.00000000,0.00472909,0.00000000,0.00000000,0.00000000,0.00211975,0.00000000,0.00000000,0.00000000,0.00000000,0.00000000,0.00000000,0.01245492,0.00098177,0.00000000,0.00000000,0.00000000,0.00000000,0.00000000,0.00000000,0.00000000,0.00000000,0.00000000,0.00000000,0.00000000,0.00000000,0.00000000,0.00000000,0.00000000
0.00000000,0.00492345,0.00000000,0.00000000,0.00000000,0.00000000,0.00000000,0.00000000,0.00000000,0.00377972,0.00000000,0.00000000,0.00000000,0.00000000,0.00000000,0.00000000,0.00000000,0.00547898,0.00000000,0.00000000,0.01580165,0.00000000,0.01441962,0.00000000,0.00000000,0.00000000,0.00000000,0.00000000,0.00000000,0.00198721,0.00000000,0.00000000,0.00000000,0.10386592,0.00000000,0.00000000,0.00717112,0.00000000,0.00000000,0.00000000,0.00000000,0.00000000,0.00000000,0.00000000,0.00000000,0.00000000,0.00000000,0.00000000,0.00000000,0.00000000,0.00298961,0.00000000,0.00070473,0.00000000,0.00000000,0.00000000,0.00000000,0.02214742,0.00000000,0.00000000,0.01425539,0.00000000,0.00000000,0.00000000,0.00000000,0.00000000,0.00000000,0.00000000,0.00000000,0.05803664,0.00000000,0.00000000,0.00000000,0.01237717,0.00000000,0.00000000,0.00000000,0.00000000,0.00000000,0.00000000,0.00000000,0.00000000,0.00000000,0.00000000,0.00000000,0.00000000,0.00321644,0.00000000,0.00000000,0.00000000,0.00000000,0.00385809,0.00000000,0.00000000,0.00000000,0.00818991,0.00233836,0.00000000,0.00831460,0.00000000,0.00000000,0.00000000,0.00000000,0.00000000,0.00000000,0.00000000,0.00000000,0.00000000,0.00000000,0.00000000,0.00000000,0.00000000,0.00000000,0.00000000,0.00000000,0.00000000,0.00000000,0.01130032,0.00132392,0.00000000,0.00000000,0.00589449,0.00000000,0.00000000,0.01627262,0.00000000,0.00000000,0.00000000,0.01518621,0.00000000,0.00000000,0.00656979,0.00000000,0.00000000,0.00000000,0.00000000,0.16315773,0.00000000,0.00000000,0.00000000,0.00000000,0.00000000,0.00000000,0.00000000,0.00000000,0.02014790,0.00000000,0.00000000,0.00000000,0.00425657,0.00000000,0.00000000,0.00000000,0.00000000,0.00000000,0.00000000,0.00292512,0.00000000,0.03896052,0.00000000,0.00000000,0.00000000,0.00000000,0.00000000,0.00000000,0.00000000,0.00000000,0.00000000,0.00000000,0.00000000,0.00000000,0.00000000,0.00000000,0.02887227,0.00000000,0.00000000,0.00487750,0.00000000,0.00000000,0.00000000,0.00000000,0.00000000,0.00000000,0.00000000,0.00000000,0.00000000,0.00409611,0.00000000,0.00000000,0.00000000,0.00000000,0.00000000,0.00000000,0.00327801,0.01135865,0.00000000,0.00000000,0.01076702,0.00000000,0.00000000,0.00000000,0.00000000,0.00000000,0.01116570,0.00000000,0.00000000,0.00000000,0.00000000,0.00000000,0.00000000,0.00000000,0.00000000,0.00000000,0.00000000,0.00000000,0.00000000,0.02075358,0.00000000,0.00000000,0.00000000,0.00000000,0.37996901,0.00000000,0.00000000,0.00000000,0.00000000,0.00000000,0.00000000,0.00000000,0.00000000,0.00000000,0.00000000,0.00000000,0.00000000,0.00000000,0.00000000,0.00000000,0.00000000,0.00000000,0.00000000,0.00000000,0.00000000,0.00000000,0.00000000,0.00000000,0.00000000,0.00000000,0.00000000,0.00000000,0.00000000,0.00000000,0.00000000,0.00000000,0.00000000,0.00000000,0.00000000,0.00000000,0.00000000,0.01707670,0.00000000,0.00000000,0.00000000,0.00524132,0.00000000,0.00000000,0.00000000,0.00000000,0.00000000,0.00000000,0.00000000,0.00000000,0.00000000,0.00346283,0.03859446,0.00000000,0.00000000,0.00000000,0.00000000,0.00000000,0.00000000,0.00000000,0.03542376,0.00000000,0.00112473,0.00000000,0.00000000,0.00000000,0.00000000,0.00000000,0.19672961,0.00000000,0.00000000,0.00000000,0.00000000,0.00000000,0.00000000,0.00000000,0.00000000,0.00000000,0.00000000,0.00000000,0.00000000,0.00000000,0.00490027,0.00000000,0.00000000,0.00000000,0.00000000,0.00420169,0.00642339,0.00000000,0.00000000,0.00000000,0.00000000,0.00000000,0.00000000,0.00000000,0.00000000,0.00000000,0.00000000,0.00000000,0.00000000,0.00000000,0.00000000,0.00000000,0.03850302,0.00207048,0.00000000,0.00000000,0.00145589,0.00532769,0.00000000,0.00000000,0.00256547,0.00000000,0.00000000,0.00000000,0.00000000,0.00000000,0.80778892,0.00000000,0.00000000,0.00000000,0.00000000,0.00000000,0.00000000,0.00000000,0.00000000,0.00000000,0.00000000,0.00000000,0.00000000,0.00000000,0.00000000,0.00000000,0.03659100,0.00000000,0.00000000,0.15918006,0.00000000,0.00000000,0.00000000,0.00000000,0.00000000,0.00000000,0.00000000,0.00000000,0.00336071,0.00000000,0.00000000,0.00000000,0.00000000,0.00000000,0.00000000,0.00000000,0.00000000,0.00000000,0.00000000,0.00000000,0.00000000,0.00000000,0.00000000,0.00000000,0.00000000,0.00000000,0.00000000,0.00000000,0.00000000,0.00000000,0.00094516,0.00294252,0.00000000,0.00000000,0.00381771,0.00000000,0.00000000,0.00293216,0.00000000,0.00000000,0.00000000,0.00000000,0.00058101,0.00000000,0.00000000,0.00132718,0.00000000,0.00000000,0.00000000,0.00000000,0.00000000,0.00483626,0.00000000,0.00000000,0.00000000,0.00000000,0.00000000,0.00000000,0.00000000,0.00000000,0.00188525,0.00000000,0.00000000,0.00000000,0.00314064,0.00000000,0.00000000,0.00272064,0.00000000,0.00000000,0.00000000,0.00836746,0.00336964,0.00000000,0.00000000,0.00000000,0.00155792,0.00000000,0.00593310,0.00000000,0.00000000,0.05525729,0.00000000,0.01431874,0.00000000,0.00000000,0.00192853,0.00000000,0.00000000,0.00000000,0.00000000,0.00000000,0.00000000,0.00000000,0.00000000,0.00000000,0.00000000,0.00000000,0.00000000,0.00000000,0.00000000,0.00000000,0.00000000,0.00000000,0.00000000,0.00000000,0.00000000,0.00481521,0.00815255,0.00000000,0.00000000,0.00000000,0.00000000,0.00000000,0.00000000,0.00000000,0.00000000,0.00000000,0.00000000,0.00000000,0.00000000,0.00000000,0.00000000,0.07590447,0.00823588,0.00000000,0.00000000,0.00000000,0.00000000,0.00000000,0.00000000,0.00000000,0.00000000,0.00151796,0.00000000,0.00000000,0.00000000,0.00000000,0.00000000,0.00000000,0.00000000,0.00000000,0.00000000,0.00000000,0.00000000,0.00000000,0.00000000,0.01166315,0.00000000,0.00000000,0.00462052,0.01428871,0.00000000,0.00000000,0.00000000,0.00367182,0.00000000,0.00000000,0.00000000,3.31992419,0.00000000,0.09072122,0.00000000,0.00000000,0.00000000,0.00000000,0.00511644,0.00000000,0.00000000,0.00000000,0.00000000,0.00000000,0.00000000,0.00000000,0.00000000,0.00000000,0.00000000,0.00157425,0.00000000,0.00000000,0.00000000,0.00000000,0.00000000,0.00000000,0.00000000,0.00000000,0.00000000,0.00000000,0.00000000,0.00000000,0.00000000,0.13004293,0.00000000,0.00000000,0.00000000,0.00000000,0.00133459,0.00000000,0.02923700,0.00000000,0.00000000,0.00000000,0.00000000,0.00000000,0.00000000,0.00000000,0.00000000,0.00000000,0.00000000,0.00379641,0.00000000,0.01617036,0.00000000,0.00000000,0.00000000,0.00000000,0.00000000,0.00000000,0.00000000,0.00000000,0.00000000,0.00000000,0.00000000,0.00000000,0.04695864,0.00000000,0.00519546,0.00000000,0.00000000,0.00000000,0.00000000,0.03882493,0.00000000,0.00000000,0.00000000,0.00000000,0.00000000,0.00000000,0.00000000,0.00000000,0.00000000,0.00000000,0.00000000,0.00000000,0.00000000,0.00000000,2.60886993,0.00000000,0.00000000,0.00000000,0.00000000,0.00000000,0.00000000,0.00000000,0.28575436,0.00000000,0.00000000,0.00000000,0.00000000,0.00581549,0.00000000,0.00000000,0.00000000,0.00000000,0.00000000,0.00000000,0.00000000,0.00000000,0.00000000,0.00000000,0.00000000,0.00000000,0.00000000,0.00000000,0.00000000,0.00000000,0.00000000,0.00000000,0.00000000,0.00000000,0.00000000,0.00000000,0.00000000,0.00000000,0.04066791,0.00000000,0.00000000,0.00000000,0.00000000,0.00000000,0.00000000,0.00000000,0.00000000,0.00000000,0.00000000,0.00000000,0.00000000,0.00000000,0.00697458,0.00000000,0.00000000,0.00000000,0.00000000,0.00000000,0.00000000,0.00000000,0.00000000,0.00000000,0.00000000,0.02671735,0.00342495,0.00000000,0.00000000,0.00000000,0.00000000,0.00000000,0.00000000,0.00000000,0.00000000,0.00000000,0.00000000,0.00000000,0.00000000,0.00000000,0.00000000,0.00000000,0.05160180,0.00000000,0.00000000,0.00000000,0.00000000,0.00000000,0.00000000,0.00000000,0.00000000,0.00000000,0.00000000,0.00000000,0.00000000,0.00000000,0.00178837,0.04166906,0.02882022,0.00000000,0.00000000,0.00000000,0.00000000,0.00000000,0.00000000,0.00000000,0.00000000,0.00000000,0.00000000,0.00000000,0.00000000,0.00000000,0.00000000,0.00000000,0.00000000,0.00000000,0.00000000,0.00000000,0.00000000,0.00000000,0.00000000,0.00000000,0.00000000,0.00000000,0.00000000,0.00000000,0.00000000,0.00000000,0.00000000,0.00000000,0.00000000,0.00000000,0.00000000,0.00000000,0.00000000,0.00000000,0.00000000,0.00000000,0.00000000,0.00000000,0.00000000,0.00000000,0.00000000,0.00000000,0.00000000,0.00000000,0.00000000,0.00000000,0.00000000,0.00080145,0.06069481,0.00072955,0.00000000,0.00000000,0.00000000,0.00000000,0.00000000,0.00000000,0.00000000,0.00000000,0.00000000,0.00000000,0.00000000,0.00000000,0.00000000,0.00216678,0.00000000,0.00000000,0.00734137,0.00000000,0.00000000,0.00000000,0.00000000,0.00000000,0.00000000,0.00000000,0.00000000,0.00000000,0.05016965,0.00000000,0.00000000,0.00000000,0.11366410,0.00000000,0.00000000,0.00000000,0.00000000,0.00000000,0.00000000,0.00000000,0.00000000,0.00000000,0.00000000,0.00000000,0.00000000,0.00000000,0.00000000
0.08484999,0.00000000,0.00000000,0.00000000,0.00000000,0.00000000,0.00000000,0.00000000,0.00000000,0.00000000,0.00000000,0.00000000,0.00000000,0.07188964,0.00000000,0.00000000,0.00000000,0.00000000,0.00000000,0.00000000,0.00000000,0.03046809,0.00000000,0.00000000,0.00000000,0.00000000,0.00000000,0.00000000,0.00000000,0.01386543,0.00000000,0.00000000,0.00000000,0.00000000,0.00000000,0.00000000,0.00154784,0.16633421,0.00000000,0.00837683,0.00986091,0.00000000,0.00000000,0.00000000,0.00000000,0.00000000,0.00000000,0.00000000,0.00000000,0.00000000,0.00000000,0.00000000,0.00000000,0.00000000,0.00000000,0.00000000,0.00000000,0.00000000,0.02051880,0.00000000,0.00000000,0.00000000,0.00827366,0.00724835,0.00000000,0.00000000,0.00000000,0.00000000,0.00194974,0.00000000,0.00000000,0.00000000,0.00000000,0.00000000,0.00000000,0.00000000,0.00000000,0.04727196,0.00000000,0.00000000,0.00000000,0.00000000,0.00000000,0.00000000,0.00000000,0.00000000,0.00000000,0.00503175,0.00000000,0.00000000,0.00000000,0.00000000,0.00000000,0.00000000,0.01549124,0.00000000,0.00000000,0.00142997,0.00000000,0.00000000,0.00000000,0.00000000,0.00784428,0.00000000,0.00000000,0.00000000,0.00000000,0.00504343,0.00000000,0.00000000,0.00000000,0.00000000,0.00966463,0.00000000,0.00000000,0.00000000,0.00000000,0.00000000,0.00000000,0.00000000,0.00000000,0.66040749,0.00199419,0.00000000,0.00000000,0.25457439,0.00000000,0.00000000,0.00000000,0.00000000,0.00000000,0.00000000,0.00000000,0.00000000,0.00000000,0.00000000,0.00000000,0.00000000,0.00000000,0.00000000,0.00000000,0.00000000,0.00000000,0.00000000,0.00000000,0.00000000,0.00000000,0.00000000,0.00000000,0.00000000,0.00000000,0.00000000,0.00000000,0.00772092,0.00000000,1.19685723,0.00000000,0.00000000,0.00000000,0.00000000,0.00000000,0.00000000,0.00000000,0.00000000,0.00000000,0.00000000,0.00000000,0.00000000,0.00000000,0.00000000,0.00000000,0.00000000,0.00000000,0.00000000,0.00000000,0.00000000,0.00000000,0.00000000,0.00000000,0.00000000,0.00000000,0.00000000,0.00000000,0.00000000,0.00000000,0.00581199,0.00136762,0.00000000,0.01827927,0.00000000,0.00000000,0.00000000,0.00000000,0.00000000,0.00409256,0.00000000,0.00000000,0.00000000,0.00000000,0.00000000,0.00000000,0.02712694,0.00000000,0.00000000,0.00000000,0.00000000,0.01185778,0.00000000,0.00121005,0.00000000,0.00000000,0.00000000,0.00000000,0.00000000,0.00000000,0.00000000,0.00000000,0.00000000,0.00000000,0.00000000,0.00150975,0.06324052,0.00000000,0.00000000,0.00000000,0.00000000,0.00000000,0.00000000,0.01536258,0.00000000,0.00000000,0.00000000,0.00000000,0.05455884,0.00000000,0.01337970,0.00000000,0.00000000,0.00365746,0.00000000,0.65605518,0.00000000,0.00000000,0.00000000,0.00000000,0.00000000,0.00000000,0.00000000,0.00000000,0.00000000,0.00000000,0.00000000,0.06233230,0.00000000,0.00000000,0.00000000,0.00000000,0.00000000,0.00000000,0.00000000,0.00000000,0.00675760,0.00000000,0.00000000,0.00702410,0.00000000,0.00000000,0.00000000,0.00000000,0.00000000,0.00000000,0.00085599,0.02053932,0.00000000,0.00000000,0.00000000,0.00000000,0.00000000,0.00115914,0.00000000,0.01969213,0.00000000,0.00000000,0.00000000,0.00000000,0.00000000,0.00000000,0.00000000,0.00000000,0.00000000,0.31266310,0.00000000,0.00000000,0.00000000,0.00000000,0.00000000,0.00000000,0.00624072,0.00000000,0.00000000,0.00000000,0.00000000,0.00000000,0.07821043,0.00000000,0.00000000,0.99686539,0.02469664,0.00000000,0.00000000,0.00000000,0.00000000,0.00000000,0.00000000,0.00000000,0.00000000,0.00000000,0.00000000,0.00000000,0.00000000,0.00000000,0.00000000,0.00000000,0.00000000,0.00000000,0.00000000,0.00000000,0.00000000,0.00000000,0.00000000,0.00000000,0.00000000,0.00000000,0.00000000,0.00000000,0.00000000,0.00000000,0.00705362,0.00000000,0.00000000,0.00000000,0.00000000,0.00000000,0.00723526,0.00000000,0.00000000,0.00000000,0.00000000,0.00787989,0.00000000,0.00516157,0.00000000,0.00000000,0.00000000,0.00000000,0.00272093,0.00000000,0.00000000,0.00000000,0.00000000,0.00000000,0.00000000,0.00000000,0.04806434,0.00000000,0.00000000,0.00000000,0.00000000,0.00000000,0.00000000,0.01762458,0.00000000,0.00000000,0.00000000,0.00000000,0.00000000,0.00000000,0.00000000,0.00243096,0.00523219,0.00000000,0.00000000,0.01149640,0.00920546,0.00109399,0.00000000,0.00000000,0.00000000,0.00000000,0.00000000,0.00000000,0.00000000,0.00000000,0.00000000,0.00000000,0.00000000,0.00000000,0.00000000,0.00000000,0.00000000,0.00000000,0.00000000,0.00000000,0.00000000,0.05165640,0.00000000,0.00000000,0.00000000,0.00000000,0.00000000,0.01498790,0.00000000,0.00000000,0.00000000,0.00000000,0.00000000,0.00000000,0.00000000,0.00000000,0.00000000,0.00000000,0.00000000,0.01744753,0.00000000,0.00223513,0.00000000,0.00000000,0.00000000,0.00000000,0.00000000,0.00527136,0.00000000,0.00000000,0.00000000,0.00000000,0.00000000,0.00000000,0.00000000,0.00000000,0.00000000,0.00000000,0.00000000,0.00000000,0.00596305,0.00000000,0.00000000,0.00000000,0.00437365,0.00000000,0.00000000,0.00000000,0.00000000,0.00000000,0.00000000,0.00000000,0.00000000,0.00000000,0.08820734,0.00000000,0.00000000,0.03232243,0.00000000,0.00000000,0.00000000,0.00000000,0.00000000,0.00000000,0.01193665,0.00162205,0.00000000,0.00000000,0.00000000,0.00000000,0.00000000,0.00158721,0.00000000,0.00000000,0.00000000,0.00000000,0.00000000,0.00000000,0.00000000,0.00000000,0.00000000,0.00000000,0.00000000,0.00000000,0.00000000,0.00000000,0.02368540,0.00000000,0.00480075,0.00000000,0.00000000,0.00000000,0.00000000,0.00000000,0.00000000,0.00000000,0.00000000,0.00000000,0.00000000,0.00000000,0.00000000,0.00335631,0.00000000,0.00000000,0.00000000,0.00000000,0.00000000,0.00000000,0.00123411,0.00000000,0.00000000,0.00000000,0.00000000,0.00000000,0.00000000,0.00275802,0.00000000,0.00000000,0.00000000,0.00717763,0.00290994,0.00000000,0.00000000,0.00000000,0.00000000,0.00000000,0.00000000,0.00000000,0.00000000,0.00000000,0.00000000,0.01817612,0.00000000,0.00000000,0.00000000,0.00000000,0.00000000,0.00327369,0.00000000,0.00000000,0.00000000,0.00000000,0.00000000,0.00000000,0.00000000,0.00000000,0.00000000,0.00000000,0.00000000,0.00000000,0.00000000,0.00000000,0.00000000,0.00000000,0.00000000,0.00000000,0.00000000,0.00000000,0.00000000,0.00000000,0.00000000,0.00000000,0.00000000,0.00000000,0.01338017,0.00000000,0.00000000,0.00000000,0.00000000,0.00000000,0.00000000,0.00000000,0.00000000,0.00000000,0.00000000,0.21250846,0.00000000,0.00000000,0.00000000,0.00000000,0.00000000,0.00000000,0.00000000,0.00133562,0.00000000,0.00000000,0.00000000,0.00000000,0.00000000,0.00000000,0.00000000,0.00000000,0.00000000,0.00000000,0.00000000,0.00000000,0.00000000,0.01509836,0.00000000,0.00108370,0.00000000,0.00000000,0.00000000,1.37153657,0.00000000,0.00000000,0.00000000,0.00000000,0.00000000,0.00000000,0.00000000,0.00000000,0.00000000,0.00836240,0.00000000,0.00000000,0.00320025,0.00000000,0.00000000,0.00000000,0.00000000,0.00173195,0.00000000,0.00000000,0.00000000,0.00000000,0.00000000,0.00000000,0.00000000,0.00000000,0.00000000,0.07537444,0.00000000,0.00000000,0.00637269,0.00000000,0.01860545,0.00000000,0.00000000,0.00000000,0.00000000,0.00000000,0.00180646,0.03932319,0.01454475,0.00000000,0.00000000,0.00000000,0.00000000,0.00000000,0.00000000,0.00141978,0.00000000,0.00000000,0.00000000,0.00000000,0.00000000,0.00000000,0.00000000,0.00000000,0.00000000,0.00000000,0.01682108,0.00000000,0.00000000,0.00000000,0.00000000,0.00000000,0.00000000,0.00000000,0.00000000,0.00000000,0.00000000,0.00000000,0.00000000,0.00481841,0.00000000,0.00000000,0.00000000,0.00000000,0.00000000,0.00000000,0.00000000,0.00000000,0.00000000,0.00000000,0.00000000,0.00000000,0.00000000,0.00000000,0.00000000,0.00000000,0.00000000,0.00164743,0.00523880,0.00000000,0.00000000,0.00131827,0.00000000,0.00000000,0.00000000,0.00000000,0.00000000,0.00000000,0.00000000,0.00000000,0.00000000,0.00000000,0.00000000,0.00000000,0.00000000,0.00000000,0.00000000,0.00000000,0.00000000,0.00000000,0.00000000,0.00000000,0.00000000,0.00000000,0.00000000,0.00000000,0.00673731,0.00000000,0.00000000,0.00000000,0.00000000,0.00000000,0.00000000,0.00000000,0.00000000,0.00000000,0.00000000,0.00000000,0.00000000,0.17861195,0.00000000,0.00000000,0.00000000,0.00000000,0.00000000,0.00000000,0.00000000,0.00000000,0.00000000,0.00000000,0.00000000,0.00000000,0.00000000,0.00000000,0.00000000,0.00000000,0.00000000,0.00000000,0.00000000,0.00254442,0.00000000,0.00000000,0.00000000,0.00000000,0.00575103,0.00000000,0.00000000,0.00496551,0.00000000,0.00000000,0.00000000,0.00242419,0.00000000,0.00111676,0.01605684,0.01217354,0.00000000,0.00000000,0.00000000,0.00000000,0.00000000,0.00000000,0.00000000,0.00000000,0.00000000,0.00000000,0.00000000,0.00000000,0.00000000,0.00000000,0.00000000,0.00000000,0.00000000,0.01953681,0.00000000,0.00000000,0.00000000,0.00000000,0.00000000,0.00000000,0.00000000
0.76164042,0.00000000,0.00000000,0.00000000,0.11993225,0.00000000,0.00000000,0.00000000,0.00000000,0.00855103,0.01456285,0.00000000,0.00000000,0.00000000,0.00000000,0.00000000,0.00000000,0.00000000,0.00000000,0.00000000,0.00266894,0.00000000,0.00000000,0.01961390,0.00000000,0.00000000,0.00000000,0.00000000,0.02141674,0.21961365,0.00000000,0.00127880,0.00000000,0.00000000,0.00000000,0.00000000,0.00000000,0.00000000,0.00000000,0.00000000,0.00000000,0.00000000,0.00000000,0.00000000,0.00000000,0.00000000,0.00000000,0.00000000,0.00132869,0.00000000,0.00000000,0.00445564,0.00000000,0.00000000,0.00000000,0.00000000,0.00000000,0.00000000,0.00000000,0.00000000,0.00000000,0.00000000,0.00000000,0.00000000,0.00000000,0.00617761,0.00000000,0.00000000,0.00987986,0.00000000,0.00000000,0.00000000,0.00000000,0.00000000,0.00000000,0.00000000,0.00000000,0.00000000,0.00000000,0.00000000,0.00000000,0.00000000,0.22025532,0.00000000,0.00000000,0.00000000,0.00000000,0.00000000,0.00276293,0.00000000,0.00000000,0.00000000,0.00000000,0.00000000,0.07848064,0.00224361,0.00000000,0.00000000,0.00000000,0.00506993,0.00000000,0.00185924,0.00000000,0.00000000,0.00000000,0.03369093,0.00000000,0.00000000,0.00000000,0.00000000,0.00000000,0.00000000,0.00000000,0.00000000,0.00000000,0.00000000,0.00000000,0.00000000,0.00000000,0.00000000,0.00000000,0.00000000,0.00000000,0.00000000,0.00000000,0.00000000,0.00000000,0.00000000,0.00000000,0.00000000,0.00000000,0.00000000,0.00000000,0.00000000,0.00000000,0.00000000,0.05630004,0.00000000,0.00000000,0.00000000,0.00000000,0.00000000,0.00000000,0.00000000,0.00000000,0.00000000,0.01654299,0.00497630,0.00000000,0.01811127,0.03899044,0.00000000,0.00000000,0.00000000,0.00000000,0.00000000,0.00000000,0.00000000,0.00000000,0.00000000,0.00000000,0.00000000,0.00000000,0.00000000,0.00000000,0.00000000,0.00000000,0.00000000,0.00000000,0.00000000,0.00000000,0.01005461,0.00000000,0.00000000,0.00000000,0.00000000,0.00000000,0.00000000,0.00101196,0.00588866,0.00000000,0.00000000,0.00000000,0.00000000,0.00466787,0.00000000,0.00000000,0.00000000,0.00000000,0.00000000,0.00000000,0.00000000,0.00000000,0.00000000,0.00000000,0.00000000,0.00000000,0.00000000,0.00000000,0.00000000,0.00000000,0.00000000,0.01771968,0.00000000,0.00000000,0.00000000,0.00000000,0.00000000,0.00000000,0.00000000,0.00137466,0.00000000,0.00000000,0.01481273,0.00000000,0.00000000,0.00000000,0.00000000,0.00000000,0.00000000,0.00000000,0.00000000,0.00000000,0.00000000,0.00000000,0.00320418,0.00000000,0.00000000,0.00306249,0.00000000,0.00000000,0.00538059,0.00000000,0.00000000,0.00000000,0.00844704,0.00272119,0.00000000,0.00000000,0.00000000,0.00365645,0.00000000,0.00904850,0.00000000,0.03797494,0.00000000,0.04198738,0.00000000,0.00000000,0.02018529,0.00000000,0.00000000,0.00000000,0.00000000,0.00000000,0.00000000,0.00000000,0.00000000,0.00000000,0.00000000,0.00000000,0.00000000,0.00000000,0.00000000,0.00000000,0.00000000,0.00000000,0.00000000,0.00000000,0.00000000,0.00000000,0.00000000,0.01551482,0.00000000,0.00000000,0.00000000,0.00000000,0.00000000,0.00000000,0.00000000,0.00000000,0.14183216,0.00000000,0.00000000,0.00000000,0.00338624,0.00000000,0.02727956,0.00000000,0.01140868,0.00000000,0.00000000,0.00000000,0.00000000,0.00000000,0.00000000,0.00000000,0.00000000,0.05864732,0.00000000,0.00000000,0.00000000,0.00000000,0.00437572,0.00000000,0.00000000,0.16571952,0.00000000,0.00000000,0.00000000,0.00000000,0.00000000,0.00989414,0.00000000,0.00000000,0.00000000,0.00000000,0.00000000,0.00000000,0.00000000,0.00000000,0.00000000,0.00778521,0.00000000,0.00308823,0.00000000,0.00000000,0.00000000,0.00000000,0.00000000,0.00000000,0.01031892,0.00000000,0.00000000,0.00979102,0.00000000,0.00000000,0.00000000,0.00000000,0.00000000,0.00000000,0.00000000,0.00000000,0.00460874,0.00000000,0.00000000,0.00000000,0.00000000,0.00000000,0.00000000,0.00000000,0.00000000,0.00000000,0.00000000,0.00000000,0.00000000,0.00000000,0.00000000,0.00000000,0.00000000,0.07288875,0.00000000,0.00000000,0.00000000,0.00000000,0.00000000,0.16853856,0.00000000,0.00000000,0.00413071,0.00000000,0.00000000,0.01557694,0.00000000,0.00000000,0.00000000,0.00000000,0.00000000,0.00000000,0.00000000,0.00000000,0.00000000,0.00000000,0.00000000,0.00000000,0.00000000,0.00000000,0.00000000,0.00000000,0.00000000,0.00000000,0.00000000,0.00000000,0.00000000,0.00000000,0.00000000,0.00000000,0.00000000,0.00000000,0.00544224,0.00000000,0.00000000,0.00000000,0.00000000,0.00000000,0.00000000,0.00000000,0.00732093,0.00000000,0.00000000,0.00000000,0.00100169,0.00555674,0.00000000,0.00000000,0.00000000,0.01615616,0.00000000,0.00000000,0.00000000,0.00224247,0.00000000,0.00000000,0.00000000,0.00000000,0.00000000,0.00611427,0.00000000,0.16538077,0.00000000,0.00000000,0.00000000,0.00000000,0.00000000,0.06522646,0.00000000,0.00000000,0.00000000,0.00000000,0.00000000,0.00000000,0.00000000,0.00000000,0.00000000,0.00000000,0.00000000,0.00000000,0.00000000,0.00000000,0.00000000,0.00687482,0.00000000,0.00000000,0.00000000,0.00000000,0.00000000,0.00000000,0.00000000,0.00000000,0.00000000,0.00000000,0.00000000,0.01613579,0.00000000,0.02018107,0.00000000,0.00000000,0.00965368,0.00000000,0.00000000,0.00000000,0.00000000,0.08803046,0.00000000,0.00000000,0.00000000,0.00000000,0.00000000,0.00000000,0.00000000,0.00000000,0.00000000,0.00000000,0.00000000,0.00000000,0.00443928,0.00000000,0.00000000,0.00000000,0.14803826,0.00000000,0.00000000,0.00000000,0.00000000,0.00000000,0.00000000,0.00757198,0.00000000,0.00000000,0.00000000,0.00000000,0.00000000,0.00000000,0.00000000,0.00000000,0.00000000,0.00000000,0.00000000,0.00000000,0.00000000,0.00000000,0.00000000,0.00000000,0.00000000,0.00000000,0.00000000,0.00239888,0.00000000,0.00000000,0.00000000,0.00741916,0.00000000,0.00923787,0.00000000,0.00000000,0.00000000,0.00000000,0.00000000,0.00000000,0.00000000,0.00000000,0.00000000,0.00000000,0.00000000,0.00000000,0.00000000,0.00000000,0.00000000,0.03577881,0.00000000,0.00000000,0.00000000,0.00550244,0.00000000,0.00000000,0.00000000,0.00000000,0.00000000,0.00000000,0.00000000,0.00000000,0.00000000,0.00000000,0.00000000,0.00529427,0.00000000,0.00000000,0.00000000,0.04698305,0.00000000,0.00000000,0.00000000,0.04325675,0.00550408,0.00000000,0.00000000,0.00000000,0.00000000,0.00000000,0.00000000,0.00460815,0.00000000,0.00000000,0.00000000,0.00403952,0.00363107,0.00000000,0.00000000,0.00000000,0.00000000,0.00000000,0.00000000,0.00000000,0.00000000,0.00000000,0.00000000,0.02961450,0.00000000,0.00000000,0.00000000,0.00000000,0.00000000,0.00000000,0.00000000,0.00000000,0.00000000,0.00000000,0.00000000,0.00000000,0.00000000,0.02375019,0.00000000,0.00000000,0.00108196,0.00000000,0.00000000,0.00000000,0.00000000,0.00000000,0.00000000,0.00348666,0.00000000,0.00000000,0.00000000,0.00000000,0.00000000,0.00277244,0.00000000,0.00000000,0.00000000,0.00000000,0.00000000,0.00000000,0.00000000,0.01747036,0.00000000,0.03466076,0.00000000,0.00000000,0.00000000,0.00000000,0.00000000,0.00000000,0.01553883,0.00000000,0.00000000,0.00354649,0.00000000,0.01254870,0.00000000,0.00000000,0.00000000,0.00000000,0.00000000,0.00000000,0.00000000,0.00000000,0.00000000,0.00000000,0.00000000,0.00000000,0.00000000,0.00000000,0.00771547,0.00159983,0.00000000,0.00000000,0.00000000,0.00000000,0.00000000,0.00000000,0.00000000,0.00159264,0.00000000,0.00000000,0.00000000,0.00000000,0.00752575,0.00000000,0.00000000,0.00000000,0.00000000,0.00000000,0.39458055,0.00000000,0.00000000,0.00000000,0.00000000,0.00000000,0.00000000,0.00000000,0.00000000,0.00000000,0.00000000,0.00536236,0.00000000,0.00000000,0.00000000,0.00000000,0.00000000,0.00000000,0.00000000,0.00000000,0.00000000,0.00000000,0.00000000,0.00000000,0.00000000,0.00000000,0.00000000,0.00000000,0.00000000,0.00000000,0.00000000,0.00000000,0.00000000,0.00000000,0.00000000,0.00000000,0.00000000,0.00000000,0.00000000,0.00000000,0.00000000,0.00000000,0.00000000,0.00000000,0.00000000,0.00000000,0.00000000,0.00000000,0.00000000,0.00000000,0.00000000,0.00000000,0.00000000,0.00000000,0.00000000,0.00000000,0.00000000,0.00000000,0.00000000,0.00000000,0.13986725,0.00000000,0.00000000,0.00000000,0.00224989,0.00000000,0.00000000,0.00000000,0.00000000,0.00000000,0.00000000,0.00000000,0.03769015,0.00000000,0.00000000,0.00000000,0.00000000,0.00000000,0.00000000,0.00000000,0.07163890,0.00000000,0.00000000,0.00000000,0.00000000,0.00000000,0.00000000,0.00000000,0.00000000,0.01901883,0.00633764,0.00000000,0.00000000,0.00000000,0.00000000,0.00098460,0.00000000,0.00000000,0.00000000,0.00000000,0.00000000,0.00000000,0.00000000,0.00000000,0.00000000,0.00000000,0.00000000,0.00000000,0.00000000,0.00000000,0.04762152,0.00000000,0.00000000,0.00000000,0.00000000,0.00000000,0.00000000,0.01131608,0.00000000,0.00000000,0.00000000,0.00000000,0.00000000,0.00000000,0.00000000,0.00000000,0.00000000
0.00699702,0.00000000,0.03860721,0.00000000,0.00000000,0.12634752,0.00000000,0.00000000,0.00000000,0.04280662,0.04206365,0.00000000,0.00000000,0.00000000,0.00000000,0.00000000,0.00143943,0.01904236,0.00361701,0.00000000,0.00000000,0.00000000,0.00000000,0.00000000,0.00000000,0.00000000,0.00000000,0.00000000,0.00000000,0.00000000,0.00000000,0.00000000,0.03148308,0.00000000,0.00000000,0.00000000,0.00000000,0.00000000,0.00000000,0.00000000,0.01549235,0.04367712,0.00000000,0.00000000,0.00000000,0.00000000,0.00000000,0.00000000,0.00000000,0.00000000,0.02063243,0.00000000,0.00191298,0.00000000,0.00000000,0.00000000,0.00000000,0.00000000,0.00000000,0.00000000,0.00000000,0.00000000,0.00000000,0.01179226,0.00000000,0.00000000,0.00000000,0.01275698,0.00000000,0.00000000,0.00000000,0.00000000,0.00000000,0.00000000,0.00000000,0.00000000,0.00000000,0.00876927,0.00000000,0.00000000,0.00000000,0.00000000,0.00000000,0.00000000,0.00000000,0.01161427,0.00000000,0.00000000,0.00000000,0.00000000,0.00000000,0.00000000,0.00000000,0.00000000,0.00000000,0.00000000,0.00000000,0.00450740,0.00000000,0.00309064,0.00000000,0.00000000,0.00000000,0.00000000,0.00000000,0.00000000,0.00000000,1.50300420,0.01633470,0.00000000,0.00000000,0.00000000,0.00000000,0.00000000,0.00625714,0.00000000,0.00000000,0.00000000,0.00000000,0.00000000,0.00000000,0.00000000,0.00000000,0.00000000,0.00000000,0.00000000,0.00000000,0.00000000,0.00000000,0.00000000,0.00000000,0.00000000,0.00000000,0.00000000,0.00079117,0.00000000,0.00000000,0.00000000,0.00000000,0.00000000,0.00000000,0.00000000,0.00000000,0.00000000,0.00000000,0.00000000,0.00000000,0.00000000,0.00000000,0.00000000,0.02683841,0.00000000,0.00000000,0.00000000,0.00000000,0.00000000,0.00000000,0.00000000,0.00000000,0.00505844,0.00000000,0.00000000,0.00000000,0.00000000,0.00000000,0.00000000,0.00000000,0.00000000,0.00000000,0.02334293,0.00000000,0.00000000,0.00142638,0.01112553,0.00000000,0.00000000,0.00000000,0.00000000,0.00000000,0.00000000,0.00000000,0.00000000,0.00737723,0.00000000,0.00000000,0.00000000,0.00574536,0.00000000,0.12167667,0.00000000,0.00000000,0.00000000,0.00000000,0.00000000,0.00695357,0.00000000,0.00320376,0.00000000,0.00000000,0.00000000,0.00000000,0.00086614,0.00000000,0.00000000,0.00432944,0.00000000,0.00000000,0.00000000,0.00000000,0.00000000,0.00000000,0.00000000,0.00000000,0.00000000,0.00000000,0.00000000,0.00089315,0.00000000,0.00000000,0.00000000,0.00000000,0.00000000,0.00000000,0.00000000,0.00000000,0.00000000,0.00000000,0.00000000,0.00000000,0.00000000,0.00000000,0.00000000,0.00612193,0.00000000,0.00000000,0.00000000,0.00000000,0.00000000,0.00000000,0.00000000,0.00000000,0.00000000,0.00000000,0.00000000,0.01045393,0.00000000,0.00000000,0.00000000,0.00000000,0.00000000,0.00000000,0.00000000,0.07025511,0.00000000,0.00239297,0.17225113,0.00000000,0.00000000,0.00000000,0.00000000,0.00000000,0.00000000,0.00000000,0.00000000,0.00000000,0.00000000,0.00000000,0.00000000,0.01979122,0.00000000,0.00000000,0.00000000,0.00000000,0.00000000,0.00000000,0.00000000,0.00000000,0.00169341,0.00000000,0.00000000,0.93352711,0.00000000,0.00000000,0.00502893,0.00000000,0.00000000,0.00000000,0.00000000,0.00000000,0.00000000,0.00000000,0.00000000,0.00000000,0.07198545,0.00696005,0.00000000,0.00000000,0.00000000,0.00000000,0.00000000,0.00000000,0.00000000,0.00000000,0.00000000,0.00000000,0.01731247,0.00000000,0.00000000,0.02258563,0.00000000,0.00000000,0.00000000,0.00000000,0.00000000,0.00000000,0.00000000,0.00000000,0.00000000,0.00000000,0.00000000,0.00850517,0.00000000,0.00000000,0.00000000,0.00054514,0.00000000,0.00000000,0.00000000,0.00000000,0.00000000,0.00000000,0.00000000,0.00000000,0.00000000,0.00000000,0.00000000,0.00000000,0.00000000,0.00000000,0.00000000,0.00000000,0.00000000,0.00000000,0.00000000,0.00000000,0.00000000,0.00000000,0.00000000,0.04240364,0.00000000,0.00000000,0.00000000,0.00545197,0.00000000,0.00398413,0.00000000,0.00000000,0.00000000,0.00000000,0.00000000,0.00000000,0.00000000,0.00000000,0.00000000,0.00000000,0.00000000,0.00000000,0.00000000,0.00000000,0.00433523,0.00000000,0.00000000,0.00000000,0.00000000,0.00000000,0.02358163,0.00000000,0.00000000,0.00529641,0.00000000,0.00000000,0.00000000,0.00000000,0.81911477,0.01854228,0.00000000,0.00000000,0.00000000,0.00000000,0.00000000,0.00000000,0.00000000,0.00000000,0.00000000,0.00000000,0.00383377,0.00000000,0.00000000,0.00000000,0.00000000,0.00000000,0.00000000,0.00000000,0.00744278,0.00000000,0.00000000,0.00000000,0.00000000,0.00000000,0.01237310,0.00000000,0.00000000,0.00000000,0.00000000,0.00000000,0.00000000,0.00000000,0.00000000,0.00000000,0.00000000,0.00000000,0.00000000,0.00000000,0.00000000,0.00000000,0.00000000,0.00000000,0.00000000,0.00000000,0.00530016,0.00541871,0.00000000,0.00000000,0.00596359,0.00000000,0.00000000,0.00000000,0.00000000,0.01019569,0.00367394,0.00000000,0.00000000,0.00000000,0.00000000,0.00000000,0.00000000,0.00000000,0.02216267,0.00000000,0.00000000,0.11130965,0.00000000,0.00000000,0.00000000,0.00000000,0.00000000,0.00000000,0.00000000,0.00000000,0.00000000,0.00000000,0.33330534,0.00000000,0.00000000,0.00000000,0.00000000,0.00000000,0.00000000,0.00000000,0.00000000,0.00000000,0.00000000,0.00000000,0.00000000,0.00000000,0.00000000,0.00000000,0.00000000,0.00401599,0.00000000,0.00000000,0.00000000,0.00000000,0.03991164,0.02343910,0.00000000,0.00000000,0.00000000,0.00000000,0.00000000,0.00000000,0.00000000,0.00000000,0.00000000,0.00000000,0.00000000,0.00000000,0.00000000,0.00000000,0.00000000,0.00000000,0.00000000,0.00000000,0.00000000,0.00000000,0.00000000,0.00000000,0.00000000,0.00000000,0.00000000,0.00000000,0.05581594,0.00000000,0.00446462,0.00000000,0.00000000,0.00000000,0.00000000,0.00000000,0.00000000,0.00000000,0.00000000,0.00000000,0.00000000,0.00196535,0.00000000,0.00000000,0.00000000,0.01728840,0.00415544,0.00000000,0.00000000,0.00000000,0.00000000,0.00000000,0.00000000,0.00000000,0.00000000,0.00000000,0.00000000,0.00000000,0.00000000,0.00000000,0.00000000,0.00000000,0.00000000,0.00000000,0.00000000,0.00000000,0.00000000,0.00000000,0.00000000,0.00000000,0.00000000,0.00345976,0.00000000,0.00000000,0.00000000,0.00081541,0.00000000,0.00000000,0.00000000,0.00000000,0.00000000,0.00000000,0.00000000,0.00000000,0.00000000,0.00000000,0.00000000,0.00000000,0.00000000,0.00000000,0.00573597,0.00000000,0.00000000,0.00000000,0.00000000,0.00000000,0.00348611,0.00000000,0.00000000,0.00000000,0.00000000,0.00000000,0.00000000,0.00000000,0.00000000,0.00000000,0.00000000,0.00000000,0.01235120,0.00000000,0.00000000,0.00000000,0.00000000,0.00415391,0.00000000,0.00000000,0.06403788,0.00000000,0.00000000,0.00000000,0.00000000,0.00000000,0.00000000,0.00000000,0.00000000,0.01891821,0.00000000,0.00000000,0.00000000,0.00000000,0.00000000,0.01869085,0.00000000,0.00000000,0.00000000,0.00000000,0.00000000,0.00000000,0.00000000,0.00000000,0.00000000,0.00000000,0.00000000,0.00000000,0.00000000,0.00000000,0.00000000,0.00000000,0.00000000,0.00000000,0.00000000,0.00000000,0.00000000,0.00000000,0.00000000,0.00000000,0.00000000,0.00000000,0.00000000,0.00000000,0.00000000,0.01580230,0.00000000,0.01908905,0.00000000,0.00000000,0.00000000,0.00000000,0.00470441,0.00000000,0.00000000,0.00000000,0.00000000,0.00000000,0.00398439,0.00000000,0.00000000,0.00000000,0.00526427,0.00000000,0.00000000,0.00000000,0.00000000,0.00000000,0.00000000,0.00000000,0.00000000,0.20311873,0.00196123,0.00180105,0.00240990,0.00000000,0.00000000,0.00000000,0.00000000,0.00000000,0.00000000,0.00000000,0.00000000,0.00000000,0.00000000,0.00000000,0.00000000,0.00000000,0.00000000,0.00000000,0.00000000,0.00098464,0.00000000,0.00000000,0.00000000,0.00000000,0.00000000,0.00000000,0.00000000,0.00000000,0.00000000,0.00000000,0.00000000,0.00000000,0.00503246,0.00000000,0.00000000,0.00000000,0.00559362,0.00000000,0.00000000,0.00000000,0.00000000,0.00000000,0.00000000,0.00000000,0.00000000,0.02397740,0.00421163,0.00411231,0.00000000,0.00000000,0.00000000,0.00000000,0.00000000,0.00000000,0.00112736,0.00000000,0.00000000,0.00000000,0.00000000,0.00000000,0.00000000,0.00000000,0.00000000,0.00000000,0.00000000,0.00000000,0.00000000,0.05632513,0.00000000,0.00000000,0.00000000,0.00000000,0.00000000,0.00000000,0.00000000,0.00395289,0.00000000,0.00000000,0.00000000,0.00000000,0.00000000,0.00000000,0.00000000,0.00000000,0.00000000,0.00000000,0.00000000,0.00000000,0.00000000,0.00000000,1.08100904,0.00000000,0.00000000,0.00000000,0.02383631,0.00000000,0.04628432,0.00000000,0.00000000,0.00000000,0.00000000,0.00000000,0.00000000,0.00000000,0.00000000,0.00000000,0.00000000,0.00000000,0.00000000,0.00384978,0.00000000,0.00546950,0.00000000,0.00000000,0.00000000,0.06984518,0.00000000,0.00000000,0.00000000,0.00000000,0.01361753,0.00915326,0.00000000,0.00000000,0.00000000,0.18402370,0.00000000,0.00000000,0.00000000
0.00000000,0.01686478,0.00000000,0.00000000,0.00000000,0.00000000,0.00000000,0.00000000,0.00000000,0.00318759,0.00000000,0.00000000,0.01002521,0.00000000,0.02188613,0.00000000,0.00000000,0.00000000,0.00000000,0.00000000,0.00000000,0.00000000,0.00000000,0.00000000,0.17871694,0.00000000,0.00000000,0.00000000,0.00000000,0.00000000,0.00000000,0.00000000,0.00000000,0.04926135,0.00000000,0.00000000,0.01812564,0.01348569,0.00000000,0.00000000,0.00000000,0.00000000,0.00000000,0.00000000,0.00000000,0.00000000,0.00000000,0.00000000,0.00000000,0.00000000,0.00000000,0.00000000,0.01866431,0.00101750,0.00000000,0.00000000,0.00000000,0.01681588,0.00000000,0.00000000,0.06254719,0.00000000,0.00000000,0.00000000,0.00000000,0.00000000,0.00000000,0.00000000,0.00000000,0.00000000,0.00000000,0.00000000,0.00000000,0.00000000,0.00868508,0.00000000,0.00934042,0.00000000,0.00000000,0.00000000,0.00000000,0.00000000,0.00000000,0.00000000,0.00000000,0.00000000,0.00000000,0.00000000,0.00000000,0.00000000,0.00000000,0.00000000,0.00000000,0.00000000,0.12949692,0.00000000,0.00000000,0.00000000,0.03521619,0.00000000,0.00000000,0.00000000,0.00000000,0.00000000,0.00000000,0.00000000,0.00000000,0.00000000,0.00000000,0.00387316,0.00000000,0.00000000,0.00000000,0.00252558,0.00000000,0.00000000,0.00000000,0.00000000,0.00000000,0.00000000,0.00000000,0.00000000,0.00000000,0.00000000,0.00000000,0.00000000,0.00000000,0.00000000,0.00000000,0.00000000,0.00000000,0.00000000,0.00000000,0.00000000,0.00000000,0.00000000,0.00000000,0.00000000,0.00000000,0.00000000,0.00000000,0.00000000,0.00000000,0.00000000,0.00000000,0.00000000,0.00000000,0.00000000,0.00000000,0.00000000,0.00000000,0.00000000,0.00000000,0.00000000,0.00871175,0.02316393,0.10658033,0.00000000,0.00000000,0.02674035,0.00000000,0.00000000,0.00000000,0.00000000,0.00000000,0.09284451,0.00000000,0.00089371,0.00000000,0.00000000,0.00000000,0.00000000,0.00000000,0.00000000,0.00000000,0.00000000,0.03491283,0.00000000,0.00251853,0.00000000,0.00000000,0.01253290,0.00000000,0.00000000,0.00000000,0.00000000,0.00000000,0.00000000,0.00000000,0.00000000,0.00000000,0.00000000,0.00000000,0.00000000,0.00761503,0.00000000,0.00000000,0.00000000,0.00000000,0.00000000,0.00000000,0.00000000,0.01787693,0.00000000,0.00000000,0.00000000,0.00000000,0.00000000,0.00000000,0.00000000,0.00000000,0.00000000,0.00000000,0.00000000,0.00000000,0.00000000,0.00000000,0.00000000,0.00000000,0.00000000,0.00127917,0.00000000,0.00000000,0.00000000,0.00000000,0.00000000,0.03722926,0.04225550,0.00000000,0.00000000,0.00000000,0.00000000,0.00000000,0.00713084,0.00256309,0.00229992,0.00000000,0.00000000,0.00000000,0.00000000,0.00000000,0.00000000,0.20687570,0.00000000,0.00000000,0.00000000,0.00000000,0.04369836,0.00000000,0.00000000,0.00000000,0.00000000,0.00000000,0.00000000,0.00000000,0.00000000,0.00000000,0.00000000,0.00000000,0.00000000,0.00000000,0.00000000,0.00000000,0.00000000,0.00000000,0.00000000,0.00000000,0.00000000,0.00267193,0.00000000,0.00096876,0.00000000,0.00000000,0.00000000,0.00000000,0.00000000,0.00000000,0.00000000,0.00000000,0.00097119,0.00589431,0.00000000,0.00000000,0.00000000,0.00000000,0.00000000,0.00346940,0.00000000,0.00000000,0.00000000,0.00000000,0.00365145,0.00000000,0.00000000,0.00000000,0.00000000,0.02780579,0.00000000,0.00000000,0.00000000,0.00000000,0.00848967,0.00000000,0.00000000,0.00000000,0.02503377,0.00000000,0.00000000,0.00000000,0.00000000,0.00000000,0.00000000,0.00000000,0.00000000,0.00000000,0.00000000,0.00000000,0.00000000,0.01923029,0.00108945,0.00196143,0.00000000,0.00000000,0.00366585,0.00194389,0.00000000,0.00000000,0.00000000,0.00000000,0.00000000,0.00000000,0.00000000,0.00000000,0.00000000,0.00000000,0.00000000,0.00000000,0.00000000,0.00000000,0.00000000,0.01923553,0.00000000,0.00000000,0.00000000,0.00000000,0.00000000,0.00000000,0.00000000,0.00000000,0.21639219,0.00000000,0.00000000,0.00000000,0.00000000,0.00000000,0.00000000,0.00000000,0.00000000,0.00000000,0.00000000,0.00000000,0.06155834,0.00000000,0.00000000,0.00000000,0.00000000,0.00000000,0.00846566,0.00000000,0.20198851,0.00000000,0.00000000,0.00000000,0.00000000,0.00000000,0.00000000,0.00000000,0.00000000,0.00000000,0.00320020,0.00000000,0.00000000,0.00000000,0.02120942,0.00000000,0.00000000,0.00000000,0.00448460,0.00000000,0.00000000,0.00000000,0.00000000,0.00000000,0.00000000,0.00000000,0.00000000,0.00000000,0.00000000,0.00000000,0.00000000,0.00000000,0.00000000,0.00000000,0.00000000,0.04872020,0.00000000,0.00000000,0.00000000,0.00000000,0.00000000,0.00000000,0.00000000,0.00000000,0.00000000,0.00224582,0.00000000,0.00000000,0.00000000,0.00000000,0.00000000,0.00000000,0.00000000,0.00000000,0.00000000,0.00000000,0.00000000,0.00000000,0.00000000,0.00000000,0.00000000,0.00000000,0.00000000,0.00091045,0.00000000,0.00000000,0.00000000,0.00000000,0.00000000,0.00140582,0.00000000,0.00000000,0.00000000,0.00000000,0.00000000,0.00000000,0.00000000,0.00000000,0.00000000,0.00000000,0.00000000,0.00000000,0.00000000,0.00000000,0.00000000,0.00000000,0.00303338,0.00000000,0.00000000,0.00000000,0.00534806,0.00000000,0.00000000,0.00000000,0.00000000,0.00000000,0.00000000,0.00000000,0.00000000,0.00000000,0.00000000,0.00000000,0.00000000,0.00000000,0.00000000,0.00087419,0.00000000,0.00000000,0.01502204,0.00233049,0.00000000,0.00000000,0.00000000,0.00000000,0.00000000,0.00000000,0.00000000,0.00000000,0.00000000,0.00000000,0.00000000,0.00000000,0.03584486,0.00000000,0.00000000,0.00000000,0.00000000,0.00616433,0.01970832,0.00000000,0.00000000,0.00000000,0.00000000,0.00000000,0.00000000,0.00000000,0.00000000,0.00409421,0.00000000,0.00000000,0.03071350,0.00245423,0.00000000,0.00000000,0.00000000,0.00000000,0.00000000,0.00000000,0.00000000,0.00000000,0.00000000,0.00000000,0.00000000,0.00000000,0.00000000,0.00000000,0.00000000,0.00000000,0.00000000,0.00000000,0.00000000,0.00000000,0.00000000,0.00000000,0.00000000,0.00000000,0.00000000,0.00000000,0.00000000,0.00000000,0.00000000,0.00000000,0.00318579,0.00000000,0.00000000,0.00000000,0.00000000,0.00000000,0.00000000,0.00000000,0.00000000,0.00000000,0.00000000,0.00000000,0.00000000,0.00000000,0.00000000,0.00000000,0.01289199,0.00000000,0.00000000,0.00000000,0.00000000,0.00000000,0.00000000,0.00000000,0.00000000,0.00500836,0.57719014,0.00000000,0.00000000,0.00000000,0.00413283,0.01379121,0.00000000,0.00000000,0.00000000,0.09102385,0.00558948,0.00000000,0.02478184,0.00000000,0.00000000,0.00000000,0.00000000,0.00000000,0.00000000,0.00000000,0.00000000,0.00000000,0.00000000,0.00000000,0.00000000,0.00000000,0.00000000,0.00301578,0.00000000,0.00000000,0.00000000,0.00000000,0.00000000,0.00000000,0.00000000,0.00000000,0.00000000,0.00000000,0.03258496,0.00000000,0.00000000,0.00000000,0.04950930,0.00000000,0.00000000,0.00000000,0.00000000,0.01102638,0.00000000,0.00000000,0.00000000,0.00000000,0.00000000,0.00000000,0.00000000,0.01547151,0.01070452,0.00000000,0.00000000,0.00000000,0.00080618,0.00000000,0.00000000,0.00000000,0.00000000,0.00000000,0.00000000,0.00000000,0.01035924,0.00000000,0.00000000,0.00000000,0.00000000,0.00000000,0.00000000,0.00000000,0.00000000,0.00099729,0.00000000,0.00000000,0.00000000,0.00000000,0.00000000,0.00821907,0.31898322,0.00000000,0.00241723,0.00000000,0.00000000,0.00000000,0.00000000,0.00000000,0.00000000,0.00000000,0.00000000,0.00000000,0.00077548,0.00000000,0.00000000,0.00811033,0.00000000,0.01088033,0.00000000,0.00000000,0.00000000,0.00000000,0.01636050,0.00000000,0.00000000,0.00000000,0.00000000,0.00000000,0.00000000,0.00000000,0.00000000,0.00000000,0.00000000,0.00000000,0.00000000,0.00686782,0.00000000,0.00000000,0.00000000,0.00000000,0.00000000,0.00000000,0.00000000,0.00000000,0.00572814,0.00000000,0.00000000,0.00000000,0.00000000,0.00000000,0.00000000,0.00000000,0.00000000,0.00000000,0.00000000,0.00175601,0.00000000,0.00000000,0.00000000,0.00000000,0.00000000,0.00000000,0.00000000,0.00000000,0.02975007,0.00000000,0.00000000,0.00000000,0.00000000,0.00000000,0.00000000,0.00000000,0.00000000,0.00000000,0.00000000,0.00000000,0.00000000,0.00000000,0.00000000,0.00000000,0.00000000,0.00000000,0.00000000,0.00000000,0.00000000,0.00000000,0.00000000,0.00000000,0.01209040,0.00000000,0.00000000,0.00000000,0.00000000,0.00000000,0.00000000,0.00000000,0.00000000,0.00000000,0.00000000,0.00000000,0.01269934,0.00000000,0.00000000,0.00000000,0.00000000,0.00000000,0.00000000,0.00000000,0.01224548,0.00000000,0.03555155,0.00000000,0.11888323,0.00000000,0.00000000,0.04813372,0.00000000,0.24210396,0.00000000,0.00000000,0.00000000,0.00000000,0.03144527,0.00000000,0.00000000,0.00750289,0.00000000,0.01315893,0.00000000,0.00000000,0.00000000,0.00000000,0.00000000,0.00614261,0.00000000,0.00000000,0.00000000,0.00000000,0.00000000,0.00000000,0.00000000,0.00000000,0.00000000,0.00000000,0.00000000,0.00000000,0.00000000,0.00000000,0.00000000
0.00000000,0.00000000,0.00000000,0.00000000,0.00000000,0.00000000,0.00000000,0.00000000,0.00000000,0.00000000,0.00000000,0.00000000,0.00320767,0.00000000,0.00000000,0.24497881,0.00000000,0.00000000,0.00000000,0.00000000,0.00000000,0.00000000,0.00000000,0.00000000,0.00000000,0.00000000,0.00000000,0.00000000,0.00000000,0.00000000,0.00000000,0.00000000,0.00000000,0.00000000,0.00000000,0.00000000,0.02700857,0.00000000,0.00000000,0.00000000,0.00000000,0.00000000,0.00000000,0.00000000,0.00000000,0.00000000,0.00000000,0.00000000,0.00000000,0.00000000,0.12003436,0.00000000,0.00000000,0.00000000,0.00000000,0.00000000,0.00000000,0.00000000,0.00000000,0.00000000,0.00000000,0.00000000,0.00096518,0.00000000,0.03786611,0.02499773,0.00000000,0.00000000,0.00000000,0.00000000,0.00000000,0.00000000,0.00000000,0.00000000,0.05370103,0.00000000,0.00000000,0.00000000,0.00000000,0.00000000,0.00000000,0.00000000,0.00000000,0.00000000,0.06508196,0.00000000,0.00287398,0.00000000,0.00000000,0.00000000,0.00000000,0.00000000,0.00000000,0.00000000,0.00000000,0.53191078,0.00000000,0.00000000,0.00000000,0.00000000,0.00000000,0.00000000,0.00000000,0.00000000,0.00000000,0.00628645,0.00000000,0.01740974,0.00000000,0.00000000,0.00158628,0.00000000,0.00113687,0.00000000,0.00000000,0.00000000,0.00000000,0.00000000,0.00000000,0.00000000,0.00000000,0.00000000,0.00000000,0.00000000,0.00000000,0.00000000,0.00000000,0.00000000,0.00000000,0.00000000,0.00000000,0.00000000,0.00000000,0.00000000,0.00798280,0.00000000,0.00000000,0.00000000,0.00000000,0.00000000,0.00125332,0.00000000,0.22637577,0.00000000,0.00000000,0.01371056,0.00000000,0.00000000,0.00000000,0.00000000,0.00000000,0.00000000,0.00000000,0.00000000,0.00000000,0.00000000,0.00000000,0.00000000,0.00000000,0.00000000,0.00000000,0.00000000,0.00000000,0.00000000,0.00000000,0.00000000,0.00000000,0.00000000,0.00000000,0.00000000,0.00000000,0.00000000,0.00000000,0.00000000,0.00000000,0.00000000,0.00000000,0.00000000,0.00000000,0.00000000,0.00000000,0.00000000,0.00000000,0.00000000,0.00000000,0.04830930,0.01774209,0.00000000,0.00000000,0.00000000,0.00000000,0.00000000,0.00000000,0.00000000,0.00000000,0.00000000,0.00000000,0.00000000,0.00000000,0.00000000,0.00000000,0.00000000,0.00000000,0.00000000,0.00000000,0.00000000,0.00000000,0.00000000,0.00000000,0.00000000,0.00000000,0.00000000,0.00000000,0.02964049,0.01596125,0.00853323,0.00000000,0.00000000,0.00093627,0.00000000,0.00000000,0.00000000,0.00000000,0.01788040,0.00000000,0.00540067,0.00000000,0.00000000,0.00000000,0.00000000,0.00000000,0.00396339,0.00000000,0.00426438,0.00000000,0.00000000,0.00000000,0.01065752,0.00000000,0.01346248,0.00000000,0.00000000,0.00000000,0.00000000,0.00000000,0.00000000,0.02536229,0.90688282,0.11533121,0.00000000,0.00000000,0.00000000,0.00000000,0.00000000,0.00102015,0.00000000,0.01039939,0.00000000,0.00000000,0.00000000,0.00000000,0.02532649,0.00595938,0.00084252,0.00000000,0.00000000,0.01708316,0.00000000,0.00000000,0.00000000,0.09606801,0.00000000,0.18006865,0.00000000,0.00000000,0.00000000,0.00251119,0.00000000,0.00000000,0.01182407,0.05788908,0.04064289,0.00000000,0.02168689,0.00000000,0.00000000,0.00000000,0.00000000,0.00000000,0.00846621,0.00000000,0.00000000,0.00000000,0.00239913,0.00000000,0.27020860,0.00000000,0.00000000,0.00000000,0.00000000,0.00000000,0.00000000,0.00000000,0.00000000,0.00000000,0.00000000,0.17807366,0.00000000,0.00000000,0.00000000,0.03391362,0.00000000,0.00000000,0.00246981,0.00000000,1.24486371,0.00000000,0.00000000,0.00000000,0.00000000,0.00000000,0.00000000,0.00000000,0.00079113,0.01697199,0.01023814,0.00000000,0.00000000,0.04505720,0.00000000,0.00000000,0.00000000,0.00000000,0.00000000,0.02892613,0.00000000,0.00000000,0.00412750,0.00000000,0.00000000,0.00203761,0.00000000,0.00000000,0.00000000,0.00000000,0.00000000,0.00000000,0.00000000,0.00000000,0.00338268,0.00000000,3.45818102,0.00000000,0.00000000,0.00000000,0.00000000,0.00000000,0.00000000,0.00000000,0.00000000,0.00000000,0.00000000,0.00000000,0.00000000,0.00000000,0.00000000,0.00000000,0.00000000,0.00000000,0.00000000,0.00000000,0.00000000,0.00000000,0.00000000,0.00000000,0.00000000,0.00000000,0.00000000,0.00487758,0.00000000,0.00000000,0.00284764,0.00000000,0.00000000,0.00000000,0.00000000,0.00000000,0.00000000,0.00000000,0.00000000,0.00000000,0.00000000,0.00000000,0.00000000,0.00000000,0.01043698,0.00000000,0.00000000,0.00000000,0.00000000,0.00000000,0.00000000,0.00000000,0.00000000,0.00000000,0.00461058,0.00000000,0.00000000,0.00000000,0.00000000,0.00000000,0.00000000,0.00000000,0.00000000,0.00000000,0.00000000,0.00000000,0.00000000,0.00000000,0.00000000,0.00000000,0.00196974,0.00246767,0.00000000,0.00000000,0.00000000,0.00000000,0.00000000,0.00000000,0.00000000,0.00000000,0.00000000,0.00000000,0.00000000,0.00000000,0.01841685,0.00000000,0.00000000,0.00000000,0.00000000,0.00000000,0.00000000,0.00000000,0.00000000,0.00000000,0.00000000,0.00000000,0.00000000,0.02110671,0.00000000,0.00000000,0.00297057,0.00000000,0.00000000,0.00000000,0.00000000,0.00000000,0.00000000,0.00000000,0.00000000,0.00000000,0.00000000,0.00349326,0.00000000,0.00000000,0.00000000,0.00000000,0.00000000,0.00000000,0.01168361,0.00144188,0.00000000,0.00000000,0.03840687,0.00000000,0.00000000,0.00000000,0.00000000,0.00000000,0.00956408,0.00000000,0.00000000,0.00000000,0.00000000,0.00000000,0.00000000,0.00000000,0.00000000,0.00000000,0.00000000,0.00000000,0.00000000,0.00000000,0.00000000,0.00000000,0.00000000,0.00537575,0.00000000,0.00000000,0.00000000,0.00000000,0.00000000,0.00000000,0.00000000,0.00000000,0.00000000,0.00454741,0.00000000,0.00000000,0.00000000,0.00000000,0.00000000,0.00000000,0.00646274,0.00000000,0.00000000,0.00000000,0.00000000,0.00000000,0.00000000,0.00000000,0.00000000,0.00000000,0.00000000,0.00000000,0.00000000,0.00000000,0.00000000,0.00506383,0.00000000,0.00000000,0.00000000,0.00000000,0.00000000,0.00000000,0.00000000,0.00000000,0.00000000,0.00200264,0.00000000,0.00000000,0.00000000,0.00000000,0.00000000,0.00000000,0.00000000,0.00000000,0.00000000,0.00000000,0.00000000,0.00000000,0.00767710,0.00224536,0.00000000,0.00000000,0.00000000,0.00000000,0.00000000,0.00000000,0.00000000,0.00000000,0.00000000,0.00000000,0.00000000,0.02801988,0.00574655,0.00000000,0.00000000,0.00000000,0.00000000,0.00000000,0.00000000,0.00139963,0.00000000,0.00000000,0.00000000,0.00000000,0.00000000,0.00000000,0.00000000,0.00000000,0.00000000,0.00000000,0.00000000,0.00000000,0.00000000,0.00000000,0.00000000,0.01301721,0.00000000,0.00000000,0.00000000,0.00000000,0.00000000,0.00000000,0.01400482,0.00000000,0.00000000,0.00000000,0.00000000,0.00000000,0.00000000,0.00000000,0.01052557,0.00000000,0.00000000,0.00000000,0.00000000,0.00000000,0.00000000,0.00000000,0.00000000,0.00000000,0.00429740,0.00000000,0.14763266,0.00000000,0.00000000,0.00000000,0.00000000,0.00000000,0.05185948,0.00000000,0.00000000,0.00000000,0.00000000,0.00000000,0.00000000,0.00000000,0.00000000,0.00121315,0.00000000,0.00000000,0.00000000,0.00000000,0.00878460,0.00000000,0.00000000,0.00000000,0.00000000,0.00000000,0.00000000,0.00000000,0.00000000,0.00000000,0.00000000,0.00000000,0.00000000,0.00000000,0.00000000,0.00000000,0.00000000,0.00432333,0.00000000,0.00278489,0.00000000,0.00000000,0.00000000,0.00000000,0.00000000,0.00000000,0.00000000,0.00000000,0.00000000,0.00221840,0.00000000,0.00000000,0.00000000,0.00000000,0.00000000,0.00000000,0.00000000,0.00000000,0.00000000,0.00000000,0.00000000,0.00000000,0.00000000,0.00000000,0.00000000,0.00000000,0.00000000,0.00000000,0.00000000,0.03278234,0.00000000,0.00000000,0.00000000,0.00000000,0.00000000,0.00000000,0.00000000,0.00000000,0.00386091,0.00000000,0.00000000,0.00000000,0.00000000,0.00000000,0.00000000,0.00000000,0.00000000,0.00000000,0.00082487,0.00000000,0.00000000,0.00544452,0.00000000,0.00000000,0.00000000,0.00000000,0.00000000,0.00351912,0.00000000,0.00000000,0.00000000,0.00000000,0.00000000,0.00000000,0.00000000,0.01529915,0.00000000,0.00000000,0.01442259,0.00000000,0.00000000,0.00000000,0.00000000,0.00000000,0.00000000,0.01394087,0.00000000,0.00000000,0.00000000,0.00000000,0.00000000,0.00275267,0.12473751,0.00000000,0.00000000,0.00000000,0.00000000,0.00000000,0.01723062,0.00000000,0.00000000,0.00000000,0.00000000,0.00000000,0.00000000,0.00000000,0.00000000,0.00000000,0.00000000,0.00000000,0.00000000,0.00000000,0.00000000,0.00000000,0.00000000,0.00000000,0.00000000,0.00413842,0.00000000,0.00096106,0.00000000,0.00000000,0.00000000,0.00000000,0.00000000,0.00000000,0.00000000,0.00000000,0.00000000,0.00000000,0.00000000,0.00000000,0.00000000,0.00000000,0.00000000,0.00000000,0.00000000,0.00000000,0.00000000,0.00000000,0.00110893,0.00000000,0.00000000,1.32992055,0.00000000,0.00000000,0.04270014,0.00000000,0.00000000,0.00000000,0.00000000,0.00000000,0.00000000,0.00000000,0.00000000
0.00997802,0.00000000,0.00668135,0.00000000,0.00000000,0.00000000,0.00000000,0.00000000,0.00000000,0.00000000,0.00000000,0.00000000,0.00000000,0.00000000,0.00000000,0.00000000,0.00000000,0.00000000,0.00000000,0.00000000,0.00000000,0.00000000,0.00000000,0.00000000,0.00000000,0.00000000,0.00000000,0.00000000,0.00000000,0.00000000,0.00000000,0.00000000,0.00000000,0.00339452,0.00000000,0.00000000,0.00000000,0.00000000,0.00000000,0.00000000,0.00000000,0.00000000,0.00000000,0.00000000,0.00132869,0.00000000,0.00000000,0.00000000,0.00000000,0.02582010,0.00000000,0.00000000,0.00000000,0.00000000,0.01353249,0.00000000,0.00000000,0.00000000,0.00000000,0.00176024,0.00000000,0.00000000,0.00696128,0.00000000,0.00000000,0.00000000,0.00000000,0.00140386,0.00000000,0.01950708,0.00000000,0.01308001,0.00000000,0.00000000,0.00000000,0.00000000,0.00000000,0.00000000,0.00000000,0.00000000,0.00000000,0.00000000,0.00000000,0.00000000,0.00000000,0.00000000,0.00000000,0.00000000,0.00000000,0.00000000,0.00000000,0.00000000,0.00000000,0.00000000,0.00000000,0.00000000,0.00763652,0.00000000,0.00000000,0.00058854,0.00000000,0.00398945,0.00000000,0.00000000,0.00000000,0.00000000,0.24273791,0.00000000,0.02494062,0.00000000,0.00000000,0.00000000,0.00000000,0.00000000,0.00000000,0.00000000,0.00000000,0.00000000,0.00000000,0.00000000,0.03561744,0.00000000,0.00000000,0.00000000,0.00084684,0.00000000,0.00000000,0.01267736,0.00000000,0.01608977,0.00000000,0.00000000,0.00000000,0.00000000,0.00000000,0.00000000,0.00000000,0.00000000,0.00000000,0.00000000,0.00000000,0.00000000,0.00000000,0.00000000,0.00000000,0.04193591,0.00000000,0.01904791,0.00000000,0.08147888,0.00000000,0.00000000,0.00000000,0.00000000,0.00000000,0.00000000,0.00000000,0.00000000,0.00000000,0.00000000,0.00000000,0.00000000,0.07783861,0.00000000,0.00000000,0.00000000,0.00000000,0.00000000,0.00000000,0.00000000,0.00000000,0.00000000,0.00000000,0.00000000,0.00000000,0.00000000,0.00000000,0.75475569,0.00000000,0.00000000,0.00000000,0.00000000,0.00000000,0.00000000,0.00000000,0.00000000,0.00000000,0.00000000,0.00000000,0.00000000,0.00000000,0.00000000,0.00000000,0.00000000,0.00000000,0.00000000,0.00000000,0.00000000,0.00000000,0.00000000,0.00000000,0.00910247,0.00000000,0.00000000,0.02174275,0.00000000,0.00000000,0.00000000,0.00000000,0.00000000,0.00000000,0.00000000,0.00000000,0.00064356,0.00000000,0.00000000,0.00123771,0.00000000,0.00117021,0.00000000,0.00000000,0.00000000,0.00000000,0.00000000,0.00277032,0.00000000,0.00000000,0.00000000,0.00000000,0.00000000,0.00000000,0.00531505,0.00083305,0.00000000,0.00000000,0.00000000,0.18630548,0.00000000,0.00000000,0.00000000,0.00000000,0.00000000,0.00687378,0.00000000,0.00000000,0.00000000,0.00000000,0.00000000,0.00000000,0.00000000,0.00000000,0.00000000,0.00000000,0.00000000,0.00000000,0.00000000,0.20308693,0.00000000,0.00000000,0.00000000,0.00000000,0.00852822,0.00000000,0.00000000,0.00000000,0.00000000,0.00000000,0.75781875,0.00000000,0.00000000,0.00000000,0.00000000,0.04550041,0.00000000,0.00000000,0.00000000,0.01428590,0.00000000,0.00000000,0.00000000,0.00000000,0.00000000,0.00000000,0.00000000,0.00000000,0.00000000,0.00000000,0.00000000,0.00000000,0.00000000,0.00000000,0.00000000,0.00906203,0.00000000,0.00397807,0.00000000,0.00000000,0.00000000,0.00000000,0.00000000,0.00000000,0.00000000,0.00000000,0.00000000,0.00000000,0.04298452,0.02966209,0.00000000,0.00000000,0.00000000,0.00000000,0.00000000,0.00000000,0.00000000,0.00000000,0.00000000,0.00000000,0.00000000,0.00000000,0.00000000,0.00000000,0.00000000,0.00000000,0.00000000,0.00000000,0.00785689,0.00000000,0.00000000,0.00000000,0.00000000,0.00000000,0.00000000,0.10679890,0.00000000,0.00000000,0.00000000,0.00000000,0.00339497,0.00179615,0.00000000,0.00000000,0.00530709,0.00000000,0.00000000,0.00000000,0.00371664,0.00000000,0.00000000,0.00440733,0.00000000,0.00000000,0.00000000,0.00000000,0.00000000,0.01458112,0.00000000,0.00000000,0.00000000,0.00000000,0.00925297,0.00000000,0.00000000,0.00000000,0.00265795,0.15040874,0.00000000,0.00000000,0.01364174,0.00000000,0.00000000,0.00000000,0.00000000,0.00000000,0.00000000,0.00000000,0.00000000,0.00000000,0.00000000,0.00080001,0.00000000,0.00000000,0.00000000,0.00000000,0.00000000,0.00000000,0.00000000,0.00000000,0.01902830,0.00000000,0.00000000,0.00000000,0.00000000,0.00000000,0.00000000,0.00000000,0.00784024,0.00000000,0.00000000,0.00000000,0.00000000,0.03400739,0.00000000,0.00000000,0.00000000,0.00000000,0.00000000,0.00000000,0.00000000,0.00000000,0.00000000,0.00000000,0.00000000,0.00000000,0.00000000,0.00000000,0.00000000,0.00000000,0.00000000,0.00000000,0.00104984,0.00000000,0.00677180,0.00000000,0.00000000,0.00000000,0.00000000,0.00000000,0.00000000,0.00000000,0.00000000,0.00000000,0.00000000,0.00000000,0.00000000,0.00000000,0.00000000,2.77977506,0.00000000,0.00000000,0.00000000,0.00000000,0.00000000,0.00420106,0.00000000,0.00000000,0.00000000,0.01766590,0.00000000,0.00000000,0.00259493,0.00217195,0.00000000,0.00000000,0.00000000,0.00000000,0.00000000,0.00000000,0.00000000,0.00000000,0.00000000,0.00000000,0.00000000,0.00000000,0.00000000,0.00000000,0.00000000,0.00084330,0.00000000,0.00000000,0.00000000,0.00000000,0.00000000,0.00142834,0.00000000,0.00000000,0.00000000,0.00000000,0.00000000,0.00000000,0.00000000,0.00000000,0.00000000,0.00000000,0.00000000,0.00000000,0.00000000,0.00000000,0.00000000,0.00000000,0.00673066,0.00000000,0.00000000,0.00000000,0.00000000,0.00000000,0.00000000,0.00000000,0.00000000,0.00000000,0.00000000,0.00000000,0.00000000,0.00000000,0.00000000,0.00000000,0.00000000,0.00000000,0.24892476,0.00000000,0.00000000,0.00000000,0.00000000,0.00000000,0.00000000,0.00000000,0.00000000,0.00000000,0.00000000,0.00000000,0.00000000,0.00000000,0.00000000,0.00000000,0.00000000,0.17006036,0.00051433,0.00000000,0.00000000,0.00000000,0.00000000,0.00000000,0.00000000,0.00000000,0.00000000,0.00000000,0.00000000,0.00000000,0.00000000,0.00000000,0.00000000,0.08210143,0.00000000,0.00739299,0.00000000,0.00000000,0.00455164,0.00000000,0.00000000,0.00000000,0.00000000,0.00000000,0.00000000,0.00000000,0.00000000,0.00000000,0.00077299,0.00000000,0.00283446,0.04570868,0.00152333,0.00000000,0.00000000,0.00000000,0.08324316,0.00000000,0.00000000,0.00000000,0.03145428,0.00000000,0.00000000,0.00000000,0.00000000,0.04836670,0.00000000,0.00000000,0.00000000,0.00000000,0.00000000,0.00000000,0.01553013,0.00000000,0.00000000,0.00000000,0.00000000,0.00000000,0.00000000,0.00000000,0.00000000,0.00000000,0.00000000,0.00000000,0.00000000,0.00000000,0.00000000,0.00000000,0.00000000,0.00000000,0.00000000,0.19866986,0.00000000,0.00000000,0.00000000,0.00000000,0.00000000,0.00000000,0.00000000,0.00000000,0.00000000,0.00000000,0.00000000,0.00000000,0.00000000,0.00000000,0.00000000,0.00000000,0.00000000,0.00000000,0.01612695,0.00290447,0.00387563,0.00000000,0.00000000,0.00000000,0.00261494,0.00000000,0.00000000,0.00586684,0.00000000,0.00000000,0.00000000,0.00000000,0.00000000,0.00000000,0.04270433,0.00000000,0.00000000,0.06713015,0.00000000,0.00000000,0.00000000,0.00000000,0.00000000,0.00000000,0.00000000,0.00000000,0.00000000,0.00000000,0.00000000,0.00000000,0.00000000,0.00000000,0.00000000,0.00000000,0.00000000,0.00000000,0.00000000,0.00000000,0.00000000,0.00000000,1.31426754,0.00000000,0.00000000,0.00000000,0.00766269,0.00000000,0.00000000,0.00000000,0.03818298,0.00000000,0.00000000,0.00000000,0.00000000,0.00000000,0.00000000,0.00000000,0.00000000,0.00000000,0.00000000,0.00000000,0.00000000,0.00000000,0.00000000,0.00000000,0.01296884,0.00000000,0.00000000,0.00000000,0.00000000,0.00782497,0.00000000,0.00000000,0.00000000,0.00000000,0.00000000,0.00000000,0.00000000,0.00000000,0.00000000,0.00000000,0.00000000,0.00000000,0.00000000,0.00000000,0.00000000,0.00000000,0.00000000,0.00000000,0.09680716,0.00000000,0.00000000,0.00260034,0.00000000,0.00000000,0.00000000,0.01590172,0.00089630,0.00000000,0.00000000,0.00917605,0.00000000,0.00000000,0.00000000,0.00000000,0.00638359,0.00000000,0.00000000,0.01056142,0.00000000,0.01963179,0.00000000,0.00000000,0.00000000,0.04520064,0.00000000,0.00000000,0.00000000,0.30446978,0.00000000,0.00000000,0.00000000,0.00000000,0.00000000,0.01634820,0.00000000,0.00000000,0.00000000,0.00000000,0.00000000,0.00000000,0.00000000,0.00000000,0.00000000,0.01413276,0.00000000,0.00000000,0.00000000,0.00000000,0.00000000,0.00000000,0.00257848,0.01574609,0.00000000,0.00000000,0.00000000,0.00000000,0.00000000,0.00000000,0.06386976,0.00000000,0.00000000,0.00000000,0.00000000,0.00000000,0.00000000,0.00000000,0.00000000,0.00000000,0.06290036,0.00000000,0.00000000,0.00000000,0.00000000,0.00000000,0.00000000,0.00000000,0.00000000,0.00000000,0.00000000,0.00000000,0.00000000,0.00000000,0.00000000,0.00000000,0.00000000,0.00000000,0.00000000,0.00000000,0.00000000,0.01433146,0.00000000
0.00000000,0.00000000,0.00000000,0.00214072,0.02991050,0.00000000,0.00000000,0.00000000,0.00000000,0.00000000,0.00000000,0.00000000,0.00000000,0.00000000,0.00000000,0.00000000,0.00000000,0.00000000,0.00000000,0.00000000,0.00000000,0.00000000,0.00000000,0.03914276,0.00734166,0.00000000,0.00000000,0.00000000,0.00000000,0.00000000,0.00000000,0.00000000,0.00000000,0.00000000,0.00000000,0.00000000,0.00000000,0.00000000,0.00000000,0.00843100,0.00000000,0.00000000,0.00000000,0.00000000,0.00000000,0.00000000,0.00000000,0.00000000,0.02582010,0.00000000,0.00000000,0.01542216,0.00000000,0.00000000,0.00000000,0.01440581,0.00000000,0.00000000,0.00000000,0.00000000,0.00000000,0.00000000,0.00000000,0.00000000,0.00000000,0.00000000,0.01387583,0.00000000,0.00000000,0.00000000,0.00000000,0.07982688,0.00000000,0.00000000,0.00000000,0.00000000,0.24348213,0.06738874,0.00000000,0.00955012,0.00000000,0.00000000,0.00000000,0.00000000,0.00000000,0.00000000,0.00000000,0.00000000,0.00000000,0.00000000,0.00000000,0.00000000,0.00000000,0.00000000,0.00000000,0.00000000,0.00000000,0.00000000,0.00000000,0.00000000,0.00000000,0.00000000,0.00000000,0.00000000,0.00000000,0.00000000,0.00000000,0.00000000,0.00000000,0.00000000,0.00735830,0.00000000,0.00000000,0.00000000,0.00775744,0.00106557,0.00000000,0.01203824,0.00649867,0.00000000,0.00000000,0.00000000,0.00000000,0.00145169,0.00000000,0.00000000,0.00000000,0.00000000,0.00000000,0.00000000,0.00000000,0.01411839,0.00000000,0.00000000,0.00000000,0.00000000,0.00944353,0.01707622,0.00000000,0.00000000,0.00000000,0.00000000,0.00000000,0.00000000,0.00000000,0.00000000,0.00000000,0.00000000,0.00000000,0.00000000,0.00000000,0.00000000,0.00000000,0.00000000,0.00000000,0.00000000,0.00000000,0.00000000,0.00691937,0.00000000,0.00310143,0.00000000,0.00000000,0.00000000,0.00000000,0.00409208,0.00000000,0.00000000,0.00000000,0.00000000,0.00000000,0.00000000,0.00000000,0.00000000,0.00000000,0.00000000,0.00273647,0.00000000,0.00000000,0.00000000,0.00000000,0.00000000,0.00000000,0.00000000,0.00000000,0.00000000,0.00000000,0.00000000,0.00000000,0.00470168,0.00000000,0.00795999,0.00000000,0.00000000,0.00000000,0.00000000,0.00157397,0.00000000,0.00000000,0.00000000,0.00000000,0.00130431,0.00000000,0.00000000,0.00000000,0.00000000,0.00000000,0.00000000,0.00000000,0.01974311,0.00000000,0.00000000,0.00000000,0.00000000,0.00000000,0.00696913,0.00000000,0.00000000,0.00000000,0.00000000,0.00000000,0.00000000,0.00000000,0.00000000,0.00000000,0.00000000,0.00000000,0.00000000,0.00000000,0.00000000,0.09442057,0.00000000,0.00000000,0.00000000,0.00000000,0.00000000,0.00000000,0.01391924,0.00000000,0.00000000,0.00000000,0.00000000,0.00000000,0.00000000,0.00000000,0.00000000,0.00000000,0.02397013,0.00000000,0.00000000,0.00000000,0.00000000,0.00000000,0.00000000,0.00000000,0.00000000,0.00000000,0.01997676,0.00000000,0.00000000,0.00000000,0.00000000,0.00000000,0.00000000,0.00000000,0.00000000,0.00000000,0.00000000,0.00000000,0.00000000,0.00163277,0.00000000,0.00000000,0.00000000,0.00000000,0.20335411,0.00000000,0.00000000,0.00000000,0.00000000,0.00000000,0.00000000,0.00000000,0.00000000,0.00000000,0.00000000,0.00000000,0.00000000,0.00000000,0.00000000,0.00000000,0.00000000,0.00000000,0.00000000,0.00000000,0.00084429,0.02402987,0.00000000,0.00000000,0.00000000,0.00000000,0.00206814,0.00000000,0.00000000,0.00000000,0.02294220,0.00580418,0.00000000,0.00000000,0.05130115,0.00000000,0.00000000,0.00000000,0.00000000,0.00000000,0.00000000,0.00000000,0.00000000,0.00000000,0.00357392,0.00000000,0.00000000,0.00000000,0.00000000,0.00000000,0.00000000,0.03090090,0.00000000,0.00000000,0.00000000,0.00000000,0.00000000,0.00000000,0.00000000,0.00773088,2.04734127,0.00621397,0.00000000,0.00000000,0.00000000,0.00000000,0.08584717,0.00325261,0.00000000,0.00000000,0.00000000,0.00000000,0.00000000,0.00000000,0.00000000,2.23763387,0.00000000,0.00000000,0.00000000,0.00000000,0.00000000,0.00000000,0.00437142,0.00000000,0.00000000,0.00000000,0.00000000,0.00000000,2.29689116,0.01013784,0.00000000,0.00000000,0.00000000,0.00000000,0.00000000,0.00000000,0.00000000,0.00000000,0.00000000,0.00000000,0.00000000,0.00160790,0.00000000,0.00000000,0.00000000,0.02687943,0.00000000,0.00000000,0.00000000,0.00000000,0.00000000,0.00000000,0.00000000,0.00000000,0.00000000,0.00000000,0.00000000,0.00000000,0.00000000,0.00503381,0.00000000,0.00000000,0.00000000,0.06277426,0.00000000,0.00000000,0.00000000,0.00000000,0.00000000,0.00000000,0.00000000,0.00000000,0.00000000,0.00000000,0.00000000,0.00000000,0.00000000,0.00000000,0.00000000,0.00000000,0.11762604,0.00000000,0.00000000,0.00000000,0.00000000,0.00000000,0.00000000,0.00918693,0.00000000,0.00000000,0.00000000,0.19676510,0.00000000,0.00000000,0.02548058,0.00000000,0.00000000,0.00000000,0.00000000,0.00000000,0.00000000,0.00000000,0.00000000,0.00000000,0.00000000,0.00000000,0.00000000,0.00000000,0.00000000,0.00000000,0.00000000,0.00000000,0.00000000,0.00000000,0.00000000,0.00000000,0.00514628,0.00000000,0.00000000,0.00000000,0.00000000,0.00000000,0.00000000,0.00000000,0.00000000,0.00000000,0.00308418,0.00000000,0.00105056,0.00000000,0.00000000,0.00000000,0.01456620,0.00000000,0.00000000,0.00000000,0.00000000,0.00000000,0.00000000,0.00000000,0.00000000,0.00000000,0.00990057,0.00000000,0.00000000,0.00672258,0.00796839,0.00000000,0.00000000,0.00000000,0.00000000,0.00000000,0.00000000,0.02015638,0.00398528,0.00000000,0.00000000,0.00000000,0.00000000,1.44014693,0.00000000,0.00000000,0.00000000,0.00000000,0.00000000,0.00000000,0.00000000,0.00000000,0.00000000,0.00000000,0.00000000,0.02051452,0.00000000,0.00000000,0.01832315,0.00000000,0.00000000,0.00236626,0.20159943,0.00000000,0.00000000,0.09617650,0.00000000,0.00000000,0.00000000,0.60926437,0.00000000,0.00000000,0.00000000,0.00000000,0.01436003,0.00000000,0.00304015,0.00000000,0.00274069,0.00000000,0.00000000,0.00000000,0.00000000,0.00000000,0.00000000,0.00000000,0.00000000,0.00000000,0.00000000,0.00000000,0.00000000,0.00000000,0.00000000,0.00000000,0.00000000,0.00000000,0.14106761,0.04505384,0.00000000,0.10180048,0.00000000,0.00000000,0.00000000,0.00000000,0.00000000,0.00000000,0.00000000,0.00000000,0.15410470,0.00000000,0.00000000,0.00000000,0.00000000,0.00000000,0.00000000,0.00000000,0.00000000,0.00000000,0.00372502,0.00000000,0.00000000,0.00000000,0.00000000,0.00000000,0.00000000,0.00000000,0.00000000,0.08945209,0.00000000,0.00000000,0.00000000,0.00000000,0.00000000,0.00000000,0.00000000,0.00000000,0.00186870,0.00000000,0.00000000,0.00000000,0.00000000,0.00000000,0.00000000,0.00000000,0.00000000,0.00000000,0.00000000,0.00000000,0.00000000,0.00000000,0.00000000,0.00000000,0.00000000,0.00000000,0.00000000,0.00000000,0.00000000,0.00000000,0.00503069,0.01499498,0.00000000,0.00000000,0.00000000,0.00000000,0.00000000,0.00000000,0.00000000,0.00000000,0.00890240,0.00000000,0.00000000,0.00000000,0.00000000,0.00000000,0.00000000,0.00000000,0.00000000,0.00000000,0.00000000,0.00000000,0.00000000,0.00000000,0.01346003,0.00000000,0.00000000,0.00000000,0.00000000,0.00000000,0.00314400,0.00248306,0.00000000,0.00000000,0.00000000,0.00000000,0.00000000,0.00000000,0.00000000,0.00000000,0.00000000,0.00000000,0.00000000,0.00000000,0.00000000,0.00000000,0.00000000,0.01022387,0.00161952,0.00000000,0.00000000,0.00000000,0.00000000,0.00000000,0.00176195,0.00000000,0.00000000,0.00000000,0.00000000,0.00000000,0.00000000,0.00000000,0.00000000,0.03000825,0.00000000,0.00000000,0.00000000,0.00000000,0.00000000,0.00000000,0.00000000,0.00000000,0.00000000,0.00000000,0.00000000,0.00000000,0.00000000,0.00000000,0.00000000,0.00000000,0.01403953,0.00215213,0.00000000,0.00000000,0.00000000,0.00000000,0.00000000,0.00000000,0.00000000,0.00000000,0.00000000,0.00000000,0.00000000,0.00000000,0.28632195,0.00522633,0.00000000,0.00000000,0.00000000,0.00000000,0.00000000,0.00000000,0.00000000,0.00724399,0.00000000,0.00000000,0.00000000,0.00000000,0.00000000,0.01095653,0.00000000,0.00000000,0.00000000,0.00000000,0.00800824,0.00000000,0.00000000,0.00000000,0.00000000,0.00000000,0.00000000,0.00000000,0.16624332,0.00000000,0.00000000,0.00000000,0.00000000,0.00000000,0.00000000,0.00939055,0.00000000,0.00000000,0.00000000,0.00000000,0.00000000,0.00000000,0.00000000,0.00000000,0.00000000,0.00000000,0.00402751,0.00000000,0.00000000,0.00000000,0.00000000,0.00000000,0.00000000,0.00000000,0.00000000,0.00000000,0.00000000,0.00000000,0.02344276,0.00814204,0.00000000,0.00000000,0.00000000,0.00000000,0.00000000,0.00000000,0.00000000,0.00000000,0.00000000,0.00000000,0.00000000,0.00000000,0.00662123,0.00000000,0.00000000,0.00000000,0.00000000,0.00000000,0.00000000,0.00000000,0.00000000,0.00000000,0.00000000,0.00000000,0.00000000,0.00000000,0.09809934,0.00000000,0.00000000,0.00000000,0.00706995,0.00000000,0.00000000,0.00000000,0.00000000,0.00000000,0.00000000
0.00000000,0.00000000,0.00000000,0.00000000,0.00000000,0.01129605,0.00000000,0.00000000,0.00000000,0.00000000,0.00000000,0.00000000,0.00000000,0.00000000,0.00000000,0.00000000,0.00000000,0.00000000,0.00000000,0.00000000,0.00000000,0.00000000,0.00000000,0.00000000,0.00000000,0.00000000,0.00000000,0.00327124,0.01115481,0.00000000,0.00000000,0.00000000,0.00000000,0.00000000,0.00000000,0.00661405,0.00000000,0.00000000,0.00000000,0.00000000,0.00000000,0.00348370,0.00298961,0.00000000,0.00000000,0.02063243,0.00000000,0.12003436,0.00000000,0.00000000,0.00000000,0.00698002,0.00000000,0.00000000,0.00000000,0.00000000,0.00000000,0.00500047,0.00891750,0.00000000,0.00000000,0.00000000,0.00000000,0.00000000,0.00338489,0.00000000,0.00000000,0.00000000,0.00000000,0.00000000,0.00000000,0.00000000,0.00859581,0.00000000,0.00000000,0.00000000,0.00000000,0.04071619,0.01837327,0.00000000,0.00000000,0.00000000,0.00000000,0.00000000,0.00625445,0.00000000,0.14009665,1.02818639,0.00000000,0.00000000,0.00000000,0.00000000,0.00000000,0.00000000,0.00000000,0.00000000,0.00000000,0.00000000,0.00000000,0.00000000,0.00258511,0.00000000,0.01523489,0.00000000,0.00000000,0.00000000,0.00000000,0.00000000,0.00000000,0.00000000,0.00000000,0.00000000,0.00000000,0.00000000,0.00000000,0.00000000,0.00000000,0.00000000,0.00000000,0.00000000,0.00000000,0.00000000,0.00000000,0.00000000,0.00000000,0.00000000,0.00000000,0.00000000,0.00000000,0.00000000,0.00000000,0.00000000,0.00000000,0.00000000,0.00000000,0.00697942,0.00000000,0.00000000,0.00000000,0.00000000,0.00000000,0.02863242,0.00000000,0.00000000,0.00000000,0.00000000,0.00000000,0.00000000,0.13079125,0.00000000,0.00000000,0.00000000,0.00000000,0.00000000,0.00000000,0.00000000,0.00000000,0.00000000,0.00000000,0.00000000,0.00144463,0.00000000,0.00000000,0.00000000,0.00000000,0.00000000,0.00000000,0.00000000,0.00099011,0.01838836,0.00000000,0.00000000,0.00000000,0.00000000,0.00000000,0.00000000,0.00000000,0.00937721,0.00000000,0.00127353,0.03943847,0.00000000,0.00000000,0.00000000,0.00099595,0.00000000,0.11101322,0.00000000,0.00000000,0.00000000,0.00000000,0.00000000,0.21761887,0.00000000,0.00000000,0.00000000,0.04961851,0.00000000,0.01450655,0.00000000,0.11804414,0.00000000,0.00000000,2.62227871,0.00000000,0.00000000,0.00000000,0.00000000,0.00598853,0.00000000,0.00000000,0.00000000,0.00000000,0.00000000,0.00000000,0.00000000,0.00000000,0.00000000,0.00000000,0.00000000,0.00000000,0.00000000,0.00000000,0.00000000,0.00000000,0.00000000,0.00000000,0.00000000,0.00000000,0.00000000,0.00000000,0.00000000,0.00000000,0.00000000,0.00000000,0.00000000,0.00000000,0.00000000,0.00000000,0.08082394,0.00000000,0.00000000,0.00933326,0.00000000,0.00000000,0.00000000,0.00000000,0.00000000,0.00000000,0.00327577,0.00000000,0.00076372,0.00000000,0.00000000,0.00000000,0.00000000,0.00000000,0.00000000,0.00000000,4.35744268,0.00000000,0.00000000,0.00000000,0.00000000,0.00000000,0.00000000,0.00000000,0.00000000,0.00000000,0.00000000,0.00000000,0.00000000,0.00000000,0.03633803,0.00000000,0.00000000,0.00000000,0.02661727,0.00000000,0.00000000,0.00000000,0.00000000,0.45476233,0.00000000,0.00000000,0.00000000,0.00000000,0.00000000,0.00000000,0.00000000,0.00000000,0.00000000,0.00000000,0.00000000,0.05666385,0.00000000,0.00000000,0.00000000,0.00000000,2.13770293,0.00000000,0.00000000,0.00000000,0.00000000,0.00000000,0.00000000,0.00286435,0.00000000,0.00000000,0.00000000,0.00000000,0.00000000,0.00000000,0.00000000,0.00000000,0.00000000,0.00000000,0.23561299,0.00000000,0.00000000,0.00000000,0.00000000,0.00000000,0.00000000,0.00000000,0.00000000,0.00000000,0.00000000,0.00000000,0.00000000,0.00000000,0.00000000,0.00000000,0.00000000,0.00000000,0.00657206,0.00000000,0.00249937,0.00000000,0.00000000,3.53848854,0.00000000,0.00000000,0.00000000,0.00000000,0.00000000,0.00000000,0.00000000,0.00978792,0.00000000,0.00000000,0.00000000,0.00000000,0.00000000,0.00000000,0.01222191,0.11053595,0.00000000,0.00000000,0.00000000,0.00000000,0.00000000,0.00000000,0.00000000,0.00000000,0.00000000,0.00000000,0.00000000,0.00000000,0.00161689,0.00000000,0.00000000,0.00000000,0.00000000,0.00000000,0.00000000,0.00000000,0.00000000,0.00666049,0.00000000,0.00000000,0.00000000,0.00000000,0.00000000,0.00000000,0.00000000,0.00000000,0.00000000,0.00000000,0.00000000,0.00000000,0.00000000,0.00000000,0.74581411,0.00000000,0.00000000,0.00000000,0.00000000,0.00000000,0.00000000,0.00000000,0.00000000,0.00000000,0.00000000,0.00000000,0.00000000,0.00000000,0.00000000,0.00000000,0.00000000,0.00000000,0.00000000,0.00000000,0.00000000,0.00000000,0.00000000,0.00000000,0.00000000,0.00000000,0.00094678,0.00000000,0.00000000,0.00000000,0.00494376,0.00000000,0.00088839,0.00000000,0.00000000,0.03981817,0.00000000,0.00000000,0.01219208,0.00000000,0.00000000,0.00000000,0.00000000,0.00000000,0.00000000,0.00000000,0.00000000,0.00000000,0.00000000,0.00000000,0.00000000,0.00000000,0.00000000,0.00000000,0.00000000,0.00000000,0.00919545,0.00000000,0.00000000,0.00000000,0.00000000,0.00000000,0.00000000,0.00000000,0.00000000,0.00000000,0.00000000,0.00000000,0.00000000,0.00000000,0.03971806,0.00000000,0.00000000,0.00000000,0.00300060,0.00402075,0.00000000,0.00000000,0.00000000,0.00000000,0.00000000,0.00000000,0.00000000,0.00166049,0.00000000,0.00000000,0.00000000,0.00355161,0.00000000,0.00000000,0.00000000,0.00000000,0.00000000,0.00000000,0.00000000,0.00000000,0.00000000,0.00000000,0.00000000,0.00000000,0.00000000,0.00000000,0.00000000,0.00000000,0.01277414,0.00000000,0.00000000,0.00000000,0.00000000,0.00000000,0.00000000,0.00527358,0.00000000,0.00000000,0.00069182,0.00000000,0.00000000,0.00000000,0.00941370,0.00099424,0.00000000,0.00000000,0.00000000,0.00000000,0.00000000,0.00000000,0.00000000,0.01214149,0.00000000,0.00000000,0.00000000,0.00000000,0.00000000,0.00000000,0.00000000,0.00000000,0.00000000,0.34199030,0.00000000,0.00000000,0.00000000,0.00000000,0.00000000,0.00000000,0.00000000,0.00000000,0.01249119,0.00000000,0.00000000,0.00000000,0.00000000,0.00000000,0.01230341,0.00000000,0.00000000,0.00000000,0.00000000,0.00000000,0.02598145,0.00000000,0.00000000,0.00651574,0.00000000,0.00000000,0.00000000,0.00000000,0.00000000,0.00000000,0.00000000,0.00000000,0.00000000,0.00000000,0.00000000,0.00000000,0.00000000,0.00000000,0.00000000,0.00000000,0.00000000,0.00000000,0.00000000,0.19009098,0.00000000,0.00000000,0.00000000,0.00000000,0.00000000,0.00000000,0.00000000,0.00000000,0.00000000,0.02834898,0.00000000,0.00000000,0.00000000,0.00000000,0.00000000,0.00000000,0.00000000,0.00560679,0.00000000,0.00000000,0.00000000,0.00000000,0.00000000,0.00000000,0.00000000,0.00000000,0.00000000,0.00000000,0.00716388,0.00000000,0.00000000,0.00000000,0.00000000,0.00000000,0.00000000,0.00000000,0.00000000,0.00000000,0.00000000,0.00000000,0.00000000,0.01666338,2.99384211,0.00000000,0.00000000,0.00000000,0.00000000,0.00000000,0.00000000,0.00570861,0.00000000,0.03756421,0.00000000,0.04008285,1.25254636,0.00000000,0.00000000,0.00000000,0.00000000,0.00000000,0.00000000,0.00000000,0.00000000,0.00000000,0.00000000,0.00000000,0.00000000,0.00000000,0.02508009,0.00000000,0.00000000,0.06959697,0.00000000,0.00000000,0.00000000,0.00000000,0.00000000,0.00624466,0.00000000,0.00000000,0.01092733,0.00590780,0.00000000,0.00000000,0.00000000,0.00000000,0.00000000,0.01390308,0.00247273,0.00000000,0.00000000,0.00000000,0.00000000,0.00000000,0.00000000,0.00000000,0.00000000,0.00000000,0.00000000,0.00000000,0.00000000,0.00000000,0.00000000,0.00000000,0.00000000,0.00000000,0.00198680,0.00000000,0.00000000,0.01526309,0.00000000,0.00000000,0.00000000,0.00297529,0.00000000,0.00000000,0.00000000,0.00000000,0.00000000,0.00000000,0.00000000,0.00000000,0.00000000,0.00000000,0.40654091,0.00000000,0.00000000,0.00000000,0.00000000,0.00000000,0.00000000,0.00000000,0.00000000,0.00000000,0.00000000,0.00083364,0.00000000,0.00677805,0.00000000,0.00000000,0.00000000,0.00000000,0.00000000,0.00000000,0.00000000,0.00000000,0.00825927,0.00000000,0.00000000,0.00000000,0.00000000,0.00000000,0.00000000,0.00000000,0.00000000,0.00000000,0.00000000,0.00000000,0.00000000,0.00000000,0.00000000,0.00000000,0.00000000,0.00000000,0.00226819,0.00000000,0.00000000,0.00000000,0.00000000,0.00000000,0.00000000,0.00000000,0.00000000,0.00000000,0.00000000,0.00000000,0.00000000,0.00000000,0.00000000,0.00000000,0.00000000,0.00000000,0.01459684,0.00000000,0.00000000,0.00075002,0.00000000,0.00000000,0.00217360,0.00000000,0.00421763,0.00000000,0.00000000,0.00000000,0.00000000,0.00000000,0.00000000,0.00000000,0.10833899,0.00000000,0.00000000,0.00000000,0.00000000,0.00137944,0.00000000,0.00127884,0.00000000,0.00000000,0.00000000,0.01474489,0.00000000,0.00000000,0.00000000,0.00000000,0.00000000,0.00000000,0.00000000,0.00000000,0.00000000,0.02656089,0.00000000,0.00000000,0.00000000,0.00000000,0.00000000
0.00000000,0.00000000,0.00000000,0.03323400,0.01229945,0.00000000,0.00000000,0.00000000,0.00000000,0.00000000,0.00000000,0.00788997,0.00000000,0.00000000,0.00926359,0.00000000,0.00000000,0.00000000,0.00000000,0.00000000,0.00000000,0.00000000,0.00000000,0.00000000,0.00000000,0.00000000,0.00000000,0.00000000,0.00000000,0.00000000,0.00000000,0.00000000,0.00141930,0.00000000,0.00000000,0.00000000,0.00000000,0.00000000,0.00000000,0.00000000,0.00000000,0.00000000,0.00000000,0.00000000,0.00445564,0.00000000,0.00000000,0.00000000,0.00000000,0.01542216,0.00698002,0.00000000,0.11568005,0.00000000,0.00000000,0.00000000,0.00000000,0.00000000,0.00000000,0.00000000,0.00000000,0.00000000,1.18345403,0.00000000,0.00000000,0.00078953,0.00000000,0.00000000,0.00000000,0.00000000,0.00000000,0.00000000,0.00000000,0.00000000,0.00000000,0.00000000,0.00000000,0.00000000,0.00000000,0.05412412,0.00000000,0.00000000,0.00000000,0.00000000,0.00000000,0.00000000,0.00000000,0.86994292,0.00763108,0.00000000,0.00000000,0.00000000,0.00000000,0.00000000,0.01511411,0.00000000,0.00000000,0.00000000,0.00000000,0.00000000,0.00000000,0.00000000,0.00000000,0.06645433,0.00000000,0.00000000,0.00000000,0.00000000,0.00000000,0.00000000,0.00000000,0.00000000,0.00000000,0.00000000,0.00000000,0.00000000,0.00000000,0.00000000,0.00000000,0.00000000,0.00000000,0.00000000,0.00000000,0.00000000,0.00000000,0.06451988,0.00400085,0.00000000,0.00000000,0.00000000,0.45392162,0.00000000,0.00000000,0.00000000,0.00000000,0.00000000,0.00000000,0.00000000,0.00000000,0.00000000,0.00000000,0.00000000,0.00000000,0.00000000,0.00329831,0.00000000,0.00000000,0.00000000,0.00000000,0.00000000,0.00250682,0.00000000,0.00000000,0.00000000,0.00000000,0.00000000,0.01254742,0.00000000,0.00000000,0.00000000,0.00000000,0.00000000,0.01871701,0.00000000,0.00000000,0.00000000,0.01068885,0.00000000,0.00000000,0.00000000,0.22201054,0.00000000,0.00000000,0.00000000,0.00000000,0.00084086,1.56567836,0.00000000,0.00000000,0.00000000,0.08569202,0.00000000,0.00000000,0.00000000,0.00000000,0.00000000,0.00000000,0.00000000,0.00000000,0.00000000,0.00000000,0.00000000,0.00000000,0.00000000,0.00000000,0.00000000,0.00000000,0.00000000,0.00000000,0.00000000,0.01156121,0.00000000,0.00000000,0.00000000,0.00000000,0.00000000,0.00000000,0.00000000,0.00000000,0.00000000,0.00000000,0.03342652,0.00000000,0.00000000,0.00000000,0.00000000,0.00898056,0.04218566,0.00000000,0.00000000,0.00000000,0.00000000,0.00000000,0.00000000,0.00000000,0.00000000,0.00000000,0.00000000,0.00000000,0.00000000,0.00000000,0.00000000,0.00000000,0.00000000,0.00000000,0.00000000,0.00000000,0.00000000,0.00000000,0.00000000,0.00000000,0.00000000,0.00000000,0.00000000,0.00000000,0.00000000,0.01044241,0.00000000,0.00000000,0.00000000,0.02445175,0.00000000,0.00000000,0.00000000,0.00000000,0.00000000,0.00000000,0.00000000,0.00000000,0.00175809,0.00000000,0.00000000,0.00000000,0.00000000,0.01110240,0.00000000,0.00000000,0.00551824,0.00000000,0.00000000,0.00000000,0.00000000,0.00000000,0.00000000,0.00000000,0.00000000,0.00000000,0.00254574,0.00000000,0.00000000,0.00000000,0.00000000,0.00000000,0.00000000,0.00000000,0.00000000,0.00000000,0.00000000,0.00000000,0.01830222,0.00000000,0.00000000,0.00000000,0.00000000,0.00000000,0.00000000,0.00000000,0.00000000,0.00000000,0.00000000,0.00000000,0.00000000,0.00000000,0.00000000,0.00000000,0.00000000,0.00000000,0.00000000,0.00000000,0.00000000,0.00000000,0.00000000,0.00000000,0.00000000,0.00000000,0.00000000,0.00000000,0.00000000,0.00000000,0.00000000,0.01120090,0.00000000,0.00000000,0.00000000,0.00000000,0.00000000,0.00000000,0.00000000,0.00000000,0.00000000,0.00284817,0.00000000,0.00000000,0.00000000,0.00000000,0.00000000,0.00000000,0.00000000,0.00000000,0.00000000,0.00000000,0.00000000,0.00000000,0.00000000,0.00000000,0.00000000,0.00000000,0.00316424,0.00000000,0.00000000,0.00000000,0.00000000,0.00000000,0.00108948,0.00499234,0.00000000,0.00000000,0.00000000,0.00000000,0.00000000,0.00000000,0.00000000,0.00000000,0.00000000,0.00000000,0.00654873,0.00000000,0.00000000,0.02397806,0.00000000,0.00000000,0.00000000,0.00869252,0.00000000,0.14059381,0.00313456,0.00000000,0.00000000,0.00000000,0.00000000,0.00000000,0.00000000,0.00000000,0.00000000,0.00000000,0.01758638,0.00000000,0.00000000,0.00000000,0.00000000,0.00000000,0.00088893,0.00000000,0.00000000,0.00000000,0.00000000,0.00505761,0.00000000,0.00000000,0.00000000,0.05418402,0.00000000,0.00000000,0.00000000,0.00000000,0.00000000,0.00000000,0.00000000,0.00000000,0.00000000,0.00000000,0.00000000,0.00000000,0.00000000,0.00000000,0.00000000,0.00000000,0.17217831,0.00000000,0.00000000,0.00000000,0.00000000,0.00000000,0.00342189,0.00000000,0.00000000,0.00000000,0.00000000,0.00000000,0.00000000,0.00000000,0.00000000,0.00000000,0.00000000,0.00000000,0.00000000,0.00000000,0.00000000,0.00000000,0.00853787,0.00000000,0.00898505,0.00000000,0.00000000,0.00000000,0.00000000,0.00115676,0.00000000,0.00000000,0.00000000,0.00000000,0.00000000,0.00000000,0.00000000,0.00000000,0.00000000,0.00000000,0.00000000,0.00000000,0.00322639,0.00000000,0.00000000,0.00000000,0.00000000,0.00000000,0.00000000,0.00000000,0.00000000,0.00000000,0.00000000,0.00000000,0.00000000,0.00000000,0.00000000,0.00339545,0.00000000,0.00000000,0.00000000,0.00000000,0.00000000,0.00000000,0.00000000,0.00000000,0.01051972,0.00465310,0.00648278,0.00000000,0.00000000,0.00435113,0.00000000,0.00000000,0.00000000,0.00000000,0.00115037,0.01046188,0.00000000,0.00000000,0.00000000,0.00000000,0.00000000,0.00000000,0.00000000,0.00000000,0.00000000,0.00000000,0.00000000,0.00000000,0.00000000,0.00000000,0.00000000,0.00000000,0.00000000,0.08299918,0.00000000,0.00000000,0.03203724,0.00000000,0.00000000,0.00000000,0.01323994,0.00000000,0.00000000,0.00000000,0.00000000,0.00000000,0.00000000,0.00000000,0.00000000,0.05657062,0.00000000,0.00000000,0.00000000,0.00000000,0.00000000,0.23814249,0.00000000,0.00000000,0.00000000,0.00191709,0.00000000,0.00000000,0.00000000,0.00000000,0.00000000,0.00000000,0.00000000,0.00000000,0.03376015,0.00000000,0.00915698,0.00000000,0.00000000,0.00000000,0.00000000,0.00000000,0.00000000,0.00000000,0.00000000,0.00000000,0.00000000,0.00000000,0.00000000,0.00000000,0.00000000,1.05478332,0.00000000,0.00000000,0.00000000,0.00000000,0.00000000,0.00000000,0.00000000,0.00000000,0.00000000,0.00000000,0.00000000,0.00000000,0.00000000,0.00000000,0.02421422,0.00000000,0.00000000,0.00000000,0.00000000,0.00000000,0.00000000,0.00000000,0.00000000,0.04241875,0.00000000,0.00000000,0.00000000,0.00000000,0.00000000,0.00000000,0.00000000,0.00000000,0.00127650,0.00000000,0.01545551,0.01223041,0.00000000,0.00000000,0.00000000,0.00000000,0.00000000,0.00000000,0.00000000,0.00000000,0.00000000,0.00000000,0.00000000,0.00000000,0.00000000,0.00000000,0.24361986,0.00000000,0.00000000,0.00000000,0.00000000,0.00000000,0.00000000,0.00703032,0.00000000,0.00000000,0.00000000,0.00000000,1.35440022,0.00000000,0.00529538,0.00000000,0.00000000,0.00000000,0.00000000,0.00000000,0.00000000,0.00000000,0.00000000,0.00000000,0.00000000,0.00000000,0.00000000,0.00757487,0.00000000,0.00000000,0.00000000,0.00000000,0.00000000,0.00000000,0.23745324,0.00000000,0.00102672,0.00000000,0.00000000,0.00000000,0.00000000,0.00000000,0.00000000,0.00000000,0.00000000,0.00688471,0.00000000,0.00000000,0.00000000,0.00000000,0.00000000,0.00609656,0.00000000,0.00000000,0.00000000,0.00000000,0.00000000,0.00000000,0.00000000,0.00000000,0.00000000,0.02034549,0.01011323,0.00000000,0.05023251,0.00000000,0.00000000,0.00000000,0.00000000,0.00000000,0.00000000,0.00389409,0.00000000,0.00000000,0.01824174,0.00000000,0.12761224,0.00000000,0.00000000,0.00000000,0.00000000,0.00000000,0.02158170,0.00216915,0.00000000,0.00328623,0.00104262,0.00000000,0.00000000,0.01111743,0.00000000,0.02271049,0.00000000,0.00000000,0.00000000,0.00000000,0.00000000,0.00000000,0.00000000,0.00000000,0.00000000,0.00000000,0.07201601,0.00000000,0.00000000,0.00000000,0.02297810,0.00000000,0.00000000,0.00000000,0.00000000,0.00000000,0.00000000,0.00600843,0.00101809,0.04060140,0.00000000,0.00000000,0.00000000,0.00000000,0.00000000,0.00000000,0.00000000,0.00000000,0.00000000,0.00000000,0.00000000,0.00000000,0.00000000,0.00000000,0.00000000,0.00000000,0.00000000,0.00000000,0.00000000,0.00000000,0.00000000,0.00000000,0.00000000,0.00000000,0.00000000,0.01982033,0.00000000,0.00000000,0.00000000,0.00856356,0.06092390,0.00000000,0.00000000,0.00000000,0.00000000,0.00000000,0.00218184,0.00000000,0.00000000,0.00000000,0.00000000,0.00000000,0.00000000,0.00000000,0.00000000,0.00000000,0.00000000,0.00000000,0.00821522,0.00000000,0.00000000,0.00000000,0.00000000,0.01027266,0.00000000,0.02477371,0.00000000,0.00462596,0.00000000,0.00000000,0.00000000,0.00000000,0.00000000,0.00000000,0.00000000,0.00000000,0.00000000,0.00000000,0.00000000
0.00000000,0.00000000,0.00000000,0.00000000,0.00249103,0.00000000,0.00000000,0.00000000,0.00000000,0.00000000,0.00000000,0.00000000,0.00000000,0.00000000,0.00000000,0.00849906,0.00000000,0.06889826,0.00000000,0.00000000,0.00000000,0.00000000,0.02014688,0.00000000,0.00000000,0.00000000,0.00000000,0.00000000,0.00000000,0.00000000,0.00000000,0.00000000,0.00000000,0.00000000,0.02732630,0.00000000,0.00000000,0.00000000,0.00000000,0.00000000,0.00000000,0.00000000,0.00070473,0.00000000,0.00000000,0.00191298,0.01866431,0.00000000,0.00000000,0.00000000,0.00000000,0.11568005,0.00000000,0.00000000,0.00000000,0.00000000,0.00000000,0.00072707,0.00000000,0.00000000,0.00000000,0.00000000,0.00000000,0.00000000,0.00000000,0.00000000,0.00000000,0.00000000,0.00000000,0.00515105,0.00000000,0.00000000,0.00000000,0.00000000,0.00000000,0.00000000,0.00000000,0.00000000,0.01508056,0.00000000,0.00000000,0.00000000,0.00000000,0.00000000,0.00000000,0.02957127,0.00000000,0.00000000,0.00000000,0.00000000,0.00000000,0.00000000,0.00000000,0.00000000,0.00000000,0.01186170,0.00000000,0.00000000,0.01910042,0.00000000,0.00000000,0.00000000,0.00000000,0.00000000,0.00000000,0.00000000,0.01754138,0.00000000,0.00000000,0.00000000,0.00191160,0.00000000,0.00000000,0.00000000,0.00000000,0.00000000,0.00000000,0.00000000,0.00000000,0.00000000,0.00000000,0.00000000,0.00000000,0.00000000,0.00204849,0.00000000,0.00000000,0.00798427,0.00000000,0.00000000,0.00000000,0.00000000,0.00000000,0.00000000,0.00000000,0.00000000,0.00000000,0.00000000,0.00000000,0.00000000,0.00000000,0.00000000,0.00000000,0.00000000,0.00000000,0.00000000,0.00510084,0.00000000,0.00000000,0.00000000,0.02806196,0.00000000,0.00000000,0.00000000,0.00000000,0.00000000,0.00000000,0.00750373,0.00000000,0.00000000,0.00000000,0.00000000,0.00000000,0.00000000,0.00000000,0.00000000,0.00000000,0.00123406,0.00000000,0.00000000,0.00000000,0.00000000,0.00000000,0.00000000,0.00099687,0.00000000,0.00000000,0.00000000,0.00000000,0.00000000,0.00000000,0.00000000,0.00000000,0.00000000,0.00000000,0.00000000,0.00000000,0.00422950,0.00000000,0.00000000,0.00000000,0.01202238,0.00000000,0.00000000,0.00000000,0.00000000,0.00000000,0.00000000,0.00000000,0.00000000,0.00000000,0.00000000,1.57144898,0.00000000,0.05368925,0.00000000,0.00000000,0.00000000,0.00000000,0.00272263,0.00000000,0.00000000,0.00000000,0.00000000,0.00214070,0.00185987,0.00252390,0.00000000,0.00000000,0.00000000,0.00000000,0.00000000,0.00000000,0.00000000,0.00000000,0.00000000,0.00599772,0.00000000,0.00000000,0.00000000,0.00000000,0.01532014,0.00000000,0.00158091,0.00000000,0.00000000,0.01047906,0.00000000,0.00000000,0.00000000,0.00000000,0.00000000,0.00000000,0.00000000,0.00000000,0.00000000,0.00000000,0.00000000,0.00000000,0.00000000,0.00000000,0.00056892,0.00000000,0.00000000,0.00000000,0.00000000,0.00000000,0.00000000,0.00000000,0.00000000,0.00000000,0.00000000,0.00000000,0.00000000,0.00000000,0.00000000,0.00000000,0.00000000,0.00068305,0.00000000,0.00605344,0.00000000,0.00074358,0.00000000,0.00000000,0.00000000,0.00000000,0.00000000,0.00000000,0.00000000,0.00000000,0.00000000,0.00000000,0.00000000,0.00000000,0.00000000,0.00000000,0.02622752,0.00000000,0.00000000,0.00000000,0.00000000,0.00000000,0.00000000,0.00000000,0.00000000,0.00000000,0.00000000,0.00000000,0.00000000,0.00750138,0.00000000,0.00000000,0.00000000,0.00000000,0.04223781,0.26909629,0.00000000,0.00000000,0.00000000,0.00000000,0.00000000,0.00150743,0.00000000,0.00000000,0.03817115,0.00000000,0.00000000,0.00531294,0.00000000,0.00000000,0.02810510,0.00616986,0.00000000,0.00000000,0.00000000,0.00000000,0.00000000,0.00000000,0.00000000,0.00994199,0.00000000,0.00000000,0.00000000,0.00000000,0.00000000,0.00000000,0.00000000,0.00000000,0.00000000,0.00000000,0.00000000,0.00000000,0.00000000,0.00000000,0.00000000,0.00000000,0.00000000,0.00000000,0.00810039,0.00000000,0.00406067,0.00000000,0.00000000,0.00383788,0.00000000,0.00000000,0.00000000,0.00000000,0.00000000,0.00000000,0.00000000,0.00000000,0.00000000,0.00000000,0.00000000,0.00000000,0.00000000,0.00000000,0.00000000,0.00000000,0.00000000,0.00000000,0.00403111,0.00000000,0.00000000,0.00000000,0.00000000,0.00000000,0.00000000,0.00000000,0.00000000,0.00000000,0.00000000,0.00000000,0.00000000,0.00000000,0.00000000,0.00000000,0.00000000,0.00000000,0.00000000,0.00000000,0.00000000,0.00000000,0.00000000,0.00000000,0.00430975,0.00000000,0.00000000,0.00000000,0.00000000,0.00000000,0.00515675,0.00000000,0.00000000,0.00000000,0.00000000,0.00000000,0.07727925,0.00000000,0.00000000,0.13410478,0.00000000,0.00000000,0.00000000,0.00000000,0.00000000,0.00000000,0.00000000,0.00000000,0.00379258,0.00000000,0.00000000,0.00000000,0.01016536,0.00000000,0.00927848,0.00000000,0.00000000,0.00000000,0.00000000,0.00000000,0.00000000,0.01847131,0.00000000,0.00000000,0.00000000,0.00000000,0.00000000,0.00000000,0.00000000,0.00000000,0.00000000,0.00000000,0.00000000,0.01527099,0.00000000,0.00000000,0.00000000,0.00000000,0.00000000,0.00000000,0.00000000,0.00000000,0.00000000,0.00000000,0.00000000,0.26676039,0.00000000,0.00000000,0.00407834,0.00000000,0.00000000,0.00000000,0.00000000,0.00000000,0.00000000,0.00000000,0.00000000,0.00000000,0.01612111,0.01271972,0.00000000,0.00000000,0.01093957,0.00000000,0.00000000,0.00000000,0.00000000,0.00000000,0.00000000,0.00000000,0.00000000,0.00000000,0.00000000,0.00000000,0.00000000,0.00000000,0.00000000,0.00000000,0.00000000,0.00000000,0.00000000,0.00000000,0.00000000,0.00000000,0.00000000,0.01519604,0.03722926,0.11683046,0.00000000,0.00000000,0.00000000,0.00000000,0.00000000,0.00000000,0.00000000,0.00000000,0.00000000,0.00000000,0.00000000,0.00000000,0.00000000,0.00000000,0.00000000,0.00000000,0.00000000,0.00000000,0.00000000,0.00000000,0.00198469,0.00000000,0.00000000,0.00000000,0.00000000,0.00000000,0.00000000,0.00000000,0.00000000,0.00287455,0.00653808,0.00000000,0.00000000,0.00000000,0.00000000,0.00000000,0.00000000,0.00000000,0.00000000,0.00000000,0.00000000,0.00000000,0.00000000,0.00000000,0.00392055,0.00000000,0.00000000,0.00000000,0.00000000,0.00000000,0.00000000,0.01271566,0.00000000,0.00000000,0.00000000,0.00000000,0.00000000,0.00000000,0.00000000,0.00000000,0.00000000,0.00000000,0.01039451,0.00530353,0.00000000,0.00000000,0.00000000,0.00000000,0.00000000,0.00812820,0.00000000,0.00192836,0.00000000,0.00000000,0.00000000,0.00000000,0.00000000,0.00000000,0.00000000,0.00000000,0.00000000,0.00000000,0.00000000,0.00000000,0.00000000,0.00909796,0.00000000,0.00000000,0.00000000,0.00153212,0.00000000,0.00000000,0.00000000,0.00000000,0.00791825,0.00000000,0.00000000,0.00000000,0.00000000,0.00000000,0.00000000,0.00000000,0.00000000,0.00000000,0.00350848,0.00000000,0.00000000,0.00000000,0.00000000,0.00000000,0.00000000,0.00000000,0.00000000,0.00000000,0.00000000,0.00000000,0.00000000,0.00110090,0.00000000,0.00000000,0.00000000,0.00000000,0.00000000,0.00000000,0.00000000,0.00000000,0.00000000,0.00250387,0.00000000,0.00000000,0.01571359,0.00000000,0.00000000,0.00109098,0.00000000,0.00315438,0.00000000,0.00000000,0.02581900,0.00000000,0.09890696,0.00000000,0.00000000,0.00000000,0.00000000,0.00000000,0.00000000,0.00000000,0.00000000,0.00000000,0.00000000,0.00000000,0.00000000,0.00000000,0.00000000,0.00000000,0.00000000,0.00000000,0.00000000,0.00000000,0.00000000,0.00000000,0.00000000,0.00000000,0.00000000,0.00000000,0.00000000,0.00000000,0.13568590,0.00000000,0.00000000,0.00000000,0.00000000,0.00000000,0.14631962,0.00000000,0.00000000,0.00000000,0.00258207,0.00271016,0.00000000,0.00000000,0.00000000,0.00000000,0.00000000,0.00000000,0.00000000,0.00000000,0.00000000,0.00072996,0.00000000,0.00000000,0.00000000,0.00000000,0.00000000,0.00000000,0.00000000,0.00000000,0.00000000,0.00000000,0.00000000,0.00000000,0.00000000,0.00000000,0.00000000,0.00000000,0.00000000,0.00000000,0.00173517,0.00000000,0.00000000,0.00000000,0.00000000,0.00000000,0.00000000,0.00000000,0.00000000,0.01138252,0.01428997,0.00000000,0.00000000,0.00000000,0.00000000,0.00000000,0.00000000,0.11147080,0.00000000,0.00000000,0.00000000,0.00000000,0.00000000,0.00000000,1.36379357,0.00310244,0.00000000,0.00000000,0.00000000,0.00000000,0.00000000,0.00000000,0.00000000,0.00000000,0.48964330,0.00000000,0.00000000,0.00000000,0.00000000,0.00000000,0.00000000,0.00000000,0.07160658,0.00000000,0.00000000,2.25027697,0.00000000,0.00000000,0.00000000,0.00000000,0.00000000,0.00000000,0.00000000,0.00000000,0.00000000,0.00000000,0.00000000,0.00423946,0.00000000,1.01019480,0.00000000,0.00331386,0.00000000,0.00000000,0.00000000,0.00000000,0.00000000,0.00000000,0.00268889,0.00000000,0.00000000,0.00000000,0.00071510,0.00000000,0.00000000,0.00130954,0.00000000,0.00000000,0.00000000,0.00000000,2.33876364,0.00000000,0.00000000,0.00000000,0.00000000,0.00000000,0.00068846,0.00372121,0.00000000,0.00000000,0.00000000
0.00000000,0.04251975,0.00000000,0.00000000,0.01294377,0.00000000,0.00000000,0.00000000,0.00000000,0.00000000,0.00000000,0.05468836,0.00000000,0.00000000,0.00000000,0.00000000,0.00000000,0.00000000,0.00000000,0.00331622,0.00000000,0.00000000,0.00000000,0.00000000,0.00000000,0.00000000,0.00740309,0.00000000,0.00397154,0.00000000,0.00000000,0.00000000,0.00000000,0.00000000,0.00000000,0.00000000,0.00000000,0.00000000,0.00000000,0.00072973,0.00000000,0.00000000,0.00000000,0.00000000,0.00000000,0.00000000,0.00101750,0.00000000,0.00000000,0.00000000,0.00000000,0.00000000,0.00000000,0.00000000,0.00000000,0.00000000,0.00000000,0.00000000,0.00224438,0.00000000,0.00000000,0.00000000,0.00185893,0.03131724,0.00000000,0.00835980,0.00000000,0.01753126,0.00435090,0.00000000,0.05728294,0.00000000,0.00000000,0.00000000,0.00000000,0.00000000,0.00000000,0.00960378,0.00000000,0.00000000,0.00000000,0.00392837,0.00000000,0.00000000,0.00000000,0.00000000,0.00000000,0.00000000,0.00000000,0.00000000,0.00000000,0.00000000,0.00000000,0.00000000,0.00000000,0.00000000,0.00000000,0.00000000,0.00000000,0.00000000,0.00000000,0.00000000,0.00000000,0.02742348,0.00000000,0.00000000,0.00000000,0.00222980,0.00000000,0.00000000,0.36489586,0.00000000,0.00000000,0.00000000,0.00000000,0.02112174,0.00000000,0.00000000,0.00000000,0.00000000,0.00000000,0.00000000,0.00000000,0.00180717,0.00000000,0.00000000,0.88636741,0.00000000,0.00000000,0.00000000,0.00000000,0.00000000,0.00000000,0.00000000,0.00342442,0.00000000,0.00000000,0.00000000,0.00000000,0.00000000,0.00000000,0.00000000,0.00000000,0.00000000,0.00000000,0.00000000,0.00868696,0.02374972,0.00000000,0.00000000,0.00122020,0.00000000,0.00000000,0.00000000,0.00000000,0.00000000,0.00000000,0.00000000,0.00000000,0.00000000,0.00000000,0.00000000,0.00000000,0.00000000,0.00000000,0.00000000,0.00113981,0.00000000,0.00000000,0.00000000,0.00000000,0.00000000,0.00000000,0.00000000,0.00000000,0.00000000,0.00000000,0.00000000,0.00000000,0.03406253,0.00000000,0.00000000,0.00000000,0.00000000,0.02118548,0.00000000,0.00000000,0.00000000,0.00000000,0.00000000,0.00000000,0.04011381,0.00000000,0.00000000,0.00000000,0.00000000,0.00315221,0.00000000,0.00000000,0.00000000,0.00000000,0.00000000,0.00000000,0.00000000,0.52867032,0.00000000,0.00440277,0.00219580,0.00000000,0.00000000,0.00000000,0.00000000,0.00000000,0.00000000,0.00000000,0.00000000,0.00000000,0.00000000,0.01675852,0.00000000,0.00000000,0.00000000,0.00000000,0.00000000,0.00000000,0.00000000,0.00000000,0.00000000,0.00000000,0.00000000,0.00362266,0.00000000,0.00171824,0.00000000,0.00000000,0.00000000,0.00000000,0.00000000,0.00000000,0.00000000,0.00000000,0.00000000,0.00000000,0.00000000,0.00118299,0.00000000,0.00000000,0.00000000,3.04510931,0.00000000,0.00000000,0.01957534,0.00000000,0.00000000,0.00000000,0.00000000,0.00000000,0.00000000,0.00000000,0.00428050,0.00000000,0.00000000,0.00000000,0.00000000,0.00000000,0.00000000,0.48349529,0.00000000,0.00000000,0.00000000,0.00000000,0.00386535,0.00000000,0.00000000,0.00000000,0.00000000,0.00000000,0.00000000,0.00000000,0.00000000,0.00000000,0.00000000,0.00000000,0.00000000,0.00000000,0.00000000,0.00000000,0.00000000,0.00000000,0.00000000,1.15130304,0.01507743,0.00000000,0.00000000,0.00000000,0.00000000,0.00000000,0.00000000,0.00000000,0.00000000,0.02138415,0.00000000,0.00000000,0.00000000,0.00000000,0.00650946,0.00000000,0.00000000,0.00000000,0.00000000,0.00000000,0.00000000,0.07863610,0.00000000,0.00000000,0.00000000,0.00000000,0.00000000,2.67966453,0.00000000,0.00000000,0.00000000,0.00000000,0.00000000,0.00000000,0.00000000,0.00000000,0.00000000,0.00000000,0.00000000,0.00000000,0.00000000,0.00000000,2.04344707,0.00000000,0.00000000,0.06378886,0.00000000,0.00000000,0.00000000,0.00000000,0.01590156,0.00272257,0.00000000,0.00000000,0.00000000,0.00000000,0.00000000,0.07716642,0.00000000,0.00000000,0.02096137,0.00000000,0.00000000,0.00000000,0.00000000,0.00000000,0.00000000,0.00000000,0.00253329,0.00000000,0.00000000,0.00000000,0.00000000,0.00000000,0.00000000,0.00000000,0.00000000,0.35941042,0.00000000,0.00074867,0.00000000,0.00000000,0.00000000,0.00000000,0.00000000,0.00000000,0.00000000,0.00000000,0.00000000,0.00000000,0.00000000,0.00000000,0.00000000,0.00186408,0.00000000,0.00000000,0.00000000,0.00000000,0.00000000,0.00000000,0.00000000,0.01170683,0.01463824,0.00335308,0.00000000,0.00000000,0.00000000,0.00000000,0.00000000,0.00000000,0.00000000,0.00000000,0.00000000,0.00000000,0.02732445,0.03455146,0.00000000,0.00000000,0.00000000,0.00000000,0.00000000,0.00000000,0.45208868,0.00000000,0.00000000,0.00000000,0.00000000,0.00000000,0.00000000,0.00000000,1.03730686,0.00000000,0.04936234,0.01511497,0.00000000,0.00000000,0.00000000,0.00000000,0.00415751,0.00000000,0.00000000,0.00000000,0.00000000,0.02417361,0.00000000,0.00000000,0.00000000,0.05439909,0.00000000,0.00000000,0.08598294,0.00000000,0.26350538,0.00000000,0.00000000,0.00000000,0.00000000,0.00000000,0.00000000,0.00000000,0.00000000,0.00000000,0.00000000,0.00000000,0.00000000,0.00000000,0.00000000,0.00000000,0.00000000,0.00000000,0.00000000,0.00341079,0.00000000,0.00000000,0.00000000,0.00000000,0.00103081,0.00000000,0.00000000,0.00000000,0.00000000,0.00000000,0.00000000,0.00000000,0.00000000,0.00000000,0.00601839,0.00000000,0.00000000,0.00000000,0.00000000,0.01190040,0.00000000,0.00000000,0.00000000,0.00000000,0.00000000,0.00000000,0.00000000,0.00000000,0.00000000,0.00000000,0.00000000,0.00000000,0.00000000,0.00000000,0.00940553,0.04193829,0.00000000,0.00000000,0.00000000,0.00000000,0.00000000,0.00000000,0.00000000,0.00000000,0.00000000,0.00000000,0.00000000,0.00000000,0.00000000,0.00000000,0.00000000,0.00000000,0.00000000,0.00000000,0.00000000,0.01417762,0.00000000,0.00000000,0.00000000,0.00000000,0.00000000,0.00000000,0.00000000,0.00000000,0.00000000,0.00000000,0.00000000,0.00000000,0.00000000,0.00000000,0.00000000,0.00000000,0.00000000,0.00000000,0.00000000,0.00000000,0.00000000,0.01431243,0.00000000,0.00000000,0.00000000,0.00000000,0.00497458,0.00000000,0.00000000,0.00248304,0.00000000,0.00000000,0.00000000,0.00000000,0.00000000,0.00000000,0.00000000,0.00000000,0.09459013,0.00000000,0.00516885,0.00000000,0.00000000,0.00000000,0.00000000,0.00000000,0.00000000,0.00000000,0.00000000,0.34533607,0.00000000,0.00000000,0.00000000,0.00000000,0.00000000,0.00000000,0.00000000,0.00000000,0.00000000,0.00000000,0.00134860,0.01933092,0.00000000,0.00000000,0.00000000,0.00000000,0.00000000,0.00000000,0.00000000,0.00000000,0.00000000,0.00000000,0.00000000,0.17114262,0.00116570,0.00000000,0.00382604,0.00000000,0.00000000,0.00000000,0.00000000,0.00000000,0.00812758,0.00000000,0.00000000,0.00000000,0.00000000,0.00000000,0.00000000,0.00000000,0.00000000,0.00000000,0.00000000,0.00753662,0.00000000,0.00000000,0.00000000,0.00000000,0.00000000,0.00000000,0.00000000,0.00000000,0.00000000,0.00000000,0.00000000,0.00000000,0.00000000,0.00000000,0.00000000,0.00000000,0.00000000,0.00000000,0.00000000,0.00000000,0.00000000,0.00000000,0.00000000,0.00000000,0.00000000,0.04058581,0.00000000,0.00000000,0.00000000,0.00000000,0.00000000,0.00000000,0.00000000,0.00000000,0.00000000,0.00000000,0.00300297,0.00000000,0.00000000,0.35411531,0.00000000,0.00000000,0.00000000,0.00000000,0.00000000,0.00000000,0.00836276,0.00000000,0.00000000,0.00000000,0.00000000,0.00000000,0.01637217,0.00000000,0.00000000,0.00000000,0.00000000,0.00000000,0.00000000,0.00662292,0.00000000,0.00000000,0.00000000,0.00000000,0.00000000,0.00000000,0.00000000,0.00000000,0.02858098,0.00000000,0.00000000,0.00000000,0.00000000,0.00000000,0.00000000,0.00000000,0.00000000,0.00000000,0.00000000,0.00258192,0.00000000,0.00000000,0.00000000,0.00000000,0.00000000,0.00000000,0.00506271,0.00000000,0.00000000,0.00000000,0.00000000,0.00000000,0.00000000,0.06673560,0.00000000,0.00000000,0.00000000,0.00000000,0.01599428,0.02373175,0.00000000,0.00000000,0.00000000,0.00000000,0.00000000,0.33715933,0.00000000,0.00000000,0.00000000,0.00000000,0.00000000,0.00000000,0.00000000,0.00274698,0.00000000,0.07990369,0.00000000,0.00000000,0.00000000,0.00000000,0.00000000,0.00000000,0.00000000,0.08125088,0.00000000,0.00000000,0.00000000,0.00000000,0.00000000,0.00000000,0.00000000,0.00000000,0.00000000,0.00000000,0.00895753,0.00000000,0.00000000,0.00000000,0.00000000,0.00000000,0.00000000,0.00000000,0.00000000,0.00000000,0.00000000,0.00000000,0.00000000,0.00000000,0.00000000,0.00000000,0.00000000,0.00000000,0.00000000,0.00000000,0.00000000,0.00000000,0.00000000,0.03473979,0.00000000,0.00000000,0.01152717,0.01008707,0.00000000,0.00000000,0.00000000,0.00000000,0.00000000,0.00000000,0.00000000,0.00000000,0.00000000,0.00000000,0.00000000,0.00000000,0.00000000,0.00000000,0.00000000,0.00000000,0.00000000,0.00000000,0.00000000,0.00000000,0.00000000,0.00000000,0.00000000,0.00000000,0.00000000
0.00000000,0.00000000,0.00000000,0.00297794,0.00000000,0.00000000,0.00585570,0.00000000,0.00000000,0.00000000,0.00000000,0.00000000,0.00000000,0.00000000,0.00000000,0.00000000,0.00000000,0.00000000,0.00000000,0.00000000,0.00000000,0.00000000,0.00000000,0.00000000,0.00000000,0.00000000,0.00000000,0.00000000,0.00000000,0.00000000,0.00000000,0.00000000,0.00000000,0.00000000,0.00000000,0.00000000,0.00000000,0.00000000,0.00000000,0.00000000,0.00000000,0.00000000,0.00000000,0.00000000,0.00000000,0.00000000,0.00000000,0.00000000,0.01353249,0.00000000,0.00000000,0.00000000,0.00000000,0.00000000,0.00000000,0.00000000,0.00000000,0.00000000,0.00000000,0.00000000,0.00000000,0.00000000,0.00362819,0.00000000,0.00000000,0.00000000,0.01598981,0.00000000,0.00000000,0.00000000,0.00000000,0.00000000,0.00000000,0.01360951,0.00000000,0.00854557,0.00000000,0.00000000,0.00000000,0.00000000,0.00000000,0.00000000,0.00526037,0.00000000,0.00000000,0.00000000,0.00000000,0.00852112,0.00000000,0.00000000,0.00000000,0.00000000,0.00000000,0.00000000,0.00000000,0.00000000,0.01591925,0.01304074,0.00000000,0.00000000,0.00000000,0.00000000,0.00000000,0.00000000,0.00000000,0.00262059,0.00000000,0.00000000,0.00000000,0.00000000,0.00000000,0.00000000,0.00000000,0.00000000,0.00000000,0.04338534,0.00000000,0.00000000,0.00000000,0.00000000,0.00000000,0.00000000,0.00000000,0.00000000,0.00000000,0.00000000,0.00000000,0.00000000,0.00000000,0.00000000,0.00000000,0.00000000,0.00000000,0.00593921,0.00000000,0.00000000,0.00236039,0.00000000,0.00000000,0.00000000,0.00000000,0.00000000,0.00000000,0.00000000,0.03966809,0.00000000,0.00000000,0.00144335,0.00000000,0.00000000,0.00000000,0.00000000,0.00000000,0.00411047,0.00000000,0.00073560,0.00000000,0.00000000,0.00000000,0.00000000,0.00000000,0.00407629,0.00000000,0.00000000,0.00072495,0.00000000,0.00000000,0.00000000,0.00000000,0.00000000,0.00000000,0.00000000,0.00000000,0.00000000,0.00000000,0.00000000,0.00000000,0.00000000,0.00000000,0.00000000,0.00000000,0.00000000,0.00000000,0.00000000,0.00000000,0.00000000,0.00000000,0.00000000,0.00000000,0.00000000,0.00000000,0.00000000,0.00000000,0.00000000,0.00000000,0.00000000,0.00000000,0.00000000,0.00000000,0.00000000,0.00000000,0.00000000,0.00000000,0.00000000,0.00000000,0.00000000,0.00000000,0.00000000,0.00000000,0.15608277,0.00000000,0.00000000,0.00000000,0.49631665,0.00000000,0.00414056,0.00000000,0.00000000,0.00000000,0.00000000,0.00000000,0.00000000,0.00000000,0.00000000,0.00067266,0.07608901,0.00000000,0.00000000,0.00000000,0.00000000,0.00000000,0.00000000,0.00000000,0.00000000,0.00107526,0.00000000,0.00000000,0.01301970,0.00000000,0.00000000,0.00000000,0.00000000,0.00000000,0.00000000,0.00000000,0.00000000,0.00000000,0.16419182,0.00000000,0.00000000,0.00000000,0.00000000,0.00000000,0.00000000,0.01274148,0.00000000,0.00000000,0.01647295,0.00000000,0.00000000,0.00000000,0.00061412,0.00000000,0.00617116,0.00000000,0.00578586,0.02733823,0.03860433,0.04118661,0.00000000,0.00000000,0.00000000,0.00000000,0.00278655,0.09213294,0.00000000,0.00000000,0.00000000,0.00000000,0.00000000,0.00000000,0.00000000,0.02229179,0.00000000,0.00000000,0.00000000,0.00000000,0.00000000,0.00000000,0.00000000,0.00000000,0.00000000,0.00000000,0.00000000,0.00000000,0.00000000,0.00580482,0.00118418,0.00000000,0.00000000,0.00000000,0.00000000,0.04423940,0.00000000,0.00000000,0.00000000,0.00000000,0.00000000,0.01256672,0.00000000,0.00000000,0.00000000,0.00000000,0.00000000,0.00000000,0.00000000,0.00686467,0.00000000,0.00000000,0.00000000,0.00000000,0.00000000,0.00000000,0.00000000,0.02531747,0.00000000,0.00000000,0.00000000,0.00000000,0.00000000,0.00000000,0.01194192,0.00000000,0.00000000,0.00000000,0.00000000,0.00000000,0.00000000,0.00000000,0.00000000,0.00000000,0.00000000,0.00000000,0.00000000,0.00000000,0.00000000,0.00000000,0.00000000,0.00000000,0.00370193,0.00000000,0.00000000,0.00000000,0.00000000,0.00000000,0.00000000,0.00000000,0.00000000,0.00000000,0.00000000,0.00000000,0.00131005,0.08943113,0.00000000,0.00000000,0.00000000,0.00000000,0.00000000,0.00000000,0.00000000,0.00000000,0.00000000,0.00000000,0.00000000,0.00000000,0.00000000,0.00000000,0.00000000,0.00000000,0.00000000,0.00000000,0.00000000,0.00000000,0.00000000,0.00000000,0.00000000,0.00000000,0.00081460,0.00000000,0.00000000,0.00000000,0.00000000,0.03984616,0.00000000,0.00000000,0.00000000,0.00000000,0.00000000,0.00000000,0.00000000,0.00000000,0.00000000,0.00000000,0.00000000,0.00000000,0.00000000,0.00000000,0.00000000,0.00000000,0.21789955,0.00000000,0.00000000,0.01066477,0.00000000,0.00000000,0.00000000,0.00000000,0.00209497,0.00000000,0.00000000,0.00000000,0.00000000,0.00000000,0.00000000,0.00000000,0.00000000,0.00000000,0.00000000,0.00000000,0.00000000,0.00000000,0.00000000,0.00000000,0.00000000,0.01704264,0.00000000,0.00000000,0.00293203,0.00000000,0.00000000,0.00000000,0.00000000,0.00000000,0.00000000,0.02928356,0.00000000,0.00000000,0.05826655,0.00000000,0.00000000,0.05874317,0.01199730,0.00000000,0.00000000,0.00145224,0.00000000,0.00303966,0.00258111,0.00000000,0.00000000,0.00000000,0.01297076,0.00000000,0.00000000,0.00000000,0.00000000,0.01461350,0.00000000,0.00000000,0.01746507,0.00000000,0.00000000,0.00000000,0.00000000,0.08509163,0.00000000,0.00000000,0.00000000,0.00000000,0.00000000,0.00000000,0.00000000,0.00000000,0.00000000,0.00000000,0.00000000,0.00000000,0.00000000,0.00000000,0.00000000,0.00000000,0.00000000,0.00000000,0.00000000,0.00000000,0.00000000,0.00000000,0.00000000,0.01567291,0.00000000,0.00000000,0.00000000,0.00000000,0.00000000,0.00000000,0.00000000,0.00000000,0.06445178,0.00993778,0.00000000,0.00000000,0.00000000,0.42962198,0.00441319,0.00000000,0.00000000,0.00000000,0.00000000,0.00000000,0.00000000,0.47674736,0.00000000,0.00000000,0.00000000,0.02902746,0.00000000,0.04774249,0.00000000,0.03731193,0.00000000,0.00000000,0.00758656,0.00000000,0.00000000,0.00000000,0.01552088,0.00000000,0.00000000,0.00000000,0.00000000,0.00000000,0.00000000,0.00000000,0.00000000,0.00190052,0.00000000,0.00000000,0.00000000,0.04276471,0.00000000,0.00000000,0.00000000,0.00000000,0.00356501,0.00000000,0.00341654,0.00000000,0.00000000,0.00000000,0.00000000,0.00000000,0.00000000,0.00000000,0.00000000,0.00000000,0.00000000,0.00000000,0.00000000,0.00000000,0.00000000,0.00000000,0.00000000,0.00000000,0.00000000,0.00000000,0.00000000,0.00000000,1.44168371,0.00000000,0.00000000,0.00000000,0.37207119,0.00000000,0.00000000,0.00000000,0.00000000,0.00000000,0.00000000,0.00000000,0.00000000,0.00000000,0.00000000,0.25158477,0.00000000,0.00000000,0.00570064,0.00000000,0.00000000,0.00000000,0.00000000,0.00000000,0.00000000,0.00000000,0.00000000,0.00000000,0.00000000,0.00000000,0.00000000,0.00793693,0.00000000,0.00000000,0.00000000,0.00000000,0.00000000,0.00000000,0.00000000,0.00803841,0.00000000,0.00000000,0.00000000,0.00000000,0.00000000,0.00000000,0.00000000,0.00000000,0.00000000,0.00000000,0.00000000,0.00078285,0.00000000,0.00000000,0.00000000,0.00000000,0.00000000,0.00000000,0.00000000,0.00161632,0.00000000,0.00000000,0.00000000,0.00000000,0.00000000,0.00000000,0.00000000,0.00000000,0.00000000,0.10357991,0.00198548,0.00000000,0.00000000,0.00000000,0.00000000,0.00000000,0.00000000,0.00000000,0.00000000,0.00000000,0.00087222,0.00000000,0.00000000,0.00000000,0.00545619,0.00000000,0.00000000,0.00000000,0.00000000,0.00000000,0.00000000,0.00000000,0.00000000,0.00000000,0.00000000,0.00000000,0.00000000,0.00000000,0.00000000,0.00000000,0.00000000,0.00000000,0.00000000,0.00421697,0.00000000,0.00000000,0.01393651,0.00000000,0.00641739,0.00000000,0.00000000,0.00000000,0.00000000,0.00000000,0.00000000,0.00000000,0.00000000,0.00000000,0.00000000,0.00000000,0.23428378,0.00000000,0.00000000,0.00000000,0.00000000,0.00206743,0.00000000,0.00000000,0.00278292,0.00000000,0.00000000,0.06848421,0.00000000,0.00000000,0.00000000,0.00000000,0.00000000,0.00000000,0.00356142,0.00000000,0.00000000,0.01763737,0.00000000,0.00000000,0.00000000,0.00000000,0.00000000,0.00000000,0.00000000,0.00000000,0.00000000,0.00460453,0.00000000,0.00000000,0.02800787,0.00000000,0.00000000,0.00000000,0.00000000,0.00000000,0.00000000,0.00000000,0.00000000,0.00000000,0.00000000,0.00000000,0.00000000,0.00000000,0.00000000,0.00000000,0.00715926,0.00000000,0.00074312,0.06518939,0.00000000,0.00000000,0.00000000,0.00000000,0.00000000,0.00000000,0.00000000,0.03836123,0.00000000,0.00000000,0.00000000,0.00000000,0.00000000,0.00000000,0.00000000,0.00000000,0.00000000,0.00677731,0.00000000,0.00000000,0.00000000,0.00000000,0.00000000,0.00000000,0.00000000,0.00000000,0.00000000,0.00000000,0.00000000,0.00000000,0.00000000,0.00000000,0.00000000,0.00000000,0.00000000,0.00000000,0.01037347,0.00000000,0.01047934,0.00000000,0.05042029,0.00000000,0.00000000,0.00000000,0.00000000,0.00000000,0.00000000,0.00000000,0.00000000
0.00886332,0.00000000,0.00885718,0.00000000,0.57968934,0.00200613,0.00000000,0.00000000,0.00292024,0.00000000,0.00000000,0.00000000,0.00000000,0.00000000,0.00000000,0.00000000,0.00000000,0.00000000,0.00000000,0.00000000,0.00000000,0.00000000,0.00000000,0.00000000,0.00000000,0.00000000,0.00000000,0.00000000,0.00291391,0.01005376,0.00000000,0.00000000,0.00000000,0.00000000,0.00000000,0.00000000,0.00000000,0.00000000,0.00000000,0.00000000,0.00000000,0.00000000,0.00000000,0.00000000,0.00000000,0.00000000,0.00000000,0.00000000,0.00000000,0.01440581,0.00000000,0.00000000,0.00000000,0.00000000,0.00000000,0.00000000,0.00000000,0.00000000,0.01042458,0.00000000,0.00000000,0.00000000,0.00000000,0.00000000,0.00000000,0.00000000,0.00000000,0.00000000,0.00639159,0.00000000,0.00000000,0.00000000,0.00000000,0.00000000,0.00000000,0.00000000,0.00000000,0.00000000,0.00000000,0.00000000,0.00000000,0.00000000,0.00000000,0.00000000,0.00000000,0.01417779,0.00000000,0.00000000,0.00000000,0.00613090,0.00000000,0.00000000,0.01526877,0.00000000,0.00000000,0.00000000,0.00873352,0.00000000,0.00000000,0.00000000,0.00000000,0.00000000,0.00000000,0.00722624,0.00228212,0.00375065,0.00000000,0.03308843,0.00000000,0.00413198,0.00178256,0.00000000,0.00000000,0.00000000,0.00000000,0.00000000,0.00000000,0.00203398,0.00086214,0.00000000,0.09153997,0.00120537,0.00000000,0.00000000,0.00000000,0.00000000,0.00000000,0.00000000,0.00000000,0.00000000,0.00000000,0.00000000,0.00000000,0.00000000,0.00000000,0.00000000,0.00000000,0.00000000,0.00000000,0.00000000,0.00000000,0.00260371,0.00000000,0.00000000,0.00000000,0.00000000,0.00000000,0.00000000,0.00000000,0.00000000,0.00419191,0.00000000,0.00000000,0.00000000,0.00000000,0.00000000,0.00000000,0.00000000,0.00000000,0.00893772,0.00000000,0.00000000,0.00000000,0.00000000,0.00000000,0.00166863,0.00000000,0.00000000,0.00000000,0.00000000,0.00000000,0.00000000,0.00000000,0.00325870,0.00000000,0.00151023,0.00000000,0.00000000,0.00000000,0.00000000,0.00000000,0.00000000,0.00000000,0.00000000,0.00000000,0.01257672,0.00000000,0.00000000,0.00092310,0.00000000,0.00000000,0.00869794,0.00772420,0.00000000,0.00000000,0.00000000,0.00000000,0.00000000,0.13620697,0.00000000,0.00000000,0.00000000,0.00000000,0.00000000,0.00074184,0.00000000,0.00000000,0.00000000,0.00000000,0.00000000,0.00000000,0.00000000,0.00176901,0.00000000,0.00000000,0.00000000,0.00000000,0.00000000,0.00000000,0.00000000,0.00000000,0.00000000,0.00000000,0.00000000,0.00000000,0.00000000,0.00000000,0.00000000,0.00000000,0.00000000,0.00000000,0.00858738,0.00000000,0.00055166,0.00000000,0.00000000,0.00000000,0.00000000,0.00000000,0.01370917,0.00000000,0.00000000,0.00000000,0.00000000,0.00298382,0.00000000,0.00000000,0.00000000,0.00312170,0.00231054,0.00000000,0.00000000,0.00000000,0.00000000,0.00000000,0.00284953,0.00000000,0.00000000,0.00000000,0.00000000,0.00000000,0.00000000,0.00000000,0.00000000,0.00000000,0.00000000,0.00000000,0.00000000,0.00000000,0.00000000,0.00759684,0.00000000,0.00000000,0.00000000,0.00000000,0.00000000,0.00000000,0.00000000,0.00000000,0.00000000,0.00000000,0.00000000,0.00000000,0.00000000,0.00000000,0.00000000,0.00000000,0.00000000,0.00000000,0.00000000,0.00542345,0.00000000,0.00000000,0.01763383,0.00000000,0.00000000,0.00000000,0.00000000,0.00000000,0.00000000,0.00000000,0.00000000,0.00000000,0.00100019,0.00000000,0.00000000,0.00000000,0.03545620,0.00000000,0.00000000,0.00000000,0.00000000,0.00000000,0.00000000,0.00000000,0.00000000,0.00000000,0.00000000,0.00904288,0.00000000,0.00210991,0.00000000,0.00000000,0.00000000,0.00000000,0.00000000,0.00000000,0.00145243,0.00333457,0.00000000,0.00000000,0.00000000,0.00000000,0.00000000,0.00000000,0.00000000,0.00000000,0.00000000,0.00000000,0.00000000,0.00000000,0.00000000,0.00000000,0.00000000,0.00000000,0.00000000,0.00000000,0.00000000,0.00561210,0.00000000,0.00000000,0.00000000,0.00000000,0.00000000,0.00147076,0.00000000,0.00000000,0.00000000,0.00000000,0.00000000,0.00000000,0.00000000,0.00000000,0.00000000,0.00000000,0.00000000,0.00000000,0.00000000,0.00000000,0.00000000,0.00166498,0.00000000,0.00000000,0.00000000,0.00000000,0.00000000,0.00842234,0.00000000,0.00000000,0.04073457,0.00000000,0.07540647,0.00000000,0.00000000,0.00000000,0.00000000,0.00000000,0.00000000,0.00000000,0.00000000,0.00000000,0.00000000,0.00000000,0.00000000,0.00000000,0.00000000,0.00000000,0.00516446,0.00000000,4.68932553,0.00000000,0.00000000,0.00000000,0.00000000,0.00000000,0.00000000,0.00000000,0.00000000,0.00000000,0.00000000,0.00000000,0.00000000,0.00000000,0.00000000,0.00000000,0.00000000,0.00000000,0.00000000,0.00000000,0.00000000,0.00000000,0.00000000,0.00000000,0.00000000,0.00000000,0.00286368,0.00000000,0.00000000,0.00000000,0.00000000,0.00000000,0.00000000,0.00000000,0.00000000,0.00000000,0.00000000,0.00000000,0.00000000,0.00000000,0.00450981,0.00000000,0.00000000,0.00000000,0.00000000,0.00000000,0.00000000,0.00000000,0.00000000,0.00000000,0.00000000,0.00417893,0.01433931,0.00000000,0.16849460,0.00000000,0.00000000,0.00000000,0.00000000,0.07004045,0.00000000,1.56374695,0.00000000,0.00000000,0.00000000,0.00000000,0.00000000,0.00000000,0.00000000,0.00000000,0.00000000,0.00000000,0.00000000,0.00000000,0.00000000,0.00000000,0.00000000,0.00000000,0.00365707,0.00000000,0.00000000,0.00000000,0.00000000,0.00000000,0.00000000,0.00000000,0.00000000,0.00000000,0.00000000,0.00000000,0.02249448,0.00000000,0.00000000,0.00000000,1.67912587,0.00000000,0.00000000,0.00602395,0.00000000,0.00000000,0.00000000,0.00000000,0.00000000,0.00000000,0.00000000,0.02407666,0.00000000,0.00000000,0.00000000,0.00000000,0.00000000,0.00000000,0.00000000,0.00000000,0.00000000,0.00000000,0.00000000,0.00000000,0.00000000,0.00000000,0.00000000,0.00000000,0.00000000,0.00000000,0.00000000,0.00000000,0.00000000,0.00000000,0.00000000,0.12601781,0.00000000,0.00000000,0.00000000,0.00000000,0.00000000,0.00789589,0.00000000,0.00000000,0.00000000,0.10601732,0.00383707,0.04373168,0.00000000,0.00000000,0.00000000,0.00000000,0.00000000,0.00000000,0.00000000,0.00000000,0.00000000,0.00000000,0.00000000,0.00000000,0.00000000,0.00000000,0.00000000,0.00300643,0.00000000,0.00000000,0.00000000,0.00000000,0.00000000,0.00000000,0.01318036,0.00000000,0.00000000,0.00000000,0.00000000,0.00486571,0.00000000,0.00000000,0.00000000,0.00000000,0.00549624,0.00000000,0.10596628,0.00000000,0.00991901,0.00000000,0.00000000,0.03447687,0.00000000,0.10407290,0.00000000,0.00000000,0.00000000,0.00000000,0.00000000,0.00000000,0.00000000,0.00000000,0.00000000,0.00000000,0.00000000,0.00000000,0.00722825,0.00000000,0.00000000,0.00000000,0.00000000,0.00000000,0.00000000,0.00000000,0.00000000,0.00000000,0.00000000,0.00000000,0.00000000,0.00000000,0.00000000,0.00000000,0.00000000,0.00000000,0.00561294,0.01234688,0.00000000,0.03504759,0.00000000,0.00055581,0.00000000,0.00000000,0.00000000,0.00000000,0.00000000,0.00000000,0.00000000,0.00000000,0.00000000,0.00000000,0.00000000,0.00000000,0.00000000,0.00271096,0.00000000,0.00000000,0.00000000,0.00000000,0.00000000,0.00000000,0.05882026,0.00000000,0.00000000,0.00000000,0.00000000,0.00000000,0.06200698,0.00000000,0.00000000,0.00000000,0.00000000,0.02257642,0.00000000,0.00000000,0.00000000,0.04937814,0.00000000,0.00434360,0.00000000,0.00000000,0.00000000,0.00000000,0.00000000,0.00000000,0.00000000,0.00000000,0.00000000,0.00156059,0.07520961,0.00000000,0.00000000,0.00000000,0.00000000,0.00000000,0.00000000,0.00000000,0.00000000,0.00000000,0.00000000,0.00000000,0.01565917,0.00000000,0.00000000,0.00000000,0.00000000,0.00000000,0.00000000,0.00000000,0.00000000,0.00000000,0.00000000,0.00000000,0.00605527,0.00500736,0.00000000,0.00000000,0.00000000,0.00251461,0.00000000,0.01563003,0.00000000,0.00000000,0.00000000,0.00000000,0.00000000,0.02280463,0.00000000,0.00000000,0.00000000,0.00000000,0.00000000,0.00000000,0.00000000,0.00000000,0.00000000,0.12248793,0.00000000,0.00000000,0.00000000,0.00000000,0.00000000,0.00000000,0.00000000,0.00000000,0.00000000,0.00000000,0.00000000,0.00270571,0.01329953,0.00000000,0.00000000,0.00000000,0.00000000,0.00000000,0.00000000,0.00000000,0.00000000,0.00000000,0.00000000,0.00000000,0.00000000,0.00681584,0.06025494,0.00000000,0.00000000,0.00000000,0.00000000,0.00000000,0.00000000,0.00000000,0.00000000,0.00000000,0.00000000,0.00000000,0.00000000,0.00389149,0.01073366,0.00000000,0.01532206,0.00000000,0.00000000,0.00000000,0.00000000,0.00000000,0.00000000,0.00000000,0.00000000,0.00000000,0.00000000,0.00000000,0.00000000,0.00000000,0.00000000,0.00000000,0.00000000,0.00000000,0.00000000,0.00000000,0.00000000,0.00000000,0.00000000,0.00000000,0.00000000,0.00000000,0.00000000,0.83322997,0.00000000,0.00000000,0.00000000,0.00000000,0.00000000,0.00000000,0.00000000,0.00000000,0.00000000,0.00000000,0.00000000,0.00000000,0.00000000,0.00000000,0.00000000
0.00000000,0.00000000,0.00000000,0.02859307,0.00000000,0.00000000,0.00000000,0.00923295,0.00000000,0.12005876,0.00000000,0.00000000,0.00000000,0.00000000,0.00000000,0.00000000,0.00000000,0.01007723,0.00000000,0.00000000,0.00000000,0.00000000,0.00000000,0.00000000,0.00000000,0.00000000,0.00000000,0.00086910,0.00000000,0.00000000,0.00203636,0.00000000,0.00000000,0.00000000,0.00000000,0.00000000,0.00000000,0.00000000,0.00000000,0.00000000,0.00000000,0.01003754,0.00000000,0.00000000,0.00000000,0.00000000,0.00000000,0.00000000,0.00000000,0.00000000,0.00000000,0.00000000,0.00000000,0.00000000,0.00000000,0.00000000,0.00000000,0.00000000,0.00000000,0.00000000,0.00000000,0.00000000,0.00000000,0.00000000,0.00000000,0.00000000,0.00000000,0.01187971,0.00000000,0.00000000,0.00000000,0.00000000,0.00000000,0.00000000,0.00000000,0.00900335,0.00000000,0.00000000,0.00000000,0.00000000,0.00000000,0.00000000,0.00000000,0.00000000,0.00445894,0.00000000,0.00000000,0.00000000,0.00000000,0.00000000,0.00000000,0.00000000,0.01138644,0.00000000,0.00000000,0.00000000,0.00000000,0.00000000,0.00000000,0.00000000,0.00000000,0.41972954,0.03385096,0.08222278,0.00000000,0.00000000,0.00000000,0.00000000,0.00000000,0.00000000,0.00000000,0.00000000,0.00000000,0.00000000,0.00000000,0.00000000,0.00425783,0.00000000,0.00000000,0.00000000,0.00000000,0.00000000,0.00000000,0.00000000,0.00000000,0.00000000,0.00000000,0.00000000,0.00000000,0.00000000,0.00000000,0.02248842,0.00202461,0.05521076,0.00000000,0.00000000,0.00000000,0.00000000,0.00000000,0.00412251,0.00000000,0.00000000,0.00000000,0.00000000,0.00000000,0.00000000,0.04093008,0.00000000,0.00000000,0.00104764,0.04545616,0.00000000,0.00000000,0.00658329,0.00000000,0.00000000,0.00000000,1.66897518,0.00000000,0.00000000,0.00000000,0.00251506,0.00000000,0.00182181,0.00000000,0.00000000,0.00838608,0.00000000,0.00000000,0.00000000,0.00000000,0.00000000,0.00000000,0.00000000,0.00000000,0.00000000,0.00000000,0.00000000,0.00000000,0.00231771,0.00000000,0.00000000,0.00410798,0.00000000,0.02114437,0.00000000,0.00000000,0.00000000,0.00000000,0.00280763,0.54773238,0.00000000,0.00000000,0.00000000,0.00817993,0.00000000,0.00000000,0.00000000,0.00000000,0.00000000,0.00000000,0.00000000,0.00000000,0.00000000,0.00403554,0.00000000,0.01050085,0.00000000,0.00000000,0.00000000,0.00000000,0.00000000,0.00000000,0.00000000,0.00000000,0.00000000,0.00000000,0.00000000,0.00000000,0.00000000,0.00000000,0.00000000,0.00000000,0.00000000,0.00000000,0.00000000,0.00000000,0.00000000,0.00000000,0.00000000,0.00000000,0.00000000,0.00000000,0.00000000,0.00000000,0.00000000,0.00000000,0.00000000,0.00000000,0.00000000,0.00000000,0.01936816,0.00000000,0.04100382,0.00000000,0.00000000,0.00000000,0.00000000,0.00000000,0.00000000,0.00000000,0.00000000,0.00000000,0.00000000,0.00000000,0.00000000,0.00000000,0.00000000,0.00000000,0.00000000,0.00000000,0.00000000,0.00000000,0.02286816,0.00000000,0.00209014,0.00000000,0.00000000,0.00000000,0.00079316,0.00000000,0.00000000,0.00000000,0.00213197,0.00000000,0.00000000,0.00000000,0.00000000,0.00000000,0.00000000,0.00000000,0.00000000,0.12019684,0.00000000,0.00000000,0.00000000,0.00000000,0.00000000,0.00000000,0.00000000,0.00000000,0.00000000,3.69841487,0.00000000,0.00000000,0.00000000,0.00000000,0.00000000,0.00000000,0.00000000,0.00000000,0.00000000,0.00000000,0.00000000,0.00000000,0.00247370,0.00000000,0.00000000,0.00000000,0.10746901,0.00000000,0.00000000,0.00000000,0.00000000,0.00000000,0.00000000,0.00000000,0.00000000,0.00128502,0.00543967,0.00000000,0.00000000,0.00000000,0.00000000,0.00000000,0.00000000,0.00000000,0.00000000,0.00000000,0.00000000,0.00000000,0.00000000,0.00000000,0.00000000,0.00000000,0.00000000,0.10688947,0.00000000,0.02244931,0.01584549,0.00000000,0.08508567,0.00000000,0.00000000,0.00000000,0.00000000,0.00000000,0.00000000,0.00000000,0.00000000,0.00000000,0.00000000,0.00223878,0.00400499,0.00000000,0.00000000,0.00000000,0.00000000,0.00000000,0.00000000,0.00000000,0.00000000,0.00000000,0.00000000,0.00000000,0.00000000,0.00000000,0.00000000,0.05570953,0.00000000,0.00000000,0.00000000,0.00000000,0.00000000,0.00000000,0.00896544,0.00000000,0.03626820,0.00000000,0.00000000,0.00000000,0.00000000,0.00000000,0.03260303,0.00000000,0.00000000,0.00000000,0.00000000,0.00000000,0.00000000,0.00000000,0.00000000,0.00000000,0.00000000,0.00000000,0.00000000,0.00000000,0.00000000,0.00000000,0.00000000,0.00212442,0.00000000,0.00000000,0.00000000,0.00000000,0.00000000,0.00000000,0.00000000,0.01724317,0.00000000,0.00000000,0.00000000,0.00000000,0.00000000,0.00000000,0.00000000,0.00000000,0.00000000,0.00000000,0.00000000,0.00000000,0.00000000,0.00000000,0.00000000,0.00000000,0.00000000,0.00000000,0.00000000,0.00000000,0.00000000,0.00302897,0.00000000,0.00000000,1.04888840,0.00000000,0.00000000,0.00000000,0.00575320,0.00000000,0.00000000,0.00000000,0.00000000,0.00076301,0.00000000,0.00000000,0.00000000,0.00000000,0.00000000,0.00000000,0.00000000,0.00000000,0.00000000,0.00000000,1.49390839,0.00000000,0.00000000,0.00000000,0.00000000,0.00000000,0.00000000,0.00000000,0.00000000,0.00000000,0.00000000,0.00000000,0.00000000,0.00000000,0.00000000,0.00000000,0.00000000,0.00000000,0.00000000,0.00000000,0.00000000,0.00000000,0.00000000,0.00000000,0.00000000,0.00000000,0.00000000,0.00476161,0.00000000,0.04001336,0.00000000,0.00000000,0.00123811,0.00000000,0.00000000,0.00000000,0.00000000,0.00000000,0.00000000,0.00000000,0.00000000,0.00000000,0.00000000,0.00000000,0.00000000,0.00000000,0.00073309,0.00000000,0.00000000,0.00000000,0.00000000,0.00140182,0.00000000,0.00000000,0.00083722,0.00357044,0.00000000,0.00000000,0.00000000,0.00000000,0.00000000,0.00000000,0.00000000,0.43607839,0.00000000,0.00000000,0.00323622,0.00000000,0.01728944,0.00000000,0.00000000,0.00000000,0.00000000,0.00000000,0.79439719,0.00000000,0.00000000,0.00000000,0.00000000,1.33371354,0.00000000,0.00000000,0.00000000,0.00000000,0.00913835,0.00000000,0.00000000,0.00000000,0.00278447,0.00000000,0.00000000,0.00000000,0.00000000,0.00000000,0.00000000,0.00000000,0.00000000,0.00000000,0.00000000,0.00000000,0.00000000,0.00000000,0.00000000,0.00000000,0.00000000,0.00000000,0.00000000,0.00000000,0.00000000,0.00000000,0.00000000,0.00981776,0.00000000,0.00000000,0.01036896,0.00975451,0.00000000,0.00968045,0.00000000,0.00000000,0.00000000,0.00000000,0.00610935,0.00000000,0.00000000,0.00000000,0.00000000,0.02184421,0.00000000,0.00000000,0.00000000,0.00000000,0.04574597,0.00000000,0.04215252,0.00000000,0.00000000,0.00000000,0.00000000,0.00000000,0.00000000,0.00000000,0.00000000,0.00000000,0.00000000,0.00000000,0.00546397,0.00000000,0.01672034,0.00000000,0.00000000,0.00000000,0.01346675,0.00000000,0.00865255,0.00000000,0.00000000,0.00000000,0.00000000,0.00000000,0.00000000,0.00000000,0.00000000,0.00000000,0.00264756,0.00000000,0.00000000,0.00000000,0.00000000,0.00000000,0.73255509,0.00000000,0.00000000,0.00604486,0.00000000,0.00000000,0.00000000,0.00000000,0.00000000,0.00000000,0.00000000,0.00000000,0.00000000,0.00000000,0.00000000,0.00000000,0.00000000,0.00000000,0.00000000,0.00150402,0.00172510,0.00000000,0.00000000,0.00000000,0.00000000,0.00000000,0.00000000,0.00000000,0.00000000,0.00000000,0.00000000,0.00000000,0.00000000,0.00630787,0.00000000,0.00000000,0.00000000,0.00000000,0.00000000,0.00000000,0.00000000,0.00000000,0.00796037,0.00000000,0.00000000,0.00000000,0.00000000,0.00000000,0.00000000,0.00000000,0.00000000,0.00000000,0.00000000,0.00000000,0.00000000,0.00000000,0.00000000,0.01632171,0.00000000,0.00000000,0.00000000,0.00000000,0.00000000,0.13950371,0.00000000,0.00000000,0.02583907,0.00000000,0.00289466,0.00000000,0.00000000,0.00000000,0.68837504,0.00000000,0.00000000,0.00000000,0.00000000,0.00000000,0.00000000,0.00000000,0.00000000,0.00000000,0.00000000,0.02832733,0.00000000,0.00675439,0.00000000,0.00000000,0.00000000,0.00000000,0.00000000,0.00000000,0.00000000,0.00000000,0.00000000,0.00000000,0.00000000,0.00000000,0.00000000,0.00000000,0.00000000,0.00081856,0.00000000,0.00000000,0.00605821,0.00000000,0.00000000,0.00000000,0.00000000,0.00000000,0.00000000,0.00000000,0.00000000,0.00000000,0.00295972,0.00000000,0.00000000,0.00462382,0.00000000,0.00000000,0.02568070,0.00000000,0.00000000,0.00000000,0.00000000,0.00000000,0.00000000,0.00000000,0.00000000,0.00000000,0.00678016,0.00000000,0.00000000,0.00000000,0.00000000,0.00000000,0.00000000,0.00000000,0.00000000,0.00000000,0.00000000,0.00000000,0.00000000,0.11123518,0.00000000,0.00000000,0.00000000,0.00000000,0.00000000,0.00000000,0.00000000,0.00000000,0.00000000,0.00000000,0.00259377,0.00000000,0.00303991,0.00000000,0.00000000,0.00000000,0.00000000,0.00000000,0.00000000,0.00000000,0.00000000,0.00000000,0.00000000,0.00000000,0.00000000,0.00000000,0.07830199,0.00000000,0.00000000,0.00000000,0.00000000,0.00000000,0.00000000
0.00000000,0.00000000,0.00103725,0.00000000,0.00000000,0.00000000,0.00000000,0.01913355,0.00000000,0.00000000,0.00000000,0.00000000,0.00000000,0.00000000,0.00000000,0.00177889,0.00000000,0.00000000,0.00000000,0.04419872,0.00000000,0.00000000,0.00000000,0.00621841,0.00000000,0.00000000,0.00000000,0.00000000,0.00000000,0.00000000,0.00000000,0.00000000,0.00000000,0.00757658,0.00828507,0.00000000,0.06569070,0.01158789,0.00000000,0.09908740,0.00118699,0.00000000,0.02214742,0.00000000,0.00000000,0.00000000,0.01681588,0.00000000,0.00000000,0.00000000,0.00500047,0.00000000,0.00072707,0.00000000,0.00000000,0.00000000,0.00000000,0.00000000,0.00000000,0.00000000,0.00000000,0.00000000,0.00000000,0.00000000,0.00000000,0.00000000,0.00000000,0.00000000,0.00000000,0.00000000,0.00000000,0.00000000,0.00000000,0.00000000,0.00000000,0.00000000,0.00000000,0.00000000,0.00000000,0.00000000,0.00000000,0.00000000,0.00000000,0.00000000,0.00000000,0.00000000,0.00000000,0.01561610,0.00000000,0.00000000,0.00000000,0.00000000,0.00000000,0.00000000,0.00000000,0.00000000,0.00000000,0.00000000,0.00000000,0.00000000,0.00000000,0.00000000,0.00000000,0.00000000,0.00000000,0.00000000,0.00510619,0.00000000,0.00000000,0.02168862,0.00000000,0.00000000,0.00000000,0.00298117,0.00000000,0.00000000,0.00000000,0.00000000,0.00000000,0.00000000,0.28144749,0.00000000,0.00000000,0.00000000,0.00000000,0.00000000,0.00000000,0.04345640,0.00000000,0.00000000,0.00000000,0.00000000,0.00000000,0.00000000,0.00000000,0.00074670,0.00000000,0.00000000,0.01852843,0.00000000,0.00000000,0.00000000,0.00000000,0.00916722,0.00000000,0.00000000,0.00000000,0.03828922,0.00000000,0.00000000,0.00000000,0.00000000,0.00000000,0.08637401,0.00000000,0.00000000,0.00000000,0.00000000,0.00172164,0.00000000,0.00000000,0.24333180,0.00000000,0.00000000,0.00000000,0.00000000,0.00000000,0.00000000,0.00506994,0.00000000,0.00000000,0.00266677,0.00000000,0.00000000,0.00404354,0.00000000,0.00000000,0.00000000,0.00000000,0.00000000,0.00436861,0.06746867,0.00000000,0.00000000,0.00118863,0.00000000,0.00000000,0.00000000,0.00000000,0.00000000,0.00000000,0.00000000,0.00000000,0.00000000,0.00000000,0.00000000,0.00000000,0.00000000,0.00000000,0.00000000,0.00000000,0.00000000,0.01224814,0.00000000,0.00000000,0.00000000,0.03196343,0.00000000,0.00000000,0.00000000,0.00000000,0.00000000,0.00000000,0.00000000,0.00000000,0.00000000,0.00000000,0.00000000,0.00000000,0.00764008,0.00000000,0.00000000,0.00000000,0.00000000,0.00000000,0.00034738,0.00000000,0.02018764,0.00000000,0.00502205,0.00000000,0.00000000,0.00000000,0.00000000,0.00000000,0.00000000,0.00000000,0.00000000,0.00190394,0.00000000,0.00000000,0.00000000,0.00000000,0.00000000,0.00000000,0.01415334,0.00000000,0.01171003,1.80704559,0.00000000,0.00000000,0.00000000,0.00000000,0.02065399,0.00000000,0.00000000,0.00000000,0.00000000,0.00000000,0.00000000,0.00000000,0.00000000,0.00000000,0.00000000,0.00000000,0.00000000,0.00000000,0.00000000,0.00000000,0.00000000,0.00000000,0.00000000,0.02779804,0.00000000,0.00000000,0.00000000,0.00000000,0.00164944,0.00000000,0.00000000,0.00000000,0.00000000,0.00000000,0.00000000,0.00000000,0.02789583,0.00000000,0.00000000,0.00000000,0.00000000,0.00000000,0.00000000,0.00000000,0.00000000,0.00000000,0.00000000,0.00000000,0.00000000,0.00000000,0.00000000,0.04225088,0.00000000,0.00000000,0.00000000,0.00000000,0.00000000,0.01542641,0.00000000,0.00000000,0.00000000,0.00000000,0.00000000,0.00000000,0.00000000,0.00000000,0.01337765,0.00000000,0.00162543,0.00000000,0.00000000,0.00000000,0.00000000,0.00000000,0.01262353,0.00000000,0.00000000,0.00000000,0.00000000,0.00000000,0.00000000,0.00000000,0.00000000,0.00000000,0.00000000,0.00000000,0.00000000,0.00000000,0.00000000,0.00000000,0.00000000,0.00000000,0.00000000,0.00000000,0.00000000,0.00000000,0.00000000,0.00000000,0.00000000,0.00000000,0.00068731,0.00000000,0.00000000,0.00000000,0.00000000,0.00000000,0.00000000,0.00000000,0.00000000,0.00000000,0.00000000,0.00000000,0.00000000,0.00000000,0.00000000,0.00000000,0.00000000,0.00439417,0.00000000,0.00000000,0.02809882,0.00000000,0.00000000,0.00000000,0.00000000,0.00000000,0.00637645,0.00000000,0.00000000,0.00000000,0.02764701,0.00000000,0.00000000,0.00000000,0.01642784,0.00000000,0.00000000,0.07605752,0.00000000,0.00000000,0.00912983,0.00000000,0.00000000,0.00000000,0.00000000,0.00000000,0.00000000,0.00000000,0.00000000,0.00000000,0.00000000,0.00000000,0.00000000,0.00000000,0.00000000,0.00000000,0.00000000,0.00000000,0.00000000,0.00000000,0.03005654,0.00000000,0.00000000,0.00000000,0.00000000,0.00000000,0.00000000,0.00000000,0.00000000,0.00000000,0.90522584,0.00000000,0.00000000,0.34276599,0.00000000,0.00509462,0.00000000,0.00000000,0.14356058,0.00000000,0.00000000,0.00000000,0.00000000,0.00000000,0.06821860,0.00000000,0.00000000,0.00000000,0.00000000,0.00000000,0.21056764,0.00000000,0.00000000,0.00000000,0.00000000,0.00000000,0.00000000,0.00525599,0.00000000,0.16974212,0.00000000,0.00000000,0.00000000,0.00000000,0.00000000,0.00000000,0.00000000,0.00000000,0.00000000,0.00000000,0.00000000,0.00000000,0.00000000,0.00000000,0.00000000,0.00000000,0.00000000,0.00000000,0.00000000,0.00000000,0.00000000,0.00000000,0.00000000,0.00000000,0.00850517,0.00000000,0.00000000,0.00000000,0.00000000,0.00000000,0.00000000,0.00000000,0.00000000,0.00000000,0.00248281,0.00093695,0.00000000,0.00000000,0.00000000,0.00000000,0.00000000,0.00000000,0.00324240,0.00000000,0.00000000,0.00000000,0.00000000,0.00000000,0.00000000,0.00000000,0.00543037,0.00000000,0.00000000,0.00000000,0.00000000,0.00000000,0.00000000,0.00000000,0.00000000,0.00000000,0.00000000,0.00000000,0.00000000,0.00000000,0.00000000,0.00000000,0.00000000,0.00000000,0.00000000,0.00000000,0.00585150,0.00000000,0.00000000,0.00000000,0.01355625,0.00000000,0.00000000,0.00734832,0.00507078,0.00000000,0.00000000,0.00000000,0.00000000,0.00000000,0.00104444,0.00000000,0.00000000,0.00000000,0.00000000,0.00000000,0.00000000,0.00000000,0.00000000,0.00000000,0.00000000,0.00000000,0.00000000,0.00000000,0.00199383,0.00000000,0.00000000,0.00000000,0.00000000,0.00000000,0.00277347,0.00000000,0.00000000,0.00000000,0.00000000,0.00000000,0.00000000,0.00000000,0.00000000,0.00000000,0.01586664,0.00000000,0.00000000,0.00000000,0.00000000,0.00000000,0.00716164,0.00000000,0.00000000,0.00000000,0.00000000,0.00000000,0.00000000,0.00000000,0.00656023,0.10491908,0.00632466,0.00000000,0.00000000,0.00281713,0.00000000,0.00000000,0.01860419,0.00000000,0.00000000,0.00000000,0.00000000,0.00000000,0.00000000,0.00000000,0.00000000,0.00000000,0.00000000,0.00000000,0.00000000,0.00000000,0.00000000,0.00000000,0.00000000,0.00000000,0.00000000,0.00149217,0.00000000,0.00000000,0.40696182,0.00000000,0.00000000,0.00000000,0.00000000,0.00000000,0.00000000,0.00000000,0.00000000,0.00000000,0.00000000,0.02288354,0.00000000,0.00000000,0.00000000,0.00000000,0.00000000,0.00000000,0.01740678,0.00000000,0.00000000,0.00000000,0.00000000,0.00000000,0.00538345,0.00000000,0.00000000,0.00000000,0.00000000,0.00000000,0.00198966,0.00000000,0.00000000,0.00000000,0.01083686,0.00000000,0.00000000,0.00000000,0.00000000,0.00000000,0.00000000,0.00000000,0.00000000,0.00000000,0.00000000,0.00000000,0.00000000,0.00000000,0.00000000,0.00000000,0.00000000,0.00000000,0.00000000,0.00000000,0.00000000,0.00000000,0.00000000,0.00000000,0.00544350,0.00359293,0.00000000,0.00581247,0.00000000,0.01880499,0.00000000,0.00000000,0.00000000,0.00000000,0.00000000,0.00000000,0.00000000,0.00000000,0.00000000,0.00407045,0.00000000,0.00000000,0.00000000,0.00000000,0.01329799,0.00000000,0.00000000,0.00000000,0.03437631,0.00000000,0.00000000,0.00000000,0.04073420,0.00000000,0.00000000,0.00000000,0.00297711,0.00000000,0.00000000,0.00000000,0.00000000,0.00000000,0.00000000,0.00000000,0.00000000,0.00000000,0.00000000,0.00000000,0.00000000,0.00000000,0.00000000,0.00000000,0.00000000,0.00000000,0.00000000,0.00000000,0.00000000,0.00000000,0.00000000,0.00000000,0.00000000,0.01791957,0.00000000,0.00000000,0.00565829,0.00000000,0.00000000,0.00000000,0.00000000,0.00478689,0.00000000,0.00000000,0.00000000,0.00000000,0.00000000,2.00020599,0.00000000,0.00000000,0.00000000,0.00000000,0.00000000,0.00000000,0.00000000,0.00000000,0.00000000,0.00000000,0.00000000,0.00000000,0.00000000,0.00000000,0.00000000,0.00000000,0.07013071,0.00000000,0.00000000,0.00000000,0.00000000,0.00000000,0.00000000,0.00000000,0.00000000,0.00000000,0.00000000,0.00000000,0.00000000,0.00000000,0.00000000,0.00000000,0.00000000,0.00542000,0.00000000,0.00000000,0.00000000,0.00000000,0.00000000,0.00000000,0.00000000,0.00000000,0.00000000,0.00000000,0.00000000,0.00000000,0.00000000,0.00000000,0.00296884,0.00000000,0.00000000,0.00086515,0.00000000,0.00000000,0.03900651,0.00000000,0.00000000,0.00000000,0.00000000,0.00000000,0.00000000,0.00000000,0.00000000
0.00000000,0.04053825,0.00000000,0.00000000,0.00000000,0.00000000,0.00000000,0.00000000,0.00000000,0.00000000,0.00000000,0.00000000,0.00000000,0.00000000,0.00000000,0.00000000,0.00000000,0.00099174,0.02054233,0.00236369,0.00000000,0.00136001,0.00000000,0.00000000,0.00000000,0.00000000,0.00000000,0.00000000,0.00000000,0.00349794,0.00000000,0.00000000,0.00000000,0.00000000,0.00000000,0.00000000,0.00000000,0.00000000,0.00000000,0.00929810,0.00000000,0.12396412,0.00000000,0.02051880,0.00000000,0.00000000,0.00000000,0.00000000,0.00000000,0.00000000,0.00891750,0.00000000,0.00000000,0.00224438,0.00000000,0.01042458,0.00000000,0.00000000,0.00000000,0.01414201,0.01739211,0.00000000,0.00000000,0.00065544,0.00000000,0.00331770,0.00000000,0.00000000,0.00000000,0.11276750,0.00000000,0.00000000,0.00000000,0.00000000,0.00000000,0.00000000,0.00000000,0.00000000,0.00000000,0.00000000,0.00000000,0.00000000,0.00000000,0.00000000,0.00000000,0.04064854,0.00000000,0.00000000,0.00000000,0.00000000,0.00000000,0.00000000,0.00000000,0.00416897,0.00000000,0.00723783,0.00000000,0.00000000,0.00000000,0.00000000,0.00000000,0.00000000,0.00000000,0.00000000,0.00000000,0.00000000,0.00000000,0.00000000,0.00000000,0.00000000,0.00000000,0.00000000,0.00000000,0.00000000,0.00000000,0.00000000,0.00000000,0.00000000,0.00000000,0.00000000,0.00000000,0.06441447,0.00000000,4.06548711,0.00000000,0.00000000,0.00000000,0.00000000,0.00000000,0.00000000,0.00000000,0.00000000,0.00000000,0.00000000,0.00000000,0.00000000,0.00000000,0.00000000,0.00000000,0.00000000,0.00000000,0.00000000,0.00000000,0.00000000,0.00000000,0.00000000,0.00000000,0.00000000,0.00000000,0.00000000,0.00000000,0.00000000,0.00000000,0.00000000,0.00000000,0.00000000,0.00000000,0.00000000,0.00000000,0.00000000,0.00245887,0.00166442,0.00000000,0.00778912,0.00000000,0.00000000,0.00000000,0.00000000,0.00000000,0.00000000,0.10057871,0.00000000,0.00000000,0.00000000,0.00000000,0.00000000,0.00000000,0.00000000,0.00000000,0.00000000,0.00000000,0.00000000,0.00000000,0.00000000,0.00000000,0.00000000,0.00000000,0.00203008,0.00000000,0.00000000,0.00000000,0.00333712,0.00000000,0.00000000,0.00000000,0.00000000,0.00000000,0.08381376,0.00000000,0.00000000,0.00000000,0.00598372,0.00000000,0.00000000,0.00000000,0.00000000,0.00000000,0.00000000,0.00505285,0.00000000,0.00000000,0.00000000,0.00000000,0.00000000,0.00000000,0.01027722,0.00000000,0.00000000,0.00000000,0.00000000,0.00000000,0.00000000,0.00000000,0.00000000,0.00000000,0.00000000,0.00000000,0.00000000,0.00000000,0.00000000,0.00000000,0.00000000,0.00000000,0.00000000,0.00000000,0.00000000,0.00000000,0.00000000,0.00000000,0.00000000,0.00270492,0.00000000,0.00000000,0.00000000,0.00000000,0.00000000,0.00000000,0.00000000,0.00000000,0.02166523,0.00000000,0.36267494,0.00000000,0.00000000,0.00000000,0.00000000,0.00000000,0.00000000,0.00000000,0.00000000,0.00000000,0.00000000,0.00000000,0.00000000,0.00000000,0.00000000,0.00000000,0.00000000,0.00000000,0.00000000,0.00000000,0.00503866,0.00000000,0.00000000,0.00000000,0.00000000,0.00000000,0.00000000,0.00000000,0.00000000,0.00000000,0.00000000,0.00000000,0.00000000,0.00000000,0.00000000,0.00000000,0.00000000,0.00000000,0.00000000,0.00000000,0.00000000,0.00000000,0.00746631,0.00000000,0.00000000,0.06912295,0.00000000,0.00000000,0.00000000,0.00000000,0.00000000,0.00000000,0.00000000,0.00000000,0.00096224,0.00000000,0.00000000,0.00000000,0.00000000,0.00451405,0.00000000,0.00000000,0.00000000,0.00000000,0.00000000,0.00000000,0.08738444,0.00000000,0.00000000,0.00076936,0.00000000,0.00000000,0.00000000,0.00000000,0.00000000,0.00000000,0.01275659,0.00000000,0.00451758,0.00000000,0.00000000,0.00000000,0.00000000,0.00000000,0.00000000,0.00000000,0.00000000,0.00000000,0.00000000,0.00000000,0.00905032,0.00000000,0.00000000,0.00000000,0.00000000,0.00000000,0.00310870,0.05980807,0.00000000,0.02032901,0.00000000,0.00000000,0.00000000,0.00000000,0.00000000,0.00000000,0.00000000,0.00000000,0.00000000,0.00000000,0.00000000,0.00000000,0.00000000,0.00000000,0.00000000,0.00000000,0.00000000,0.00000000,0.00161058,0.00000000,0.00000000,0.00000000,0.00000000,0.00000000,0.10503183,0.00000000,0.00000000,0.00000000,0.04042630,0.00000000,0.01713482,0.03920322,0.00000000,0.00000000,0.00000000,0.00867082,0.00000000,0.00000000,0.01540244,0.00000000,0.00000000,0.00000000,0.00000000,0.00000000,0.00000000,0.00000000,0.00000000,0.00000000,0.00000000,0.00000000,0.00000000,0.00000000,0.00000000,0.36583692,0.00000000,0.00000000,0.00000000,0.00000000,0.00000000,0.00221478,0.00658106,0.00000000,0.00000000,0.00000000,0.00000000,0.01256750,0.00000000,0.00000000,0.00000000,0.00000000,0.00000000,0.00000000,0.00000000,0.00000000,0.00000000,0.00000000,0.00000000,0.00516792,0.00000000,0.05029040,0.00000000,0.00000000,0.00000000,0.00000000,0.00000000,0.00000000,0.00000000,0.00000000,0.00355097,0.00000000,0.00000000,0.00000000,0.00000000,0.00391725,0.00000000,0.00000000,0.00000000,0.00000000,0.00000000,0.00000000,0.00000000,0.00000000,0.00000000,0.00000000,0.00000000,0.00000000,0.00000000,0.00000000,0.00000000,0.00000000,0.00000000,0.00000000,0.00522189,0.00230209,0.01309284,0.00000000,0.00000000,0.00000000,0.00000000,0.00000000,0.00000000,0.00065883,0.00000000,0.00000000,0.00000000,0.00000000,0.00000000,0.00000000,0.00779827,0.00000000,0.00000000,0.00000000,0.00000000,0.00000000,0.00193561,0.00000000,0.00000000,0.00000000,0.00000000,0.00000000,2.17459717,0.00000000,0.00000000,0.00000000,0.00000000,0.00201143,0.00000000,0.00000000,0.00000000,0.00000000,0.00000000,0.00000000,0.00370258,0.00000000,0.00000000,0.00000000,0.00340456,0.00000000,0.00000000,0.00000000,0.00000000,0.00000000,0.00000000,0.00180524,0.00000000,0.00000000,0.00000000,0.00000000,0.00000000,0.00000000,1.40945702,0.00000000,0.00000000,0.00000000,0.00000000,0.00000000,0.00000000,0.00000000,0.00000000,0.00000000,0.00000000,0.00000000,0.00000000,0.00000000,0.00000000,0.00000000,0.06439695,0.00000000,0.00000000,0.00000000,0.00000000,0.00000000,0.00000000,0.01359741,0.02564481,0.00000000,0.00000000,0.00000000,0.00311003,0.00000000,0.00000000,0.00000000,0.00000000,0.00000000,0.00000000,0.00000000,0.00409784,0.00389959,0.00000000,0.00000000,0.00000000,0.00000000,0.00452668,0.00000000,0.00000000,0.00000000,0.02349864,0.00000000,0.00000000,0.00000000,0.00000000,0.00000000,0.00000000,0.00000000,0.00000000,0.00000000,0.00000000,0.00000000,0.00000000,0.00000000,0.11896308,0.00466481,0.00000000,0.00000000,0.00000000,0.00000000,0.00000000,0.00000000,0.00000000,0.00000000,0.01164691,0.00000000,0.00000000,0.00000000,0.00000000,0.03503447,0.00000000,0.00000000,0.00000000,0.00000000,0.00000000,0.00000000,0.00000000,0.00000000,0.00000000,0.00000000,0.00000000,0.00000000,0.00000000,0.00000000,0.00000000,0.00000000,0.00167303,0.00000000,0.00000000,0.00000000,0.00000000,0.00979381,0.00709298,0.00000000,0.00000000,0.00000000,0.00000000,0.04236552,0.00000000,0.00000000,0.00000000,0.00000000,0.00000000,0.00950423,0.00000000,0.00000000,0.00000000,0.00194439,0.00000000,0.00000000,0.18026141,0.00000000,0.00000000,0.00000000,0.00000000,0.00000000,0.00000000,0.00000000,0.00000000,0.00000000,0.00000000,0.00000000,0.00000000,0.00000000,0.00000000,0.00000000,0.00000000,0.00000000,0.00285054,0.00000000,0.00000000,0.00000000,0.00000000,0.00000000,0.00000000,0.00000000,0.00000000,0.00000000,0.00000000,0.00369857,0.00000000,0.00000000,0.00000000,0.00000000,0.00000000,0.00000000,0.00000000,0.00000000,0.05414497,0.00000000,0.00135511,0.00000000,0.02542678,0.00000000,0.00000000,0.00000000,0.00850690,0.00000000,0.00000000,0.00000000,0.00000000,0.00000000,0.00000000,0.00000000,0.00000000,0.00000000,0.00000000,0.00000000,0.00000000,0.00180321,0.00000000,0.00000000,0.00000000,0.00000000,0.00000000,0.00000000,0.00000000,0.00000000,0.00000000,0.00000000,0.00000000,0.00000000,0.00000000,0.00000000,0.00000000,0.00000000,0.00000000,0.00000000,0.00000000,0.00000000,0.00000000,0.00000000,0.00000000,0.00000000,0.00000000,0.00000000,0.00000000,0.00000000,0.02187526,0.00000000,0.00000000,0.00000000,0.00000000,0.00000000,0.00000000,0.02148758,0.00000000,0.00000000,0.00000000,0.00000000,0.00000000,0.00000000,0.00000000,0.00000000,0.00000000,0.00491964,0.00000000,0.00000000,0.00000000,0.00000000,0.00000000,0.00000000,0.00601922,0.00000000,0.00000000,0.00000000,0.00430304,0.00000000,0.00000000,0.00000000,0.07115412,0.00000000,0.00000000,0.00000000,0.00000000,0.00000000,0.00000000,0.00000000,0.00000000,0.00000000,0.00000000,0.00000000,0.00000000,0.24076861,0.00000000,0.02254616,0.00000000,0.01081957,0.00000000,0.00000000,0.00000000,0.00000000,0.00603205,0.00000000,0.07877207,0.00000000,0.41020088,0.00000000,0.00000000,0.00000000,0.00000000,0.00000000,0.00000000,0.94703467,0.00000000,0.00000000,0.00000000,0.00000000,0.00000000,0.00000000,0.00000000,0.00000000,0.00000000
0.00000000,0.00000000,0.00000000,0.00000000,0.00980846,0.00000000,0.00000000,0.00000000,0.00000000,0.00000000,0.00000000,0.00000000,0.00000000,0.00000000,0.00000000,0.00000000,0.00000000,0.00000000,0.00000000,0.00000000,0.00000000,0.00000000,0.10577225,0.00000000,0.00000000,0.00761286,0.18307228,0.00000000,0.00000000,0.00000000,0.00000000,0.00000000,0.00000000,0.00000000,0.01181612,0.00324429,0.00000000,0.00000000,0.00423722,0.00000000,0.00000000,0.00000000,0.00000000,0.00000000,0.00000000,0.00000000,0.00000000,0.00000000,0.00176024,0.00000000,0.00000000,0.00000000,0.00000000,0.00000000,0.00000000,0.00000000,0.00000000,0.00000000,0.01414201,0.00000000,0.00000000,0.00000000,0.00000000,0.00000000,0.00000000,0.00000000,0.00000000,0.00096014,0.00000000,0.00000000,0.00000000,0.00000000,0.04184403,0.01870175,0.00109706,0.00000000,0.00000000,0.00000000,0.00000000,0.00000000,0.00398558,0.00000000,0.00000000,0.00000000,0.00000000,0.00000000,0.00000000,0.00000000,0.00000000,0.00000000,0.00000000,0.00000000,0.00000000,0.00000000,0.00000000,0.00000000,0.00000000,0.00000000,0.00000000,0.00000000,0.00000000,0.00000000,0.00000000,0.00000000,0.00000000,0.00000000,0.00000000,0.00000000,0.00000000,0.00000000,0.00000000,0.00000000,0.00437063,0.00000000,0.04377483,0.00000000,0.00000000,0.00000000,0.00000000,0.00000000,0.00000000,0.00000000,0.00000000,0.00000000,0.00000000,0.01077047,0.00000000,0.00000000,0.00000000,0.00190269,0.00683250,0.00000000,0.00373561,0.00000000,0.00000000,0.00000000,0.00000000,0.00000000,0.00000000,0.00000000,0.00000000,0.00000000,0.00000000,0.00000000,0.00000000,0.61492035,0.00000000,0.00790969,0.00000000,0.00000000,0.00000000,0.00124843,0.00000000,0.00000000,0.00000000,0.00000000,0.00000000,0.00000000,0.00000000,0.00000000,0.00000000,0.00000000,0.00000000,0.00000000,0.10353584,0.00000000,0.00000000,0.00000000,0.00000000,0.00000000,0.00000000,0.00000000,0.00000000,0.00000000,0.00000000,0.00000000,0.00000000,0.00000000,0.00000000,0.00000000,0.00000000,0.00000000,0.00000000,0.00000000,0.00000000,0.00000000,0.00000000,0.00000000,0.00000000,0.00000000,0.00000000,0.00000000,0.00000000,0.00000000,0.00000000,0.00000000,0.00000000,0.00000000,0.01431519,0.00000000,0.00000000,0.00000000,0.00000000,0.26238786,0.00000000,0.00312837,0.00000000,0.00000000,0.00000000,0.00433407,0.00000000,0.00000000,0.00000000,0.00000000,0.00000000,0.03417206,0.00000000,0.00000000,0.00000000,0.00000000,0.00000000,0.00000000,0.00000000,0.00000000,0.00000000,0.00000000,0.00000000,0.00000000,0.00000000,0.00000000,0.05560486,0.00000000,0.00000000,0.00000000,0.00000000,0.00000000,0.00641757,0.00000000,0.00000000,0.00000000,0.00000000,0.00000000,0.00000000,0.00000000,0.00000000,0.00000000,0.00000000,0.00000000,0.00000000,0.00000000,0.00000000,0.00000000,0.00000000,0.00000000,0.00000000,0.04757412,0.00000000,0.00000000,0.00000000,0.00000000,0.00000000,0.00000000,0.00000000,0.00195351,0.00000000,0.00000000,0.00093708,0.00000000,0.00000000,0.00221103,0.00000000,0.00000000,0.00000000,0.00834424,0.00000000,0.00000000,0.00000000,0.00000000,0.00000000,0.00000000,0.00000000,0.00000000,0.00000000,0.00000000,0.00000000,0.00000000,0.00000000,0.00000000,0.00000000,0.00000000,0.00000000,0.03589285,0.00000000,0.00000000,0.00000000,0.00000000,0.00000000,0.00000000,0.00000000,0.00000000,0.03505445,0.00000000,0.00000000,0.00070401,0.00000000,0.00542526,0.00000000,0.00453401,0.00000000,0.00000000,0.00000000,0.08059089,0.00000000,0.00000000,0.00000000,0.00000000,0.00000000,0.00000000,0.00000000,0.00000000,0.07979834,0.00514252,0.00000000,0.00000000,0.00000000,0.00000000,0.00000000,0.00000000,0.00000000,0.00000000,0.00000000,0.00000000,0.00000000,0.00000000,0.00000000,0.00000000,0.00000000,0.00000000,0.03051441,0.00000000,0.00000000,0.00000000,0.00000000,0.01050162,0.00000000,0.00000000,0.00000000,0.00000000,0.00000000,0.00000000,0.00000000,0.00000000,0.00000000,0.00000000,0.00000000,0.00000000,2.40977211,0.00000000,0.00000000,0.08064873,0.00000000,0.00000000,0.00000000,0.00000000,0.00000000,0.00000000,0.00000000,0.00000000,0.00000000,0.00000000,0.00000000,0.00243180,0.00000000,0.00000000,0.00000000,0.00000000,0.00000000,0.00000000,0.00000000,0.00000000,0.00000000,0.00000000,0.00000000,0.00000000,0.00000000,1.19358559,0.00000000,0.00000000,0.00000000,0.00000000,0.00000000,0.00000000,0.00000000,0.01115985,0.00000000,0.00000000,0.00000000,0.00100979,0.02262700,0.00000000,0.00000000,0.00000000,0.00000000,0.00000000,0.00000000,0.00000000,0.00000000,0.00000000,0.00197050,0.00000000,0.00000000,0.00696859,0.00000000,0.00000000,0.00000000,0.06017222,0.00000000,0.00107947,0.00000000,0.00000000,0.00000000,0.00000000,0.00000000,0.00000000,0.00000000,0.00000000,0.00000000,0.00000000,0.00000000,0.00000000,0.00000000,0.00000000,0.00000000,0.00000000,0.00000000,0.00000000,0.00000000,0.00000000,0.00000000,0.00000000,0.00000000,0.00000000,0.00000000,0.00000000,0.00000000,0.00000000,0.00000000,0.00000000,0.01703854,0.00000000,0.00000000,0.00000000,0.00000000,0.00000000,0.00000000,0.00082758,0.00000000,0.00556148,0.00000000,0.01475248,0.00000000,0.00000000,0.00000000,0.00000000,0.00000000,0.00000000,0.00000000,0.00000000,0.00000000,0.00000000,0.00000000,0.00000000,0.00000000,0.00000000,0.00000000,0.00000000,0.01245250,0.00000000,0.00000000,0.00000000,0.00000000,0.00000000,0.00000000,0.00000000,0.01159670,0.00000000,0.00000000,0.00000000,0.00000000,0.01836751,0.00689720,0.00000000,0.00000000,0.00000000,0.00000000,0.00000000,0.06317943,0.00000000,0.00000000,0.00000000,0.00000000,0.00000000,0.00000000,0.00000000,0.00000000,0.00000000,0.00000000,0.00000000,0.00150222,0.00000000,0.00402442,2.78215749,0.00000000,0.00000000,0.00000000,0.00000000,0.00000000,0.00000000,0.00000000,0.00000000,0.00000000,0.00000000,0.00000000,0.00000000,0.00000000,0.00000000,0.00000000,0.00000000,0.00000000,0.00000000,0.00000000,0.00000000,0.00000000,0.00000000,0.00000000,0.00000000,0.00000000,0.00000000,0.00000000,0.00000000,0.00000000,0.00000000,0.00892461,1.99642739,0.00000000,0.00000000,2.01956053,0.00000000,0.00000000,0.00000000,0.00000000,0.00000000,0.00000000,0.00154291,0.00000000,0.00000000,0.00000000,0.00000000,0.00000000,0.00000000,0.00000000,0.00124498,0.00000000,0.00893921,0.00000000,0.00000000,0.00165205,0.04028288,0.00000000,0.00000000,0.00000000,0.00000000,0.00000000,0.00000000,0.00000000,0.00000000,0.00152330,0.04132480,0.36626322,0.00000000,0.00000000,0.03478477,0.00000000,0.00000000,0.00000000,0.00000000,0.00000000,0.00000000,0.00000000,0.00000000,0.00000000,0.00000000,0.00000000,0.00000000,0.00000000,0.00000000,0.00000000,0.00000000,0.00000000,0.00000000,0.00000000,0.00000000,0.00000000,0.00748777,0.00000000,0.00000000,0.00000000,0.00000000,0.00000000,0.00000000,0.00000000,0.00000000,0.00000000,0.00000000,0.00000000,0.00000000,0.00000000,0.00000000,0.00000000,0.00000000,0.00000000,0.00000000,0.00000000,0.00000000,0.00000000,0.00072832,0.00000000,0.00000000,0.00000000,0.00000000,0.00000000,0.00000000,0.00000000,0.00000000,0.00000000,0.00000000,0.00000000,0.00000000,0.00707791,0.00000000,0.00151077,0.00000000,0.00000000,0.00000000,0.00000000,0.00000000,0.00000000,0.00000000,0.00000000,0.00000000,0.00000000,0.00000000,0.00000000,0.00102182,0.00000000,0.00463766,0.00000000,0.00000000,0.00000000,0.00000000,0.00000000,0.00000000,0.00000000,0.00000000,0.00000000,0.00000000,0.74007307,0.04930189,0.00000000,0.00232050,0.00000000,0.00000000,0.00000000,0.00000000,0.00136948,0.00000000,0.00000000,0.00000000,0.00000000,0.00000000,0.00000000,0.00000000,0.00000000,0.00402938,0.00000000,0.00000000,0.00000000,0.00000000,0.00000000,0.07858187,0.00000000,0.00000000,0.00000000,0.00000000,0.01509404,0.00000000,0.00000000,0.00000000,0.00000000,0.00000000,0.00000000,0.00000000,0.00000000,0.67580847,0.00000000,0.00000000,0.00000000,0.00000000,0.00586413,0.00000000,0.00000000,0.00000000,0.00000000,0.00000000,0.00000000,0.00000000,0.04832669,0.00000000,0.00000000,0.00000000,0.00000000,0.00945444,0.01208190,0.00000000,0.00000000,0.07858446,0.00000000,0.00000000,0.14514576,0.00000000,0.00000000,0.00000000,0.00000000,0.00000000,0.00000000,0.00000000,0.00000000,0.00000000,0.00000000,0.00000000,0.00000000,0.00000000,0.00000000,0.00000000,0.00000000,0.00000000,0.00000000,0.00000000,0.00000000,0.00000000,0.00000000,0.00000000,0.00000000,0.01105742,0.00000000,0.12559497,0.00000000,0.00000000,0.00344167,0.00000000,0.00000000,0.00000000,0.00000000,0.00000000,0.00000000,0.48786419,0.00078282,0.00000000,0.02306611,0.00000000,0.00000000,0.00000000,0.00000000,0.00000000,0.01508645,0.00000000,1.19452393,0.00000000,0.00000000,0.00000000,0.00000000,0.00114625,0.00000000,0.00000000,0.00000000,0.00000000,0.00000000,0.00000000,0.01121075,0.00000000,0.00301944,0.00000000,0.00000000,0.00000000,0.01364210,0.00000000,0.00000000,0.00000000,0.00000000,0.00798568
0.00000000,0.00000000,0.00000000,0.00000000,0.00000000,0.00000000,0.00000000,0.00000000,0.01028596,0.00000000,0.00000000,0.00000000,0.00000000,0.00355082,0.00000000,0.04035489,0.00000000,0.00000000,0.00524004,0.00000000,0.00000000,0.00000000,0.00000000,0.00000000,0.00000000,0.00000000,0.00000000,0.00000000,0.00000000,0.00000000,0.00000000,0.00000000,0.00000000,0.00000000,0.01956544,0.00000000,0.00000000,0.00294138,0.00000000,0.00000000,0.00000000,0.03577471,0.01425539,0.00000000,0.00000000,0.00000000,0.06254719,0.00000000,0.00000000,0.00000000,0.00000000,0.00000000,0.00000000,0.00000000,0.00000000,0.00000000,0.00000000,0.00000000,0.01739211,0.00000000,0.00000000,0.00000000,0.00000000,0.00000000,0.00000000,0.00000000,0.00000000,0.00000000,0.00000000,0.00000000,0.00000000,0.00000000,0.00000000,0.00000000,0.07102664,0.00000000,0.00000000,0.00000000,0.00000000,0.00000000,0.00000000,0.00000000,0.00000000,0.00000000,0.00000000,0.00000000,0.00000000,0.00000000,0.00000000,0.04064289,0.00000000,0.00000000,0.00000000,0.00000000,0.00434185,0.00000000,0.00000000,0.00000000,0.00000000,0.01297848,0.00000000,0.04013946,0.00000000,0.04898318,0.00992996,0.00000000,0.00000000,0.00724095,0.00000000,0.00000000,0.00000000,0.00000000,0.00000000,0.00000000,0.00116434,0.00000000,0.00000000,0.00000000,0.00000000,0.00000000,0.00000000,0.00000000,0.00000000,0.00000000,0.00000000,0.00672485,0.00000000,0.00000000,0.00000000,0.00000000,0.00000000,0.00000000,0.00000000,0.00000000,0.00000000,0.00000000,0.00000000,0.00237419,0.00000000,0.01822522,0.00000000,0.00000000,0.00000000,0.00000000,0.00000000,0.00000000,0.00000000,0.72385616,0.00000000,0.00000000,0.00000000,0.00000000,0.00000000,0.00000000,0.00000000,0.00000000,0.00000000,0.01496717,0.00000000,0.00000000,0.00518100,0.02473806,0.00201617,0.00000000,0.00000000,0.00000000,0.00000000,0.00000000,0.00000000,0.00000000,0.00000000,0.00000000,0.00000000,0.00000000,0.00000000,0.03254789,0.00000000,0.00000000,0.00000000,0.00000000,0.03916091,0.00000000,0.00000000,0.00000000,0.00000000,0.00000000,0.00328503,0.00000000,0.00000000,0.00000000,0.00000000,0.00000000,0.00000000,0.00000000,0.00000000,0.00000000,0.00311832,0.00000000,0.00000000,0.00000000,0.00000000,0.00000000,0.00000000,0.00000000,0.00000000,0.00000000,0.00000000,0.00000000,0.00000000,0.00000000,0.00000000,0.00000000,0.00000000,0.00000000,0.00370575,0.00000000,0.00000000,0.00000000,0.00000000,0.00000000,0.00000000,0.00000000,0.00000000,0.00000000,0.00000000,0.00000000,0.00000000,0.00000000,0.00000000,0.00000000,0.00000000,0.00000000,0.00341840,0.00000000,0.00000000,0.03978088,0.00000000,0.00000000,0.00000000,0.00179667,0.00000000,0.00000000,0.00000000,0.00000000,0.00000000,0.00000000,0.01792038,0.00000000,0.00000000,0.00000000,0.00000000,0.00000000,0.00000000,0.00000000,0.00000000,0.00000000,0.00000000,0.00000000,0.00000000,0.00000000,0.00000000,0.00467024,0.00000000,0.00000000,0.00000000,0.00000000,0.00000000,0.00000000,0.00000000,0.00000000,0.00000000,0.00000000,0.00000000,0.00000000,0.00000000,0.00000000,0.00325484,0.00000000,0.00000000,0.00000000,0.00000000,0.00000000,0.00000000,0.00000000,0.00000000,0.00000000,0.00620405,0.00000000,0.00000000,0.00000000,0.00000000,0.00000000,0.00000000,0.00000000,0.00000000,0.00000000,0.00000000,0.00000000,0.00000000,0.00000000,0.00000000,0.00000000,0.00000000,0.00000000,0.00132004,0.00000000,0.00529159,0.00000000,0.00000000,0.00000000,0.00000000,0.00000000,0.00000000,0.00000000,0.00000000,0.00000000,0.00000000,0.00000000,0.48339101,0.00000000,0.00000000,0.00455049,0.00000000,0.00000000,0.00000000,0.00000000,0.00000000,0.00000000,0.03997055,0.00000000,0.00250752,0.00000000,0.00000000,0.00000000,0.00000000,0.00000000,0.00766263,0.00749187,0.00000000,0.02027352,0.00000000,0.00000000,0.00000000,0.00000000,0.00000000,0.00000000,0.00000000,0.00000000,0.00000000,0.00000000,0.00000000,0.00000000,0.00000000,0.00000000,0.17038331,0.16005276,0.00000000,0.00000000,0.00000000,0.00000000,0.00582067,0.00000000,0.19109754,0.00000000,0.00000000,0.00000000,0.00000000,0.00000000,0.00000000,0.00000000,0.00000000,0.00000000,0.00000000,0.00000000,0.00000000,0.03505101,0.00000000,0.00000000,0.00000000,0.00000000,0.00000000,0.00000000,0.00000000,0.00000000,0.00000000,0.00000000,0.00699667,0.00000000,0.00677363,0.00162159,0.00000000,0.00000000,0.00000000,0.00000000,0.00000000,0.00000000,0.00000000,0.00000000,0.00000000,0.00000000,0.00000000,0.00000000,0.00000000,0.00000000,0.00000000,0.00000000,0.00000000,0.00000000,0.00785788,0.00000000,0.00000000,0.03971614,0.00000000,0.00000000,0.00000000,0.00000000,0.00000000,0.01920047,0.00000000,0.00000000,0.00000000,0.00000000,0.00000000,0.00000000,0.00000000,0.00000000,0.00000000,0.00000000,1.25112033,0.00000000,0.00000000,0.00000000,0.00134809,0.00000000,0.00000000,0.00000000,0.02050570,0.00000000,0.00000000,0.00574554,0.00000000,0.00000000,0.00000000,0.00000000,0.00000000,0.00000000,0.00000000,0.00000000,0.00000000,0.00000000,0.01015605,0.00000000,0.00000000,0.00000000,0.00000000,0.00000000,0.00000000,0.00000000,0.00000000,0.00086106,0.00000000,0.00783706,0.00000000,0.00597049,0.00000000,0.00195340,0.05236988,0.00293830,0.00000000,0.00000000,0.00649189,0.00000000,0.00000000,0.00000000,0.00000000,0.00000000,0.04848297,0.00646894,0.00000000,0.00000000,0.00000000,0.00000000,0.00000000,0.00000000,0.00000000,0.00000000,0.00362540,0.00000000,0.00000000,0.00000000,0.00000000,0.00287866,0.00000000,0.00000000,0.00000000,0.00000000,0.00888665,0.00000000,0.00000000,0.00000000,0.00000000,0.00000000,0.00000000,0.00000000,0.00000000,0.00000000,0.00000000,0.00000000,0.00000000,0.00000000,0.00000000,0.00000000,0.00000000,0.05903609,0.00000000,0.00000000,0.00000000,0.00000000,0.00000000,0.00000000,0.00000000,0.00000000,0.07444223,0.00000000,0.00000000,0.00000000,0.00000000,0.00000000,0.00000000,0.00000000,0.00000000,0.00000000,0.00000000,0.00000000,0.00246202,0.00276703,0.00000000,0.00000000,0.00000000,0.00000000,0.00000000,0.00000000,0.00000000,0.02372552,0.00000000,0.00000000,0.00000000,0.00000000,0.01673916,0.00000000,0.09291045,0.00000000,0.00000000,0.00000000,0.00000000,0.00000000,0.00000000,0.00000000,0.00000000,0.00093532,0.00000000,0.00000000,0.00000000,0.00000000,0.00000000,0.00000000,0.00000000,0.00000000,0.00000000,0.00000000,0.00000000,0.00000000,0.00000000,0.00000000,0.00000000,0.00000000,0.00000000,0.00000000,0.00000000,0.00000000,0.00000000,0.00000000,0.00000000,0.00000000,0.00000000,0.00288720,0.00000000,0.00000000,0.00000000,0.00294492,0.12875307,0.00000000,0.00000000,0.00000000,0.00000000,0.00000000,0.00000000,0.00000000,0.00000000,0.00000000,0.00000000,0.00000000,0.00000000,0.02299409,0.00000000,0.00000000,0.00000000,0.00000000,0.00000000,0.00000000,0.00000000,0.00000000,0.00000000,0.00000000,0.00000000,0.00000000,0.00000000,0.00000000,0.00000000,0.00000000,0.00000000,0.00000000,0.00372205,0.00000000,0.00000000,0.00000000,0.00152414,0.00000000,0.00000000,0.01366538,0.00000000,0.00000000,0.00000000,0.00000000,0.00000000,0.00000000,0.00000000,0.00000000,0.00000000,0.00000000,0.00000000,0.00000000,0.00000000,0.00000000,0.00000000,0.00000000,0.00000000,0.00000000,0.00000000,0.00000000,0.00000000,0.00000000,0.00000000,0.00000000,0.00000000,0.07855674,0.00000000,0.00000000,0.00000000,0.00700351,0.00000000,0.00000000,0.00000000,0.00000000,0.00000000,0.00000000,0.00000000,0.00000000,0.00279704,0.00000000,0.00000000,0.00090554,0.00000000,0.00000000,0.00000000,0.01433617,0.00000000,0.00000000,0.00000000,0.00000000,0.00000000,0.00000000,0.00000000,0.00000000,0.00000000,0.00080998,0.00000000,0.00000000,0.00000000,0.00000000,0.00000000,0.00000000,0.00000000,0.00000000,0.00443939,0.00781949,0.00000000,0.00000000,0.00000000,0.00000000,0.00000000,0.00000000,0.00000000,0.00000000,0.00578794,0.00000000,0.00000000,0.01411058,0.00000000,0.00000000,0.00122362,0.00000000,0.00000000,0.00636068,0.00000000,0.00000000,0.00000000,0.00000000,0.00334430,0.00000000,0.00000000,0.00000000,0.00000000,0.00000000,0.00000000,0.00000000,0.00000000,0.00000000,0.00000000,0.00000000,0.00000000,0.00000000,0.00000000,0.00000000,1.01654557,0.00000000,0.02848088,0.03385096,0.00000000,0.00000000,0.00000000,0.00000000,0.00000000,0.00000000,0.00000000,0.00000000,0.01467487,0.00000000,0.00000000,0.00000000,0.00000000,0.00000000,0.00000000,0.00000000,0.00000000,0.00000000,0.00840965,0.04614492,0.00000000,0.00000000,0.00000000,0.00000000,0.00000000,0.00000000,0.00000000,0.00000000,0.03966838,0.00000000,0.00000000,0.00000000,0.01046594,0.00623324,2.94849359,0.00000000,0.00000000,0.00000000,0.00000000,0.00000000,0.00000000,0.00000000,0.00000000,0.00000000,0.00000000,0.00000000,0.00000000,0.00000000,0.00000000,0.00000000,0.00000000,0.00000000,0.00000000,0.00000000,0.00000000,0.00000000,0.00000000,0.00000000,0.00000000,0.00000000,0.00000000,0.00000000
0.00000000,0.00000000,0.00829763,0.00000000,0.00000000,0.00000000,0.04751496,0.00000000,0.00000000,0.00000000,0.00000000,0.00000000,0.00000000,0.00000000,0.00000000,0.00000000,0.00000000,0.00000000,0.00000000,0.00000000,0.00000000,0.00000000,0.00000000,0.00000000,0.02374038,0.00000000,0.00400734,0.00487786,0.00000000,0.00000000,0.00000000,0.00000000,0.00000000,0.00190494,0.00000000,0.00000000,0.00000000,0.00000000,0.00000000,0.00000000,0.00000000,0.00000000,0.00000000,0.00000000,0.00000000,0.00000000,0.00000000,0.00000000,0.00000000,0.00000000,0.00000000,0.00000000,0.00000000,0.00000000,0.00000000,0.00000000,0.00000000,0.00000000,0.00000000,0.00000000,0.00000000,0.00000000,0.00000000,0.00000000,0.00519528,0.00000000,0.00000000,0.00000000,0.00000000,0.00000000,0.00000000,0.00000000,0.00000000,0.00000000,0.00000000,0.00000000,0.00000000,0.00000000,0.04056998,0.00078875,0.00000000,0.00000000,0.00000000,0.00000000,0.00000000,0.00000000,0.00000000,0.00000000,0.00257011,0.00000000,4.33182033,0.00000000,0.00000000,0.00000000,0.00078872,0.00000000,0.00000000,0.00000000,0.00000000,0.00000000,0.00000000,0.00000000,0.00000000,0.00000000,0.03355789,0.00000000,0.00000000,0.00000000,0.04328423,0.00000000,0.00000000,0.00000000,0.00000000,0.00000000,0.00000000,0.00121298,0.00000000,0.00000000,0.00000000,0.00000000,0.00000000,0.00000000,0.00000000,0.00000000,0.00000000,0.00000000,0.00000000,0.07436232,0.00000000,0.00000000,0.00000000,0.00000000,0.00000000,0.00000000,0.00000000,0.00000000,0.00000000,0.00000000,0.00000000,0.00098073,0.00000000,0.00000000,0.01269731,0.00000000,0.00000000,0.00000000,0.00000000,0.00000000,0.00000000,0.00000000,0.00000000,0.00000000,0.00286159,0.00988445,0.00000000,0.00000000,0.00000000,0.00000000,0.00000000,0.00000000,0.00000000,0.00000000,0.00084149,0.00000000,0.00262983,0.00000000,0.00117050,0.00000000,0.00000000,0.00000000,0.00000000,0.00000000,0.00000000,0.00000000,0.00000000,0.00000000,0.00000000,0.00000000,0.00000000,0.00000000,0.00000000,0.00000000,0.00000000,0.00000000,0.19872866,0.00000000,0.00000000,0.00000000,0.00592475,0.01733219,0.00000000,0.00000000,0.00000000,0.00000000,0.00000000,0.00000000,0.00000000,0.00000000,0.00000000,0.00000000,0.00000000,0.00607899,0.00000000,0.00000000,0.00114965,0.00000000,0.00000000,0.00000000,0.00000000,0.00000000,0.00000000,0.00000000,0.00000000,0.02347876,0.00000000,0.00000000,0.00000000,0.00000000,0.00000000,0.00443238,0.00000000,0.25440011,0.00000000,0.02900151,0.00000000,0.00000000,0.00000000,0.00000000,0.00000000,0.04816725,0.00000000,0.00000000,0.00000000,0.00000000,0.17520194,0.00000000,0.00000000,0.00289612,0.80791585,0.00000000,0.00986666,0.00000000,0.00000000,0.00000000,0.00000000,0.00000000,0.01072737,0.00000000,0.00000000,0.00000000,0.00000000,0.00000000,0.00000000,0.00000000,0.00000000,0.00000000,0.00000000,0.00000000,0.00000000,0.00000000,0.00000000,0.00000000,0.00000000,0.00000000,0.00000000,0.00000000,0.00000000,0.00000000,0.00000000,0.00000000,0.00000000,0.00000000,0.00000000,0.00000000,0.00133826,0.00000000,0.00000000,0.00000000,0.00000000,0.00000000,0.00000000,0.00000000,0.00666170,0.00000000,0.00000000,0.00000000,0.00367110,0.00000000,0.00000000,0.00000000,0.00000000,0.00000000,0.00000000,0.00000000,0.00000000,0.00000000,0.00527816,0.00000000,0.00000000,0.00000000,0.00000000,0.00000000,0.00000000,0.00000000,0.00000000,0.00000000,0.00000000,0.00456218,0.00000000,0.00000000,0.00000000,0.00343711,1.49252047,0.00000000,0.00953115,0.00000000,0.00000000,0.00000000,0.00000000,0.00000000,0.00000000,0.00000000,0.00000000,0.00000000,0.01404656,0.00000000,0.00000000,0.00000000,0.00000000,0.00246030,0.00000000,0.00000000,0.00000000,0.00000000,0.00000000,0.00000000,0.00000000,0.00000000,0.00000000,0.00000000,0.00000000,0.00000000,0.00000000,0.00000000,0.00000000,0.00000000,0.00000000,0.00000000,0.00000000,0.00000000,0.00000000,0.00000000,0.00000000,0.00000000,0.00582872,0.00000000,0.00000000,0.00730615,0.00000000,0.01017684,3.37103534,0.00000000,0.00000000,0.00000000,0.00000000,0.01278971,0.00236985,0.00000000,0.00000000,0.00000000,0.00000000,0.00000000,0.00000000,0.00000000,0.00000000,0.00000000,0.00000000,0.00000000,0.00000000,0.00057600,0.00000000,0.00000000,0.00000000,0.00729796,0.00000000,0.00000000,0.00000000,0.00000000,0.00000000,0.00000000,0.00000000,0.00000000,0.00703619,0.00000000,0.00000000,0.00000000,0.00000000,0.00000000,0.00000000,0.00000000,0.00000000,0.00000000,0.15505281,0.00000000,0.00000000,0.00000000,0.00000000,0.00000000,0.00000000,0.00000000,0.00000000,0.00000000,0.00000000,0.00000000,0.00000000,0.00000000,0.00000000,0.00000000,0.00916218,0.00000000,0.00000000,0.00000000,0.00000000,0.00000000,0.00000000,0.01513245,0.00000000,0.00000000,0.00000000,0.00000000,1.28417772,0.00000000,0.00000000,0.00000000,0.00000000,0.00000000,0.00000000,0.00000000,0.00593761,0.00000000,0.00000000,0.00000000,0.00000000,0.02344946,0.00082545,0.01125939,0.00000000,0.00000000,0.00000000,0.00000000,0.00000000,0.00000000,0.00000000,0.02018989,0.03919398,0.00000000,0.00000000,0.00000000,0.00362045,0.00000000,0.00000000,0.00000000,0.00000000,0.03300677,0.00000000,0.00000000,0.00000000,0.00000000,0.00000000,0.00000000,0.00000000,0.00000000,0.00120255,0.16539992,0.00000000,0.00000000,0.00000000,0.00000000,0.00000000,0.00000000,0.00264529,0.00000000,0.00000000,0.00000000,0.00000000,0.00000000,0.00000000,0.00000000,0.00000000,0.00000000,0.00000000,0.01796901,0.02339780,0.00798885,0.00000000,0.00833144,0.00000000,0.00000000,0.00000000,0.00000000,0.00000000,0.00000000,0.00000000,0.00000000,0.00000000,0.00000000,0.00000000,0.00000000,0.00000000,0.00000000,0.00000000,0.00000000,0.00000000,0.00000000,0.00000000,0.00000000,0.00234957,0.00000000,0.00000000,0.05411838,0.00000000,0.00000000,0.00000000,0.00213065,0.00000000,0.00000000,0.00000000,0.01011099,0.00000000,0.00000000,0.00000000,0.00000000,0.00000000,0.00000000,0.00000000,0.00000000,0.00000000,0.00000000,0.00000000,0.00000000,0.00194976,0.00000000,0.00000000,0.00000000,0.00000000,0.00000000,0.00000000,0.00000000,0.00000000,0.00000000,0.00000000,0.00000000,0.00000000,0.00000000,0.00000000,0.00000000,0.00000000,0.00000000,0.00000000,0.00801964,0.02929019,0.00000000,0.00000000,0.00000000,0.00000000,0.00000000,0.00000000,0.00000000,0.00000000,0.00000000,0.00000000,0.00000000,0.00000000,0.00000000,0.00000000,0.00000000,0.00000000,0.00000000,0.00350895,0.00000000,0.00000000,0.00000000,0.00000000,0.00000000,0.03563763,0.00000000,0.00660234,0.00000000,0.00000000,0.00325015,0.00088249,0.00000000,0.00000000,0.00000000,0.00000000,0.00000000,0.00000000,0.00000000,0.00000000,0.05610267,0.05648226,0.00000000,0.00000000,0.00000000,0.00000000,0.00000000,0.00000000,0.14484251,0.00000000,0.00000000,0.00000000,0.00000000,0.00000000,0.00000000,0.00000000,0.00000000,0.00000000,0.00000000,0.00000000,0.00000000,0.00000000,0.00325138,0.04557643,0.03466466,0.00000000,0.02059266,0.00000000,0.00000000,0.00000000,0.00000000,0.00000000,0.00000000,0.00000000,0.00000000,0.00000000,0.00000000,0.00000000,0.00000000,0.00000000,0.00000000,0.00000000,0.00000000,0.00000000,0.00668117,0.00000000,0.00000000,0.00000000,0.00000000,0.00000000,0.00000000,0.00000000,0.00000000,0.01317191,0.00000000,0.00000000,0.01233532,0.00000000,0.91211557,0.00000000,0.00000000,0.00000000,0.12994115,0.02188488,0.00000000,0.00000000,0.00000000,0.00000000,0.00000000,0.00000000,0.00000000,0.00000000,0.00000000,0.00000000,0.00000000,0.00000000,0.00000000,0.00000000,0.00000000,0.00000000,0.00000000,0.00000000,0.00000000,0.00187226,0.00000000,0.00000000,0.00000000,0.00000000,0.00000000,0.00000000,0.00000000,0.00000000,0.04906856,0.00000000,0.00000000,0.00000000,0.00000000,0.00000000,0.00000000,0.00000000,0.00000000,0.00000000,0.00000000,1.92571517,0.12137612,0.00000000,0.00000000,0.00000000,0.00000000,0.00000000,0.00083017,0.00000000,0.00000000,0.00000000,0.00000000,0.00000000,0.00000000,0.00000000,0.00000000,0.00000000,0.00000000,0.00000000,0.02883071,0.00000000,0.00000000,0.00000000,0.00000000,0.00000000,0.00000000,0.00921841,0.00000000,0.01205228,0.00000000,0.00000000,0.00000000,0.00000000,0.00000000,0.00000000,0.00000000,0.00000000,0.00000000,0.00000000,0.00000000,0.00000000,0.00000000,0.00000000,0.00000000,2.07819616,0.00000000,0.00000000,0.00000000,0.00000000,0.00000000,0.00000000,0.00000000,0.00000000,0.00000000,0.00000000,0.00000000,0.00000000,0.00000000,0.00000000,0.00000000,0.00000000,0.00000000,0.00000000,0.00000000,0.00000000,0.00000000,0.00000000,0.00000000,0.00138134,0.00000000,0.00000000,0.00000000,0.00000000,0.00000000,0.00000000,0.00000000,0.00000000,0.00000000,0.01146138,0.00000000,0.05720143,0.00000000,0.00000000,0.00000000,0.00823323,0.00000000,0.00000000,0.00000000,0.00000000,0.00000000,0.00000000,0.00000000,0.00000000,0.00000000,0.00000000,0.00000000,0.00000000,0.00000000
0.00000000,0.00000000,0.00000000,0.00000000,0.05972579,0.00000000,0.00000000,0.00000000,0.00000000,0.00000000,0.00000000,0.00000000,0.00000000,0.00000000,0.00000000,0.00000000,0.00000000,0.00000000,0.00000000,0.00000000,0.00000000,0.00000000,0.01840198,0.00000000,0.00000000,0.00436866,0.00000000,0.00000000,0.00000000,0.00000000,0.00000000,0.00000000,0.00000000,0.00000000,0.00000000,0.00566672,0.00000000,0.11614473,0.00000000,0.00000000,0.00000000,0.00000000,0.00000000,0.00827366,0.00000000,0.00000000,0.00000000,0.00096518,0.00696128,0.00000000,0.00000000,1.18345403,0.00000000,0.00185893,0.00362819,0.00000000,0.00000000,0.00000000,0.00000000,0.00000000,0.00000000,0.00000000,0.00000000,0.00000000,0.00067172,0.00488059,0.00000000,0.00000000,0.00000000,0.00000000,0.00000000,0.03768422,0.00000000,0.00000000,0.00000000,0.00000000,0.00462272,0.00000000,0.00000000,0.00000000,0.00000000,0.00000000,0.00000000,0.00000000,0.00000000,0.02545963,0.00000000,0.00000000,0.00000000,0.00000000,0.00000000,0.00000000,0.00000000,0.00000000,0.00000000,0.00000000,0.00000000,0.00000000,0.00000000,0.00000000,0.00000000,0.00000000,0.00000000,0.00000000,0.75835062,0.00000000,0.00000000,0.00000000,0.00000000,0.00000000,0.00000000,0.00000000,0.00000000,0.00000000,0.00000000,0.00000000,0.00000000,0.00233857,0.00000000,0.00000000,0.00000000,0.00000000,0.00000000,0.00000000,0.00000000,0.00000000,0.98199882,0.00000000,0.00000000,0.00000000,0.00000000,0.00000000,0.00000000,0.00000000,0.00000000,0.00000000,0.00000000,0.00000000,0.00000000,0.00000000,0.00000000,0.04940500,0.00000000,0.00000000,0.00000000,0.00000000,0.00000000,0.00000000,0.00000000,0.00000000,0.00000000,0.05034436,0.00000000,0.00000000,0.01586418,0.00000000,0.00000000,0.00000000,0.00000000,0.00000000,0.00000000,0.00000000,0.00000000,0.00000000,0.00000000,0.00000000,0.00000000,0.00000000,0.00553378,0.00000000,0.00000000,0.00309367,0.00000000,0.00000000,0.00000000,0.00000000,0.00240157,0.02494450,0.00000000,0.27807316,0.00000000,0.00000000,0.00000000,0.00000000,0.00000000,0.00000000,0.00000000,0.00000000,0.00000000,0.00181877,0.00000000,0.00000000,0.00000000,0.00000000,0.00000000,0.00000000,0.00000000,0.00000000,0.00000000,0.00000000,0.00000000,0.00000000,0.00000000,0.00000000,0.00000000,0.00000000,0.00000000,0.00000000,0.00000000,0.00000000,0.00000000,0.00000000,0.00130157,1.47493973,0.00000000,0.00000000,0.00000000,0.00000000,0.00000000,0.00000000,0.00000000,0.00000000,0.00000000,0.00000000,0.00000000,0.00170330,0.00338673,0.00000000,0.00000000,0.00000000,0.02205699,0.00000000,0.00000000,0.00000000,0.00000000,0.00000000,0.00000000,0.00000000,0.00000000,0.01046651,0.00000000,0.00000000,0.00000000,0.00000000,0.00000000,0.00000000,0.00000000,0.00000000,0.00570806,0.00000000,0.00725427,0.00000000,0.00000000,0.00000000,0.08130728,0.00000000,0.00000000,0.00000000,0.00000000,0.00000000,0.00000000,0.00000000,0.00000000,0.02500061,0.00000000,0.00000000,0.00000000,0.00000000,0.00000000,0.00434557,0.00000000,0.00000000,0.00000000,0.00000000,0.00000000,0.00000000,0.00000000,0.00000000,0.00000000,0.00000000,0.00000000,0.00000000,0.00000000,0.00000000,0.00000000,0.00273513,0.01312081,0.00000000,0.00000000,0.01431678,0.00000000,0.00000000,0.00000000,0.00000000,0.00000000,0.01329461,0.00000000,0.00000000,0.00000000,0.00000000,0.00000000,0.00000000,0.00000000,0.00000000,0.00000000,0.00000000,0.00000000,0.00000000,0.00000000,0.00000000,0.00000000,0.00000000,0.00000000,0.00000000,0.00000000,0.00000000,0.00000000,0.00000000,0.00000000,0.00000000,0.00000000,0.04118024,0.00000000,0.00000000,0.00000000,0.00000000,0.00543642,0.00000000,0.00000000,0.00000000,0.00000000,0.00042679,0.00000000,0.01254653,0.00000000,0.90942496,0.00000000,0.00000000,0.02124502,0.00000000,0.00000000,0.00000000,0.00000000,0.00000000,0.00000000,0.00000000,0.00000000,0.00162040,0.00000000,0.00000000,0.00000000,0.00000000,0.00000000,0.00000000,0.00000000,0.00000000,0.00000000,0.00000000,0.00000000,0.00000000,0.00000000,0.00000000,0.00000000,0.00000000,0.00000000,0.00000000,0.00000000,0.00000000,0.00333574,0.00000000,0.00000000,0.00000000,0.00000000,0.00000000,0.00000000,0.00000000,0.00000000,0.00000000,0.00000000,0.00000000,0.00000000,0.00785639,0.00000000,0.00743244,0.00000000,0.00000000,0.00000000,0.00000000,0.00000000,0.00000000,0.00000000,0.00000000,0.00000000,0.00000000,0.00000000,0.00000000,0.00000000,0.00000000,0.00000000,0.00000000,0.11056069,0.00000000,0.01036623,0.00441352,0.00000000,0.17221365,0.00000000,0.00000000,0.00563217,2.07454190,0.00000000,0.00000000,0.00000000,0.00000000,0.00000000,0.00000000,0.00000000,0.00000000,0.00000000,0.00000000,0.00000000,0.00000000,0.00000000,0.00000000,0.00000000,0.00138481,0.00000000,0.00000000,0.00551982,0.00000000,0.00000000,0.00000000,0.00000000,0.00000000,0.00000000,0.00191758,0.00000000,0.00000000,0.00000000,0.00000000,0.00000000,0.00000000,0.00000000,0.00000000,0.00326501,0.27067239,0.00000000,0.00000000,0.00273907,0.00000000,0.00000000,0.00000000,0.02345891,0.00000000,0.00000000,0.00000000,0.00000000,0.00367262,0.00000000,0.00000000,0.00000000,0.00000000,0.00000000,0.00000000,0.00000000,0.00000000,0.00000000,0.00000000,0.00000000,0.00000000,0.00873837,0.00000000,0.00000000,0.00000000,0.00000000,0.02982092,0.00326383,0.00000000,0.00000000,0.00000000,0.00000000,0.01699699,0.00000000,0.00000000,0.00000000,2.05823134,0.00000000,4.77302645,0.00000000,0.00000000,0.21492241,0.00000000,0.00000000,0.00000000,0.00000000,0.00000000,0.00000000,0.00000000,0.00000000,0.00000000,0.00000000,0.00000000,0.00000000,0.00000000,0.00201012,0.00000000,0.00000000,0.00000000,0.00000000,0.00000000,0.00000000,0.00294547,0.00000000,0.00000000,0.00000000,0.00000000,0.00000000,0.00000000,0.00000000,0.00000000,0.00125285,0.00000000,0.00000000,0.00000000,0.00000000,0.00000000,0.00823547,0.00989018,0.00000000,0.00000000,0.00000000,0.00000000,0.00000000,0.00000000,0.00000000,0.00000000,0.00000000,0.00000000,0.00000000,0.00000000,0.00000000,0.00000000,0.00000000,0.00000000,0.00000000,0.00000000,0.00000000,0.00000000,0.00000000,0.00784959,0.00000000,0.00000000,0.00000000,0.00000000,0.00000000,0.00000000,0.00000000,0.00000000,0.00000000,0.00000000,0.00000000,0.00000000,0.00000000,0.00000000,0.00000000,0.00000000,0.03228039,0.00000000,0.00000000,0.00000000,0.00000000,0.00000000,0.00000000,0.00000000,0.00000000,0.00000000,0.00000000,0.00000000,0.00000000,0.00000000,0.00000000,0.00000000,0.00535381,0.00000000,0.00000000,0.00000000,0.00000000,0.00000000,0.00000000,0.00000000,0.00000000,0.00000000,0.01248051,0.00000000,0.01876299,0.00000000,0.00000000,0.00000000,0.00435153,0.00000000,0.00000000,0.00000000,0.00000000,0.00000000,0.00000000,0.00000000,0.00218336,0.00000000,0.01199079,0.00000000,0.00000000,0.00000000,0.00000000,0.00000000,0.00000000,0.00000000,0.00000000,0.00000000,0.00000000,0.00000000,0.00000000,0.00000000,0.00000000,0.00000000,0.00000000,0.00000000,0.00000000,0.00000000,0.00000000,0.00000000,0.00000000,0.00000000,0.00000000,0.00000000,0.00000000,0.00088298,0.00000000,0.00000000,0.00000000,0.00000000,0.00000000,0.00000000,0.00000000,0.00000000,0.00000000,0.00253858,0.00000000,0.00000000,0.00000000,0.00000000,0.00000000,0.00000000,0.01037988,0.04318712,0.00355616,0.01704130,0.00000000,0.00000000,0.00000000,0.02056741,0.00000000,0.00000000,0.00000000,0.00000000,0.00000000,0.00000000,0.00000000,0.00000000,0.00000000,0.00000000,0.00727288,0.01463371,0.00000000,0.00000000,0.00000000,0.00000000,0.00000000,0.00000000,0.00000000,0.00000000,0.00000000,0.00000000,0.00000000,0.00000000,0.00000000,0.00000000,0.00479532,0.00000000,0.00000000,0.00000000,0.00000000,0.00000000,0.00000000,0.00000000,0.00075067,0.00000000,0.00000000,0.00000000,0.01788096,0.00000000,0.00000000,0.00000000,0.00679793,0.00000000,0.00000000,0.00000000,0.46802641,0.00000000,0.00000000,0.00000000,0.02525649,0.01182256,0.00000000,0.00000000,0.00000000,0.00000000,0.00000000,0.00000000,0.00000000,0.00000000,0.00000000,0.00000000,0.00000000,0.00000000,0.00000000,0.00586046,0.00000000,0.00588352,0.00000000,0.00000000,0.00000000,0.00000000,0.00000000,0.00000000,0.00000000,0.00000000,0.00000000,0.00000000,0.00000000,0.00000000,0.00000000,0.00000000,0.00000000,0.00000000,0.00000000,0.00000000,0.03020204,0.00000000,0.00000000,0.00000000,0.00000000,0.00377134,0.00000000,0.00000000,0.00219627,0.00000000,0.00000000,0.00000000,0.00000000,0.00000000,0.00000000,0.00244457,0.00000000,0.00000000,0.00000000,0.00000000,0.00000000,0.00000000,0.00000000,0.00000000,0.00000000,0.00000000,0.00414121,0.00000000,0.00000000,0.00000000,0.00000000,0.00000000,0.00000000,0.00000000,0.00000000,0.00000000,0.00000000,0.00000000,0.00000000,0.00000000,0.00321415,0.00000000,0.00000000,0.00542148,0.00000000,0.00000000,0.00000000,0.00446035,0.08133371,0.00000000,0.00000000,0.00000000,0.00000000,0.00000000
0.00000000,0.00000000,0.00000000,0.00000000,0.00000000,0.00000000,0.00000000,0.00000000,0.00000000,0.00000000,0.00600232,0.00000000,0.00000000,0.00000000,0.00000000,0.00316310,0.00000000,0.00246316,0.00000000,0.00000000,0.00000000,0.00000000,0.00000000,0.00000000,0.00000000,0.00000000,0.00000000,0.00948946,0.00000000,0.00000000,0.00494104,0.00000000,0.00000000,0.00322619,0.02674484,0.00000000,0.00000000,0.00000000,0.00000000,0.00000000,0.00000000,0.00000000,0.00000000,0.00724835,0.00000000,0.01179226,0.00000000,0.00000000,0.00000000,0.00000000,0.00000000,0.00000000,0.00000000,0.03131724,0.00000000,0.00000000,0.00000000,0.00000000,0.00065544,0.00000000,0.00000000,0.00000000,0.00000000,0.00000000,0.00000000,0.00000000,0.00000000,0.00000000,0.03920812,0.00210016,0.00000000,0.00272603,0.00411269,0.00000000,0.00000000,0.00000000,0.00000000,0.00000000,0.00271270,0.00000000,0.00000000,0.00000000,0.00000000,0.00000000,0.00000000,0.00000000,0.01192663,0.00000000,1.14732377,0.00000000,0.00000000,0.00000000,0.00000000,0.00000000,0.00000000,0.00000000,0.00000000,0.00000000,0.00000000,0.00000000,0.00000000,0.00277097,0.00000000,0.00000000,0.00000000,0.00000000,0.00000000,0.00000000,0.00000000,0.00000000,0.00000000,0.00000000,0.00000000,0.00000000,0.00000000,0.02694257,0.00000000,0.00000000,0.00000000,0.00000000,0.00000000,0.00000000,0.02047196,0.00000000,0.00295271,0.00000000,0.00000000,0.01237945,0.00000000,0.00000000,0.00000000,0.00000000,0.00140056,0.00000000,0.00000000,0.00000000,0.00000000,0.05121827,0.00000000,0.00000000,0.00000000,0.00000000,0.00000000,0.00000000,0.00000000,0.06794628,0.00000000,0.00000000,0.00000000,0.00175948,0.00000000,0.00000000,0.00000000,0.00000000,0.00602144,0.00000000,0.00000000,0.00000000,0.00000000,0.00000000,0.00000000,0.00000000,0.00613528,0.00805075,0.00000000,0.00000000,0.00000000,0.00000000,0.00000000,0.00000000,0.00000000,0.01435426,0.00000000,0.00000000,0.00000000,0.01651781,0.00318736,0.00000000,0.97798397,0.00000000,0.00000000,0.00000000,0.00000000,0.00000000,0.00000000,0.00000000,0.00000000,0.00000000,0.00000000,0.00000000,0.00101108,0.00793963,0.00000000,0.00000000,0.00000000,0.00000000,0.00000000,0.00000000,0.00000000,0.00000000,0.00000000,0.00983989,0.00000000,0.00000000,0.00000000,0.00000000,0.00000000,0.00000000,0.00000000,0.00000000,0.00000000,0.00000000,0.00000000,0.00000000,0.00000000,0.00000000,0.00000000,0.00000000,0.00000000,0.00000000,0.00000000,0.00000000,0.00000000,0.00000000,0.00000000,0.00000000,0.00000000,0.00000000,0.00124910,0.00000000,0.00000000,0.00000000,0.00000000,0.00000000,0.00000000,0.00000000,0.53007398,0.00000000,0.00000000,0.00000000,0.00000000,0.00000000,0.00000000,0.00000000,0.00000000,0.00000000,0.00000000,0.00000000,0.00000000,0.00000000,0.00000000,0.00000000,0.00000000,0.00938432,0.00235068,0.00000000,0.00000000,0.00000000,0.00000000,0.00000000,0.00000000,0.00000000,0.00000000,0.00000000,0.00000000,0.00000000,0.00000000,0.00000000,0.00000000,0.00000000,0.00000000,0.00000000,0.00511804,0.00000000,0.00000000,0.00000000,0.00000000,0.00000000,0.00000000,0.00000000,0.63208212,0.00000000,0.00000000,0.00000000,0.00000000,0.00000000,0.00000000,0.00000000,0.00000000,0.00000000,0.00000000,0.00000000,0.00000000,0.00000000,0.00000000,0.00000000,0.00434541,0.00000000,0.00000000,0.00000000,0.00000000,0.00656453,0.00000000,0.00000000,0.00075956,0.00000000,0.00000000,0.00000000,0.00291872,0.00000000,0.00000000,0.00000000,0.00000000,0.00000000,0.00000000,0.00657454,0.05257757,0.00000000,0.00000000,0.00000000,0.00000000,0.00000000,0.00454346,0.00000000,0.00000000,0.00000000,0.00000000,0.00000000,0.00000000,0.00000000,0.00000000,0.00000000,0.00000000,0.00000000,0.00105841,0.00000000,0.01428519,1.69243239,0.00000000,0.00000000,0.00000000,0.00000000,0.00000000,0.00000000,0.00348270,0.00000000,0.00000000,0.00000000,0.00000000,0.08522786,0.00000000,0.00000000,0.00000000,0.00000000,0.00000000,0.00000000,0.13604868,0.00000000,0.00000000,0.02439561,0.00000000,0.00000000,0.00000000,0.00000000,0.00000000,0.00000000,0.00000000,0.00000000,0.00000000,0.01716986,0.00000000,0.00000000,0.00000000,0.00000000,0.00000000,0.01662255,0.00000000,0.00000000,0.00000000,0.00000000,0.00000000,0.00000000,0.00000000,0.00000000,0.00000000,0.00000000,0.00000000,0.00000000,0.00000000,0.00000000,0.00000000,0.00000000,0.00000000,0.00000000,0.00000000,0.00000000,0.00000000,0.00000000,0.00000000,0.00000000,0.00000000,0.00000000,0.00000000,0.00000000,0.00000000,0.00000000,0.00979373,0.00000000,0.00000000,0.00000000,0.00000000,0.00000000,0.00000000,0.00000000,0.00000000,0.00000000,0.00000000,0.00000000,0.00000000,0.00000000,0.00000000,0.00000000,0.00000000,0.00000000,0.00000000,0.00000000,0.00000000,0.00000000,0.00000000,0.00000000,0.00000000,0.00000000,0.00000000,0.00354302,0.00000000,0.00000000,0.00000000,0.54342386,0.00540050,0.00000000,0.00000000,0.00000000,0.00000000,0.00000000,0.00000000,0.00000000,0.00000000,0.00000000,0.00000000,0.00000000,0.00395304,0.00000000,0.00000000,0.00000000,0.00000000,0.00000000,0.00000000,0.11777955,0.00000000,0.00663764,0.00000000,0.58990109,0.00000000,0.00000000,0.00000000,0.00000000,0.00000000,0.00000000,0.00000000,0.00000000,0.00000000,0.00204173,0.00000000,0.00000000,0.00000000,0.00000000,0.00000000,0.00000000,0.00000000,0.00000000,0.00000000,0.00000000,0.00000000,0.00000000,0.00000000,0.00000000,0.00000000,0.00000000,0.00000000,3.02215717,0.00000000,0.00000000,0.00000000,0.00000000,0.00000000,0.00000000,0.00000000,0.00000000,0.00000000,0.00000000,0.00000000,0.00000000,0.00000000,0.00000000,0.01002142,0.00000000,0.00000000,0.00000000,0.00000000,0.00000000,0.00000000,0.00000000,0.00000000,0.00000000,0.00959302,0.00571763,0.00000000,0.00000000,0.00000000,0.00000000,0.00000000,0.00000000,0.01012031,0.00000000,0.00000000,0.00000000,0.00093140,0.03384660,0.00000000,0.00000000,0.00000000,0.00000000,0.00000000,1.35533782,0.00000000,0.00000000,0.00000000,0.00000000,0.25394713,0.18561719,0.00000000,0.00000000,0.00000000,0.00000000,0.00000000,0.00000000,0.00000000,0.00000000,0.00000000,0.00000000,0.00000000,0.00000000,0.00000000,0.00000000,0.00000000,0.00000000,0.00000000,0.00000000,0.00163019,0.00478972,0.00000000,0.01194140,0.00000000,0.00000000,0.06181993,0.00000000,0.00000000,0.00000000,0.00000000,0.00000000,0.00000000,0.00000000,0.01557502,0.00000000,0.00000000,0.00000000,0.00000000,0.00000000,0.00000000,0.00000000,0.00000000,0.00000000,0.00000000,0.00000000,0.00000000,0.00000000,0.00000000,0.00000000,0.00000000,0.00000000,0.00000000,0.00000000,0.00000000,0.00000000,0.00000000,0.00000000,0.00000000,0.00000000,0.00487102,0.00000000,0.00000000,0.00000000,0.00000000,0.00268621,0.00000000,0.00000000,0.00000000,0.00000000,0.00000000,0.00000000,0.00000000,0.00000000,0.00000000,0.00000000,0.06321927,0.00000000,0.00000000,0.00083344,0.00000000,0.00000000,0.00000000,0.00000000,0.00000000,1.64697108,0.00000000,0.00058367,0.00000000,0.00000000,0.00000000,0.00000000,0.00939550,0.00000000,0.00000000,0.00000000,0.00000000,0.00000000,0.00000000,0.00000000,0.00000000,0.00000000,0.00000000,0.00000000,0.00000000,0.00000000,0.00000000,0.00000000,0.00000000,0.00320599,0.00000000,0.00000000,0.00000000,0.00000000,0.00000000,0.00000000,0.00000000,0.00000000,0.00000000,0.00000000,0.00000000,0.00208730,0.00000000,0.00000000,0.00000000,0.00000000,0.00000000,0.00000000,0.00292706,0.00000000,0.00000000,0.00000000,0.00000000,0.00000000,0.00000000,0.00000000,0.00000000,0.03425106,0.00000000,0.00000000,0.00000000,0.00000000,0.00000000,0.00000000,0.00000000,0.00503050,0.00000000,0.00000000,0.00535026,0.00000000,0.00000000,0.00000000,0.02653065,0.00000000,0.00000000,0.00000000,0.00000000,0.00000000,0.01500567,0.00000000,0.00000000,0.00000000,1.97146553,0.00000000,0.00234842,0.00000000,0.00304885,0.00000000,0.00101896,0.00000000,0.00000000,0.00000000,0.00407896,0.00000000,0.00000000,0.00000000,0.00000000,0.00000000,0.00000000,0.00774721,0.00000000,0.00000000,0.00000000,0.00000000,0.00000000,0.00000000,0.00000000,0.00000000,0.00000000,0.00000000,0.00000000,0.00000000,0.00000000,0.00000000,0.00000000,0.00000000,0.00000000,0.00000000,0.00000000,0.00000000,0.00000000,0.05835313,0.00000000,0.00000000,0.00000000,0.00000000,0.00000000,0.00000000,0.00000000,0.00000000,0.02951102,0.00000000,0.00000000,0.03853544,0.00000000,0.00456916,0.00000000,0.00000000,0.00000000,0.00000000,0.00000000,0.00000000,0.10247215,0.00000000,0.00000000,0.10908267,0.00000000,0.00000000,0.00000000,0.00000000,0.00888324,0.00000000,0.06922874,0.00000000,0.00000000,0.00000000,0.00000000,0.00512555,0.00000000,0.00000000,0.00000000,0.00000000,0.00000000,0.00000000,0.00000000,0.00000000,0.00000000,0.00000000,0.00000000,0.00000000,0.00000000,0.00000000,0.00000000,0.00000000,0.00000000,0.00000000,0.00000000,0.00000000,0.00580905,0.00000000,0.00000000,0.00000000
0.00000000,0.00000000,0.00000000,0.00000000,0.00000000,0.00000000,0.00000000,0.00000000,0.00000000,0.00000000,0.00000000,0.00000000,0.00000000,0.00000000,0.00000000,0.00000000,0.00000000,0.00000000,0.01138586,0.00000000,0.00000000,0.00000000,0.00000000,0.00000000,0.00000000,0.00000000,0.00473208,0.00514090,0.05878455,0.00000000,0.00000000,0.04601229,0.00000000,0.00336938,0.00000000,0.00000000,0.00000000,0.00541754,0.00000000,0.00000000,0.01169332,0.00000000,0.00000000,0.00000000,0.00000000,0.00000000,0.00000000,0.03786611,0.00000000,0.00000000,0.00338489,0.00000000,0.00000000,0.00000000,0.00000000,0.00000000,0.00000000,0.00000000,0.00000000,0.00000000,0.00000000,0.00519528,0.00067172,0.00000000,0.00000000,0.00000000,0.00000000,0.00000000,0.00000000,0.00000000,0.00000000,0.00000000,0.00000000,0.00000000,0.00000000,0.03959222,0.00000000,0.00000000,0.00000000,0.00082661,0.00000000,0.00000000,0.00000000,0.00164885,0.00000000,0.00000000,0.00000000,0.00000000,0.00763299,0.00000000,0.00000000,0.00000000,0.00000000,0.00000000,0.00000000,0.00000000,0.00000000,0.00000000,0.00000000,0.00000000,0.00000000,0.00000000,0.00000000,0.00000000,0.00000000,0.00000000,0.00842133,0.00000000,0.00000000,0.00000000,0.00000000,0.00000000,0.00000000,0.00283092,0.00000000,0.00000000,0.00000000,0.00000000,0.00154757,0.00074171,0.00000000,0.00000000,0.00000000,0.00000000,0.00000000,0.00000000,0.00000000,0.00000000,0.00000000,0.00122250,0.00539394,0.00517037,0.00000000,0.00000000,0.00000000,0.00000000,0.00000000,0.00000000,0.00000000,0.00000000,0.01476833,0.00000000,0.00000000,0.00000000,0.00000000,0.00305972,0.00000000,0.00000000,0.00000000,0.00000000,0.00000000,0.00000000,0.00128823,0.00000000,0.00000000,0.00000000,0.00000000,0.01824569,0.00000000,0.00000000,0.00000000,0.00000000,0.00507173,0.06508030,0.02533977,0.00000000,0.00000000,0.00000000,0.00000000,0.00000000,0.00000000,0.00000000,0.00093247,0.00000000,0.00000000,0.00000000,0.00000000,0.00000000,0.00000000,0.00000000,0.00000000,0.00866947,0.00000000,0.00000000,0.00000000,0.00000000,0.00000000,0.00000000,0.00000000,0.00000000,0.00000000,0.00806503,0.00000000,0.00000000,0.00000000,0.00000000,0.00000000,0.00000000,0.00000000,0.00000000,0.00000000,0.00000000,0.00000000,0.00000000,0.00000000,0.00000000,0.00000000,0.00000000,0.00000000,0.00000000,0.00000000,0.00000000,0.00000000,0.00000000,0.00000000,0.00000000,0.00000000,0.00000000,0.00000000,0.00000000,0.00000000,0.00000000,0.00000000,0.00577394,0.00000000,0.00000000,0.01894945,0.02512184,0.00000000,0.09337244,0.00000000,0.00000000,0.00000000,0.00000000,0.00000000,0.00000000,0.00000000,0.00000000,0.00000000,0.00000000,0.00000000,0.00000000,0.00497193,0.00000000,0.00000000,0.00000000,0.00000000,0.00000000,0.00000000,0.00000000,0.00000000,0.00000000,0.00000000,0.00000000,0.29057144,0.00000000,0.00000000,0.01460068,0.00000000,0.00000000,0.00000000,0.00000000,0.00000000,0.00000000,0.00000000,0.00000000,0.00000000,0.00569806,0.00000000,0.00000000,0.00000000,0.00000000,0.00000000,0.00000000,0.00000000,0.00000000,0.00000000,0.00000000,0.00000000,0.00000000,0.00000000,0.00000000,0.00000000,0.00000000,0.00000000,0.00000000,0.00000000,0.00000000,0.00000000,0.00000000,0.00565074,0.00000000,0.02025564,0.00000000,0.00000000,0.00000000,0.00000000,0.00000000,0.00000000,0.00000000,0.00000000,0.00000000,0.00000000,0.00118803,0.00000000,0.00000000,0.00310670,0.01463568,0.00000000,0.00973274,0.00000000,0.00376958,0.00000000,0.00000000,0.00000000,0.00000000,0.00000000,0.00000000,0.00000000,0.00000000,0.00106646,0.00000000,0.00000000,0.00000000,0.00000000,0.00000000,0.00000000,0.00000000,0.00000000,0.00000000,0.00000000,0.00000000,0.00000000,0.00000000,0.03129190,0.02050643,0.00000000,0.00000000,0.00000000,0.00000000,0.00000000,0.00000000,0.00000000,0.00000000,0.00000000,0.00000000,0.00000000,0.00000000,0.00000000,0.00000000,0.00000000,0.00000000,0.00000000,0.00000000,0.00000000,0.00000000,0.00000000,0.00000000,0.00000000,0.00000000,0.00000000,0.00000000,0.00000000,0.00000000,0.00000000,0.00454934,0.00000000,0.00000000,0.00486434,0.00000000,0.01923229,0.00000000,0.00000000,0.00000000,0.00000000,0.00000000,0.00000000,0.00000000,0.00000000,0.00000000,0.00000000,0.00000000,0.01046072,0.00000000,0.00000000,0.00291624,0.00000000,0.00000000,0.00000000,0.00141860,0.00000000,0.00000000,0.00000000,0.00000000,0.07221206,0.00000000,0.00000000,0.00000000,0.00000000,0.00000000,0.00000000,0.37295235,0.00000000,0.00000000,0.00000000,0.00000000,0.06142418,0.00000000,0.00000000,0.00000000,0.00000000,0.00000000,0.00000000,0.00000000,0.00000000,0.00000000,0.00000000,0.00288362,0.00000000,0.00000000,0.00000000,0.00000000,0.00000000,0.00000000,0.00519952,0.00000000,0.00000000,0.00000000,0.00000000,0.00000000,0.00000000,0.00000000,0.00000000,0.00000000,0.00000000,0.00000000,0.00000000,0.00000000,0.00000000,0.00000000,0.00000000,0.00000000,0.00723047,0.00000000,0.00000000,0.00000000,0.00000000,0.00000000,0.00000000,0.00000000,0.00000000,0.00000000,0.00000000,0.00000000,0.00000000,0.93435909,0.00735887,0.00000000,0.00000000,0.00000000,0.00000000,0.00000000,0.00000000,0.00000000,0.00000000,0.01044342,0.00000000,0.00000000,0.00000000,0.00000000,0.00130926,0.02495988,0.00000000,0.00000000,0.00000000,0.00000000,0.00000000,0.00000000,0.00000000,0.11090598,0.00000000,0.00000000,0.01112539,0.00000000,0.00000000,0.00000000,0.00000000,0.00000000,0.00000000,0.00000000,0.00000000,0.00000000,0.00000000,0.00000000,0.00000000,0.00000000,0.00000000,0.00000000,0.00000000,0.00000000,0.00000000,0.00969937,0.00000000,0.00000000,0.00000000,0.00000000,0.00000000,0.00000000,0.00000000,0.03440205,0.04253847,0.01662603,0.00000000,0.00000000,0.00000000,0.00000000,0.00000000,0.00000000,0.00000000,0.00000000,0.00000000,0.03113086,0.00000000,0.00000000,0.00000000,0.00000000,0.00000000,0.00000000,0.00000000,0.00000000,0.00000000,0.00000000,0.00000000,0.00000000,0.00000000,0.00000000,0.00000000,0.00000000,0.14387145,0.00000000,0.00000000,0.00000000,0.00000000,0.00509435,0.00000000,0.00647772,0.00000000,0.00000000,0.00000000,0.00000000,0.00000000,0.00000000,0.00000000,0.00000000,0.00000000,0.00000000,0.00087880,0.00000000,0.00000000,0.00000000,0.00000000,1.56384421,0.00285688,0.43612656,0.00000000,0.00000000,0.00000000,0.00000000,0.00000000,0.00000000,0.00000000,0.00000000,0.00000000,0.00000000,0.00000000,0.00000000,0.00000000,0.00000000,0.00092395,0.00000000,0.00000000,0.00000000,0.00000000,0.00000000,0.00000000,0.00000000,0.00000000,0.22487710,0.00000000,0.00000000,0.00000000,0.00000000,0.00000000,0.00080268,0.00657268,0.00000000,0.00000000,0.00000000,0.00000000,0.00000000,0.00000000,0.00183096,0.00000000,0.00000000,0.00298686,0.00000000,0.00000000,0.00000000,0.00000000,0.00000000,0.00000000,0.00000000,0.00000000,0.00000000,0.00000000,0.00121850,0.00000000,0.00000000,0.00000000,0.00000000,0.12247142,0.00000000,0.00000000,0.00000000,0.00000000,0.00583323,0.00000000,0.00000000,0.00000000,0.00000000,0.00000000,0.00000000,0.00181280,0.00000000,0.00000000,0.00000000,0.00000000,0.00000000,0.00000000,0.00692493,0.00000000,0.00000000,0.00000000,0.00000000,0.00000000,0.00000000,0.05321112,0.00000000,0.00000000,0.00000000,0.00000000,0.00000000,0.02937925,0.00000000,0.00000000,0.00000000,0.00000000,0.00000000,0.00000000,0.00000000,0.00000000,0.00000000,0.00000000,0.00000000,0.04475212,0.08078530,0.00000000,0.00000000,0.00000000,0.00000000,0.00000000,0.00000000,0.00000000,0.00000000,0.00000000,0.00000000,0.00000000,0.00000000,0.00000000,0.00000000,0.00000000,0.00000000,0.00000000,0.00000000,0.00000000,0.00000000,0.00000000,0.03134383,0.00000000,0.00000000,0.00000000,0.00000000,0.00000000,0.00516238,0.00000000,0.00460425,0.00000000,0.00000000,0.78592952,0.00000000,0.00000000,0.00000000,0.00000000,0.00000000,0.00931123,0.00000000,0.00000000,0.00000000,0.00000000,0.00000000,0.00000000,0.00000000,0.00000000,0.00000000,0.00000000,0.00000000,0.00000000,0.00000000,0.00000000,0.00000000,0.00000000,0.04056135,0.00000000,0.00000000,1.85870606,0.00000000,0.00000000,0.00206466,0.00000000,0.00000000,0.00000000,0.00000000,0.00000000,0.01001969,0.00225460,0.00000000,0.00000000,0.00000000,0.00000000,0.00000000,0.00000000,0.00000000,0.00000000,0.00000000,0.00000000,0.00000000,0.00000000,0.00000000,0.00177239,0.00000000,0.00000000,0.00000000,0.03935969,0.00000000,0.00000000,0.00610866,0.00000000,0.00000000,0.00000000,0.00000000,0.00000000,0.00000000,0.00000000,0.00000000,0.00000000,0.03310761,0.00000000,0.00000000,0.00000000,0.00000000,0.00000000,0.00000000,0.00000000,0.00000000,0.00000000,0.00000000,0.00000000,0.00000000,0.00000000,0.00000000,0.00000000,0.00000000,0.00000000,0.00000000,0.00109436,0.00000000,0.00000000,0.00000000,0.00000000,0.04896745,0.00000000,0.00000000,0.00244186,0.00000000,0.00000000,0.00000000,0.00000000,0.00000000,0.00000000,0.00000000
0.00000000,0.69061777,0.00000000,0.00000000,0.00000000,0.00000000,0.00000000,0.03098280,0.00753485,0.00000000,0.00000000,0.00000000,0.00000000,0.00000000,0.00000000,0.28649983,0.00000000,0.00000000,0.00000000,0.85805378,0.00000000,0.00000000,0.00000000,0.00000000,0.00000000,0.00000000,0.00000000,0.00000000,0.00000000,0.00000000,0.00000000,0.00000000,0.00000000,0.00000000,0.00000000,0.01040574,0.00000000,0.00000000,0.00210070,0.00000000,0.00000000,0.00000000,0.00000000,0.00000000,0.00617761,0.00000000,0.00000000,0.02499773,0.00000000,0.00000000,0.00000000,0.00078953,0.00000000,0.00835980,0.00000000,0.00000000,0.00000000,0.00000000,0.00331770,0.00000000,0.00000000,0.00000000,0.00488059,0.00000000,0.00000000,0.00000000,0.00000000,0.00000000,0.00000000,0.00000000,0.00000000,0.00000000,0.00000000,0.00000000,0.00000000,0.00000000,0.00000000,0.00000000,0.00000000,0.00000000,0.00000000,0.00000000,0.00000000,0.00000000,0.00000000,0.00000000,0.00000000,0.00235675,0.00000000,0.00000000,0.00000000,0.00000000,0.00000000,0.00000000,0.00000000,0.00000000,0.00000000,0.01645493,0.00000000,0.00000000,0.00000000,0.00000000,0.00000000,0.00406855,0.00321615,0.00000000,0.00000000,0.00000000,0.00000000,0.00000000,0.00000000,0.00286738,0.00000000,0.00000000,0.00000000,0.00000000,0.00000000,0.00000000,0.00000000,0.00000000,0.00000000,0.00000000,0.00000000,0.00000000,0.00000000,0.00000000,0.00205315,0.00000000,0.00000000,0.00000000,0.00000000,0.00000000,0.00000000,0.00451866,0.00000000,0.00000000,0.00000000,0.00000000,0.00000000,0.00000000,0.00000000,0.00000000,0.00000000,0.00000000,0.00297374,0.00000000,0.03466468,0.00292554,0.00000000,0.00000000,0.01553005,0.00000000,0.00000000,0.00000000,0.00000000,0.00000000,0.00000000,0.00000000,0.00000000,0.00000000,0.00000000,0.00000000,0.00000000,0.00000000,0.00000000,0.00121202,0.00000000,0.00000000,0.00000000,0.00000000,0.01553783,0.00000000,0.00489512,0.00000000,0.00000000,0.00593709,0.00000000,0.00092176,0.00000000,0.00000000,0.00000000,0.06146931,0.00000000,0.00000000,0.00000000,0.00000000,0.00000000,0.00000000,0.00000000,0.00000000,0.00000000,0.00000000,0.00093184,0.00000000,0.00000000,0.00000000,0.05962197,0.00000000,0.00000000,0.00000000,0.02033741,0.00000000,0.00000000,0.00000000,0.00000000,0.00000000,0.00000000,0.00000000,0.00000000,0.00000000,0.00000000,0.00000000,0.00000000,0.00000000,0.00000000,0.02555751,0.00000000,0.00000000,0.00000000,0.00000000,0.00000000,0.00000000,0.00000000,0.00000000,0.00000000,0.00000000,0.04580007,0.00000000,0.00000000,0.00000000,0.00000000,0.00000000,0.00000000,0.00000000,0.00000000,0.00000000,0.00000000,0.00000000,0.00000000,0.02674592,0.00000000,0.00000000,0.00000000,0.00000000,0.00000000,0.00000000,0.00000000,0.00000000,0.00000000,0.01760201,0.00913316,0.00000000,0.00000000,0.04524245,0.00000000,0.00000000,0.00000000,0.00658422,0.00000000,0.00000000,0.00000000,0.00000000,0.00000000,0.00000000,0.00000000,0.00000000,0.00000000,0.00000000,0.00000000,0.00000000,0.00000000,0.00000000,0.00000000,0.00676081,0.00000000,0.00233487,0.00000000,0.00000000,0.00000000,0.00000000,0.00000000,0.00000000,0.00000000,0.00000000,0.04299786,0.00000000,0.00000000,0.00000000,0.00000000,0.00000000,0.00000000,0.00000000,0.00000000,0.00000000,0.00000000,0.01533843,0.00000000,0.00000000,0.00000000,0.00000000,0.00000000,0.00000000,0.00389086,0.00363249,0.00076460,0.00000000,0.00000000,0.00000000,0.00000000,0.00000000,0.00000000,0.00000000,0.00000000,0.00000000,0.00962516,0.00000000,0.00000000,0.00000000,0.00000000,0.00000000,0.02795557,0.00000000,0.00000000,0.00000000,0.00000000,0.00000000,0.00000000,0.00000000,0.00000000,0.00000000,0.00000000,0.00000000,0.00000000,0.00000000,0.00000000,0.00000000,0.00000000,0.00000000,0.00000000,0.00000000,0.00000000,0.00751972,0.00000000,0.00000000,0.00098490,0.00000000,0.00000000,0.00000000,0.00000000,0.00000000,0.00000000,0.00000000,0.08164368,0.00000000,0.00782602,0.00000000,0.00000000,0.00000000,0.00000000,0.00000000,0.00000000,0.00590955,0.00000000,0.00000000,0.00000000,0.00000000,0.00000000,0.00000000,0.00000000,0.00000000,0.00000000,0.00000000,0.00000000,0.00000000,0.00000000,0.00000000,0.00000000,0.00000000,0.00000000,0.00000000,0.00000000,0.00000000,0.00000000,0.06161740,0.00000000,0.00000000,0.00000000,0.00000000,0.00000000,0.00000000,0.01912105,0.00000000,0.00000000,0.00000000,0.00000000,0.00000000,0.00000000,0.00000000,0.00000000,0.00000000,0.00000000,0.00000000,0.00000000,0.00000000,0.00000000,0.00000000,0.00000000,0.00000000,0.00000000,0.00116392,0.00000000,0.00000000,0.00000000,0.00000000,0.00000000,0.00000000,0.00000000,0.02455382,0.00000000,0.00000000,0.00000000,0.00000000,0.00000000,0.00165021,0.00000000,0.00000000,0.00000000,0.00000000,0.00000000,0.00000000,0.00000000,0.00000000,0.00000000,0.00000000,0.00000000,0.00000000,0.00928848,0.00000000,0.00000000,0.00000000,0.00000000,0.00000000,0.00000000,0.00000000,0.00000000,0.00000000,0.00000000,0.00000000,0.49396449,0.00000000,0.00000000,0.00000000,0.00000000,0.00000000,0.00000000,0.00000000,0.00591134,0.00000000,0.00000000,0.00000000,0.00275838,0.00000000,0.01602182,0.00000000,0.00564548,0.00000000,0.00000000,0.00000000,0.00000000,0.00000000,0.00000000,0.00000000,0.00000000,0.00000000,0.24914292,0.00000000,0.02334089,0.00000000,0.00000000,0.00000000,0.00000000,0.00000000,0.00000000,0.00000000,0.00000000,0.00000000,0.00000000,0.00000000,0.00187824,0.00000000,0.00000000,0.00000000,0.00000000,0.00000000,0.72674371,0.00000000,0.00369613,0.00000000,0.00000000,0.00000000,0.00000000,0.00000000,0.00000000,0.00000000,0.00000000,0.00000000,0.01357084,0.00000000,0.00000000,0.04393922,0.00000000,0.00000000,0.00000000,0.00000000,0.00000000,0.00000000,0.00000000,0.00000000,0.00000000,0.00455356,0.01319389,0.00186902,0.00000000,0.00000000,0.00000000,0.00000000,0.00000000,0.00000000,0.00000000,0.00000000,0.00000000,0.00000000,0.00000000,0.01049697,0.00393522,0.00000000,0.00000000,0.00000000,0.00000000,0.00000000,0.00000000,0.00000000,0.00000000,0.00730310,0.00000000,0.00000000,0.00000000,0.01896009,0.00000000,0.00000000,0.00478274,0.94642997,0.00000000,0.00000000,0.01164261,0.00000000,0.00000000,0.00000000,0.00000000,0.00000000,0.00000000,0.00000000,0.00000000,0.00000000,0.00000000,0.00142721,0.47461293,0.00000000,0.00000000,0.00000000,0.00000000,0.00000000,0.00000000,0.12123473,0.00000000,0.00000000,0.00000000,0.00000000,0.00000000,0.00000000,0.00000000,0.00000000,0.00000000,0.00000000,0.00000000,0.00000000,0.00000000,0.00319905,0.00000000,0.00000000,0.00000000,0.00000000,0.00000000,0.00000000,0.00000000,0.00000000,0.00000000,0.00490855,0.00000000,0.00000000,0.00000000,0.00000000,0.00000000,0.00000000,0.00770845,0.01382047,0.00000000,0.00000000,0.00000000,0.00000000,0.00000000,0.00000000,0.00000000,0.00000000,0.00000000,0.00000000,0.00000000,0.00000000,0.00000000,0.00000000,0.00000000,0.00000000,0.00000000,0.00000000,0.00559162,0.00000000,0.00000000,0.01007961,0.00000000,0.00000000,0.00000000,0.00000000,0.00000000,0.00000000,0.16586810,0.00000000,0.00000000,0.00000000,0.00000000,0.00000000,0.00000000,0.00000000,0.04034119,0.00000000,0.68435668,0.00000000,0.00000000,0.00000000,0.00000000,0.00000000,0.00000000,0.00000000,0.00000000,0.00000000,0.00000000,0.00000000,0.00000000,0.00000000,0.00000000,0.00000000,0.00000000,0.00189937,0.00000000,0.00000000,0.00000000,0.00000000,0.00000000,0.00000000,0.00000000,0.00000000,0.00000000,0.00000000,0.51301556,0.00000000,0.00000000,0.00000000,0.00000000,0.04404556,0.00000000,0.00682262,0.00000000,0.00000000,0.00000000,0.00000000,0.00000000,0.00000000,0.00000000,0.00000000,0.00000000,0.00000000,0.00000000,0.00000000,0.00000000,0.01292398,0.00000000,0.02425396,0.00000000,0.00000000,0.00000000,0.02210900,0.01165068,0.00000000,0.01555670,0.00000000,0.00000000,0.01756193,0.00000000,0.00000000,0.00000000,0.00000000,0.00000000,0.00000000,0.00000000,0.00000000,0.00000000,0.00000000,0.00000000,0.00000000,0.00000000,0.00000000,0.00536108,0.00000000,0.00000000,0.00000000,0.00000000,0.00000000,0.00000000,0.00000000,0.00000000,0.00000000,0.00000000,0.12152594,0.00000000,0.00000000,0.00000000,0.00000000,0.00000000,0.00000000,0.00000000,0.00000000,0.00346145,0.00000000,0.00000000,0.00000000,0.00000000,0.05454164,0.00000000,0.00000000,0.00000000,0.00000000,0.00000000,0.00000000,0.00000000,0.00000000,0.00000000,0.00000000,0.00000000,0.00000000,0.00000000,0.00000000,0.00000000,0.00000000,0.00000000,0.00000000,0.00000000,0.00000000,0.00000000,0.00000000,0.00604724,0.00000000,0.00000000,1.73728470,0.00000000,0.00000000,0.00000000,0.00000000,0.00000000,0.00000000,0.00000000,0.00098400,0.00000000,0.00000000,0.00000000,0.00286870,0.00000000,0.00000000,0.00000000,0.00000000,0.00412800,0.00000000,0.00000000,0.00000000,0.15067815,0.00000000,0.00000000,0.00000000,0.00000000,0.00000000,0.00000000,0.00000000
0.00000000,0.00000000,0.00000000,0.00000000,0.00000000,0.00000000,0.00000000,0.00000000,0.00000000,0.00000000,0.00000000,0.00000000,0.03401528,0.00000000,0.00000000,0.00000000,0.00000000,0.00000000,0.00000000,0.00000000,0.01331406,0.00000000,0.00000000,0.00000000,0.00000000,0.00000000,0.01054018,0.00000000,0.00000000,0.00000000,0.00000000,0.00000000,0.00000000,0.00000000,0.00000000,0.00000000,0.00000000,0.00000000,0.00000000,0.00000000,0.00000000,0.00000000,0.00000000,0.00000000,0.00000000,0.00000000,0.00000000,0.00000000,0.00000000,0.01387583,0.00000000,0.00000000,0.00000000,0.00000000,0.01598981,0.00000000,0.00000000,0.00000000,0.00000000,0.00000000,0.00000000,0.00000000,0.00000000,0.00000000,0.00000000,0.00000000,0.00000000,0.00000000,0.00302420,0.00000000,0.00000000,0.00000000,0.00000000,0.00000000,0.00000000,0.00000000,0.00000000,0.00000000,0.00000000,0.00000000,0.00000000,0.00000000,0.00000000,0.00000000,0.00154418,0.00000000,0.00323230,0.00000000,0.00000000,0.00000000,0.00000000,0.00000000,0.00000000,0.00000000,0.32601598,0.00000000,0.00000000,0.00000000,0.00746039,0.00000000,0.00000000,0.00000000,0.00000000,0.00000000,0.00000000,0.00000000,0.00000000,0.00000000,0.20783975,0.00000000,0.00000000,0.00000000,0.00000000,0.00000000,0.00608242,0.00000000,0.01465188,0.00000000,0.01250815,0.00930257,0.00702385,0.00000000,0.00000000,0.00000000,0.00000000,0.00400934,0.01249179,0.00000000,0.00000000,0.00000000,0.00000000,0.00000000,0.00000000,0.00000000,0.00000000,0.00000000,0.00000000,0.00000000,0.00000000,0.01144406,0.00000000,0.00000000,0.00146982,0.00000000,0.01005014,0.00000000,0.00234934,0.00000000,0.00000000,0.00000000,0.00000000,0.00000000,0.00000000,0.00000000,0.00000000,0.00000000,0.00000000,0.00000000,0.00000000,0.00000000,0.00513707,0.00000000,0.00000000,0.00000000,0.00000000,0.00198140,0.00000000,0.00000000,0.00000000,0.07092960,0.00000000,0.00000000,0.00000000,0.00000000,0.00000000,0.00000000,0.00000000,0.00000000,0.34348209,0.00000000,0.00000000,0.00000000,0.01786698,0.00000000,0.00000000,0.00000000,0.00140196,0.00000000,0.00000000,0.00000000,0.00000000,0.00000000,0.00000000,0.00000000,0.00000000,0.00000000,0.00000000,0.00000000,0.00000000,0.00000000,1.19452393,0.00000000,0.06101772,0.00000000,0.00000000,0.00000000,0.00000000,0.00000000,0.00000000,0.00000000,0.00000000,0.00965699,0.00000000,0.00000000,0.00000000,0.00000000,0.00000000,0.00000000,0.00000000,0.00000000,0.00000000,0.00000000,0.00000000,0.00000000,0.00000000,0.00000000,0.00188889,0.02781469,0.00000000,0.00000000,0.00000000,0.00000000,0.00000000,0.00000000,0.00000000,0.00000000,0.11554175,0.00000000,0.00000000,0.00000000,0.00000000,0.00000000,0.00000000,0.00000000,0.00000000,0.00305232,0.00000000,0.04902521,0.00000000,0.00000000,0.00000000,0.23113314,0.00000000,0.00000000,0.00000000,0.00000000,0.02030111,0.00000000,0.00000000,0.00000000,0.00000000,0.00000000,0.00000000,0.00000000,0.00000000,0.00000000,0.00000000,0.00000000,0.00000000,0.19140737,0.00000000,0.00000000,0.00000000,0.00000000,0.08565465,0.00000000,0.00000000,0.00000000,0.00000000,0.00000000,0.00000000,0.00000000,0.00000000,0.00000000,0.00000000,0.00000000,0.00000000,0.00000000,0.00000000,0.00000000,0.00000000,0.00000000,0.00000000,0.00000000,0.00000000,0.00000000,0.12731663,0.00000000,0.00000000,0.00000000,0.00000000,0.00000000,0.00000000,0.00000000,0.00000000,0.00000000,0.00000000,0.00000000,0.00000000,0.07077407,0.00000000,0.00000000,0.00000000,0.00000000,0.00573807,0.00000000,0.01733141,0.00000000,0.00000000,0.00000000,0.00000000,0.00254792,0.00000000,0.00208923,0.00000000,0.00000000,0.00000000,0.00000000,0.00000000,0.05628585,0.00000000,0.00000000,0.00000000,0.01003219,0.00478302,0.00358044,0.00000000,0.00000000,0.00000000,0.00000000,0.00000000,0.00000000,0.00000000,0.00000000,0.00000000,0.00000000,0.00000000,0.00000000,0.00000000,0.00000000,0.00000000,0.00000000,0.00000000,0.00000000,0.00000000,0.00000000,0.00000000,0.00000000,0.00000000,0.00000000,0.00000000,0.00000000,0.00000000,0.00000000,0.00077892,0.00000000,0.00000000,0.00000000,0.00000000,0.00000000,0.00000000,0.00000000,0.00000000,0.00000000,0.00000000,0.61820036,0.00000000,0.00000000,0.00000000,0.05187815,0.00000000,0.00000000,0.00000000,0.00000000,0.00000000,0.00000000,0.00000000,0.00000000,0.00000000,0.00000000,0.00000000,0.00000000,0.00092996,0.00000000,0.00000000,0.00000000,0.00000000,0.09019997,0.00000000,0.00000000,0.00000000,0.00000000,0.00000000,0.00000000,0.00000000,0.00205737,0.00000000,0.00000000,0.00000000,0.00000000,0.00329568,0.00000000,0.00000000,0.00000000,0.00000000,0.00000000,0.00000000,0.00000000,0.00000000,0.00000000,0.00000000,0.00000000,0.00000000,0.00000000,0.00000000,0.00000000,0.00000000,0.00000000,0.00000000,0.01003047,0.00000000,0.00000000,0.00000000,0.00000000,0.00000000,0.00000000,0.00081646,0.00000000,0.00000000,0.00000000,0.00497932,0.00000000,0.00089322,0.43464452,0.00000000,0.00000000,0.00000000,0.00000000,0.00218718,0.01157242,0.00000000,0.00000000,0.00000000,0.03736721,0.00000000,0.00000000,0.00000000,0.00000000,0.00000000,0.00000000,0.00000000,0.00000000,0.00346576,0.00000000,0.00000000,0.00000000,0.00000000,0.00000000,0.00000000,0.00000000,0.00000000,0.01607670,0.00000000,0.00000000,0.00000000,0.00000000,0.00000000,0.00000000,0.00000000,0.00000000,0.00000000,0.00000000,0.00000000,0.00744656,0.00931837,0.00000000,0.00631106,0.00000000,0.00000000,0.00000000,0.00000000,0.00000000,3.96773207,0.00000000,0.00565419,0.00306681,0.00000000,0.00000000,0.00000000,0.00177868,0.00000000,0.00000000,0.00000000,0.00000000,0.00000000,0.00000000,0.00000000,0.00000000,0.00000000,0.00000000,0.00000000,0.00000000,0.00590747,0.00332726,0.00000000,0.00000000,0.00000000,0.00134163,0.00349302,0.00000000,0.00000000,0.00689404,0.00000000,0.00000000,0.00000000,0.00000000,0.00000000,0.00000000,0.00000000,0.00000000,0.00000000,0.00000000,0.00000000,0.00000000,0.01123092,0.00000000,0.02102796,0.00000000,0.00000000,0.00000000,0.00000000,0.00000000,0.00000000,0.00000000,0.00000000,0.00000000,0.00000000,0.00000000,0.00000000,0.00000000,0.00000000,0.00000000,0.00000000,0.00097247,0.00000000,0.00000000,0.00000000,0.00000000,0.00000000,0.00000000,0.00000000,0.00000000,0.00000000,0.00000000,0.00000000,0.00000000,0.05001560,0.00000000,0.00000000,0.00000000,0.00000000,0.00000000,0.01693629,0.00000000,0.00000000,0.04620638,0.00000000,0.07165177,0.00000000,0.00000000,0.00000000,0.00000000,0.00000000,0.00000000,0.00000000,0.00000000,0.00000000,0.00000000,0.00000000,0.00000000,0.00000000,0.00000000,0.00000000,0.00000000,0.00349115,0.00000000,0.00000000,0.00000000,0.00000000,0.00000000,0.00000000,0.00000000,0.00000000,0.00000000,0.00000000,0.00000000,0.00000000,0.00000000,0.00085442,0.00000000,0.00000000,3.98201345,0.00000000,0.00000000,0.00000000,0.00000000,0.00000000,0.00000000,0.00000000,0.00000000,0.00000000,0.03570450,0.00000000,0.00000000,0.00194075,0.00000000,0.16157353,0.00000000,0.00000000,0.00000000,5.21979622,0.00829310,0.00000000,0.00000000,0.00000000,0.00000000,0.00000000,0.68681921,0.00000000,0.00000000,0.00000000,0.00000000,0.00000000,0.00000000,0.00000000,0.00000000,0.00000000,0.00000000,0.00000000,0.00000000,0.00812047,0.00000000,0.00000000,0.00000000,0.00000000,0.00000000,0.00000000,0.00000000,0.00000000,0.00000000,0.00000000,0.00000000,0.00000000,0.02652243,0.00000000,0.04299772,0.00000000,0.00000000,0.00000000,0.00000000,0.00000000,0.00000000,0.00000000,0.00000000,0.00000000,0.00000000,0.00000000,0.00000000,0.04988928,0.00000000,0.03231709,0.00000000,0.00115216,0.00000000,0.00000000,0.00000000,0.00419359,0.00000000,0.00000000,0.00000000,0.00000000,0.00000000,0.00000000,0.00145554,0.00000000,0.00000000,0.00000000,0.00350119,0.00000000,0.20054505,0.00000000,0.00000000,0.00000000,0.00215105,0.00000000,0.00000000,0.00000000,0.06686325,0.00000000,0.00000000,0.00000000,0.00000000,0.00000000,0.00000000,0.00000000,0.00000000,0.01149046,0.00000000,0.00000000,0.00000000,0.00171752,0.00000000,0.00000000,0.00000000,0.00000000,0.00000000,0.00000000,0.00000000,0.00000000,0.00000000,0.00000000,0.00000000,0.00000000,0.00000000,0.00000000,0.00000000,0.00000000,0.04003424,0.14850517,0.00000000,0.00000000,0.00000000,0.00000000,0.00000000,0.00000000,0.00000000,0.00000000,0.00000000,0.00000000,0.00000000,0.00000000,0.00000000,0.00000000,0.00000000,0.05083428,0.00000000,0.00000000,0.00000000,0.00000000,0.00000000,0.00000000,0.00000000,0.00000000,0.00000000,0.00000000,0.00000000,0.00000000,0.00000000,0.00000000,0.00000000,0.00000000,0.00000000,0.00000000,0.00000000,0.00000000,0.00393094,0.00896578,0.00000000,0.00000000,0.00000000,0.00000000,0.00000000,0.00000000,0.00000000,0.00000000,0.00000000,0.00000000,0.00000000,0.00000000,0.00000000,0.00000000,0.00000000,0.00000000,0.00000000,0.00000000,0.00000000,0.00000000,0.00000000,0.00000000,0.00000000
0.00000000,0.00000000,0.00000000,0.00000000,0.00000000,0.00000000,0.00234725,0.00000000,0.00000000,0.00000000,0.00000000,0.00000000,0.00000000,0.00000000,0.00000000,0.00000000,0.00000000,0.00000000,0.00000000,0.00000000,0.00000000,0.00124241,0.00000000,0.00000000,0.00000000,0.00000000,0.00139714,0.00000000,0.00212879,0.00000000,0.00000000,0.00522979,0.00000000,0.00000000,0.00000000,0.00000000,0.04211072,0.00000000,0.00000000,0.02623449,0.00000000,0.00000000,0.00000000,0.00000000,0.00000000,0.01275698,0.00000000,0.00000000,0.00140386,0.00000000,0.00000000,0.00000000,0.00000000,0.01753126,0.00000000,0.00000000,0.01187971,0.00000000,0.00000000,0.00096014,0.00000000,0.00000000,0.00000000,0.00000000,0.00000000,0.00000000,0.00000000,0.00000000,0.00000000,0.00000000,0.00000000,0.00633652,0.00289151,0.00000000,0.00000000,0.00000000,0.00000000,0.00000000,0.00000000,0.00000000,0.00000000,0.00000000,0.01160987,0.00467949,0.00000000,0.48902541,0.00000000,0.00000000,0.00000000,0.00000000,0.00000000,0.00000000,0.00662066,0.00000000,0.00000000,0.00000000,0.00000000,0.00000000,0.00000000,0.00000000,0.00000000,0.00000000,0.00000000,0.00000000,0.28998389,0.00157581,0.00000000,0.00000000,0.00000000,0.00000000,0.00000000,0.00000000,0.00000000,0.00000000,0.00000000,0.00000000,0.00000000,0.00694782,0.00000000,0.00000000,0.00701115,0.00000000,0.00000000,0.00000000,0.00000000,0.14844420,0.00000000,0.00000000,0.00000000,0.00000000,0.00000000,0.00000000,0.00000000,0.00000000,0.00000000,0.00000000,0.02646517,0.00000000,0.00000000,0.00000000,0.00157278,0.00000000,0.00000000,0.00000000,0.00000000,0.00416120,0.00000000,0.00000000,0.00233069,0.00000000,0.00000000,0.00000000,0.00000000,0.00000000,0.00000000,0.00000000,0.00000000,0.00363809,0.00000000,0.00000000,0.00000000,0.00000000,0.00000000,0.02610104,0.00000000,0.00000000,0.00000000,0.00000000,0.00000000,0.00000000,0.00000000,0.00000000,0.00000000,0.00000000,0.00000000,0.00000000,0.00000000,0.00000000,0.00000000,0.00000000,0.13418584,0.00000000,0.00000000,0.13483455,0.00000000,0.00000000,0.01002558,0.00000000,0.00000000,0.00172828,0.00000000,0.00000000,0.00000000,0.00000000,0.00000000,0.00000000,0.00000000,0.00000000,0.00000000,0.00000000,0.00000000,0.00000000,0.00000000,0.00000000,0.00000000,0.00000000,0.00000000,0.00000000,0.00000000,0.00000000,0.00000000,0.00000000,0.00000000,0.00000000,0.00000000,0.00972187,0.01299414,0.06001297,0.00000000,0.00512034,0.00000000,0.00000000,0.00000000,0.01167280,0.00000000,0.00000000,0.00000000,0.00000000,0.00000000,0.00000000,0.00000000,0.00000000,0.00000000,0.01858769,0.20863357,0.00000000,0.01409305,0.00000000,0.00000000,0.00000000,0.00000000,0.00000000,0.13273234,0.01855181,0.00000000,0.00000000,0.00000000,0.00000000,0.00000000,0.00000000,0.00468807,0.00000000,0.00000000,0.00000000,0.00000000,0.00000000,0.00000000,0.00000000,0.00000000,0.00000000,0.01330275,0.00000000,0.00000000,0.00000000,0.00000000,0.08959545,0.00000000,0.28982675,0.00000000,0.00000000,0.00310811,0.00000000,0.00000000,0.04377977,0.00000000,0.00000000,0.00000000,0.00000000,0.00000000,0.00842659,0.00000000,0.00000000,0.00628170,0.00000000,0.00000000,0.00000000,0.00000000,0.00000000,0.00386877,0.00000000,0.00000000,0.00000000,0.00000000,0.00000000,0.00000000,0.00000000,0.00000000,0.00000000,0.00000000,0.00000000,0.00000000,0.00000000,0.00000000,0.00000000,0.00000000,0.00000000,0.00000000,0.00000000,0.00000000,0.00000000,0.00000000,0.00000000,0.00000000,0.00000000,0.00000000,0.00451781,0.00000000,0.00000000,0.00000000,0.00000000,0.00000000,0.00000000,0.00000000,0.00000000,0.00000000,0.00000000,0.00000000,0.00000000,0.00000000,0.00000000,0.00000000,0.00000000,0.00000000,0.00000000,0.00000000,0.00000000,0.00000000,0.00000000,0.00000000,0.00000000,0.00000000,0.00000000,0.00000000,0.00000000,0.00000000,0.00000000,0.00000000,0.00000000,0.00000000,0.00000000,0.00000000,0.00000000,0.01141320,0.00000000,0.00000000,0.00000000,0.00000000,0.00000000,0.00000000,0.00000000,0.00000000,0.00000000,0.00000000,0.00000000,0.00000000,0.02001496,0.00000000,0.00000000,0.00000000,0.00000000,0.00000000,0.03283641,0.00461878,0.00000000,0.00000000,0.00529358,0.00000000,0.00000000,0.00000000,0.00000000,0.00000000,0.00000000,0.00000000,0.00000000,0.00000000,0.00000000,0.00000000,0.00000000,0.01643992,0.00000000,0.00000000,0.04232420,0.00000000,0.02622566,0.00000000,0.04132295,0.00442939,0.00000000,0.01913788,0.00000000,0.00000000,0.00000000,0.00000000,0.00000000,0.00000000,0.00000000,0.00000000,0.00000000,0.00000000,0.00000000,0.00000000,0.00000000,0.00000000,0.00000000,0.00000000,0.00000000,0.00000000,0.00000000,0.00000000,0.00000000,0.00000000,0.00000000,0.00000000,0.00387460,0.00000000,0.00000000,0.00000000,0.00000000,0.00000000,0.00000000,0.00000000,0.00000000,0.00000000,0.00000000,0.00000000,0.00000000,0.00000000,0.00000000,0.09638866,0.00000000,0.00000000,0.00000000,0.00000000,0.00000000,0.03743884,0.00000000,0.00000000,0.00406239,0.01152504,0.00000000,0.00000000,0.00000000,0.00000000,0.00000000,0.00700332,0.00000000,0.00000000,0.00000000,0.00000000,0.00000000,0.00000000,0.02522286,0.00000000,0.00000000,0.00000000,0.00000000,0.00000000,0.00083389,0.00000000,0.00000000,0.00000000,0.00000000,0.00000000,0.00000000,0.00000000,0.00000000,0.00000000,0.00000000,0.00000000,0.00000000,0.00000000,0.00000000,0.00000000,0.00000000,0.00000000,0.00000000,0.00000000,0.00000000,0.00000000,0.00000000,0.00000000,0.00000000,0.00000000,0.00000000,0.00000000,0.00000000,0.00000000,0.00000000,0.00252387,0.00000000,0.00000000,0.00000000,0.00000000,0.00000000,0.15040874,0.00000000,0.00000000,0.32313597,0.00000000,0.00000000,0.00000000,0.00000000,0.00000000,0.00000000,0.00000000,0.00000000,0.00000000,0.00000000,0.00000000,0.00000000,0.00000000,0.00000000,0.00000000,0.01647239,0.00000000,0.00000000,0.00000000,0.00000000,0.00975382,0.00000000,0.00000000,0.00000000,0.00000000,0.00000000,0.00000000,0.00000000,0.00000000,0.00000000,0.00000000,0.14273571,0.00000000,0.00000000,0.00000000,0.00000000,0.00000000,0.00000000,0.00000000,0.00000000,0.00000000,0.00000000,0.00000000,0.00000000,0.00000000,0.00000000,0.00000000,0.00000000,0.00000000,0.00221910,0.00000000,0.00000000,0.00000000,0.00000000,0.00000000,0.00000000,0.01203236,0.00000000,0.00000000,0.00000000,0.00164915,0.00000000,0.00000000,0.05289354,0.00000000,0.00000000,0.00000000,0.01878855,0.00000000,0.00100662,0.00000000,0.00000000,0.00000000,0.00000000,0.00000000,0.00000000,0.00000000,0.00441577,0.00000000,0.00000000,0.00000000,0.00000000,0.00000000,0.00000000,0.01158951,0.22878562,0.00000000,0.00000000,0.08187377,0.00000000,0.00000000,0.00000000,0.00000000,0.00288437,0.00000000,0.00000000,0.00000000,0.00000000,0.00000000,0.00000000,0.02907833,0.00000000,0.00000000,0.00000000,0.00000000,0.00000000,0.00000000,0.00000000,0.00000000,0.00396153,0.00105798,0.00000000,0.00000000,0.00000000,0.00000000,0.00161767,0.00000000,0.00000000,0.00000000,0.00000000,0.00000000,0.27282079,0.00000000,0.00000000,0.00000000,0.00000000,0.00000000,0.00000000,0.00000000,0.00099609,0.00000000,0.00000000,0.00000000,0.00000000,0.00000000,0.00000000,0.00000000,0.00000000,0.00000000,0.00000000,0.00000000,0.00000000,0.00000000,0.00000000,0.00000000,0.00000000,0.00418310,0.00000000,0.00000000,0.00000000,0.00000000,0.00000000,0.00000000,0.00000000,0.00000000,0.00000000,0.00000000,0.00000000,0.00000000,0.00000000,0.00169266,0.00000000,0.00921463,0.00000000,0.00000000,0.00000000,0.00000000,0.00098198,0.00000000,0.00000000,0.00000000,0.00000000,0.00000000,0.00000000,0.00000000,0.00000000,0.00000000,0.00000000,0.00000000,0.00000000,0.00000000,0.00000000,0.00000000,0.00000000,0.00000000,0.00000000,0.00000000,0.00000000,0.00000000,0.00000000,0.00000000,0.00288926,0.00000000,0.00000000,0.00000000,0.00000000,0.00000000,0.00509507,0.00566761,0.00000000,0.00000000,0.00000000,0.00000000,0.00000000,0.00000000,0.00000000,0.00000000,0.00682453,0.00000000,0.02609287,0.00000000,0.00000000,0.00000000,0.00000000,0.00000000,0.00000000,0.00000000,0.00000000,0.00000000,0.00000000,0.00000000,0.00000000,0.00000000,0.00000000,0.00000000,0.00000000,0.00000000,0.00000000,0.00000000,0.01057453,0.00000000,0.00284643,0.00000000,0.00000000,0.00355449,0.00000000,0.00000000,0.00000000,0.00000000,0.00000000,0.00000000,0.00000000,0.00000000,0.00000000,0.00000000,0.00000000,0.00000000,0.00000000,0.00000000,0.00000000,0.00000000,0.00000000,0.00000000,0.00000000,0.00000000,0.00289102,0.00000000,0.01144444,0.00000000,0.00000000,0.00000000,0.00000000,0.00000000,0.00000000,0.01457854,0.00000000,0.01483312,0.00000000,0.00000000,0.00000000,0.00000000,0.00000000,0.00000000,0.01152513,0.00000000,0.00594946,0.00000000,0.00000000,0.00000000,0.00000000,0.00000000,0.00000000,0.00000000,0.00000000,0.00000000,0.00000000,0.00000000,0.00000000,0.00000000,0.00000000,0.00000000,0.01104675
0.00000000,0.00000000,0.00000000,0.00000000,0.00000000,0.00000000,0.00000000,0.00000000,0.00000000,0.00000000,0.00000000,0.00000000,0.00000000,0.00000000,0.12194396,0.01259800,0.00519110,0.00000000,0.00000000,0.00000000,0.00000000,0.00000000,0.00000000,0.00000000,0.00000000,0.00000000,0.00000000,0.02586336,0.00000000,0.00000000,0.00000000,0.00000000,0.00000000,0.00000000,0.00000000,0.00515713,0.00000000,0.00000000,0.02938137,0.00000000,0.00000000,0.00000000,0.00000000,0.00194974,0.00987986,0.00000000,0.00000000,0.00000000,0.00000000,0.00000000,0.00000000,0.00000000,0.00000000,0.00435090,0.00000000,0.00639159,0.00000000,0.00000000,0.00000000,0.00000000,0.00000000,0.00000000,0.00000000,0.03920812,0.00000000,0.00000000,0.00302420,0.00000000,0.00000000,0.00000000,0.00000000,0.00000000,0.00000000,0.00000000,0.00000000,0.00000000,0.00000000,0.00000000,0.00000000,0.00127449,0.00000000,0.00000000,0.01007277,0.00000000,0.00824493,0.00000000,0.00000000,0.00000000,0.00000000,0.00000000,0.00000000,0.00000000,0.00000000,0.00000000,0.00000000,0.00000000,0.00000000,0.00000000,0.00000000,0.00582715,0.00000000,0.00000000,0.00000000,0.00000000,0.00000000,0.00000000,0.00000000,0.00000000,0.00000000,0.00000000,0.00000000,0.00000000,0.00000000,0.00000000,0.00000000,0.00000000,0.00000000,0.00000000,0.00000000,0.00000000,0.00000000,0.00000000,0.00000000,0.00143076,0.00000000,0.10233377,0.00000000,0.00000000,0.00000000,0.00000000,0.00000000,0.00000000,0.00685056,0.00000000,0.00078115,0.00000000,0.00000000,0.00000000,0.00417963,0.00177232,0.00000000,0.00000000,0.00000000,0.07811856,0.00000000,2.89537945,0.00000000,0.06066287,0.00000000,0.00000000,0.00200845,0.00000000,0.00000000,0.00000000,0.00000000,0.00000000,0.00000000,0.00000000,0.00000000,0.00000000,0.00000000,0.00000000,0.00000000,0.00000000,0.00000000,0.00000000,0.00214964,0.00261934,0.00000000,0.00000000,0.00000000,0.00000000,0.00000000,0.00000000,0.00000000,0.00000000,0.00000000,0.00000000,0.00000000,0.00000000,0.00000000,0.00000000,0.00000000,0.00501084,0.00000000,0.00000000,0.00000000,0.00000000,0.00000000,0.18434082,0.00510205,0.00000000,0.00000000,0.00000000,0.00000000,0.00000000,0.00836878,0.00000000,0.00000000,0.00000000,0.00000000,0.00000000,0.00000000,0.00000000,0.00000000,0.00000000,0.00000000,0.00000000,0.00000000,0.00000000,0.00000000,0.00000000,0.00000000,0.00000000,0.00000000,0.00000000,0.00000000,0.00000000,0.21559801,0.00000000,0.00000000,0.00000000,0.17620626,0.00000000,0.00000000,0.00000000,0.00000000,0.00596878,0.00000000,0.00000000,0.00000000,0.00000000,0.00000000,0.00000000,0.00000000,0.00000000,0.00000000,0.00000000,0.00000000,0.00000000,0.00000000,0.00000000,0.00000000,0.00000000,0.00000000,0.00000000,0.00000000,0.00122035,0.00000000,0.00000000,0.00000000,0.00000000,0.00000000,0.00000000,0.85076414,0.14179490,0.00000000,0.00000000,0.00912287,0.00000000,0.00000000,0.00000000,0.00000000,0.00000000,0.00000000,0.00000000,0.00000000,0.00000000,0.00000000,0.00000000,0.00214221,0.00000000,0.00000000,0.00229699,0.00000000,0.00000000,0.00000000,0.00000000,0.00000000,0.00000000,0.00000000,0.01601086,0.00389444,0.00000000,0.00000000,0.00000000,0.00000000,0.00000000,0.00000000,0.00402089,0.00000000,0.00000000,0.00000000,0.00000000,0.00000000,0.00000000,0.00000000,0.00000000,0.00000000,0.00000000,0.00000000,0.00000000,0.00000000,0.00000000,0.00000000,0.00498456,0.00000000,0.00000000,0.00000000,0.00000000,0.00000000,0.00000000,0.00000000,0.00000000,0.00000000,0.00000000,0.00000000,0.00000000,0.00000000,0.78512984,0.00000000,0.00000000,0.00000000,0.00000000,0.00000000,0.00000000,0.00000000,0.00000000,0.00000000,0.00000000,0.00000000,0.00000000,0.00000000,0.00000000,0.00000000,0.00000000,0.00000000,0.00000000,0.00000000,0.00000000,0.00000000,0.00000000,0.00000000,0.00000000,0.00000000,0.00000000,0.00000000,0.00000000,0.00000000,0.00000000,0.00149014,0.00000000,0.00000000,0.00000000,0.00000000,0.00000000,0.00000000,0.00000000,0.00000000,0.01176508,0.02106257,0.00000000,0.00000000,0.00000000,0.00000000,0.00000000,0.00000000,0.00000000,0.00000000,0.00000000,0.00000000,0.00000000,0.00000000,0.00000000,0.00000000,0.00000000,0.00000000,0.00000000,0.00052602,0.00000000,0.00000000,0.00000000,0.00552259,0.00000000,0.00000000,0.00000000,0.00371106,0.01097313,0.00000000,0.00000000,0.03565546,0.00000000,0.00000000,0.00000000,0.00000000,0.02477115,0.00000000,0.83263124,0.00000000,0.00000000,0.00000000,0.00000000,0.00000000,0.00000000,0.00000000,0.01764273,0.00000000,0.00000000,0.00000000,0.00000000,0.00000000,0.00000000,0.00000000,0.00000000,0.00000000,0.00096789,0.00000000,0.00000000,0.00310992,0.05519046,0.00000000,0.00000000,0.00000000,0.00000000,0.00000000,0.00000000,0.00000000,0.00000000,0.00087687,0.00698793,0.00000000,0.00000000,0.00000000,0.04501565,0.00000000,0.00000000,0.00000000,0.00000000,0.00000000,0.00000000,0.00212123,0.00000000,0.00000000,0.00000000,0.00000000,0.00000000,0.00000000,0.00000000,0.00000000,0.00000000,0.00000000,0.00000000,0.00115882,0.00479406,0.00000000,0.00000000,0.00000000,0.00000000,0.00000000,0.00000000,0.00000000,0.00000000,0.00000000,0.00000000,0.00000000,0.00449292,0.01271197,0.00639177,0.00000000,0.00000000,0.00000000,0.00000000,0.00000000,0.00000000,0.00000000,0.00000000,0.00000000,0.00000000,0.01165816,0.00000000,0.00000000,0.00000000,0.00000000,0.00000000,0.00433786,0.00000000,0.00000000,0.00000000,0.00000000,0.00398746,0.00000000,0.00000000,0.01569818,0.00000000,0.00000000,0.00000000,0.00000000,0.00197001,0.00000000,0.00000000,0.00000000,0.03443626,0.00000000,0.00000000,0.00000000,0.00000000,0.00000000,0.00184927,0.21699468,0.00000000,0.00000000,0.00000000,0.00000000,0.00000000,0.00400014,0.00000000,0.00000000,0.00000000,0.00000000,0.00000000,0.00000000,0.00000000,0.00000000,0.00000000,0.00000000,0.00000000,0.00000000,0.00000000,0.00000000,0.00000000,0.00000000,0.00000000,0.00000000,0.00000000,0.00000000,0.00000000,0.03873446,0.00912304,0.00000000,0.00000000,0.00000000,0.00000000,0.00000000,0.00000000,0.00000000,0.00000000,0.00000000,0.00000000,0.00000000,0.00000000,0.00000000,0.00000000,0.00000000,0.00000000,0.00000000,0.00000000,0.00000000,0.01007412,0.00000000,0.00000000,0.00000000,0.00000000,0.00000000,0.00076820,0.00000000,0.00000000,0.00000000,0.00000000,0.00000000,0.00000000,0.00000000,0.00000000,0.00000000,0.00000000,0.00000000,0.00000000,0.00000000,0.00000000,0.00000000,0.00000000,0.01164847,0.00000000,0.00000000,0.00000000,0.00000000,0.00000000,0.00000000,0.00000000,0.00000000,0.00000000,0.00000000,0.00000000,0.00000000,0.00000000,0.00000000,0.00000000,0.00000000,0.00000000,0.03281417,0.00000000,0.00000000,0.00000000,0.00000000,0.00513144,0.00000000,0.00000000,0.00000000,0.00000000,0.00000000,0.00000000,0.00000000,0.00000000,0.00000000,0.00000000,0.00000000,0.00000000,0.05604807,0.00000000,0.00348497,0.00000000,0.01083410,0.00000000,0.00000000,0.00000000,0.00000000,0.00000000,0.00000000,0.00000000,0.00000000,0.00000000,0.00000000,0.00000000,0.00000000,0.00000000,0.00000000,0.00000000,0.00000000,0.00000000,0.00000000,0.00000000,0.00000000,0.00000000,0.00000000,0.00000000,0.00000000,0.03138728,0.00000000,0.00000000,0.00000000,0.00514701,0.00000000,0.00000000,0.00000000,0.00000000,0.00000000,0.00000000,0.00000000,0.00000000,0.00000000,0.00000000,0.00000000,0.00000000,0.00000000,0.00746157,0.00000000,0.00000000,0.00000000,0.00000000,0.00000000,0.00000000,0.00000000,0.00000000,0.00000000,0.00000000,0.00000000,0.00176495,0.00000000,0.01062638,0.00000000,0.00071551,0.00088150,0.00000000,0.00000000,0.00000000,0.00000000,0.00000000,0.00000000,0.00470118,0.00000000,0.00000000,0.03034925,0.00439259,0.00000000,0.00000000,0.17294284,0.00667779,0.00000000,0.00000000,0.00000000,0.00000000,0.00000000,0.00000000,0.00000000,0.00000000,0.00000000,0.00000000,0.00000000,0.00000000,0.00000000,0.00000000,0.00000000,0.00000000,0.00000000,0.00000000,0.06300979,0.00000000,0.00000000,0.00000000,0.00558140,0.00000000,0.00000000,0.00000000,0.00000000,0.00070955,0.00227603,0.00000000,0.00000000,0.00000000,0.00000000,0.00000000,0.00000000,0.00000000,0.00079099,0.00000000,0.00000000,0.00000000,0.00000000,0.00460376,0.00000000,0.00000000,0.00000000,0.00000000,0.00110028,0.00000000,0.00000000,0.00000000,0.00000000,0.05886084,0.01828281,0.00000000,0.00000000,0.00000000,0.00000000,0.00000000,0.00000000,0.00000000,0.00269556,0.00000000,0.00000000,0.00000000,0.00000000,0.00000000,0.00000000,0.00000000,0.00000000,0.00529204,0.00000000,0.00000000,0.00000000,0.00000000,0.07891442,0.00000000,0.00000000,0.00000000,0.00000000,0.00000000,0.00000000,0.00000000,0.00000000,0.00000000,0.00000000,0.00000000,0.00000000,0.00000000,0.00557262,0.00000000,0.00764585,0.00000000,0.00000000,0.00000000,0.00000000,0.00000000,0.00000000,0.00000000,0.00000000,0.00000000,0.00000000,0.00000000,0.00000000,0.00000000
0.00000000,0.00000000,0.00000000,0.00000000,0.00000000,0.00000000,0.00000000,0.00000000,0.00000000,0.00000000,0.00000000,0.00000000,0.00000000,0.00000000,0.00000000,0.00000000,0.00000000,0.00000000,0.00000000,0.00000000,0.00000000,0.00000000,0.00000000,0.00000000,0.00000000,0.00821625,0.00000000,0.00000000,0.00000000,0.00000000,0.00000000,0.00407046,0.00000000,0.00000000,0.00000000,0.00184217,0.00000000,0.00000000,0.00000000,0.60205330,0.00000000,0.00000000,0.05803664,0.00000000,0.00000000,0.00000000,0.00000000,0.00000000,0.01950708,0.00000000,0.00000000,0.00000000,0.00515105,0.00000000,0.00000000,0.00000000,0.00000000,0.00000000,0.11276750,0.00000000,0.00000000,0.00000000,0.00000000,0.00210016,0.00000000,0.00000000,0.00000000,0.00000000,0.00000000,0.00000000,0.00000000,0.00000000,0.00000000,0.00000000,0.00000000,0.00000000,0.00000000,0.00000000,0.00000000,0.00961484,0.00000000,0.00000000,0.00000000,0.00000000,0.00133224,0.00000000,0.00000000,0.00000000,0.00000000,0.00000000,0.00000000,0.00000000,0.00000000,0.00000000,0.00000000,0.00000000,0.00000000,0.00000000,0.00000000,0.00000000,0.00000000,0.00178470,0.00000000,0.00000000,0.00000000,0.00000000,0.00229044,1.30776920,0.00000000,0.00000000,0.00000000,0.00000000,0.00000000,0.00000000,0.00000000,0.00000000,0.00000000,0.00000000,0.00000000,0.00000000,0.00000000,0.00000000,0.00000000,0.00388229,0.00000000,0.00000000,0.00000000,0.00000000,0.00000000,0.00000000,0.00000000,0.00171099,0.00000000,0.00000000,0.00000000,0.00000000,0.00000000,0.00000000,0.00000000,0.00000000,0.00000000,0.00000000,0.00000000,0.00000000,0.00000000,0.00000000,0.00000000,0.00000000,0.00000000,0.00000000,0.00000000,0.00000000,0.00000000,0.00000000,0.00000000,0.00000000,0.00426610,0.01310896,0.00000000,0.00000000,0.02615914,0.00000000,0.00000000,0.00000000,0.00000000,0.00000000,0.00000000,0.00255028,0.00000000,0.00000000,0.00000000,0.00000000,0.00000000,0.01222259,0.00000000,0.00000000,0.00000000,0.00000000,0.00476981,0.00000000,0.00000000,0.00000000,0.00000000,0.00000000,0.01097414,0.00000000,0.00000000,0.00000000,0.00000000,0.00000000,0.00000000,0.00154468,0.04321596,0.00000000,0.00000000,0.00000000,0.00338471,0.00000000,0.00000000,0.00000000,0.00000000,0.00000000,0.00000000,0.00000000,0.00000000,0.00000000,0.00389911,0.00000000,0.00000000,0.00000000,0.00000000,0.00000000,0.01283949,0.00000000,0.00000000,0.00165125,0.00000000,0.00000000,0.00000000,0.00000000,0.00000000,0.00000000,0.00000000,0.00000000,0.00000000,0.00000000,0.00000000,0.00000000,0.00000000,0.00000000,0.00000000,0.00000000,0.00000000,0.00000000,0.00000000,0.00000000,0.00000000,0.00000000,0.00000000,0.00000000,0.00000000,0.00000000,0.00000000,0.00000000,0.00000000,0.00000000,0.00000000,0.00000000,0.00000000,0.00000000,0.00000000,0.00000000,0.01116283,0.00000000,0.00000000,0.00000000,0.00000000,0.00000000,0.00000000,0.00000000,0.00000000,0.00000000,0.00000000,0.00000000,1.79915909,0.00000000,0.00000000,0.00000000,0.00000000,0.03161843,0.00000000,0.00000000,0.00000000,0.00000000,0.00000000,0.00000000,0.00000000,0.00000000,0.00000000,0.00000000,0.00000000,0.00000000,0.00000000,0.00000000,0.00000000,0.00188023,0.00000000,0.00000000,0.00000000,0.00000000,0.00000000,0.00000000,0.00000000,0.00000000,0.00000000,0.00000000,0.00561582,0.00000000,0.00000000,0.00000000,0.02585123,0.00000000,0.00000000,0.00000000,0.00000000,0.00000000,0.00000000,0.00000000,0.00000000,0.00000000,0.00000000,0.00000000,0.00587027,0.00000000,0.00000000,0.00000000,0.01387147,0.00000000,0.00000000,0.00000000,0.00000000,0.00000000,0.00000000,0.00000000,0.00000000,0.00000000,0.00000000,0.00000000,0.00000000,0.00000000,0.00000000,0.03588229,0.00000000,0.00000000,0.00000000,0.00000000,0.00000000,0.00000000,0.00644367,0.05992291,0.00000000,0.01015586,0.00695096,0.00000000,0.00000000,0.00000000,0.00138349,0.00000000,0.00000000,0.00000000,0.00000000,0.00000000,0.00000000,0.01794785,0.00000000,0.00000000,0.00000000,0.00000000,0.00725368,0.00000000,0.00000000,0.00000000,0.00000000,0.00000000,0.00000000,0.00206370,0.00000000,0.00000000,0.00000000,0.00000000,0.00000000,0.00000000,0.00000000,0.00000000,0.00000000,0.00000000,0.00000000,0.00000000,0.00000000,0.04614740,0.00000000,0.00000000,0.00000000,0.00000000,0.00000000,0.00000000,0.00000000,0.00000000,0.00000000,0.00000000,0.00000000,0.00387687,0.00000000,0.00000000,0.00000000,0.00000000,0.00000000,0.00000000,0.00000000,0.00000000,0.00000000,0.00000000,0.00000000,0.00000000,0.00000000,0.00000000,0.00000000,0.00413461,0.00000000,0.00710575,0.00000000,0.00000000,0.00000000,0.32715797,0.00000000,0.00000000,0.00000000,4.46144866,0.00657951,0.00420496,0.00000000,0.00000000,0.00000000,0.00000000,0.00000000,0.00000000,0.00000000,0.00000000,0.00000000,0.00441368,0.00000000,0.00000000,0.00000000,0.00000000,0.00000000,0.00000000,0.00000000,0.00616284,0.00000000,0.00000000,0.00000000,0.00000000,0.00000000,0.00000000,0.00000000,0.00000000,0.00000000,0.00000000,0.00000000,0.00000000,0.00000000,0.00000000,0.00000000,0.00279617,0.00000000,0.00000000,0.00000000,0.00000000,0.00000000,0.00362240,0.00000000,0.00000000,0.00000000,0.00000000,0.00187723,0.00224929,0.00000000,0.00000000,0.00000000,0.00000000,0.00000000,0.00156260,0.00000000,0.00000000,0.00000000,0.00000000,0.00000000,0.00000000,0.00000000,0.00000000,0.06772758,0.00000000,0.00000000,0.00000000,0.00000000,0.00000000,0.00000000,0.00000000,0.00000000,0.00000000,0.00000000,0.00000000,0.00000000,0.00000000,0.00000000,0.00000000,0.00000000,0.00000000,0.00000000,0.00000000,0.04625129,0.00000000,0.00000000,0.00000000,0.00000000,0.01120620,0.00000000,0.00000000,0.00000000,0.00000000,0.01142074,0.00000000,0.00000000,0.00000000,0.00000000,0.00000000,0.00000000,0.00000000,0.00000000,0.00000000,0.00000000,0.00000000,0.00000000,0.02604708,0.00000000,0.00000000,0.00000000,0.00084133,0.00000000,0.00000000,0.00221412,0.00371875,0.00000000,0.00000000,0.00000000,0.00000000,0.00000000,0.00000000,0.00000000,0.00000000,0.00000000,0.00000000,0.00000000,0.00000000,0.00000000,0.00000000,0.00000000,0.00000000,0.00000000,0.00000000,0.00000000,0.00000000,0.00000000,0.00000000,0.00250238,0.00213041,0.00295892,0.00000000,0.00000000,0.00000000,0.00000000,0.02648600,0.00171756,0.00145986,0.01156332,0.00000000,0.00000000,0.00000000,0.00000000,0.00000000,0.00000000,0.00000000,0.00676060,0.00000000,0.00000000,0.00000000,0.00000000,0.00445900,0.00897418,0.00575046,0.00000000,0.00000000,0.00000000,0.01552381,0.00000000,0.00000000,0.00582025,0.00000000,0.00000000,0.00000000,0.00000000,0.00000000,0.00000000,0.00000000,0.00000000,0.00000000,0.00000000,0.00000000,0.00000000,0.00000000,0.00000000,0.00000000,0.00000000,0.00000000,0.00000000,0.00525524,0.00000000,0.00000000,0.00321445,0.00000000,0.02637485,0.00000000,0.00000000,0.00000000,0.00000000,0.00000000,0.00000000,0.00000000,0.00000000,0.00216623,0.00000000,0.00000000,0.00000000,0.00000000,0.00000000,0.00230388,0.00000000,0.00300689,0.00000000,0.00000000,0.00000000,0.00000000,0.00000000,0.00000000,0.00000000,0.00000000,0.00000000,0.00000000,0.00000000,0.00000000,0.00000000,0.00000000,0.00000000,0.00236955,0.00000000,0.00000000,0.00000000,0.00000000,0.00000000,0.00000000,0.00000000,0.00000000,0.00000000,0.00135069,0.00000000,0.00000000,0.00000000,0.00000000,0.00000000,0.00000000,0.00000000,0.00113820,0.00000000,0.00000000,0.00000000,0.08149784,0.00000000,0.00000000,0.00131847,0.00000000,0.00000000,0.72456140,0.00000000,0.00000000,0.23201924,0.00000000,0.00000000,0.00000000,0.00000000,0.00000000,0.00000000,0.02527050,0.00703868,0.00000000,0.01638836,0.00090823,0.00000000,0.00000000,0.04828674,0.00000000,0.00000000,0.00000000,0.00000000,0.00274433,0.00000000,0.00000000,0.00000000,0.00000000,0.00000000,0.00000000,0.00617397,0.00000000,0.00000000,0.00000000,0.00000000,0.00000000,0.00000000,0.00000000,0.03798293,0.00000000,0.00000000,0.00000000,0.00000000,0.00000000,0.00000000,0.00000000,0.00000000,0.00000000,0.00000000,0.00000000,0.00000000,0.00000000,0.00329219,0.00000000,0.03849017,0.00000000,0.00000000,0.00000000,0.00000000,0.00000000,0.00000000,0.00061636,0.03801513,0.00000000,0.00000000,0.00000000,0.00000000,0.00000000,0.00000000,0.00000000,0.01936816,0.04343569,0.00000000,0.00234486,0.00000000,0.00000000,0.00000000,0.00000000,0.00000000,0.00000000,0.00459425,0.00000000,0.00000000,0.00000000,0.00654000,0.00000000,0.00000000,0.00000000,0.00000000,0.00000000,0.00000000,0.00000000,0.00000000,0.00000000,0.00000000,0.03079611,0.00000000,0.00000000,0.00000000,0.00000000,0.00000000,0.00000000,0.00000000,0.02531722,0.00000000,0.00000000,0.00000000,0.00000000,0.00000000,0.00000000,0.00000000,0.00000000,0.00000000,0.00000000,0.00000000,0.00000000,0.00000000,0.00000000,0.00000000,0.00000000,0.00000000,0.00000000,0.00000000,0.00000000,0.00000000,0.00000000,0.00000000,0.00000000,0.00000000,0.00000000
0.01426346,0.00000000,0.01938819,0.00000000,0.00000000,0.00000000,0.00000000,0.00000000,0.02355530,0.00000000,0.00000000,0.00000000,0.00000000,0.00000000,0.00000000,0.00000000,0.00000000,0.00321417,0.00000000,0.00152481,0.00000000,0.00000000,0.00000000,0.00000000,0.00000000,0.01145174,0.00000000,0.00000000,0.00000000,0.00000000,0.00000000,0.00000000,0.00000000,0.00000000,0.00000000,0.00000000,0.00000000,0.00000000,0.00000000,0.00000000,0.00249563,0.00000000,0.00000000,0.00000000,0.00000000,0.00000000,0.00000000,0.00000000,0.00000000,0.00000000,0.00000000,0.00000000,0.00000000,0.05728294,0.00000000,0.00000000,0.00000000,0.00000000,0.00000000,0.00000000,0.00000000,0.00000000,0.00000000,0.00000000,0.00000000,0.00000000,0.00000000,0.00000000,0.00000000,0.00000000,0.00000000,0.00000000,0.00000000,0.00000000,0.00000000,0.00000000,0.00000000,0.00000000,0.00000000,0.00000000,0.00555015,0.00000000,0.00000000,0.00000000,0.00000000,0.00000000,0.03146235,0.06774003,0.00000000,0.00000000,0.00000000,0.00000000,0.00000000,0.00000000,0.00000000,0.00000000,0.00000000,0.03149048,0.00000000,0.00000000,0.00000000,0.00000000,0.00000000,0.00000000,0.01089870,0.00000000,0.00000000,0.01198851,0.01008053,0.00000000,0.00000000,0.00519972,0.00000000,0.00000000,0.00000000,0.00000000,0.00000000,0.00000000,0.00000000,0.00000000,0.00000000,0.00000000,0.00000000,0.00000000,0.00000000,0.00000000,0.00000000,0.00000000,0.00000000,0.00000000,0.00000000,0.00000000,0.00000000,0.00000000,0.00000000,0.02930474,0.00000000,0.00000000,0.00360355,0.00000000,0.00000000,0.00000000,0.00000000,0.01779727,0.14985267,0.00000000,0.00000000,0.00000000,0.00000000,0.00000000,0.00000000,0.00000000,0.00000000,0.00000000,0.02222924,0.00000000,0.11010522,0.00000000,0.00000000,0.00000000,0.00000000,0.00000000,0.00000000,0.00000000,0.00000000,0.00520663,0.00000000,0.00000000,0.00000000,0.00000000,0.00000000,0.00000000,0.00068747,0.00629355,0.00000000,0.10144285,0.00000000,0.00000000,0.00000000,0.00000000,0.01250526,0.00000000,0.00000000,0.00000000,0.00000000,0.00000000,0.00000000,0.00000000,0.00000000,0.00000000,0.00000000,0.00000000,0.00000000,0.00000000,0.00000000,0.00000000,0.00708725,0.00000000,0.00000000,0.00000000,0.00000000,0.00000000,0.00000000,0.00000000,0.00000000,0.00000000,0.00000000,0.00000000,0.00610353,0.00000000,0.00000000,0.00000000,0.00000000,0.00443109,0.00000000,0.00000000,0.00000000,0.00000000,0.00000000,0.00000000,0.00000000,0.00000000,0.00000000,0.00000000,0.00000000,0.00000000,0.00852243,0.00000000,0.00000000,0.00000000,0.00000000,0.00000000,0.00482291,0.00000000,0.08215383,0.00000000,0.00000000,0.00000000,0.00000000,0.00000000,0.00000000,0.00000000,0.00000000,0.00000000,0.00000000,0.00147787,0.00000000,0.00000000,0.00000000,0.00000000,0.00000000,0.00000000,0.01279609,0.00000000,0.01183623,0.00000000,0.00000000,0.00000000,0.00000000,0.00000000,0.00000000,0.00000000,0.00000000,0.01760526,0.00000000,0.00000000,0.00000000,0.00000000,0.00000000,0.00000000,0.00000000,0.00000000,0.21043817,0.00000000,0.00000000,0.00000000,0.00000000,1.49954817,0.00000000,0.00000000,0.00000000,0.00000000,0.00000000,0.00000000,0.02229460,0.00000000,0.00000000,0.00000000,0.00000000,0.00000000,0.00000000,0.00000000,0.00129035,0.00000000,0.00000000,0.00000000,0.00000000,0.00000000,0.00000000,0.00000000,0.00248490,0.00000000,0.00000000,0.00000000,0.00000000,0.00000000,0.00000000,0.00000000,0.00000000,0.00000000,0.00000000,0.11770857,0.00000000,0.00000000,0.00000000,0.03435069,0.00000000,0.00000000,0.00000000,0.00000000,0.00000000,0.00000000,0.04313285,0.00000000,0.00000000,0.00000000,0.00000000,0.00395423,0.00000000,0.00000000,0.04172297,0.00000000,0.00000000,0.00000000,0.00000000,0.00000000,0.00000000,0.00000000,0.00000000,0.00000000,0.00000000,0.00000000,0.00000000,0.00000000,0.00000000,0.00000000,0.00000000,0.00000000,0.00000000,0.00000000,0.00000000,0.00000000,0.00000000,0.00000000,0.00000000,0.01215988,0.00000000,0.00000000,0.00000000,0.00000000,0.00000000,0.00000000,0.00000000,0.00000000,0.00000000,0.00331555,0.00000000,0.00000000,0.00000000,0.00000000,0.00095478,0.00000000,0.00145190,0.00000000,0.00283290,0.00000000,0.00000000,0.00000000,0.00000000,0.00000000,0.00000000,0.00000000,0.00000000,0.00000000,0.00000000,0.00000000,0.00000000,0.00425100,0.00000000,0.00000000,0.00082005,0.01256123,0.00000000,0.00000000,0.00000000,0.00000000,0.00000000,0.00000000,0.00000000,0.00000000,0.00000000,0.00000000,0.02684085,0.00410711,0.00000000,0.16275093,0.00000000,0.00179840,0.00658819,0.00000000,0.00571185,0.00378856,0.00000000,0.00000000,0.00000000,0.00000000,0.00000000,0.00000000,0.00000000,0.00000000,0.00000000,0.00000000,0.00000000,0.16356608,0.02601369,0.00000000,0.00000000,0.00000000,0.00000000,0.00000000,0.00000000,0.00000000,0.00293325,0.00000000,0.00629056,0.00000000,0.00000000,0.00000000,0.00000000,0.00000000,0.00000000,0.00000000,0.00000000,0.00000000,0.00000000,0.00000000,0.00000000,0.00000000,0.00000000,0.00164797,0.00000000,0.00000000,0.00000000,0.00000000,0.00000000,0.00000000,0.01280947,0.00000000,0.00000000,0.00000000,0.00000000,0.32367917,0.00000000,0.00406203,0.00000000,0.00182575,0.00000000,0.00000000,0.00000000,0.00000000,0.00000000,0.00000000,0.00000000,0.00000000,0.00000000,0.00000000,0.00000000,0.00000000,0.00000000,0.00000000,0.00000000,0.00000000,0.00000000,0.00000000,0.00000000,0.00000000,0.00000000,0.00000000,0.00000000,0.00000000,0.00000000,0.00000000,0.00976678,0.00000000,0.00000000,0.00000000,0.00000000,0.00000000,0.00000000,0.00000000,0.00000000,0.00000000,0.00000000,0.00000000,0.00000000,0.00000000,0.00573610,0.00000000,0.00000000,0.00000000,0.00000000,0.00000000,0.00000000,0.00000000,0.00000000,0.00000000,0.00000000,0.00000000,0.00000000,0.00000000,0.00164029,0.00000000,0.00000000,0.00000000,0.00000000,0.00000000,0.05630061,0.00000000,0.00000000,0.00000000,0.00390837,0.00000000,0.00000000,0.00000000,0.00000000,0.00000000,0.00000000,0.00416516,0.00211824,0.00000000,0.00000000,0.00000000,0.00000000,0.00000000,0.00000000,0.00000000,0.00000000,0.00000000,0.00000000,0.00000000,0.00000000,0.13638635,0.00170780,0.00000000,0.00000000,0.00000000,0.00000000,0.00000000,0.00848597,0.02073709,0.00000000,0.00000000,0.00000000,0.00000000,0.00000000,0.00000000,0.00000000,0.00604600,0.00000000,0.00000000,0.00662680,0.00000000,0.00000000,0.00310872,0.00000000,0.00000000,0.00000000,0.00000000,0.00000000,0.00000000,0.00000000,0.00000000,0.00000000,0.00000000,0.06042356,0.00000000,0.00000000,0.00000000,0.00000000,0.01765095,0.00000000,0.00000000,0.00000000,0.00000000,0.00000000,0.00000000,0.00087826,0.00000000,0.00000000,0.00000000,0.00000000,0.00000000,0.89460095,0.00000000,0.00000000,0.00000000,0.00000000,0.04377993,0.00000000,0.00000000,0.03091608,0.00000000,0.00000000,0.00000000,0.00000000,0.00000000,0.00000000,0.00000000,0.00000000,0.00000000,0.01129605,0.00000000,0.00000000,0.00000000,0.00000000,0.01371998,0.00000000,0.00000000,0.00000000,0.00200611,0.00000000,0.00000000,0.04677801,0.00000000,0.00000000,0.00000000,0.03856203,0.00000000,0.00000000,0.00000000,0.00000000,0.00000000,0.00152802,0.00000000,0.00000000,0.00000000,0.00000000,0.00000000,0.00000000,0.00000000,0.00000000,0.00000000,0.00000000,0.00000000,0.02947743,0.00000000,0.00000000,0.00000000,0.00433729,0.00000000,0.00000000,0.00000000,0.00000000,0.42042471,0.00000000,0.00000000,0.00000000,0.00000000,0.00000000,0.00000000,0.00000000,0.00000000,0.00000000,0.00000000,0.00000000,0.00777607,0.00000000,0.00000000,0.00000000,0.00000000,0.00000000,0.00000000,0.00000000,0.00000000,0.00000000,0.00000000,0.00000000,0.00000000,0.00000000,0.00000000,0.00000000,0.00000000,0.00000000,0.00000000,0.00000000,0.00000000,0.00000000,0.00000000,0.00000000,0.00000000,0.00000000,0.00000000,0.00000000,0.00000000,0.00000000,0.00000000,0.00000000,0.00000000,0.00000000,0.00000000,0.00000000,0.00000000,0.00000000,0.00000000,0.00000000,0.00000000,0.00000000,0.00000000,0.00000000,0.00000000,0.00000000,0.00000000,0.01505393,0.01717156,0.00000000,0.01103301,0.00000000,0.00000000,0.00000000,0.00000000,0.00000000,0.00000000,0.00000000,0.00000000,0.00000000,0.00000000,0.00000000,0.00000000,0.00000000,0.00000000,0.10661754,0.00000000,0.00000000,0.00000000,0.00000000,0.00817642,0.04350509,0.00000000,0.00000000,0.00000000,0.00000000,0.00756717,0.00000000,0.26265158,0.00000000,0.00000000,0.00000000,0.00000000,0.00897125,0.00000000,0.00000000,0.00000000,0.00384739,0.00000000,0.00000000,0.00000000,0.00000000,0.00000000,0.01916859,0.00000000,0.00000000,0.00000000,0.00000000,0.00000000,0.00000000,0.00000000,0.00000000,0.00000000,0.00000000,0.00688648,0.00000000,0.00000000,0.00000000,0.00000000,0.00000000,0.00000000,0.00000000,0.00000000,0.00000000,0.00328605,0.00000000,0.00000000,0.00000000,0.00000000,0.00000000,0.00000000,0.00000000,0.00000000,0.00000000,0.00000000
0.00000000,0.00000000,0.00000000,0.00000000,0.00000000,0.00000000,0.00000000,0.00000000,0.00000000,0.00000000,0.00000000,0.00000000,0.00234818,0.00000000,0.00000000,0.00000000,0.00000000,0.00000000,0.00000000,0.00000000,0.00000000,0.00000000,1.62399343,0.00409680,0.00000000,0.00805141,0.00000000,0.00000000,0.00000000,0.00000000,0.00000000,0.00000000,0.00000000,0.00178623,0.00000000,0.00000000,0.00000000,0.00000000,0.00000000,0.00000000,0.00000000,0.00000000,0.00000000,0.00000000,0.00000000,0.00000000,0.00000000,0.00000000,0.01308001,0.07982688,0.00000000,0.00000000,0.00000000,0.00000000,0.00000000,0.00000000,0.00000000,0.00000000,0.00000000,0.00000000,0.00000000,0.00000000,0.03768422,0.00272603,0.00000000,0.00000000,0.00000000,0.00633652,0.00000000,0.00000000,0.00000000,0.00000000,0.00000000,0.00000000,0.00000000,0.03419713,0.00000000,0.00000000,0.00000000,0.00000000,0.00000000,0.00000000,0.06203497,0.00000000,0.00000000,0.03496168,0.00000000,0.00000000,0.00000000,0.00000000,0.00212300,0.00000000,0.00000000,0.00000000,0.00000000,0.00000000,0.00938112,0.00000000,0.00000000,0.00000000,0.00000000,0.00000000,0.00519233,0.00285287,0.00000000,0.00288809,0.00706596,0.00000000,0.00000000,0.00000000,0.00000000,0.00000000,0.00181279,0.00000000,0.00000000,0.00000000,0.00000000,0.00000000,0.00000000,0.00000000,0.00000000,0.00073994,0.00000000,0.00180458,0.02032241,0.00000000,0.00000000,0.00000000,0.00000000,0.00000000,0.00000000,0.00000000,0.00000000,0.00000000,0.00000000,0.00000000,0.00000000,0.00000000,0.00000000,0.03060742,0.00000000,0.00000000,0.00000000,0.00000000,0.00000000,0.00000000,0.00000000,0.00000000,0.00000000,0.00000000,0.00000000,0.00000000,0.00000000,0.00000000,0.00000000,0.01488549,0.00000000,0.00000000,0.00000000,0.00000000,0.46579016,0.00000000,0.00000000,0.00000000,0.00000000,0.00000000,0.00000000,0.00000000,0.00504285,0.00000000,0.00000000,0.00000000,0.00000000,0.00000000,0.00000000,0.00000000,0.00000000,0.00000000,0.00000000,0.00000000,0.00000000,0.00000000,0.00000000,0.00000000,0.00000000,0.00000000,0.00000000,0.00000000,0.00000000,0.00000000,0.00645346,0.00000000,0.00000000,0.00722931,0.00000000,0.00000000,0.00000000,0.00000000,0.00000000,0.00000000,0.00000000,0.00000000,0.00000000,0.00000000,0.00000000,0.00000000,0.00000000,0.00000000,0.00000000,0.00000000,0.00000000,0.00000000,0.00000000,0.00000000,0.00000000,0.00000000,0.03455146,0.00000000,0.00000000,0.00000000,0.00000000,0.00000000,0.00000000,0.00000000,0.00000000,0.00000000,0.00000000,0.00000000,0.00000000,0.00456477,0.00000000,0.00000000,0.00000000,0.00000000,0.00000000,0.00000000,0.00000000,0.00000000,0.00000000,0.00000000,0.00000000,0.00000000,0.00000000,0.05924401,0.00000000,0.00000000,0.00000000,0.00000000,0.00000000,0.00000000,0.00000000,0.00000000,0.00000000,0.00000000,0.00000000,0.00000000,0.03713168,0.00000000,0.00000000,0.00000000,0.01357205,0.00000000,0.00000000,0.00000000,0.00000000,0.00000000,0.00000000,0.00000000,0.00000000,0.00000000,0.00000000,0.00000000,0.00000000,0.00000000,0.00000000,0.00000000,0.00000000,0.00000000,0.00000000,0.00000000,0.00000000,0.00000000,0.00000000,0.00000000,0.00000000,0.00000000,0.00000000,0.00000000,0.00000000,0.00000000,0.00000000,0.00000000,0.00000000,0.00000000,0.00000000,0.00000000,0.00000000,0.00000000,0.00000000,0.00448325,0.00000000,0.00000000,0.00000000,0.00000000,0.00000000,0.00000000,0.00000000,0.00431059,0.00000000,0.00000000,0.00000000,0.00000000,0.00000000,0.00000000,0.00000000,0.00000000,0.00000000,0.00000000,0.00450222,0.00000000,0.00000000,0.00000000,0.00000000,0.00000000,0.00451207,0.00000000,0.00000000,0.00000000,0.00000000,0.00000000,0.00000000,0.00000000,0.00601447,0.00000000,0.00000000,0.00000000,0.00000000,0.00000000,0.00000000,0.00000000,0.00000000,0.00000000,0.00000000,0.00000000,0.00000000,0.00000000,0.00000000,0.00000000,0.00000000,0.00000000,0.00000000,0.00000000,0.00000000,0.00000000,0.00000000,0.00000000,0.00000000,0.00000000,0.00000000,0.00000000,0.00000000,0.00000000,0.00000000,0.00000000,0.00000000,0.00000000,0.00000000,0.00000000,0.00000000,0.00000000,0.00000000,0.00000000,0.00369037,0.00000000,0.00000000,0.00000000,0.00000000,0.00000000,0.00000000,0.00000000,0.00000000,0.00000000,0.00217096,0.00434139,0.00000000,0.00000000,0.00000000,0.00000000,0.00000000,0.00674711,0.00097496,0.00000000,0.00000000,0.00000000,0.00000000,0.01780153,0.00000000,0.00000000,0.00000000,0.11303930,0.00000000,0.00000000,0.00000000,0.00000000,0.00000000,0.00000000,0.00000000,0.00000000,0.00000000,0.00628667,0.00000000,0.00000000,0.00000000,0.00000000,0.00000000,0.00000000,0.00000000,0.19092412,0.00000000,0.00000000,0.00000000,0.00000000,0.00000000,0.00000000,0.00000000,0.00424306,0.00000000,0.00000000,0.03322496,0.00000000,0.00000000,0.00000000,0.00000000,0.00000000,0.00000000,0.00000000,0.00000000,0.00000000,0.00000000,0.02412729,0.00000000,0.00000000,0.11088775,0.00000000,0.07447200,0.00000000,0.00000000,0.00000000,0.00000000,0.00000000,0.00000000,0.00000000,0.00000000,0.00215842,0.00000000,0.00000000,0.00000000,0.00000000,0.00000000,0.00000000,0.00000000,0.00254068,0.13479019,0.00000000,0.58555986,0.00813643,0.00000000,0.00000000,0.00000000,0.00000000,0.00000000,0.00000000,0.00000000,0.00000000,0.00000000,0.00000000,0.00000000,0.00000000,0.00000000,0.00167033,0.13600942,0.00000000,0.00000000,0.00000000,0.00000000,0.00000000,0.00000000,0.00000000,0.00000000,0.03706674,0.00000000,0.00000000,0.00000000,0.00000000,0.00000000,0.00362514,0.00000000,0.00000000,0.05610473,0.00000000,0.00000000,0.00000000,0.00536776,0.00000000,0.00000000,0.00000000,0.00000000,0.00000000,0.00000000,0.00000000,0.00000000,0.00000000,0.00000000,0.00000000,0.00000000,0.00155966,0.00000000,0.00000000,0.00000000,0.02720042,0.00000000,0.00000000,0.00000000,0.00000000,0.00000000,0.07674336,0.00000000,0.00000000,0.00000000,0.00000000,0.00000000,0.00000000,0.00000000,0.00000000,0.00000000,0.00000000,0.00000000,0.00738496,0.00000000,0.00000000,0.00000000,0.00000000,0.00000000,0.00000000,0.00000000,0.00000000,0.00000000,0.00000000,0.00000000,0.00000000,0.00000000,0.00000000,0.00421453,0.00000000,0.00000000,0.00000000,0.00000000,0.00000000,0.00000000,0.00000000,0.00000000,0.00000000,0.00277753,0.00000000,0.00000000,0.00000000,0.00000000,0.00000000,0.00000000,0.03644748,0.00000000,0.00260114,0.00000000,0.00000000,0.00000000,0.00000000,0.00000000,0.03903351,0.02873620,0.00000000,0.09127605,0.00000000,0.00000000,0.00000000,0.00000000,0.00000000,0.00000000,0.00081905,0.00000000,0.00000000,0.00000000,0.24817869,0.00000000,0.00967274,0.00000000,0.00000000,0.02091617,0.00000000,0.08369899,0.05057053,0.00000000,1.62558002,0.00000000,0.00000000,0.00000000,0.01119404,0.00000000,0.00000000,0.00000000,0.00000000,0.00000000,0.00000000,0.00000000,0.00000000,0.00000000,0.00000000,0.01110119,0.00000000,0.00000000,0.00000000,0.00154410,0.00000000,0.00000000,0.00000000,0.00000000,0.00000000,0.00000000,0.00000000,0.00000000,0.00000000,0.00000000,0.00000000,0.00000000,0.00000000,0.00550137,0.00000000,0.00000000,0.00663775,0.00000000,0.00000000,0.00000000,0.00000000,0.00000000,0.00000000,0.00408968,0.00000000,0.00000000,0.00000000,0.00000000,0.00539594,0.00000000,0.00000000,0.00247546,0.00000000,0.00000000,0.00000000,0.00000000,0.00000000,0.00000000,0.00800876,0.00000000,0.00000000,0.00000000,0.00000000,0.00502119,0.00000000,0.00000000,0.00000000,0.00000000,0.00000000,0.01869782,0.00000000,0.00000000,0.00000000,0.00000000,0.00000000,0.00000000,0.00000000,0.00000000,0.00000000,0.00000000,0.00000000,0.00000000,0.00000000,0.00000000,0.00000000,0.00544815,0.00000000,0.03056285,0.00284789,0.00000000,0.00000000,0.00000000,0.00000000,0.00000000,0.00000000,0.00000000,0.00000000,0.00000000,0.00000000,0.00000000,0.00693764,0.00000000,0.00000000,0.00000000,0.00000000,0.00000000,0.00000000,0.00000000,0.00000000,0.00352276,0.01182356,0.00000000,0.00000000,0.07360101,0.00751185,0.00000000,0.00000000,0.00000000,0.00000000,0.00000000,0.00000000,0.00000000,0.00000000,0.00000000,0.00000000,0.00000000,0.00372977,0.00000000,0.00000000,0.00000000,0.00000000,0.00000000,0.00000000,0.00000000,0.00000000,0.00000000,0.00000000,0.00687975,0.00000000,0.00000000,0.00000000,0.00000000,0.00073489,0.00000000,0.00000000,0.07602798,0.00000000,0.00000000,0.00156331,0.00000000,0.00000000,0.00000000,0.00000000,0.00000000,0.00000000,0.00000000,0.00000000,0.00000000,0.00000000,0.00000000,0.00000000,0.00000000,0.00000000,0.00000000,0.00978392,0.00000000,0.00000000,0.00000000,0.00000000,0.00226708,0.00000000,0.00000000,0.00000000,0.03103246,0.01189405,0.00000000,0.00000000,0.00000000,0.00000000,0.00000000,0.00000000,0.00000000,0.00000000,0.00000000,0.00000000,0.00000000,0.03775888,0.00162009,0.00000000,0.01163295,0.00000000,0.00000000,0.00000000,0.00000000,0.00000000,0.00000000,0.00000000,0.00000000,0.01140339
0.00000000,0.00000000,0.00000000,0.00000000,0.00000000,0.00000000,0.00000000,0.00752002,0.00000000,0.00135091,0.00000000,0.00000000,0.00000000,0.00000000,0.00499773,0.00000000,0.00000000,0.00000000,0.00000000,0.00000000,0.00000000,0.00000000,0.00000000,0.00000000,0.00454734,0.00000000,0.00310368,0.00000000,0.00000000,0.00304069,0.00000000,0.00000000,0.00000000,0.00000000,0.00000000,0.00000000,0.00000000,0.00000000,0.00377984,0.41411553,0.00218005,0.00000000,0.00000000,0.00000000,0.00000000,0.00000000,0.00000000,0.00000000,0.00000000,0.00000000,0.00859581,0.00000000,0.00000000,0.00000000,0.00000000,0.00000000,0.00000000,0.00000000,0.00000000,0.04184403,0.00000000,0.00000000,0.00000000,0.00411269,0.00000000,0.00000000,0.00000000,0.00289151,0.00000000,0.00000000,0.00000000,0.00000000,0.00000000,0.00000000,0.00000000,0.00000000,0.00000000,0.00000000,0.00000000,0.00000000,0.00000000,0.00000000,0.00000000,0.00639900,0.00000000,0.00000000,0.00000000,0.00000000,0.00000000,0.00000000,0.00476230,0.00000000,0.00000000,0.00000000,0.00000000,0.00000000,0.00000000,0.00000000,0.00000000,0.00000000,0.00000000,0.00000000,0.00148329,0.01777244,0.00000000,0.08248745,0.00000000,0.00000000,0.00000000,0.00000000,0.54773238,0.00000000,0.00000000,0.00000000,0.00000000,0.00000000,0.00000000,0.00000000,0.00000000,0.00000000,0.00000000,0.00000000,0.00000000,0.00000000,0.00000000,0.00000000,0.00000000,0.00000000,0.00000000,0.00000000,0.00000000,0.00000000,0.00000000,0.00000000,0.00000000,0.00000000,0.00000000,0.00000000,0.00000000,0.00000000,0.02308674,0.00000000,0.00000000,0.00000000,0.00000000,0.00000000,0.00000000,0.00852493,0.00000000,0.05645381,0.00000000,0.00000000,0.00000000,0.00000000,0.00000000,0.00000000,0.00000000,0.00000000,0.00000000,0.00000000,0.00000000,0.00000000,0.00000000,0.00000000,0.00000000,0.00000000,0.00000000,0.00000000,0.00951623,0.00000000,0.01339607,0.02743317,0.00000000,0.00064960,0.00000000,0.00000000,0.00000000,0.00000000,0.00000000,0.00000000,0.00000000,0.00000000,0.00000000,0.00000000,0.00000000,0.00000000,0.00000000,0.00000000,0.00186408,0.00000000,0.00616433,0.00000000,0.00000000,0.00000000,0.00000000,0.00000000,0.00000000,0.00000000,0.00757198,0.00000000,0.00000000,0.00000000,0.00000000,0.00492183,0.00000000,0.00000000,0.00000000,0.00000000,0.00000000,0.00439491,0.00000000,0.00000000,0.00000000,0.00000000,0.00426981,0.00000000,0.00000000,0.00000000,0.00000000,0.00000000,0.00000000,0.00000000,0.00000000,0.00000000,0.00000000,0.00000000,0.00174429,0.00000000,0.00000000,0.00000000,0.00000000,0.00000000,0.00000000,0.00000000,0.00000000,0.00000000,0.00000000,0.00000000,0.00000000,0.05615015,0.00000000,1.92075135,0.00158434,0.00000000,0.00000000,0.00000000,0.00000000,0.00000000,0.00000000,0.00000000,0.00000000,0.00000000,0.00000000,0.00000000,0.00000000,0.00000000,0.00000000,0.00000000,0.00000000,0.97203421,0.00000000,0.00000000,0.00000000,0.00000000,0.00000000,0.00000000,0.00831796,0.00000000,0.00000000,0.00000000,0.00000000,0.00000000,0.00000000,0.00000000,0.00000000,0.00000000,0.00000000,0.00000000,0.00000000,0.00000000,0.00766295,0.00000000,0.00000000,0.00000000,0.00000000,0.14560490,0.00000000,0.00000000,0.00000000,0.00000000,0.00000000,0.00000000,0.00000000,0.00156038,0.00000000,0.00000000,0.02632503,0.00153174,0.00000000,0.00000000,0.00000000,0.00000000,0.00000000,0.00000000,0.00000000,0.00000000,0.00000000,0.00000000,0.00000000,0.00000000,0.00408887,0.00000000,0.00000000,0.00149533,0.00000000,0.00000000,0.00000000,0.00000000,0.00000000,0.00000000,0.00000000,0.00000000,0.00000000,0.00000000,0.00000000,0.00000000,0.00000000,0.00000000,0.00716689,0.00000000,0.00000000,0.00000000,0.00000000,0.00000000,0.00000000,0.00000000,0.00000000,0.00000000,0.00000000,0.00000000,0.00739299,0.00000000,0.00000000,0.00000000,0.35223509,0.00000000,0.00203938,0.00000000,0.00000000,0.00000000,0.00000000,0.00000000,0.00000000,0.00000000,0.00000000,0.00000000,0.00000000,0.00000000,0.00483881,0.00000000,0.00000000,0.00000000,0.00000000,0.00687216,0.00000000,0.00000000,0.00000000,0.00000000,0.00000000,0.00000000,0.00000000,0.00000000,0.00000000,0.00000000,0.00000000,0.00000000,0.00000000,0.00000000,0.00000000,0.00000000,0.00000000,0.00000000,0.00000000,0.00000000,0.00000000,0.00000000,0.02430428,0.00000000,0.00000000,0.00000000,0.00000000,0.00000000,0.00000000,0.00000000,0.00138009,0.00000000,0.00000000,0.00000000,0.00000000,0.00303424,0.00000000,0.00000000,0.19140737,0.42781593,0.00000000,0.00000000,0.00000000,0.00650132,0.00000000,0.00000000,0.00000000,0.00000000,0.00000000,0.00000000,0.00000000,0.00360465,0.00000000,0.00000000,0.00506680,0.00000000,0.39763558,0.00000000,0.00000000,0.00000000,0.00000000,0.00000000,0.00000000,0.01977517,0.00000000,0.00000000,0.00000000,0.00439080,0.00000000,0.00931913,0.00000000,0.00000000,0.00000000,0.00000000,0.00000000,0.00000000,0.00112752,0.00000000,0.00000000,0.00000000,0.00000000,0.00000000,0.00000000,0.00000000,0.00000000,0.00000000,0.00000000,0.00000000,0.00000000,0.00000000,0.00000000,0.00639144,0.00000000,0.00000000,0.00000000,0.00000000,0.00000000,0.00000000,0.00000000,0.00000000,0.00000000,0.00000000,0.00000000,0.00000000,0.00000000,0.00000000,0.00000000,0.00000000,0.00000000,0.00000000,0.00000000,0.00000000,0.00000000,0.00000000,0.01960124,0.01588332,0.00000000,0.00000000,0.00000000,0.00000000,0.00109778,0.00000000,0.00000000,0.00000000,0.00000000,0.00000000,0.00000000,0.00000000,0.00000000,0.00834683,0.00000000,0.00000000,0.00000000,0.00000000,0.00000000,0.00000000,0.00000000,0.00000000,0.00000000,0.00000000,0.00000000,0.00450437,0.00000000,0.00000000,0.00000000,0.00000000,0.00000000,0.00000000,0.00000000,0.00000000,0.00000000,0.00000000,0.00000000,0.00000000,0.02024989,0.00000000,0.00000000,0.00651887,0.00000000,0.00000000,0.00000000,0.00000000,0.00000000,0.00000000,0.00000000,0.00000000,0.00000000,0.01592988,0.08332175,0.00000000,0.00000000,0.00000000,0.00000000,0.13947222,0.00000000,0.00000000,0.00000000,0.00000000,0.00000000,0.00000000,0.00000000,0.04988928,0.00000000,0.00000000,0.00000000,0.00000000,0.00000000,0.00000000,0.00000000,0.00000000,0.00425365,0.00000000,0.00000000,0.00000000,0.00000000,0.00000000,0.00000000,0.00000000,0.00000000,0.00000000,0.00000000,0.00000000,0.00000000,0.00000000,0.00060939,0.00000000,0.00000000,0.00000000,0.00000000,0.00000000,0.00000000,0.00000000,0.00000000,0.00000000,0.00000000,0.00000000,0.00000000,0.00000000,0.00000000,0.01529396,0.00120737,0.00208611,0.01678320,0.00000000,0.00000000,0.00000000,0.00000000,0.00000000,0.00535055,0.00000000,0.00000000,0.00000000,0.00000000,0.00000000,0.00000000,0.00000000,1.73797409,0.00000000,0.00000000,0.00000000,0.00000000,0.00000000,1.62922078,0.00382105,0.00000000,0.00000000,0.00000000,0.01909018,0.00000000,0.00000000,0.00000000,0.00000000,0.00000000,0.00000000,0.00000000,0.00000000,0.00000000,0.00358276,0.00000000,0.00000000,0.00000000,0.00000000,0.00000000,0.00000000,0.00000000,0.00000000,0.01588660,0.00000000,0.00000000,0.00000000,0.01244490,0.00000000,0.00000000,0.00000000,0.00000000,0.00000000,0.00000000,0.00000000,0.00000000,0.00000000,0.00000000,0.00000000,0.00000000,0.00730586,0.00000000,0.00000000,0.00099332,0.00000000,0.00000000,0.00000000,0.00000000,0.00000000,0.00000000,0.00000000,0.00000000,0.00000000,0.00000000,0.00000000,0.00000000,0.00000000,0.17262588,0.00000000,0.00000000,0.00000000,0.02445997,0.00000000,0.00000000,0.00000000,0.00000000,0.00000000,0.00000000,0.00000000,0.00000000,0.00000000,0.00000000,0.00000000,0.00000000,0.00000000,0.00000000,0.00000000,0.00000000,0.00000000,0.00000000,0.00000000,0.00000000,0.00000000,0.00000000,0.29127342,0.00536236,0.00000000,0.00000000,0.00000000,0.00000000,0.00000000,0.00000000,0.00000000,0.00000000,0.00000000,0.00000000,0.00000000,0.26967008,0.00000000,0.00000000,0.00000000,0.00000000,0.00000000,0.00000000,0.00000000,0.00000000,0.00000000,0.00000000,0.00000000,0.00782492,0.00000000,0.00000000,0.00000000,0.00000000,0.02284748,0.00074092,0.00000000,0.00636469,0.00000000,0.00000000,0.00000000,0.00000000,0.00000000,0.02913515,0.00000000,0.00000000,0.00000000,0.00000000,0.00000000,0.00000000,0.00000000,0.00000000,0.00000000,0.00000000,0.00000000,0.19955795,0.00000000,0.00000000,0.00000000,0.00000000,0.00000000,0.00000000,0.00000000,0.00000000,0.00000000,0.00000000,0.00000000,0.00000000,0.00000000,0.00000000,0.00000000,0.00000000,0.00000000,0.00000000,0.00656896,0.01328579,0.00000000,0.00000000,0.00000000,0.00000000,0.00000000,0.00000000,0.00000000,0.00000000,0.00000000,0.00000000,0.00000000,0.00000000,0.00000000,0.00000000,0.00340697,0.00000000,0.00000000,0.00000000,1.21768437,0.00000000,0.05320607,0.00000000,0.00313081,0.18422102,0.00000000,0.00000000,0.00000000,0.00334634,0.00000000,0.00000000,0.00000000,0.12837443,0.00316332,1.66994510,0.00000000,0.00000000,0.00000000
0.00000000,0.00000000,0.00116453,0.00000000,0.00188874,0.00000000,0.00000000,0.00000000,0.00000000,0.00000000,0.00000000,0.00000000,0.00000000,0.00000000,0.00000000,0.00000000,0.00000000,0.00000000,0.00000000,0.00000000,0.00000000,0.01268887,0.00000000,0.00000000,0.00000000,0.00000000,0.00000000,0.00000000,0.00000000,0.00000000,0.00000000,0.00000000,0.00000000,0.11216600,0.00000000,0.00000000,0.00000000,0.00000000,0.00000000,0.00185052,0.00000000,0.00000000,0.01237717,0.00000000,0.00000000,0.00000000,0.00000000,0.00000000,0.00000000,0.00000000,0.00000000,0.00000000,0.00000000,0.00000000,0.01360951,0.00000000,0.00000000,0.00000000,0.00000000,0.01870175,0.00000000,0.00000000,0.00000000,0.00000000,0.00000000,0.00000000,0.00000000,0.00000000,0.00000000,0.00000000,0.00000000,0.00000000,0.00000000,0.00000000,0.00000000,0.00000000,0.00000000,0.01370149,0.00000000,0.00000000,0.00000000,0.00000000,0.00000000,0.00000000,0.00000000,0.00000000,0.00000000,0.00150358,0.00730574,0.00000000,0.00000000,0.00000000,0.00000000,0.00000000,0.00000000,0.00000000,0.00000000,0.00000000,0.00000000,0.00000000,0.00000000,0.00000000,0.00000000,0.00000000,0.00000000,0.00000000,0.00085112,0.00000000,0.00000000,0.00000000,0.00000000,0.00000000,0.00000000,0.00000000,0.00000000,0.00000000,0.12389215,0.00000000,2.55925083,0.02242797,0.00000000,0.00000000,0.00000000,0.00000000,0.00000000,0.00000000,0.00000000,0.00140372,0.00000000,0.00000000,0.00000000,0.00000000,0.00000000,0.00000000,0.00000000,0.00000000,0.00000000,0.00000000,0.00000000,0.00000000,0.00000000,0.00000000,0.00000000,0.00000000,0.00000000,0.01125596,0.00000000,0.00144812,0.00000000,0.00233835,0.00000000,0.00000000,0.00000000,0.00000000,0.00000000,0.00511762,0.00000000,0.00000000,0.00000000,0.00000000,0.00000000,0.01211566,0.00000000,0.00000000,0.00000000,0.00000000,0.01478933,0.26178146,0.00000000,0.00000000,0.00000000,0.00000000,0.00000000,0.00000000,0.00000000,0.00000000,0.00000000,0.00000000,0.00000000,0.00000000,0.00000000,0.00000000,0.03058265,0.00000000,0.00000000,0.00000000,0.00000000,0.00000000,0.00000000,0.00000000,0.00000000,0.00000000,0.00000000,0.00000000,0.03841536,0.00000000,0.00000000,0.20582778,0.00266119,0.00000000,0.00000000,0.00000000,0.00000000,0.00000000,0.00000000,0.00000000,0.00000000,0.00000000,0.00000000,0.00000000,0.00000000,0.00000000,0.00435088,0.00000000,0.00000000,0.00000000,0.00000000,0.00000000,0.00000000,0.00000000,0.00000000,0.00000000,0.00000000,0.00000000,0.00000000,0.00000000,0.00997013,0.00000000,0.00000000,0.00293902,0.00000000,0.00000000,0.00000000,0.00000000,0.00000000,0.00000000,0.00000000,0.00000000,0.00000000,0.00000000,0.00000000,0.00000000,0.00000000,0.00000000,0.00000000,0.00000000,0.00000000,0.00000000,0.00298150,0.00000000,0.00000000,0.00000000,0.00000000,0.00000000,0.00000000,0.00000000,0.00000000,0.00000000,0.00000000,0.00000000,0.00000000,0.00000000,0.00000000,0.00000000,0.00000000,0.00000000,0.00000000,0.00000000,0.00000000,0.00000000,0.00000000,0.00761293,0.00000000,0.06521727,0.01581602,0.00000000,0.00000000,0.00000000,0.00000000,0.00000000,0.00000000,0.00000000,0.00000000,0.00000000,0.00000000,0.00000000,0.00000000,0.00000000,0.00000000,0.00000000,0.00000000,0.00000000,0.00370010,0.02259932,0.00000000,0.00000000,0.00000000,0.00000000,0.00000000,0.00000000,0.00000000,0.00371014,0.00000000,0.00000000,0.05718792,0.00000000,0.00000000,0.00000000,0.00000000,0.00518928,0.00096891,0.00854733,0.00000000,0.00000000,0.00246935,0.00000000,0.00000000,0.00000000,0.00000000,0.00000000,0.00000000,0.00000000,0.00000000,0.00000000,0.00000000,0.00000000,0.00000000,0.00547939,0.00000000,0.00000000,0.00000000,0.03651094,0.00000000,0.01179380,0.00000000,0.00000000,0.00000000,0.00000000,0.00000000,0.00628636,0.00000000,0.00000000,0.00000000,0.00000000,0.01369890,0.00000000,0.00000000,0.00000000,0.00722134,0.00148115,0.00000000,0.00000000,0.00000000,0.00000000,0.00000000,0.00000000,0.00000000,0.00000000,0.00000000,0.00000000,0.00000000,0.00000000,0.00000000,0.00000000,0.00000000,0.00000000,0.11746598,0.00000000,0.00000000,0.00000000,0.05489223,0.00000000,0.00000000,0.00000000,0.00000000,0.00000000,0.00000000,0.00000000,0.00000000,0.00000000,0.00000000,0.00000000,0.00000000,0.00000000,0.00000000,0.00000000,0.00000000,0.00000000,0.00000000,0.00000000,0.00000000,0.00000000,0.00000000,0.00000000,0.00000000,0.00000000,0.00000000,0.00000000,1.10314545,0.00000000,0.00000000,0.00000000,0.00000000,0.00000000,0.00000000,0.00000000,0.00196195,0.00220476,0.00000000,0.00190323,0.00374631,0.00000000,0.00000000,0.00000000,0.00000000,0.00000000,0.00000000,0.00000000,0.00000000,0.00000000,0.00000000,0.00000000,0.01146713,0.00000000,0.00000000,0.00000000,0.00000000,0.00000000,0.00000000,0.00000000,0.00000000,0.00000000,0.00113421,0.00000000,0.00000000,0.00000000,0.00407570,0.00000000,0.00763050,0.00000000,0.00000000,0.00000000,0.00000000,0.00000000,0.00000000,0.00000000,0.00000000,0.00000000,0.00000000,0.00000000,0.00165104,0.00000000,0.00472740,0.00000000,0.00000000,0.00000000,0.00000000,0.00000000,0.00917345,0.00359499,0.00000000,0.00000000,0.00000000,0.00000000,0.00000000,0.00000000,0.00974182,0.00797344,0.00000000,0.00000000,0.00000000,0.00000000,0.00000000,0.00833489,0.00000000,0.00000000,0.00125193,0.00279336,0.00184494,0.00000000,0.00000000,0.00000000,0.00000000,0.00000000,0.00000000,0.00000000,0.00181475,0.00000000,0.00425780,0.00000000,0.00000000,0.00000000,0.00000000,0.00000000,0.00000000,0.00000000,0.00000000,0.00000000,0.00000000,0.00000000,0.00000000,0.00000000,0.00000000,0.00000000,0.00000000,0.00000000,0.00000000,0.00000000,0.00000000,0.00000000,0.00000000,0.00000000,0.00000000,0.00000000,0.00000000,0.00000000,0.00000000,0.00000000,0.00000000,0.00000000,0.00000000,0.00000000,0.00409581,0.00000000,0.00000000,0.00000000,0.00000000,0.00000000,0.00000000,0.00000000,0.00000000,0.00000000,0.00000000,0.00000000,0.00000000,0.00000000,0.00000000,0.01726082,0.00000000,0.00000000,0.00428339,0.00000000,0.00000000,0.00170640,0.00000000,0.00000000,0.00000000,0.00000000,0.00000000,0.00000000,0.00000000,0.00000000,0.00000000,0.00000000,0.00000000,0.00000000,0.00000000,0.00000000,0.00000000,0.00000000,0.00000000,0.00000000,0.00000000,0.00000000,0.00000000,0.00000000,0.00000000,0.00000000,0.00000000,0.00000000,0.00000000,0.00000000,0.10271011,0.00000000,0.00000000,0.00000000,0.00000000,0.00000000,0.00000000,0.01550375,0.00000000,0.00000000,0.00000000,0.00445035,0.00000000,0.00000000,0.00141631,0.00000000,0.00000000,0.00000000,0.00000000,0.03015616,1.70359870,0.00000000,0.00000000,0.00468590,0.00000000,0.00000000,0.00000000,0.00000000,0.00000000,0.00000000,0.00000000,0.00000000,0.00000000,0.00000000,0.00000000,0.00000000,0.00000000,0.00337305,0.00000000,0.00000000,0.06352888,0.00000000,0.00000000,0.00000000,0.00000000,0.00000000,0.00000000,0.00000000,0.00000000,0.00000000,0.00000000,0.00000000,0.00000000,0.00000000,0.00274181,0.00000000,0.00000000,0.00000000,0.00000000,0.00000000,0.00000000,0.00000000,0.00000000,0.00000000,0.00541257,0.00093783,0.00000000,0.00000000,0.00614079,0.00154919,0.00000000,0.00000000,0.00000000,0.00000000,0.00000000,0.02350216,0.00000000,0.00229828,0.00381319,0.00000000,0.00000000,0.00000000,0.00000000,0.00252923,0.00000000,0.00000000,0.00000000,0.00000000,0.00000000,0.00000000,0.00000000,0.00588819,0.00000000,0.00000000,0.00000000,0.00000000,0.00000000,0.00000000,0.00000000,0.00352254,0.00000000,0.28259900,0.00000000,0.00149308,0.00501645,0.00000000,0.00000000,0.00000000,0.00000000,0.00000000,0.00000000,0.00000000,0.00000000,0.00000000,0.00000000,0.00000000,0.00087269,0.00000000,0.00000000,0.08055250,0.00000000,0.00000000,0.00000000,0.00000000,0.00000000,0.00000000,0.00000000,0.00000000,0.00000000,0.00000000,0.00000000,0.00000000,0.00000000,0.00000000,0.00000000,0.00000000,0.00000000,0.00000000,0.00000000,0.00000000,0.00000000,0.00000000,0.00000000,0.00000000,0.00000000,0.00000000,0.00000000,0.04001503,0.00000000,0.00000000,0.00000000,0.14780677,0.00000000,0.00000000,0.00000000,0.00184773,0.00000000,0.00000000,0.00000000,0.00000000,0.00000000,0.00000000,0.00000000,0.00000000,0.00000000,0.00000000,0.00000000,0.00000000,0.00306681,0.00159652,0.00000000,0.00000000,0.00000000,0.00000000,0.00000000,0.00000000,0.00000000,0.00000000,0.00000000,0.07800430,0.00000000,0.00632890,0.00000000,0.00000000,0.00000000,0.00000000,0.00000000,0.00325098,0.00000000,0.00000000,0.00000000,0.00000000,0.00000000,0.00000000,0.00000000,0.00000000,0.00000000,0.00000000,0.01389423,0.00000000,0.00489642,0.01027248,0.00000000,0.00000000,0.00000000,0.00000000,0.00000000,0.00000000,0.45811198,0.00000000,0.00000000,0.00000000,0.00000000,0.00000000,0.00000000,0.00000000,0.00000000,0.00000000,0.00000000,0.00000000,0.00000000,0.00000000,0.00000000,0.00261723,0.00000000,0.00000000,0.00000000,0.00000000
0.00000000,0.18649169,0.01386110,0.00000000,0.00000000,0.00000000,0.00000000,0.00613409,0.00000000,0.00567396,0.00000000,0.00000000,0.00000000,0.00000000,0.00000000,0.00000000,0.00000000,0.00000000,0.02844272,0.00000000,0.00000000,0.00000000,0.00000000,0.00000000,0.00483172,0.00000000,0.00000000,0.00000000,0.00000000,0.00000000,0.00000000,0.00000000,0.00000000,0.00000000,0.00000000,0.00000000,0.00000000,0.00000000,0.00000000,0.00000000,0.00000000,0.00000000,0.00000000,0.00000000,0.00000000,0.00000000,0.00868508,0.05370103,0.00000000,0.00000000,0.00000000,0.00000000,0.00000000,0.00000000,0.00000000,0.00000000,0.00000000,0.00000000,0.00000000,0.00109706,0.07102664,0.00000000,0.00000000,0.00000000,0.00000000,0.00000000,0.00000000,0.00000000,0.00000000,0.00000000,0.00000000,0.00000000,0.00000000,0.00000000,0.00000000,0.00000000,0.00000000,0.00000000,0.00000000,0.04078216,0.00000000,0.00000000,0.00000000,0.00000000,0.00000000,0.00000000,0.00000000,0.00000000,0.00000000,0.00404700,0.00999783,0.00000000,0.00000000,0.00000000,0.00000000,0.00000000,0.00000000,0.00000000,0.00000000,0.00275657,0.00000000,0.00000000,0.02039540,0.00000000,0.00000000,0.00000000,0.00000000,0.00000000,0.00000000,0.00000000,0.00000000,0.00000000,0.00000000,0.01797833,0.00000000,0.00000000,0.00000000,0.00000000,0.00000000,0.00000000,0.02418404,0.00000000,0.00512199,0.00000000,0.00000000,0.00000000,0.00000000,0.00000000,0.00000000,0.01610297,0.00000000,0.00000000,0.00000000,0.00000000,0.00000000,0.00000000,0.00122166,0.00000000,0.00000000,0.00000000,0.00000000,0.00000000,0.00000000,0.00000000,0.00000000,0.00205500,0.00000000,0.00000000,0.00353728,0.00000000,0.00000000,0.02710925,0.00145043,0.00259227,0.00000000,0.00000000,0.22406315,0.00000000,0.00000000,0.00000000,0.00000000,0.07606222,0.00000000,0.00000000,0.00000000,0.00000000,0.00000000,0.00000000,0.00000000,0.00058600,0.00000000,0.00000000,0.00000000,0.00000000,0.00000000,0.00000000,0.00000000,0.00196986,0.01250961,0.00000000,0.00000000,0.00000000,0.00000000,0.00000000,0.00000000,0.00000000,0.00000000,0.00000000,0.00000000,0.01704248,0.00000000,0.00000000,0.00000000,0.00000000,0.00000000,0.00000000,0.00000000,0.00272263,0.00000000,0.00000000,0.00000000,0.00000000,0.00000000,0.00000000,0.00000000,0.00000000,0.00000000,0.00000000,0.00000000,0.00000000,0.00000000,0.00000000,0.01930526,0.00000000,0.00000000,0.01629296,0.00000000,0.00000000,0.00000000,0.00000000,0.00000000,0.00000000,0.00000000,0.00000000,0.01192663,0.00000000,0.00000000,0.00000000,0.00000000,0.00000000,0.00000000,0.00269192,0.00000000,0.00000000,0.00000000,0.00000000,0.00000000,0.00000000,0.00000000,0.00165213,0.00000000,0.00000000,0.00000000,0.00000000,0.00000000,0.00000000,0.00000000,0.00000000,0.00000000,0.00000000,0.00000000,0.00000000,0.00924039,0.00285969,0.00000000,0.00000000,0.00000000,0.00000000,0.00000000,0.00000000,0.00849646,0.00000000,0.48672046,0.00000000,0.00000000,0.00000000,0.00000000,0.00000000,0.00332442,0.00000000,0.00000000,0.00000000,0.00000000,0.00000000,0.00000000,0.02684085,0.00000000,0.00000000,0.00000000,0.00000000,0.00000000,0.00000000,0.00000000,0.00000000,0.00000000,0.00000000,0.00000000,0.00000000,0.00000000,0.00000000,0.00000000,0.01067889,0.00000000,0.00000000,0.00000000,0.00000000,0.00000000,0.00000000,0.00000000,0.00000000,0.00000000,0.00167960,0.00000000,0.00000000,0.00000000,0.00000000,0.00000000,0.00000000,0.00000000,0.00000000,0.00000000,0.00000000,0.00000000,0.00000000,0.00000000,0.00421248,0.00000000,0.01377309,0.00000000,0.00000000,0.00000000,0.00000000,0.00000000,0.00000000,0.00000000,0.00000000,0.00000000,0.00000000,0.00000000,0.00000000,0.00000000,0.00000000,0.00000000,0.00000000,0.00000000,0.00000000,0.00000000,0.00000000,0.00000000,0.00000000,0.00000000,0.00000000,0.00000000,0.00000000,0.00000000,0.00000000,0.00000000,0.00000000,0.00000000,0.00000000,0.00000000,0.28271741,0.00000000,0.00000000,0.00000000,0.00000000,0.00000000,0.00000000,0.00000000,0.00658884,0.00000000,0.00000000,0.00000000,0.00000000,0.00000000,0.00500938,0.00000000,0.00000000,0.00000000,0.00000000,0.00000000,0.00766110,0.00000000,0.00000000,0.00000000,0.00000000,0.00429350,0.00000000,0.00000000,0.00184713,0.00288073,0.00000000,0.02530527,0.00000000,0.12837443,0.00000000,0.00000000,0.00000000,0.00000000,0.00000000,0.00000000,0.00000000,0.00000000,0.00000000,0.00518485,0.00000000,0.00000000,0.00000000,0.00000000,0.00000000,0.00000000,0.00682727,0.02358580,0.00000000,0.00000000,0.00000000,0.00000000,0.00000000,0.00000000,0.00000000,0.00092511,0.00000000,0.00000000,0.00000000,0.00000000,0.00000000,0.00000000,0.00000000,0.00000000,0.00000000,0.00000000,0.00000000,0.00000000,0.00000000,0.00000000,0.00000000,0.00000000,0.00000000,0.00000000,0.00000000,0.00000000,0.00000000,0.00189669,0.00000000,0.00000000,0.00000000,0.00084441,0.08117253,0.00000000,0.00000000,0.00000000,0.00000000,0.00000000,0.00000000,0.00426317,0.00000000,0.00000000,0.00000000,0.00000000,0.00000000,0.00000000,0.00000000,0.02615427,0.00000000,0.00000000,0.00000000,0.00000000,0.00000000,0.00000000,0.00000000,0.00000000,0.00000000,0.00000000,0.00000000,0.00000000,0.00000000,0.00000000,0.00000000,0.00000000,0.00000000,0.00000000,0.00000000,0.00000000,0.00000000,0.00000000,0.00000000,0.00000000,0.00000000,0.00000000,0.00000000,0.00000000,0.00000000,0.01007919,0.00000000,0.00000000,0.00000000,0.00000000,0.00000000,0.00000000,0.00000000,0.00000000,0.00000000,0.00000000,0.00000000,0.00000000,0.00000000,0.10186977,0.00000000,0.00000000,0.00000000,0.00000000,0.00000000,0.00000000,0.00000000,0.00000000,0.00000000,0.00000000,0.00000000,0.13001450,0.00000000,0.01851668,0.00000000,0.00000000,0.01531527,0.00000000,0.00000000,0.00000000,0.00000000,0.00229030,0.00000000,1.33851978,0.00000000,0.00000000,0.00000000,0.00000000,0.00000000,0.00000000,0.01935022,0.00000000,0.00000000,0.00000000,0.00000000,0.01422028,0.00000000,0.53674564,0.00000000,0.00000000,0.00000000,0.00174112,0.00212153,0.00000000,0.00000000,0.00000000,0.00000000,0.00000000,0.00000000,0.00000000,0.00000000,0.00000000,0.00000000,0.00000000,0.12767559,0.00000000,0.00000000,0.00000000,0.00000000,2.52354574,0.00000000,0.00097986,0.00000000,0.00000000,0.00000000,0.00000000,0.00000000,0.00000000,0.00000000,0.00000000,0.00000000,0.00000000,0.00000000,0.00000000,0.00000000,0.00000000,0.00471194,0.00000000,0.01490996,0.22471198,0.00000000,0.00000000,0.00000000,0.00000000,0.00000000,0.00000000,0.00000000,0.00000000,0.00000000,0.00000000,0.00000000,0.00000000,0.00000000,0.00000000,0.00000000,0.00000000,0.00303613,0.00000000,0.00000000,0.00000000,0.00000000,0.00000000,0.00000000,0.00000000,0.00334319,0.00000000,0.00000000,0.00000000,0.00000000,0.00000000,0.00000000,0.00000000,0.00000000,0.00000000,0.00000000,0.00000000,0.00000000,0.00000000,0.00453946,0.00000000,0.00181866,0.07719567,0.00000000,0.02680070,0.05379203,0.00000000,0.00000000,0.00000000,0.00000000,0.00000000,0.00000000,0.00000000,0.00000000,0.00000000,0.00000000,0.00000000,0.00000000,0.00000000,0.00000000,0.00000000,0.00000000,0.00000000,0.00000000,0.00000000,0.00000000,0.00268505,0.00000000,0.00000000,0.00000000,0.00000000,0.00000000,0.00000000,0.00000000,0.00000000,0.00000000,0.00000000,0.00000000,0.01336131,0.00000000,0.01057101,0.00000000,0.00161016,0.00000000,0.00000000,0.00000000,0.00000000,0.05331073,0.00000000,0.00000000,0.00000000,0.00000000,0.00000000,0.00000000,0.00000000,0.00000000,0.00000000,0.00000000,0.00000000,0.00000000,0.00000000,0.00000000,0.00000000,0.00000000,0.01301992,0.00000000,0.02207161,0.00000000,0.00000000,0.00000000,0.00000000,0.00000000,0.00246798,0.00000000,0.00000000,0.00000000,0.00000000,0.00000000,0.00000000,0.00000000,0.00000000,0.00000000,0.00000000,0.17575173,0.00000000,0.00000000,0.00000000,0.00000000,0.08372494,0.00000000,0.00000000,0.00000000,0.00000000,0.00000000,0.00000000,0.00000000,0.00000000,0.03208716,0.00000000,0.06158289,0.00134894,0.00000000,0.00000000,0.00000000,0.00000000,0.00000000,0.00722239,0.00000000,0.00000000,0.00000000,0.00000000,0.00000000,0.00000000,0.83661225,0.00000000,0.01031120,0.00000000,0.00000000,0.00000000,0.00000000,0.00000000,0.00000000,0.00000000,0.00000000,0.00000000,0.00000000,0.00000000,0.00000000,0.00000000,0.00000000,0.00465311,0.00000000,0.00000000,0.00000000,0.00000000,0.00000000,0.00000000,0.00000000,0.00000000,0.00000000,0.00000000,0.00000000,0.00000000,0.00000000,0.00000000,0.00889106,0.00000000,0.10043845,0.00000000,0.00000000,0.00000000,0.00000000,0.00000000,0.00000000,0.00000000,0.00000000,0.00000000,0.00000000,0.00000000,0.00000000,0.01132607,0.00000000,0.00000000,0.00000000,0.00000000,0.00000000,0.00000000,0.00000000,0.00000000,0.00000000,0.00285789,0.00000000,0.00000000,0.00000000,0.00000000,0.00000000,0.00497772,0.00309915,0.00000000,0.00888206,0.00000000,0.00000000,0.00000000,0.00000000
0.00000000,0.00000000,0.00000000,0.00000000,0.00000000,0.00000000,0.00000000,0.00000000,0.00000000,0.00000000,0.00000000,0.00000000,0.00000000,0.00000000,0.00000000,0.00000000,0.20169611,0.00000000,0.00124606,0.00000000,0.00000000,0.00000000,0.00385875,0.00000000,0.00000000,0.01650292,0.00000000,0.00000000,0.00000000,0.00000000,0.00000000,0.00000000,0.00000000,0.00000000,0.00000000,0.00000000,0.00000000,0.00000000,0.00000000,0.00000000,0.00000000,0.00521603,0.00000000,0.00000000,0.00000000,0.00000000,0.00000000,0.00000000,0.00000000,0.00000000,0.00000000,0.00000000,0.00000000,0.00000000,0.00854557,0.00000000,0.00900335,0.00000000,0.00000000,0.00000000,0.00000000,0.00000000,0.00000000,0.00000000,0.03959222,0.00000000,0.00000000,0.00000000,0.00000000,0.00000000,0.00000000,0.03419713,0.00000000,0.00000000,0.00000000,0.00000000,0.00000000,0.00000000,0.00076372,0.00000000,0.00000000,0.00000000,0.00135219,0.00233105,0.00000000,0.00000000,0.00000000,0.00000000,0.00000000,0.12774075,0.00000000,0.00000000,0.00000000,0.00000000,0.00151716,0.00000000,0.00000000,0.00000000,0.00000000,0.00000000,0.00000000,0.00000000,0.00000000,0.00000000,0.00000000,0.00000000,0.00000000,0.00000000,0.00000000,0.07946779,0.00000000,0.00000000,0.00000000,0.00000000,0.02562196,0.00000000,0.00000000,0.00000000,0.00000000,0.00000000,0.00000000,0.00000000,0.00266195,0.01013227,0.00000000,0.00000000,0.02447330,0.00000000,0.00000000,0.00000000,0.00000000,0.00000000,0.00000000,0.00000000,0.00000000,0.00000000,0.00000000,0.00000000,0.00000000,0.00000000,0.00000000,0.00000000,0.00000000,0.00000000,0.00748038,0.00000000,0.00000000,0.00000000,0.00000000,0.08089999,0.00000000,0.00000000,0.00000000,0.00496328,0.00000000,0.00000000,0.00000000,0.00934932,0.00000000,0.00000000,0.00000000,0.00000000,0.00000000,0.00000000,0.00000000,0.00000000,0.00000000,0.00101464,0.00000000,0.01639297,0.00000000,0.00000000,0.00000000,0.00000000,0.00000000,0.00000000,0.00981933,0.00000000,5.21276808,0.02093858,0.00000000,0.00000000,0.00000000,0.00000000,0.00000000,0.00000000,0.00000000,0.00000000,0.00000000,0.00000000,0.00000000,0.00000000,0.06738874,0.00000000,0.00000000,0.00960378,0.00000000,0.00000000,0.00000000,0.00000000,0.00000000,0.04727196,0.00000000,0.00000000,0.00000000,0.00000000,0.00000000,0.00000000,0.00000000,0.03354864,0.00000000,0.00000000,0.00000000,0.00000000,0.00000000,0.00000000,0.00000000,0.00000000,0.00000000,0.00895991,0.00000000,0.00000000,0.00967761,0.01358196,0.00000000,0.00000000,0.00000000,0.00000000,0.00000000,0.01919500,0.00000000,0.00000000,0.00000000,0.00000000,0.00000000,0.00000000,0.00000000,0.00000000,0.00000000,0.00000000,0.00000000,0.00000000,0.00000000,0.00000000,1.08790390,0.00707020,0.00000000,0.00000000,0.00000000,0.00000000,0.00359195,0.00000000,0.00000000,0.00000000,0.00000000,0.00000000,0.00000000,0.00000000,0.00000000,0.00000000,0.00000000,0.00000000,0.00000000,0.00000000,0.00000000,0.00000000,0.00000000,0.00000000,0.00000000,0.01269702,0.00000000,0.00000000,0.00000000,0.00000000,0.00000000,0.00000000,0.00000000,0.00000000,0.00000000,0.00000000,0.00000000,0.00130043,0.00000000,0.00000000,0.00000000,0.00000000,0.00000000,0.00000000,0.00000000,0.00000000,0.00000000,0.00000000,0.00000000,0.00000000,0.00000000,0.00000000,0.00000000,0.00000000,0.00000000,0.00000000,0.00000000,0.00000000,0.00000000,0.00000000,0.00000000,0.02099744,0.00000000,0.00000000,0.00000000,0.00000000,0.00000000,0.00000000,0.00000000,0.01516751,0.00000000,0.00000000,0.06068014,0.00000000,0.00000000,0.01173661,0.00000000,0.00000000,0.00000000,0.00000000,0.00000000,0.00000000,0.00000000,0.00000000,0.00000000,0.00128465,0.00000000,0.00838120,0.00000000,0.00000000,0.00000000,0.12277580,0.00000000,1.16791985,0.00000000,0.00000000,0.00000000,0.01533260,0.00000000,0.00000000,0.00000000,0.00000000,0.00000000,0.00000000,0.00000000,0.00000000,0.00000000,0.00000000,0.00000000,0.00000000,0.00000000,0.00000000,0.00000000,0.00000000,0.00538587,0.00000000,0.00000000,0.00000000,0.00000000,0.00000000,0.00000000,0.00000000,0.00000000,0.00000000,0.00000000,0.00000000,0.00000000,0.00000000,0.00000000,0.00000000,0.00000000,0.00000000,0.00000000,0.00000000,0.00000000,0.00323323,0.00000000,0.00620808,0.00000000,0.00285022,0.00000000,0.00000000,0.00000000,0.00000000,0.00084593,0.00000000,0.00000000,0.00275183,0.00083726,0.00000000,0.00000000,0.00000000,0.00000000,0.00000000,0.00336308,0.00000000,0.00000000,0.00000000,0.00338756,0.00000000,0.04648054,0.00208004,0.00000000,0.00000000,0.00000000,0.00000000,0.00000000,0.00000000,0.03841747,0.00671779,0.00000000,0.00000000,0.01165359,0.00000000,0.00000000,0.00000000,0.00000000,0.00000000,0.00000000,0.00000000,0.01089307,0.00000000,0.00000000,0.00000000,0.00000000,0.00385704,0.00000000,0.00000000,0.00000000,0.00000000,0.00000000,0.00000000,0.00000000,0.00000000,0.00000000,0.00000000,0.00000000,0.00000000,0.00000000,0.00000000,0.00000000,0.00274828,0.00000000,0.00000000,0.00000000,0.00000000,0.00103586,0.00000000,0.00000000,0.00000000,0.00000000,0.00000000,0.00000000,0.00000000,0.00000000,0.00000000,0.00000000,0.00000000,0.00258902,0.00000000,0.00272469,0.00000000,0.00000000,0.00000000,0.00000000,0.00000000,0.00000000,0.00000000,0.00000000,0.00000000,0.00000000,0.00317697,0.00000000,0.00000000,0.00000000,0.00000000,0.00000000,0.00000000,0.00000000,0.00000000,0.00000000,0.00000000,0.00000000,0.00000000,0.00000000,0.00000000,0.00000000,0.00000000,0.00000000,0.00000000,0.00000000,0.00000000,0.00000000,0.00000000,0.00000000,0.00000000,0.00414986,0.00000000,0.00000000,0.00000000,0.00000000,0.04836399,0.00000000,0.00000000,0.00000000,0.00000000,0.00000000,0.00000000,0.00000000,0.00000000,0.00000000,0.00000000,0.00000000,0.00000000,0.10262759,0.00000000,0.00000000,0.00000000,0.00000000,0.00000000,0.00000000,0.00000000,0.00000000,0.00102613,0.00000000,0.00000000,0.00000000,0.07933082,0.00000000,0.00000000,0.00000000,5.40309355,0.00000000,0.00000000,0.00000000,0.00000000,0.00000000,0.00000000,0.00000000,0.00000000,0.00000000,0.00000000,0.00000000,0.00000000,0.00000000,0.00082515,0.00000000,0.00000000,0.00000000,0.00000000,0.00000000,0.01141378,0.00000000,0.00000000,0.00000000,0.00000000,0.00000000,0.00000000,0.05438442,0.00000000,0.00000000,0.00000000,0.00000000,0.00000000,0.00000000,0.00000000,0.00000000,0.00000000,0.00473932,0.00000000,0.00000000,0.09705820,0.00000000,0.00000000,0.00000000,0.00000000,0.00000000,0.00000000,0.00000000,0.00460635,0.00000000,0.00000000,0.00000000,0.00000000,0.00256987,0.08439255,0.00000000,0.00000000,0.00000000,0.00288700,0.00000000,0.00000000,0.00000000,0.02273627,0.00000000,0.00000000,0.00000000,0.00000000,0.00000000,0.00000000,0.00000000,0.00000000,0.00000000,0.00000000,0.00000000,0.00000000,0.00000000,0.00000000,0.01769298,0.00000000,0.00000000,0.00000000,0.00000000,0.00000000,0.00626751,0.00000000,0.00000000,0.00000000,0.00000000,0.00000000,0.00000000,0.00968114,0.00187697,0.00000000,0.00000000,0.00000000,0.00000000,0.00000000,0.00000000,0.00000000,0.00000000,0.00000000,0.00488419,0.00000000,0.00000000,0.00000000,0.00058545,0.00000000,0.00000000,0.00000000,0.00000000,0.00000000,0.00000000,0.00000000,0.00000000,0.00000000,0.00000000,0.00000000,0.00000000,0.00000000,0.15473478,0.00000000,0.00000000,0.00000000,0.00000000,0.00204983,0.00000000,0.00000000,0.00000000,0.00680022,0.00000000,0.00000000,0.00000000,0.00000000,0.00368508,0.00000000,0.00000000,0.00304053,0.00000000,0.00000000,0.00000000,0.00000000,0.00000000,0.00000000,0.00000000,0.00000000,0.00000000,0.00000000,0.03828424,0.00000000,0.00000000,0.00000000,0.00000000,0.00000000,0.00000000,0.01370149,0.00000000,0.00000000,0.00000000,0.00000000,0.00183556,0.00000000,0.00294115,0.00000000,0.00000000,0.00000000,0.00000000,0.00000000,0.00000000,0.00000000,0.00000000,0.00000000,0.00000000,0.00000000,0.00000000,0.00000000,0.00096958,0.00000000,0.00000000,0.00000000,0.00418088,0.00000000,0.00000000,0.00000000,0.00000000,0.00067221,0.00000000,0.00000000,0.15104247,0.00000000,0.00000000,0.00000000,0.00000000,0.00000000,0.00000000,0.00390702,0.00000000,0.00056885,0.00000000,0.00000000,0.04003867,0.00000000,0.00000000,0.00000000,0.00000000,0.00000000,0.00000000,0.00000000,0.00000000,0.00000000,0.00000000,0.00000000,0.00000000,0.00000000,0.02826431,0.00000000,0.00000000,0.10034369,0.00000000,0.00000000,0.00000000,0.00000000,0.00000000,0.00000000,0.00000000,0.00000000,0.00000000,0.05719600,0.00000000,0.00000000,0.00000000,0.00000000,0.00000000,0.00999338,0.00000000,0.00000000,0.00000000,0.00000000,0.02815759,0.00000000,0.00000000,0.00000000,0.00000000,0.00000000,0.00000000,0.00000000,0.00000000,0.00000000,0.00000000,0.00000000,0.00000000,0.00000000,0.00000000,0.00000000,0.00000000,0.00000000,0.00000000,0.00000000,0.00000000,0.00000000,0.00000000,0.00000000,0.00000000,0.00000000,0.00000000,0.00000000
0.00000000,0.00000000,0.00000000,0.00000000,0.00000000,0.00000000,0.00000000,0.00000000,0.00000000,0.00000000,0.00000000,0.00000000,0.06631242,0.00000000,0.00000000,0.00000000,0.04091014,0.00000000,0.00000000,0.00000000,0.00000000,0.00000000,0.02650462,0.00000000,0.00000000,0.00000000,0.00000000,0.00000000,0.00374347,0.00000000,0.14442165,0.00000000,0.00000000,0.00000000,0.00000000,0.00000000,0.00000000,0.00000000,0.00000000,0.00000000,0.00000000,0.00000000,0.00000000,0.00000000,0.00000000,0.00000000,0.00934042,0.00000000,0.00000000,0.24348213,0.00000000,0.00000000,0.00000000,0.00000000,0.00000000,0.00000000,0.00000000,0.00000000,0.00000000,0.00000000,0.00000000,0.00000000,0.00462272,0.00000000,0.00000000,0.00000000,0.00000000,0.00000000,0.00000000,0.00000000,0.00000000,0.00000000,0.00000000,0.00000000,0.00000000,0.00000000,0.00000000,0.00000000,0.00175435,0.00000000,0.00000000,0.00000000,0.00000000,0.00000000,0.00000000,0.00000000,0.00000000,0.00000000,0.00000000,0.00000000,3.49251367,0.00000000,0.00000000,0.00636651,0.00000000,0.11915304,0.00158446,0.00331496,0.00000000,0.00000000,0.00000000,0.00000000,0.00000000,0.00771032,0.07837279,0.00000000,0.00000000,0.00000000,3.70171869,0.00000000,0.00000000,0.00000000,0.00000000,0.00000000,0.00000000,0.00000000,0.00000000,0.00000000,0.00000000,0.00000000,0.00000000,0.00000000,0.00000000,0.00000000,0.00000000,0.00000000,0.00000000,0.00179086,0.00000000,0.00000000,0.00000000,0.00000000,0.00000000,0.00000000,0.00000000,0.00000000,0.00000000,0.00000000,0.00000000,0.00000000,0.00000000,0.00000000,0.00689072,0.00000000,0.00000000,0.00000000,0.00000000,0.00000000,0.00000000,0.00000000,0.00000000,0.00000000,0.01570472,0.00000000,0.00103702,0.00000000,0.00000000,0.00000000,0.00000000,0.00592619,0.00197418,0.00000000,0.00215686,0.00000000,0.00000000,0.00000000,0.00000000,0.00000000,0.00000000,0.00431376,0.00000000,0.00000000,0.00000000,0.04004717,0.00000000,0.00000000,0.00000000,0.00000000,0.00000000,0.00000000,0.00000000,0.00000000,0.00000000,0.00000000,0.00000000,0.00000000,0.00000000,0.00000000,0.00185004,0.00000000,0.00000000,0.00000000,0.00000000,0.00000000,0.00000000,0.00000000,0.00000000,0.00000000,0.04661044,0.00000000,0.00000000,0.00000000,0.00000000,0.00000000,0.00000000,0.00000000,0.00000000,0.00000000,0.00571624,0.00000000,0.00000000,0.00000000,0.00000000,0.00000000,0.00148729,0.00000000,0.00000000,0.00000000,0.00000000,0.00000000,0.00000000,0.00329318,0.00000000,0.00000000,0.00000000,0.00000000,0.00000000,0.00000000,0.00000000,0.00322500,0.00000000,0.00000000,0.00000000,0.00000000,0.00000000,0.00000000,0.00000000,0.00711682,0.00000000,0.00000000,0.00000000,0.00000000,0.00000000,0.00000000,0.00000000,0.00573648,0.00580960,0.00000000,0.00000000,0.11936681,0.01588452,0.00496394,0.05297542,0.00906495,0.00000000,0.00000000,0.00000000,0.08015407,0.00347844,0.02298804,0.00000000,0.00000000,0.00000000,0.00000000,0.00628211,0.00386013,0.00000000,0.00000000,0.00000000,0.00000000,0.00000000,0.00000000,0.00110183,0.00000000,0.00000000,0.00000000,0.00000000,0.00000000,0.00000000,0.00000000,0.00000000,0.01126610,0.00000000,0.00460393,0.00000000,0.00000000,0.00000000,0.00000000,0.00000000,0.00000000,0.00000000,0.00000000,0.00000000,0.00000000,0.00000000,0.00000000,0.00000000,0.00000000,0.00000000,0.00000000,0.00000000,0.00000000,0.00000000,0.01749095,0.00000000,0.00000000,0.00000000,0.00000000,0.00000000,0.00000000,0.00000000,0.00000000,0.00000000,0.00588189,0.00000000,0.00000000,0.00000000,0.00000000,0.00000000,0.00000000,0.00000000,0.00000000,0.06106292,0.00000000,0.00000000,0.00000000,0.00000000,0.00000000,0.00000000,0.00266410,0.00000000,0.00000000,0.00288339,0.00000000,0.00000000,0.00000000,0.00082128,0.00000000,0.00000000,0.00000000,0.00000000,0.00000000,0.00000000,0.00000000,0.00000000,0.00000000,0.00000000,4.70143250,0.00000000,0.00000000,0.00000000,0.00214292,0.00000000,0.00000000,0.00000000,0.00000000,0.00000000,0.00000000,0.00376356,0.00000000,0.00000000,0.00000000,0.00000000,0.00000000,0.00000000,0.05267391,0.00000000,0.00000000,0.00000000,0.00000000,0.00000000,0.00000000,0.00000000,0.00000000,0.00000000,0.00000000,0.04324249,0.00000000,0.00000000,0.00000000,0.00000000,0.00737862,0.00000000,0.00000000,0.00000000,0.00000000,0.00000000,0.00471421,0.00000000,0.00000000,0.00000000,0.00000000,0.00000000,0.00000000,0.00000000,0.00000000,0.00000000,0.00000000,0.00000000,0.00000000,0.00000000,0.00000000,0.00000000,0.00000000,0.00000000,0.00000000,0.00000000,0.00000000,2.84322526,0.00000000,0.00000000,0.00000000,0.00000000,0.00286278,0.00000000,0.00000000,0.00000000,0.00000000,0.00000000,0.00000000,0.00000000,0.00000000,0.00000000,0.00000000,0.15287454,0.00000000,0.00000000,0.00000000,0.00000000,0.00000000,0.00000000,0.00000000,0.00000000,0.00000000,0.00000000,0.25116415,0.00000000,0.00000000,0.00000000,0.00000000,0.00298459,0.00000000,0.00000000,0.00000000,0.00000000,0.00000000,0.00000000,0.00000000,0.00000000,0.00000000,0.00000000,0.00000000,0.00000000,0.00296185,0.00000000,0.00000000,0.00000000,0.00000000,0.00000000,0.00000000,0.00000000,0.00000000,0.00000000,0.56112050,0.00000000,0.00000000,0.00000000,0.00000000,0.00000000,0.00000000,0.00000000,0.00000000,0.00000000,0.00000000,0.00000000,0.00000000,0.00000000,0.00000000,0.00000000,0.00000000,0.00000000,0.00000000,0.00000000,0.00000000,0.00000000,0.00000000,0.00000000,0.00000000,0.00000000,0.00766709,0.00496743,0.00000000,0.00000000,0.00000000,0.00000000,0.00000000,0.00000000,0.00000000,0.02824425,0.00000000,0.00000000,0.00495435,0.00000000,0.00000000,0.00000000,0.00766459,0.00000000,0.00000000,0.00000000,0.00000000,0.00000000,0.00000000,0.00000000,0.22245397,0.00000000,0.00000000,0.00000000,0.00000000,0.00000000,0.00000000,0.00000000,0.00000000,0.00000000,0.00000000,0.00000000,0.00000000,0.00300425,0.00000000,0.00000000,0.00000000,0.00000000,0.00171165,0.00000000,0.00000000,0.00000000,0.00000000,0.00000000,0.00000000,0.00000000,0.00000000,0.00000000,0.05375713,0.00000000,0.00000000,0.00000000,0.16854411,0.00000000,0.00000000,0.00000000,0.00000000,0.00000000,0.00000000,0.00262310,0.00000000,0.00000000,0.00000000,0.00000000,0.00000000,0.00000000,0.00000000,0.00000000,0.00254979,0.00000000,0.00000000,0.00000000,0.00000000,0.00000000,0.00000000,0.00000000,0.02503957,0.00000000,0.00518189,0.00000000,0.00000000,0.00000000,0.00226571,0.00000000,0.00000000,1.15277593,0.00000000,0.00000000,0.00000000,0.00000000,0.00000000,0.00000000,0.00000000,0.00000000,0.00000000,0.01117137,0.00000000,0.00000000,0.00000000,0.00000000,0.00000000,0.00000000,0.00000000,0.00000000,0.00000000,0.00000000,0.02593282,0.00000000,0.00000000,0.00000000,0.00000000,0.42821947,0.00000000,0.00000000,0.00000000,0.00000000,0.00000000,0.00961971,0.00000000,0.00000000,0.00107522,0.00000000,0.00000000,0.00895489,0.00000000,0.00000000,0.00000000,0.00000000,0.00000000,0.00109488,0.00000000,0.00000000,0.00000000,0.00000000,0.55080110,0.00000000,0.00000000,0.00000000,0.00000000,0.00000000,0.00000000,0.00000000,0.00000000,0.00000000,0.00000000,0.00000000,0.00000000,0.00000000,0.00000000,0.00000000,0.00201787,0.00000000,0.00000000,0.00000000,0.00000000,0.00000000,0.00000000,0.00263899,0.00000000,0.00000000,0.00000000,0.00000000,0.07187480,0.00223101,0.00000000,0.00000000,0.00000000,0.00000000,0.00000000,0.00000000,0.00000000,0.00000000,0.00000000,0.00000000,0.00000000,0.00000000,0.00000000,0.00429528,0.00000000,0.00000000,0.00000000,0.00000000,0.00000000,0.00000000,0.00000000,0.00000000,0.00000000,0.00000000,0.00000000,0.00000000,0.00000000,0.00000000,0.00000000,0.00000000,0.00102579,0.00000000,0.19794646,0.00000000,0.04442584,0.00000000,0.00000000,0.00000000,0.00000000,0.00000000,0.00000000,0.00000000,0.00000000,0.00000000,0.00000000,0.00810609,0.00000000,0.00000000,0.00000000,0.00000000,0.00329405,0.00000000,0.00224665,0.00000000,0.00000000,0.00000000,0.00000000,0.00000000,0.00000000,0.00000000,0.00311214,0.00000000,0.00000000,0.00352398,0.00000000,0.00000000,0.00000000,0.00000000,0.00495172,0.00000000,0.00000000,0.00000000,0.00000000,0.00000000,0.00000000,0.00000000,0.00000000,0.00000000,0.00000000,0.00000000,0.00000000,0.00000000,0.00000000,0.00000000,0.00000000,0.00192098,0.01392943,0.14773024,0.00000000,0.00000000,0.00000000,0.00000000,0.00000000,0.00000000,0.00000000,0.00000000,0.00000000,0.00000000,0.00000000,0.00000000,0.00000000,0.00000000,0.00000000,0.00000000,0.00000000,0.03939656,0.00000000,0.00000000,0.00000000,0.00000000,0.00000000,0.00000000,0.00000000,0.00000000,0.00000000,0.00000000,0.00000000,0.00000000,0.00000000,0.00000000,0.00000000,0.00000000,0.00000000,0.00953598,0.00000000,0.00561496,0.00000000,0.00000000,0.00000000,0.00000000,0.00000000,0.00000000,0.00000000,0.00000000,0.00000000,0.00000000,0.00000000,0.00000000,0.00000000,0.00000000,0.00068619,0.00000000,0.05169066
0.00000000,0.00000000,0.02286402,0.00000000,0.00000000,0.00000000,0.00000000,0.00000000,0.00000000,0.00000000,0.00000000,0.00000000,0.00000000,0.00000000,0.00000000,0.00000000,0.00000000,0.00000000,0.00130043,0.00000000,0.00000000,0.03302350,0.00000000,0.00000000,0.00000000,0.00000000,0.14869218,0.00000000,0.00000000,0.00000000,0.00000000,0.00000000,0.00150039,0.00000000,0.00000000,0.00000000,0.00000000,0.00000000,0.00000000,0.00000000,0.00000000,0.00000000,0.00000000,0.04727196,0.00000000,0.00876927,0.00000000,0.00000000,0.00000000,0.06738874,0.04071619,0.00000000,0.00000000,0.00960378,0.00000000,0.00000000,0.00000000,0.00000000,0.00000000,0.00000000,0.00000000,0.00000000,0.00000000,0.00000000,0.00000000,0.00000000,0.00000000,0.00000000,0.00000000,0.00000000,0.00000000,0.00000000,0.00000000,0.01370149,0.00000000,0.00000000,0.00000000,0.00000000,0.00000000,0.00000000,0.00000000,0.00000000,0.00000000,0.00000000,0.00000000,0.00000000,0.00000000,0.00000000,0.00000000,2.87300334,0.00000000,0.00000000,0.00000000,0.00000000,0.00000000,0.00000000,0.00000000,0.00000000,0.00000000,0.00000000,0.00000000,0.00000000,0.00000000,0.00000000,0.00000000,0.00000000,0.01516751,0.00000000,0.00000000,0.00000000,0.00000000,0.00000000,0.00000000,0.01169557,0.00000000,0.00000000,0.00000000,0.00433143,0.00000000,0.00000000,0.00000000,0.00000000,0.00000000,0.00000000,0.00000000,0.00000000,0.00000000,0.00000000,0.00000000,0.00000000,0.00000000,0.58358005,0.00000000,0.00000000,0.00000000,0.00000000,0.00000000,0.00000000,0.00000000,0.00000000,0.00000000,0.00000000,0.00000000,0.00000000,0.00000000,0.00000000,0.00000000,0.00000000,0.00000000,0.00000000,0.00000000,0.00000000,0.00000000,0.00000000,0.00000000,0.00000000,0.00630890,0.00406577,0.00000000,0.00000000,0.00000000,0.00000000,0.00000000,0.00000000,0.00000000,0.00000000,0.03088616,0.00000000,1.41150306,0.00000000,0.00245993,0.00000000,0.00916699,1.09654445,0.00000000,0.08439255,0.00000000,0.12525817,0.00000000,0.00000000,0.02701309,0.00000000,0.00000000,0.00000000,0.00000000,0.00000000,0.00261740,0.00000000,0.00000000,0.00000000,0.00000000,0.00000000,0.00000000,0.00000000,0.00000000,0.00000000,0.00000000,0.00000000,0.00000000,0.00000000,0.00000000,0.00000000,0.04949718,0.00000000,0.01269702,0.00000000,0.00000000,0.01639297,0.00000000,0.00000000,0.00000000,0.00000000,0.00000000,0.06060042,0.00000000,0.00000000,0.00285022,0.00000000,0.00832124,0.00000000,0.00000000,0.01484659,0.00000000,0.00000000,0.00000000,0.00000000,0.00000000,0.00000000,0.00000000,0.00000000,0.00000000,0.00000000,0.00000000,0.00000000,0.00000000,0.00000000,0.00000000,0.00000000,0.01557694,0.00508149,0.00000000,0.00000000,0.00884309,0.00000000,0.00000000,0.00000000,0.00000000,0.00156518,0.00000000,0.00000000,0.00000000,0.01140868,0.00000000,0.00000000,0.00000000,0.00000000,0.00000000,0.00000000,0.00000000,0.00000000,0.00000000,0.00000000,0.00000000,0.00000000,0.00934932,0.00000000,0.00000000,0.00000000,0.00000000,0.00000000,0.00000000,0.00000000,0.00000000,0.00000000,0.00000000,0.00000000,0.01972543,0.00000000,0.00000000,0.00000000,0.00000000,0.00000000,0.00000000,0.00000000,0.00000000,0.00000000,0.00000000,0.00000000,0.00000000,0.00000000,0.00915846,0.00183751,0.00000000,0.00000000,0.00000000,0.00000000,0.01175804,0.00000000,0.00000000,0.00000000,0.00000000,0.00000000,0.00000000,0.00000000,0.00104984,0.00000000,0.00000000,0.00000000,0.00000000,0.00000000,0.00000000,0.00099492,0.00000000,0.00000000,0.00000000,0.00000000,0.00000000,0.07933082,0.02716534,0.00000000,0.00000000,0.00000000,0.00000000,0.00000000,0.00000000,0.00000000,0.00000000,0.00000000,0.00000000,0.00000000,0.01173661,0.00101196,0.00418918,0.00000000,0.00000000,0.00000000,0.00000000,0.00000000,0.00000000,0.00000000,0.00000000,0.00000000,0.00000000,0.00000000,0.00000000,0.00262953,0.00000000,0.00000000,0.00000000,0.00000000,0.00000000,0.00000000,0.00846621,0.00000000,0.00000000,0.00000000,0.02327790,0.01080202,0.00000000,0.00000000,0.00000000,0.00401576,0.00000000,0.00000000,0.00000000,0.00000000,0.00000000,0.00000000,0.00000000,0.00000000,0.00000000,0.00272280,0.00000000,0.00000000,0.00000000,0.00000000,0.00000000,0.00000000,0.08089999,0.00000000,0.00000000,0.00000000,0.00000000,0.00838120,0.00000000,0.00000000,0.00572507,0.00000000,0.00000000,0.00000000,0.00000000,0.00000000,0.00000000,0.00000000,0.00302245,0.00000000,0.00000000,0.00000000,0.00000000,0.00000000,0.00000000,0.00000000,0.00000000,0.00000000,0.01122973,0.02116522,0.00000000,0.00000000,0.00000000,0.00000000,0.00000000,0.00000000,0.00000000,0.00000000,0.00000000,0.00000000,0.00000000,0.00000000,0.01763854,0.00000000,0.01957595,0.00000000,0.00000000,0.00000000,0.00000000,0.00000000,0.00000000,0.00000000,0.00360943,0.00000000,0.00000000,0.00000000,0.00000000,0.00000000,0.00000000,0.00000000,0.00000000,0.00000000,0.00000000,0.00000000,0.00000000,0.00000000,0.00000000,0.00000000,0.00000000,0.00000000,0.00000000,0.00000000,0.00000000,0.00000000,0.00000000,0.00000000,0.00000000,0.00000000,0.00000000,0.00000000,0.00000000,0.00000000,0.00000000,0.00000000,0.00000000,0.00000000,0.00000000,0.00000000,0.00272469,0.00000000,0.00000000,0.00000000,0.00000000,0.00000000,0.00000000,0.00000000,0.00000000,0.00000000,0.00000000,0.00000000,0.00000000,0.00000000,0.00000000,0.00000000,0.00000000,0.00000000,0.00000000,0.00000000,0.02826431,0.00000000,0.00066560,0.00000000,5.21276808,0.00000000,0.00000000,0.00000000,0.00000000,0.00000000,0.00000000,0.00000000,0.00900335,0.00000000,0.00000000,0.00000000,0.01413887,0.00000000,0.00000000,0.00000000,0.00000000,0.00000000,0.00000000,0.00000000,0.00256987,0.00000000,0.00000000,0.00000000,0.00000000,0.10262759,0.00000000,0.00000000,0.00000000,0.00000000,0.00000000,0.00000000,0.02948036,0.00000000,0.00000000,0.02403211,0.00000000,0.00000000,0.00000000,0.00000000,0.00000000,0.00000000,0.00000000,0.00000000,0.00000000,0.00128465,0.00000000,0.00000000,0.00000000,0.00000000,0.00181530,0.00000000,0.05317151,0.00000000,0.00000000,0.00000000,0.00000000,0.00000000,0.00000000,0.04345532,0.46238943,0.01650292,0.00000000,0.00000000,0.00000000,0.00000000,0.00000000,0.03446072,0.00000000,0.00000000,0.00000000,0.00000000,0.00000000,0.00000000,0.00000000,0.00000000,0.00000000,0.00000000,0.00981933,0.00000000,0.00000000,0.00000000,0.00000000,0.00000000,0.00000000,0.00000000,0.00000000,0.00000000,0.00000000,1.01587657,0.00000000,0.00000000,0.00000000,0.00000000,0.00000000,0.00278447,0.00000000,0.00000000,0.00000000,0.00000000,0.00000000,0.00000000,0.00000000,0.00000000,0.00000000,0.00000000,0.00000000,0.00000000,0.00000000,0.74101174,0.00000000,0.01944373,0.00000000,0.00000000,0.00000000,0.00000000,0.00000000,0.00000000,0.00000000,0.00000000,0.00000000,0.00000000,0.00000000,0.03159493,0.00000000,0.00000000,0.00000000,0.00000000,0.00000000,0.00000000,0.00000000,0.00000000,0.00000000,0.00000000,0.00000000,0.00000000,0.00000000,0.00000000,0.00000000,0.00000000,0.00000000,0.00000000,0.00000000,0.00000000,0.00000000,1.38467080,0.00000000,0.00000000,0.00000000,0.00000000,0.00000000,0.00000000,0.01262656,0.00000000,0.00000000,0.00000000,0.00354441,0.00000000,0.03219431,0.00000000,0.00000000,0.00000000,0.00000000,0.00000000,0.00571930,0.00000000,0.00000000,0.00294115,0.00000000,0.00000000,0.00000000,0.00000000,0.00344958,0.00000000,0.00000000,0.00000000,0.00212068,0.00228426,0.00000000,0.00000000,0.00000000,0.00000000,0.00000000,0.00000000,0.00000000,0.00000000,0.00000000,0.00496328,0.00000000,0.00000000,0.00000000,0.00000000,0.00000000,0.00000000,0.00222800,0.00000000,0.00000000,0.00000000,0.00000000,0.00000000,0.00000000,0.00000000,0.00000000,0.00000000,0.00000000,0.00000000,0.00000000,0.00000000,0.00000000,0.00000000,0.00360917,0.00000000,0.01919500,0.00000000,0.00000000,0.00000000,0.00000000,0.00000000,0.00000000,0.00000000,0.00000000,0.00000000,0.00000000,0.00000000,0.00000000,0.00000000,0.00378353,0.00000000,0.00707020,0.00000000,0.00000000,0.00000000,0.00000000,0.00000000,0.00000000,0.00000000,0.00000000,0.00000000,0.00000000,0.00000000,0.00000000,0.00318579,0.00000000,0.00000000,0.00000000,0.00000000,0.00000000,0.00000000,0.00000000,0.00000000,0.00000000,0.00000000,0.00000000,0.00000000,0.00000000,0.00000000,0.00000000,0.00000000,0.01077188,0.01933192,0.00000000,0.00000000,0.00000000,0.00000000,0.00000000,0.00000000,0.00000000,0.00000000,0.00000000,0.00000000,0.00000000,0.00000000,0.00000000,0.00000000,0.00000000,0.00000000,1.56058150,0.00000000,0.00000000,0.00000000,0.00000000,0.00135219,0.00000000,0.00249654,0.00000000,0.00000000,0.00000000,0.00000000,0.00000000,0.00000000,0.00513128,0.00000000,0.00000000,0.00000000,0.00313367,0.00000000,0.00838091,0.02562196,0.00000000,0.00000000,0.00000000,0.00000000,0.00000000,0.00000000,0.00000000,0.00000000,0.00000000,0.00000000,0.00000000,0.00000000,0.00000000,0.00000000
0.00000000,0.00303864,0.00000000,0.00000000,0.00000000,0.00000000,0.00000000,0.00000000,0.00000000,0.00000000,0.00000000,0.00000000,0.04734044,0.00000000,0.00000000,0.00000000,0.00000000,0.00000000,0.00000000,0.46140367,0.00000000,0.00000000,0.00000000,0.00000000,0.00000000,0.00000000,0.00000000,0.00000000,0.00000000,0.00000000,0.00000000,0.01640997,0.00000000,0.00000000,0.00000000,0.00000000,0.00000000,0.00000000,0.00000000,0.00000000,0.00000000,0.00000000,0.00000000,0.00000000,0.00000000,0.00000000,0.00000000,0.00000000,0.00000000,0.00000000,0.01837327,0.00000000,0.01508056,0.00000000,0.00000000,0.00000000,0.00000000,0.00000000,0.00000000,0.00000000,0.00000000,0.04056998,0.00000000,0.00271270,0.00000000,0.00000000,0.00000000,0.00000000,0.00000000,0.00000000,0.00000000,0.00000000,0.00000000,0.00000000,0.00000000,0.00076372,0.00175435,0.00000000,0.00000000,0.00000000,0.00000000,0.00000000,0.01798506,0.00000000,0.00997302,0.00000000,0.00000000,0.87577865,0.00000000,0.00000000,0.00285192,0.00000000,0.00000000,0.00337267,0.00000000,0.00000000,0.00000000,0.00000000,0.00178698,0.00000000,0.00000000,0.00000000,0.00000000,0.00000000,0.00000000,0.00000000,0.00000000,0.00000000,0.00000000,0.00000000,0.00000000,0.00000000,0.00000000,0.01928046,0.00000000,0.02451313,0.00000000,0.00000000,0.00000000,0.00000000,0.00000000,0.00000000,0.00000000,0.00000000,0.20017848,0.00000000,0.00000000,0.00000000,0.00000000,0.00000000,0.00000000,0.00000000,0.00000000,0.00000000,0.00000000,0.00000000,0.00000000,0.00000000,0.00000000,0.00582460,0.00000000,0.01451442,0.00000000,0.00000000,0.00000000,0.00000000,0.00000000,0.00000000,0.00000000,0.00000000,0.00000000,0.00000000,0.00000000,0.00000000,0.00000000,0.00000000,0.00000000,0.00000000,0.00000000,0.00000000,0.00000000,0.00000000,0.00000000,0.00089013,0.00000000,0.00000000,0.00000000,0.00000000,0.00000000,0.00000000,0.00000000,0.00000000,0.00000000,0.00000000,0.00000000,0.00000000,0.00000000,0.00000000,0.00000000,0.00000000,0.00000000,0.00000000,0.00000000,0.00000000,0.00771638,0.00000000,0.00000000,0.00000000,0.00000000,0.00000000,0.00000000,0.00000000,0.16731245,0.00000000,0.00000000,0.00000000,0.00058271,0.01333916,0.00000000,0.00000000,0.00090567,0.00000000,0.00000000,0.00000000,0.00000000,0.00000000,0.00000000,0.00000000,0.00157115,0.00000000,0.00000000,0.00000000,0.00000000,0.00000000,0.00000000,0.00000000,0.00000000,0.00000000,0.00000000,0.00000000,0.00000000,0.00000000,0.00000000,0.00000000,0.00123003,0.00000000,0.00000000,0.00000000,0.00000000,0.00000000,0.00000000,0.01509956,0.01019591,0.00000000,0.00000000,0.00000000,0.00000000,0.00000000,0.00000000,0.00000000,0.00000000,0.00000000,0.00000000,0.00000000,0.02116830,0.00000000,0.00294887,0.00000000,0.00000000,0.00000000,0.00000000,0.00000000,0.00000000,0.00000000,0.00000000,0.04373355,0.00000000,0.00000000,0.00134249,0.00000000,0.00000000,0.00000000,0.00000000,0.00129640,0.00000000,0.00000000,0.00000000,0.00000000,0.00000000,0.00000000,0.00000000,0.00000000,0.00983827,0.00000000,0.00000000,0.00000000,0.00000000,0.00000000,0.00000000,0.00000000,0.00000000,0.00000000,0.00000000,0.00000000,1.57902061,0.00000000,0.00000000,0.00000000,0.00000000,0.00000000,0.00000000,0.00000000,0.00000000,0.00000000,0.00354519,0.00000000,0.00000000,0.00000000,0.00000000,0.00000000,0.00000000,0.00589481,0.00000000,0.00000000,0.00000000,0.02179471,0.00000000,0.00000000,0.00000000,0.00000000,0.00000000,0.00000000,0.00000000,0.00000000,0.01159003,0.00000000,0.00000000,0.00000000,0.00000000,0.00000000,0.00000000,0.00000000,0.00000000,0.00148648,0.00000000,0.00000000,0.00000000,0.00000000,0.00000000,0.01543708,0.00000000,0.00000000,0.00000000,0.00000000,0.00000000,0.00000000,0.00000000,0.00000000,0.00000000,0.00402331,0.00000000,0.00000000,0.00000000,0.00000000,0.00000000,0.00000000,0.00000000,0.55885853,0.00000000,0.00000000,0.00000000,0.00000000,0.00000000,0.00000000,0.00000000,0.07186073,0.00000000,0.00225480,0.00000000,0.00000000,0.00000000,0.00000000,0.00000000,0.00000000,0.00000000,0.01801556,0.00000000,0.00000000,0.00000000,0.00000000,0.00000000,0.00000000,0.00000000,0.00000000,0.00000000,0.00000000,0.00000000,0.00000000,0.00000000,0.00000000,0.00142229,0.00077956,0.00000000,0.00000000,0.00000000,0.00000000,0.00000000,0.00185658,0.00000000,0.00000000,0.00000000,0.00000000,0.00251369,0.00000000,0.00000000,0.00000000,0.00000000,0.00000000,0.00000000,0.00000000,0.00000000,0.00771089,0.00000000,0.00000000,0.07093996,0.00132190,0.00000000,0.00000000,0.00000000,0.00000000,0.00000000,0.00000000,0.00000000,0.00000000,0.00000000,0.00000000,0.00000000,0.00000000,0.00000000,0.00000000,0.00000000,0.00000000,0.00000000,0.00000000,0.00000000,0.00000000,0.00000000,0.00000000,0.00000000,0.01069472,0.00000000,0.00249985,0.00000000,0.00000000,0.00000000,0.00000000,0.00000000,0.00000000,0.00000000,0.00000000,0.00812368,0.00000000,0.00000000,0.00000000,0.00000000,0.00000000,0.00000000,0.00000000,0.02357190,0.00000000,0.00000000,0.00000000,0.00000000,0.00000000,0.00000000,0.00597949,0.00000000,0.00000000,0.00000000,0.00000000,0.00000000,0.00602566,0.00000000,0.00000000,0.00000000,0.00000000,0.04636481,0.00000000,0.00000000,0.00000000,0.00159613,0.00000000,0.00000000,0.00000000,0.00000000,0.00000000,0.00000000,0.00000000,0.00000000,0.00000000,0.00000000,0.00000000,0.00000000,0.00000000,0.00000000,0.00000000,0.00000000,0.00000000,0.00000000,0.00000000,0.00620125,0.00000000,0.00000000,0.00000000,0.02375734,0.00000000,0.00525658,0.00000000,0.00000000,0.00000000,0.00000000,0.00000000,0.00000000,0.00000000,0.00000000,0.00000000,0.00000000,0.00000000,0.00000000,0.00000000,0.00000000,0.00000000,0.00000000,0.00000000,0.00000000,0.00000000,0.00000000,0.00000000,0.02045414,0.00000000,0.00000000,0.00000000,0.00000000,0.00000000,0.00000000,0.00000000,0.00000000,0.00000000,0.05995006,0.00000000,0.00000000,0.00000000,0.00000000,0.00000000,0.00000000,0.00000000,0.26431424,0.00000000,0.00000000,0.00000000,0.00000000,0.00363527,0.00000000,0.00000000,0.00000000,0.00000000,0.00000000,0.00000000,0.00000000,0.00000000,0.00000000,0.00000000,0.00000000,0.00000000,0.00000000,0.00000000,0.00000000,0.00000000,0.00000000,0.00000000,0.00000000,0.00000000,0.00000000,0.00000000,0.00000000,0.00000000,0.00000000,0.00000000,0.00000000,0.00000000,0.00000000,0.00000000,0.00000000,0.00000000,0.00000000,0.00000000,0.01954047,0.00000000,0.00000000,0.00000000,0.00000000,0.01770346,0.00000000,0.00000000,0.00000000,0.00000000,0.00000000,0.00000000,0.00000000,0.01580881,0.00763420,0.00000000,0.00000000,0.01256764,0.00000000,0.00000000,0.00000000,0.00000000,0.00150135,0.00000000,0.00000000,0.00000000,0.00000000,0.00000000,0.03285882,0.00000000,0.00000000,0.00000000,0.00000000,0.02979284,0.00000000,0.03907901,0.00000000,0.00000000,0.00000000,0.00000000,0.00000000,0.00000000,0.01488393,0.00000000,0.00000000,0.00144354,0.00000000,0.00000000,0.00895657,0.00000000,0.00000000,0.01695434,0.00000000,0.00000000,0.00000000,0.00000000,0.00000000,0.00000000,0.00000000,1.47294581,0.00000000,0.00242303,0.00000000,0.00000000,0.00000000,0.05744815,0.00000000,0.00000000,0.00000000,0.00000000,0.00000000,0.00000000,0.00000000,0.01366454,0.00000000,0.00000000,0.00452967,0.00000000,0.00000000,0.00000000,0.03532868,0.00000000,0.02085462,0.00000000,0.00000000,0.01964414,0.00000000,0.00000000,0.00000000,0.04641738,0.00000000,0.00874510,0.00000000,0.00360806,0.00000000,0.00000000,0.00000000,0.00000000,0.00000000,0.00000000,0.00000000,0.01433156,0.00000000,0.00000000,0.00000000,0.00000000,0.00000000,0.00000000,0.00000000,0.00000000,0.00000000,0.00000000,0.00000000,0.00000000,0.00000000,0.00000000,0.00000000,0.00000000,0.00000000,0.00000000,0.00000000,0.00000000,4.04003422,0.00000000,0.00000000,0.00000000,0.00000000,0.00000000,0.00000000,0.00000000,0.00000000,0.00000000,0.00000000,0.00000000,0.00000000,0.00000000,0.00000000,0.00000000,0.00000000,0.00000000,0.00000000,0.00000000,0.00000000,0.00635179,0.00000000,0.00000000,0.00214962,0.00000000,0.00000000,0.00000000,0.00000000,0.00000000,0.00000000,0.93594942,0.00000000,0.00000000,0.00000000,0.00063284,0.01404160,0.00000000,0.00000000,0.17212956,0.00000000,0.00000000,0.00000000,0.00000000,0.00000000,0.00323428,1.44738008,0.00000000,0.00000000,0.03048084,0.00000000,0.00000000,0.00000000,0.00000000,0.00000000,0.00000000,0.00000000,0.00000000,0.00000000,0.00000000,0.00000000,0.23890868,0.00000000,0.00000000,0.00000000,0.00000000,0.00000000,0.00000000,0.00000000,0.00000000,0.00000000,0.00000000,0.00949998,0.00000000,0.00000000,0.00000000,0.00688065,0.00331312,0.00000000,0.00000000,0.01550983,0.00000000,0.00000000,0.00000000,0.00000000,0.00000000,0.00282125,0.00000000,0.00000000,0.02033872,0.00000000,0.00000000,0.00000000,0.00000000,0.00000000,0.00000000,0.00000000,0.00000000,0.00000000,0.01339359,0.00000000,0.00000000
0.00000000,0.00000000,0.00000000,0.00000000,0.03542359,0.00000000,0.00000000,0.00000000,0.00000000,0.00250755,0.00000000,0.00000000,0.00000000,0.00000000,0.02998997,0.00000000,0.02614768,0.00000000,0.00000000,0.00000000,0.00000000,0.00000000,0.00000000,0.00000000,0.00000000,0.00000000,0.01028626,0.00000000,0.00000000,0.00000000,0.00000000,0.32476384,0.00000000,0.00000000,0.00000000,0.00000000,0.00000000,0.00000000,0.00000000,0.00000000,0.00000000,0.01813043,0.00000000,0.00000000,0.00000000,0.00000000,0.00000000,0.00000000,0.00000000,0.00955012,0.00000000,0.05412412,0.00000000,0.00000000,0.00000000,0.00000000,0.00000000,0.00000000,0.00000000,0.00000000,0.00000000,0.00078875,0.00000000,0.00000000,0.00082661,0.00000000,0.00000000,0.00000000,0.00127449,0.00961484,0.00000000,0.00000000,0.00000000,0.00000000,0.04078216,0.00000000,0.00000000,0.00000000,0.00000000,0.00000000,0.00000000,0.00000000,0.00000000,0.00000000,0.00000000,0.00000000,0.00000000,0.00000000,0.00000000,0.00000000,0.15172610,0.00000000,0.00341777,0.00000000,0.00000000,0.00000000,0.00316017,0.00000000,0.00351488,0.00000000,0.00000000,0.00000000,0.00000000,0.00000000,0.00203885,0.00000000,0.00000000,0.84487622,0.00000000,0.00785939,0.00000000,0.00000000,0.00000000,0.00000000,0.00000000,0.00000000,0.00000000,0.00000000,0.00000000,0.00437813,0.00000000,0.00000000,2.29410052,0.00000000,0.00000000,0.00000000,0.00000000,0.00000000,0.00000000,0.00311506,0.00000000,0.00000000,0.00000000,0.00000000,0.00000000,0.00000000,0.00000000,0.00000000,0.00000000,0.00000000,0.00000000,0.00000000,0.00000000,0.00000000,0.00000000,0.01300223,0.00249072,0.00000000,0.00000000,0.00000000,0.00000000,0.00000000,0.00000000,0.00000000,0.00000000,0.00000000,0.00000000,0.00000000,0.01066409,0.01270653,0.00000000,0.00000000,0.00000000,0.00000000,0.00000000,0.01658927,0.05318729,0.00000000,0.00000000,0.00000000,0.00000000,0.00000000,0.00000000,0.00000000,0.00000000,0.00000000,0.00000000,0.00000000,0.00000000,0.00000000,0.00000000,0.29397648,0.00000000,0.00000000,0.00000000,0.17281923,0.00000000,0.00000000,0.00000000,0.00000000,0.00000000,0.00000000,0.00000000,0.00000000,0.00442361,0.00000000,0.00000000,0.00000000,0.00000000,0.00000000,0.00000000,0.00000000,0.00000000,0.00000000,0.00000000,0.00000000,0.00000000,0.00000000,0.00000000,0.00000000,0.00000000,0.01096632,0.02089700,0.00000000,0.00551966,0.00520061,0.00000000,0.00000000,0.00000000,0.00000000,0.00000000,0.00000000,0.00000000,0.00000000,0.00000000,0.00000000,0.00000000,0.00000000,0.00000000,0.00000000,0.00000000,0.00000000,0.00000000,0.00000000,0.00000000,0.00000000,0.00000000,0.00000000,0.00000000,0.00268399,0.05226375,0.00000000,0.00000000,0.00000000,0.00000000,0.00000000,0.00000000,0.00000000,0.00000000,0.00000000,0.00000000,0.00000000,0.00000000,0.00000000,0.00000000,0.00000000,0.00000000,0.00000000,0.00000000,0.00000000,0.00000000,0.00000000,0.00000000,0.00523277,0.00000000,0.00000000,0.00000000,0.01125033,0.00000000,0.00000000,0.00000000,0.00000000,0.00000000,0.00000000,0.00000000,0.00902309,0.00000000,0.00000000,0.00000000,0.00000000,0.00000000,0.00000000,0.00000000,0.00000000,0.00000000,0.00974510,0.00000000,0.00000000,0.00000000,0.00000000,0.00000000,0.00000000,0.00000000,0.00000000,0.00226912,0.00000000,0.00000000,0.00000000,0.00000000,0.00000000,0.00000000,0.00000000,0.00000000,0.02072859,0.00000000,0.00096933,0.00724089,0.00000000,0.00000000,0.00000000,0.00000000,0.00291390,0.02588206,0.00000000,0.00000000,0.00000000,0.00000000,0.00000000,0.00000000,0.00000000,0.00000000,0.00000000,0.00000000,0.00000000,0.00000000,0.00000000,0.00000000,0.00205058,0.00000000,0.00000000,0.00000000,0.00000000,0.00000000,0.00000000,0.00000000,0.00000000,0.00000000,0.00000000,0.00306947,0.00000000,0.00000000,0.00000000,0.01502007,0.00000000,0.00352192,0.00000000,0.00000000,0.00000000,0.00000000,0.00000000,0.01382418,0.01605909,0.00000000,0.00000000,0.00000000,0.00000000,0.00000000,0.05222367,0.00000000,0.00000000,0.04357663,0.00000000,0.00000000,0.00000000,0.00000000,0.00000000,0.00000000,0.00000000,0.00000000,0.00000000,0.00213918,0.00000000,0.00000000,0.00000000,0.00000000,0.00000000,0.00000000,0.00000000,0.00000000,0.00000000,0.00000000,0.00000000,0.00000000,0.00000000,0.00000000,0.00000000,0.00000000,0.00000000,0.00000000,0.84898134,0.00393868,0.00000000,0.00000000,0.00000000,0.00000000,0.00000000,0.00000000,0.00000000,0.00000000,0.00000000,0.00000000,0.00000000,0.00000000,0.00000000,0.00000000,0.00000000,0.00000000,0.00000000,0.00000000,0.00000000,0.00000000,0.00000000,0.00000000,0.00000000,0.00000000,0.00000000,0.00000000,0.00000000,0.00503041,0.00000000,0.00000000,0.00000000,0.00000000,0.00000000,0.00000000,0.00000000,0.00000000,0.00000000,0.00000000,0.00000000,0.01988937,0.00000000,0.00000000,0.01805564,0.00000000,0.00000000,0.00000000,0.00000000,0.00000000,0.00000000,0.00273133,0.00000000,0.00000000,0.00000000,0.00000000,0.00000000,0.00000000,0.00000000,0.00000000,0.00000000,0.00000000,0.00000000,0.00000000,0.03714946,0.00000000,0.00871427,0.00000000,0.00000000,0.00000000,0.00000000,0.00000000,0.00000000,0.00000000,0.00000000,0.00000000,0.00000000,0.00000000,0.00834231,0.00460803,0.00000000,0.00000000,0.00805074,0.03256132,0.00000000,0.00000000,0.00000000,0.00000000,0.00000000,0.03152945,0.00092018,0.00000000,0.00000000,0.00097637,0.00000000,0.00000000,0.00000000,0.00000000,0.00000000,0.00000000,0.00000000,0.00000000,0.00000000,0.00000000,0.00000000,0.00000000,0.00000000,0.00000000,0.00000000,0.00000000,0.01383316,0.00000000,0.00000000,0.00000000,0.00000000,0.00000000,0.00000000,0.00000000,0.00000000,0.00000000,0.00000000,0.00000000,0.00000000,0.00000000,0.00000000,0.00000000,0.00000000,0.00000000,0.00634646,0.00000000,0.00000000,0.00000000,0.00000000,0.00000000,0.00000000,0.00000000,0.00000000,0.00000000,0.00082077,0.00000000,0.00000000,0.00000000,0.00000000,0.00000000,0.00000000,0.00000000,0.00000000,0.00000000,0.00176317,0.00000000,0.00000000,0.00000000,0.02386513,0.00000000,0.00000000,0.00000000,0.00000000,0.00000000,0.00000000,0.00000000,0.00000000,0.00000000,0.00000000,0.00000000,0.00000000,0.01645360,0.00000000,0.00000000,0.12423641,0.00000000,0.00000000,0.00000000,0.00000000,0.00000000,0.00000000,0.00417957,0.00000000,0.00000000,0.00000000,0.00189013,0.00000000,0.00000000,0.00000000,0.00000000,0.00000000,0.00000000,0.00000000,0.00000000,0.00000000,0.00000000,0.00000000,0.00000000,0.48813474,0.00000000,0.00000000,0.00000000,0.00000000,0.00000000,0.00000000,0.00000000,0.00000000,0.00000000,0.00000000,0.00126242,0.00000000,0.02152149,0.00000000,0.00000000,0.00000000,0.00000000,0.00000000,0.16181483,0.00000000,0.00000000,0.00000000,0.00000000,0.00000000,1.47770653,0.00000000,0.00000000,0.00000000,0.00000000,0.00000000,0.00000000,0.00000000,0.00000000,0.00000000,0.00000000,0.00000000,0.00000000,0.00000000,0.00000000,0.04955890,0.04208688,0.00000000,0.00000000,0.00000000,0.00000000,0.00000000,1.03306329,0.00000000,0.00000000,0.00000000,0.00000000,0.00000000,0.00000000,0.00000000,0.00000000,0.00000000,0.00000000,0.00000000,0.00000000,0.00000000,0.00000000,0.00245912,0.00000000,0.00000000,0.00000000,0.00000000,0.00000000,0.00000000,0.02950769,0.00000000,0.00000000,0.00000000,0.00000000,0.03185540,0.00000000,0.00000000,0.00000000,0.00000000,0.00000000,0.00000000,0.00000000,0.02339732,0.00000000,0.00000000,0.00000000,0.00000000,0.00000000,0.00000000,0.00000000,0.00000000,0.00000000,0.02532114,0.00000000,0.00000000,0.00000000,0.00000000,0.00000000,0.00000000,0.00000000,0.01060662,0.00000000,0.00000000,0.00324380,0.01512708,0.00000000,0.00942690,0.00000000,0.00344581,0.00000000,0.00000000,0.00000000,0.00000000,0.18223439,0.00000000,0.00000000,0.00000000,0.00000000,0.00000000,2.55137773,0.00000000,0.00000000,0.00000000,0.00000000,0.00000000,0.01557913,0.00000000,0.00000000,0.01497713,0.00000000,0.00000000,0.00000000,2.30244597,0.00000000,0.00000000,0.01524506,0.00000000,0.00000000,0.00000000,0.00000000,0.00000000,0.00475870,0.00000000,0.00000000,0.00000000,0.00000000,0.00000000,0.00000000,0.00000000,0.00000000,0.00000000,0.00000000,0.00000000,0.00000000,0.00000000,0.00000000,0.00000000,0.00000000,0.00000000,0.00000000,0.00000000,0.00000000,0.00000000,0.00000000,0.28137347,0.00000000,0.00000000,0.00000000,0.00000000,0.03471693,0.00000000,0.00000000,0.00000000,0.00000000,0.00000000,0.00000000,0.00000000,0.00000000,0.08043764,0.00000000,0.00000000,0.00000000,0.00000000,0.00000000,0.00000000,0.00000000,0.00000000,0.00000000,0.00000000,0.00000000,0.00000000,0.00000000,0.00000000,0.00000000,0.00000000,0.00000000,0.00000000,0.00000000,0.00081483,0.00000000,3.89819871,0.00000000,0.00000000,0.00000000,0.00000000,0.00000000,0.00000000,0.00000000,0.00054793,0.00000000,0.00000000,0.00000000,0.00000000,0.00433121,0.00000000,0.00000000,0.00000000,0.00000000,0.00000000
0.00000000,0.02403089,0.00000000,0.00000000,0.00000000,0.00000000,0.00000000,0.00734018,0.00000000,0.00000000,0.00295609,0.00000000,0.00000000,0.00000000,0.00000000,0.00000000,0.00000000,0.00000000,0.00000000,0.00000000,0.00000000,0.00000000,0.00000000,0.06131168,0.00000000,0.00000000,0.00000000,0.00000000,0.00102923,0.00000000,0.00000000,0.00000000,0.00000000,0.00000000,0.00000000,0.00310598,0.00000000,0.00000000,0.00000000,0.00106539,0.00000000,0.00000000,0.00000000,0.00000000,0.00000000,0.00000000,0.00000000,0.00000000,0.00000000,0.00000000,0.00000000,0.00000000,0.00000000,0.00000000,0.00000000,0.00000000,0.00000000,0.00000000,0.00000000,0.00398558,0.00000000,0.00000000,0.00000000,0.00000000,0.00000000,0.00000000,0.00000000,0.00000000,0.00000000,0.00000000,0.00555015,0.00000000,0.00000000,0.00000000,0.00000000,0.00000000,0.00000000,0.00000000,0.00000000,0.00000000,0.00000000,0.00000000,0.00000000,0.02594025,0.00000000,0.00000000,0.00000000,0.00000000,0.00000000,0.00000000,0.00000000,0.00000000,0.00000000,0.00000000,0.01697465,0.00000000,0.00000000,0.00000000,0.00000000,0.00000000,0.00000000,0.00000000,0.00000000,0.00000000,0.00000000,0.00000000,0.00000000,0.00000000,0.00000000,0.00000000,0.00000000,0.00000000,0.00000000,0.00000000,0.00000000,0.00000000,0.00000000,0.00000000,0.00000000,0.00000000,0.00000000,0.00364421,0.00000000,0.00000000,0.00842545,0.00000000,0.00000000,0.00000000,0.00000000,0.00000000,0.00000000,0.00000000,0.00000000,0.00000000,0.03048431,0.00000000,0.00000000,0.00000000,0.00000000,0.00000000,0.00000000,0.00000000,0.00000000,0.00000000,0.01315815,0.00000000,0.00000000,0.00000000,0.00000000,0.00000000,0.00000000,0.00000000,0.00000000,0.00000000,0.00000000,0.00000000,0.00000000,0.00078643,0.00000000,0.00000000,0.00000000,0.00450491,0.00000000,0.00000000,0.00000000,0.00000000,0.00000000,0.00000000,0.00000000,0.00000000,0.00000000,0.00000000,0.00000000,0.04278446,0.03585507,0.00000000,0.00000000,0.00000000,0.00000000,0.00000000,0.00000000,0.00000000,0.00000000,0.00000000,0.00000000,0.00000000,0.00000000,0.00000000,0.00000000,0.00000000,0.00000000,0.00000000,0.00000000,0.00000000,0.00000000,0.00000000,0.00000000,0.00000000,0.00163942,0.00000000,0.00000000,0.66237600,0.00000000,0.00000000,0.00000000,0.00000000,0.00000000,0.03237555,0.00000000,0.00000000,0.00000000,0.00000000,0.00000000,0.00000000,0.00326338,0.00000000,0.00000000,0.00000000,0.00000000,0.00233348,0.00000000,0.00000000,0.00000000,0.00000000,0.00000000,0.01686989,0.00000000,0.01138938,0.00000000,0.00000000,0.00000000,0.00000000,0.00000000,0.00000000,0.02152833,0.00000000,0.00000000,0.00000000,0.00000000,0.00000000,0.00000000,0.02363192,0.01505089,0.00000000,0.00000000,3.88819804,0.00095161,0.08494218,0.00000000,0.00000000,0.00000000,0.00000000,0.01512398,0.00000000,0.05754177,0.00000000,0.01446463,0.00000000,0.00000000,0.00000000,0.00000000,0.00834277,0.01025487,0.00000000,0.00000000,0.00000000,0.00000000,0.00000000,0.00000000,0.00000000,0.00000000,0.00000000,0.00000000,0.00000000,0.00000000,0.00000000,0.06195540,0.00000000,0.00000000,0.00000000,0.00000000,0.01388795,0.00000000,0.00000000,0.00000000,0.00000000,0.00000000,0.00000000,0.00000000,0.01615891,0.00000000,0.02393356,0.00000000,0.00000000,0.00000000,0.00375811,0.00000000,0.24032604,0.01041839,0.00000000,0.00000000,0.00000000,0.00000000,0.00000000,0.00000000,0.00000000,0.00000000,0.00000000,0.00000000,0.00000000,0.00000000,0.00000000,0.00000000,0.00000000,0.00000000,0.00000000,0.00000000,0.00000000,0.01074724,0.00147761,0.00000000,0.00000000,0.00000000,0.00000000,0.00000000,0.01895131,0.00000000,0.00000000,0.00000000,0.00000000,0.00000000,0.00000000,0.00000000,0.00000000,0.00000000,0.00000000,0.00000000,0.00000000,0.00000000,0.05564741,0.00845680,0.00000000,0.00000000,0.00000000,0.00000000,0.00000000,0.00000000,0.00000000,0.00298670,0.00000000,0.00768684,0.00000000,0.00000000,0.00000000,0.00000000,0.00000000,0.00000000,0.00000000,0.00000000,0.00000000,0.00000000,0.00000000,0.00000000,0.00000000,0.01058612,0.00000000,0.00000000,0.00000000,0.00000000,0.00000000,0.00000000,0.00000000,0.00000000,0.00000000,0.00000000,0.00000000,0.00000000,0.00000000,0.00000000,0.00000000,0.00101865,0.00000000,0.00000000,0.00000000,0.00000000,0.00000000,0.00000000,0.00352400,0.00000000,0.00000000,0.00000000,0.00000000,0.00000000,0.00000000,0.00000000,0.00000000,0.00000000,0.00000000,0.00000000,0.00651160,0.00000000,0.00000000,0.00000000,0.00000000,0.00000000,0.00000000,0.00000000,0.00000000,0.00000000,0.00372130,0.00000000,0.00000000,0.00000000,0.00000000,0.00000000,0.00000000,0.00000000,0.00000000,0.00000000,0.00582273,0.00000000,0.00000000,0.01060625,0.06739255,0.00000000,0.00000000,0.00000000,0.00000000,0.00000000,1.17186443,0.00000000,0.00667411,0.00000000,0.00000000,0.00000000,0.00000000,0.00617760,0.00000000,0.00000000,0.01608198,0.00000000,0.02231509,0.00000000,0.00000000,0.00000000,0.08632919,0.00108678,0.00000000,0.00000000,0.00000000,0.00000000,0.00000000,0.90789257,0.00000000,0.00000000,0.00000000,0.00000000,0.00000000,0.00000000,0.00000000,0.00000000,0.00000000,0.00000000,0.01644841,0.00000000,0.00000000,0.00000000,0.00000000,0.00000000,0.00000000,0.00000000,0.00000000,0.00000000,0.00000000,0.00000000,0.00000000,0.00671539,0.00000000,0.00560143,0.00278711,0.00000000,0.00000000,0.00931708,0.00000000,0.00000000,0.00000000,0.01518132,0.00000000,0.00393211,0.00000000,0.00000000,0.04323590,0.00000000,0.00000000,0.00000000,0.04374824,0.00000000,0.00000000,0.00000000,0.00000000,0.00981777,0.00000000,0.00000000,0.00000000,0.00000000,0.00000000,0.00000000,0.00000000,0.00000000,0.00000000,0.00000000,0.00000000,0.00000000,0.00000000,0.00000000,0.00000000,0.00000000,0.00000000,0.00000000,0.00000000,0.00000000,0.05793242,0.00000000,0.00000000,0.00000000,0.00000000,0.00000000,0.00000000,0.00000000,0.00000000,0.00240504,0.00000000,0.04473476,0.00000000,0.00000000,0.00000000,0.00000000,0.08945653,0.01557778,0.00000000,0.00707896,0.48818369,0.00000000,0.00000000,0.00000000,0.00000000,0.00000000,0.00000000,0.00000000,0.00000000,0.00000000,0.00000000,0.00000000,0.00000000,0.00000000,0.00000000,0.00110611,0.00000000,0.00000000,0.00000000,0.00000000,0.00000000,0.00000000,0.00000000,0.00000000,0.00000000,0.00000000,0.00000000,0.00000000,0.00000000,0.00000000,0.00000000,0.00000000,0.02307728,0.03911368,0.00000000,0.00000000,0.00113017,0.00000000,0.00000000,0.00000000,0.00000000,0.00000000,0.00000000,0.00000000,0.00000000,0.00000000,0.00000000,0.00000000,0.00000000,0.03491033,0.00000000,0.00000000,0.00000000,0.00000000,0.00000000,0.00267935,0.00000000,0.00000000,0.00000000,0.02683139,0.00000000,0.00309065,0.00000000,0.00000000,0.00000000,0.00000000,0.00000000,0.00000000,0.00000000,0.00000000,0.01498535,0.00000000,0.00000000,0.00000000,0.00000000,0.00000000,0.00000000,0.06424135,0.00000000,0.00000000,0.00000000,0.00000000,0.00000000,0.00000000,0.00000000,0.00000000,0.00479719,0.00000000,0.00000000,0.00000000,0.00000000,0.00000000,0.00000000,0.00000000,0.00000000,0.00000000,0.00000000,0.00000000,0.00000000,0.00000000,0.00000000,0.00000000,0.00000000,0.01663839,0.00000000,0.00000000,0.01090398,0.00000000,0.00000000,0.00000000,0.00000000,0.00000000,0.00000000,0.00000000,0.00000000,0.00119798,0.00000000,0.00000000,0.00000000,0.00000000,0.00000000,0.00000000,0.00000000,0.00000000,0.00000000,0.15487569,0.00000000,0.00000000,0.00000000,0.00000000,0.00000000,0.00000000,0.00000000,0.00000000,0.00000000,0.00000000,0.00934149,0.00000000,0.00000000,0.00000000,0.00222189,0.00000000,0.00000000,0.05888376,0.00000000,0.00000000,0.00000000,0.00000000,0.00000000,0.00000000,0.00000000,0.00000000,0.00000000,0.00000000,0.00000000,0.00000000,0.00000000,0.00000000,0.00000000,0.00000000,0.00000000,0.00000000,0.00000000,0.00000000,0.00000000,0.00000000,0.00000000,0.00000000,0.00000000,0.00000000,0.00000000,0.00000000,0.00000000,0.00000000,0.01298594,0.00000000,0.00000000,0.00000000,0.01856270,0.00000000,0.00921014,0.00000000,0.00000000,0.00000000,0.00000000,0.00000000,0.00000000,0.00000000,0.00000000,0.00000000,0.01258284,0.00000000,0.00000000,0.00000000,0.00000000,0.00000000,0.00000000,0.00000000,0.00000000,0.00000000,0.00000000,0.00000000,0.00000000,0.00000000,0.00000000,0.00000000,0.00000000,0.00159242,0.00000000,0.00000000,0.00000000,0.00000000,0.00357421,0.00000000,0.00000000,0.00000000,0.00000000,0.00000000,0.00000000,0.00000000,0.00000000,0.00000000,0.00000000,0.00000000,0.00000000,0.00000000,0.00000000,0.00058621,0.00000000,0.00000000,0.00000000,0.00000000,0.00000000,0.00000000,0.00000000,0.00000000,0.00000000,0.00000000,0.00333107,0.00000000,0.00395566,0.00000000,0.00000000,0.00073082,0.00000000,0.00000000,0.00000000,0.00000000,0.00000000,0.00000000,0.00000000,0.00000000,0.01707738,0.00000000,0.00000000,0.23831843,0.00000000,0.00000000,0.00000000
0.00000000,0.00924435,0.00000000,0.01806613,0.00000000,0.00000000,0.00000000,0.01777814,0.00000000,0.00156860,0.03433387,0.00000000,0.00133767,0.00000000,0.00000000,0.00000000,0.00288944,0.00000000,0.00000000,0.00000000,0.01463670,0.00000000,0.00000000,0.00000000,0.00000000,0.00000000,0.00000000,0.00000000,0.00000000,0.00000000,0.00000000,0.00000000,0.00000000,0.00000000,0.00000000,0.00000000,0.00000000,0.04596818,0.00000000,0.00000000,0.00000000,0.00000000,0.00000000,0.00000000,0.00000000,0.00000000,0.00000000,0.00000000,0.00000000,0.00000000,0.00000000,0.00000000,0.00000000,0.00392837,0.00000000,0.00000000,0.00000000,0.00000000,0.00000000,0.00000000,0.00000000,0.00000000,0.00000000,0.00000000,0.00000000,0.00000000,0.00000000,0.00000000,0.00000000,0.00000000,0.00000000,0.00000000,0.00000000,0.00000000,0.00000000,0.00000000,0.00000000,0.00000000,0.00000000,0.00000000,0.00000000,0.00000000,0.00000000,0.00000000,0.00000000,0.00000000,0.00000000,0.00000000,0.00000000,0.00000000,0.00000000,0.00000000,0.00000000,0.02119340,0.00000000,0.00000000,0.00000000,0.00000000,0.00000000,0.00000000,0.00000000,0.00000000,0.00249228,0.00701245,0.00000000,0.00000000,0.00000000,0.00000000,0.00000000,0.00068060,0.05596396,0.00000000,0.00000000,0.00000000,0.00000000,0.00000000,0.00000000,0.00000000,0.00000000,0.00000000,0.00000000,0.00000000,0.00000000,0.00000000,0.00000000,0.00000000,0.00647159,0.00000000,0.00000000,0.00000000,0.00377873,0.00466481,0.00000000,0.00000000,0.00000000,0.00000000,0.00000000,0.00000000,0.00000000,0.00000000,0.00000000,0.00000000,0.00000000,0.00000000,0.00000000,0.00000000,0.00000000,0.00000000,0.00000000,0.00000000,0.02873869,0.00000000,0.00000000,0.00000000,0.00000000,0.06032389,0.00000000,0.00000000,0.00000000,0.00000000,0.00000000,0.00000000,0.00000000,0.00000000,0.00000000,0.00000000,0.00000000,0.00000000,0.00000000,0.00000000,0.00000000,0.00000000,0.00000000,0.00000000,0.00000000,0.00000000,0.00000000,0.00000000,0.00000000,0.00000000,0.00000000,0.00000000,0.00000000,0.00000000,0.00000000,0.00000000,0.00000000,0.00000000,0.00411896,0.00000000,0.00069592,0.00000000,0.00359027,0.00000000,0.00000000,0.04350509,0.00000000,0.00000000,0.00000000,0.00000000,0.00000000,0.02242527,0.00000000,0.00000000,0.00000000,0.00144680,0.04114873,0.00000000,0.00369408,0.01329359,0.00660912,0.00000000,0.00000000,0.00000000,0.00000000,0.00000000,0.01018027,0.00000000,0.55991408,0.00000000,0.30789515,0.00000000,0.00000000,0.00000000,0.00000000,0.16196959,0.00000000,0.00000000,0.00000000,0.00000000,0.00000000,0.00000000,0.00137206,0.00000000,0.00000000,0.00000000,0.00000000,0.00000000,0.00000000,0.00000000,0.00000000,0.00000000,0.00000000,0.00000000,0.00000000,0.00000000,0.00000000,0.00000000,0.00000000,0.00000000,0.00000000,0.00000000,0.00000000,0.00000000,0.00000000,0.00000000,0.00000000,0.00500489,0.00000000,0.01165088,0.00000000,0.00000000,0.00000000,0.00000000,0.00000000,0.00000000,0.00000000,0.00000000,0.00000000,0.00000000,0.00000000,0.00000000,0.00000000,0.00000000,0.00000000,0.00000000,0.00337457,0.00000000,0.00000000,0.00000000,0.00000000,0.00000000,0.00000000,0.00000000,0.00000000,0.00000000,0.00000000,0.00000000,0.04270742,0.00000000,0.00000000,0.00000000,0.00000000,0.00000000,0.00000000,0.00000000,0.00000000,0.00000000,0.00000000,0.00000000,0.00000000,0.00000000,0.00000000,0.00000000,0.00000000,0.00000000,0.00285449,0.00000000,0.19652196,0.00000000,0.00000000,0.00000000,0.00000000,0.00000000,0.00000000,0.00000000,0.00000000,0.00000000,0.01273177,0.00611090,0.00000000,0.00000000,0.00000000,0.00000000,0.00000000,0.00000000,0.07113702,0.00000000,0.00000000,0.00000000,0.00000000,0.00000000,0.00000000,0.00000000,0.00000000,0.00000000,0.00000000,0.00000000,0.00000000,0.00000000,0.00000000,0.00000000,0.00000000,0.00000000,0.00000000,0.00000000,0.00000000,0.00000000,0.00000000,0.00000000,0.00000000,0.00000000,0.00000000,0.00000000,0.00000000,0.01017818,0.00000000,0.00000000,0.00000000,0.00000000,0.00000000,0.00000000,0.00000000,0.00000000,0.00239580,0.00000000,0.00000000,0.00000000,0.00000000,0.00000000,0.00335422,0.00000000,0.00000000,0.00000000,0.00000000,0.00000000,0.00000000,0.00000000,0.00000000,0.00000000,0.00000000,0.00000000,0.00000000,0.00000000,0.00000000,0.00000000,0.00000000,0.00000000,0.00000000,0.00000000,0.00000000,0.00000000,0.00000000,0.00000000,0.00000000,0.00000000,0.00000000,0.00000000,0.00000000,0.00263524,0.00000000,0.00000000,0.00000000,0.08384138,0.02522101,0.00517741,0.00000000,0.00000000,0.00000000,0.00000000,0.00000000,0.00000000,0.00000000,0.00000000,0.00000000,0.00000000,0.00000000,0.00000000,0.00000000,0.00000000,0.00000000,0.00000000,0.00334925,0.00000000,0.00000000,0.00188852,0.00000000,0.00000000,0.00000000,0.00000000,0.00000000,0.00000000,0.00000000,0.00000000,0.00000000,0.00358227,0.00000000,0.00000000,0.00000000,0.00000000,0.00000000,0.00000000,0.00000000,0.00000000,0.00000000,0.00177856,0.00000000,0.00000000,0.00000000,0.00000000,0.00000000,0.00000000,0.00000000,0.00000000,0.00000000,0.00000000,0.00000000,0.06651348,0.00000000,0.00000000,0.00000000,0.00000000,1.95670889,0.00000000,0.00000000,0.00000000,0.04614527,0.00544745,0.00000000,0.08254585,0.00000000,0.03980284,0.00000000,0.00000000,0.00000000,0.00000000,0.00000000,0.00000000,0.00000000,0.00000000,0.00000000,0.24612312,0.00000000,0.00000000,0.00000000,0.00763396,0.00000000,0.00000000,0.00000000,0.00000000,0.00000000,0.00000000,0.00000000,0.00000000,0.00000000,0.00000000,0.00494239,0.00000000,0.00000000,0.00000000,0.00000000,0.00000000,0.00000000,0.00000000,0.00000000,0.00000000,0.00000000,0.00000000,0.00000000,0.00000000,0.00000000,0.00594322,0.00000000,0.04299396,0.00000000,0.00000000,0.00000000,0.00000000,0.00000000,0.01710907,0.00000000,0.00000000,0.00000000,0.00000000,0.00000000,0.00000000,0.00000000,0.00000000,0.00000000,0.02205953,0.00000000,0.00000000,0.00000000,0.00345859,0.00000000,0.00000000,0.00000000,0.00000000,0.00000000,0.01271394,0.00988845,0.00915846,0.00000000,0.00000000,0.00387920,0.00000000,0.00000000,0.00000000,0.00000000,0.00000000,0.34738524,0.00000000,0.00000000,0.00000000,0.00000000,0.00000000,0.06719682,0.00000000,0.00000000,0.00000000,0.00000000,0.00282585,0.00000000,0.00000000,0.00000000,0.00000000,0.00000000,0.00000000,0.00000000,0.00000000,0.00000000,0.00000000,0.00000000,0.00000000,0.00000000,0.00000000,0.00000000,0.00000000,0.00000000,0.10566454,0.00000000,0.00000000,0.00000000,0.00000000,0.00000000,0.00000000,0.00644883,0.00000000,0.00000000,0.00000000,0.07867976,0.00000000,0.00000000,0.00000000,0.00000000,0.00000000,0.00000000,0.00000000,0.00000000,0.00000000,0.00000000,0.00000000,0.00000000,0.00000000,0.00000000,0.00000000,0.00000000,0.00000000,0.00000000,0.00000000,0.01490931,0.00000000,0.00000000,0.02049194,0.00000000,0.00000000,0.00000000,0.00000000,0.00000000,0.00000000,0.00615149,0.00000000,0.04357722,0.00591835,0.00000000,0.00000000,0.00000000,0.00000000,0.00000000,0.00000000,0.00000000,0.00185539,0.00000000,0.00000000,0.00000000,0.00000000,0.00000000,0.00000000,0.00000000,0.00000000,0.00000000,0.00000000,0.00000000,0.00777350,0.00000000,0.00000000,0.00420599,0.15083996,0.00000000,0.00000000,0.00000000,0.08880442,0.00000000,0.00000000,0.00000000,0.01954324,0.00000000,0.00496270,0.00000000,0.00000000,0.00000000,0.00000000,0.00000000,0.00000000,0.00000000,0.00000000,0.13161659,0.01937649,0.00000000,0.00000000,0.00453516,0.00000000,0.00000000,0.00000000,0.07825395,0.00000000,0.00266320,0.00000000,0.00123566,0.00229004,0.00000000,0.00000000,0.00000000,0.00000000,0.00000000,0.00000000,0.00000000,0.00000000,0.00000000,0.00000000,0.00212902,0.00000000,0.00000000,0.00000000,0.00000000,1.38930877,0.00000000,2.67984183,0.00000000,0.00000000,0.00484641,0.00430693,0.00000000,0.00000000,0.00000000,0.00000000,0.00000000,0.00000000,0.00000000,0.00000000,0.00000000,0.00000000,0.00000000,0.00000000,0.00000000,0.00000000,0.00000000,0.00000000,0.00000000,0.00000000,0.00000000,0.00000000,0.00000000,0.00000000,0.00000000,0.00000000,0.00083725,0.00000000,0.00000000,0.00000000,0.00458894,0.00000000,0.00000000,0.00000000,0.00000000,0.00000000,0.00993528,0.00000000,0.71103104,0.00000000,0.00000000,0.00000000,0.00000000,0.05948031,0.00000000,0.00000000,0.00000000,0.00000000,0.00000000,0.00000000,0.00000000,0.00000000,0.00000000,0.00000000,0.00000000,0.00000000,0.00000000,0.00000000,0.00211434,0.00000000,0.00000000,0.00000000,0.00000000,0.04790241,0.00000000,0.00000000,0.00000000,0.00000000,0.00000000,0.00000000,0.00000000,0.00000000,0.00000000,0.00000000,0.00742780,0.00000000,0.00000000,0.00000000,0.00000000,0.00000000,0.00000000,0.00000000,0.00000000,0.10386404,0.00000000,0.00082504,0.00000000,0.00000000,0.00000000,0.00000000,0.02027541,0.00000000,0.00000000,0.00000000,0.00000000,0.00000000,0.00000000,0.00000000,0.00000000,0.00000000
0.00000000,0.00000000,0.00000000,0.00118292,0.00000000,0.00000000,0.00000000,0.00000000,0.00000000,0.00000000,0.00000000,0.00000000,0.00000000,0.00000000,0.00000000,0.00000000,0.00000000,0.02118691,0.00000000,0.00000000,0.00000000,0.02169394,0.00000000,0.00000000,0.00000000,0.00000000,0.00895325,0.00000000,0.00227713,0.00000000,0.00000000,0.00000000,0.00000000,0.00000000,0.00000000,0.00000000,0.00000000,0.00000000,0.00000000,0.00000000,0.00000000,0.00000000,0.00000000,0.00000000,0.22025532,0.00000000,0.00000000,0.00000000,0.00000000,0.00000000,0.00000000,0.00000000,0.00000000,0.00000000,0.00526037,0.00000000,0.00000000,0.00000000,0.00000000,0.00000000,0.00000000,0.00000000,0.00000000,0.00000000,0.00000000,0.00000000,0.00000000,0.01160987,0.01007277,0.00000000,0.00000000,0.06203497,0.00000000,0.00000000,0.00000000,0.00135219,0.00000000,0.00000000,0.01798506,0.00000000,0.00000000,0.00000000,0.00000000,0.00000000,0.00000000,0.00000000,0.00000000,0.00000000,0.00000000,0.00000000,0.00000000,0.00000000,0.00000000,0.00777103,0.00000000,0.09774584,0.00000000,0.00000000,0.00000000,0.00000000,0.00291942,0.01351739,0.00000000,0.00000000,0.00000000,0.00645903,0.00000000,0.00000000,0.00000000,0.00459780,0.00000000,0.00000000,0.00000000,0.00000000,0.00000000,0.00000000,0.00000000,0.00000000,0.00000000,0.00000000,0.00000000,0.01330819,0.00000000,0.00044175,0.00000000,0.00000000,0.00000000,0.00000000,0.00000000,0.00000000,0.00000000,0.00000000,0.00000000,0.00000000,0.00000000,0.00000000,0.00000000,0.00000000,0.00000000,0.00000000,0.00000000,0.00000000,0.00000000,0.00000000,0.00000000,0.00000000,0.02774317,0.00000000,0.00000000,0.01026511,0.00000000,0.00000000,0.00000000,0.00000000,0.00000000,0.00000000,0.00000000,0.00000000,0.01401471,0.00000000,0.00000000,0.00000000,0.00000000,0.00000000,0.00000000,0.00000000,0.00000000,0.00000000,0.00000000,0.00000000,0.00000000,0.00000000,0.00000000,0.01146467,0.00000000,0.00000000,0.00000000,0.00000000,0.31128732,0.00000000,0.00000000,0.00000000,0.00000000,0.03823875,0.00000000,0.00000000,0.00000000,0.00000000,0.00000000,0.00000000,0.00000000,0.00000000,0.00000000,0.00000000,0.00000000,0.00000000,0.00000000,0.00000000,0.00000000,0.00000000,0.00000000,0.00000000,0.00000000,0.00000000,0.01005628,0.00000000,0.04288794,0.00000000,0.00500784,0.12331840,0.00000000,0.00000000,0.00000000,0.00000000,0.00000000,0.00000000,0.00000000,0.00000000,0.00000000,0.05703771,0.00287662,0.00000000,0.00000000,0.00000000,0.00000000,0.00000000,0.00000000,0.00000000,0.00113375,0.14872085,0.00000000,0.00958153,0.00000000,0.00000000,0.00000000,0.00000000,0.00000000,0.00000000,0.00000000,0.00000000,0.00000000,0.05961631,0.00000000,0.00000000,0.00000000,0.00000000,0.00485040,0.00000000,0.00000000,0.00000000,0.00000000,0.00000000,0.00000000,0.00000000,0.00000000,0.00000000,0.00000000,0.00000000,0.00000000,0.00000000,0.00000000,0.00000000,0.00000000,0.00000000,0.00000000,0.00000000,0.00000000,0.00299379,0.00000000,0.00000000,0.00000000,0.00000000,0.00000000,0.00000000,0.00000000,0.00000000,0.00000000,0.00000000,0.00165225,0.00775707,0.00000000,0.00000000,0.00000000,0.00185707,0.01060158,0.00000000,0.00000000,0.00000000,0.00000000,0.00000000,0.00000000,0.00000000,0.00696751,0.00000000,0.00000000,0.00000000,0.00000000,0.00000000,0.02154980,0.00000000,0.00596711,0.00000000,0.00000000,0.00000000,0.00000000,0.00000000,0.00000000,0.00000000,0.00000000,0.00000000,0.00000000,0.00000000,0.00000000,0.00000000,0.00000000,0.00000000,0.00000000,0.02555152,0.00000000,0.00000000,0.01355625,0.00000000,0.00000000,0.00000000,0.00000000,0.00000000,0.00000000,0.00000000,0.00000000,0.00000000,0.00000000,0.00000000,0.00000000,0.00000000,0.01258572,0.00758024,0.00000000,0.02456675,0.00000000,0.00000000,0.00000000,0.00000000,0.00000000,0.00000000,0.00000000,0.00000000,0.00000000,0.01046465,0.00000000,0.81868676,0.00000000,0.00227801,0.00000000,0.00000000,0.00000000,0.00000000,0.00000000,0.00000000,0.00000000,0.00000000,0.00000000,0.00446723,0.00000000,0.00000000,0.01536209,0.00000000,0.00289728,0.00000000,0.00000000,0.00000000,0.00000000,0.00000000,0.00000000,0.00000000,0.00000000,0.00000000,0.00000000,0.00000000,0.00000000,0.00000000,1.30459554,0.00000000,0.00000000,0.02577461,0.00000000,0.00000000,0.00000000,0.00000000,0.00000000,0.00000000,0.00000000,1.62850650,0.00723483,0.00000000,0.00000000,0.00000000,0.00000000,0.00623144,0.00000000,0.00000000,0.00000000,0.00000000,0.00000000,0.01522334,0.00000000,0.00145755,0.00000000,0.00000000,0.00000000,0.00000000,0.00000000,0.00000000,0.00000000,0.00000000,0.00000000,0.00000000,0.00000000,0.00000000,0.00000000,0.00000000,0.00361098,0.00000000,0.00000000,0.00285812,0.00000000,0.00000000,0.00000000,0.00000000,0.00000000,0.00000000,0.00000000,0.00000000,0.00000000,0.00000000,0.00000000,0.00000000,0.00000000,0.00000000,0.00000000,0.00000000,0.00000000,0.00000000,0.00000000,0.00000000,0.00746242,0.00000000,0.00000000,0.00000000,0.00000000,0.00000000,0.01855563,0.00000000,0.00000000,0.00315377,0.00000000,0.00000000,0.00000000,0.00000000,0.00280114,0.00000000,0.00000000,0.00000000,0.00000000,0.00000000,0.00000000,0.00000000,0.00000000,0.00000000,0.01327640,0.00000000,0.00000000,0.00000000,0.00000000,0.00000000,0.00000000,0.00000000,0.00000000,0.00000000,0.00000000,0.00000000,0.00000000,0.00000000,0.00000000,0.00000000,0.00000000,0.00000000,0.00000000,0.00000000,0.06659721,0.00000000,0.00000000,0.00000000,0.00000000,0.00000000,0.00000000,0.00560911,0.00000000,0.00000000,0.00000000,0.00000000,0.00000000,0.00000000,0.00000000,0.00000000,0.00000000,0.00000000,0.00000000,0.00000000,0.00000000,0.00000000,0.00000000,0.00000000,0.00000000,0.00000000,0.00000000,0.00627089,0.00000000,0.00000000,0.00932084,0.00000000,0.00000000,0.00000000,0.00000000,0.02310350,0.00000000,0.00000000,0.00000000,0.00000000,0.00090786,0.00000000,0.00000000,0.00000000,0.00000000,0.00000000,0.00000000,0.00000000,0.00000000,0.00000000,0.00000000,0.00000000,0.00000000,0.00000000,0.00000000,0.00000000,0.00261044,0.00000000,0.00000000,0.00000000,0.00000000,0.00000000,0.00274639,0.98199882,0.00000000,0.00000000,0.00639174,0.00000000,0.00000000,0.00000000,0.00000000,0.00000000,0.00000000,0.00000000,0.00000000,0.00000000,0.00000000,0.00000000,0.01050073,0.00327244,0.00000000,0.00000000,0.00000000,0.03830919,0.00000000,0.00000000,0.01689778,0.00000000,0.00000000,0.00000000,0.00000000,0.00000000,0.00000000,0.00000000,0.00000000,0.00000000,0.00000000,0.00000000,0.00000000,0.00000000,0.00000000,0.01577928,0.04848050,0.00000000,0.00000000,0.00000000,0.00000000,0.00000000,0.00000000,0.00000000,0.00000000,0.00000000,0.10165626,0.00000000,0.00000000,0.00582780,0.00000000,0.00000000,0.00000000,0.00000000,0.00000000,0.01805708,0.00000000,0.00000000,0.00000000,0.00000000,0.00000000,0.00000000,0.00000000,0.00000000,0.00000000,0.00000000,0.00000000,0.00000000,0.00000000,0.00000000,0.00000000,0.00000000,0.00000000,0.00000000,0.03153589,0.00000000,0.01044815,0.00000000,0.00000000,0.00000000,0.00000000,0.00975569,0.00000000,0.00000000,0.00000000,0.00000000,0.00000000,0.00000000,0.00000000,0.00000000,0.00000000,0.00000000,0.00000000,0.00000000,0.00000000,0.00000000,0.00000000,0.00000000,0.00000000,0.00000000,0.01155069,0.20753619,0.00000000,0.00000000,0.00000000,0.00795947,0.00000000,0.00000000,0.00000000,0.00000000,0.00000000,0.00000000,0.00000000,0.00000000,0.00428409,0.00000000,0.00000000,0.00000000,0.01955279,0.00000000,0.00000000,0.00000000,0.00000000,0.00000000,0.00000000,0.00000000,0.00789252,0.00000000,0.00000000,0.00000000,0.00000000,0.00000000,0.00000000,0.00000000,0.06321384,0.00000000,0.00000000,0.00000000,0.00000000,0.00000000,0.00000000,0.00000000,0.00000000,0.00000000,0.00000000,0.00000000,0.02956474,0.00000000,0.00000000,0.00000000,0.00000000,0.01120097,0.00000000,0.04179469,0.00000000,0.00000000,0.02001217,0.00000000,0.00000000,0.00000000,0.00457285,0.00000000,0.00000000,0.00000000,0.00000000,0.00000000,0.00000000,0.00000000,0.00000000,0.00000000,0.00000000,0.00000000,0.00000000,0.00000000,0.33094912,0.00000000,0.00000000,0.00000000,0.00000000,0.00000000,0.00000000,0.00000000,0.00000000,0.00000000,0.00000000,0.00000000,0.00000000,0.00000000,0.00000000,0.00000000,0.00000000,0.00000000,0.00000000,0.00000000,0.00621786,0.00000000,0.00000000,0.00000000,0.00000000,0.00000000,0.00000000,0.00000000,0.00119211,0.00000000,0.00000000,0.00000000,0.08803037,0.00000000,0.00000000,0.00000000,0.00000000,0.00000000,0.00000000,0.00000000,0.00000000,0.00000000,0.00000000,0.00352225,0.00000000,0.00000000,0.00681792,0.00000000,0.00000000,0.00000000,0.00000000,0.02386385,0.00000000,0.00143982,0.00000000,0.00000000,0.00000000,0.00000000,0.00000000,0.00000000,0.01372436,0.00000000,0.00000000,0.00000000,0.00000000,0.00000000,0.00000000,0.00000000,0.00000000,0.00000000,0.00091237,0.00000000
0.00000000,0.00000000,0.00000000,0.01086749,0.00000000,0.00000000,0.00000000,0.00000000,0.00000000,0.00000000,0.00000000,0.00000000,0.00000000,0.00000000,0.00000000,0.00000000,0.00000000,0.00000000,0.00000000,0.00000000,0.01717203,0.00000000,0.00000000,0.00000000,0.00000000,0.00000000,0.00000000,0.00000000,0.00768900,0.00000000,0.00000000,0.00000000,0.02754598,0.00000000,0.00000000,0.00000000,0.00000000,0.00000000,0.00000000,0.00280171,0.00212977,0.01133060,0.00000000,0.00000000,0.00000000,0.00000000,0.00000000,0.00000000,0.00000000,0.00000000,0.00000000,0.00000000,0.00000000,0.00000000,0.00000000,0.00000000,0.00000000,0.00000000,0.00000000,0.00000000,0.00000000,0.00000000,0.00000000,0.00000000,0.00164885,0.00000000,0.00000000,0.00467949,0.00000000,0.00000000,0.00000000,0.00000000,0.00639900,0.00000000,0.00000000,0.00233105,0.00000000,0.00000000,0.00000000,0.00000000,0.02594025,0.00000000,0.00000000,0.00000000,0.00000000,0.00351979,0.00000000,0.00384847,0.00000000,0.00000000,0.00000000,0.00000000,0.00000000,0.00000000,0.00000000,0.00000000,0.00000000,0.00942486,0.00000000,0.00000000,0.04041428,0.00000000,0.00000000,0.00000000,0.00000000,0.00000000,0.00000000,0.00000000,0.00000000,0.00000000,0.00000000,0.00000000,0.00000000,0.00000000,0.00000000,0.00000000,0.00000000,0.00000000,0.00000000,0.00000000,0.00343371,0.00000000,0.00000000,0.00000000,0.00000000,0.06082356,0.00000000,0.00000000,0.00000000,0.00000000,0.00000000,0.00000000,0.00000000,0.00000000,0.10318554,0.00000000,0.00000000,0.00596855,0.00000000,0.00000000,0.00000000,0.00000000,0.01566602,0.02288810,0.00000000,0.00000000,0.00000000,0.00000000,0.00000000,0.00000000,0.00000000,0.00000000,0.00000000,0.00000000,0.00000000,0.00000000,0.00000000,0.01349912,0.00000000,0.00307892,0.00895764,0.00000000,0.00000000,0.00240563,0.00000000,0.00000000,0.00000000,0.00000000,0.00000000,0.00000000,0.00000000,0.00000000,0.00000000,0.00000000,0.00000000,0.00000000,0.00000000,0.00107351,0.00000000,0.00000000,0.05339640,0.00000000,0.00000000,0.00000000,0.00000000,0.00000000,0.00435331,0.00000000,0.00000000,0.00000000,0.00000000,0.00457337,0.00000000,0.00000000,0.00000000,0.00000000,0.00324379,0.00000000,0.00000000,0.00000000,0.00000000,0.00000000,0.00000000,0.00000000,0.00000000,0.00000000,0.00000000,0.00000000,0.00000000,0.00000000,0.02478184,0.00000000,0.00000000,0.00000000,0.00000000,0.02564131,0.00000000,0.00000000,0.00000000,0.00000000,0.00418978,0.00000000,0.00000000,0.00000000,0.00000000,0.01679228,0.00000000,0.00000000,0.00000000,0.00000000,0.00000000,0.00000000,0.00000000,0.00000000,0.00000000,0.00000000,0.00000000,0.00604709,0.00000000,0.00000000,0.00000000,0.00000000,0.00000000,0.00000000,0.00000000,0.00000000,0.00000000,0.00000000,0.00000000,0.00000000,0.00000000,0.00000000,0.00000000,0.00000000,0.00000000,0.00054148,0.00000000,0.00000000,0.00000000,0.00000000,0.00000000,0.00000000,0.00000000,0.00000000,0.00000000,0.00000000,0.00000000,0.00000000,0.00000000,0.00292404,0.19366774,0.00000000,0.00000000,0.00000000,0.01508845,0.00000000,0.00000000,0.00000000,0.00000000,0.00000000,0.00000000,0.01138132,0.00000000,0.00000000,0.00274714,0.00000000,0.00000000,0.00000000,0.00000000,0.00000000,0.00000000,0.00000000,0.00000000,3.36776367,0.00000000,0.00364983,0.00000000,0.00000000,0.00000000,0.00000000,0.00000000,0.00000000,0.00000000,0.00000000,0.00000000,0.00000000,0.00000000,0.00000000,0.00000000,0.00000000,0.00000000,0.00000000,0.00276982,0.00000000,0.00000000,0.00000000,0.00000000,0.00194349,0.00000000,0.00000000,0.00000000,0.00000000,0.00000000,0.00000000,0.00000000,0.00000000,0.00000000,0.00000000,0.00000000,0.00626273,0.00748048,0.00000000,0.00000000,0.00256497,0.00000000,0.00000000,0.00000000,0.00000000,0.00000000,0.00000000,0.00091024,0.00000000,0.00113416,0.00000000,0.00000000,0.00000000,0.00000000,0.00000000,0.00000000,0.00000000,0.00000000,0.01689233,0.00000000,0.00000000,0.00000000,0.00000000,0.56656410,0.00000000,0.00000000,0.00000000,0.00000000,0.00000000,0.00000000,0.31784909,0.00000000,0.00000000,0.00000000,0.00000000,0.00000000,0.00284487,0.00000000,0.00000000,0.00000000,0.00000000,0.00000000,0.09427688,0.08514213,1.75609142,0.00000000,0.00000000,0.00000000,0.00000000,0.00000000,0.00000000,0.00000000,0.00000000,0.01986815,0.00000000,0.00000000,0.00000000,0.00000000,0.00000000,0.00000000,0.00000000,0.00855675,0.00000000,0.00000000,0.00000000,0.00000000,0.00000000,0.00000000,0.00000000,0.00000000,0.00000000,0.00000000,0.00000000,0.61350738,0.00000000,0.00000000,0.00000000,0.00000000,0.00000000,0.00000000,0.00000000,0.00000000,0.00000000,0.00000000,0.00000000,0.00000000,0.00000000,0.00000000,0.00000000,0.00000000,0.00000000,0.00000000,0.00000000,0.00000000,0.00000000,0.00000000,0.00000000,0.00000000,0.00000000,0.00000000,0.00000000,0.00000000,0.00000000,0.00000000,0.00000000,0.00000000,0.00000000,0.00000000,0.00000000,0.00000000,0.00000000,0.00000000,0.00198988,0.07218306,0.00000000,0.00000000,0.00000000,0.00000000,0.00000000,0.00000000,0.00000000,0.00000000,0.00000000,0.00000000,0.00000000,0.00000000,0.00308186,0.00000000,0.00000000,0.00000000,0.00000000,0.00000000,0.00000000,0.02647002,0.00000000,0.00000000,0.00000000,0.00000000,0.00000000,0.00069583,0.00000000,0.00000000,0.00000000,0.00000000,0.00000000,0.00000000,0.00000000,0.00000000,0.00563856,0.00642525,0.00000000,0.00000000,0.16160036,0.00000000,0.00000000,0.00000000,0.00000000,0.00000000,0.00000000,0.00000000,0.00000000,0.00000000,0.00000000,0.00000000,0.00431168,0.00000000,0.00000000,0.00000000,0.00000000,0.00000000,0.00000000,0.00000000,0.02497552,0.00000000,0.00000000,0.00000000,0.00000000,0.00691607,0.00000000,0.00000000,0.00000000,0.00000000,0.00000000,0.00000000,0.00000000,0.00103538,0.00000000,0.00000000,0.00000000,0.00000000,0.00000000,0.00000000,0.00000000,0.00000000,0.00000000,0.00000000,0.00223277,0.00000000,0.00000000,0.00000000,0.00000000,0.00525490,0.00000000,0.00000000,0.00000000,0.00000000,0.00000000,0.00000000,0.00000000,0.00000000,0.00807965,0.00000000,0.00000000,0.00000000,0.00000000,0.00000000,0.00000000,0.00000000,0.00000000,0.00000000,0.00000000,0.00000000,0.00000000,0.02511216,0.00000000,0.00000000,0.00000000,0.00000000,0.00000000,0.00000000,0.00000000,0.00167464,0.00000000,0.00000000,0.00000000,0.00000000,0.00000000,0.00000000,0.00000000,0.00000000,0.00000000,0.00000000,0.00000000,0.00000000,0.03404352,0.00202501,0.00000000,0.00000000,0.43562602,0.00000000,0.00000000,0.00092643,0.00000000,0.00000000,0.00000000,0.00000000,0.06463731,0.00000000,0.00000000,0.00000000,0.00000000,0.00000000,0.00000000,0.00000000,0.00000000,0.00000000,0.00000000,0.00000000,0.00000000,0.00352442,0.00000000,0.00000000,0.00000000,0.11445216,0.00000000,0.00000000,0.00000000,0.00000000,0.00000000,0.00000000,0.00000000,0.00000000,0.00000000,0.00428527,0.00000000,0.00000000,0.91188586,0.00000000,0.00000000,0.00000000,0.00000000,0.00000000,0.00000000,0.00000000,0.00000000,0.00000000,0.00000000,0.00000000,0.00000000,0.00000000,0.00000000,0.00000000,0.00000000,0.00000000,0.00000000,0.00000000,0.00000000,0.00355825,0.01841884,0.00000000,0.00180584,0.00000000,0.00000000,0.00000000,0.00000000,0.00767440,0.00000000,0.00000000,0.00000000,0.02507167,0.00069362,0.00000000,0.00000000,0.00000000,0.00000000,0.00000000,0.00000000,0.00000000,0.00000000,0.00000000,0.07369509,0.00000000,0.02004662,0.00000000,0.00000000,0.00000000,0.00000000,0.00000000,0.00000000,0.00000000,0.00000000,0.00000000,0.00000000,0.00000000,0.00000000,0.00000000,0.00000000,0.00000000,0.00000000,0.00000000,0.00000000,0.00138147,0.00000000,0.00000000,0.00000000,0.00000000,0.00000000,0.00000000,0.00000000,0.00000000,0.00000000,0.00000000,0.00000000,0.80830058,0.00000000,0.00000000,0.00000000,0.00000000,0.00505429,0.00000000,0.00000000,0.00000000,0.00128418,0.00000000,0.00000000,0.00000000,0.00000000,0.00000000,0.00000000,0.00270981,0.00000000,0.00575091,0.00156298,0.00000000,0.00000000,0.00000000,0.00000000,0.00000000,0.00825506,1.78286312,0.00000000,0.00000000,0.00000000,0.00000000,0.00000000,0.00000000,0.00000000,0.00000000,0.00000000,0.00000000,0.00000000,0.00000000,0.00000000,0.00000000,0.00000000,0.00000000,0.00000000,0.00000000,0.00000000,0.00000000,0.00000000,0.00000000,0.00000000,0.00096619,0.00000000,0.00000000,0.00000000,0.04124309,0.48279150,0.00000000,0.00000000,0.00000000,0.00205281,0.00000000,0.00582403,0.00000000,0.00000000,0.00000000,0.00000000,0.00000000,0.00000000,0.00000000,0.00000000,0.04829961,0.00000000,0.00000000,0.00000000,0.00000000,0.00000000,0.01021957,0.00000000,0.00000000,0.00000000,0.00000000,0.00000000,0.00000000,0.00000000,0.00000000,2.61207883,0.00000000,0.00000000,0.00000000,0.00000000,0.00000000,0.00000000,0.00000000,0.00000000,0.00000000,0.00000000,0.00000000,0.00000000,0.00000000,0.00824669,0.00000000,0.00000000,0.00000000,0.02361541
0.00000000,0.00000000,0.00000000,0.00000000,0.00000000,0.00000000,0.00000000,0.04844084,0.00000000,0.01206810,0.00000000,0.00000000,0.00000000,0.00000000,0.00000000,0.00000000,0.00000000,0.00000000,0.00000000,0.00000000,0.00000000,0.00000000,0.00000000,0.00000000,0.01234963,0.00000000,0.00000000,0.00000000,0.00000000,0.00000000,0.00000000,0.00000000,0.00000000,0.00000000,0.00000000,0.00000000,0.00000000,0.00000000,0.00000000,1.06438572,0.00000000,0.00000000,0.00000000,0.00000000,0.00000000,0.00000000,0.00000000,0.06508196,0.00000000,0.00000000,0.00625445,0.00000000,0.00000000,0.00000000,0.00000000,0.00000000,0.00445894,0.00000000,0.00000000,0.00000000,0.00000000,0.00000000,0.00000000,0.00000000,0.00000000,0.00000000,0.00154418,0.00000000,0.00824493,0.00133224,0.00000000,0.00000000,0.00000000,0.00000000,0.00000000,0.00000000,0.00000000,0.00000000,0.00997302,0.00000000,0.00000000,0.00000000,0.00000000,0.00000000,0.00000000,0.00000000,0.00000000,0.00000000,0.00000000,0.00000000,0.00000000,0.00000000,0.01536857,0.00000000,0.00000000,0.00000000,0.07091839,0.00000000,0.00479985,0.00000000,0.00000000,0.00000000,0.00000000,0.00000000,0.00000000,0.04027518,0.00000000,0.00000000,0.00000000,0.00000000,0.03965700,0.07829902,0.00000000,0.00000000,0.00000000,0.00000000,0.00000000,0.06362803,0.00000000,0.00000000,0.00000000,0.00000000,0.00000000,0.00000000,0.00000000,0.00000000,0.00000000,0.01310105,0.00661703,0.00000000,0.00000000,0.00000000,0.00000000,0.00000000,0.00000000,0.00000000,0.00000000,0.00000000,0.00000000,0.06050045,0.00591047,0.00000000,0.00000000,0.00000000,0.00000000,0.00000000,0.00342483,0.00000000,0.00000000,0.00000000,0.00000000,0.00000000,0.00000000,0.00000000,0.00000000,0.00000000,0.00000000,0.00000000,0.01347318,0.00000000,0.00000000,0.11737400,0.00000000,0.00000000,0.00000000,0.00224424,0.00000000,0.00000000,0.00000000,0.00000000,0.00000000,0.00000000,0.00000000,0.00000000,0.00000000,0.00000000,0.00000000,1.75488679,0.00000000,0.00000000,0.00073449,0.00477546,0.00000000,0.00000000,0.00000000,0.00000000,0.00000000,0.00000000,0.00000000,0.00098625,0.00000000,0.00200213,0.00000000,0.00000000,0.00000000,0.00000000,0.00000000,0.00000000,0.00000000,0.00443853,0.01741551,0.00000000,0.00000000,0.02107607,0.00000000,0.00000000,0.00000000,0.00171334,0.00000000,0.00490152,0.00000000,0.00000000,0.00565466,0.00000000,0.00000000,0.00000000,0.00000000,0.00000000,0.00148674,0.00000000,0.00000000,0.00000000,0.00000000,0.00000000,0.00000000,0.00395116,0.00000000,0.00000000,0.00000000,0.00420277,0.00000000,0.00000000,0.00000000,0.00000000,0.00000000,0.00000000,0.00000000,0.00000000,0.00000000,0.00000000,0.00000000,0.00000000,0.00000000,0.00000000,0.00000000,0.00739777,0.00000000,0.00000000,0.00000000,0.00000000,0.00125215,0.00000000,0.00000000,0.00000000,0.00875227,0.00000000,0.00321668,0.00000000,0.00000000,0.00000000,0.00000000,0.00000000,0.00000000,0.00000000,0.00000000,0.00000000,0.00000000,0.00000000,0.00000000,0.00000000,0.00000000,0.00000000,0.00000000,0.00000000,0.00000000,0.00000000,0.00000000,0.01218645,0.00000000,0.00000000,0.00000000,0.00000000,0.00425179,0.14842132,0.00000000,0.02174029,0.00000000,0.00000000,0.00000000,0.00710740,0.01395818,0.00000000,0.00000000,0.00000000,0.00000000,0.00000000,0.01174017,0.00000000,0.00000000,0.00000000,0.00000000,0.00000000,0.00000000,0.00000000,0.00000000,0.00000000,0.00000000,0.00000000,0.00000000,0.00000000,0.00000000,0.00000000,0.00000000,0.00000000,0.00000000,0.00000000,0.00000000,0.00000000,0.00000000,0.00000000,0.03669612,0.00000000,0.00100179,0.00000000,0.00000000,0.00000000,0.00000000,0.00000000,0.00000000,0.14357571,0.00000000,0.00226666,0.00000000,0.00000000,0.00000000,0.00000000,0.00000000,0.00000000,0.00000000,0.00000000,0.00000000,0.00000000,0.00000000,0.00000000,0.00000000,0.00000000,0.00000000,0.00000000,0.00000000,0.00477384,0.00000000,0.00521216,0.00000000,0.00074575,0.00000000,0.00000000,0.00000000,0.00268242,0.00000000,0.00000000,0.00418671,0.00000000,0.00000000,0.00000000,0.00000000,0.00000000,0.00204307,0.00000000,0.00000000,0.00000000,3.16908083,0.00000000,0.00000000,0.00000000,0.00000000,0.00000000,0.00000000,0.00000000,0.00000000,0.00000000,0.00000000,0.02093477,0.02226104,0.00000000,0.00000000,0.00000000,0.00000000,0.00000000,0.00000000,0.00000000,0.00000000,0.00000000,0.00000000,0.00000000,0.00000000,0.00000000,0.00000000,0.00000000,0.00000000,0.00000000,0.00000000,0.02057149,0.00000000,0.00000000,0.00000000,0.00000000,0.00230446,0.01745457,0.00875600,0.00000000,0.00335529,0.00000000,0.00000000,0.00000000,0.00000000,0.00000000,0.00000000,0.00000000,0.00000000,0.00000000,0.00000000,0.00245102,0.00000000,0.00000000,0.00000000,0.00000000,0.00000000,0.00000000,0.00000000,0.00000000,0.00000000,0.00000000,0.00000000,0.00212583,0.00000000,0.00000000,0.00000000,0.00000000,0.00000000,0.00000000,0.00000000,0.00470859,0.00000000,0.00000000,0.06383107,0.00000000,0.00000000,0.00000000,0.00000000,0.00000000,0.00000000,0.00000000,0.00000000,0.00000000,0.00000000,0.00000000,0.00000000,0.00000000,0.00000000,0.00000000,0.00000000,0.00000000,0.00541119,0.00000000,0.00386609,0.00000000,0.00000000,0.00000000,0.00000000,0.00000000,0.03024342,0.00000000,0.00000000,0.00000000,0.00000000,0.00000000,0.00000000,0.00000000,0.00000000,0.00000000,0.00000000,0.00000000,0.00000000,0.00000000,0.00000000,0.00000000,0.00000000,0.00000000,0.00000000,0.00000000,0.00000000,0.00000000,0.00000000,0.00000000,0.00000000,0.00155000,0.03065384,0.00000000,0.00000000,0.00000000,0.00000000,0.00000000,0.00000000,0.00000000,0.00000000,0.00000000,0.00000000,0.00000000,0.00000000,0.00000000,0.00000000,0.00000000,0.00000000,0.00000000,0.00000000,0.00000000,0.00332608,0.00223458,0.00000000,0.00000000,0.00000000,0.00000000,0.00000000,0.00000000,0.00000000,0.31562400,0.00000000,0.00000000,0.00000000,0.00000000,0.00000000,0.00000000,0.00000000,0.00000000,0.00000000,0.00000000,0.00000000,0.00000000,0.00000000,0.00000000,0.00000000,0.00119006,0.00000000,0.00000000,0.00000000,0.00000000,0.00000000,0.00000000,0.00000000,0.00000000,0.00000000,0.05462812,0.00000000,0.00000000,0.00000000,0.00000000,0.00000000,0.00000000,0.00000000,0.00000000,0.00000000,0.00000000,0.00000000,0.00000000,0.00000000,0.00000000,0.00000000,0.00000000,0.00000000,0.00000000,0.00000000,0.00000000,0.00000000,0.00000000,0.00000000,0.00000000,0.00289893,0.00000000,0.00000000,0.00000000,0.00000000,0.00000000,0.00000000,0.00000000,0.00000000,0.00888498,0.00000000,0.00000000,0.00000000,0.00000000,0.00000000,0.00000000,0.00000000,0.00000000,0.00246344,0.00000000,0.00000000,0.00000000,0.00000000,0.00000000,0.00000000,0.00000000,0.00000000,0.00000000,0.00000000,0.00000000,0.00000000,0.00000000,0.00000000,0.00000000,0.00000000,0.00000000,0.00000000,0.00000000,0.00000000,0.00000000,0.00000000,0.00000000,0.00000000,0.00000000,0.00000000,0.00000000,0.00000000,0.00000000,0.00000000,0.00000000,0.00000000,0.00000000,2.96237448,0.67476052,0.00000000,0.01290279,0.00000000,0.00000000,0.00000000,0.00000000,0.00000000,0.00632743,0.00000000,0.00000000,0.00000000,0.00000000,0.00000000,0.00000000,0.00000000,0.00000000,0.00000000,0.00000000,0.00000000,0.00000000,0.00000000,0.00000000,0.00000000,0.00420598,0.00000000,0.00000000,0.00000000,0.00000000,0.00000000,0.00000000,0.00000000,0.00000000,0.00000000,0.00249055,0.00000000,0.00000000,0.00122043,0.00000000,0.00000000,0.00000000,0.00000000,0.00000000,0.00000000,0.00083929,0.00000000,0.00000000,0.00390490,0.00000000,0.04481788,0.00000000,0.00000000,0.00000000,0.00000000,2.18518109,0.00000000,0.01482183,0.00297484,0.00000000,0.00070795,0.00000000,0.00000000,0.00000000,0.00000000,0.00000000,0.00000000,0.00000000,0.00000000,0.00000000,0.00000000,0.00461754,0.00000000,0.00207717,0.00000000,0.00000000,0.00594275,0.00000000,0.00000000,0.00000000,0.00362864,0.00000000,0.00000000,0.00000000,0.00146620,0.00000000,0.00000000,0.00000000,0.00000000,0.00000000,0.00000000,0.00000000,0.00000000,0.00000000,0.00000000,0.00000000,0.00000000,0.00000000,0.00000000,0.00000000,0.00000000,0.00000000,0.00000000,0.00000000,0.00000000,0.00000000,0.00000000,0.00000000,0.00000000,0.01015115,0.00000000,0.00000000,0.00000000,0.00930367,0.00000000,0.00000000,0.00000000,0.00000000,0.00000000,0.00000000,0.00000000,0.00000000,0.02216533,0.00000000,0.00442953,0.00000000,0.00000000,0.00000000,0.00000000,0.00000000,0.00000000,0.00000000,0.00000000,0.00000000,0.00000000,0.00000000,0.00000000,0.00000000,0.00000000,0.00000000,0.00000000,0.00000000,0.00000000,0.00000000,0.04201444,0.00000000,0.00000000,0.00000000,0.00000000,0.00000000,0.00000000,0.00000000,0.00000000,0.00000000,0.00000000,0.00000000,0.00000000,0.00000000,0.00000000,0.00000000,0.01072693,0.00000000,0.00000000,0.00867705,0.00000000,0.00000000,0.00104317,0.07582677,0.00000000,0.00000000,0.00000000,0.00000000
0.00000000,0.00000000,0.00000000,0.00000000,0.00000000,0.00000000,0.00000000,0.00000000,0.00000000,0.00000000,0.00000000,0.00000000,0.00000000,0.00000000,0.00000000,0.00000000,0.00000000,0.00000000,0.00000000,0.00000000,0.00000000,0.00000000,0.00000000,0.00000000,0.00000000,0.02600098,0.01349733,0.00000000,0.00000000,0.00000000,0.00000000,0.00739533,0.01137602,0.00000000,0.00000000,0.00000000,0.00000000,0.00000000,0.00000000,0.00078988,0.00000000,0.00000000,0.00000000,0.00000000,0.00000000,0.01161427,0.00000000,0.00000000,0.00000000,0.00000000,0.00000000,0.00000000,0.02957127,0.00000000,0.00000000,0.01417779,0.00000000,0.00000000,0.04064854,0.00000000,0.00000000,0.00000000,0.02545963,0.00000000,0.00000000,0.00000000,0.00000000,0.48902541,0.00000000,0.00000000,0.00000000,0.03496168,0.00000000,0.00000000,0.00000000,0.00000000,0.00000000,0.00000000,0.00000000,0.00000000,0.00000000,0.00000000,0.00000000,0.00351979,0.00000000,0.00000000,0.00000000,0.00131652,0.00000000,0.00000000,0.00526763,0.00000000,0.00000000,0.00000000,0.00000000,0.00000000,0.00000000,0.00000000,0.00000000,0.00191055,0.02862480,0.00000000,0.00000000,0.01436282,0.00000000,0.00000000,0.00000000,0.00000000,0.01255474,0.00000000,0.00000000,0.00000000,0.01788171,0.00000000,0.00000000,0.00000000,0.00000000,0.00000000,0.00000000,0.00000000,0.00000000,0.00000000,0.00000000,0.00000000,0.00000000,0.00000000,0.00000000,0.00000000,0.00000000,0.00000000,0.00000000,0.00000000,0.00000000,0.00000000,0.00000000,0.00000000,0.00000000,0.00000000,0.00000000,0.00000000,0.00000000,0.00000000,0.00000000,0.01209643,0.00417571,0.00000000,0.00000000,0.00100085,0.00000000,0.00000000,0.00373002,0.02406004,3.17751930,0.00000000,0.00000000,0.00000000,0.00000000,0.00000000,0.00000000,0.00000000,0.00000000,0.00000000,0.00000000,0.00000000,0.00000000,0.02493234,0.00000000,0.00000000,0.00000000,0.00000000,0.00000000,0.00000000,0.00000000,0.00000000,0.00000000,0.00000000,0.00000000,0.00000000,0.00000000,0.00000000,0.00000000,0.00000000,0.00125641,0.00000000,0.00000000,0.00000000,0.00000000,0.00133918,0.00000000,0.00000000,0.00000000,0.00000000,0.00000000,0.00000000,0.00000000,0.01013997,0.00000000,0.00269577,0.00000000,0.00000000,0.00000000,0.00000000,0.00000000,0.00000000,0.00000000,0.00000000,0.00000000,0.00000000,0.00637444,0.00000000,0.00000000,0.00000000,0.00000000,0.00000000,0.00297073,0.00113035,0.00000000,0.00000000,0.00000000,0.00391956,0.00000000,0.00000000,0.00000000,0.00000000,0.00000000,0.00000000,0.00000000,0.00000000,0.00000000,0.00000000,0.00000000,0.00000000,0.00000000,0.00000000,0.00000000,0.00000000,0.00000000,0.00000000,0.00000000,0.00000000,0.00000000,0.00000000,0.00000000,0.00000000,0.00000000,0.00000000,0.00000000,0.00000000,0.00000000,0.00000000,0.00000000,0.00000000,0.00000000,0.00000000,0.00000000,0.00000000,0.00000000,0.00000000,0.00000000,0.00000000,0.00000000,0.00000000,0.00000000,0.00000000,0.00000000,0.00000000,0.00000000,0.01003224,0.00000000,0.00000000,0.00000000,0.00000000,0.00000000,0.10735512,0.00000000,0.00000000,0.00000000,0.00000000,0.00000000,0.00000000,0.00000000,0.00089426,0.00000000,0.00000000,0.90899528,0.00000000,0.00000000,0.00000000,0.00000000,0.00000000,0.00000000,0.00000000,0.00000000,0.00000000,0.00072485,0.00000000,0.00000000,0.00000000,0.00000000,0.00000000,0.00000000,0.00000000,0.00819958,0.00000000,0.00000000,0.00000000,0.00000000,0.00000000,0.00000000,0.00000000,0.00000000,0.00000000,0.00000000,0.00000000,0.00000000,0.00089809,0.00000000,0.00000000,0.00000000,0.00000000,0.00000000,0.00000000,0.00000000,0.00000000,0.00000000,0.00000000,0.00000000,0.00000000,0.03258391,0.00000000,0.00498681,0.00000000,0.00000000,0.00000000,0.00000000,0.00000000,0.00638579,0.00000000,0.00000000,0.00000000,0.00000000,0.00000000,0.00000000,0.00000000,0.10762395,0.00513653,0.00000000,0.02522894,0.00000000,0.00000000,0.00301274,0.00000000,0.00000000,0.00000000,0.00000000,0.00000000,0.01704999,0.00000000,0.00000000,0.01686769,0.00000000,0.00000000,0.00000000,0.01474968,0.00000000,0.00000000,0.00000000,0.00000000,0.00000000,0.00000000,0.00000000,0.00000000,0.00000000,0.00000000,0.00000000,0.00000000,0.00000000,0.00000000,0.00000000,0.00000000,0.00000000,0.00000000,0.00000000,0.00000000,0.00000000,0.00000000,0.00000000,0.00534575,0.00000000,0.00000000,0.00000000,0.00000000,0.02282385,0.00000000,0.00000000,0.00000000,0.00000000,0.00000000,0.00000000,0.00000000,0.00000000,0.00000000,0.00000000,0.00000000,0.00000000,0.00000000,0.00889292,0.00000000,0.00000000,0.00845551,0.00631166,0.00000000,0.00000000,0.00000000,0.00000000,0.00000000,0.00000000,0.00000000,0.00000000,0.00000000,0.00000000,0.00000000,0.00000000,0.00000000,0.00000000,0.00000000,0.00000000,0.00236989,0.00000000,0.00102668,0.00000000,0.00000000,0.00000000,0.00000000,0.00000000,0.00000000,0.00000000,0.00000000,0.00000000,0.00000000,0.00000000,0.00000000,0.00000000,0.00000000,0.00000000,0.00000000,0.00000000,0.00000000,0.00000000,0.00000000,0.44753646,0.00000000,0.00000000,0.00000000,0.00000000,0.00000000,0.00000000,0.00000000,0.00000000,0.00000000,0.00000000,0.00000000,0.00000000,0.00000000,0.00000000,0.00000000,0.00000000,0.00000000,0.00000000,0.00000000,0.00000000,0.00132848,0.00000000,0.00000000,0.00000000,0.00288357,0.00000000,0.01999977,0.00000000,0.00000000,0.00000000,0.00000000,0.00000000,0.00000000,0.00000000,0.00000000,0.00000000,0.00000000,0.00000000,0.00000000,0.00331368,0.00000000,0.00806902,0.00000000,0.00000000,0.01024066,0.00000000,0.13804823,0.00000000,0.00000000,0.00000000,0.00081613,0.00000000,0.00000000,0.00000000,0.16955175,0.00000000,0.00858822,0.00000000,0.00000000,0.00000000,0.00000000,0.00000000,0.00000000,0.00444371,0.00374760,0.00000000,0.00000000,0.00000000,0.00000000,0.00000000,0.00000000,0.00000000,0.00000000,0.00000000,0.00000000,0.00000000,0.00000000,0.00000000,0.00000000,0.00000000,0.00000000,0.00000000,0.31138149,0.00000000,0.00000000,0.00000000,0.00062607,0.00000000,0.00000000,0.00000000,0.16694757,0.00000000,0.00000000,0.00000000,0.00000000,0.00826186,0.00000000,0.00000000,0.00000000,0.00000000,0.00000000,0.00000000,0.00000000,0.00000000,0.00000000,0.00000000,0.00000000,0.00000000,0.00000000,0.00000000,0.00000000,0.00000000,0.00719179,0.00000000,0.00109565,0.00000000,0.00000000,0.00000000,0.00000000,0.00000000,0.00000000,0.00000000,0.00000000,0.00000000,0.32222805,0.00000000,0.00000000,0.00000000,0.00000000,0.00114238,0.00000000,0.00662545,0.00000000,0.00000000,0.00000000,0.00287434,0.00000000,0.00000000,0.00000000,0.00000000,0.00000000,0.00000000,0.00000000,0.00000000,0.00000000,0.00000000,0.00000000,0.00000000,0.00000000,0.00000000,0.00000000,0.00000000,0.00000000,0.00000000,0.00000000,0.05750828,0.00000000,0.00000000,0.00000000,0.00000000,0.00000000,0.01653983,0.00000000,0.11191931,0.00000000,0.00000000,0.00000000,0.00000000,0.00000000,0.00000000,0.00000000,0.00000000,0.00000000,0.00000000,0.00000000,0.00000000,0.00000000,0.00000000,0.00000000,0.00000000,0.00000000,0.00244824,0.00000000,0.00000000,0.00000000,0.01202171,0.00000000,0.00000000,0.00000000,0.00658490,0.43152591,0.00000000,0.00000000,0.00000000,0.00000000,0.00000000,0.05138408,0.00148834,0.00000000,0.00000000,0.00000000,0.00000000,0.00000000,0.00000000,0.35169405,0.00000000,0.00000000,0.00000000,0.00000000,0.00000000,0.00000000,0.00000000,0.00000000,0.00000000,0.00000000,0.03555415,0.00000000,0.00000000,0.00000000,0.00000000,0.00000000,0.00744569,0.00000000,0.00954231,0.00000000,0.00000000,0.00000000,0.00000000,0.00000000,0.00000000,0.00000000,0.00000000,0.00000000,0.00000000,0.00000000,0.00000000,0.00000000,0.00000000,0.00000000,0.00000000,0.00000000,0.00000000,0.00000000,0.00000000,0.00000000,0.00261313,0.00000000,0.00000000,0.00000000,0.00874527,0.00463409,0.00787476,0.00000000,0.00000000,0.00931714,0.00333806,0.00000000,0.00000000,0.03517554,0.00000000,0.00000000,0.00000000,0.00000000,0.00000000,0.00000000,0.00000000,0.00000000,0.00000000,0.00000000,0.00000000,0.00000000,0.01366776,0.00000000,0.00000000,0.00000000,0.00000000,0.00000000,0.00979601,0.03026670,0.00062653,0.00757590,0.00000000,0.00000000,0.00000000,0.00000000,0.00000000,0.00000000,0.00000000,0.00075509,0.00000000,0.00000000,0.00000000,0.00000000,0.00000000,0.00000000,0.00000000,0.00000000,0.00000000,0.00000000,0.00000000,0.00000000,0.00000000,0.00000000,0.00000000,0.00000000,0.00000000,0.00000000,0.00000000,0.00000000,0.00000000,0.00000000,0.00000000,0.00000000,0.00000000,0.00000000,0.00000000,0.02596478,0.00000000,0.00000000,0.00071236,0.00000000,0.00000000,0.00000000,0.00733810,0.00000000,0.00000000,0.00000000,0.00000000,0.00000000,0.09942254,0.00000000,0.00000000,0.00000000,0.00000000,0.00000000,0.00000000,0.00000000,0.00000000,0.00000000,0.03260808,0.00000000,0.00000000,0.00000000,0.00000000,0.00000000,0.00000000,0.00706540,0.00000000,0.00000000
0.00000000,0.00000000,0.00000000,0.00000000,0.00000000,0.00000000,0.00000000,0.00000000,0.00000000,0.00471706,0.00280423,0.00000000,0.00000000,0.00000000,0.00000000,0.00000000,0.00000000,0.04886521,0.00000000,0.00000000,0.00000000,0.00935941,0.00000000,0.17557126,0.00000000,0.00000000,0.00000000,0.00000000,0.00000000,0.00000000,0.00000000,0.00388110,0.00000000,0.00000000,0.00000000,0.00000000,0.00000000,0.00324970,0.00000000,0.00000000,0.00000000,0.00000000,0.00321644,0.00000000,0.00000000,0.00000000,0.00000000,0.00287398,0.00000000,0.00000000,0.14009665,0.00000000,0.00000000,0.00000000,0.00000000,0.00000000,0.00000000,0.00000000,0.00000000,0.00000000,0.00000000,0.00000000,0.00000000,0.01192663,0.00000000,0.00000000,0.00323230,0.00000000,0.00000000,0.00000000,0.03146235,0.00000000,0.00000000,0.00000000,0.00000000,0.00000000,0.00000000,0.00000000,0.00000000,0.00000000,0.00000000,0.00000000,0.00000000,0.00000000,0.00000000,0.00000000,0.00000000,0.00000000,0.02108500,0.00000000,0.11217321,0.00000000,0.00000000,0.00000000,0.00000000,0.00000000,0.00000000,0.00000000,0.00000000,0.00000000,0.00000000,0.00000000,0.00221162,0.00000000,0.00000000,0.00000000,0.01215952,0.00000000,0.00000000,0.00000000,0.00000000,0.00000000,0.00000000,0.00000000,0.00000000,0.00000000,0.00000000,0.00000000,0.00000000,0.00000000,0.00000000,0.00000000,0.00000000,0.00000000,0.00000000,0.00000000,0.00000000,0.00000000,0.00000000,0.00000000,0.00476668,0.00000000,0.00000000,0.00000000,0.00000000,0.00000000,0.00000000,0.00000000,0.00000000,0.00000000,0.00000000,0.00000000,0.00000000,0.00000000,0.00000000,0.00000000,1.05755162,0.07189132,0.00000000,0.00000000,0.00000000,0.01326350,0.00000000,0.00000000,0.00000000,0.01596469,0.00000000,0.00000000,0.00000000,0.00000000,0.00000000,0.00000000,0.00000000,0.05672759,0.00000000,0.00000000,0.00000000,0.00073112,0.00000000,0.00000000,0.00000000,0.00000000,0.00000000,0.00000000,0.00000000,0.00000000,0.00000000,0.00000000,0.00000000,0.00000000,0.00093657,0.00000000,0.00000000,0.00000000,0.00000000,0.02380458,0.00000000,0.00000000,0.00000000,0.00000000,0.00000000,0.00000000,0.00617672,0.00000000,0.00000000,0.00000000,0.00325324,0.00000000,0.00084311,0.00000000,0.00000000,0.00000000,0.00000000,0.00000000,0.00000000,0.00000000,0.00000000,0.00000000,0.00227406,0.00000000,0.00299163,0.00000000,0.00000000,0.00000000,0.00000000,0.00000000,0.00000000,0.00000000,0.00000000,0.00000000,0.00000000,0.00000000,0.00000000,0.00000000,0.00000000,0.00000000,0.00000000,0.00000000,0.00000000,0.00000000,0.00653453,0.00000000,0.00000000,0.00000000,0.00000000,0.00000000,0.00000000,0.01713722,0.01279218,0.00000000,0.00000000,0.00000000,0.00000000,0.00000000,0.01995838,0.00000000,0.00000000,0.00000000,0.01389839,0.00000000,0.09702120,1.71872741,0.00000000,0.00000000,0.00000000,0.00000000,0.00000000,0.00000000,0.00000000,0.00000000,0.00000000,0.00000000,0.00000000,0.00000000,0.00000000,0.00434280,0.00000000,0.00000000,0.00000000,0.00000000,0.00000000,0.00000000,0.00000000,0.00000000,0.00000000,0.00000000,0.00000000,0.00000000,0.00000000,0.00000000,0.00000000,0.00000000,0.00000000,0.00000000,0.00000000,0.09703383,0.00000000,0.00000000,0.00000000,0.00000000,0.00000000,0.00000000,0.00000000,0.00000000,0.00000000,0.00000000,0.00000000,0.00000000,0.00000000,0.00000000,0.00000000,0.00000000,0.00000000,0.08076733,0.00000000,0.00000000,0.00000000,0.00000000,0.00000000,0.00000000,0.00000000,0.00000000,0.00000000,0.00000000,0.00000000,0.00000000,0.00000000,0.00000000,0.03461648,0.00000000,0.00000000,0.00000000,0.00152481,0.00000000,0.00000000,0.00000000,0.00000000,0.00000000,0.00000000,0.00000000,0.00000000,0.00000000,0.00000000,0.00000000,0.00000000,0.23705535,0.00000000,0.00000000,0.00000000,0.00000000,0.00000000,0.00000000,0.00000000,0.00000000,0.00000000,0.00000000,0.00000000,0.00000000,0.00000000,0.00000000,0.06215057,0.01154821,0.00000000,0.00000000,0.00452059,0.00000000,0.00000000,0.00000000,0.00000000,0.00867634,0.00000000,0.00000000,0.02297728,0.00000000,0.00000000,0.00000000,0.00000000,0.00000000,0.00000000,0.00000000,0.00000000,0.00000000,0.00099492,0.00000000,0.00000000,0.00000000,0.00061759,0.00944775,0.00000000,0.00200915,0.00000000,0.00000000,0.00000000,0.00000000,0.00000000,0.00000000,0.00000000,0.00000000,0.00745887,0.00000000,0.00000000,0.00000000,0.00000000,0.00000000,0.00000000,0.00000000,0.00000000,0.00000000,0.01466043,0.00283875,0.00000000,0.00000000,0.00000000,0.00336358,0.00000000,0.00000000,0.00000000,0.00000000,0.00000000,0.00000000,0.00000000,0.00000000,0.00985677,0.00000000,0.00000000,0.00000000,0.00000000,0.00000000,0.00000000,0.00000000,0.00381660,0.00000000,0.00000000,0.00000000,0.00000000,0.09585786,0.00000000,0.00000000,0.00000000,0.00000000,0.00000000,0.00000000,0.00000000,0.01370196,0.00100178,0.00320182,0.00000000,0.00000000,0.00000000,0.00000000,0.00000000,0.00000000,0.00000000,0.00132945,0.00000000,0.00000000,0.00000000,0.00181682,0.00000000,0.00000000,0.00000000,0.00000000,0.00000000,0.00000000,1.26537664,0.00000000,0.00000000,0.00000000,0.00000000,0.00000000,0.00000000,0.00000000,0.00000000,0.00000000,0.00000000,0.14059381,0.00000000,0.00000000,0.00427735,0.00000000,0.00000000,0.00000000,0.00099770,0.00000000,0.00157580,0.00971418,0.00000000,0.15000174,0.00000000,0.00000000,0.00000000,0.00000000,0.00000000,0.00000000,0.00000000,0.00000000,0.00000000,0.00000000,0.00000000,0.00000000,0.00000000,0.00000000,0.00000000,0.00000000,0.00000000,0.00000000,0.00000000,0.00000000,0.00000000,0.00000000,0.00000000,0.02469089,0.00000000,0.00000000,0.00000000,0.00000000,0.00000000,0.00000000,0.00000000,0.00000000,0.00000000,0.00000000,0.00000000,0.00000000,0.00000000,0.00000000,0.00000000,0.00000000,0.00000000,0.00000000,0.00000000,0.00000000,0.00000000,0.00000000,0.00000000,0.00000000,0.00000000,0.00000000,0.00000000,0.00000000,0.00619747,0.00000000,0.00000000,0.02856389,0.00433791,0.00000000,0.00000000,0.00000000,0.00000000,0.00000000,0.00403102,0.00000000,0.00000000,0.00000000,0.00000000,0.05155686,0.00000000,0.00000000,0.00000000,0.00000000,0.00000000,0.00000000,0.00000000,0.00000000,0.00000000,0.00000000,0.00000000,0.00000000,0.00000000,0.00000000,0.00000000,0.02979935,0.00000000,0.00000000,0.00000000,0.00438717,0.00000000,0.00000000,0.00000000,0.00000000,0.02051874,0.00000000,0.00000000,0.00000000,0.00000000,0.00000000,0.67068938,0.00000000,0.00000000,0.00000000,0.00000000,0.00000000,0.00000000,0.00000000,0.00000000,0.00000000,0.00599748,0.00000000,0.00000000,0.00000000,0.00000000,0.00132252,0.00000000,0.00000000,0.00000000,0.00000000,0.00000000,0.00000000,0.00000000,0.00000000,0.00000000,0.00000000,0.00000000,0.00000000,0.00000000,0.00000000,0.00000000,0.00000000,0.00323439,0.00000000,0.17452844,0.09492371,0.00000000,0.00000000,0.00000000,0.00000000,0.00000000,0.00000000,0.00000000,0.00336678,0.00000000,0.00000000,0.00000000,0.02439162,0.00000000,0.00000000,0.00588519,0.00000000,0.00000000,0.00000000,0.00000000,0.00000000,0.00000000,0.00000000,0.00000000,0.00845495,0.00000000,0.00000000,0.00000000,0.00000000,0.00160511,0.00000000,0.00000000,0.00093107,0.00000000,0.00000000,0.00000000,0.00000000,0.00000000,0.00000000,0.00000000,0.00244948,0.00264929,0.00000000,6.13856575,0.00000000,0.00000000,0.00000000,0.00000000,0.00000000,0.00000000,0.00000000,0.00000000,0.00000000,0.00000000,0.00000000,0.00000000,0.00000000,0.00000000,0.00163065,0.00000000,0.00000000,0.00000000,0.00000000,0.00000000,0.00000000,0.00000000,0.00000000,0.01244490,0.00000000,0.01107304,0.00138988,0.01546929,0.00000000,0.00000000,0.00000000,0.00000000,0.00000000,0.00000000,0.00000000,0.00000000,0.00321183,0.00000000,0.00000000,0.00000000,0.00000000,0.07266553,0.00000000,0.00290549,0.00000000,0.00000000,0.00000000,0.00000000,0.00000000,0.00000000,0.00000000,0.00000000,0.00000000,0.00000000,0.00000000,0.00000000,0.00000000,0.00000000,0.08139813,0.00000000,0.00000000,0.00000000,0.00762222,0.00000000,0.00000000,0.00000000,0.00000000,0.00000000,0.00000000,0.00000000,0.00000000,0.00000000,0.00000000,0.00244077,0.00000000,0.00000000,0.00000000,0.00000000,0.00155533,0.00000000,0.00000000,0.00000000,0.00000000,0.00000000,0.00000000,0.00000000,0.00000000,0.00000000,0.00000000,0.00000000,0.00000000,0.00000000,0.00000000,0.00000000,0.00000000,0.00000000,0.00699515,0.00000000,0.00000000,0.00000000,0.00000000,0.00000000,0.00000000,0.00000000,0.03350658,0.00000000,0.00000000,0.00000000,0.00000000,0.00000000,0.00000000,0.00000000,0.00000000,0.00000000,0.00000000,0.00000000,0.00000000,0.00000000,0.00000000,0.00000000,0.00000000,0.00000000,0.00000000,0.00000000,0.00118902,0.00000000,0.00000000,0.00000000,0.00000000,0.00000000,0.00000000,0.00000000,0.00169497,0.00000000,0.00000000,0.00074299,0.00000000,0.00000000,0.00000000,0.00000000,0.00000000,0.01428519,0.00000000,0.00000000,0.00000000
0.00000000,0.00000000,0.00000000,0.00000000,0.00000000,0.00000000,0.00279626,0.00000000,0.00151332,0.00000000,0.00000000,0.00000000,1.04966648,0.00000000,0.00000000,0.00000000,0.00000000,0.00000000,0.01508148,0.00000000,0.00000000,0.00000000,0.00000000,0.00000000,0.00000000,0.00000000,0.00000000,0.00000000,0.00000000,0.02787756,0.00000000,0.00000000,0.00000000,0.00000000,0.00000000,0.00000000,0.00000000,0.00000000,0.00000000,0.00000000,0.00000000,0.00000000,0.00000000,0.00503175,0.00000000,0.00000000,0.00000000,0.00000000,0.00000000,0.00000000,1.02818639,0.86994292,0.00000000,0.00000000,0.00852112,0.00000000,0.00000000,0.01561610,0.00000000,0.00000000,0.00000000,0.00000000,0.00000000,0.00000000,0.00000000,0.00235675,0.00000000,0.00000000,0.00000000,0.00000000,0.06774003,0.00000000,0.00000000,0.00150358,0.00000000,0.00000000,0.00000000,0.00000000,0.87577865,0.00000000,0.00000000,0.00000000,0.00000000,0.00384847,0.00000000,0.00131652,0.00000000,0.00000000,0.00000000,0.00000000,0.00000000,0.00000000,0.00000000,0.00000000,0.00000000,0.00000000,0.00000000,0.00000000,0.00000000,0.00000000,0.00000000,0.00000000,0.00000000,0.00000000,0.00000000,0.00000000,0.00000000,0.00000000,0.00000000,0.00000000,0.00000000,0.00000000,0.00000000,0.00000000,0.00000000,0.00000000,0.00091349,0.00000000,0.00000000,0.00000000,0.00000000,0.00000000,0.04837953,0.00000000,0.00000000,0.00000000,0.00000000,0.00000000,0.00000000,0.00000000,0.00000000,0.00000000,0.00000000,0.03637597,0.01144710,0.00000000,0.00000000,0.00000000,0.00000000,0.00000000,0.00000000,0.00000000,0.02826224,0.00000000,0.00000000,0.00000000,0.00000000,0.00000000,0.00000000,0.00000000,0.00000000,0.00000000,0.00000000,0.00000000,0.00000000,0.00000000,0.00000000,0.00000000,0.02977867,0.00000000,0.00000000,0.00409471,0.00000000,0.00000000,0.00000000,0.00000000,0.00000000,0.00000000,0.00000000,0.00000000,0.01128724,0.00000000,0.00000000,0.00000000,0.00000000,0.00000000,0.00000000,0.00000000,0.00000000,0.00000000,0.00000000,0.00000000,0.00000000,0.00211187,0.03160667,0.65517373,0.00000000,0.00000000,0.00000000,0.00000000,0.00000000,0.00000000,0.01095660,0.00000000,0.00000000,0.00000000,0.00000000,0.00000000,0.00000000,0.00000000,0.05979601,0.00000000,0.00000000,0.00000000,0.00000000,0.07415586,0.00000000,0.00000000,0.00000000,0.00000000,0.00000000,0.00000000,0.00000000,0.00000000,0.00000000,0.00000000,0.02247834,0.00000000,0.00000000,0.00000000,0.00000000,0.00000000,0.00000000,0.00000000,0.00000000,0.00000000,0.00000000,0.00000000,0.00000000,0.00000000,0.00000000,0.00000000,0.00000000,0.00000000,0.00000000,0.00119248,0.00000000,0.00000000,0.00000000,0.00000000,0.00000000,0.00000000,0.00000000,0.04612216,0.00000000,0.00000000,0.00540955,0.00000000,0.00097026,0.00000000,0.00000000,0.00000000,0.00306578,0.00000000,0.00000000,0.00000000,0.00000000,0.00000000,0.00000000,0.00000000,0.03625714,0.16772091,0.00000000,0.00000000,0.00000000,0.00000000,0.00000000,0.00000000,0.05284868,0.00000000,0.01297853,0.00000000,0.00086141,0.00126615,0.00000000,0.00000000,0.00000000,0.00000000,0.00000000,0.00000000,0.00000000,0.00000000,0.00000000,0.00109564,0.00000000,0.00000000,0.00000000,0.00000000,0.00000000,0.00000000,0.00000000,0.00000000,0.00000000,0.00000000,0.00354860,0.00000000,0.00000000,0.00000000,0.00211461,0.00000000,0.00000000,0.00000000,0.00000000,0.00917184,0.00000000,0.00823215,0.00000000,0.00214754,0.00000000,0.00000000,0.00000000,0.00000000,0.00243513,0.00000000,0.00000000,0.00000000,0.00000000,0.00000000,0.00000000,0.00000000,0.00000000,0.00000000,0.00000000,0.00000000,0.00000000,0.02251334,0.00000000,0.00000000,0.00000000,0.01242805,0.03164432,0.00000000,0.00000000,0.00000000,0.00000000,3.86281944,0.00000000,0.00000000,0.00000000,0.00000000,0.00000000,0.00000000,0.00000000,0.00000000,0.00000000,0.00000000,0.00000000,0.00000000,0.00000000,0.00000000,0.00000000,0.00000000,0.19200037,0.00000000,0.00000000,0.00000000,0.00000000,0.00000000,0.00000000,0.00000000,0.00000000,0.03183534,0.00000000,0.00000000,0.00000000,0.00000000,0.00000000,0.00000000,0.00000000,0.00000000,0.00000000,0.00000000,0.00000000,0.00000000,0.00000000,0.00000000,0.00000000,0.00000000,0.00000000,0.00000000,0.00000000,0.00000000,0.00000000,0.00000000,0.00000000,1.56326791,0.00000000,0.00000000,0.00000000,0.00000000,0.00000000,0.00000000,0.00000000,0.00000000,0.00000000,0.00234571,0.00695469,0.00000000,0.00000000,0.00000000,0.09175003,0.00000000,0.00000000,0.00000000,0.00000000,0.00000000,0.04025829,0.00000000,0.00000000,0.00000000,0.00000000,0.00000000,0.00000000,0.00000000,0.00000000,0.00000000,0.00000000,0.00107910,0.00000000,0.00000000,0.00000000,0.00000000,0.00000000,0.00000000,0.00336656,0.00000000,0.00000000,0.00000000,0.00000000,0.00000000,0.00000000,0.00000000,0.01196635,0.00000000,0.00000000,0.00000000,0.00000000,0.00000000,0.00000000,0.00000000,0.00533900,0.00000000,0.00000000,0.00000000,0.12525490,0.00000000,0.00000000,0.00000000,0.00000000,0.00000000,0.00000000,0.00000000,0.00000000,0.00000000,0.00000000,0.00000000,0.00353453,0.00000000,0.00000000,0.00000000,0.00000000,0.00000000,0.00000000,0.00000000,0.00000000,0.00000000,0.00000000,0.04715988,0.00000000,0.00000000,0.00000000,0.00000000,0.00000000,0.00000000,0.01742520,0.00000000,0.00000000,0.00000000,0.03661007,0.00000000,0.00000000,0.00000000,0.00000000,0.00000000,0.00000000,0.00000000,0.00123477,0.00457392,0.00000000,0.00000000,0.00000000,0.00000000,0.00000000,0.00000000,0.00000000,0.00993741,0.00000000,0.00000000,0.00000000,0.00839972,0.00000000,0.00432517,0.00000000,0.00000000,0.00000000,0.00000000,0.00000000,0.00000000,0.00000000,0.00000000,0.02171277,0.00000000,0.00000000,0.06105760,0.00000000,0.00000000,0.00332234,0.00000000,0.00000000,0.01120847,0.00000000,0.00000000,0.00000000,0.00000000,0.00000000,0.00000000,0.00000000,0.00000000,0.00000000,0.00000000,0.00000000,0.00818314,0.00000000,0.00000000,0.00000000,0.00000000,0.00000000,0.00000000,0.00000000,0.00593445,0.00000000,0.00000000,0.00000000,0.00000000,0.04306884,0.00000000,0.00000000,0.00609871,0.00000000,0.00000000,0.00000000,0.00000000,0.00000000,0.00000000,0.00000000,0.01261603,0.00000000,0.00000000,0.00000000,0.00000000,0.00000000,0.00000000,0.00000000,0.00000000,0.00000000,0.00000000,0.00000000,0.00000000,0.00000000,0.00000000,0.00000000,0.00000000,0.00000000,0.00000000,0.00000000,0.00000000,0.00000000,0.00853190,0.00000000,0.01494179,0.00403495,0.03770276,0.00000000,0.00000000,0.00000000,0.00000000,0.00082914,0.00000000,0.00000000,0.00000000,0.00000000,0.00000000,0.00000000,0.00000000,0.00000000,0.00000000,0.00000000,0.16527837,0.00000000,0.00000000,0.00000000,0.00000000,0.00000000,0.00000000,0.00000000,0.00000000,0.00000000,0.00000000,0.00000000,0.00000000,0.00000000,0.00000000,0.00000000,0.00000000,0.00000000,0.00000000,0.00000000,0.00000000,0.00000000,0.00000000,0.00000000,0.00000000,0.00000000,0.00000000,0.00000000,0.00000000,0.00000000,0.00000000,0.00310291,0.00000000,0.00000000,0.00510857,0.00000000,0.00000000,0.00000000,0.00000000,0.00000000,0.00000000,0.00000000,0.00000000,0.00000000,0.00000000,0.00000000,0.00139703,0.00092108,0.00000000,0.00000000,0.00000000,0.00000000,0.00000000,0.00000000,0.00000000,0.00000000,0.00000000,0.00000000,0.00448576,0.00000000,0.00000000,0.00000000,0.00000000,0.00000000,0.00000000,0.00000000,0.11161614,0.00000000,0.00000000,0.00098627,0.00000000,0.00374839,0.00000000,0.07826896,0.00000000,0.00000000,0.00000000,0.00000000,0.00000000,0.00000000,0.00000000,0.00000000,0.00000000,0.00000000,0.00000000,0.00000000,0.00000000,0.00000000,0.00000000,0.00000000,0.00000000,0.00000000,0.00000000,0.00000000,0.00000000,0.00000000,0.00000000,0.00000000,0.14820812,0.00000000,0.00000000,0.00000000,0.00592973,0.00000000,0.00000000,0.00000000,0.00663681,0.01006721,0.00000000,0.00000000,0.00000000,0.02308413,0.00000000,0.00000000,0.00000000,0.00000000,0.00000000,0.00000000,0.00000000,0.00000000,0.00000000,0.00000000,2.14433013,0.00000000,0.00000000,0.00000000,0.00000000,0.00000000,0.00000000,0.00000000,0.00000000,0.00000000,0.00000000,0.00000000,0.00000000,0.00000000,0.00000000,0.00826858,0.00000000,0.00000000,0.00000000,0.00000000,0.00000000,0.00000000,0.00000000,0.00000000,0.00000000,0.00000000,0.00000000,0.00000000,0.00000000,0.00000000,0.00279133,0.00000000,0.00000000,0.00000000,0.00000000,0.00000000,0.00000000,0.00000000,0.00000000,0.00000000,0.00000000,0.00000000,0.00000000,0.00000000,0.00000000,0.01360713,0.00619850,0.00000000,0.00000000,0.00000000,0.00000000,0.01291579,0.00000000,0.00000000,0.00000000,0.00000000,0.00000000,0.00000000,0.00000000,0.00000000,0.00000000,0.00000000,0.00154703,0.00000000,0.00000000,0.00391250,0.00000000,0.00000000,0.00000000,0.00000000,4.39488262,0.00000000,0.00000000,0.00000000,0.51596272,0.00000000,0.00000000,0.00000000,0.00000000,0.00398727,0.00000000
0.00000000,0.00000000,0.00000000,0.00621739,0.00000000,0.00000000,0.00000000,0.00000000,0.00464228,0.00000000,0.00000000,0.00000000,0.00000000,0.00163202,0.00000000,0.00000000,0.00000000,0.00000000,0.00000000,0.04331134,0.00681576,0.00000000,0.00000000,0.00000000,0.00000000,0.00000000,0.00000000,0.00000000,0.00000000,0.00427759,0.00000000,0.00000000,0.00000000,0.00000000,0.00000000,0.00000000,0.00000000,0.00000000,0.00080613,0.00000000,0.00000000,0.00000000,0.00000000,0.00000000,0.00276293,0.00000000,0.00000000,0.00000000,0.00000000,0.00000000,0.00000000,0.00763108,0.00000000,0.00000000,0.00000000,0.00000000,0.00000000,0.00000000,0.00000000,0.00000000,0.00000000,0.00257011,0.00000000,1.14732377,0.00763299,0.00000000,0.00000000,0.00000000,0.00000000,0.00000000,0.00000000,0.00000000,0.00000000,0.00730574,0.00000000,0.00000000,0.00000000,0.00000000,0.00000000,0.00000000,0.00000000,0.00000000,0.00000000,0.00000000,0.00000000,0.00000000,0.02108500,0.00000000,0.00000000,0.00000000,0.37458535,0.00000000,0.00297404,0.00000000,0.00000000,0.00000000,0.00000000,0.00000000,0.00000000,0.00000000,0.00000000,0.00000000,0.00000000,0.00000000,0.00000000,0.00000000,0.00000000,0.00000000,0.00000000,0.00000000,0.00000000,0.00000000,0.00000000,0.00000000,0.00000000,0.01521933,0.00000000,0.00000000,0.00000000,0.00000000,0.00000000,0.00000000,0.00000000,0.00000000,0.00000000,0.03233881,0.00000000,0.00000000,0.00000000,0.00525484,0.00000000,0.00000000,0.00000000,0.00000000,0.00000000,0.00000000,0.00000000,0.00000000,0.00000000,0.00454548,0.00306953,0.00000000,0.00000000,0.00000000,0.00000000,0.00000000,0.00000000,0.03904011,0.00000000,0.00000000,0.00000000,0.00000000,0.00000000,0.00124357,0.00000000,0.00000000,0.00000000,0.01944460,0.00000000,0.00000000,0.00000000,0.00000000,0.00000000,0.00000000,0.00000000,0.00000000,0.00000000,0.00000000,0.00000000,0.00000000,0.00000000,0.00000000,0.00000000,0.00000000,0.00000000,0.00000000,0.00000000,0.00000000,0.00000000,0.00000000,0.00000000,0.00000000,0.00000000,0.00000000,0.00000000,0.00000000,0.00389372,0.00000000,0.00000000,0.00000000,0.00000000,0.00000000,0.00000000,0.00000000,0.00000000,0.13322764,0.00000000,0.00000000,0.00739415,0.00000000,0.00000000,0.00000000,0.00000000,0.00000000,0.00000000,0.00000000,0.00000000,0.10934081,0.00000000,0.00000000,0.02949622,0.00000000,0.00000000,0.00000000,0.00000000,0.00000000,0.00000000,0.00000000,0.00000000,0.00000000,0.01018623,0.00000000,0.00000000,0.00000000,0.00000000,0.00000000,0.00000000,0.00000000,0.00000000,0.00000000,0.00000000,0.00000000,0.00000000,0.02210038,0.00000000,0.00000000,0.00000000,0.00000000,0.00000000,0.00000000,0.00000000,0.00000000,0.01289245,0.00000000,0.00000000,0.00000000,0.00000000,0.00000000,0.00000000,0.00000000,0.00000000,0.03656524,0.00000000,0.00000000,0.00000000,0.00000000,0.00000000,0.00000000,0.00000000,0.00000000,0.00000000,0.00000000,0.00000000,0.00540647,0.00000000,0.00000000,0.00083702,0.00000000,0.00000000,0.00000000,0.00000000,0.01593880,0.00000000,0.00000000,0.02973192,0.00000000,0.00000000,0.00000000,0.00458871,0.00000000,0.00000000,0.00000000,0.00000000,0.00000000,0.00000000,0.00000000,0.00000000,0.00656844,0.00000000,0.00000000,0.00000000,0.00000000,0.00000000,0.00000000,0.04325404,0.00000000,0.00000000,0.00000000,0.00000000,0.00000000,0.00000000,0.00000000,0.00000000,0.00000000,0.00000000,0.00000000,0.00000000,0.00000000,3.48117119,0.00000000,0.00000000,0.00000000,0.00000000,0.00000000,0.00000000,0.00000000,0.00000000,0.00000000,0.42433995,0.00000000,0.00000000,0.00000000,0.00000000,0.00356610,0.00000000,0.00000000,0.00996206,0.00000000,0.00000000,0.00000000,0.00566802,0.00000000,0.00000000,0.00000000,1.27906723,0.00000000,0.00000000,0.00000000,0.00000000,0.00000000,0.01200603,0.02310350,0.00000000,0.00000000,0.00000000,0.00000000,0.00937273,0.00000000,0.00000000,0.00428591,0.00000000,0.00000000,0.00000000,0.00000000,0.00000000,0.00000000,0.00000000,0.00000000,0.00000000,0.00000000,0.00000000,0.00000000,0.00000000,0.00000000,0.00000000,0.00000000,0.00325415,0.00000000,0.00000000,0.00000000,0.00000000,0.03546949,0.00000000,0.00000000,0.00000000,0.00000000,0.00000000,0.00000000,0.00000000,0.00000000,0.00000000,0.00000000,0.00000000,0.00000000,0.00000000,0.00000000,0.00000000,0.00000000,0.00000000,0.00000000,0.00000000,0.00000000,0.00000000,0.00000000,0.00000000,0.00000000,0.00000000,0.00000000,0.00239351,0.00000000,0.00000000,0.00000000,0.00000000,0.00000000,0.00000000,0.00000000,0.00000000,0.00511725,0.01125900,0.00000000,0.00000000,0.00000000,0.00323010,0.02601719,0.00000000,0.00000000,0.00000000,0.00000000,0.00000000,0.00000000,0.00000000,0.00000000,0.01576622,0.00000000,0.00000000,0.00000000,0.00000000,0.00000000,0.00596254,0.01164937,0.00000000,0.00117529,0.00000000,0.00000000,0.00000000,0.00000000,0.00000000,0.14956837,0.00000000,0.00271037,0.00000000,0.00000000,0.00000000,0.00000000,0.00000000,0.00000000,0.00000000,0.00000000,0.00000000,0.00000000,0.00000000,0.00000000,0.00000000,0.00000000,0.00000000,0.00000000,0.00000000,0.02879193,0.00000000,0.00000000,0.00000000,0.00000000,0.00000000,0.00000000,0.00000000,0.00000000,0.00000000,0.00000000,0.00152356,0.00000000,0.00000000,0.00000000,0.00000000,0.00000000,0.00000000,0.00000000,0.04037577,0.00000000,0.00000000,0.00000000,0.00000000,0.00000000,0.00000000,0.00000000,0.00000000,0.00428397,0.00000000,0.03147355,0.00000000,0.00000000,0.00550472,0.64760432,0.00000000,0.00000000,0.00000000,0.00000000,0.00000000,0.01552655,0.00000000,0.00000000,0.00000000,0.00000000,0.00000000,0.00000000,0.00000000,0.00000000,0.01380031,0.00000000,0.00000000,0.00000000,0.00000000,0.00000000,0.00000000,0.00000000,0.00000000,0.00000000,0.00000000,0.00000000,0.00000000,0.00813335,0.00397524,0.00000000,0.00000000,0.00000000,0.00000000,0.00000000,0.00000000,0.00000000,0.00000000,0.00000000,0.00117414,0.00000000,0.00000000,0.00000000,0.00000000,0.00333390,0.00000000,0.00000000,0.00000000,0.00000000,0.00331458,0.00000000,0.00000000,0.00000000,0.00000000,0.00000000,0.00000000,0.00000000,0.00000000,0.00000000,0.00000000,0.00000000,0.00000000,0.00000000,0.00000000,0.00000000,0.00000000,0.00000000,0.05706614,0.00000000,0.00000000,0.00000000,0.03625618,0.00000000,0.00000000,0.00000000,0.00000000,0.00000000,0.00000000,0.00000000,0.00723464,0.00000000,0.00000000,0.00000000,0.00000000,0.00000000,0.02473887,0.00000000,0.00000000,0.00000000,0.00000000,0.00000000,0.00000000,0.00000000,0.00406470,0.00000000,0.00000000,0.00000000,0.00000000,0.00000000,0.00000000,0.00000000,0.00280127,0.00000000,0.00000000,0.00000000,0.00000000,0.00000000,0.00000000,0.00000000,0.00000000,0.00000000,0.00000000,0.00000000,0.00000000,0.00000000,0.00000000,0.00000000,0.00000000,0.00000000,0.00000000,0.04870212,0.00000000,0.00000000,0.00000000,0.01735702,0.00000000,0.00000000,0.00000000,0.00000000,0.00000000,0.00000000,0.00215903,0.00464152,0.00000000,0.00000000,0.00000000,0.00000000,0.00000000,0.00000000,0.00000000,0.00000000,0.00000000,0.00000000,0.00000000,0.00000000,0.00000000,0.00000000,0.00000000,0.00000000,0.00000000,0.00000000,0.00000000,0.00000000,0.00000000,0.00247808,0.00000000,0.00075143,0.02497085,0.00000000,0.00000000,0.00000000,0.00000000,0.00000000,0.00000000,0.00778084,0.00000000,0.00000000,0.00000000,0.00000000,0.00000000,0.00000000,0.00425172,0.02728247,0.00000000,0.00000000,0.00524170,0.00000000,0.00000000,0.00000000,0.00000000,0.01081745,0.00000000,0.00000000,0.01531237,0.01716825,0.00000000,0.00000000,0.00000000,0.01757847,0.00000000,0.00000000,0.00000000,0.00000000,0.00000000,0.00000000,0.00000000,0.01857008,0.30339672,0.00000000,0.00480012,0.00000000,0.00000000,0.00000000,0.00000000,0.00000000,0.00000000,0.00000000,0.00000000,0.00000000,0.00000000,0.00000000,0.00000000,0.00000000,0.00000000,0.00000000,0.00000000,0.00587314,0.00000000,0.00000000,0.00000000,0.00000000,0.00629437,0.00000000,0.00000000,0.00000000,0.00000000,0.18185139,0.00000000,0.00000000,0.00684748,0.00000000,0.00000000,0.00000000,0.00000000,0.00000000,0.00000000,0.00000000,0.00000000,0.00000000,0.00000000,0.00000000,0.00000000,0.02096231,0.00000000,0.00000000,0.00000000,0.00000000,0.00000000,0.00000000,0.00000000,0.00132111,0.00000000,0.00087046,0.00000000,0.00000000,0.00188852,0.00000000,0.00000000,0.00000000,0.00000000,0.03691343,0.00000000,0.00000000,0.00000000,0.00000000,0.00000000,0.00000000,0.00000000,0.00000000,0.00000000,0.00000000,0.00000000,0.00000000,0.00000000,0.00000000,0.07996051,0.00559749,0.00053676,0.00000000,0.00000000,0.00000000,0.00000000,0.00000000,0.00000000,0.00000000,0.00000000,0.00000000,0.00000000,0.00000000,0.00000000,0.00000000,0.00000000,0.00000000,0.00000000,0.00484261,0.00000000,0.00000000,0.00000000,0.00000000,0.00000000,0.00000000,0.00000000,0.00000000,0.00000000,0.00000000,0.00000000,0.00000000,0.00000000,0.00000000
0.00000000,0.00000000,0.00000000,0.00000000,0.00000000,0.00000000,0.00000000,0.00000000,0.00923197,0.00000000,0.00000000,0.00000000,0.00000000,0.00000000,0.01888448,0.01934826,0.00000000,0.00000000,0.00000000,0.00000000,0.00000000,0.00000000,0.00000000,0.00000000,0.00000000,0.00888206,0.00000000,0.00000000,0.00239913,0.00000000,0.00000000,0.01400482,0.00000000,0.00000000,0.00000000,0.00000000,0.00000000,0.00000000,0.00000000,0.00451662,0.00000000,0.00000000,0.00000000,0.00000000,0.00000000,0.00000000,0.00000000,0.00000000,0.00000000,0.00000000,0.00000000,0.00000000,0.00000000,0.00000000,0.00000000,0.00613090,0.00000000,0.00000000,0.00000000,0.00000000,0.04064289,0.00000000,0.00000000,0.00000000,0.00000000,0.00000000,0.00000000,0.00000000,0.00000000,0.00000000,0.00000000,0.00000000,0.00000000,0.00000000,0.00404700,0.12774075,0.00000000,2.87300334,0.00000000,0.00000000,0.00000000,0.00000000,0.00000000,0.00000000,0.00000000,0.00000000,0.00000000,0.00000000,0.00000000,0.00000000,0.00000000,0.00000000,0.10544731,0.00000000,0.00000000,0.04515942,0.00000000,0.00000000,0.00000000,0.00000000,0.00000000,0.00625403,0.00000000,0.00000000,0.01178913,0.00000000,0.00000000,0.88809941,0.00000000,0.00382604,0.00000000,0.00000000,0.00000000,0.00000000,0.03278234,0.00000000,0.00000000,0.00000000,0.00000000,0.00000000,0.00000000,0.02251690,0.00125332,0.00000000,0.00000000,0.00000000,0.00000000,0.00000000,0.00000000,0.00000000,0.00000000,0.00000000,0.00000000,0.00000000,0.00000000,0.00000000,0.00000000,0.00000000,0.00000000,0.00000000,0.00000000,0.00000000,0.00000000,0.00000000,0.00000000,0.00000000,0.00000000,0.00000000,0.00000000,0.00000000,0.00000000,0.00000000,0.00000000,0.00000000,0.02294919,0.00000000,0.00000000,0.00000000,0.00000000,0.00000000,0.00000000,0.00000000,0.00000000,0.00000000,0.00000000,0.00902538,0.00000000,0.00000000,0.00000000,0.00000000,0.00000000,0.00000000,0.00000000,0.00000000,0.00000000,0.00000000,0.00000000,0.00000000,0.00000000,0.00000000,0.00000000,0.00000000,0.00000000,0.00000000,0.00000000,0.00000000,0.00000000,0.00000000,0.00000000,0.00000000,0.00000000,0.00000000,0.00000000,0.00000000,0.00000000,0.00000000,0.00000000,0.00000000,0.00000000,0.00000000,0.00000000,0.00000000,0.00000000,0.00246981,0.00000000,0.05976455,0.00000000,0.00537575,0.00000000,0.00363701,0.00000000,0.00000000,0.00000000,0.00000000,0.00000000,0.00000000,0.00000000,0.00000000,0.00000000,0.00000000,0.00000000,0.00000000,0.00000000,0.00000000,0.00495035,0.00000000,0.00000000,0.00000000,0.00000000,0.00000000,0.00000000,0.00261044,0.04270014,0.00000000,0.00000000,0.00000000,0.02168689,0.00000000,0.00000000,0.35753797,0.00000000,0.00000000,0.00307378,0.00000000,0.00000000,0.00000000,0.00273528,0.00000000,0.00000000,0.00000000,0.00000000,0.00000000,0.00000000,0.07538201,0.00000000,0.00000000,0.00000000,0.34270459,0.00000000,0.00000000,0.00000000,0.00000000,0.00000000,0.00000000,0.00000000,0.02505850,0.00000000,0.00000000,0.00000000,0.00000000,0.00000000,0.03929407,0.00000000,0.00000000,0.00000000,0.00000000,0.03513600,0.00387344,0.00478635,0.01506843,0.00000000,0.00664832,0.01195076,0.00000000,0.00000000,0.00000000,0.00000000,0.00615290,0.00000000,0.00000000,0.00000000,0.07859238,0.00000000,0.00636822,0.00000000,0.00000000,0.00000000,0.00000000,0.00000000,0.00000000,0.00000000,0.00000000,0.00000000,0.00000000,0.00519775,0.00000000,0.00000000,0.00000000,0.00000000,0.00000000,0.00000000,0.00000000,0.00000000,0.00000000,0.00000000,0.00000000,0.00000000,0.00000000,0.00000000,0.00395106,0.00450268,0.00000000,0.00000000,0.00000000,0.00000000,0.00000000,0.00000000,0.00000000,0.00000000,0.00000000,0.00000000,0.00000000,0.00000000,0.00000000,0.00000000,0.00000000,0.00000000,0.00114929,0.00000000,0.00242463,0.00000000,0.00000000,0.00000000,0.00055823,0.00000000,0.00000000,0.00000000,0.00000000,0.00000000,0.00000000,0.00000000,0.00740632,0.00000000,0.00000000,0.00000000,0.00000000,0.00000000,0.00000000,0.00000000,0.06114396,0.00419874,0.00000000,0.00000000,0.00000000,0.00000000,0.00000000,0.00000000,0.00000000,0.00000000,0.00000000,0.00000000,0.00000000,0.00000000,0.01585949,0.00000000,0.00000000,0.00000000,0.04578664,0.00000000,0.00000000,0.00000000,0.00000000,0.00000000,0.00000000,0.00000000,0.00000000,0.00000000,0.00461954,0.03264049,0.00173152,0.00000000,0.00000000,0.00000000,0.00000000,0.00000000,0.00000000,0.00000000,0.00000000,0.00000000,0.00000000,0.00000000,0.00000000,0.00000000,0.00000000,0.00000000,0.00000000,0.00000000,0.00000000,0.00000000,0.00000000,0.00000000,0.00000000,0.00000000,0.00000000,0.00000000,0.00000000,0.00000000,0.00000000,0.00000000,0.00000000,0.00000000,0.00000000,0.00000000,0.00000000,0.00000000,0.00000000,0.00000000,0.00000000,0.00000000,0.00000000,0.00000000,0.00000000,0.00000000,0.02433566,0.00000000,0.00000000,0.00000000,0.00000000,0.00000000,0.00000000,0.00000000,0.00000000,0.00000000,0.00000000,0.00000000,0.00000000,0.00161828,0.00000000,0.00432564,0.00000000,0.00000000,0.00000000,0.00000000,0.00000000,0.40497887,0.00000000,0.00000000,0.00000000,0.00000000,0.00000000,0.00000000,0.00000000,0.00000000,0.02034406,0.00000000,0.00000000,0.00000000,0.00166716,0.00000000,0.00000000,0.00000000,0.00915014,0.00000000,0.00000000,0.83787656,0.00000000,0.00767710,0.00000000,0.00000000,0.00000000,0.00000000,0.00000000,0.00000000,0.00000000,0.00000000,0.01117773,0.00000000,0.00000000,0.00000000,0.00000000,0.00000000,0.00000000,0.00000000,0.00000000,0.00000000,0.00000000,0.00000000,0.00000000,0.00000000,0.00833356,0.00000000,0.00000000,0.00000000,0.00000000,0.00000000,0.00000000,0.00000000,0.00000000,0.00000000,0.00000000,0.03047883,0.00000000,0.00329315,0.00000000,0.00000000,0.00000000,0.00000000,0.00000000,0.00000000,0.00000000,0.00000000,0.00000000,0.00000000,0.00000000,0.00000000,0.00000000,0.00000000,0.00416233,0.00000000,0.00000000,0.00000000,0.00000000,0.00000000,0.00000000,0.00525821,0.00000000,0.00000000,0.00000000,0.00000000,0.03005902,0.00000000,0.00000000,0.00000000,0.00000000,0.00000000,0.00000000,0.00000000,0.00000000,0.00000000,0.00000000,0.00825925,0.00000000,0.00000000,0.04830930,0.00000000,0.00000000,0.00000000,0.00000000,0.00364827,0.00000000,0.00000000,0.00000000,0.00096457,0.00000000,0.00000000,0.00000000,0.00000000,0.00000000,0.00000000,0.00000000,0.00000000,0.00577359,0.00000000,0.00000000,0.09414233,0.00000000,0.00000000,0.00000000,0.00000000,0.00000000,0.00000000,0.00722327,0.05756511,0.00000000,0.00000000,0.00000000,0.00000000,0.00000000,0.01861263,0.00000000,0.00000000,0.00000000,0.00000000,0.00566701,0.00000000,0.00000000,0.00000000,0.00000000,0.00900369,0.00000000,0.00000000,0.00000000,0.00000000,0.00000000,0.00000000,0.00000000,0.00000000,0.00000000,0.00000000,0.00000000,0.00000000,0.00257875,0.00000000,0.00000000,0.00000000,0.00000000,0.00000000,0.00000000,0.00000000,0.00000000,0.04451495,0.00000000,0.05370103,0.01403713,0.00359773,0.00000000,0.00000000,0.00000000,0.00000000,0.00000000,0.00000000,0.15877832,0.01298523,0.00000000,0.00000000,0.00000000,0.00000000,0.00382905,0.00000000,0.00000000,0.00000000,0.00000000,0.00000000,0.00000000,0.00000000,0.00000000,0.00837425,0.00000000,0.00000000,0.00000000,2.94028123,0.00000000,0.00000000,0.00000000,0.00000000,0.00000000,0.00000000,0.00000000,0.00000000,0.00000000,0.00000000,0.00000000,0.00000000,0.00000000,0.00000000,0.00710786,0.00000000,0.00000000,0.00000000,0.00000000,0.00000000,0.00000000,0.02345078,0.00000000,0.00000000,0.00000000,0.00000000,0.00000000,0.01597543,0.00000000,0.00000000,0.00000000,0.02520432,0.00000000,0.00000000,0.00000000,0.00000000,0.00574655,0.00000000,0.00000000,0.00000000,0.00000000,0.00000000,0.00000000,0.00864358,0.00287398,0.00000000,0.00000000,0.00000000,0.00000000,0.00000000,0.00000000,0.00000000,0.00000000,0.00000000,0.00000000,0.00000000,0.00082487,0.00000000,0.00000000,0.00000000,0.00000000,0.00000000,0.00000000,0.00000000,0.00000000,0.00000000,0.00000000,0.00429357,0.00000000,0.00506383,0.00000000,0.00000000,0.00000000,0.00231714,0.00000000,0.00000000,0.00000000,0.00000000,0.00000000,0.00000000,0.00000000,0.00000000,0.00000000,0.00000000,0.00000000,0.03840687,0.00000000,0.00000000,0.00000000,0.00000000,0.00000000,0.00000000,0.00000000,0.00000000,0.00000000,0.00822058,0.00000000,0.00000000,0.00000000,0.00000000,0.00000000,0.00000000,0.00000000,0.00000000,0.00000000,0.00000000,0.00000000,0.00000000,0.00000000,0.00000000,0.00000000,0.00000000,0.00000000,0.00000000,0.00000000,0.00000000,0.00817359,0.00000000,0.00000000,0.00000000,0.00000000,0.00000000,0.00297683,0.00000000,0.00000000,0.00000000,0.00000000,0.00000000,0.00000000,0.00000000,0.00000000,0.00000000,0.00000000,0.00000000,0.00000000,0.00000000,0.00000000,0.00000000,0.00000000,0.00000000,0.00000000,0.00000000,0.00000000,0.00000000,0.00000000,0.01184895,0.00000000,0.00000000,0.00000000
0.00000000,0.00000000,0.00000000,0.00000000,0.00000000,0.00000000,0.00908129,0.00000000,0.00000000,0.00000000,0.00305172,0.00000000,0.00000000,0.00000000,0.00000000,0.00074361,0.00000000,0.00402998,0.00000000,0.00000000,0.00000000,0.00000000,0.00000000,0.00000000,0.00215166,0.00000000,0.00000000,0.00000000,0.00000000,0.00000000,0.00000000,0.00000000,0.00000000,0.00000000,0.00000000,0.00000000,0.00000000,0.00000000,0.00000000,0.00886314,0.00000000,0.00216009,0.00000000,0.00000000,0.00000000,0.00000000,0.00000000,0.00000000,0.00000000,0.00000000,0.00000000,0.00000000,0.00000000,0.00000000,0.00000000,0.00000000,0.00000000,0.00000000,0.00000000,0.00000000,0.00000000,4.33182033,0.00000000,0.00000000,0.00000000,0.00000000,0.00000000,0.00000000,0.00000000,0.00000000,0.00000000,0.00212300,0.00476230,0.00000000,0.00999783,0.00000000,3.49251367,0.00000000,0.00285192,0.15172610,0.00000000,0.00000000,0.00000000,0.00000000,0.00000000,0.00526763,0.11217321,0.00000000,0.37458535,0.00000000,0.00000000,0.10108711,0.02194114,0.00000000,0.00000000,0.00000000,0.00000000,0.00000000,0.00000000,0.00000000,0.00000000,0.00000000,0.00000000,0.00000000,0.00000000,0.00000000,0.00000000,0.00000000,0.00000000,0.00000000,0.00000000,0.00000000,0.00000000,0.06823500,0.00000000,0.00000000,0.00000000,0.01415162,0.00000000,0.00000000,0.00000000,0.00000000,0.00000000,0.00000000,0.00000000,0.00000000,0.00551552,0.00000000,0.00000000,0.00000000,0.00000000,0.12887472,0.00000000,0.00000000,0.00000000,0.00000000,0.00000000,0.00000000,0.00000000,0.00000000,0.00000000,0.00000000,0.00000000,0.00000000,0.00000000,0.00000000,0.00000000,0.00000000,0.05456597,0.02806891,0.00000000,0.00000000,0.00000000,0.00000000,0.00000000,0.00000000,0.00000000,0.00000000,0.57577798,0.00000000,0.00000000,0.00000000,0.00000000,0.00000000,0.00000000,0.00000000,0.00738077,0.00000000,0.00000000,0.00000000,0.00516693,0.00000000,0.00000000,0.00000000,0.00000000,0.00000000,0.00000000,0.00000000,0.00000000,0.16687253,0.00000000,0.00000000,0.00000000,0.00000000,0.00000000,0.00000000,0.00000000,0.00000000,0.00000000,0.00000000,0.00000000,0.00000000,0.00000000,0.00577346,0.00000000,0.00000000,0.00000000,0.00000000,0.00000000,0.00000000,0.00000000,0.00102609,0.00000000,0.00000000,0.00000000,0.00000000,0.00000000,0.00000000,0.00000000,0.00000000,0.00000000,0.00000000,0.00000000,0.00000000,0.00000000,0.00000000,0.00000000,0.00000000,0.00000000,0.03564165,0.00000000,0.00000000,0.00920170,0.00111735,0.05281026,0.00000000,0.00000000,0.00000000,0.00000000,0.00000000,0.00000000,0.00000000,0.00000000,0.01161494,0.00000000,0.00000000,0.00000000,0.00000000,0.00000000,0.00000000,0.00000000,0.00000000,0.00000000,0.00000000,0.05035047,0.04918463,0.00000000,0.43888039,0.00745516,0.00000000,0.00000000,0.00000000,0.00000000,0.00000000,0.00000000,0.00000000,0.00000000,0.00000000,0.00000000,0.00000000,0.00000000,0.00000000,0.00000000,0.00000000,0.03388984,0.00000000,0.00000000,0.00000000,0.00000000,0.00212423,0.00000000,0.00000000,0.00000000,0.00000000,0.00000000,0.98595231,0.00000000,0.00000000,0.00000000,0.00000000,0.00000000,0.00000000,0.00000000,0.00000000,0.00000000,0.00000000,0.00000000,0.00000000,0.00000000,0.00000000,0.00000000,0.00000000,0.00000000,0.00000000,0.00000000,0.00000000,0.06298634,0.00000000,0.00419794,0.00000000,0.00689699,0.65241613,0.00000000,0.00000000,0.00410933,0.00000000,0.00000000,0.00000000,0.01666239,0.00144189,0.00000000,0.00000000,0.00000000,0.00000000,0.00000000,0.00000000,0.00000000,0.00000000,0.00000000,0.00000000,0.00000000,0.01666577,0.00000000,0.00379683,0.00000000,0.00000000,0.00000000,0.00000000,0.00000000,0.00457933,0.00127070,0.00000000,0.00000000,0.00000000,0.00000000,0.00000000,0.00000000,0.00000000,0.00000000,0.00181254,0.00000000,0.00000000,0.00000000,0.00000000,0.00000000,0.00000000,0.00000000,0.00000000,0.00000000,0.00000000,0.00000000,0.05708603,0.00000000,0.00000000,0.30503088,0.00000000,0.00000000,0.00000000,0.00000000,0.00000000,0.00000000,0.07148137,0.00000000,0.00000000,0.00000000,0.00000000,0.00000000,0.00000000,0.04060369,0.00000000,0.00584764,0.00000000,0.00000000,0.00000000,0.00000000,0.00000000,0.00000000,0.00000000,0.00000000,0.00000000,0.00000000,0.00000000,0.00000000,0.00000000,0.00000000,0.00000000,0.00000000,0.00000000,0.05691423,0.02719748,0.00000000,0.00000000,0.00000000,0.00000000,0.00000000,0.00000000,0.00000000,0.00000000,0.00000000,0.00000000,0.00000000,0.00000000,0.00000000,0.00000000,0.00000000,0.00000000,0.00000000,0.00000000,0.00000000,0.00000000,0.00000000,0.00657927,0.00000000,0.00525816,0.00000000,0.00000000,0.00661983,0.00000000,0.00000000,0.00000000,0.00000000,0.00000000,0.00000000,0.00000000,0.00000000,0.00308812,0.00000000,0.00000000,0.00000000,0.00000000,0.00000000,0.00000000,0.00000000,0.00000000,0.00000000,0.00000000,0.00000000,0.02348584,0.00000000,0.00000000,0.00000000,0.00000000,1.08111967,0.00000000,0.00000000,0.00000000,0.00000000,0.00000000,0.00627210,0.00000000,0.00000000,0.00000000,0.00000000,0.00000000,0.00000000,0.00358982,0.00000000,0.00299854,0.00000000,0.00000000,0.00000000,0.00000000,0.00000000,0.00000000,0.00000000,0.00000000,0.00000000,0.00000000,0.00000000,0.00000000,0.00000000,0.00000000,0.00000000,0.00000000,0.00000000,0.00000000,0.00000000,0.00000000,0.00000000,0.00000000,0.00000000,0.00000000,0.00000000,0.00000000,0.00000000,0.00000000,0.00000000,0.00000000,0.01448615,0.00000000,0.00000000,0.05137090,0.00000000,0.00000000,0.00000000,0.00000000,0.00000000,0.00000000,0.00000000,0.00000000,0.07712841,0.00000000,0.00000000,0.00000000,0.00000000,0.00000000,0.00000000,0.00000000,0.00000000,0.00000000,0.00000000,0.00000000,0.00000000,0.00000000,0.00000000,0.00000000,0.00000000,0.00000000,0.00464706,0.00000000,0.00000000,0.00000000,0.00000000,0.00145723,0.00000000,0.00000000,0.00000000,0.00000000,0.00000000,0.00000000,0.00000000,0.00000000,0.00000000,0.00000000,0.00000000,0.00000000,0.00000000,0.00000000,0.00000000,0.00000000,0.00000000,0.02382385,0.00000000,0.00000000,0.00912041,0.00000000,0.00000000,0.00000000,0.00000000,0.00000000,0.00072966,0.00000000,0.00000000,0.00000000,0.00000000,0.00000000,0.00000000,0.00000000,0.00000000,0.00000000,0.00000000,0.00000000,0.00000000,0.00000000,0.00000000,0.00000000,0.00000000,0.00000000,0.00377443,0.00000000,0.00000000,0.00146005,0.00000000,0.00000000,0.00000000,0.00000000,0.00000000,0.00000000,0.00000000,0.00000000,0.00000000,0.00000000,0.00000000,0.00000000,0.00000000,0.00000000,0.00000000,0.00000000,0.00000000,0.00000000,0.00000000,0.00000000,0.00000000,0.00000000,0.00000000,0.00000000,0.05615225,0.00000000,0.00102201,0.04432096,0.00000000,0.00000000,0.00000000,0.00000000,0.00000000,0.00000000,0.00000000,0.00000000,0.00000000,0.34715449,0.00000000,0.00000000,0.00000000,0.00000000,0.00000000,0.00000000,0.00000000,0.00000000,0.00000000,0.00000000,0.00000000,0.00000000,0.00000000,0.01210073,0.00000000,0.00000000,0.00000000,0.00000000,0.00000000,0.00000000,0.00633782,0.00000000,0.00000000,0.00000000,0.00000000,0.00000000,0.00000000,0.00000000,0.00000000,0.00000000,0.12356772,0.00000000,0.00000000,0.00000000,0.00247880,0.02054269,0.00000000,0.00000000,0.00000000,0.00000000,0.00000000,0.00000000,0.00000000,0.00000000,0.00000000,0.00000000,0.00000000,0.00960655,0.00000000,0.00000000,0.00000000,0.00000000,0.00000000,0.00000000,0.20599135,0.02107473,0.00000000,0.00000000,0.00202432,0.00248656,0.00000000,0.01627203,0.00000000,0.00000000,0.00000000,0.00000000,0.00000000,0.00000000,0.00000000,0.00389549,0.00000000,0.00000000,0.00000000,0.00000000,0.00242037,0.00000000,0.00000000,0.00000000,0.00000000,0.00000000,0.00000000,0.00000000,0.00000000,0.00000000,0.00000000,0.00000000,0.00000000,1.40579138,0.00000000,0.00000000,0.00000000,0.00000000,0.00619911,0.00000000,0.00000000,0.00000000,0.00000000,0.00000000,0.00000000,0.00000000,0.00000000,0.00000000,0.00000000,0.00000000,0.00069221,0.00000000,0.00000000,0.00000000,0.17294657,0.00000000,0.00000000,0.00093635,0.01559239,0.00000000,0.00000000,0.00000000,0.00000000,0.00000000,0.00000000,0.00208527,0.00000000,0.00000000,0.00000000,0.00000000,0.00000000,0.00000000,0.00000000,0.00000000,0.00000000,0.00000000,0.00000000,0.00147611,0.00000000,0.00000000,0.00079246,0.00000000,0.00000000,0.00000000,0.00000000,0.00000000,0.00000000,0.00000000,0.00000000,0.00000000,0.00489399,0.01155862,0.00174972,0.00000000,0.00000000,0.00000000,0.00000000,0.00000000,0.00000000,0.00000000,0.00000000,0.00000000,0.00000000,0.00000000,0.00000000,0.00000000,0.00000000,0.00477751,0.00000000,0.00000000,0.00000000,0.02341128,0.00218086,0.00000000,0.00000000,0.00000000,0.00000000,0.00000000,0.00000000,0.00000000,0.00000000,0.00000000,0.00000000,0.00000000,0.00000000,0.00000000,0.00000000,0.00000000,0.00000000,0.00000000,0.00000000,0.00000000,0.01104675,0.00000000,0.00000000,0.00000000
0.00000000,0.00000000,0.00000000,0.00000000,0.00000000,0.00000000,0.00000000,0.00149807,0.00159254,0.00000000,0.00000000,0.00000000,0.00000000,0.00000000,0.00000000,0.00000000,0.00000000,0.00000000,0.00000000,0.00000000,0.00000000,0.00000000,0.00000000,0.00000000,0.00000000,0.00000000,0.00000000,0.00000000,0.00000000,0.05486821,0.00000000,0.00000000,0.00000000,0.00000000,0.00000000,0.01546507,0.00000000,0.00000000,0.00000000,0.00000000,0.00000000,0.00000000,0.00385809,0.00000000,0.00000000,0.00000000,0.00000000,0.00000000,0.00000000,0.00000000,0.00000000,0.00000000,0.00000000,0.00000000,0.00000000,0.00000000,0.00000000,0.00000000,0.00000000,0.00000000,0.00000000,0.00000000,0.00000000,0.00000000,0.00000000,0.00000000,0.00000000,0.00000000,0.00000000,0.00000000,0.00000000,0.00000000,0.00000000,0.00000000,0.00000000,0.00000000,0.00000000,0.00000000,0.00000000,0.00000000,0.00000000,0.00000000,0.00000000,0.00000000,0.00000000,0.00000000,0.00000000,0.00000000,0.00000000,0.00000000,0.10108711,0.00000000,0.00000000,0.00483101,0.00000000,0.00000000,0.00000000,0.00095104,0.00000000,0.00000000,0.00000000,0.00000000,0.00000000,0.00000000,0.00000000,0.00861527,0.00000000,0.00000000,0.00000000,0.00537747,0.00000000,0.00000000,0.00000000,0.00000000,0.00000000,0.00500449,0.00000000,0.00000000,0.01554186,0.00000000,0.00000000,0.01516796,0.00000000,0.00000000,0.00000000,0.00000000,0.00710668,0.00000000,0.00000000,0.00000000,0.00000000,0.00000000,0.00000000,0.01133460,0.00000000,0.00000000,0.00000000,0.00000000,0.00000000,0.00000000,0.00000000,0.00000000,0.00000000,0.00000000,0.00000000,0.00000000,0.00075344,0.00000000,0.00000000,0.00000000,0.00000000,0.01806493,0.00000000,0.00000000,0.00000000,0.00000000,0.00077665,0.00000000,0.00000000,0.00000000,0.00000000,0.00000000,0.00000000,0.00000000,0.00000000,0.00000000,0.00000000,0.00000000,0.00000000,0.00000000,0.00247540,0.00349038,0.00000000,0.00176124,0.91821057,0.00000000,0.01255971,0.05540814,0.00000000,0.00000000,0.00000000,0.00000000,0.00000000,0.00000000,0.00000000,0.00000000,0.00000000,0.00419874,0.00000000,0.00000000,0.00000000,0.00000000,0.00000000,0.00000000,0.00000000,0.00000000,0.00000000,0.00000000,0.00000000,0.00000000,0.00896578,0.00000000,0.00000000,0.00000000,0.00000000,0.00000000,0.00000000,0.00000000,0.00000000,0.00000000,0.00705728,0.00000000,0.00000000,0.00000000,0.00000000,0.00000000,0.00000000,0.00000000,0.00000000,0.00000000,0.00000000,0.00000000,0.15572682,0.00000000,0.00000000,0.00000000,0.00120699,0.00000000,0.00000000,0.00000000,0.00000000,0.00000000,0.00000000,0.00000000,0.00297585,0.00000000,0.00000000,0.00000000,0.00000000,0.00000000,0.32906553,0.00000000,0.00000000,0.00000000,0.00000000,0.00000000,0.00000000,0.00000000,0.00000000,0.00000000,0.00000000,0.00000000,0.00000000,0.00000000,0.00000000,0.00000000,0.01512289,0.00000000,0.02010187,0.00635530,0.00000000,0.01593964,0.00000000,0.00000000,0.00000000,0.00000000,0.00000000,0.00000000,0.00000000,0.00000000,0.00000000,0.00000000,0.00000000,0.00000000,0.00000000,0.00000000,0.10786398,0.00000000,0.00000000,0.00230959,0.00000000,0.00000000,0.07016653,0.00000000,0.00000000,0.00000000,0.00000000,0.00286814,0.00000000,0.05317151,0.00000000,0.00000000,0.00000000,0.00000000,0.00000000,0.00000000,0.00000000,0.00000000,0.00000000,0.00000000,0.01333545,0.00000000,0.48088207,0.00141457,0.00000000,0.00000000,0.00000000,0.00000000,0.00000000,0.00000000,0.00000000,0.00000000,0.00296786,0.00000000,0.00000000,0.00000000,0.00000000,0.00000000,0.05179434,0.08126335,0.00000000,0.00000000,0.00000000,0.00438767,0.00000000,0.00000000,0.00000000,0.00000000,0.00000000,0.02952278,0.00000000,0.00000000,0.00000000,0.00000000,0.00000000,0.00000000,0.00000000,0.00000000,0.00000000,0.00000000,0.00863174,0.00000000,0.00000000,0.00000000,0.00000000,0.00000000,0.00208542,0.00000000,0.00000000,0.00000000,0.00000000,0.02608001,0.00000000,0.00000000,0.09186828,0.00000000,0.02904763,0.00000000,0.01072329,0.00000000,0.00000000,0.00000000,0.00000000,0.00000000,0.00000000,0.00000000,0.00000000,0.00000000,0.00000000,0.00000000,0.00000000,0.00000000,0.00000000,0.00000000,0.00000000,0.00000000,0.00000000,0.00000000,0.00000000,0.00000000,0.00000000,0.00000000,0.00000000,0.00000000,0.00000000,0.00000000,0.09085174,0.00000000,0.00000000,0.00000000,0.00000000,0.00000000,0.00000000,0.00000000,0.00000000,0.21095332,0.00000000,0.00000000,0.00000000,0.00000000,0.00000000,0.00000000,0.00081276,0.00361253,0.00000000,0.00000000,0.00000000,0.00000000,0.00000000,0.00000000,0.00000000,0.00000000,0.00000000,0.00000000,0.00709263,0.00000000,0.00000000,0.00000000,0.00000000,0.00000000,0.00000000,0.00000000,0.00000000,0.00000000,0.00000000,0.00000000,0.00000000,0.00000000,0.00000000,0.00000000,0.00000000,0.00000000,0.00000000,0.00000000,0.00000000,0.00000000,0.00000000,0.00000000,0.00000000,0.00145231,0.00000000,0.00000000,0.00000000,0.00236584,0.00000000,0.00000000,0.00000000,0.00000000,0.00000000,0.00000000,0.00000000,0.00000000,0.00000000,0.00000000,0.00000000,0.00261054,0.00000000,0.00000000,0.00000000,0.00000000,0.00000000,0.00000000,0.06768306,0.00000000,0.00000000,0.00000000,0.00000000,0.00000000,0.00000000,0.00724267,0.00000000,0.00000000,0.00000000,0.00249863,0.00000000,0.05424026,0.00709696,0.00000000,0.00000000,0.00000000,0.00000000,0.00000000,0.00000000,0.00000000,0.00452395,0.00000000,0.00000000,0.00000000,0.00000000,0.00000000,0.01428284,0.15808988,0.00000000,0.00000000,0.00000000,0.00000000,0.00000000,0.00000000,0.00000000,0.00000000,0.00258127,0.00768292,0.00000000,0.00000000,0.26429814,0.00000000,0.00000000,0.00000000,0.00000000,0.00000000,0.00475391,0.00000000,0.02380193,0.00000000,0.00000000,0.01819626,0.00000000,0.00000000,0.00000000,0.00000000,0.00371573,0.00000000,0.00000000,0.00000000,0.00000000,0.00000000,0.00000000,0.00622974,0.00000000,0.00000000,0.00000000,0.00000000,0.00000000,0.00000000,0.00000000,0.00000000,0.00000000,0.00000000,0.00000000,0.00000000,0.00000000,0.00344958,0.00000000,0.00000000,0.00000000,0.00000000,0.00000000,0.00684877,0.00000000,0.00000000,0.00000000,0.00667909,0.00000000,0.00000000,0.00000000,0.00208468,0.00000000,0.00000000,0.01797529,0.00000000,0.00000000,0.00000000,0.00000000,0.00000000,0.03505280,0.06107260,0.00000000,0.00273350,0.00000000,0.00000000,0.00000000,0.00000000,0.00000000,0.00000000,0.00000000,0.00000000,0.00000000,0.00000000,0.00074519,0.00000000,0.00000000,0.00000000,0.00165461,0.00000000,0.00000000,0.00000000,0.00000000,0.00000000,0.00000000,0.00000000,0.00000000,0.02139126,0.00000000,0.00000000,0.00427805,0.00000000,0.00000000,0.00000000,0.00000000,0.00000000,0.00000000,0.00643316,0.00000000,0.00000000,0.04873989,0.00000000,0.00000000,0.00000000,0.00000000,0.00000000,0.00000000,0.00000000,0.00000000,0.00000000,0.00000000,0.00000000,0.00000000,0.00000000,0.00000000,0.00000000,0.00000000,0.00000000,0.00000000,0.00000000,0.02023875,0.00000000,0.00000000,0.00000000,0.00000000,0.02657076,0.00000000,0.00000000,0.00000000,0.00000000,0.00000000,0.00000000,0.00000000,0.00000000,0.00000000,0.00000000,0.00000000,0.00000000,0.00000000,0.00000000,0.00000000,0.00000000,0.00000000,0.00000000,0.00000000,0.00000000,0.00000000,0.00000000,0.00000000,0.02879168,0.00544844,0.00533061,0.00000000,0.00000000,0.14063901,0.00000000,0.00000000,0.00000000,0.00000000,0.00213693,0.00000000,0.00000000,0.00000000,0.00000000,0.00000000,0.00000000,0.00000000,0.00000000,0.00000000,0.00000000,0.00000000,0.00000000,0.00000000,0.00996448,0.00148329,0.00000000,0.00000000,0.00000000,0.00000000,0.00000000,0.00000000,0.00000000,0.01424780,0.00000000,0.00000000,0.00000000,0.00000000,0.00000000,0.00000000,0.00000000,0.00000000,0.00000000,0.00000000,0.00000000,0.09914139,0.00000000,0.00000000,0.00000000,0.00218790,0.00000000,0.00000000,0.00000000,0.00000000,0.00000000,0.00000000,0.00000000,0.00000000,0.00000000,0.22027088,0.00000000,0.00000000,0.01238591,0.00000000,0.00000000,0.00000000,0.00000000,0.00000000,0.00000000,0.00000000,0.00000000,0.00000000,0.00000000,0.00000000,0.00000000,0.03071483,0.00133670,0.00000000,0.00000000,0.00000000,0.00000000,0.00000000,0.00000000,0.00329607,0.00000000,0.00000000,0.00000000,0.00000000,0.00000000,0.00000000,0.00000000,0.00000000,0.00000000,0.00000000,0.00000000,0.00000000,0.00000000,0.00000000,0.00000000,0.00000000,0.00000000,0.00000000,0.00343682,0.00000000,0.00000000,0.00000000,0.00000000,0.00000000,0.00000000,0.00000000,0.00000000,0.00000000,0.00000000,0.00000000,0.00000000,0.00000000,0.00000000,0.00167039,0.00000000,0.00000000,0.00505836,0.00000000,0.00000000,0.00000000,0.00000000,0.00000000,0.00000000,0.00000000,0.00000000,0.00000000,0.00000000,0.00000000,0.00000000,0.00000000,0.00000000,0.00000000,0.00000000,0.00000000,0.00000000,0.01889340,0.00000000,0.00502064,0.00000000,0.00000000,0.00000000,0.00000000,0.00000000
0.00000000,0.00000000,0.00000000,0.00000000,0.00000000,0.00000000,0.00000000,0.00000000,0.03145013,0.00000000,0.00000000,0.00000000,0.00000000,0.00000000,0.01376304,0.00000000,0.00000000,0.00000000,0.00000000,0.00000000,0.00000000,0.00000000,0.00000000,0.00000000,0.00000000,0.01246802,0.02246012,0.00000000,0.00000000,0.00000000,0.00000000,0.00000000,0.00000000,0.00000000,0.00000000,0.00000000,0.00000000,0.00000000,0.00714339,0.00000000,0.00000000,0.00000000,0.00000000,0.00000000,0.00000000,0.00000000,0.00000000,0.00000000,0.00000000,0.00000000,0.00000000,0.00000000,0.00000000,0.00000000,0.00000000,0.01526877,0.01138644,0.00000000,0.00000000,0.00000000,0.00000000,0.00000000,0.00000000,0.00000000,0.00000000,0.00000000,0.00000000,0.00662066,0.00000000,0.00000000,0.00000000,0.00000000,0.00000000,0.00000000,0.00000000,0.00000000,0.00000000,0.00000000,0.00000000,0.00341777,0.00000000,0.00000000,0.00000000,0.00000000,0.01536857,0.00000000,0.00000000,0.00000000,0.00297404,0.10544731,0.02194114,0.00000000,0.00000000,0.00000000,0.00000000,0.00000000,0.00000000,0.00000000,0.05021377,0.00000000,0.00000000,0.00171218,0.01134251,0.00000000,0.00000000,0.00000000,0.00000000,0.00000000,0.00000000,0.00000000,0.00000000,0.00000000,0.00000000,0.00000000,0.00000000,0.00000000,0.00000000,0.00266834,0.00774691,0.00000000,0.00000000,0.00540132,0.00000000,0.00000000,0.00000000,0.00000000,0.00000000,0.00000000,0.00000000,0.00000000,0.00000000,0.00000000,0.00000000,0.00000000,0.00000000,0.00000000,0.01434900,0.00000000,0.00000000,0.00000000,0.00000000,0.00000000,0.01142646,0.00000000,0.00000000,0.00000000,0.01026856,0.00000000,0.00000000,0.00000000,0.00000000,0.01305119,0.00000000,0.00000000,0.00000000,0.00000000,0.00000000,0.00000000,0.00000000,0.00000000,0.06196571,0.00000000,0.00000000,0.00000000,3.14635972,0.00000000,0.00000000,0.00000000,0.00000000,0.00000000,0.00000000,0.00000000,0.00000000,0.00088865,0.00000000,0.00000000,0.00000000,0.00000000,0.00592932,0.00000000,0.00000000,0.00000000,0.00000000,0.00539196,0.00000000,0.00000000,0.00000000,0.00000000,0.00000000,0.00143435,0.00000000,0.00000000,0.00000000,0.00000000,0.00000000,0.00000000,0.00000000,0.00000000,0.00000000,0.00000000,0.00396021,0.00000000,0.00000000,0.00000000,0.00000000,0.00000000,0.00000000,0.00000000,0.00000000,0.00000000,0.00000000,0.00000000,0.00000000,0.00000000,0.00000000,0.00000000,0.00000000,0.00191075,0.00000000,0.00000000,0.00000000,0.00000000,0.00707494,0.01937227,0.00000000,0.00000000,0.00000000,0.00000000,0.00000000,0.00000000,0.00000000,0.00000000,0.00000000,0.00000000,0.00000000,0.00000000,0.00000000,0.00000000,0.00000000,0.00000000,0.00000000,0.00000000,0.00000000,0.00794689,0.00000000,0.00500081,0.00000000,0.00000000,0.00000000,0.00000000,0.00000000,0.00000000,0.00000000,0.00000000,0.00000000,0.00000000,0.00000000,0.00000000,0.00819679,0.00000000,0.00000000,0.00000000,0.00000000,0.03688485,0.00000000,0.00000000,0.00000000,0.00000000,0.00000000,0.00000000,0.00000000,0.00000000,0.00000000,0.00000000,0.00000000,0.00000000,0.00000000,1.06297004,0.00000000,0.00000000,0.00000000,0.00000000,0.00000000,0.00657695,0.00000000,0.00000000,0.00000000,0.00000000,0.00000000,0.00000000,0.00000000,0.00000000,0.00936590,0.00000000,0.00000000,0.00000000,0.00000000,0.00000000,0.00000000,0.00829491,0.00139414,0.00000000,0.00000000,0.00000000,0.00000000,0.00000000,0.00000000,0.05263727,0.00000000,0.05227310,0.00000000,0.00000000,0.00000000,0.00000000,0.00000000,0.00000000,0.04029891,0.00000000,0.06470792,0.00000000,0.00000000,0.00000000,0.01870883,0.00000000,0.00000000,0.01466842,0.00000000,0.00000000,0.32417006,0.00000000,0.00000000,0.00000000,0.00000000,0.00000000,0.00793370,0.00000000,0.00000000,0.00000000,0.00000000,0.00000000,0.00000000,0.00000000,0.00000000,0.00000000,0.00000000,0.00000000,0.00000000,0.00000000,0.00000000,0.00000000,0.00000000,0.00000000,0.00000000,0.00000000,0.00000000,0.00000000,0.00000000,0.00000000,0.05970960,0.00000000,0.01491316,0.00000000,0.00000000,0.00000000,0.00000000,0.00000000,0.04483179,0.00000000,0.00000000,0.00000000,0.00000000,0.02067703,0.00000000,0.00000000,0.00000000,0.00000000,0.00000000,0.00000000,0.00000000,0.00000000,0.00000000,0.00000000,0.00000000,0.00000000,0.00614236,0.00000000,0.00074774,0.00000000,0.00000000,0.00000000,0.01283311,1.97002019,0.00000000,0.00000000,0.00000000,0.00496555,0.00000000,0.01505405,0.00000000,0.00000000,0.00000000,0.00000000,0.00000000,0.00000000,0.00000000,0.00000000,0.00000000,0.00000000,0.00000000,0.00000000,0.00000000,0.00000000,0.00000000,0.01124680,0.00000000,0.00000000,0.00000000,0.00000000,0.00000000,0.00000000,0.00000000,0.00000000,0.00000000,0.00000000,0.00000000,1.62937043,0.00000000,0.00000000,0.00000000,0.00000000,0.00000000,0.00000000,0.00000000,0.00000000,0.00000000,0.00000000,0.00000000,0.00000000,0.00000000,0.00000000,0.00000000,0.00000000,0.00000000,0.00000000,1.89102556,0.00000000,0.00000000,0.00751043,0.00000000,0.00000000,0.00000000,0.00000000,0.00000000,0.00000000,0.00000000,0.00000000,0.00000000,0.00000000,0.00000000,0.00000000,0.00000000,0.00000000,0.00000000,0.00000000,0.00000000,0.00000000,0.00000000,0.00000000,0.00000000,0.00000000,0.00000000,0.00000000,0.00000000,0.00000000,0.00000000,0.00000000,0.00367734,0.00000000,0.00000000,0.00000000,0.00080834,0.00000000,0.00000000,0.00000000,0.00000000,0.00000000,0.00000000,0.00000000,0.00000000,0.00000000,0.12540611,0.00000000,0.00000000,0.00000000,0.00000000,0.00000000,0.00000000,0.00000000,0.01342236,0.00000000,0.00000000,0.00249049,0.00000000,0.00000000,0.00000000,0.00000000,0.00000000,0.00000000,0.01518154,0.00000000,0.00000000,0.01669173,0.00000000,0.00000000,0.00000000,0.00000000,0.00101394,0.00000000,0.01682723,0.00000000,0.00000000,0.00000000,0.00000000,0.00000000,0.00000000,0.00000000,0.00000000,0.00000000,0.00000000,0.00000000,0.00000000,0.00000000,0.00000000,0.00000000,0.00000000,0.00000000,0.00000000,0.00000000,0.00000000,0.00000000,0.00000000,0.00000000,0.00000000,0.00000000,0.02071039,0.00000000,0.00000000,0.00228174,0.00000000,0.00000000,0.00000000,0.00000000,0.00000000,0.00000000,0.00000000,0.00000000,0.00000000,0.00000000,0.00000000,0.01073670,0.00000000,0.00000000,0.00000000,0.00000000,0.00000000,0.00000000,0.01606901,0.00000000,0.00000000,0.00000000,0.00000000,0.01227741,0.00000000,0.00000000,0.00000000,0.00589901,0.01920001,0.00000000,0.01031632,0.00000000,0.00000000,0.00000000,0.00000000,0.01751612,0.00000000,0.00000000,0.00000000,0.00000000,0.00000000,0.00000000,0.00000000,0.00000000,0.00000000,0.00000000,0.00000000,0.00000000,0.00000000,0.00000000,0.00000000,0.00000000,0.00000000,0.11265435,0.00000000,0.00000000,0.00000000,0.00000000,0.00000000,0.00000000,0.00000000,0.00000000,0.00303062,0.00000000,0.00000000,0.00000000,0.00127393,0.00000000,0.00000000,0.00000000,0.00000000,0.01067710,0.00000000,0.00000000,0.00000000,0.00000000,0.00000000,0.00182121,0.00000000,0.00000000,0.00000000,0.00000000,0.00000000,0.00000000,0.00000000,0.00000000,0.00000000,0.00000000,0.00000000,0.00000000,0.00000000,0.00000000,0.00000000,0.00000000,0.00000000,0.00000000,0.00000000,0.00000000,0.00000000,0.00493572,0.00000000,0.00123764,0.00000000,0.00285494,0.00000000,0.00000000,0.00000000,0.00000000,0.00000000,0.00000000,0.00000000,0.00000000,0.00000000,0.00000000,0.00000000,0.00000000,0.00000000,0.00000000,0.00473555,0.00000000,0.00000000,0.00000000,0.00000000,0.00000000,0.00000000,0.00000000,0.36442852,0.00000000,0.00000000,0.00000000,0.00000000,0.00000000,0.01812407,0.01833401,0.00000000,0.00000000,0.00000000,0.00000000,0.00000000,0.00000000,0.00281180,0.01547308,0.01181636,0.00000000,0.04493851,0.00000000,0.00000000,0.00000000,0.00000000,0.00000000,0.00000000,0.00000000,0.00000000,0.00000000,0.01003404,0.00000000,0.00000000,0.02746519,0.00000000,0.00000000,0.00000000,0.00000000,0.00000000,0.00000000,0.00000000,0.00000000,0.00000000,0.00000000,0.00000000,0.00000000,0.00000000,0.00000000,0.17330808,0.00000000,0.00000000,0.00000000,0.00000000,0.00000000,0.00000000,0.00000000,0.00000000,0.00000000,0.00000000,0.00000000,0.00000000,0.00000000,0.00000000,0.00000000,0.00000000,0.00000000,0.07879632,0.00000000,0.00000000,0.00000000,0.00000000,0.00000000,0.00000000,0.00000000,0.01220798,0.00000000,0.00000000,0.00000000,0.01331231,0.00000000,0.00000000,0.00000000,0.00000000,0.00465113,0.00644210,0.00000000,0.00000000,0.00000000,0.00000000,0.00000000,0.00000000,0.00000000,0.02507920,0.00000000,0.00000000,0.00000000,0.00000000,0.00000000,0.00000000,0.00000000,0.00000000,0.00000000,0.00000000,0.00000000,0.04454126,0.02891883,0.00000000,0.00000000,0.00000000,0.00000000,0.00000000,0.00000000,0.00837011,0.00000000,0.00000000,0.00000000,0.00000000,0.00000000,0.00000000,0.00000000,0.00000000,0.00310811,0.00000000,0.00000000,0.00254067,0.00000000,0.00567838,0.00618934
0.00114181,0.00000000,3.17660031,0.00000000,0.00000000,0.00000000,0.00000000,0.00000000,0.00000000,0.00000000,0.00000000,0.00000000,0.00000000,0.00000000,0.00000000,0.00000000,0.00000000,0.00000000,0.00000000,0.00000000,0.00000000,0.00000000,0.00000000,0.00000000,0.96871570,0.00000000,0.00000000,0.00457320,0.00000000,0.00000000,0.00000000,0.00000000,0.00000000,0.00000000,0.00000000,0.00000000,0.00000000,0.00000000,0.00000000,0.00797046,0.00000000,0.00000000,0.00000000,0.00000000,0.00000000,0.00000000,0.00000000,0.00000000,0.00000000,0.00000000,0.00000000,0.00000000,0.00000000,0.00000000,0.00000000,0.00000000,0.00000000,0.00000000,0.00416897,0.00000000,0.00000000,0.00000000,0.00000000,0.00000000,0.00000000,0.00000000,0.00000000,0.00000000,0.00000000,0.00000000,0.00000000,0.00000000,0.00000000,0.00000000,0.00000000,0.00000000,0.00636651,0.00000000,0.00337267,0.00000000,0.00000000,0.02119340,0.00777103,0.00000000,0.00000000,0.00000000,0.00000000,0.00000000,0.00000000,0.00000000,0.00000000,0.00483101,0.00000000,0.00000000,0.13819468,0.00000000,0.00000000,0.00000000,0.00000000,0.00000000,0.00000000,0.00000000,0.00000000,0.00000000,0.00000000,0.00000000,0.00000000,0.00000000,0.00000000,0.00000000,0.00000000,0.00000000,0.00758281,0.00000000,0.00000000,0.00000000,0.00000000,0.00000000,0.00000000,0.00000000,0.00000000,0.00000000,0.00000000,0.00000000,0.00338606,0.00000000,0.00000000,0.00000000,0.00000000,0.00000000,0.00000000,0.00000000,0.04597358,0.00000000,0.00229641,0.00519897,0.00000000,0.00000000,0.06190220,0.00000000,0.00000000,0.00000000,0.00000000,0.04940638,0.00000000,0.00000000,0.00242900,0.07233384,0.00226808,0.00000000,0.00000000,0.00000000,0.00000000,0.00000000,0.00000000,0.00000000,0.00000000,0.00000000,0.00000000,0.00298236,0.00000000,0.00000000,0.00000000,0.00000000,0.00000000,0.00000000,0.00000000,0.00000000,0.00000000,0.00000000,0.00000000,0.00357299,0.00000000,0.00125031,0.00000000,0.00000000,0.00076714,0.00000000,0.00000000,0.00000000,0.00000000,0.00000000,0.00000000,0.00000000,0.01642612,0.00435766,0.00000000,0.00000000,0.00000000,0.00000000,0.00000000,0.00000000,0.00000000,0.00000000,0.00000000,0.01810806,0.00000000,0.00000000,0.01355210,0.00000000,0.00000000,0.00000000,0.00000000,0.07765750,0.00000000,0.00000000,0.00000000,0.00000000,0.00000000,0.00000000,0.00000000,0.00000000,0.00000000,0.00000000,0.00000000,0.00000000,0.00000000,0.00000000,0.00000000,0.00000000,0.00000000,0.00000000,0.00000000,0.00136797,0.00427693,0.00000000,0.00139747,0.00000000,1.44148743,0.00991954,0.00000000,0.00000000,0.00531253,0.00000000,0.00000000,0.00000000,0.00000000,0.00000000,0.00000000,0.00000000,0.00000000,0.00000000,0.00000000,0.01876318,0.00000000,0.06633870,0.00000000,0.00000000,0.00000000,0.00000000,0.02663384,0.00000000,0.00000000,0.04074949,0.00000000,0.00000000,0.00000000,0.00000000,0.00000000,0.00000000,0.00000000,0.00000000,0.00000000,0.00000000,0.17382412,0.00000000,0.00000000,0.00000000,0.00000000,0.00000000,0.00000000,0.00000000,0.00000000,0.00000000,0.00000000,0.00000000,0.00000000,0.00000000,0.01480088,0.00000000,0.01345911,0.00000000,0.00000000,0.00000000,0.00000000,0.00000000,0.03623074,0.00482738,0.00000000,0.00000000,0.00000000,0.00000000,0.00000000,0.00000000,0.00000000,0.00000000,0.00000000,0.00000000,0.00000000,0.00000000,0.00000000,0.00000000,0.00000000,0.00000000,0.00000000,0.00000000,0.00132679,0.00000000,0.00000000,0.00000000,0.00000000,0.00000000,0.00000000,0.00000000,0.00000000,0.13697718,0.00451305,0.00000000,0.00000000,0.00000000,0.00000000,0.00000000,0.00000000,0.00000000,0.00339849,0.00000000,0.00000000,0.00626859,0.00000000,0.00000000,0.00624912,0.00000000,0.00000000,0.00000000,0.00708823,0.00000000,0.00000000,0.00000000,0.00405479,0.00000000,0.00000000,0.00000000,0.01815400,0.00000000,0.00000000,0.00000000,0.00000000,0.00000000,0.00000000,0.00000000,0.00000000,0.00000000,0.00000000,0.00000000,0.00000000,0.00000000,0.00000000,0.00000000,0.00000000,0.00000000,0.00000000,0.00000000,0.00000000,0.00000000,0.00000000,0.00193092,0.00000000,0.00000000,0.00000000,0.00000000,0.00000000,0.00000000,0.00000000,0.00000000,0.00000000,0.00000000,0.00000000,0.00799110,0.00000000,0.00000000,0.00000000,0.00000000,0.00000000,0.00000000,0.00000000,0.00000000,0.00000000,0.00000000,0.00000000,0.00000000,0.00000000,0.00000000,0.00000000,0.00000000,0.00000000,0.00000000,0.00000000,0.00000000,0.00000000,0.00000000,0.00000000,0.00000000,0.00000000,0.00000000,0.00000000,0.00000000,0.00000000,0.00000000,0.00000000,0.00000000,0.00000000,0.00000000,0.00000000,0.00000000,0.00000000,0.02175374,0.00000000,0.00000000,0.00000000,0.00000000,0.00000000,0.00000000,0.01786497,0.00000000,0.00000000,0.00000000,0.00000000,0.01470186,0.00000000,0.00000000,0.00000000,0.00000000,0.00000000,0.00000000,0.00000000,0.00000000,0.00000000,0.00000000,0.00000000,0.00000000,0.00000000,0.00000000,0.00000000,0.00000000,0.00000000,0.00000000,0.00000000,0.00000000,0.00000000,0.00000000,0.00000000,0.00000000,0.00000000,0.00000000,0.00000000,0.00000000,0.00000000,0.00000000,0.00000000,0.02460315,0.00963094,0.00000000,0.00000000,0.00000000,0.00000000,0.00000000,0.00000000,0.00000000,0.00259746,0.00000000,0.00000000,0.00000000,0.00000000,0.00000000,0.00000000,0.00000000,0.00000000,0.00000000,0.00000000,0.00000000,0.00000000,0.00000000,0.00000000,0.00000000,0.00000000,0.00000000,0.00000000,0.00000000,0.00184974,0.00000000,0.00000000,0.00000000,0.00286475,0.03770896,0.00000000,0.00000000,0.00000000,0.00000000,0.00000000,0.00384450,0.00000000,0.00000000,0.00000000,0.00000000,0.00000000,0.00000000,0.00000000,0.00000000,0.00000000,0.00000000,0.00000000,0.00000000,0.00000000,0.01744393,0.00000000,0.00000000,0.00000000,0.00000000,0.00000000,0.00000000,0.00000000,0.00000000,0.00000000,0.00000000,0.00747483,0.00000000,0.22862646,0.00000000,0.00000000,0.00000000,0.00000000,0.00000000,0.00000000,0.00000000,0.01418999,0.00000000,0.00000000,0.00000000,0.00304230,0.00000000,0.00000000,0.00000000,0.00000000,0.08841079,0.00000000,0.00000000,0.00060364,0.00000000,0.00000000,0.00000000,0.00000000,0.00348406,0.00000000,0.00000000,0.00000000,0.00000000,0.00000000,0.00000000,0.00000000,0.00000000,0.00000000,0.00000000,0.00000000,0.00661101,0.00000000,0.00000000,0.00000000,0.00000000,0.00000000,0.00000000,0.00000000,0.00000000,0.00000000,1.26800129,0.00000000,0.00000000,0.00000000,0.00000000,0.00313825,0.00000000,0.00000000,0.00000000,0.00000000,0.00000000,0.00000000,0.00000000,0.00000000,0.00000000,0.00000000,0.00000000,0.00120661,0.25425067,0.00000000,0.00000000,0.00000000,0.00000000,0.00000000,0.00000000,0.00000000,0.00000000,0.00000000,0.00000000,0.00000000,0.04150021,0.00000000,0.00000000,0.00000000,0.00000000,0.00000000,0.00000000,0.38342136,0.00000000,0.00000000,0.00000000,0.00000000,0.00000000,0.00000000,0.00000000,0.00000000,0.00000000,0.00000000,0.19495306,0.00000000,0.00000000,0.00101185,0.00000000,0.00000000,0.00000000,0.00000000,0.00000000,0.00000000,0.00000000,0.00000000,0.00000000,0.00000000,0.00000000,0.08904933,0.01021190,0.00000000,0.00000000,0.00000000,0.00000000,0.01197630,0.00000000,0.00000000,0.00000000,0.00000000,0.00000000,0.00000000,0.00000000,0.20202101,0.00000000,0.02536829,0.00000000,0.00000000,0.00000000,0.00000000,0.00322211,0.01341533,0.00000000,0.00767179,0.00000000,0.00000000,0.00000000,0.00000000,0.00000000,0.00000000,0.00000000,0.00000000,0.00000000,0.00000000,0.00000000,0.00000000,0.01567624,0.00000000,0.00000000,0.00200266,0.00000000,0.00000000,0.00000000,0.00000000,0.00000000,0.00000000,0.00000000,0.00000000,0.00463503,0.00000000,0.00142174,0.00000000,0.00000000,0.00000000,0.00000000,0.00000000,0.00000000,0.00000000,0.00262599,0.00000000,0.00000000,0.00000000,0.00000000,0.00000000,0.08603930,0.00000000,0.01623327,0.08305119,0.00000000,0.00000000,0.00000000,0.00000000,0.00000000,0.00000000,0.00000000,0.00000000,0.00000000,0.00000000,0.00000000,0.00000000,0.00000000,0.00000000,0.00000000,0.00000000,0.01453463,0.00000000,0.00000000,0.00000000,0.00000000,0.00000000,0.00000000,0.00000000,0.00000000,0.00000000,0.00000000,0.00000000,0.00191046,0.00000000,0.00000000,0.00000000,0.00000000,0.00000000,0.00157723,1.82231517,0.00000000,0.00000000,0.00000000,0.00000000,0.00000000,0.00000000,0.02522917,0.00000000,0.00000000,0.00000000,0.00000000,0.00000000,0.00000000,0.00000000,3.26041559,0.00000000,0.00000000,0.00000000,0.00000000,0.00000000,0.00000000,0.00000000,0.00000000,0.00000000,0.00000000,0.00236432,0.00491468,0.02375259,0.00000000,0.00000000,0.00000000,0.07998753,0.00000000,0.00000000,0.00000000,0.00000000,0.00000000,0.00000000,0.00000000,0.00000000,0.00000000,0.00000000,0.00000000,0.00000000,0.00000000,0.00000000,0.00000000,0.00721675,0.00000000,0.02375369,0.00000000,0.00422225,0.00000000,0.00000000,0.00108561,0.00000000,0.00000000,0.00000000,0.00000000
0.00000000,0.00000000,0.00000000,0.00172956,0.00000000,0.00000000,0.00000000,0.00000000,0.00000000,0.00000000,0.00000000,0.00000000,0.00000000,0.00000000,0.00000000,0.00000000,0.00000000,0.00000000,0.00000000,0.00000000,0.00000000,0.00000000,0.00000000,0.00000000,0.00000000,0.00000000,0.00000000,0.00000000,0.00000000,0.00000000,0.00000000,0.00000000,0.00000000,0.00000000,0.00000000,0.00000000,0.00000000,0.00486390,0.00000000,0.00000000,0.00000000,0.00000000,0.00000000,0.01549124,0.07848064,0.00000000,0.12949692,0.00000000,0.00000000,0.00000000,0.00000000,0.01511411,0.00000000,0.00000000,0.00000000,0.00000000,0.00000000,0.00000000,0.00000000,0.00000000,0.00434185,0.00078872,0.00000000,0.00000000,0.00000000,0.00000000,0.32601598,0.00000000,0.00000000,0.00000000,0.00000000,0.00000000,0.00000000,0.00000000,0.00000000,0.00151716,0.00000000,0.00000000,0.00000000,0.00000000,0.01697465,0.00000000,0.00000000,0.00000000,0.00000000,0.00000000,0.00000000,0.00000000,0.00000000,0.00000000,0.00000000,0.00000000,0.00000000,0.13819468,0.00000000,0.00000000,0.00000000,0.00000000,0.00000000,0.01964246,0.00000000,0.00000000,0.00000000,0.00000000,0.00000000,0.00000000,0.00000000,0.00000000,0.00000000,0.00000000,0.00000000,0.00000000,0.00000000,0.00000000,0.00000000,0.00000000,0.00000000,0.00000000,0.00000000,0.00354696,0.00072502,0.00000000,0.00206895,0.00000000,0.00000000,0.01225964,0.00000000,0.00000000,0.00000000,0.00000000,0.00000000,0.00000000,0.00000000,0.00000000,0.00000000,0.00000000,0.00000000,0.00000000,0.00000000,0.01061322,0.00000000,0.01333764,0.00000000,0.00000000,0.00000000,0.00606986,0.00000000,0.30675169,0.00000000,0.00000000,0.00000000,0.00000000,0.00000000,0.00000000,0.00000000,0.00000000,0.00141062,0.01602760,0.00000000,0.00000000,0.00000000,0.00000000,0.00000000,0.00000000,0.00000000,0.00000000,0.02295929,0.00000000,0.00000000,0.00000000,0.00000000,0.05821017,0.00000000,0.00000000,0.00000000,0.00000000,0.00000000,0.00000000,0.00000000,0.01195998,0.00000000,0.00000000,0.00000000,0.00000000,0.00000000,0.00000000,0.00000000,0.00000000,0.00000000,0.00062139,0.00000000,0.00000000,0.00000000,0.00000000,0.00000000,0.00000000,0.00000000,0.00243110,0.00000000,0.00000000,0.00000000,0.00000000,0.00000000,0.00000000,0.00000000,0.00000000,0.00000000,0.01086542,0.00000000,0.00000000,0.00000000,0.00000000,0.00000000,0.00000000,0.00714808,0.00000000,0.00000000,0.00000000,0.00000000,0.00000000,0.00000000,0.00161792,0.00000000,0.00000000,1.24917895,0.00000000,4.51185949,0.00000000,0.00000000,0.00000000,0.00000000,0.00000000,0.00000000,0.01138531,0.00000000,0.00000000,0.00000000,0.00000000,0.00000000,0.00000000,0.00000000,0.00000000,0.01008972,0.00000000,0.00000000,0.00618823,0.00000000,0.00000000,0.00000000,0.00000000,0.00000000,0.00000000,1.07624349,0.00000000,0.00440707,0.00000000,0.00000000,0.00000000,0.00000000,0.00000000,0.00272000,0.00000000,0.00000000,0.00000000,0.00000000,0.00000000,0.00000000,0.00000000,0.00000000,0.00000000,0.00000000,0.00000000,0.00000000,0.00087312,0.00000000,0.00000000,0.00088161,0.00000000,0.00000000,0.00204464,0.00000000,0.01387954,0.00000000,0.00000000,0.00000000,0.00000000,0.00000000,0.00183766,0.00000000,0.00000000,0.00000000,0.00000000,0.00000000,0.00000000,0.00000000,0.00000000,0.00000000,0.00000000,0.00000000,0.00084714,0.00000000,0.00000000,0.00000000,0.00000000,0.00308997,0.00000000,0.00000000,0.00000000,0.00000000,0.00000000,0.00000000,0.00000000,0.00000000,0.00513114,0.00000000,0.01632391,0.00000000,0.00000000,0.00000000,0.00000000,0.00000000,0.00000000,0.00000000,0.00000000,0.00000000,0.00000000,0.01322438,0.00000000,0.00000000,0.00000000,0.00000000,0.00000000,0.00000000,0.00000000,0.00176263,0.00000000,0.00634885,0.00000000,0.00000000,0.00000000,0.00000000,0.00000000,0.00000000,0.00000000,0.00559656,0.00000000,0.00000000,0.00000000,0.00000000,0.00000000,0.00000000,0.00000000,0.00000000,0.00000000,0.00000000,0.00244961,0.00000000,0.00000000,0.00000000,0.00000000,0.00000000,0.00000000,0.00000000,0.00000000,0.00000000,0.00000000,0.00000000,0.00000000,0.00307280,0.00000000,0.00000000,0.00000000,0.00000000,0.00000000,0.00000000,0.00000000,0.00000000,0.00000000,0.00000000,0.00000000,0.00841395,0.00000000,0.00000000,0.00000000,0.00000000,0.03623606,0.00000000,0.00000000,0.00000000,0.00000000,0.00000000,0.00173840,0.01373061,0.00000000,0.00000000,0.00000000,0.00000000,0.00340385,0.00000000,0.00000000,0.00000000,0.00000000,0.00000000,0.00000000,0.00000000,0.00000000,0.00000000,0.00000000,0.00000000,0.00000000,0.00000000,0.00000000,0.00144420,0.00000000,0.00000000,0.00000000,0.00000000,0.00000000,0.00000000,0.00000000,0.00000000,0.00000000,0.00000000,0.00000000,0.00000000,0.00000000,0.87823355,0.00000000,0.00000000,0.00000000,0.00000000,0.00000000,0.00000000,0.00000000,0.00000000,0.00000000,0.00000000,0.00000000,0.00000000,0.00000000,0.00000000,0.00000000,0.00000000,0.00000000,0.00000000,0.00000000,0.00967636,0.00000000,0.00000000,0.00000000,0.00000000,0.00000000,0.00000000,0.00000000,0.00000000,0.00000000,0.00000000,0.00000000,0.00000000,0.00000000,0.00000000,0.00000000,0.00000000,0.06146368,0.00000000,0.00519815,0.00000000,0.00000000,0.00000000,0.00000000,0.00000000,0.00000000,0.00000000,0.00000000,0.00000000,0.00000000,0.00000000,0.00000000,0.00000000,0.00000000,0.00000000,0.00000000,0.00000000,0.00000000,0.00000000,0.00000000,0.00000000,0.00000000,0.00377271,0.00000000,0.00000000,0.00000000,0.00000000,0.00997119,0.00000000,0.02711049,0.00000000,0.00000000,0.00203721,0.00000000,0.00000000,0.00000000,0.00000000,0.00000000,0.00000000,0.00394044,0.00000000,0.00000000,0.00000000,0.00000000,0.00000000,0.00000000,0.00000000,0.00000000,0.00000000,0.00000000,0.00000000,0.09560407,0.00000000,0.00000000,0.00000000,0.00000000,0.00000000,0.00000000,0.00000000,0.00000000,0.00000000,0.07092452,0.00000000,0.00964493,0.00000000,0.00000000,0.00000000,0.28713682,0.91861035,0.14706559,0.00000000,0.00000000,0.00000000,0.00000000,0.00000000,0.00000000,0.00000000,0.00000000,0.00000000,0.00000000,0.00000000,0.00000000,0.00000000,0.00000000,0.00000000,0.00000000,0.00000000,0.00000000,0.00000000,0.00429809,0.00000000,0.00000000,0.00000000,0.00000000,0.00000000,0.00000000,0.00000000,0.00000000,0.00000000,0.01044386,0.00000000,0.00000000,0.00000000,0.00000000,0.00000000,0.00000000,0.00000000,0.00000000,0.00000000,0.00000000,0.00000000,0.00000000,0.00000000,0.00000000,0.00000000,0.00000000,0.00000000,0.00000000,0.00000000,0.00000000,0.00000000,0.30219592,0.00000000,0.00000000,0.00000000,0.00000000,0.00000000,0.00000000,0.00000000,0.00113835,0.00803213,0.00000000,0.03732546,0.00000000,0.00000000,0.00000000,0.00000000,0.00000000,0.00000000,0.00000000,0.00000000,0.00000000,0.00000000,0.00000000,0.00000000,0.00672194,0.00681622,0.00000000,0.00000000,0.00000000,0.00000000,0.00000000,0.00000000,0.00000000,0.00000000,0.00000000,0.00000000,0.00000000,0.00000000,0.00525522,0.00000000,0.00000000,0.00000000,0.01374997,0.00246581,0.00000000,0.00000000,0.00000000,0.00000000,0.00448782,0.00000000,0.00000000,0.00000000,0.40253102,0.00000000,0.00000000,0.00000000,0.00000000,0.00000000,0.00000000,0.00000000,0.00000000,0.00575932,0.00000000,0.00000000,0.00000000,0.03730019,0.00000000,0.00000000,0.00000000,0.00000000,0.00000000,0.00174676,0.00000000,0.00000000,0.00000000,0.00000000,0.00000000,0.00000000,0.00000000,0.00540325,0.00000000,0.00000000,0.00000000,0.00000000,0.00000000,0.00000000,0.00642426,0.00000000,0.00277908,0.00000000,0.00000000,0.00232737,0.00000000,0.00000000,0.00515867,0.00000000,0.00000000,0.00000000,0.00000000,0.64534259,0.00000000,0.00000000,0.00000000,0.00000000,0.00000000,0.00000000,0.00000000,0.00000000,0.00000000,0.00000000,0.00000000,0.00000000,0.00000000,0.00311057,0.00000000,0.00000000,0.00000000,0.00000000,0.31954609,0.00000000,0.00000000,0.19290993,0.00000000,0.00000000,0.00000000,0.00000000,0.00000000,0.00601400,0.00000000,0.00000000,0.00000000,0.00000000,0.00376748,0.00626640,0.00000000,0.00000000,0.00000000,0.00000000,0.00000000,0.00000000,0.00000000,0.00000000,0.00000000,0.00000000,0.06456042,0.00000000,0.00000000,0.00000000,0.02005394,0.00000000,0.00000000,0.00000000,0.00000000,0.00000000,0.00000000,0.03624981,0.00000000,0.00000000,0.07538372,0.00000000,0.00000000,0.00000000,0.00000000,0.00000000,0.00000000,0.00000000,0.00000000,0.00000000,0.00000000,0.00000000,0.00000000,0.00000000,0.02367627,0.00318825,0.00000000,0.00000000,0.00000000,0.00383226,0.63122382,0.00000000,0.00000000,0.00000000,0.00523851,0.00000000,0.00000000,0.00000000,0.00000000,0.00000000,0.00000000,0.00000000,0.00000000,0.00000000,0.00000000,0.00000000,0.00000000,0.00000000,0.00000000,0.00000000,0.00098160,0.00000000,0.00000000,0.00000000,0.00000000,0.00000000,0.00000000,0.00000000,0.03265296,0.00000000,0.00000000,0.00000000,0.00000000,0.00000000,0.00000000
0.00000000,0.00000000,0.00000000,0.00000000,0.00000000,0.00000000,0.00000000,0.00000000,0.00000000,0.00000000,0.00000000,0.00000000,0.00000000,0.00000000,0.00000000,0.00000000,0.00000000,0.00000000,0.00000000,0.00000000,0.18593070,0.00000000,0.00000000,0.00000000,0.00000000,0.00000000,0.01039005,0.00000000,0.02103794,0.00000000,0.00000000,0.00000000,0.00000000,0.00000000,0.00000000,0.00000000,0.00000000,0.00000000,0.00000000,0.00000000,0.00450598,0.00000000,0.00818991,0.00000000,0.00224361,0.00000000,0.00000000,0.53191078,0.00000000,0.00000000,0.00000000,0.00000000,0.01186170,0.00000000,0.00000000,0.00000000,0.00000000,0.00000000,0.00723783,0.00000000,0.00000000,0.00000000,0.00000000,0.00000000,0.00000000,0.00000000,0.00000000,0.00000000,0.00000000,0.00000000,0.00000000,0.00000000,0.00000000,0.00000000,0.00000000,0.00000000,0.11915304,0.00000000,0.00000000,0.00000000,0.00000000,0.00000000,0.09774584,0.00000000,0.00000000,0.00000000,0.00000000,0.00000000,0.00000000,0.04515942,0.00000000,0.00000000,0.00000000,0.00000000,0.00000000,0.00000000,0.00388902,0.00000000,0.00000000,0.00000000,0.00169900,0.00000000,0.00000000,0.00000000,0.00000000,0.00000000,0.00000000,0.00000000,0.00000000,0.00000000,0.00000000,0.00000000,0.00000000,0.15183383,0.00000000,0.01438182,0.00000000,0.00000000,0.00000000,0.00000000,0.00000000,0.00000000,0.00000000,0.00213271,0.00000000,0.00000000,0.00000000,0.00000000,0.30478551,0.00000000,0.00000000,0.00000000,0.02009412,0.00000000,0.00839720,0.00000000,0.00000000,0.00000000,0.00000000,0.00000000,0.00000000,0.00000000,0.00000000,0.00000000,0.00000000,0.00000000,0.00000000,0.00000000,0.01508253,0.00000000,0.00000000,0.00000000,0.00000000,0.00000000,0.00000000,0.00000000,0.00000000,0.00000000,0.00000000,0.00000000,0.00680587,0.00000000,0.00000000,0.00000000,0.00000000,0.00000000,0.10451087,0.00000000,0.00000000,0.00000000,0.00000000,0.00000000,0.00000000,0.00000000,0.00000000,0.00000000,0.00000000,0.00000000,0.00000000,0.00000000,0.00000000,0.00000000,0.00000000,0.00000000,0.00000000,0.00000000,0.00000000,0.00000000,0.00000000,0.00000000,0.00000000,0.00000000,0.00219078,0.00000000,0.00000000,0.00000000,0.00000000,0.00000000,0.00000000,0.00215920,0.00000000,0.00127192,0.00000000,0.00536222,0.00000000,0.00000000,0.00000000,0.00000000,0.00000000,0.00000000,0.00000000,0.00000000,0.00000000,0.00000000,0.00100287,0.00137579,0.00000000,0.00000000,0.76151694,0.03441581,0.00000000,0.00000000,0.00000000,0.00000000,0.00740750,0.00399429,0.00000000,0.00000000,0.74808230,0.00000000,0.00000000,0.00000000,0.00000000,0.00000000,0.00000000,0.00000000,0.00146309,0.00000000,0.00000000,0.02117183,0.00000000,0.00000000,0.00000000,0.00000000,0.00000000,0.00000000,0.00000000,0.00000000,0.00000000,0.00000000,0.00000000,0.00000000,0.00000000,0.00000000,0.00000000,0.00000000,0.00000000,0.00000000,0.00000000,0.00000000,0.00263739,0.00000000,0.00000000,0.00000000,0.00000000,0.00000000,0.00000000,0.00000000,0.00000000,0.00000000,0.00000000,0.00000000,0.00000000,0.00000000,0.00000000,0.00000000,0.00000000,0.00000000,0.00000000,0.00000000,0.00000000,0.00000000,0.00000000,0.00000000,0.00000000,0.00000000,0.00000000,0.00000000,0.00000000,0.00000000,0.00000000,0.00000000,0.00234289,0.00000000,0.00000000,0.00000000,0.00000000,0.02149927,0.00000000,0.00000000,0.00000000,0.00000000,0.00079003,0.00000000,0.00000000,0.00000000,0.00000000,0.00000000,0.00000000,0.00192462,0.00000000,0.00000000,0.00000000,0.00182228,0.00000000,0.00349538,0.00293385,0.00375543,0.00000000,0.00970103,0.00000000,0.00000000,0.00000000,0.00000000,0.00000000,0.00000000,0.00000000,0.00000000,0.00000000,0.00000000,0.00000000,0.00000000,0.00000000,0.00000000,0.00000000,0.00000000,0.00000000,0.00000000,0.00000000,0.00000000,0.00000000,0.00000000,0.00000000,0.00500232,0.01219999,0.00379393,0.00000000,0.00000000,0.00000000,0.03641832,0.19949862,0.00000000,0.00000000,0.00000000,0.00000000,0.00000000,0.00000000,0.00000000,0.00000000,0.00000000,0.00000000,0.00478592,0.00000000,0.00000000,0.00000000,0.00000000,0.00000000,0.00413505,0.00000000,0.00000000,0.00000000,0.00000000,0.00000000,0.00000000,0.00000000,0.00988080,0.00000000,0.00000000,0.00000000,0.00000000,0.00000000,0.04923375,0.00000000,0.00000000,0.00000000,0.00000000,0.00000000,0.00000000,0.00000000,0.00000000,0.00000000,0.00000000,0.00000000,0.02099480,0.00000000,0.00000000,0.00000000,0.00000000,0.00000000,0.00000000,0.00000000,0.00000000,0.00000000,0.00000000,0.00000000,0.00000000,0.00000000,0.00000000,0.00089510,0.00000000,0.00000000,0.00000000,0.00000000,0.00000000,0.00000000,0.00000000,0.00000000,0.00180825,0.00000000,0.00000000,0.00000000,0.00348817,0.00000000,0.00000000,0.00000000,0.00000000,0.00000000,0.00000000,0.00059313,0.00000000,0.00000000,0.00000000,0.00000000,0.00000000,0.00000000,2.78737101,0.00000000,0.00000000,0.00000000,0.00000000,0.00000000,0.00000000,0.00000000,0.00000000,0.00000000,0.00000000,0.00000000,0.00000000,0.00000000,0.00000000,0.00000000,0.00000000,0.00000000,0.00000000,0.00000000,0.00000000,0.00000000,0.00000000,0.00000000,0.02054290,0.00000000,0.00000000,0.00000000,0.00000000,0.00000000,0.00000000,0.00000000,0.00000000,0.14198427,0.00000000,0.00000000,0.00000000,0.00000000,0.00000000,0.00000000,0.00000000,0.00000000,0.00000000,0.00000000,0.01374828,0.00000000,0.00000000,0.00000000,0.00000000,0.00000000,0.00000000,0.00000000,0.00000000,0.00000000,0.00000000,0.00000000,0.00000000,0.00000000,0.00000000,0.02178413,0.00000000,0.00000000,0.00000000,0.00000000,0.00000000,0.00000000,0.00407500,0.00000000,0.00000000,0.00000000,0.00000000,0.00000000,0.00000000,0.00000000,0.00000000,0.00000000,0.00000000,0.07059930,0.00181152,0.00000000,0.00000000,0.00000000,0.00000000,0.00000000,0.00000000,0.00000000,0.00000000,0.00000000,0.00000000,0.01107225,0.00000000,0.32971308,0.00000000,0.00000000,0.00000000,0.00000000,0.00000000,0.00000000,0.00000000,0.00000000,0.00000000,0.00000000,0.00000000,0.00000000,0.00889055,0.00000000,0.00000000,0.00294387,0.00000000,0.00000000,0.00000000,0.00000000,0.00491986,0.00000000,0.00000000,0.00000000,0.00000000,0.02046621,0.00000000,1.67519332,0.00000000,0.00000000,0.00000000,0.00000000,0.00000000,0.00991613,0.00000000,0.00000000,0.00000000,0.00000000,0.00000000,0.00000000,0.00000000,0.00000000,0.03257735,0.00000000,0.00000000,0.52877984,0.00000000,0.00000000,0.00000000,0.00901002,0.00000000,0.00000000,0.00000000,0.00000000,0.00316189,0.00000000,0.00000000,0.00154546,0.00000000,0.00000000,0.00000000,0.00000000,0.00000000,0.00000000,0.00000000,0.00000000,0.00000000,0.00000000,0.00000000,0.00000000,0.02513616,0.00000000,0.00000000,0.00000000,0.00000000,0.00000000,0.00000000,0.00760467,0.00000000,0.00000000,0.00000000,0.00000000,0.00000000,0.00000000,0.00000000,0.00000000,0.02935456,0.00000000,0.00000000,0.00000000,0.00000000,0.00000000,0.00000000,0.00000000,0.00000000,0.01870641,0.00000000,0.00000000,0.00000000,0.00000000,0.00000000,0.00000000,0.00000000,0.02742724,0.00000000,0.00064125,0.01003839,0.00000000,0.00000000,0.00000000,0.00000000,0.00000000,0.00000000,0.00000000,0.00000000,0.04663508,0.00000000,0.00000000,0.00000000,0.00000000,0.00185250,0.00000000,0.00000000,0.00000000,0.02488120,0.00000000,0.10366699,0.00000000,0.00000000,0.06834518,0.00000000,0.00000000,0.00000000,0.00000000,0.00000000,0.00501569,0.01566041,0.00000000,0.00000000,0.16259324,0.00000000,0.00000000,0.00000000,0.00000000,0.00000000,0.00000000,0.00000000,0.00000000,0.00000000,0.00000000,0.00000000,0.00000000,0.00000000,0.00000000,0.00000000,0.00000000,0.00000000,0.00000000,0.13993376,0.00000000,0.00000000,0.00000000,0.00000000,0.00000000,0.00000000,0.00000000,0.00000000,0.00000000,0.00000000,0.00000000,0.02228026,0.00000000,0.00000000,0.00000000,0.00000000,0.00000000,0.00000000,0.00000000,0.00705278,0.00000000,0.00000000,0.00000000,0.00000000,0.00087121,0.00000000,0.00000000,0.00000000,0.00000000,0.00000000,0.00694835,0.00000000,0.00000000,0.00000000,0.00000000,0.00000000,0.00000000,0.00000000,0.00000000,0.00000000,0.00000000,0.00000000,0.00000000,0.00000000,0.00000000,0.00000000,0.00000000,0.00000000,0.00000000,0.00000000,0.01806067,0.00000000,0.03317598,0.00000000,0.00000000,0.00000000,0.00000000,0.00000000,0.06721486,0.00000000,0.00420599,0.00000000,0.00000000,0.00123203,0.00000000,0.00000000,0.00000000,0.01816310,0.00000000,0.00000000,0.00000000,0.00376194,0.00000000,0.00000000,0.00000000,0.00000000,0.00000000,0.00000000,2.34776738,0.00000000,0.00400341,0.00000000,0.00000000,0.00000000,0.01090983,0.00000000,0.00000000,0.00613076,0.00000000,0.00000000,0.00000000,0.00000000,0.02085390,0.01718397,0.00000000,0.00000000,0.00000000,0.00000000,0.00000000,0.00000000,0.00000000,0.00000000,0.00000000,0.00000000,0.00000000,0.00000000,0.00000000,0.00000000,0.00000000,0.00000000,0.00000000,0.00000000,0.00000000,0.00000000
0.00000000,0.00000000,0.00000000,0.00000000,0.00000000,0.00000000,0.00000000,0.00000000,0.00000000,0.00000000,0.00000000,0.00000000,0.00000000,0.00000000,0.00000000,0.00000000,0.00000000,0.00000000,0.00457636,0.00000000,0.00000000,0.00000000,0.00000000,0.00000000,0.00782250,0.00000000,0.00000000,0.00716938,0.00000000,0.00000000,0.01153953,0.00000000,0.00000000,0.00000000,0.01149953,0.00000000,0.00000000,0.00000000,0.00408727,0.00000000,0.00000000,0.00000000,0.00233836,0.00000000,0.00000000,0.00000000,0.00000000,0.00000000,0.00763652,0.00000000,0.00000000,0.00000000,0.00000000,0.00000000,0.01591925,0.00873352,0.00000000,0.00000000,0.00000000,0.00000000,0.00000000,0.00000000,0.00000000,0.00000000,0.00000000,0.00000000,0.00000000,0.00000000,0.00000000,0.00000000,0.00000000,0.00938112,0.00000000,0.00000000,0.00000000,0.00000000,0.00158446,0.00000000,0.00000000,0.00316017,0.00000000,0.00000000,0.00000000,0.00000000,0.07091839,0.00000000,0.00000000,0.00000000,0.00000000,0.00000000,0.00000000,0.00000000,0.00000000,0.00000000,0.00000000,0.00388902,0.00000000,0.00000000,0.00000000,0.00000000,0.00000000,0.00000000,0.00000000,0.00000000,0.00000000,0.00000000,0.00000000,0.00000000,0.00000000,0.00000000,0.00000000,0.00000000,0.00425711,0.00000000,0.01131637,0.00000000,0.00000000,0.00000000,0.00000000,0.00000000,0.00000000,0.27822156,0.00000000,0.00000000,0.00000000,0.00000000,0.00000000,0.00000000,0.00000000,0.00000000,0.00000000,0.00000000,0.00000000,0.00000000,0.06829057,0.00000000,0.00000000,0.00000000,0.00000000,0.00000000,0.00000000,0.00000000,0.00000000,0.00000000,0.00000000,0.00000000,0.00297891,0.00000000,0.00000000,0.00000000,0.00000000,0.00000000,0.00000000,0.14155689,0.00000000,0.00000000,0.00000000,0.00000000,0.00000000,0.00000000,0.00000000,0.00000000,0.00000000,0.00000000,0.00000000,0.00000000,0.00000000,0.00000000,0.00000000,0.00000000,0.00000000,0.00000000,0.00000000,0.00000000,0.00000000,0.00000000,0.00000000,0.00000000,0.00000000,0.00000000,0.00105596,0.00000000,0.00439438,0.00000000,0.00000000,0.00000000,0.00000000,0.00000000,0.00000000,0.00000000,0.00000000,0.00000000,0.00000000,0.00429369,0.00000000,0.00000000,0.00000000,0.00000000,0.00000000,0.00000000,0.00747222,0.00000000,0.00000000,0.00000000,0.00000000,0.00000000,0.00000000,0.00000000,0.00000000,0.00000000,0.00163942,0.00000000,0.00971048,0.00000000,0.00000000,0.00000000,0.00000000,0.00000000,0.00000000,0.00221954,0.00000000,0.00000000,0.00000000,0.00000000,0.00000000,0.00000000,0.00000000,0.00000000,0.00000000,0.00000000,0.00000000,0.00000000,0.00000000,0.00000000,0.00000000,0.00000000,0.00000000,0.00000000,0.00072410,0.06403003,0.00000000,0.00000000,0.00496471,0.00000000,0.00000000,0.00000000,0.00000000,0.00000000,0.00000000,0.34500478,0.00000000,0.00000000,0.00000000,0.00000000,0.00000000,0.00000000,0.00000000,0.00000000,0.00000000,0.00000000,0.00382699,0.00000000,0.00000000,0.00000000,0.25148789,0.00000000,0.00000000,0.00000000,0.00000000,0.07194152,0.01525608,0.00000000,0.00000000,0.00000000,0.00000000,0.00121128,0.00000000,0.00000000,0.00170702,0.00000000,0.00000000,0.00000000,0.00000000,0.00000000,0.00000000,0.00000000,1.82605177,0.00000000,0.00000000,0.00000000,0.00000000,0.00000000,0.00000000,0.00000000,0.00000000,0.00000000,0.00000000,0.00000000,0.00000000,0.00000000,0.00000000,0.00000000,0.00000000,0.00000000,0.00000000,0.00000000,0.00000000,0.00000000,0.00770973,0.00800879,0.00000000,0.00000000,0.00000000,0.00000000,0.00000000,0.00000000,0.00000000,0.13690450,0.00393949,0.00000000,0.00000000,0.00000000,0.00000000,0.00000000,0.00000000,0.00000000,0.00000000,0.00000000,0.00000000,0.00000000,0.00000000,0.00000000,0.00000000,0.00086465,0.00000000,0.13510225,0.00000000,0.00000000,0.00000000,0.00000000,0.00000000,0.00000000,0.00000000,0.00000000,0.00000000,0.00116151,0.00000000,0.00000000,0.00000000,0.00000000,0.00000000,0.00000000,0.00000000,0.00000000,0.00000000,0.00000000,0.00708231,0.00807311,0.00000000,0.00000000,0.00000000,0.01471045,0.00000000,0.00000000,0.00000000,0.00000000,0.00000000,0.01682843,0.00000000,0.00000000,0.00000000,0.00000000,0.00000000,0.00000000,0.00000000,0.00000000,0.04138575,0.00000000,0.00000000,0.00000000,0.00000000,0.00000000,0.00360635,0.00000000,0.00000000,0.00000000,0.00000000,0.00000000,0.00000000,0.00000000,0.00000000,0.00000000,0.00000000,0.00000000,0.00000000,0.02802014,0.00000000,0.00000000,0.00171684,0.04253273,1.36750938,0.00000000,0.00000000,0.00000000,0.00000000,0.00000000,0.00000000,0.00000000,0.00000000,0.00000000,0.00000000,0.00000000,0.00000000,0.00000000,0.00000000,0.00000000,0.00000000,0.00000000,0.00000000,0.00141698,0.00000000,0.00000000,0.00000000,0.00378917,0.00885805,0.00000000,0.00000000,0.00000000,0.00000000,0.00000000,0.00000000,0.00000000,0.00000000,0.00000000,0.00000000,0.00000000,0.04164852,0.00000000,0.14028530,0.00000000,0.00000000,0.00000000,0.00000000,0.00149807,0.00000000,0.00000000,0.00000000,0.00000000,0.00000000,0.00000000,0.00000000,0.00000000,0.64701458,0.00000000,0.00000000,0.00000000,0.00000000,0.00000000,0.00000000,0.00000000,0.00000000,0.00000000,0.00000000,0.00000000,0.00264867,0.00000000,0.00000000,0.00000000,0.00000000,0.00987743,0.00000000,0.00308250,0.00344090,0.00000000,0.00000000,0.00000000,0.00000000,0.00000000,0.00000000,0.00074041,0.00000000,0.00201068,0.00000000,0.00000000,0.00000000,0.00000000,0.00000000,0.00000000,0.02353897,0.00000000,0.01203335,0.00000000,0.00000000,0.00000000,0.00000000,0.00000000,0.00000000,0.00000000,0.00000000,0.00000000,0.00000000,0.00000000,0.00000000,0.00000000,0.00000000,0.00000000,0.00000000,0.00000000,0.00000000,0.00000000,0.00000000,0.00878804,0.00000000,0.00000000,0.00000000,0.00000000,0.00000000,0.00000000,0.00000000,0.00000000,0.00000000,0.02198547,0.06356557,0.00000000,0.00000000,0.00000000,0.00000000,0.00000000,0.00000000,0.00000000,0.00000000,0.00000000,0.00000000,0.00000000,0.00000000,0.00000000,0.94231984,0.00000000,0.00000000,0.00000000,0.00000000,0.00000000,0.00000000,0.00000000,0.00071050,0.00000000,0.00000000,0.00000000,0.00000000,0.00000000,0.00000000,0.00000000,0.00000000,0.00000000,0.01283748,0.00000000,0.00000000,0.00000000,0.00000000,0.00000000,0.00000000,0.00000000,0.00000000,0.00000000,0.00000000,0.02209029,0.00000000,0.02572069,0.00146877,0.00000000,0.00000000,0.00000000,0.00503473,0.00000000,0.00000000,0.00000000,0.00141926,0.00000000,0.00347854,0.00000000,0.00000000,0.00000000,0.00000000,0.00000000,0.00000000,0.02238741,0.00000000,0.00000000,0.00000000,0.00000000,0.00000000,0.00000000,0.00000000,0.00000000,0.00000000,0.00000000,0.00000000,0.00000000,0.00000000,0.00000000,0.00000000,0.00000000,0.00000000,0.00000000,0.00000000,0.00000000,0.00000000,0.00000000,0.00829779,0.00000000,0.00000000,0.04388908,0.00000000,0.00000000,0.01169129,0.01021697,0.00000000,0.00000000,0.00000000,0.00000000,0.00000000,0.00000000,0.00000000,0.00000000,0.00000000,0.00000000,0.00000000,0.00000000,0.00000000,0.00000000,0.00000000,0.22435078,0.00000000,0.00048315,0.00000000,0.08292177,0.00000000,0.00000000,0.00000000,0.00916294,0.00000000,0.00000000,0.00000000,0.00000000,0.00000000,0.00000000,0.53709149,0.00000000,0.00000000,0.00000000,0.00000000,0.00000000,0.00000000,0.01674419,0.00000000,0.00000000,0.00000000,0.00000000,0.01607420,0.00000000,0.00000000,0.00000000,0.00000000,0.04997090,0.00000000,0.00000000,0.00000000,0.05383801,0.00000000,0.00000000,0.00000000,0.00000000,0.00000000,0.00000000,0.78385046,0.00000000,0.00000000,0.00000000,0.00000000,0.00000000,0.00000000,0.00000000,0.00000000,0.00327473,0.00688084,0.00327318,0.00102447,0.00000000,0.00000000,0.00188832,0.00000000,0.00000000,0.00000000,0.00000000,0.00000000,0.00000000,0.00000000,0.01689362,0.00000000,0.00000000,0.00000000,0.00000000,0.00000000,0.00000000,0.00000000,0.00000000,0.00454929,0.00000000,0.00120074,0.00000000,0.00000000,0.00000000,0.00000000,0.00000000,0.00000000,0.00000000,0.00000000,0.05546568,0.03933247,0.00000000,0.00000000,0.00000000,0.00000000,1.58527508,0.00000000,0.00000000,0.00000000,0.00000000,0.00000000,0.00000000,0.00000000,0.00000000,0.00000000,0.06476794,0.00000000,0.00000000,0.00000000,0.00000000,0.00000000,0.00000000,0.00000000,0.00000000,0.00000000,0.00000000,0.00000000,0.00000000,0.00000000,0.00000000,0.00000000,0.00000000,0.00000000,0.00000000,0.00000000,0.00919362,0.00000000,0.00000000,0.00000000,0.00000000,0.00000000,0.00000000,0.00000000,0.00000000,0.00000000,0.00000000,0.00000000,0.00000000,0.00401863,0.01641950,0.00000000,0.00000000,0.00000000,0.00000000,0.00000000,0.00000000,0.00000000,0.00000000,0.00000000,0.00000000,0.00000000,1.34561487,0.00000000,0.00000000,0.00000000,0.00000000,0.00000000,0.00000000,0.00000000,0.00000000,0.00000000,0.00000000,0.00000000,0.00000000,0.00000000,0.00000000,0.00000000,0.00000000,0.00000000,0.00000000,0.00000000,0.00000000
0.00000000,0.00582441,0.00000000,0.00000000,0.00000000,0.00000000,0.00000000,0.06174258,0.00000000,0.00000000,0.00000000,0.00000000,0.00000000,0.00000000,0.00000000,0.04743825,0.01642059,0.00322601,0.00000000,0.00000000,0.00000000,0.00000000,0.00000000,0.00000000,0.00000000,0.00000000,0.00000000,0.00000000,0.00000000,0.00000000,0.00000000,0.00000000,0.00000000,0.13593854,0.00000000,0.00000000,0.00000000,0.00000000,0.00000000,0.00000000,0.00000000,0.00000000,0.00000000,0.00142997,0.00000000,0.00450740,0.00000000,0.00000000,0.00000000,0.00000000,0.00000000,0.00000000,0.00000000,0.00000000,0.01304074,0.00000000,0.00000000,0.00000000,0.00000000,0.00000000,0.00000000,0.00000000,0.00000000,0.00000000,0.00000000,0.01645493,0.00000000,0.00000000,0.00000000,0.00000000,0.03149048,0.00000000,0.00000000,0.00000000,0.00000000,0.00000000,0.00331496,0.00000000,0.00000000,0.00000000,0.00000000,0.00000000,0.00000000,0.00942486,0.00000000,0.00000000,0.00000000,0.00000000,0.00000000,0.00000000,0.00000000,0.00095104,0.00000000,0.00000000,0.00000000,0.00000000,0.00000000,0.00000000,0.00000000,0.00000000,0.00000000,0.00000000,0.00000000,0.00552233,0.00000000,0.00000000,0.00000000,0.00000000,0.00000000,0.00000000,0.00000000,0.00239141,0.00000000,0.00000000,0.00000000,0.00000000,0.00282507,0.00338820,0.00000000,0.00000000,0.00000000,0.00000000,0.00000000,0.00000000,0.04617242,0.00000000,0.00000000,0.00000000,0.02826786,0.00000000,0.00000000,0.00000000,0.00000000,0.00000000,0.06006695,0.00000000,0.00000000,0.00000000,0.00000000,0.00000000,0.00000000,0.00000000,0.00000000,0.00000000,0.00000000,0.00000000,0.00000000,0.00000000,0.00000000,0.00000000,0.00000000,0.00000000,0.00000000,0.00000000,0.00000000,0.00000000,0.00000000,0.00227712,0.00259288,0.00000000,0.00000000,0.00000000,0.00000000,0.00000000,0.00000000,0.00748507,0.00000000,0.00000000,0.00000000,0.00000000,0.00000000,0.00298803,0.00000000,0.01449879,0.08715958,3.12685497,0.00000000,0.00000000,0.00000000,0.00000000,0.00000000,0.00904331,0.00000000,0.00000000,0.00000000,0.00000000,0.00000000,0.00000000,0.03572968,0.00000000,0.00000000,0.00000000,0.00000000,0.00000000,0.00000000,0.00000000,0.00000000,0.00000000,0.00000000,0.00000000,0.00000000,0.00000000,0.00000000,0.00000000,0.00000000,0.08606314,0.00000000,0.00000000,0.00000000,0.00000000,0.00000000,0.00000000,0.00000000,0.00730359,0.01176279,0.03918476,0.00000000,0.00000000,0.00000000,0.00000000,0.00000000,0.00000000,0.00000000,0.00000000,0.00000000,0.00000000,0.00000000,0.00169031,0.00000000,0.00000000,0.00000000,0.00000000,0.00000000,0.00000000,0.00000000,0.00175204,0.00000000,0.00000000,0.00000000,0.00000000,0.00000000,0.01653247,0.00000000,0.06845240,0.00000000,0.00544990,0.00000000,0.00000000,0.00000000,0.00000000,0.00000000,0.00757751,0.21824658,0.00000000,0.00000000,0.00000000,0.00000000,0.00000000,0.00000000,0.00000000,0.00000000,0.00000000,0.00000000,0.00000000,0.00000000,0.00000000,0.00000000,0.00000000,0.00000000,0.00000000,0.00329403,0.00000000,0.00000000,0.00000000,0.00000000,0.00000000,0.00000000,0.00000000,0.00000000,0.00000000,0.00000000,0.00284255,0.00706678,0.00000000,0.01051172,0.00000000,0.00000000,0.00000000,0.00000000,0.00000000,0.00000000,0.00000000,0.00000000,0.00821637,0.00000000,0.00000000,0.00000000,0.00000000,0.13295396,0.00000000,0.00000000,0.00000000,0.00000000,0.00000000,0.00000000,0.00000000,0.00000000,0.00000000,0.00000000,0.00000000,0.00507055,0.00000000,0.00000000,0.00000000,0.00000000,0.00000000,0.00000000,0.00000000,0.00000000,0.02593058,0.00113072,0.00000000,0.00000000,0.03642822,0.00000000,0.00000000,0.00000000,0.00000000,0.00069256,0.00000000,0.00000000,0.00000000,0.00000000,0.00000000,0.00000000,0.00000000,0.00000000,0.00000000,0.00000000,0.00000000,0.00000000,0.00000000,0.00000000,0.00000000,0.00000000,0.00000000,0.00000000,0.00000000,0.00000000,0.00000000,0.00000000,0.00000000,0.00000000,0.00786942,0.00000000,0.00000000,0.00000000,0.00314318,0.00000000,0.00000000,0.00000000,0.00000000,0.00000000,0.00287195,0.01542441,0.19216302,0.00000000,0.00000000,0.00000000,0.00000000,0.00000000,0.00000000,0.00158043,0.00000000,0.00000000,0.00000000,0.00000000,0.00000000,0.00779808,0.00000000,0.00000000,0.00000000,0.00000000,0.00000000,0.00000000,0.00000000,0.00740750,0.00000000,0.00000000,0.00000000,0.00000000,0.00000000,0.00000000,0.00000000,0.00000000,0.00000000,0.00000000,0.00000000,0.00000000,0.00000000,0.00000000,0.00000000,0.00000000,0.00000000,0.00000000,0.00000000,0.00000000,0.00000000,0.00000000,0.00000000,0.00000000,0.00220952,0.00000000,0.00000000,0.00000000,0.00000000,0.00000000,0.00000000,0.00000000,0.02948036,0.00000000,0.00000000,0.00000000,0.00000000,0.00208136,0.00000000,0.00000000,0.00000000,0.00000000,0.00540798,0.00000000,0.00000000,0.00000000,0.00000000,0.00000000,0.00000000,0.01145927,0.00000000,0.00000000,0.00000000,0.00000000,0.00000000,0.00000000,0.00000000,0.00000000,0.00537944,0.00000000,0.01269707,0.00000000,0.00428602,0.00000000,0.00000000,0.00000000,0.00000000,0.00000000,0.00000000,0.00000000,0.00293635,0.00000000,0.00000000,0.00000000,0.00000000,0.00461055,0.00000000,0.00000000,0.00505451,0.00000000,0.00000000,0.00804191,0.00000000,0.01917501,0.00000000,0.00000000,0.00000000,0.00000000,0.00000000,0.00000000,0.00000000,0.00000000,0.00000000,0.00000000,0.00000000,0.00000000,0.00000000,0.00000000,0.00000000,0.00000000,0.00000000,0.00000000,0.00000000,0.00000000,0.00000000,0.00000000,0.00000000,0.00000000,0.00000000,0.00506680,0.00000000,0.00000000,0.00000000,0.00000000,0.00000000,0.00000000,0.00000000,0.00000000,0.00000000,0.00000000,0.00000000,0.00000000,0.00000000,0.10866968,0.00000000,0.00000000,0.00000000,0.00000000,0.00000000,0.00000000,0.00000000,0.00000000,0.00000000,0.00000000,0.00000000,0.00000000,0.00000000,0.00000000,0.02029922,0.00538025,0.04407412,0.02610901,0.00000000,0.87242336,0.00000000,0.00000000,0.00000000,0.00000000,0.00000000,0.00000000,0.00000000,0.00000000,0.00000000,0.00000000,0.00000000,0.00000000,0.00000000,0.00000000,0.00000000,0.97219079,0.01053270,0.00000000,0.00000000,0.00000000,0.00000000,0.00000000,0.00000000,0.00000000,0.00000000,0.00000000,0.00000000,0.00000000,0.00070768,0.00000000,0.00000000,0.00000000,0.00000000,0.00000000,0.00000000,0.00000000,0.00000000,0.05698374,0.00000000,0.00000000,0.00307306,0.00000000,0.00000000,0.00000000,0.00000000,0.00000000,0.00000000,0.00000000,0.00000000,0.00424966,0.00000000,0.00000000,0.00000000,2.55170048,0.00000000,0.00000000,0.03227268,0.00160772,0.00000000,0.00000000,0.00000000,0.00000000,0.00000000,0.00000000,0.00000000,0.00000000,0.00151105,0.00000000,0.00000000,0.00000000,0.00000000,0.00000000,0.00000000,0.00000000,0.00000000,0.00000000,0.00000000,0.00000000,0.00000000,0.00000000,0.00000000,0.00000000,0.09819685,0.00000000,0.00000000,0.00000000,0.00159026,0.00000000,0.00000000,0.00000000,0.00000000,0.00000000,0.00000000,0.00000000,0.00218243,0.00845010,0.00000000,0.00000000,0.00000000,0.00123769,0.00376692,0.00000000,0.00000000,0.00000000,0.00000000,0.00000000,0.00000000,0.00091095,0.00000000,0.01196949,0.00000000,0.00000000,0.00000000,0.00000000,0.00000000,0.00000000,0.00000000,0.01019998,0.00000000,0.00000000,0.00000000,0.00000000,0.00000000,0.00000000,0.00000000,0.00000000,0.00000000,0.00000000,0.00000000,0.00000000,1.19708159,0.00000000,0.00000000,0.00000000,0.04909119,0.00000000,0.00000000,0.00000000,0.00000000,0.00000000,0.00000000,0.00000000,0.00511395,0.00000000,0.00000000,0.00000000,0.00000000,0.00000000,0.00000000,0.00000000,0.00000000,0.00000000,0.00161254,0.00000000,0.00483427,0.00000000,0.00084246,0.00000000,0.00000000,0.00000000,0.00000000,0.00000000,0.00000000,0.00000000,0.00000000,0.00000000,0.00000000,0.00000000,0.00000000,0.00000000,0.00356153,0.00000000,0.00000000,0.00000000,0.00000000,0.00000000,0.00000000,0.00000000,0.00000000,0.00000000,0.00000000,0.00000000,0.00000000,0.00000000,0.00000000,0.00000000,0.00000000,0.00000000,0.00000000,0.00000000,0.00000000,0.00000000,0.00000000,0.00000000,0.00000000,0.00000000,0.00000000,0.00000000,0.00000000,0.00000000,0.00000000,0.00000000,0.00000000,0.11253704,0.00000000,0.00148785,0.00000000,0.00000000,0.00000000,0.00000000,0.00000000,0.00000000,0.00000000,0.00000000,0.00000000,0.00000000,0.00000000,0.00000000,0.00000000,0.00000000,0.00000000,0.00000000,0.00000000,0.00000000,0.00000000,0.00000000,0.00437867,0.00000000,0.00000000,0.00000000,0.00000000,0.00000000,0.00000000,0.00000000,0.00000000,0.80567367,0.00525648,0.00000000,0.00000000,0.00000000,0.00000000,0.00000000,0.00000000,0.00000000,0.00000000,0.00000000,0.00000000,0.00000000,0.00000000,0.08433692,0.01630651,0.00000000,0.00000000,0.00000000,0.00000000,0.00000000,0.00000000,0.00000000,0.00659411,0.00000000,0.00000000,0.00000000,0.00000000,0.00000000,0.00000000,0.00000000,0.00000000,0.00000000,0.00000000
0.00000000,0.00000000,0.00000000,0.03914229,0.00000000,0.00000000,0.00000000,0.00000000,0.00000000,0.00000000,0.00000000,0.00000000,0.00000000,0.00000000,0.00000000,0.00000000,0.00000000,0.00000000,0.00000000,0.00000000,0.05628701,0.00000000,0.00000000,0.00000000,0.00000000,0.02322608,0.00000000,0.00000000,0.00000000,0.00000000,0.00000000,0.00000000,0.00000000,0.00000000,0.00000000,0.00000000,0.00748481,0.00000000,0.00000000,0.00000000,0.00000000,0.00000000,0.00831460,0.00000000,0.00000000,0.00000000,0.03521619,0.00000000,0.00000000,0.00000000,0.00000000,0.00000000,0.01910042,0.00000000,0.00000000,0.00000000,0.00000000,0.00000000,0.00000000,0.00000000,0.00000000,0.00000000,0.00000000,0.00000000,0.00000000,0.00000000,0.00746039,0.00000000,0.00000000,0.00000000,0.00000000,0.00000000,0.00000000,0.00000000,0.00000000,0.00000000,0.00000000,0.00000000,0.00178698,0.00351488,0.00000000,0.00000000,0.00000000,0.00000000,0.00479985,0.00000000,0.00000000,0.00000000,0.00000000,0.00000000,0.00000000,0.00000000,0.05021377,0.00000000,0.00000000,0.00000000,0.00000000,0.00000000,0.00000000,0.00000000,0.00191425,0.00000000,0.00000000,0.00000000,0.00000000,0.02044340,0.00000000,0.00000000,0.00000000,0.00000000,0.00000000,0.00000000,0.00000000,0.00000000,0.00000000,0.00000000,0.00000000,0.00000000,0.00000000,0.00000000,0.00000000,0.00000000,0.00000000,0.26137762,0.00000000,0.00000000,0.00000000,0.00000000,0.05805088,0.05644491,0.00000000,0.00097987,0.00000000,0.00000000,0.00000000,0.00000000,0.00000000,0.00000000,0.00000000,0.00000000,0.00000000,0.00000000,0.00000000,0.00000000,0.00000000,0.00000000,0.00000000,0.00000000,0.00000000,0.00000000,0.00000000,0.00000000,0.01162303,0.00000000,0.00000000,0.00000000,0.00000000,0.00000000,0.00000000,0.00000000,0.00088382,0.00000000,0.00000000,0.00000000,0.00000000,0.00000000,0.00000000,0.00462637,0.00000000,0.00000000,0.00000000,0.00000000,0.00000000,0.00000000,0.00000000,0.00000000,0.00000000,0.00000000,0.00000000,0.00000000,0.00000000,0.00000000,0.01773987,0.00000000,0.00000000,0.00000000,0.00000000,0.00000000,0.00000000,0.00000000,0.02218957,0.00000000,0.00000000,0.00000000,0.00419394,0.01007001,0.00000000,0.00181128,0.00000000,0.00000000,0.00000000,0.02456395,0.00194757,0.00000000,0.00000000,0.00000000,0.00000000,0.00000000,0.00000000,0.00000000,0.00000000,0.00273219,0.00000000,0.00000000,0.01457565,0.00000000,0.00000000,0.00000000,0.00000000,0.00000000,0.00000000,0.00000000,0.00000000,0.00000000,0.00000000,0.00674164,0.00000000,0.00000000,0.00000000,0.00000000,0.00000000,0.00000000,0.00000000,0.00539987,0.00000000,0.00000000,0.00000000,0.00000000,0.00000000,0.00000000,0.00000000,0.00000000,0.00000000,0.00000000,0.00000000,0.00000000,0.00000000,0.00000000,0.00000000,0.00000000,0.00000000,0.00000000,0.00000000,0.00000000,0.00000000,0.00000000,0.00000000,0.00000000,0.00080797,0.00000000,0.00000000,0.00000000,0.00000000,0.02379409,0.00000000,0.00000000,0.00000000,0.00000000,0.00000000,0.00000000,0.00000000,0.00000000,0.00000000,0.00000000,0.00000000,0.00000000,0.00000000,0.00000000,0.00000000,0.00000000,0.70504397,0.00000000,0.00000000,0.00000000,0.00000000,0.00000000,0.06237689,0.00000000,0.00000000,0.00000000,0.00000000,0.00000000,0.00000000,0.00000000,0.00000000,0.00000000,0.00514324,0.00000000,0.00000000,0.00000000,0.00000000,0.00000000,0.00000000,0.00000000,0.01588654,0.00000000,0.00223433,0.00000000,0.00102488,0.00000000,0.00000000,0.00000000,0.00000000,0.00000000,0.00000000,0.00000000,0.00000000,0.00493234,0.00000000,0.00000000,0.00000000,0.00000000,0.00000000,0.00000000,0.00109268,0.02311452,0.00000000,0.00000000,0.00000000,0.00000000,0.00000000,0.00000000,0.00000000,0.00000000,0.00000000,0.00000000,0.00000000,0.00000000,0.00000000,0.00986881,0.00000000,0.00000000,0.00000000,0.00000000,0.00000000,0.00000000,0.00000000,0.00000000,0.00000000,0.00000000,0.00000000,0.00801964,0.00000000,0.00000000,0.00000000,0.00000000,0.01183609,0.00000000,0.00000000,0.00000000,0.00000000,0.00000000,0.01941694,0.00000000,0.00000000,0.00000000,0.00000000,0.00000000,0.03345722,0.00000000,0.00000000,0.00362269,0.00000000,0.00000000,0.00000000,0.00000000,0.00840520,0.00000000,0.00000000,0.00000000,0.00000000,0.00000000,0.00000000,0.00000000,0.00418666,0.00000000,0.00000000,0.00000000,0.00000000,0.00000000,0.00000000,0.00000000,0.00000000,0.02125271,0.00330099,0.01758270,0.01693580,0.00000000,0.00000000,0.00000000,0.00000000,0.00000000,0.00000000,0.00000000,0.00521415,0.00000000,0.00401939,0.00000000,0.00000000,0.00000000,0.00000000,0.00000000,0.00000000,0.00000000,0.00000000,0.00000000,0.00000000,0.00000000,0.00000000,0.07000996,0.00000000,0.00000000,0.00000000,0.00000000,0.00000000,0.00000000,0.00000000,0.00000000,0.00000000,0.00000000,0.00086668,0.00000000,0.00000000,0.20710304,0.00000000,0.00000000,0.00000000,0.00000000,0.00000000,0.00000000,0.00000000,0.00000000,0.00000000,0.00000000,0.00000000,0.00000000,0.02029963,0.00000000,0.00000000,0.00000000,0.00000000,0.00000000,0.00000000,0.00294573,0.00000000,0.00000000,0.00000000,0.00000000,0.00000000,0.00000000,0.00000000,0.00000000,0.01133836,0.00000000,0.00000000,0.00000000,0.00000000,0.00000000,0.00000000,0.00000000,0.00000000,0.00000000,0.00000000,0.00000000,0.00000000,0.00000000,0.00000000,0.59305109,0.00000000,0.00000000,0.00000000,0.00000000,0.00000000,0.00000000,0.00000000,0.00000000,0.00000000,0.00000000,0.00000000,0.00000000,0.00000000,0.00000000,0.00000000,0.00000000,0.00000000,0.00000000,0.00000000,0.00000000,0.00000000,0.00000000,0.00000000,0.00000000,0.00000000,0.00000000,0.00000000,0.00000000,0.00171135,0.00000000,0.00000000,0.00000000,0.00733443,0.00000000,0.00000000,0.00000000,0.00000000,0.00000000,0.00661641,0.00094284,0.00000000,0.00000000,0.00000000,0.00000000,0.00000000,0.00000000,0.00755841,0.00000000,0.01091872,0.00000000,0.00000000,0.02677945,0.00000000,0.02139666,0.00000000,0.00000000,0.00000000,0.00000000,0.00000000,0.00000000,0.00000000,0.00693927,0.00000000,0.00000000,0.00000000,0.00000000,0.00217420,0.00000000,0.00000000,0.94918502,0.00071491,0.04791204,0.00000000,0.00000000,0.00000000,0.00000000,0.00151827,0.00432817,0.00000000,0.00000000,0.00106751,0.00000000,0.00000000,0.00000000,0.00000000,0.00000000,0.00000000,0.00000000,0.00000000,0.00000000,0.00000000,0.00000000,0.00000000,0.00000000,0.00000000,0.00000000,0.00000000,0.00000000,0.01310025,0.00000000,0.00000000,0.00000000,0.00000000,0.00000000,0.00000000,0.00000000,0.00000000,0.00000000,0.00000000,0.00000000,0.00000000,0.00000000,0.00000000,0.00000000,0.00000000,0.00000000,0.00000000,0.00000000,0.00000000,0.00000000,0.00000000,0.00000000,0.00000000,0.00000000,0.00000000,0.00000000,0.00000000,0.00326632,0.00000000,0.00000000,0.00000000,0.00000000,0.15475400,0.00000000,0.00000000,0.00000000,0.00000000,0.00000000,0.00000000,0.00000000,0.00000000,0.00000000,0.00000000,0.00000000,0.00000000,0.00000000,0.00000000,0.00000000,0.00000000,0.00000000,0.00000000,0.00000000,0.00000000,0.00000000,0.00590147,0.00000000,0.00203889,0.00000000,0.09134656,0.00000000,0.00000000,0.00000000,0.00000000,0.00000000,0.00000000,0.00000000,0.00000000,0.00000000,1.65971278,0.00000000,0.00000000,0.00206945,0.00000000,0.00000000,0.00466354,0.00000000,0.00000000,0.00000000,0.00000000,0.00000000,0.00000000,0.00000000,0.00000000,0.00000000,0.00000000,0.00000000,0.00000000,0.00000000,0.00000000,0.00000000,0.00465580,0.00000000,0.00000000,0.00000000,0.00305723,0.00242183,0.00000000,0.00000000,0.00000000,0.00000000,0.00048369,0.00000000,0.00000000,0.00000000,0.00000000,0.00000000,0.00000000,0.00000000,0.00000000,0.00000000,0.00000000,0.00000000,0.00000000,1.96678121,0.00742453,0.00000000,0.00000000,0.00550804,0.00000000,0.02665586,0.00618612,0.00000000,0.00000000,0.03370818,0.00000000,0.00000000,0.00000000,0.00000000,0.00000000,0.00502437,0.00000000,0.00000000,0.00000000,0.00000000,0.00000000,0.00000000,0.00000000,0.01750947,0.00566581,0.00000000,0.00000000,0.00000000,0.00000000,0.00000000,0.00000000,0.00000000,0.02448500,0.00000000,0.00000000,0.02069744,0.05405668,0.00000000,0.00000000,0.00000000,0.00000000,0.00500828,0.00000000,0.00000000,0.00943239,0.00000000,0.00000000,0.00000000,0.00000000,0.00000000,0.00000000,0.00000000,0.00000000,0.05546574,0.00000000,0.00000000,0.10968263,0.00000000,0.00357616,0.00000000,0.00000000,0.00000000,0.00000000,0.00000000,0.00000000,0.00000000,0.00000000,0.00000000,0.00000000,0.00277380,0.00000000,0.45748846,0.00000000,0.00000000,0.00000000,0.00000000,0.00000000,0.00000000,0.00000000,0.00000000,0.00000000,0.00000000,0.00000000,0.00000000,0.00000000,0.00000000,0.00000000,0.00000000,0.00000000,0.00000000,0.00000000,0.00000000,0.00000000,0.00000000,0.00000000,0.00779559,0.00000000,0.00000000,0.00000000,0.00000000,0.00000000,0.00000000,0.00000000,0.00000000,0.00000000,0.00000000,0.00000000,0.00591046
0.00000000,0.00000000,0.00000000,0.00000000,0.00577716,0.00000000,0.00000000,0.00000000,0.00000000,0.05033058,0.00000000,0.00000000,0.24100644,0.00000000,0.00000000,0.00000000,0.00000000,0.00000000,0.00000000,0.00000000,0.00000000,0.00000000,0.00000000,0.00000000,0.00000000,0.00000000,0.00098504,0.00000000,0.02581946,0.00000000,0.00000000,0.00000000,0.00000000,0.01484474,0.00000000,0.00000000,0.00000000,0.00000000,0.00000000,0.00000000,0.00000000,0.00000000,0.00000000,0.00000000,0.00506993,0.00309064,0.00000000,0.00000000,0.00058854,0.00000000,0.00000000,0.00000000,0.00000000,0.00000000,0.00000000,0.00000000,0.00000000,0.00000000,0.00000000,0.00000000,0.01297848,0.00000000,0.00000000,0.00000000,0.00000000,0.00000000,0.00000000,0.00000000,0.00582715,0.00000000,0.00000000,0.00000000,0.00000000,0.00000000,0.00275657,0.00000000,0.00000000,0.00000000,0.00000000,0.00000000,0.00000000,0.00000000,0.00000000,0.00000000,0.00000000,0.00191055,0.00000000,0.00000000,0.00000000,0.00000000,0.00000000,0.00000000,0.00000000,0.00000000,0.01964246,0.00000000,0.00000000,0.00000000,0.00000000,0.00000000,0.00000000,0.00000000,0.00000000,0.00134324,0.00000000,0.00000000,0.00000000,0.00000000,0.00000000,0.00000000,0.07344657,0.00465566,0.00000000,0.00000000,0.00000000,0.00000000,0.00000000,0.00000000,0.00000000,0.00000000,0.00000000,0.00000000,0.00000000,0.00000000,0.00000000,0.00000000,0.00000000,0.00000000,0.00000000,0.00000000,0.00000000,0.00000000,0.00000000,0.00000000,0.00000000,0.00000000,0.00000000,0.00000000,0.00000000,0.00000000,0.00000000,0.00000000,0.00000000,0.00000000,0.00000000,0.00000000,0.00000000,0.00000000,0.00430639,0.00000000,0.00000000,0.00000000,0.00000000,0.00000000,0.00000000,0.00000000,0.00000000,0.00000000,0.00000000,0.00000000,0.00000000,0.00000000,0.00000000,0.00000000,0.00000000,0.00000000,0.00000000,0.00000000,0.00480463,0.00178699,0.00000000,0.00000000,0.00000000,0.00000000,0.00000000,0.00000000,0.00000000,0.00000000,0.00000000,0.00000000,0.00000000,0.00000000,0.00000000,0.00000000,0.00000000,0.00000000,0.00000000,0.00000000,0.00000000,0.04143680,0.00000000,0.00000000,0.00000000,0.00000000,0.00000000,0.00000000,0.00000000,0.00000000,0.00000000,0.00000000,0.00000000,0.00000000,0.00000000,0.00000000,0.00000000,0.00000000,0.00000000,0.00000000,0.00000000,0.00000000,0.00000000,0.00000000,0.00000000,0.00000000,0.00000000,0.00000000,0.00000000,0.00000000,0.00360346,0.00671221,0.00000000,0.00000000,0.00000000,0.00000000,0.00000000,0.00000000,0.00000000,0.00000000,0.00000000,0.23725718,0.00000000,0.02312304,0.00000000,0.00000000,0.00000000,0.00137298,0.00000000,0.00000000,0.00131105,0.00000000,0.00000000,0.00000000,0.00000000,0.00000000,0.00000000,0.00000000,0.00000000,0.00000000,0.00000000,0.00000000,0.00000000,0.00000000,0.00000000,0.00000000,0.00000000,0.00000000,0.00000000,0.00000000,0.00000000,0.00192725,0.00000000,0.00000000,0.00000000,0.00000000,0.00000000,0.00000000,0.01296233,0.00180390,0.00000000,0.00000000,0.76115098,0.00000000,0.00000000,0.00000000,0.00000000,0.00000000,0.00000000,0.00000000,0.00000000,0.00000000,0.00000000,0.00000000,0.00000000,0.00000000,0.00839636,0.00000000,0.00000000,0.00000000,0.00000000,0.00194120,0.00000000,0.00000000,0.00000000,0.00108441,0.00617541,0.00000000,0.00000000,0.00000000,0.00000000,0.00000000,0.00000000,0.00000000,0.00000000,0.00000000,0.00000000,0.00977582,0.00000000,0.00000000,0.00000000,0.00000000,0.00000000,0.00000000,0.00000000,0.00000000,0.00000000,0.00000000,0.00000000,0.00000000,0.00000000,0.00000000,0.00000000,0.00000000,0.00000000,0.85794011,0.00060757,0.00000000,0.00000000,0.00000000,0.00000000,0.00000000,0.00000000,0.00000000,0.00929945,0.00000000,0.00000000,0.00000000,0.00000000,0.00000000,0.00000000,0.00000000,0.00000000,0.00000000,0.00000000,0.00000000,0.00000000,0.35446312,0.00000000,0.00000000,0.00000000,0.00000000,0.00000000,0.00000000,0.00000000,0.00000000,0.00000000,0.00000000,0.00463931,0.00000000,0.00000000,0.00000000,0.00000000,0.00000000,0.00000000,0.00000000,0.00000000,0.00000000,0.00000000,0.00000000,0.00000000,0.00000000,0.00000000,0.00000000,0.00000000,0.00000000,0.00000000,0.00000000,0.03677381,0.00000000,0.00000000,0.00000000,0.00000000,1.07759429,0.01090946,0.00000000,0.00000000,0.00000000,0.00000000,0.00000000,0.00000000,0.00000000,0.00000000,0.00000000,0.00000000,0.08821162,0.00000000,0.00000000,0.00000000,0.00000000,0.00000000,0.00000000,0.01768997,0.00000000,0.00000000,0.00000000,0.00000000,0.00000000,0.00000000,0.00000000,0.00000000,0.00000000,0.00735537,0.00000000,0.00000000,0.00000000,0.00000000,0.00000000,0.00000000,0.00000000,0.00000000,0.00000000,0.22035872,0.00685463,0.00000000,0.00000000,0.00000000,0.00000000,0.00000000,0.00000000,0.00462227,0.00000000,0.00000000,0.00000000,0.00000000,0.00000000,0.00000000,0.00000000,0.00000000,0.00000000,0.00000000,0.00000000,0.00000000,0.00000000,0.00923510,0.00000000,0.00000000,0.00000000,0.00000000,0.00000000,0.00553533,0.00000000,0.18650818,0.00000000,0.01552301,0.00000000,0.07469998,0.00000000,0.02245099,0.00000000,0.00000000,0.00000000,0.00000000,0.00000000,0.00000000,0.01257556,0.00000000,0.00000000,0.00000000,0.00000000,0.00000000,0.00000000,0.00000000,0.00000000,0.00000000,0.00000000,0.00000000,0.00000000,0.00548796,0.00644566,0.00000000,0.00000000,0.00000000,0.00000000,0.00000000,0.00000000,0.00000000,0.00384787,0.00000000,0.00000000,0.00000000,0.01410834,0.00000000,0.00000000,0.00000000,0.00000000,0.00000000,0.00000000,0.00000000,0.00000000,0.00000000,0.00207941,0.00000000,0.00000000,0.00000000,0.21790013,0.00000000,0.02884041,0.00000000,0.06471900,0.00000000,0.01065960,0.00000000,0.00000000,0.00000000,0.00073082,0.00000000,0.00000000,0.00803391,0.00193699,0.00000000,0.00000000,0.00000000,0.00000000,0.00000000,0.00000000,0.00000000,0.00081886,0.00000000,0.00000000,0.01595783,0.00000000,0.00000000,0.00000000,0.00000000,0.00000000,0.00000000,0.00000000,0.00000000,0.03014087,0.00000000,0.00000000,0.01168288,0.00000000,0.00000000,0.00000000,0.00417957,0.00000000,0.00418302,0.00000000,0.00000000,0.00000000,0.04302949,0.00000000,0.00000000,0.00000000,0.00000000,0.00000000,0.00000000,0.00000000,0.00000000,0.00000000,0.00000000,0.00000000,0.00000000,0.00000000,0.00000000,0.00000000,0.01029614,0.00000000,0.00000000,0.00000000,0.00493500,0.00000000,0.00000000,0.00000000,0.00000000,0.00000000,0.00792880,0.00222923,0.00000000,0.00000000,0.00000000,0.00000000,0.00125290,0.00000000,0.00000000,0.00000000,0.00000000,0.00237074,0.00000000,0.01589407,0.00000000,0.00000000,0.00000000,0.00000000,0.00000000,0.00000000,0.00000000,0.00000000,0.00000000,0.00000000,0.00000000,0.00837906,0.00000000,0.00000000,0.02083597,0.00000000,0.00000000,0.00203646,0.00174421,0.00000000,0.00000000,0.00000000,0.00000000,0.00000000,0.00000000,0.00000000,0.00000000,0.00079687,0.00000000,0.00000000,0.01265507,0.05154970,0.00000000,0.00000000,0.00371904,0.00000000,0.00000000,0.00000000,0.00200150,0.00163560,0.00000000,0.00000000,0.65052884,0.00000000,0.00000000,0.00000000,0.00000000,0.00000000,0.33715933,0.00796791,0.00000000,0.00000000,0.00000000,0.00000000,0.00000000,0.00000000,0.00000000,0.00000000,0.00000000,0.01762642,0.00000000,0.00000000,0.00000000,0.00000000,0.03508288,0.00000000,0.00000000,0.00000000,0.00000000,0.02989971,0.00641999,0.00000000,0.00000000,0.00000000,0.00000000,0.00000000,0.00000000,0.00000000,0.00000000,0.00000000,0.00650990,0.00000000,0.00000000,0.00000000,0.00000000,0.00000000,0.00000000,0.79393329,0.00000000,0.00000000,0.00000000,0.00000000,0.00000000,0.00000000,0.00000000,0.00090716,0.00000000,0.00000000,0.00000000,0.00000000,0.00000000,0.00000000,0.00000000,0.00000000,0.00000000,0.04491068,0.00000000,0.00000000,0.00000000,0.00000000,0.00000000,0.00000000,0.00000000,0.00000000,0.01198178,0.00000000,0.00000000,0.00000000,0.00000000,0.00000000,0.00000000,0.00000000,0.00000000,0.00000000,0.00000000,0.00000000,0.00000000,0.00000000,0.00000000,0.00000000,0.00000000,0.00000000,0.00000000,0.00000000,0.00000000,0.00000000,0.00000000,0.00000000,0.00000000,0.00000000,0.00000000,0.00000000,0.00000000,0.00000000,0.00000000,0.00000000,0.01739839,0.00000000,0.00000000,0.00000000,0.00000000,0.00000000,0.19194453,0.00000000,0.00000000,0.00000000,0.00000000,0.00000000,0.00290964,0.01157916,0.00000000,0.00325998,0.00000000,0.00000000,0.00000000,0.00000000,0.00000000,0.00000000,0.00000000,0.00000000,0.00000000,0.00000000,0.00000000,2.86989481,0.03089538,0.00000000,0.00000000,0.00000000,0.00101385,0.00000000,0.00000000,0.00000000,0.00000000,0.00000000,0.00000000,0.00000000,0.00000000,0.00000000,0.00000000,0.01346790,0.00000000,0.00000000,0.00000000,0.00000000,0.00000000,0.00000000,0.00000000,0.00000000,0.00000000,0.00000000,0.00000000,0.00000000,0.00000000,0.00000000,0.00000000,0.00000000,0.00000000,0.00000000,0.00000000,0.00000000
0.00000000,0.00000000,0.00000000,0.00000000,0.00000000,0.00000000,0.00000000,0.00000000,0.00000000,0.00000000,0.00000000,0.00000000,0.00000000,0.00000000,0.00000000,0.00000000,0.00000000,0.00000000,0.00000000,0.00000000,0.00231523,0.00000000,0.13938573,0.00000000,0.00000000,0.00000000,0.00000000,0.00000000,0.00000000,0.00000000,0.00000000,0.00000000,0.00000000,0.00000000,0.00000000,0.35255065,0.00000000,0.00000000,0.00000000,0.00000000,0.00000000,0.00000000,0.00000000,0.00000000,0.00000000,0.00000000,0.00000000,0.00000000,0.00000000,0.00000000,0.00258511,0.00000000,0.00000000,0.00000000,0.00000000,0.00000000,0.00000000,0.00000000,0.00000000,0.00000000,0.00000000,0.00000000,0.00000000,0.00000000,0.00000000,0.00000000,0.00000000,0.00000000,0.00000000,0.00000000,0.00000000,0.00000000,0.00000000,0.00000000,0.00000000,0.00000000,0.00000000,0.00000000,0.00000000,0.00000000,0.00000000,0.00000000,0.00291942,0.04041428,0.00000000,0.02862480,0.00000000,0.00000000,0.00000000,0.00000000,0.00000000,0.00000000,0.00000000,0.00000000,0.00000000,0.00169900,0.00000000,0.00000000,0.00191425,0.00000000,0.00000000,0.00000000,0.00000000,0.00000000,0.00000000,0.00337832,0.00000000,0.00000000,0.00000000,0.08386314,0.00000000,0.00000000,0.00000000,0.00000000,0.00238454,0.00000000,0.00000000,0.00000000,0.00000000,0.00000000,0.00000000,0.00000000,0.00000000,0.04511573,0.00000000,0.00000000,0.00245037,0.00000000,0.00000000,0.01081716,0.00000000,0.00276071,0.00000000,0.00000000,0.00000000,0.00000000,0.00000000,0.00000000,0.00000000,0.00000000,0.00000000,0.00000000,0.00000000,0.00000000,0.00000000,0.00000000,0.00000000,0.00000000,0.00000000,0.00000000,0.00000000,0.00270712,0.00000000,0.00000000,0.00000000,0.00000000,0.00000000,0.00000000,0.00000000,0.00000000,0.00000000,0.00000000,0.00000000,0.00000000,0.00000000,0.00000000,0.00000000,0.00000000,0.00000000,0.01431945,0.00233833,0.00000000,0.00000000,0.00000000,0.00000000,1.71710737,0.00000000,0.00000000,0.00000000,0.00000000,0.00000000,0.00000000,0.00000000,0.00000000,0.00000000,0.00000000,0.01575826,0.00000000,0.00000000,0.00000000,0.00000000,0.00000000,0.00000000,0.00539081,0.00000000,0.00000000,0.00000000,0.00292999,0.00000000,0.00000000,0.00000000,0.00000000,0.00000000,0.00000000,0.00000000,0.00000000,0.00000000,0.00000000,0.00000000,0.00839629,0.00000000,0.00000000,0.00000000,0.00000000,0.00209664,0.00000000,0.00000000,0.00000000,0.00000000,0.00000000,0.00000000,0.00000000,0.00000000,0.00000000,0.00000000,0.01489865,0.00000000,0.00093869,0.00000000,0.00000000,0.07495363,0.00000000,0.00000000,0.00000000,0.00000000,0.00000000,0.00400128,0.00000000,0.00000000,0.00000000,0.00619423,0.00000000,0.00000000,0.00000000,0.00000000,0.00000000,0.00000000,0.00000000,0.00000000,0.00000000,0.00000000,0.00000000,0.00000000,0.06673287,0.00000000,0.00000000,0.00000000,0.00000000,0.00000000,0.00000000,0.00000000,0.00000000,0.00000000,0.00000000,0.00000000,0.00000000,0.00000000,0.00000000,0.00000000,0.00000000,0.00000000,0.00000000,0.00000000,0.00000000,0.00545033,0.02078239,0.00000000,0.00000000,0.00000000,0.00000000,0.00000000,0.00000000,0.00000000,0.00000000,0.30454395,0.00000000,0.06098984,0.00000000,0.00000000,0.00000000,0.03842416,0.00000000,0.00000000,0.00000000,0.00000000,0.00000000,0.00000000,0.00000000,0.00000000,0.00000000,0.00000000,0.00000000,2.39506908,0.00000000,0.00000000,0.00000000,0.00000000,0.00000000,0.00000000,0.00000000,0.00000000,0.00000000,0.00000000,0.00000000,0.00950483,0.00000000,0.00000000,0.08277652,0.00000000,0.00000000,0.00506994,0.00000000,0.00000000,0.00000000,0.00000000,0.00486681,0.00000000,0.00000000,0.00000000,0.00000000,0.00000000,0.00000000,0.00000000,0.00000000,0.00000000,0.00000000,0.00000000,0.00000000,0.00000000,0.00000000,0.00000000,0.00000000,0.03062249,0.01221743,0.00000000,0.00000000,0.01740980,1.76521909,0.00783136,0.00000000,0.00000000,0.00000000,0.00000000,0.00000000,0.00000000,0.00000000,0.00000000,0.00000000,0.00732071,0.00000000,0.00000000,0.00134099,0.00000000,0.00432666,0.00000000,0.00000000,0.01622496,0.00000000,0.00000000,0.00000000,0.00000000,0.04397506,0.00000000,0.00000000,0.00000000,0.02426077,0.00337120,0.00000000,0.00000000,0.00000000,0.00000000,0.00000000,0.00000000,0.00000000,0.00000000,0.00000000,0.00000000,0.00000000,0.00000000,0.00000000,0.00000000,0.00000000,0.00000000,0.00000000,0.00000000,0.00756866,0.00000000,0.00621701,0.00000000,0.00000000,0.00000000,0.00000000,0.00000000,0.00000000,0.00000000,0.00000000,0.00000000,0.00711552,0.00000000,0.00000000,0.00000000,0.00000000,0.00000000,0.00000000,0.00000000,0.00000000,0.00000000,0.00000000,0.00000000,0.00000000,0.00000000,0.00000000,0.00000000,0.00000000,0.00000000,0.00000000,1.29482827,0.00000000,0.00000000,0.00000000,0.00000000,0.00000000,0.00000000,0.02514637,0.00000000,0.00000000,0.00000000,0.00000000,0.00000000,0.04479491,0.00000000,0.01311960,0.00000000,0.00000000,0.00282193,0.00000000,0.00000000,0.00000000,0.00000000,0.00000000,0.00000000,0.00000000,2.38733317,0.00000000,0.00000000,0.00000000,0.00000000,0.00000000,0.00000000,0.00000000,0.00000000,0.11987553,0.00000000,0.00000000,0.00488226,0.00000000,0.00000000,0.00127872,0.00000000,0.00000000,0.00000000,0.00063991,0.00000000,0.00000000,0.00000000,0.01719817,0.00000000,0.00000000,0.00000000,0.00000000,0.00000000,0.00000000,0.00000000,0.00000000,0.00000000,0.00000000,0.00000000,0.00000000,0.00000000,0.00000000,0.00000000,0.00000000,0.00000000,0.00000000,0.00000000,0.00000000,0.01273868,0.00000000,0.00000000,0.00000000,0.00000000,0.00000000,0.00000000,0.00000000,0.00000000,0.00000000,0.00000000,0.00000000,0.00000000,0.00000000,0.00000000,0.00000000,0.00000000,0.00000000,0.00000000,0.00000000,0.00422956,0.00000000,0.00000000,0.00000000,0.01305536,0.00000000,0.00000000,0.00000000,0.00000000,0.00000000,0.00000000,0.00000000,0.00000000,0.00000000,0.09272537,0.00000000,0.01600157,0.00000000,0.00000000,0.00000000,0.00000000,0.00535762,0.00000000,0.00000000,0.00000000,0.00000000,0.00000000,0.00000000,0.00000000,0.00000000,0.00000000,0.00000000,0.00000000,0.00000000,0.00000000,0.00000000,0.00000000,0.00000000,0.00000000,0.00472584,0.00000000,0.00000000,0.00000000,0.00000000,0.00000000,0.00000000,0.00873504,0.00000000,0.00000000,0.00000000,0.00000000,0.00535977,0.00000000,0.00000000,0.05599572,0.00000000,0.00775442,0.00000000,0.00000000,0.00000000,0.00000000,0.02912698,0.00481386,0.00000000,0.00000000,0.00000000,0.00000000,0.00000000,0.00000000,0.00000000,0.00000000,0.00000000,0.00000000,0.00000000,0.00136558,0.00000000,0.00000000,0.00000000,0.00000000,0.00000000,0.00000000,0.18881575,0.00000000,0.00091739,0.00000000,0.00000000,0.00000000,0.00000000,0.00000000,0.00000000,0.00000000,0.00000000,0.00000000,0.00000000,0.00000000,0.00000000,0.00000000,0.00000000,0.00000000,0.00000000,0.16940549,0.00000000,0.01456794,0.01634044,0.00000000,0.00000000,0.00000000,0.00000000,0.04653679,0.00000000,0.00000000,0.00000000,0.00000000,0.00000000,0.00000000,0.00000000,0.00000000,0.00000000,0.00000000,0.00000000,0.00000000,0.00000000,0.00000000,0.00000000,0.00364244,0.01523664,0.01953959,0.00000000,0.00000000,0.00000000,0.00000000,0.00000000,0.00000000,0.02844149,0.00000000,0.00000000,0.03620713,0.00000000,0.00000000,0.00000000,0.04358688,0.00000000,0.00000000,0.00000000,0.00000000,0.00000000,0.00000000,0.00000000,0.00000000,0.00000000,0.00000000,0.00000000,0.04825569,0.00000000,0.00000000,0.00000000,0.00000000,0.00000000,0.00000000,0.00000000,0.01504793,0.00000000,0.00000000,0.00000000,0.00000000,0.00000000,0.00000000,0.00000000,0.00000000,0.00000000,0.00000000,0.00000000,0.00000000,0.00000000,0.00856428,0.00000000,0.00000000,0.01907871,0.01443432,0.00000000,0.00000000,0.00000000,0.06140256,0.51598338,0.01932551,0.00000000,0.00000000,0.00000000,0.00000000,0.00154492,0.00000000,0.00000000,0.00000000,0.00000000,0.00000000,0.00000000,0.00000000,0.00000000,0.00000000,0.00000000,0.00000000,0.00000000,0.00168004,0.00000000,0.00000000,0.00000000,0.00000000,0.00000000,0.00000000,0.00000000,0.00000000,0.00000000,0.00000000,0.00000000,0.00000000,0.00000000,0.00000000,0.00000000,0.00000000,0.00000000,0.00000000,0.01026511,0.00398986,0.00000000,0.00000000,0.00000000,0.00000000,0.00000000,0.00000000,0.00000000,0.00000000,0.00000000,0.00000000,0.00000000,0.00000000,0.00000000,0.01295861,0.00000000,0.00000000,0.00000000,0.00000000,0.00000000,0.00000000,0.00000000,0.00000000,0.23341009,0.01638025,0.00000000,0.00000000,0.01664718,0.00000000,0.00000000,0.00000000,0.00000000,0.04598421,0.00000000,0.00000000,0.00000000,0.00000000,0.00000000,0.00000000,0.01174926,0.00000000,0.00000000,0.00000000,0.00000000,0.00000000,0.00000000,0.00000000,0.00071919,0.00000000,0.00000000,0.00000000,0.00801947,0.00000000,0.00000000,0.00000000,0.00000000,0.00000000,0.00000000,0.00000000,0.00000000,0.00000000,0.00288233
0.00000000,0.02085053,0.00000000,0.00000000,0.00000000,0.00000000,0.00000000,0.00000000,0.00482003,0.00000000,0.00068001,0.00000000,0.00000000,0.03060437,0.00000000,0.00350794,0.00000000,0.00000000,0.00000000,0.00000000,0.00000000,0.09450507,0.00000000,0.00000000,0.00000000,0.00000000,0.00000000,0.00000000,0.00000000,0.00000000,0.00000000,0.00000000,0.00000000,0.00000000,0.00000000,0.00000000,0.00000000,0.00000000,0.06531728,0.00000000,0.00000000,0.00000000,0.00000000,0.00000000,0.00185924,0.00000000,0.00000000,0.00000000,0.00398945,0.00000000,0.00000000,0.00000000,0.00000000,0.00000000,0.00000000,0.00000000,0.41972954,0.00000000,0.00000000,0.00000000,0.04013946,0.00000000,0.00000000,0.00277097,0.00000000,0.00000000,0.00000000,0.00000000,0.00000000,0.00178470,0.00000000,0.00000000,0.00000000,0.00000000,0.00000000,0.00000000,0.00000000,0.00000000,0.00000000,0.00000000,0.00000000,0.00000000,0.01351739,0.00000000,0.00000000,0.00000000,0.00000000,0.00000000,0.00000000,0.00625403,0.00000000,0.00000000,0.00171218,0.00000000,0.00000000,0.00000000,0.00000000,0.00000000,0.00000000,0.00000000,0.00000000,0.00000000,0.00000000,0.00000000,0.00000000,0.00142266,0.03852532,0.00000000,0.00000000,0.00000000,0.00000000,0.00000000,0.00000000,0.00000000,0.00000000,0.00000000,0.00000000,0.00000000,0.00000000,0.00000000,0.00000000,0.02193117,0.00000000,0.00000000,0.00000000,0.00000000,0.00000000,0.00000000,0.00000000,0.00000000,0.00000000,0.00000000,0.00000000,0.00339790,0.00000000,0.00000000,0.00000000,0.00000000,0.04505716,0.00000000,0.00000000,0.00000000,0.00000000,0.00000000,0.00000000,0.00000000,0.00000000,0.00000000,0.00206280,0.00000000,0.00000000,0.00000000,0.00000000,0.00000000,0.00000000,0.00000000,0.00000000,0.00000000,0.00000000,0.00000000,0.00000000,0.00000000,0.00000000,0.04673763,0.00000000,0.00000000,0.00000000,0.04824803,0.00000000,0.00000000,0.00939721,0.00000000,0.00000000,0.00000000,0.00000000,0.00000000,0.00000000,0.00000000,0.00000000,0.00000000,0.00000000,0.00000000,0.00000000,0.00000000,0.00000000,0.00000000,0.00000000,0.00000000,0.00000000,0.00000000,0.00000000,0.00000000,0.00000000,0.00000000,0.00858371,0.00000000,0.00000000,0.00000000,0.00000000,0.05964521,0.00000000,0.00000000,0.00000000,0.01667743,0.00000000,0.00000000,0.00000000,0.00000000,0.00000000,0.00000000,0.00000000,0.00566796,0.00324123,0.00000000,0.00000000,0.00000000,0.03281710,0.00000000,0.56445048,0.00000000,0.00000000,0.00000000,0.00000000,0.00000000,0.00000000,0.00000000,0.00000000,0.00000000,0.00000000,0.00000000,0.00000000,0.00098189,0.00000000,0.00000000,0.00000000,0.00000000,0.00000000,0.00000000,0.00000000,0.00000000,0.00000000,0.00000000,0.00000000,0.00000000,0.00000000,0.00000000,0.00000000,0.00000000,0.00000000,0.00000000,0.00000000,0.00000000,0.00000000,0.00000000,0.00000000,0.00000000,0.00000000,0.00000000,0.00000000,0.00000000,0.00000000,0.00000000,0.00000000,0.00000000,0.00000000,0.00000000,0.00000000,0.00000000,0.00000000,0.00000000,0.00000000,0.00000000,0.00000000,0.00000000,0.00266389,0.01235063,0.00000000,0.00000000,0.00499463,0.00000000,0.00000000,0.00000000,0.00000000,0.00000000,0.00000000,0.05361350,0.00000000,0.00000000,0.00000000,0.00000000,0.00000000,0.00000000,0.00000000,0.00000000,0.04963839,0.00000000,0.00000000,0.00000000,0.00000000,0.00000000,0.00000000,0.00276786,0.00000000,0.00000000,0.00000000,0.01743203,0.00337233,0.00000000,0.00000000,0.00000000,0.00000000,0.00242264,0.00000000,0.00581841,0.01913029,0.00000000,0.00000000,0.00000000,0.00000000,0.00000000,0.00000000,0.00000000,0.00000000,0.00000000,0.00000000,0.00000000,0.00000000,0.02803192,0.00000000,0.00000000,0.00000000,0.00085328,0.00000000,0.00000000,0.00000000,0.00000000,0.00000000,0.00000000,0.00000000,0.00000000,0.05596166,0.00000000,0.00352358,0.00000000,0.00000000,0.00000000,0.00000000,0.00000000,0.00263108,0.00000000,0.00000000,0.00000000,0.00000000,0.00000000,0.00000000,0.00000000,0.00000000,0.00000000,0.00000000,0.00088746,0.00000000,0.00000000,0.00000000,0.00000000,0.00000000,0.00677314,0.00000000,0.00000000,0.00000000,0.00000000,0.00000000,0.00000000,0.00000000,0.00000000,0.00000000,0.00000000,0.00000000,0.00000000,0.00000000,0.00000000,0.00000000,0.00000000,0.00000000,0.00000000,0.00000000,0.00000000,0.00000000,0.01521117,0.00350472,0.00000000,0.00000000,0.00000000,0.00000000,0.00354541,0.00000000,0.00000000,0.00000000,0.00000000,0.00000000,0.00000000,0.00000000,0.00000000,0.00000000,0.00000000,0.00241264,0.73859088,0.00000000,0.00000000,0.00000000,0.00000000,0.00000000,0.00000000,0.00000000,0.00000000,0.06620359,0.00000000,0.00316426,0.00000000,0.00000000,0.00000000,0.00000000,0.00000000,0.00000000,0.00000000,0.00000000,0.00000000,0.00000000,0.00000000,0.00000000,0.00000000,0.00000000,0.00000000,0.00000000,0.00000000,0.00000000,0.00000000,0.00000000,0.00000000,0.00000000,0.00000000,0.00000000,0.00000000,0.00000000,0.00448430,0.00000000,0.00000000,0.00000000,0.00000000,0.00000000,0.00678793,0.00000000,0.00308024,0.00000000,0.00000000,0.00000000,0.00000000,0.00000000,0.00000000,0.00000000,0.00000000,0.00000000,0.00000000,0.00000000,0.00248630,0.00000000,0.00000000,0.00000000,0.00000000,0.00000000,0.00000000,0.00000000,0.00000000,0.00000000,0.00000000,0.00000000,0.00000000,0.00000000,0.00000000,0.00000000,0.00000000,0.00000000,0.00552400,0.00000000,0.03901447,0.00000000,0.00000000,0.00000000,0.00000000,0.00000000,0.00000000,0.00000000,0.00000000,0.00000000,0.00000000,0.00000000,0.00000000,0.00000000,0.00000000,0.00000000,0.00000000,1.12532914,0.00000000,0.00000000,0.00000000,0.01080948,0.00000000,0.00000000,0.00000000,0.00000000,0.00266375,0.00000000,0.00000000,0.00000000,0.00000000,0.00000000,0.00000000,0.00000000,0.00000000,0.00000000,0.01138334,0.00000000,0.00000000,0.00000000,0.00000000,0.00000000,0.00455192,0.00000000,0.10665273,0.00000000,0.00000000,0.00000000,0.00000000,0.00000000,0.00000000,0.00000000,0.00000000,0.00000000,0.00776586,0.00000000,0.00000000,0.00000000,0.00000000,0.00000000,0.00000000,0.00000000,0.00000000,0.00000000,0.00000000,0.00492510,0.00000000,0.00000000,0.00000000,0.00000000,0.02997011,0.00000000,0.00000000,0.00000000,0.00000000,0.00000000,0.00000000,0.00000000,0.00000000,0.00000000,0.00000000,0.00000000,0.00000000,0.00000000,0.00000000,0.00000000,0.00000000,0.00000000,0.00922424,0.01568849,0.00000000,0.00000000,0.00000000,0.00000000,0.00000000,0.00000000,0.00000000,0.00953965,0.00000000,0.00000000,0.00130428,0.00000000,0.00000000,0.00000000,0.00000000,0.00000000,0.00000000,0.00000000,0.00000000,0.00000000,0.10547635,0.00000000,0.01505372,0.00000000,0.00000000,0.00000000,0.00378094,0.00000000,0.00000000,0.00000000,0.00000000,0.00000000,0.00000000,0.00000000,0.00000000,0.00000000,0.00000000,0.00000000,0.00082242,0.00000000,0.00000000,0.00000000,0.00000000,0.00110516,0.00000000,0.00000000,0.00000000,0.00000000,0.00000000,0.00000000,0.00000000,0.00000000,0.00000000,0.00000000,0.02874083,0.01587667,0.00000000,0.00000000,0.00000000,0.00000000,0.00000000,0.00000000,0.00272193,0.00000000,0.00000000,0.03723808,1.14458683,0.00000000,0.00363931,0.00000000,0.00000000,0.00000000,0.00000000,0.00958072,0.00000000,0.00000000,0.00000000,0.00000000,0.00000000,0.00000000,0.00000000,0.00000000,0.00000000,0.00000000,0.00707011,0.00000000,0.01806270,0.00000000,0.00105957,0.83192500,0.00000000,0.00667721,0.00000000,0.00000000,0.07110157,0.01379725,0.00000000,0.00000000,0.00000000,0.00699302,0.00000000,0.00000000,0.00000000,0.00000000,0.00000000,0.01543207,0.00000000,0.00000000,0.00000000,0.00000000,0.00000000,0.00000000,0.00000000,0.00000000,0.00000000,0.00000000,0.00000000,0.00000000,0.00227224,0.00000000,0.01784060,0.00000000,0.00000000,0.00000000,0.00000000,0.00000000,0.00000000,0.00000000,0.02392681,0.00000000,0.03952021,0.00000000,0.00000000,0.00000000,0.00000000,0.00000000,0.00000000,0.00000000,0.00000000,0.00000000,0.00000000,0.00000000,0.00000000,0.00000000,0.00000000,0.00000000,0.00000000,0.00000000,0.00000000,0.00000000,0.00350878,0.00280489,0.00000000,0.00000000,0.00000000,0.00000000,0.00000000,0.00000000,0.00000000,0.00000000,0.00000000,0.01191533,0.00000000,0.00550135,0.00000000,0.00389782,0.00000000,0.00000000,0.00000000,0.00000000,0.00000000,0.00000000,0.00000000,0.00496270,0.00000000,0.00000000,0.00000000,0.00000000,0.00000000,0.00000000,0.00000000,0.00000000,0.00000000,0.00253084,0.00000000,0.01736835,0.00000000,0.00000000,0.00000000,0.00000000,0.00324947,0.00000000,0.00000000,0.00000000,0.00000000,0.00000000,0.00000000,0.00000000,0.00000000,0.00000000,0.00000000,0.00000000,0.00000000,0.02474435,0.00000000,0.00000000,0.00000000,0.00000000,0.00000000,0.00635732,0.00000000,0.00000000,0.00000000,0.00000000,0.00000000,0.04857844,0.00000000,0.00000000,0.00000000,0.00000000,0.00000000,0.00000000,0.00000000,0.00000000,0.00000000,0.00000000,0.00000000
0.00000000,0.00000000,0.00000000,0.00000000,0.00000000,0.00000000,0.00000000,0.00000000,0.00073145,0.00000000,0.00000000,0.00000000,0.00000000,0.00000000,0.00000000,0.00000000,0.00000000,0.00000000,0.00000000,0.00000000,0.00000000,0.00000000,0.00102720,1.77198336,0.00000000,0.00000000,0.00000000,0.00000000,0.00000000,0.00000000,0.00717383,0.00000000,0.00964383,0.00000000,0.00000000,0.00000000,0.00000000,0.00000000,0.00000000,0.00000000,0.00000000,0.00000000,0.00000000,0.00784428,0.00000000,0.00000000,0.00000000,0.00000000,0.00000000,0.00000000,0.01523489,0.00000000,0.00000000,0.00000000,0.00000000,0.00000000,0.03385096,0.00000000,0.00000000,0.00000000,0.00000000,0.00000000,0.00000000,0.00000000,0.00000000,0.00000000,0.00000000,0.00000000,0.00000000,0.00000000,0.00000000,0.00519233,0.00148329,0.00000000,0.02039540,0.00000000,0.00000000,0.00000000,0.00000000,0.00000000,0.00000000,0.00249228,0.00000000,0.00000000,0.00000000,0.00000000,0.00221162,0.00000000,0.00000000,0.00000000,0.00000000,0.00000000,0.01134251,0.00000000,0.00000000,0.00000000,0.00000000,0.00000000,0.00000000,0.00000000,0.00000000,0.00000000,0.00000000,0.02785532,0.00000000,0.00000000,0.00000000,0.00000000,0.00000000,0.00000000,0.00000000,0.00263936,0.00000000,0.00291881,0.00000000,0.00000000,0.00000000,0.00000000,0.00000000,0.00000000,0.00000000,0.00000000,0.00864670,0.00000000,0.00000000,0.00000000,0.00000000,0.00000000,0.00000000,0.00000000,0.00000000,0.00000000,0.00000000,0.00000000,0.00000000,0.00000000,0.00000000,0.00000000,0.00000000,0.00000000,0.00000000,0.00000000,0.00000000,0.00000000,0.00599489,0.00000000,0.00000000,0.00000000,0.00000000,0.00000000,0.00000000,0.00000000,0.00000000,0.00000000,0.00000000,0.00000000,0.00000000,0.00000000,0.01454231,0.00000000,0.00000000,0.00677945,0.00000000,0.00000000,0.00000000,0.00000000,0.05298542,0.00000000,0.00000000,0.00000000,0.00000000,0.00000000,0.00000000,0.00000000,0.00000000,0.00000000,0.00352356,0.03336015,0.00000000,0.00000000,0.00000000,0.00000000,0.00000000,0.00000000,0.00000000,0.00000000,0.00000000,0.00000000,0.00000000,0.00132356,0.00000000,0.00000000,0.00000000,0.00000000,0.00000000,0.00000000,0.00000000,0.00000000,0.00000000,0.03720406,0.00000000,0.00000000,0.00000000,0.00000000,0.00000000,0.01212590,0.00000000,0.00000000,0.00000000,0.00000000,0.00000000,0.00000000,0.00000000,0.00000000,0.00000000,0.00000000,0.00000000,0.00000000,0.00000000,0.00910903,0.00000000,0.00000000,0.00000000,0.00000000,0.00000000,0.00000000,0.00000000,0.00000000,0.00000000,0.00000000,0.00000000,0.00000000,0.00000000,0.00000000,0.00000000,0.00000000,0.00000000,0.00357116,0.00000000,0.00000000,0.00000000,0.00000000,0.00000000,0.00000000,0.00000000,0.00000000,0.00000000,0.00000000,0.00000000,0.00000000,0.00000000,0.00000000,0.00000000,0.00000000,0.00000000,0.00000000,0.00000000,0.00000000,0.00000000,0.00000000,0.00000000,0.00000000,0.01886670,0.00000000,0.00000000,0.01375186,0.01812147,0.00000000,0.00000000,0.00000000,0.00000000,0.00000000,0.00000000,0.00000000,0.00000000,0.00000000,0.00000000,0.00000000,0.00000000,0.00000000,0.00000000,0.00000000,0.00000000,0.00000000,0.00000000,0.00000000,0.00000000,0.00000000,0.00000000,0.00000000,0.00000000,0.00000000,0.00000000,0.00000000,0.00000000,0.00000000,0.00378029,0.00000000,0.00000000,0.00000000,0.00000000,0.00000000,0.00000000,0.00000000,0.01621977,0.00000000,0.00000000,0.00000000,0.00000000,0.00293973,0.00000000,0.00000000,0.04715960,0.00000000,0.00000000,0.00000000,0.00000000,0.00000000,0.00000000,0.00000000,0.00356105,0.00383242,0.00000000,0.00000000,0.00000000,0.00000000,0.00000000,0.08295257,0.00000000,0.00000000,0.00000000,0.00000000,0.00000000,0.00000000,0.00000000,0.00000000,0.00000000,0.00000000,0.00000000,0.00000000,0.00000000,0.00000000,0.08107741,0.00000000,0.00000000,0.02553291,0.00000000,0.00145595,0.01620587,0.00000000,0.00000000,0.00000000,0.00000000,0.00000000,0.00000000,0.00000000,0.00000000,0.00000000,0.00000000,0.00000000,0.00000000,0.00000000,0.00000000,0.00000000,0.00116375,0.00000000,0.00000000,0.00000000,0.00000000,0.00000000,0.00000000,0.00000000,0.00000000,0.00000000,0.00000000,0.00585762,0.00000000,0.00704395,0.01399287,0.04971451,0.00561597,0.00000000,0.00000000,0.00801141,0.00000000,0.00000000,0.00000000,0.00000000,0.00000000,0.00000000,0.00000000,0.00000000,0.00000000,0.00000000,0.00000000,0.00000000,0.00000000,0.00000000,0.00000000,0.00000000,0.00000000,0.00000000,0.00000000,0.00000000,0.00000000,0.00000000,0.00000000,0.31014388,0.00000000,0.00110775,0.00000000,0.00000000,0.00000000,0.00133356,0.00000000,0.00000000,0.00000000,0.00123520,0.00000000,0.00000000,0.06795456,0.01228173,0.00000000,0.00000000,0.00000000,0.00000000,0.00465002,0.00000000,0.00000000,0.00000000,0.00000000,0.00000000,0.00000000,0.00000000,0.00000000,0.00223634,0.00000000,0.00000000,0.00000000,0.00000000,0.00000000,0.00000000,0.00000000,0.00000000,0.04026640,0.00000000,0.00000000,0.00000000,0.00000000,0.00261862,0.00000000,0.00000000,0.00000000,0.00000000,0.00000000,0.01889340,0.00000000,1.03773938,0.00000000,0.00000000,0.05329146,0.00000000,0.00000000,0.00000000,0.00000000,0.00000000,0.00000000,0.16419195,0.00000000,0.00000000,0.00000000,0.00000000,0.00113298,0.00811623,0.00000000,0.31629820,0.00000000,0.00000000,0.00000000,0.00000000,0.00000000,0.00000000,0.00000000,0.00000000,0.00000000,0.00000000,0.00000000,0.00180135,0.01636996,0.00000000,0.00772088,0.00000000,0.06748530,0.00000000,0.00000000,0.00000000,0.00000000,0.19275752,0.00473314,0.00000000,0.00000000,0.00000000,0.00000000,1.21646681,0.00000000,0.00000000,0.01128893,0.00468470,0.00000000,0.00674928,0.00000000,0.00065014,0.00000000,0.00000000,0.00000000,0.00000000,0.00000000,0.00000000,0.00000000,0.00000000,0.00000000,0.00000000,0.04898104,0.00000000,0.00000000,0.00000000,0.00143069,0.00000000,0.00000000,0.00000000,0.00000000,0.00000000,0.00000000,0.00000000,0.00000000,0.00000000,0.00000000,0.00000000,0.00000000,0.00000000,0.00000000,0.00000000,0.01260969,0.00000000,0.00000000,0.00000000,0.00000000,0.00000000,0.00000000,0.00000000,0.00000000,0.00082101,0.00000000,0.00000000,0.00000000,0.00000000,0.00000000,0.00444192,0.00000000,0.01293013,0.00000000,0.00000000,0.00000000,0.00000000,0.00000000,0.00000000,0.00000000,0.00000000,0.00000000,0.00000000,0.00000000,0.00000000,0.00000000,0.00000000,0.00241971,0.01718256,0.00000000,0.00000000,0.00000000,0.00000000,0.00000000,0.00000000,0.00000000,0.00000000,0.00000000,0.00000000,0.00000000,0.00000000,0.00000000,0.00000000,0.00000000,0.00000000,0.00384628,0.00000000,0.00000000,0.00000000,0.00000000,0.00000000,0.00000000,0.00000000,0.00000000,0.00000000,0.00000000,0.00000000,0.00000000,0.00000000,0.00000000,0.00000000,0.11092185,0.00000000,0.00000000,0.00000000,0.00000000,0.00000000,0.00000000,0.00000000,0.00000000,0.00000000,0.00000000,0.01288715,0.00000000,0.00000000,0.00000000,1.57607318,0.00000000,0.00000000,0.00000000,0.00000000,0.00312171,0.00000000,0.00000000,0.00000000,0.00000000,0.00000000,0.00000000,0.00000000,0.00000000,0.00000000,0.00000000,0.00000000,0.00000000,0.00000000,0.12038846,0.00000000,0.00526628,0.00000000,0.00000000,0.00000000,0.00000000,0.00000000,0.00000000,0.00000000,0.00000000,0.00000000,0.00000000,0.00000000,0.00000000,0.02757841,0.02962070,0.00000000,0.00000000,0.00000000,0.00000000,0.00000000,0.00161095,0.00000000,0.00000000,0.00316195,0.00000000,0.00000000,0.00000000,0.00000000,0.00000000,0.00000000,0.00000000,0.00000000,0.00000000,0.00000000,0.00000000,0.00000000,0.00000000,0.00000000,0.00000000,0.00000000,0.00000000,0.00000000,0.00000000,0.00000000,0.00000000,0.02036728,0.09568024,0.00000000,0.00000000,0.00000000,0.00000000,0.00000000,0.00000000,0.00000000,0.00000000,0.00000000,0.00000000,0.00000000,0.00000000,0.00000000,0.00000000,0.00000000,0.00000000,0.00117579,0.01454961,0.00000000,0.00000000,0.00000000,0.00000000,0.00000000,0.00000000,0.00000000,0.00000000,0.02234520,0.00000000,0.00000000,0.00000000,0.00000000,0.00000000,0.00000000,0.00000000,0.00000000,0.00000000,0.00000000,0.00000000,0.00219217,0.00000000,0.00000000,0.00000000,0.03411972,0.00534543,0.00000000,0.00124277,0.00000000,0.00000000,0.00000000,0.00000000,0.00000000,0.00000000,0.00578033,0.00000000,0.00000000,0.00000000,0.00000000,0.00000000,0.00208368,0.00000000,0.00000000,0.00000000,0.00000000,0.00000000,0.00000000,0.00000000,0.00000000,0.00000000,0.00000000,0.54986059,0.00000000,0.00000000,0.00000000,0.00000000,0.00000000,0.00000000,0.00000000,0.00000000,0.00000000,0.00000000,0.00000000,0.00000000,0.00000000,0.00000000,0.00000000,0.00000000,0.94399574,0.00084353,0.00000000,0.00000000,0.00000000,0.01008284,0.00000000,0.00000000,0.00000000,0.00000000,0.00000000,0.00000000,0.00000000,0.00000000,0.40614465,0.00000000,0.00091304,0.00000000,0.00000000,0.00000000,0.00000000,0.00000000,0.00000000
0.00000000,0.00599664,0.00000000,0.00000000,0.00000000,0.00000000,0.00000000,0.00000000,0.00000000,0.00000000,0.00000000,0.00487640,0.00000000,0.00000000,0.00159079,0.00000000,0.00000000,0.00117793,0.00000000,0.00000000,0.00000000,0.01059357,0.00000000,0.00000000,0.00000000,0.00000000,0.00265461,0.00000000,0.00000000,0.00000000,0.08403594,0.00000000,0.00000000,0.00000000,0.00000000,0.00118218,0.00000000,0.00000000,0.00000000,0.00000000,0.00000000,0.00000000,0.00000000,0.00000000,0.00000000,0.00000000,0.00000000,0.00000000,0.00000000,0.00000000,0.00000000,0.06645433,0.00000000,0.02742348,0.00000000,0.00722624,0.08222278,0.00000000,0.00000000,0.00000000,0.04898318,0.00000000,0.00000000,0.00000000,0.00000000,0.00406855,0.00000000,0.00000000,0.00000000,0.00000000,0.00000000,0.00285287,0.01777244,0.00000000,0.00000000,0.00000000,0.00771032,0.00000000,0.00000000,0.00000000,0.00000000,0.00701245,0.00000000,0.00000000,0.00000000,0.01436282,0.00000000,0.00000000,0.00000000,0.00000000,0.00000000,0.00000000,0.00000000,0.00000000,0.00000000,0.00000000,0.00000000,0.00552233,0.00000000,0.00134324,0.00000000,0.00000000,0.02785532,0.00000000,0.00000000,0.00000000,0.00000000,0.01892857,0.00000000,0.00000000,0.00000000,0.00000000,0.00000000,0.00000000,0.00000000,0.00000000,0.02331601,0.11272327,0.81039521,0.00000000,0.00000000,0.00000000,0.00000000,0.00000000,0.00000000,0.00000000,0.00000000,0.00000000,0.00000000,0.03331817,0.00000000,0.00000000,0.00000000,0.00000000,0.00000000,0.00000000,0.00000000,0.00000000,5.01643053,0.00000000,0.00000000,0.00000000,0.00000000,0.00000000,0.00000000,0.00000000,0.00000000,0.00000000,0.00000000,0.00254513,0.00000000,0.00000000,0.00000000,0.00000000,0.00000000,0.00000000,0.00000000,0.00000000,0.00000000,0.00000000,0.00000000,0.00000000,0.00000000,0.00000000,0.00000000,0.00000000,0.00000000,0.00000000,0.00000000,0.00000000,0.00000000,0.00000000,0.00983539,0.00000000,0.00000000,0.00000000,0.00000000,0.00342766,0.00000000,0.00000000,0.00000000,0.00000000,0.00000000,0.01792280,0.00000000,0.00000000,0.00000000,0.00000000,0.00000000,0.00000000,0.00000000,0.00000000,0.00000000,0.00000000,0.00961549,0.01011171,0.00000000,0.00000000,0.00000000,0.00000000,0.00755926,0.00000000,0.00000000,0.00000000,0.00000000,0.00000000,0.14311578,0.00000000,0.00000000,0.00000000,0.00000000,0.00000000,0.00563751,0.00000000,0.00000000,0.00000000,0.00000000,0.00206582,0.00382234,0.00000000,0.00000000,0.05302044,0.00000000,0.00000000,0.00056885,0.00000000,0.01317820,0.00000000,0.00000000,0.00000000,0.00000000,0.00000000,0.00000000,0.00000000,0.00336431,0.00000000,0.00000000,0.01775948,0.00000000,0.00000000,0.00000000,0.00000000,0.00000000,0.00000000,0.00000000,0.00000000,0.00000000,0.00000000,0.00000000,0.00000000,0.00000000,0.00000000,0.00000000,0.00000000,0.00000000,0.00000000,0.00138111,0.00000000,0.00000000,0.00000000,0.00000000,0.00000000,0.00000000,0.00000000,0.00000000,0.00000000,0.00000000,0.00000000,0.00000000,0.00000000,0.00000000,0.00000000,0.00000000,0.00000000,0.00000000,0.00000000,0.00000000,0.14528298,0.00000000,0.00000000,0.00000000,0.00139151,0.00000000,0.00000000,0.00000000,0.00000000,0.00000000,0.00000000,0.00000000,0.00000000,0.00000000,0.00000000,0.00000000,0.00000000,0.00000000,0.00000000,0.00000000,0.00000000,0.00000000,0.00000000,0.00000000,0.00000000,0.00000000,0.00000000,0.00000000,0.00439299,0.00000000,0.00000000,0.00000000,0.00000000,0.00000000,0.00000000,0.00000000,0.00000000,0.00000000,0.00000000,0.00000000,0.00000000,0.00000000,0.00000000,0.00000000,0.00000000,0.00000000,0.00000000,0.00000000,0.00225547,0.00000000,0.00000000,0.00000000,0.00000000,0.00000000,0.00000000,0.00000000,0.00000000,0.00000000,0.00000000,0.00000000,0.05498085,0.00000000,0.00000000,0.00000000,0.00000000,0.00000000,0.00000000,0.01664783,0.00000000,0.00000000,0.00000000,0.00000000,0.00000000,0.00000000,0.02389526,0.00000000,0.00000000,0.00000000,0.00000000,0.00000000,0.00000000,0.00000000,0.00000000,0.00000000,0.00000000,0.00000000,0.00486715,0.00000000,0.00000000,0.00000000,0.00000000,0.00000000,0.00000000,0.00000000,0.00000000,0.00000000,0.00000000,0.00000000,0.00000000,0.00000000,0.00000000,0.00493318,0.00000000,0.00447178,0.00000000,0.00000000,0.00000000,0.00000000,0.00000000,0.00000000,0.00000000,0.00000000,0.00780158,0.00000000,0.00000000,0.00000000,0.00000000,0.00000000,0.00000000,0.00000000,0.00000000,0.00000000,0.00000000,0.00000000,0.00000000,0.00000000,0.00350192,0.00000000,0.00000000,0.00000000,0.00532606,0.00000000,0.00000000,0.00000000,0.00000000,0.02798655,0.00000000,0.13394088,0.00000000,0.65884510,0.00000000,0.00000000,0.00000000,0.06657504,0.00000000,0.00000000,0.00000000,0.00000000,0.00000000,0.00647369,0.00000000,0.01394744,0.09635812,0.00000000,0.00000000,0.00000000,0.00000000,0.00000000,0.00000000,0.00000000,0.00327547,0.00000000,0.09820759,0.00000000,0.00000000,0.00000000,0.00000000,0.00000000,0.00000000,0.00000000,0.00000000,0.00000000,0.00000000,0.00000000,0.00000000,0.00000000,0.00000000,0.00086455,0.00000000,0.00000000,0.00000000,0.00000000,0.00000000,0.00000000,0.00000000,0.00000000,0.00000000,0.00000000,0.00000000,0.00000000,0.00000000,0.00000000,0.00990362,0.00000000,0.00000000,0.00000000,0.00000000,0.00000000,0.00000000,0.00000000,0.00000000,0.00000000,0.00000000,0.00000000,0.00000000,0.00000000,0.00000000,0.00000000,0.00000000,1.40881415,0.00851176,0.00000000,0.00000000,0.01622650,0.00000000,0.00000000,0.00000000,0.01086306,0.00000000,0.00105123,0.00000000,0.00000000,0.00000000,0.00592012,0.00000000,0.00000000,0.00000000,0.04177724,0.00000000,0.00000000,0.00000000,0.00934514,0.00000000,0.00000000,0.00000000,0.00000000,0.00000000,0.00000000,0.00000000,0.00000000,0.00000000,0.02787930,0.00000000,0.00000000,0.00000000,0.00000000,0.00478524,0.00000000,0.00361472,0.00000000,0.00000000,0.00000000,0.00000000,0.03580827,0.00000000,0.00000000,0.00136240,0.00000000,0.00000000,0.00000000,0.00000000,0.00000000,0.00000000,0.00000000,0.00000000,0.00000000,0.00000000,0.00000000,0.03622088,0.00000000,0.02304359,0.00000000,0.00000000,0.00300697,0.00000000,0.00000000,0.00000000,0.00000000,0.00000000,0.00000000,0.00000000,0.00000000,0.00000000,0.00985946,0.00000000,0.00000000,0.00000000,0.00000000,0.00000000,0.00000000,0.00162720,0.00000000,0.00000000,0.00000000,0.00000000,0.07103541,0.00000000,0.04408574,0.00000000,0.00000000,0.00000000,0.00000000,0.00000000,0.00000000,0.00000000,0.00000000,0.00000000,0.00000000,0.00000000,0.00000000,0.00000000,0.00382198,0.00000000,0.00000000,0.00180330,0.00000000,0.00000000,0.00000000,0.00000000,0.00000000,0.00000000,0.00000000,0.00000000,0.00304194,0.03871587,0.00000000,0.00000000,0.00000000,0.00000000,0.01195303,0.00657970,0.00000000,0.00000000,0.00000000,0.00000000,0.00000000,0.00000000,0.00000000,0.00371928,0.00000000,0.00000000,0.00000000,0.00000000,0.00000000,0.00000000,0.00000000,0.00000000,0.00000000,0.00000000,0.00000000,0.00232706,0.00000000,0.00000000,0.00000000,0.00000000,0.00000000,0.00000000,0.00000000,0.00000000,0.00000000,0.00000000,0.00000000,0.00000000,0.00000000,0.00000000,0.00000000,0.00000000,0.00000000,0.00000000,0.00062842,0.00000000,0.00198537,0.35607271,0.00000000,0.00000000,0.00000000,0.01819154,0.00000000,0.00468115,0.00000000,0.00000000,0.00000000,0.00000000,0.00000000,0.00000000,0.00000000,0.00000000,0.00000000,0.00000000,0.00000000,0.00000000,0.00000000,0.00000000,0.00000000,0.00000000,0.00000000,0.00000000,0.00000000,0.00000000,0.00000000,0.00000000,0.00000000,0.00000000,0.00000000,0.00000000,0.00000000,0.00000000,0.00000000,0.00000000,0.00000000,0.00000000,0.00000000,0.00000000,0.00000000,0.00000000,0.01563523,0.00000000,0.00000000,0.00000000,0.00000000,0.00000000,0.00000000,0.00000000,0.00000000,0.00412916,0.00000000,0.00000000,0.00000000,0.00301842,0.00000000,0.00000000,0.00000000,0.00000000,0.00000000,0.00000000,0.00000000,0.00000000,0.00000000,0.00000000,0.00000000,0.00000000,0.00000000,0.00000000,0.00000000,0.00000000,0.00000000,0.00000000,0.00000000,0.00000000,0.00000000,0.00000000,0.00000000,0.00000000,0.00000000,0.00000000,0.00000000,0.00079858,0.00000000,0.00000000,0.00000000,0.00000000,0.00000000,0.00000000,0.00000000,0.00000000,0.12344315,0.00000000,0.00000000,0.00000000,0.00000000,0.00000000,0.00000000,0.00078901,0.11935856,0.00000000,0.00000000,0.00000000,0.00000000,0.00069385,0.00000000,0.00000000,0.00000000,0.00000000,0.00000000,0.00000000,0.00000000,0.00000000,0.00000000,0.00000000,0.00000000,0.00000000,0.00000000,0.00000000,0.00000000,0.00000000,0.00000000,0.00000000,0.00000000,0.00000000,0.00000000,0.00000000,0.00093272,0.00000000,0.00000000,0.00000000,0.00000000,0.00000000,0.00000000,0.00000000,0.00000000,0.00000000,0.00000000,0.00426483,0.03412130,0.00140183,0.00000000,0.00000000,0.00000000,0.00000000,0.00000000,0.00000000,0.00000000,0.00000000
0.01003609,0.00000000,0.00000000,0.00000000,0.00000000,0.00000000,0.00000000,0.00000000,0.00000000,0.00000000,0.00000000,0.00000000,0.00000000,0.00000000,0.00000000,0.00000000,0.00000000,0.00000000,0.00000000,0.00000000,0.00338325,0.00000000,0.00597193,0.00000000,0.00000000,0.00000000,0.00000000,0.00000000,0.00000000,0.00000000,0.00000000,0.00000000,0.00000000,0.00000000,0.00000000,0.00000000,0.00000000,0.00000000,0.00790011,0.00000000,0.00000000,0.00000000,0.00000000,0.00000000,0.00000000,0.00000000,0.00000000,0.00000000,0.00000000,0.00000000,0.00000000,0.00000000,0.00000000,0.00000000,0.00000000,0.00228212,0.00000000,0.00000000,0.00000000,0.00000000,0.00992996,0.03355789,0.75835062,0.00000000,0.00000000,0.00321615,0.00000000,0.28998389,0.00000000,0.00000000,0.01089870,0.00000000,0.00000000,0.00000000,0.00000000,0.00000000,0.07837279,0.00000000,0.00000000,0.00203885,0.00000000,0.00000000,0.00000000,0.00000000,0.00000000,0.00000000,0.00000000,0.00000000,0.00000000,0.01178913,0.00000000,0.00000000,0.00000000,0.00000000,0.00000000,0.00000000,0.00000000,0.00000000,0.00000000,0.00000000,0.00000000,0.00000000,0.00000000,0.00000000,0.00000000,0.00000000,0.00000000,0.00000000,0.00000000,0.00000000,0.00000000,0.00000000,0.00000000,0.00000000,0.00000000,0.00000000,0.13998781,0.00000000,0.00000000,0.00648482,0.00000000,0.00547375,0.00000000,0.00000000,0.00000000,0.00000000,0.00000000,0.00000000,0.00000000,0.00000000,0.00000000,0.00000000,0.00000000,0.00000000,0.00000000,0.00000000,0.00000000,0.00000000,0.01662411,0.00000000,0.00000000,0.00000000,0.00000000,0.00000000,0.00000000,0.03569448,0.00165224,0.00000000,0.00000000,0.00000000,0.00000000,0.00000000,0.00000000,0.00000000,0.00000000,0.00000000,0.00000000,0.00000000,0.00000000,0.00000000,0.00000000,0.01165834,0.00000000,0.00000000,0.00000000,0.00000000,0.00000000,0.00000000,0.00000000,0.00000000,0.00000000,0.00000000,0.00000000,0.00000000,0.00000000,0.00000000,0.00000000,0.00000000,0.00000000,0.08543925,0.00000000,0.00000000,0.00000000,0.01432098,0.00000000,0.00000000,0.00000000,0.00000000,0.00000000,0.00000000,0.00000000,0.00000000,0.00000000,0.00669458,0.00000000,0.00000000,0.00000000,0.00953229,0.00000000,0.18463711,0.00000000,0.30168910,0.01858379,0.00000000,0.00000000,0.00000000,0.01523638,0.00000000,0.00000000,0.00000000,0.00000000,0.00000000,0.00000000,0.00963046,0.00000000,0.00000000,0.00065582,0.00000000,0.00000000,0.00000000,0.00000000,0.00000000,0.00000000,0.00000000,0.00000000,0.00000000,0.00000000,0.03300499,0.00000000,0.00000000,0.00662195,0.00362286,0.00000000,0.00000000,0.00000000,0.00000000,0.00000000,0.00000000,0.00000000,0.00000000,0.00000000,0.00000000,0.00000000,0.00000000,0.00000000,0.00000000,0.00000000,0.05917080,0.00000000,0.00000000,0.00000000,0.00000000,0.00000000,0.00000000,0.00000000,0.00288499,0.00000000,0.00000000,0.00000000,0.00000000,0.00000000,0.00000000,0.00000000,0.00000000,0.00000000,0.00000000,0.00000000,0.00000000,0.00000000,0.14197191,0.00000000,0.00000000,0.00000000,0.20729742,0.00000000,0.00000000,0.00000000,0.00000000,0.00000000,0.00000000,0.00000000,0.00000000,0.00000000,0.00000000,0.00000000,0.00000000,0.00668269,0.00000000,0.09195414,0.00000000,0.00187436,0.00000000,0.02096812,0.00000000,0.00000000,0.00000000,0.00000000,0.00000000,0.00000000,0.00000000,0.00000000,0.00000000,0.00000000,0.02084213,0.00000000,0.00000000,0.00000000,0.00000000,0.00000000,0.00000000,0.00000000,0.00000000,0.00000000,0.02473634,0.00000000,0.00000000,0.00000000,0.00000000,0.00384810,0.00595472,0.00000000,0.00194086,0.00000000,0.00000000,0.00000000,0.02600380,0.00000000,0.00000000,0.00000000,0.08670587,0.00000000,0.01025757,0.00000000,0.00000000,0.00000000,0.00000000,0.00000000,0.00000000,0.00000000,0.04530651,0.00000000,0.00000000,0.00501082,0.00000000,0.00000000,0.00000000,0.00000000,0.00000000,0.00000000,0.00128749,0.00000000,0.00000000,0.00000000,0.00000000,0.00000000,0.00000000,0.00000000,0.00000000,0.00000000,0.00000000,0.00000000,0.00000000,0.00274830,0.00000000,0.00000000,0.00000000,0.00000000,0.00000000,0.00000000,0.00000000,0.00000000,0.00000000,0.00000000,0.00000000,0.00000000,0.00351659,0.00000000,0.06609530,0.00000000,0.00000000,0.00000000,0.00000000,0.00000000,0.00155045,0.00000000,0.00000000,0.00000000,0.01604896,0.00000000,0.00000000,0.00000000,0.00000000,0.00000000,0.00000000,0.01370002,0.00000000,0.00000000,0.00000000,0.02779847,0.00000000,0.00000000,0.00000000,0.00000000,0.00000000,0.00000000,0.00000000,0.00000000,0.00000000,0.00000000,0.00462037,0.00000000,0.00000000,0.00000000,0.00000000,0.00000000,0.00000000,0.00000000,0.00000000,0.00000000,0.00000000,0.00000000,0.00000000,0.00000000,0.00000000,0.00000000,0.00000000,0.00000000,0.00000000,0.00000000,0.01090175,0.00000000,0.00000000,0.00000000,0.00000000,0.00000000,0.00000000,0.00000000,0.00000000,0.00000000,0.00149754,0.00000000,0.00000000,0.00000000,0.00201317,0.00000000,0.00000000,0.00000000,0.00000000,0.00000000,0.00000000,0.00000000,0.00000000,0.00000000,0.00000000,0.03004504,0.00000000,0.00000000,0.00000000,0.00000000,0.00000000,0.00000000,0.00000000,0.00000000,0.00000000,0.00000000,0.03209979,0.00000000,0.00000000,0.00000000,0.00000000,0.00000000,0.00000000,0.00000000,0.00000000,0.00101841,0.00000000,0.00000000,0.00000000,0.00000000,0.00000000,0.00000000,0.00000000,0.00000000,0.01581602,0.00000000,3.47969868,0.00000000,0.00000000,0.00000000,0.00000000,0.00000000,0.00000000,0.00000000,0.00000000,0.00000000,0.00000000,0.00000000,0.00000000,0.00000000,0.03585864,0.00000000,0.00000000,0.00000000,0.01086329,0.00000000,0.00701165,0.00000000,0.00000000,0.00000000,0.00000000,0.00000000,0.00000000,0.00000000,0.00000000,0.00000000,0.00000000,0.51033278,0.00000000,0.00000000,0.00000000,0.00000000,0.00000000,0.00000000,0.12290634,0.00000000,0.05701164,0.00280458,0.00000000,0.00000000,0.00000000,0.00000000,0.00000000,0.00000000,0.00000000,0.00000000,0.00000000,0.00000000,0.00000000,0.00000000,0.00000000,0.00000000,0.00000000,0.00000000,0.00000000,0.00247414,0.00000000,0.00000000,0.00000000,0.00000000,0.00000000,0.00000000,0.00000000,0.00000000,0.00000000,0.00000000,0.00000000,0.00112200,0.00000000,0.00000000,0.00000000,0.00195261,0.00000000,0.00000000,0.00000000,0.00000000,2.48165497,0.00000000,0.00000000,0.00000000,0.02167713,0.00000000,0.00000000,0.00000000,0.00000000,0.00000000,0.00000000,0.00000000,0.00000000,0.00000000,0.00000000,0.00290934,0.00706001,0.00000000,0.00000000,0.00000000,0.00000000,0.00000000,0.03614195,0.00000000,0.00000000,0.00000000,0.00000000,0.00000000,0.00000000,0.00000000,0.00000000,0.00436087,0.00000000,0.00000000,0.00000000,0.00135408,0.00226612,0.00000000,0.00000000,0.00000000,0.00000000,0.00000000,0.00000000,0.00000000,0.00000000,0.00000000,0.00000000,0.02288354,0.00000000,0.00000000,0.00000000,0.00000000,0.00000000,0.00000000,0.00000000,0.00000000,0.00000000,0.00000000,0.16424649,0.00000000,0.00000000,0.00000000,0.00000000,0.00000000,0.00000000,0.00000000,0.00000000,0.00000000,0.00000000,0.00000000,0.00000000,0.00000000,0.00000000,0.00000000,0.01329235,0.00000000,0.00000000,0.00000000,0.00000000,0.00000000,0.00731590,0.00000000,0.00000000,0.00000000,0.00000000,0.00000000,0.00000000,0.00000000,0.00000000,0.00000000,0.00000000,0.00109828,0.00000000,0.00000000,0.00000000,0.00000000,0.00000000,0.00000000,0.03997845,0.00000000,0.00000000,0.00000000,0.00000000,0.00000000,0.00000000,0.00000000,0.00000000,0.00000000,0.00000000,0.00000000,0.00366026,0.00000000,0.00000000,0.00000000,0.00000000,0.00000000,0.00331044,0.00000000,0.00000000,0.10476813,0.00359520,0.41582513,0.00081939,0.00000000,0.00000000,0.00000000,0.00000000,0.00000000,0.00000000,0.00000000,0.00000000,0.00000000,0.00000000,0.00000000,0.00000000,0.00000000,0.00000000,0.01549032,0.00217027,0.00000000,0.00000000,0.00000000,0.00000000,0.00000000,0.04021894,0.00000000,0.00127090,0.00000000,0.00000000,0.00000000,0.00000000,0.00000000,0.00000000,0.00000000,0.00000000,0.00000000,0.00000000,0.00000000,0.00000000,0.00000000,0.00000000,0.00000000,0.00000000,0.00000000,0.00000000,0.00000000,0.00000000,0.00000000,0.00000000,0.00000000,0.00000000,0.00237145,0.00000000,0.00000000,0.00000000,0.01574759,0.00000000,0.00000000,0.00000000,0.00000000,0.00271514,0.00000000,0.00000000,0.00000000,0.02205254,0.00000000,0.00000000,0.00000000,0.00000000,0.00000000,0.00000000,0.00000000,0.00000000,0.00000000,0.00000000,0.00249690,0.00000000,0.07493909,0.00000000,0.00000000,0.00314229,0.00406131,0.00000000,0.00000000,0.00000000,0.00000000,0.00000000,0.00000000,0.00000000,0.00000000,0.00000000,0.05541474,0.00000000,0.00000000,0.00000000,0.00000000,0.00000000,0.00000000,0.00000000,0.00000000,0.00000000,0.00000000,0.00000000,2.37339912,0.00000000,0.00315593,0.00000000,0.00000000,0.00000000,0.00000000,0.00000000,0.00000000,0.00000000,0.00000000,0.00000000
0.00000000,0.00000000,0.00000000,0.00000000,0.00000000,0.00000000,0.00000000,0.00000000,0.00353489,0.00000000,0.00000000,0.00000000,0.00000000,0.00000000,0.00599836,0.00453437,0.00000000,0.00000000,0.00000000,0.00000000,0.00000000,0.00000000,0.00000000,0.00000000,0.00000000,0.00000000,0.00093128,0.02623659,0.00000000,0.00000000,0.00000000,0.00000000,0.00000000,0.00000000,0.00000000,0.00282893,0.00000000,0.00000000,0.00000000,0.00000000,0.00000000,0.00000000,0.00000000,0.00000000,0.03369093,0.00000000,0.00000000,0.00628645,0.00000000,0.00000000,0.00000000,0.00000000,0.00000000,0.00000000,0.00262059,0.00375065,0.00000000,0.00000000,0.00000000,0.00000000,0.00000000,0.00000000,0.00000000,0.00000000,0.00000000,0.00000000,0.00000000,0.00157581,0.00000000,0.00000000,0.00000000,0.00288809,0.08248745,0.00000000,0.00000000,0.00000000,0.00000000,0.00000000,0.00000000,0.00000000,0.00000000,0.00000000,0.00645903,0.00000000,0.04027518,0.00000000,0.00000000,0.00000000,0.00000000,0.00000000,0.00000000,0.00861527,0.00000000,0.00000000,0.00000000,0.00000000,0.00000000,0.00000000,0.02044340,0.00000000,0.00337832,0.00142266,0.00000000,0.00000000,0.00000000,0.00000000,0.00000000,0.00000000,0.00000000,0.00000000,1.27857091,0.00000000,0.00659956,0.00000000,0.00000000,0.00000000,0.00000000,0.01488993,0.00000000,0.00000000,0.00000000,0.00000000,0.00000000,0.00000000,0.00894103,0.00000000,0.00000000,0.00243401,0.00000000,0.00000000,0.00000000,0.00000000,0.00165482,0.00000000,0.00000000,0.00000000,0.00000000,0.00000000,0.05340309,0.00000000,0.00000000,0.00000000,0.00000000,0.00410955,0.00000000,0.00000000,0.00000000,0.00000000,0.00000000,0.00000000,0.00951156,0.00000000,0.00000000,0.00000000,0.00000000,0.00000000,0.00000000,0.00000000,0.00000000,0.00000000,0.00000000,0.00000000,0.00000000,0.00000000,0.00122001,0.00410918,0.00000000,0.00000000,0.00320467,0.00000000,0.00000000,0.00000000,0.00000000,0.01872302,0.00000000,0.04628661,0.01126316,0.00000000,0.00000000,0.00000000,0.00000000,0.00000000,0.00000000,0.00000000,0.00000000,0.00000000,0.00000000,0.00000000,0.00000000,0.00000000,0.00093391,0.00000000,0.00000000,0.00000000,0.00000000,0.00000000,0.00000000,0.00000000,0.00000000,0.00433439,0.00703941,0.00695520,0.00000000,0.00000000,0.00000000,0.00000000,0.00000000,0.00000000,0.00000000,0.02472032,0.00000000,0.00000000,0.00317486,0.00929751,0.00000000,0.00000000,0.00000000,0.00000000,0.00000000,0.00000000,0.00000000,0.00000000,0.00000000,0.00000000,0.00000000,0.00000000,0.00000000,0.00000000,0.00000000,0.73942626,0.00000000,0.00000000,0.00000000,0.00000000,0.00000000,0.00000000,0.00000000,0.00000000,0.00000000,0.00000000,0.00000000,0.00514639,0.00000000,0.00000000,0.00000000,0.00000000,0.00000000,0.00000000,0.00000000,0.00000000,0.00000000,0.00000000,0.00240689,0.00189945,0.00285117,0.00000000,0.00000000,0.00000000,0.00000000,0.00000000,0.00000000,0.00000000,0.00000000,0.00000000,0.00000000,0.00000000,0.00000000,0.00593046,0.00000000,0.00000000,0.00000000,0.00000000,0.00000000,0.00000000,0.00000000,0.00000000,0.00000000,0.01037725,0.00000000,0.00000000,0.00000000,0.00000000,0.00000000,0.00000000,0.00000000,0.00000000,0.00000000,0.00000000,0.00000000,0.00000000,0.00000000,0.00000000,0.00000000,0.00000000,0.00000000,0.00000000,0.00000000,0.01342261,0.00000000,0.00000000,0.00000000,0.00000000,0.00000000,0.00000000,0.00000000,0.00000000,0.00000000,0.00000000,0.00000000,0.00000000,0.00000000,0.00000000,0.00408486,0.00000000,0.03995489,0.00000000,0.00000000,1.93759103,0.00000000,0.00000000,0.00000000,0.00000000,0.02122577,0.00000000,0.00000000,0.00000000,0.00000000,0.03985857,0.00000000,0.05759183,0.48132649,0.00000000,0.00000000,0.00000000,0.00000000,0.00000000,0.00000000,0.00000000,0.00000000,0.00000000,0.00000000,0.00000000,0.00000000,0.00000000,0.00000000,0.00465519,0.00000000,0.00000000,0.00000000,0.00000000,0.00000000,0.00000000,0.00000000,0.00000000,0.00000000,0.00000000,0.00000000,0.00000000,0.00000000,0.00000000,0.00000000,0.00000000,0.00000000,0.00000000,0.00000000,0.00000000,0.00000000,0.00107487,0.00000000,0.00000000,0.00000000,0.00000000,0.00000000,0.00000000,0.00000000,0.00000000,0.00000000,0.00000000,0.00000000,0.00822657,0.00000000,0.00000000,0.00000000,0.00044725,0.00000000,0.00000000,0.00000000,0.00000000,0.00245389,0.00000000,0.00000000,0.00000000,0.00000000,0.00000000,0.00000000,0.00000000,0.00000000,0.00000000,0.00000000,0.00000000,0.00085546,0.00000000,0.00000000,0.00396912,0.00000000,0.00000000,0.00000000,0.00000000,0.05043312,0.00000000,0.00000000,0.00000000,0.00000000,0.00000000,0.01639381,0.00000000,0.00000000,0.00000000,0.00000000,0.00539498,0.00000000,0.00000000,0.00000000,0.00000000,0.02844690,0.00000000,0.00000000,0.01668568,0.00000000,0.00000000,0.00000000,0.00000000,0.00000000,0.00000000,0.00000000,0.00000000,0.00000000,0.00000000,0.00161187,0.00000000,0.00000000,0.00062467,0.00000000,0.00000000,0.00000000,0.00000000,0.00000000,0.00000000,0.00000000,0.00000000,0.00000000,0.00000000,0.00000000,0.00000000,0.00000000,0.00000000,0.00000000,0.00000000,0.00000000,0.00000000,0.00112270,0.00000000,0.00000000,0.00000000,0.00000000,0.00000000,0.00000000,0.00000000,0.00000000,0.00000000,0.00528729,0.00000000,0.85971802,0.00000000,0.00000000,0.00000000,0.00000000,0.00000000,0.55438508,0.00000000,0.00000000,0.00000000,0.00000000,0.00000000,1.86342671,0.00000000,0.00000000,0.00000000,0.00084642,0.00000000,0.00000000,0.00000000,0.00000000,0.01017105,0.01771628,0.00000000,0.00000000,0.00000000,0.00000000,0.00000000,0.00000000,0.00000000,0.00000000,0.00000000,0.00000000,0.00000000,0.00000000,0.00000000,0.00000000,0.00000000,0.00000000,0.00000000,0.00000000,0.00000000,0.00000000,0.00000000,0.00000000,0.00000000,0.00000000,0.00000000,0.00000000,0.00000000,0.00000000,0.00000000,0.00284945,0.00000000,0.00000000,0.00000000,0.02094400,0.00000000,0.00000000,0.00000000,0.00000000,0.00000000,0.00000000,0.00000000,0.00000000,0.00000000,0.00000000,0.00095746,0.00000000,0.00167018,0.00000000,0.00000000,0.00000000,0.00000000,0.00214694,0.00000000,0.00000000,0.00000000,0.00000000,0.00000000,0.00000000,0.00000000,0.00000000,0.00000000,0.00000000,0.00000000,1.62898160,0.00000000,0.00000000,0.00000000,0.00000000,0.00000000,0.00000000,0.00000000,0.00000000,0.00000000,0.00000000,0.00000000,0.00063849,0.00000000,0.00000000,0.00000000,0.00000000,0.01005541,0.00000000,0.00000000,0.00000000,0.00000000,0.00000000,0.00000000,0.00000000,0.00000000,0.00000000,0.00000000,0.00000000,0.00000000,0.01467279,0.00000000,0.00254321,0.00000000,0.00000000,0.00000000,0.00000000,0.00000000,0.00000000,0.00000000,0.00622867,0.00000000,0.00000000,0.00000000,0.00000000,0.00000000,0.00000000,0.00000000,0.00000000,0.00000000,0.00000000,0.00000000,0.00000000,0.00000000,0.00000000,0.00000000,0.01032760,0.00000000,0.00000000,0.00000000,0.00000000,0.00000000,0.00000000,0.00000000,0.00000000,0.00000000,0.00000000,0.00000000,0.00000000,0.00000000,0.00000000,0.00000000,0.29872875,0.00000000,0.00000000,0.00000000,0.00359694,0.00000000,0.00000000,0.00000000,0.00000000,0.00000000,0.00130347,0.00000000,0.00000000,0.00000000,0.00000000,0.00000000,0.00000000,0.00000000,0.00000000,0.01028979,0.00000000,0.00000000,0.00000000,0.00000000,0.00000000,0.00000000,0.00000000,0.00000000,0.00000000,0.01431813,0.02894145,0.00000000,0.00000000,0.00000000,0.00000000,0.00558010,0.00000000,0.00000000,0.00000000,0.18767459,0.00000000,0.00000000,0.00000000,0.00000000,0.00000000,0.00000000,0.00000000,0.00000000,0.00000000,0.00000000,0.00000000,0.00000000,0.00104221,0.06002621,0.00000000,0.00000000,0.00000000,0.00000000,0.00000000,0.00000000,0.00000000,0.00000000,0.00000000,0.00000000,0.00000000,0.00000000,0.00000000,0.00000000,0.00000000,0.00158232,0.00000000,0.00000000,0.00000000,0.49931245,0.00000000,0.00000000,0.00000000,0.00000000,0.00000000,0.00000000,0.00000000,0.00000000,0.00000000,0.00289417,0.00000000,0.00000000,0.00000000,0.00000000,0.00577462,0.00000000,0.00000000,0.00000000,0.00000000,0.00000000,0.00000000,0.00000000,0.00000000,0.00000000,0.00000000,0.00000000,0.00000000,0.00000000,0.00000000,0.00000000,0.00000000,0.00000000,0.00231120,0.00000000,0.00301086,0.00000000,0.00000000,0.00000000,0.00000000,0.00000000,0.44456916,0.00000000,0.00000000,0.00000000,0.00000000,0.00000000,0.00000000,0.00000000,0.00000000,0.00000000,0.00000000,0.00000000,0.00000000,0.00000000,0.00000000,0.00311007,0.00000000,0.00000000,0.00000000,0.05548079,0.00000000,0.00000000,0.00000000,0.00000000,0.00000000,0.00000000,0.00219063,0.00000000,0.00000000,0.00000000,0.01279414,0.00000000,0.00000000,0.01047925,0.00000000,0.00503124,0.00000000,1.45722408,0.00000000,0.00000000,0.00000000,0.00000000,0.00000000,0.00000000,0.00000000,0.00000000,0.00000000,0.00000000,0.00000000,0.00000000,0.00000000,0.00000000,0.00000000,0.00000000,0.00000000,0.00000000
0.00000000,0.00000000,0.00000000,0.00473906,0.00000000,0.00000000,0.00000000,0.00000000,0.00000000,0.00000000,0.00000000,0.00129875,0.02157767,0.00117116,0.00000000,0.00000000,0.00000000,0.00000000,0.00000000,0.17069304,0.00000000,0.43033700,0.00000000,0.00000000,0.00000000,0.00000000,0.00067933,0.00000000,0.00000000,0.00000000,0.00000000,0.00952333,0.00000000,0.00000000,0.00000000,0.00000000,0.00000000,0.00000000,0.00000000,0.00000000,0.00000000,0.00000000,0.00000000,0.00000000,0.00000000,0.00000000,0.00000000,0.00000000,0.24273791,0.00000000,0.00000000,0.00000000,0.01754138,0.00000000,0.00000000,0.00000000,0.00000000,0.00510619,0.00000000,0.00000000,0.00000000,0.00000000,0.00000000,0.00000000,0.00842133,0.00000000,0.00000000,0.00000000,0.00000000,0.00229044,0.00000000,0.00706596,0.00000000,0.00085112,0.00000000,0.00000000,0.00000000,0.01516751,0.00000000,0.00000000,0.00000000,0.00000000,0.00000000,0.00000000,0.00000000,0.00000000,0.01215952,0.00000000,0.00000000,0.00000000,0.00000000,0.00000000,0.00000000,0.00000000,0.00000000,0.00000000,0.00000000,0.00000000,0.00000000,0.00000000,0.00000000,0.03852532,0.00000000,0.00000000,0.00000000,0.00000000,0.00000000,0.00000000,0.00000000,0.00000000,0.00000000,0.00000000,0.00000000,0.00334489,0.00000000,0.00000000,0.00000000,0.00971425,0.00000000,0.00000000,0.00682218,0.00000000,0.00000000,0.00000000,0.00000000,0.00000000,0.00000000,0.00000000,0.00000000,0.00000000,0.00000000,0.00000000,0.00000000,0.00000000,0.00000000,0.05922995,0.00000000,0.00000000,0.00000000,0.00000000,0.00000000,0.00000000,0.00000000,0.00000000,0.00000000,0.02006441,0.01580479,0.00000000,0.00000000,0.00000000,0.00000000,0.00000000,0.00000000,0.00000000,0.00000000,0.00000000,0.00000000,0.00000000,0.00000000,0.00000000,0.00000000,0.00000000,0.00000000,0.00000000,0.00000000,0.00000000,0.00000000,0.00000000,0.00277596,0.00000000,0.00000000,0.00000000,0.00088678,0.00000000,0.00000000,0.00000000,0.00000000,0.00000000,0.00836287,0.00000000,0.00000000,0.00417773,0.00000000,0.00000000,0.00000000,0.02245973,0.00000000,0.00000000,0.00000000,0.00000000,0.00000000,0.00000000,0.00000000,0.00000000,0.00000000,0.00000000,0.00000000,0.00000000,0.00000000,0.00000000,0.00000000,0.00000000,0.00000000,0.00000000,0.00000000,0.00000000,0.00000000,0.00000000,0.00000000,0.07647775,0.00000000,0.00000000,0.00000000,0.00000000,0.00000000,0.00000000,0.00000000,0.00000000,0.00000000,0.00000000,0.00000000,0.00000000,0.00000000,0.00000000,0.00000000,0.00000000,0.00000000,0.00000000,0.00000000,0.00000000,0.00000000,0.00000000,0.00299346,0.00000000,0.00000000,0.01291991,0.00000000,0.00000000,0.00000000,0.00000000,0.00000000,0.00000000,0.78153841,0.00000000,0.00000000,0.00000000,0.00000000,0.90947447,0.00000000,0.00000000,0.01433618,0.00000000,0.00000000,0.00000000,0.00000000,0.00000000,0.00000000,0.00000000,0.00000000,0.00000000,0.00000000,0.00000000,0.00000000,0.00000000,0.00000000,0.00000000,0.00000000,0.00000000,0.00000000,0.00000000,0.00000000,0.00000000,0.00000000,0.00000000,0.00000000,0.04583879,0.00000000,0.00000000,0.03957524,0.00000000,0.00000000,0.00000000,0.00000000,0.00000000,0.00000000,0.00000000,0.00000000,0.00000000,0.00000000,0.00000000,0.00000000,0.00000000,0.00000000,0.00000000,0.00000000,0.00000000,0.00110933,0.00000000,0.07874164,0.00000000,0.00000000,0.00000000,0.00000000,0.18135608,0.00000000,0.00000000,0.00000000,0.00943741,0.00146160,0.00000000,0.00000000,0.00000000,0.00000000,0.00000000,0.00000000,0.00000000,0.00000000,0.00000000,0.00000000,0.00000000,0.00000000,0.00000000,0.00000000,0.09235171,0.00000000,0.00181143,0.01922735,0.00000000,0.00000000,0.00152103,0.00000000,0.00000000,0.00201791,0.00000000,0.00000000,0.00000000,0.00000000,0.00000000,0.00000000,0.00000000,0.00000000,0.00000000,0.00000000,0.00000000,0.00000000,0.00000000,0.00580129,0.00000000,0.00000000,0.00000000,0.60108196,0.00000000,0.00000000,0.00000000,0.00000000,0.00000000,0.01353953,0.00000000,0.00000000,0.00000000,0.00000000,0.00000000,0.00000000,0.13999809,0.00000000,0.00000000,0.00000000,0.00000000,0.00000000,0.01632134,0.00000000,0.00000000,0.00000000,0.00000000,0.00000000,0.00000000,0.00000000,0.00000000,0.34626834,0.00000000,0.00000000,0.00000000,0.00000000,0.00000000,0.00000000,0.00000000,0.00000000,0.00000000,0.00000000,0.00000000,0.00000000,0.00000000,0.00000000,0.00000000,0.04726746,0.00000000,0.00000000,0.00000000,0.00000000,0.00000000,0.00355714,0.00000000,0.00000000,0.00000000,0.00000000,0.00000000,0.00000000,0.00000000,0.02800751,0.00000000,0.00000000,0.00000000,0.00000000,0.00000000,0.00000000,0.00000000,0.00000000,0.00000000,0.00000000,0.00000000,0.00000000,0.00000000,0.00000000,0.00000000,0.00000000,0.00000000,0.00000000,0.00000000,0.00000000,0.00000000,0.29841732,0.00000000,0.00000000,0.00000000,0.00000000,0.00000000,0.00930654,0.01651545,0.00000000,0.00000000,0.00000000,0.00790101,0.00000000,0.00000000,0.00000000,0.00000000,0.03650942,0.00000000,0.00000000,0.00000000,0.00000000,0.00000000,0.00000000,0.00167827,0.00000000,0.00000000,0.00000000,0.00000000,0.01275944,0.00000000,0.00000000,0.00000000,0.00000000,0.00000000,0.00000000,0.00000000,0.00000000,0.00000000,0.00000000,0.00000000,0.00000000,0.00000000,0.00000000,0.00000000,0.00000000,0.00000000,0.00000000,0.00000000,0.00000000,0.00000000,0.00000000,0.00000000,0.00000000,0.00142662,0.00000000,0.00000000,0.00403911,0.31045962,0.00000000,0.00000000,0.00000000,0.00096923,0.01101132,0.00000000,0.00000000,0.02088994,0.00000000,0.00000000,0.00000000,0.00000000,0.00000000,0.00313170,0.00000000,0.00000000,0.00000000,0.00000000,0.00000000,0.00590502,0.00000000,0.00000000,0.00308738,0.00000000,0.00000000,0.00000000,0.00000000,3.07656006,0.00000000,0.00000000,0.00334691,0.00000000,0.00000000,0.00647076,0.00253138,0.00000000,0.00000000,0.00000000,0.00000000,0.00000000,0.00000000,0.00000000,0.00297084,0.00000000,0.00000000,0.00000000,0.00074559,0.00000000,0.00000000,0.00160160,0.00000000,0.00000000,0.00000000,0.00273262,0.00000000,0.00000000,0.00000000,0.00000000,0.00000000,0.00000000,0.00000000,0.00000000,0.00000000,0.00000000,0.00000000,0.00000000,0.00000000,0.00000000,0.00000000,0.00000000,0.00000000,0.00000000,0.00000000,0.00000000,0.00000000,0.00000000,0.00000000,0.00000000,0.00000000,0.00000000,0.00000000,0.00000000,0.00000000,0.00000000,0.00151119,0.00567845,0.00285390,0.00000000,0.00000000,0.00000000,0.30705593,0.00000000,0.00000000,0.00000000,0.00000000,0.00000000,0.00000000,0.00000000,0.00000000,0.00709365,0.00000000,0.00427087,0.00000000,0.00000000,0.00000000,0.00000000,0.00000000,0.00000000,0.00000000,0.00000000,0.04067257,0.00000000,0.00000000,0.00000000,0.00000000,0.00000000,0.00000000,0.00000000,0.00000000,0.00000000,0.00000000,0.00000000,0.03567707,0.00000000,0.01109733,0.00000000,0.00000000,0.00000000,0.00000000,0.00000000,0.00000000,0.13511193,0.00000000,0.00000000,0.00000000,0.00000000,0.00000000,0.00000000,0.00000000,0.00000000,0.00000000,0.00000000,0.00000000,0.00000000,0.00000000,0.00000000,0.00000000,0.00000000,0.00000000,0.00000000,0.00000000,0.00000000,0.00000000,0.00000000,0.00000000,0.00000000,0.00000000,0.00000000,0.00000000,0.00000000,0.00000000,0.00000000,0.00000000,0.00000000,0.59384559,0.00000000,0.00058910,0.00000000,0.00000000,0.00000000,0.00000000,0.00000000,0.00000000,0.00000000,0.00000000,0.00125655,0.00000000,0.00534787,0.00000000,0.00000000,0.00000000,0.00000000,0.00000000,0.00000000,0.00000000,0.00000000,0.00000000,0.00000000,0.00000000,0.00000000,0.00000000,0.00000000,0.00000000,0.00000000,0.00000000,0.00000000,0.00000000,0.00000000,0.00000000,0.00000000,0.00000000,0.00000000,0.00000000,0.00000000,0.01359239,0.00000000,0.01856678,0.00000000,0.00000000,0.00000000,0.00000000,0.00000000,0.06989439,0.00000000,0.00000000,0.00000000,0.00000000,0.00167333,0.00000000,0.00000000,0.00000000,0.00000000,0.01660619,0.00000000,0.00000000,1.80344511,0.00000000,0.00000000,0.00000000,0.00000000,0.00000000,0.00000000,0.00000000,0.00000000,0.00000000,0.00000000,0.05460322,0.00000000,0.00000000,0.00000000,0.00000000,0.00000000,0.00145674,0.00000000,0.00000000,0.00000000,0.00000000,0.00000000,0.00000000,0.00947710,0.00000000,0.00000000,1.66897518,0.00000000,0.00000000,0.82103812,0.00000000,0.00000000,0.00000000,0.00000000,0.00000000,0.00000000,0.00000000,0.00000000,0.00000000,0.00000000,0.00000000,0.00000000,0.00281682,0.00000000,0.00000000,0.00000000,0.00000000,0.00000000,0.00000000,0.00000000,0.00000000,0.00000000,0.00000000,0.06007405,0.00129884,0.00000000,0.00000000,0.00000000,0.00000000,0.00000000,0.00000000,0.00000000,0.00976581,0.23252552,0.00000000,0.00000000,0.00000000,0.00000000,0.00123723,0.07395587,0.00000000,0.00000000,0.00000000,0.00000000,0.00000000,0.00000000,0.00000000,0.00000000,0.00000000,0.00000000,0.00000000,0.32825570,0.00000000,0.00000000,0.00000000,0.29737093
0.00000000,0.00000000,0.00000000,0.00191710,0.00000000,0.00000000,0.00000000,0.00000000,0.00000000,0.00000000,0.00000000,0.00000000,0.00000000,0.00000000,0.01038426,0.00000000,0.00000000,0.00927654,0.00000000,0.00203049,0.00000000,0.00000000,0.00000000,0.00000000,0.00000000,0.00000000,0.02081396,0.00000000,0.00000000,0.00000000,0.00000000,0.00000000,0.00000000,0.00000000,0.00000000,0.00000000,0.00000000,0.00000000,0.00123499,0.08615880,0.00000000,0.00000000,0.00000000,0.00504343,0.00000000,1.50300420,0.00000000,0.01740974,0.00000000,0.00000000,0.00000000,0.00000000,0.00000000,0.00222980,0.00000000,0.03308843,0.00000000,0.00000000,0.00000000,0.00000000,0.00724095,0.00000000,0.00000000,0.00000000,0.00000000,0.00000000,0.00000000,0.00000000,0.00000000,1.30776920,0.01198851,0.00000000,0.00000000,0.00000000,0.00000000,0.00000000,0.00000000,0.00000000,0.00000000,0.84487622,0.00000000,0.00000000,0.00000000,0.00000000,0.00000000,0.00000000,0.00000000,0.00000000,0.00000000,0.88809941,0.00000000,0.00000000,0.00000000,0.00000000,0.00000000,0.00000000,0.00000000,0.00000000,0.00000000,0.00000000,0.00000000,0.00000000,0.00000000,0.01892857,0.00000000,0.00000000,0.00000000,0.00000000,0.00000000,0.00356935,0.00000000,0.00000000,0.01258901,0.00000000,0.00000000,0.00000000,0.00000000,0.00000000,0.00000000,0.00000000,0.00000000,0.00000000,0.00000000,0.00000000,0.00000000,0.00273927,0.00000000,0.00000000,0.00000000,0.00000000,0.00000000,0.00000000,0.01069182,0.00000000,0.00000000,0.00000000,0.00000000,0.00000000,0.00000000,0.00000000,0.00000000,0.00000000,0.00000000,0.00000000,0.00000000,0.00000000,0.00000000,0.00000000,0.00901576,0.00000000,0.00000000,0.00000000,0.00514042,0.00000000,0.00000000,0.00000000,0.00000000,0.00000000,0.00000000,0.00000000,0.00000000,0.02434065,0.00000000,0.00000000,0.01113516,2.35470357,0.00000000,0.00000000,0.00000000,0.00216729,0.00000000,0.00000000,0.00000000,0.00387604,0.01309768,0.00000000,0.00000000,0.00000000,0.00000000,0.00000000,0.02229154,0.00000000,0.00000000,0.00000000,0.00000000,0.00000000,0.00000000,0.00000000,0.00000000,0.00000000,0.00000000,0.00000000,0.00000000,0.00106706,0.00000000,0.00000000,0.00000000,0.00000000,0.00000000,0.00000000,0.00000000,0.00000000,0.02030496,0.00000000,0.00588054,0.00000000,1.14710647,0.00000000,0.00000000,0.02977646,0.00000000,0.01157454,0.00000000,0.00000000,0.00000000,0.00000000,0.00000000,0.00000000,0.00000000,0.00000000,0.00000000,0.00000000,0.00000000,0.00000000,0.00000000,0.00000000,0.00000000,0.00000000,0.00000000,0.00681205,0.00000000,0.00136596,0.00000000,0.00000000,2.57575787,0.00000000,0.00000000,0.00000000,0.01840271,0.00000000,0.94085052,0.00000000,0.00000000,0.02756743,0.00000000,0.00000000,0.00000000,0.00000000,0.00000000,0.00000000,0.00000000,0.00000000,0.00000000,0.00000000,0.00000000,0.01561188,0.00000000,0.00000000,0.05607926,0.00000000,0.03001958,0.00000000,0.00000000,0.00000000,0.00000000,0.02053838,0.00000000,0.00000000,0.00000000,0.00000000,0.00000000,0.00000000,0.00000000,0.00000000,0.00000000,0.00000000,0.00000000,0.00000000,0.00000000,0.00000000,0.00000000,0.00000000,0.00000000,0.00000000,0.00000000,0.00000000,0.00000000,0.00000000,0.00000000,0.00000000,0.00000000,0.00000000,0.00000000,0.00000000,0.00000000,0.00190280,0.00000000,0.00000000,0.00000000,0.00000000,3.81045945,0.00000000,0.00384526,0.00000000,0.00000000,0.00000000,0.00000000,0.00000000,0.00000000,0.00736328,0.00000000,0.00000000,0.00000000,0.00000000,0.00000000,0.00000000,0.00000000,0.00000000,0.00000000,0.00000000,0.00000000,0.00000000,0.00000000,0.03498692,0.05192737,0.00000000,0.00000000,0.00333701,0.00000000,0.00000000,0.03066033,0.00000000,0.00000000,0.00000000,0.00000000,0.00000000,0.00163090,0.00000000,0.00000000,0.00000000,0.00000000,0.00000000,0.00000000,0.00000000,0.00000000,0.00000000,0.00000000,0.00000000,0.04313453,0.00000000,0.00000000,0.00000000,0.00000000,0.00000000,0.00000000,0.00000000,0.00000000,0.00534171,0.00000000,0.00000000,0.00000000,0.00000000,0.08348682,0.00000000,0.00000000,0.00000000,0.00000000,0.00000000,0.00000000,0.00000000,0.00000000,0.00000000,0.00000000,0.00000000,0.00000000,0.00000000,0.00000000,0.00000000,0.00000000,0.00000000,0.00000000,0.00000000,0.00000000,0.00000000,0.00000000,0.00000000,0.00271389,0.00000000,0.00000000,0.00000000,0.00000000,0.00000000,0.26916441,0.00000000,0.00000000,0.00000000,0.00000000,0.00000000,0.00000000,0.01913532,0.00000000,0.00000000,0.00000000,0.00000000,0.00000000,0.00000000,0.00000000,0.00000000,0.00000000,0.00000000,0.00000000,0.00000000,0.00000000,0.03304162,0.00886987,0.00000000,0.00000000,0.00469546,0.00000000,0.00000000,0.01780776,0.00000000,0.00000000,0.00000000,0.00000000,0.00492507,0.00000000,0.00000000,0.00000000,0.00000000,0.00000000,0.00000000,0.00000000,0.00000000,0.00000000,0.00461807,0.00000000,0.00000000,0.00000000,0.00000000,0.00000000,0.00000000,0.00000000,0.00000000,0.00368629,0.07150910,0.00000000,0.00000000,0.00000000,0.00000000,0.04289166,0.00000000,0.00000000,0.00000000,0.00000000,0.02804009,0.00000000,0.00000000,0.00000000,0.00000000,0.00000000,0.00000000,0.00000000,0.00000000,0.00291363,0.00000000,0.00000000,0.00000000,0.00000000,0.00000000,0.00000000,0.00000000,0.00000000,4.66310835,0.00000000,0.00000000,0.00000000,0.00000000,0.00000000,0.00000000,0.00000000,0.01084382,0.00000000,0.00000000,0.00318001,0.00000000,0.00000000,0.00000000,0.00000000,0.00000000,0.00000000,0.00000000,0.00000000,0.00000000,0.00000000,0.01506716,0.00000000,0.00000000,0.00000000,0.00000000,0.00000000,0.00000000,0.00000000,0.00504556,0.00000000,0.00000000,0.00000000,0.00000000,0.00000000,0.00000000,0.00000000,0.00000000,0.00000000,0.00000000,0.00000000,0.00000000,0.00000000,0.00000000,0.00000000,0.00000000,0.00000000,0.00000000,0.00000000,0.00471907,0.00000000,0.00000000,0.24500337,0.00000000,0.00000000,0.00000000,0.00340682,0.00000000,0.00000000,0.00000000,0.00000000,0.07147480,0.00000000,0.00255772,0.00000000,0.00000000,0.00000000,0.00000000,0.45113743,0.00000000,0.11344503,0.00000000,0.00000000,0.00000000,0.00000000,0.00000000,0.00000000,0.00000000,0.00000000,0.00000000,0.07396863,0.00000000,0.01468221,0.00000000,0.00000000,0.00000000,0.00000000,0.00000000,0.00000000,0.00000000,0.00513508,0.00000000,0.00000000,0.00000000,0.00000000,0.00000000,0.00000000,0.00000000,0.00000000,0.00000000,0.00000000,0.14568595,0.00000000,0.00000000,0.00000000,0.00000000,0.00198927,0.00000000,0.00000000,0.00000000,0.00000000,0.00000000,0.00000000,0.00000000,0.00000000,0.00000000,0.07267566,0.00000000,0.00000000,0.00000000,0.00000000,0.00000000,0.00000000,0.00000000,0.00000000,0.00000000,0.00000000,0.00000000,0.00334513,0.00000000,0.00000000,0.00000000,0.00000000,0.00000000,0.00000000,0.00000000,0.00000000,0.00000000,0.00000000,0.00000000,0.00000000,0.00000000,0.00000000,0.00000000,0.01372709,0.00000000,0.00000000,0.00000000,0.06258854,0.00000000,0.00120335,0.00000000,0.00000000,0.00000000,0.00086211,0.00177217,0.00000000,0.00000000,0.00000000,0.00000000,0.00000000,0.00000000,0.00000000,0.00000000,0.00000000,0.00000000,0.00000000,0.00000000,0.00000000,0.00000000,0.00000000,0.00000000,0.00000000,0.00000000,0.00000000,0.00000000,0.00000000,0.00000000,0.00000000,0.00000000,0.00571835,0.00000000,0.00000000,0.00000000,0.01831684,0.00344159,0.00061086,0.00000000,0.00000000,0.00000000,0.00000000,0.00000000,0.00000000,0.00000000,2.03156860,0.00000000,0.00000000,0.00000000,0.00000000,0.00000000,0.00000000,0.00000000,0.00000000,0.00000000,0.00000000,0.00000000,0.00000000,0.00000000,0.00000000,0.00000000,0.00000000,0.00000000,0.00000000,0.00000000,0.00000000,0.00000000,0.00000000,0.00000000,0.00000000,0.00000000,0.06551356,0.00000000,0.00000000,0.00000000,0.00000000,0.00000000,0.00525158,0.00000000,0.00000000,0.00000000,0.00000000,0.00000000,0.00000000,0.00000000,0.00000000,0.00000000,0.00000000,0.00000000,0.00000000,0.00229500,0.00000000,0.00000000,0.00000000,0.00508500,0.00000000,0.00000000,0.00000000,0.00000000,0.00000000,0.00000000,0.00000000,0.00000000,0.00000000,0.00000000,0.00000000,0.00000000,0.00000000,0.00000000,0.00000000,0.00000000,0.00000000,0.00000000,0.02677575,0.00000000,0.00000000,0.00000000,0.00000000,0.00000000,0.00000000,0.00000000,0.00000000,0.00000000,0.00000000,0.00000000,0.00000000,0.00000000,0.00364394,0.00000000,0.00000000,0.02607464,0.00000000,0.00000000,0.00000000,0.00422495,0.00000000,0.00000000,0.00000000,0.00000000,0.00000000,0.00000000,0.00912875,0.00000000,0.02528891,0.00000000,0.00000000,0.00000000,0.00000000,0.00000000,0.00000000,0.00000000,0.00000000,0.00000000,0.00000000,0.00000000,0.00000000,0.00000000,0.00000000,0.00000000,0.00000000,0.00000000,0.00000000,0.00000000,0.00000000,0.00000000,0.00000000,0.00000000,0.00142607,0.00000000,0.00000000,0.00000000,0.56149832,0.00000000,0.00000000,0.00000000,0.00000000,0.00000000
0.00000000,0.00000000,0.00160636,0.00000000,0.00836701,0.00000000,0.00000000,0.00000000,0.00000000,0.00000000,0.00000000,0.00332166,0.00000000,0.00281586,0.00000000,0.00000000,0.00611611,0.00000000,0.00000000,0.00000000,0.00000000,0.00000000,0.00000000,0.00000000,0.00000000,0.00000000,0.00063001,0.00000000,0.00000000,0.00000000,0.00000000,0.00000000,0.00000000,0.00254787,0.00000000,0.00157394,0.00000000,0.00000000,0.00000000,0.00000000,0.00000000,0.00000000,0.00000000,0.00000000,0.00000000,0.01633470,0.00000000,0.00000000,0.02494062,0.00000000,0.00000000,0.00000000,0.00000000,0.00000000,0.00000000,0.00000000,0.00000000,0.00000000,0.00000000,0.00000000,0.00000000,0.04328423,0.00000000,0.00000000,0.00000000,0.00000000,0.20783975,0.00000000,0.00000000,0.00000000,0.01008053,0.00000000,0.00000000,0.00000000,0.00000000,0.00000000,3.70171869,0.00000000,0.00000000,0.00000000,0.00000000,0.00000000,0.00000000,0.00000000,0.00000000,0.01255474,0.00000000,0.00000000,0.00000000,0.00000000,0.00000000,0.00000000,0.00000000,0.00000000,0.00000000,0.00000000,0.00000000,0.00000000,0.00000000,0.00000000,0.00000000,0.00000000,0.00000000,0.00000000,0.00000000,0.00000000,0.00000000,0.00000000,0.00000000,0.00000000,0.00000000,0.00000000,0.00000000,0.02202476,0.00000000,0.00000000,0.00000000,0.00000000,0.00000000,0.00000000,0.00000000,0.01054871,0.00000000,0.00939744,0.00000000,0.00000000,0.00000000,0.00000000,0.00000000,0.00000000,0.00000000,0.00000000,0.00000000,0.00000000,0.00000000,0.00000000,0.00000000,0.00000000,0.00000000,0.00000000,0.00000000,0.00000000,0.00000000,0.00000000,0.00000000,0.00000000,0.00000000,0.00615888,0.00000000,0.00000000,0.00000000,0.00000000,0.00000000,0.00000000,0.00000000,0.00000000,0.00000000,0.00000000,0.00000000,0.00000000,0.00000000,0.00000000,0.00000000,0.00000000,0.00000000,0.00137334,0.00000000,0.00000000,0.00000000,0.00000000,0.00000000,0.00000000,0.00000000,0.00000000,0.00000000,0.01488082,0.00000000,0.00000000,0.00000000,0.00000000,0.00000000,0.00000000,0.00000000,0.01655696,0.00000000,0.00000000,0.00000000,0.00000000,0.00000000,0.00000000,0.00000000,0.00154311,0.05780109,0.00164346,0.00201883,0.00000000,0.00000000,0.00000000,0.00000000,0.00280635,0.00439674,0.00000000,0.00000000,0.00000000,0.00000000,0.00000000,0.00000000,0.00000000,0.00000000,0.00000000,0.00000000,0.00000000,0.00000000,0.00171125,0.00000000,0.00000000,0.00000000,0.00000000,0.00000000,0.00000000,0.00000000,0.00000000,0.00000000,2.15761558,0.00000000,0.00000000,0.00000000,0.70978872,0.00000000,0.00000000,0.00000000,0.00000000,0.50380041,0.54168590,0.00000000,0.00000000,0.00000000,0.00000000,0.00000000,0.00000000,0.00000000,0.00000000,0.00000000,0.00000000,0.00331979,0.00000000,0.00000000,0.02926394,0.00000000,0.00000000,0.00990684,0.00000000,0.00000000,0.00000000,0.00000000,0.00000000,0.00000000,0.00000000,0.00000000,0.00000000,0.00000000,0.00142764,0.00000000,0.00000000,0.00000000,0.00000000,0.00000000,0.00000000,0.00000000,0.00000000,0.00000000,0.00000000,0.00115687,0.00000000,0.00000000,0.00000000,0.00000000,0.00000000,0.03861048,0.00000000,0.00000000,0.00000000,0.00601297,0.00000000,0.00000000,0.00000000,0.00000000,0.00000000,0.00000000,0.00000000,0.00000000,0.00000000,0.00000000,0.00000000,0.00000000,0.00000000,0.00000000,0.00000000,0.00000000,0.00000000,0.00000000,0.00000000,0.14616767,0.00000000,0.00000000,0.00000000,0.01354398,0.00000000,0.00000000,1.54407705,0.00097370,0.00000000,0.00185341,0.00766728,0.26528604,0.00000000,0.00173827,0.00000000,0.00000000,0.00000000,0.00000000,0.00000000,0.00000000,0.19534441,0.00000000,0.00000000,0.00000000,0.00000000,0.00000000,0.00000000,0.00000000,0.00000000,0.00000000,0.00000000,0.00000000,0.00000000,0.00000000,0.00000000,0.00000000,0.00000000,0.11648678,0.00000000,0.01196525,0.00000000,0.00000000,0.00000000,0.00220616,0.00000000,0.00000000,0.00000000,0.02578650,0.04333715,0.00000000,0.01155825,0.00000000,0.00083745,0.01241838,0.02509489,0.00000000,0.00000000,0.02446844,0.00000000,0.00770403,0.00000000,0.00000000,0.00000000,0.00000000,0.00000000,0.00000000,0.00000000,0.00148934,0.00000000,0.00000000,0.00000000,0.00000000,0.00000000,0.00000000,0.00000000,0.00000000,0.00000000,0.00000000,0.00000000,0.00000000,0.00000000,0.00000000,0.00000000,0.00000000,0.00000000,0.00000000,0.00000000,0.00000000,0.00000000,0.00000000,0.00233569,0.00000000,0.00216899,0.00416294,0.02581516,0.00000000,0.00000000,0.00000000,0.00000000,0.00000000,0.00000000,0.00280412,0.00000000,0.00000000,0.00000000,0.00000000,0.00000000,0.00000000,0.00000000,0.00000000,0.00000000,0.00000000,0.00000000,0.00000000,0.00000000,0.00000000,0.00286469,0.00000000,0.00000000,0.00000000,0.04271248,0.00000000,0.00000000,0.00000000,0.00000000,0.00000000,0.00000000,0.00000000,0.00282632,0.00000000,0.00000000,0.00000000,0.00000000,0.00000000,0.00000000,0.00000000,0.00000000,0.00000000,0.00561317,0.00000000,0.21833414,0.00000000,0.00505980,0.00000000,0.00000000,0.30112459,0.00000000,0.00000000,0.00000000,0.00000000,0.00000000,0.00000000,0.00000000,0.00000000,0.00000000,0.00000000,0.00000000,0.00000000,0.00000000,0.00000000,0.00000000,0.00000000,0.00000000,0.00000000,0.00000000,0.00000000,0.00000000,0.00000000,0.00000000,0.00000000,0.00000000,0.00000000,0.00000000,0.00000000,0.00000000,0.00000000,0.00000000,0.00000000,0.00000000,0.00000000,0.00000000,0.00000000,0.00530616,0.00000000,0.00000000,0.01604575,1.66621288,0.00000000,0.02737202,0.00000000,0.00000000,0.00248975,0.00000000,0.00150697,0.00000000,0.00400233,0.00000000,0.00000000,0.00000000,0.00000000,0.00000000,0.00000000,0.00000000,0.00000000,0.00000000,0.00000000,0.00000000,0.00000000,0.00000000,0.00000000,0.00000000,0.00000000,0.00000000,0.00000000,0.00000000,0.00000000,0.00000000,0.00000000,0.00000000,0.00000000,0.00000000,0.00000000,0.00000000,0.00000000,0.00000000,0.00000000,0.00000000,0.00000000,0.00000000,0.00000000,0.00000000,0.00000000,0.00000000,0.00000000,0.00000000,0.00000000,0.00000000,0.00000000,0.00000000,0.00000000,0.00164873,0.00000000,0.00000000,0.00456136,0.00000000,0.00000000,0.00000000,0.00095693,0.00000000,0.00000000,0.00000000,0.00000000,0.00000000,0.00000000,0.00000000,0.00000000,0.00359238,0.00000000,0.00000000,0.00000000,0.00000000,0.00000000,0.00000000,0.00000000,0.00000000,0.00000000,0.00000000,0.00000000,0.00000000,0.00000000,0.00000000,0.00000000,0.00000000,0.00000000,0.00000000,0.00000000,0.00000000,0.00000000,0.00000000,0.00000000,0.00000000,0.00000000,0.00000000,0.00000000,0.00000000,0.00000000,0.00000000,0.00000000,0.00000000,0.00000000,0.00000000,0.00000000,0.00000000,0.00000000,0.00000000,0.00000000,0.00000000,0.00000000,0.00000000,0.00000000,0.00000000,0.00000000,0.10328183,0.00000000,0.00000000,0.00000000,0.00000000,0.00000000,0.00000000,0.00000000,0.00873648,0.00000000,0.00000000,0.00000000,0.01201938,0.00000000,0.00833726,0.00000000,0.00000000,0.90973681,0.01000756,0.00044015,0.00000000,0.00000000,0.00000000,0.00000000,0.00000000,0.00000000,0.00000000,0.00000000,0.00000000,0.00000000,0.00000000,0.00000000,0.01012335,0.00000000,0.00000000,0.00000000,0.00000000,0.00000000,0.00000000,0.00000000,0.00000000,0.00000000,0.00000000,0.00000000,0.00000000,0.00000000,0.00000000,0.00000000,0.00000000,0.00000000,0.00000000,0.00000000,0.07463902,0.00000000,0.00000000,0.13220682,0.00000000,0.00000000,0.17694061,0.02752375,0.00000000,0.00000000,0.00000000,0.00000000,0.00000000,0.00000000,0.00000000,0.00000000,0.00000000,0.00000000,0.00000000,0.00000000,0.01379538,0.00000000,0.00000000,0.00000000,0.00636759,0.00000000,0.00000000,0.00000000,0.00000000,0.00000000,0.00102208,0.00000000,0.00000000,0.00000000,0.00547049,0.00642127,0.00000000,0.00000000,0.00000000,0.00000000,0.00000000,0.00000000,0.00000000,0.00000000,0.00000000,0.00000000,0.00729832,0.00000000,0.00000000,0.00000000,0.00000000,0.00000000,0.00000000,0.00000000,0.00625131,0.00000000,0.00000000,0.00000000,0.00000000,0.00000000,0.01263707,0.00000000,0.01661619,0.00000000,0.00000000,0.00000000,0.00000000,0.00000000,0.00000000,0.00000000,0.00000000,0.00000000,0.00000000,0.00000000,0.00000000,0.00000000,0.00000000,0.00000000,0.00634126,0.00000000,0.00000000,0.00000000,0.00000000,0.00313352,0.00000000,0.00000000,0.00000000,0.00000000,0.00000000,0.00000000,0.00000000,0.02945688,0.78222191,0.00000000,0.00000000,0.00000000,0.00000000,0.00000000,0.00000000,0.00000000,0.00000000,0.00000000,0.00000000,0.00000000,0.00000000,0.00000000,0.00000000,0.00000000,0.00000000,0.00000000,0.00000000,0.00000000,0.00000000,0.00000000,0.00000000,0.20867608,0.00000000,0.00000000,0.00000000,0.00000000,0.00000000,0.00179849,0.00000000,0.00202760,0.00000000,0.00000000,0.00000000,0.00000000,0.00000000,0.00000000,0.00000000,0.19435993,0.00000000,0.00000000,0.00000000,0.00000000,0.00000000,0.00000000,0.00535244,0.00000000,0.00000000,0.00000000,0.00000000
0.02713587,0.00000000,0.00000000,0.00000000,0.00000000,0.00000000,0.00000000,0.00000000,0.00000000,0.00000000,0.00000000,0.00000000,0.00000000,0.00863131,0.00000000,0.00000000,0.01138306,0.00000000,0.00000000,0.00000000,0.00000000,0.00000000,0.00000000,0.00000000,0.00000000,0.00358850,0.00000000,0.00000000,0.00000000,0.00000000,0.00000000,0.00000000,0.00000000,0.00000000,0.00000000,0.00000000,0.00000000,0.00000000,0.00000000,0.00000000,0.00000000,0.00000000,0.00000000,0.00000000,0.00000000,0.00000000,0.00387316,0.00000000,0.00000000,0.00000000,0.00000000,0.00000000,0.00000000,0.00000000,0.00000000,0.00413198,0.00000000,0.02168862,0.00000000,0.00000000,0.00000000,0.00000000,0.00000000,0.00000000,0.00000000,0.00000000,0.00000000,0.00000000,0.00000000,0.00000000,0.00000000,0.00000000,0.00000000,0.00000000,0.00000000,0.07946779,0.00000000,0.00000000,0.00000000,0.00785939,0.00000000,0.00068060,0.00459780,0.00000000,0.00000000,0.00000000,0.00000000,0.00000000,0.00000000,0.00382604,0.00000000,0.00537747,0.00000000,0.00000000,0.00000000,0.00000000,0.00000000,0.00000000,0.00000000,0.00000000,0.08386314,0.00000000,0.00000000,0.00000000,0.00000000,0.00000000,0.00000000,0.00356935,0.00000000,0.00000000,0.00207993,0.00000000,0.00000000,0.00000000,0.07694910,0.00000000,0.00000000,0.00000000,0.00000000,0.01183771,0.00000000,0.00000000,0.00000000,0.00889415,0.00000000,0.00000000,0.00000000,0.00000000,0.00000000,0.00000000,0.00000000,0.00000000,0.00288250,0.00000000,0.00374843,0.00000000,0.00000000,0.00000000,0.00000000,0.00000000,0.00000000,0.00000000,0.00000000,0.00000000,0.00000000,0.00233578,0.00000000,0.00000000,0.01294692,0.00000000,0.00000000,0.00000000,0.00000000,0.00000000,0.00000000,0.00000000,0.00000000,0.00000000,0.16070286,0.00000000,0.00000000,0.00000000,0.00000000,0.00000000,0.00000000,0.00000000,0.00000000,0.00000000,0.00000000,0.00000000,0.00000000,0.00000000,0.00101807,0.00000000,0.00000000,0.00000000,0.00763308,0.00000000,0.00000000,0.00000000,0.00000000,0.00000000,0.00000000,0.00000000,0.00000000,0.00210989,0.00000000,0.00000000,0.00000000,0.00000000,0.00000000,0.00000000,0.00107111,0.00000000,0.00315683,0.00000000,0.00000000,0.00000000,0.00000000,0.00000000,0.00000000,0.00000000,0.00000000,0.00000000,0.00000000,0.00000000,0.00000000,0.00000000,0.00000000,0.00000000,0.00000000,0.00000000,0.00000000,0.00000000,0.01386560,0.00000000,0.00000000,0.00000000,0.00000000,0.00000000,0.00000000,0.00000000,0.00000000,0.00000000,0.00000000,0.00000000,0.00000000,0.00000000,0.01177572,0.00000000,0.00000000,0.00000000,0.00238875,0.00000000,0.00157345,0.00000000,0.00000000,0.00000000,0.00000000,0.00000000,0.01641843,0.00000000,0.00000000,0.00000000,0.00000000,0.00000000,0.00000000,0.00000000,0.00000000,0.00000000,0.00000000,0.00000000,0.00000000,0.00000000,0.00000000,0.00000000,0.00000000,0.00000000,0.00000000,0.00000000,0.00000000,0.00000000,0.00000000,0.00000000,0.00000000,0.00000000,0.00000000,0.00000000,0.00000000,0.00000000,0.00000000,0.00808552,0.00000000,0.02205761,0.00000000,0.00000000,0.00000000,0.00000000,0.00000000,0.00000000,0.00000000,0.00000000,0.00000000,0.00000000,0.00000000,0.00000000,0.00000000,0.00000000,0.00000000,0.00000000,0.00000000,0.00000000,0.00194112,0.00000000,0.00000000,0.00000000,0.00000000,0.00000000,0.00000000,0.00000000,0.00000000,0.00000000,0.00000000,0.00000000,0.00000000,0.00000000,0.00000000,0.00000000,0.00000000,0.00000000,0.00000000,0.00000000,0.00000000,0.00000000,0.00000000,0.00000000,0.00000000,0.00000000,0.00000000,0.00000000,0.00000000,0.00000000,0.00000000,0.00000000,0.00000000,0.00000000,0.13138194,0.01316348,0.00000000,0.00000000,0.00000000,0.00105360,0.00000000,0.48291361,0.00000000,0.00000000,0.00000000,0.00000000,0.00000000,0.00000000,0.00000000,0.00000000,0.00000000,0.02444408,0.00000000,0.00000000,0.00000000,0.00000000,0.00195059,0.00000000,0.00000000,0.00000000,0.00000000,0.00000000,0.00599163,0.00000000,0.01493163,0.00000000,0.00000000,0.00000000,0.00000000,0.00000000,0.00000000,0.00000000,0.00000000,0.00000000,0.00425673,0.00000000,0.00062350,0.00000000,0.00000000,0.00000000,0.00000000,0.00000000,0.00295451,0.00000000,0.00000000,0.00000000,0.00000000,0.00000000,0.00000000,0.00000000,0.01250440,0.00000000,0.00000000,0.00000000,0.00000000,0.00000000,0.00000000,0.00000000,0.00000000,0.00000000,0.00000000,0.01160405,0.00000000,0.00000000,0.04262536,0.00000000,0.00000000,0.00000000,0.00000000,0.00000000,0.00000000,0.00000000,0.00000000,0.00444080,0.00000000,0.00000000,0.00000000,0.00000000,0.00000000,0.00000000,0.00000000,0.00000000,0.00000000,0.00000000,0.00000000,0.00000000,0.00000000,0.00000000,0.00000000,0.00000000,0.00639162,0.00000000,0.00000000,0.00000000,0.00000000,0.00000000,0.00000000,0.00572497,0.00000000,0.00000000,0.00205374,0.00000000,0.00000000,0.00000000,0.00000000,0.00000000,0.00000000,0.00000000,0.00000000,0.00000000,0.00000000,0.00000000,0.00000000,0.00000000,0.00000000,0.00000000,0.00000000,0.00521874,0.00000000,0.00000000,0.00000000,0.00000000,0.00551020,0.01471640,0.00000000,0.00000000,0.00133943,0.00000000,0.01031555,0.00000000,0.00000000,0.00000000,0.00000000,0.00000000,0.00000000,0.00471952,0.00000000,0.02150472,0.00000000,0.00000000,0.01058146,0.00000000,0.00000000,0.00000000,0.00000000,0.00000000,0.00000000,0.00000000,0.00000000,0.00000000,0.00000000,0.00000000,0.00000000,0.00000000,0.00000000,0.00000000,0.00174633,0.00000000,0.00000000,0.00000000,0.00000000,0.00000000,0.00000000,0.00000000,0.00251404,0.00000000,0.00085401,0.00000000,0.00000000,0.00000000,0.00000000,0.00000000,0.00000000,0.00000000,0.00000000,0.07851925,0.00357755,0.00000000,0.00000000,0.00000000,0.00531966,0.00000000,0.00000000,0.01853917,0.00000000,0.00000000,0.00000000,0.00000000,0.00000000,0.00000000,0.00000000,0.00000000,0.00000000,0.00000000,0.00000000,0.00000000,0.00000000,1.27292235,0.00000000,0.00000000,0.00000000,0.00000000,0.00000000,0.00000000,0.00000000,0.00000000,0.00000000,0.00000000,0.00000000,0.00000000,0.00000000,0.00000000,0.00635520,0.00000000,0.00000000,0.00000000,0.00000000,0.00000000,0.00000000,0.00000000,0.00271298,0.00000000,0.00000000,0.00000000,0.00000000,0.00000000,0.00000000,0.00000000,0.00000000,0.00000000,0.00000000,0.00000000,0.00000000,0.00000000,0.80721911,0.00000000,0.00000000,0.24918685,0.00000000,0.00000000,0.00000000,0.03067008,0.00000000,0.01122847,0.00000000,0.00000000,0.00000000,0.00000000,0.00000000,0.00000000,0.00000000,0.00000000,0.00000000,0.00000000,0.03273486,0.00000000,0.00000000,0.00000000,0.00000000,0.00000000,0.00000000,0.00000000,0.00000000,0.00000000,0.00000000,0.00000000,0.00000000,0.00000000,0.00000000,0.00000000,0.00000000,0.00000000,0.00000000,0.00000000,0.01277139,0.00000000,0.00000000,0.06289008,0.00000000,0.00000000,0.00000000,0.00000000,0.00000000,0.00000000,0.00000000,0.00552980,0.00000000,0.00000000,0.00000000,0.03508999,0.00000000,0.00000000,0.00000000,0.00000000,0.00000000,0.00000000,0.00000000,0.00000000,0.00000000,0.00000000,0.04080599,0.05248858,0.00000000,0.00000000,0.00000000,0.00000000,0.00000000,0.02987994,0.00000000,0.00000000,0.00000000,0.00000000,0.00000000,0.00000000,0.00000000,0.00000000,0.00000000,0.00000000,0.00000000,0.00664562,0.00000000,0.00000000,0.00000000,0.00000000,0.00000000,0.00000000,0.00000000,0.00000000,0.00000000,0.00302901,0.00000000,0.00000000,0.00000000,0.00669437,0.00000000,0.00000000,0.00000000,0.00000000,0.00000000,0.00000000,0.00579112,0.00000000,0.00000000,0.00000000,0.00000000,0.00000000,0.00966641,0.00000000,0.00090482,0.00551219,0.02590327,0.00000000,0.00000000,0.00000000,0.00000000,0.00000000,0.00000000,0.00000000,0.00000000,0.00000000,0.00000000,0.00000000,0.00124970,0.00085073,0.00081419,0.00000000,0.00000000,0.00000000,0.00000000,0.00000000,0.00000000,0.00344083,0.00000000,0.00000000,0.00000000,0.00000000,0.00000000,0.00000000,0.00000000,0.00000000,0.00000000,0.00000000,0.00000000,0.00000000,0.00000000,0.00000000,0.00000000,0.11290045,0.00890343,0.03203903,0.00000000,0.00000000,0.00000000,0.00000000,0.00000000,0.00000000,0.00000000,0.00000000,0.00000000,0.00807667,0.00000000,0.05957528,0.00000000,0.02843869,0.00000000,0.00000000,0.00000000,0.00000000,0.00282797,0.00000000,0.18843587,0.00000000,0.00000000,0.00000000,0.00000000,0.00000000,0.00000000,0.00000000,0.00000000,0.00000000,0.00000000,0.00000000,0.00871942,0.00000000,0.00000000,0.00000000,0.00000000,0.00000000,0.00235308,0.00000000,0.00000000,0.00000000,0.04755418,0.00000000,0.00000000,0.00000000,0.00000000,0.01031990,0.09825851,0.00000000,0.00000000,0.00000000,0.00000000,0.00795209,0.00000000,0.00000000,0.00000000,0.00000000,0.00000000,0.00000000,0.00000000,0.00000000,0.00000000,0.00000000,0.00000000,0.00000000,0.09170693,0.00000000,0.00404768,0.00000000,0.00000000,0.00000000,0.00000000,0.00000000,0.00000000,0.11808062,0.00000000,0.00000000
0.00000000,0.00602087,0.00000000,0.00256797,0.00000000,0.00000000,0.00000000,0.00000000,0.00000000,0.00000000,0.00000000,0.00000000,0.00000000,0.00000000,0.10417689,0.00000000,0.00000000,0.00000000,0.01918902,0.00000000,0.00000000,0.00000000,0.00000000,0.00000000,0.00000000,0.00000000,0.00000000,0.00000000,0.00000000,0.16411247,0.00000000,0.00000000,0.03983832,0.00000000,0.00000000,0.00000000,0.00238239,0.00000000,0.00000000,0.00000000,0.01396213,0.00000000,0.00000000,0.00000000,0.00000000,0.00000000,0.00000000,0.00158628,0.00000000,0.00735830,0.00000000,0.00000000,0.00191160,0.36489586,0.00000000,0.00178256,0.00000000,0.00000000,0.00000000,0.00000000,0.00000000,0.00000000,0.00000000,0.00000000,0.00000000,0.00000000,0.00000000,0.00000000,0.00000000,0.00000000,0.00000000,0.00000000,0.54773238,0.00000000,0.00000000,0.00000000,0.00000000,0.00000000,0.00000000,0.00000000,0.00000000,0.05596396,0.00000000,0.00000000,0.03965700,0.00000000,0.00000000,0.00000000,0.00000000,0.00000000,0.00000000,0.00000000,0.00000000,0.00000000,0.00000000,0.00000000,0.00000000,0.00000000,0.00000000,0.07344657,0.00000000,0.00000000,0.00000000,0.00000000,0.00000000,1.27857091,0.00000000,0.00000000,0.00000000,0.00207993,0.00000000,0.00000000,0.00000000,0.00000000,0.00431391,0.00000000,0.00000000,0.00000000,0.00000000,0.00000000,0.00000000,0.00000000,0.00000000,0.00000000,0.00000000,0.00000000,0.00000000,0.00000000,0.00000000,0.01132125,0.00000000,0.00156937,0.00000000,0.00000000,0.00872635,0.00831662,0.00000000,0.00000000,0.00000000,0.00000000,0.00000000,0.00000000,0.00000000,0.00000000,0.00000000,0.00000000,0.00422827,0.00000000,0.00000000,0.00000000,0.00000000,0.00302425,0.00000000,0.00000000,0.00000000,0.00000000,0.00000000,0.00000000,0.00000000,0.00000000,0.00000000,0.00000000,0.00000000,0.00000000,0.00000000,0.00000000,0.00000000,0.00000000,0.00000000,0.00000000,0.01716865,0.00000000,0.00909109,0.00000000,0.00000000,0.00000000,0.00000000,0.00000000,0.00000000,0.00000000,0.00000000,0.00000000,0.00632307,0.00000000,0.00000000,0.00000000,0.00000000,0.00000000,0.00000000,0.00000000,0.00000000,0.00000000,0.00000000,0.00000000,0.00000000,0.00000000,0.01863980,0.00000000,0.00000000,0.00000000,0.00000000,0.00174865,0.00000000,0.00000000,0.00000000,0.01260457,0.00000000,0.00000000,0.00000000,0.00000000,0.00283327,0.00000000,0.00000000,0.00000000,0.00000000,0.00000000,0.00000000,0.00000000,0.00000000,0.00000000,0.00000000,0.00000000,0.00000000,0.00000000,0.00000000,0.00000000,0.00000000,0.00095952,0.00000000,0.00000000,0.00000000,0.00000000,0.03179243,0.00000000,0.00263361,0.00069787,0.00000000,0.00000000,0.00000000,0.00000000,0.00000000,0.00000000,0.02182753,0.00000000,0.00000000,0.00000000,0.00000000,0.00000000,0.00000000,0.00000000,0.00396329,0.00000000,0.00000000,0.00000000,0.00000000,0.00000000,0.00000000,0.00000000,0.00000000,0.00448704,0.00000000,0.00000000,0.00000000,0.00000000,0.00000000,0.04500315,0.00000000,0.00871689,0.00093079,0.00000000,0.00000000,0.00219508,0.00000000,0.00000000,0.00125489,0.00000000,0.00206137,0.00000000,0.00000000,0.00000000,0.00000000,0.00000000,0.00000000,0.00000000,0.00000000,0.00000000,0.00000000,0.00000000,0.00000000,0.00000000,0.00000000,0.00000000,0.00000000,0.00051157,0.00000000,0.00000000,0.00000000,0.00000000,0.00000000,0.00000000,0.01570290,0.00000000,0.00000000,0.00000000,0.00000000,0.00000000,0.00000000,0.00000000,0.00000000,0.00000000,0.00000000,0.00000000,0.00000000,0.00000000,0.00000000,0.00000000,0.00599015,0.00000000,0.00000000,0.00000000,0.00000000,0.00000000,0.00000000,0.00000000,0.00000000,0.00087983,0.00000000,0.00000000,0.00000000,0.00000000,0.00000000,0.00000000,0.00000000,0.00756712,0.00000000,0.00000000,0.00000000,0.00058719,0.00000000,0.00000000,0.00000000,0.00000000,0.00000000,0.00000000,0.00000000,0.00000000,0.00000000,0.00000000,0.00000000,0.00000000,0.00000000,0.00000000,0.00000000,0.00000000,0.00000000,0.00000000,0.00000000,0.00000000,0.00000000,0.00000000,0.01660336,0.02733947,0.00000000,0.00000000,0.00000000,0.00000000,0.00000000,0.00000000,0.00000000,0.00000000,0.00000000,0.00000000,0.00000000,0.06522224,0.00282979,0.00000000,0.00000000,0.00000000,0.00000000,0.00231544,0.00000000,0.00000000,0.00000000,0.00145938,0.00000000,0.01440182,0.00000000,0.00000000,0.00000000,0.00000000,0.00000000,0.00000000,0.00000000,0.00000000,0.08853890,0.00000000,3.63168170,0.00000000,0.00000000,0.00000000,0.00000000,0.00000000,0.00000000,0.00000000,0.00000000,0.00000000,0.00000000,0.00000000,0.00000000,0.00000000,0.00000000,0.00000000,0.00000000,0.00000000,0.00000000,0.00000000,0.00000000,0.00000000,0.00000000,0.00000000,0.00000000,0.00000000,0.00000000,0.00000000,0.00000000,0.00876966,0.00000000,0.00000000,0.00000000,0.00000000,0.00000000,0.00000000,0.00000000,0.00000000,0.00000000,0.00000000,0.00000000,0.00000000,0.00000000,0.00000000,0.00000000,0.00000000,0.00000000,0.00000000,0.02383324,0.00000000,0.03148993,0.00000000,0.00000000,0.00000000,0.00000000,0.00000000,0.00806630,0.00000000,0.00000000,0.00000000,0.00521934,0.00000000,0.00059766,0.00000000,0.00000000,0.00000000,0.00000000,0.00000000,0.00402442,1.10328885,0.00000000,0.00000000,0.00000000,0.00000000,0.00000000,0.00000000,0.00000000,0.00000000,0.00000000,0.00000000,0.00000000,0.00000000,0.00000000,0.00000000,0.00000000,0.00000000,0.00000000,0.01859093,0.00000000,0.00000000,0.00000000,0.00000000,0.00000000,0.00000000,0.00000000,0.00000000,0.00266372,0.00000000,0.00000000,0.01637251,0.00000000,0.00000000,0.00000000,0.00000000,0.00000000,0.00000000,0.00000000,0.00000000,0.00000000,0.00000000,0.00000000,0.00000000,0.00000000,0.00000000,0.00000000,0.00000000,0.00000000,0.00000000,0.00000000,0.00000000,0.00000000,0.00000000,0.00000000,0.00000000,0.06842653,0.00000000,0.00000000,0.00000000,0.04374797,0.00000000,0.00000000,0.00000000,0.00098257,0.00000000,0.00000000,0.00000000,0.00000000,0.00090974,0.00543711,0.00000000,0.00000000,0.00000000,0.00000000,0.00000000,0.01587138,0.00000000,0.00608558,0.00404194,0.00000000,0.00000000,0.00000000,0.00000000,0.00000000,0.00000000,0.00000000,0.00000000,0.00000000,0.00000000,0.00000000,0.00000000,0.00000000,0.00000000,0.00000000,0.00000000,0.00000000,0.00000000,0.00000000,0.00000000,0.00000000,0.00000000,0.00000000,0.00000000,0.00000000,0.00000000,0.00531880,0.00000000,0.00000000,0.00000000,0.00000000,0.00000000,0.00000000,0.00000000,0.01691877,0.00000000,0.00000000,0.00000000,0.00000000,0.00000000,0.00000000,0.00437951,0.00000000,0.00000000,0.00000000,0.00000000,0.00000000,0.00000000,0.00000000,0.00000000,0.00000000,0.00000000,0.00427324,0.00000000,0.00000000,0.00000000,0.00000000,0.00375285,0.00000000,0.00000000,0.00000000,0.00000000,0.00000000,0.00808679,0.01766037,0.00000000,0.00258920,0.00000000,0.00000000,0.00000000,0.00000000,0.00000000,0.00000000,0.00332638,1.60772301,0.00000000,0.00000000,0.00000000,0.00000000,0.00000000,0.00000000,0.00188390,0.00000000,0.00000000,0.00000000,0.00000000,0.00000000,0.00000000,0.00862901,0.00000000,0.00000000,0.00000000,0.00000000,0.03720641,0.00000000,0.00000000,0.00000000,0.00000000,0.00000000,0.00000000,0.00000000,0.00000000,0.00000000,0.00000000,0.00000000,0.00000000,0.00127943,0.00000000,0.00000000,0.00000000,0.00000000,0.04901868,0.00000000,0.02644986,0.00000000,0.00000000,0.00000000,0.00000000,0.00000000,0.00000000,0.00000000,0.00000000,0.00000000,0.00000000,0.00000000,0.00000000,0.00000000,0.00000000,0.00000000,0.00000000,0.00000000,0.00000000,0.00000000,0.00000000,0.00000000,0.00000000,0.00000000,0.00000000,0.00000000,0.01002204,0.00000000,0.00000000,0.00000000,0.00000000,0.00000000,0.00000000,0.00000000,0.00000000,0.00198857,0.00000000,0.00000000,0.00370935,0.00000000,0.00000000,0.08446310,0.04541910,0.00000000,0.00000000,0.00000000,0.00000000,0.00000000,0.00000000,0.00000000,0.00000000,0.00000000,0.00000000,0.00000000,0.00000000,0.00686418,0.00000000,0.00000000,0.00000000,0.00000000,0.00000000,0.00000000,0.01611796,0.00000000,0.00000000,0.00000000,0.00000000,0.00000000,0.00000000,0.01849712,0.00000000,0.00000000,0.00000000,0.00334940,0.00000000,0.00000000,0.00000000,0.00000000,0.00540844,0.00000000,0.00000000,0.00000000,0.00000000,0.00000000,0.00192691,0.00000000,0.00000000,0.00000000,0.00000000,0.00000000,0.00000000,0.00000000,0.02619689,0.00000000,0.00663893,0.00000000,0.00000000,0.00000000,0.00000000,0.00000000,0.00000000,0.00000000,0.00000000,0.00000000,0.00000000,0.00000000,0.00000000,0.00000000,0.00000000,0.00000000,0.00000000,0.00000000,0.00000000,0.00000000,0.00000000,0.00000000,0.00000000,0.00000000,0.00000000,0.00000000,0.00000000,0.01947087,0.00585903,0.00000000,0.00000000,0.00000000,0.00000000,0.00000000,0.00000000,0.00000000,0.03478567,0.00000000,0.00000000,0.00000000,0.00000000,0.02167684,0.10133232,0.00000000,0.00000000,0.00000000,0.00000000,0.00000000,0.00000000
0.00000000,0.00000000,0.00000000,0.00000000,0.00000000,0.00000000,0.00000000,0.00000000,0.00600761,0.00391159,0.00000000,0.00000000,0.00000000,0.00000000,0.00000000,0.00000000,0.00000000,0.00000000,0.01256623,0.00000000,0.00000000,0.00000000,0.00000000,0.00000000,0.00000000,0.01270785,0.00000000,0.00000000,0.00000000,0.00000000,0.00000000,0.00000000,0.04699187,0.00000000,0.35146767,0.00000000,0.00885950,0.00000000,0.00000000,0.00000000,0.00000000,0.00000000,0.00000000,0.00000000,0.00000000,0.00000000,0.00000000,0.00000000,0.00000000,0.00000000,0.00000000,0.00000000,0.00000000,0.00000000,0.00000000,0.00000000,0.00000000,0.00000000,0.00000000,0.00000000,0.00000000,0.00000000,0.00000000,0.00000000,0.00000000,0.00286738,0.00000000,0.00000000,0.00000000,0.00000000,0.00519972,0.00000000,0.00000000,0.00000000,0.00000000,0.00000000,0.00000000,0.00000000,0.00000000,0.00000000,0.00000000,0.00000000,0.00000000,0.00000000,0.07829902,0.00000000,0.00000000,0.00000000,0.00000000,0.00000000,0.00000000,0.00000000,0.00000000,0.00000000,0.00000000,0.00000000,0.00000000,0.00239141,0.00000000,0.00465566,0.00000000,0.00000000,0.00263936,0.00000000,0.00000000,0.00000000,0.00000000,0.00000000,0.00000000,0.00000000,0.00000000,0.00000000,0.00000000,0.03362129,0.00703257,0.00000000,0.00000000,0.00000000,0.00000000,0.00000000,0.00000000,0.00000000,0.00000000,0.00000000,0.00000000,0.00000000,0.00000000,0.00000000,0.00000000,0.00000000,0.00000000,0.00000000,0.01212447,0.00000000,0.00000000,0.00000000,0.00000000,0.00000000,0.00000000,0.00000000,0.00000000,0.00000000,0.00000000,0.00173948,0.00000000,0.00000000,0.00000000,0.00000000,0.00000000,0.00000000,0.00000000,0.00000000,0.00000000,0.06055372,0.00000000,0.00000000,0.00000000,0.00000000,0.00000000,0.00000000,0.01367461,0.00000000,0.00000000,0.00000000,0.00000000,0.00000000,0.00000000,0.00000000,0.00000000,0.00000000,0.00000000,0.00000000,0.01132094,0.00393911,0.00000000,0.00000000,0.00000000,0.00000000,0.00000000,0.00000000,0.00000000,0.00000000,0.00000000,0.00000000,0.00000000,0.00000000,0.00248878,0.00000000,0.00000000,0.00000000,0.00000000,0.00000000,0.00000000,0.00000000,0.00000000,0.00000000,0.00000000,0.00648778,0.00000000,0.00000000,0.00000000,0.00000000,0.00000000,0.00000000,0.00000000,0.00000000,0.00000000,0.00000000,0.00000000,0.00000000,0.00000000,0.00000000,0.00000000,0.00000000,0.00000000,0.00000000,0.00000000,0.00000000,0.00000000,0.00000000,0.00000000,0.00000000,0.00000000,0.00000000,0.04406006,0.00000000,0.00521258,0.00000000,0.00000000,0.00000000,0.00000000,0.00000000,0.00000000,0.01643941,0.00000000,0.00000000,0.00000000,0.00000000,0.00000000,0.00000000,0.00000000,0.00000000,0.00000000,0.00000000,0.00000000,0.00000000,0.00000000,0.00000000,0.02645166,0.00000000,0.00000000,0.00000000,0.00000000,0.00063471,0.00000000,0.00000000,0.00000000,0.00201650,0.00000000,0.18193948,0.00315387,0.00000000,0.00000000,0.00000000,0.00000000,0.00000000,0.00000000,0.00000000,0.00000000,0.00000000,0.00000000,0.00891252,0.00000000,0.00000000,0.00000000,0.00000000,0.00000000,0.00000000,0.00000000,0.00000000,0.00000000,0.00000000,0.00000000,0.00000000,0.00000000,0.11866172,0.00000000,0.00438356,0.00000000,0.00504341,0.00000000,0.00000000,0.00000000,0.00101190,0.00000000,0.00000000,0.00000000,0.00000000,0.02471193,0.02516024,0.00000000,0.00000000,1.00406396,0.00201171,0.00000000,0.00000000,0.00104017,0.01650282,0.00000000,0.00000000,0.00000000,0.00000000,0.00000000,0.00000000,0.00000000,0.00000000,0.00000000,0.00000000,0.00000000,0.00000000,0.00000000,0.00000000,0.00000000,0.00000000,0.30310424,0.00000000,0.00000000,0.00000000,0.00000000,0.00248928,0.00000000,0.00000000,0.00000000,0.01461681,0.00000000,0.00000000,0.00000000,0.00000000,0.00000000,0.00000000,0.00000000,0.00000000,0.00000000,0.00000000,0.00000000,0.00000000,0.00000000,0.00000000,0.00000000,0.00000000,0.00000000,0.00000000,0.00000000,0.03955166,0.00000000,0.00000000,0.01013360,0.00000000,0.00638012,0.02196479,0.00000000,0.00000000,0.00000000,0.00000000,0.00000000,0.00000000,0.48206346,0.00000000,0.01070810,0.00000000,0.00000000,0.00000000,0.00000000,0.00000000,0.00000000,0.00000000,0.00000000,0.00234824,0.00000000,0.00000000,0.00000000,0.00000000,0.00000000,0.00000000,0.00000000,0.00000000,0.00000000,0.00000000,0.00000000,0.00000000,0.00000000,0.00000000,0.00000000,0.01938264,0.00000000,0.00000000,0.31970244,0.00000000,0.07046061,0.00000000,0.00000000,0.00000000,0.00000000,0.00000000,0.06056235,0.00000000,0.00000000,0.00000000,0.00000000,0.00000000,0.00000000,0.00000000,0.00000000,0.00000000,0.00771748,0.00000000,0.00000000,0.00000000,0.00000000,0.00000000,0.00000000,0.00000000,0.00000000,0.00000000,0.00000000,0.00000000,0.00000000,0.00000000,0.00000000,0.00000000,0.02212242,0.00385685,0.00000000,0.00000000,0.00000000,0.00527110,0.00000000,0.00000000,0.00000000,0.00000000,0.00443207,0.00000000,0.00000000,0.00000000,0.00000000,0.00000000,0.00000000,0.00000000,0.20292159,0.00000000,0.00069689,0.00000000,0.00756621,0.00000000,0.00000000,0.00000000,0.00000000,0.00237550,0.00000000,0.00000000,0.00000000,0.00000000,0.00000000,0.00758889,0.00000000,0.00000000,0.00000000,0.00000000,0.00000000,0.00351462,0.01314307,0.03146987,0.00000000,0.00000000,0.00000000,0.00135160,0.00000000,0.00000000,0.00000000,0.00000000,0.00000000,0.00000000,0.00000000,0.00000000,0.00000000,0.00000000,0.00000000,0.00000000,0.00000000,0.00000000,0.00000000,0.00000000,0.00000000,0.00000000,0.00000000,0.00000000,0.00000000,0.00555155,0.00177026,0.00000000,0.18345083,0.00000000,0.00000000,0.00000000,0.00000000,0.00000000,0.00464300,0.00000000,0.00000000,0.00000000,0.00000000,0.00000000,0.00000000,0.00000000,0.00000000,0.00000000,0.00000000,0.00000000,0.00000000,0.00000000,0.00000000,0.00000000,0.00000000,0.00985286,0.00000000,0.00000000,0.00000000,0.00311012,0.00000000,0.00000000,0.03976688,0.00000000,0.00000000,0.00000000,0.00000000,0.00000000,0.00000000,0.00670704,0.00000000,0.00000000,0.00000000,0.00000000,0.00000000,0.02448832,0.00000000,0.00000000,0.00000000,0.02505750,0.00000000,0.00000000,0.00000000,0.00000000,0.00000000,0.00000000,0.00000000,0.00000000,0.00000000,0.00000000,0.00252773,0.00000000,0.00000000,0.00000000,0.00000000,0.03287234,0.00000000,0.00000000,0.00000000,0.00632207,0.00000000,0.00000000,0.00000000,0.00000000,0.00000000,0.06033168,0.00000000,0.00000000,0.00000000,0.00000000,0.00000000,0.00000000,0.00000000,0.00000000,0.00000000,0.00000000,0.00000000,0.00000000,0.00000000,0.00000000,0.00000000,0.04213292,0.00000000,0.00000000,0.00000000,0.00000000,0.00000000,0.00000000,0.00000000,0.00000000,0.00000000,0.00000000,0.00000000,0.00000000,0.00000000,0.00000000,0.00000000,0.00000000,0.00000000,0.00000000,0.00487467,0.00000000,0.00000000,0.00000000,0.00000000,0.00000000,0.00000000,0.00000000,0.00000000,0.00000000,0.00000000,0.00000000,0.00000000,0.00000000,0.00000000,0.00223869,0.00000000,0.00000000,0.00000000,0.00419037,0.00000000,0.00636359,0.00000000,0.00000000,0.00000000,0.00000000,0.00000000,0.00000000,0.00000000,0.04181664,0.00000000,0.00000000,0.00000000,0.00000000,0.00775966,0.00000000,0.00000000,0.00000000,0.00000000,0.00000000,0.00000000,0.00000000,0.00000000,0.00000000,0.00000000,0.00000000,0.00000000,0.00000000,0.00000000,0.00000000,0.00000000,0.00000000,0.00000000,0.02060319,0.03769236,0.02742519,0.00000000,0.00000000,0.00000000,0.00000000,0.00000000,0.00000000,0.00000000,0.00000000,0.00000000,0.00000000,0.00000000,0.00000000,0.01076331,0.00000000,0.00000000,0.00000000,0.00000000,0.00000000,0.00000000,0.00000000,0.00242069,0.00000000,1.45429179,0.00000000,0.00000000,0.00000000,0.00000000,0.00000000,0.00000000,0.03836941,0.00217440,0.00000000,0.00000000,0.00000000,0.00000000,0.00000000,0.00000000,0.00000000,0.00000000,0.00000000,0.00000000,0.00000000,0.00000000,0.00000000,0.00000000,0.00000000,0.00000000,0.00000000,0.02010357,0.03835745,0.00000000,0.00000000,0.00000000,0.00000000,0.00000000,0.00847436,0.00000000,0.00000000,0.00000000,0.00000000,0.00348597,0.00617755,0.00000000,0.00000000,0.00000000,0.00387584,0.00000000,0.00000000,0.00000000,0.00000000,0.00000000,0.00365296,0.00000000,0.00000000,3.10364154,0.00000000,0.00000000,0.00000000,0.01622820,0.00000000,0.00000000,0.00000000,0.00000000,0.00000000,0.01640886,0.00000000,0.00000000,0.01138343,0.00000000,0.00000000,0.00000000,0.00000000,0.00000000,0.00000000,0.00237854,0.00000000,0.00000000,0.00000000,0.00000000,0.00000000,0.00000000,0.00000000,0.00000000,0.00000000,0.00000000,0.00000000,0.00000000,0.00000000,0.00000000,0.00142581,0.00000000,0.01186628,0.00000000,0.00000000,0.00000000,0.00000000,0.00000000,0.02989470,0.00000000,0.00000000,0.00000000,0.00000000,0.00000000,0.00000000,0.00000000,0.00000000,0.00000000,0.00000000,0.00000000,0.00000000,0.00000000,0.00000000,0.00000000,0.00000000,0.00000000,0.00000000
0.00000000,0.00000000,0.00000000,0.00000000,0.00000000,0.00000000,0.00000000,0.00000000,0.00000000,0.00000000,0.00000000,0.00000000,0.00000000,0.00000000,0.00000000,0.00000000,0.00000000,0.00000000,0.00000000,0.00000000,0.00000000,0.00000000,0.00000000,0.00104663,0.00000000,0.00000000,0.00000000,0.00000000,0.00000000,0.00842019,0.00000000,0.00000000,0.00000000,0.00294637,0.00000000,0.00000000,0.61845800,0.00121815,0.00000000,0.19889651,0.00000000,0.00000000,0.00000000,0.00966463,0.00000000,0.00000000,0.00000000,0.00113687,0.00000000,0.00000000,0.00000000,0.00000000,0.00000000,0.00000000,0.00000000,0.00000000,0.00000000,0.00000000,0.00000000,0.00437063,0.00000000,0.00000000,0.00000000,0.00000000,0.00000000,0.00000000,0.00000000,0.00000000,0.00000000,0.00000000,0.00000000,0.00181279,0.00000000,0.00000000,0.00000000,0.00000000,0.00000000,0.00000000,0.00000000,0.00000000,0.00000000,0.00000000,0.00000000,0.00000000,0.00000000,0.01788171,0.00000000,0.00000000,0.00000000,0.00000000,0.00000000,0.00000000,0.00000000,0.00758281,0.00000000,0.00000000,0.00425711,0.00000000,0.00000000,0.00000000,0.00000000,0.00000000,0.00000000,0.00000000,0.00000000,0.00659956,0.00000000,0.01258901,0.00000000,0.00000000,0.00000000,0.00000000,0.00000000,0.00000000,0.00052438,0.00108553,0.00000000,0.00000000,0.00000000,0.00000000,0.00000000,0.00000000,0.00000000,0.00000000,0.00000000,0.00173374,0.00000000,0.00000000,0.00000000,0.00000000,0.00000000,0.03829654,0.00000000,0.00000000,0.00000000,0.00000000,0.00000000,0.00000000,0.00000000,0.00000000,0.00000000,0.00000000,0.00000000,0.00000000,0.00000000,0.00000000,0.00000000,0.00418055,0.00000000,0.00000000,0.00000000,0.00000000,0.00000000,0.00000000,0.00000000,0.00000000,0.00000000,0.00000000,0.00000000,0.00000000,0.00000000,0.00000000,0.00000000,0.00000000,0.00000000,0.00000000,0.00000000,0.00000000,0.00000000,0.00000000,0.00000000,0.00000000,0.00000000,0.00000000,0.06252278,0.00000000,0.09724285,0.00000000,0.00000000,0.00289647,0.00000000,0.00000000,0.00000000,0.00000000,0.00000000,0.00000000,0.00000000,0.00000000,0.00000000,0.00363213,0.00000000,0.00000000,0.00000000,0.00549498,0.06760745,0.00000000,0.00000000,0.00000000,0.00000000,0.00000000,0.00000000,0.00000000,0.02487036,0.00148690,0.00176245,0.00124329,0.00000000,0.00000000,0.00000000,0.00000000,0.00000000,0.00000000,0.00000000,0.00000000,0.00000000,0.00597737,0.00000000,0.00000000,0.00000000,0.00000000,0.00000000,0.00000000,0.50329179,0.00000000,0.00000000,0.00000000,0.00000000,0.00000000,0.00000000,0.00000000,0.00000000,0.00000000,0.02536156,0.00000000,0.00000000,0.00000000,0.00000000,0.00000000,0.00000000,0.00000000,0.00000000,0.00000000,0.00000000,0.02034239,0.00000000,0.00000000,0.00000000,0.00000000,0.00000000,0.00000000,0.00000000,0.00000000,0.00000000,0.00000000,0.00000000,0.00000000,0.00000000,0.00000000,0.00000000,0.00000000,0.00000000,0.00000000,0.00000000,0.00000000,0.00000000,0.00000000,0.00000000,0.00000000,0.02274462,0.00000000,0.00000000,0.00113150,0.00000000,0.00000000,1.36381904,0.00000000,0.00000000,0.00000000,0.00000000,0.00000000,0.00000000,0.00000000,0.00000000,0.00000000,0.00000000,0.00000000,0.00000000,0.00000000,0.00000000,0.00000000,0.00000000,0.00000000,0.00000000,0.10369636,0.00000000,0.00000000,0.00000000,0.00000000,0.00000000,0.00000000,0.00000000,0.00000000,0.10038491,0.00000000,0.00000000,0.00000000,0.00000000,0.00000000,0.00000000,0.00000000,0.04561115,0.00000000,0.00000000,0.00000000,0.00000000,0.00000000,0.00000000,0.00000000,0.00000000,0.00000000,0.00000000,0.00000000,0.00000000,0.00000000,0.00000000,0.00000000,0.00000000,0.00000000,0.00000000,0.00000000,0.00000000,0.00000000,0.00000000,0.00000000,0.00000000,0.00678246,0.00000000,0.00000000,0.00000000,0.00000000,0.00000000,0.00000000,0.00000000,0.00000000,0.00000000,0.00000000,0.00000000,0.00000000,0.00000000,0.00000000,0.00000000,0.00000000,0.00000000,0.00000000,0.00000000,0.00000000,0.00000000,0.00000000,0.00000000,0.00000000,0.00000000,0.00000000,0.00000000,0.00000000,0.00000000,0.00000000,0.00000000,0.00000000,0.00000000,0.00000000,0.00000000,0.01204377,0.00000000,0.00000000,0.00000000,0.00000000,0.00000000,0.00000000,0.00000000,0.00000000,0.00000000,0.00000000,0.00000000,0.00000000,0.00000000,0.00000000,0.00000000,0.00000000,0.00000000,0.00000000,0.00000000,0.00000000,0.00000000,0.00000000,0.00000000,0.00000000,0.00000000,0.00000000,0.01281783,0.00000000,0.00000000,0.00000000,0.00000000,0.00000000,0.00000000,0.00000000,0.00265573,0.00000000,0.00000000,0.00182242,0.00000000,0.00385756,0.00171442,0.00000000,0.00000000,0.00000000,0.04354191,0.00000000,0.00000000,0.00000000,0.00000000,0.04200720,0.00000000,0.00000000,0.00000000,0.00000000,0.01511051,0.00000000,0.00000000,0.00000000,0.00000000,0.00000000,0.00000000,0.00000000,0.00000000,0.00000000,0.00000000,0.00000000,0.01080482,0.00000000,0.00000000,0.00000000,0.00000000,0.00000000,0.00000000,0.00000000,0.00000000,0.00000000,0.00000000,0.00000000,0.00000000,0.00276759,0.00000000,0.03820861,0.00000000,0.00000000,0.00000000,0.00000000,0.01454904,0.04623301,0.00000000,0.00000000,0.00000000,0.00000000,0.00000000,0.00000000,0.00552475,0.00124890,0.00000000,0.00000000,0.00000000,0.00000000,0.00000000,0.02523852,0.00000000,0.00000000,0.00000000,0.00000000,0.00000000,0.00000000,0.00000000,0.00000000,0.00000000,0.01074693,0.00000000,0.00000000,0.00000000,0.00000000,0.00000000,0.00000000,0.00000000,0.00000000,0.00000000,0.98373395,0.00000000,0.00000000,0.00000000,0.00000000,0.00000000,0.00000000,0.01864973,0.00000000,0.00000000,0.00000000,0.00123272,0.01757907,0.00000000,0.00000000,0.08773308,0.00000000,0.00000000,0.00000000,0.00000000,0.00000000,0.00000000,0.00000000,0.00000000,0.00000000,0.00000000,0.00000000,0.00000000,0.00000000,0.00000000,0.00000000,0.00000000,0.00000000,0.00000000,0.00000000,0.00000000,0.00803028,0.00087857,0.00000000,0.00000000,0.00000000,0.00000000,0.00000000,0.00000000,0.00000000,0.00000000,0.00202403,0.00000000,0.00895207,0.00000000,0.00000000,0.00000000,0.00000000,0.00000000,0.00000000,0.00000000,0.00000000,0.08568381,0.00000000,0.00000000,0.00000000,0.00000000,0.00000000,0.00000000,0.00000000,0.00078286,0.00000000,0.00000000,0.06548342,0.00000000,0.00000000,0.00000000,0.00000000,0.00000000,0.00000000,0.00000000,0.00000000,0.01002248,0.00000000,0.00000000,0.00000000,1.14698902,0.00000000,0.00000000,0.00000000,0.00000000,0.00000000,0.00000000,0.00000000,0.00000000,0.00000000,0.00000000,0.00000000,0.00000000,0.00000000,0.00000000,0.00000000,0.00000000,0.00000000,0.04419801,0.00000000,0.00000000,0.00000000,0.00000000,0.00000000,0.00000000,0.00000000,0.00433470,0.00000000,0.00000000,0.00000000,0.00000000,0.28761407,0.00000000,0.00000000,0.02710488,0.00000000,0.01381679,0.00000000,0.00000000,0.00000000,0.00000000,0.07514309,0.00000000,0.00742675,0.00000000,0.00000000,0.00000000,0.00000000,0.00000000,0.00617974,0.21422923,0.00879805,0.00000000,0.05468066,0.00000000,0.00000000,0.00000000,0.00000000,0.00000000,0.00371746,1.73376154,0.00000000,0.00000000,0.00000000,0.00000000,0.00000000,0.00606289,0.00000000,0.00000000,0.00000000,0.00000000,0.00000000,0.00000000,0.00000000,0.00000000,0.00000000,0.00000000,0.00000000,0.00185527,0.00000000,0.00000000,0.01015024,0.00000000,0.00000000,0.00000000,0.00000000,0.00234427,0.00710260,0.00000000,0.00000000,0.00000000,0.02249644,0.00000000,0.00000000,0.00000000,0.00000000,0.00000000,0.00303726,0.00000000,0.00000000,0.00000000,0.00000000,0.00000000,0.00000000,0.00000000,0.00000000,0.00000000,0.00000000,0.00000000,0.00519589,0.00000000,0.00000000,0.00000000,0.01449049,0.00000000,0.00000000,0.00000000,0.00000000,0.00000000,0.00000000,0.00000000,0.00000000,0.00000000,0.03344283,0.00000000,0.00508464,0.00000000,0.00000000,0.00000000,0.01427437,0.00000000,0.00000000,0.00000000,0.00000000,0.45574582,0.00000000,0.00000000,0.00000000,0.00000000,0.02222707,0.00000000,0.00000000,0.00000000,0.00000000,0.00000000,0.00000000,0.00000000,0.00000000,0.00000000,0.00000000,0.00081994,0.00549642,0.00000000,0.00171990,0.00000000,0.00000000,0.07028275,0.00000000,0.00000000,0.00000000,0.00000000,0.00000000,0.00000000,0.26314350,0.00000000,0.00000000,0.00000000,0.00000000,0.00000000,0.00000000,0.00000000,0.00000000,0.00323487,0.00000000,0.00000000,0.00000000,0.00000000,0.00000000,0.00000000,0.00000000,0.00000000,0.00000000,0.00000000,0.04178372,0.05711397,0.00000000,0.00000000,0.00000000,0.00000000,0.00000000,0.00000000,0.01128198,0.00000000,0.00000000,0.00000000,0.00000000,0.00000000,0.00000000,0.00000000,0.00119365,0.09883518,0.00000000,0.00336040,0.00000000,0.00000000,0.00000000,0.00000000,0.00000000,0.00000000,0.00000000,0.00000000,0.00000000,0.00000000,0.00000000,0.00000000,0.00000000,0.00000000,0.00000000,0.00000000,0.02247818,0.00000000,0.00000000,0.00000000,0.00000000,0.00000000,0.01313969
0.00000000,0.00000000,0.00000000,0.00000000,0.00292788,0.00000000,0.00000000,0.00000000,0.00000000,0.00000000,0.00950383,0.01113422,0.00000000,0.00000000,0.00000000,0.00631764,0.00000000,0.00000000,0.00501344,0.00000000,0.00000000,0.00000000,0.00000000,0.00000000,0.00000000,0.05738268,0.00000000,0.00000000,0.00000000,0.00000000,0.00000000,0.00000000,0.00000000,0.00000000,0.00000000,0.00000000,0.00000000,0.04547271,0.00000000,0.00000000,0.00000000,0.00000000,0.00000000,0.00000000,0.00000000,0.00000000,0.00252558,0.00000000,0.00000000,0.00000000,0.00000000,0.00000000,0.00000000,0.00000000,0.00000000,0.00000000,0.00000000,0.00298117,0.00000000,0.00000000,0.00000000,0.00000000,0.00000000,0.00000000,0.00283092,0.00000000,0.00000000,0.00000000,0.00000000,0.00000000,0.00000000,0.00000000,0.00000000,0.00000000,0.01797833,0.00000000,0.00000000,0.01169557,0.01928046,0.00000000,0.00000000,0.00000000,0.00000000,0.00000000,0.00000000,0.00000000,0.00000000,0.00000000,0.00000000,0.00000000,0.06823500,0.00000000,0.00000000,0.00000000,0.00000000,0.15183383,0.00000000,0.00000000,0.00000000,0.00000000,0.00000000,0.00000000,0.00291881,0.00000000,0.00000000,0.00000000,0.00334489,0.00000000,0.02202476,0.00000000,0.00000000,0.03362129,0.00000000,0.00000000,0.00000000,0.00000000,0.00000000,0.00000000,0.00000000,0.00000000,0.00000000,0.00000000,0.00000000,0.00507554,0.00000000,0.00000000,0.00000000,0.00000000,0.00000000,0.00000000,0.00000000,0.00000000,0.00000000,0.00000000,0.00000000,0.00000000,0.00000000,0.00000000,0.00000000,0.00000000,0.00000000,0.00000000,0.00000000,0.00000000,0.00308945,0.00000000,0.00000000,0.00000000,0.00000000,0.00000000,0.01447981,0.00000000,0.00000000,0.00000000,0.00000000,0.00000000,0.00000000,0.00000000,0.00000000,0.00000000,0.00000000,0.00000000,0.00000000,0.00000000,0.00000000,0.00000000,0.00000000,0.00000000,0.00000000,0.00000000,0.00000000,0.00142358,0.00000000,0.00000000,0.00000000,0.00340049,0.00000000,0.00000000,0.02413689,0.00000000,0.00000000,0.00000000,0.00000000,0.00000000,0.13231326,0.00000000,0.00617271,0.00000000,0.00000000,0.00487514,0.00000000,0.00000000,0.00000000,0.00000000,0.00000000,0.00000000,0.00000000,0.00380827,0.00000000,0.00000000,0.00000000,0.00000000,0.00000000,0.00000000,0.00000000,0.00409753,0.00000000,0.00000000,0.00000000,0.00000000,0.00000000,0.00000000,0.00000000,0.00000000,0.00000000,0.00000000,0.00000000,0.00000000,0.00000000,0.00000000,0.00311665,0.00000000,0.00000000,0.00410678,0.19444333,0.00000000,0.00000000,0.00000000,0.00000000,0.00000000,0.00000000,0.00000000,0.00000000,0.00000000,0.00000000,0.00000000,0.00000000,0.00000000,0.00000000,0.00000000,0.00000000,0.00000000,0.00000000,0.00000000,0.00000000,0.00000000,0.00000000,0.00000000,0.03415747,0.01331606,0.00000000,0.00000000,0.00000000,0.00000000,0.00000000,0.00154193,0.00000000,0.00000000,0.00000000,0.00685925,0.00000000,0.00000000,0.00000000,0.00000000,0.00000000,0.00000000,0.00154506,0.00000000,0.00000000,0.00000000,0.00000000,0.00000000,0.00000000,0.00131944,0.00268646,0.00000000,0.00000000,0.01691161,0.00000000,0.00322664,0.00000000,0.00000000,0.00000000,0.00000000,0.00000000,0.00000000,0.00000000,0.00268821,0.00184521,0.00000000,0.00000000,0.00000000,0.17969226,0.01519462,0.00000000,0.00430732,0.00000000,0.00000000,0.00359808,0.00000000,0.00000000,0.00000000,0.00000000,0.00145335,0.00000000,0.00000000,0.00000000,0.00000000,0.00000000,0.00000000,0.00000000,0.00000000,0.00000000,0.00000000,0.00000000,0.00000000,0.00000000,0.00000000,0.00000000,0.00000000,0.00690031,0.00000000,0.00767400,0.00000000,0.02408827,0.00000000,0.00000000,0.00000000,0.00000000,0.00000000,0.00000000,0.00000000,0.00000000,0.00000000,0.00000000,0.00000000,0.00000000,0.00000000,0.00000000,0.00000000,0.00000000,0.00000000,0.00000000,0.00000000,0.00000000,0.04370405,0.00000000,0.01073834,0.00427696,0.00754278,0.00000000,0.01483418,0.00000000,0.00000000,0.00062243,0.00000000,0.00000000,0.00000000,0.00000000,0.00000000,0.00000000,0.00000000,0.00000000,0.00000000,0.00000000,0.00000000,0.00000000,0.00000000,0.00000000,0.00000000,0.00000000,0.00000000,0.00000000,0.00000000,0.00464495,0.00000000,0.00000000,0.00000000,0.00000000,0.00000000,0.00000000,0.00000000,0.00000000,0.00000000,0.00000000,0.00000000,0.00097094,0.00000000,0.00000000,3.29659554,0.00000000,0.00000000,0.00000000,0.00000000,0.00000000,0.00000000,0.01127685,0.00000000,0.00000000,0.00000000,0.00000000,0.00000000,0.04753626,0.00000000,0.00000000,0.00000000,0.00000000,0.00000000,0.00000000,0.00000000,0.00000000,0.00000000,0.00000000,0.19713714,0.00000000,0.00000000,0.00000000,0.00000000,0.00000000,0.00000000,0.00000000,0.00000000,0.00000000,0.00000000,0.01686863,0.00000000,0.00000000,0.00000000,0.00000000,0.00000000,0.00000000,0.00000000,0.00000000,0.00000000,0.00000000,0.00000000,0.00000000,0.00000000,0.00000000,0.00000000,0.00000000,0.00000000,0.00000000,0.00000000,0.00000000,0.00000000,0.00000000,0.00000000,0.00000000,0.00000000,0.00000000,0.00000000,0.00000000,0.00000000,0.00000000,0.00000000,0.00000000,0.00000000,0.00000000,0.00000000,0.00000000,0.00000000,0.00000000,0.00000000,0.00000000,0.00000000,0.00000000,0.00000000,0.00000000,0.00000000,0.00000000,0.00000000,0.00000000,0.00000000,0.00000000,0.00000000,0.00000000,0.00000000,0.00000000,0.00000000,0.00271483,0.00000000,0.00000000,0.00000000,0.00000000,0.00000000,0.00000000,0.00000000,0.00000000,0.00000000,0.00000000,0.00000000,0.00000000,0.00000000,0.00000000,0.00627333,0.00000000,0.00253013,0.00000000,0.00000000,0.00303616,0.00000000,0.00000000,0.00000000,0.00000000,0.00000000,0.00000000,0.00000000,0.01138965,0.36127618,0.00000000,0.00000000,0.00000000,0.00000000,0.00000000,0.00000000,0.00000000,0.00000000,0.00000000,0.00000000,0.00000000,0.00000000,0.00000000,0.00000000,0.00000000,0.00271735,0.00000000,0.00000000,0.00000000,0.00000000,0.00000000,0.00000000,0.00000000,0.00577410,0.01720808,0.00000000,0.00000000,0.00000000,0.00000000,0.00000000,0.00000000,0.00000000,0.00000000,0.01872470,0.00000000,0.00000000,0.00000000,0.00000000,0.00000000,0.27354122,0.00000000,0.00000000,0.00000000,0.00000000,0.00000000,0.00000000,0.00000000,0.00000000,0.00000000,0.00518034,0.00000000,0.00000000,0.00000000,0.00000000,0.00000000,0.00000000,0.00000000,0.00000000,0.00000000,0.00000000,0.00000000,0.01375474,0.00000000,0.00000000,0.00321828,0.00000000,0.00000000,0.00000000,0.00000000,0.00000000,0.00000000,0.00000000,0.00000000,0.00000000,0.00000000,0.00000000,0.00000000,0.00000000,0.00000000,0.00000000,0.01151282,0.00614839,0.00290040,0.00000000,0.00000000,0.00000000,0.00000000,0.00000000,0.05853150,0.01976726,0.00000000,0.00000000,0.00000000,0.00000000,0.26417552,0.00000000,0.00000000,0.00000000,0.00000000,0.00000000,0.00000000,0.00000000,0.00000000,0.00000000,0.00000000,0.00448786,0.00000000,0.00000000,0.00808513,0.00000000,0.00000000,0.00000000,0.00000000,0.00000000,0.00000000,0.80320892,0.00000000,0.17877407,0.00000000,0.00000000,0.00000000,0.00138600,0.00177661,0.00000000,0.00000000,0.00000000,0.00000000,0.00000000,0.00000000,0.00000000,0.04200472,0.00000000,0.00000000,0.00000000,0.00000000,0.00000000,0.00397619,0.00000000,0.00000000,0.00511937,0.00000000,0.00000000,0.00000000,0.00000000,0.00000000,0.00000000,0.00000000,0.00000000,0.00373795,0.00000000,0.00000000,0.00000000,0.00099919,0.00000000,0.00000000,0.00000000,0.00000000,0.12984655,0.00000000,0.00293916,0.00000000,0.00000000,0.00000000,0.00000000,0.00000000,0.00000000,0.00255667,0.34501664,0.00000000,0.00282019,0.00000000,0.00000000,0.00096284,0.03499244,0.00000000,0.00000000,0.00000000,0.00000000,0.00000000,0.01692748,0.00000000,0.00000000,0.00000000,0.00000000,0.00000000,0.00000000,0.00000000,0.00000000,0.00000000,0.00000000,0.00000000,0.00000000,0.00000000,0.00000000,0.00000000,0.00000000,0.00000000,0.00000000,0.00000000,0.00000000,0.00000000,0.00000000,0.00000000,0.00000000,0.00000000,0.00000000,0.00000000,0.00000000,0.00000000,0.00513465,0.00000000,0.00000000,0.00000000,0.00000000,0.00000000,0.00000000,0.00000000,0.00000000,0.00000000,0.00000000,0.00000000,0.00000000,0.00000000,0.00000000,0.00000000,0.00000000,0.00000000,0.00000000,0.00000000,0.00000000,0.00000000,0.00081345,0.00399050,0.00000000,0.00000000,0.00000000,0.00000000,0.00000000,0.00000000,0.00000000,0.00000000,0.00000000,0.00000000,0.00000000,0.00000000,0.00000000,0.00000000,0.00000000,0.00000000,0.00000000,0.00000000,0.00000000,0.00000000,0.00394446,0.00000000,0.09590321,0.00000000,0.00000000,0.18216547,0.00000000,0.00000000,0.00000000,0.00000000,0.00000000,0.00512597,0.00000000,0.00000000,0.00000000,0.00000000,0.00000000,0.00000000,0.00000000,0.00000000,0.00000000,0.00000000,0.00000000,0.00000000,0.00000000,0.00000000,0.00000000,0.00000000,0.00000000,0.00000000,0.48463749,0.00000000,0.00000000,0.00212879,0.03779344,0.00000000,0.00000000
0.00000000,0.00000000,0.00000000,0.00000000,0.00000000,0.00000000,0.00000000,0.00000000,0.01003856,0.00000000,0.01358902,0.00000000,0.00000000,0.00000000,0.00000000,0.00000000,0.03615835,0.00000000,0.00000000,0.00000000,0.00085654,0.00000000,0.00000000,0.00000000,0.00000000,0.00000000,0.00000000,0.00000000,0.00000000,0.00000000,0.00000000,0.00000000,0.00000000,0.00000000,0.00000000,0.00000000,0.13060666,0.00000000,0.00000000,0.00283095,0.00000000,0.00000000,0.00000000,0.00000000,0.00000000,0.00625714,0.00000000,0.00000000,0.00000000,0.00775744,0.00000000,0.00000000,0.00000000,0.00000000,0.00000000,0.00000000,0.00000000,0.00000000,0.00000000,0.04377483,0.00116434,0.00000000,0.00000000,0.00000000,0.00000000,0.00000000,0.00608242,0.00000000,0.00000000,0.00000000,0.00000000,0.00000000,0.00000000,0.00000000,0.00000000,0.02562196,0.00000000,0.00000000,0.00000000,0.00000000,0.00000000,0.00000000,0.00000000,0.00000000,0.00000000,0.00000000,0.00000000,0.00000000,0.00000000,0.03278234,0.00000000,0.00000000,0.00000000,0.00000000,0.00000000,0.00000000,0.01131637,0.00000000,0.00000000,0.00000000,0.00238454,0.00000000,0.00000000,0.00000000,0.00000000,0.00000000,0.00000000,0.00000000,0.00000000,0.07694910,0.00431391,0.00703257,0.00052438,0.00000000,0.00000000,0.00000000,0.10352504,0.00505087,0.00000000,0.00000000,0.00000000,0.00000000,0.00000000,0.00000000,0.00000000,0.00000000,0.00000000,0.00000000,0.00000000,0.00000000,0.00000000,0.00000000,0.00000000,0.00000000,0.00328704,0.00152312,0.00000000,0.00000000,0.00000000,0.00000000,0.00000000,0.00000000,0.00000000,0.03500333,0.00728292,0.00117054,0.00000000,0.00000000,0.00000000,0.00000000,0.01163585,0.00000000,0.00000000,0.00188912,0.00000000,0.00000000,0.00000000,0.00000000,0.00000000,0.00000000,0.00000000,0.00471791,0.00000000,0.00000000,0.00000000,0.03220308,0.00000000,0.00787595,0.00000000,0.00000000,0.00000000,0.00000000,0.00000000,0.00000000,0.00000000,0.00000000,0.00000000,0.00000000,0.04621854,0.02281729,0.00000000,0.00000000,0.00000000,0.00000000,0.00000000,0.00000000,0.14213240,0.00000000,0.00000000,0.00000000,0.00000000,0.00000000,0.00338756,0.00000000,0.00000000,0.00000000,0.00000000,0.00000000,0.00000000,0.02785276,0.00000000,0.00000000,0.00000000,0.00000000,0.00000000,0.00000000,0.00000000,0.00000000,0.00000000,0.00000000,0.00000000,0.00146480,0.00000000,0.00103406,0.00000000,0.00000000,0.00000000,0.00000000,0.00000000,0.00000000,0.00000000,0.00000000,0.00232022,0.00000000,0.00000000,0.00000000,0.00000000,0.00167906,0.00000000,0.00000000,0.00000000,0.00000000,0.02294963,0.00000000,0.00000000,0.00000000,0.00000000,1.73423567,0.00000000,0.00000000,0.00000000,0.00000000,0.00000000,0.00000000,0.00000000,0.00000000,0.00000000,0.00000000,0.00000000,0.00000000,0.00000000,0.00000000,0.00000000,0.00000000,0.00000000,0.00000000,0.00000000,0.00000000,0.00621988,0.00000000,0.00000000,0.00596958,0.00000000,0.00000000,0.00460598,0.00000000,0.00000000,0.00000000,0.00000000,0.03830919,0.00000000,0.00000000,0.00000000,0.00000000,0.00000000,0.00000000,0.00000000,0.00000000,0.00000000,0.00000000,0.00000000,0.00000000,0.00281524,1.00986371,0.00000000,0.00316148,0.00000000,0.00000000,0.00000000,0.00000000,0.00000000,0.00000000,0.00000000,0.00000000,0.00172015,0.00000000,0.00000000,0.00000000,0.00000000,0.00000000,0.00000000,0.00000000,0.00000000,0.00000000,0.00000000,0.00000000,0.00000000,0.00374789,0.00000000,0.00000000,0.00000000,0.00000000,0.00398309,0.00000000,0.00000000,0.00000000,0.00000000,0.00000000,0.01416694,0.00000000,0.00000000,0.00000000,0.00000000,0.00223071,0.00000000,0.00000000,0.00000000,0.00000000,0.00000000,0.00071714,0.00000000,0.00000000,0.00000000,0.00000000,0.00000000,0.00000000,0.00000000,0.00000000,0.00000000,0.00000000,0.00000000,0.00000000,0.00000000,0.00000000,0.00000000,0.00000000,0.00000000,0.07437371,0.00000000,0.00000000,0.00000000,0.00000000,0.00000000,0.00000000,0.00000000,0.00000000,0.00000000,0.00000000,0.00000000,0.00000000,0.00000000,0.00000000,0.00000000,0.00000000,0.04157477,0.00000000,0.00000000,0.00000000,0.00000000,0.00000000,0.00000000,0.00000000,0.00000000,0.00000000,0.00000000,0.00000000,0.00000000,0.00000000,0.00000000,0.00000000,0.01885056,0.00000000,0.00000000,0.00000000,0.00000000,0.00422691,0.00000000,0.00000000,0.00000000,0.00583221,0.00000000,0.00000000,0.00000000,0.00000000,0.00000000,0.00000000,0.00000000,0.00000000,0.00000000,0.00000000,0.28648003,0.00000000,0.00000000,0.00000000,0.00000000,0.00000000,0.00000000,0.00000000,0.00000000,0.00000000,0.00000000,0.00000000,0.00000000,0.00000000,0.00000000,0.00000000,0.00000000,0.00737030,0.00000000,0.00000000,0.00000000,0.00000000,0.00228414,0.00000000,0.00329494,0.00000000,0.00000000,0.00000000,0.00000000,0.00000000,0.00000000,0.00637668,0.00000000,0.00000000,0.00000000,0.00000000,0.00000000,0.00000000,0.00194339,0.00000000,0.00000000,0.00000000,0.00000000,0.00300002,0.00000000,0.00000000,0.00000000,0.00000000,0.00000000,0.00000000,0.00000000,0.01258621,0.00000000,0.00000000,0.01832894,0.00000000,0.00000000,0.00000000,0.00000000,0.00000000,0.00000000,0.00000000,0.00000000,0.00000000,0.00000000,0.00000000,0.00000000,0.00000000,0.00000000,0.00000000,0.00000000,0.00000000,0.00000000,0.00000000,0.00000000,0.00300978,0.00000000,0.00000000,0.00000000,0.00379882,0.01640576,0.00000000,0.00000000,0.00970407,0.00000000,0.00000000,0.00000000,0.00000000,0.00000000,0.00000000,0.00000000,0.02315468,0.00000000,0.00135091,0.00000000,0.00000000,0.00000000,0.00000000,0.00000000,0.00000000,0.00000000,0.00000000,0.00000000,0.00000000,0.00000000,0.00000000,0.00000000,0.00000000,0.00000000,0.00073690,0.00000000,0.00000000,0.00000000,0.00000000,0.00000000,0.00000000,0.00000000,0.00422210,0.00000000,0.00000000,0.00000000,0.00405681,0.00000000,0.00000000,0.03004937,0.00698506,0.00000000,0.00000000,0.00000000,0.00000000,0.00000000,0.00000000,0.00000000,0.00000000,1.18694782,0.00000000,0.00000000,0.00000000,0.00000000,0.00000000,0.00000000,0.00000000,0.00000000,0.00000000,0.00000000,0.00000000,0.00093456,0.00574756,0.00000000,0.00331706,0.64315561,0.00000000,0.00000000,0.00000000,0.00000000,0.00000000,0.00000000,0.00000000,0.00000000,0.00000000,0.00000000,0.00000000,0.00000000,0.00000000,0.00000000,0.00000000,0.00000000,0.00000000,0.00000000,0.00000000,0.00000000,0.00000000,0.00000000,0.00000000,0.00000000,0.00000000,0.00000000,0.00000000,0.01310950,0.00000000,0.00000000,0.00000000,0.00000000,0.00000000,0.00000000,0.00000000,0.00000000,0.00000000,0.00000000,0.00000000,0.00000000,0.00000000,0.00000000,0.00000000,0.00000000,0.00000000,0.00000000,0.00000000,0.00000000,0.00000000,0.00000000,0.00397166,0.00000000,0.00000000,0.00000000,0.00000000,0.00000000,0.00000000,0.00000000,0.01997188,0.00000000,0.00000000,0.00000000,0.00000000,0.00000000,0.00000000,0.00000000,0.00000000,0.00000000,0.00000000,0.00000000,0.00000000,0.01262443,0.00000000,0.00000000,0.00000000,0.00581141,0.00000000,0.00000000,0.00000000,0.00000000,0.00000000,0.02936764,0.00000000,0.00000000,0.00000000,0.00000000,0.00000000,0.00000000,0.00000000,0.00000000,0.00000000,0.00000000,0.00000000,0.00000000,0.00000000,0.00000000,0.00000000,0.00000000,0.00000000,0.00000000,0.00000000,0.00000000,0.00000000,0.00000000,0.00000000,0.00000000,0.00000000,0.00000000,0.00000000,0.00000000,0.00000000,0.00559147,0.00000000,0.00691561,0.00353410,0.02733104,0.00000000,0.00000000,0.00000000,0.00000000,0.00000000,0.00000000,0.00000000,0.00000000,0.00000000,0.00000000,0.00000000,0.00000000,0.00000000,0.00000000,0.00000000,0.00000000,0.00000000,0.00000000,0.00989714,0.00000000,0.00000000,0.00000000,0.00692035,0.00000000,0.00000000,1.58840994,0.00000000,0.00000000,0.00000000,0.00000000,0.00000000,0.00000000,0.00000000,0.00000000,0.00000000,0.00000000,0.00000000,0.00000000,0.00000000,0.00000000,0.00000000,0.00000000,0.00000000,0.00000000,0.00000000,0.00000000,0.00000000,0.00000000,0.00000000,0.00000000,0.00075727,0.00715629,0.00000000,0.00000000,1.47368562,0.00000000,0.00000000,0.00000000,0.02287556,0.00000000,0.00000000,0.00000000,0.00000000,0.00000000,0.00000000,0.00000000,0.00000000,0.00000000,0.00000000,0.00000000,0.00000000,0.00000000,0.00000000,0.00000000,0.00670253,0.00000000,0.00000000,0.00000000,0.00000000,0.00000000,0.00000000,0.00233822,0.00000000,0.00000000,0.00000000,0.00000000,0.00000000,0.00000000,0.00000000,0.00000000,0.00000000,0.00000000,0.00320391,0.00000000,0.00889762,0.00000000,0.00000000,0.00000000,0.00000000,0.00129627,0.00000000,0.00000000,0.00000000,0.00000000,0.00000000,0.00000000,0.06153499,0.00000000,0.00000000,0.00000000,0.08083819,0.00000000,0.00000000,0.04394480,0.00408364,0.00000000,0.00000000,0.00000000,0.00000000,0.00000000,0.00000000,0.00000000,0.00000000,0.00000000,0.00000000,0.00000000,0.00127603,0.00000000,0.00000000,0.00000000,0.02977211,0.00000000,0.18036433
0.00000000,0.00000000,0.00000000,0.00000000,0.00000000,0.00000000,0.00000000,0.00000000,0.00000000,0.00000000,0.05268997,0.00000000,0.00000000,0.00000000,0.00000000,0.00000000,0.03037242,0.00000000,0.26442809,0.00000000,0.00000000,0.00000000,0.00000000,0.00000000,0.00000000,0.00000000,0.00000000,0.00000000,0.00000000,0.00000000,0.04801330,0.00000000,0.00000000,0.00000000,0.00000000,0.00000000,0.00000000,0.00000000,0.01591668,0.00000000,0.00000000,0.00000000,0.00000000,0.00000000,0.00000000,0.00000000,0.00000000,0.00000000,0.00000000,0.00106557,0.00000000,0.00000000,0.00000000,0.02112174,0.04338534,0.00000000,0.00000000,0.00000000,0.00000000,0.00000000,0.00000000,0.00121298,0.00000000,0.02694257,0.00000000,0.00000000,0.00000000,0.00000000,0.00000000,0.00000000,0.00000000,0.00000000,0.00000000,0.00000000,0.00000000,0.00000000,0.00000000,0.00000000,0.02451313,0.00000000,0.00000000,0.00000000,0.00000000,0.00000000,0.00000000,0.00000000,0.00000000,0.00000000,0.01521933,0.00000000,0.00000000,0.00500449,0.00000000,0.00000000,0.00000000,0.01438182,0.00000000,0.00000000,0.00000000,0.00000000,0.00000000,0.00000000,0.00000000,0.00000000,0.00000000,0.00000000,0.00000000,0.00000000,0.00000000,0.00000000,0.00000000,0.00000000,0.00108553,0.00000000,0.00000000,0.00000000,0.00000000,0.00000000,0.00000000,0.00000000,0.00000000,0.00000000,0.00000000,0.01761514,0.00000000,0.00419526,0.00000000,0.00000000,0.00000000,0.00000000,0.22809341,0.00000000,0.00478303,0.00000000,0.01692501,0.00000000,0.00000000,0.00000000,0.03852626,0.00000000,0.00000000,0.00000000,0.00063746,0.00000000,0.00259046,0.00000000,0.00000000,0.00000000,0.00000000,0.00000000,0.00000000,0.00120165,0.00000000,0.04760270,0.00000000,0.00000000,0.00000000,0.00000000,0.00000000,0.00000000,0.00000000,0.00000000,0.00000000,0.00000000,0.01582265,0.00000000,0.00000000,0.00463846,0.00000000,0.00000000,0.00000000,0.00000000,0.00000000,0.00000000,0.00000000,0.00000000,0.00000000,0.00000000,0.00000000,0.00000000,0.00800042,3.17655785,0.00000000,0.00000000,0.00000000,0.00000000,0.00000000,0.00000000,0.01032660,0.00256023,0.00000000,0.00629766,0.00000000,0.00765054,0.00000000,1.40633737,0.00000000,0.00000000,0.00000000,0.00000000,0.00000000,0.00000000,0.00000000,0.00000000,0.00943450,0.00000000,0.00000000,0.00155845,0.00000000,0.04579340,0.00000000,0.00428661,0.00000000,0.00000000,0.00000000,0.00000000,0.00000000,0.00000000,0.00000000,0.00260176,0.00000000,0.00000000,0.00000000,0.00059978,0.00000000,0.00000000,0.00000000,0.00000000,0.00000000,0.01030318,0.00000000,0.00000000,0.00000000,0.00795942,0.00000000,0.00000000,0.00000000,0.00000000,0.00000000,0.00000000,0.00000000,0.00000000,0.00000000,0.00000000,0.00000000,0.01339812,0.00000000,0.00000000,0.00000000,0.00000000,0.00000000,0.00000000,0.00000000,0.00000000,0.00000000,0.04254779,0.00000000,0.00000000,0.04307770,0.00000000,0.00000000,0.00000000,0.00000000,0.00000000,0.00000000,0.00000000,0.00000000,0.00000000,0.20818403,0.00000000,0.00425821,0.00000000,0.00000000,0.00000000,0.00000000,0.00466381,0.00000000,0.00000000,0.00000000,0.00000000,0.00654496,0.00000000,0.00000000,0.00232015,0.00000000,0.03315667,0.00652172,0.00584396,0.00000000,0.00000000,0.00000000,0.00000000,0.00000000,0.01589118,0.00000000,0.00000000,0.00000000,0.00000000,0.00000000,0.00000000,0.00000000,0.00000000,0.00000000,0.00189430,0.00000000,0.00000000,0.00000000,0.00000000,0.00000000,0.00287422,0.06235751,0.00411496,0.00000000,0.00000000,0.00000000,0.00000000,0.00000000,0.00000000,0.00000000,0.00000000,0.00000000,0.00000000,0.00000000,0.00000000,0.00000000,0.00000000,0.00000000,0.00000000,0.00000000,0.00000000,0.00000000,0.00000000,0.00000000,0.00000000,0.00000000,0.00000000,0.00000000,0.00000000,0.00000000,0.00000000,0.00000000,0.00000000,0.00000000,0.00000000,0.00000000,0.00000000,0.00000000,0.00000000,0.00000000,0.00000000,0.00000000,0.00000000,0.00000000,0.00000000,0.00000000,0.01497780,0.00000000,0.00000000,0.00000000,0.00000000,0.00000000,0.00000000,0.00000000,0.05258482,0.00000000,0.00000000,0.00000000,0.00000000,0.00000000,0.00000000,0.00000000,0.00000000,0.00000000,0.00000000,0.00000000,0.00000000,0.00000000,0.00000000,0.00000000,0.00000000,0.00000000,0.00000000,0.00000000,0.00000000,0.00000000,0.00105279,0.00000000,0.00000000,0.00000000,0.00000000,0.00000000,0.00000000,0.00000000,0.00000000,0.00000000,0.00000000,0.00000000,0.00000000,0.00000000,0.00000000,0.00000000,0.00000000,0.00000000,0.00000000,0.00000000,0.00177948,0.00441889,0.00000000,0.00102129,0.00000000,0.00000000,0.00000000,0.00000000,0.00000000,0.00000000,0.00000000,0.28041189,0.00000000,0.00000000,0.00000000,0.00000000,0.00000000,0.00000000,0.00000000,0.00000000,0.00000000,0.00000000,0.00000000,0.00000000,0.00000000,0.00000000,0.00000000,0.00000000,0.00000000,0.00000000,0.00000000,0.00000000,0.00000000,0.00000000,0.00000000,0.00000000,0.00000000,0.00000000,0.01158567,0.00000000,0.01680701,0.00000000,0.00000000,0.00000000,0.00000000,0.00000000,0.00000000,0.01114618,0.00000000,0.00000000,0.00000000,0.00160416,0.00000000,0.00000000,0.00000000,0.00000000,0.00000000,0.00000000,0.00000000,0.00000000,0.00000000,0.00000000,0.00000000,0.00000000,0.00000000,0.00000000,0.00000000,3.70717634,0.00000000,0.00810370,0.00000000,0.00000000,0.00109898,0.00000000,0.00000000,0.00000000,0.00000000,0.00000000,0.00000000,0.00000000,0.00000000,0.00000000,0.00000000,0.00000000,0.00000000,0.00000000,0.00000000,0.00000000,0.00000000,0.00929147,0.04630121,0.00000000,0.00000000,0.05827811,0.00000000,0.00000000,0.00000000,0.00000000,0.00000000,0.00000000,0.00000000,0.00000000,0.00000000,0.00000000,0.00000000,0.00000000,0.00393019,0.02030512,0.51576681,0.00000000,0.00000000,0.00000000,0.00000000,0.00000000,0.00000000,0.00000000,0.00000000,0.00000000,0.00000000,0.00000000,0.00000000,0.00000000,0.00000000,0.00252532,0.00000000,0.00000000,0.00000000,0.00000000,0.00000000,0.00000000,0.00000000,0.00000000,0.00000000,0.00000000,0.00000000,0.00000000,0.12986225,0.00000000,0.00000000,0.00000000,0.35593077,0.00000000,0.00000000,0.03565146,0.03004269,0.00000000,0.00225928,0.00000000,0.00000000,0.00000000,0.00000000,0.00000000,0.00000000,0.00000000,0.00651306,0.00000000,0.00000000,0.00000000,0.00000000,0.00000000,0.00000000,0.00000000,0.00000000,0.01024254,0.00000000,0.00000000,0.00000000,0.00000000,0.00000000,0.00000000,0.02543239,0.00000000,0.00000000,0.00000000,0.00000000,0.00000000,0.00000000,0.00000000,0.00000000,0.00490302,0.00000000,0.00000000,0.00000000,0.00000000,0.00000000,0.00000000,0.01402881,0.00345588,0.00000000,0.00000000,0.00000000,0.00255170,0.00000000,0.00000000,0.00000000,0.00000000,0.00333863,0.00000000,0.00000000,0.00000000,0.00000000,0.00237200,0.00000000,0.00000000,0.00653381,0.00000000,0.00000000,0.00000000,0.00000000,0.00000000,0.00000000,0.00000000,0.00000000,0.00000000,0.00000000,0.00000000,0.00000000,0.00000000,0.00000000,0.00440636,0.00000000,0.00000000,0.00000000,0.00000000,0.08928056,0.00000000,0.00000000,0.00000000,0.00000000,0.00000000,0.00000000,0.00000000,0.00000000,0.00000000,0.00000000,0.00000000,0.00000000,0.00000000,0.00000000,0.00000000,0.00000000,0.00000000,0.00000000,0.00000000,0.00000000,0.00000000,0.00000000,0.00000000,0.00163209,0.00000000,0.00000000,0.00000000,0.00000000,0.00000000,0.00000000,1.26243307,0.00000000,0.00000000,0.00000000,0.00000000,0.00000000,0.00000000,0.00000000,0.00000000,0.00000000,0.00000000,0.00000000,0.00000000,0.00000000,0.00000000,0.00000000,0.00000000,0.00000000,0.00000000,0.00000000,0.00000000,0.00000000,0.05722611,0.00000000,0.00000000,0.00000000,0.00000000,0.00000000,0.00000000,0.01133260,0.00000000,0.00465629,0.00000000,0.00000000,0.00000000,0.00000000,0.00000000,0.00000000,0.00000000,0.00000000,0.00000000,0.00000000,0.00000000,0.00196912,0.01712822,0.00000000,0.00000000,0.00000000,0.00000000,0.00000000,0.00000000,0.00000000,0.00000000,0.00000000,0.00000000,0.00098829,0.00000000,0.00392844,0.00000000,0.00000000,0.00000000,0.00000000,0.00173942,0.03818324,0.00145892,0.00000000,0.00000000,0.00000000,0.00000000,0.00000000,0.00000000,0.00000000,0.00000000,0.00000000,0.00000000,0.00000000,0.00000000,0.00000000,0.00000000,0.00000000,0.00000000,0.00000000,0.00000000,0.00000000,0.00000000,0.00000000,0.00000000,0.00000000,0.00000000,0.00000000,0.00000000,0.00000000,0.00000000,0.00000000,0.00287287,0.00389082,0.00000000,0.00000000,0.00000000,0.00000000,0.00000000,0.00000000,0.00000000,0.00000000,0.00000000,0.00000000,0.00000000,0.00000000,0.00000000,0.00000000,0.00000000,0.00401723,0.00000000,0.00000000,0.00000000,0.00000000,0.00000000,0.00000000,0.00000000,0.00000000,0.00000000,0.00000000,0.00000000,0.00000000,0.00000000,0.00000000,0.00000000,0.00000000,0.00000000,0.00795212,0.00000000,0.00000000,0.00000000,0.00000000,0.00794883,0.00000000,0.36527244,0.00000000,0.00000000,0.00000000
0.00000000,0.00000000,0.00479822,0.00000000,0.00000000,0.00000000,0.02231673,0.00000000,0.00000000,0.01780876,0.00242068,0.00000000,0.00000000,0.00000000,0.00000000,0.00000000,0.00000000,0.00000000,0.00000000,0.00000000,0.05111430,0.02240417,0.00609527,0.00000000,0.00219753,0.02450566,0.00000000,0.00000000,0.00335183,0.00000000,0.00000000,0.00000000,0.00000000,0.00000000,0.00104774,0.00000000,0.00000000,0.00000000,0.00000000,0.00000000,0.00000000,0.00000000,0.00000000,0.00000000,0.00000000,0.00000000,0.00000000,0.00000000,0.00000000,0.00000000,0.00000000,0.00000000,0.00000000,0.00000000,0.00000000,0.00000000,0.00425783,0.00000000,0.00000000,0.00000000,0.00000000,0.00000000,0.00000000,0.00000000,0.00000000,0.00000000,0.01465188,0.00000000,0.00000000,0.00000000,0.00000000,0.00000000,0.00000000,0.12389215,0.00000000,0.00000000,0.00000000,0.00000000,0.00000000,0.00000000,0.00000000,0.00000000,0.00000000,0.00000000,0.00000000,0.00000000,0.00000000,0.00091349,0.00000000,0.00000000,0.00000000,0.00000000,0.00000000,0.00000000,0.00000000,0.00000000,0.00000000,0.00282507,0.00000000,0.00000000,0.00000000,0.00000000,0.00000000,0.02331601,0.13998781,0.00000000,0.00000000,0.00000000,0.00000000,0.00000000,0.00000000,0.00000000,0.00000000,0.00000000,0.10352504,0.00000000,0.00000000,0.00000000,0.00000000,0.00000000,0.00757345,0.00000000,0.00000000,0.00000000,0.00000000,0.00000000,0.00000000,0.00000000,0.00000000,0.00440335,0.00000000,0.00000000,0.00000000,0.00000000,0.00000000,0.00000000,0.00000000,0.00000000,0.00000000,0.00000000,0.00116872,0.00000000,0.00000000,0.00000000,0.00000000,0.00000000,0.00000000,0.00000000,0.00000000,0.00000000,0.00000000,0.00000000,0.00000000,0.00000000,0.00000000,0.00000000,0.00000000,0.00000000,0.00000000,0.00000000,0.00000000,0.00133174,0.02864205,0.00000000,0.00000000,0.00000000,0.00000000,0.00000000,0.00000000,0.00324040,0.00000000,0.01121903,0.00000000,0.00000000,0.00000000,0.00000000,0.00000000,0.00000000,0.00000000,0.00460927,0.00000000,0.00000000,0.00000000,0.00000000,0.00000000,0.00000000,0.00000000,0.03378092,0.00000000,0.00000000,0.00000000,0.00000000,0.01279178,0.00000000,0.00000000,0.00000000,0.00000000,0.00000000,0.00000000,0.00000000,0.00000000,0.00000000,0.00000000,0.96479509,0.00000000,0.00000000,0.00257995,0.04996072,0.00356809,0.00135392,0.00000000,0.00000000,0.00000000,0.00000000,0.00000000,0.00000000,0.00000000,0.00000000,0.00000000,0.00000000,0.00000000,0.01129489,0.00000000,0.03676297,0.00000000,0.00000000,0.00000000,0.00000000,0.03736386,0.00000000,0.04939147,0.00000000,0.00000000,0.00000000,0.01812948,0.00000000,0.00000000,0.00000000,0.00000000,0.00000000,0.00000000,0.00000000,0.00000000,0.00000000,0.00000000,0.08476993,0.00000000,0.00886329,0.00000000,0.00095558,0.01448910,0.00000000,0.00000000,0.00069567,0.00000000,0.00000000,0.00000000,0.00000000,0.00000000,0.00000000,0.00000000,0.00000000,0.00000000,0.00000000,0.00000000,0.00000000,0.00000000,0.00000000,0.00000000,0.40585634,0.00000000,0.00000000,0.03149850,0.00000000,0.00000000,0.00000000,0.00000000,0.00000000,0.00000000,0.00000000,0.00000000,0.00000000,0.02633499,0.06872853,0.00000000,0.00000000,0.00000000,0.00000000,0.00000000,0.00000000,0.00000000,0.00000000,0.00000000,0.20412923,0.00000000,0.00000000,0.00000000,0.00000000,0.00000000,0.00000000,0.00000000,0.00000000,0.00000000,0.00000000,0.00000000,0.00000000,0.00000000,0.00000000,0.00000000,0.00000000,0.00000000,0.00000000,0.00000000,0.00000000,0.00000000,0.00000000,0.00000000,0.00000000,0.00000000,0.00000000,0.00000000,0.00000000,0.00000000,0.00000000,0.04854400,0.00000000,0.00000000,0.00000000,0.00000000,0.00000000,0.00000000,0.00000000,0.00000000,0.00000000,0.00000000,0.02395583,0.00000000,0.00000000,0.00372832,0.00000000,0.00000000,0.00000000,0.00000000,0.00000000,0.00000000,0.00000000,0.00000000,0.00000000,0.00000000,0.00082275,0.00000000,0.00000000,0.00000000,0.00000000,0.00000000,0.00000000,0.00000000,0.00986387,0.00139761,0.00000000,0.00000000,0.00000000,0.00000000,0.00000000,0.00000000,0.00000000,0.00000000,0.00000000,0.00000000,0.00000000,0.00000000,0.00000000,0.15359767,0.00000000,0.00000000,0.00000000,0.00000000,0.00000000,0.00000000,0.00000000,0.08941591,0.00000000,0.00310985,0.00000000,0.00000000,0.00000000,0.00000000,0.00000000,0.00000000,0.00000000,0.00000000,0.00000000,0.00000000,0.00000000,0.00000000,0.00000000,0.00000000,0.00000000,0.00000000,0.00000000,0.00000000,0.00000000,0.00000000,0.00000000,0.00000000,0.00000000,0.00000000,0.00000000,0.00000000,0.00000000,0.00000000,0.00000000,0.00000000,0.02153130,0.02943928,0.00000000,0.00000000,0.00000000,0.00000000,0.00000000,0.04434571,0.00000000,0.00000000,0.01123495,0.00000000,0.00000000,0.00000000,0.00000000,0.00000000,0.00000000,0.00000000,0.00000000,0.00000000,0.00000000,0.00000000,2.96414742,0.00000000,0.00000000,0.00000000,0.00000000,0.00000000,0.00000000,0.01784202,0.00000000,0.00000000,0.00000000,0.00000000,0.00000000,0.00000000,0.00000000,0.00000000,0.00000000,0.00000000,0.00000000,0.00000000,0.00000000,0.00000000,0.00000000,0.00000000,0.00000000,0.20344467,0.00000000,0.00000000,0.00000000,0.00000000,0.00000000,0.00000000,0.00000000,0.00208466,0.00000000,0.00000000,0.00000000,0.00000000,0.00000000,0.00000000,0.03143483,0.00000000,0.00000000,0.00000000,0.00000000,0.00000000,0.00000000,0.00000000,0.00000000,0.00000000,1.00058099,0.00000000,0.00743305,0.00000000,0.00000000,0.00000000,0.00000000,0.00000000,0.00000000,0.00000000,0.00000000,0.00000000,0.00000000,0.00000000,0.00000000,0.00000000,0.00075960,0.00000000,0.00000000,0.00000000,0.00115189,0.00000000,0.00385590,0.01386810,0.00861030,0.00000000,0.00000000,0.00000000,0.00000000,0.00733831,0.00000000,0.00000000,0.00000000,0.00000000,0.00000000,0.00000000,0.00000000,0.00000000,0.00000000,0.01318437,0.00000000,0.00000000,0.00679674,0.00000000,0.00000000,0.00000000,0.00000000,0.00000000,0.00000000,0.00000000,0.02870707,0.00000000,0.00000000,0.00000000,0.00000000,0.00000000,0.00000000,0.00000000,0.00000000,0.00000000,0.00000000,0.00000000,0.01850013,0.00000000,0.05674003,0.00000000,0.00000000,0.00000000,0.00250121,0.00000000,0.00000000,0.00000000,0.00000000,0.00319238,0.00000000,0.00000000,0.01638818,0.00000000,0.00000000,0.00000000,0.00000000,0.00637076,0.00000000,0.00000000,0.00000000,0.00000000,0.00000000,0.00000000,0.00000000,0.00000000,0.00000000,0.00000000,0.01162978,0.00000000,0.00000000,0.00000000,0.00000000,0.00000000,0.00000000,0.00000000,0.00000000,0.00000000,0.00000000,0.00000000,0.00000000,0.03747416,0.00000000,0.00000000,0.00000000,0.00000000,0.00000000,0.00000000,0.00000000,0.00000000,0.00000000,0.00000000,0.00000000,0.00122721,0.00000000,0.00000000,0.00000000,0.00000000,0.00000000,0.00000000,0.00000000,0.00000000,0.00000000,0.00000000,0.00000000,0.00000000,0.00327749,0.00000000,0.00000000,0.00000000,0.00000000,0.00000000,0.00794310,0.00000000,0.00000000,0.00000000,0.00000000,0.00000000,0.00000000,0.00000000,0.00000000,0.00000000,0.00000000,0.00000000,0.00000000,0.00000000,0.00000000,0.00000000,0.00000000,0.00000000,0.01314268,0.00000000,0.00000000,0.00429931,0.00000000,0.00000000,0.00000000,0.02180072,0.01736031,0.00000000,0.00000000,0.00000000,0.00000000,0.00262470,0.00000000,0.00000000,1.32784592,0.00000000,0.00000000,0.00000000,0.00000000,0.00000000,0.00000000,0.00000000,0.00000000,0.00149482,0.01056903,0.00000000,0.00000000,0.00000000,0.00000000,0.00000000,0.00000000,0.00000000,0.00000000,0.00133466,0.00000000,0.00000000,0.00000000,0.00000000,2.47370541,0.00000000,0.01511951,0.00000000,0.00000000,0.00000000,0.00000000,0.00311720,0.00000000,0.00000000,0.04009258,0.00000000,0.00000000,0.00000000,0.00000000,0.00000000,0.01360718,0.00000000,0.00000000,0.00000000,0.00000000,0.00000000,0.00000000,0.00000000,0.00000000,0.00000000,0.00000000,0.00000000,0.00000000,0.00000000,0.00167678,0.00000000,0.00000000,0.00000000,0.00000000,0.00000000,0.00000000,0.00000000,0.00000000,0.00000000,0.00000000,0.00000000,0.00348039,0.00168338,0.00000000,0.00000000,0.00000000,0.02408165,0.00000000,0.00000000,0.00000000,0.00000000,0.00000000,0.13317121,0.00000000,0.00000000,0.00000000,0.00403727,0.00000000,0.00000000,0.00000000,0.00000000,0.00000000,0.00000000,0.00000000,0.00462236,0.00000000,0.00000000,0.00000000,0.00000000,0.00000000,0.00000000,0.00000000,0.00000000,0.00000000,0.00080487,0.00000000,0.00000000,0.00000000,0.00000000,0.00000000,0.00000000,0.00000000,0.00000000,0.00000000,0.00000000,0.00000000,0.00000000,0.00719253,0.07321216,0.00000000,0.00000000,0.00000000,0.00000000,0.00000000,0.00000000,0.00000000,0.00000000,0.00000000,0.00000000,0.00000000,0.00000000,0.00000000,0.00000000,0.00000000,0.00000000,0.00000000,0.00197686,0.00000000,0.00000000,0.00000000,0.00000000,0.00000000,0.00000000,0.00000000,0.00000000,0.00000000,0.00000000,0.00000000,0.00000000,0.00000000
0.00000000,0.00000000,0.00000000,0.00000000,0.00000000,0.00000000,0.00000000,0.00000000,0.00586494,0.10232348,0.00000000,0.00000000,0.11505618,0.00000000,0.00254343,0.00000000,0.00000000,0.00534653,0.00000000,0.00000000,0.00000000,0.01464535,0.04609074,0.00000000,0.00000000,0.00290118,0.00000000,0.07720637,0.00000000,0.00000000,0.00000000,0.00000000,0.00000000,0.00000000,0.00000000,0.00000000,0.00000000,0.00000000,0.00000000,0.00103401,0.00000000,0.00000000,0.01130032,0.00000000,0.00000000,0.00000000,0.00000000,0.00000000,0.00000000,0.01203824,0.00000000,0.00000000,0.00000000,0.00000000,0.00000000,0.00203398,0.00000000,0.00000000,0.00000000,0.00000000,0.00000000,0.00000000,0.00233857,0.00000000,0.00000000,0.00000000,0.00000000,0.00694782,0.00000000,0.00000000,0.00000000,0.00000000,0.00000000,0.00000000,0.00000000,0.00000000,0.00000000,0.00433143,0.00000000,0.00000000,0.00000000,0.00000000,0.00000000,0.00000000,0.06362803,0.00000000,0.00000000,0.00000000,0.00000000,0.00000000,0.01415162,0.00000000,0.00266834,0.00000000,0.00000000,0.00000000,0.00000000,0.00338820,0.00000000,0.00000000,0.00000000,0.00000000,0.00000000,0.11272327,0.00000000,0.01488993,0.00971425,0.00000000,0.00000000,0.00000000,0.00000000,0.00000000,0.00000000,0.00000000,0.00505087,0.00000000,0.00000000,0.00000000,0.00000000,0.00000000,0.00000000,0.00000000,0.01086883,0.00000000,0.00000000,0.00840620,0.00000000,0.00000000,0.00000000,0.00000000,0.00000000,0.00000000,0.00000000,0.00000000,0.00000000,0.00000000,0.00000000,0.00000000,0.00000000,0.00000000,0.00000000,0.00000000,0.00000000,0.00000000,0.00000000,0.00000000,0.00000000,0.00848745,0.00000000,0.00000000,0.00000000,0.00000000,0.00000000,0.02127730,0.00000000,0.00000000,0.00000000,0.00000000,0.00796668,0.00000000,0.00000000,0.00000000,0.00777697,0.00000000,0.00000000,0.00000000,0.00000000,0.00000000,0.00000000,0.00000000,0.00000000,0.00000000,0.00000000,0.00000000,0.00000000,0.00000000,0.00000000,0.00000000,0.00000000,0.00000000,0.00000000,0.00000000,0.00000000,0.00000000,0.00000000,0.00000000,0.00000000,0.00093012,0.01465987,0.00839549,0.00000000,0.00000000,0.00000000,0.00000000,0.00000000,0.00000000,0.00000000,0.00277629,0.00000000,0.00000000,0.03472590,0.00000000,0.03276524,0.00000000,0.01038081,0.02175005,0.00000000,0.00000000,0.00000000,0.00000000,0.00000000,0.00000000,0.00000000,0.00000000,0.00000000,0.00000000,0.00000000,0.00000000,0.00000000,0.00000000,0.00000000,0.00000000,0.00154655,0.00000000,0.00000000,0.00000000,0.00000000,0.00000000,0.00000000,0.00000000,0.00000000,0.00000000,0.00000000,0.00000000,0.00000000,0.00000000,0.00000000,0.00000000,0.00000000,0.00000000,0.01030822,0.00000000,0.00000000,0.00000000,0.00000000,0.00000000,0.00000000,0.00000000,0.00000000,0.00000000,0.00000000,0.00000000,0.00000000,0.00318303,0.00000000,0.00000000,0.00000000,0.00000000,0.00000000,0.00000000,0.00000000,0.00000000,0.00000000,0.00000000,0.00000000,0.00000000,0.00000000,0.00682293,0.10796983,0.00000000,0.00232137,0.00000000,0.00000000,0.00856705,0.00000000,0.00000000,0.00000000,0.00000000,0.00000000,0.27999336,0.00000000,0.00000000,0.00000000,0.01619028,0.00000000,0.00000000,0.00000000,0.00000000,0.00000000,0.00000000,0.01900402,0.00000000,0.00000000,0.00000000,0.00000000,0.00000000,0.00742024,0.00000000,0.00000000,0.00000000,0.00208465,0.00000000,0.00000000,0.00000000,0.00000000,0.00000000,0.01742126,0.00000000,0.00000000,0.00000000,0.00000000,0.00000000,0.28470604,0.00000000,0.00000000,0.00000000,0.00000000,0.00000000,0.00000000,0.00000000,0.00000000,0.00000000,0.00000000,0.00000000,0.00000000,0.00000000,0.00000000,0.00000000,0.00000000,0.00000000,0.00000000,0.00000000,0.00000000,0.00000000,0.00000000,0.00000000,0.00000000,0.00000000,0.00000000,0.00000000,0.00000000,0.00000000,0.11949308,0.00000000,0.00000000,0.00000000,0.00000000,0.02204122,0.00000000,0.00000000,0.00000000,0.00000000,0.00000000,0.00984958,0.00000000,0.00000000,0.00000000,0.00000000,0.00000000,0.00000000,0.00000000,0.00000000,0.00510230,0.00000000,0.00000000,0.00000000,0.00000000,0.00000000,0.00000000,0.00856886,0.00000000,0.00000000,0.00000000,0.00000000,0.00000000,0.00000000,0.00000000,0.00000000,0.00000000,0.00000000,0.00000000,0.00000000,0.00000000,0.00000000,0.00663704,0.00000000,0.00000000,0.00000000,0.00000000,0.00000000,0.07245767,0.00000000,0.00000000,0.00000000,0.00000000,0.00000000,0.00000000,0.00000000,0.00000000,0.00000000,0.00000000,0.00000000,0.00528147,0.00000000,0.00000000,0.00000000,0.00000000,0.00000000,0.04619535,0.00000000,0.00000000,0.00000000,0.00000000,0.00000000,0.00000000,0.00000000,0.00000000,0.00000000,0.00539563,0.00000000,0.00000000,0.00000000,0.00000000,0.00000000,0.00000000,0.00000000,0.00000000,0.00000000,0.00000000,0.00000000,0.00000000,0.00000000,0.00000000,0.00000000,0.00000000,0.00000000,0.00000000,0.04178443,0.00000000,0.00000000,0.00000000,0.00000000,0.00000000,0.00290295,0.00000000,0.00000000,0.00000000,0.00000000,0.00000000,0.00000000,0.00000000,0.00000000,0.00000000,0.00000000,0.00000000,0.00000000,0.00000000,0.00000000,0.00000000,0.00000000,0.00000000,0.00000000,0.00000000,0.00000000,0.00000000,0.00000000,0.00000000,0.00000000,0.00000000,0.01888919,0.00000000,0.00000000,0.00000000,0.00000000,0.00616019,0.00000000,0.00000000,0.00273894,0.00000000,0.00000000,0.02342419,0.00000000,0.00000000,0.00000000,0.00000000,0.00000000,0.00000000,0.00000000,0.00000000,0.00000000,0.00000000,0.00000000,0.00000000,0.00000000,0.00000000,0.00000000,0.00000000,0.00472134,0.00000000,0.00000000,0.00000000,0.00000000,0.00000000,0.00000000,0.00000000,0.00000000,0.00000000,0.00088158,0.00000000,0.00000000,0.04564629,0.00000000,0.00000000,0.00000000,0.00000000,0.00000000,0.00000000,0.00000000,0.00000000,0.00000000,0.01725502,0.00000000,0.00934612,0.00000000,0.00000000,0.00000000,0.02968047,0.00000000,0.00000000,0.00000000,0.00000000,0.00000000,0.00000000,0.00000000,0.00000000,0.00000000,0.00000000,0.00000000,0.00000000,0.00000000,0.00000000,0.00000000,0.00000000,0.00000000,0.00000000,0.00000000,0.00000000,0.00000000,0.00000000,0.00940873,0.00000000,0.00000000,0.00000000,0.00000000,0.00000000,0.35684453,0.03421376,0.00000000,0.00000000,0.00000000,0.00000000,0.00000000,0.00000000,0.00831104,0.29327156,0.00000000,0.00000000,0.00000000,0.00000000,0.00000000,0.06504778,0.00000000,0.00000000,0.02362638,0.00000000,0.00000000,0.00115803,0.00000000,0.00000000,0.00000000,0.00000000,0.00000000,0.00000000,0.00000000,0.05324405,0.00000000,0.00000000,0.00174469,0.00000000,0.00000000,0.00057648,0.00000000,0.00000000,0.00000000,0.00000000,0.00000000,0.00000000,0.00000000,0.00000000,0.00000000,0.00000000,0.00000000,0.00000000,0.00000000,0.00000000,0.00000000,0.00000000,0.00000000,0.00000000,0.00000000,0.00000000,0.00000000,0.00000000,0.00000000,0.00347579,0.00000000,0.00000000,0.00000000,0.00000000,0.00000000,0.00000000,0.00000000,0.00000000,0.01152130,0.00000000,0.00000000,0.05892811,0.00676628,0.00000000,0.00000000,0.00000000,0.00000000,0.00000000,0.00000000,0.00000000,0.00000000,0.00000000,0.00000000,0.00000000,0.00771592,0.01893108,0.00000000,0.00000000,0.00000000,0.00000000,0.00000000,0.01290045,0.00000000,0.00000000,0.00150125,0.00000000,0.00000000,0.00000000,0.00000000,0.00193713,0.00000000,0.00000000,0.00000000,0.00000000,0.00000000,0.00000000,0.00000000,0.00000000,0.00000000,0.00000000,0.00000000,0.00000000,0.00000000,0.00000000,0.00230249,0.00000000,0.00000000,0.00000000,0.00000000,0.00000000,0.00000000,0.02956614,0.00000000,0.00000000,0.00000000,0.01144036,0.00000000,0.00000000,0.00000000,0.00000000,0.00000000,0.00000000,0.06525871,0.00000000,0.00000000,0.00000000,0.00602035,0.00000000,0.00000000,0.00000000,0.03550285,0.00000000,0.00000000,0.00000000,0.16347456,0.00000000,0.00000000,0.00000000,0.00000000,0.00000000,0.00000000,0.00000000,0.00000000,0.00000000,0.00000000,0.04958949,0.00000000,0.00000000,0.00000000,0.00321578,0.00000000,0.00000000,0.00000000,0.00000000,0.00000000,0.00000000,0.00000000,0.00000000,0.00000000,0.00000000,0.00000000,0.00000000,0.00000000,0.00000000,0.00000000,0.00000000,0.00000000,0.00000000,0.00000000,0.00000000,0.00000000,0.00000000,0.00000000,0.00000000,0.00000000,0.00000000,0.00000000,0.00000000,0.00000000,0.00362753,0.00000000,0.00000000,0.00000000,0.00000000,0.00000000,0.00000000,0.12578624,0.00000000,0.00000000,0.00000000,0.00000000,0.00000000,0.26235809,0.00000000,0.00644122,0.00000000,0.00000000,0.00000000,0.00000000,0.00607776,0.00000000,0.00000000,0.00000000,0.00000000,0.00000000,0.00558354,0.00000000,0.00000000,0.01003939,0.00000000,0.00000000,0.08254477,0.00000000,0.00000000,0.00000000,0.00000000,0.00000000,0.00000000,0.00000000,0.00000000,0.00151272,0.00000000,0.00000000,0.00158905,0.00000000,0.00000000,0.00000000,0.00000000,0.01566715,0.00000000,0.00000000,0.00000000,0.00000000,0.00000000,0.00000000
0.00000000,0.00000000,0.00000000,0.00000000,0.00142159,1.32458381,0.00000000,0.00000000,0.00000000,0.00000000,0.00000000,0.00000000,0.02958336,0.00000000,0.05058896,0.00000000,0.00000000,0.00000000,0.05763658,0.00000000,0.00000000,0.00000000,0.00000000,0.00000000,0.00000000,0.00000000,0.00000000,0.00000000,0.00000000,0.00000000,0.00000000,0.02934124,0.00000000,0.00000000,0.00000000,0.00000000,0.00000000,0.00000000,0.00000000,0.00000000,0.00000000,0.00000000,0.00132392,0.00000000,0.00000000,0.00000000,0.00000000,0.00000000,0.00000000,0.00649867,0.00000000,0.00000000,0.00000000,0.00000000,0.00000000,0.00086214,0.00000000,0.00000000,0.00000000,0.00000000,0.00000000,0.00000000,0.00000000,0.00000000,0.00154757,0.00000000,0.01250815,0.00000000,0.00000000,0.00000000,0.00000000,0.00000000,0.00000000,2.55925083,0.00000000,0.00000000,0.00000000,0.00000000,0.00000000,0.00000000,0.00000000,0.00000000,0.00000000,0.00000000,0.00000000,0.00000000,0.00000000,0.00000000,0.00000000,0.00000000,0.00000000,0.01554186,0.00774691,0.00000000,0.00000000,0.00000000,0.00000000,0.00000000,0.00000000,0.00000000,0.00000000,0.00000000,0.00000000,0.81039521,0.00000000,0.00000000,0.00000000,0.00000000,0.00000000,0.00000000,0.00000000,0.00000000,0.00000000,0.00000000,0.00000000,0.00000000,0.00000000,0.00000000,0.00000000,0.00000000,0.00000000,0.00000000,0.00000000,0.00000000,0.00171584,0.00000000,0.00000000,0.00000000,0.00000000,0.00000000,0.00000000,0.00000000,0.00000000,0.00000000,1.22772243,0.06497771,0.12841897,0.00000000,0.00000000,0.00000000,0.00000000,0.00000000,0.00000000,0.00000000,0.00000000,0.00000000,0.00395310,0.00000000,0.00000000,0.00000000,0.00000000,0.00000000,0.00000000,0.00000000,0.00000000,0.00000000,0.00162841,0.00000000,0.00000000,0.00000000,0.00000000,0.00000000,0.00000000,0.00000000,0.00000000,0.00000000,0.00000000,0.00000000,0.00000000,0.00000000,0.00000000,0.00000000,0.00000000,0.00000000,0.00000000,0.00000000,0.00660236,0.00000000,0.00000000,0.00000000,0.00000000,0.00000000,0.47264291,0.00000000,0.00000000,0.00000000,0.00000000,0.00000000,0.00000000,0.00000000,0.00000000,0.00000000,0.00567041,0.00000000,0.00000000,0.00000000,0.00000000,0.00649751,0.00000000,0.00000000,0.00000000,0.00000000,0.00000000,0.00000000,0.00086072,0.00000000,0.00000000,0.00000000,0.00000000,0.00000000,0.00000000,0.03311457,0.00000000,0.00000000,0.00000000,0.00000000,0.00000000,0.00000000,0.00000000,0.00000000,0.00000000,0.00401017,0.00000000,0.00000000,0.00252130,0.00000000,0.00067647,0.00000000,0.00000000,0.00000000,0.00000000,0.00000000,0.00000000,0.00000000,0.00000000,0.00000000,0.00000000,0.00000000,0.05399937,0.00416514,0.00000000,0.00861453,0.00000000,0.00000000,0.00000000,0.00000000,0.00000000,0.00000000,0.00000000,0.00000000,0.00089646,0.00000000,0.00000000,0.00000000,0.00000000,0.00000000,0.00000000,0.00000000,0.00000000,0.00000000,0.00000000,0.00000000,0.00000000,0.00000000,0.00000000,0.00000000,0.00245161,0.00000000,0.00000000,0.00000000,0.00000000,0.03889946,0.00932983,0.01324518,0.00000000,0.00000000,0.00000000,0.00000000,0.00000000,0.00000000,0.00000000,0.00000000,0.00000000,0.01139946,0.00000000,0.02435579,0.00735594,0.00000000,0.00000000,0.00000000,0.00000000,0.00120702,0.00000000,0.00000000,0.00000000,0.00000000,0.01012221,0.00000000,0.00000000,0.00000000,0.00000000,0.00000000,0.04452626,0.00000000,0.00000000,0.00000000,0.00000000,0.00000000,0.00687599,0.00000000,0.00000000,0.00000000,0.01920757,0.00000000,0.00000000,0.03861771,0.00000000,0.00000000,0.00000000,0.00000000,0.00000000,0.00000000,0.00000000,0.00000000,0.00618598,0.00000000,0.00000000,0.00000000,0.00000000,0.00000000,0.00000000,0.00000000,0.00000000,0.00613670,0.00000000,0.00000000,0.00000000,0.00000000,0.00649379,0.00000000,0.00000000,0.00000000,0.00000000,0.00000000,0.00000000,0.00000000,0.00000000,0.00000000,0.00000000,0.00000000,0.00000000,0.00000000,0.00000000,0.00000000,0.00000000,0.00000000,0.00000000,0.00000000,0.00000000,0.00000000,0.00000000,0.00000000,0.00000000,0.01962317,0.00000000,0.00000000,0.00000000,0.00954621,0.00000000,0.00000000,0.00000000,0.00000000,0.00000000,0.00000000,0.00000000,0.00000000,0.00000000,0.00000000,0.04530986,0.00000000,0.00000000,0.00000000,0.00064279,1.03656061,0.00000000,0.00000000,0.00000000,0.00000000,0.00000000,0.00000000,0.00000000,0.00000000,0.00265480,0.00000000,0.00000000,0.00000000,0.00000000,0.01359627,0.00000000,0.00000000,0.00000000,0.00000000,0.00000000,0.00000000,0.00000000,0.00000000,0.00000000,0.00000000,0.00000000,0.00000000,0.00000000,0.00000000,0.02888683,0.00000000,0.00160969,0.00000000,0.00000000,0.00000000,0.00000000,0.00000000,0.00000000,0.00000000,0.00407962,0.00000000,0.00000000,0.00000000,0.00000000,0.00000000,0.00000000,0.00000000,0.00000000,0.00000000,0.00000000,0.00000000,0.00000000,0.00000000,0.02967064,0.00000000,0.00000000,0.00000000,0.00000000,0.00000000,0.00000000,0.00000000,0.00000000,0.00000000,0.00000000,0.00000000,0.00000000,0.00000000,0.00000000,0.00000000,0.00000000,0.00000000,0.01101833,0.00000000,0.01423594,0.00763366,0.00000000,0.00000000,0.02675265,0.00000000,0.00000000,0.00000000,0.00000000,0.00000000,0.00000000,0.00332959,0.00000000,0.00000000,0.00792887,0.00000000,0.00000000,0.00000000,0.00000000,0.00000000,0.00000000,0.00000000,0.00000000,0.00000000,0.00000000,0.00000000,0.00000000,0.00000000,0.00000000,0.00000000,0.00000000,0.00000000,0.00000000,0.00000000,0.00000000,0.00000000,0.00000000,0.04938875,0.00000000,0.00000000,0.00000000,0.00000000,0.80911924,0.00000000,0.00000000,0.00000000,0.00000000,0.02149178,0.00000000,0.00000000,0.00000000,0.00000000,0.00251270,0.00000000,0.00000000,0.00000000,0.00000000,0.00159355,0.00000000,0.00000000,0.01483267,0.00000000,0.00000000,0.04921307,0.00000000,0.00000000,0.00000000,0.00000000,0.00000000,0.00000000,0.00000000,0.00000000,0.00000000,0.00000000,0.00000000,0.00000000,0.00000000,0.00086967,0.00000000,0.01169428,0.00000000,0.00000000,0.00000000,0.00000000,0.00000000,0.00000000,0.00000000,0.00000000,0.00000000,0.00000000,0.00000000,0.00000000,0.00000000,0.00000000,0.00000000,0.00000000,0.01699827,0.00000000,0.01777204,0.25215385,0.00000000,0.00000000,0.00000000,0.00497280,0.00000000,0.00000000,0.00000000,0.00000000,0.00000000,0.00662582,0.00000000,0.00000000,0.00000000,0.00000000,0.00000000,0.00000000,0.00000000,0.00000000,0.00115472,0.00000000,0.00000000,0.00000000,0.00000000,0.00000000,0.00000000,0.00000000,0.00000000,0.00000000,0.00000000,0.00000000,0.00000000,0.00000000,0.01773748,0.00000000,0.00000000,0.00000000,0.00000000,0.00000000,0.00000000,0.00000000,0.00000000,0.00000000,0.13644538,0.00000000,0.00000000,0.00000000,0.00000000,0.00000000,0.00000000,0.00000000,0.00000000,0.00000000,0.00000000,0.00000000,0.00000000,0.00000000,0.00000000,0.00000000,0.00794206,0.00000000,0.00000000,0.00000000,0.00000000,0.00000000,0.00000000,0.00000000,0.00000000,0.00000000,0.00000000,0.00000000,0.00000000,0.00000000,0.00000000,0.00000000,0.00744672,0.00000000,0.00000000,0.00000000,0.00215458,0.00000000,0.00000000,0.00000000,0.00000000,0.00000000,0.00000000,0.00000000,0.00000000,0.00000000,0.00000000,0.01588195,0.00000000,0.00578373,0.00000000,0.00000000,0.00000000,0.00000000,0.00000000,0.00000000,0.00000000,0.00000000,2.51351223,0.00000000,0.00000000,0.00000000,0.00000000,0.00000000,0.00000000,0.00000000,0.00000000,0.00171907,0.00000000,0.00000000,0.00000000,0.01026831,0.00000000,0.00000000,0.00000000,0.00000000,0.00000000,0.00000000,0.00000000,0.00000000,0.00000000,0.01327431,0.00000000,0.00000000,0.00000000,0.00000000,0.00000000,0.00000000,0.00000000,0.00000000,0.03960106,1.31394463,0.00000000,0.00226477,0.00000000,2.00334610,0.00000000,0.00000000,0.00000000,0.00000000,0.00000000,0.00000000,0.00000000,0.00000000,1.47610884,0.00000000,0.00000000,0.02281502,0.00000000,0.01074348,0.00000000,0.00000000,0.00000000,0.00000000,0.00628659,0.00000000,0.00000000,0.00000000,0.00000000,0.00000000,0.00000000,0.00000000,0.01415112,0.00000000,0.00000000,0.00000000,0.00000000,0.00245629,0.00000000,0.00000000,0.00000000,0.00000000,0.17172890,0.01390650,0.00000000,0.00000000,0.00000000,0.00000000,0.00000000,0.00000000,0.00000000,0.00000000,0.00000000,0.00000000,0.00000000,0.00000000,0.00000000,0.00000000,0.00000000,0.00212610,0.00000000,0.00000000,0.00000000,0.00000000,0.00000000,0.00000000,0.00000000,0.00000000,0.02910842,0.00000000,0.00000000,0.00000000,0.00000000,0.23532134,0.00000000,0.00943586,0.06579595,0.00000000,0.00539484,0.00000000,0.00000000,0.00000000,0.00000000,0.00000000,0.00000000,0.00000000,0.00000000,0.00000000,0.00090383,0.00000000,0.00000000,0.00000000,0.00000000,0.00000000,0.00000000,0.00000000,0.00000000,0.00000000,0.00000000,0.02690982,0.00000000,0.00000000,0.00000000,1.64338160,0.00000000,0.00000000,0.00000000,0.00000000,0.00000000,0.00000000,0.00000000,0.00000000
0.00000000,0.00000000,0.00000000,0.00000000,0.00000000,0.00000000,0.00000000,0.00000000,0.00000000,0.00000000,0.00000000,0.00000000,0.00130409,0.00000000,0.00000000,0.03262849,0.00238750,0.00000000,0.00000000,0.00000000,0.00000000,0.00000000,0.00000000,0.00000000,0.00000000,0.00000000,0.00333374,0.00000000,0.00000000,0.00000000,0.00000000,0.00000000,0.00000000,0.00000000,0.00000000,0.00000000,0.00000000,0.00000000,0.00000000,0.00000000,0.00000000,0.00000000,0.00000000,0.00000000,0.00000000,0.00000000,0.00000000,0.00000000,0.00000000,0.00000000,0.00000000,0.00000000,0.00000000,0.00000000,0.00000000,0.00000000,0.00000000,0.00000000,0.00000000,0.00000000,0.00000000,0.00000000,0.00000000,0.00000000,0.00074171,0.00000000,0.00930257,0.00000000,0.00000000,0.00000000,0.00000000,0.00000000,0.00000000,0.02242797,0.00000000,0.00000000,0.00000000,0.00000000,0.00000000,0.00437813,0.00000000,0.00000000,0.00000000,0.00000000,0.00000000,0.00000000,0.00000000,0.00000000,0.00000000,0.00000000,0.00000000,0.00000000,0.00000000,0.00000000,0.00354696,0.00000000,0.00000000,0.00000000,0.00000000,0.00000000,0.00000000,0.00000000,0.00000000,0.00000000,0.00648482,0.00000000,0.00000000,0.00000000,0.00000000,0.01183771,0.00000000,0.00000000,0.00000000,0.00000000,0.00000000,0.00000000,0.00000000,0.00000000,0.00000000,0.00000000,0.00239895,0.00000000,0.00000000,0.00000000,0.00000000,0.00000000,0.00765191,0.00000000,0.00000000,0.00000000,0.00000000,0.00000000,0.00000000,0.00000000,0.00000000,0.00000000,0.00000000,0.00000000,0.00000000,0.00000000,0.00352047,0.05127485,0.21969466,0.00000000,0.00000000,0.00000000,0.00000000,0.00000000,0.00000000,0.00000000,0.00000000,0.10069666,0.00000000,0.00000000,0.00000000,0.00000000,0.00000000,0.00000000,0.00000000,0.00000000,0.00000000,0.00000000,0.00000000,0.00000000,0.00000000,0.00000000,0.00000000,0.00000000,0.00000000,0.00627337,0.00000000,0.00000000,0.00000000,0.00000000,0.00000000,0.00000000,0.00000000,0.00000000,0.00000000,0.00000000,0.00000000,0.00000000,0.00000000,0.00000000,0.00000000,0.00000000,0.00000000,0.00000000,0.00000000,0.00000000,0.00000000,0.00000000,0.00000000,0.00000000,0.00000000,0.00000000,0.00000000,0.00000000,0.00000000,0.00000000,0.00000000,0.00000000,0.00000000,0.00000000,0.00000000,0.00000000,0.00000000,0.00000000,0.00000000,0.00000000,0.00000000,0.00000000,0.00000000,0.00000000,0.00000000,0.00321366,0.00000000,0.00000000,0.00198671,0.03328518,0.00000000,0.00000000,0.00000000,0.06147832,0.00000000,0.00000000,0.07100750,0.00000000,0.00000000,0.00000000,0.00000000,0.00000000,0.00000000,0.00000000,0.00000000,0.00000000,0.00000000,0.00000000,0.00000000,0.00000000,0.00000000,0.00000000,0.00000000,0.00000000,0.02372874,0.00000000,0.10063267,0.00126411,0.00000000,0.00000000,0.00000000,0.00617112,0.00000000,0.00000000,0.00000000,0.00000000,0.00000000,0.00000000,0.00000000,0.02536035,0.00000000,0.00000000,0.00497630,0.00000000,0.00000000,0.00000000,0.00000000,0.00000000,0.00000000,0.00000000,0.00000000,0.00000000,0.00000000,0.00000000,0.00000000,0.00691041,0.00000000,0.00000000,0.00000000,0.00000000,0.00173307,0.00343358,0.01009640,0.00000000,0.00000000,0.00981465,0.00000000,0.00137483,0.00000000,0.00000000,0.00000000,0.00000000,0.00685648,0.00000000,0.00000000,0.00000000,0.00000000,0.00000000,0.00000000,0.00000000,0.00000000,0.00000000,0.00000000,0.00829424,0.00000000,0.00000000,0.00000000,0.00543771,0.00259425,0.00000000,0.00000000,0.00000000,0.01304700,0.00000000,0.00000000,0.00000000,0.00000000,0.00000000,0.00000000,0.00000000,0.00000000,0.00000000,0.00000000,0.00000000,0.00969252,0.00000000,0.00000000,0.00000000,0.00000000,0.00000000,0.00000000,0.00000000,0.00000000,0.00000000,0.00000000,0.00000000,0.00000000,0.00000000,0.00000000,0.00000000,0.00000000,0.00000000,0.00000000,0.03646908,0.00000000,0.00000000,0.00000000,0.00000000,0.00000000,0.00000000,0.00000000,0.11775594,0.02481861,0.00000000,0.00000000,0.00000000,0.00000000,0.00000000,0.00000000,0.00543758,0.00000000,0.00000000,0.00000000,0.00529969,0.00000000,0.00000000,0.00179262,0.00000000,0.00000000,0.00000000,0.00000000,0.00000000,0.00000000,0.00000000,0.00000000,0.00000000,0.00000000,0.00000000,0.00000000,0.00000000,0.00000000,0.00000000,0.00000000,0.00000000,0.00000000,0.00000000,0.00740356,0.00531872,0.00000000,0.00000000,0.00000000,0.00289589,0.00873111,0.00000000,0.00000000,0.00000000,0.00000000,0.00000000,0.02143377,0.00000000,0.00000000,0.00000000,0.00000000,0.00000000,0.03881061,0.00000000,0.00000000,0.00000000,0.00000000,0.00000000,0.00000000,0.00000000,0.00000000,0.00000000,0.00000000,0.00000000,0.00000000,0.00841618,0.00000000,0.00490509,0.00134099,0.00000000,0.00000000,0.00000000,0.00000000,0.00000000,0.00000000,0.00000000,0.00464171,0.00000000,0.00000000,0.00000000,0.00000000,0.28162814,0.00050509,0.00000000,0.00000000,0.00000000,0.00000000,0.00000000,0.00000000,0.00000000,0.00000000,0.00000000,0.00000000,0.00000000,0.00000000,0.00000000,0.55288777,0.00240776,0.00000000,0.00000000,0.00000000,0.00000000,0.13028621,0.00000000,0.00000000,0.00000000,0.00000000,0.00000000,0.00000000,0.00000000,0.00000000,0.00000000,0.00000000,0.00000000,0.01274545,0.00000000,0.00000000,0.00000000,0.00000000,0.00000000,0.00000000,0.00000000,0.00000000,0.00000000,0.00000000,0.00000000,0.00000000,0.00000000,0.00000000,0.00000000,0.00000000,0.00000000,0.00000000,0.00000000,0.00000000,0.00000000,0.00000000,0.00000000,0.00000000,2.34350320,0.00000000,0.00000000,0.00000000,0.00932309,0.00000000,0.19939538,0.00000000,0.00000000,0.00997624,0.00000000,0.00950985,0.00000000,0.00000000,0.00000000,0.00000000,0.00000000,0.00000000,0.00000000,0.00000000,0.00000000,0.00000000,0.00667247,0.00000000,0.00000000,0.00000000,0.00000000,0.00000000,0.00000000,0.00000000,0.00000000,0.00000000,0.00000000,0.00000000,0.00000000,0.00000000,0.00000000,0.00000000,0.00000000,0.00000000,0.00000000,0.00234196,0.00000000,0.00000000,0.00000000,0.00000000,0.00554704,0.00000000,0.00000000,0.00000000,0.00000000,0.00000000,0.00000000,0.00000000,0.00000000,0.00000000,0.00000000,0.00000000,0.00000000,0.00000000,0.00000000,0.00000000,0.07640319,0.00000000,0.00000000,0.00000000,0.00000000,0.00000000,0.00000000,0.00000000,0.00000000,0.05579626,0.02848468,0.00000000,0.00601448,0.00000000,0.00000000,0.00000000,0.00000000,0.00090611,0.00000000,0.00000000,0.00000000,0.00000000,0.00000000,0.00679497,0.00000000,0.00000000,0.00646373,0.00000000,0.00000000,0.00000000,0.00000000,0.00000000,0.00942370,0.00000000,0.00000000,0.00000000,0.00000000,0.00000000,0.00000000,0.00000000,0.00000000,0.00000000,0.00000000,0.00000000,0.00000000,0.00000000,0.00000000,0.00000000,0.00000000,0.00000000,0.00000000,0.00000000,0.00000000,0.00000000,0.00000000,0.00000000,0.00000000,0.00000000,0.00263705,0.00000000,0.00000000,0.01272599,0.00000000,0.00000000,0.00000000,0.00000000,0.00257874,0.00000000,0.00761844,0.02015907,0.00000000,0.00000000,0.00000000,0.00000000,0.00000000,0.01201209,0.00000000,0.00000000,0.00000000,0.00000000,0.00356088,0.00000000,0.00000000,0.00000000,0.00000000,0.00150200,0.00000000,0.03257497,0.00000000,0.00216242,0.00000000,0.00000000,0.00000000,0.00384369,0.00000000,0.00000000,0.00000000,0.01599666,0.00000000,0.00000000,0.00000000,0.00000000,0.00000000,0.00000000,0.00000000,0.14561522,0.00000000,0.00000000,0.00000000,0.00325716,0.00000000,0.00000000,0.00000000,0.00894478,0.00000000,0.00000000,0.00000000,0.00000000,0.00000000,0.00000000,0.00000000,0.00000000,0.00000000,0.00311609,0.01759035,0.00000000,0.00000000,0.00000000,0.00000000,0.00000000,0.00000000,0.00000000,0.00000000,0.12948992,0.00646000,0.00000000,0.00000000,0.02763155,0.00000000,0.00000000,0.00000000,0.00000000,0.00000000,0.00000000,0.00000000,0.00000000,0.00000000,0.00000000,0.00182086,0.00000000,0.00000000,0.00000000,0.00000000,0.00000000,0.00000000,0.00000000,0.00000000,0.00000000,0.00365966,0.00000000,0.00000000,0.00000000,0.00000000,0.00000000,0.00000000,0.00000000,0.05369663,0.00000000,0.00000000,0.00000000,0.00000000,0.00000000,0.00000000,0.13835542,0.08490212,0.73021652,0.00000000,0.00000000,0.00000000,0.00199669,0.00000000,0.01959734,0.00136634,0.00000000,0.00000000,0.00000000,0.00000000,0.01625106,0.00000000,0.00000000,0.00000000,0.00000000,0.00000000,0.00000000,0.00000000,0.00000000,0.00000000,0.00000000,0.00000000,0.00000000,0.00000000,0.00000000,0.00000000,0.00000000,0.00000000,0.00000000,0.00000000,0.15670156,0.00000000,0.01734451,0.00000000,0.00000000,0.00000000,0.00000000,0.00000000,0.00000000,0.00000000,0.00000000,0.00000000,0.00000000,0.00000000,0.00000000,0.00000000,0.00000000,0.00000000,0.00000000,0.00000000,0.00242532,0.00000000,0.00000000,0.00000000,0.00302472,0.00000000,0.00000000,0.00000000,0.00000000,0.00000000,0.01238596,0.00000000,0.00000000,0.00000000,0.00000000,0.00000000,0.00000000,0.00000000,0.00000000,0.00000000
0.00000000,0.27810129,0.00000000,0.00000000,0.00000000,0.00000000,0.00000000,0.00000000,0.00000000,0.00000000,0.00000000,0.00000000,0.00000000,0.00000000,0.00217376,0.84064372,0.00000000,0.00097215,0.00000000,0.00000000,0.00000000,0.00000000,0.00000000,0.00000000,0.00000000,0.00000000,0.00000000,0.00151845,0.00000000,0.00000000,0.00000000,0.00000000,0.00000000,0.00000000,0.00000000,0.00000000,0.00000000,0.00000000,0.00000000,0.00000000,0.00000000,0.00000000,0.00000000,0.00000000,0.00000000,0.00000000,0.00000000,0.00000000,0.03561744,0.00000000,0.00000000,0.00000000,0.00000000,0.00000000,0.00000000,0.09153997,0.00000000,0.28144749,0.00000000,0.00000000,0.00000000,0.00000000,0.00000000,0.00000000,0.00000000,0.00000000,0.00702385,0.00701115,0.00000000,0.00000000,0.00000000,0.00000000,0.00000000,0.00000000,0.02418404,0.00000000,0.00000000,0.00000000,0.00000000,0.00000000,0.00000000,0.00000000,0.00000000,0.00343371,0.00000000,0.00000000,0.00000000,0.00000000,0.00000000,0.00000000,0.00000000,0.00000000,0.00000000,0.00000000,0.00072502,0.00000000,0.00000000,0.00000000,0.00000000,0.00000000,0.00000000,0.00000000,0.00000000,0.00000000,0.00000000,0.00000000,0.00682218,0.00000000,0.00000000,0.00000000,0.00000000,0.00000000,0.00000000,0.00000000,0.00000000,0.00000000,0.00757345,0.00000000,0.00000000,0.00239895,0.00000000,0.00000000,0.00479780,0.00000000,0.00000000,0.00000000,0.00000000,0.00000000,0.00000000,0.00000000,0.00000000,0.00000000,0.00000000,0.00000000,0.01068381,0.00000000,0.00136409,0.00000000,0.00000000,0.00000000,0.00000000,0.00000000,0.00000000,0.00000000,0.00000000,0.00000000,0.00000000,0.00000000,0.00000000,0.00000000,0.00000000,0.27982389,0.00000000,0.00000000,0.01536659,0.00000000,0.00000000,0.00000000,0.00000000,0.00000000,0.00000000,0.00000000,0.00000000,0.00755211,0.00000000,0.00000000,0.00000000,0.00000000,0.00000000,0.00000000,0.00000000,0.00000000,0.00000000,0.00000000,0.00000000,0.00000000,0.00000000,0.00000000,0.03785069,0.00000000,0.00000000,0.00000000,0.00000000,0.00466012,0.00000000,0.00000000,0.00000000,0.00000000,0.01362276,0.00000000,0.00000000,0.00000000,0.00000000,0.00000000,0.00000000,0.00000000,0.00000000,0.00000000,0.00000000,0.00000000,0.00000000,0.00000000,0.00150409,0.00000000,0.00000000,0.00000000,0.00000000,0.00000000,0.00000000,0.00000000,0.00000000,0.00000000,0.00000000,0.00000000,0.00000000,0.15512234,0.00000000,0.02996724,0.00000000,0.00125030,0.00000000,0.00000000,0.00000000,0.00000000,0.00000000,0.00000000,0.00000000,0.00000000,0.00000000,0.00000000,0.00000000,0.00000000,0.00000000,0.00000000,0.00000000,0.00000000,0.00000000,0.00000000,0.00000000,0.00000000,0.00000000,0.00000000,0.00000000,0.00000000,0.00000000,0.00000000,0.00000000,0.00000000,0.00000000,0.00000000,0.00000000,0.00000000,0.00642655,0.00000000,0.01257810,0.00000000,0.00000000,0.00000000,0.07713952,0.00331034,0.00238254,0.00000000,0.00000000,0.00000000,0.00000000,0.00000000,0.00000000,0.00000000,0.00360244,0.00000000,0.00000000,0.00000000,0.00255236,0.00000000,0.00088892,0.00000000,0.00000000,0.00000000,0.00000000,0.00000000,0.00000000,0.00000000,0.00000000,0.00000000,0.00000000,0.00000000,0.00000000,0.00000000,0.02143642,0.00000000,0.00000000,0.00000000,0.01110351,0.00000000,0.00000000,0.00000000,0.00529216,0.00000000,0.00000000,0.00000000,0.00000000,0.00000000,0.00000000,0.00000000,0.00000000,0.00000000,0.00000000,0.00000000,0.00000000,0.00000000,0.00000000,0.01068578,0.00000000,0.00000000,0.00000000,0.00000000,0.00000000,0.85420878,0.00000000,0.00000000,0.00000000,0.00134301,0.00000000,0.00000000,0.00000000,0.00000000,0.00000000,0.00000000,0.00000000,0.00000000,0.00000000,0.00000000,0.00000000,0.00000000,0.00000000,0.00415195,0.00000000,0.00218652,0.00000000,0.00000000,0.00000000,0.00000000,0.00000000,0.00000000,0.00000000,0.00000000,0.00000000,0.00000000,0.00000000,0.00000000,0.00000000,0.00000000,0.00000000,0.00000000,0.00000000,0.00000000,0.00000000,0.00000000,0.00397422,0.00000000,0.00000000,0.00000000,0.00000000,0.01194356,0.00000000,0.00000000,0.01082671,0.00000000,0.00000000,0.00000000,0.00000000,0.00000000,0.00000000,0.00176383,0.00000000,0.00000000,0.00000000,0.00000000,0.00000000,0.00000000,0.00000000,0.00000000,0.00000000,0.00000000,0.00000000,0.00000000,0.00000000,0.00000000,0.00000000,0.00000000,0.00154823,0.00000000,0.00000000,0.00000000,0.00000000,0.00000000,0.00000000,0.00000000,0.00000000,0.00000000,0.00000000,0.00096677,0.00000000,0.00000000,0.00000000,0.00000000,0.00000000,0.00000000,0.00000000,0.00000000,0.01026368,0.00000000,0.00000000,0.00000000,0.00000000,0.00000000,0.00000000,0.00000000,0.00000000,0.03464419,0.00000000,0.00000000,0.00000000,0.00000000,0.00508564,0.00000000,0.00000000,0.04146782,0.00000000,0.00000000,0.00000000,0.00000000,0.00000000,0.28494848,0.00000000,0.00000000,0.00000000,0.00000000,0.00000000,0.00000000,0.00266564,0.00000000,0.00000000,0.01969301,0.03329280,0.12838569,0.00000000,0.00000000,0.00000000,0.00000000,0.00146533,0.00000000,0.00000000,0.00000000,0.02841533,0.00000000,0.00000000,0.00000000,0.00000000,0.00000000,0.00000000,0.00000000,0.00000000,0.00000000,0.00000000,0.00000000,0.01408386,0.00000000,0.00191388,0.00000000,0.00000000,0.00304611,0.00218689,0.00000000,0.00000000,0.00000000,0.00000000,0.00000000,0.00243555,0.00000000,0.00000000,0.00787421,0.00000000,0.00000000,0.03122672,0.00000000,0.00000000,0.00000000,0.00000000,0.00000000,0.00000000,0.00000000,0.00000000,0.00298715,0.00000000,0.00000000,0.00000000,0.00000000,0.03875154,0.00158205,0.00000000,0.00000000,0.00000000,0.00000000,0.00000000,0.00464133,0.00000000,0.00000000,0.05424249,0.00000000,0.00000000,0.00000000,0.00268890,0.00000000,0.00000000,0.00000000,0.00000000,0.00000000,0.00000000,0.00000000,0.00000000,0.00000000,0.00000000,0.00000000,0.00000000,0.00000000,0.00000000,0.00000000,0.00000000,0.00000000,0.00341948,0.00000000,0.00791091,0.00000000,0.08528480,0.00000000,0.00000000,0.00000000,0.00000000,0.00000000,0.00000000,0.00000000,0.00000000,0.00000000,0.00000000,0.00000000,0.00000000,0.00000000,0.00000000,0.00000000,0.00000000,0.00941162,0.01050791,0.00000000,0.00000000,0.00000000,0.00000000,0.00000000,0.00000000,0.00000000,0.00000000,0.00000000,0.00000000,0.00000000,0.00609476,0.00000000,0.17140669,0.00000000,0.00000000,0.00000000,0.00000000,0.00000000,0.00000000,0.00000000,0.00000000,0.00000000,0.00000000,0.00000000,0.00000000,0.00000000,0.00000000,0.00000000,0.00000000,0.00000000,0.03138964,0.00000000,0.00000000,0.00000000,0.00000000,0.00000000,0.00000000,0.00000000,0.00482126,0.00000000,0.00000000,0.00000000,0.00000000,0.07748856,0.00000000,0.00000000,0.00000000,0.00000000,0.00000000,0.00000000,0.00000000,0.00000000,0.00000000,0.00000000,0.04184441,0.00659695,0.00000000,0.02248921,0.00000000,0.02068730,0.00000000,0.00000000,0.00000000,0.00000000,0.00000000,0.00000000,0.00000000,0.00000000,0.00000000,0.00000000,0.01879938,0.00000000,0.00000000,0.00000000,0.00615335,0.00000000,0.00000000,0.00000000,0.00000000,0.00114200,0.00000000,0.00000000,0.00000000,0.00000000,0.00188959,0.00000000,0.00000000,0.01023916,0.00000000,0.00000000,0.00000000,0.00000000,0.00000000,0.01123843,0.00000000,0.00000000,0.00000000,0.00000000,0.00000000,0.00000000,0.00000000,0.00000000,0.25063517,0.00000000,0.00000000,0.00000000,0.00000000,0.01033151,0.00000000,0.00000000,0.03435206,0.00000000,0.00000000,0.00000000,0.00000000,0.00000000,0.00000000,0.00000000,0.00000000,0.00000000,0.00000000,0.00000000,0.00090406,0.00000000,0.00000000,0.00000000,0.00000000,0.00000000,0.00742391,0.00000000,0.00000000,0.00000000,0.00000000,0.00000000,0.00000000,0.00000000,0.00000000,0.00000000,0.00000000,0.00000000,0.00000000,0.00000000,0.00000000,0.00000000,0.00000000,0.00000000,0.00000000,0.00057408,0.00000000,0.01109718,0.00000000,0.00000000,0.00000000,0.76664941,0.00000000,0.00000000,0.00000000,0.00433081,0.00000000,0.00000000,0.00000000,0.00000000,0.01007873,0.00000000,0.00000000,0.00000000,0.00000000,0.00000000,0.00191409,0.00193679,0.00000000,0.00000000,0.00000000,0.00000000,0.00000000,0.00000000,0.00000000,0.00000000,0.00000000,0.00000000,0.00000000,0.03001172,0.00000000,0.00000000,0.00000000,0.00000000,0.00562089,0.00000000,0.00000000,0.00000000,0.00000000,0.00000000,0.00000000,0.00000000,0.00000000,0.00000000,0.00000000,0.13432061,0.00000000,0.00000000,0.00000000,0.00000000,0.00000000,0.00000000,0.00000000,0.00000000,0.00000000,0.00000000,0.00000000,0.00000000,0.00000000,0.00000000,0.00000000,0.00000000,0.00000000,0.00000000,0.00000000,0.00000000,0.00000000,0.00000000,0.00000000,0.00000000,0.00000000,0.00000000,0.00000000,0.00000000,0.00000000,0.00000000,0.00000000,1.91754988,0.00000000,0.00000000,0.00000000,0.00000000,0.00000000,0.00000000,0.00000000,0.07148920,0.00000000,0.00000000,0.00000000,0.00209718,0.00000000,0.00000000,0.00000000,0.00407267
0.00000000,0.00000000,0.00000000,0.00000000,0.00000000,0.00000000,0.01768567,0.00000000,0.00000000,0.00000000,0.00000000,0.00000000,0.00000000,0.00000000,0.00000000,0.00000000,0.00000000,0.00000000,0.00000000,0.00646881,0.00000000,0.00000000,0.00194046,0.00000000,0.00000000,0.00000000,0.00000000,0.00000000,0.00000000,0.00000000,0.00000000,0.00000000,0.00170614,0.00000000,0.00000000,0.00000000,0.00000000,0.00000000,0.00000000,0.02284744,0.08544557,0.01659618,0.00589449,0.66040749,0.00000000,0.00000000,0.00000000,0.00000000,0.00000000,0.00000000,0.00000000,0.00000000,0.00000000,0.00000000,0.00000000,0.00120537,0.00000000,0.00000000,0.06441447,0.00000000,0.00000000,0.00000000,0.00000000,0.00000000,0.00000000,0.00000000,0.00000000,0.00000000,0.00000000,0.00000000,0.00000000,0.00073994,0.00000000,0.00000000,0.00000000,0.00000000,0.00000000,0.00000000,0.00000000,0.00000000,0.00364421,0.00000000,0.01330819,0.00000000,0.00000000,0.00000000,0.00000000,0.00000000,0.00000000,0.02251690,0.00000000,0.01516796,0.00540132,0.00000000,0.00000000,0.00000000,0.27822156,0.00000000,0.00000000,0.00000000,0.00000000,0.02193117,0.00000000,0.00000000,0.00547375,0.00000000,0.00000000,0.00000000,0.01054871,0.00000000,0.00000000,0.00000000,0.00000000,0.00000000,0.00000000,0.00000000,0.00000000,0.00000000,0.00000000,0.00000000,0.00000000,0.00000000,0.00000000,0.00000000,0.00000000,0.00000000,0.00000000,0.00000000,0.00000000,0.00000000,0.00000000,0.00000000,0.00000000,0.00000000,0.00000000,0.00000000,0.00432650,0.00000000,0.00000000,0.00000000,0.00000000,0.00000000,0.01023531,0.00000000,0.00000000,0.00000000,0.00000000,0.00000000,0.00000000,0.00000000,0.00000000,0.00000000,0.00239362,0.00000000,0.00000000,0.00000000,0.00000000,0.00000000,0.00000000,0.00237615,0.00000000,0.00000000,0.00000000,0.03689244,0.11444031,0.00000000,0.00000000,0.00000000,0.00000000,0.00000000,0.00000000,0.00000000,0.00000000,0.00000000,0.00000000,0.00000000,0.00000000,0.00000000,0.00000000,0.00000000,0.00000000,0.00000000,0.00000000,0.00000000,0.00000000,0.00000000,0.00000000,0.00000000,0.00000000,0.00000000,0.84329111,0.00000000,0.00000000,0.00051907,0.00000000,0.00000000,0.00000000,0.02786470,0.00000000,0.00000000,0.01942826,0.00000000,0.00000000,0.01082208,0.00000000,0.00000000,0.00000000,0.00000000,0.00000000,0.00000000,0.00000000,0.00000000,0.00000000,0.00000000,0.00000000,0.00000000,0.00000000,0.00000000,0.00000000,0.00000000,0.00000000,0.00000000,0.00000000,0.00000000,0.00000000,0.00000000,0.00000000,0.00000000,0.00000000,0.00000000,0.00000000,0.12102256,0.00000000,0.01929008,0.00000000,0.00000000,0.00000000,0.00000000,0.00000000,0.00000000,0.00000000,0.00000000,0.06485773,0.00000000,0.00000000,0.00000000,0.00000000,0.00000000,0.00000000,0.00000000,0.00000000,0.00000000,0.00000000,0.00000000,0.25444745,0.00000000,0.00000000,0.00000000,0.00000000,0.00000000,0.00000000,0.01494870,0.00000000,0.00000000,0.00000000,0.00000000,0.00000000,0.00000000,0.00000000,0.00000000,0.01111200,0.00000000,0.00000000,0.00000000,0.00000000,0.00000000,0.00000000,0.00000000,0.00000000,0.00000000,0.00000000,0.00000000,0.00164201,0.00000000,0.00000000,0.00000000,0.00000000,0.00000000,0.00000000,0.00000000,0.01082948,0.00594199,0.00000000,0.00000000,0.00000000,0.00000000,0.00000000,0.00000000,0.00000000,0.00229054,0.00000000,0.00000000,0.00000000,0.00000000,0.02079592,0.00000000,0.00000000,0.00000000,0.00000000,0.00000000,0.00000000,0.00000000,0.00000000,0.00000000,0.00000000,0.02153436,0.00000000,0.00000000,0.00000000,0.00157960,0.00000000,0.00000000,0.00000000,0.00000000,0.00000000,0.01469432,0.00000000,0.00111651,0.00000000,0.00000000,1.84794058,0.00000000,0.00000000,0.00000000,0.00000000,0.00000000,0.00000000,0.00000000,0.00000000,0.06727502,0.00154292,0.00000000,0.00000000,0.01923983,0.00000000,0.00000000,0.00000000,0.00000000,0.00520704,0.00479559,0.00000000,0.00000000,0.00000000,0.00000000,0.00000000,0.00000000,0.00000000,0.00000000,0.00000000,0.00000000,0.00000000,0.00000000,0.00000000,1.30709999,0.00000000,0.00572981,0.00000000,0.00000000,0.00000000,0.00000000,0.00000000,0.00000000,0.00000000,0.00000000,0.00000000,0.00000000,0.00000000,0.00000000,0.00000000,0.00000000,0.00000000,0.00000000,0.00000000,0.00000000,0.00000000,0.00000000,0.00000000,0.00000000,0.00000000,0.00000000,0.00000000,0.00000000,0.00000000,0.00620257,0.00000000,0.00000000,0.00000000,0.00000000,0.00000000,0.00000000,0.00000000,0.00000000,0.00000000,0.00000000,0.00000000,0.00000000,0.00000000,0.00000000,0.00000000,0.00000000,0.00000000,0.00000000,0.00000000,0.02010283,0.08204155,0.00000000,0.00000000,0.00000000,0.00000000,0.00000000,0.04190645,0.00000000,0.00000000,0.00646127,0.00000000,0.00000000,0.00000000,0.00000000,0.00000000,0.00000000,0.00000000,0.00000000,0.00000000,0.00000000,0.00000000,0.00000000,0.00000000,0.00000000,0.00000000,0.00000000,0.02955646,0.00700558,0.01570871,0.00000000,0.01161267,0.00000000,0.00000000,0.00000000,0.00000000,0.00219480,0.00000000,0.03296324,0.04792064,0.00000000,0.00000000,0.00000000,0.00000000,0.00000000,0.00000000,0.00000000,0.00000000,0.00000000,0.00000000,0.00000000,0.07355589,0.00000000,0.00000000,0.00000000,0.00586477,0.00000000,0.00000000,0.00000000,0.00000000,0.00000000,0.00000000,0.00000000,0.00000000,0.00000000,0.00000000,0.00000000,0.01011936,0.00000000,0.00000000,0.00000000,0.00000000,0.00000000,0.00000000,0.00000000,0.00000000,0.00000000,0.00000000,0.00000000,0.00000000,0.00000000,0.00000000,0.01968610,0.00000000,0.00000000,0.00000000,0.00000000,0.00000000,0.00000000,0.00000000,0.00000000,0.00000000,0.00000000,0.00000000,0.02099879,0.00000000,0.00000000,0.00000000,0.00000000,0.00000000,0.00000000,0.00000000,0.00000000,0.07394364,0.00000000,0.00000000,0.00000000,0.00000000,0.02333910,0.00846222,0.00000000,0.00000000,0.00000000,0.00000000,0.00000000,0.00000000,0.00000000,0.00000000,0.00000000,0.00000000,0.00000000,0.00000000,0.00000000,0.00000000,0.00000000,0.00000000,0.00000000,0.00000000,0.00000000,0.00000000,0.00000000,0.00000000,0.00000000,0.00689360,0.00000000,0.00000000,0.00000000,0.10311083,0.00000000,0.00000000,0.00000000,0.00000000,0.00000000,0.00000000,0.00000000,0.00000000,0.00000000,0.00000000,0.00000000,0.02357502,0.00000000,0.00420905,0.00000000,0.00000000,0.00000000,0.01175794,0.00000000,0.00000000,0.00000000,0.00000000,0.02985195,0.00000000,0.00000000,0.00000000,0.00000000,0.34300775,0.00000000,0.00000000,0.00000000,0.00000000,0.00000000,0.00000000,0.00000000,0.00000000,0.00000000,0.00000000,0.00000000,0.00000000,0.00000000,0.19017964,0.00000000,0.00000000,0.00000000,0.00000000,0.00000000,0.00000000,0.00000000,0.00000000,0.00000000,0.00000000,0.00000000,0.00000000,0.00000000,0.00000000,0.00000000,0.00000000,0.02294113,0.00000000,0.00000000,0.00626751,0.00000000,0.00236422,0.00000000,0.00000000,0.03469359,0.00000000,0.00000000,0.00000000,0.00000000,0.00000000,0.00000000,0.00000000,0.00000000,0.00000000,0.00000000,0.17503621,0.00000000,0.00000000,0.00000000,0.00000000,0.00924602,0.01712833,0.00000000,0.01287554,0.00411896,0.00000000,0.00000000,0.00000000,0.00000000,0.00000000,0.00000000,0.00000000,0.00000000,0.00000000,0.00000000,0.00000000,0.00000000,0.00000000,0.00000000,0.00000000,0.00000000,0.00000000,0.00000000,0.00000000,0.00000000,0.00000000,0.00000000,0.00000000,0.00000000,0.00818998,0.00000000,0.00000000,0.00000000,0.00000000,0.00000000,0.00000000,0.00000000,0.00000000,0.00000000,0.00200606,0.00000000,0.00000000,0.00000000,0.00000000,0.00000000,0.00000000,0.00000000,0.00000000,0.00000000,0.00000000,0.00000000,0.00000000,0.00844080,0.00000000,0.00000000,0.00000000,0.00000000,0.00000000,0.00000000,0.00000000,0.00000000,0.00000000,0.00293338,0.00000000,0.00000000,0.00000000,0.00000000,0.00000000,0.00000000,0.00000000,0.00000000,0.00000000,0.00000000,0.00000000,0.00000000,0.00000000,0.00129910,0.03761782,0.00000000,0.00000000,0.00000000,0.00000000,0.00000000,0.00000000,0.00000000,0.00000000,0.00000000,0.00000000,0.00000000,0.00000000,0.00800967,0.00000000,0.00000000,0.00834521,0.01511016,0.00000000,0.00000000,0.00000000,0.00000000,0.00000000,0.00000000,0.00000000,0.00000000,0.00000000,0.00000000,0.00000000,0.00000000,0.00000000,0.00000000,0.00000000,0.04923880,0.00000000,0.23861673,0.01079632,0.00532726,0.00000000,0.00281746,0.00640105,0.00000000,0.00000000,0.00000000,0.00000000,0.00000000,0.00000000,0.00946575,0.00000000,0.00000000,0.00000000,0.00000000,0.00201117,0.00000000,0.00000000,0.00000000,0.00000000,0.00000000,0.00000000,0.00000000,0.00000000,0.00000000,0.00000000,0.00000000,0.00000000,0.00000000,0.00000000,0.00000000,0.00000000,0.00000000,0.00000000,0.00674531,0.00000000,0.00000000,0.00000000,0.00000000,0.00000000,0.00000000,0.00000000,0.00000000,0.00000000,0.00258260,0.00000000,0.00000000,0.00319061,0.00000000,0.00000000,0.01351053,0.00000000,0.00093821
0.00000000,0.00000000,0.00000000,0.00000000,0.01563413,0.00190472,0.00000000,0.00556028,0.00000000,0.00316907,0.00000000,0.00000000,0.00000000,0.00000000,0.00000000,0.00000000,0.03842776,0.00000000,0.00000000,0.00000000,0.00000000,0.00000000,0.00000000,0.00000000,0.00000000,0.00000000,0.00000000,0.00000000,0.00934541,0.00000000,0.00000000,0.00000000,0.00000000,0.00000000,0.00000000,0.01211606,0.00231531,0.00000000,0.00000000,0.00000000,0.00000000,0.00000000,0.00000000,0.00199419,0.00000000,0.00000000,0.00000000,0.00000000,0.00000000,0.00000000,0.00000000,0.00000000,0.00000000,0.00000000,0.00000000,0.00000000,0.00000000,0.00000000,0.00000000,0.00000000,0.00000000,0.00000000,0.00000000,0.02047196,0.00000000,0.00000000,0.00000000,0.00000000,0.00000000,0.00000000,0.00000000,0.00000000,0.00000000,0.00000000,0.00512199,0.00266195,0.00000000,0.00000000,0.00000000,2.29410052,0.00000000,0.00000000,0.00000000,0.00000000,0.00000000,0.00000000,0.00000000,0.04837953,0.00000000,0.00125332,0.00000000,0.00000000,0.00000000,0.00000000,0.00206895,0.00000000,0.00000000,0.00000000,0.00000000,0.00000000,0.00000000,0.00000000,0.00864670,0.00000000,0.00000000,0.00000000,0.00000000,0.00000000,0.00000000,0.00000000,0.00000000,0.00000000,0.00000000,0.00000000,0.00000000,0.00000000,0.00000000,0.01086883,0.00000000,0.00000000,0.00479780,0.00000000,0.00000000,0.00000000,0.00000000,0.00000000,0.00000000,0.01381715,0.00000000,0.00000000,0.00000000,0.00898408,0.00000000,0.00000000,0.00000000,0.00000000,0.00000000,0.00000000,0.00000000,0.00000000,0.00000000,0.00000000,0.00000000,0.00000000,0.00000000,0.00000000,0.00000000,0.00160082,0.00000000,0.00000000,0.00000000,0.00000000,0.00167366,0.00000000,0.00000000,0.00000000,0.00000000,0.00233353,0.00000000,0.00000000,0.00000000,0.00000000,0.00000000,0.00000000,0.00000000,0.00000000,0.18369293,0.00000000,0.01693921,0.00000000,0.00000000,0.00000000,0.00000000,0.00000000,0.00000000,0.01177808,0.00000000,0.02460511,0.00000000,0.00000000,0.00000000,0.00000000,0.00000000,0.00000000,0.00000000,0.00000000,0.00000000,0.00000000,0.00000000,0.03388851,0.00000000,0.00145808,0.00000000,0.00000000,0.00000000,0.00000000,0.01703266,0.00210686,0.03214339,0.00000000,0.00000000,0.00000000,0.00000000,0.00647986,0.00000000,0.00000000,0.00747817,0.00000000,0.00000000,0.00000000,0.00000000,0.00000000,0.00000000,0.00000000,0.00000000,0.00000000,0.00000000,0.02620345,0.00000000,0.00000000,0.03678250,0.00000000,0.00616701,0.00000000,0.00000000,0.00000000,0.00000000,0.00000000,0.00000000,0.00000000,0.00000000,0.00000000,0.00000000,0.00000000,0.00000000,0.00000000,0.00000000,0.00000000,0.00854803,0.00000000,0.00000000,0.00483021,0.00000000,0.00000000,0.00000000,0.00000000,0.00000000,0.00000000,0.00000000,0.00000000,0.00000000,0.00000000,0.00000000,0.04069915,0.00838980,0.00000000,0.00000000,0.00000000,0.00099996,0.00000000,0.00000000,0.00174631,0.00000000,0.00000000,0.00000000,0.00000000,0.01243837,0.00000000,0.00000000,0.00000000,0.00629288,0.00000000,0.01954212,0.00000000,0.00000000,0.01146580,0.00000000,0.00000000,0.00000000,0.00397329,0.00000000,0.00000000,0.00000000,0.00000000,0.00000000,0.00000000,0.00000000,0.00000000,0.00000000,2.77142221,0.00000000,0.03202447,0.00000000,0.00000000,0.00000000,0.00000000,0.00000000,0.00000000,0.00000000,0.00000000,0.00000000,0.00000000,0.11309682,0.00000000,0.00000000,0.00000000,0.00000000,0.00558133,0.00000000,0.00000000,0.00000000,0.00000000,0.00000000,0.00107889,0.00000000,0.00000000,0.00000000,0.00000000,0.00000000,0.00000000,0.00000000,0.00000000,0.00000000,0.00601761,0.00000000,0.00000000,0.00000000,0.00000000,0.00000000,0.00000000,0.00000000,0.00000000,0.00000000,0.00000000,0.00000000,0.00000000,0.00000000,0.01499978,0.00000000,0.00000000,0.00000000,0.00000000,0.00000000,0.00000000,0.15677619,0.00000000,0.00000000,0.00000000,0.00000000,0.00000000,0.00000000,0.00000000,0.00000000,0.00000000,0.00000000,0.00000000,0.00000000,0.00000000,0.00000000,0.00000000,0.00000000,0.00561481,0.00134699,0.00000000,0.00000000,0.00000000,0.00000000,0.00000000,0.00000000,0.00000000,0.00000000,0.00000000,0.00000000,0.00000000,0.00000000,0.00000000,0.00000000,0.15310900,0.00000000,0.02454506,0.00000000,0.00000000,0.00000000,0.01121569,0.00000000,0.00000000,0.00000000,0.00000000,0.00000000,0.00000000,0.00000000,0.00000000,0.00000000,0.00000000,0.00000000,0.00000000,0.00000000,0.00000000,0.00000000,0.00000000,0.00000000,0.00000000,0.00000000,0.10758768,0.00000000,0.00000000,0.00000000,0.00000000,0.00000000,0.00000000,0.00000000,0.00000000,0.00186970,0.00000000,0.00000000,0.00000000,0.00000000,0.00263560,0.00000000,0.00000000,0.00180408,0.00000000,0.00000000,0.00000000,0.00000000,0.00000000,0.00000000,0.00000000,0.00000000,0.00000000,0.00560643,0.00000000,0.00000000,0.00000000,0.00000000,0.08967242,0.00000000,0.00000000,0.00000000,0.00000000,0.00000000,0.00000000,0.00000000,0.00000000,0.00000000,0.00000000,0.00000000,0.00000000,0.00000000,0.00469909,0.01185007,0.00000000,0.00000000,0.00000000,0.00000000,0.00000000,0.00495222,0.00000000,5.11189349,0.00000000,0.00000000,0.00000000,0.00000000,0.00000000,0.00000000,0.53322913,0.00000000,0.00000000,0.00000000,0.00397014,0.00000000,0.00000000,0.00000000,0.00000000,0.00000000,0.00000000,0.00000000,0.00000000,0.00000000,0.00000000,0.00000000,0.00158608,0.00000000,0.00000000,0.00000000,0.00000000,0.00000000,0.00000000,0.00000000,0.00000000,0.00657022,0.00000000,0.00000000,0.00000000,0.00000000,0.01343919,0.00000000,0.00000000,0.00000000,0.00000000,0.00000000,0.00000000,0.00000000,0.00000000,0.00216150,0.00000000,0.00000000,0.00452997,0.00000000,0.00000000,0.00000000,0.00545160,0.00000000,0.00000000,0.00000000,0.00000000,0.00000000,0.00000000,0.00000000,0.00000000,0.00000000,0.00000000,0.00466439,0.00000000,0.00000000,0.00000000,0.00000000,0.00247643,0.00292329,0.00000000,0.00000000,0.00000000,0.00000000,0.00000000,0.00000000,0.00000000,0.00000000,0.00000000,0.00000000,0.00000000,0.00000000,0.00000000,0.00196816,0.00000000,0.00000000,0.00787231,0.00000000,0.00000000,0.00000000,0.00000000,0.04437664,0.00000000,0.00000000,0.00108262,0.00000000,0.00000000,0.00000000,0.00000000,0.00000000,0.00000000,0.00000000,0.05951558,0.00000000,0.00000000,0.00000000,0.00000000,0.00000000,0.00000000,0.00000000,0.00722450,0.05672640,0.00000000,0.01076755,0.00000000,0.00000000,0.00000000,0.06258339,0.00000000,0.00000000,0.02229681,0.00000000,0.00000000,0.00000000,0.00000000,0.00257431,0.06495825,0.00000000,0.00000000,0.00000000,0.00000000,0.00000000,0.00000000,0.00000000,0.00000000,0.00000000,0.00000000,0.00000000,0.00000000,0.00000000,0.00000000,0.00000000,0.00000000,0.00000000,0.00000000,0.00000000,0.00000000,0.00000000,0.00000000,0.00000000,0.00000000,0.00000000,0.00376053,0.00000000,0.00000000,0.00000000,0.00000000,0.00000000,0.00000000,0.00000000,0.00000000,0.00000000,0.00000000,0.00157680,0.00000000,0.00000000,0.00000000,0.00000000,0.00000000,0.00000000,0.00000000,0.00000000,0.00000000,0.00000000,0.00000000,0.00000000,0.07723607,0.00000000,0.00000000,0.00000000,0.00000000,0.00000000,0.00000000,0.00000000,0.00000000,0.00000000,0.00000000,0.00000000,0.00000000,0.00000000,0.00995670,0.00000000,0.00000000,0.00000000,0.00000000,0.00000000,0.00000000,0.00000000,0.00000000,0.00000000,0.00000000,0.00000000,0.00000000,0.00000000,0.00000000,0.12598644,0.00000000,0.00000000,0.04300777,0.00000000,0.00000000,0.00000000,0.00000000,0.00000000,0.00000000,0.00000000,0.00000000,0.03431228,0.00000000,0.00000000,0.00000000,0.00000000,0.00000000,0.00000000,0.00239799,0.00000000,0.00000000,0.00000000,0.00000000,0.00000000,0.00000000,0.00000000,0.00000000,0.00000000,0.00062788,0.00000000,0.00000000,0.00000000,0.00000000,0.00000000,0.00000000,0.00000000,0.00000000,0.00000000,0.00000000,0.00000000,0.00000000,0.00000000,0.00000000,0.00000000,0.12434927,0.01382688,0.00000000,0.00000000,0.00000000,0.00000000,0.00350247,0.00000000,0.00000000,0.00000000,0.00000000,0.00000000,0.48960838,0.00000000,0.00000000,0.00000000,0.00000000,0.00000000,0.00000000,0.00000000,0.00000000,0.00000000,0.00000000,0.00000000,0.00000000,0.00384904,0.00000000,0.00000000,0.00000000,0.00000000,0.00000000,0.00000000,0.00000000,0.00000000,0.00000000,0.00716840,0.00000000,0.00000000,0.00000000,0.00000000,0.00000000,0.00000000,0.00000000,0.00000000,0.00000000,0.00000000,0.00000000,0.00000000,0.00000000,0.00000000,0.00000000,0.00000000,0.00000000,0.00000000,0.00000000,0.14532319,0.00000000,0.04580864,0.00000000,0.00000000,0.00000000,0.00000000,0.00000000,0.00000000,0.00000000,0.01155603,0.00000000,0.00000000,0.10503016,0.00000000,0.00000000,0.00000000,0.00000000,0.00000000,0.00000000,0.00000000,0.00000000,0.00000000,0.00000000,0.00000000,0.00000000,0.00000000,0.00000000,0.00000000,0.00000000,0.00000000,0.00000000,0.00000000,0.00000000,0.00000000,0.00000000
0.00000000,0.00000000,0.00091610,0.00000000,0.04476882,0.00000000,0.00000000,0.00000000,0.00000000,0.00000000,0.00000000,0.00593593,0.00000000,0.00000000,0.00000000,0.02580675,0.00000000,0.00093163,0.00000000,0.00122419,0.00000000,0.00000000,0.00111126,0.00000000,0.00000000,0.00000000,0.00000000,0.00000000,0.00283255,0.00000000,0.00000000,0.00084387,0.00000000,0.00000000,0.00000000,0.00490450,0.00000000,0.00000000,0.01016702,0.00000000,0.00000000,0.00000000,0.00000000,0.00000000,0.00000000,0.00000000,0.00000000,0.00000000,0.00000000,0.00145169,0.00000000,0.00000000,0.00000000,0.00180717,0.00000000,0.00000000,0.00000000,0.00000000,4.06548711,0.00000000,0.00000000,0.00000000,0.00000000,0.00000000,0.00000000,0.00000000,0.00000000,0.00000000,0.00143076,0.00388229,0.00000000,0.00180458,0.00000000,0.00000000,0.00000000,0.01013227,0.00000000,0.00000000,0.00000000,0.00000000,0.00000000,0.00000000,0.00044175,0.00000000,0.00000000,0.00000000,0.00000000,0.00000000,0.00000000,0.00000000,0.00000000,0.00000000,0.00000000,0.00000000,0.00000000,0.00213271,0.00000000,0.00000000,0.26137762,0.00000000,0.04511573,0.00000000,0.00000000,0.00000000,0.00000000,0.00000000,0.00000000,0.00000000,0.00939744,0.00889415,0.00000000,0.00000000,0.00000000,0.00507554,0.00000000,0.01761514,0.00000000,0.00000000,0.00000000,0.00000000,0.00000000,0.00000000,0.00000000,0.00000000,0.00000000,0.00000000,0.00000000,0.00000000,0.00000000,0.00000000,0.00000000,0.00000000,0.00000000,0.00085490,0.00000000,0.00000000,0.00828313,0.00000000,0.00000000,0.00000000,0.00000000,0.00000000,0.00000000,0.00000000,0.00000000,0.00000000,0.00000000,0.00000000,0.00000000,0.00125287,0.00000000,0.00070040,0.00000000,0.00000000,0.00000000,0.00000000,0.00000000,0.00000000,0.00000000,0.00093980,0.00000000,0.00000000,0.00000000,0.00000000,0.00000000,0.00000000,0.00000000,0.00000000,0.00000000,0.00000000,0.00000000,0.00000000,0.00000000,0.00000000,0.00000000,0.00000000,0.00000000,0.00000000,0.00075897,0.01877948,0.00000000,0.00000000,0.00000000,0.00938053,0.00000000,0.00000000,0.00000000,0.01938884,0.00000000,0.00000000,0.00000000,0.00000000,0.00000000,0.00000000,0.00000000,0.00000000,0.00000000,0.00000000,0.00000000,0.00282446,0.00000000,0.00000000,0.00226156,0.00000000,0.00000000,0.00000000,0.00000000,0.00000000,0.00000000,0.00000000,0.01481219,0.00000000,0.00000000,0.00000000,0.00000000,0.00000000,0.00000000,0.00000000,0.00000000,0.00000000,0.00000000,0.00000000,0.00000000,0.00000000,0.00000000,0.08321534,0.00000000,0.00000000,0.00000000,0.00000000,0.00000000,0.00000000,0.00000000,0.00000000,0.00000000,0.00000000,0.00000000,0.00000000,0.00000000,0.00000000,0.00000000,0.00000000,0.01673751,0.00000000,0.00000000,0.00000000,0.00000000,0.00000000,0.00000000,0.00000000,0.00000000,0.00000000,0.00357717,0.00000000,0.00000000,0.00000000,0.00000000,0.00000000,0.00000000,0.00000000,0.00000000,0.00000000,0.00000000,0.00000000,0.00000000,0.00000000,0.00893481,0.00000000,0.00000000,0.00000000,0.00000000,0.00000000,0.00000000,0.00000000,0.00000000,0.00000000,0.00000000,0.00000000,0.00000000,0.00000000,0.00000000,0.01976579,0.00000000,0.00000000,0.00000000,0.00000000,0.00000000,0.00541305,0.00000000,0.00000000,0.00000000,0.00000000,0.00000000,0.00000000,0.00000000,0.02724992,0.00000000,0.00000000,0.00000000,0.00158472,0.00428445,0.00000000,0.00000000,0.00000000,0.00000000,0.00000000,0.00000000,0.00000000,0.00000000,0.00000000,0.00000000,0.00000000,0.01745676,0.00000000,0.00671753,0.00000000,0.00000000,0.00000000,0.00000000,0.00000000,0.00000000,0.00000000,0.00000000,1.46291552,0.01848462,0.00000000,0.00000000,0.00000000,0.00000000,0.00000000,0.00000000,0.00000000,0.00000000,0.00000000,0.00000000,0.00000000,0.00000000,0.00000000,0.00000000,0.00000000,0.04296164,0.00515955,0.00000000,0.00000000,0.00000000,0.00000000,0.00000000,0.00000000,0.00000000,0.00338958,0.00000000,0.00000000,0.00000000,0.00000000,0.00000000,0.00000000,0.00000000,0.00000000,0.00000000,0.00000000,0.00000000,0.00000000,0.00000000,0.00000000,0.00000000,0.00000000,0.00208574,0.00000000,0.00000000,0.00000000,0.00842086,0.00000000,0.00000000,0.00000000,0.00000000,0.00000000,0.00000000,0.00589293,0.00000000,0.00000000,0.00000000,0.00000000,0.00000000,0.00000000,0.00000000,0.00000000,0.00000000,0.00000000,0.00000000,0.00000000,0.00000000,0.00000000,0.00000000,0.00409839,0.00000000,1.09827492,0.18018917,0.00000000,0.00000000,0.00000000,0.00000000,0.00000000,0.00000000,0.00136776,0.00000000,0.00000000,0.00000000,0.00087968,0.02329736,0.00229185,0.00000000,0.00000000,0.00000000,0.00000000,0.00000000,0.00000000,0.00000000,0.00000000,0.00000000,0.00218577,0.00000000,0.00000000,0.00000000,0.00000000,0.00000000,0.00000000,0.00000000,0.00000000,0.00000000,0.00000000,0.00000000,0.00000000,0.00000000,0.00000000,0.00000000,0.00000000,0.00323928,0.00122736,0.00000000,0.00000000,0.00000000,0.00000000,0.00000000,0.00000000,0.00000000,0.01881465,0.00000000,0.00425623,0.00000000,0.00000000,0.00000000,0.12457994,0.00000000,0.04593492,0.00000000,0.00000000,0.00000000,0.00000000,0.00000000,0.00000000,0.00000000,0.00000000,0.00480824,0.00000000,0.00000000,0.00000000,0.00000000,0.00000000,0.00000000,0.00000000,0.00932094,0.00000000,0.00890056,0.00000000,0.00794487,0.00000000,0.00000000,0.00000000,0.01322895,0.00000000,0.00000000,0.00000000,0.00000000,0.00000000,0.00000000,0.00000000,0.00000000,0.00000000,0.00000000,0.00000000,0.00000000,0.00000000,0.00000000,0.00000000,0.00000000,0.00000000,0.00000000,0.00000000,0.00000000,0.01458112,0.00000000,0.27896303,0.00000000,0.00000000,0.00000000,0.00000000,0.00000000,0.00643461,0.00000000,0.00000000,0.00000000,0.00000000,0.00000000,0.00000000,0.00000000,0.00000000,0.02158668,0.00000000,0.00000000,0.00000000,0.00000000,0.00000000,0.01267933,0.00000000,0.00000000,0.00000000,0.00000000,0.00000000,0.00427198,0.00000000,0.00000000,0.00000000,0.00000000,0.00000000,0.00000000,0.00000000,0.00000000,0.00000000,0.00254570,0.00000000,0.00000000,0.00000000,0.00000000,0.00191087,0.00000000,0.00000000,0.00000000,0.01545621,0.00000000,0.03700056,0.00000000,0.00000000,0.00000000,0.00000000,0.01344846,0.00000000,0.00000000,0.00000000,0.00000000,0.00000000,0.00000000,0.00000000,0.00000000,0.04378676,0.00000000,0.00000000,0.00000000,0.00000000,0.00000000,0.00000000,0.01271615,0.00000000,0.00000000,0.00000000,0.00000000,0.00000000,0.00000000,0.00000000,0.00000000,0.00000000,0.00000000,0.00000000,0.00000000,0.00326963,0.00000000,0.00000000,0.00000000,0.00000000,0.00000000,0.00000000,0.00000000,0.00000000,0.00000000,0.00000000,0.00000000,0.00000000,0.00000000,0.00000000,0.00000000,0.00000000,0.00000000,0.00000000,0.00000000,0.00000000,0.00000000,0.00000000,0.00000000,0.01091963,0.00000000,0.00000000,0.00551114,0.00346326,0.00923902,0.00000000,0.00000000,0.00000000,0.00000000,0.36763065,0.03351762,0.00000000,0.00000000,0.00000000,0.00000000,0.00000000,0.00000000,0.00000000,0.00000000,0.05478128,0.00000000,0.00000000,0.00000000,0.00757407,0.00000000,0.00000000,0.00000000,0.00000000,0.00000000,0.00000000,0.00000000,0.00000000,0.00000000,0.00000000,0.00000000,0.00000000,0.00000000,0.00000000,0.00000000,0.00000000,0.00000000,0.00317704,0.00000000,0.00000000,0.00000000,0.00000000,0.00000000,0.00000000,0.00000000,0.07457870,0.00227292,0.00000000,0.00000000,0.00000000,0.00000000,0.00000000,0.00000000,0.00000000,0.00000000,0.00000000,0.19153319,0.00000000,0.00000000,0.00000000,0.00000000,0.00000000,0.00000000,0.00000000,0.00000000,0.00000000,0.00000000,0.00000000,0.00000000,0.00000000,0.02340912,0.00000000,0.00000000,0.00000000,0.00000000,0.00000000,0.01883769,0.00000000,0.00000000,0.00000000,0.00000000,0.04472653,0.00000000,0.00000000,0.00000000,0.00000000,0.00000000,0.00000000,0.00000000,0.00000000,0.00000000,0.00000000,0.00000000,0.00000000,0.00000000,0.00000000,0.05927195,0.00000000,0.00000000,0.00000000,0.00000000,0.00000000,0.00000000,0.00000000,0.00000000,0.00000000,0.00000000,0.00000000,0.00000000,0.00321107,0.00000000,0.00000000,0.00000000,0.00000000,0.00000000,0.00000000,0.00000000,0.02073324,0.00000000,0.00000000,0.00000000,0.00000000,0.00000000,0.00000000,0.00000000,0.00000000,0.00000000,0.04719614,0.00000000,0.00000000,0.00237121,0.00000000,0.00000000,0.00000000,0.00177224,0.00141682,0.00000000,0.00000000,0.00000000,0.00000000,0.00000000,0.00000000,0.00000000,0.00000000,0.00000000,0.00000000,0.00000000,0.00000000,0.00000000,0.00000000,0.00000000,0.00000000,0.00000000,0.00000000,0.00000000,0.00000000,0.00000000,0.00121203,0.00000000,0.00000000,0.00000000,0.00000000,0.00000000,0.00000000,0.00000000,0.00000000,0.00000000,0.00000000,0.00000000,0.00000000,0.00000000,0.00000000,0.00000000,0.00000000,0.00000000,0.00000000,1.60147770,0.00000000,0.00000000,0.00000000,0.00000000,0.00000000,0.00000000,0.00000000,0.00000000,0.00000000,0.00000000,0.00000000
0.00000000,0.00000000,0.00000000,0.00000000,0.00000000,0.00362546,0.00000000,0.00000000,0.00000000,0.00000000,0.00000000,0.00000000,0.00000000,0.00000000,0.00401718,0.00000000,0.00000000,0.00000000,0.00000000,0.00000000,0.00000000,0.00000000,0.00000000,0.00000000,0.00000000,0.00000000,0.00661575,0.00000000,0.00000000,0.00000000,0.00000000,0.00000000,0.00319887,0.00000000,0.00000000,0.00000000,0.00000000,0.00000000,0.00000000,0.00000000,0.00000000,0.00000000,0.01627262,0.00000000,0.00000000,0.00000000,0.00000000,0.00000000,0.00084684,0.00000000,0.00000000,0.00000000,0.00204849,0.00000000,0.00000000,0.00000000,0.00000000,0.00000000,0.00000000,0.00000000,0.00000000,0.00000000,0.00000000,0.00295271,0.00000000,0.00000000,0.00000000,0.00000000,0.00000000,0.00000000,0.00000000,0.02032241,0.00000000,0.00000000,0.00000000,0.00000000,0.00000000,0.00000000,0.20017848,0.00000000,0.00842545,0.00000000,0.00000000,0.00000000,0.00000000,0.00000000,0.00000000,0.00000000,0.00000000,0.00000000,0.00000000,0.00000000,0.00000000,0.00338606,0.00000000,0.00000000,0.00000000,0.04617242,0.00000000,0.00000000,0.00000000,0.00000000,0.00000000,0.00000000,0.00000000,0.00894103,0.00000000,0.00000000,0.00000000,0.00000000,0.00000000,0.00000000,0.00000000,0.00000000,0.00000000,0.00000000,0.00000000,0.00000000,0.00171584,0.00000000,0.00000000,0.00000000,0.00000000,0.00000000,0.00000000,0.00000000,0.01338541,0.00000000,0.00000000,0.00000000,0.00326419,0.00000000,0.02584855,0.00000000,0.00000000,0.00000000,0.00000000,0.00000000,0.00000000,0.00000000,0.00000000,0.00000000,0.00000000,0.00000000,0.00000000,0.00000000,0.00000000,0.00511251,0.00000000,0.00000000,0.00104154,0.00000000,0.02248186,0.00000000,0.00000000,0.00000000,0.04575027,0.00000000,0.00000000,0.00000000,0.00000000,0.00116160,0.00000000,0.02370010,0.00000000,0.00000000,0.00000000,0.00000000,0.00000000,0.00000000,0.00515824,0.00105491,0.00644346,0.00000000,0.00000000,0.00000000,0.22661842,0.00000000,0.00000000,0.00000000,0.00000000,0.00000000,0.06075412,0.00000000,0.00000000,0.00000000,0.00000000,0.00000000,0.00000000,0.00000000,0.00000000,0.00000000,0.00337729,0.00000000,0.00627590,0.00000000,0.00000000,0.25759280,0.00000000,0.00000000,0.00000000,0.00000000,0.00000000,0.00000000,0.00000000,0.00000000,0.00000000,0.02025395,0.00000000,0.00000000,0.00000000,0.00000000,0.00000000,0.00000000,0.00000000,0.00000000,0.00000000,0.00000000,0.00000000,0.00000000,0.00000000,0.00000000,0.00000000,0.00000000,0.00000000,0.00000000,0.00000000,0.00000000,0.00000000,0.00000000,0.00493330,0.00000000,0.00870769,0.04538262,0.01851451,0.00097876,0.00000000,0.00000000,0.00000000,0.00000000,0.00000000,0.00000000,0.00000000,0.00000000,0.00000000,0.00000000,0.00000000,0.00316071,0.00000000,0.00000000,0.00000000,0.00000000,0.00000000,0.00000000,0.00000000,0.00000000,0.00284120,0.00000000,0.00000000,0.00000000,0.00000000,0.00000000,0.00768432,0.00000000,0.00000000,0.00000000,0.00000000,0.00000000,0.00103715,0.00000000,0.00000000,0.00000000,0.00000000,0.00000000,0.00000000,0.00000000,0.00000000,0.00000000,0.00000000,0.00099715,0.00076314,0.00000000,0.00000000,0.00000000,0.00000000,0.02178516,0.00000000,0.03957947,0.00000000,0.00000000,0.00000000,0.00000000,0.00000000,0.00000000,0.00000000,0.00000000,0.00000000,0.00000000,0.00000000,0.00000000,0.00687113,0.00000000,0.02459390,0.00000000,0.00000000,0.00101426,0.00000000,0.00000000,0.00000000,0.00478510,0.00000000,0.00000000,0.00000000,0.00000000,0.00000000,0.00000000,0.00000000,0.00000000,0.00000000,0.00000000,0.00199383,0.00000000,0.00000000,0.00000000,0.00000000,0.00000000,0.00000000,0.00000000,0.00000000,0.00000000,0.00000000,0.00000000,0.00000000,0.00000000,0.00000000,0.00000000,0.00000000,0.00000000,0.00000000,0.00000000,0.00000000,0.00000000,0.00000000,0.00000000,0.00268299,0.00000000,0.00000000,0.00000000,0.00000000,0.00000000,0.00000000,0.00000000,0.00000000,0.00000000,0.00145810,0.00000000,0.00000000,0.00000000,0.00000000,0.00000000,0.00000000,0.00000000,0.00382009,0.00000000,0.00000000,0.00000000,0.00000000,0.00851014,0.00000000,0.00000000,0.03383311,0.00000000,0.00000000,0.00000000,0.00000000,0.00000000,0.00000000,0.00000000,0.00000000,0.00000000,0.00000000,0.00000000,0.00000000,0.00000000,0.00000000,0.00000000,0.00000000,0.00000000,0.00000000,0.03103147,0.00000000,0.00000000,0.00000000,0.00000000,0.00000000,0.00000000,0.00000000,0.00000000,0.00572047,0.00000000,0.00000000,0.00000000,1.00986371,0.00000000,0.00357910,0.00000000,0.00000000,0.00000000,0.00000000,0.00000000,0.00000000,0.00000000,0.00000000,0.00000000,0.00000000,0.00000000,0.00000000,0.01477503,0.00000000,0.00000000,0.00000000,0.00000000,0.00000000,0.00000000,0.00000000,0.00000000,0.00000000,0.00000000,0.01735372,0.00000000,0.00000000,0.00000000,0.01505384,0.00000000,0.00000000,0.00000000,0.02333251,0.00184404,0.00000000,0.00000000,0.00000000,0.00000000,0.00000000,0.00000000,0.00000000,0.00000000,0.00000000,0.00000000,0.00000000,0.00000000,0.00000000,0.00000000,0.00000000,0.00000000,0.00000000,0.00000000,0.00000000,0.00000000,0.00000000,0.00000000,0.00000000,0.00000000,0.00000000,0.00000000,0.00000000,0.00000000,0.00000000,0.00000000,0.00000000,0.00000000,0.00000000,0.00000000,0.00000000,0.00000000,0.00000000,2.93725175,0.00000000,0.00000000,0.00000000,0.00000000,0.00000000,0.00000000,0.00000000,0.00129703,0.00000000,0.00000000,0.00000000,0.00000000,0.00000000,0.00000000,0.00000000,0.00000000,0.00000000,0.00158853,0.00000000,0.00000000,0.00000000,0.00000000,0.03418956,0.00000000,0.00000000,0.00000000,0.00448695,0.00000000,0.00000000,0.00000000,0.00000000,0.00000000,0.00000000,0.00000000,0.00000000,0.00000000,0.00000000,0.00000000,0.00923720,0.00000000,0.00000000,0.00000000,0.00000000,0.00000000,0.00000000,0.00000000,0.03899227,0.00000000,0.00000000,0.00000000,0.00000000,0.00000000,0.00000000,0.00000000,0.00000000,0.00000000,0.00000000,0.00543700,0.00000000,0.04884475,0.00000000,0.00000000,0.00000000,0.00000000,0.01025924,0.00000000,0.00000000,0.00248906,0.00233182,0.00347449,0.00000000,0.00000000,0.00000000,0.00000000,0.00000000,0.08234196,0.00000000,0.00000000,0.00000000,0.00000000,0.00000000,0.00000000,0.00366952,0.00000000,0.00000000,0.00000000,0.00446318,0.00000000,0.00000000,0.00000000,0.00000000,0.00000000,0.00000000,0.00000000,0.00000000,0.00000000,0.00000000,0.00000000,0.00000000,0.00000000,0.00000000,0.00848421,0.00000000,0.00000000,0.00000000,0.00000000,0.00303024,0.00000000,0.00000000,0.00344976,0.00000000,0.00000000,0.00000000,0.00000000,0.00000000,0.00000000,0.00000000,0.00126817,0.00000000,0.00000000,0.00234660,0.00000000,0.00000000,0.00000000,0.00000000,0.00000000,0.00000000,0.05568403,0.00000000,0.00082956,0.00000000,0.00000000,0.00000000,0.00000000,0.05740229,0.00000000,0.00000000,0.00000000,0.00000000,0.00000000,0.00292431,0.00000000,0.00000000,0.00000000,0.00000000,0.00000000,0.00000000,0.00000000,0.01044928,0.00000000,0.00000000,0.00000000,0.00000000,0.00000000,0.00000000,0.00000000,0.00000000,0.00000000,0.00000000,0.00000000,0.00000000,0.00089484,0.00484971,0.00000000,0.00000000,0.00000000,0.00000000,0.05473323,0.00000000,0.00000000,0.00000000,0.00000000,0.00000000,0.00000000,0.00000000,0.00000000,0.00000000,0.00000000,0.00000000,0.00229993,0.00000000,0.00000000,0.00000000,0.01112510,0.00000000,0.00000000,0.00000000,0.00000000,0.00000000,0.01403885,0.00000000,0.00000000,0.00000000,0.00000000,0.00000000,0.00000000,0.00674079,0.00000000,0.00290174,0.00000000,0.00000000,0.00000000,0.00000000,0.00000000,0.00000000,0.00000000,0.00000000,0.00000000,0.00000000,0.00000000,0.00000000,0.00000000,0.00000000,0.00000000,0.00000000,0.00000000,0.00000000,0.04450631,0.00000000,0.00272769,0.00000000,0.00194601,0.00000000,0.03507481,0.00000000,0.00000000,0.00000000,0.00000000,0.00000000,0.00000000,0.00000000,0.00000000,0.00000000,0.00000000,0.00000000,0.00000000,0.00000000,0.00000000,0.00000000,0.00000000,0.00000000,0.00000000,0.00000000,0.00000000,0.00000000,0.00000000,0.00000000,0.00000000,2.33686858,0.00000000,0.00000000,0.00000000,0.00000000,0.00000000,0.00000000,0.00000000,0.00000000,0.01116406,0.00000000,0.00000000,0.00278745,0.00000000,0.00000000,0.00000000,0.00000000,0.00000000,0.00489432,1.32644290,0.00000000,0.00000000,0.00000000,0.00000000,0.00000000,0.00000000,0.00000000,0.00000000,0.00000000,0.00000000,0.00000000,0.00000000,0.00000000,0.00000000,0.00000000,0.00000000,0.00000000,0.00000000,0.00000000,0.00000000,0.00000000,0.00344526,0.00000000,0.00000000,0.00000000,0.00000000,0.40868188,0.00000000,0.00233500,0.00000000,0.00000000,0.00000000,0.00000000,0.00000000,0.00000000,0.00000000,0.00213536,0.00000000,0.00000000,0.00000000,0.00000000,0.00000000,0.00000000,0.00000000,0.01201200,0.00000000,0.00000000,0.00000000,0.00000000,0.00000000,0.00000000,0.00000000,0.00802774,0.00000000,0.00000000,0.00000000
0.00000000,0.00000000,0.03249353,0.00401328,0.00000000,0.00000000,0.00888443,0.00000000,0.00000000,0.00000000,0.40997435,0.00000000,0.00121422,0.00000000,0.00000000,0.00000000,0.01439111,0.00000000,0.00000000,0.00000000,0.00000000,0.00000000,0.00000000,0.00000000,0.00257777,0.00000000,0.00000000,0.00000000,0.00000000,0.00000000,0.00000000,0.00000000,0.00000000,0.00000000,0.00000000,0.00000000,0.00000000,0.00000000,0.00000000,0.00000000,0.00000000,0.00000000,0.00000000,0.25457439,0.00000000,0.00000000,0.00000000,0.00000000,0.00000000,0.00000000,0.00000000,0.06451988,0.00000000,0.00000000,0.00000000,0.00000000,0.00000000,0.00000000,0.00000000,0.01077047,0.00672485,0.00000000,0.00000000,0.00000000,0.00000000,0.00000000,0.00400934,0.14844420,0.10233377,0.00000000,0.00000000,0.00000000,0.00000000,0.00000000,0.00000000,0.00000000,0.00000000,0.00000000,0.00000000,0.00000000,0.00000000,0.00000000,0.00000000,0.06082356,0.00000000,0.00000000,0.00000000,0.00000000,0.03233881,0.00000000,0.00000000,0.00000000,0.00000000,0.00000000,0.01225964,0.00000000,0.00000000,0.00000000,0.00000000,0.00000000,0.00000000,0.00000000,0.00000000,0.00000000,0.00000000,0.00000000,0.00000000,0.00273927,0.00000000,0.00000000,0.00000000,0.00000000,0.00173374,0.00000000,0.00000000,0.00419526,0.00000000,0.00840620,0.00000000,0.00000000,0.00000000,0.00000000,0.00000000,0.00000000,0.00000000,0.00000000,0.00000000,0.00000000,0.00000000,0.02578022,0.00000000,0.00000000,0.00000000,0.00000000,0.00000000,0.00000000,0.00000000,0.00000000,0.00000000,0.00378421,0.00000000,0.00000000,0.00000000,0.00000000,0.00543811,0.00000000,0.00000000,0.00000000,0.00512281,0.00000000,0.00000000,0.00000000,0.00000000,0.00841632,0.00000000,0.00000000,0.00000000,0.00000000,0.00000000,0.00000000,0.00000000,0.00000000,0.02404736,0.00000000,0.02013637,0.00000000,0.00000000,0.00000000,0.00000000,0.00000000,0.00309972,0.00000000,0.00000000,0.00000000,0.00000000,0.00000000,0.00000000,0.00000000,0.00000000,0.00000000,0.00000000,0.00000000,0.00000000,0.00000000,0.00739913,0.00000000,0.00000000,0.00000000,0.00000000,0.00000000,0.00000000,0.00000000,0.00000000,0.00000000,0.00000000,0.00000000,0.00000000,0.00000000,0.00000000,0.00000000,0.00000000,0.00000000,0.00000000,0.00000000,0.00000000,0.00000000,3.67076676,0.00000000,0.00000000,0.01948021,0.04120944,0.00000000,0.00000000,0.00000000,0.00000000,0.00000000,0.00000000,0.01026236,0.00000000,0.00000000,0.00000000,0.00000000,0.00000000,0.00000000,0.00000000,0.00000000,0.00000000,0.00000000,0.00000000,0.00000000,0.00000000,0.00000000,0.00000000,0.00000000,0.00000000,0.00000000,0.00226003,0.00000000,0.00000000,0.00000000,0.00000000,0.00000000,0.00000000,0.00000000,0.00000000,0.00000000,0.00000000,0.00000000,0.01603799,0.00000000,0.00000000,0.00000000,0.00000000,0.02252566,0.00000000,0.00000000,0.00000000,0.00000000,0.00084954,0.00516161,0.00000000,0.00000000,0.00000000,0.00000000,0.00000000,0.00000000,0.00000000,0.00000000,0.00000000,0.00000000,0.00000000,0.00000000,0.00000000,0.00000000,0.00000000,1.19141493,0.00000000,0.00000000,0.00000000,0.00000000,0.00000000,0.00000000,0.00000000,0.00000000,0.00000000,0.00000000,0.00000000,0.00000000,0.00000000,0.00000000,0.00000000,0.00648118,0.00000000,0.00000000,0.00000000,0.00000000,0.00547829,0.01747850,0.00000000,0.00000000,0.00000000,0.00000000,0.00000000,0.00000000,0.00000000,0.00000000,0.01552702,0.00000000,0.00000000,0.00000000,0.00000000,0.00000000,0.00000000,0.04790027,0.00000000,0.00000000,0.00000000,0.03804267,0.00140223,0.00000000,0.00000000,0.00000000,0.00000000,0.00000000,0.00000000,0.00000000,0.00000000,0.00000000,0.00000000,0.00000000,0.00000000,0.00000000,0.00000000,0.00000000,0.00000000,0.00000000,0.00000000,0.00000000,0.00000000,0.00000000,0.00000000,0.00000000,0.00000000,0.00000000,0.00000000,0.00000000,0.00000000,0.00000000,0.00000000,0.00000000,0.00000000,0.00000000,0.00000000,0.00000000,0.00000000,0.00000000,0.00000000,0.00000000,0.00000000,0.00000000,0.32149098,0.00000000,0.00000000,0.00000000,0.00000000,0.00000000,0.00000000,0.00000000,0.00000000,0.00000000,0.00000000,0.00000000,0.00000000,0.00000000,0.00000000,0.00000000,0.00000000,0.00000000,0.00849909,0.00000000,0.00000000,0.00000000,0.00000000,0.00000000,0.00000000,0.00000000,0.00000000,0.00000000,0.00000000,0.00000000,0.01936937,0.00000000,0.00000000,0.00000000,0.00000000,0.00000000,0.00000000,0.00000000,0.00000000,0.00921172,0.00000000,0.00000000,0.00000000,0.00000000,0.00000000,0.00672468,0.00000000,0.00000000,0.00000000,0.00000000,0.00000000,0.00000000,0.00000000,0.00000000,0.00000000,0.00000000,0.01973083,0.00000000,0.00000000,0.00000000,0.00000000,0.00000000,0.00000000,0.00000000,0.00000000,0.00000000,0.00291260,0.00000000,0.00000000,0.00000000,0.00330742,0.07016554,0.00000000,0.00000000,0.30526200,0.00000000,0.00000000,0.00000000,0.00000000,0.46054969,0.00000000,0.00000000,0.00000000,0.00000000,0.00000000,0.00000000,0.00244996,0.00000000,0.00000000,0.00000000,0.00000000,0.00000000,0.00000000,0.00000000,0.00000000,0.00000000,0.00000000,0.00000000,0.00231252,0.00000000,0.00000000,0.00000000,0.00000000,0.00000000,0.00000000,0.00000000,0.00000000,0.00000000,0.00000000,0.00000000,0.00000000,0.00000000,0.00000000,0.00000000,0.00000000,0.00000000,0.00000000,0.00000000,0.00000000,0.00000000,0.00000000,0.00000000,0.00000000,0.00000000,0.00000000,0.00000000,0.00000000,0.00187646,0.00000000,0.02905325,0.00000000,0.00000000,0.00000000,0.00000000,0.00000000,0.00000000,0.00724423,0.00000000,0.00000000,0.00000000,0.04355114,0.00247335,0.05201927,0.00475147,0.00000000,0.00000000,0.00000000,0.00000000,0.00000000,0.00000000,0.00000000,0.00000000,0.12027019,0.00000000,0.00000000,0.00000000,0.00000000,0.00000000,0.00000000,0.00000000,0.02857292,0.00000000,0.01102810,0.00000000,0.00000000,0.00000000,0.01428454,0.00000000,0.00514357,0.03672767,0.00000000,0.00000000,0.00000000,0.00000000,0.00000000,0.00000000,0.00000000,0.00000000,0.01340477,0.00000000,0.00000000,0.00000000,0.00000000,0.00000000,0.00275535,0.00000000,0.00000000,0.00000000,0.00000000,0.00000000,0.00000000,0.00285158,0.00000000,0.00000000,0.00000000,0.00000000,0.00000000,0.00000000,0.00000000,0.00000000,0.00000000,0.00000000,0.00000000,0.00000000,0.14356945,0.00935696,0.00382916,0.06994287,0.00000000,0.00000000,0.00365457,0.00000000,0.00000000,0.00526209,0.00000000,0.00000000,0.00000000,0.00000000,0.00000000,0.00000000,0.00000000,0.00000000,0.00000000,0.00867493,0.00000000,0.00000000,0.00000000,0.00000000,0.00000000,0.00000000,0.00000000,0.00000000,0.00000000,0.00000000,0.00000000,0.00000000,0.04328078,0.00000000,0.00000000,0.00000000,0.00000000,0.00000000,0.00286667,0.00000000,0.00000000,0.00000000,0.00000000,0.00000000,0.00000000,0.00000000,0.00000000,0.00000000,0.00387259,0.00000000,0.00000000,0.00000000,0.00000000,0.00000000,0.00000000,0.00000000,0.00000000,0.00000000,0.00000000,0.00000000,0.00000000,0.00000000,0.00000000,0.00748388,0.00000000,0.00000000,0.05090804,0.00000000,0.01639528,0.00000000,0.00000000,0.00000000,0.00000000,0.00000000,0.00000000,0.00000000,0.00284901,0.00000000,0.00000000,0.00000000,0.01053560,0.00000000,0.00000000,0.00000000,0.00198858,0.00338895,0.00000000,0.00240670,0.00000000,0.00000000,0.00000000,0.00000000,0.00000000,0.00000000,0.00000000,0.00000000,0.00000000,0.00000000,0.00000000,0.00000000,0.00000000,0.00363396,0.38778538,0.00000000,0.00000000,0.00000000,0.00000000,0.00000000,0.00000000,0.00000000,0.01395203,0.00000000,0.00000000,0.00000000,0.00000000,0.00000000,0.00000000,0.00244921,0.01038289,0.00000000,0.00000000,0.00000000,0.00000000,0.00000000,0.00000000,0.00000000,0.00000000,0.00000000,0.00000000,0.00268202,0.00000000,0.00000000,0.00000000,0.00000000,0.00000000,0.39823456,0.00000000,0.00000000,0.00000000,0.00000000,0.00000000,0.00000000,1.17391083,0.00000000,0.00000000,0.00000000,0.00000000,0.00000000,0.00000000,0.00289122,0.00000000,0.00000000,0.00000000,0.00000000,0.00274755,0.00000000,0.00000000,0.00000000,0.00000000,0.00000000,0.00000000,0.00000000,0.00000000,0.00000000,0.00000000,0.00000000,0.01155155,0.00219032,0.00000000,0.00000000,0.00000000,0.00000000,0.00000000,0.00000000,0.04419568,0.00000000,0.00000000,0.00000000,0.00000000,0.00000000,0.00000000,0.00000000,0.00000000,0.00000000,0.00000000,0.00000000,0.00000000,0.00000000,0.00000000,0.00000000,0.00341023,0.00000000,0.00000000,0.00000000,0.00000000,0.00000000,0.00000000,0.00000000,0.00000000,0.00000000,0.00000000,0.00000000,0.00000000,0.00000000,0.00000000,0.04215422,0.05678494,0.00000000,0.00000000,0.00000000,0.00000000,0.00000000,0.00000000,0.00000000,0.00000000,0.00000000,0.00000000,0.00000000,0.00235700,0.00000000,0.00000000,0.06533922,0.00000000,0.00000000,0.83011912,0.00000000,0.00000000,0.00000000,0.00000000,0.00000000,0.00000000,0.00000000,0.00000000,0.00000000,0.00459241,0.00000000
0.00000000,0.00000000,0.00000000,0.00465173,0.00000000,0.01290081,0.00000000,0.00000000,0.00000000,0.00000000,0.00000000,0.00000000,0.00000000,0.00000000,0.00000000,0.00000000,0.00000000,0.00000000,0.00000000,0.00000000,0.00000000,0.00000000,0.00000000,0.00000000,0.00000000,0.00000000,0.00000000,0.02137074,0.00000000,0.00000000,0.00150543,0.00000000,0.00000000,0.00000000,0.00000000,0.10392544,0.00000000,0.00078229,0.00435121,0.00000000,0.00000000,0.01230186,0.00000000,0.00000000,0.00000000,0.00000000,0.00000000,0.00000000,0.00000000,0.00000000,0.00000000,0.00400085,0.00000000,0.88636741,0.00000000,0.00000000,0.00000000,0.00000000,0.00000000,0.00000000,0.00000000,0.00000000,0.98199882,0.00000000,0.00000000,0.00205315,0.01249179,0.00000000,0.00000000,0.00000000,0.00000000,0.00000000,0.00000000,0.00000000,0.00000000,0.02447330,0.00000000,0.00000000,0.00000000,0.00000000,0.00000000,0.00647159,0.00000000,0.00000000,0.00000000,0.00000000,0.00000000,0.00000000,0.00000000,0.00000000,0.00551552,0.00710668,0.00000000,0.00000000,0.00000000,0.00000000,0.00000000,0.00000000,0.00000000,0.00000000,0.00245037,0.00000000,0.00000000,0.00000000,0.00000000,0.00000000,0.00000000,0.00000000,0.00000000,0.00000000,0.00000000,0.00000000,0.00000000,0.00000000,0.00000000,0.00000000,0.00000000,0.00000000,0.00000000,0.00765191,0.00000000,0.00000000,0.00000000,0.00000000,0.01338541,0.00000000,0.00000000,0.00000000,0.00000000,0.00673066,0.00000000,0.00000000,0.00000000,0.00000000,0.00000000,0.01292640,0.00000000,0.00000000,0.00000000,0.00000000,0.00000000,0.00000000,0.00000000,0.00000000,0.00000000,0.00000000,0.00000000,0.00000000,0.00000000,0.00000000,0.00000000,0.00000000,0.00000000,0.00000000,0.00000000,0.00000000,0.00000000,0.00000000,0.00000000,0.00000000,0.00000000,0.00000000,0.00000000,0.00307616,0.00000000,0.00000000,0.00000000,0.00000000,0.00000000,0.00000000,0.00000000,0.00000000,0.00000000,0.00000000,0.00000000,0.00000000,0.00000000,0.00000000,0.00000000,0.00618857,0.00000000,0.00000000,0.00591623,0.00000000,0.00000000,0.00000000,0.00000000,0.00000000,0.02374972,0.00000000,0.00000000,0.04721561,0.00568770,0.00000000,0.00236033,0.00000000,0.00000000,0.00397154,0.00000000,0.00000000,0.01295224,0.00000000,0.01318949,0.00000000,0.00000000,0.00000000,0.00000000,0.00000000,0.00000000,0.00000000,0.00000000,0.00000000,0.00000000,0.00000000,0.00000000,0.00000000,0.00000000,2.61274258,0.00000000,0.00000000,0.00000000,0.00000000,0.00000000,0.00000000,0.00000000,0.00000000,0.00000000,0.00000000,0.00000000,0.30694365,0.00000000,0.00147938,0.00000000,0.00000000,0.00000000,0.00000000,0.00000000,0.00000000,0.00000000,0.00000000,0.00000000,0.00000000,0.00000000,0.00000000,0.00000000,0.00000000,0.00000000,0.00000000,0.00000000,0.00000000,0.00000000,0.00000000,0.00000000,0.00000000,0.01480975,0.00000000,0.00000000,0.00000000,0.00000000,0.00589440,0.00000000,0.00000000,0.00000000,0.06808830,0.00000000,0.00000000,0.00000000,0.00000000,0.00000000,0.00000000,0.00000000,0.00000000,0.00000000,0.02117363,0.00000000,0.00000000,0.00000000,0.00000000,0.00000000,0.00133193,0.00000000,0.00000000,0.00000000,0.00000000,0.00000000,0.00000000,0.00000000,0.00000000,0.00000000,0.00000000,0.07487934,0.00000000,0.00000000,0.00000000,0.00000000,0.00000000,0.00000000,0.00000000,0.00000000,0.00000000,0.00000000,0.00000000,0.00000000,0.00248377,0.00000000,0.00000000,0.00000000,0.00000000,0.00000000,0.00000000,0.00000000,0.00000000,0.00775243,0.00000000,0.00000000,0.00000000,0.00000000,0.00000000,0.00000000,0.00000000,0.00000000,0.00000000,0.00000000,0.00000000,0.00000000,0.00000000,0.00000000,0.00352843,0.00000000,0.00000000,0.00000000,0.00000000,0.00000000,0.00000000,0.00000000,0.14872085,0.00000000,0.00000000,0.00000000,0.00000000,0.00000000,0.00000000,0.00495766,0.00000000,0.00000000,0.00000000,0.01745483,0.00000000,0.00000000,0.01865386,0.00000000,0.00000000,0.00000000,0.00462252,0.00000000,0.00000000,0.00477942,0.00000000,0.00000000,0.00000000,0.00227713,0.00000000,0.00000000,0.00000000,0.00000000,0.00000000,0.00000000,0.00194715,0.00740872,0.00000000,0.00000000,0.01960350,0.00000000,0.00000000,0.00000000,0.00000000,0.00000000,0.00000000,0.00000000,0.00000000,0.00000000,0.00403397,0.00000000,0.00000000,0.00000000,0.00000000,0.00000000,0.00000000,0.00000000,0.00000000,0.00000000,0.00000000,0.00000000,0.00256428,0.00000000,0.00000000,0.00000000,0.00000000,0.00000000,0.00000000,0.00000000,0.00000000,0.00000000,0.00000000,0.00000000,0.00076656,0.00000000,0.00000000,0.07151559,0.00327629,0.00000000,0.00000000,0.00000000,0.00000000,0.00000000,0.00000000,0.00000000,0.00000000,0.01463774,0.00000000,0.00000000,0.00000000,0.00000000,0.00000000,0.00000000,0.00000000,0.03522141,0.00000000,0.00000000,0.00000000,0.00000000,0.00788943,0.00000000,0.00000000,0.04677600,0.00000000,0.00145825,0.01340619,0.00000000,0.00000000,0.00000000,0.00000000,0.00000000,0.00000000,0.00000000,0.26350538,0.00000000,0.00000000,0.01904791,0.00000000,0.00000000,0.09745667,0.00000000,0.00000000,0.00000000,0.00000000,0.00000000,0.00000000,0.00000000,0.00000000,0.00000000,0.00000000,0.03764288,0.00000000,0.00383778,0.00000000,0.00000000,0.00000000,0.00239730,0.00000000,0.00000000,0.00000000,0.00000000,0.00000000,0.00000000,0.00772685,0.00000000,0.00000000,0.00000000,0.00000000,0.00000000,0.00000000,0.00000000,0.05471109,0.00000000,0.00000000,0.00000000,0.00000000,0.00000000,0.00000000,0.02112863,0.00000000,0.00000000,0.00000000,0.00000000,0.00000000,0.00000000,0.00000000,0.00000000,0.00000000,0.00000000,0.01853197,0.00000000,0.00000000,0.00000000,0.01403081,0.00000000,0.00000000,0.00000000,0.00000000,0.00000000,0.00000000,0.00000000,0.00000000,0.00000000,0.00000000,0.00000000,0.00000000,0.00000000,0.00000000,0.00000000,0.00000000,0.01032559,0.00000000,0.00000000,0.00000000,0.00000000,0.00000000,0.00000000,0.00000000,0.00000000,0.00000000,0.00000000,0.00000000,0.00000000,0.00000000,0.01167294,0.00000000,0.00000000,0.00000000,0.00000000,0.00000000,0.00351744,0.00000000,0.00000000,0.00000000,0.00000000,0.00000000,0.00000000,0.00000000,0.00000000,0.01079933,0.00000000,0.00000000,0.00000000,0.00000000,0.00000000,0.00000000,0.00000000,0.00000000,0.00000000,0.00000000,0.00000000,0.00000000,0.00000000,0.00000000,0.00000000,0.00000000,0.00000000,0.00000000,0.06195753,0.00000000,0.00000000,0.00000000,0.00000000,0.00000000,0.00000000,0.07466235,0.00000000,0.00000000,0.00853006,0.00000000,0.00000000,0.00000000,0.00000000,0.00000000,0.00000000,0.00000000,0.00000000,0.00467584,0.00000000,0.00000000,0.00000000,0.00000000,0.00000000,0.27282354,0.00000000,0.00000000,0.00000000,0.00000000,0.00000000,0.00000000,0.00000000,0.00000000,0.00000000,0.00000000,0.00000000,0.00000000,0.00000000,0.00000000,0.00000000,0.00000000,0.00000000,0.00000000,0.00000000,0.00000000,0.00000000,0.00000000,0.00000000,0.00000000,0.00381423,0.00000000,0.00000000,0.00000000,0.00000000,0.00000000,0.00000000,0.01199872,0.00000000,0.00000000,0.00000000,0.00000000,0.00796077,0.00000000,0.15970269,0.00000000,0.00000000,0.00686612,0.03758977,0.00000000,0.00000000,0.00000000,0.00594850,0.00000000,0.00000000,0.00000000,0.00000000,0.00000000,0.00000000,0.00000000,0.00000000,0.00000000,0.03726986,0.00000000,0.00000000,0.00000000,0.00600030,0.00000000,0.00000000,0.00000000,0.00000000,0.00000000,0.00000000,0.00000000,0.00000000,0.00000000,0.00000000,0.00000000,0.00000000,0.00000000,0.00131849,0.00000000,0.00000000,0.00000000,0.00000000,0.00000000,0.00000000,0.01120218,0.00000000,0.00000000,0.00000000,0.00000000,0.00000000,0.00000000,0.00000000,0.00000000,0.00000000,0.00000000,0.00000000,0.19556780,0.00000000,0.01527633,0.00000000,0.43464452,0.00000000,0.00000000,0.00000000,0.00000000,0.00919139,0.00000000,0.00000000,0.12874586,0.00000000,0.00000000,0.00000000,0.00000000,0.00000000,0.00000000,0.00000000,0.00000000,0.00000000,0.00000000,0.00520108,0.00000000,0.00000000,0.00000000,0.00000000,0.00000000,0.00000000,0.00000000,0.00000000,0.00000000,0.00000000,0.00000000,0.00000000,0.00000000,0.00000000,0.00000000,0.00000000,0.00000000,0.00000000,2.51322392,0.00000000,0.00000000,0.00000000,0.00000000,0.00000000,0.00000000,0.00000000,0.00000000,0.00000000,0.00000000,0.00000000,0.00700498,0.00000000,0.00000000,0.00000000,0.00000000,0.00000000,0.00000000,0.00000000,0.00000000,0.00000000,0.00000000,0.00000000,0.00000000,0.00000000,0.00000000,0.00000000,0.00000000,0.00152696,0.00000000,0.00000000,0.06290036,0.00000000,0.00951008,0.00000000,0.00000000,0.00000000,0.00274639,0.00000000,0.00000000,0.03499248,0.00000000,0.00000000,0.00000000,0.00000000,0.00000000,0.00000000,0.00000000,0.00000000,0.00000000,0.08902723,0.07295428,0.00000000,0.00000000,0.00339346,0.00000000,0.00000000,0.00000000,0.00000000,0.01598585,0.00000000,0.00000000,0.00000000,0.00000000,0.00000000,0.00000000,0.01930607,0.00000000
0.00082664,0.00000000,0.00000000,0.00000000,0.00000000,0.00497366,0.00000000,0.00000000,0.00000000,0.00000000,0.00000000,0.00745433,0.00000000,0.00000000,0.00000000,0.00000000,0.00000000,0.00000000,0.00000000,0.00082303,0.00000000,0.00000000,0.00000000,0.00000000,0.01054016,0.00000000,0.00000000,0.00000000,0.00000000,0.00000000,0.00000000,0.00000000,0.00000000,0.00000000,0.00000000,0.00000000,0.00000000,0.00000000,0.00000000,0.00000000,0.00000000,0.00000000,0.00000000,0.00000000,0.00000000,0.00000000,0.00000000,0.00000000,0.01267736,0.00000000,0.00000000,0.00000000,0.00798427,0.00000000,0.00000000,0.00000000,0.00000000,0.04345640,0.00000000,0.00000000,0.00000000,0.07436232,0.00000000,0.01237945,0.00000000,0.00000000,0.00000000,0.00000000,0.00000000,0.00000000,0.00000000,0.00000000,0.00000000,0.00140372,0.00000000,0.00000000,0.00179086,0.00000000,0.00000000,0.00000000,0.00000000,0.00000000,0.00000000,0.00000000,0.01310105,0.00000000,0.00000000,0.00000000,0.00000000,0.00000000,0.00000000,0.00000000,0.00000000,0.00000000,0.00000000,0.00000000,0.00000000,0.00000000,0.00000000,0.00000000,0.00000000,0.00000000,0.00000000,0.00000000,0.00000000,0.00243401,0.00000000,0.00000000,0.00000000,0.00000000,0.00000000,0.00000000,0.00000000,0.00000000,0.00000000,0.00000000,0.00000000,0.00000000,0.00000000,0.00000000,0.00000000,0.00000000,0.01381715,0.00000000,0.00000000,0.00000000,0.00000000,0.00000000,0.00000000,0.00000000,0.00000000,0.00000000,0.00000000,0.00000000,0.00000000,0.00000000,0.00112626,0.00000000,0.00000000,0.00000000,0.00000000,0.00000000,0.00000000,0.00000000,0.00000000,0.00000000,0.00000000,0.00000000,0.00000000,0.00000000,0.00263595,0.00000000,0.00000000,0.02154622,0.00000000,0.00000000,0.00000000,0.00000000,0.00000000,0.00000000,0.01069594,0.00000000,0.00000000,0.00000000,0.00000000,0.00000000,0.00000000,0.00000000,0.00000000,0.00000000,0.00000000,0.00000000,0.00000000,0.00187561,0.00000000,0.00000000,0.00000000,0.00000000,0.00000000,0.00000000,0.02871347,0.00000000,0.00000000,0.00000000,0.00000000,0.00000000,0.00000000,0.00000000,0.00686511,0.00000000,0.00000000,0.02356281,0.00000000,0.00000000,0.00000000,0.00000000,0.00000000,0.00000000,0.01914591,0.00000000,0.00000000,0.00000000,0.00000000,0.00000000,0.00000000,0.00355887,0.00000000,0.00000000,0.00000000,0.00000000,0.00000000,0.00939121,0.00000000,0.00000000,0.00000000,0.00000000,0.00000000,0.00000000,0.00000000,0.00000000,0.00000000,0.00000000,0.00000000,0.00000000,0.00000000,0.00000000,0.00000000,0.00000000,0.00000000,0.00000000,0.00000000,0.00000000,0.24373337,0.00000000,0.00000000,0.00000000,0.00000000,0.00000000,0.00000000,0.00332603,0.00000000,0.08520559,0.00000000,0.00000000,0.00000000,0.00000000,0.00000000,0.00000000,0.00000000,0.00097800,0.00000000,0.00000000,0.00355118,0.00000000,0.02126176,0.00000000,0.00000000,0.00000000,0.00000000,0.00000000,0.00000000,0.00000000,0.00000000,0.00000000,0.00000000,0.00000000,0.00000000,0.00000000,0.02783722,0.00000000,0.00000000,0.00000000,0.00000000,0.00000000,0.00000000,0.00000000,0.00000000,0.00000000,1.50969786,0.00000000,0.00000000,0.00000000,0.00000000,0.00000000,0.00000000,0.00000000,0.00000000,0.00000000,0.00528173,0.00000000,0.00000000,0.00476649,0.00000000,0.00000000,0.00000000,0.00000000,0.00000000,0.00000000,0.01626600,0.00000000,0.00000000,0.00000000,0.00246881,0.00000000,0.00143742,0.00000000,0.00000000,0.00000000,0.00645653,0.00000000,0.00000000,0.00000000,0.00000000,0.00000000,0.00000000,0.00000000,0.00000000,0.00000000,0.00000000,0.00000000,0.00000000,0.00000000,0.02236176,0.00000000,0.00000000,0.00082314,0.00000000,0.00000000,0.00000000,0.00000000,0.00000000,0.00973459,0.00000000,0.00236954,0.00000000,0.00000000,0.00000000,0.00000000,0.00000000,0.00438305,0.00000000,0.00000000,0.00000000,0.00000000,0.00000000,0.07510763,0.00000000,0.00000000,0.00000000,0.00448481,0.00000000,0.00000000,0.00000000,0.00000000,0.00772015,0.00194066,0.00000000,0.00000000,0.00000000,0.00000000,0.00000000,0.00000000,0.00352305,0.00000000,0.00000000,0.00000000,0.00000000,0.00000000,0.00000000,0.00000000,0.00855470,0.00000000,0.00677570,0.00000000,0.00000000,0.00000000,0.00000000,0.00000000,0.00000000,0.03906322,0.00000000,0.00000000,0.00000000,0.00000000,0.00000000,0.00000000,0.00000000,0.00000000,0.00000000,0.00000000,0.00000000,0.00000000,0.00533891,0.00000000,0.00000000,0.00000000,0.00000000,0.00000000,0.00000000,0.00208434,0.00000000,0.00000000,0.03543494,0.00000000,0.05150959,0.00000000,0.00000000,0.00000000,0.00000000,0.00000000,0.00000000,0.00000000,0.00000000,0.00000000,0.00000000,0.02185591,0.00000000,0.00000000,0.00162641,0.00000000,0.43440117,0.00941265,0.00118298,0.00000000,0.05267811,0.00000000,0.00000000,0.00000000,0.00000000,0.00152071,0.00000000,0.00000000,0.00483901,0.00000000,0.01273107,0.00000000,0.00000000,0.00000000,0.00000000,0.00000000,0.00000000,0.00000000,0.00000000,0.00000000,0.00000000,0.00000000,0.00000000,0.00000000,0.00000000,0.00000000,0.00000000,0.00000000,0.00000000,0.00000000,0.00000000,0.00000000,0.00000000,0.06082231,0.00000000,0.00000000,0.00000000,0.00000000,0.00000000,0.00000000,0.00000000,0.00000000,0.00000000,0.00000000,0.00000000,0.00000000,0.00000000,0.00000000,0.00000000,0.00000000,0.00000000,0.00000000,0.00000000,0.00000000,0.00000000,0.00000000,0.00000000,0.00000000,0.00000000,0.00000000,0.00444339,0.00128504,0.00000000,0.01844131,0.00000000,0.00000000,0.00000000,0.00000000,0.00000000,0.00000000,0.00000000,0.00000000,0.00679898,0.00000000,0.00000000,0.00000000,0.00000000,0.00000000,0.00000000,0.00206304,0.00000000,0.01343485,0.00000000,0.00000000,0.00000000,0.00000000,0.01951539,0.00000000,0.00000000,0.00000000,0.00000000,0.00000000,0.00000000,0.00000000,0.04285131,0.00000000,0.00000000,0.00000000,0.00065975,0.00000000,0.00000000,0.00000000,0.00000000,0.00000000,0.00000000,0.00000000,0.00000000,0.00000000,0.00000000,0.00000000,0.00000000,0.00342608,0.00000000,0.00666019,0.00000000,0.00000000,0.00000000,0.00000000,0.00000000,0.00000000,0.00000000,0.00000000,0.00000000,0.00000000,0.00000000,0.00000000,0.00000000,0.00000000,0.01480189,0.01328700,0.00000000,0.00000000,0.00000000,0.06441479,0.00000000,0.00264652,0.01712990,0.00244499,0.00000000,0.00000000,0.00000000,0.35354907,0.00000000,0.00521874,0.00000000,0.00000000,0.00668761,0.00000000,0.00000000,0.00000000,0.00000000,0.00000000,0.00000000,0.00000000,0.00000000,0.00000000,0.00000000,0.00000000,0.00000000,0.00000000,0.00000000,0.00000000,0.00000000,0.00000000,0.00978627,0.00000000,0.03140911,0.00000000,0.00000000,0.00000000,0.00000000,0.00464709,0.00000000,0.00000000,0.00000000,0.00000000,0.00000000,0.00000000,0.00000000,0.00000000,0.00000000,0.00000000,0.00000000,0.00000000,0.00000000,0.00000000,0.00000000,0.00315218,0.00000000,0.00000000,0.00000000,0.00000000,0.00000000,0.00000000,0.00000000,0.00000000,0.00000000,0.00000000,0.00000000,0.00779666,0.00000000,0.00000000,0.00000000,0.00000000,0.00000000,0.00000000,0.00000000,0.00000000,0.00000000,0.01587483,0.00731822,0.00000000,0.00000000,0.00000000,0.00000000,0.00000000,0.00000000,0.00000000,0.00000000,0.00000000,0.00000000,0.04844139,0.00000000,0.00000000,0.00000000,0.00000000,0.00000000,0.00000000,0.00000000,0.00000000,0.00000000,0.00000000,0.00000000,0.00000000,0.00000000,0.00000000,0.00000000,0.00000000,0.00000000,0.00000000,0.00000000,0.00000000,0.00000000,0.00000000,0.00000000,0.00000000,0.00000000,0.00000000,0.00000000,0.00000000,0.00311121,0.01856847,0.00000000,0.00000000,0.00000000,0.00000000,0.00084780,0.00000000,0.00000000,0.07244577,0.00000000,0.00000000,0.00000000,0.00501147,0.01407630,0.00000000,0.05797981,0.18695522,0.00000000,2.74802069,0.00000000,0.00000000,0.00000000,0.00000000,0.00000000,0.00000000,0.00000000,0.00000000,0.00000000,0.00000000,0.00000000,0.00000000,0.00000000,0.00000000,0.00000000,0.00000000,0.00000000,0.00000000,0.00000000,0.00000000,0.00000000,0.00742593,0.00000000,0.00000000,0.00000000,0.00000000,0.00000000,0.00000000,0.00000000,0.00000000,0.00000000,0.00000000,0.00000000,0.00000000,0.00000000,0.00000000,0.00000000,0.01530935,0.00000000,0.00000000,0.00000000,0.00272099,0.00000000,0.00000000,0.02381776,0.00000000,0.00000000,0.00000000,0.00000000,0.00000000,0.00000000,0.00000000,0.00000000,0.00000000,0.00000000,0.00940031,0.00000000,0.00000000,0.00565377,0.01065438,0.00000000,0.00000000,0.00000000,0.00000000,0.05340806,0.00000000,0.00000000,0.00000000,0.00000000,0.00000000,0.00000000,0.00000000,0.00000000,0.00000000,0.00000000,0.00000000,0.00000000,0.00000000,0.00000000,0.00000000,0.00000000,0.00000000,0.00000000,0.00000000,0.03166824,0.00000000,0.00000000,0.00000000,0.00000000,0.00000000,0.00000000,0.00000000,0.00745760,0.00000000,0.00000000,0.00000000,0.00000000,0.00000000,0.00000000,0.00000000,0.00000000,0.00000000,0.00000000,0.00000000,0.00000000,0.00000000
0.00000000,0.00000000,0.00000000,0.00000000,0.00832973,0.00104566,0.00000000,0.06012752,0.00000000,0.00000000,0.00000000,0.00000000,0.00000000,0.00000000,0.00352747,0.00000000,0.00000000,0.00000000,0.00000000,0.00000000,0.00000000,0.00000000,0.00000000,0.01977692,0.00000000,0.00000000,0.00000000,0.00000000,0.00000000,0.00000000,0.00000000,0.00000000,0.00000000,0.00000000,0.00000000,0.00000000,0.00000000,0.00000000,0.00000000,0.00000000,0.00000000,0.09812373,0.01518621,0.00000000,0.00000000,0.00000000,0.00000000,0.00000000,0.00000000,0.00000000,0.00000000,0.00000000,0.00000000,0.00000000,0.00000000,0.00000000,0.00000000,0.00000000,0.00000000,0.00000000,0.00000000,0.00000000,0.00000000,0.00000000,0.00000000,0.00000000,0.00000000,0.00000000,0.00000000,0.00000000,0.00000000,0.00000000,0.00000000,0.00000000,0.00000000,0.00000000,0.00000000,0.00000000,0.00000000,0.00000000,0.00000000,0.00000000,0.00000000,0.00000000,0.00661703,0.00000000,0.00000000,0.00000000,0.00000000,0.00000000,0.00000000,0.00000000,0.00000000,0.00000000,0.00000000,0.30478551,0.00000000,0.02826786,0.05805088,0.00000000,0.00000000,0.00000000,0.00000000,0.00000000,0.00000000,0.00000000,0.00000000,0.00000000,0.00000000,0.00000000,0.00000000,0.00000000,0.00000000,0.00000000,0.00000000,0.00000000,0.00000000,0.00000000,0.00000000,0.00000000,0.00000000,0.00000000,0.00000000,0.00000000,0.00000000,0.00000000,0.00000000,0.00000000,0.00000000,0.00000000,0.00000000,0.00000000,0.00000000,0.00000000,0.00000000,0.00000000,0.00000000,0.00000000,0.00000000,0.00000000,0.00000000,0.00000000,0.00000000,0.00000000,0.00000000,0.43014105,0.00247789,0.00000000,0.00000000,0.00000000,0.00000000,0.00000000,0.00000000,0.00000000,0.00000000,0.00000000,0.00000000,0.00000000,0.05787632,0.00000000,0.00000000,0.00000000,0.00000000,0.00000000,0.00000000,0.00268560,0.00000000,0.00000000,0.00000000,0.00000000,0.00000000,0.00000000,0.00000000,0.00000000,0.00000000,0.00000000,0.00000000,0.00000000,0.00000000,0.00000000,0.00000000,0.00000000,0.00000000,0.00000000,0.00000000,0.00000000,0.00072311,0.00615290,0.00000000,0.00000000,0.00000000,0.00000000,0.00000000,0.00000000,0.00000000,0.00000000,0.00000000,0.00000000,0.00000000,0.00000000,0.00000000,0.00000000,0.00000000,0.00000000,0.00465897,0.00139940,0.00000000,0.03579454,0.00000000,0.00000000,0.00000000,0.00488386,0.00000000,0.00000000,0.00000000,0.00000000,0.00390633,0.00000000,0.00000000,0.00000000,0.00000000,0.00000000,0.00000000,0.00000000,0.00000000,0.00000000,0.00000000,0.00000000,0.00000000,0.00000000,0.00000000,0.00000000,0.00000000,0.00000000,0.00000000,0.00000000,0.02447869,0.00560931,0.00000000,0.00000000,0.00000000,0.56105065,0.00000000,0.08354416,0.00492583,0.00000000,0.00000000,0.00000000,0.06623157,0.00000000,0.00000000,0.00000000,0.00241774,0.00000000,0.00000000,0.00000000,0.00000000,0.00000000,0.00000000,0.00000000,0.00000000,0.00000000,0.00000000,0.00000000,0.00000000,0.00172088,0.00000000,0.01889759,0.00000000,0.00000000,0.00000000,0.00000000,0.00000000,0.00000000,0.00000000,0.00000000,0.00000000,0.00000000,0.00000000,0.00000000,0.00000000,0.00000000,0.00000000,0.00000000,0.00000000,0.00000000,0.00000000,0.00000000,0.00000000,0.00000000,0.00000000,0.00119656,0.00000000,0.00000000,0.00000000,0.00000000,0.00000000,0.00000000,0.00000000,0.00000000,0.00000000,0.00000000,0.00000000,0.00000000,0.00000000,0.00000000,0.00000000,0.00000000,0.00000000,0.00000000,0.00000000,0.00000000,0.00000000,0.07295428,0.00000000,0.00105111,0.00000000,0.00000000,0.00000000,0.00000000,0.00000000,0.00000000,0.00000000,0.00000000,0.02040580,0.00000000,0.27433638,0.00000000,0.00000000,0.00000000,0.00000000,0.00000000,0.00000000,0.00000000,0.00000000,0.00000000,0.00000000,0.00000000,0.00000000,0.00000000,0.00000000,0.00000000,0.00000000,0.00000000,0.00000000,0.00000000,0.00000000,0.04682945,1.78709324,0.00000000,0.00000000,0.00000000,0.00000000,0.00000000,0.00000000,0.00000000,0.00000000,0.00000000,0.00306759,0.00000000,0.00000000,0.00000000,0.00000000,0.00000000,0.00000000,0.00000000,0.00000000,0.00000000,0.00000000,0.00000000,0.00000000,0.33653404,0.00000000,0.00000000,0.00000000,0.00397314,0.00000000,0.00240182,0.00000000,0.00000000,0.00000000,0.00000000,0.00000000,0.00000000,0.00000000,0.00000000,0.00000000,0.00000000,0.00000000,0.00000000,0.01579548,0.00000000,0.78121783,0.00000000,0.00943245,0.00273202,0.00000000,0.00000000,0.00000000,0.00000000,0.00000000,0.00000000,0.00000000,0.00000000,0.00000000,0.00000000,0.00000000,0.00000000,0.00000000,0.00000000,0.02046027,0.00000000,0.00000000,0.00000000,0.00000000,0.00000000,0.01770257,0.00000000,0.00000000,0.00876927,0.06343293,0.00807479,0.00000000,0.00000000,0.00000000,0.00497015,0.00000000,0.00000000,0.00198703,0.00000000,0.00000000,0.00000000,0.00000000,0.00550978,0.00000000,0.00000000,0.00000000,0.02187344,0.00000000,0.00000000,0.00460376,0.00000000,0.00000000,0.00000000,0.00000000,0.00000000,0.00000000,0.00000000,0.00000000,0.00000000,0.08845931,0.00000000,0.00000000,0.00000000,0.06219225,0.00000000,0.00000000,0.00000000,0.00000000,0.00000000,0.00000000,0.00000000,0.00000000,0.00000000,0.00000000,0.00000000,0.19986457,0.00000000,0.00000000,0.00000000,0.00000000,0.00000000,0.00000000,0.00000000,0.00551432,0.00000000,0.00000000,0.00000000,0.00000000,0.00000000,0.00000000,0.00000000,0.00000000,0.00000000,0.00000000,0.00000000,1.71015365,0.00702221,0.00000000,0.00000000,0.00000000,0.00000000,0.00000000,0.00000000,0.00000000,0.00000000,0.00000000,0.00000000,0.00223493,0.00000000,0.00000000,0.00000000,0.00835743,0.00000000,0.00239580,0.00000000,0.00000000,0.00000000,0.00000000,0.00000000,0.00000000,0.00000000,0.00000000,0.00000000,0.00000000,0.00000000,0.00000000,0.00000000,0.00000000,0.00000000,0.00000000,0.00000000,0.00000000,0.00000000,0.00000000,0.00062636,0.00000000,0.00000000,0.00000000,0.00000000,0.00000000,0.11155031,0.00000000,0.00000000,0.00000000,0.00000000,0.00000000,0.00000000,0.00000000,0.00000000,0.00000000,0.00000000,0.00000000,0.00000000,0.00000000,0.05268767,0.00000000,0.04677600,0.00000000,0.35751309,0.00000000,0.00000000,0.00000000,0.00527241,0.00000000,0.00000000,0.00000000,0.00000000,0.00000000,0.00000000,0.00000000,0.00000000,0.00000000,0.00000000,0.00000000,0.00143863,0.00000000,0.00000000,0.00000000,0.00000000,0.00000000,0.00000000,0.00000000,0.02339688,0.00000000,0.00000000,0.00534174,1.28641656,0.00329260,0.00000000,0.07944120,0.16375292,0.00483350,0.00172702,0.00000000,0.00000000,0.00000000,0.00000000,0.00000000,0.00000000,0.00000000,0.00098344,0.00000000,0.00000000,0.00000000,0.00000000,0.00000000,0.00000000,0.00000000,0.04100498,0.00000000,0.00000000,0.00000000,0.00000000,0.00000000,0.00000000,0.00000000,0.00000000,0.00000000,0.00000000,0.00000000,0.00000000,0.00000000,0.00000000,0.00000000,0.00000000,0.00000000,0.00000000,0.00000000,0.00000000,0.00000000,0.00000000,0.00000000,0.00000000,0.00000000,0.00000000,0.00000000,0.00000000,0.00000000,0.00000000,0.00000000,0.00000000,0.00077439,0.00000000,0.00000000,0.00000000,0.00000000,0.00392340,0.00258192,0.03116705,0.00000000,0.00000000,0.00000000,0.00000000,0.00000000,0.00000000,0.00000000,0.00000000,0.00000000,0.00157089,0.00000000,0.00000000,0.00648186,0.00000000,0.00000000,0.00000000,0.01571190,0.00000000,0.00000000,0.00000000,0.00000000,0.00000000,0.00000000,0.00000000,0.00000000,0.00000000,0.00000000,0.00000000,0.00000000,0.01487146,0.00269398,0.00000000,0.01821478,0.00000000,0.00000000,0.00335379,0.00000000,0.00000000,0.00000000,0.00000000,0.14250582,0.00000000,0.00000000,0.00000000,0.00000000,0.00928593,0.00000000,0.00644012,0.00000000,0.00690454,0.00549671,0.00000000,0.00000000,0.00000000,0.00000000,0.00000000,0.00000000,0.00000000,0.11186161,0.01662962,0.01191932,0.00000000,0.00000000,0.00000000,0.00000000,0.00000000,0.00000000,0.00000000,0.00000000,0.00000000,0.00000000,0.00374156,0.00000000,0.00000000,0.00000000,0.00000000,0.00000000,0.00000000,0.00000000,0.00000000,0.00000000,0.00192383,0.00000000,0.00000000,0.00000000,0.00000000,0.00000000,0.00000000,0.00000000,0.00000000,0.00000000,0.00000000,0.02656543,0.00320572,0.00000000,0.00346680,0.00000000,0.00000000,0.00000000,0.00000000,0.00000000,0.00000000,0.00000000,0.00000000,0.00000000,0.00000000,0.00000000,0.00000000,0.00000000,0.00000000,0.00000000,0.00000000,0.00000000,0.00201314,0.00000000,0.00000000,0.00000000,0.00000000,0.00000000,0.00000000,0.00000000,0.00000000,0.00000000,0.00000000,0.00000000,0.00000000,0.00000000,0.00000000,0.00000000,0.00000000,0.00000000,0.00000000,0.00000000,0.00000000,0.00000000,0.00000000,0.00000000,0.00000000,0.00000000,0.00000000,0.00000000,0.01068795,0.00000000,0.00000000,0.01206772,0.00847773,0.00000000,0.00000000,0.00000000,0.00000000,0.00549930,0.34727009,0.58637661,0.07316808,0.00000000,0.00000000,0.00000000,0.00000000,0.00000000,0.00000000
0.00000000,0.00000000,0.00000000,0.00000000,0.00322859,0.00000000,0.00000000,0.00000000,0.00000000,0.00000000,0.00000000,0.00000000,0.00000000,0.00000000,0.00000000,0.00000000,0.00000000,0.00000000,0.00000000,0.00505814,0.00000000,0.00000000,0.00000000,0.00000000,0.00000000,0.01792112,0.00000000,0.00000000,0.00000000,0.00000000,0.00000000,0.00000000,0.00000000,0.00000000,0.00000000,0.00000000,0.00000000,0.00000000,0.00000000,0.00000000,0.00000000,0.00000000,0.00000000,0.00000000,0.00000000,0.00000000,0.00000000,0.00000000,0.01608977,0.00000000,0.00000000,0.00000000,0.00000000,0.00000000,0.00000000,0.00000000,0.00000000,0.00000000,0.00000000,0.00190269,0.00000000,0.00000000,0.00000000,0.00000000,0.00122250,0.00000000,0.00000000,0.00000000,0.00000000,0.00000000,0.00000000,0.00000000,0.00000000,0.00000000,0.01610297,0.00000000,0.00000000,0.00000000,0.00000000,0.00311506,0.00000000,0.00000000,0.00000000,0.00000000,0.00000000,0.00000000,0.00000000,0.00000000,0.00525484,0.00000000,0.00000000,0.00000000,0.00000000,0.00000000,0.00000000,0.00000000,0.00000000,0.00000000,0.05644491,0.00000000,0.01081716,0.00000000,0.00000000,0.03331817,0.00000000,0.00000000,0.00000000,0.00000000,0.00000000,0.00000000,0.01132125,0.00000000,0.00000000,0.00000000,0.00000000,0.00000000,0.00440335,0.00000000,0.00000000,0.00000000,0.00000000,0.00000000,0.00000000,0.00000000,0.00000000,0.02578022,0.00673066,0.00000000,0.00000000,0.00000000,0.00000000,0.00000000,0.00000000,0.00000000,0.00575950,0.00000000,0.00000000,0.00000000,0.00000000,0.00000000,0.00000000,0.00511291,0.00000000,0.00000000,0.00000000,0.00000000,0.00000000,0.00000000,0.00000000,0.00251413,0.00000000,0.00000000,0.00000000,0.00000000,0.00000000,0.00000000,0.00000000,0.00000000,0.00000000,0.00000000,0.00000000,0.00000000,0.00000000,0.00000000,0.00000000,0.00000000,0.00000000,0.00000000,0.02174996,0.00000000,0.00000000,0.00000000,0.00000000,0.00000000,0.21133857,0.00000000,0.04081779,0.00000000,0.00000000,0.00000000,0.00000000,0.00000000,0.00000000,0.00000000,0.00000000,0.00000000,0.00000000,0.00000000,0.00000000,0.00000000,0.00000000,0.00000000,0.00000000,0.00000000,0.00386825,0.00000000,0.00000000,0.00000000,0.00000000,0.00257836,0.00000000,0.00000000,0.00000000,0.00000000,0.01356578,0.00000000,0.00000000,0.00000000,0.00000000,0.00000000,0.00000000,0.00000000,0.00171873,0.00000000,0.00000000,0.00000000,0.00000000,0.00000000,0.00000000,0.00000000,0.00000000,0.00000000,0.00000000,0.00000000,0.00000000,0.00668047,0.00000000,0.00000000,0.00000000,0.00000000,0.00000000,0.00608391,0.00000000,0.00000000,0.00000000,0.00000000,0.00000000,0.00000000,0.00000000,0.00158484,0.01217240,0.03848615,0.00000000,0.00000000,0.00000000,0.00000000,0.00000000,0.00683769,0.00000000,0.00000000,0.00000000,0.51286201,0.00000000,0.00000000,0.03615397,0.00000000,0.00000000,0.03263685,0.00000000,0.00000000,0.00000000,0.16618692,0.00000000,0.55431584,0.00000000,0.00000000,0.00000000,0.00000000,0.00000000,0.00192419,0.00000000,0.00000000,0.00000000,0.00000000,0.00000000,0.00311509,0.00000000,0.00000000,0.00000000,0.00000000,0.12357024,0.00000000,0.00000000,0.00000000,0.00000000,0.00000000,0.00000000,0.00778896,0.00000000,0.00000000,0.00000000,0.03713998,0.00000000,0.00000000,0.00000000,0.00000000,0.07423636,0.00000000,0.00000000,0.00000000,0.00000000,0.00000000,0.00000000,0.00000000,0.00000000,0.00000000,0.00000000,0.00000000,0.00000000,0.00000000,0.20307761,0.00000000,0.00000000,0.00000000,0.00000000,0.00000000,0.00000000,0.00000000,0.00000000,0.00247228,0.00000000,0.00217196,0.00000000,0.00000000,0.00000000,0.00000000,0.00000000,0.00000000,0.00000000,0.00000000,0.00000000,0.00000000,0.00000000,0.00000000,0.00000000,0.00000000,0.00000000,0.00000000,0.00000000,0.00283696,0.01488431,0.00000000,0.00000000,0.00000000,0.00000000,0.00000000,0.00000000,0.00406108,0.00000000,0.00000000,0.00000000,0.00000000,0.01144932,0.00000000,0.00000000,0.00000000,0.00000000,0.02112286,0.10013382,0.00000000,0.00000000,0.00000000,0.00000000,0.00000000,0.00000000,0.00000000,0.00000000,0.00000000,0.00000000,0.00000000,0.00000000,0.00361343,2.30863470,0.00000000,0.00000000,0.00000000,0.00000000,0.00659459,0.00000000,0.00000000,0.00000000,0.00000000,0.00000000,0.00000000,0.00000000,0.00000000,0.00000000,0.00000000,0.00000000,0.00000000,0.00000000,0.00000000,0.00000000,0.00000000,0.01153268,0.00000000,0.00000000,0.00000000,0.00000000,0.00000000,0.00000000,0.00000000,0.00000000,0.00000000,0.00000000,0.00000000,0.00000000,0.00000000,0.00000000,0.00000000,0.00000000,0.00000000,0.00000000,0.00000000,0.00000000,0.01181464,0.00000000,0.01928609,0.00000000,0.00000000,0.00000000,0.16633995,0.00000000,0.02807192,0.00000000,0.00000000,0.00000000,0.00000000,0.05684823,0.00000000,0.00000000,0.00000000,0.00000000,0.00000000,0.00000000,0.00000000,0.00000000,0.01218260,0.00000000,0.17416276,0.00244627,0.00000000,0.00000000,0.00000000,0.00000000,0.00000000,0.00000000,0.00000000,0.00000000,0.00000000,0.00000000,0.00000000,0.00000000,0.00000000,0.00000000,0.04395390,0.00000000,0.00000000,0.00000000,0.00000000,0.00000000,0.00000000,0.00491882,0.00000000,0.00000000,0.00000000,0.00000000,0.00000000,0.00000000,0.00000000,0.00000000,0.00000000,0.09393131,0.00000000,0.00000000,0.00000000,0.00355229,0.00000000,0.13436800,0.00000000,0.00000000,0.00000000,0.05648609,0.00000000,0.00000000,0.00000000,0.00000000,0.00000000,0.32653804,0.00000000,0.00000000,0.00000000,0.00000000,0.00000000,0.00000000,0.00000000,0.00000000,0.00000000,0.00000000,0.00000000,0.00000000,0.00000000,0.00000000,0.09026705,0.00000000,0.00072018,0.00000000,0.00000000,0.00000000,0.00000000,0.00000000,0.00000000,0.01047114,0.00000000,0.00000000,0.00000000,0.00000000,0.00000000,0.00000000,0.00000000,0.00000000,0.00000000,0.00000000,0.00000000,0.00000000,0.00000000,0.00000000,0.00000000,0.00000000,0.00000000,0.00000000,0.00000000,0.00610212,0.00000000,0.00000000,0.00000000,0.00000000,0.00000000,0.00438096,0.00000000,0.00000000,0.00000000,0.01139800,0.01224473,0.00000000,0.00312372,0.00000000,0.03297032,0.00000000,0.00000000,0.00574662,0.00000000,0.00000000,0.00000000,0.00000000,0.00000000,0.00000000,0.00000000,0.00000000,0.00000000,0.00000000,0.03980672,0.00000000,0.01142241,0.00000000,0.00000000,0.00000000,0.00000000,0.14928394,0.00000000,0.00000000,0.00000000,0.00000000,0.00000000,0.00000000,0.00000000,0.00000000,0.00000000,0.00000000,0.00000000,0.00000000,0.00000000,0.00000000,0.01092660,0.00000000,0.00000000,0.00000000,0.00000000,0.01154653,0.07337319,0.00000000,0.01594334,0.00000000,0.11798040,0.00000000,0.00000000,0.00000000,0.00000000,0.00000000,0.00000000,0.00000000,0.00000000,0.06332140,0.00000000,0.00000000,0.00000000,0.00000000,0.00000000,0.00000000,0.00000000,0.00000000,0.00000000,0.00000000,0.00000000,0.00000000,0.00000000,0.00000000,0.00000000,0.00000000,0.00000000,0.00000000,0.00000000,0.00000000,0.00000000,0.00000000,0.00000000,0.00000000,0.00000000,0.00000000,0.00000000,0.00000000,0.00619141,0.03986369,0.00000000,0.01314933,0.00000000,0.00000000,0.00000000,0.10711379,0.00000000,0.00000000,0.00000000,0.00000000,0.00000000,0.00000000,0.00000000,0.00000000,0.00000000,0.02374423,0.00000000,0.00000000,0.00000000,0.00120743,0.00000000,0.00000000,0.00000000,0.00000000,0.00000000,0.02156957,0.00000000,0.00000000,0.00000000,0.00000000,0.00000000,0.00000000,0.00000000,0.00466298,0.18194027,0.06332718,0.00375658,0.00000000,0.00000000,0.00000000,0.00000000,0.00000000,0.00000000,0.00000000,0.00000000,0.00000000,0.00000000,0.00000000,0.00000000,0.02007094,0.00000000,0.00000000,0.00000000,0.01439073,0.00182592,0.00000000,0.00000000,0.00000000,0.00000000,0.00000000,0.00000000,0.00000000,0.00000000,0.00000000,0.00000000,0.00332621,0.00000000,0.00000000,0.03219188,0.00000000,0.00000000,0.00000000,0.00000000,0.00000000,0.00000000,0.04132476,0.00000000,0.00000000,0.00000000,0.00000000,0.00000000,0.00000000,0.00721380,0.00000000,0.00000000,0.00000000,0.00000000,0.00000000,0.00000000,0.00000000,0.00000000,0.00000000,0.00000000,0.00000000,0.00000000,0.00000000,0.00000000,0.00167722,0.00000000,0.00000000,0.00000000,0.00000000,0.06215086,0.00000000,0.00000000,0.00000000,0.00000000,0.00498406,0.00000000,0.00000000,0.00000000,0.00000000,0.00000000,0.00124521,0.00000000,0.00000000,0.00000000,0.00000000,0.00000000,0.00000000,0.00000000,0.00000000,0.00000000,0.00000000,0.00000000,0.00000000,0.00000000,0.00000000,0.00000000,0.00000000,0.00000000,0.00000000,0.00000000,0.00000000,0.00000000,0.00000000,0.00000000,0.00000000,0.01283394,0.00144807,0.00000000,0.00000000,0.00000000,0.00000000,0.00000000,0.00000000,0.00000000,0.00000000,0.00000000,0.00000000,0.00000000,0.00000000,0.00000000,0.00000000,0.00000000,0.00000000,0.00000000,0.00000000,0.00000000,0.00000000,0.00000000,0.00000000,0.00000000,0.00000000,0.00000000,0.00000000,0.00000000
0.00000000,0.00000000,0.00000000,0.00000000,0.00000000,0.00000000,0.00000000,0.00000000,0.00000000,0.00000000,0.00199506,0.11394478,0.07887454,0.00000000,0.00000000,0.00000000,0.00000000,0.00000000,0.00000000,0.00710537,0.00180519,0.00000000,0.00000000,0.00000000,0.00000000,0.00000000,0.01539961,0.00000000,0.00000000,0.00000000,0.00000000,0.00000000,0.01331641,0.00000000,0.00000000,0.00000000,0.00000000,0.00000000,0.00000000,0.00000000,0.00000000,0.00000000,0.00000000,0.00000000,0.00000000,0.00000000,0.00000000,0.00000000,0.00000000,0.00000000,0.00000000,0.45392162,0.00000000,0.00000000,0.00000000,0.00000000,0.00000000,0.00000000,0.00000000,0.00683250,0.00000000,0.00000000,0.00000000,0.00000000,0.00539394,0.00000000,0.00000000,0.00000000,0.00000000,0.00000000,0.00000000,0.00000000,0.00000000,0.00000000,0.00000000,0.00000000,0.00000000,0.00000000,0.00000000,0.00000000,0.00000000,0.00377873,0.00000000,0.00000000,0.00000000,0.00000000,0.00476668,0.00000000,0.00000000,0.00000000,0.00000000,0.00000000,0.00000000,0.00000000,0.00000000,0.00000000,0.00000000,0.00000000,0.00000000,0.00000000,0.00000000,0.00000000,0.00000000,0.00000000,0.00000000,0.00000000,0.00000000,0.00000000,0.00000000,0.00000000,0.00000000,0.00000000,0.00000000,0.00000000,0.00000000,0.22809341,0.00000000,0.00000000,0.00000000,0.00000000,0.00000000,0.00000000,0.00000000,0.00000000,0.00326419,0.00000000,0.00000000,0.00000000,0.00000000,0.00000000,0.00000000,0.00000000,0.00000000,0.00000000,0.00000000,0.00000000,0.00620312,0.00000000,0.00000000,0.00000000,0.00000000,0.00000000,0.00000000,0.00000000,0.00000000,0.00000000,0.04792689,0.00000000,0.00000000,0.00000000,0.00539025,0.00000000,0.00000000,0.00000000,0.00000000,0.00000000,0.00000000,0.00000000,0.00000000,0.00000000,0.00000000,0.01548915,0.00000000,0.00000000,0.00000000,0.00000000,0.00387994,0.00000000,0.00000000,0.00000000,0.00000000,0.00000000,0.08910070,0.00091111,0.00000000,0.00000000,0.00000000,0.00000000,0.00000000,0.00000000,0.00000000,0.00000000,0.00000000,0.00000000,0.00000000,0.00000000,0.00000000,0.00000000,0.00000000,0.00000000,0.04494690,0.00000000,0.00000000,0.00000000,0.00000000,0.00000000,0.00000000,0.00000000,0.00000000,0.00000000,0.00000000,0.00000000,0.00000000,0.00000000,0.00000000,0.00000000,0.00000000,0.00883609,0.01053081,0.00000000,0.00122871,0.00000000,0.00000000,0.00000000,0.00000000,0.00000000,0.00000000,0.00000000,0.00000000,0.00000000,0.00000000,0.00000000,0.00000000,0.00000000,0.00000000,0.00000000,0.00000000,0.00000000,0.00000000,0.00123669,0.00000000,0.14983722,0.00000000,0.00000000,0.00000000,0.00000000,0.00000000,0.00000000,0.00000000,0.00000000,0.00000000,0.00000000,0.00000000,0.00000000,0.00000000,0.00000000,0.00000000,0.00000000,0.01273663,0.00000000,0.00000000,0.00000000,0.00805565,0.00000000,0.00000000,0.00000000,0.00402859,1.63522147,0.00000000,0.00000000,0.00000000,0.00000000,0.00000000,0.02975400,4.03704072,0.00000000,0.00000000,0.00000000,0.00000000,0.00000000,0.00000000,0.00000000,0.00072298,0.00000000,0.00000000,0.00000000,0.00000000,0.00000000,0.00654828,0.01874342,0.01559805,0.00000000,0.00000000,0.00000000,0.00000000,0.00000000,0.00000000,0.00000000,0.00000000,0.00000000,0.05997002,0.00000000,0.01635833,0.05974154,0.00000000,0.00000000,0.00000000,0.00000000,0.00472937,0.00071937,1.56162185,0.00000000,0.00000000,0.00000000,0.00000000,0.00000000,0.00000000,0.00000000,0.00788298,0.00000000,0.00000000,0.00000000,0.00000000,0.00000000,0.00000000,0.00000000,0.00000000,0.00000000,0.00000000,0.00000000,0.00000000,0.00503518,0.00000000,0.00000000,0.00000000,0.00000000,0.00000000,0.00000000,0.00000000,0.00000000,0.00000000,0.00000000,0.00000000,0.00000000,0.00000000,0.01630127,0.00000000,0.00000000,0.00264259,0.00000000,0.00586984,0.00000000,0.00000000,0.00161108,0.00000000,0.00000000,0.00000000,0.00000000,0.00000000,0.00000000,0.00000000,0.00000000,0.00000000,0.01260905,0.00000000,0.00000000,0.00000000,0.00000000,0.00000000,0.02386385,0.00000000,0.00000000,0.00000000,0.00000000,0.00000000,0.00000000,0.00000000,0.00000000,0.00000000,0.03400657,0.00000000,0.00000000,0.00000000,0.00000000,0.01944460,0.00306061,0.01512935,0.00000000,0.00000000,0.00000000,0.00000000,0.00000000,0.00000000,0.00000000,0.00000000,0.00000000,0.00000000,0.00000000,0.00000000,0.00000000,0.00000000,0.00000000,0.46588231,0.00000000,0.00000000,0.00000000,0.00000000,0.00000000,0.00000000,0.00000000,0.00000000,0.00000000,0.00000000,0.00000000,0.00000000,0.00537463,0.01255771,0.00724578,0.00000000,0.00000000,0.00000000,0.00000000,0.00000000,0.00000000,0.00000000,0.00000000,0.00000000,0.00000000,0.00000000,0.00000000,0.00000000,0.00000000,0.00000000,0.00000000,0.00000000,0.00000000,0.00000000,0.00000000,0.00000000,0.29105692,0.11768701,0.00000000,0.00000000,0.00000000,0.00000000,0.00000000,0.00000000,0.00000000,0.00000000,0.00000000,0.00000000,0.00000000,0.00000000,0.00000000,0.01863489,0.00000000,0.00000000,0.00000000,0.00000000,0.00000000,0.00000000,0.00000000,0.00000000,0.00000000,0.00000000,0.00000000,0.00000000,0.00000000,0.00000000,0.00000000,0.00000000,0.00000000,0.00000000,0.00000000,0.00000000,0.00000000,0.00000000,0.00000000,0.00000000,0.00000000,0.00000000,0.00000000,0.00000000,0.01725005,0.00000000,0.00260294,0.00000000,0.00000000,0.00000000,0.00000000,0.08178653,0.00000000,0.00000000,0.00000000,0.00000000,0.01090739,0.00000000,0.00000000,0.00000000,0.00000000,0.00000000,0.00000000,0.00000000,0.00000000,0.00000000,0.00000000,0.00000000,0.00000000,0.00278921,0.00000000,0.00000000,0.08428107,0.00000000,0.08826483,0.00000000,0.00000000,0.00199285,0.00000000,0.00000000,0.00000000,0.00000000,0.00000000,0.00000000,0.00000000,0.00000000,0.00000000,0.00000000,0.00000000,0.00000000,0.00000000,0.00000000,0.01991536,0.00000000,0.00000000,0.01023958,0.00000000,0.00000000,0.00000000,0.01654878,0.00000000,0.00000000,0.00000000,0.00000000,0.00000000,0.00000000,0.00000000,0.01121061,0.00000000,0.00000000,0.00000000,0.00000000,0.00000000,0.00000000,0.00000000,0.00000000,0.00000000,0.00000000,0.00000000,0.00000000,0.00000000,0.00582522,0.00000000,0.00000000,0.00000000,0.00000000,0.00000000,0.00000000,0.03124045,0.00000000,0.00000000,0.01405720,0.08751206,0.00099778,0.00000000,0.00000000,0.00000000,0.00830403,0.00000000,0.00000000,1.06509979,0.00000000,0.00000000,0.00000000,0.00000000,0.00000000,0.00000000,0.00000000,0.00000000,0.00000000,0.00000000,0.00151542,0.00000000,0.00000000,0.00000000,0.00000000,0.00000000,0.00000000,0.00000000,0.00000000,0.00000000,0.00000000,0.00813260,0.00000000,0.00000000,0.00000000,0.00000000,0.01726457,0.00000000,0.00000000,0.00000000,0.00000000,0.00000000,0.00000000,2.58100751,0.00000000,0.00000000,0.00000000,0.00000000,0.00000000,0.00000000,0.00000000,0.00000000,0.00000000,0.00000000,0.00000000,0.00000000,0.01780636,0.00000000,0.00000000,0.00000000,0.00000000,0.00000000,0.00000000,0.00000000,0.00000000,0.00000000,0.00824631,0.00000000,0.00000000,0.00000000,0.00000000,0.00000000,0.00000000,0.00000000,0.00000000,0.00727413,0.00000000,0.00000000,0.00000000,0.00661035,0.00000000,0.00000000,0.00000000,0.00000000,0.00000000,0.00000000,0.00000000,0.01077033,0.00000000,0.00000000,0.00000000,0.00000000,0.00000000,0.00000000,0.00000000,0.00000000,0.00000000,0.00000000,0.00000000,0.00000000,0.00000000,0.10546570,0.00000000,0.00000000,0.00000000,0.00000000,0.34873619,0.01392690,0.00553672,0.00000000,0.00000000,0.06308836,0.00000000,0.00259251,0.00000000,0.00000000,0.00000000,0.00521413,0.01756988,0.00000000,0.00000000,0.00000000,0.00000000,0.00000000,0.00000000,0.00000000,0.00000000,0.00000000,0.00000000,0.00000000,0.00000000,0.00000000,0.00000000,0.00000000,0.01067315,0.00000000,0.00000000,0.00000000,0.00000000,0.38018209,0.00000000,0.00000000,0.15578624,0.00000000,0.00000000,0.00000000,0.00000000,0.00000000,0.00000000,0.00000000,0.00000000,0.00000000,0.00000000,0.00000000,0.00000000,0.00000000,0.00000000,0.01236652,0.00000000,0.00000000,0.00000000,0.00000000,0.00000000,0.00000000,0.00000000,0.00000000,0.00000000,0.00000000,0.00000000,0.00000000,0.01131323,0.00253781,0.00000000,0.00000000,0.00000000,0.00000000,0.00000000,0.00000000,0.00000000,0.00000000,0.00000000,0.00000000,0.00000000,0.00000000,0.00000000,0.26277859,0.12961254,0.00981966,0.00000000,0.00000000,0.00000000,0.00000000,0.17864875,0.00000000,2.30329778,0.00000000,0.00000000,0.00000000,0.00000000,0.02430967,0.01086332,0.00000000,0.00000000,0.00000000,0.00000000,0.00000000,0.00000000,0.00000000,0.00000000,0.00000000,0.00000000,0.00000000,0.00777494,0.00000000,0.00000000,0.00000000,0.00000000,0.00000000,0.00000000,0.06676208,0.00000000,0.00000000,0.00000000,0.00000000,0.00000000,0.00000000,0.00000000,0.00000000,0.00000000,0.00000000,0.00799346,0.00000000,0.00000000,0.00000000,0.00000000,0.00000000,0.00000000,0.00000000,0.00000000,0.00000000
0.00332460,0.00134577,0.00000000,0.00000000,0.00000000,0.00000000,0.00084302,0.00000000,0.00000000,0.00000000,0.00000000,0.00000000,0.00000000,0.00516290,0.00000000,0.00000000,0.00000000,0.00000000,0.00170116,0.00000000,0.00000000,0.00000000,0.00180354,0.00000000,0.00000000,0.00000000,0.00000000,0.00000000,0.00000000,0.00000000,0.00000000,0.00000000,0.00000000,0.00000000,0.00000000,0.00000000,0.00000000,0.00000000,0.00000000,0.00000000,0.00000000,0.00000000,0.00656979,0.00000000,0.00000000,0.00000000,0.00000000,0.00000000,0.00000000,0.01411839,0.00000000,0.00000000,0.00000000,0.00000000,0.00000000,0.00000000,0.02248842,0.00000000,0.00000000,0.00000000,0.00000000,0.00000000,0.00000000,0.00000000,0.00517037,0.00000000,0.00000000,0.00000000,0.00000000,0.00171099,0.00000000,0.00000000,0.00000000,0.00000000,0.00000000,0.00000000,0.00000000,0.58358005,0.00000000,0.00000000,0.00000000,0.00466481,0.00000000,0.00000000,0.00000000,0.00000000,0.00000000,0.00000000,0.00000000,0.00000000,0.12887472,0.00000000,0.00000000,0.00000000,0.00000000,0.00000000,0.00000000,0.00000000,0.00097987,0.00000000,0.00276071,0.00000000,0.00000000,0.00000000,0.00000000,0.00000000,0.00000000,0.00000000,0.00000000,0.00000000,0.00156937,0.00000000,0.03829654,0.00000000,0.00000000,0.00000000,0.00000000,0.00000000,0.00000000,0.00000000,0.00000000,0.00000000,0.00898408,0.00000000,0.00000000,0.00000000,0.00000000,0.00000000,0.00000000,0.00000000,0.00000000,0.00000000,0.00000000,0.00929223,0.00000000,0.00000000,0.00000000,0.00000000,0.00000000,0.00000000,0.00226394,0.00000000,0.00000000,0.00225526,0.00000000,0.00000000,0.00000000,0.00000000,0.00000000,0.00000000,0.00000000,0.00000000,0.00267963,0.00000000,0.00000000,0.00000000,0.00000000,0.00000000,0.00000000,0.00000000,0.00000000,0.00000000,0.00000000,0.00000000,0.00000000,0.00000000,0.00768449,0.00000000,0.00000000,0.00000000,0.00000000,0.00000000,0.00000000,0.00000000,0.00228896,0.00000000,0.00000000,0.00000000,0.00000000,0.09432363,0.00000000,0.00650126,0.00000000,0.00000000,0.00000000,0.00000000,0.00000000,0.00000000,0.00475730,0.00000000,0.00000000,0.00467178,0.00000000,0.00000000,0.00000000,0.00000000,0.00000000,0.00196475,0.00000000,0.00000000,0.00000000,0.02661966,0.00000000,0.00000000,0.00000000,0.00000000,0.00000000,0.00160432,0.00000000,0.00000000,0.00000000,0.00000000,0.00000000,0.00000000,0.00000000,0.00000000,0.00000000,0.00000000,0.00000000,0.00000000,0.48672046,0.00000000,0.00000000,0.00000000,0.00256586,0.00000000,0.00000000,0.00000000,0.00000000,0.00000000,0.01408730,0.00000000,0.00000000,0.00000000,0.00000000,0.00000000,0.00000000,0.00000000,0.00000000,0.00000000,0.00000000,0.00000000,0.00610438,0.00000000,0.00000000,0.08254477,0.00000000,0.00000000,0.08492247,0.00000000,0.00000000,0.00000000,0.00000000,0.00000000,0.00000000,0.00000000,0.00000000,0.00000000,0.00000000,0.00000000,0.00000000,0.00000000,0.00000000,0.00000000,0.00000000,0.04432931,0.00000000,0.00000000,0.00000000,0.00000000,0.00000000,0.00000000,0.00000000,0.00000000,0.00000000,0.00000000,0.00000000,0.00000000,0.00000000,0.00000000,0.00000000,0.00000000,0.00000000,0.00000000,0.00000000,0.00000000,0.00330799,0.00000000,0.00000000,0.00000000,0.00000000,0.00000000,0.00000000,0.00242463,0.00000000,0.00000000,0.00000000,0.00000000,0.00000000,0.00000000,0.00000000,0.00000000,0.00000000,0.00000000,0.00000000,0.00000000,0.00000000,0.00000000,0.00000000,0.00000000,0.00000000,0.00000000,0.00000000,0.00000000,0.00054798,0.00000000,0.00000000,0.00000000,0.00000000,0.00195395,0.00000000,0.00000000,0.02568237,0.07222413,0.00000000,0.00000000,0.00404013,0.00000000,0.00000000,0.13388358,0.03458716,0.00000000,0.00000000,0.35761444,0.00000000,0.04483028,0.00000000,0.00000000,0.00000000,0.00000000,0.00000000,0.00000000,0.00000000,0.00000000,0.00000000,0.00000000,0.00000000,0.00000000,0.00000000,0.00000000,0.00000000,0.00000000,0.00000000,0.00000000,0.00483147,0.00000000,0.00000000,0.00000000,0.00185991,0.00000000,0.00796774,0.00000000,0.00000000,0.00000000,0.00000000,0.00000000,0.00155407,0.00000000,0.00000000,0.00000000,0.00000000,0.00000000,0.00000000,0.00000000,0.00000000,0.00000000,0.00000000,0.00000000,0.00000000,0.00000000,0.00000000,0.00000000,0.00000000,0.00000000,0.00000000,0.07301594,0.00000000,0.00000000,0.00000000,0.00000000,0.00000000,0.00000000,0.00000000,0.00096335,0.00000000,0.00000000,0.00000000,0.74999054,0.00000000,0.00000000,0.00000000,0.00000000,0.00000000,0.00000000,0.00000000,0.00000000,0.00000000,0.00000000,0.00000000,0.00000000,0.00000000,0.00000000,0.00000000,0.00000000,0.00000000,0.00000000,0.00000000,0.00000000,0.00000000,0.00000000,0.00000000,0.00000000,0.00000000,0.00000000,0.00000000,0.00000000,0.00000000,0.00000000,0.00000000,0.00000000,0.00000000,0.00000000,0.00000000,0.00711993,0.00000000,0.00000000,0.00778332,0.00000000,0.00000000,0.00000000,0.00000000,0.00000000,0.00000000,0.03021550,0.00000000,0.03536055,0.00000000,0.00000000,0.00000000,0.00000000,0.00000000,0.00000000,0.00000000,0.00000000,0.00000000,0.00000000,0.00000000,0.00000000,0.00000000,0.00000000,0.00000000,0.00000000,0.00000000,0.00000000,0.00000000,0.00000000,0.00354823,0.00000000,0.00000000,0.00000000,0.00000000,0.02831875,0.00000000,0.00000000,0.00000000,0.00000000,0.00000000,0.00000000,0.00000000,0.00000000,0.00000000,0.00000000,0.00000000,0.00000000,0.00000000,0.00105129,0.00000000,0.00000000,0.00000000,0.00000000,0.02945124,0.00000000,0.00000000,0.00000000,0.00000000,0.00000000,0.00000000,0.00000000,0.00000000,0.00000000,0.00000000,0.00000000,0.00000000,0.00847265,0.00000000,0.00000000,0.00347981,0.00000000,0.00000000,0.00000000,0.00000000,0.00000000,0.00000000,0.00000000,0.00000000,0.02675759,0.00000000,0.00000000,0.00000000,0.00208623,0.00000000,0.00247442,0.00000000,0.00256054,0.00868825,0.00000000,0.00000000,0.00000000,0.00000000,0.00000000,0.00000000,0.00000000,0.00000000,0.00000000,0.00000000,0.00000000,0.00000000,0.00000000,0.00391502,0.00000000,0.00000000,0.00000000,0.00000000,0.00177868,0.12774075,0.00000000,0.00000000,0.00000000,0.00000000,0.00000000,0.00090041,0.03585864,0.00000000,0.00000000,0.00000000,0.00000000,0.00000000,0.00000000,0.00000000,0.00000000,0.00000000,0.00000000,0.00000000,0.01895322,0.01788110,0.00000000,0.00000000,0.00000000,0.00000000,0.00000000,0.00000000,0.00000000,0.00000000,0.00000000,0.00000000,0.00000000,0.00000000,0.00000000,0.00000000,0.00000000,0.00000000,0.00000000,0.00000000,0.00000000,0.00000000,0.00000000,0.00000000,0.00000000,0.00000000,0.00000000,0.00000000,0.00000000,0.00000000,0.00000000,0.01768906,0.01585949,0.00000000,0.00000000,0.00000000,0.00000000,0.00000000,0.00000000,0.00000000,0.00000000,0.00000000,0.20162471,0.00000000,0.00000000,0.00000000,0.00000000,0.00094643,0.00000000,0.00000000,0.00000000,0.00000000,0.00000000,0.00000000,0.00000000,0.00000000,0.00000000,0.00000000,0.00949321,0.00000000,0.00000000,0.00000000,0.02377967,0.00000000,0.00000000,0.00000000,0.00000000,0.00000000,0.00167117,0.00000000,0.00000000,0.00000000,0.00000000,0.00000000,0.00000000,0.00000000,0.00000000,0.00000000,0.00067464,0.00000000,0.00000000,0.00000000,0.10290499,0.00000000,0.00000000,0.00000000,0.00000000,0.00000000,0.00000000,0.00000000,0.00000000,1.01282527,0.00000000,0.00000000,0.00000000,0.00000000,0.00000000,0.00000000,0.00000000,0.00000000,0.00000000,0.00000000,0.04129057,0.00000000,0.00000000,0.00000000,0.01285175,0.00000000,0.00000000,0.00000000,0.00000000,0.18293557,0.00998454,0.00000000,0.00000000,0.00000000,0.00000000,0.00915660,0.00000000,0.00000000,0.10841554,0.00450437,0.00000000,0.14287859,0.00402773,0.00000000,0.00000000,0.00000000,0.00000000,0.00000000,0.00000000,0.00000000,0.00000000,0.00000000,0.00000000,0.00000000,0.00000000,0.00000000,0.00000000,0.00000000,0.00000000,0.00000000,0.00000000,0.00000000,0.00000000,0.00000000,0.00000000,0.00000000,0.00000000,0.00000000,0.00000000,0.00000000,0.00000000,0.00000000,0.00000000,0.00000000,0.00000000,0.00000000,0.24116443,0.00000000,0.00000000,0.00000000,0.01308166,0.00000000,0.00000000,0.00000000,0.00000000,0.00000000,0.00000000,0.00000000,0.00755054,0.00000000,0.00000000,0.01338778,0.00000000,0.00000000,0.00000000,0.00543967,0.00000000,0.00000000,0.00000000,0.00000000,0.00000000,0.00221324,0.00000000,0.00000000,0.00000000,0.00000000,0.00000000,0.00443333,0.00000000,0.00000000,0.00595938,0.00000000,0.00000000,0.00000000,0.00000000,0.02477684,0.00000000,0.00000000,0.00000000,0.00836794,0.00000000,0.00000000,0.00000000,0.00000000,0.00836006,0.01365645,0.00000000,0.00000000,0.00000000,0.05036608,0.00000000,0.00000000,0.00000000,0.00000000,0.00000000,0.00000000,0.00000000,0.00000000,0.00000000,0.32126627,0.00000000,0.00000000,0.00000000,0.07377222,0.00000000,0.00000000,0.00000000,0.00573852,0.00000000,0.00000000,0.00000000,0.00000000,0.00000000,0.00000000,0.00000000
0.00000000,0.00000000,0.00000000,0.00000000,0.00151156,0.00000000,0.00000000,0.00000000,0.00000000,0.00000000,0.01023661,0.00000000,0.00000000,0.00000000,0.00000000,0.00000000,0.00996039,0.00000000,0.00000000,0.00000000,0.00000000,0.00000000,0.00000000,0.00087135,0.00000000,0.00000000,0.02335512,0.00000000,0.00000000,0.00000000,0.00000000,0.00000000,0.00000000,0.00937707,0.00000000,0.00000000,0.00000000,0.00000000,0.02544838,0.00000000,0.00000000,0.00000000,0.00000000,0.00000000,0.00000000,0.00000000,0.00000000,0.00000000,0.00000000,0.00000000,0.00000000,0.00000000,0.00000000,0.00000000,0.00000000,0.00000000,0.00202461,0.00000000,0.00000000,0.00373561,0.00000000,0.00000000,0.00000000,0.00140056,0.00000000,0.00000000,0.00000000,0.00000000,0.00685056,0.00000000,0.00000000,0.00000000,0.00000000,0.00000000,0.00000000,0.00000000,0.00000000,0.00000000,0.00000000,0.00000000,0.00000000,0.00000000,0.00000000,0.00000000,0.00000000,0.00000000,0.00000000,0.00000000,0.00000000,0.00000000,0.00000000,0.00000000,0.00000000,0.04597358,0.00000000,0.02009412,0.00000000,0.00000000,0.00000000,0.00000000,0.00000000,0.00000000,0.00000000,0.00000000,0.00000000,0.00165482,0.00000000,0.01069182,0.00000000,0.00288250,0.00000000,0.01212447,0.00000000,0.00000000,0.00000000,0.00478303,0.00000000,0.00000000,0.00000000,0.00000000,0.00000000,0.00000000,0.00000000,0.00000000,0.02584855,0.00000000,0.00000000,0.00000000,0.00000000,0.00000000,0.00000000,0.00000000,0.00000000,0.00000000,0.00000000,0.00000000,0.02635469,0.00143086,0.00000000,0.12591908,0.00000000,0.00000000,0.00000000,0.00000000,0.00000000,0.00000000,0.00000000,0.00000000,0.03990505,0.00000000,0.00000000,0.00000000,0.00000000,0.00000000,0.00000000,0.00000000,0.00000000,0.12861043,0.00000000,0.00000000,0.00000000,0.00000000,0.00000000,0.00000000,0.00000000,0.00000000,0.00000000,0.00000000,0.00000000,0.00000000,0.00000000,0.00000000,0.00000000,0.02187196,0.00000000,0.00000000,0.00000000,0.00000000,0.00000000,0.00405341,0.00000000,0.00000000,0.00000000,0.00000000,0.00000000,0.00000000,0.00000000,0.00000000,0.00000000,0.00000000,0.00000000,0.00000000,0.00000000,0.00000000,0.00000000,0.00000000,0.00000000,0.00000000,0.00000000,0.00000000,0.00000000,0.00000000,0.00000000,0.00000000,0.00000000,0.00000000,0.00000000,0.00000000,0.01865154,0.00000000,0.00000000,0.00000000,0.00000000,0.00000000,0.00000000,0.00000000,0.00000000,0.00000000,0.00000000,0.00000000,0.00000000,0.00000000,0.00000000,0.00000000,0.00000000,0.00000000,0.00000000,0.00299746,0.00000000,0.00000000,0.00000000,0.00000000,0.00000000,0.00000000,0.00000000,0.00597626,0.02097558,0.00000000,0.08599979,0.00000000,0.00000000,0.00000000,0.00000000,0.00000000,0.00000000,0.00000000,0.00000000,0.00000000,0.00000000,0.00000000,0.00000000,0.00000000,0.00000000,0.00000000,0.00000000,0.00000000,0.00000000,0.00000000,0.00000000,0.00000000,0.00000000,0.00323129,0.01890765,0.00000000,0.00000000,0.00312402,0.00000000,0.00000000,0.00000000,0.00000000,0.00000000,0.00000000,0.00131638,0.00000000,0.00000000,0.00000000,0.00000000,0.03915246,0.00000000,0.00000000,0.00000000,0.00000000,0.00000000,0.00000000,0.00000000,0.00000000,0.00000000,0.00000000,0.00204100,0.09799625,0.00000000,0.00000000,0.00000000,0.00000000,0.01683609,0.00000000,0.02032435,0.00000000,0.00000000,0.00000000,0.00000000,0.00000000,0.00000000,0.02083555,0.00000000,0.00000000,0.00000000,0.00000000,0.00000000,0.00000000,0.00000000,0.00000000,0.00000000,0.00000000,0.00000000,0.00000000,0.00000000,0.00000000,0.00000000,0.00677804,0.00000000,0.00000000,0.00000000,0.00000000,0.00452775,0.00000000,0.00000000,0.00000000,0.00000000,0.00000000,0.00000000,0.00000000,0.00000000,0.00000000,0.03343104,0.00000000,0.00126622,0.00000000,0.00350632,0.00000000,0.00000000,0.00000000,0.00000000,0.00248438,0.00000000,0.00000000,0.00000000,0.00000000,0.00000000,0.01808378,0.00881185,0.00000000,0.00362104,0.00000000,0.00000000,0.00000000,0.00000000,0.18793184,0.00000000,0.00000000,0.00000000,0.00000000,0.00000000,0.00000000,0.00000000,0.00000000,0.17721710,0.00000000,0.00000000,0.00000000,0.00000000,0.00000000,0.00000000,0.11817302,0.09372356,0.00000000,0.00000000,0.00000000,0.02126407,0.00000000,0.00000000,0.00000000,0.00000000,0.00190170,0.00000000,0.00000000,0.00000000,0.00000000,0.09313415,0.06855642,0.00000000,0.00000000,0.00000000,0.00000000,0.00000000,0.00000000,0.00000000,0.00000000,0.00000000,0.00000000,0.00000000,0.00000000,0.10186977,0.00311921,0.00000000,0.00000000,0.00000000,0.17328096,0.00000000,0.00000000,0.00000000,0.00000000,0.00000000,0.00000000,0.06907948,0.00213610,0.00000000,0.00000000,0.00000000,0.00000000,0.00000000,0.00000000,0.00000000,0.00000000,0.00000000,0.00000000,0.00000000,0.00419069,0.00228013,0.00000000,0.00000000,0.00000000,0.00000000,0.00000000,0.04426940,0.00000000,0.00000000,0.00000000,0.00000000,0.00000000,0.00000000,0.00000000,0.00000000,0.00000000,0.06407458,0.00000000,0.00000000,0.00000000,0.00000000,0.00000000,0.00000000,0.00000000,0.00000000,0.00113911,0.00000000,0.00000000,0.00209990,0.00000000,0.00000000,0.00000000,0.00000000,0.00000000,0.00000000,0.00000000,0.00000000,0.00000000,0.00000000,0.00000000,0.02095722,0.00000000,0.00000000,0.00000000,0.00000000,0.00000000,0.00000000,0.00000000,0.00000000,0.00000000,0.00000000,0.00156012,2.26547393,0.00000000,0.00000000,0.00000000,0.04447321,0.00000000,0.00000000,0.00000000,0.00000000,0.00142037,0.00000000,0.15559617,0.00000000,0.00000000,0.00000000,0.00000000,0.00000000,0.00000000,0.00000000,0.00000000,0.00000000,0.00000000,0.00000000,0.00000000,0.00000000,0.00000000,0.00150602,0.00000000,0.00176265,0.00000000,0.00000000,0.00000000,0.00000000,0.00000000,0.00000000,0.00000000,0.00000000,0.00000000,0.00000000,0.00000000,0.00490755,0.00000000,0.00000000,0.00000000,0.00000000,0.00000000,0.00000000,0.00000000,0.00000000,0.00000000,0.01240242,0.00000000,0.00000000,0.00000000,0.02853320,0.00000000,0.09141992,0.00000000,0.00000000,0.00000000,0.00000000,0.00000000,0.00000000,0.00000000,0.23070198,0.00000000,0.00000000,0.00000000,0.00000000,0.00000000,0.00000000,0.00000000,0.00000000,0.00000000,0.00000000,0.00000000,0.00000000,0.00000000,0.00000000,0.05849463,0.00000000,0.00000000,0.00000000,0.00000000,0.00000000,0.00000000,0.00000000,0.00000000,0.00000000,0.00000000,0.00000000,0.00000000,0.00000000,0.00000000,0.00000000,0.00000000,0.00000000,0.00000000,0.00000000,0.00000000,0.00000000,0.00000000,0.00000000,0.00000000,0.00000000,0.01044361,0.00000000,0.00000000,0.00000000,0.00000000,0.00000000,0.00000000,0.00000000,0.00000000,0.00000000,0.00000000,0.00000000,0.00000000,0.00000000,0.00000000,0.00000000,0.00000000,0.00000000,0.00000000,0.00000000,0.00000000,0.00725860,0.00000000,0.00000000,0.00000000,0.00000000,0.00000000,0.00000000,0.00000000,0.00000000,0.00000000,0.00752003,0.00000000,0.00151150,0.00000000,0.00000000,0.00000000,0.01220197,0.00000000,0.00000000,0.00000000,0.00000000,0.00000000,0.01816741,0.00000000,0.00000000,0.00000000,0.00000000,0.00000000,0.00000000,0.00000000,0.00000000,0.00000000,0.00000000,0.00000000,0.00000000,0.00000000,0.00000000,0.00000000,0.00204019,0.00000000,0.00000000,0.06583444,0.00000000,0.00000000,0.00000000,0.00000000,0.00000000,0.00000000,0.00094866,0.00000000,0.00000000,0.00000000,0.02194694,0.00000000,0.00000000,0.00238067,0.00000000,0.00000000,0.00000000,0.00000000,0.00000000,0.00000000,0.00000000,0.00000000,0.01735485,0.00000000,0.00000000,0.00000000,0.00292618,0.00000000,0.00648388,0.00000000,0.00000000,0.00000000,0.00000000,0.00000000,0.00000000,0.00000000,0.00000000,0.00000000,0.00000000,0.00000000,0.00000000,0.00000000,0.00000000,0.00000000,0.00976558,0.00000000,0.00000000,0.00000000,0.00000000,0.00000000,0.00000000,0.00000000,0.00000000,0.00000000,0.00000000,0.00000000,0.00000000,0.00000000,0.00000000,0.00000000,0.00000000,0.00000000,0.00000000,0.00000000,0.00000000,0.00000000,0.00000000,0.00000000,0.00000000,0.02091430,0.00000000,0.00000000,0.05543452,0.00000000,0.00000000,0.00000000,0.00000000,0.00000000,0.00000000,0.00000000,0.00000000,0.00000000,0.00000000,0.00000000,0.58201846,0.00159440,0.00107596,0.00000000,0.00000000,0.00000000,0.02776847,0.00000000,0.00000000,0.00000000,0.00000000,0.00000000,0.00000000,0.00120439,0.00000000,0.00000000,0.00000000,0.00000000,0.09231813,0.00000000,0.00000000,0.00000000,0.00000000,0.00000000,0.00000000,0.00000000,0.00000000,0.00000000,0.00000000,0.00000000,0.16442642,0.00000000,0.00000000,0.00000000,0.00000000,0.00000000,0.00000000,0.00000000,0.03440320,0.00212986,0.00000000,0.00000000,0.00000000,0.00000000,0.00000000,0.00000000,0.00000000,0.00000000,0.27162075,0.00000000,0.00000000,0.00000000,0.00939898,0.00000000,0.00000000,0.00481546,0.00000000,0.00000000,0.00000000,0.00172470,0.00000000,0.00000000,0.00000000,0.00692302,0.00000000,0.00000000,0.00000000,0.00000000
0.00000000,0.00000000,0.00000000,0.00000000,0.00000000,0.00000000,0.00000000,0.00000000,0.00000000,0.00000000,0.27920334,0.00000000,0.01109052,0.00000000,0.00000000,0.00000000,0.00000000,0.01286908,0.00000000,0.00000000,0.00000000,0.00000000,0.00000000,0.00000000,0.00000000,0.00000000,0.00000000,0.00000000,0.02112863,0.00000000,0.00000000,0.00000000,0.00000000,0.00000000,0.01260763,0.00000000,0.00000000,0.00000000,0.00135446,0.00000000,0.00000000,0.00000000,0.00000000,0.00000000,0.00000000,0.00000000,0.00000000,0.00000000,0.00000000,0.00000000,0.00000000,0.00000000,0.00000000,0.00000000,0.00593921,0.00000000,0.05521076,0.00000000,0.00000000,0.00000000,0.00000000,0.00000000,0.00000000,0.00000000,0.00000000,0.00451866,0.00000000,0.00000000,0.00000000,0.00000000,0.00000000,0.00000000,0.00000000,0.00000000,0.00000000,0.00000000,0.00000000,0.00000000,0.00000000,0.00000000,0.00000000,0.00000000,0.00000000,0.00000000,0.00000000,0.00000000,0.00000000,0.03637597,0.00000000,0.00000000,0.00000000,0.01133460,0.00000000,0.00000000,0.00000000,0.00000000,0.00000000,0.00000000,0.00000000,0.00000000,0.00000000,0.00339790,0.00000000,0.00000000,0.00000000,0.00000000,0.00000000,0.00000000,0.00000000,0.00000000,0.00000000,0.00000000,0.00000000,0.00000000,0.00000000,0.00000000,0.00000000,0.00000000,0.00000000,0.00000000,0.00000000,0.00000000,0.00000000,0.00085490,0.00000000,0.00000000,0.00000000,0.00000000,0.00000000,0.00000000,0.00000000,0.00929223,0.00000000,0.00000000,0.00000000,0.00000000,0.12833319,0.00000000,0.00000000,0.00000000,0.00000000,0.00000000,0.00000000,0.07038349,0.00000000,0.00000000,0.00000000,0.00000000,0.00000000,0.00000000,0.00000000,0.00000000,0.00000000,0.00000000,0.00820294,0.00000000,0.00000000,0.00000000,0.00777395,0.00000000,2.34782497,0.00000000,0.00000000,0.00000000,0.00000000,0.34286051,0.00000000,0.02019679,0.00000000,0.00000000,0.00000000,0.00000000,0.00000000,0.00000000,0.00000000,0.00000000,0.00000000,0.00000000,0.00366973,0.00000000,0.00000000,0.00000000,0.00000000,0.00000000,0.00000000,0.00000000,0.00000000,0.00000000,0.00000000,0.00000000,0.00000000,0.00000000,0.00000000,0.00000000,0.00000000,0.03175143,0.00000000,0.00000000,0.11520103,0.00000000,0.00000000,0.00908643,0.00000000,0.00000000,0.00000000,0.00000000,0.00000000,0.00000000,0.00000000,0.00000000,0.00000000,0.00806996,0.00000000,0.00000000,0.00000000,0.00000000,0.00000000,0.01601850,0.00000000,0.00265004,0.00000000,0.00000000,0.00000000,0.00000000,0.00000000,0.00000000,0.00000000,0.00000000,0.00000000,0.00000000,0.00000000,0.00000000,0.00000000,0.00523130,0.00000000,0.00000000,0.00000000,0.00000000,0.00000000,0.00000000,0.00000000,0.00000000,0.00000000,0.00000000,0.00000000,0.04872977,0.00000000,0.00000000,0.00000000,0.00000000,0.00000000,0.00000000,0.00134128,0.00392929,0.00000000,0.00000000,0.00000000,0.00000000,0.00000000,0.00000000,0.00000000,0.00534891,0.00000000,0.00000000,0.00000000,0.00000000,0.00000000,0.00000000,0.00000000,0.00424897,0.00000000,0.00000000,0.00000000,0.00000000,0.00000000,0.00000000,0.00071606,0.00000000,0.00000000,0.00736956,0.00000000,0.00000000,0.00000000,0.00000000,0.00000000,0.00150612,0.00000000,0.00000000,0.00000000,0.00000000,0.00000000,0.00000000,0.00000000,0.00000000,0.00000000,0.00000000,0.00000000,0.00000000,0.00000000,0.00000000,0.00000000,0.00000000,0.00000000,0.00000000,0.00000000,0.00000000,0.00000000,0.01976518,0.00000000,0.00000000,0.00000000,0.00000000,0.00000000,0.00000000,0.00105433,0.00000000,0.01211623,0.00000000,0.00000000,0.00000000,0.00000000,0.00000000,0.00000000,0.00000000,0.00000000,0.00000000,0.00533152,0.00000000,0.00000000,0.00707791,0.00000000,0.09745667,0.00000000,0.00000000,0.00000000,0.00000000,0.00000000,0.00000000,0.00000000,0.00000000,0.00000000,0.00000000,0.00000000,0.00000000,0.00000000,0.00000000,0.00000000,0.00000000,0.00000000,0.01487739,0.00091095,0.00000000,0.00000000,0.00000000,0.00000000,0.00000000,0.24895278,0.00000000,0.00000000,0.00138143,0.00000000,0.00000000,0.00000000,0.00000000,0.00000000,0.00000000,0.01257876,0.00000000,1.40709996,0.00000000,0.00000000,0.00460111,0.00000000,0.00090834,0.00000000,0.00000000,0.00000000,0.00000000,0.00000000,0.00000000,0.00000000,0.00000000,0.00000000,0.00000000,0.17262588,0.00630879,0.00762550,0.00000000,0.00000000,0.00000000,0.00000000,0.00000000,0.00000000,0.00000000,0.00817913,0.00000000,0.00000000,0.00102617,0.00000000,0.00000000,0.00000000,0.00000000,0.00000000,0.00619154,0.00000000,0.00000000,0.00931002,0.00000000,0.00000000,0.00000000,0.00000000,0.00000000,0.05386323,0.00000000,0.00000000,0.00000000,0.00000000,0.00129515,0.00000000,0.00000000,0.00000000,0.00000000,0.00000000,0.00000000,0.00000000,0.00000000,0.00000000,0.00000000,0.00000000,0.00000000,0.00163799,0.00000000,0.00000000,0.00000000,0.00000000,0.00072236,0.00000000,0.00000000,0.00000000,0.00000000,0.00000000,0.00143532,0.00000000,0.00000000,0.00000000,0.00000000,0.00000000,0.00000000,0.00000000,0.09970131,0.01326127,0.02346299,0.00000000,0.00000000,0.00000000,0.00000000,0.00000000,0.00000000,0.00000000,0.00000000,0.14825715,0.00489447,0.00000000,0.00000000,0.00000000,0.00000000,0.00000000,0.00000000,0.00000000,0.00000000,0.00000000,0.00000000,0.00000000,0.00000000,0.00263034,0.00000000,0.00000000,0.27655088,0.00000000,0.00000000,0.00000000,0.00324616,0.00000000,0.00000000,0.00000000,0.00000000,0.00000000,0.00000000,0.00000000,0.00000000,0.00307162,0.00000000,0.00000000,0.00000000,0.00000000,0.00000000,0.00000000,0.00000000,0.00000000,0.01548958,0.01917705,0.00000000,0.00000000,0.00000000,0.00000000,0.00000000,0.00000000,0.00000000,0.00000000,0.00355002,0.00000000,0.00000000,0.00000000,0.00000000,0.00000000,0.00000000,0.00000000,0.00000000,0.00000000,0.00000000,0.00000000,0.00000000,0.00000000,0.00000000,0.02536854,0.00000000,0.00000000,0.00624675,0.00000000,0.00000000,0.00000000,0.00000000,0.00000000,0.00000000,0.00000000,0.00000000,0.00000000,0.00340102,0.00000000,0.00000000,0.00000000,0.00000000,0.00000000,0.01295224,0.00000000,0.00000000,0.00000000,0.00147938,0.00000000,0.00000000,0.01230186,0.00000000,0.02814166,0.00000000,0.00000000,0.00000000,0.00000000,0.00000000,0.00402335,0.00000000,0.00000000,0.00000000,0.00056532,0.00000000,0.00000000,0.00000000,0.00000000,0.01527633,0.00000000,0.00000000,0.00000000,0.00000000,0.00000000,0.07572076,0.00000000,0.00000000,0.00000000,0.00000000,0.00000000,0.00000000,0.00000000,0.00000000,0.35998323,0.00000000,0.00000000,0.00000000,0.00000000,0.00000000,0.00000000,0.00000000,0.06903633,0.00000000,0.00000000,0.00000000,0.00000000,0.40497887,0.00000000,0.00000000,0.00000000,0.00000000,0.33149947,0.00000000,0.00000000,0.00000000,0.00000000,0.00000000,0.00000000,0.00000000,0.00000000,0.00000000,0.00000000,0.00000000,0.00000000,0.00000000,0.00000000,0.00000000,0.00220125,0.00000000,0.00000000,0.00000000,0.00000000,0.02609241,0.00000000,0.00000000,0.00409097,0.00000000,0.00711730,0.00207941,0.03218371,0.00000000,0.00000000,0.00000000,0.00000000,0.00000000,0.00000000,0.00000000,0.00000000,0.00000000,0.00000000,0.00000000,0.00000000,0.00000000,0.00000000,0.00000000,0.00000000,0.00000000,0.00000000,0.00000000,0.00000000,0.00000000,0.00000000,0.00000000,0.00000000,0.00000000,0.00000000,0.00000000,0.00000000,0.00000000,0.00000000,0.00459739,0.00000000,0.00000000,0.00000000,0.00000000,0.00000000,0.00000000,0.00327186,0.00000000,0.00000000,0.02825038,0.00000000,0.00000000,0.00000000,0.00000000,0.00000000,0.00000000,0.00000000,0.00000000,0.00000000,0.01422886,0.00000000,0.01060674,0.00000000,0.00000000,0.00000000,0.00000000,0.00000000,0.00000000,0.00000000,0.00000000,0.00000000,0.00000000,0.00000000,0.00000000,0.00000000,0.95546685,0.01623422,0.00000000,0.00000000,0.00000000,0.00100610,0.00000000,0.00090383,0.00000000,0.01402522,0.00000000,0.00000000,0.00000000,0.00000000,0.00000000,0.00000000,0.00000000,0.00000000,0.00000000,0.00000000,0.00000000,0.00823569,0.00306359,0.00000000,0.00000000,0.00000000,0.00415513,0.00225897,0.00000000,0.00000000,0.00000000,0.00000000,0.00000000,0.00000000,0.00000000,0.06260408,0.00000000,0.00000000,0.00000000,0.00000000,0.00000000,0.00000000,0.00000000,0.00000000,0.00000000,0.00000000,0.00000000,0.00000000,0.01853365,0.00000000,0.00000000,0.00000000,0.00000000,0.00000000,0.00000000,0.00000000,0.00000000,0.00000000,0.00000000,0.00000000,0.00000000,0.00000000,0.00000000,0.00000000,0.00000000,0.00000000,0.07760006,0.00000000,0.00000000,0.00000000,0.00000000,0.00000000,0.00000000,1.81549903,0.00000000,0.00000000,0.00000000,0.00000000,0.00000000,0.00000000,0.00000000,0.00000000,0.00000000,0.00000000,0.00000000,0.00000000,0.00000000,0.00000000,0.00000000,0.00000000,0.00000000,0.00000000,0.00000000,0.00000000,0.00000000,0.00000000,0.00000000,0.00000000,0.00000000,0.00000000,0.00000000,0.00000000,0.00000000,0.00000000,0.00000000
0.00673018,0.00000000,0.00000000,0.00000000,0.00000000,0.00000000,0.00000000,0.00000000,0.00000000,0.00000000,0.00000000,0.00000000,0.00000000,0.00000000,0.00685342,0.00000000,0.00000000,0.00000000,0.00000000,0.00000000,0.00540889,0.00000000,0.00545003,0.00000000,0.00000000,0.00000000,0.64540231,0.00000000,0.00000000,0.00000000,0.00000000,0.00000000,0.00000000,0.00000000,0.00000000,0.00000000,0.00000000,0.00208560,0.04991445,0.00000000,0.00000000,0.00000000,0.00000000,0.00000000,0.00000000,0.00079117,0.00000000,0.00798280,0.00000000,0.00000000,0.00000000,0.00000000,0.00000000,0.00342442,0.00000000,0.00000000,0.00000000,0.00000000,0.00000000,0.00000000,0.00000000,0.00000000,0.00000000,0.00000000,0.00000000,0.00000000,0.00000000,0.00000000,0.00078115,0.00000000,0.00000000,0.00000000,0.00000000,0.00000000,0.00000000,0.00000000,0.00000000,0.00000000,0.00000000,0.00000000,0.03048431,0.00000000,0.00000000,0.10318554,0.00000000,0.00000000,0.00000000,0.01144710,0.00000000,0.00000000,0.00000000,0.00000000,0.00000000,0.00229641,0.00000000,0.00839720,0.06829057,0.06006695,0.00000000,0.00000000,0.00000000,0.00000000,0.00000000,0.00000000,0.00000000,0.00000000,0.00000000,0.00000000,0.00000000,0.00374843,0.00872635,0.00000000,0.00000000,0.00000000,0.00328704,0.01692501,0.00000000,0.00000000,1.22772243,0.00000000,0.01068381,0.00000000,0.00000000,0.00000000,0.00000000,0.00000000,0.00000000,0.00000000,0.00000000,0.00575950,0.00000000,0.00000000,0.00000000,0.00000000,0.00000000,0.00000000,0.00000000,0.00328147,0.00512772,0.00000000,0.00000000,0.00000000,0.00000000,0.00000000,0.00000000,0.00977997,0.00000000,0.00296428,0.00000000,0.00000000,0.00000000,0.00000000,0.00000000,0.00000000,0.00000000,0.00000000,0.00000000,0.04461567,0.00000000,0.00000000,0.00092455,0.00000000,0.00000000,0.00000000,0.00000000,0.00000000,0.00000000,0.00000000,0.00000000,0.00000000,0.00000000,0.00000000,0.00000000,0.00000000,0.00492888,0.00000000,0.00000000,0.03043145,0.00000000,0.00000000,0.00310935,0.00000000,0.00000000,0.00000000,0.00000000,0.00000000,0.00000000,0.00000000,0.00000000,0.00000000,0.00000000,0.00000000,0.00000000,0.00000000,0.00000000,0.00000000,0.00000000,0.00000000,0.00000000,0.00000000,0.03990585,0.00000000,0.00000000,0.00000000,0.00000000,0.00000000,0.00000000,0.00000000,0.00000000,0.00384431,0.00000000,0.00000000,0.00000000,0.00000000,0.00000000,0.00000000,0.00000000,0.00000000,0.00291469,0.00000000,0.00000000,0.00000000,0.00000000,1.22341457,0.00000000,0.00000000,0.00000000,0.00181624,0.00000000,0.00000000,0.00000000,0.00000000,0.00000000,0.00000000,0.00000000,0.00000000,0.00000000,0.00000000,0.00000000,0.02900257,0.00000000,0.00635965,0.00000000,0.00000000,0.00000000,0.00000000,0.00000000,0.00497132,0.00000000,0.00000000,0.00000000,0.00000000,0.00000000,0.00000000,0.00000000,0.00000000,0.00000000,0.00000000,0.00000000,0.00000000,0.00000000,0.00000000,0.00000000,0.00000000,0.00000000,0.00000000,0.00000000,0.00000000,0.00000000,0.00000000,0.00000000,0.00000000,0.00000000,0.01417365,0.03610346,0.00000000,0.00000000,0.00000000,0.00000000,0.00000000,0.00000000,0.00000000,0.00000000,0.00000000,0.00000000,0.00000000,0.00000000,0.00000000,0.00000000,0.00000000,0.00000000,0.00000000,0.00000000,0.00000000,0.00000000,0.00000000,0.00000000,0.00236090,0.00000000,0.00000000,0.00000000,0.00000000,0.00000000,0.00000000,0.00000000,0.00000000,0.00000000,0.00000000,0.00000000,0.00000000,0.03434683,0.00000000,0.00000000,0.00000000,0.00000000,0.00000000,0.00000000,0.00000000,0.00000000,0.00142974,0.00000000,0.00358504,0.00000000,0.00409036,0.00000000,0.00000000,0.00911905,0.00000000,0.00000000,0.02288211,0.03060720,0.01025231,0.04036320,0.00000000,0.00000000,0.00000000,0.00000000,0.00000000,0.00000000,0.00000000,0.00000000,0.00000000,0.00000000,0.00734971,0.00000000,0.00000000,0.00000000,0.00000000,0.00000000,0.00000000,0.00000000,0.00000000,0.00000000,0.00000000,0.00000000,0.00000000,0.00000000,0.00000000,0.00000000,0.00000000,0.00000000,0.00667351,0.00000000,0.00000000,0.00000000,0.00000000,0.00343369,0.00000000,0.00000000,0.00000000,0.00000000,0.00000000,0.02009617,0.00000000,0.00000000,0.00118578,0.03613556,0.00000000,0.00000000,0.00000000,0.00000000,0.00000000,0.00000000,0.00000000,0.00656340,0.00000000,0.00000000,0.00000000,0.00000000,0.00000000,0.00752106,0.00000000,0.00000000,0.00000000,0.00000000,0.00000000,0.00000000,0.00000000,0.00189246,0.00000000,0.00000000,0.01357402,0.00000000,0.00000000,0.00000000,0.00000000,0.00000000,0.00000000,0.00000000,0.00000000,0.00000000,0.00000000,0.00000000,0.00000000,0.00000000,0.00000000,0.00000000,0.00000000,0.00000000,0.00000000,0.00000000,0.00000000,0.00000000,0.00000000,0.00000000,0.00000000,0.00000000,0.11812393,0.00000000,0.00000000,0.00000000,0.00000000,0.00000000,0.00000000,0.00000000,0.00583464,0.00141405,0.00000000,0.02261208,0.00000000,0.00000000,0.00000000,0.00000000,0.00000000,0.00000000,0.00000000,0.00000000,0.02457091,0.00000000,0.00338233,0.00000000,0.00000000,0.00000000,0.00000000,0.00000000,0.01027535,0.00000000,0.00000000,0.00000000,0.00000000,0.00000000,0.00000000,0.00000000,0.00000000,0.00000000,0.00000000,0.00000000,0.00000000,0.00000000,0.00000000,0.00000000,0.00000000,0.00000000,0.00000000,0.00000000,0.00000000,0.00000000,0.00000000,0.00000000,0.01935235,0.00000000,0.00000000,0.00000000,0.00000000,0.00000000,0.00000000,0.00000000,0.00000000,0.00000000,0.00625567,0.00195116,0.00000000,0.00000000,0.00000000,0.00000000,0.00000000,0.00000000,0.00000000,0.00000000,0.00000000,0.00000000,0.00000000,0.00000000,0.00000000,0.00000000,0.00000000,0.00000000,0.00000000,0.00000000,0.00000000,0.00000000,0.00000000,0.00000000,0.00000000,0.00000000,0.00000000,0.00000000,0.00000000,0.00000000,0.00000000,0.00000000,0.00000000,0.00000000,0.00000000,0.00458944,0.00000000,0.00000000,0.00000000,0.00000000,0.00000000,0.00000000,0.00000000,0.01829041,0.00802334,0.00000000,0.00000000,0.00000000,0.00223303,0.00000000,0.00000000,0.00342684,0.00623069,0.00000000,0.00000000,0.00000000,0.00000000,0.00000000,0.00000000,0.00000000,0.00000000,0.00000000,0.00000000,0.00000000,1.44011595,0.00000000,0.00598797,0.00000000,0.00000000,0.00000000,0.00000000,0.00000000,0.00000000,0.00000000,0.00000000,0.00000000,0.00000000,0.00000000,0.00000000,0.00000000,0.00000000,0.00000000,0.00000000,0.00000000,0.00000000,0.00000000,0.00000000,0.00000000,0.00000000,0.00000000,2.30023778,0.00411163,0.00000000,0.00118398,0.00000000,0.00000000,0.00000000,0.01641696,0.00000000,0.00000000,0.00000000,0.00000000,0.00000000,0.00000000,0.00000000,0.00000000,0.00000000,0.00000000,0.00092261,0.00000000,0.00000000,0.00000000,0.00000000,0.00000000,0.00000000,0.00000000,0.00000000,0.00000000,0.00000000,0.06030900,0.00000000,0.00000000,0.01981161,0.00000000,0.00000000,0.00000000,0.00000000,0.00000000,0.00000000,0.00000000,0.01019812,0.00000000,0.00000000,0.00000000,0.00000000,0.00000000,0.00000000,0.00000000,0.00000000,0.00000000,0.00000000,0.00000000,0.00242373,0.00000000,0.00000000,0.00000000,0.00000000,0.00000000,0.00646399,0.00000000,0.00000000,0.00000000,0.00000000,0.01050798,0.00000000,0.00000000,0.00237679,0.00000000,0.00158610,0.00000000,0.00000000,0.00000000,0.00000000,0.00178923,0.00000000,0.00000000,0.00000000,0.00000000,0.00000000,0.00000000,0.00000000,0.00000000,0.00000000,0.00000000,0.06496291,0.00000000,0.00000000,0.04481727,0.00000000,0.00000000,0.00000000,0.01354371,0.01130116,0.00174902,0.00000000,0.02140132,0.00000000,0.00000000,0.00000000,0.02228802,0.00000000,0.00387477,0.00000000,0.00000000,0.00000000,0.00000000,0.00000000,0.00000000,0.00000000,0.00000000,0.00000000,0.00000000,0.00000000,0.00000000,0.00000000,0.00000000,0.00000000,0.00000000,0.00000000,0.00000000,0.00000000,0.00000000,0.00000000,0.00000000,0.00000000,0.00000000,0.00000000,0.00000000,0.06561545,0.00000000,0.00000000,0.00000000,0.00000000,0.00000000,0.00000000,0.00000000,0.00000000,0.00000000,0.00000000,0.07954707,0.00000000,0.00000000,0.00000000,0.00000000,0.00000000,0.00000000,0.00000000,0.00000000,0.01473673,0.00000000,0.00000000,0.00000000,0.00000000,0.00000000,0.00000000,0.00000000,0.00000000,0.00000000,0.00000000,0.00000000,0.00000000,0.00000000,0.00290748,0.00000000,0.00000000,0.00000000,0.00000000,0.00000000,0.00000000,0.00000000,0.00000000,0.00267868,0.00000000,0.00000000,0.00000000,0.00000000,0.00000000,0.00000000,0.00000000,0.22971194,0.00000000,0.00000000,0.00000000,0.00000000,0.00000000,0.00383901,0.00000000,0.00000000,0.00000000,0.00000000,0.00000000,0.00000000,0.00000000,0.00000000,0.00000000,0.00000000,0.00000000,0.00000000,0.00000000,0.00527292,0.00000000,0.00000000,0.00000000,0.00000000,0.00000000,0.00000000,0.00000000,0.18400586,0.00000000,0.00000000,0.00000000,0.00125269,0.00000000,0.00000000,0.00000000,0.00000000,0.00000000,0.00000000,0.00000000,0.00000000,0.00000000
0.00000000,0.00662015,0.00000000,0.00000000,0.00000000,0.00000000,0.00000000,0.00000000,0.00000000,0.00000000,0.00220784,0.00000000,0.00000000,0.00000000,0.00000000,0.00000000,0.00000000,0.00000000,0.00000000,0.00000000,0.00064656,0.01957750,0.00000000,0.00000000,0.00000000,0.00786285,0.00000000,0.00000000,0.00000000,0.00000000,0.00000000,0.00000000,0.01532207,0.00000000,0.00000000,0.00000000,0.07476450,0.00000000,0.00000000,0.00943047,0.00000000,0.00000000,0.00000000,0.00000000,0.00000000,0.00000000,0.00000000,0.00000000,0.00000000,0.00000000,0.00697942,0.00000000,0.00000000,0.00000000,0.00000000,0.00000000,0.00000000,0.00074670,0.00000000,0.00000000,0.00000000,0.00000000,0.00000000,0.00000000,0.00000000,0.00000000,0.00000000,0.00000000,0.00000000,0.00000000,0.02930474,0.00000000,0.00000000,0.00000000,0.00000000,0.00000000,0.00000000,0.00000000,0.00000000,0.00000000,0.00000000,0.00000000,0.00000000,0.00000000,0.00000000,0.00000000,0.00000000,0.00000000,0.00000000,0.00000000,0.00000000,0.00000000,0.00000000,0.00519897,0.00000000,0.00000000,0.00000000,0.00000000,0.00000000,0.00000000,0.00000000,0.00000000,0.00000000,0.00000000,0.00000000,0.00000000,0.05922995,0.00000000,0.00000000,0.00000000,0.00831662,0.00000000,0.00000000,0.00000000,0.00152312,0.00000000,0.00000000,0.00000000,0.06497771,0.00000000,0.00000000,0.00000000,0.00000000,0.00000000,0.00000000,0.00000000,0.01292640,0.00000000,0.00000000,0.00000000,0.00000000,0.00000000,0.00000000,0.00000000,0.00000000,0.00000000,0.00400568,0.00000000,0.00000000,0.00000000,0.00000000,0.00000000,0.00000000,0.00000000,0.00332828,0.00000000,0.00000000,0.00000000,0.00000000,0.00000000,0.00000000,0.00000000,0.00000000,0.00000000,0.00000000,0.00000000,0.00000000,0.00000000,0.00000000,0.00065106,0.00000000,0.00000000,0.01755345,0.00000000,0.03863897,0.00000000,0.00000000,0.00000000,0.00000000,0.00000000,0.00000000,0.00000000,0.00000000,0.00000000,0.00000000,0.00000000,0.00000000,0.00000000,0.00000000,2.56170732,0.00000000,0.00000000,0.00000000,0.00000000,0.00000000,0.00000000,0.00000000,0.00000000,0.00366463,0.00000000,0.00000000,0.00000000,0.00367782,0.00000000,0.00000000,0.00000000,0.00000000,0.00000000,0.00000000,0.00000000,0.00000000,0.00000000,0.00000000,0.00000000,0.00000000,0.00000000,0.00000000,0.00000000,0.00000000,0.00000000,0.00000000,0.00000000,0.00000000,0.00000000,0.00000000,0.00000000,0.00000000,0.00000000,0.01535992,0.00000000,0.00000000,0.00000000,0.00000000,0.00000000,0.00418640,0.00000000,0.00000000,0.00000000,0.00000000,0.00000000,0.00000000,0.00000000,0.00000000,0.00338078,0.00000000,0.00000000,0.00000000,0.00000000,0.00000000,0.00000000,0.00000000,0.00000000,0.00000000,0.88184185,0.00400300,0.00000000,0.00336917,0.00000000,0.00000000,0.00000000,0.00353685,0.00000000,0.00000000,0.00000000,0.00000000,0.00000000,0.00106795,0.00000000,0.00000000,0.00000000,0.00000000,0.00000000,0.00000000,0.00000000,0.00000000,0.00000000,0.00000000,0.07946419,0.00112277,0.00000000,0.00000000,0.00000000,0.00000000,0.00000000,0.00000000,0.02720138,0.00332789,0.00000000,0.00000000,0.00000000,0.00000000,0.03643793,0.00000000,1.31545827,0.00000000,0.11600498,0.00000000,0.01125240,0.00000000,0.00000000,0.00000000,0.00000000,0.00000000,0.00000000,0.00000000,0.00000000,0.06325728,0.00000000,0.00000000,0.00000000,0.00000000,0.00000000,0.00000000,0.00000000,0.00000000,0.00000000,0.00000000,0.00000000,0.40158235,0.00000000,0.00000000,0.00000000,0.00000000,0.00000000,0.00000000,0.00000000,0.00000000,0.00000000,0.00000000,0.00000000,0.00000000,0.00297580,0.00000000,0.00360750,0.00000000,0.00000000,0.00000000,0.00000000,0.00000000,0.00000000,0.00000000,0.00000000,0.00000000,0.00000000,0.00000000,0.00000000,0.00000000,0.00000000,0.00000000,0.00000000,0.00577539,0.00000000,0.00000000,0.00000000,0.00000000,0.00000000,0.00000000,0.00000000,0.00000000,0.00000000,0.00000000,0.00000000,0.00000000,0.64813345,1.57273383,0.00175692,0.00000000,0.00000000,0.00000000,0.00000000,0.00681399,0.00000000,0.00000000,0.00000000,0.00000000,0.00000000,0.00000000,0.00000000,0.00000000,0.00000000,0.00683169,0.00000000,0.00439218,0.00000000,0.00000000,0.00352069,0.00000000,0.00000000,0.04778291,0.00000000,0.00000000,0.00000000,0.00000000,0.00000000,0.00000000,0.00000000,0.00000000,0.00000000,0.00000000,0.00000000,0.00000000,0.00000000,0.00000000,0.00000000,0.00574352,0.00000000,0.00000000,0.00000000,0.00000000,0.00000000,0.00000000,0.00000000,0.00000000,0.00000000,0.00000000,0.00000000,0.00000000,0.00000000,0.00000000,0.00000000,0.00000000,0.00000000,0.00000000,0.00000000,0.00000000,0.00000000,0.00000000,0.00000000,0.00000000,0.00000000,0.00000000,0.00000000,0.00000000,0.00289671,0.00657383,0.14901816,0.00000000,0.00000000,0.00000000,0.00000000,0.01650209,0.00000000,0.00000000,0.00000000,0.00000000,0.00000000,0.00000000,0.00000000,0.00000000,0.01839255,0.00000000,0.00000000,0.00000000,0.00000000,0.00000000,0.00000000,0.01113841,0.00000000,0.02833117,0.00000000,0.00000000,0.00000000,0.00000000,0.00000000,0.00000000,0.00000000,0.00000000,0.00000000,0.00000000,0.00000000,0.00000000,0.00000000,0.00000000,0.00000000,0.00000000,0.00559898,0.00865889,0.00000000,0.00000000,0.00000000,0.00000000,0.00000000,0.00234816,0.00000000,0.00000000,0.00000000,0.00000000,0.00000000,0.00000000,0.00000000,0.00000000,0.00000000,0.00000000,0.00000000,0.00000000,0.00000000,0.00000000,0.00000000,0.00000000,0.00000000,0.00000000,0.00000000,0.00000000,0.00000000,0.00000000,0.00000000,0.00000000,0.00000000,0.00212084,0.00000000,0.00000000,0.00000000,0.00000000,0.00659454,0.00000000,0.00000000,0.00000000,0.00000000,0.00000000,0.00000000,0.00000000,0.00000000,0.00000000,0.00000000,0.00000000,0.00000000,0.00000000,0.00000000,0.00812944,0.00000000,0.00000000,0.00000000,0.00000000,0.00000000,0.00000000,0.00000000,0.00000000,0.00000000,0.00000000,0.00000000,0.00000000,0.00000000,0.00000000,0.04018584,0.00000000,0.00284550,0.00000000,0.01518759,0.00000000,0.00000000,0.00000000,0.00000000,0.00000000,0.00000000,0.00000000,0.00000000,0.00558378,0.00082808,0.00000000,0.00324398,0.00624655,0.00000000,0.00000000,0.00000000,0.00000000,0.00000000,0.00000000,0.00000000,0.00000000,0.00000000,0.00000000,0.00443264,0.00000000,0.00000000,0.00000000,0.00000000,0.00000000,0.00000000,0.00000000,0.01635833,0.00000000,0.00000000,0.00000000,0.00000000,0.00000000,0.00000000,0.00000000,0.00000000,0.00000000,0.00549408,0.00000000,0.00000000,0.00000000,0.00000000,0.00000000,0.00000000,0.00000000,0.00000000,0.00247096,0.15652161,0.00000000,0.00000000,0.00000000,0.02112921,0.00398340,0.00000000,0.00264813,0.00000000,0.00000000,0.00300367,0.00000000,0.00000000,0.00000000,0.00000000,0.00000000,0.00000000,0.00390420,0.00000000,0.00000000,0.00000000,0.00000000,0.00000000,0.00000000,0.00000000,0.00000000,0.00000000,0.00000000,0.56109866,0.00000000,0.00000000,0.00000000,0.00000000,0.00000000,0.00000000,0.00142218,0.14155238,0.00000000,0.00000000,0.00000000,0.00000000,0.00000000,0.00000000,0.00000000,0.00000000,0.00000000,0.00000000,0.00000000,0.00000000,0.00000000,0.00000000,0.00000000,0.00000000,0.04753586,0.00000000,0.00000000,0.00000000,0.00000000,0.00187347,0.00000000,0.00000000,0.00000000,0.00000000,0.00000000,0.00000000,0.00000000,0.00000000,0.00000000,0.00000000,0.00000000,0.00000000,0.00000000,0.00000000,0.00000000,0.00000000,0.00000000,0.09083244,0.00332976,0.00000000,0.00000000,0.00000000,0.00000000,0.00000000,0.00000000,0.00000000,0.00000000,0.02642708,0.00000000,0.00000000,0.00000000,0.00000000,0.00000000,0.00000000,0.00000000,0.00358901,0.00338640,0.00000000,1.29723493,0.17816071,0.00000000,0.00000000,0.00000000,0.00000000,0.00000000,0.00000000,0.00000000,0.00000000,0.00000000,0.00332602,0.00000000,0.00000000,0.00000000,0.00000000,0.00244006,0.00000000,0.00000000,0.00000000,0.00000000,0.00000000,0.00000000,0.24570342,0.00000000,0.00000000,0.00000000,0.00000000,0.00000000,0.01896415,0.00000000,0.00000000,0.00000000,0.00000000,0.00000000,0.00000000,0.00000000,0.00000000,0.00000000,0.00000000,0.00000000,0.00000000,0.01963035,0.00000000,0.00000000,0.00358306,0.00000000,0.00000000,0.00000000,0.00000000,0.00000000,0.00000000,0.00000000,0.00000000,0.00238973,0.00000000,0.00000000,0.00000000,0.00000000,0.00000000,0.00000000,0.00000000,0.00000000,0.02217639,0.00000000,0.00105181,0.00343698,0.00000000,0.00000000,0.00000000,0.00000000,0.05144128,0.00000000,0.00000000,0.00000000,0.00000000,0.00000000,0.00000000,0.00000000,0.00000000,0.00000000,0.00000000,0.00000000,0.00000000,0.00602666,0.25067087,0.00000000,0.00000000,0.00482454,0.00000000,0.00000000,0.00000000,0.00000000,0.00000000,0.00000000,0.00000000,0.00000000,0.00000000,0.00000000,0.00000000,0.00000000,0.00000000,0.00000000,0.00000000,0.00000000,0.01096580,0.00000000,0.00000000,0.00000000,0.00000000,0.00000000,0.10227015,0.02006622,0.00000000
0.00000000,0.00000000,0.00000000,0.00000000,0.00000000,0.00000000,0.00000000,0.00000000,0.00000000,0.00266251,0.00000000,0.00000000,0.00000000,0.01256707,0.01363046,0.00000000,0.00000000,0.00000000,0.00000000,0.00000000,0.00000000,0.00000000,0.00000000,0.00000000,0.32043890,0.00000000,0.00000000,0.00000000,0.00000000,0.00000000,0.00000000,0.00000000,0.00000000,0.00000000,0.00000000,0.00000000,0.00000000,0.00000000,0.00000000,0.00000000,0.00000000,0.83630635,0.16315773,0.00000000,0.05630004,0.00000000,0.00000000,0.00000000,0.00000000,0.00944353,0.00000000,0.00000000,0.00000000,0.00000000,0.00236039,0.00000000,0.00000000,0.00000000,0.00000000,0.00000000,0.00000000,0.00000000,0.00000000,0.00000000,0.00000000,0.00000000,0.00000000,0.02646517,0.00000000,0.00000000,0.00000000,0.00000000,0.00000000,0.00000000,0.00122166,0.00000000,0.00000000,0.00000000,0.00000000,0.00000000,0.00000000,0.00000000,0.00000000,0.00000000,0.00000000,0.00000000,0.00000000,0.00000000,0.00000000,0.00000000,0.00000000,0.00000000,0.01434900,0.00000000,0.00000000,0.00000000,0.00000000,0.00000000,0.00000000,0.00000000,0.00000000,0.00000000,0.00000000,0.00000000,0.00000000,0.00000000,0.00000000,0.00000000,0.00000000,0.00000000,0.00000000,0.00000000,0.00000000,0.00000000,0.00000000,0.00000000,0.00000000,0.00000000,0.12841897,0.00000000,0.00136409,0.00432650,0.00000000,0.00828313,0.00000000,0.00000000,0.00000000,0.00112626,0.00000000,0.00000000,0.00620312,0.00000000,0.02635469,0.12833319,0.00000000,0.00400568,0.00000000,0.00000000,0.00000000,0.00000000,0.00000000,0.00000000,0.00000000,0.00000000,0.00000000,0.00000000,0.00000000,0.00000000,0.00000000,0.00000000,0.00188030,0.02051533,0.00000000,0.00000000,0.00000000,0.00000000,0.00000000,0.00000000,0.00000000,0.00000000,0.00000000,0.00000000,0.00000000,0.01032746,0.00000000,0.00000000,0.00000000,0.00000000,2.46231032,0.00000000,0.00000000,0.00000000,0.00000000,0.00000000,0.01179186,0.00000000,0.00000000,0.00000000,0.00000000,0.00570694,0.00000000,0.08911250,0.00000000,0.00000000,0.00000000,0.00000000,0.00000000,0.00000000,0.00000000,0.00000000,0.00000000,0.00000000,0.00000000,0.00000000,0.00000000,0.00000000,0.00616069,0.00000000,0.00000000,0.00000000,0.00000000,0.00357827,0.00000000,0.00000000,0.00000000,0.00000000,0.00000000,0.00000000,0.00000000,0.00000000,0.00000000,0.00000000,0.01697671,0.04473677,0.00000000,0.00000000,2.18944343,0.00154215,0.00000000,0.00000000,0.00000000,0.00000000,0.00000000,0.00000000,0.00000000,0.00000000,0.00000000,0.00000000,0.00000000,0.17666274,0.00000000,0.00200472,0.00000000,0.00000000,0.00000000,0.00000000,0.00000000,0.00000000,0.00000000,0.00000000,0.00000000,0.00000000,0.00579998,0.00000000,0.00000000,0.01831453,0.00000000,0.00000000,0.00000000,0.00000000,0.00000000,0.00000000,0.00000000,0.00000000,0.00000000,0.00000000,0.00000000,0.07141247,0.01885226,0.00000000,0.00761049,0.00000000,0.00000000,0.00000000,0.00435967,0.00000000,0.00000000,0.00000000,0.00000000,0.00000000,0.00000000,0.00278815,0.00000000,0.00000000,0.00942033,0.00000000,2.39789267,0.00000000,0.00000000,0.00000000,0.00000000,0.00000000,0.00000000,0.00000000,0.00000000,0.00000000,0.00000000,0.00000000,0.00000000,0.00000000,0.00000000,0.00000000,0.00000000,0.00000000,0.00000000,0.00000000,0.02459530,0.00000000,0.00000000,0.00000000,0.00000000,0.00000000,0.00000000,0.00000000,0.00000000,0.00000000,0.00000000,0.00000000,0.00000000,0.00000000,0.00000000,0.00000000,0.00000000,0.00000000,0.00000000,0.00000000,0.00000000,0.00000000,0.00000000,0.00000000,0.00000000,0.00000000,0.00000000,0.00000000,0.00000000,0.12192547,0.00000000,0.01346820,0.00000000,0.00150005,0.00000000,0.00000000,0.00000000,0.00000000,0.00000000,0.00000000,0.00393255,0.00919663,0.00000000,0.00000000,0.00000000,0.00000000,0.00000000,0.00000000,0.00000000,0.00000000,0.00000000,0.00000000,0.00000000,0.00000000,0.00000000,0.00000000,0.24320573,0.00000000,0.00000000,0.00000000,0.00000000,0.00000000,0.00268298,0.00000000,0.00000000,0.06438302,0.00677758,0.00000000,0.00000000,0.00000000,0.00000000,0.00000000,0.00000000,0.00000000,0.00121173,0.00000000,0.00000000,0.00000000,0.00000000,0.00000000,0.00000000,0.00000000,0.00223375,0.00000000,0.00000000,0.00000000,0.00000000,0.00000000,0.00000000,0.00000000,0.06456308,0.00000000,0.00884455,0.00000000,0.01922283,0.00000000,0.00000000,0.00000000,0.00000000,0.00000000,0.00000000,0.00000000,0.00000000,0.00000000,0.00000000,0.00000000,0.00000000,0.00000000,0.00000000,0.00000000,0.00000000,0.00000000,0.00000000,0.00000000,0.00000000,0.00000000,0.00705989,0.00000000,0.01952000,0.01190171,0.00000000,0.00000000,0.00000000,0.00000000,0.00000000,0.00000000,0.00000000,0.00000000,0.00000000,0.00000000,0.00000000,0.00000000,0.00000000,0.00000000,0.00000000,0.00000000,0.00000000,0.00000000,0.00000000,0.00000000,0.00000000,0.22756224,0.00337166,0.00000000,0.00000000,0.00000000,0.00000000,0.00000000,0.00000000,0.00000000,0.00000000,0.00000000,0.00000000,0.00000000,0.00000000,0.00000000,0.00000000,0.00000000,0.00000000,0.00000000,0.00000000,0.00000000,0.00000000,0.00000000,0.00000000,0.00000000,2.46217957,0.00000000,0.00000000,0.00000000,0.00000000,0.00000000,0.00000000,0.00000000,0.00000000,0.00000000,0.00000000,0.00000000,0.00000000,0.00000000,0.00000000,0.00000000,0.00000000,0.00000000,0.00000000,0.00000000,0.00000000,0.00000000,0.00000000,0.00000000,0.00000000,0.00000000,0.00000000,0.00000000,0.00196970,0.00000000,0.00000000,0.00000000,0.00000000,0.00000000,0.00000000,0.05348541,0.00000000,0.00000000,0.00000000,0.00000000,0.00105639,0.04964269,0.00000000,0.00000000,0.00000000,0.00000000,0.00000000,0.00000000,0.00000000,0.00000000,0.00000000,0.00000000,0.00481891,0.00099353,0.00000000,0.00000000,0.00000000,0.00000000,0.02780678,0.00000000,0.00754706,0.00000000,0.16048794,0.00000000,0.00000000,0.00000000,0.00000000,0.00000000,0.00000000,0.00000000,0.00000000,0.00000000,0.00000000,0.00805500,0.00000000,0.00000000,0.00000000,0.00000000,0.00000000,0.00000000,0.00000000,0.00000000,0.00000000,0.00000000,0.00000000,0.00000000,0.00000000,0.00000000,0.00000000,0.00000000,0.00000000,0.00000000,0.00000000,0.00000000,0.00000000,0.00000000,0.00000000,0.00000000,0.00000000,0.00000000,0.00000000,0.07663130,0.00000000,0.00000000,0.00000000,0.02004086,0.00000000,0.00000000,0.00000000,0.00095901,0.00000000,0.00000000,0.00000000,0.00000000,0.00000000,0.00000000,0.05711912,0.00000000,0.00000000,0.00000000,0.00000000,0.00000000,0.00000000,0.00000000,0.00193755,0.00000000,0.00000000,0.00000000,0.00000000,0.00000000,0.00000000,0.00000000,0.00000000,0.00000000,0.00000000,0.00000000,0.00000000,0.00000000,0.00000000,0.00000000,0.00000000,0.00000000,0.00000000,0.00000000,0.00000000,0.00000000,0.00000000,0.00184215,0.00000000,0.00063440,0.00000000,0.00109457,0.00000000,0.00000000,0.00000000,0.08018160,0.00000000,0.00000000,0.00000000,0.00982259,0.00000000,0.00000000,0.00000000,0.00000000,0.06050695,0.00000000,0.00000000,0.00000000,0.00000000,0.00000000,0.00000000,0.00000000,0.00000000,0.00000000,0.05515494,0.00000000,0.00000000,0.00000000,0.00354260,0.00000000,0.00000000,0.00000000,0.00000000,0.00000000,0.00000000,0.00000000,0.00000000,0.00000000,0.00000000,0.00000000,0.19327290,0.00000000,0.02148216,0.00000000,0.00000000,0.00000000,0.00000000,0.00000000,0.00000000,0.04017762,0.00000000,0.00000000,0.00000000,0.00000000,0.02805830,0.00000000,0.00000000,0.00000000,0.00000000,0.00000000,0.00000000,0.00000000,0.00000000,0.00000000,0.00000000,0.00271976,0.00000000,0.00000000,0.00000000,0.00000000,0.00000000,0.00517643,0.01521905,0.00000000,0.00000000,0.00000000,0.01147496,0.00000000,0.00000000,0.00000000,0.00000000,0.00000000,0.00000000,0.00000000,0.00000000,0.00000000,0.00000000,0.00000000,0.04573810,0.00000000,0.00000000,0.00000000,0.00000000,0.00668601,0.00000000,0.00000000,0.00000000,0.00000000,0.00000000,0.00000000,0.00000000,0.00000000,0.00000000,0.00000000,0.00000000,0.00000000,0.00000000,0.00323633,0.00000000,0.48294796,0.00000000,0.00000000,0.00000000,0.00000000,0.00000000,0.02475733,0.00000000,0.00000000,0.00000000,0.00000000,0.00000000,0.00000000,0.00000000,0.00000000,0.00000000,0.00000000,0.00000000,0.00000000,0.00000000,0.00000000,0.00878918,0.00000000,0.00000000,0.00000000,0.11156920,0.00000000,0.00000000,0.00176370,0.28515221,0.00000000,0.00000000,0.00000000,0.00000000,0.00000000,0.00000000,0.00000000,0.00949991,0.00000000,0.00000000,0.00000000,0.00000000,0.00000000,0.01576386,0.00000000,0.00000000,0.00000000,0.00000000,0.00084920,0.00000000,0.00000000,0.00000000,0.00000000,0.00000000,0.10676986,0.00000000,0.00000000,0.00000000,0.00000000,0.00000000,0.00000000,0.00000000,0.00000000,0.00218947,0.00000000,0.00000000,0.00000000,0.00000000,0.00000000,0.02660733,0.00474383,0.00000000,0.00000000,0.00000000,0.00000000,0.00000000,0.00000000,0.00236159,0.00000000
0.00000000,0.00000000,0.00000000,0.00000000,0.00620823,0.00000000,0.00000000,0.00000000,0.00000000,0.00639678,0.00000000,0.00000000,0.00562638,0.00000000,0.00000000,0.00000000,0.00000000,0.00000000,0.00000000,0.00000000,0.00000000,0.00000000,0.00000000,0.00000000,0.00000000,0.00000000,0.00000000,0.00000000,0.00000000,0.00000000,0.00000000,0.00000000,0.00539956,0.00000000,0.01115971,0.00333136,0.00000000,0.00000000,0.00000000,0.00000000,0.00000000,0.00000000,0.00000000,0.00000000,0.00000000,0.00000000,0.00000000,0.00000000,0.00000000,0.01707622,0.00000000,0.00000000,0.00000000,0.00000000,0.00000000,0.00000000,0.00000000,0.00000000,0.00000000,0.00000000,0.00237419,0.00000000,0.00000000,0.05121827,0.00000000,0.00000000,0.00000000,0.00000000,0.00000000,0.00000000,0.00000000,0.00000000,0.00000000,0.00000000,0.00000000,0.00000000,0.00000000,0.00000000,0.00000000,0.00000000,0.00000000,0.00000000,0.00000000,0.00596855,0.00000000,0.00000000,0.00000000,0.00000000,0.00000000,0.00000000,0.00000000,0.00000000,0.00000000,0.00000000,0.00000000,0.00000000,0.00000000,0.00000000,0.00000000,0.00000000,0.00000000,0.00000000,0.00000000,0.00000000,0.00000000,0.00000000,0.00000000,0.00000000,0.00000000,0.00000000,0.00000000,0.00000000,0.00000000,0.00000000,0.00000000,0.00000000,0.00000000,0.00000000,0.00000000,0.00000000,0.00000000,0.00000000,0.00000000,0.00000000,0.00000000,0.00000000,0.00000000,0.00000000,0.00000000,0.00000000,0.00000000,0.00000000,0.00143086,0.00000000,0.00328147,0.00000000,0.00000000,0.00000000,0.00000000,0.00000000,0.00000000,0.00000000,0.00000000,0.01721141,0.00000000,0.08375831,0.00000000,0.00000000,0.00000000,0.00000000,0.00000000,0.00000000,0.00000000,0.00000000,0.00000000,0.00000000,0.00000000,0.00000000,0.00000000,0.00000000,0.00000000,0.00000000,0.00553694,0.00000000,0.00000000,0.00000000,0.00000000,0.00000000,0.00000000,0.01240163,0.00000000,0.00062586,0.00608416,0.00346358,0.00000000,0.00000000,0.00000000,0.00000000,0.00000000,0.00000000,0.00000000,0.00000000,0.00000000,0.00000000,0.00000000,0.00000000,0.00000000,0.00000000,0.00000000,0.02649561,0.00000000,0.00000000,0.00000000,0.00217002,0.00000000,0.00000000,0.00000000,0.00000000,0.00000000,0.00000000,0.00000000,0.01959164,0.00000000,0.00000000,0.00000000,0.00000000,0.00000000,0.00000000,0.00000000,0.00000000,0.03498870,0.00767507,0.00000000,0.00234767,0.00000000,0.01046701,0.05434856,0.00000000,0.00000000,0.00000000,0.00000000,0.00000000,0.00000000,0.00000000,0.00000000,0.01946917,0.00000000,0.00000000,0.00470086,0.00000000,0.00000000,0.04742033,0.00000000,0.00000000,0.00333536,0.00000000,0.00000000,0.00000000,0.00000000,0.00000000,0.00000000,0.00000000,0.00000000,0.05722228,0.00000000,0.00000000,0.00000000,0.05927095,0.00000000,0.00000000,0.00000000,0.00000000,0.00000000,0.00000000,0.01184574,0.00000000,0.00000000,0.00000000,0.00000000,0.00000000,0.00000000,0.06749725,0.00000000,0.00000000,0.00000000,0.00000000,0.00000000,0.00000000,0.00000000,0.00000000,0.00000000,0.00000000,0.00000000,0.00000000,0.00000000,0.00000000,0.00000000,0.01983453,0.00594568,0.03667449,0.00000000,0.00000000,0.00000000,0.00000000,0.00000000,0.00000000,0.00306748,0.00000000,0.00000000,0.00000000,0.00000000,0.00000000,0.00000000,0.01014443,0.00000000,0.00000000,0.00000000,0.00339578,0.00299444,0.00000000,0.00000000,0.00000000,0.00000000,0.00000000,0.00000000,0.00000000,0.00000000,0.00000000,0.00000000,0.00415931,0.01224077,0.00000000,0.00000000,0.00000000,0.00000000,0.00000000,0.00000000,0.00000000,0.00000000,0.00000000,0.00000000,0.00000000,0.00000000,0.00000000,0.00000000,0.00000000,0.00000000,0.06598526,0.00000000,0.00000000,0.00453944,0.00000000,0.00000000,0.01311192,0.00000000,0.00000000,0.00000000,0.00000000,0.00000000,0.00000000,0.00000000,0.00000000,0.00000000,0.00000000,0.00000000,0.00000000,0.00000000,0.00000000,0.00000000,0.00000000,0.00000000,0.00000000,0.00000000,0.00000000,0.00000000,0.00000000,0.00000000,0.00317830,0.00000000,0.00000000,0.00000000,0.00000000,0.00000000,0.00000000,0.00000000,0.00000000,0.00000000,0.02835707,0.00338290,0.00000000,0.00000000,0.00000000,0.00000000,0.01460182,0.00000000,0.00439860,0.00000000,0.00000000,0.00000000,0.00000000,0.00843468,0.00000000,0.00000000,0.00000000,0.00000000,0.00000000,0.00000000,0.00000000,0.00000000,0.00000000,0.00000000,0.00000000,0.00000000,0.00000000,0.00000000,0.00000000,0.00000000,0.00000000,0.00000000,0.00000000,0.00000000,0.00000000,0.00000000,0.00000000,0.00000000,0.00000000,0.00000000,0.00000000,0.00000000,0.00699680,0.00603173,0.00000000,0.00000000,0.00000000,0.00000000,0.00000000,0.00000000,0.00000000,0.00000000,0.00000000,0.09307083,0.00000000,0.00000000,0.00000000,0.00000000,0.00000000,0.00000000,0.00000000,0.00000000,0.00000000,0.00000000,0.00000000,0.00836242,0.00000000,0.00320624,0.03609906,0.00000000,0.00000000,0.00000000,0.00000000,0.00465279,0.00000000,0.05965263,0.00000000,0.00000000,0.00715665,1.75514320,0.00237466,0.00000000,0.00000000,0.00000000,0.00530812,0.00207997,0.00000000,0.00142257,0.00000000,0.00000000,0.00000000,0.01068096,0.00000000,0.00000000,0.00000000,0.00000000,0.00000000,0.00000000,0.00000000,0.00000000,0.00000000,0.00000000,0.00000000,0.00000000,0.00000000,0.00000000,0.00000000,0.00000000,0.00000000,0.00000000,0.00000000,0.00000000,0.00000000,0.00000000,0.00000000,0.00000000,0.00000000,0.00000000,0.02683713,0.00000000,0.00000000,0.00000000,0.00000000,0.00000000,0.00000000,0.00000000,0.00000000,0.00000000,0.00082510,0.00000000,0.00000000,0.00000000,0.00000000,0.00000000,0.00677768,0.00000000,0.00000000,0.00000000,0.00000000,0.01193444,0.00000000,0.00000000,0.00000000,0.00000000,0.00000000,0.00000000,0.00000000,0.00000000,0.00000000,0.00000000,0.00000000,0.00000000,0.00130711,0.00981798,0.00000000,0.00000000,0.00000000,0.00000000,0.00000000,0.00000000,0.00000000,0.00000000,0.00000000,0.00000000,0.00000000,0.00000000,0.00000000,0.00000000,0.00000000,0.00000000,0.00000000,2.32138653,2.15554902,0.00000000,0.00000000,0.00000000,0.00000000,0.00000000,0.00000000,0.00000000,0.00000000,0.00000000,0.00000000,0.00000000,0.00000000,0.00000000,0.00000000,0.00000000,0.00000000,0.00000000,0.00000000,0.00798454,0.00000000,0.00000000,0.00000000,0.00000000,0.00000000,0.01544243,0.00000000,0.00000000,0.00000000,0.02068314,0.01460050,0.00000000,0.00000000,0.00000000,0.00000000,0.00000000,0.00000000,0.00000000,0.00000000,0.00000000,0.00000000,0.00383118,0.00000000,0.00000000,0.00000000,0.00081409,0.00000000,0.00000000,0.00000000,0.00000000,0.00000000,1.01945307,0.00000000,0.00000000,0.00000000,0.00000000,0.00373870,0.00000000,0.00000000,0.00000000,0.00000000,0.00000000,0.00000000,0.01455885,0.00000000,0.00000000,0.00000000,0.00000000,0.00000000,0.00000000,0.00000000,0.00000000,0.00000000,0.00000000,0.00000000,0.00000000,0.00000000,0.00000000,0.00000000,0.00000000,0.00000000,0.00000000,0.00000000,0.00000000,0.00000000,0.10730314,0.00000000,0.00000000,0.00000000,0.00000000,0.00000000,0.02066384,0.00000000,0.00000000,0.00000000,0.00000000,0.00000000,0.00000000,0.02113645,0.00000000,0.00000000,0.00000000,0.00000000,0.00000000,0.00240779,0.00000000,0.00000000,0.00855419,0.00000000,0.00000000,0.00316635,0.00000000,0.00000000,0.00607489,0.00000000,0.00000000,0.00000000,0.00000000,0.05751863,0.01533979,0.00000000,0.00000000,0.00000000,0.00000000,0.00000000,0.00887879,0.00000000,0.00000000,0.00000000,0.02438861,0.00000000,0.00000000,0.00000000,0.00000000,0.00000000,0.00000000,0.02799493,0.01112583,0.00000000,0.00000000,0.00667710,0.00000000,0.00000000,0.00000000,0.00000000,0.00000000,0.00000000,0.00000000,0.00000000,0.00000000,0.00000000,0.00000000,0.00000000,0.00000000,0.00000000,0.00000000,0.00000000,0.00000000,0.00000000,0.00341173,0.00000000,0.00000000,0.00000000,0.00000000,0.00000000,0.00000000,0.00000000,0.00000000,0.02825507,0.00000000,0.00000000,0.00582137,0.00000000,0.00000000,0.00000000,0.00000000,0.00000000,0.01510874,0.00000000,0.00000000,0.00000000,0.00000000,0.00075445,0.00000000,0.00000000,0.00000000,0.00000000,0.69485211,0.00000000,0.00000000,0.00000000,0.00000000,0.00000000,0.00000000,0.00000000,0.00000000,0.00000000,0.00000000,0.00104764,0.00000000,0.00000000,0.00000000,0.00000000,0.00000000,0.00000000,0.00000000,0.00000000,0.00000000,0.00000000,0.00000000,0.00000000,0.00000000,0.00000000,0.00000000,0.00000000,0.00964538,0.00000000,0.00000000,0.00000000,0.00000000,0.00000000,0.00000000,0.00000000,0.00000000,0.00000000,0.00554447,0.00000000,0.00000000,0.03957840,0.00000000,0.00000000,0.00000000,0.03439242,0.00000000,0.00000000,0.00510558,0.00000000,0.00000000,0.00000000,0.00000000,0.00000000,0.00000000,0.00000000,0.00000000,0.01226188,0.00000000,0.00000000,0.00000000,0.00000000,0.00000000,0.00000000,0.12934952,0.00000000,0.00000000,0.00000000,0.00000000,0.00000000,0.00000000,0.00000000,0.00000000,0.00869605
0.00000000,0.00000000,0.02191800,0.00000000,0.00000000,0.00000000,0.00000000,0.00087245,0.21182232,0.00000000,0.00000000,0.00000000,0.00000000,0.03398231,0.00000000,0.00000000,0.00000000,0.00000000,0.00000000,0.00000000,0.00000000,0.01683054,0.00000000,0.00000000,0.00000000,0.00000000,0.00000000,0.00000000,0.00000000,0.00000000,0.00000000,0.00000000,0.00000000,0.00000000,0.00000000,0.00000000,0.00000000,0.00183182,0.03437174,0.00000000,0.00000000,0.00000000,0.00000000,0.00000000,0.00000000,0.00000000,0.00000000,0.00000000,0.00000000,0.00000000,0.00000000,0.00000000,0.00000000,0.00000000,0.00000000,0.00000000,0.00000000,0.01852843,0.00000000,0.00000000,0.00000000,0.00000000,0.00000000,0.00000000,0.00000000,0.00000000,0.00000000,0.00000000,0.00417963,0.00000000,0.00360355,0.00000000,0.00000000,0.00000000,0.00000000,0.00000000,0.00000000,0.00000000,0.00000000,0.00000000,0.00000000,0.00000000,0.00000000,0.00000000,0.00000000,0.00000000,0.00000000,0.00000000,0.00000000,0.00000000,0.00000000,0.00000000,0.00000000,0.06190220,0.00000000,0.00000000,0.00000000,0.00000000,0.00000000,0.00000000,0.00000000,0.04505716,0.00000000,5.01643053,0.01662411,0.05340309,0.00000000,0.00000000,0.00000000,0.00000000,0.00000000,0.00000000,0.00000000,0.00000000,0.00000000,0.03852626,0.00000000,0.00000000,0.00000000,0.00000000,0.00000000,0.00000000,0.00000000,0.00000000,0.00000000,0.00000000,0.00000000,0.00000000,0.00000000,0.00000000,0.00000000,0.00000000,0.00000000,0.00000000,0.00512772,0.00000000,0.00000000,0.00000000,0.00000000,0.00000000,0.00000000,0.00000000,0.00000000,0.00000000,0.00000000,0.00000000,0.00000000,0.00735014,0.00000000,0.00000000,0.00000000,0.00000000,0.00000000,0.02477684,0.00000000,0.00000000,0.00000000,0.00000000,0.00000000,0.00000000,0.00000000,0.00000000,0.00000000,0.00000000,0.00000000,0.00000000,0.00000000,0.89083413,0.00000000,0.00000000,0.00000000,0.00663735,0.00000000,0.00000000,0.00000000,0.04926563,0.00000000,0.00000000,0.64721091,0.00000000,0.21452378,0.00000000,0.00291810,0.00000000,0.00000000,0.00000000,0.00000000,0.00000000,0.00000000,0.00000000,0.00000000,0.00000000,0.00000000,0.00000000,0.00000000,0.00000000,0.00000000,0.00000000,0.00789740,0.00000000,0.00000000,0.00000000,0.00000000,0.00000000,0.00000000,0.00000000,0.01607015,0.00000000,0.00000000,0.00000000,0.00000000,0.00000000,0.00000000,0.00000000,0.00000000,0.00000000,0.00000000,0.00000000,0.00000000,0.04172207,0.00000000,0.00000000,0.00000000,0.00000000,0.00233049,0.00000000,0.00000000,0.00000000,0.00070968,0.00000000,0.00000000,0.01822988,0.03602441,0.00000000,0.00000000,0.00000000,0.00000000,0.00000000,0.00000000,0.00000000,0.00000000,0.00000000,0.00000000,0.00000000,0.00000000,0.00000000,0.00000000,0.00000000,0.00000000,0.00000000,0.00000000,3.48208794,0.00000000,0.00000000,0.00000000,0.00000000,0.00000000,0.00000000,0.00192778,0.00000000,0.00000000,0.00129397,0.00000000,0.00000000,0.00000000,0.00000000,0.00000000,0.00000000,0.00000000,0.00000000,0.00000000,0.00000000,0.00000000,0.00000000,0.00000000,0.00000000,0.00000000,0.00121183,0.00000000,0.00000000,0.00000000,0.00000000,0.00000000,0.01131812,0.02081530,0.03884690,0.00000000,0.00000000,0.00000000,0.00000000,0.00000000,0.00000000,0.00000000,0.01086332,0.00000000,0.00000000,0.00000000,0.00000000,0.08272214,0.00000000,0.00000000,0.00000000,0.00000000,0.00000000,0.00000000,0.00000000,0.00000000,0.00000000,0.00000000,0.00000000,0.00000000,0.00000000,0.00000000,0.00253664,0.00000000,1.87342378,0.00000000,0.00000000,0.00000000,0.00000000,0.00000000,0.00000000,0.00000000,0.00000000,0.00000000,0.13130923,0.00000000,0.00000000,0.00000000,0.00000000,0.00000000,0.00455348,0.00000000,0.00000000,0.00000000,0.00000000,0.00000000,0.00000000,0.00000000,0.00000000,0.01598156,0.03770674,0.00000000,0.00000000,0.00000000,0.00000000,0.00000000,0.00000000,0.00000000,0.00000000,0.00000000,0.00000000,0.00000000,0.00000000,0.00000000,0.00000000,0.00000000,0.00000000,0.00000000,0.00000000,0.00000000,0.00000000,0.00000000,0.00000000,0.00000000,0.00000000,0.00000000,0.00368690,0.00000000,0.00000000,0.00000000,0.00000000,0.00000000,0.00000000,0.00000000,0.00000000,0.00000000,0.00000000,0.01725638,0.00000000,0.00000000,0.00000000,0.00893490,0.00000000,0.00000000,0.00000000,0.00000000,0.00000000,0.00000000,0.00000000,0.00000000,0.09925275,0.00000000,0.00000000,0.00000000,0.00000000,0.00000000,0.00000000,0.02965397,0.00000000,0.08803037,0.00000000,0.00000000,0.00000000,0.00000000,0.00000000,0.00000000,0.00748286,0.00000000,0.03050697,0.00000000,0.00000000,0.00000000,0.00000000,0.02999771,0.00000000,0.00000000,0.07101989,0.00000000,0.00000000,0.00000000,0.00000000,0.00410506,0.00000000,0.00000000,0.00000000,0.00000000,0.00000000,0.00000000,0.00374866,0.00000000,0.00000000,0.00000000,0.00000000,0.00000000,0.00000000,0.00000000,0.00000000,0.00000000,0.00000000,0.00000000,2.86635951,0.00000000,0.00000000,0.00000000,0.00000000,0.00176002,0.00000000,0.00000000,0.05578629,0.00000000,0.00000000,0.00000000,0.00000000,0.00000000,0.00000000,0.00000000,0.00000000,0.00000000,0.00000000,0.00000000,0.00000000,0.00000000,0.00000000,0.00000000,0.00000000,0.00000000,0.00495180,0.00000000,0.00000000,0.00000000,0.00000000,0.00000000,0.00000000,0.00000000,0.00290618,0.00000000,0.00000000,0.00000000,0.00000000,0.00000000,0.00000000,2.26575891,0.00000000,0.00000000,0.00000000,0.00000000,0.00000000,0.00000000,0.01213353,0.01890238,0.00000000,0.00000000,0.00000000,0.00000000,0.00000000,0.00000000,0.01107791,0.00000000,0.00000000,0.00000000,0.00000000,0.00000000,0.00000000,0.00260521,0.00000000,0.01041967,0.00000000,0.00000000,0.00000000,0.00000000,0.00000000,0.00000000,0.00000000,0.00000000,0.00358022,0.00000000,0.00000000,0.00000000,0.00000000,0.00000000,0.00000000,0.00000000,0.00000000,0.00000000,0.00000000,0.13197578,0.00000000,0.00000000,0.00000000,0.00000000,0.00131666,0.00000000,0.00000000,0.00000000,0.00000000,0.00000000,0.00000000,0.00000000,0.00000000,0.00000000,0.01944373,0.00000000,0.00000000,0.00000000,0.00428052,0.00000000,0.00000000,0.00833554,0.00130995,0.00000000,0.00000000,0.00000000,1.61021543,0.00278344,0.00000000,0.00000000,0.00000000,0.00000000,0.00000000,0.00000000,0.00000000,0.00078121,0.00000000,0.00000000,0.00000000,0.00000000,0.00000000,0.00000000,0.00000000,0.00000000,0.00000000,0.00000000,0.05582683,0.00000000,1.64016751,0.00000000,0.02142163,0.00000000,0.00000000,0.00000000,0.00000000,0.00000000,0.00000000,0.00000000,0.00000000,0.00000000,0.00000000,0.00000000,0.00000000,0.00000000,0.01783797,0.00000000,0.00842208,0.00000000,0.00000000,0.00000000,0.00000000,0.00000000,0.00000000,0.00000000,0.00000000,0.00083220,0.00000000,0.00000000,0.00000000,0.00000000,0.00165987,0.00000000,0.00000000,0.00000000,0.12975325,0.00444896,0.00000000,0.00000000,0.00000000,0.00000000,0.00000000,0.00000000,0.00000000,0.00000000,0.00000000,0.00000000,0.00000000,0.00000000,0.00000000,0.00126002,0.00000000,0.00000000,0.00000000,0.00000000,0.00000000,0.02444316,0.00000000,0.00000000,0.00000000,0.00294778,0.00000000,0.00000000,0.00000000,0.33033452,0.04026092,0.00146200,0.00000000,0.00000000,0.00602345,0.00000000,0.00000000,0.00000000,0.00000000,0.00000000,0.00064859,0.00000000,0.03758083,0.00000000,0.00000000,0.00000000,0.00000000,0.00000000,0.00000000,0.00000000,0.01920976,0.00000000,0.00000000,0.00000000,0.00000000,0.00908153,0.00000000,0.00000000,0.00000000,0.00000000,0.00000000,0.00000000,0.00000000,0.00000000,0.02977397,0.00000000,0.00000000,0.01455101,0.00000000,0.00000000,0.00000000,0.00000000,0.00000000,0.00000000,0.00000000,0.00000000,0.05497956,0.00000000,0.00000000,0.00000000,0.00000000,0.00000000,0.00000000,0.00000000,0.00000000,0.00000000,0.00000000,0.00000000,0.00000000,0.02118700,0.00000000,0.00000000,0.00000000,0.00000000,0.00000000,0.00000000,0.00000000,0.00000000,0.00000000,0.00000000,0.00000000,0.00142035,0.00000000,0.00000000,0.00000000,0.00345540,0.00000000,0.00000000,0.00000000,0.00000000,0.00000000,0.00000000,0.00000000,0.00000000,0.00000000,0.00000000,0.00483975,0.00000000,0.00000000,0.00000000,0.00000000,0.00000000,0.00000000,0.00000000,0.00000000,0.00000000,0.00000000,0.00000000,0.00000000,0.00000000,0.00000000,0.00000000,0.00000000,0.00000000,0.00000000,0.00000000,0.00000000,0.00000000,0.00000000,0.00000000,0.00000000,0.00000000,0.00000000,0.00000000,0.00000000,0.00000000,0.00000000,0.02059800,0.00000000,0.00000000,0.00000000,0.00000000,0.00000000,0.00000000,0.00000000,0.00000000,0.00000000,0.00000000,0.01169486,0.00000000,0.00000000,0.00596013,0.00237357,0.00000000,0.00000000,0.00874023,0.00000000,0.00000000,0.00000000,0.00000000,0.00000000,0.00000000,0.00000000,0.00000000,0.00000000,0.00000000,0.00000000,0.00000000,0.00000000,0.00000000,0.00000000,0.00634728,0.00000000,0.16869083,0.00000000,0.00000000,0.00000000,0.00000000,0.00000000
0.00000000,0.00000000,0.00000000,0.00000000,0.00000000,0.00000000,0.00213228,0.00000000,0.00000000,0.00000000,0.03838809,0.00000000,0.00000000,0.00000000,0.00000000,0.00000000,0.00000000,0.00000000,0.00000000,0.00000000,0.00000000,0.00000000,0.00000000,0.00000000,0.00000000,1.34741012,0.00000000,0.00000000,0.00000000,0.01485794,0.02090674,0.00000000,0.00000000,0.00000000,0.00646272,0.00000000,0.00000000,0.00000000,0.00000000,0.00000000,0.00000000,0.00000000,0.00000000,0.00000000,0.00000000,0.00000000,0.00000000,0.00000000,0.00000000,0.00000000,0.00000000,0.00000000,0.00000000,0.00000000,0.00000000,0.00000000,0.00412251,0.00000000,0.00000000,0.00000000,0.01822522,0.00098073,0.00000000,0.00000000,0.00000000,0.00000000,0.01144406,0.00000000,0.00177232,0.00000000,0.00000000,0.03060742,0.00000000,0.00000000,0.00000000,0.00000000,0.00000000,0.00000000,0.00582460,0.00000000,0.00000000,0.00000000,0.00000000,0.00000000,0.06050045,0.00000000,0.00000000,0.00000000,0.00454548,0.00000000,0.00000000,0.00000000,0.00000000,0.00000000,0.01061322,0.00000000,0.00000000,0.00000000,0.00000000,0.00000000,0.00000000,0.00000000,0.00000000,0.00000000,0.00000000,0.00000000,0.00000000,0.00000000,0.00000000,0.00000000,0.00000000,0.00000000,0.00000000,0.00000000,0.00000000,0.00000000,0.00000000,0.00000000,0.00000000,0.00000000,0.00000000,0.00000000,0.00000000,0.00000000,0.00000000,0.00378421,0.00000000,0.00000000,0.00000000,0.00000000,0.00000000,0.00000000,0.12591908,0.00000000,0.00000000,0.00000000,0.00000000,0.00000000,0.00000000,0.00000000,0.00000000,0.00000000,0.00000000,0.00000000,0.00000000,0.00000000,0.00000000,0.00442156,0.00000000,0.00105247,0.00000000,0.00000000,0.00000000,0.31811768,0.00000000,0.00000000,0.00000000,0.00000000,0.00000000,0.00000000,0.00687312,0.00000000,0.00000000,0.00000000,0.00000000,0.00000000,0.00000000,0.00000000,0.00000000,0.00000000,0.01574609,0.00000000,0.00000000,0.00525670,0.00000000,0.00000000,0.00000000,0.00000000,0.00000000,0.00000000,0.00783921,0.00000000,0.00000000,0.00000000,0.00000000,0.00000000,0.00000000,0.00000000,0.61248207,0.00000000,0.00000000,0.00000000,0.00000000,0.00000000,0.00000000,0.00000000,0.00000000,0.00000000,0.00000000,0.00000000,0.00000000,0.00000000,0.00000000,0.00000000,0.00000000,0.00000000,0.00000000,0.00000000,0.00256148,0.00000000,0.00000000,0.00000000,0.00000000,0.00000000,0.00085246,0.00000000,0.00000000,0.00000000,0.00000000,0.00000000,0.00000000,0.00000000,0.00000000,0.00373392,0.00000000,0.00000000,0.00768432,0.00000000,0.00000000,0.00000000,0.00000000,0.00000000,0.02003352,0.00000000,0.00000000,0.00000000,0.00000000,0.00000000,0.00000000,0.00000000,0.00000000,0.00434426,0.00000000,0.00000000,0.00000000,0.02285236,0.00000000,0.00000000,0.00000000,0.00000000,0.00000000,0.00000000,0.00494550,0.00000000,0.00000000,0.00000000,0.00000000,0.00000000,0.00000000,0.00000000,0.00000000,0.00000000,0.00000000,0.00000000,0.00000000,0.00000000,0.00000000,0.00000000,0.11384951,0.00000000,0.00000000,0.00000000,0.01201203,0.00000000,0.00000000,0.00000000,0.00000000,0.00000000,0.00149310,0.00000000,0.00000000,0.00000000,0.00000000,0.01403023,0.00000000,0.00000000,0.00000000,0.20729273,0.06413609,0.00000000,0.00000000,0.00000000,0.00000000,0.00000000,0.00000000,0.00000000,0.14300992,0.00000000,0.00000000,0.00000000,0.00000000,0.00000000,0.00000000,0.00000000,0.00103772,0.00000000,0.00000000,0.00000000,4.90260592,0.00000000,0.00000000,0.00000000,0.00000000,0.00000000,0.00000000,0.03325831,0.00000000,0.00000000,0.00000000,0.00000000,0.00000000,0.00000000,0.00000000,0.00000000,0.00000000,0.00000000,0.00000000,0.00413674,0.00000000,0.00000000,0.00000000,0.00000000,0.00000000,0.00000000,0.00000000,0.00000000,0.00000000,0.00000000,0.00000000,0.00000000,0.00000000,0.00000000,0.00000000,0.00000000,0.00000000,0.00000000,0.00821154,0.00000000,0.00000000,0.00000000,0.00000000,0.00000000,0.00000000,0.00000000,0.00000000,0.00000000,0.00000000,0.00000000,0.00000000,0.00000000,0.00000000,0.00000000,0.00000000,0.00000000,0.00000000,0.00000000,0.00000000,0.00000000,0.00000000,0.00000000,0.06432720,0.00000000,0.00000000,0.00000000,0.00000000,0.00000000,0.00000000,0.00506549,0.00000000,0.00000000,0.00000000,0.00304405,0.00000000,0.00000000,0.00000000,0.00000000,0.00000000,0.00000000,0.00000000,0.68101569,0.01417054,0.00000000,0.00000000,0.00000000,0.00000000,0.00000000,0.00000000,0.00000000,0.00000000,0.00087557,0.00000000,0.00000000,0.00000000,0.00000000,0.00000000,0.00000000,0.00000000,0.00000000,0.00000000,0.00000000,0.00000000,0.00000000,0.00174649,0.00000000,0.00289144,0.00000000,0.00000000,0.00000000,0.00000000,0.00000000,0.00000000,0.00000000,0.00200039,0.00000000,0.00000000,0.00000000,0.00000000,0.00000000,0.00000000,0.00000000,0.00000000,0.00000000,0.00000000,0.00000000,0.00000000,0.00000000,0.00000000,0.00000000,0.00000000,0.00000000,0.00000000,0.00000000,0.00000000,0.02035274,0.00000000,0.00249730,2.65313381,0.00000000,0.00000000,0.00000000,0.00000000,0.01122718,0.00000000,0.00000000,0.00000000,0.00000000,0.00000000,0.00000000,0.00000000,0.00000000,0.00000000,0.00638699,0.00000000,0.00000000,0.00000000,0.00000000,0.00000000,0.00000000,0.00000000,0.00000000,0.00000000,0.00000000,0.00000000,0.00000000,0.00000000,0.00000000,0.00000000,0.00306973,0.00000000,0.00000000,0.00000000,0.29383652,0.00000000,0.00000000,0.00000000,0.00000000,0.00000000,0.00000000,0.00000000,0.00000000,0.00000000,0.00000000,0.00000000,0.05320607,0.00000000,0.00000000,0.00000000,0.00000000,0.00000000,0.00000000,0.00000000,0.00000000,0.00000000,0.00000000,0.00000000,0.00000000,0.00000000,0.00000000,0.00000000,0.00000000,0.00000000,0.00000000,0.00000000,0.00000000,0.00000000,0.00000000,0.00000000,0.00000000,0.00000000,0.00000000,0.00000000,0.00000000,0.00000000,0.11920251,0.00000000,0.01005293,0.00000000,0.00000000,0.00000000,0.00000000,0.00000000,0.00000000,0.00115061,0.00000000,0.00000000,0.01322797,1.13997392,0.00000000,0.00000000,0.00000000,0.00000000,0.00000000,0.00000000,0.00000000,0.00000000,0.00000000,0.00000000,0.00000000,0.00000000,0.00153148,0.00000000,0.00000000,0.00000000,0.02029940,0.00000000,0.00000000,0.00871101,0.02408936,0.00000000,0.00000000,0.01236951,0.00000000,0.00000000,0.00000000,0.00000000,0.00000000,0.00000000,0.00000000,0.00000000,0.00000000,0.00000000,0.00000000,0.00000000,0.00089135,0.00000000,0.00000000,0.00000000,0.00000000,0.00000000,0.00000000,0.03631755,0.00000000,0.00000000,0.00000000,0.00000000,0.00000000,0.00000000,0.00000000,0.00000000,0.00000000,0.00000000,0.00000000,0.00000000,0.00000000,0.00000000,0.00000000,0.00000000,0.00000000,0.00000000,0.00000000,0.00000000,0.88082118,0.00000000,0.00000000,0.00000000,0.00000000,0.00000000,0.00000000,0.09548910,0.00000000,0.00000000,0.00000000,0.00000000,0.01466926,0.00000000,0.00000000,0.00000000,0.00563014,0.00000000,0.00000000,0.00263495,0.00000000,0.00000000,0.00000000,0.06619479,0.00000000,0.00000000,0.00000000,0.00000000,0.00000000,0.10603808,0.00000000,0.00000000,0.01674471,0.00000000,0.00423149,0.00000000,0.00472031,0.00000000,0.37292224,0.01221281,0.00793342,0.00000000,0.00000000,0.00000000,0.00000000,0.00000000,0.00000000,0.04190193,0.00000000,0.00000000,0.00000000,0.00000000,0.00000000,0.00000000,0.00000000,0.00000000,0.00000000,0.00000000,0.00000000,0.00000000,0.00000000,0.00000000,0.00000000,0.00000000,0.00000000,0.00000000,0.00373864,0.00435229,0.00000000,0.00000000,0.00000000,0.00000000,0.00000000,0.00000000,0.00000000,0.00000000,0.00000000,0.00000000,0.00000000,0.00000000,0.00000000,0.00000000,0.03257264,0.00000000,0.00000000,0.00000000,0.00000000,0.00000000,0.00000000,0.00000000,0.00000000,0.00000000,0.00000000,0.00000000,0.00000000,0.00000000,0.00000000,0.00000000,0.00000000,0.00000000,0.00074179,0.00000000,0.05333727,0.00000000,0.00000000,0.00000000,0.00000000,0.00000000,0.00000000,0.00000000,0.00000000,0.00000000,0.01002146,0.00000000,0.00000000,0.00329449,0.00000000,0.00000000,0.00000000,0.00000000,0.00000000,0.00000000,0.00000000,0.00271664,0.00000000,0.00000000,0.00000000,0.00278065,0.00000000,0.00133464,0.00000000,0.00000000,0.00000000,0.00000000,0.00000000,0.00000000,0.00000000,0.00000000,0.00000000,0.00621786,0.00000000,0.00000000,0.00000000,0.00000000,0.00000000,0.00000000,0.00000000,0.00000000,0.00000000,0.00000000,0.00000000,0.00000000,0.00000000,0.00000000,0.02004085,0.00000000,0.00000000,0.00106014,0.01669747,0.00000000,0.00000000,0.00000000,0.00000000,0.00000000,0.00000000,0.05623483,0.00000000,0.00000000,0.00000000,0.00000000,0.00000000,0.00000000,0.01561375,0.00000000,0.00000000,0.00000000,0.00000000,0.00000000,0.00000000,0.00883288,0.00542059,0.00000000,0.00000000,0.00000000,0.05352399,0.00000000,0.01891095,0.00000000,0.00000000,0.00000000,0.00000000,0.01432444,0.00895620,0.00527851,0.00000000,0.00000000,1.18199705,0.00000000,0.00920283
0.00000000,0.00340695,0.00000000,0.00000000,0.00000000,0.00000000,0.00000000,0.00000000,0.00000000,0.00348658,0.00000000,0.00000000,0.00000000,0.00000000,0.00316816,0.00000000,0.00000000,0.00000000,0.00000000,0.00000000,0.00000000,0.00000000,0.00000000,0.00000000,0.00000000,0.00154577,0.00000000,0.00000000,0.16632609,0.00000000,0.00000000,0.00000000,0.00000000,0.00000000,0.00000000,0.00000000,0.00000000,0.00000000,0.00000000,0.00314581,0.00000000,0.00536315,0.00000000,0.00000000,0.00000000,0.00000000,0.00000000,0.00125332,0.00000000,0.00000000,0.00000000,0.00000000,0.00000000,0.00000000,0.00000000,0.00000000,0.00000000,0.00000000,0.00000000,0.00000000,0.00000000,0.00000000,0.00000000,0.00000000,0.01476833,0.00000000,0.00000000,0.00157278,0.00000000,0.00000000,0.00000000,0.00000000,0.02308674,0.00000000,0.00000000,0.00000000,0.00000000,0.00000000,0.00000000,0.00000000,0.00000000,0.00000000,0.00000000,0.00000000,0.00591047,0.00000000,0.00000000,0.00000000,0.00306953,0.00000000,0.00000000,0.00000000,0.00000000,0.00000000,0.00000000,0.00000000,0.00000000,0.00000000,0.00000000,0.00000000,0.00000000,0.00000000,0.00000000,0.00000000,0.00000000,0.00000000,0.00000000,0.00000000,0.00000000,0.00000000,0.00000000,0.00000000,0.00000000,0.00000000,0.00000000,0.00000000,0.00116872,0.00000000,0.00000000,0.00352047,0.00000000,0.00000000,0.00000000,0.00000000,0.00000000,0.00000000,0.00000000,0.00000000,0.00000000,0.00000000,0.00000000,0.00226394,0.00000000,0.00000000,0.00000000,0.00000000,0.00000000,0.00000000,0.00000000,0.00000000,0.00000000,0.00000000,0.00000000,0.00000000,0.00000000,0.00000000,0.00000000,0.00000000,0.00000000,0.00000000,0.00000000,0.00000000,0.00000000,0.00000000,0.00000000,0.00000000,0.00000000,0.00000000,0.00000000,0.00000000,0.00979100,0.00000000,0.00000000,0.00000000,0.01052951,0.00000000,0.00000000,0.00000000,0.00000000,0.00000000,0.00000000,0.00000000,0.00000000,0.00000000,0.00000000,0.00216572,0.00000000,0.00000000,0.00000000,0.00000000,0.00000000,0.00000000,0.00000000,0.00000000,0.00000000,0.00000000,0.00000000,0.00483901,0.00266021,0.00000000,0.00000000,0.00000000,0.00000000,0.00000000,0.00000000,0.04625698,0.00000000,0.00000000,0.01367678,0.10597083,0.00000000,0.01503755,0.00000000,0.00000000,0.00000000,0.00000000,0.00091427,0.17219599,0.00000000,0.00000000,0.01367857,0.00000000,0.00049813,0.00000000,0.00000000,0.02438768,0.00000000,0.00000000,0.02841980,0.00000000,0.00000000,0.00000000,0.00000000,0.00000000,0.00000000,0.00000000,0.00000000,0.00000000,0.00000000,0.03770528,0.00000000,0.00457732,0.00111378,0.00000000,0.00000000,0.00158714,0.06818543,0.00000000,0.00000000,0.00000000,0.00000000,0.00000000,0.00000000,0.03493236,0.00000000,0.00000000,0.00000000,0.00000000,0.00000000,0.00000000,1.82204899,0.00000000,0.00000000,0.00000000,0.10099889,0.00000000,0.00000000,0.00000000,0.00000000,0.00000000,0.00000000,0.00000000,0.00000000,0.00000000,0.00000000,0.00000000,0.00000000,0.00000000,0.00000000,0.00000000,0.60656904,0.00000000,0.00000000,0.00000000,0.00000000,0.00000000,0.00000000,0.00000000,0.09904276,0.00000000,0.02307186,0.00000000,0.00000000,0.00000000,0.00000000,0.00000000,0.00000000,0.00000000,0.00000000,0.00000000,0.00000000,0.00000000,0.00000000,0.00000000,0.00000000,0.00717278,0.00000000,0.00000000,0.99209646,0.00000000,0.00000000,0.00000000,0.00922403,0.00000000,0.00000000,0.00000000,0.00000000,0.00267003,0.00000000,0.00000000,0.00000000,0.00000000,0.00000000,0.00000000,0.00000000,0.01102203,0.00000000,0.00000000,0.00000000,0.00000000,0.00000000,0.00000000,0.00000000,0.00000000,0.00000000,0.00000000,0.00000000,0.00000000,0.00000000,0.00000000,0.00000000,0.00000000,0.00000000,0.00000000,0.00000000,0.00000000,0.00000000,0.00000000,0.00000000,0.00000000,0.00000000,0.00000000,0.00000000,0.00000000,0.00000000,0.00000000,0.00000000,0.00000000,0.00000000,0.00000000,0.00000000,0.00000000,0.00000000,0.00000000,0.00000000,0.00000000,0.02016918,0.00000000,0.00000000,0.00000000,0.04185729,0.00394366,0.03839732,0.00000000,0.00000000,0.00000000,0.00000000,0.00000000,0.00000000,0.81607996,0.00000000,0.00000000,0.00000000,0.00000000,0.00000000,0.00000000,0.00000000,0.00000000,0.00000000,0.00000000,0.00000000,0.00000000,0.00000000,0.00000000,0.00000000,0.00000000,0.00000000,0.00000000,0.00000000,0.00000000,0.00000000,0.00000000,0.20400764,0.00000000,0.00000000,0.00000000,0.00000000,0.00000000,0.00000000,0.02095150,0.00000000,0.00000000,0.00000000,0.00000000,0.00000000,0.00215605,0.00657208,0.00232850,0.00000000,0.00000000,0.00000000,0.00000000,0.00000000,0.00000000,0.00000000,0.00000000,0.00000000,0.00000000,0.00163525,0.00000000,0.00000000,0.00000000,0.02685220,0.00000000,0.00000000,0.00000000,0.00000000,0.00000000,0.00000000,0.00000000,0.00000000,0.00435470,0.00000000,0.00000000,0.00000000,0.00000000,0.00000000,0.00000000,0.00000000,0.00000000,0.00000000,0.00000000,0.00000000,0.00160282,0.00000000,0.00000000,0.00000000,0.00000000,0.00000000,0.00000000,0.00000000,0.00000000,0.00000000,0.00000000,0.00000000,0.00000000,0.00831514,0.00000000,0.00000000,0.00000000,0.00000000,0.00000000,0.00000000,0.01603248,0.00000000,0.00000000,0.00000000,0.00000000,0.00000000,0.02262134,0.00000000,0.00000000,0.00000000,0.00000000,0.00000000,0.00000000,0.00000000,0.00000000,0.00000000,0.00000000,0.00000000,0.00000000,0.00000000,0.00000000,0.00000000,0.00000000,0.00000000,0.01230139,0.00000000,0.50188577,0.00000000,0.00000000,0.00000000,0.00218005,0.00000000,0.00000000,0.00000000,0.00000000,0.00000000,0.00000000,0.00000000,0.00000000,0.00000000,0.00000000,0.00000000,0.00000000,0.00000000,0.00000000,0.00000000,0.00000000,0.00000000,0.00216150,0.00000000,0.00000000,0.00067457,0.00000000,0.00000000,0.00000000,0.07887116,0.01906406,0.00000000,0.00000000,0.00000000,0.00980921,0.00000000,0.00000000,0.00000000,0.00000000,0.00000000,0.00000000,0.00000000,0.00000000,0.00000000,0.00000000,0.00000000,0.00000000,0.00000000,0.01664175,0.00000000,0.00000000,0.00000000,0.00000000,0.01606273,0.00000000,0.00000000,0.00375787,0.00000000,0.00000000,0.00000000,0.00000000,0.00115525,0.00000000,0.00433893,0.00000000,0.00000000,0.00000000,0.00000000,0.04895220,0.00000000,0.00000000,0.00000000,0.00237622,0.00000000,0.00000000,0.00000000,0.01950258,0.00000000,0.00000000,0.00000000,0.00000000,0.00000000,0.00000000,0.00000000,0.00000000,0.00000000,0.00000000,0.00174009,0.00000000,0.00000000,0.00000000,0.00000000,0.00560854,0.00000000,0.02122368,0.00000000,0.00000000,0.00000000,0.16286596,0.00000000,0.00000000,0.00000000,0.00000000,0.00000000,0.00000000,0.00000000,0.00000000,0.00000000,0.00000000,0.00000000,0.00000000,0.00000000,0.00000000,0.00000000,0.00000000,0.00000000,0.01620399,0.01158479,0.00000000,0.00000000,0.00000000,0.00000000,0.00000000,0.00000000,0.00000000,0.00000000,0.00000000,0.00000000,0.00000000,0.00000000,0.00000000,0.00000000,0.00000000,0.00000000,0.90116626,0.00000000,0.00000000,0.80642615,0.00000000,0.02106877,0.00000000,0.01136089,0.00000000,0.00000000,0.00000000,0.00000000,0.00000000,0.00000000,0.00000000,0.00000000,0.00000000,0.00000000,0.00000000,0.02777342,0.00000000,0.00000000,0.00000000,0.00000000,0.00000000,0.00000000,0.00000000,0.00732814,0.00000000,0.00000000,0.00000000,0.00000000,0.00000000,0.00000000,0.00000000,0.00000000,0.05904055,0.02167684,0.00000000,0.00000000,0.00000000,0.00000000,0.00000000,0.00000000,0.00000000,0.00000000,0.00000000,0.00000000,0.00000000,0.00000000,0.00000000,0.00000000,0.00000000,0.00000000,0.00000000,0.00000000,0.00000000,0.00701294,0.00000000,0.00000000,0.18408140,0.00000000,0.00200364,0.00000000,0.00638866,0.00000000,0.00000000,0.00000000,0.00000000,0.02145124,0.00000000,0.00000000,0.00000000,0.00000000,0.00000000,0.00000000,0.00000000,0.00000000,0.00000000,0.00000000,0.00000000,0.00000000,0.00000000,0.03373778,0.00000000,0.00000000,0.00000000,0.00000000,0.00000000,0.00000000,0.00000000,0.00000000,0.00000000,0.00000000,0.00000000,0.00434832,0.00787830,0.00138885,0.00000000,0.00000000,0.00000000,0.01950127,0.01843496,0.00000000,0.00000000,0.00000000,0.00000000,0.00000000,0.00000000,0.00000000,0.00000000,0.00000000,0.00000000,0.00000000,0.00000000,0.00000000,0.00000000,0.00000000,0.00000000,0.00000000,0.00000000,0.00000000,0.00000000,0.14825715,0.00826424,0.00000000,0.00000000,0.00000000,0.00000000,0.00000000,0.13207494,0.00000000,0.00000000,0.00000000,0.00000000,0.00000000,0.00000000,0.00000000,0.00000000,0.00000000,0.00000000,0.00000000,0.00000000,0.00000000,0.00000000,0.00000000,0.00975721,0.00000000,0.00000000,0.00000000,0.00000000,0.00000000,0.00000000,0.00000000,0.12277604,0.00000000,0.00000000,0.00000000,0.00505303,0.00000000,0.00000000,0.00000000,0.00000000,0.00000000,0.01185016,0.00000000,0.00000000,0.00000000,0.00000000,0.00000000,0.00000000,0.00161740,0.00000000,0.97798397,0.00000000,0.00000000,0.00000000
0.00000000,0.00000000,0.09124979,0.00000000,0.00000000,0.00000000,0.00000000,0.00252837,0.00000000,0.00000000,0.00000000,0.00000000,0.01642856,0.00000000,0.00178050,0.00605191,0.00000000,0.00133254,0.00000000,0.00000000,0.00000000,0.00000000,0.00000000,0.00000000,0.00000000,0.00000000,0.00000000,0.00000000,0.00000000,0.00000000,0.00000000,0.00000000,0.00000000,0.00000000,0.00000000,0.00000000,0.00000000,0.00000000,0.00000000,0.00000000,0.00000000,0.00000000,0.00000000,0.00000000,0.00000000,0.00000000,0.00000000,0.00000000,0.00000000,0.00000000,0.02863242,0.00000000,0.00000000,0.00000000,0.00000000,0.00260371,0.00000000,0.00000000,0.00000000,0.00000000,0.00000000,0.00000000,0.04940500,0.00000000,0.00000000,0.00000000,0.00000000,0.00000000,0.00000000,0.00000000,0.00000000,0.00000000,0.00000000,0.00000000,0.00000000,0.00000000,0.00000000,0.00000000,0.01451442,0.00000000,0.00000000,0.00000000,0.00000000,0.00000000,0.00000000,0.00000000,0.00000000,0.00000000,0.00000000,0.00000000,0.00000000,0.00000000,0.00000000,0.00000000,0.01333764,0.00000000,0.00000000,0.00000000,0.00000000,0.00000000,0.00000000,0.00000000,0.00000000,0.00000000,0.00000000,0.00000000,0.00000000,0.00000000,0.00000000,0.00000000,0.00000000,0.00000000,0.00000000,0.00000000,0.00000000,0.00000000,0.00000000,0.00000000,0.00000000,0.05127485,0.00000000,0.00000000,0.00000000,0.00000000,0.00000000,0.00000000,0.00000000,0.00000000,0.00000000,0.00511291,0.00000000,0.00000000,0.00000000,0.00000000,0.00000000,0.00000000,0.00000000,0.00000000,0.00000000,0.00000000,0.00000000,0.00000000,0.00000000,0.00000000,0.00000000,0.00000000,0.00000000,0.00000000,0.00000000,0.00000000,0.00000000,0.02212716,0.00000000,0.00000000,0.00000000,0.00343663,0.00000000,0.00000000,0.00000000,0.00000000,0.00875387,0.00000000,0.00000000,0.00000000,0.00000000,0.00000000,0.00000000,0.00000000,0.00000000,0.00000000,0.00000000,0.00000000,0.00000000,0.00000000,0.00000000,0.31255885,0.00000000,0.00000000,0.00000000,0.00000000,0.00000000,0.00000000,0.00000000,0.00439755,0.00000000,0.00000000,0.00000000,0.00000000,0.00000000,0.00000000,0.00000000,0.00000000,0.00484214,0.00414290,0.00000000,0.00000000,0.00000000,0.00000000,0.00000000,0.10891485,0.00000000,0.00419380,0.00000000,0.00000000,0.00000000,0.00000000,0.00000000,0.00000000,0.00000000,0.00000000,0.00000000,0.00288874,0.00000000,0.00000000,0.00000000,0.00100645,0.00000000,0.00000000,0.00000000,0.00000000,0.00000000,0.00000000,0.00000000,0.00000000,0.00000000,0.00000000,0.00000000,0.00000000,0.00000000,0.00000000,0.00000000,0.00000000,0.00000000,0.00000000,0.00000000,0.00000000,0.00332942,0.00000000,0.00000000,0.03032059,0.00000000,0.00000000,0.00000000,0.00000000,0.00000000,0.00000000,0.00000000,0.00000000,0.00000000,0.00000000,0.00000000,0.00000000,0.00000000,0.00000000,0.00000000,0.00000000,0.00000000,0.00000000,0.00000000,0.00000000,0.00000000,0.00000000,0.00000000,0.00000000,0.00000000,0.00000000,0.00000000,0.00000000,0.00000000,0.00000000,0.00000000,0.00000000,0.00000000,0.00000000,0.00000000,0.00000000,0.00000000,0.00000000,0.00000000,0.00000000,0.00000000,0.00000000,0.00000000,0.00000000,0.00000000,0.00000000,0.00000000,0.00000000,0.00000000,0.00000000,0.00000000,0.00500206,0.00000000,0.00000000,0.03086000,0.00000000,0.00000000,0.00000000,0.00000000,0.00000000,0.00000000,0.00000000,0.00000000,0.00000000,0.00000000,0.00000000,0.00000000,0.00000000,0.00000000,0.00000000,0.00780124,0.00000000,0.00000000,0.00000000,0.00216997,0.00000000,0.00000000,0.00000000,0.00000000,0.00361309,0.00000000,0.00000000,0.00000000,0.00000000,0.00000000,0.00000000,0.00000000,0.00000000,0.00092791,0.00171291,0.00180323,0.00000000,0.00903059,0.00000000,0.00000000,0.00000000,0.00000000,0.00000000,0.00000000,0.00000000,0.00000000,0.00000000,0.00000000,0.00000000,0.00000000,0.00000000,0.00000000,0.00000000,0.00000000,0.00000000,0.00000000,0.00000000,0.00000000,0.00000000,0.00000000,0.00000000,0.00000000,0.00000000,0.00398847,0.00000000,0.00000000,0.00000000,0.01106833,0.00000000,0.12178123,0.00000000,0.00000000,0.00000000,0.00000000,0.00000000,0.00000000,0.00000000,0.00097263,0.00000000,0.00000000,0.00000000,0.00000000,0.00000000,0.00000000,0.00000000,1.05118778,0.00000000,0.01112177,0.00000000,0.00000000,0.00000000,0.00000000,0.01117148,0.00000000,0.00678200,0.00000000,0.00000000,0.00000000,0.00000000,0.02431519,0.00379622,0.00000000,0.00000000,0.00000000,0.00000000,0.00000000,0.00000000,0.00000000,0.00000000,0.00000000,0.00000000,0.00000000,0.00000000,0.00000000,0.00000000,0.00000000,0.00000000,0.00493782,0.00000000,0.00000000,0.00574845,0.00000000,0.00000000,0.00000000,0.00000000,0.00000000,0.00819937,0.00000000,0.00000000,0.00000000,0.00000000,0.00000000,0.03959120,0.04430737,0.00000000,0.00175583,0.00000000,0.00000000,0.00000000,0.00000000,0.00195244,0.00000000,0.00000000,0.00000000,0.00000000,1.00365656,0.00660087,0.00000000,0.03020625,0.00000000,0.00146943,0.00000000,0.00000000,0.00000000,0.00187850,0.00000000,0.00000000,0.00000000,0.06976557,0.00000000,0.00000000,0.00000000,0.00217910,0.00730920,0.02154168,0.00000000,0.00000000,0.00000000,0.00000000,0.05114015,0.00000000,0.00000000,0.00000000,0.01550320,0.00000000,0.02309198,0.00000000,0.00000000,0.00000000,0.00000000,0.00764614,0.00000000,0.00000000,0.00000000,0.00000000,0.00000000,0.00000000,0.00000000,0.00000000,0.00000000,0.00000000,0.00000000,0.00000000,0.00000000,0.00000000,0.00000000,0.00000000,0.00000000,0.00000000,0.00000000,0.00000000,0.00000000,0.00000000,0.00094922,0.00611697,0.00000000,0.00000000,0.00000000,0.00000000,0.00000000,0.00000000,0.00000000,0.00000000,0.00000000,0.00000000,0.00000000,0.00000000,0.00000000,0.00000000,0.00000000,0.00000000,0.36549324,0.00000000,0.00000000,0.00000000,0.00000000,0.00000000,0.00000000,0.00000000,0.00000000,0.00000000,0.00000000,0.00402366,0.00000000,0.00224784,0.00000000,0.00000000,0.03029379,0.00000000,0.00000000,0.00000000,0.00000000,0.00000000,0.00000000,0.00000000,0.00000000,0.00000000,0.00000000,0.00000000,0.01833091,0.00000000,0.24612388,0.01321367,0.00000000,0.00000000,0.00000000,0.00000000,0.04462637,0.00000000,0.00757679,0.00000000,0.00000000,0.00000000,0.00000000,0.00000000,0.00000000,0.04340185,0.00000000,0.00000000,0.08194028,0.00000000,0.00000000,0.00000000,0.00000000,0.00000000,0.00000000,0.00249923,0.00590321,0.00000000,0.00000000,0.00000000,0.00062310,0.00000000,0.00000000,0.00414286,0.00000000,0.00000000,0.00000000,0.00000000,0.00000000,0.00587295,0.00000000,0.00000000,0.00000000,0.00000000,0.00000000,0.00000000,0.00000000,0.00000000,0.03742785,0.00000000,0.00000000,0.00000000,0.01527883,0.00486310,0.00000000,0.00000000,0.00625423,0.00000000,0.00000000,0.00000000,0.00000000,0.00000000,0.00000000,0.00000000,0.00276108,0.00000000,0.00000000,0.00000000,0.00000000,0.00000000,0.00000000,0.00000000,0.00000000,0.00000000,0.00000000,0.00000000,0.00000000,0.00000000,0.00000000,0.00000000,0.00000000,0.00000000,0.00000000,0.13724590,0.00000000,0.00000000,0.00000000,0.00000000,0.00000000,0.00000000,0.00315405,0.00000000,0.00000000,0.00000000,0.00000000,0.00000000,0.00000000,0.00000000,0.00000000,0.00000000,0.00000000,0.00000000,0.01198314,0.00000000,0.00000000,0.00000000,0.00000000,0.00000000,0.00591411,0.00000000,0.00000000,0.00112894,0.00000000,0.00000000,0.00000000,0.00000000,0.00000000,0.00000000,0.00000000,0.00000000,0.00000000,0.00496546,0.00000000,0.00000000,0.00844249,0.00216295,0.00000000,0.00000000,0.00982543,0.00000000,0.00000000,0.00000000,0.00000000,0.00000000,0.00000000,0.00000000,0.00000000,0.00000000,0.01873617,0.00000000,0.00000000,0.00000000,0.00000000,0.00652577,0.00000000,0.00000000,0.00000000,0.00000000,0.00000000,0.00000000,0.00000000,0.00000000,0.00000000,0.00000000,0.00119939,0.00000000,0.00353648,0.00000000,0.00000000,0.00000000,0.00098901,0.00000000,0.00000000,0.00000000,0.00000000,0.00000000,0.00000000,0.00000000,0.00000000,0.00000000,0.00000000,0.00000000,0.00000000,0.00000000,0.00353086,0.00000000,0.00000000,0.00000000,0.00000000,0.00000000,0.00000000,0.00000000,0.01402782,0.00000000,0.00000000,0.00000000,0.00000000,0.00000000,0.00000000,0.00000000,0.00000000,0.01000442,0.00000000,0.00000000,0.00000000,0.00343433,0.00000000,0.00000000,0.00000000,0.00000000,0.00000000,0.00000000,0.00000000,0.00000000,0.00000000,0.00000000,0.00000000,0.00000000,0.00000000,0.00000000,0.00513380,0.83492103,0.00000000,0.02431311,0.00000000,0.00000000,0.00000000,0.00000000,0.00000000,0.08885716,0.00000000,0.00000000,0.00897018,0.00000000,0.00000000,0.00000000,0.00000000,0.00399673,0.00000000,0.00000000,0.00000000,0.00000000,0.00000000,0.00000000,0.00000000,0.00000000,0.00000000,0.00000000,0.00000000,0.00000000,0.00000000,0.00000000,0.00000000,0.00000000,0.00000000,0.00000000,0.00000000,0.00000000,0.05538722,0.00906353,0.00000000,0.00000000,0.00000000,0.00000000
0.00000000,0.02244243,0.00281976,0.00000000,0.00000000,0.00269762,0.00000000,0.00000000,0.00000000,0.00000000,0.00000000,0.00000000,0.00000000,0.00000000,0.00000000,0.00000000,0.00000000,0.00000000,0.00000000,0.00250885,0.00000000,0.00000000,0.01305059,0.00716581,0.00000000,0.00000000,0.00000000,0.00000000,0.00205331,0.01221960,0.00000000,0.00000000,0.00000000,0.00000000,0.00000000,0.00000000,0.00000000,0.00000000,0.00000000,0.01698161,0.00000000,0.00000000,0.00000000,0.00000000,0.00000000,0.00000000,0.00000000,0.22637577,0.00000000,0.00000000,0.00000000,0.00000000,0.00000000,0.00000000,0.00000000,0.00000000,0.00000000,0.00000000,0.00000000,0.00000000,0.00000000,0.01269731,0.00000000,0.00000000,0.00000000,0.00000000,0.00146982,0.00000000,0.00000000,0.00000000,0.00000000,0.00000000,0.00000000,0.00000000,0.00000000,0.00000000,0.00689072,0.00000000,0.00000000,0.00000000,0.00000000,0.00000000,0.00000000,0.01566602,0.00000000,0.00000000,0.00000000,0.02826224,0.00000000,0.00000000,0.00000000,0.00000000,0.01142646,0.00000000,0.00000000,0.00000000,0.00000000,0.00000000,0.00000000,0.00000000,0.00000000,0.00000000,0.00000000,0.00000000,0.00000000,0.00000000,0.00000000,0.00000000,0.00000000,0.00000000,0.00000000,0.00000000,0.00000000,0.00000000,0.00000000,0.00063746,0.00000000,0.00000000,0.00000000,0.21969466,0.00000000,0.01023531,0.00000000,0.00000000,0.00000000,0.00000000,0.00000000,0.00000000,0.00000000,0.00000000,0.00000000,0.00000000,0.00000000,0.00000000,0.00000000,0.00000000,0.00000000,0.00000000,0.00000000,0.00000000,0.00000000,0.00000000,0.00000000,0.00000000,0.00000000,0.00000000,0.00000000,0.00000000,0.00000000,0.01047400,0.00000000,0.00000000,0.00000000,0.00000000,0.00000000,0.00000000,0.00000000,0.00000000,0.00000000,0.00336224,0.03662022,2.22006441,0.00000000,0.04301197,0.00000000,0.00000000,0.00000000,0.00000000,0.00000000,0.00000000,0.00000000,0.00000000,0.00000000,0.00000000,0.00000000,0.00000000,0.00000000,0.00000000,0.02966473,0.00000000,0.00000000,0.00000000,0.00000000,0.00000000,0.00000000,0.00000000,0.00000000,0.00000000,0.00000000,0.00000000,0.00000000,0.00000000,0.00000000,0.00000000,0.00000000,0.00000000,0.00000000,0.00000000,0.00000000,1.34067001,0.02334266,0.00000000,0.00000000,0.01021068,0.00000000,0.01515978,0.00000000,0.00000000,0.00000000,0.00000000,0.00000000,0.00095239,0.00000000,0.00735437,0.00000000,0.00000000,0.00000000,0.00000000,0.00000000,0.00000000,0.00000000,0.00000000,0.00000000,0.00112215,0.00000000,0.00000000,0.00000000,0.00000000,0.00000000,0.00000000,0.00000000,0.00000000,0.00405551,0.00000000,0.00000000,0.00000000,0.00000000,0.00154623,0.00000000,0.00000000,0.00000000,0.00000000,0.00000000,0.00000000,0.00000000,0.00000000,0.03536707,0.10049199,0.00706057,0.02927775,0.00000000,0.00000000,0.00000000,0.00000000,0.00000000,0.00000000,0.00000000,0.00000000,0.00000000,0.00000000,0.00000000,0.00000000,0.00000000,0.00000000,0.00000000,0.00000000,0.00000000,0.00000000,0.00000000,0.00000000,0.00803414,0.00000000,0.00000000,0.00000000,0.00265746,0.00000000,0.00000000,0.00000000,0.00000000,0.00000000,0.00000000,0.00370414,0.00000000,0.00000000,0.00000000,0.00000000,0.00000000,0.00000000,0.00000000,0.00000000,0.01191162,0.00051628,0.00000000,0.00000000,0.00000000,0.00000000,0.00000000,0.00000000,0.00000000,0.00000000,0.00000000,0.00000000,0.00000000,0.00000000,0.00000000,0.00000000,0.00000000,0.00000000,0.00000000,0.00000000,0.00437044,0.00000000,0.01074467,0.00000000,0.00000000,0.00000000,0.00000000,0.00000000,0.00000000,0.00000000,0.00000000,0.00000000,0.00000000,0.00000000,0.00000000,0.00093803,0.00000000,0.00000000,0.00000000,0.00000000,0.00000000,0.04620431,0.00000000,0.00000000,0.00000000,0.00000000,0.00000000,0.00000000,0.00000000,0.00000000,0.00000000,0.00667909,0.00000000,0.00000000,0.00000000,0.00000000,0.19732434,0.00000000,0.00000000,0.00000000,0.00000000,0.00000000,0.00000000,0.00000000,0.00000000,0.00000000,0.00000000,0.00000000,0.00000000,0.00000000,0.00000000,0.00000000,0.00000000,0.01772803,0.00000000,0.00000000,0.00000000,0.00000000,0.00000000,0.01638652,0.00489644,0.17101146,0.00000000,0.00000000,0.00000000,0.00000000,0.00061575,0.00000000,0.00000000,0.00000000,0.00000000,0.00000000,0.00000000,0.02427657,0.00000000,0.00000000,0.00000000,0.00103488,0.00000000,0.00000000,0.00498248,0.00000000,0.00000000,0.00000000,0.00000000,0.00000000,0.00000000,0.00000000,0.00297011,0.00000000,0.00000000,0.01011585,0.00000000,0.00000000,0.00000000,0.00000000,0.00000000,0.01731518,0.00000000,0.00000000,0.00000000,0.00000000,0.00000000,0.00000000,0.00000000,0.00000000,0.00000000,0.00000000,0.00000000,0.00000000,0.00000000,0.00191245,0.00000000,0.00191075,0.00187188,0.00000000,0.00000000,0.00000000,0.00270747,0.00000000,0.00000000,0.00000000,0.00000000,0.00000000,0.00939859,0.00000000,0.00000000,0.00000000,0.00000000,0.00000000,0.00000000,0.00000000,0.00000000,0.00000000,0.00218463,0.01437008,0.01520972,0.00000000,0.00000000,0.00000000,0.00000000,0.00000000,0.00000000,0.00000000,0.00000000,0.00000000,0.00000000,0.00000000,0.00000000,0.00000000,0.00488492,0.00000000,0.00000000,0.00000000,0.00000000,0.00000000,0.00000000,0.00524083,0.00000000,0.00000000,0.00000000,0.00000000,0.01002461,0.00000000,0.00208093,0.00000000,0.00000000,0.00000000,0.00000000,0.00000000,0.00000000,0.00000000,0.00000000,0.00000000,0.00000000,0.00000000,0.00000000,0.00000000,0.00000000,0.00000000,0.00000000,0.02873045,0.00184427,0.00000000,0.00000000,0.00000000,0.00000000,0.00000000,0.00000000,3.93576935,0.00000000,0.00000000,0.00000000,0.00000000,0.00000000,0.00000000,0.00000000,0.00000000,0.04107323,0.00000000,0.00000000,0.00000000,0.00315402,0.00000000,0.01568931,0.00000000,0.00000000,0.00000000,0.00000000,0.00000000,0.00000000,0.00000000,0.03921529,0.00000000,0.00000000,0.00000000,0.00307869,0.00000000,0.00000000,0.38591941,0.00000000,0.00000000,0.00000000,0.00000000,0.00000000,0.01104712,0.00000000,0.00000000,0.00000000,0.02528000,0.00000000,0.00000000,0.00000000,0.00000000,0.00000000,0.00000000,0.00000000,0.00000000,0.00000000,0.00000000,0.00000000,0.00000000,0.00000000,0.00426427,0.00000000,0.00000000,0.00000000,0.12551962,0.00000000,0.00000000,0.00000000,0.00000000,0.00000000,0.00000000,0.00000000,0.00000000,0.00000000,0.00000000,0.00321448,0.00000000,0.00000000,0.00000000,0.00000000,0.00000000,0.00000000,0.00000000,0.00000000,0.00092339,0.00000000,0.00225090,0.00000000,0.00000000,0.00000000,0.00000000,0.00000000,0.00000000,0.00116982,0.00000000,0.00000000,0.00000000,0.00000000,0.00000000,0.00000000,0.00000000,0.00641542,0.00000000,0.00000000,0.00000000,0.00000000,0.00000000,0.00000000,0.00000000,0.00000000,0.00283688,0.00000000,0.00000000,0.00000000,0.00000000,0.00520560,0.00000000,0.00000000,0.00000000,0.00000000,0.00000000,0.00000000,0.00000000,0.00000000,0.00000000,0.00000000,0.00000000,0.00000000,0.00316644,0.00000000,0.00000000,0.00000000,0.00000000,0.00000000,0.00000000,0.00000000,0.00000000,0.00000000,0.00000000,0.00000000,0.03802525,0.00000000,0.00000000,0.00000000,0.00000000,0.00000000,0.00000000,0.00000000,0.00000000,0.00000000,0.00000000,0.00000000,0.06941926,0.00000000,0.00000000,0.00000000,0.00000000,0.01064525,0.00000000,0.00000000,0.00000000,0.00000000,0.04249245,0.00000000,0.00000000,0.00000000,0.00000000,0.00000000,0.00000000,0.00000000,0.00000000,0.00000000,0.00000000,0.00000000,0.00000000,0.00000000,0.00000000,0.00000000,0.00000000,0.03057907,0.00000000,0.00000000,0.00000000,0.00000000,0.00000000,0.00000000,0.00000000,0.00000000,0.00000000,0.00000000,0.00000000,0.00000000,0.00000000,0.00000000,0.00000000,0.00202140,0.00000000,0.00000000,0.00000000,0.00000000,0.00000000,0.00000000,0.00000000,0.00000000,0.00000000,0.00000000,0.00999182,0.00000000,0.00000000,0.00000000,0.00688625,0.00000000,0.00000000,0.00000000,0.00000000,0.00000000,0.00000000,0.00000000,0.02909852,0.00000000,0.00081400,0.00000000,0.00701199,0.00000000,0.00000000,0.00341554,0.00000000,0.00000000,0.00000000,0.00000000,0.00000000,0.00000000,0.00000000,0.00000000,0.00000000,0.00000000,0.00000000,0.00000000,0.00000000,0.00000000,0.00000000,0.00000000,0.00000000,0.00000000,0.00000000,0.00000000,0.00000000,0.01190209,0.00000000,0.00000000,0.00000000,0.00000000,0.00000000,0.00000000,0.00400075,0.00000000,0.00000000,2.72700670,0.00000000,0.00000000,0.00000000,0.00000000,0.00000000,0.00000000,0.00000000,0.00000000,0.01992879,0.00000000,0.00000000,0.00000000,0.00000000,0.00000000,0.00000000,0.00000000,0.00000000,0.00000000,0.00000000,0.34287081,0.00000000,0.00000000,0.00000000,0.00255435,0.00000000,0.02371415,0.00000000,0.00000000,0.00000000,0.00000000,0.00138533,0.00000000,0.00000000,0.00000000,0.00000000,0.00000000,0.00000000,0.00000000,0.00000000,0.00991809,0.00000000,0.00000000,0.00000000,0.00000000,0.00000000,0.00000000,0.00000000,0.00000000,0.00000000
0.01749293,0.00000000,0.00000000,0.00000000,0.00000000,0.00000000,0.00000000,0.00000000,0.00000000,0.00000000,0.00000000,0.00000000,0.00387259,0.00000000,0.01242567,1.12370734,0.00000000,0.00000000,0.99579313,0.00000000,0.00000000,0.00000000,0.00000000,0.00200893,0.00000000,0.00000000,0.00000000,0.00000000,0.00000000,0.00000000,0.00000000,0.00000000,0.00000000,0.00000000,0.00000000,0.00000000,0.00000000,0.00000000,0.00648648,0.00000000,0.00000000,0.00000000,0.00000000,0.00000000,0.00000000,0.00000000,0.00000000,0.00000000,0.00000000,0.00000000,0.00000000,0.00000000,0.00000000,0.00000000,0.00000000,0.00000000,0.00000000,0.00916722,0.00000000,0.00000000,0.00000000,0.00000000,0.00000000,0.00000000,0.00000000,0.00000000,0.00000000,0.00000000,0.07811856,0.00000000,0.01779727,0.00000000,0.00000000,0.00000000,0.00000000,0.00000000,0.00000000,0.00000000,0.00000000,0.00000000,0.00000000,0.00000000,0.00000000,0.02288810,0.00000000,0.01209643,0.00000000,0.00000000,0.00000000,0.00000000,0.00000000,0.00000000,0.00000000,0.04940638,0.00000000,0.00000000,0.00000000,0.00000000,0.00000000,0.00000000,0.00000000,0.00000000,0.00000000,0.00000000,0.00000000,0.00410955,0.00000000,0.00000000,0.00000000,0.00000000,0.00000000,0.00173948,0.00000000,0.00000000,0.03500333,0.00000000,0.00000000,0.00000000,0.00000000,0.00000000,0.00000000,0.00000000,0.00000000,0.00000000,0.00000000,0.00000000,0.00000000,0.00000000,0.00000000,0.00000000,0.00000000,0.00225526,0.00000000,0.07038349,0.00000000,0.00000000,0.00000000,0.01721141,0.00000000,0.00000000,0.00000000,0.00000000,0.00000000,0.00000000,0.00000000,0.00000000,0.10066908,0.00000000,0.00000000,0.00000000,0.00000000,0.05514512,0.00387990,0.01015115,0.00000000,0.00000000,0.00085599,0.00000000,0.00000000,0.00156529,0.00000000,0.00000000,0.00000000,0.00000000,0.01695488,0.00251308,0.00000000,0.00000000,0.00000000,0.00000000,0.00000000,0.00000000,0.52861958,0.00000000,0.00854605,0.00000000,0.00000000,0.00000000,0.00000000,0.00000000,2.45775523,1.75780549,0.00000000,0.00000000,0.00000000,0.00099310,0.00000000,0.00000000,0.00000000,0.00000000,0.00000000,0.00000000,0.00000000,0.00000000,0.00000000,0.00000000,0.00000000,0.00000000,0.00000000,0.00000000,0.00000000,0.00000000,0.00000000,0.00000000,0.00000000,0.00000000,0.00000000,0.00000000,0.00250355,0.00000000,0.00000000,0.00491260,0.00000000,0.00000000,0.00885841,0.00000000,0.00000000,0.00000000,0.00000000,0.00000000,0.00363826,0.00000000,0.00528851,0.00000000,0.00329607,0.00000000,0.00000000,0.00063072,0.02046656,0.00000000,0.00000000,0.00000000,0.00000000,0.00000000,0.00000000,0.00188462,0.00000000,0.00000000,0.00000000,0.00000000,0.00000000,0.00000000,0.00000000,0.00000000,0.00000000,0.00000000,0.00000000,0.00000000,0.00000000,0.00000000,0.00000000,0.00384712,0.00000000,0.00000000,0.00000000,0.00000000,0.00000000,0.00638167,0.00000000,0.00000000,0.00000000,0.00000000,0.00000000,0.00000000,0.00000000,0.00000000,0.00506732,0.00000000,0.00000000,0.00442965,0.00668976,0.00000000,0.07191104,0.00000000,0.00000000,0.00000000,0.00000000,0.00000000,0.00000000,0.01261123,0.00000000,0.00000000,0.00000000,0.01548958,0.00000000,0.00000000,0.00000000,0.00000000,0.00000000,0.00000000,0.00000000,0.00000000,0.00000000,0.00000000,0.00000000,0.00000000,0.00000000,0.00000000,0.00000000,0.00000000,0.00000000,0.00000000,0.00000000,0.00000000,0.00000000,0.00000000,0.00000000,0.00000000,0.00000000,0.00000000,0.00000000,0.00000000,0.00000000,0.00000000,0.00000000,0.01059367,0.00770265,0.00000000,0.00000000,0.00000000,0.08132447,0.00000000,0.01920782,0.00000000,0.00000000,0.00000000,0.00000000,0.00000000,0.00000000,0.00000000,0.00249401,0.00173241,0.00000000,0.00000000,0.00308122,0.00000000,0.00000000,0.00000000,0.00000000,0.05392488,0.03034886,0.00000000,0.01733562,0.00000000,0.00000000,0.01986112,0.00000000,0.00000000,0.01148049,0.00000000,0.00000000,0.00000000,0.00000000,0.00000000,0.00000000,0.00000000,0.00000000,0.00000000,0.01091042,0.00000000,0.00651286,0.00000000,0.00000000,0.00000000,0.00000000,0.00000000,0.01216753,0.00000000,0.00000000,0.00000000,0.00000000,0.00000000,0.04234080,0.00000000,0.00000000,0.00000000,0.00000000,0.00000000,0.00000000,0.00000000,0.00000000,0.00000000,0.00000000,0.00000000,0.00000000,0.00000000,0.00000000,0.00000000,0.00000000,0.00000000,0.00000000,0.00000000,0.00000000,0.00000000,0.00000000,0.01747286,0.00000000,0.00000000,0.00000000,0.00000000,0.00000000,0.06939514,0.00000000,0.00000000,0.00000000,0.00000000,0.00108264,0.00000000,0.00000000,0.00000000,0.00000000,0.01096097,0.00000000,0.03794456,0.00000000,0.00000000,0.00000000,0.00000000,0.00000000,0.00000000,0.00000000,0.00000000,0.00000000,0.00000000,0.00000000,0.01205950,0.00000000,0.00000000,0.00000000,0.00000000,0.00000000,0.00000000,0.00000000,0.00000000,0.00000000,0.00000000,0.00000000,0.00000000,0.00000000,0.00000000,0.00000000,0.10739612,0.00324931,0.06780779,0.00000000,0.00000000,0.00000000,0.00531756,0.00000000,0.01061745,0.00000000,0.00000000,0.00000000,0.00000000,0.00000000,0.00000000,0.00000000,0.00000000,0.00000000,0.00000000,0.07602798,0.00000000,0.00000000,0.00731812,0.00000000,0.00000000,0.00000000,0.00000000,0.00000000,0.00000000,0.02051980,0.00000000,0.00000000,0.00000000,0.02061603,0.00000000,0.00000000,0.00000000,0.00000000,0.00000000,0.00000000,0.01960929,0.00000000,0.00000000,0.00000000,0.02789559,0.00000000,0.00000000,0.00000000,0.00000000,0.00000000,0.00000000,0.00000000,0.00000000,0.00000000,0.00000000,0.00000000,0.00000000,0.00000000,0.16448511,0.00000000,0.00595874,0.00000000,0.00000000,0.00000000,0.00000000,0.00000000,0.00000000,0.00000000,0.00000000,0.00000000,0.01130812,0.00000000,0.00000000,0.00000000,0.00000000,0.00000000,0.00000000,0.00000000,0.00000000,0.00000000,0.00000000,0.00000000,0.00000000,0.00000000,0.00000000,0.00000000,0.00000000,0.02417413,0.00000000,0.00084309,0.00000000,0.00173827,0.00000000,0.00000000,0.00000000,0.00000000,0.00000000,0.00000000,0.00000000,0.00909151,0.00000000,0.00000000,0.00000000,0.00329315,0.00000000,0.00000000,0.00000000,0.00000000,0.00000000,0.00000000,0.00000000,0.00000000,0.00733736,0.00000000,0.00000000,0.00000000,0.04404399,0.00000000,0.00000000,0.00000000,0.00000000,0.00000000,0.00000000,0.00000000,0.00000000,0.00000000,0.00000000,0.00000000,0.00000000,0.01267245,0.00000000,0.00000000,1.35742285,0.00683724,0.00000000,0.00000000,0.00000000,0.00000000,0.00000000,0.00000000,0.00000000,0.00000000,0.00000000,0.00000000,0.00000000,0.00000000,0.00000000,0.00000000,0.00000000,0.00000000,0.00000000,0.00000000,0.00000000,0.00000000,0.00000000,0.00000000,0.00000000,0.00000000,0.00000000,0.00000000,0.00000000,0.00000000,0.00000000,0.00000000,0.00000000,0.00000000,0.00000000,0.00000000,0.00000000,0.00167379,0.00186722,0.00000000,0.00000000,0.00000000,0.00000000,0.00000000,0.00000000,0.00000000,0.00000000,0.00000000,0.00000000,0.00000000,0.00000000,0.00000000,0.00000000,0.00823395,0.00000000,0.00000000,0.00000000,0.00000000,0.00000000,0.00000000,0.00000000,0.00000000,0.00088898,0.00000000,0.00000000,0.00000000,0.00000000,0.00000000,0.00000000,0.00000000,0.00000000,0.00000000,0.00000000,0.00000000,0.00000000,0.23903766,0.00000000,0.00000000,0.00518353,0.00000000,0.00000000,0.00000000,0.00000000,0.00000000,0.00000000,0.00000000,0.00000000,0.00000000,0.01077729,0.00000000,0.00000000,0.00000000,0.00000000,0.00000000,0.00000000,0.00000000,0.00000000,0.00000000,0.00000000,0.00000000,0.00000000,0.00000000,0.00000000,0.00000000,0.00000000,0.00000000,0.00000000,0.00000000,0.00000000,0.00000000,0.00000000,0.00303424,0.00000000,0.01234107,0.00000000,0.00000000,0.00000000,0.00000000,0.00000000,0.00000000,0.00000000,0.00000000,0.00000000,0.00000000,0.00000000,0.00000000,0.00000000,0.00000000,0.00000000,0.03422310,0.00000000,0.00000000,0.00000000,0.00000000,0.00000000,0.00000000,0.00000000,0.00000000,0.00000000,0.00000000,0.00000000,0.02556843,0.00000000,0.00000000,0.00280468,0.00000000,0.00000000,0.00000000,0.00000000,0.00000000,0.00000000,0.00000000,0.00000000,0.00000000,0.00000000,0.00000000,0.00000000,0.00000000,0.00000000,0.00000000,0.00000000,0.00000000,0.00000000,0.00000000,0.00000000,0.00000000,0.00000000,0.00000000,0.00000000,0.00000000,0.00000000,0.00000000,0.00000000,0.00000000,0.00000000,0.00000000,0.00000000,0.00000000,0.00000000,0.00000000,0.00000000,0.00000000,0.00000000,0.00000000,0.00000000,0.00000000,0.00000000,0.00000000,0.00302018,0.00000000,0.23919510,0.00000000,0.00116674,0.00000000,0.00000000,0.00000000,0.00000000,0.00000000,0.00000000,0.00000000,0.00000000,0.00000000,0.00000000,0.00000000,0.00000000,0.00000000,0.00000000,0.00000000,0.00000000,0.02725577,0.00000000,0.00000000,0.00000000,0.00000000,0.00000000,0.00000000,0.00000000,0.00000000,0.01118862,0.05413056,0.00000000,0.00378174,0.00000000,0.00000000,0.00000000,0.00000000,0.00000000
0.00460737,0.00000000,0.00603042,0.00000000,0.00000000,0.15420472,0.00000000,0.00000000,0.00000000,0.00000000,0.00000000,0.00000000,0.00000000,0.00000000,0.00000000,0.00000000,0.00000000,0.00000000,0.00000000,0.00000000,0.00000000,0.00000000,0.00000000,0.00000000,0.00000000,0.05527540,0.00000000,0.00000000,0.00000000,0.00000000,0.00000000,0.00000000,0.00000000,0.00000000,0.00000000,0.00000000,0.00000000,0.00997186,0.00000000,0.00000000,0.00000000,0.00000000,0.00000000,0.00000000,0.00000000,0.00000000,0.00000000,0.00000000,0.00000000,0.00000000,0.00000000,0.00329831,0.00000000,0.00000000,0.03966809,0.00000000,0.00000000,0.00000000,0.00000000,0.00000000,0.00000000,0.00000000,0.00000000,0.00000000,0.00000000,0.00297374,0.01005014,0.00000000,0.00000000,0.00000000,0.14985267,0.00000000,0.00000000,0.00000000,0.00000000,0.00748038,0.00000000,0.00000000,0.00000000,0.00000000,0.01315815,0.00000000,0.00000000,0.00000000,0.00000000,0.00417571,0.00000000,0.00000000,0.00000000,0.00000000,0.00000000,0.00000000,0.00000000,0.00000000,0.00000000,0.00000000,0.00000000,0.00000000,0.00000000,0.00000000,0.00000000,0.00000000,0.00599489,0.00000000,0.00000000,0.00000000,0.00000000,0.00000000,0.00000000,0.00000000,0.00000000,0.00000000,0.00000000,0.00308945,0.00728292,0.00259046,0.00000000,0.00000000,0.00000000,0.00000000,0.00000000,0.00000000,0.00000000,0.00000000,0.00000000,0.00543811,0.00000000,0.00000000,0.00000000,0.00000000,0.00000000,0.00000000,0.00000000,0.00000000,0.00000000,0.00332828,0.00000000,0.00000000,0.00000000,0.00000000,0.00000000,0.00000000,0.00000000,0.00000000,0.00000000,0.00000000,0.06492801,0.00000000,0.00111459,0.00000000,0.00000000,0.00000000,0.00000000,0.12675173,0.00000000,0.00000000,0.00684104,0.00000000,0.01685723,0.00000000,0.00000000,0.00000000,0.00000000,0.00000000,0.00000000,0.00000000,0.00000000,0.00276169,0.00000000,0.00000000,0.00188886,0.00000000,0.00000000,0.00000000,0.00000000,0.00000000,0.00000000,0.00000000,0.00637784,0.03248747,0.00000000,0.00000000,0.00000000,0.00000000,0.02097471,0.00000000,0.00000000,0.00000000,0.00000000,0.00000000,0.00000000,0.00000000,0.00000000,0.00000000,0.00000000,0.00000000,0.00000000,0.00000000,0.00210931,0.00000000,0.00000000,0.00000000,0.00000000,0.00000000,0.00000000,0.00237177,0.00000000,0.00604372,0.00000000,0.00000000,0.00000000,0.00000000,0.00000000,0.00169497,0.00000000,0.00000000,0.00000000,0.00000000,0.00000000,0.15518981,0.00539192,0.00000000,0.00000000,0.00000000,0.00000000,0.00000000,0.00000000,0.17529301,0.00000000,0.00000000,0.01200131,0.00000000,0.00000000,0.00000000,0.00000000,0.00000000,0.01563259,0.00253562,0.00000000,0.00000000,0.01210866,0.06356266,0.00000000,0.02093222,0.00000000,0.00000000,0.00000000,0.00000000,0.00000000,0.00000000,0.00000000,0.00000000,0.00000000,0.00000000,0.00000000,0.00000000,0.00000000,0.00000000,0.00000000,0.00000000,0.00000000,0.00000000,0.00000000,0.22657623,0.01962480,0.00000000,0.00000000,0.00000000,0.00817096,0.00000000,0.00000000,0.00000000,0.00000000,0.00000000,0.00000000,0.00081157,0.00000000,0.00000000,0.00000000,0.00000000,0.00000000,0.02256576,0.00000000,0.00000000,0.00000000,0.00000000,0.00000000,0.00000000,0.00350284,0.00000000,0.00000000,0.00000000,0.00000000,0.00000000,0.03659984,0.00000000,0.00000000,0.00000000,0.00000000,0.00000000,0.00000000,0.00000000,0.00000000,0.00000000,0.00000000,0.00000000,0.00000000,0.00000000,0.00000000,0.00000000,0.00000000,0.00000000,0.00000000,0.00000000,0.00000000,0.00000000,0.00000000,0.00000000,0.00000000,0.00000000,0.00000000,0.00143682,0.00000000,0.00000000,0.00000000,0.00000000,0.00000000,0.00000000,0.00000000,0.00000000,0.00000000,0.03799233,0.00000000,0.00000000,0.00000000,0.00000000,0.00000000,0.00653923,0.00000000,0.00000000,0.00000000,0.00000000,0.00000000,0.00000000,0.00000000,0.00000000,0.00000000,0.00000000,0.00000000,0.00000000,0.00000000,0.00269665,0.00000000,0.00000000,0.00000000,0.00000000,0.00000000,0.00884362,0.00000000,0.00000000,0.00000000,0.00000000,0.01628421,0.00000000,0.00000000,0.00000000,0.00000000,0.00000000,0.00000000,0.00000000,0.00000000,0.00000000,0.00000000,0.00000000,0.00000000,0.00000000,0.00000000,0.00000000,0.00000000,0.00000000,0.00000000,0.00000000,0.00000000,0.00000000,0.00000000,0.00000000,0.00000000,0.00000000,0.00745750,0.00000000,0.00000000,0.00000000,0.00000000,0.00000000,0.00000000,0.00000000,0.00000000,0.00000000,0.00000000,0.00000000,0.01647468,0.00000000,0.00000000,0.00000000,0.00000000,0.00000000,0.00000000,0.00000000,0.00000000,0.00000000,0.00000000,0.00730646,0.00000000,0.00000000,0.14960664,0.00069469,0.00000000,0.00000000,0.00000000,0.00000000,0.00000000,0.00000000,0.00000000,0.00000000,0.00000000,0.00000000,0.00000000,0.00000000,0.00000000,0.00000000,0.00000000,0.00000000,0.00000000,0.00842734,1.14469356,0.00000000,0.00000000,0.00000000,0.00000000,0.00000000,0.00000000,0.00000000,0.00000000,0.00000000,0.00000000,0.00000000,0.00000000,0.00514531,0.00000000,0.00000000,0.00000000,0.00000000,0.00000000,0.00000000,0.00000000,0.00000000,0.00000000,0.00287901,0.00000000,0.00000000,0.00000000,0.00000000,0.00000000,0.00000000,0.00000000,0.00000000,0.00000000,0.00000000,0.00000000,0.00000000,0.00000000,0.00000000,0.00000000,0.00000000,0.00000000,0.00000000,0.00000000,0.00000000,0.00000000,0.00000000,0.00000000,0.00000000,0.00000000,0.00000000,0.00000000,0.00000000,0.00000000,0.00259273,0.03615261,0.00000000,0.00000000,0.00000000,0.00000000,0.00000000,0.00000000,0.00000000,0.00000000,0.00000000,0.00000000,0.00000000,0.00000000,0.00000000,0.62509386,0.00000000,0.00000000,0.23835919,0.00000000,0.00000000,0.00106585,0.17123509,0.00000000,0.01790950,0.00000000,0.00000000,0.00000000,0.00584692,0.00000000,0.00000000,0.00000000,0.00000000,0.00000000,0.00000000,0.00000000,0.00000000,0.00000000,0.00000000,0.00000000,0.00000000,0.00000000,0.00000000,0.00000000,0.00000000,0.00000000,0.00000000,0.00000000,0.00000000,0.00000000,0.00000000,0.01765827,0.00000000,0.00000000,0.00000000,0.00000000,0.00953652,0.00000000,0.01356330,0.00243018,0.00000000,0.00457363,0.00000000,0.00000000,0.00000000,0.00000000,0.00000000,0.00000000,0.00000000,0.00000000,0.00000000,0.00000000,0.00000000,0.01272344,0.00000000,0.00000000,0.00000000,0.00000000,0.16695380,0.00000000,0.00000000,0.00746502,0.00000000,0.00000000,0.00000000,0.00000000,0.00000000,0.00000000,0.17330470,0.00000000,0.02902340,0.00000000,0.00000000,0.00000000,0.00000000,0.00000000,0.00000000,0.01311630,0.00000000,0.00000000,0.00000000,0.00000000,0.00000000,0.00000000,0.00000000,0.00000000,0.00000000,0.01184584,0.00000000,0.00000000,0.00447623,0.00117563,0.00000000,0.00000000,0.00000000,0.00341228,0.00000000,0.00312494,0.00457215,0.02040496,0.00000000,0.00000000,0.00000000,0.00000000,0.00000000,0.00550408,0.00000000,0.00000000,0.00000000,0.00000000,0.00000000,0.00000000,0.00000000,0.00000000,0.00000000,0.00000000,0.00000000,0.00000000,0.00000000,0.00000000,0.00000000,0.05704476,0.00000000,0.69729705,0.00000000,0.00000000,0.00000000,0.07083306,0.00000000,0.00000000,0.00000000,0.00000000,0.00000000,0.00000000,0.00000000,0.00000000,0.00000000,0.00000000,0.06144801,0.00000000,0.00000000,0.00000000,0.00000000,0.00000000,0.00000000,0.00000000,0.00000000,0.00000000,0.00000000,0.00000000,0.00000000,0.00872453,0.00000000,0.00000000,0.00000000,0.00000000,0.00000000,0.00000000,0.00000000,0.00000000,0.00000000,0.00000000,0.00000000,0.00000000,0.00000000,0.00000000,0.00000000,0.00114080,0.00000000,0.00000000,0.00088699,0.00000000,0.24919622,0.00000000,0.00000000,0.00000000,0.00000000,0.00000000,0.00000000,0.00000000,0.00000000,1.53760776,0.00000000,0.00000000,0.00000000,0.00000000,0.00000000,0.00000000,0.00000000,0.00000000,0.00000000,0.00000000,0.00000000,0.15966252,0.00000000,0.00000000,0.00000000,0.00000000,0.00000000,0.00000000,0.00000000,0.00000000,0.00000000,0.00000000,0.00000000,0.00000000,0.00000000,0.00000000,0.00000000,0.00000000,0.00000000,0.00000000,0.00000000,0.00000000,1.49863373,0.00000000,0.00000000,0.00000000,0.00000000,0.00000000,0.00000000,0.00000000,0.00000000,0.00000000,0.00000000,0.01395202,0.00000000,0.00000000,0.00000000,0.00000000,0.00000000,0.00000000,0.00000000,0.00000000,0.00000000,0.00000000,0.01628776,0.00095825,0.00000000,0.00000000,0.00204777,0.00000000,0.00104730,0.00000000,0.00000000,0.00000000,0.00000000,0.00000000,0.05276472,0.00000000,0.00000000,0.00000000,0.00000000,0.00000000,0.00000000,0.00000000,0.00000000,1.48720772,0.00000000,0.00000000,0.00000000,0.46118411,0.00000000,0.00000000,0.00000000,0.00000000,0.00000000,0.00000000,0.00000000,0.00000000,0.00000000,0.00000000,0.00000000,0.00000000,0.00000000,0.00000000,0.00000000,0.01308204,0.00000000,0.00000000,0.00000000,0.00000000,0.00000000,0.00000000,0.00000000,0.00000000,0.00000000,0.03580273,0.00167800,0.00255656,0.00000000,0.00000000,0.00000000
0.00000000,0.00000000,0.00000000,0.00593016,0.00000000,0.00000000,0.00000000,0.00000000,0.00000000,0.00000000,0.00893881,0.00000000,0.03440082,0.00000000,0.00000000,0.01148851,0.00000000,0.00000000,0.00000000,0.00000000,0.00000000,0.00000000,0.00000000,0.00000000,0.00000000,0.00000000,0.00000000,0.00000000,0.00068252,0.00000000,0.00000000,0.00000000,0.00000000,0.00000000,0.00000000,0.00000000,0.00000000,0.00000000,0.00000000,0.02799687,0.00000000,0.00000000,0.02014790,0.00000000,0.00000000,0.00000000,0.00000000,0.01371056,0.04193591,0.00000000,0.00000000,0.00000000,0.00000000,0.00000000,0.00000000,0.00000000,0.00000000,0.00000000,0.00000000,0.61492035,0.00000000,0.00000000,0.00000000,0.06794628,0.00305972,0.00000000,0.00000000,0.00416120,2.89537945,0.00000000,0.00000000,0.00000000,0.00000000,0.01125596,0.00205500,0.00000000,0.00000000,0.00000000,0.00000000,0.01300223,0.00000000,0.00000000,0.00000000,0.00000000,0.00000000,0.00000000,0.00000000,0.00000000,0.00000000,0.00000000,0.00000000,0.00000000,0.00000000,0.00000000,0.00606986,0.00000000,0.00000000,0.00000000,0.00000000,0.00000000,0.00000000,0.00000000,0.00000000,0.00000000,0.03569448,0.00000000,0.02006441,0.00000000,0.00000000,0.00233578,0.00000000,0.00000000,0.00000000,0.00000000,0.00117054,0.00000000,0.00000000,0.00000000,0.00000000,0.00000000,0.00000000,0.00000000,0.00000000,0.00000000,0.00000000,0.00000000,0.00000000,0.00000000,0.43014105,0.00000000,0.00000000,0.00000000,0.00000000,0.00000000,0.00977997,0.00000000,0.00000000,0.08375831,0.00000000,0.00000000,0.00000000,0.00000000,0.00000000,0.00000000,0.00000000,0.00000000,0.00000000,0.00000000,0.00000000,0.00000000,0.00000000,0.00000000,0.00000000,0.00000000,0.00000000,0.00000000,0.02658343,0.00000000,0.00000000,0.00586300,0.00000000,0.00000000,0.00000000,0.00000000,0.00000000,0.00000000,0.00000000,0.00000000,0.00000000,0.00000000,0.00000000,0.00000000,0.00000000,0.00000000,0.00000000,0.00000000,0.00000000,0.00255706,0.00000000,0.00000000,0.00000000,0.00473478,0.00000000,0.00000000,0.00000000,0.00000000,0.00000000,0.00000000,0.00951072,0.00000000,0.73878841,0.00000000,0.00975583,0.00000000,0.00000000,0.00809997,0.00000000,0.00437929,0.00000000,0.00000000,0.03135736,0.00000000,0.00000000,0.00000000,0.00000000,0.00000000,0.00000000,0.00000000,2.24824658,0.00000000,0.00126287,0.00000000,0.00000000,0.00000000,0.00000000,0.00000000,0.00228096,0.00000000,0.00000000,0.00000000,0.00000000,0.00481934,0.00000000,0.00000000,0.00000000,0.00000000,0.00000000,0.00441385,0.00000000,0.00000000,0.00000000,0.00000000,0.00000000,0.01184426,0.00000000,0.00000000,0.09944532,0.00000000,0.00000000,0.00000000,0.00000000,0.00000000,0.00000000,0.00000000,0.00000000,1.70990911,0.00000000,0.00000000,0.00105269,0.00000000,0.00000000,0.00000000,0.00000000,0.00000000,0.00000000,0.00000000,0.00000000,0.00123129,0.00000000,0.00000000,0.00000000,0.00000000,0.00000000,0.00164249,0.00000000,0.00000000,0.00000000,0.00000000,0.01333380,0.00000000,0.00000000,0.01351419,0.00000000,0.00000000,0.00000000,0.00000000,0.00000000,0.00000000,0.00000000,0.00000000,0.00000000,0.00000000,0.00000000,0.00194136,0.00000000,0.00000000,0.00000000,0.00000000,0.00000000,0.00000000,0.00000000,0.00163033,0.00000000,0.00000000,0.00000000,0.00000000,0.00000000,0.00000000,0.00000000,0.00000000,0.00000000,0.00000000,0.00000000,0.00000000,0.00000000,0.00000000,0.00000000,0.00000000,0.00000000,0.00000000,0.00000000,0.00114931,0.00239084,0.00000000,0.00071077,0.00465753,0.00000000,0.00890280,0.00000000,0.00000000,0.00000000,0.00000000,0.00000000,0.00000000,0.00000000,0.00000000,0.00000000,0.00000000,0.00000000,0.00000000,0.00000000,0.00000000,0.00000000,0.00000000,0.10237305,0.00000000,0.00000000,0.00000000,0.00000000,0.00000000,0.00000000,0.00000000,0.00000000,0.00000000,0.00000000,0.00000000,0.00000000,0.75868715,0.00000000,0.00000000,0.00000000,0.00000000,0.00000000,0.00000000,0.00000000,0.00000000,0.11354816,0.00000000,0.00000000,0.04782036,0.00000000,0.00000000,0.00044911,0.00000000,0.03342256,0.00000000,0.07735244,0.00000000,0.00411556,0.00000000,0.00099824,0.00000000,0.00000000,0.00000000,0.00000000,0.00000000,0.00000000,0.00000000,0.00000000,0.00000000,0.00000000,0.00252252,0.00000000,0.00000000,0.00000000,0.00000000,0.00000000,0.00000000,0.00000000,0.00000000,0.00000000,0.00000000,0.00000000,0.00000000,0.00000000,0.00000000,0.00000000,0.00000000,0.00000000,0.00000000,0.00000000,0.00000000,0.00000000,0.00000000,0.00000000,0.00000000,0.00000000,0.00000000,0.00000000,0.00000000,0.00000000,0.00000000,0.00000000,0.00000000,0.00329825,0.00192495,0.00000000,0.00089291,0.00168573,0.00000000,0.00486835,0.00000000,0.00000000,0.00000000,0.00000000,0.00464724,0.00000000,0.00000000,0.00000000,0.00000000,0.00000000,0.00000000,0.03473078,0.00000000,0.00000000,0.00000000,0.00000000,0.00000000,0.00000000,0.01230684,0.00000000,0.00000000,0.00000000,0.00000000,0.00000000,0.00000000,0.00000000,0.00000000,0.00511345,0.00000000,0.00000000,0.00000000,0.00000000,0.00000000,0.00000000,0.00000000,0.00000000,0.00000000,0.00000000,0.00000000,0.00000000,0.00000000,0.00000000,0.00000000,0.00000000,0.00000000,0.00000000,0.00000000,0.00000000,0.00000000,0.00000000,0.00000000,0.03844430,0.00000000,0.00000000,0.00000000,0.00000000,0.00000000,0.00000000,0.00000000,0.01108296,0.00000000,0.00000000,0.00000000,0.00000000,0.00000000,0.00000000,0.00000000,0.00000000,0.00792397,0.00194078,0.00000000,0.00000000,0.00000000,0.00000000,0.00000000,0.00000000,0.00000000,0.00000000,0.00000000,0.00000000,0.00000000,0.00000000,0.00000000,0.00000000,0.00168311,0.00000000,0.00000000,0.00000000,0.00000000,0.00000000,0.26988195,0.00000000,0.00000000,0.00000000,0.00000000,0.00000000,0.00000000,0.00000000,0.00000000,0.00000000,0.00000000,0.00000000,0.00000000,0.00000000,0.00000000,0.00000000,0.00000000,0.00000000,0.00000000,0.00445862,0.00000000,0.00000000,0.00671501,0.00000000,0.03021978,0.00000000,0.00000000,0.00000000,0.00000000,0.00000000,0.00135007,0.00000000,0.00000000,0.00182794,0.00000000,0.00000000,0.00000000,0.00000000,0.00000000,0.00000000,0.00000000,0.00000000,0.00000000,0.00000000,0.00000000,0.00000000,0.00000000,0.00000000,0.00000000,0.00000000,0.00000000,0.00000000,0.00000000,0.00000000,0.00000000,0.00000000,0.00000000,0.00000000,0.00000000,0.00000000,0.00000000,0.00000000,0.00000000,0.00000000,0.00000000,0.00000000,0.00000000,0.00000000,0.00000000,0.00000000,0.00000000,0.00000000,0.00000000,0.00000000,0.00000000,0.00000000,0.00000000,0.00000000,0.00000000,0.00583458,0.00000000,0.00000000,0.01943190,0.00000000,0.00000000,0.00000000,0.00000000,0.00000000,0.00000000,0.00368460,0.00000000,0.00000000,0.00000000,0.00000000,0.00000000,0.00000000,0.00000000,0.00000000,0.00000000,0.00000000,0.00000000,0.00000000,0.00000000,0.00000000,0.00000000,0.00000000,0.00000000,0.00000000,0.00000000,0.00000000,0.00368841,0.00000000,0.00000000,0.00000000,0.00000000,0.00000000,0.00000000,0.00000000,0.00000000,0.18112894,0.00000000,0.00766938,0.00000000,0.00000000,0.00000000,0.00486835,0.00000000,0.00000000,0.00000000,0.00000000,0.00000000,0.08686415,0.00000000,0.00000000,0.00000000,0.00000000,0.00000000,0.00000000,0.00000000,0.00000000,0.00306146,0.00000000,0.00000000,0.00000000,0.00000000,0.00000000,0.00000000,0.00000000,0.00000000,0.00000000,0.00583596,0.01418068,0.00000000,0.00000000,0.00000000,0.00000000,0.00000000,0.00000000,0.00000000,0.00000000,0.03983305,0.00000000,0.00000000,0.00000000,0.00000000,0.00000000,0.00000000,0.00000000,0.00000000,0.00000000,0.00000000,0.00000000,0.00000000,0.00000000,0.00000000,0.00000000,0.00000000,0.00000000,0.00000000,0.00799762,0.00000000,0.00000000,0.00000000,0.00000000,0.04759724,0.00000000,0.00000000,0.00000000,0.00000000,0.00186328,0.00000000,0.00000000,0.00000000,0.00000000,0.00000000,0.00000000,0.00000000,0.12803548,0.00000000,0.00000000,0.00000000,0.00000000,0.00000000,0.00000000,0.00000000,0.00000000,0.00000000,0.00000000,0.01637517,0.00000000,0.00000000,0.00000000,0.00000000,0.00000000,0.00000000,0.00000000,0.00000000,0.00000000,0.00000000,0.00000000,0.00000000,0.00637792,0.00000000,0.00000000,0.03640465,0.01166832,0.00000000,0.00000000,0.00000000,0.00000000,0.00000000,0.00000000,0.00000000,0.00000000,0.00000000,0.00000000,0.00000000,0.00983249,0.00255883,0.00000000,0.00000000,0.00000000,0.00000000,0.00000000,0.02497340,0.00000000,0.00000000,0.00000000,0.02087134,0.00000000,0.00000000,0.00000000,0.00270723,0.00000000,0.00000000,0.00000000,0.00000000,0.00000000,0.00000000,0.00000000,0.00000000,0.01095883,0.00000000,0.00000000,0.00000000,0.00000000,0.00000000,0.00000000,0.00000000,0.00000000,0.00000000,0.00000000,0.00000000,0.00000000,0.00000000,0.00000000,0.00000000,0.00000000,0.00000000,0.07979823,0.00000000,0.00000000,0.00000000,0.00000000,0.00000000,0.01167280,0.00000000,0.18809664,0.00000000
0.00000000,0.00000000,0.00000000,0.00000000,0.00973349,0.00000000,0.00000000,0.00000000,0.00000000,0.00000000,0.00000000,0.00000000,0.00181107,0.00000000,0.00000000,0.00000000,0.00000000,0.00000000,0.00000000,0.00000000,0.00000000,0.00000000,0.00000000,0.00255938,0.00000000,0.00000000,0.00000000,0.00000000,0.00000000,0.00000000,0.00000000,0.00000000,0.00000000,0.00000000,0.00000000,0.00379708,0.03354060,0.00000000,0.00000000,0.00000000,0.00000000,0.00000000,0.00000000,0.00000000,0.01654299,0.00000000,0.00000000,0.00000000,0.00000000,0.00000000,0.00000000,0.00000000,0.00510084,0.00868696,0.00000000,0.00000000,0.04093008,0.00000000,0.00000000,0.00000000,0.00000000,0.00000000,0.00000000,0.00000000,0.00000000,0.03466468,0.00234934,0.00000000,0.00000000,0.00000000,0.00000000,0.00000000,0.00000000,0.00000000,0.00000000,0.00000000,0.00000000,0.00000000,0.00000000,0.00249072,0.00000000,0.00000000,0.02774317,0.00000000,0.00342483,0.00000000,1.05755162,0.00000000,0.00000000,0.00000000,0.00000000,0.00075344,0.01026856,0.00242900,0.00000000,0.00000000,0.00297891,0.00000000,0.00000000,0.00000000,0.00000000,0.00000000,0.00000000,0.00000000,0.00165224,0.00000000,0.01580479,0.00000000,0.00000000,0.00000000,0.00422827,0.00000000,0.00000000,0.00000000,0.00000000,0.00000000,0.00000000,0.00000000,0.00395310,0.00000000,0.00000000,0.00000000,0.00000000,0.00000000,0.00000000,0.00000000,0.00000000,0.00000000,0.00247789,0.00000000,0.04792689,0.00000000,0.00000000,0.00000000,0.00000000,0.00000000,0.00000000,0.00000000,0.00000000,0.00000000,0.00000000,0.00000000,0.00000000,0.10066908,0.06492801,0.00000000,0.00000000,0.00000000,0.03531014,0.00000000,0.00000000,0.00000000,0.00000000,0.00000000,0.00000000,0.00000000,0.00000000,0.00000000,0.00000000,0.00000000,0.00000000,0.00000000,0.00000000,0.00000000,0.00000000,0.00000000,0.00000000,0.00000000,0.00000000,0.00000000,0.00000000,0.00000000,0.00100508,0.00000000,0.00000000,0.01134556,0.00000000,0.00000000,0.00109933,0.00000000,0.00092258,0.00000000,0.00000000,0.00000000,0.00000000,0.00000000,0.00000000,0.00000000,0.00000000,0.00000000,0.03402913,0.00000000,0.00000000,0.00000000,0.00000000,0.00000000,0.00563871,0.00474070,0.00120185,0.00000000,0.74887792,0.00000000,0.00000000,0.01390330,0.00000000,0.00000000,0.80480867,0.00000000,0.00000000,0.00000000,0.00000000,0.00000000,0.00000000,0.00000000,0.00332651,0.00000000,0.00000000,0.00000000,0.00000000,0.00000000,0.00000000,0.00000000,0.00000000,0.00000000,0.00000000,0.00000000,0.00000000,0.00000000,0.00000000,0.00000000,0.00000000,0.00000000,0.06174940,0.00000000,0.00083643,0.00000000,0.00000000,0.00000000,0.00000000,0.00068182,0.00000000,0.03092737,0.00000000,0.00331538,0.00000000,0.01191816,0.00000000,0.00000000,0.00000000,0.00000000,0.01187030,0.00000000,0.00000000,0.00435842,0.00000000,0.00000000,0.00000000,0.00000000,0.00000000,0.00000000,0.00000000,0.00000000,0.00000000,0.00218514,0.00000000,0.01116902,0.00000000,0.00000000,0.00000000,0.00000000,0.00000000,0.00000000,0.00000000,0.00000000,0.00000000,0.00000000,0.00000000,0.00000000,0.00101867,0.00000000,0.00000000,0.00000000,0.00000000,0.00000000,0.00000000,0.00000000,0.00000000,0.00000000,0.00000000,0.00000000,0.00571620,0.00000000,0.00000000,0.00000000,0.00000000,0.00000000,0.00000000,0.00000000,0.00000000,0.00000000,0.00000000,0.00000000,0.00000000,0.00000000,0.00000000,0.17929747,0.00000000,0.00000000,0.00379039,0.00000000,0.00000000,0.00000000,0.00000000,0.00000000,0.00000000,0.00000000,0.00000000,0.00000000,0.00148790,0.00000000,0.00000000,0.00000000,0.00078527,0.00000000,0.00291824,0.00000000,0.00000000,0.00000000,0.00000000,0.00000000,0.00000000,0.00000000,0.00000000,0.00000000,0.01567856,0.00363335,0.00000000,0.00000000,0.00000000,0.00000000,0.24607655,0.00000000,0.00000000,0.00000000,0.00000000,0.00000000,0.00000000,0.00000000,0.00000000,2.42720519,0.00000000,0.00000000,0.00000000,0.00367431,0.00000000,0.00000000,0.02160365,0.12488700,0.00671500,0.02680132,0.00000000,0.00000000,0.00000000,0.00000000,0.00000000,0.00072141,0.00000000,0.00196647,0.00000000,0.00000000,0.00000000,0.00000000,0.00000000,0.00000000,0.00000000,0.00000000,0.00000000,0.00000000,0.00000000,0.00000000,0.00000000,0.00000000,0.00000000,0.00000000,0.00000000,0.00000000,0.00000000,0.00000000,0.00000000,0.00000000,0.00000000,0.00000000,0.00000000,0.00000000,0.00000000,0.00000000,0.00377709,0.00000000,0.00000000,0.00000000,0.00000000,0.00000000,0.00000000,0.00000000,0.00000000,0.00000000,0.01382887,0.00000000,0.02638519,0.00000000,0.00000000,0.00000000,0.00000000,0.00000000,0.00628279,0.00000000,0.00000000,0.02980100,0.00000000,0.00000000,0.00000000,0.00000000,0.00000000,0.00000000,0.00000000,0.00000000,0.00000000,0.47558606,0.00000000,0.00000000,0.00000000,0.00000000,0.00000000,0.00000000,0.00000000,0.00000000,0.00000000,0.00000000,0.00000000,0.00000000,0.00000000,0.00000000,0.00000000,0.00000000,0.00000000,0.00000000,0.00000000,0.00000000,0.00000000,0.00000000,0.00000000,0.00000000,0.00000000,0.00000000,0.00000000,0.00000000,0.00175340,0.00000000,0.00000000,0.00000000,0.01047851,0.00000000,0.00000000,0.00000000,0.00000000,0.00000000,0.00000000,0.00000000,0.00000000,0.00000000,0.00000000,0.00000000,0.00000000,0.00000000,0.00000000,0.00056749,0.00000000,0.00000000,0.00000000,0.01765121,0.00000000,0.00000000,0.00000000,0.00000000,0.00000000,0.00000000,0.00000000,0.00000000,0.00000000,0.00000000,0.00000000,0.00000000,0.00000000,0.00000000,0.00000000,0.00000000,0.00000000,0.00000000,0.00000000,0.00000000,0.00000000,0.00000000,0.00000000,0.00000000,0.00000000,0.00000000,0.00000000,0.00000000,0.00000000,0.00000000,0.00000000,0.00000000,0.00000000,0.00000000,0.01162007,0.00116824,0.00000000,0.00000000,0.00000000,0.00000000,0.00000000,0.00359799,0.00000000,0.00000000,0.00000000,0.00000000,0.00000000,0.08092816,0.00000000,0.21740582,0.00000000,0.00000000,0.00000000,0.00000000,0.00000000,0.00000000,0.01033322,0.00000000,0.00000000,0.00000000,0.00000000,0.00000000,0.00000000,0.00000000,0.00000000,0.00942518,0.00221683,0.00000000,0.00000000,0.00000000,0.00000000,0.00000000,0.00000000,0.00000000,0.00000000,0.00000000,0.00000000,0.00000000,0.00000000,0.00000000,0.00000000,0.00000000,0.00000000,0.00408923,0.00000000,0.00000000,0.00000000,0.00322480,0.00000000,0.00215469,0.00000000,0.00000000,0.00000000,0.00000000,0.00000000,0.00000000,0.00000000,0.00000000,0.00000000,0.00000000,0.00000000,0.00000000,0.00000000,0.00000000,0.00000000,0.00000000,0.00000000,0.00000000,0.00632692,0.00000000,0.00000000,0.00000000,0.00000000,0.00000000,0.00000000,0.00909953,0.00000000,0.00000000,0.00000000,0.00000000,0.00000000,0.00000000,0.00000000,0.00000000,0.00000000,0.00000000,0.00000000,0.00000000,0.00000000,0.00840458,0.00000000,0.00000000,0.00124277,0.00178975,0.00000000,0.01333261,0.00000000,0.00000000,0.00000000,0.00000000,0.00000000,0.00000000,0.00000000,0.00000000,0.00000000,0.00000000,0.00000000,0.00000000,0.00000000,0.00000000,0.01924023,0.04044550,0.00000000,0.00000000,0.01331047,0.00000000,0.00000000,0.00000000,0.00000000,0.00000000,0.00000000,0.00000000,0.00000000,0.00000000,0.00000000,0.00000000,0.00000000,0.00587191,0.00000000,0.00000000,0.00000000,0.00000000,0.00000000,0.00000000,0.00000000,0.00000000,0.00000000,0.00000000,0.00000000,0.00000000,0.00000000,0.00000000,0.00000000,0.00000000,0.00000000,0.00858716,0.00000000,0.01408938,0.00000000,0.00000000,0.00000000,0.05297019,0.00000000,0.00000000,0.00000000,0.00000000,0.00000000,0.00000000,0.00000000,0.00751625,0.00000000,0.00000000,0.00000000,0.00000000,0.00000000,0.00000000,0.00000000,0.00000000,0.00000000,0.00000000,0.00235113,0.00000000,0.03144884,0.00000000,0.00000000,0.00000000,0.00000000,0.00000000,0.00000000,0.00000000,0.00000000,0.00000000,0.00000000,0.00000000,0.00000000,0.00000000,0.00000000,0.00000000,0.00000000,0.00000000,0.00000000,0.00000000,0.00000000,0.00000000,0.00000000,0.00000000,0.00000000,0.00000000,0.00000000,0.00000000,0.00000000,0.00000000,0.00000000,0.00000000,0.00000000,0.00000000,0.00000000,0.00365382,0.00000000,0.00000000,0.00000000,0.00000000,0.00000000,0.00000000,0.00000000,0.00000000,0.00000000,0.00000000,0.00000000,0.00000000,0.00000000,0.00000000,0.00104842,0.00000000,0.00000000,0.00000000,0.00000000,0.00000000,0.00000000,0.00000000,0.00000000,0.00000000,0.00149540,0.00957648,0.00000000,0.00000000,0.00000000,0.00000000,0.00000000,0.00000000,0.00000000,0.11806767,0.08311468,0.00244267,0.00000000,0.00000000,0.00000000,0.00000000,0.00000000,0.00103899,0.00000000,0.00000000,0.00000000,0.00000000,0.00137139,0.00000000,0.00000000,0.00000000,0.00000000,0.00000000,0.00000000,0.00000000,0.00000000,0.00000000,0.00000000,0.00000000,0.00000000,0.00000000,0.00000000,0.00000000,0.00000000,0.00000000,0.00000000,0.00000000,0.00000000,0.00000000,0.00000000,0.00000000,0.00000000,0.00000000
0.00000000,0.00000000,0.00000000,0.00000000,0.01192312,0.00000000,0.00000000,0.65264769,0.00616244,0.00000000,0.00084715,0.00000000,0.00000000,0.00000000,0.00000000,0.00000000,0.00000000,0.00000000,0.00000000,0.00000000,0.00000000,0.00000000,0.00000000,2.12338440,0.03608043,0.00000000,0.00000000,0.00000000,0.00000000,0.00000000,0.00000000,0.00000000,0.00481939,0.00000000,0.00000000,0.00000000,0.00000000,0.00000000,0.00000000,0.00000000,0.00000000,0.00000000,0.00000000,0.00000000,0.00497630,0.00000000,0.00000000,0.00000000,0.01904791,0.00000000,0.00000000,0.00000000,0.00000000,0.02374972,0.00144335,0.00000000,0.00000000,0.03828922,0.00000000,0.00790969,0.72385616,0.00000000,0.00000000,0.00000000,0.00000000,0.00292554,0.00000000,0.00000000,0.06066287,0.00000000,0.00000000,0.00000000,0.00852493,0.00144812,0.00000000,0.00000000,0.00000000,0.00000000,0.00000000,0.00000000,0.00000000,0.00000000,0.00000000,0.00000000,0.00000000,0.00100085,0.07189132,0.00000000,0.03904011,0.00000000,0.00000000,0.00000000,0.00000000,0.07233384,0.30675169,0.00000000,0.00000000,0.00000000,0.00000000,0.00000000,0.00000000,0.00000000,0.00000000,0.00000000,0.00000000,0.00000000,0.00000000,0.00000000,0.00615888,0.00000000,0.00000000,0.00000000,0.00418055,0.00000000,0.00000000,0.00000000,0.00000000,0.00848745,0.00000000,0.00000000,0.00000000,0.00000000,0.00160082,0.00000000,0.00511251,0.00000000,0.00000000,0.00000000,0.00000000,0.00000000,0.00000000,0.00000000,0.00000000,0.00000000,0.00296428,0.00000000,0.00000000,0.00000000,0.00735014,0.00442156,0.00000000,0.00000000,0.00000000,0.00000000,0.00000000,0.00000000,0.00000000,0.00000000,0.00000000,0.00000000,0.00000000,0.00000000,0.00000000,0.00000000,0.00000000,0.00000000,0.00178289,0.00000000,0.00000000,0.00000000,0.00000000,0.00166884,0.00000000,0.01183134,0.00000000,0.00000000,0.00000000,0.00000000,0.00000000,0.00000000,0.00000000,0.00000000,0.00000000,0.00000000,0.00000000,0.00000000,0.00000000,0.00000000,0.01484659,0.00000000,0.00000000,0.00000000,0.00000000,0.00267498,0.00000000,0.00000000,0.00000000,0.00000000,0.00000000,0.00000000,0.00000000,0.02320140,0.00000000,0.00000000,0.00000000,0.00000000,0.78700650,0.00000000,0.00000000,1.60075268,0.00000000,0.00000000,0.00000000,0.00000000,0.00000000,0.00000000,0.00360693,0.00244721,0.00000000,0.00000000,0.00000000,0.00000000,0.00000000,0.00000000,0.00000000,0.00000000,0.00000000,0.00000000,0.00000000,0.00000000,0.00181922,0.00000000,0.00000000,0.00000000,0.00000000,0.06010183,0.00000000,0.00000000,0.00000000,0.00000000,0.00000000,0.00000000,0.00000000,0.00000000,0.00000000,0.00000000,0.00000000,0.00000000,0.00000000,0.00000000,0.00000000,0.00000000,0.00000000,0.00000000,0.00000000,0.00000000,0.00000000,0.00000000,0.00000000,0.00000000,0.00000000,0.01931397,0.00211679,0.00000000,0.00000000,0.00000000,0.00000000,0.00000000,0.00870307,0.00000000,0.03537914,0.00000000,0.00000000,0.00000000,0.00000000,0.02208682,0.00000000,0.00564730,0.00000000,0.00000000,0.00000000,0.00000000,0.00000000,0.00000000,0.00000000,0.00000000,0.00000000,0.00000000,0.00905663,0.00000000,0.00000000,0.00000000,0.05840544,0.00775978,0.00000000,0.00000000,0.00000000,0.33817447,0.00000000,0.00406577,0.00000000,0.00000000,0.00000000,0.00000000,0.00000000,0.00000000,0.00000000,0.00000000,0.00000000,0.00000000,0.00000000,0.00000000,0.00000000,0.00000000,0.03031877,0.00000000,0.00000000,0.00000000,0.00000000,0.00000000,0.01268523,0.00325751,0.00000000,0.00000000,0.00000000,0.00000000,0.00000000,0.00000000,0.00000000,0.00000000,0.07165177,0.00316450,0.00000000,0.00000000,0.00000000,0.00000000,0.00522866,0.00351744,0.00000000,0.00000000,0.00000000,0.00000000,0.00000000,0.00000000,0.00933968,0.00338904,0.00000000,0.00000000,0.00000000,0.00000000,0.00000000,0.00000000,0.00000000,0.00000000,0.00000000,0.00000000,0.00000000,0.00000000,0.00000000,0.00000000,0.00000000,0.00000000,0.00000000,0.00000000,0.00000000,0.01089098,0.00000000,0.00000000,0.00000000,0.00000000,0.00000000,0.00000000,0.00000000,0.00000000,0.00424517,0.00000000,0.00000000,0.00000000,0.00000000,0.00000000,0.00000000,0.00575527,0.00000000,0.00000000,0.00000000,0.00000000,0.00000000,0.00000000,0.00000000,0.00000000,0.00000000,0.00000000,0.00000000,0.00000000,0.00000000,0.00000000,0.00000000,0.00000000,2.26292153,0.00000000,0.00000000,0.00000000,0.00000000,0.00000000,0.00000000,0.00000000,0.00805678,0.00000000,0.00000000,0.00000000,0.00000000,0.00000000,0.00000000,0.00000000,0.13288100,0.01438787,0.00000000,0.00000000,0.00000000,0.00000000,0.00000000,0.00000000,0.00117789,0.00000000,0.00000000,0.00356692,0.00000000,0.00000000,0.00000000,0.00000000,0.00472217,0.00000000,0.00000000,0.00000000,0.00000000,0.00000000,0.00000000,0.00000000,0.00000000,0.00000000,0.00000000,0.00000000,0.00000000,0.00000000,0.04089458,0.00000000,0.00000000,0.00149131,0.00000000,0.00000000,0.00000000,0.00000000,0.00000000,0.00000000,0.08164292,0.00000000,0.00000000,0.00000000,0.01519070,0.00000000,0.00000000,0.00000000,0.00000000,0.00000000,0.00000000,0.00000000,0.00000000,0.00000000,0.00000000,0.07798210,0.00000000,0.00000000,0.00000000,0.00000000,0.00000000,0.01403081,0.00000000,0.00000000,0.00000000,0.00000000,0.00000000,0.00000000,0.00000000,0.00000000,0.00000000,0.00000000,0.00000000,0.00000000,0.00000000,0.00000000,0.00000000,0.00000000,0.00000000,0.00000000,0.00000000,0.00000000,0.00000000,0.00000000,0.00000000,0.00000000,0.00000000,0.00000000,0.00000000,0.00000000,0.10434372,0.00000000,0.00000000,0.00000000,0.00000000,0.00000000,0.00000000,0.00000000,0.00000000,0.00000000,0.00000000,0.00000000,0.00000000,0.00000000,0.01853197,0.00000000,0.00000000,0.00000000,0.00000000,0.00000000,0.00000000,0.00000000,0.09228333,0.00000000,0.00000000,0.00000000,0.00000000,0.00000000,0.00000000,0.00000000,0.00000000,0.00000000,0.00000000,0.00000000,0.00000000,0.00000000,0.00000000,0.00000000,0.00000000,0.00000000,0.00000000,0.00000000,0.00000000,0.00000000,0.00000000,0.00000000,0.00000000,0.00000000,0.00000000,0.00000000,0.00000000,0.00000000,0.00000000,0.00000000,0.00000000,0.00000000,0.00000000,0.00000000,0.00000000,0.00000000,0.00000000,0.00000000,0.00000000,0.00000000,0.00000000,0.00000000,0.00000000,0.00000000,0.00000000,0.00000000,0.00000000,0.00000000,0.00000000,0.00568770,0.00000000,0.00000000,0.00000000,0.39307273,0.00459478,0.00000000,0.00057583,0.00000000,0.00000000,0.00000000,0.00000000,0.00000000,0.00000000,0.00000000,0.00000000,0.00000000,0.00000000,0.00000000,0.00000000,0.00000000,0.00000000,0.00000000,0.00000000,0.00000000,0.00000000,0.00000000,0.00000000,0.02520432,0.00000000,0.00429153,0.00000000,0.00000000,0.00000000,0.00000000,0.00000000,0.00000000,0.00000000,0.00000000,0.00000000,0.00000000,0.00000000,0.00000000,0.02285361,0.00000000,0.02375019,0.00000000,0.20904859,0.00000000,0.00000000,0.00000000,0.00512240,0.00000000,0.02933127,0.00000000,0.00000000,0.01543399,0.00000000,0.00000000,0.00000000,0.00000000,0.00000000,0.00000000,0.00000000,0.00000000,0.00000000,0.00000000,0.00000000,0.00000000,0.00000000,0.00000000,0.00000000,0.00086651,0.00000000,0.00000000,0.00000000,0.00000000,0.00000000,0.00000000,0.00000000,0.00000000,0.00000000,0.01124462,0.00000000,0.00000000,0.00000000,0.00000000,0.00000000,0.00000000,0.00000000,0.00000000,0.00422551,0.00000000,0.01960350,0.00000000,0.00000000,0.00000000,0.00000000,0.00000000,0.00000000,0.00000000,0.00000000,0.00000000,0.00000000,0.00000000,0.00000000,0.00000000,0.00000000,0.00000000,0.00000000,0.00000000,0.00000000,0.00000000,0.00000000,0.00000000,0.13073986,0.00000000,0.00000000,0.00000000,0.00000000,0.00000000,0.00000000,0.00000000,0.00000000,0.00000000,0.00000000,0.00000000,0.00000000,0.00000000,0.01930607,0.00000000,0.00146939,0.00000000,0.00000000,0.00000000,0.00000000,0.00000000,0.00000000,0.00000000,0.00000000,0.00000000,0.00000000,0.00000000,0.00000000,0.00000000,0.00585252,0.00000000,0.00430512,0.00000000,0.00000000,0.00000000,0.00000000,0.00000000,0.00000000,0.00000000,0.00000000,0.00000000,0.00000000,0.00000000,0.00000000,0.03919251,0.00000000,0.00000000,0.00000000,0.00000000,0.00000000,0.00000000,0.00000000,0.00000000,0.00000000,0.00000000,0.00000000,0.00000000,0.00000000,0.00000000,0.00000000,0.00000000,0.00000000,0.00000000,0.00000000,0.00000000,0.00000000,0.00000000,0.00000000,0.00000000,0.00000000,0.00000000,0.09060060,0.00000000,0.00628332,0.00000000,0.00592561,0.00000000,0.00000000,0.00000000,0.00000000,0.00235711,0.00000000,0.00000000,0.00000000,0.01710914,0.00000000,0.00000000,0.00000000,0.00000000,0.00000000,0.00512356,0.00000000,0.00000000,0.00000000,0.00000000,0.00000000,0.04782036,0.00108924,0.00000000,0.00000000,0.00000000,0.00000000,0.00000000,0.00000000,0.00454169,0.00000000,0.00000000,0.00000000,0.00168206,0.00000000,0.00000000,0.00000000,0.00000000,0.00000000,0.00000000,0.00000000,0.00000000
0.00000000,2.02883654,0.00000000,0.00000000,0.00000000,0.00000000,0.00000000,0.00000000,0.00000000,0.00000000,0.00000000,0.00000000,0.00000000,0.00000000,0.00000000,0.00000000,0.11863130,0.00000000,0.00000000,0.00000000,0.00784009,0.00000000,0.00000000,0.00000000,0.00000000,0.00000000,0.00000000,0.00000000,0.00000000,0.00000000,0.00000000,0.00000000,0.00000000,0.00000000,0.00000000,0.00000000,0.00000000,0.00000000,0.00000000,0.00000000,0.00000000,0.00000000,0.00000000,0.00000000,0.00000000,0.00000000,0.00000000,0.00000000,0.00000000,0.00000000,0.13079125,0.00000000,0.00000000,0.00000000,0.00000000,0.00000000,0.00000000,0.00000000,0.00000000,0.00000000,0.00000000,0.00000000,0.00000000,0.00000000,0.00000000,0.00000000,0.00000000,0.00233069,0.00000000,0.00000000,0.00000000,0.00000000,0.00000000,0.00000000,0.00353728,0.00000000,0.00000000,0.00000000,0.00000000,0.00000000,0.00000000,0.00000000,0.00000000,0.00000000,0.00000000,0.00000000,0.00000000,0.00000000,0.00000000,0.00000000,0.05456597,0.00000000,0.00000000,0.00226808,0.00000000,0.01508253,0.00000000,0.00000000,0.00000000,0.00430639,0.00000000,0.00206280,0.00000000,0.00000000,0.00000000,0.00000000,0.00000000,0.00901576,0.00000000,0.01294692,0.00000000,0.00000000,0.00000000,0.00000000,0.00000000,0.00000000,0.00000000,0.00000000,0.00000000,0.00000000,0.00000000,0.00000000,0.00000000,0.00000000,0.00000000,0.00512281,0.00000000,0.00000000,0.00000000,0.00000000,0.00000000,0.00000000,0.03990505,0.00000000,0.00000000,0.00000000,0.00000000,0.00000000,0.00000000,0.00000000,0.00000000,0.00000000,0.00000000,0.00000000,0.00111459,0.00000000,0.03531014,0.00000000,0.00000000,0.00000000,0.00000000,0.00000000,0.00000000,0.00000000,0.00000000,0.00000000,0.00750249,0.00000000,0.00000000,0.00625466,0.00086961,0.00000000,0.00000000,0.00254519,0.00000000,0.00000000,0.00000000,0.00000000,0.00680500,0.00000000,0.00758396,0.00319875,0.00000000,0.00000000,0.00000000,0.00000000,0.00000000,0.00000000,0.00000000,0.00000000,0.00000000,0.00000000,0.00000000,0.00000000,0.00000000,0.00429853,0.00000000,0.00000000,0.00000000,0.00000000,0.00000000,0.00000000,0.00000000,0.00000000,0.00397440,0.00000000,0.00000000,0.00000000,0.00000000,0.00244741,0.00000000,0.00000000,0.00000000,0.00000000,0.00000000,0.00000000,0.00000000,0.00000000,0.00000000,0.00000000,0.00000000,0.00000000,0.00000000,0.00000000,0.00000000,0.00000000,0.00000000,0.00000000,0.05448858,0.00529881,0.00000000,0.00000000,0.00000000,0.00000000,0.00000000,0.00000000,0.00000000,0.00000000,0.00000000,0.00000000,0.00000000,0.00000000,0.00000000,0.00000000,0.00000000,0.00000000,0.00153954,0.11776828,0.00000000,0.00000000,0.00000000,0.00000000,0.00000000,0.00000000,0.00000000,0.00000000,0.00000000,0.00000000,0.00000000,0.00000000,0.00000000,0.00000000,0.00000000,0.00000000,0.02368479,0.00000000,0.00000000,0.00000000,0.00000000,0.00000000,0.00000000,0.00000000,0.00442156,0.00000000,0.00000000,0.00000000,0.00000000,0.00000000,0.00000000,0.02617727,0.02796724,0.00000000,0.00000000,0.00000000,0.00000000,0.00000000,0.00000000,0.00000000,0.00000000,0.00000000,0.00000000,0.00000000,0.00000000,0.04099959,0.00000000,0.00000000,0.00000000,0.00000000,0.00000000,0.00000000,0.00000000,0.00000000,0.00380123,0.00000000,0.00000000,0.00000000,0.00000000,0.00000000,0.00000000,1.09223893,0.69396973,0.00821532,0.01610446,0.00000000,0.00000000,0.00000000,0.02765660,0.00618419,0.00000000,0.00498025,0.00000000,0.00000000,0.00000000,0.01795860,0.00000000,0.01235969,0.00000000,0.00000000,0.00000000,0.01228213,0.00000000,0.01124767,0.00000000,0.00000000,0.00000000,0.00000000,0.00000000,0.00000000,0.00000000,0.00000000,0.00000000,0.00000000,0.00000000,0.00000000,0.00000000,0.01902718,0.00996140,0.00000000,0.00000000,0.00000000,0.00000000,0.00000000,0.00104659,0.00000000,0.00000000,0.00000000,0.13904832,0.00000000,0.00000000,0.00000000,0.01151852,0.00000000,0.00000000,0.00000000,0.00000000,0.00000000,0.00000000,0.00000000,0.00000000,0.00348527,0.00000000,0.00000000,0.00000000,0.00000000,0.00000000,0.00000000,0.00000000,0.00000000,0.00000000,0.01009046,0.00000000,0.00000000,0.00000000,0.00000000,0.00000000,0.01435963,0.00000000,0.00000000,0.00000000,0.00000000,0.00000000,0.00000000,0.00000000,0.00000000,0.00000000,0.00000000,0.00000000,0.00000000,0.00000000,0.00000000,0.00000000,0.00000000,0.00000000,0.00000000,0.14954402,0.00000000,0.00000000,0.00000000,0.00000000,0.00000000,0.00000000,0.00000000,0.00000000,0.00785331,0.00000000,0.42579369,0.00000000,0.00000000,0.00000000,0.00000000,0.00000000,0.00000000,0.00000000,0.00000000,0.00000000,0.00000000,0.00000000,0.00000000,0.00000000,0.00000000,0.00000000,0.00000000,0.00000000,0.00000000,0.00000000,0.00000000,0.00000000,0.00539610,0.00000000,0.00000000,0.00000000,0.00000000,0.00000000,0.00000000,0.00000000,0.00000000,0.00000000,0.00000000,0.00000000,0.00000000,0.00000000,0.00000000,0.00000000,0.00000000,0.00000000,0.00000000,0.00000000,0.00000000,0.00000000,0.00000000,0.00000000,0.00000000,0.00000000,0.00000000,0.00706568,0.00000000,0.00000000,0.00000000,0.00000000,0.00000000,0.00000000,0.00000000,0.00000000,0.00000000,0.00000000,0.00000000,0.00000000,0.00000000,0.32699905,0.00000000,0.00000000,0.00000000,0.00000000,0.00000000,0.00000000,0.00000000,0.00000000,0.00000000,0.00680590,0.00000000,0.00000000,0.00000000,0.00000000,0.00000000,0.00000000,0.00000000,0.00000000,0.00000000,0.00000000,0.00000000,0.00000000,0.00000000,0.00000000,0.00000000,0.00000000,0.00000000,0.00000000,0.00000000,0.00000000,0.03806315,0.00000000,0.00000000,0.00000000,0.22117548,0.00000000,0.00609729,0.00000000,0.00000000,0.00000000,0.00000000,0.00000000,0.00604499,0.00000000,0.00000000,0.00000000,0.00000000,0.00000000,0.00000000,0.00000000,0.00000000,0.00000000,0.00000000,0.00000000,0.00000000,0.00000000,0.00199990,0.00000000,0.00000000,0.00000000,0.00000000,0.00000000,0.00000000,0.00000000,0.00000000,0.00000000,0.00000000,0.00000000,0.00000000,0.00000000,0.00000000,0.00000000,0.00722646,0.00802458,0.00000000,0.00000000,0.00000000,0.00334180,0.00000000,0.02438711,0.00000000,0.00000000,0.00000000,0.00000000,0.00000000,0.00000000,0.00824036,0.00000000,0.00000000,0.01232314,0.00000000,0.00000000,0.00000000,0.00000000,0.23804299,0.00000000,0.00258577,0.00000000,0.00000000,0.00000000,0.00000000,0.00000000,0.00000000,0.00000000,0.00000000,0.00000000,0.00000000,0.02594708,0.00000000,0.00000000,0.00000000,0.00000000,0.00000000,0.00000000,0.00275216,0.00000000,0.00000000,0.00672072,0.00000000,0.00000000,0.00000000,0.00000000,0.00374337,0.00000000,0.00000000,0.00000000,0.00000000,0.00000000,0.00000000,0.00353692,0.00000000,0.00000000,0.00000000,0.00000000,0.00000000,0.00000000,0.00000000,0.43059842,0.00000000,0.00000000,0.00000000,0.00097350,0.00000000,0.00000000,0.01585569,0.00000000,0.00498913,0.00000000,0.00000000,0.00000000,0.00000000,0.00000000,0.01087270,0.00000000,0.00000000,0.00000000,0.00000000,0.00000000,0.00000000,0.00640304,0.00209410,0.02030092,0.00000000,0.00000000,0.02180081,0.00000000,0.00000000,0.00000000,0.00000000,0.06123986,0.02835720,0.00000000,0.00000000,0.00000000,0.00000000,0.00000000,0.00000000,0.00000000,0.00000000,0.00000000,0.00000000,0.00000000,0.00000000,0.00000000,0.00000000,0.00000000,0.00000000,0.00000000,0.00000000,0.00000000,0.00000000,0.00000000,0.00000000,0.00000000,0.00000000,0.00000000,0.00000000,0.00000000,0.00000000,0.00000000,0.00000000,0.00000000,0.00057319,0.00000000,0.00000000,0.00000000,0.00000000,0.00000000,0.00000000,0.00000000,0.00000000,0.00000000,0.00000000,0.00962625,0.00000000,0.00000000,0.00000000,0.00000000,0.00000000,0.00000000,0.00000000,0.00274434,0.00000000,0.00000000,0.00000000,0.00000000,0.00000000,0.00480179,0.00000000,0.00000000,0.00000000,0.00000000,0.00000000,0.00000000,0.00000000,0.00000000,0.01035595,0.00000000,0.00000000,0.00000000,0.00000000,0.00000000,0.00274034,0.00000000,0.03624164,0.73147227,0.00000000,0.00000000,0.00000000,0.00000000,0.00000000,0.00000000,0.00000000,0.00000000,0.00000000,0.00000000,0.00000000,0.00000000,0.00113689,0.00000000,0.00000000,0.00000000,0.00000000,0.00000000,0.00000000,0.02568247,0.00274332,0.00495705,0.00000000,0.00000000,0.00000000,0.03400739,0.01503661,0.00000000,0.00000000,0.04575083,0.00000000,0.00000000,0.00000000,0.00000000,0.00000000,2.09083045,0.00000000,0.00000000,0.00000000,0.00000000,0.00000000,0.00000000,0.00000000,0.00000000,0.00000000,0.00000000,0.00000000,0.00000000,0.00000000,0.00000000,0.00000000,0.00000000,0.00000000,0.00000000,0.00000000,0.00000000,0.00000000,0.00000000,0.00000000,0.00000000,0.00000000,0.00000000,0.00000000,0.00880099,0.00000000,0.03975354,0.00000000,0.00000000,0.00000000,0.00000000,0.00294646,0.00000000,0.00000000,0.00000000,0.00000000,0.01239930,0.00000000,0.00000000,0.00417397,0.00000000,0.00000000,0.00000000,0.00000000,0.00000000,0.23045451
0.00000000,0.00000000,0.15845208,0.00000000,0.00000000,0.00000000,0.00000000,0.00000000,0.06445894,0.00000000,0.00000000,0.00000000,0.00000000,0.00000000,0.00098957,0.00000000,0.00000000,0.00889461,0.00000000,0.00000000,0.00000000,0.00000000,0.00000000,0.00901003,0.00000000,0.00000000,0.00000000,0.00000000,0.00000000,0.00000000,0.00000000,0.00000000,0.00311090,0.00000000,0.00000000,0.00000000,0.00000000,0.00820038,0.00000000,0.00000000,0.00000000,0.00000000,0.00425657,0.00000000,0.01811127,0.00000000,0.00000000,0.00000000,0.08147888,0.00000000,0.00000000,0.00000000,0.00000000,0.00000000,0.00000000,0.00000000,0.00104764,0.00000000,0.00000000,0.00000000,0.00000000,0.00000000,0.00000000,0.00175948,0.00000000,0.00000000,0.00000000,0.00000000,0.00000000,0.00000000,0.00000000,0.00000000,0.05645381,0.00233835,0.00000000,0.08089999,0.00000000,0.00000000,0.00000000,0.00000000,0.00000000,0.00000000,0.01026511,0.00000000,0.00000000,0.00000000,0.00000000,0.00000000,0.00000000,0.00000000,0.02806891,0.00000000,0.00000000,0.00000000,0.00000000,0.00000000,0.00000000,0.00000000,0.00000000,0.00000000,0.00000000,0.00000000,0.00000000,0.00254513,0.00000000,0.00000000,0.00000000,0.00000000,0.00000000,0.00000000,0.00000000,0.00000000,0.00000000,0.00000000,0.00000000,0.00000000,0.00000000,0.00000000,0.00000000,0.00000000,0.00000000,0.00000000,0.00000000,0.00125287,0.00000000,0.00000000,0.00000000,0.00000000,0.00000000,0.00251413,0.00000000,0.00000000,0.00000000,0.00000000,0.00000000,0.00000000,0.00000000,0.00000000,0.00000000,0.00105247,0.00000000,0.00000000,0.01047400,0.00000000,0.00000000,0.00000000,0.00000000,0.00000000,0.00000000,0.00000000,0.00000000,0.00000000,0.00000000,0.00000000,0.02465150,0.03355047,0.01425744,0.00000000,0.00000000,0.00000000,0.00000000,0.00000000,0.00000000,0.00000000,0.04360089,0.00000000,0.00000000,0.00000000,0.00000000,0.00000000,0.00000000,0.00000000,0.00000000,0.00083601,0.00000000,0.00000000,0.00000000,0.00000000,0.00000000,0.01609812,0.00000000,3.93576935,0.00000000,0.00000000,0.00000000,0.00000000,0.00000000,0.00000000,0.00073992,0.00000000,0.00000000,0.00154447,0.00000000,0.00000000,0.00000000,0.00000000,0.00000000,0.00000000,0.00000000,0.00000000,0.00000000,0.00000000,0.03416012,0.00000000,0.00000000,0.00000000,0.02744130,0.00000000,0.00212825,0.00000000,0.00000000,0.00000000,0.01120916,0.02112741,0.00000000,0.21431866,0.00000000,0.00000000,0.00000000,0.00000000,0.00000000,0.00000000,0.00000000,0.00000000,0.00000000,0.00000000,0.00000000,0.00000000,0.00000000,0.00000000,0.00000000,0.00000000,0.00000000,0.00000000,0.00000000,0.00000000,0.00000000,0.00000000,0.00270104,0.00000000,0.00000000,0.00000000,0.00058136,0.00000000,0.00000000,0.00000000,0.00000000,0.00961586,0.00000000,0.00000000,0.00000000,0.00359124,0.00000000,0.00000000,0.00000000,0.00000000,0.00000000,0.00000000,0.00000000,0.00000000,0.00000000,0.00444284,0.22025532,0.00000000,0.00000000,0.00000000,0.00000000,0.00000000,0.00000000,0.00000000,0.00000000,0.00000000,0.00000000,0.00000000,0.00000000,0.00000000,0.00000000,0.00000000,0.00000000,0.00000000,0.00000000,0.00000000,0.00000000,0.00000000,0.00000000,0.00000000,0.00000000,0.00000000,0.00000000,0.00000000,0.00000000,0.00000000,0.03453475,0.00000000,0.00000000,0.02206770,0.00000000,0.00000000,0.00000000,0.00000000,0.00450175,0.00000000,0.00000000,0.00000000,0.01420867,0.00000000,0.00000000,0.00000000,0.00000000,0.00000000,0.00000000,0.00000000,0.00000000,0.00000000,0.00000000,0.00000000,0.00000000,0.00000000,0.00000000,0.00000000,0.00000000,0.00000000,0.00000000,0.00000000,0.00000000,0.00000000,0.00000000,0.12017136,0.00000000,0.00000000,0.00000000,0.00000000,0.00078129,0.00000000,0.00000000,0.00000000,0.03681781,0.00000000,0.00000000,0.00000000,0.00000000,0.01424780,0.00000000,0.00000000,0.00000000,0.00000000,0.20152437,0.00000000,0.00000000,0.01533525,0.00000000,0.00000000,0.00000000,0.00000000,0.00000000,0.11035396,0.00000000,0.00000000,0.00000000,0.00000000,0.00000000,0.00441440,0.02468833,0.00232236,0.00000000,0.00000000,0.00000000,0.00000000,0.00000000,0.00287549,0.00000000,0.00000000,0.00000000,0.00000000,0.00000000,0.00000000,0.00000000,0.00000000,0.00000000,0.00000000,0.00000000,0.00113661,0.00000000,0.00000000,0.00000000,0.00000000,0.00000000,0.00000000,0.00393917,0.00000000,0.00000000,0.00000000,0.00000000,0.00000000,0.00000000,0.00000000,0.00000000,0.00000000,0.00000000,0.00000000,0.00000000,0.00000000,0.00000000,0.00000000,0.09710194,0.00000000,0.00000000,0.00000000,0.06107882,0.00000000,0.00000000,0.00000000,0.01767966,0.00000000,0.00884054,0.00394218,0.00000000,0.00000000,0.00000000,0.00000000,0.00000000,0.00000000,0.00000000,0.00000000,0.90159363,0.00000000,0.02010018,0.00000000,0.00000000,0.02755292,0.00000000,0.00000000,0.00000000,0.00000000,0.00000000,0.00000000,0.00000000,0.00000000,0.00000000,0.00000000,0.00000000,0.00000000,0.00000000,0.00000000,0.00000000,0.00000000,0.00000000,0.00000000,0.00000000,0.00000000,0.00000000,0.00702255,0.00206288,0.28895016,0.00000000,0.00000000,0.00000000,0.00000000,0.00000000,0.00527149,0.00000000,0.00000000,0.00047417,0.00000000,0.00000000,0.00000000,0.00000000,0.00205182,0.00000000,0.01120184,0.00000000,0.01234845,0.00000000,0.00872255,0.00000000,0.00000000,0.00000000,0.00758921,0.00000000,0.01593423,0.00000000,0.00000000,0.00000000,0.00000000,0.00000000,0.00000000,0.00000000,0.00000000,0.00000000,0.00000000,0.03191914,0.00000000,0.00000000,0.00000000,0.00000000,0.00000000,0.00000000,0.00000000,0.00484719,0.04157786,0.00000000,0.00000000,0.00000000,0.00287610,0.00000000,0.00000000,0.00000000,0.00000000,0.00000000,0.00000000,0.00000000,0.00000000,0.00000000,0.00000000,0.00000000,0.00000000,0.00000000,0.04197539,0.00000000,0.00000000,0.00000000,0.00000000,0.02627578,0.00000000,0.00000000,0.00000000,0.00000000,0.00553076,0.00000000,0.00000000,0.00000000,0.00000000,0.05552378,0.00000000,0.00000000,0.00000000,0.00000000,0.00000000,0.00000000,0.00000000,0.03610688,0.03159493,0.00000000,0.00000000,0.00000000,0.00000000,0.00000000,0.00000000,0.00000000,0.00000000,0.00000000,0.00000000,0.00000000,0.00000000,0.00000000,0.00000000,0.00000000,0.00000000,0.00000000,0.00000000,0.00000000,0.00000000,0.00000000,0.00000000,0.00000000,0.00000000,0.00225280,0.00000000,0.00000000,0.00000000,0.00000000,0.00000000,0.00000000,0.00000000,0.00000000,0.00000000,0.00000000,0.00000000,0.00000000,0.00000000,0.00000000,0.00000000,0.00000000,0.00000000,0.00000000,0.01431534,0.00000000,0.00000000,0.00259531,0.11875921,0.00000000,0.01364143,0.00000000,0.00000000,0.00000000,0.00000000,0.00000000,0.00000000,0.00000000,0.00000000,0.00000000,0.00000000,0.00000000,0.00000000,0.00000000,0.00000000,0.00000000,0.00000000,0.00000000,0.01352404,0.00000000,0.00000000,0.00000000,0.00000000,0.00000000,0.00000000,0.00000000,0.00000000,0.00000000,0.00000000,0.00314593,0.00000000,0.00000000,0.00000000,0.00000000,0.00385432,0.00000000,0.00000000,0.00000000,0.00000000,0.68919992,0.00000000,0.00000000,0.00000000,0.00000000,0.00296363,0.00000000,0.00000000,0.00000000,0.00000000,0.00000000,0.00436614,0.00000000,0.00000000,0.00000000,0.00000000,0.00000000,0.00000000,0.00000000,0.00000000,0.00000000,0.00000000,0.00000000,0.00000000,0.00000000,0.00000000,0.00235308,0.00000000,0.00000000,0.00000000,0.00000000,0.00000000,0.00000000,0.00000000,0.00000000,0.00000000,0.00000000,0.00000000,0.00000000,0.00000000,0.00000000,0.00000000,0.00000000,0.98664668,0.00000000,0.00000000,0.00000000,0.00000000,0.00000000,0.00000000,0.00000000,0.00000000,0.00000000,0.00000000,0.00000000,0.00000000,0.00000000,0.00000000,0.00000000,0.00000000,0.00000000,0.40944856,0.00000000,0.00000000,0.00000000,0.00000000,0.00000000,0.00000000,0.00000000,0.00000000,0.00000000,0.00000000,0.00000000,0.00245579,0.00000000,0.00000000,0.00375587,0.00000000,0.00000000,0.00000000,0.00000000,0.00000000,0.00000000,0.00000000,0.00000000,0.00000000,0.14589817,0.00000000,0.00000000,0.00000000,0.00000000,0.00000000,0.00000000,0.00000000,0.00000000,0.00000000,0.00000000,0.00000000,0.00000000,0.00000000,0.00000000,0.00894736,0.00000000,0.05897946,0.00000000,0.00000000,0.00000000,0.00000000,0.00000000,0.00000000,0.00215105,0.00000000,0.00000000,0.00000000,0.00000000,0.00000000,0.00000000,0.00000000,0.00000000,0.00000000,0.00390110,0.00000000,0.90161782,0.00000000,0.00000000,0.00000000,0.00000000,0.00000000,0.00000000,0.00000000,0.00000000,0.00000000,0.00000000,0.00000000,0.00000000,0.00000000,0.00000000,0.00000000,0.00000000,0.00000000,0.00000000,0.01537043,0.00000000,0.00000000,0.00000000,0.00000000,0.00000000,0.00000000,0.00000000,0.00000000,0.00000000,0.00000000,0.00000000,0.00000000,0.00000000,0.00000000,0.00000000,0.01158308,0.00000000,0.02890239,0.00000000,0.00000000,0.00000000,0.00000000,0.00000000,0.00000000,0.00000000,0.00000000,0.00000000,0.00000000
0.00000000,0.00000000,0.00000000,0.00000000,0.00000000,0.00000000,0.00000000,0.00000000,0.00000000,0.00000000,0.00000000,0.00000000,0.00000000,0.00000000,0.01282605,0.00000000,0.00214685,0.00000000,0.00000000,0.00000000,0.00000000,0.00000000,0.00000000,0.00000000,0.00000000,0.00000000,0.00000000,0.00000000,0.00000000,0.00000000,0.00000000,0.00498693,0.00000000,0.00000000,0.00000000,0.00000000,0.00000000,0.00000000,0.00164533,0.00000000,0.00000000,0.00000000,0.00000000,0.00000000,0.03899044,0.02683841,0.00000000,0.00000000,0.00000000,0.00000000,0.00000000,0.00250682,0.02806196,0.00122020,0.00000000,0.00419191,0.04545616,0.00000000,0.00000000,0.00000000,0.00000000,0.00000000,0.00000000,0.00000000,0.00000000,0.01553005,0.00000000,0.00000000,0.00200845,0.00000000,0.00000000,0.00000000,0.00000000,0.00000000,0.00000000,0.00000000,0.00000000,0.00000000,0.00000000,0.00000000,0.00000000,0.02873869,0.00000000,0.00000000,0.00000000,0.00373002,0.00000000,0.00000000,0.00000000,0.00000000,0.00000000,0.00000000,0.00000000,0.00000000,0.00000000,0.00000000,0.00000000,0.00000000,0.00000000,0.00000000,0.00000000,0.00000000,0.00000000,0.00000000,0.00000000,0.00951156,0.00000000,0.00000000,0.00000000,0.00000000,0.00000000,0.00000000,0.00000000,0.01447981,0.01163585,0.00000000,0.00000000,0.00000000,0.00000000,0.00000000,0.00000000,0.00000000,0.00000000,0.00000000,0.00104154,0.00000000,0.00000000,0.00263595,0.00000000,0.00000000,0.00539025,0.00000000,0.00000000,0.00000000,0.00000000,0.00000000,0.00188030,0.00000000,0.00000000,0.00000000,0.00000000,0.00000000,0.00000000,0.00000000,0.00000000,0.00000000,0.00000000,0.00000000,0.00000000,0.00000000,0.00000000,0.00000000,0.00000000,0.00000000,0.00000000,0.00000000,0.00000000,0.13061927,0.00000000,0.00000000,0.00000000,0.00000000,0.00000000,0.00000000,0.00000000,0.00000000,0.00000000,0.00000000,0.00000000,0.00000000,0.00000000,0.00000000,0.00000000,0.00000000,0.00000000,0.00000000,0.00000000,0.00000000,0.00000000,0.01107502,0.00000000,0.00000000,0.00000000,0.01859807,0.00000000,0.00000000,0.00000000,0.00000000,0.00000000,0.00372105,0.00000000,0.00444486,0.00000000,0.00000000,0.00000000,0.00000000,0.13317939,0.00000000,0.00000000,0.00108400,0.00000000,0.00000000,0.00000000,0.00000000,0.00000000,0.00000000,0.00000000,0.05617363,0.00000000,0.00000000,0.00000000,1.51252587,0.00000000,0.00000000,0.00000000,0.00000000,0.00000000,0.01289962,0.00000000,0.00000000,0.00000000,0.00000000,0.00000000,0.00000000,0.00108849,0.00000000,0.00000000,0.00000000,0.00000000,0.00000000,0.02728183,0.00000000,0.00000000,0.02474443,0.00000000,0.00000000,0.02106475,0.00000000,0.00000000,0.00000000,0.00000000,0.00987072,0.00000000,0.00652862,0.00000000,0.05882824,0.00000000,0.00000000,0.00000000,0.00000000,0.00000000,0.00119294,0.00000000,0.00000000,0.00000000,0.00000000,0.00000000,0.00000000,0.00000000,0.00000000,0.00000000,0.00000000,0.00000000,0.00000000,0.00000000,0.00000000,0.00000000,0.00000000,0.00000000,0.00000000,0.00000000,0.00000000,0.00000000,0.00000000,0.00000000,0.00000000,0.00411274,0.00000000,0.00000000,0.00000000,0.00000000,0.01210840,0.00000000,0.00000000,0.00124635,0.00000000,0.00000000,0.00000000,0.00000000,0.00000000,0.00000000,0.00000000,0.00000000,0.00000000,0.00000000,0.00000000,0.00252246,0.00000000,0.00000000,0.00000000,0.00000000,0.00000000,0.00000000,0.00000000,0.00000000,0.00000000,0.00000000,0.00000000,0.00000000,0.00000000,0.00000000,0.00000000,0.00000000,0.00000000,0.00000000,0.00000000,0.00000000,0.04462022,0.00831956,0.00000000,0.00000000,0.00000000,0.00000000,0.00000000,0.00000000,0.00000000,0.00000000,0.00000000,0.00000000,0.00000000,0.00000000,0.00000000,0.00118281,0.00000000,0.00000000,0.00000000,0.00000000,0.01482699,0.00000000,0.00000000,0.00000000,0.00000000,0.00000000,0.00000000,0.00000000,0.00000000,0.00000000,0.00000000,0.00000000,0.00000000,0.00000000,0.02802442,0.00000000,0.00000000,0.00000000,0.00000000,0.00000000,0.00876320,0.00000000,0.00000000,0.00000000,0.00000000,0.00000000,0.00000000,0.00000000,0.00000000,0.00000000,0.04549971,0.00000000,0.00000000,0.00000000,0.00000000,0.00000000,0.00617449,0.00000000,0.00000000,0.00000000,0.00000000,0.00000000,0.00000000,0.00000000,0.01020258,0.00000000,0.00000000,0.00000000,0.00189713,0.00000000,0.00000000,0.00000000,0.00000000,0.00000000,0.00000000,0.00000000,0.00000000,0.00000000,0.00000000,0.00000000,0.01207332,0.00000000,0.00000000,0.00000000,0.00315272,0.00000000,0.00000000,0.00440724,0.00000000,0.00922075,0.11845890,0.00000000,0.00000000,0.00000000,0.00000000,0.06797700,0.00000000,0.00000000,0.00000000,0.01152889,0.00000000,0.00000000,0.00000000,0.00000000,0.00204006,0.00000000,0.00000000,0.00000000,0.00281737,0.45742012,0.00000000,0.00000000,0.00000000,0.36301705,0.00000000,0.00000000,0.00000000,0.00000000,0.00000000,0.00000000,0.00000000,0.00000000,0.00000000,0.00000000,0.00000000,0.00578526,0.00000000,0.00000000,0.00000000,0.00000000,0.00000000,0.00000000,0.00000000,0.00465595,0.00000000,0.00000000,0.00000000,0.00000000,0.00154139,0.00000000,0.00000000,0.00058815,0.00000000,0.21543837,0.00000000,0.00000000,0.00000000,0.00000000,0.00000000,0.00000000,0.00000000,0.00000000,0.01620813,0.00000000,0.00000000,0.00000000,0.01884448,0.00000000,0.00000000,0.00000000,0.00000000,0.00000000,0.00000000,0.00000000,0.00000000,0.00000000,0.00000000,0.00000000,0.00000000,0.06215477,0.00000000,0.00000000,0.00000000,0.00000000,0.00000000,0.00000000,0.00000000,0.00000000,0.00000000,0.00000000,0.00000000,0.00000000,0.00615450,0.00000000,0.00000000,0.00000000,0.00000000,0.00247694,0.00000000,0.00456407,0.00000000,0.00260573,0.00000000,0.00000000,0.00000000,0.00000000,0.00000000,0.00000000,0.00000000,0.00181263,0.00000000,0.00000000,0.00000000,0.00000000,0.00000000,0.03738866,0.00000000,0.00000000,0.00000000,0.00000000,0.00000000,0.00000000,0.00000000,0.00000000,0.00000000,0.01486515,0.00000000,0.00000000,0.01146735,0.00000000,0.00000000,0.00000000,0.00000000,0.00000000,0.00000000,0.00000000,0.00000000,0.00000000,0.00000000,0.00000000,0.00000000,0.00000000,0.00578895,0.55510934,0.00000000,0.16496770,0.00000000,0.00000000,0.00000000,0.00000000,0.00000000,0.00000000,0.00000000,0.00000000,0.00000000,0.00000000,0.00000000,0.00000000,0.00000000,0.00000000,0.00000000,0.00758303,0.00000000,0.00000000,0.00000000,0.00000000,0.01959124,0.00000000,0.00000000,0.00000000,0.00000000,0.00000000,0.00000000,0.00000000,0.00000000,0.00000000,0.00000000,0.00000000,0.00250262,0.00000000,0.00000000,0.00000000,0.00000000,0.01809863,0.00000000,0.00000000,0.00000000,0.00000000,0.00000000,0.00380619,0.01870431,0.00000000,0.00000000,0.00000000,0.00000000,0.00000000,0.00000000,0.00000000,0.00000000,0.00000000,0.00000000,0.00000000,0.00000000,0.00000000,0.00000000,0.00000000,0.00000000,0.00000000,0.00000000,0.00000000,0.00854912,0.00000000,0.00000000,0.00000000,0.00000000,0.00000000,0.00000000,0.00000000,0.00000000,0.00000000,0.00000000,0.62369515,0.00000000,0.00000000,0.00193815,0.00000000,0.00000000,0.00000000,0.00000000,0.00000000,0.00272273,0.00000000,0.00525546,0.00000000,0.00000000,0.04230576,0.00000000,0.00000000,0.00000000,0.00000000,0.00000000,0.00000000,0.00000000,0.00000000,0.00000000,0.00747901,0.00000000,0.00946667,0.00000000,0.00000000,0.00000000,0.00000000,0.00000000,0.00000000,0.00000000,0.00000000,0.00000000,0.00000000,0.00000000,0.00000000,0.00000000,0.00000000,0.00000000,0.00000000,0.00000000,0.00000000,0.00000000,0.00505423,0.00000000,0.01685194,0.00000000,0.00000000,0.00000000,0.00000000,0.00000000,0.00000000,0.00000000,0.00000000,0.05262487,0.00000000,0.00000000,0.00000000,0.00000000,0.00000000,0.00524039,0.41249929,0.00000000,0.00000000,0.00000000,0.00832228,0.00000000,0.00000000,0.00000000,0.00000000,0.00000000,0.00000000,0.00000000,0.00000000,0.00000000,0.00000000,0.00000000,0.00000000,0.00000000,0.00000000,0.00000000,0.00000000,0.26470103,0.00000000,0.00000000,0.00000000,0.00000000,0.00000000,0.00000000,0.00721761,0.00000000,0.00000000,0.00314543,0.00000000,0.00000000,0.00000000,0.00000000,0.00000000,0.00000000,0.00000000,0.00000000,0.00000000,0.00000000,0.00108928,0.00000000,0.00000000,0.00000000,0.00000000,0.00000000,0.00000000,0.00000000,0.00000000,0.00000000,0.00400295,0.00000000,0.00000000,0.00000000,0.00000000,0.00000000,0.00000000,0.00000000,0.00000000,0.00000000,0.00000000,0.00000000,0.00000000,0.00000000,0.00000000,0.00000000,0.00000000,0.00000000,0.00000000,0.00000000,0.00000000,0.01288260,0.00000000,0.00000000,0.00000000,0.00000000,0.00000000,0.00000000,0.00000000,0.00000000,0.00000000,0.00000000,0.00000000,0.00124161,0.03047335,0.00078774,0.00000000,0.00000000,0.00000000,0.00000000,0.00000000,0.00000000,0.00000000,0.00000000,0.00000000,0.00000000,0.00000000,0.00000000,0.00000000,0.00000000,0.00000000,0.00000000,0.00000000,0.00000000,0.04096784,0.00000000
0.00000000,0.00000000,0.00000000,0.25771727,0.00000000,0.10162882,0.00000000,0.00000000,0.00000000,0.00000000,0.00000000,0.00000000,0.00000000,0.00000000,0.00000000,0.00000000,0.00000000,0.00000000,0.00000000,0.00000000,0.00000000,0.00000000,0.03127815,0.00000000,0.00000000,0.00000000,0.00000000,0.02097076,0.00000000,0.00000000,0.00000000,0.00000000,0.00000000,0.00000000,0.00000000,0.00079227,0.00173847,0.00000000,0.00000000,0.00000000,0.00000000,0.00324248,0.00000000,0.00000000,0.00000000,0.00000000,0.00000000,0.00000000,0.00000000,0.00000000,0.00000000,0.00000000,0.00000000,0.00000000,0.00000000,0.00000000,0.00000000,0.00000000,0.00000000,0.00124843,0.00000000,0.00000000,0.05034436,0.00000000,0.00000000,0.00000000,0.00000000,0.00000000,0.00000000,0.00000000,0.00000000,0.00000000,0.00000000,0.00000000,0.02710925,0.00000000,0.00000000,0.00000000,0.00000000,0.00000000,0.00000000,0.00000000,0.00000000,0.00000000,0.00000000,0.02406004,0.01326350,0.00000000,0.00000000,0.00000000,0.00000000,0.01806493,0.01305119,0.00000000,0.00000000,0.00000000,0.00000000,0.00000000,0.00000000,0.00000000,0.00270712,0.00000000,0.00000000,0.00000000,0.00000000,0.00000000,0.00000000,0.00000000,0.00000000,0.00000000,0.00302425,0.00000000,0.00000000,0.00000000,0.00000000,0.00120165,0.00000000,0.00000000,0.00000000,0.10069666,0.27982389,0.00000000,0.00000000,0.00070040,0.00000000,0.00000000,0.00000000,0.00000000,0.00000000,0.00000000,0.00000000,0.00000000,0.00000000,0.00000000,0.00000000,0.00000000,0.02051533,0.00000000,0.00000000,0.00000000,0.00000000,0.02212716,0.00000000,0.05514512,0.00000000,0.00000000,0.00000000,0.00000000,0.00000000,0.00000000,0.00000000,0.00000000,0.00000000,0.00000000,0.00000000,0.00000000,0.00000000,0.00000000,0.00000000,0.00000000,0.00228788,0.00000000,0.00000000,0.00000000,0.00000000,0.00000000,0.00000000,0.00596349,1.24062969,0.00000000,0.00000000,0.00000000,0.00000000,0.00000000,0.00000000,0.00000000,0.00000000,0.00000000,0.00000000,0.00588360,0.00857179,0.00000000,0.01363701,0.00000000,0.00000000,0.04028764,0.00000000,0.00000000,0.00000000,0.00000000,0.00000000,0.00000000,0.00000000,0.02703739,0.00000000,0.00000000,0.00000000,0.00000000,0.00000000,0.00000000,0.00000000,0.00000000,0.00000000,0.00000000,0.00000000,0.00259818,0.00000000,0.00000000,0.01912078,0.00000000,0.00000000,0.00000000,0.00000000,0.00000000,0.00000000,0.00000000,0.00000000,0.00000000,0.00810226,0.00000000,0.00000000,0.00000000,0.00111277,0.00000000,0.00000000,0.00000000,0.00000000,0.00000000,0.00000000,0.00000000,0.00000000,0.00099787,0.00000000,0.00000000,0.00000000,0.00000000,0.00000000,0.00000000,0.02294189,0.00000000,0.00000000,0.00000000,0.00000000,0.00000000,0.00000000,0.00000000,0.00000000,0.00000000,0.00000000,1.15227971,0.00000000,0.00000000,0.00000000,0.00000000,0.00000000,0.00000000,0.00000000,0.00000000,0.00000000,0.00000000,0.00000000,0.00000000,0.00000000,0.00000000,0.00000000,0.00000000,0.00000000,0.00000000,0.00000000,0.03429559,0.00000000,0.00000000,0.00000000,0.00000000,0.00000000,0.00000000,0.00000000,0.00000000,0.00000000,0.00000000,0.00000000,0.00000000,0.00000000,0.00000000,0.00000000,0.00000000,0.02127705,0.00000000,0.00000000,0.00000000,0.00000000,0.00000000,0.00707165,0.01024345,1.82708913,0.00000000,0.00000000,0.00000000,0.01754184,0.00000000,0.00000000,0.00000000,0.00000000,0.00000000,0.00000000,0.00000000,0.00000000,0.00000000,0.00000000,0.00000000,0.00000000,0.00000000,0.00000000,0.00000000,0.00000000,0.00000000,0.00000000,0.00000000,0.00000000,0.00000000,0.00000000,0.00000000,0.00000000,0.00000000,0.00000000,0.00000000,0.00000000,0.00000000,0.00000000,0.00000000,0.00000000,0.04368209,0.00000000,0.00000000,0.11443279,0.00000000,0.00000000,0.00000000,0.00000000,0.00000000,0.00218103,0.00000000,0.00000000,0.00243928,0.00000000,0.00000000,0.00000000,0.00000000,0.00000000,0.00000000,0.00000000,0.00000000,0.00000000,0.00000000,0.00000000,0.00000000,0.01588773,0.00000000,0.00000000,0.00000000,0.00000000,0.00000000,0.00000000,0.00000000,0.00000000,0.00000000,0.00000000,0.00000000,0.00000000,0.00000000,0.03026055,0.00000000,0.00000000,0.00000000,0.00000000,0.06718047,0.00000000,0.00000000,0.00000000,0.01050732,0.00000000,0.00000000,0.00000000,0.00000000,0.00000000,0.00000000,0.00000000,0.00000000,0.00000000,0.00000000,0.00000000,0.00000000,0.00000000,0.00000000,0.00000000,0.00000000,0.00000000,0.00000000,0.00000000,0.00000000,0.00000000,0.00000000,0.00000000,0.00000000,0.00000000,0.00000000,0.00000000,0.00000000,0.00000000,0.00000000,0.00000000,0.00000000,0.00000000,0.00830321,0.00359202,0.00000000,0.06060808,0.00000000,0.00000000,0.00000000,0.00000000,0.00000000,0.00565479,0.00000000,0.00000000,0.00000000,0.00000000,0.00000000,0.00000000,0.00000000,0.00000000,0.00221162,0.00000000,0.00000000,0.00000000,0.00000000,0.02762152,0.00000000,0.00671019,0.00000000,0.00000000,0.00000000,0.00000000,0.00000000,0.00000000,0.00000000,0.03291384,0.00000000,0.00000000,0.00000000,0.00000000,0.00000000,0.00000000,0.00592913,0.00000000,0.00000000,0.00000000,0.00000000,0.00000000,0.00000000,0.00000000,0.00107254,0.00834855,0.00000000,0.00000000,0.00000000,0.00000000,0.00000000,0.01958702,0.00000000,0.00000000,0.00000000,0.00000000,0.00000000,0.00000000,0.00790483,0.00737537,0.00000000,0.00000000,0.00000000,0.00000000,0.00000000,0.00000000,0.00000000,0.00000000,0.00000000,0.00000000,0.00000000,0.03037611,0.00000000,0.00000000,0.00000000,0.00000000,0.00000000,0.01134516,0.00000000,0.00000000,0.01921199,0.00000000,0.00000000,0.00000000,0.00000000,0.00000000,0.00000000,0.00000000,0.00098045,0.00186211,0.00000000,0.00000000,0.00000000,0.00000000,0.00000000,0.00000000,0.00000000,0.00000000,0.00209569,0.00000000,0.00000000,0.00000000,0.00000000,0.07214001,0.00000000,0.00000000,0.00000000,0.00000000,0.00000000,0.00000000,0.00000000,0.00000000,0.00000000,0.00000000,0.00000000,0.00514984,0.00000000,0.00000000,0.00000000,0.00000000,0.00000000,0.00000000,0.01825474,0.00000000,0.00000000,0.00000000,0.00000000,0.00000000,0.00000000,0.00000000,0.00000000,0.00000000,0.00000000,0.00000000,0.00000000,0.00307745,0.00000000,0.00000000,0.00000000,0.00000000,0.00000000,0.00000000,0.02148944,0.00000000,0.00000000,0.01937618,0.00000000,0.00232550,0.01139044,0.00000000,0.23606168,0.00000000,0.00000000,0.00000000,0.00000000,0.00000000,0.00000000,0.00000000,0.00267079,0.00000000,0.00595884,0.00000000,0.00000000,0.00000000,0.00000000,0.00000000,0.00000000,0.00000000,0.00000000,0.00000000,0.00000000,0.00188679,0.00071925,0.00000000,0.00000000,0.00000000,0.00000000,0.00000000,0.00000000,1.12840781,0.00000000,0.01018063,0.00000000,0.00000000,0.00000000,0.00000000,0.02208512,0.00000000,0.00000000,0.00000000,0.00000000,0.00000000,0.00000000,0.00000000,0.00000000,0.00000000,0.00000000,0.00000000,0.05649981,0.00000000,0.00000000,0.00000000,0.00000000,0.00818395,0.00749441,0.00000000,0.00000000,0.00000000,0.00000000,0.00141142,0.00000000,0.00000000,0.00758294,0.00000000,0.00000000,0.00000000,0.00000000,0.00000000,0.00000000,0.02049826,0.00000000,0.05628585,0.00000000,0.00000000,0.00000000,0.00000000,0.00000000,0.00462979,0.00000000,0.00000000,0.00000000,0.00000000,0.00000000,0.00000000,0.00000000,0.28959579,0.00000000,0.00000000,0.00000000,0.00000000,0.00000000,0.00000000,0.00000000,0.01567408,0.00000000,0.00000000,0.00055592,0.00000000,0.00000000,0.00000000,0.00000000,0.00000000,0.00000000,0.00000000,0.00000000,0.00000000,0.00000000,0.00000000,0.00000000,0.00000000,0.00000000,0.00000000,0.00000000,0.00000000,0.00000000,0.00000000,0.00000000,0.00000000,0.00000000,0.00000000,0.00000000,0.00000000,0.00580163,0.00000000,0.00000000,0.00000000,0.00000000,0.00000000,0.00000000,0.00000000,0.00613780,0.00000000,0.00000000,0.00000000,0.00000000,0.00000000,0.00000000,0.00000000,0.00000000,0.00000000,0.00000000,0.00000000,0.03721814,0.00000000,0.00000000,0.00206090,0.00000000,0.00000000,0.00000000,0.00000000,0.00000000,0.00000000,0.00000000,0.00000000,0.00000000,0.00000000,0.00000000,0.00000000,0.00589604,0.00000000,0.00000000,0.00000000,0.00000000,0.34884304,0.00000000,0.00000000,0.00000000,0.00231328,0.00000000,0.00000000,0.00000000,0.00000000,0.00000000,0.00000000,0.00000000,0.00000000,0.00237269,0.00000000,0.00000000,0.00000000,0.00000000,0.00000000,0.00000000,0.00000000,0.00000000,0.00000000,0.00000000,0.00000000,0.00000000,0.00000000,0.00562292,0.04088839,0.00000000,0.00546442,0.02576274,0.00000000,0.00000000,0.00000000,0.00000000,0.00000000,0.00000000,0.00000000,0.00000000,0.00000000,0.00000000,0.00000000,0.00000000,0.00000000,0.00000000,0.00000000,0.00000000,0.00000000,0.00000000,0.00000000,0.00000000,0.00000000,0.00000000,0.02353825,0.00000000,0.00000000,0.00000000,0.00000000,0.01547482,0.00000000,0.00000000,0.00261171,0.00000000,0.00000000,0.00000000,0.00000000,0.00000000,0.00000000,0.00000000
0.00000000,0.00000000,0.00000000,0.00000000,0.00000000,0.00000000,0.00000000,0.00000000,0.00000000,0.00000000,0.00305881,0.00000000,0.00000000,0.00000000,0.00000000,0.00000000,0.00000000,0.00000000,0.01288764,0.00000000,0.00000000,0.00000000,0.00000000,0.00000000,0.00000000,0.00000000,0.00000000,0.00000000,0.00000000,0.00000000,0.23024546,0.00000000,0.00000000,0.00000000,0.01070938,0.00000000,0.00000000,0.00138900,0.00000000,0.00000000,1.04263879,0.00000000,0.00000000,0.00000000,0.00000000,0.00000000,0.00000000,0.00000000,0.00000000,0.00000000,0.00000000,0.00000000,0.00000000,0.00000000,0.00000000,0.00000000,0.00000000,0.00000000,0.00000000,0.00000000,0.00000000,0.00286159,0.00000000,0.00000000,0.00128823,0.00000000,0.00000000,0.00000000,0.00000000,0.00000000,0.00000000,0.00000000,0.00000000,0.00000000,0.00145043,0.00000000,0.01570472,0.00000000,0.00000000,0.00000000,0.00000000,0.00000000,0.00000000,0.00000000,0.00000000,3.17751930,0.00000000,0.00000000,0.00000000,0.00000000,0.00000000,0.00000000,0.00000000,0.00000000,0.00000000,0.00000000,0.00000000,0.00000000,0.01162303,0.00000000,0.00000000,0.00000000,0.00000000,0.00000000,0.00000000,0.00000000,0.00000000,0.00514042,0.00000000,0.00000000,0.00000000,0.00000000,0.00000000,0.00000000,0.00000000,0.00000000,0.00000000,0.00000000,0.00000000,0.00000000,0.00000000,0.00239362,0.00167366,0.00000000,0.02248186,0.00000000,0.00000000,0.00000000,0.00000000,0.00000000,0.00000000,0.00267963,0.00000000,0.00000000,0.00000000,0.00000000,0.00000000,0.00000000,0.00000000,0.00000000,0.00000000,0.00000000,0.00000000,0.00387990,0.00000000,0.00000000,0.00000000,0.00000000,0.00000000,0.00000000,0.00000000,0.00000000,0.00000000,0.00000000,0.00000000,0.01058553,0.00000000,0.00000000,0.00000000,0.00000000,0.00000000,0.00000000,0.00000000,0.00000000,0.00000000,0.00000000,0.03843766,0.05636372,0.00000000,0.00281927,0.00000000,0.00000000,0.00000000,0.00000000,0.00000000,0.00000000,0.00000000,0.00000000,0.00000000,0.00000000,0.00000000,0.00000000,0.00000000,0.00000000,0.00704902,0.00000000,0.00000000,0.00059819,0.00000000,0.01266939,0.00000000,0.00675292,0.00000000,1.70627296,0.00229486,0.00000000,0.00095316,0.00000000,0.00000000,0.02668796,0.00000000,0.00000000,0.00000000,0.00000000,0.00000000,0.00000000,0.00000000,0.00073054,0.00000000,0.00000000,0.00000000,0.00929375,0.00000000,0.00000000,0.00000000,0.00000000,0.00000000,0.00000000,0.00266376,0.00232205,0.00000000,0.00000000,0.00000000,0.00000000,0.00000000,0.00000000,0.00000000,0.11504946,0.00000000,0.00311975,0.00000000,0.00000000,0.00000000,0.00000000,0.00000000,0.00000000,0.00000000,0.00000000,0.00000000,0.00000000,0.00000000,0.00000000,0.00000000,0.00000000,0.00000000,0.00000000,0.00000000,0.00000000,0.00000000,0.01303405,0.00000000,0.00000000,0.00000000,0.00000000,0.00000000,0.00000000,0.00000000,0.00000000,0.00000000,0.00000000,0.00000000,0.00000000,0.00000000,0.00000000,0.00000000,0.00000000,0.00000000,0.00000000,0.00000000,0.00000000,0.00000000,0.00000000,0.00000000,0.00000000,0.00000000,0.00000000,0.00000000,0.00000000,0.00000000,0.03208326,0.00000000,0.00000000,0.00000000,0.00000000,0.00000000,0.00000000,0.00000000,0.00000000,0.00000000,0.00000000,0.00000000,0.00784386,0.00000000,0.00000000,0.00000000,0.00000000,0.00000000,0.00000000,0.00000000,0.00000000,0.00000000,0.00000000,0.00000000,1.12928966,0.00000000,0.00000000,0.00000000,0.00000000,0.00000000,0.00000000,0.01780066,0.00000000,0.03448106,0.00000000,0.00000000,0.00000000,0.00000000,0.00000000,0.00000000,0.00000000,0.00000000,0.00471569,0.00000000,0.31230353,0.00823528,0.00000000,0.00000000,0.00000000,0.00000000,0.00000000,0.00000000,0.06587195,0.00000000,0.00000000,0.00000000,0.00000000,0.00000000,0.00000000,0.00000000,0.00000000,0.00000000,0.00000000,0.00000000,0.00000000,0.00000000,0.00000000,0.00000000,0.00000000,0.00000000,0.00000000,0.00000000,0.00000000,0.00000000,0.00000000,0.11452647,0.00000000,0.00605550,0.00000000,0.00000000,0.00000000,0.00000000,0.00000000,0.00000000,0.00000000,0.00000000,0.00000000,0.00000000,0.00000000,0.00000000,0.00000000,0.00000000,0.00457040,0.00000000,0.00000000,0.00000000,0.00000000,0.00000000,0.00000000,0.00000000,0.00000000,0.00000000,0.00000000,0.00296782,0.00000000,0.00000000,0.01377000,0.00000000,0.00000000,0.00000000,0.00000000,0.00135087,0.00000000,0.00483970,0.00000000,0.00000000,0.00000000,0.00000000,0.00000000,0.00000000,0.00000000,0.00000000,0.00000000,0.00000000,0.00000000,0.00000000,0.01223576,0.02098151,0.00000000,0.00000000,0.00000000,0.00000000,0.00000000,0.00000000,0.00000000,0.00000000,0.08017341,0.00000000,0.01771475,0.00000000,0.00000000,0.00000000,0.00000000,0.00000000,0.00000000,0.00000000,0.00000000,0.00000000,0.00000000,0.00000000,0.00000000,0.00000000,0.00498507,0.00278971,0.00000000,0.00000000,0.00000000,0.00000000,0.00000000,0.00000000,0.00000000,0.00000000,0.00000000,0.00000000,0.00000000,0.00000000,0.00000000,0.00000000,0.00000000,0.00000000,0.00000000,0.01465836,0.00000000,0.00000000,0.00000000,0.00000000,0.00602518,0.00000000,0.00000000,0.00000000,0.00000000,0.00000000,0.00000000,0.00000000,0.00000000,0.00000000,0.00114767,0.00000000,0.00000000,0.00000000,0.00000000,0.00000000,0.00000000,0.00000000,0.00000000,0.00000000,0.00000000,0.00000000,0.00000000,0.00000000,0.00000000,0.00000000,0.00000000,0.00000000,0.00000000,0.00800542,0.00000000,0.00000000,0.00000000,0.00000000,0.00000000,0.00171840,0.00000000,0.00000000,0.00000000,0.00000000,0.02247074,0.00000000,0.00000000,0.00000000,0.40166958,0.00000000,0.00000000,0.00000000,0.00000000,0.00000000,0.00000000,0.00000000,0.00000000,0.00000000,0.00000000,0.00684595,0.00000000,0.00000000,0.00000000,0.00082377,0.00000000,0.00000000,0.00000000,0.00000000,0.26171105,0.00000000,0.00000000,0.00000000,0.01279564,0.00784449,0.00000000,0.00000000,0.00000000,0.00000000,0.00000000,0.21496991,0.00000000,0.00133296,0.00000000,0.00000000,0.00000000,0.00000000,0.00000000,0.00000000,0.03158782,0.00000000,0.02130217,0.00000000,0.00000000,0.00000000,0.00000000,0.00000000,0.00000000,0.00000000,0.00940477,0.00000000,0.00000000,0.00000000,0.00000000,0.00000000,0.00000000,0.00000000,0.00232356,0.00135091,0.00000000,0.00000000,0.00000000,0.00000000,0.00094691,0.00000000,0.00000000,0.00000000,0.00000000,0.00000000,0.00000000,0.00000000,0.00000000,0.00000000,0.00000000,0.00000000,0.00000000,0.00241787,0.00000000,0.00000000,0.00000000,0.00000000,0.00298698,0.00000000,0.00000000,0.00000000,0.00000000,0.00000000,0.00000000,0.00000000,0.00000000,0.00000000,0.00000000,0.00253814,0.00000000,0.00000000,0.00000000,0.00000000,0.00000000,0.00000000,0.00000000,0.00000000,0.00000000,0.00000000,0.00000000,0.00000000,0.00000000,0.01299001,0.07650802,0.00000000,0.00000000,0.00000000,0.00000000,0.00000000,1.70399625,0.00000000,0.00000000,0.01380688,0.00119562,0.00000000,0.00000000,0.00000000,0.00000000,0.14606533,0.00000000,0.00000000,0.00000000,0.00000000,0.00000000,0.00000000,0.00000000,0.00000000,0.00000000,0.00000000,0.00000000,0.00000000,0.01462690,0.00000000,0.00000000,0.00000000,0.10116169,0.00000000,0.00000000,0.15396732,0.00000000,0.00000000,0.02608989,0.00000000,0.00000000,0.01073498,0.00000000,0.00000000,0.00000000,2.31894353,0.00000000,0.00000000,1.30072621,0.00000000,0.00000000,0.00000000,0.00294031,0.00000000,0.00000000,0.00000000,0.00000000,0.00395799,0.00000000,0.00000000,0.00000000,0.00000000,0.00000000,0.00000000,0.00000000,0.00000000,0.00000000,0.00000000,0.00000000,0.00000000,0.00000000,0.00000000,0.00000000,0.00000000,0.00000000,0.00000000,0.00000000,0.00115581,0.00000000,0.00000000,0.00000000,0.00000000,0.00000000,0.00000000,0.00000000,0.00000000,0.00000000,0.00000000,0.00905329,0.00000000,0.00000000,0.00000000,0.01233453,0.00284074,0.00583687,0.00000000,0.00000000,0.00845046,0.00000000,0.00000000,0.00000000,0.01548815,0.00000000,0.00000000,0.00000000,0.00000000,0.00376626,0.00540530,0.00000000,0.00000000,0.00000000,0.00000000,0.00000000,0.00000000,0.00000000,0.00000000,0.00000000,0.00000000,0.00000000,0.00000000,0.00000000,0.00000000,0.00000000,0.00000000,0.00000000,0.00000000,0.00000000,0.00000000,0.00676965,0.00000000,0.00000000,0.00000000,0.00000000,0.00000000,0.00757473,0.00000000,0.00000000,0.00000000,0.00000000,0.00000000,0.00000000,0.00000000,0.00000000,0.00000000,0.00000000,0.00000000,0.00000000,0.00000000,0.00000000,0.05140410,0.00000000,0.00000000,0.00000000,0.00000000,0.00000000,0.00000000,0.00000000,0.00000000,0.00000000,0.00000000,0.00633832,0.00000000,0.01188208,0.00000000,0.00000000,0.00000000,0.00000000,0.00000000,0.00000000,0.00000000,1.15736608,0.00000000,0.00000000,0.00000000,0.00000000,0.00000000,0.00000000,0.00000000,0.00000000,0.00000000,0.00000000,0.00000000,0.00290676,0.00000000,0.00000000,0.00000000,0.00000000,0.01078209,0.00000000,0.00000000,0.00000000,0.00000000,0.00000000
0.00000000,0.00000000,0.00000000,0.00000000,0.00000000,6.41694828,0.00000000,0.00000000,0.00000000,0.00000000,0.00000000,0.00000000,0.02513615,0.00000000,0.00000000,0.00000000,0.00000000,0.00000000,0.00000000,0.00000000,0.00000000,0.00000000,0.00000000,0.00000000,0.00000000,0.00000000,0.00000000,0.00000000,0.01120218,0.00000000,0.00000000,0.00000000,0.00000000,0.00000000,0.00000000,0.01830676,0.00000000,0.00000000,0.00000000,0.00000000,0.01963642,0.00937141,0.00000000,0.00772092,0.00000000,0.00000000,0.00000000,0.00000000,0.00000000,0.00000000,0.00000000,0.00000000,0.00000000,0.00000000,0.00411047,0.00000000,0.00658329,0.08637401,0.00000000,0.00000000,0.00000000,0.00988445,0.00000000,0.00000000,0.00000000,0.00000000,0.00000000,0.00000000,0.00000000,0.00000000,0.00000000,0.00000000,0.00000000,0.00000000,0.00259227,0.00496328,0.00000000,0.00000000,0.00000000,0.00000000,0.00000000,0.00000000,0.00000000,0.00000000,0.00000000,0.00000000,0.00000000,0.00000000,0.00124357,0.00000000,0.00000000,0.00000000,0.00000000,0.00000000,0.00000000,0.00000000,0.14155689,0.00000000,0.00000000,0.00000000,0.00000000,0.00000000,0.00000000,0.00000000,0.00000000,0.00000000,0.00000000,0.00000000,0.00000000,0.00000000,0.00000000,0.06055372,0.00000000,0.00000000,0.00188912,0.04760270,0.00000000,0.02127730,0.00000000,0.00000000,0.00000000,0.00000000,0.00000000,0.00000000,0.00000000,0.00841632,0.00000000,0.02154622,0.00000000,0.00000000,0.00000000,0.00000000,0.00000000,0.00000000,0.00000000,0.00000000,0.00000000,0.00000000,0.02477684,0.31811768,0.00000000,0.00000000,0.00000000,0.01015115,0.12675173,0.00000000,0.00000000,0.00000000,0.00000000,0.00000000,0.00000000,0.00000000,0.00000000,0.00000000,0.00000000,0.00000000,0.00000000,0.00000000,0.00000000,0.00000000,0.00000000,0.00000000,0.00462042,0.00000000,0.42668189,0.00000000,0.00000000,0.00000000,0.00000000,0.00000000,0.00000000,0.00696189,0.00000000,0.00000000,0.00000000,0.00000000,0.03541125,0.00660217,0.00000000,0.00000000,0.00000000,0.00000000,0.00000000,0.00000000,0.00000000,0.00000000,0.00000000,0.03264049,0.00000000,0.00000000,0.00000000,0.00000000,0.00000000,0.00000000,0.00000000,0.00000000,0.00000000,0.00000000,0.00000000,0.00000000,0.00000000,0.00000000,0.00000000,0.00000000,0.00000000,0.00000000,0.00000000,0.00000000,0.00000000,0.00000000,0.00000000,0.00000000,0.00000000,0.00000000,0.00000000,0.00000000,0.01010858,0.09237648,0.00000000,0.00000000,0.00000000,0.00000000,0.00000000,0.00000000,0.00000000,0.00767844,0.00000000,0.00000000,0.00000000,0.00000000,0.00000000,0.00000000,0.00000000,0.00167242,0.00000000,0.01432285,0.00000000,0.00000000,0.00000000,0.00000000,0.00000000,0.00000000,0.00000000,0.00000000,0.00000000,0.00000000,0.00000000,0.00000000,0.00000000,0.00000000,0.00000000,0.00000000,0.00000000,0.00000000,0.00000000,0.00000000,0.00000000,0.00000000,0.00000000,0.00000000,0.00000000,0.00000000,0.00000000,0.00000000,0.00000000,0.00000000,0.00000000,0.00000000,0.00000000,0.00000000,0.00000000,0.00000000,0.00000000,0.01006585,0.00000000,0.00000000,0.00000000,0.00000000,0.00000000,0.00000000,0.00000000,0.00000000,0.00414431,0.00000000,0.18209133,0.00000000,0.00000000,0.00000000,0.00000000,0.00000000,0.00000000,1.28627762,0.00000000,0.01117773,0.00254223,0.00000000,0.00000000,0.00000000,0.00000000,0.02007476,0.00000000,0.00000000,0.00000000,0.00000000,0.00000000,0.00000000,0.00460690,0.00000000,0.00000000,0.00000000,0.00000000,0.00879691,0.00000000,0.00000000,0.00000000,0.00000000,0.00000000,0.00000000,0.00000000,0.00000000,0.00000000,0.00000000,0.00000000,0.00000000,0.00000000,0.00000000,0.00000000,0.00000000,0.00000000,0.00000000,0.00000000,0.00788943,0.00000000,0.00000000,0.00000000,0.00000000,0.00000000,0.00000000,0.01070061,0.00865958,0.00000000,0.00000000,0.00000000,0.00000000,0.00000000,0.00000000,0.00000000,0.00000000,0.01162383,0.00927064,0.00000000,0.00000000,0.00000000,0.00000000,0.00000000,0.01222425,0.00000000,0.00000000,0.00000000,0.00000000,0.00000000,0.00000000,0.00000000,0.00000000,0.00000000,0.00755077,0.00000000,0.00000000,0.00958553,0.00000000,0.00000000,0.00519467,0.00000000,0.00000000,0.00000000,0.00000000,0.00000000,0.00000000,0.00000000,0.00000000,0.00000000,0.00172290,0.00000000,0.00000000,0.00000000,0.02217779,0.04753044,0.00000000,0.00000000,0.00173860,0.00000000,0.00000000,0.00000000,0.00577736,0.00000000,0.00000000,0.00000000,0.00000000,0.00000000,0.00486900,0.00000000,0.00000000,0.00000000,0.00000000,0.00000000,0.00327594,0.00000000,0.01553165,0.00000000,0.00000000,0.00000000,0.00000000,0.00000000,0.00000000,0.00000000,0.00000000,0.00000000,0.00000000,0.00000000,0.00000000,0.00000000,0.00000000,0.00000000,0.00000000,0.05966165,0.00000000,0.00000000,0.00000000,0.00000000,0.00000000,0.01144826,0.00000000,0.00000000,0.00000000,0.00000000,0.02665065,0.00000000,0.00662686,0.00000000,0.00000000,0.00000000,0.00000000,0.00000000,0.00796077,0.00000000,0.00568258,0.00000000,0.00000000,0.00000000,0.00000000,0.00000000,0.00000000,0.00000000,0.00000000,0.00000000,0.00000000,0.00000000,0.00000000,0.00000000,0.00000000,0.07761595,0.00000000,0.00000000,0.00710668,0.00000000,0.00000000,0.00000000,0.00000000,0.00000000,0.01720420,0.00000000,0.00000000,0.00000000,0.00000000,0.00000000,0.00000000,0.00000000,0.00000000,0.00418640,0.00000000,0.00000000,0.00000000,0.00000000,0.00000000,0.00000000,0.00000000,0.00000000,0.00000000,0.00000000,0.00000000,0.00000000,0.00000000,0.00000000,0.00000000,0.00000000,0.00000000,0.00000000,0.00000000,0.00000000,0.00000000,0.00000000,0.00000000,0.00839529,0.00000000,0.00000000,0.00000000,0.00000000,0.00000000,0.00000000,0.00000000,0.00000000,0.00000000,0.00000000,0.00000000,0.00000000,0.00174992,0.00000000,0.00000000,0.00000000,0.00000000,0.00000000,0.00000000,0.04688337,0.00478366,0.00130568,0.00000000,0.00000000,0.00000000,0.00000000,0.00000000,0.01365406,0.00000000,0.00000000,0.00000000,0.00000000,0.00000000,0.00000000,0.00283595,0.00000000,0.08490547,0.00000000,0.00000000,0.00931237,0.00000000,0.00000000,0.00000000,0.00000000,0.00000000,0.00000000,0.00911394,0.00000000,0.00000000,0.00362589,0.00000000,0.00000000,0.00000000,0.00000000,0.00000000,0.00000000,0.00000000,0.00330560,0.00000000,0.00000000,0.00000000,0.00000000,0.00000000,0.00000000,0.00000000,0.00000000,0.00000000,0.00000000,0.00000000,0.00000000,0.00000000,0.00000000,0.00423081,0.00000000,0.00000000,0.00000000,0.00000000,0.00000000,0.00000000,0.00000000,0.00000000,0.00000000,0.00000000,0.00000000,0.00000000,0.00000000,0.00000000,0.00000000,0.00000000,0.00000000,0.00000000,0.00000000,0.00000000,0.00000000,0.00000000,0.00000000,0.01184770,0.00000000,0.00000000,0.00385926,0.00000000,0.00000000,0.00000000,0.00000000,0.00000000,0.00000000,0.00000000,0.00000000,0.00000000,0.00000000,0.00000000,0.00000000,0.00000000,0.00000000,0.04379069,0.00234782,0.02757463,0.00000000,0.00000000,0.00000000,0.00000000,0.00000000,0.00000000,0.00000000,0.00000000,0.00000000,0.00000000,0.00000000,0.00000000,0.00402598,0.00000000,0.00000000,0.00000000,0.00000000,0.00000000,0.00000000,0.00000000,0.00000000,0.00000000,0.00000000,0.00000000,0.00000000,0.00000000,0.00000000,0.00000000,0.00000000,0.00000000,0.00000000,0.00000000,0.03064452,0.00000000,0.00000000,0.00000000,0.00000000,0.00000000,0.00000000,0.00000000,0.00000000,0.00000000,0.00000000,0.00147753,0.00000000,0.00000000,0.00000000,0.00000000,0.00000000,0.00000000,0.00000000,0.00000000,0.00000000,0.00000000,0.00000000,0.00000000,0.00000000,0.00000000,0.00000000,0.00000000,0.00000000,0.00000000,0.00000000,0.00406894,0.00000000,0.00000000,0.00000000,0.00000000,0.00000000,0.00000000,0.00000000,0.00000000,0.00000000,0.00000000,0.00000000,0.00000000,0.00000000,0.00000000,0.00000000,0.00000000,0.00939735,0.00000000,0.00000000,0.00000000,0.00000000,0.00000000,0.00000000,0.00000000,0.00000000,0.00000000,0.00000000,0.00000000,0.00000000,0.00000000,0.00000000,0.00000000,0.00000000,0.00000000,0.03621469,0.00000000,0.00000000,0.00000000,0.00000000,0.00000000,0.03247178,0.00000000,0.00000000,0.00000000,0.00105861,0.00000000,0.00000000,0.00000000,0.00000000,0.00000000,0.00000000,0.00000000,0.00218159,0.00497932,0.00000000,0.00209805,0.00000000,0.00000000,0.00000000,0.00074954,0.00000000,0.00000000,0.00000000,0.01893850,0.00000000,0.00427515,0.00464405,0.00000000,0.01657312,0.00000000,0.00000000,0.00000000,0.00280537,0.00000000,0.00000000,0.00000000,0.00000000,0.08923821,0.29481770,0.00000000,0.00000000,0.00000000,0.00000000,0.00000000,0.00000000,0.00000000,0.00000000,0.00000000,0.00000000,0.00000000,0.00000000,0.00000000,0.00000000,0.00000000,0.00000000,0.00000000,0.00825933,0.00000000,0.00000000,0.00000000,0.00000000,0.00203887,0.00000000,0.00000000,0.00000000,0.00000000,0.06896168,0.00461931,0.00000000,0.00000000,0.00000000,0.00000000,0.00000000,0.00850612,0.00000000,0.00000000
0.00000000,0.00000000,0.00000000,0.00000000,0.00000000,0.00000000,0.00000000,0.00000000,0.00000000,0.00000000,0.00000000,0.00000000,0.00000000,0.00000000,0.00000000,0.00000000,0.00000000,0.00000000,0.05791027,0.00000000,0.04411657,0.00000000,0.00000000,0.00609121,0.00000000,0.00000000,0.00000000,0.00000000,0.00000000,0.00000000,0.00000000,0.00000000,0.00000000,0.00000000,0.03322754,0.00000000,0.00170225,0.00000000,0.14148151,0.00000000,0.00000000,0.00000000,0.00000000,0.00000000,0.00000000,0.00000000,0.00871175,0.00000000,0.00000000,0.00000000,0.00000000,0.00000000,0.00000000,0.00000000,0.00000000,0.00000000,0.00000000,0.00000000,0.00000000,0.00000000,0.00000000,0.00000000,0.01586418,0.00602144,0.00000000,0.00000000,0.00000000,0.00000000,0.00000000,0.00000000,0.02222924,0.00000000,0.00000000,0.00000000,0.00000000,0.00000000,0.00103702,0.00000000,0.00000000,0.00000000,0.00000000,0.00000000,0.00000000,0.00000000,0.00000000,0.00000000,0.00000000,0.00000000,0.00000000,0.02294919,0.00000000,0.00000000,0.00000000,0.00000000,0.00000000,0.00000000,0.00000000,0.00000000,0.00000000,0.00000000,0.00000000,0.00000000,0.00000000,0.00000000,0.00000000,0.00000000,0.00000000,0.00000000,0.00000000,0.00000000,0.00000000,0.00000000,0.00000000,0.00000000,0.00000000,0.00000000,0.00000000,0.00000000,0.00000000,0.00000000,0.01536659,0.00000000,0.00000000,0.00000000,0.00000000,0.00000000,0.00000000,0.00000000,0.00000000,0.00000000,0.00000000,0.00000000,0.00000000,0.00820294,0.00000000,0.00000000,0.00000000,0.00000000,0.00000000,0.00000000,0.00000000,0.00000000,0.00000000,0.00000000,0.00000000,0.00000000,0.00000000,0.00000000,0.00000000,0.02465150,0.00000000,0.00000000,0.00000000,0.00000000,0.00000000,0.00000000,0.00000000,0.00000000,0.00000000,0.00000000,0.00000000,0.00000000,0.00000000,0.00000000,0.00000000,0.00000000,0.00000000,0.00000000,0.00000000,0.00000000,0.00000000,0.00450489,0.00000000,0.00000000,0.00000000,0.00000000,0.00000000,0.00000000,0.00786631,1.34751051,0.00000000,0.00000000,0.00000000,0.00000000,0.00000000,0.02129751,0.00000000,0.00000000,0.00000000,0.00000000,0.00000000,0.32116544,0.00418634,0.00000000,0.00000000,0.00000000,0.00000000,0.00000000,0.00916816,0.00000000,0.00000000,0.00000000,0.00000000,0.01421085,0.00000000,0.00000000,0.00000000,0.00000000,0.02404225,0.04603205,0.00000000,0.00000000,0.00000000,0.00000000,0.00000000,0.00000000,0.00000000,0.00000000,0.00585579,0.00000000,0.02732888,0.00000000,0.00000000,0.00000000,0.00000000,0.00000000,0.00057042,0.00000000,0.00000000,0.01438386,0.00000000,0.00000000,0.00000000,0.00000000,0.00000000,0.00000000,0.00000000,0.00000000,0.00000000,0.00000000,0.00000000,0.00000000,0.00000000,0.00000000,0.00000000,0.00000000,0.00000000,0.00000000,0.00000000,0.00000000,0.04267169,0.00000000,0.00000000,0.00000000,0.00000000,0.00230440,0.00000000,0.00000000,0.19451295,0.04852700,0.00966933,0.00000000,0.11920251,0.00000000,0.00000000,0.00000000,0.00000000,0.00000000,0.00000000,0.00000000,0.00000000,0.00000000,0.00000000,0.00000000,0.00000000,0.00000000,0.08673828,0.00000000,0.00000000,0.00000000,0.00000000,0.00000000,0.00000000,0.00000000,0.00000000,0.00000000,0.00000000,0.00000000,0.00000000,0.00000000,0.00000000,0.00000000,0.00000000,0.00000000,0.00000000,0.00000000,0.00000000,0.00000000,0.00000000,0.00000000,0.00000000,0.01759063,0.00000000,0.02160987,0.00000000,0.00000000,0.00000000,0.00352515,0.00000000,0.00000000,0.00000000,0.01664674,0.00000000,0.00000000,0.00000000,0.00000000,0.00000000,0.00000000,0.00000000,0.00000000,0.00000000,0.00000000,0.00000000,0.00000000,0.00000000,0.00000000,0.00000000,0.00000000,0.00000000,0.00000000,0.00000000,0.00000000,0.00000000,0.00000000,0.00000000,0.00000000,0.00493777,0.00000000,0.18891899,0.00000000,0.00000000,0.00000000,0.00000000,0.00000000,0.00000000,0.01128232,0.00000000,0.00000000,0.00000000,0.00000000,0.00000000,0.00000000,0.00000000,0.00000000,0.00000000,0.00000000,0.00000000,0.00000000,0.00000000,0.00000000,0.00000000,0.00426608,0.01445655,0.00000000,0.02606799,0.00145029,0.00000000,0.00000000,0.00000000,0.00713717,0.00000000,0.00000000,0.00000000,0.00000000,0.00000000,0.00000000,0.00819682,0.00000000,0.00000000,0.00000000,0.00000000,0.00000000,0.00000000,0.00210631,0.00424750,0.00000000,0.00000000,0.00000000,0.00846408,0.00000000,0.00000000,0.00000000,0.00000000,0.00000000,0.00000000,0.00000000,0.00000000,0.00000000,0.00000000,0.00000000,1.31383428,0.00000000,0.00000000,0.00000000,0.00000000,0.00000000,0.11044678,0.00000000,0.00000000,0.00397890,0.00000000,0.00000000,0.00000000,0.00000000,0.00000000,0.00000000,0.00000000,0.00000000,0.00000000,0.02125967,0.00000000,0.00000000,0.00000000,0.00000000,0.00000000,0.00244910,0.00000000,0.00000000,0.00000000,0.00000000,0.00000000,0.00000000,0.00000000,0.00000000,0.00000000,0.00000000,0.00000000,0.00525513,0.00000000,0.00000000,0.00522608,0.00000000,0.00000000,0.00000000,0.00000000,0.00000000,0.00000000,0.00000000,0.00000000,0.00041898,0.00000000,0.00000000,0.00000000,0.03007355,0.00000000,0.00529998,0.01392546,0.00629104,0.00000000,0.00000000,0.00000000,0.00000000,0.00000000,0.00000000,0.00000000,0.00000000,0.00000000,0.00000000,0.00000000,0.00000000,0.00000000,0.00000000,0.00000000,0.00000000,0.00000000,0.00000000,0.00000000,0.00000000,0.00000000,0.00000000,0.00000000,0.00000000,0.02515277,0.00617926,0.00000000,0.00131143,0.00337777,0.26988583,0.00000000,0.00000000,0.00000000,0.00000000,0.01619285,0.00000000,0.00000000,0.00000000,0.00246264,0.00000000,0.00000000,0.01810790,0.00000000,0.00000000,0.00000000,0.00000000,0.00000000,0.00000000,0.00000000,0.00000000,0.00000000,0.00000000,0.00000000,0.00000000,0.00000000,0.00539998,0.00000000,0.00000000,0.00130083,0.00837903,0.00000000,0.00000000,0.00000000,0.00000000,0.00000000,0.00000000,0.00000000,0.00000000,0.22102028,0.00000000,0.00000000,0.00943768,0.00000000,0.00000000,0.00000000,0.00000000,0.00000000,0.00000000,0.00000000,0.00000000,0.00000000,0.00000000,0.00000000,0.00000000,0.00099270,0.00000000,0.00000000,0.00000000,0.00000000,0.00000000,0.00162337,0.00000000,0.00000000,0.01967181,0.00000000,0.00000000,0.00000000,0.00541555,0.00207152,0.00000000,0.00000000,0.02529907,0.00000000,0.00000000,0.00000000,0.00000000,0.00000000,0.00000000,0.00000000,0.00000000,0.00000000,0.00000000,0.00784080,0.00000000,0.00000000,0.00000000,0.00000000,0.00000000,0.00000000,0.00000000,0.00000000,0.00000000,0.00000000,0.00000000,0.00000000,0.00000000,0.00000000,0.00000000,0.00000000,0.00000000,0.00000000,0.00000000,0.03676639,0.00000000,0.00000000,0.00000000,0.00000000,0.00000000,0.00000000,0.00000000,0.00000000,0.00000000,0.03975115,0.00000000,0.00000000,0.10718489,0.00000000,0.00142084,0.00000000,0.00000000,0.00000000,0.00000000,0.00000000,0.00000000,0.00000000,0.00000000,0.00000000,0.00000000,0.00145666,0.00000000,0.00000000,0.00000000,0.00000000,0.00000000,0.00000000,0.00000000,0.00000000,0.00000000,0.00000000,0.00000000,0.00000000,0.00000000,0.00000000,0.00000000,0.00000000,0.00000000,0.00000000,0.00000000,0.00000000,0.00000000,0.00000000,0.00000000,0.00373145,0.00000000,0.00000000,0.00000000,0.00000000,0.00000000,0.00000000,0.00000000,0.00000000,0.00404385,0.00000000,0.00000000,0.00000000,0.00000000,0.00000000,0.00000000,0.00000000,0.00000000,0.00000000,0.00000000,0.00000000,0.00181884,0.00000000,0.00000000,0.00000000,0.00000000,0.00000000,0.00000000,0.00000000,0.00000000,0.00000000,0.00000000,0.00000000,0.00000000,0.00000000,0.00000000,0.00000000,0.02888181,0.00000000,0.00000000,0.00000000,0.00000000,0.00000000,0.00000000,0.00000000,0.00344855,0.00000000,0.00000000,0.00000000,0.00000000,0.00000000,0.00000000,0.00000000,0.00000000,0.00000000,0.00000000,0.00000000,0.00560485,0.00000000,0.00000000,0.00000000,0.00000000,0.00000000,0.00000000,0.00000000,0.00000000,0.01774381,0.00000000,0.00000000,0.00000000,0.00000000,0.00000000,0.00837715,0.00000000,0.00000000,0.00668497,0.01445695,0.00000000,0.00000000,0.00040132,0.00000000,0.00000000,0.00000000,0.00000000,0.00000000,0.00000000,0.02622863,0.00000000,0.00000000,0.00000000,0.00000000,0.00000000,0.00000000,0.00000000,0.00000000,0.00000000,0.00000000,0.00000000,0.00000000,0.01413872,0.00000000,0.00000000,0.00000000,0.00000000,0.00000000,0.01648245,0.09032217,0.00000000,0.00000000,0.00000000,0.00000000,0.00000000,0.00000000,0.00000000,0.00000000,0.00000000,0.00523630,0.00000000,0.00000000,0.00000000,0.00000000,0.00000000,0.49376287,0.00000000,0.00000000,0.00000000,0.04885050,0.00000000,0.00000000,0.00000000,0.00937026,0.00000000,0.00000000,0.00000000,0.00000000,0.00000000,0.00000000,2.67154820,0.00000000,0.00000000,0.00405017,0.00000000,0.00000000,0.00206044,0.00000000,1.73817215,0.00000000,0.00000000,0.00191620,0.00000000,0.00000000,0.00000000,0.00000000,0.00000000,0.00000000,0.00000000,0.00000000,0.00000000,0.11679067,0.00000000
0.00000000,0.00000000,0.00000000,0.00000000,0.00612663,0.00000000,0.00000000,0.00000000,0.00000000,0.00000000,0.00000000,0.04880690,0.00000000,0.00000000,0.00000000,0.00000000,0.00000000,0.00000000,0.00000000,0.00000000,0.03983532,0.00000000,0.00000000,0.00000000,0.00000000,0.00000000,0.00000000,0.00000000,0.00000000,0.00000000,0.00000000,0.00272928,0.00000000,0.00000000,0.00000000,0.00000000,0.04126766,0.00000000,0.00000000,0.00000000,0.00000000,0.00000000,0.00000000,1.19685723,0.00000000,0.00000000,0.02316393,0.00000000,0.00000000,0.00000000,0.00000000,0.00000000,0.00000000,0.00000000,0.00073560,0.00000000,0.00000000,0.00000000,0.00000000,0.00000000,0.00000000,0.00000000,0.00000000,0.00000000,0.00000000,0.00000000,0.00000000,0.00000000,0.00000000,0.00000000,0.00000000,0.01488549,0.00000000,0.00511762,0.00000000,0.00000000,0.00000000,0.00000000,0.00000000,0.00000000,0.00000000,0.06032389,0.00000000,0.00000000,0.00000000,0.00000000,0.01596469,0.00000000,0.00000000,0.00000000,0.00000000,0.00000000,0.00000000,0.00000000,0.00000000,0.00000000,0.00000000,0.00000000,0.00000000,0.00000000,0.00000000,0.00000000,0.00000000,0.00000000,0.00000000,0.00000000,0.00000000,0.00000000,0.00000000,0.00000000,0.00000000,0.00000000,0.00000000,0.00000000,0.00000000,0.00000000,0.00000000,0.00000000,0.00000000,0.00000000,0.00000000,0.00000000,0.00000000,0.00000000,0.00000000,0.00000000,0.00000000,0.00000000,0.00000000,0.00000000,0.00000000,0.00000000,0.00000000,0.00000000,0.00000000,0.00000000,0.00000000,0.00000000,0.00000000,0.00000000,0.00000000,0.00343663,0.00000000,0.00000000,0.00000000,0.00000000,0.00000000,0.00000000,0.00000000,0.03355047,0.00000000,0.00000000,0.01058553,0.00000000,0.00000000,0.00000000,0.00000000,0.00000000,0.00000000,0.00000000,0.00000000,0.00000000,0.00000000,0.00000000,0.00000000,0.00000000,0.00000000,0.00000000,0.00000000,0.00161937,0.00000000,0.00000000,0.00000000,0.00567776,0.00000000,0.00000000,0.00000000,0.05553616,0.00000000,0.00000000,0.00000000,0.00000000,0.00000000,0.00000000,0.00000000,0.00000000,0.00000000,0.00000000,0.00000000,0.00000000,0.00000000,0.00000000,0.00000000,0.20186500,0.00000000,0.00000000,0.00000000,0.00000000,0.00000000,0.00000000,0.00362557,0.00000000,0.00609871,0.00000000,0.00000000,0.00153617,0.00000000,0.00000000,0.06561511,0.00000000,0.00000000,0.00000000,0.00000000,0.00393163,0.00000000,0.00000000,0.00162625,0.00594797,0.00000000,0.00000000,0.01051201,0.00000000,0.00000000,0.00000000,0.00000000,0.00000000,0.00000000,0.00000000,0.00000000,0.00000000,0.00000000,0.00000000,0.01011966,0.00000000,0.00000000,0.00770222,0.00000000,0.00000000,0.05820180,0.00000000,1.54926762,0.00000000,0.00000000,0.00000000,0.00000000,0.00000000,0.00000000,0.00276868,0.00000000,0.00000000,0.00000000,0.00000000,0.00000000,0.00000000,0.00000000,0.00000000,0.00000000,0.00000000,0.00000000,0.00000000,0.00000000,0.00000000,0.00000000,0.00000000,0.00000000,0.00000000,0.00000000,0.00000000,0.00000000,0.00000000,0.00000000,0.00664002,0.00562094,0.00000000,0.00000000,0.00000000,0.00000000,0.00000000,0.00000000,0.00000000,0.00000000,0.00000000,0.00096112,0.00000000,0.00090663,0.00000000,0.00000000,0.00000000,0.00000000,0.00000000,0.00000000,0.00000000,0.00000000,0.00000000,0.00627286,0.00672424,0.00000000,0.00000000,0.00000000,0.00000000,0.00000000,0.00000000,0.00000000,0.00000000,0.00000000,0.00000000,0.00000000,0.00403821,0.00000000,0.00000000,0.00000000,0.00000000,0.00000000,0.00000000,0.00000000,0.00000000,0.00000000,0.00000000,0.00000000,0.00000000,0.00000000,0.00201960,0.00000000,0.00000000,0.00000000,0.00000000,0.02030045,0.00000000,0.00452640,0.00000000,0.00000000,0.00000000,0.00000000,0.00000000,0.00000000,0.00000000,0.00000000,0.00000000,0.00000000,0.00000000,0.00000000,0.00000000,0.00000000,0.00000000,0.00000000,0.00000000,0.00000000,0.00000000,0.05058599,0.00000000,0.00000000,0.00000000,0.00000000,0.00000000,0.00000000,0.00000000,0.00000000,0.00000000,0.00000000,0.00000000,0.00000000,0.00000000,0.00000000,0.00000000,0.00000000,0.00000000,0.00000000,0.00000000,1.56670785,0.00000000,0.00000000,0.03662921,0.00000000,0.00000000,0.00000000,0.00000000,0.00000000,0.00000000,0.00000000,0.00000000,0.00000000,0.00000000,0.00000000,0.08804278,0.00000000,0.00000000,0.00000000,0.00000000,0.00310574,0.00000000,0.00000000,0.00000000,0.00000000,0.00000000,0.00000000,0.00000000,0.00000000,0.00000000,0.00000000,0.00000000,0.00000000,0.00000000,0.00000000,0.01866080,0.00000000,0.00000000,0.01321270,0.00360354,0.00000000,0.00000000,0.00000000,0.00000000,0.00000000,0.00000000,0.00000000,0.00000000,0.00000000,0.00000000,0.00000000,0.00000000,0.00000000,0.00000000,0.00000000,0.00000000,0.00000000,0.25714645,0.00000000,0.00000000,0.00000000,0.00000000,0.00000000,0.00000000,0.00000000,0.00000000,0.00000000,0.59173150,0.00000000,0.00000000,0.00000000,0.00000000,0.00000000,0.00000000,2.70494372,0.00000000,0.00000000,0.00000000,0.00000000,0.00000000,0.00000000,0.00000000,0.00000000,0.00000000,0.00000000,0.00000000,0.00000000,0.00000000,0.00554895,0.00000000,0.00000000,0.00000000,0.00000000,0.00000000,0.00000000,0.00000000,0.00000000,0.00000000,0.00000000,0.00305534,0.00915746,0.00000000,0.00000000,0.05717506,0.00000000,0.00172709,0.00000000,0.00000000,0.00000000,0.00000000,0.00000000,0.00000000,0.00250686,0.00484438,0.00000000,0.00852742,0.00794094,0.00715564,0.02305487,0.00000000,0.00000000,0.00000000,0.00000000,0.00000000,0.07257264,0.00000000,0.26025949,0.00000000,0.00000000,0.00000000,0.00000000,0.00000000,0.00000000,0.00000000,0.00721681,0.00000000,0.00166920,0.00000000,0.00000000,0.00000000,0.00000000,0.00000000,0.00000000,0.21672028,0.00000000,0.00000000,0.00000000,0.00000000,0.00000000,0.00000000,0.00000000,0.00000000,0.00000000,0.00000000,0.00000000,0.00000000,0.00000000,0.00000000,0.00000000,0.00000000,0.00000000,0.00000000,0.00000000,0.00000000,0.00171920,0.00000000,0.00000000,0.00000000,0.00000000,0.00000000,0.00000000,0.00000000,0.00000000,0.00000000,0.00000000,0.00000000,0.00000000,0.00000000,0.00000000,0.00000000,0.00000000,0.00000000,0.00000000,0.00000000,0.00000000,0.00000000,0.00000000,0.00000000,0.00000000,0.00000000,0.06023778,0.80287898,0.00000000,0.00000000,0.00000000,0.00000000,0.00000000,0.00000000,0.00000000,0.00000000,0.00000000,0.00437113,0.00000000,0.00000000,0.02774852,0.09778011,0.00000000,0.00000000,0.86407687,0.00000000,0.00000000,0.00000000,0.00000000,0.00000000,0.00000000,0.00000000,0.00000000,0.00000000,0.00000000,0.00000000,0.00000000,0.00000000,0.00000000,0.00345273,0.00000000,0.00000000,0.00000000,0.00000000,0.00000000,0.00000000,0.00000000,0.02376234,0.00000000,0.01548480,0.00000000,0.00000000,0.00137637,0.00000000,0.00000000,0.00000000,0.00000000,0.00000000,0.00000000,0.00435789,0.00000000,0.00000000,0.00000000,0.00000000,0.00000000,0.00000000,0.00113768,0.15477354,0.00000000,0.00000000,0.00000000,0.00000000,0.00426387,0.00286686,0.00000000,0.00000000,0.00000000,0.00550296,0.00000000,0.00000000,0.00000000,0.00000000,0.00000000,0.00000000,0.00000000,0.00000000,0.00000000,0.00000000,0.00000000,0.00000000,0.00000000,0.01213433,0.00245877,0.00000000,0.00000000,0.00000000,0.00000000,0.00000000,0.00398123,1.44530068,0.00616796,0.00000000,0.00000000,0.00000000,0.00000000,0.00000000,0.00000000,0.00781384,0.00000000,0.00000000,0.00000000,0.00000000,0.00000000,0.00000000,0.00000000,0.00000000,0.00000000,0.00000000,0.00000000,0.00000000,0.15481584,0.00000000,0.00000000,0.00000000,0.09590287,0.00000000,0.00000000,0.00000000,0.00000000,0.00000000,0.00000000,0.00000000,0.00057210,0.00000000,0.00000000,0.00000000,0.00000000,0.00000000,0.00000000,0.00000000,0.00000000,0.03318296,0.00000000,0.00000000,0.00000000,0.02071603,0.00000000,0.00000000,0.00225970,0.00000000,0.00000000,0.00000000,0.00000000,0.00000000,0.01296258,0.00000000,0.00000000,0.09283447,0.00000000,0.00000000,0.00000000,0.00000000,0.00000000,0.00000000,0.00000000,0.00000000,0.00000000,0.04695069,0.00000000,0.00000000,0.00000000,0.03085339,0.00000000,0.00000000,0.00000000,0.00000000,0.00881412,0.00000000,0.00000000,0.00000000,0.00000000,0.00000000,0.00000000,0.00669970,0.00095402,0.00000000,0.00000000,0.00000000,0.00658329,0.00094995,0.00000000,0.00000000,0.00000000,0.00000000,0.00000000,0.00000000,0.00000000,2.89411749,0.00000000,0.00000000,0.00000000,0.00000000,0.00000000,0.00000000,0.00000000,0.00000000,0.00000000,0.00000000,0.00253664,0.00884296,0.00000000,0.00000000,0.00000000,0.00000000,0.00000000,0.00000000,0.00000000,0.00000000,0.00000000,0.00000000,0.00000000,0.00000000,0.00000000,0.00000000,0.00000000,0.00000000,0.00000000,0.00000000,0.00000000,0.00000000,0.00000000,0.00000000,0.04669254,0.00000000,0.00000000,0.00239306,0.00000000,0.00000000,0.00000000,0.00000000,0.00000000,0.00000000,0.00000000,0.07054688,0.00548540,0.00000000,0.00000000,0.00000000
0.00000000,0.00000000,0.00000000,0.00000000,0.00000000,0.00419262,0.00000000,0.00000000,0.08934519,0.00000000,0.00000000,0.00000000,0.00000000,0.00000000,0.00000000,0.00000000,0.00000000,0.00000000,0.00000000,0.00000000,0.04667189,0.00000000,0.00000000,0.33270676,0.00000000,0.01167645,0.00000000,0.00000000,0.00000000,0.00000000,0.00000000,0.00000000,0.00000000,0.00000000,0.00000000,0.00000000,0.00000000,0.00000000,0.00000000,0.00000000,0.00000000,0.00000000,0.00292512,0.00000000,0.00000000,0.00000000,0.10658033,0.00000000,0.00000000,0.00000000,0.00000000,0.01254742,0.00000000,0.00000000,0.00000000,0.00000000,0.00000000,0.00000000,0.00000000,0.00000000,0.00000000,0.00000000,0.00000000,0.00000000,0.00000000,0.00000000,0.00000000,0.00000000,0.00000000,0.00426610,0.11010522,0.00000000,0.00000000,0.00000000,0.22406315,0.00000000,0.00000000,0.00630890,0.00000000,0.00000000,0.00000000,0.00000000,0.00000000,0.00000000,0.00000000,0.00000000,0.00000000,0.00000000,0.00000000,0.00000000,0.00000000,0.00077665,0.00000000,0.00000000,0.00141062,0.00000000,0.00000000,0.00000000,0.00000000,0.00000000,0.00000000,0.00000000,0.00000000,0.00000000,0.00000000,0.00000000,0.00000000,0.00000000,0.00000000,0.00000000,0.00000000,0.00000000,0.00000000,0.00000000,0.00000000,0.00000000,0.00000000,0.00000000,0.00162841,0.00000000,0.00000000,0.00000000,0.00000000,0.00000000,0.04575027,0.00000000,0.00000000,0.00000000,0.00000000,0.00000000,0.00000000,0.00000000,0.00000000,0.00000000,0.00000000,0.00000000,0.00000000,0.00000000,0.00000000,0.00000000,0.00000000,0.00000000,0.00000000,0.00085599,0.00684104,0.02658343,0.00000000,0.00178289,0.00750249,0.01425744,0.00000000,0.00000000,0.00000000,0.00000000,0.00000000,0.00000000,0.00000000,0.00000000,0.00000000,0.00000000,0.00000000,0.00000000,0.00000000,0.00000000,0.00000000,0.00000000,0.00000000,0.00000000,0.00000000,0.00000000,0.00000000,0.00000000,0.00000000,0.00000000,0.00000000,0.00000000,0.00000000,0.20341048,0.00000000,0.00000000,0.00000000,0.00000000,0.00000000,0.00000000,0.00000000,0.00000000,0.00000000,0.00000000,0.00000000,0.00000000,0.00000000,0.00000000,0.00000000,0.01383348,0.00000000,0.03875153,0.00000000,0.00000000,0.00000000,0.00000000,0.00000000,0.00000000,0.00000000,0.00000000,0.00228827,0.01368001,0.00000000,0.00000000,0.00000000,0.02656786,0.00000000,0.00000000,0.00000000,0.00000000,0.00000000,0.00000000,0.00000000,0.00000000,0.00000000,0.01286352,0.00000000,0.00000000,0.00176567,0.00000000,0.00000000,0.00575068,0.00891252,0.00000000,0.00000000,0.00000000,0.00000000,0.00000000,0.00000000,0.00000000,0.00000000,0.00000000,0.00000000,0.00000000,0.00000000,0.00000000,0.00000000,0.00000000,0.00000000,0.00000000,0.00000000,0.00000000,0.00000000,0.03286606,0.00676824,0.00000000,0.00000000,0.00000000,0.00000000,0.00000000,0.00000000,0.00000000,0.00000000,0.00000000,0.00000000,0.00153802,0.00000000,0.00809909,0.00000000,0.00000000,0.00000000,0.00000000,0.00000000,0.05688585,0.00000000,0.00131136,0.00000000,0.01491061,0.00000000,0.00000000,0.00000000,0.00000000,0.00000000,0.00000000,0.00000000,0.00000000,0.00000000,0.00000000,0.00000000,0.00000000,0.00000000,0.00000000,0.00000000,0.00000000,0.00000000,0.00000000,0.00000000,0.00278815,0.00000000,0.00000000,0.00000000,0.00000000,0.00000000,0.00000000,0.00000000,0.00000000,0.00326048,1.14504329,0.02572119,0.00000000,0.00000000,0.00822631,0.00000000,0.00000000,0.00000000,0.00000000,0.00000000,0.00097125,0.02690932,0.00000000,0.00000000,0.00000000,0.00000000,0.00000000,0.00000000,0.00000000,0.00000000,0.00000000,0.00000000,0.00000000,0.00000000,0.00000000,0.00000000,0.00000000,0.00000000,0.00000000,0.00000000,0.01139001,0.00000000,0.00000000,0.00000000,0.00508106,0.00000000,0.00000000,0.00000000,0.00000000,0.00000000,0.00000000,0.00767048,0.00000000,0.06299248,0.00000000,0.00000000,0.00000000,0.00000000,0.00000000,0.00000000,0.00000000,0.00000000,0.00917669,0.00812855,0.00000000,0.00000000,0.00000000,0.00000000,0.00000000,0.00000000,0.00000000,0.00000000,0.00000000,0.00000000,0.01026980,0.00000000,0.00000000,0.00000000,0.00000000,0.00000000,0.00000000,0.00387419,0.00000000,0.00000000,0.00000000,0.00000000,0.00000000,0.00000000,0.00000000,0.00000000,0.00000000,0.00000000,0.00000000,0.00000000,0.00000000,0.00763215,0.00662007,0.00000000,0.00000000,0.00000000,0.00000000,0.00000000,0.00000000,0.00000000,0.00000000,0.00000000,0.00000000,0.00000000,0.00000000,0.00000000,0.84062764,0.00000000,0.02430019,0.00000000,0.00000000,0.00000000,0.00000000,0.00000000,0.02865713,0.00000000,0.00000000,0.00000000,0.00000000,0.00000000,0.00000000,0.00000000,0.00000000,0.00000000,0.06127021,0.00000000,0.00000000,0.00000000,0.01475971,0.00000000,0.00000000,0.00297212,0.00000000,0.00000000,0.00000000,0.00000000,0.00000000,0.00000000,0.00000000,0.00000000,0.00293688,0.00000000,0.00000000,0.00000000,0.00254388,0.00000000,0.00000000,0.00000000,0.00000000,0.00000000,0.00000000,0.00000000,0.00000000,0.00202724,0.00000000,0.00000000,0.00000000,0.00000000,0.00000000,0.00000000,0.01368965,0.00439810,0.02349595,0.00000000,0.00000000,0.00000000,0.00000000,0.00000000,0.00000000,0.00000000,0.00000000,0.00000000,0.00000000,0.00000000,0.00000000,0.00000000,0.00000000,0.00000000,0.00389221,0.00000000,0.00000000,0.00000000,0.00000000,0.00000000,0.00000000,0.00000000,0.02837509,0.00000000,0.00176976,0.00165849,0.02339387,0.00151626,0.00000000,0.00000000,0.00000000,0.35444587,0.00000000,0.00000000,0.00000000,0.00000000,0.00000000,0.00000000,0.00000000,0.00000000,0.00000000,0.00000000,0.00000000,0.00000000,0.00000000,0.00000000,0.00000000,0.00000000,0.00000000,0.00000000,0.00000000,1.54516204,0.00538462,0.00000000,0.00000000,0.00000000,0.00000000,0.00000000,0.03302394,0.00000000,0.00000000,0.00000000,0.00000000,0.00000000,0.00000000,0.00000000,0.00000000,0.00000000,0.00000000,0.00000000,0.01706571,0.00000000,0.00000000,0.00000000,0.00000000,0.00000000,0.00000000,0.00000000,0.00000000,0.00000000,0.00000000,0.00000000,0.00000000,0.00000000,1.48568768,0.00000000,0.00000000,0.00266338,0.00000000,0.00000000,0.00000000,0.00000000,0.00000000,0.00000000,0.00000000,0.00000000,0.00000000,0.00000000,0.00000000,0.00000000,0.00423358,0.00000000,0.00000000,0.00000000,0.00484143,0.00000000,0.00000000,0.00000000,0.00272877,0.00000000,0.00000000,0.00000000,0.00000000,0.00000000,0.16590420,0.00000000,0.00000000,0.00000000,0.00000000,0.00000000,0.00000000,0.00000000,0.00000000,0.00000000,0.00053439,0.00000000,0.00000000,0.00000000,0.03325660,0.00000000,0.00000000,0.00000000,0.00000000,0.00000000,0.00000000,0.00000000,0.00000000,0.00000000,0.00000000,0.00000000,0.00000000,0.00000000,0.00000000,0.00000000,0.00000000,0.00000000,0.00000000,0.00000000,0.10575479,0.01188835,0.00000000,0.00000000,0.00761293,0.00000000,0.00000000,0.01060592,0.00000000,0.00000000,0.00000000,0.00000000,0.00000000,0.00000000,0.00000000,0.00000000,0.00000000,2.20226893,0.00000000,0.00000000,0.00429952,0.00000000,0.00000000,0.00000000,0.00000000,0.00000000,0.00000000,0.00000000,0.00000000,0.00000000,0.00000000,0.00000000,0.00000000,0.00000000,0.00000000,0.85172489,0.00000000,0.00000000,0.00000000,0.00000000,0.00000000,0.00000000,0.00000000,0.00000000,0.00000000,0.00000000,0.00000000,0.00000000,0.00000000,0.00000000,0.00000000,0.00000000,0.00000000,0.00000000,0.00000000,0.00000000,0.00000000,0.00155318,0.00000000,0.00547976,0.00000000,0.00000000,0.00000000,0.00000000,0.00000000,0.00000000,0.00000000,0.01391512,0.00000000,0.00000000,0.00000000,0.00000000,0.00000000,0.00000000,0.00000000,0.00000000,0.00000000,0.00000000,0.00000000,0.00000000,0.00000000,0.00000000,0.00000000,0.00000000,0.00486656,0.00000000,0.00000000,0.01750380,0.00000000,0.00000000,0.00000000,0.00000000,0.00000000,0.00000000,0.00000000,0.03889946,0.00000000,0.00000000,0.00000000,0.00000000,0.00000000,0.00000000,0.00000000,0.00000000,0.00000000,0.00000000,0.00000000,0.00000000,0.00000000,0.00000000,0.00000000,0.00000000,0.00127619,0.00000000,0.00432680,0.00000000,0.00000000,0.00000000,0.00000000,0.00000000,0.00000000,0.00000000,0.00000000,0.00000000,0.00000000,0.00000000,0.00000000,0.00000000,0.00000000,0.00000000,0.00000000,0.00000000,0.00000000,0.00000000,0.00000000,0.00280443,0.00000000,0.00000000,0.00000000,0.00000000,0.00000000,0.00000000,0.00000000,0.04251976,0.00000000,0.01264055,0.00000000,0.00000000,0.00000000,0.00000000,0.00472100,0.00000000,0.00000000,0.00000000,0.00769782,0.95020814,0.00000000,0.00000000,0.00000000,0.00000000,0.00566945,0.00000000,0.00000000,0.00000000,0.00000000,0.00000000,0.00400961,0.00000000,0.00000000,0.00000000,0.00000000,0.00000000,0.00000000,0.00000000,0.00000000,0.00000000,0.00000000,0.00000000,0.00000000,0.00278950,0.00000000,0.01991308,0.00000000,0.13171535,0.00000000,0.00000000,0.00000000,0.00000000,0.00000000,0.02388155,0.00000000,0.00000000,0.00000000
0.00000000,0.00000000,0.00000000,0.00000000,0.00000000,0.00693622,0.00000000,0.00000000,0.00000000,0.00000000,0.00000000,0.00000000,0.00681622,0.00000000,0.00000000,0.00000000,0.00000000,0.00000000,0.00000000,0.00000000,0.00057564,0.00000000,0.00000000,0.00121033,0.00000000,0.00000000,0.00000000,0.00000000,0.00000000,0.00000000,0.00000000,0.00000000,0.00000000,0.00410255,0.00000000,0.00000000,0.00000000,0.00000000,0.00000000,0.00000000,0.00000000,0.00000000,0.00000000,0.00000000,0.00000000,0.00000000,0.00000000,0.00000000,0.00000000,0.00000000,0.00000000,0.00000000,0.00750373,0.00000000,0.00000000,0.00000000,1.66897518,0.00000000,0.00000000,0.00000000,0.01496717,0.00000000,0.00000000,0.00000000,0.01824569,0.00000000,0.00000000,0.00363809,0.00000000,0.01310896,0.00000000,0.00000000,0.00000000,0.00000000,0.00000000,0.00934932,0.00000000,0.00406577,0.00000000,0.00000000,0.00078643,0.00000000,0.00000000,0.01349912,0.00000000,0.00000000,0.00000000,0.00000000,0.01944460,0.00000000,0.00000000,0.00000000,0.00000000,0.00000000,0.01602760,0.00000000,0.00000000,0.00227712,0.00000000,0.00000000,0.00000000,0.00000000,0.00000000,0.00000000,0.00000000,0.00000000,0.00000000,0.00000000,0.00000000,0.00000000,0.00000000,0.00000000,0.00000000,0.00000000,0.00000000,0.00000000,0.00000000,0.00000000,0.00000000,0.00000000,0.00000000,0.00000000,0.00233353,0.00000000,0.00000000,0.00000000,0.00000000,0.00000000,0.00000000,0.00000000,0.00000000,0.00000000,0.12861043,0.00000000,0.04461567,0.00000000,0.00000000,0.00000000,0.00000000,0.00000000,0.00000000,0.00000000,0.00000000,0.00000000,0.00000000,0.00000000,0.00000000,0.00000000,0.00000000,0.00000000,0.13061927,0.00000000,0.00000000,0.00000000,0.00000000,0.00000000,0.00000000,0.00000000,0.00000000,0.00000000,0.00000000,0.00000000,0.00000000,0.00000000,0.00000000,0.00000000,0.00000000,0.00000000,0.00000000,0.00000000,0.00000000,0.00000000,0.00000000,0.00000000,0.00000000,0.00000000,0.00000000,0.00067963,0.00000000,0.00000000,0.00000000,0.00000000,0.00000000,0.00000000,0.00000000,0.00000000,0.00000000,0.01721241,0.00000000,0.00000000,0.00000000,0.00000000,0.00000000,0.00000000,0.00000000,0.00000000,0.00000000,0.00000000,0.03325712,0.00714191,0.00000000,0.00000000,0.00000000,0.00000000,0.00000000,0.00000000,0.00000000,0.00217419,0.00000000,0.00000000,0.00000000,0.03895257,0.00000000,0.24562352,0.00000000,0.00000000,0.00000000,0.62707263,0.00000000,0.00000000,0.00000000,1.23994386,0.00000000,0.00182014,0.00000000,0.00000000,0.00158205,0.00000000,0.00180420,0.00000000,0.00000000,0.00000000,0.00000000,0.00000000,0.02311999,0.00000000,0.12957198,0.00000000,0.00000000,0.00000000,0.00000000,0.00000000,0.00000000,0.00000000,0.00000000,0.00000000,0.00000000,0.00000000,0.01456028,0.00000000,0.00000000,0.00000000,0.00000000,0.00000000,0.00000000,0.00000000,0.00000000,0.00000000,0.00499925,0.00000000,0.00000000,0.00000000,0.00000000,0.00000000,0.00000000,0.00000000,0.00000000,0.00000000,0.00000000,0.01362927,0.13078185,0.00000000,0.00000000,0.00000000,0.00000000,0.00000000,0.00000000,0.00000000,0.00000000,0.00000000,0.00461362,0.02868230,0.00000000,0.00308577,0.00000000,0.00000000,0.00000000,0.00000000,0.00000000,0.00000000,0.00000000,0.00000000,0.00000000,0.00000000,0.00000000,0.00000000,0.00000000,0.00000000,0.19806862,0.00000000,0.00971607,0.00000000,0.00000000,0.00000000,0.00000000,0.00000000,0.00469195,0.00622213,0.02197571,0.00000000,0.00000000,0.00000000,0.00000000,0.01290081,0.00000000,0.00000000,0.00000000,0.00000000,0.00000000,0.02806288,0.00000000,0.00180185,0.00000000,0.00000000,0.00000000,0.00000000,0.00000000,0.00000000,0.00000000,0.00000000,0.00000000,0.00000000,0.00000000,0.00000000,0.00000000,0.02838069,0.01105092,0.00000000,0.00000000,0.00788455,0.00000000,0.00000000,0.00000000,0.00000000,0.00000000,0.15882531,0.00000000,0.02725148,0.00000000,0.00000000,0.00000000,0.00000000,0.00000000,0.00000000,0.00000000,0.00000000,0.01337219,0.00000000,0.00000000,0.00000000,0.00000000,0.00000000,0.00000000,0.00000000,0.00000000,0.00000000,0.00000000,0.00000000,0.00000000,0.00000000,0.01291432,0.00000000,0.00000000,0.00000000,0.00000000,0.00000000,0.03216194,0.00000000,0.00000000,0.00000000,0.00000000,0.00000000,0.00000000,0.00000000,0.00000000,0.00209785,0.00000000,0.00000000,0.00000000,0.00000000,0.02653626,0.00423840,0.00000000,0.00000000,0.00000000,0.00000000,0.00000000,0.00000000,0.00000000,0.00000000,0.00000000,0.00000000,0.13001450,0.00000000,0.00000000,0.01135953,0.00000000,0.00000000,0.00000000,0.00000000,0.00000000,0.00000000,0.00000000,0.00000000,0.00000000,0.00000000,0.00000000,0.01694622,0.00000000,0.00000000,0.05786829,0.00000000,0.00000000,0.00000000,0.00000000,0.00000000,0.00000000,0.00000000,0.00000000,0.00000000,0.00267044,0.00000000,0.00000000,0.00000000,0.04882078,0.00000000,0.00000000,0.00000000,0.00000000,0.00107285,0.00000000,0.00000000,0.00000000,0.00000000,0.00000000,0.00000000,0.00000000,0.00000000,0.00000000,0.00000000,0.00000000,0.00000000,0.00000000,0.00000000,0.00000000,0.00000000,0.00000000,0.23315014,0.00000000,0.00000000,0.00000000,0.00000000,0.00000000,0.00000000,0.00000000,0.00000000,0.03701587,0.00000000,0.00000000,0.00000000,0.00000000,0.00000000,0.00000000,0.00000000,0.00000000,0.00000000,0.00311582,0.00000000,0.00000000,0.00000000,0.00000000,0.00000000,0.00000000,0.00000000,0.00000000,0.00000000,0.00000000,0.01919863,0.00000000,0.00000000,0.00000000,0.00000000,0.00000000,0.00000000,0.00000000,0.00000000,0.00000000,0.00000000,0.00000000,0.00000000,0.00000000,0.00000000,0.00000000,0.00000000,0.00000000,0.00000000,0.00000000,0.00000000,0.00000000,0.00000000,0.00000000,0.00000000,0.00343425,0.00000000,0.00000000,0.00000000,0.00000000,0.00000000,0.00000000,0.00000000,0.00000000,0.00000000,0.00000000,0.00000000,0.00000000,0.00000000,0.00000000,0.00000000,0.00000000,0.00000000,0.00000000,0.00000000,0.00000000,0.05734993,0.00000000,0.00000000,0.00000000,0.00000000,0.00061056,0.00000000,0.00000000,0.00000000,0.00000000,0.00000000,0.00000000,0.00000000,0.00000000,0.00000000,0.00000000,0.00000000,0.00000000,0.00435121,0.01539660,0.02151029,0.00000000,0.00000000,0.00000000,0.00000000,0.00000000,0.00000000,0.00000000,0.00308565,0.00000000,0.00000000,0.00000000,0.00000000,0.00000000,0.00000000,0.00000000,0.00000000,0.02014155,0.00000000,0.04019169,0.98050485,0.00000000,0.00295314,0.00000000,0.00000000,0.00000000,0.00000000,0.00000000,0.00000000,0.00000000,1.24054118,0.00000000,0.00000000,0.00000000,0.00811743,0.00000000,0.00000000,0.00000000,0.00000000,0.00000000,0.00000000,0.00000000,0.00382905,0.00000000,0.00000000,0.00328955,0.00000000,0.00000000,0.00000000,0.09112891,0.00000000,0.00000000,0.00000000,0.00000000,0.00000000,0.00918892,0.00000000,0.00000000,0.00147637,0.00000000,0.00000000,0.00103764,0.00000000,0.00000000,0.00000000,0.00000000,0.00000000,0.00000000,0.00000000,0.00000000,0.00000000,0.00000000,0.05980329,0.00000000,0.00000000,0.00000000,0.00408570,0.00000000,0.00187452,0.00000000,0.00000000,0.00000000,0.00000000,0.00000000,0.00000000,0.00408570,0.00000000,0.00000000,0.00000000,0.00000000,0.00000000,0.00000000,0.00000000,0.00000000,0.00000000,0.00000000,0.00000000,0.00000000,0.00000000,0.00000000,0.00000000,0.00000000,0.00000000,0.00000000,0.00000000,0.00000000,0.00000000,0.00000000,0.00000000,0.04015075,0.00000000,0.00375235,0.00000000,0.00000000,0.00000000,0.00439233,0.00000000,0.00000000,0.00000000,0.00000000,0.00000000,0.03222458,3.26190747,0.00000000,0.00000000,0.00000000,0.00000000,0.00000000,0.00856056,0.00000000,0.00000000,0.00000000,0.00000000,0.00000000,0.00000000,0.00000000,0.00000000,0.00000000,0.00000000,0.72327675,0.00000000,0.00000000,0.00000000,0.00000000,0.00000000,0.00000000,0.00000000,0.00000000,0.00000000,0.00000000,0.00000000,0.00000000,0.00000000,0.00000000,0.00000000,0.00000000,0.00000000,0.00000000,0.00000000,0.00000000,0.00000000,0.00000000,0.00000000,0.00657194,0.00000000,0.00000000,0.00000000,0.00000000,0.00000000,0.00000000,0.00000000,0.00000000,0.00000000,0.00000000,0.00720770,0.00339890,0.00000000,0.00000000,0.00000000,0.00000000,0.00000000,0.00000000,0.00000000,0.00000000,0.06824815,0.00000000,0.00000000,0.00000000,0.00000000,0.00000000,0.00000000,0.69535068,0.00000000,0.00000000,0.01218260,0.00000000,0.00000000,0.00000000,0.00000000,0.04292514,0.00000000,0.00000000,0.00000000,0.00000000,0.00000000,0.00000000,0.00000000,0.00000000,0.00000000,0.03028476,0.00000000,0.00000000,0.00000000,0.00000000,0.00147695,0.00000000,0.00000000,0.00000000,0.00000000,0.00000000,0.00000000,0.00000000,0.00000000,0.00000000,0.00000000,0.00000000,0.00000000,0.00000000,0.20167144,0.00000000,0.00000000,0.00000000,0.00000000,0.00000000,0.00000000,0.00000000,0.00000000,0.00000000,0.00000000,0.00000000,0.00346043,0.00000000,0.00000000,0.00000000,0.00000000,0.00000000,0.00000000
0.00000000,0.00000000,0.00000000,0.00626992,0.00000000,0.00000000,0.00000000,0.00000000,0.00000000,0.00000000,0.00000000,0.00740550,0.00000000,0.00000000,0.00000000,0.00000000,0.00000000,0.00000000,0.00000000,0.31351658,0.00000000,0.00000000,0.00000000,0.00000000,0.00000000,0.09161109,0.00000000,0.00000000,0.00000000,0.00474049,0.00082929,0.00000000,0.00000000,0.00000000,0.00000000,0.00000000,0.00000000,0.00000000,0.35329194,0.00000000,0.00540208,0.00000000,0.03896052,0.00000000,0.00000000,0.00000000,0.00000000,0.00000000,0.00000000,0.00691937,0.00000000,0.00000000,0.00000000,0.00000000,0.00000000,0.00000000,0.00000000,0.00172164,0.00000000,0.00000000,0.00000000,0.00000000,0.00000000,0.00000000,0.00000000,0.00000000,0.00000000,0.00000000,0.00000000,0.00000000,0.00000000,0.00000000,0.00000000,0.00000000,0.00000000,0.00000000,0.00000000,0.00000000,0.00000000,0.01066409,0.00000000,0.00000000,0.01401471,0.00000000,0.01347318,0.00000000,0.00000000,0.02977867,0.00000000,0.00000000,0.57577798,0.00000000,0.00000000,0.00000000,0.00000000,0.00000000,0.00000000,0.00259288,0.00000000,0.00000000,0.00000000,0.00000000,0.01454231,0.00000000,0.00000000,0.00000000,0.00000000,0.00000000,0.00000000,0.16070286,0.00000000,0.00000000,0.00000000,0.00000000,0.00000000,0.00000000,0.00000000,0.00796668,0.00000000,0.00000000,0.00000000,0.00000000,0.00000000,0.00000000,0.00000000,0.00000000,0.00000000,0.00000000,0.05787632,0.00000000,0.00000000,0.00000000,0.00000000,0.00777395,0.00000000,0.00000000,0.00000000,0.00000000,0.00000000,0.00000000,0.00000000,0.00000000,0.00000000,0.00000000,0.01685723,0.00000000,0.00000000,0.00000000,0.00000000,0.00000000,0.00000000,0.00000000,0.00000000,0.00000000,0.00000000,0.00000000,0.00000000,0.00000000,0.00000000,0.01081253,0.00000000,0.00000000,0.29158448,0.00000000,0.00000000,0.00000000,0.00000000,0.00000000,0.00000000,0.00000000,0.00000000,0.00000000,0.00000000,0.00000000,0.00000000,0.00000000,0.00000000,0.00000000,0.00000000,0.00000000,0.00000000,0.00000000,0.00000000,0.00000000,0.00000000,0.00000000,0.00000000,0.00000000,0.00000000,0.00000000,0.00000000,0.20256568,0.00000000,0.00000000,0.00000000,0.00000000,0.00000000,0.00000000,0.00000000,0.00000000,0.00000000,0.00000000,0.00518494,0.01025894,0.00000000,0.00676406,0.00000000,0.00000000,0.00611583,0.00000000,0.00000000,0.00000000,0.00000000,0.00000000,0.00000000,0.00000000,0.00000000,0.00000000,0.00000000,0.01300633,0.00000000,0.00000000,0.00000000,0.00000000,0.00000000,0.00000000,0.00000000,0.00000000,0.00000000,0.00000000,0.00127506,0.00000000,0.00000000,0.00000000,0.00000000,0.00000000,0.03160420,0.00000000,0.00854466,0.00000000,0.00000000,0.00000000,0.00000000,0.00000000,0.00000000,0.00000000,0.00000000,0.00000000,0.00000000,0.00000000,0.00000000,0.00000000,0.00000000,0.00000000,0.00000000,0.00000000,0.00000000,0.00000000,0.00000000,0.00000000,0.00000000,0.00000000,0.00000000,0.00000000,0.00000000,0.00000000,0.00000000,0.00000000,0.00000000,0.00000000,0.00000000,0.00000000,0.00000000,0.00000000,0.00000000,0.06503230,0.00000000,0.00000000,0.74371365,0.00000000,0.00000000,0.00000000,0.00000000,0.00509313,0.00000000,0.00000000,0.00000000,0.00000000,0.00000000,0.00000000,0.00000000,0.00000000,0.00000000,0.00000000,0.00000000,0.00000000,0.00000000,0.00000000,0.00444886,0.00000000,0.00000000,0.00407129,0.00769831,0.00000000,0.00000000,0.00216485,0.00000000,0.00000000,0.00000000,0.00000000,0.00559608,0.00193155,0.00196452,0.00000000,0.00000000,0.00000000,0.00000000,0.00000000,0.00000000,0.00000000,0.00000000,0.00000000,0.00000000,0.00000000,0.00000000,0.00000000,0.00000000,0.00000000,0.00000000,0.00000000,0.00000000,0.00000000,0.00000000,0.00000000,0.00000000,0.00000000,0.00000000,0.00000000,0.00000000,0.00000000,0.00000000,0.00000000,0.00000000,0.00000000,0.00000000,0.00000000,0.00000000,0.00180953,0.00000000,0.00579776,0.00000000,0.00000000,0.00437094,0.00000000,0.00236832,0.00000000,0.00000000,0.00000000,0.00000000,0.00000000,0.00000000,0.00000000,0.00000000,0.04923491,0.00000000,0.00000000,0.00000000,0.00000000,0.00000000,0.00000000,0.00000000,0.00000000,0.00000000,0.00000000,0.00000000,0.00000000,0.00000000,0.00000000,0.00000000,0.00000000,0.00000000,0.00000000,0.00000000,0.00000000,0.00475579,0.00000000,0.00000000,0.00000000,0.00000000,0.00000000,0.00000000,0.00000000,0.00000000,0.00000000,0.00000000,0.04488077,0.00000000,0.00000000,0.00000000,0.00000000,0.02086150,0.00000000,0.00000000,0.00000000,0.01062294,0.00000000,0.00000000,0.00000000,0.03323329,0.00000000,0.00000000,0.00000000,0.00794768,0.00000000,0.00000000,0.00000000,0.00000000,0.00000000,0.00000000,0.00000000,0.00000000,0.00000000,0.00000000,0.00000000,0.00000000,0.00000000,0.00000000,0.00000000,0.00000000,0.00000000,0.00000000,0.00000000,0.00000000,0.00000000,0.01455421,0.00000000,0.00482679,0.00000000,0.00000000,0.00000000,0.00000000,0.00454683,0.00332574,0.00000000,0.00000000,0.00000000,0.00000000,0.00000000,0.00190851,0.00000000,0.00000000,0.00000000,0.00000000,0.00000000,0.00000000,0.00000000,0.00000000,0.00000000,0.02339879,0.00000000,0.00000000,0.00000000,0.00000000,0.00130535,0.00000000,0.00000000,0.00000000,0.00000000,0.00000000,0.00000000,0.00000000,0.00000000,0.02243899,0.00000000,0.00000000,0.00000000,0.00000000,0.00000000,2.79575523,0.00000000,0.00557463,0.00000000,0.00000000,0.00000000,1.82775171,0.00839821,0.00000000,0.00000000,0.00000000,0.00000000,0.00000000,0.00000000,0.00000000,0.00000000,0.00000000,0.00000000,0.00000000,0.00000000,0.00000000,0.00000000,0.00870774,0.00000000,0.00000000,0.00000000,0.00000000,0.29229580,0.00000000,0.00000000,0.00000000,0.00000000,0.00000000,0.00389218,3.06086743,0.00000000,0.00000000,0.00000000,0.00000000,0.00000000,0.00000000,0.00000000,0.00000000,0.00000000,0.00000000,0.00000000,0.00000000,0.00000000,0.00000000,0.00000000,0.03351655,0.00000000,0.00000000,0.00000000,0.00000000,0.00000000,0.00000000,0.00000000,0.00000000,0.00000000,0.00000000,0.00000000,0.00000000,0.00000000,0.00000000,0.00200872,0.00000000,0.00000000,0.00000000,0.00000000,0.00000000,0.00000000,0.00000000,0.03008763,0.00000000,0.00000000,0.00000000,0.00000000,0.00000000,0.00000000,0.00000000,0.00000000,0.00232628,0.00000000,0.02954752,0.00159454,0.00000000,0.00324791,0.00557977,0.00000000,0.00561561,0.00000000,0.00000000,0.00000000,0.00000000,0.00000000,0.00000000,0.00000000,0.00000000,0.00000000,0.02175341,0.00000000,0.00191380,0.00000000,0.00000000,0.00000000,0.00000000,0.00000000,0.00000000,0.00000000,0.00000000,0.00000000,0.00000000,0.00000000,0.00000000,0.00250904,0.04678670,0.00091404,0.00000000,0.00000000,0.00000000,0.00000000,0.00000000,0.00000000,0.00000000,0.04473797,0.00000000,0.00000000,0.00000000,0.00000000,0.00000000,0.28647253,0.00000000,0.00000000,0.00000000,0.00000000,0.00000000,0.00000000,0.00000000,0.00000000,0.00000000,0.00000000,0.00000000,0.00000000,0.00000000,0.00000000,0.00000000,0.00000000,0.00000000,0.00000000,0.00000000,0.00000000,0.00000000,0.00000000,0.00000000,0.00000000,0.00000000,0.00000000,0.00000000,0.00000000,0.01272547,0.00000000,0.00000000,0.00000000,0.00000000,0.00000000,0.00000000,0.00000000,0.00000000,0.00371289,0.00000000,0.00000000,0.00000000,0.00000000,0.00000000,0.00449590,0.00000000,0.00000000,0.03516222,0.00000000,0.00000000,0.00000000,0.00000000,0.00000000,0.04576645,0.00000000,0.00000000,0.00000000,0.06690466,0.00000000,0.00000000,0.00000000,0.00642928,0.00508635,0.00000000,0.00000000,0.10388781,0.00000000,0.00000000,0.00000000,0.00000000,0.00000000,0.00961611,0.00966418,0.00000000,0.00949037,0.00000000,0.00000000,0.00000000,0.00608609,0.00000000,0.00000000,0.00162168,0.00000000,0.00000000,0.00000000,0.00000000,0.00000000,2.86647308,0.00000000,0.00000000,0.00000000,0.01794275,0.00000000,0.00000000,0.00000000,0.00000000,0.00000000,0.00000000,0.00000000,0.00000000,0.00000000,0.00000000,3.27812987,0.00000000,0.00000000,0.00000000,0.00000000,0.00000000,0.00000000,0.00000000,0.00000000,0.00000000,0.00000000,0.00000000,0.00000000,0.00000000,0.00000000,0.00000000,0.00000000,0.00000000,0.00000000,0.00000000,0.00000000,0.00000000,2.09012371,0.00000000,0.00000000,0.00000000,0.00000000,0.00000000,0.00000000,0.00000000,0.00000000,0.00000000,0.00000000,0.00000000,0.00000000,0.00000000,0.02629448,0.00000000,0.00000000,0.00000000,0.00000000,0.00000000,0.00000000,0.00138583,0.00000000,0.00000000,0.00000000,0.00000000,0.00000000,0.00000000,0.00000000,0.00000000,0.00000000,0.00769378,0.00000000,0.00000000,0.00000000,0.00000000,0.00000000,0.00000000,0.00000000,0.00000000,0.00000000,0.00000000,0.00000000,0.00937904,0.01446727,0.00000000,0.00000000,0.00729554,0.12699899,0.00000000,0.00000000,0.00000000,0.00000000,0.00000000,0.00000000,0.00000000,0.00000000,0.00000000,0.00000000,0.00000000,0.00000000,0.04411531,0.00000000,0.00000000,0.00000000,0.00202614,0.00000000
0.00000000,0.00000000,0.00000000,0.00000000,0.00000000,0.00000000,0.00000000,0.00089668,0.00000000,0.00000000,0.00000000,0.08469974,0.00000000,0.00000000,0.00000000,0.00000000,0.00000000,0.00000000,0.00000000,0.00000000,0.00000000,0.00454229,0.21014255,0.00000000,0.00000000,0.00000000,0.00000000,0.00000000,0.00000000,0.00000000,0.00000000,0.00000000,0.00000000,0.00000000,0.00000000,0.00000000,0.00000000,0.00000000,0.00000000,0.00000000,0.00000000,0.00000000,0.00000000,0.00000000,0.00000000,0.00505844,0.02674035,0.00000000,0.00000000,0.00000000,0.00000000,0.00000000,0.00000000,0.00000000,0.00000000,0.00893772,0.00000000,0.00000000,0.00000000,0.00000000,0.00000000,0.00000000,0.00000000,0.00000000,0.00000000,0.00000000,0.00000000,0.00000000,0.00000000,0.00000000,0.00000000,0.00000000,0.00000000,0.00000000,0.00000000,0.00000000,0.00592619,0.00000000,0.00000000,0.01270653,0.00000000,0.00000000,0.00000000,0.00307892,0.00000000,0.00000000,0.00000000,0.00000000,0.00000000,0.00000000,0.00000000,0.00000000,0.00000000,0.00298236,0.00000000,0.00000000,0.00000000,0.00000000,0.00000000,0.00000000,0.00000000,0.00000000,0.00000000,0.00000000,0.00000000,0.00000000,0.00000000,0.00000000,0.00000000,0.00000000,0.00000000,0.00000000,0.00000000,0.00000000,0.00000000,0.00000000,0.00000000,0.00000000,0.00000000,0.00000000,0.00000000,0.00237615,0.00000000,0.00093980,0.00000000,0.00000000,0.00000000,0.00000000,0.00000000,0.00000000,0.00000000,0.00000000,0.00000000,0.00000000,0.00000000,0.00065106,0.00000000,0.00000000,0.00000000,0.00000000,0.00000000,0.00000000,0.00336224,0.00156529,0.00000000,0.00586300,0.00000000,0.00000000,0.00625466,0.00000000,0.00000000,0.00000000,0.00000000,0.00000000,0.00000000,0.00000000,0.00000000,0.00000000,0.01081253,0.00000000,0.00000000,0.00000000,0.00000000,0.00000000,0.00000000,0.00000000,0.00000000,0.00000000,0.00000000,0.00000000,0.00000000,0.00000000,0.16302513,0.00000000,0.00000000,0.00000000,0.00000000,0.00000000,0.00000000,0.00000000,0.00000000,0.00000000,0.00000000,0.00933160,0.00000000,0.00000000,0.00000000,0.00540398,0.00000000,0.00000000,0.00098237,0.00000000,0.00000000,0.00000000,0.00000000,0.00000000,0.00000000,0.00000000,0.00000000,0.00000000,0.00000000,0.00000000,0.00000000,0.00000000,0.00000000,0.00000000,0.00647059,0.00000000,0.00000000,0.09052449,0.00000000,0.00000000,0.02588942,0.00000000,0.00000000,0.00000000,0.00000000,0.00000000,0.00000000,0.00000000,0.00000000,0.00000000,0.00000000,0.00000000,0.00000000,0.00000000,0.00000000,0.00000000,0.00000000,0.00000000,0.00000000,0.00000000,0.00000000,0.00000000,0.00000000,0.00000000,0.00000000,0.00000000,0.00000000,0.00000000,0.00000000,0.00174869,0.00000000,0.00000000,0.00000000,0.00000000,0.00000000,0.00000000,0.00000000,0.00000000,0.00000000,0.00000000,0.00000000,0.00000000,0.00000000,0.03738727,0.00000000,0.00000000,0.00000000,0.00000000,0.00000000,0.00000000,0.00068242,0.00000000,0.00000000,0.00000000,0.01250331,0.00000000,0.00222968,0.00000000,0.00000000,0.00000000,0.00000000,0.00000000,0.00000000,0.00000000,0.00000000,0.00568009,0.00000000,0.00000000,0.00000000,0.00000000,0.00000000,0.00000000,0.00482560,0.00000000,0.00000000,0.00000000,0.00000000,0.00000000,0.00000000,0.00000000,0.00000000,0.02291546,0.00624016,0.00000000,0.00000000,0.00000000,0.00000000,0.00000000,0.00000000,0.12185209,0.00000000,0.00000000,0.00000000,0.00000000,0.00000000,0.00000000,0.00000000,0.00000000,0.00000000,0.00000000,0.00000000,0.00000000,0.00000000,0.00000000,0.00869629,0.00000000,0.00412776,0.00000000,0.00398594,0.00000000,0.00000000,0.00000000,0.00000000,0.00000000,0.00000000,0.00000000,0.00000000,0.00000000,0.02222035,0.00000000,0.00000000,0.00000000,0.00000000,0.00000000,0.00000000,0.00000000,0.00000000,0.00000000,0.00000000,0.00000000,0.05653117,0.00000000,0.00000000,0.00000000,0.00000000,0.00000000,0.00000000,0.00000000,0.00000000,0.00000000,0.00250377,0.00000000,0.00000000,0.00000000,0.00000000,0.00000000,0.00238545,0.00000000,0.00085481,0.00000000,0.00000000,0.00000000,0.00000000,0.00000000,0.00091528,0.00000000,0.00000000,0.00000000,0.00000000,0.00318634,0.01461096,0.00000000,0.00000000,0.00000000,0.00000000,0.00000000,0.00000000,0.00000000,0.00000000,0.00000000,0.00000000,0.00000000,0.00000000,0.00000000,0.00000000,0.00000000,0.00000000,0.00000000,0.00000000,0.01984920,0.00000000,0.00000000,0.00000000,0.00000000,0.00000000,0.06130635,0.00000000,0.00439063,0.00450777,0.00000000,0.00000000,0.00000000,0.00000000,0.00000000,0.00000000,0.00000000,0.00000000,0.00000000,0.00000000,0.00000000,0.00000000,0.00000000,0.08175961,0.00000000,0.01035645,0.00000000,0.00000000,0.00000000,0.00000000,0.00000000,0.00000000,0.00304154,0.00000000,0.00000000,0.00000000,0.00000000,0.00000000,0.00000000,0.00000000,0.00373687,0.00000000,0.00000000,0.00000000,0.00000000,0.00000000,0.00123258,0.00000000,0.00000000,0.00000000,0.00000000,0.00000000,0.00000000,0.00000000,0.00000000,0.00000000,0.00000000,0.05861527,0.00000000,0.00000000,0.00441346,0.00000000,0.00000000,0.00000000,0.00000000,0.00000000,0.08120504,0.00000000,0.00000000,0.00000000,0.00000000,0.00000000,0.00000000,0.00000000,0.00000000,0.00000000,0.00000000,0.00130743,0.00000000,0.05679659,0.00000000,0.00000000,0.00000000,0.00000000,0.10279783,0.00000000,0.00000000,2.84656631,0.03781068,0.00000000,0.00000000,0.00000000,0.00000000,0.00000000,0.00000000,4.43646630,0.00000000,0.00000000,0.00000000,0.00600716,0.00000000,0.00000000,0.00517709,0.00000000,0.00000000,0.00000000,0.00460178,0.01358948,0.00000000,0.00176696,0.00000000,0.00223361,0.09885778,0.00000000,0.00000000,0.00000000,0.00000000,0.00000000,0.00000000,0.00000000,0.00000000,0.00000000,0.00000000,0.00000000,0.00000000,0.00000000,0.00000000,0.00000000,0.00000000,0.00000000,0.00000000,0.00000000,0.00000000,0.00000000,0.00000000,0.00157687,0.00000000,0.00000000,0.00000000,0.00000000,0.00000000,0.00000000,0.00000000,0.00000000,0.00000000,0.00096096,0.00000000,0.00000000,0.00000000,0.00782611,0.00000000,0.00000000,0.00000000,0.00000000,0.00000000,0.00204883,0.00000000,0.00000000,0.00000000,0.00000000,0.00000000,0.00000000,0.00000000,0.00000000,0.00000000,0.00000000,0.00000000,0.00000000,0.00000000,0.00000000,0.00000000,0.00000000,0.00683495,0.12323126,0.00000000,0.00000000,0.00000000,0.00000000,0.00000000,0.00204941,0.00000000,0.00000000,0.00000000,0.00000000,0.00000000,0.00000000,0.00000000,0.00000000,0.00000000,0.00000000,0.00000000,0.00000000,0.00157897,0.00000000,0.00000000,0.00000000,0.00000000,0.00000000,0.00000000,0.00000000,0.00000000,0.00000000,0.00000000,0.00000000,0.00923512,0.00000000,0.00000000,0.00000000,0.00000000,0.00000000,0.00000000,0.00000000,0.00000000,0.00301169,0.00000000,0.00000000,0.00000000,0.00000000,0.00000000,0.00000000,0.00000000,0.00000000,0.00000000,0.00000000,0.00000000,0.03228369,0.00000000,0.00000000,0.00000000,0.00000000,0.00000000,0.00000000,0.00212049,0.00000000,0.00000000,0.00000000,0.00000000,0.00000000,0.00000000,0.00000000,0.00000000,0.00000000,0.00000000,0.00000000,0.00000000,0.00000000,0.00000000,0.56105065,0.00000000,0.00469529,0.00000000,0.00000000,0.00000000,0.00000000,0.01379561,0.00000000,0.00000000,0.00235569,0.00000000,0.00000000,0.00000000,0.00000000,0.00526008,0.00000000,0.00000000,0.00000000,0.00000000,0.00000000,0.00000000,0.00000000,0.00000000,0.00000000,0.00604929,0.00000000,0.01326262,0.01651351,0.03751677,0.02428124,0.00000000,0.00000000,0.00000000,0.00000000,0.00000000,0.29465427,0.00000000,0.00000000,0.00000000,0.00000000,0.00000000,0.01661193,0.00000000,0.00000000,0.00000000,0.00000000,0.00000000,0.00000000,0.00000000,0.00000000,0.00000000,0.00000000,0.00000000,0.00091469,0.00000000,0.00000000,0.00000000,0.00000000,0.00000000,0.00000000,0.00000000,0.00000000,0.00000000,0.00000000,0.03564321,0.25194970,0.03443027,0.00000000,0.00000000,0.00000000,0.00000000,0.00000000,0.00000000,0.00000000,0.04871564,0.00000000,0.00000000,0.00000000,0.00000000,0.00000000,0.00866415,0.00417461,0.00000000,0.00000000,0.00000000,0.00000000,0.00483757,0.00000000,0.00000000,0.00000000,0.00000000,0.00000000,0.00000000,0.00000000,0.00331955,0.00000000,0.00000000,0.00000000,0.00000000,0.00000000,0.00000000,0.00000000,0.00000000,0.01583104,0.00000000,0.00000000,0.00000000,0.00000000,0.00000000,0.00000000,0.01371381,0.00000000,0.00000000,0.00158578,0.00000000,0.00000000,0.00000000,0.00000000,0.00712273,0.00000000,0.00000000,0.00235398,0.00000000,0.01030425,0.00000000,0.00000000,0.00000000,0.00000000,0.00000000,0.00000000,0.00818419,0.00000000,0.00000000,0.00000000,0.00000000,0.00000000,0.00000000,0.00000000,0.00000000,0.00000000,0.00000000,0.00000000,0.00000000,0.00000000,0.00000000,0.00000000,0.00000000,0.00000000,0.00000000,0.00000000,0.00000000,0.00000000,0.00000000,0.00000000,0.00000000,0.00225752,0.01721623,0.00000000,0.00000000,0.00000000,0.00000000
0.02115089,0.00000000,0.00000000,0.00000000,0.00000000,0.00000000,0.00000000,0.00559006,0.00000000,0.00000000,0.00000000,0.01147288,0.00000000,0.00000000,0.00000000,0.00000000,0.00000000,0.00000000,0.00276531,0.00000000,0.00000000,0.00000000,0.00000000,0.00000000,0.00000000,0.00000000,0.00000000,0.00000000,0.00000000,0.00000000,0.00000000,0.00000000,0.00000000,0.00000000,0.00000000,0.00000000,0.00000000,0.00000000,0.00000000,0.00000000,0.00000000,0.00000000,0.00000000,0.00000000,0.00000000,0.00000000,0.00000000,0.00000000,0.00000000,0.00310143,0.00144463,0.00000000,0.00000000,0.00000000,0.00000000,0.00000000,0.00000000,0.00000000,0.00245887,0.00000000,0.00518100,0.00000000,0.00000000,0.00000000,0.00000000,0.00000000,0.00513707,0.00000000,0.00000000,0.02615914,0.00000000,0.46579016,0.00000000,0.00000000,0.00000000,0.00000000,0.00197418,0.00000000,0.00000000,0.00000000,0.00000000,0.00000000,0.00000000,0.00895764,0.00000000,0.00000000,0.00000000,0.00000000,0.00000000,0.00000000,0.00000000,0.00000000,0.06196571,0.00000000,0.00000000,0.00680587,0.00000000,0.00000000,0.00088382,0.00000000,0.00000000,0.00000000,0.00000000,0.00000000,0.00000000,0.00000000,0.00000000,0.00000000,0.00000000,0.00000000,0.00000000,0.01367461,0.00000000,0.00000000,0.00000000,0.00000000,0.00000000,0.00000000,0.00000000,0.00000000,0.00000000,0.00000000,0.00000000,0.00000000,0.00000000,0.00000000,0.00000000,0.01069594,0.00000000,0.00000000,0.00000000,0.00000000,0.00000000,2.34782497,0.00092455,0.00000000,0.00000000,0.00000000,0.00000000,0.00687312,0.00979100,0.00875387,0.03662022,0.00000000,0.00000000,0.00000000,0.00000000,0.00000000,0.00086961,0.00000000,0.00000000,0.00228788,0.00000000,0.00000000,0.00000000,0.00000000,0.00000000,0.00000000,0.00000000,0.00000000,0.00000000,0.00000000,0.00000000,0.00000000,0.00000000,0.00000000,0.00000000,0.00000000,0.00000000,0.00000000,0.00000000,0.00000000,0.04338269,0.00000000,0.00000000,0.00000000,0.00000000,0.00000000,0.00000000,0.00000000,0.00230998,0.00000000,0.00000000,0.00000000,0.00000000,0.00000000,0.00000000,0.01075940,0.00000000,0.00000000,0.00000000,0.00000000,0.00000000,0.00000000,0.00000000,0.00000000,0.00000000,0.00000000,0.00000000,0.00000000,0.00000000,0.00000000,0.00000000,0.00000000,0.00000000,0.00000000,0.00000000,0.00000000,0.00000000,0.00000000,0.00000000,0.00000000,0.00000000,0.00000000,0.00000000,0.00000000,0.00000000,0.00507358,0.00000000,0.00000000,0.00000000,0.00000000,0.00000000,0.00000000,0.00000000,0.00000000,0.00000000,0.00000000,0.02021332,0.00000000,0.00000000,0.00000000,0.00000000,0.00000000,0.00000000,0.00000000,0.00000000,0.00000000,0.00000000,0.00000000,0.00000000,0.00505749,0.00000000,0.00000000,0.00000000,0.00000000,0.00000000,0.00000000,0.00000000,0.00628705,0.00000000,0.00000000,0.00000000,0.00000000,0.00000000,0.00000000,0.05129839,0.00000000,0.00000000,0.00000000,0.00000000,0.00000000,0.00000000,0.00000000,0.00000000,0.00000000,0.00000000,0.00000000,0.00000000,0.00000000,0.00000000,0.00000000,0.00000000,0.00000000,0.00000000,0.00000000,0.00000000,0.00000000,0.00000000,0.00000000,0.00989745,0.00000000,0.00000000,0.00000000,0.00293009,0.00000000,0.00000000,0.00000000,0.00000000,0.00000000,0.00000000,0.04856615,0.00000000,0.00000000,0.00000000,0.00000000,0.00000000,0.00000000,0.00000000,0.00000000,0.00000000,0.00000000,0.00000000,0.00000000,0.00000000,0.00000000,0.00000000,0.00000000,0.00000000,0.00000000,0.00000000,0.00000000,0.01937034,0.00000000,0.00000000,0.00335699,0.00000000,0.00000000,0.00000000,0.00000000,0.00000000,0.00000000,0.00000000,0.00000000,0.00000000,0.00000000,0.00000000,0.00000000,0.00000000,0.00000000,0.00000000,0.00000000,0.00000000,0.00000000,0.00000000,0.00000000,0.00000000,0.00000000,0.00000000,0.00000000,0.00000000,0.00000000,0.00000000,0.00000000,0.00000000,0.00417579,0.00000000,0.00000000,0.00000000,0.00000000,0.00000000,0.00000000,0.00000000,0.00000000,0.00000000,0.00000000,0.00000000,0.00000000,2.20433623,0.00000000,0.00000000,0.00000000,2.92250174,0.02061043,0.00000000,0.03320693,0.00000000,0.00000000,0.00000000,0.00000000,0.00000000,0.00517289,0.00000000,0.00000000,0.00640251,0.00000000,0.00000000,0.00000000,0.00000000,0.00144436,0.00000000,0.00000000,0.00000000,0.00000000,0.00000000,0.02360763,0.00000000,0.00000000,0.00000000,0.00000000,0.00000000,0.00000000,0.00000000,0.00000000,0.00000000,0.00000000,0.00000000,0.00000000,0.00000000,0.00000000,0.00000000,0.00000000,0.00386846,0.00000000,0.00000000,0.00352798,0.00441758,0.00000000,0.13555587,0.00000000,0.01869213,0.00000000,0.00000000,0.00000000,0.00000000,0.00000000,0.01570556,0.00000000,0.00000000,0.00000000,0.00000000,0.00000000,0.00000000,0.00316626,0.00000000,0.05845581,0.00000000,0.00000000,0.00000000,0.00000000,0.00082396,0.00000000,0.00000000,0.00000000,0.00000000,0.00000000,0.00000000,0.00000000,0.00000000,0.00000000,0.00000000,0.00000000,0.00000000,0.00000000,0.00000000,0.00000000,0.00000000,0.00000000,0.00000000,0.00000000,0.00000000,0.00000000,0.00000000,0.03096046,0.00000000,0.00000000,0.00000000,0.00000000,0.00000000,0.00000000,0.00000000,0.00234340,0.00000000,0.00000000,0.00000000,0.00000000,0.01362344,0.00000000,0.00000000,0.00000000,0.00000000,0.00000000,0.00000000,0.00000000,0.00000000,0.00000000,1.27830505,0.00000000,0.00000000,0.00314622,0.00000000,0.00000000,0.00000000,0.00000000,0.00000000,0.00000000,0.00000000,0.00000000,0.00000000,0.00000000,0.00000000,0.00000000,0.00000000,0.00000000,0.00000000,0.00000000,0.00000000,0.00000000,0.01349050,0.00000000,0.00000000,0.00394607,0.00405156,0.00000000,0.00000000,0.00000000,0.00000000,0.00000000,0.01455051,0.00690412,0.00000000,0.00000000,0.00000000,0.01037224,0.00000000,0.00000000,0.00000000,0.00000000,0.00000000,0.00000000,0.00000000,0.00172893,0.00203300,0.00000000,0.00000000,0.00000000,0.03354548,0.00000000,0.01233538,0.00000000,0.00000000,0.00000000,0.00000000,0.00000000,0.00000000,0.00000000,0.00000000,0.00000000,0.00000000,0.00000000,0.00000000,0.00000000,0.00375052,0.00000000,0.00000000,0.00000000,0.00000000,0.00000000,0.00000000,0.00000000,0.00000000,0.00000000,0.00000000,0.00000000,0.00000000,0.00000000,0.88257790,0.00000000,0.00000000,0.01332952,0.00211255,0.02789591,0.00000000,0.00000000,0.00000000,0.00000000,0.00000000,0.00000000,0.00000000,0.00000000,0.00000000,0.00000000,0.00000000,0.00000000,0.00424009,0.00553365,0.00000000,0.00000000,0.00000000,0.00000000,0.00000000,0.00000000,0.00000000,0.00000000,0.00000000,0.00000000,0.00000000,0.00000000,0.00141110,0.00000000,0.00000000,0.00000000,0.00000000,0.00000000,0.00000000,0.00187933,0.00000000,0.00000000,0.00000000,0.00000000,0.00000000,0.00000000,0.05975786,0.00000000,0.00000000,0.00000000,0.00000000,0.02081229,0.00000000,0.10787624,0.00000000,0.00000000,0.00000000,0.00000000,0.00000000,0.00000000,0.00133667,0.00000000,0.00000000,0.00000000,0.00000000,0.00000000,0.00000000,0.49036302,0.00000000,0.00000000,0.04048192,0.00000000,0.00000000,0.00000000,0.00000000,0.00000000,0.00000000,0.00000000,0.00000000,0.00000000,0.00000000,0.00000000,0.00000000,0.00000000,0.00000000,0.00000000,0.03595487,0.00000000,0.00000000,0.00000000,0.01203636,0.00000000,0.00000000,0.01817803,0.00246363,0.00000000,0.00000000,0.00374614,0.00000000,0.00000000,0.00000000,0.00000000,0.00000000,0.00000000,0.00000000,0.00000000,0.05871139,0.00000000,0.00000000,0.00000000,0.00000000,0.00000000,0.00000000,0.00000000,0.00000000,0.00000000,0.00000000,0.00000000,0.00000000,0.00565384,0.01629065,0.00000000,0.00000000,0.00000000,0.00369698,0.00000000,0.00000000,0.00000000,0.00000000,0.00000000,0.00000000,0.00000000,0.00000000,0.00000000,0.00000000,0.00000000,0.00000000,0.00000000,0.00000000,0.00000000,0.00000000,0.00000000,0.00000000,0.00298069,0.00000000,0.00000000,0.00000000,0.00000000,0.00000000,0.00000000,0.00000000,0.00000000,0.00000000,0.00000000,0.00000000,0.00000000,0.00000000,0.00000000,0.00000000,0.00000000,0.06300906,0.00000000,0.00000000,0.00000000,0.00000000,0.00000000,0.00000000,0.01009627,0.00538423,0.00000000,0.00000000,0.00000000,0.00000000,0.00000000,0.00000000,0.00000000,0.00000000,0.00000000,0.02514340,0.00000000,0.00000000,0.01164781,0.00000000,0.00000000,0.00080495,0.00000000,0.00000000,0.00000000,0.00000000,0.00000000,0.00000000,0.00000000,0.07424722,0.00000000,0.00000000,0.00000000,0.00000000,0.00000000,0.00000000,0.00000000,0.00000000,0.00000000,0.50103397,0.00000000,0.00000000,0.03239413,0.00000000,0.00000000,0.00000000,0.00000000,0.00000000,0.00000000,0.00198616,0.00000000,0.00103138,0.00519053,0.00000000,0.00000000,0.00000000,0.00000000,0.00000000,0.00000000,0.00000000,0.00000000,0.00000000,0.00000000,0.00000000,0.00000000,0.00000000,0.00379926,0.00000000,0.00000000,0.00000000,0.03620655,0.00000000,0.00180015,0.00000000,0.00000000,0.00172729,0.00000000,0.00297605,0.00000000,0.00000000,0.00000000
0.00000000,0.00000000,0.00083272,0.00000000,0.00000000,0.00000000,0.00000000,0.00000000,0.00000000,0.02357830,0.00000000,0.00000000,0.00000000,0.00000000,0.00000000,0.00000000,0.00000000,0.00000000,0.00000000,0.02068416,0.00000000,0.00646656,0.00000000,0.00337784,0.00000000,0.00000000,0.00692984,0.00000000,0.00000000,0.00000000,0.00000000,0.00000000,0.02742048,0.00000000,0.00000000,0.00000000,0.00000000,0.00000000,0.00208696,0.00218152,0.00000000,0.04055102,0.00000000,0.00000000,0.00000000,0.00000000,0.00000000,0.00000000,0.00000000,0.00000000,0.00000000,0.00000000,0.00000000,0.00000000,0.00407629,0.00000000,0.00251506,0.24333180,0.00166442,0.00000000,0.02473806,0.00000000,0.00000000,0.00000000,0.00000000,0.00000000,0.00000000,0.00000000,0.00000000,0.00000000,0.00000000,0.00000000,0.00000000,0.01211566,0.07606222,0.00000000,0.00000000,0.00000000,0.00000000,0.00000000,0.00450491,0.00000000,0.00000000,0.00000000,0.11737400,0.00000000,0.00000000,0.00409471,0.00000000,0.00000000,0.00000000,0.00000000,0.00000000,0.00000000,0.00000000,0.00000000,0.00000000,0.00000000,0.00000000,0.00000000,0.00000000,0.00000000,0.00677945,0.00000000,0.01165834,0.00000000,0.00000000,0.02434065,0.00000000,0.00000000,0.00000000,0.00000000,0.00000000,0.00000000,0.00471791,0.00000000,0.00133174,0.00000000,0.00000000,0.00000000,0.00000000,0.00000000,0.00000000,0.00000000,0.00116160,0.00000000,0.00000000,0.00000000,0.00000000,0.00000000,0.01548915,0.00000000,0.00000000,0.00000000,0.00000000,0.00000000,0.00000000,0.00000000,0.00000000,0.00000000,0.00000000,0.00000000,2.22006441,0.00000000,0.00000000,0.00000000,0.00000000,0.00166884,0.00000000,0.00000000,0.00000000,0.00000000,0.00000000,0.00000000,0.00000000,0.00000000,0.00000000,0.00000000,0.00000000,0.00000000,0.00000000,0.00000000,0.00000000,0.00000000,0.00000000,0.00310354,0.00000000,0.00000000,0.01247763,0.00000000,0.77414579,0.00000000,0.00812086,0.00000000,0.00000000,0.00000000,0.00000000,0.00000000,0.00158144,0.00000000,0.00000000,0.00000000,0.00000000,0.00000000,0.00000000,0.00000000,0.00000000,0.00094620,0.00000000,0.00000000,0.00000000,0.00000000,0.00000000,0.00000000,0.00000000,0.00090325,0.00000000,0.00000000,0.05477182,0.00000000,0.00000000,0.00000000,0.00000000,0.00000000,0.00000000,0.00000000,0.00000000,0.00000000,0.00000000,0.00000000,0.00000000,0.00000000,0.00000000,0.00000000,0.00000000,0.00551857,0.00000000,0.00000000,0.39208878,0.01583109,0.00000000,0.00000000,0.00000000,0.00000000,0.00000000,0.00000000,0.00000000,0.00000000,0.00000000,0.00000000,0.00000000,0.00000000,0.00000000,0.00000000,0.00000000,0.00000000,0.00000000,0.00000000,0.00000000,0.00000000,0.00000000,0.00000000,0.00000000,0.00000000,0.00000000,0.00000000,0.00000000,0.00000000,0.00000000,0.00000000,0.00000000,0.00000000,2.79590691,0.00000000,0.00000000,0.00000000,0.00000000,0.00000000,0.00000000,0.00000000,0.00000000,0.00000000,0.00585989,0.00000000,0.00000000,0.00000000,0.01899015,0.00000000,0.00136915,0.00000000,0.00000000,0.00000000,0.00000000,0.00000000,0.00000000,0.00000000,0.00000000,0.00000000,0.00000000,0.00000000,0.00000000,0.00349007,0.00000000,0.00000000,0.00000000,0.00000000,0.00000000,0.00000000,0.00000000,0.00000000,0.00000000,0.00000000,0.00000000,0.00094187,0.00196489,0.00000000,0.00000000,0.00000000,0.00000000,0.00000000,0.00000000,0.00000000,0.00000000,0.00000000,0.00000000,0.00000000,0.00000000,0.00000000,0.00000000,0.00000000,0.00000000,0.00000000,0.00000000,0.01381332,0.00000000,0.00000000,0.00549628,0.00000000,0.00000000,0.00000000,0.00000000,0.03397162,0.00000000,0.00000000,0.00000000,0.00000000,0.00000000,0.00000000,0.00000000,0.00000000,0.16382055,0.00000000,0.00000000,0.00000000,0.00000000,0.00000000,0.00325918,0.00000000,0.00000000,0.00000000,0.00000000,0.00000000,0.00000000,0.00000000,0.00000000,0.00000000,0.00000000,0.00000000,0.00000000,0.00000000,0.00000000,0.00955254,0.00000000,0.00000000,0.00000000,0.00000000,0.00000000,0.00000000,0.00000000,0.00000000,0.00000000,0.10284467,0.00000000,0.00000000,0.00000000,0.00000000,0.00000000,0.00000000,0.00000000,0.00000000,0.00000000,0.01864184,0.00000000,0.02850396,0.00000000,0.00000000,1.56130930,0.00000000,0.00000000,0.00000000,0.00000000,0.00000000,0.00000000,0.00000000,0.00000000,0.00772013,0.00000000,0.00000000,0.00000000,0.00000000,0.00000000,0.00348103,0.00000000,0.00000000,0.00000000,0.00000000,0.00000000,0.00000000,0.00000000,0.00000000,0.00000000,0.00000000,0.00000000,0.00000000,0.00000000,0.00000000,0.01373476,0.00000000,0.00000000,0.00000000,0.00000000,0.00000000,0.00000000,0.00000000,0.00000000,0.00000000,0.00000000,0.00000000,0.00000000,0.00681652,0.00000000,0.00000000,0.00000000,0.00000000,0.00000000,0.00000000,0.00000000,0.00000000,0.00000000,0.01910118,0.03335954,0.00151249,0.00000000,0.00000000,0.00000000,0.00000000,0.21027501,0.00000000,0.00000000,0.10972468,0.00000000,0.00000000,0.00000000,0.00000000,0.00000000,0.00000000,0.00000000,0.00000000,0.00000000,0.00000000,0.00000000,0.00347240,0.00000000,0.01566323,0.00000000,0.00000000,0.00000000,0.00000000,0.00000000,0.00000000,0.00000000,0.00000000,0.00000000,0.00000000,0.00407912,0.00000000,0.00000000,0.00000000,0.00000000,0.00000000,0.00000000,0.00000000,0.00000000,0.00508890,0.00000000,0.00000000,0.00000000,0.00000000,0.00000000,0.00000000,0.00969971,0.00539165,0.00000000,0.00000000,0.00000000,0.00000000,0.00000000,0.00000000,0.00000000,0.00000000,0.00000000,0.00000000,0.00000000,0.00000000,0.00000000,0.00000000,0.00000000,0.00292324,0.03593565,0.00000000,0.00000000,0.02088755,0.00000000,0.00000000,0.00000000,0.00000000,0.00000000,0.00000000,0.00485833,0.00000000,0.00000000,0.00000000,0.00000000,0.00000000,0.00000000,0.00000000,0.00000000,0.00000000,0.00000000,0.00000000,0.00000000,0.00000000,0.00000000,0.00000000,0.00000000,0.00000000,0.00862023,0.00000000,0.00000000,0.00000000,0.00000000,0.03392354,0.02799709,0.00209894,0.00000000,0.00822644,0.00000000,0.00000000,0.00000000,0.00000000,0.01725621,0.00000000,0.00000000,0.00000000,0.00000000,0.00000000,0.00749085,0.00090246,0.00000000,0.00000000,0.00000000,0.00000000,0.00000000,0.00000000,0.00000000,0.00000000,0.01152248,0.00000000,0.00000000,0.00000000,0.00000000,0.00000000,0.00000000,0.00000000,0.00000000,0.02548209,0.00000000,0.00000000,0.00000000,0.00000000,0.00000000,0.00168674,0.00000000,0.00000000,0.00000000,0.00000000,0.00000000,0.00000000,0.00000000,0.00000000,0.00000000,0.00000000,0.00000000,1.10498418,0.00000000,0.00000000,0.00000000,0.00000000,0.00000000,0.00000000,0.00000000,0.00000000,0.01203635,0.00000000,0.00000000,0.00000000,0.00325637,0.00247806,0.00000000,1.18339591,0.00000000,0.00000000,0.00000000,0.00317846,0.00000000,0.00000000,0.00000000,0.00000000,0.00000000,0.00000000,0.00000000,0.00000000,0.00000000,0.00000000,0.00000000,0.00000000,0.00000000,0.00000000,0.00000000,0.05126128,0.00000000,0.00000000,0.00000000,0.00000000,0.00000000,0.00000000,0.00000000,0.00000000,0.00000000,0.00277898,0.00000000,0.00000000,0.00000000,0.00000000,0.00845177,0.00000000,0.00895195,0.00000000,0.00000000,0.00000000,0.00000000,0.00000000,0.00000000,0.00000000,0.00000000,0.63696524,0.00000000,0.00000000,0.00000000,0.00000000,0.00000000,0.00000000,0.00000000,0.00000000,0.00000000,0.00000000,0.00237783,0.00000000,0.00943218,0.00000000,0.00000000,0.00000000,0.00000000,0.00700223,0.00000000,0.00000000,0.00000000,0.00000000,0.00110967,0.00000000,0.00000000,0.00000000,0.00000000,0.00000000,0.00000000,0.00000000,0.00000000,0.00000000,0.00000000,0.00731697,0.00000000,0.00000000,0.00000000,0.00000000,0.00000000,0.00000000,0.00000000,0.00000000,0.00000000,0.00000000,0.00000000,0.00000000,0.00000000,0.00000000,0.00000000,0.00000000,0.00000000,0.00000000,0.00000000,0.00000000,0.00000000,0.00000000,0.00000000,0.00000000,0.00000000,0.00000000,0.00000000,0.00000000,0.00000000,0.00000000,0.00000000,0.00000000,0.00000000,0.00000000,0.00000000,0.00159138,0.00000000,0.00000000,0.01625484,0.00000000,0.00000000,0.00000000,0.00000000,0.00000000,0.00000000,0.07131134,0.00000000,0.00000000,0.00000000,0.00000000,0.00000000,0.00000000,0.00000000,0.00000000,0.00000000,0.00000000,0.00000000,0.08147888,0.00000000,0.00000000,0.00000000,0.00000000,0.00000000,0.00000000,0.00000000,0.00000000,0.00000000,0.00000000,0.00000000,0.00000000,0.00000000,0.00000000,0.00000000,0.00000000,0.00000000,0.00000000,0.00000000,0.00000000,0.00000000,0.00000000,0.00000000,0.00000000,0.71101545,0.00000000,0.00000000,0.00000000,0.00000000,0.00000000,0.00000000,0.00000000,0.00000000,0.00000000,0.00000000,0.00000000,0.00000000,0.00000000,0.00544990,0.00000000,0.00000000,0.00000000,0.00000000,0.00000000,0.00000000,0.00000000,0.00000000,0.00000000,0.00000000,0.02638109,0.00000000,1.26932988,0.01921686,0.00000000,0.00000000,0.00000000,0.00000000,0.00000000,0.00000000,0.25765864,0.00000000,0.08495617
0.00000000,0.00000000,0.00000000,0.00000000,0.00000000,0.00000000,0.00000000,0.00309467,0.00000000,0.00000000,0.00000000,0.00000000,0.01104186,0.00000000,0.00000000,0.02241213,0.00000000,0.00000000,0.00000000,0.00000000,0.00000000,0.00000000,0.00000000,0.00000000,0.00000000,0.00165337,0.00953711,0.00000000,0.00000000,0.00000000,0.00000000,0.01123211,0.00000000,0.00000000,0.01057257,0.00000000,0.02146161,0.00000000,0.00000000,1.64907946,0.00000000,0.00000000,0.00000000,0.00000000,0.00000000,0.00000000,0.00000000,0.00000000,0.07783861,0.00000000,0.00000000,0.01871701,0.00000000,0.00000000,0.00000000,0.00000000,0.00000000,0.00000000,0.00000000,0.00000000,0.00201617,0.00084149,0.00000000,0.00613528,0.00507173,0.00000000,0.00000000,0.00000000,0.00000000,0.00000000,0.00000000,0.00000000,0.00000000,0.00000000,0.00000000,0.00000000,0.00215686,0.00000000,0.00000000,0.00000000,0.00000000,0.00000000,0.00000000,0.00000000,0.00000000,0.00000000,0.00000000,0.00000000,0.00000000,0.00000000,0.00000000,0.00000000,0.00000000,0.00000000,0.00000000,0.00000000,0.00000000,0.00000000,0.00000000,0.00000000,0.00000000,0.00000000,0.00000000,0.00000000,0.00000000,0.00000000,0.00000000,0.00000000,0.00000000,0.00000000,0.00000000,0.00000000,0.00000000,0.00000000,0.00000000,0.00000000,0.02864205,0.00777697,0.00000000,0.00000000,0.00000000,0.00000000,0.00000000,0.00000000,0.00000000,0.02404736,0.00000000,0.00000000,0.00000000,0.00000000,0.00000000,0.00000000,0.00000000,0.00000000,0.00000000,0.01755345,0.00000000,0.00553694,0.00000000,0.00000000,0.00000000,0.00000000,0.00000000,0.00000000,0.00000000,0.00000000,0.00000000,0.00000000,0.00000000,0.00000000,0.00000000,0.00000000,0.00000000,0.00462042,0.00000000,0.00000000,0.00000000,0.00000000,0.29158448,0.00000000,0.00000000,0.00000000,0.00000000,0.00000000,0.00000000,0.00000000,0.00000000,0.00000000,0.00000000,0.00000000,0.00000000,0.00000000,0.00000000,0.00000000,0.00000000,0.01892145,0.00000000,0.00082973,0.00000000,0.01548728,0.00000000,0.01846613,0.00000000,0.00000000,0.00000000,0.00000000,0.00000000,1.24530996,0.00000000,0.00000000,0.00000000,0.00000000,0.00000000,0.00000000,0.00000000,0.00000000,0.00000000,0.00000000,0.00000000,0.00000000,0.00000000,0.00000000,0.00000000,0.00000000,0.00000000,0.00000000,0.00000000,0.03745605,0.00000000,0.44181884,0.00000000,0.00000000,0.00000000,0.02242256,0.00000000,0.00000000,0.00000000,0.00000000,0.00000000,0.00000000,0.00000000,0.00000000,0.00000000,0.00000000,0.00000000,0.00000000,0.00608548,0.00000000,0.00000000,0.00496088,0.00000000,0.00000000,0.00000000,0.00000000,0.00000000,0.00000000,0.00000000,0.00000000,0.00000000,0.00000000,0.00000000,0.00365362,0.00000000,0.00000000,0.00000000,0.00000000,0.00000000,0.00000000,0.00145536,0.00000000,0.00000000,0.00000000,0.00000000,0.00000000,0.00000000,0.00000000,0.00000000,0.00000000,0.00000000,0.00000000,0.00000000,0.00000000,0.00000000,0.00000000,0.00000000,0.00000000,0.00000000,0.00000000,0.00000000,0.00000000,0.00000000,0.00000000,0.01550289,0.00431848,0.00000000,0.00000000,0.00000000,0.00000000,0.00000000,0.01803979,0.00592757,0.00000000,0.00000000,0.00000000,0.00000000,0.00000000,0.00000000,0.00000000,0.00000000,0.00000000,0.00000000,0.00000000,0.00672168,0.00000000,0.00000000,0.00000000,0.00000000,0.00000000,0.00000000,0.01326075,0.00000000,0.00000000,0.00000000,0.04657678,0.00000000,0.00000000,0.00000000,0.00000000,0.01090925,0.00000000,0.00000000,0.00844019,0.00000000,0.01014248,0.00000000,0.00000000,0.00811657,0.00000000,0.00000000,0.00000000,0.00000000,0.00000000,0.00000000,0.00000000,0.00000000,0.00465221,0.00000000,0.04490304,0.00000000,0.00000000,0.00000000,0.00000000,0.00000000,0.00000000,0.00000000,0.00000000,0.00000000,0.00000000,0.00000000,0.00446772,0.00000000,0.00000000,0.00000000,0.00000000,0.00000000,0.00000000,0.00000000,0.00000000,0.00000000,0.00091822,0.00000000,0.00000000,0.00000000,0.00000000,0.00000000,0.00000000,0.00000000,0.00000000,0.00000000,0.00000000,0.00000000,0.00000000,0.00000000,0.00000000,0.00000000,0.00000000,0.00000000,0.00000000,0.00000000,0.00000000,0.00000000,0.00000000,0.00000000,0.00000000,0.02108500,0.00000000,0.77571359,0.00000000,0.00000000,0.00000000,0.00000000,0.00000000,0.00000000,0.00353182,0.00000000,0.06381216,0.00000000,0.00000000,0.00000000,0.00000000,0.00000000,0.00000000,0.00000000,0.00000000,0.00000000,0.01375261,0.00000000,0.00000000,0.22625000,0.00000000,0.00000000,0.00000000,0.00000000,0.00000000,0.01347185,0.00000000,0.00000000,0.00000000,0.00000000,0.00000000,0.00000000,0.00000000,0.00000000,0.00000000,0.00000000,0.00000000,0.00000000,0.00000000,0.00000000,0.00000000,0.00000000,0.00000000,0.00000000,0.00135271,0.00000000,0.00000000,0.00000000,0.00000000,0.00000000,0.00000000,0.00156851,0.00000000,0.00000000,0.00000000,0.18293950,0.00000000,0.00000000,0.00000000,0.00000000,0.00000000,0.00000000,0.00000000,0.00000000,0.02859681,0.00000000,0.23599933,0.01999059,0.00000000,0.00000000,0.00000000,0.00000000,0.00000000,0.00000000,0.00000000,0.00000000,0.00000000,0.00000000,0.31107872,0.00000000,0.00000000,0.00000000,0.00000000,0.00000000,0.00000000,0.00000000,0.00642868,0.00000000,0.00000000,0.00000000,0.00000000,0.00000000,0.00000000,0.21022372,0.00000000,0.00000000,0.01843521,0.00000000,0.00000000,0.00085403,0.02226333,0.00000000,0.00000000,0.00000000,0.00000000,2.04466284,0.00000000,0.00000000,0.00195977,0.08364725,0.00000000,0.00000000,0.01833670,0.00893868,0.00000000,0.00000000,0.00000000,0.00000000,0.00000000,0.00000000,0.00000000,0.00000000,0.00000000,0.00000000,0.00000000,0.00000000,0.00000000,0.00000000,0.00000000,0.00000000,0.00000000,0.00000000,0.00000000,0.00000000,0.00000000,0.00000000,0.00881257,0.00000000,0.00000000,0.00000000,0.00000000,0.00000000,0.00000000,0.00000000,0.00000000,0.00000000,0.00000000,0.00000000,0.00928527,0.00000000,0.00000000,0.01078856,0.00000000,0.00000000,0.00000000,0.00000000,0.00000000,0.00000000,0.00000000,0.00140191,0.00000000,0.00000000,0.00000000,0.00000000,0.00000000,0.00000000,0.00000000,0.00000000,0.00123231,0.00766346,0.00000000,0.00000000,0.00000000,0.00000000,0.00000000,0.00000000,0.00000000,0.00000000,0.00000000,0.00000000,0.03427068,0.01924115,0.00000000,0.01288734,0.00000000,0.00000000,0.00000000,0.00000000,0.00000000,0.00000000,0.00000000,0.00000000,0.00000000,0.01373027,0.00000000,0.04068185,0.00000000,0.00000000,0.00000000,0.00000000,0.00000000,0.00000000,0.02994969,0.00000000,0.00000000,0.00000000,0.00000000,0.00000000,0.00429861,0.00000000,0.00000000,0.00000000,0.00000000,0.00000000,0.01807351,0.00000000,0.00000000,0.00000000,0.00000000,0.00000000,0.00000000,0.00000000,0.00000000,0.00000000,0.00000000,0.12636522,0.00000000,0.00000000,2.14456647,0.00000000,0.00000000,0.00000000,0.00000000,0.00000000,0.00000000,0.00000000,0.00000000,0.00000000,0.00000000,0.00000000,0.00677318,0.00000000,0.00000000,0.00771972,0.00000000,0.00000000,0.00000000,0.00000000,0.03879164,0.00000000,0.08163132,0.00000000,0.00000000,0.00000000,0.00000000,0.00000000,0.00000000,0.00000000,0.00000000,0.00000000,0.00000000,0.00000000,0.00000000,0.00344304,0.00000000,0.00000000,0.00000000,0.00000000,0.00000000,0.00000000,0.00000000,0.00227883,0.00000000,0.00000000,0.00000000,0.01301147,0.00000000,0.00000000,0.00000000,0.00000000,0.00000000,0.00000000,0.00093907,0.00000000,0.00000000,0.00000000,0.00000000,0.00000000,0.00406018,0.00000000,0.00000000,0.00000000,0.00000000,0.00000000,0.13976717,0.00000000,0.00000000,0.00000000,0.00266959,0.00000000,0.00000000,0.00000000,0.00000000,0.00000000,0.00000000,0.00000000,0.00000000,0.21006308,0.00000000,0.00000000,0.00000000,0.00000000,0.00000000,0.00000000,0.02252532,1.64983542,0.00000000,0.00000000,0.00000000,0.00060201,0.00000000,0.00000000,0.00000000,0.00000000,0.00000000,0.00000000,0.00000000,0.00000000,0.00000000,0.00000000,0.00000000,0.00000000,0.00000000,0.00000000,0.00000000,0.00000000,0.00000000,0.00000000,0.00000000,0.00000000,0.00000000,0.00000000,0.00000000,0.00000000,0.00412795,0.00000000,0.00000000,0.00000000,0.04901182,0.00000000,0.00706492,0.00000000,0.00000000,0.00000000,0.00000000,0.00000000,0.00000000,0.00000000,0.00000000,0.00000000,0.00000000,0.00000000,0.00000000,0.00000000,0.00000000,0.00000000,0.00502344,0.00000000,0.00000000,0.00000000,0.00000000,0.00000000,0.00000000,0.00000000,0.00000000,0.00000000,0.00000000,0.00000000,0.00000000,0.00000000,0.00000000,0.00000000,0.00000000,0.00000000,0.00000000,0.00334607,0.00000000,0.00000000,0.00000000,0.00000000,0.00000000,0.00000000,0.00000000,0.00000000,1.56569042,0.00000000,0.00000000,0.00000000,0.00000000,0.11377740,0.00000000,0.00000000,0.00000000,0.00000000,0.02593361,0.00537872,0.00000000,0.00000000,0.00000000,0.00000000,0.00000000,0.00000000,0.00000000,0.00000000,0.00000000,0.00000000,0.00000000,0.00000000,0.00000000,0.00000000,0.00000000
0.00185527,0.00000000,0.00000000,0.00000000,0.00000000,0.00000000,0.00000000,0.00564396,0.00000000,0.00000000,0.00000000,0.00000000,0.00000000,0.00000000,0.00000000,0.00000000,0.00000000,0.00000000,0.00000000,0.00000000,0.00000000,0.00000000,0.00000000,0.01802400,0.00000000,0.00000000,0.00567580,0.00000000,0.00000000,0.00000000,0.00000000,0.00000000,0.00000000,0.00000000,0.00000000,0.03788522,0.00000000,0.00000000,0.10278360,0.00000000,0.00000000,0.00000000,0.00000000,0.00000000,0.00000000,0.00000000,0.00000000,0.00000000,0.00000000,0.00000000,0.00000000,0.00000000,0.00000000,0.00000000,0.00000000,0.00000000,0.00182181,0.00000000,0.00778912,0.00000000,0.00000000,0.00000000,0.00000000,0.00805075,0.06508030,0.00000000,0.00000000,0.02610104,0.00000000,0.00000000,0.00000000,0.00000000,0.00000000,0.00000000,0.00000000,0.00000000,0.00000000,0.00000000,0.00089013,0.00000000,0.00000000,0.00000000,0.00000000,0.00240563,0.00000000,0.00000000,0.05672759,0.00000000,0.00000000,0.00000000,0.00000000,0.00000000,0.00000000,0.00000000,0.00000000,0.00000000,0.00000000,0.00000000,0.00000000,0.00000000,0.00000000,0.04673763,0.00000000,0.00000000,0.00000000,0.00000000,0.00000000,0.00000000,0.00000000,0.00000000,0.00000000,0.00000000,0.00000000,0.00000000,0.00000000,0.00000000,0.00000000,0.00000000,0.00000000,0.00000000,0.00755211,0.03689244,0.00000000,0.00000000,0.02370010,0.00000000,0.00307616,0.00000000,0.00000000,0.00000000,0.00000000,0.00000000,0.00000000,0.00000000,0.00000000,0.00000000,0.01032746,0.00000000,0.00000000,0.00000000,0.00000000,0.00000000,0.04301197,0.00000000,0.00000000,0.00000000,0.00000000,0.01183134,0.00254519,0.00000000,0.00000000,0.00000000,0.00000000,0.00000000,0.00000000,0.00000000,0.00000000,0.00000000,0.00000000,0.00000000,0.00000000,0.00000000,0.00000000,0.00000000,0.00000000,0.00000000,0.00000000,0.00332640,0.00208881,0.00000000,0.00000000,0.00000000,0.00000000,0.00000000,0.00000000,0.00000000,0.00000000,0.00000000,0.00000000,0.00000000,0.00000000,0.00566672,0.00000000,0.00000000,0.00000000,0.00000000,0.00000000,0.00000000,0.00000000,0.00000000,0.00000000,0.10957695,0.00000000,0.00000000,0.00000000,0.00000000,0.00000000,0.00000000,0.03005358,0.00000000,0.11236175,0.00000000,0.00000000,0.00000000,0.00000000,0.00000000,0.00000000,0.00000000,0.00000000,0.00000000,0.00848259,0.00000000,0.00000000,0.00000000,0.00000000,0.00000000,0.00000000,0.00000000,0.03187366,0.00000000,0.00000000,0.00000000,0.00000000,0.00000000,0.00000000,0.00000000,0.00000000,0.00000000,0.00000000,0.00000000,0.00000000,0.00000000,0.00000000,0.00000000,0.00647376,0.00000000,0.00000000,0.00000000,0.00000000,0.00000000,0.00000000,0.00000000,0.00000000,0.00000000,0.00000000,0.00000000,0.00000000,0.00000000,0.00000000,0.00000000,0.00000000,0.00000000,0.00000000,0.00000000,0.00000000,0.00000000,0.00000000,0.00257232,0.00000000,0.00980860,0.00000000,0.00000000,0.05283242,0.00000000,0.00000000,0.00000000,0.00000000,0.00000000,0.00000000,0.00000000,0.00000000,0.00000000,0.00000000,0.00000000,0.00000000,0.00000000,0.00000000,0.00342907,0.00505274,0.00000000,0.25133421,0.00000000,0.00115612,0.00000000,0.00000000,0.00000000,0.00000000,0.00000000,0.00000000,0.00000000,0.00000000,0.00149245,0.00000000,0.00668665,0.00000000,0.00000000,0.00000000,0.00000000,0.00000000,0.00000000,0.00000000,0.00000000,0.00000000,0.00000000,0.00000000,0.00000000,0.00000000,0.00000000,0.00000000,0.00000000,0.00000000,0.00000000,0.00000000,0.00000000,0.00000000,0.00424481,0.00000000,0.00000000,0.00000000,0.00000000,0.00000000,0.00000000,0.00714896,0.00000000,0.00000000,0.00000000,0.10501994,0.00000000,0.00000000,0.00000000,0.00000000,0.00000000,0.00000000,0.00000000,0.00000000,0.00000000,0.00000000,0.00000000,0.00000000,0.00000000,0.00000000,0.00000000,0.00000000,0.00000000,0.00000000,0.00000000,0.00000000,0.00000000,0.00000000,0.00000000,0.00000000,0.00000000,0.00000000,0.00000000,0.00000000,0.00000000,0.00000000,0.00000000,0.00000000,0.00000000,0.00000000,0.00000000,0.00000000,0.00000000,0.00000000,0.00000000,0.00000000,0.00000000,0.00000000,0.00000000,0.00000000,0.00000000,0.00000000,0.01584251,0.00000000,0.00000000,0.00000000,0.02944482,0.00000000,0.00315645,0.00000000,0.00000000,0.00000000,0.00000000,0.00000000,0.00000000,0.00000000,0.00000000,0.00000000,0.00000000,0.00557170,0.02665686,0.00000000,0.00000000,0.00000000,0.00000000,0.00000000,0.00000000,0.00000000,0.07331871,0.00000000,0.00000000,2.55170048,0.04118607,0.00000000,0.00000000,0.00281318,0.00000000,0.00000000,0.00000000,0.01325487,0.00228273,0.00000000,0.00000000,0.01265301,0.00281689,0.00000000,0.00000000,0.00000000,0.00000000,0.00000000,0.00000000,0.00000000,0.00000000,0.00000000,0.00000000,0.00000000,0.00000000,0.00000000,0.00000000,0.00000000,0.00000000,0.00000000,0.00000000,0.05456527,0.00000000,0.01063414,0.00000000,0.00000000,0.00000000,0.00000000,0.00000000,0.00000000,0.00000000,0.00000000,0.00000000,0.00000000,0.00000000,0.00000000,0.00000000,0.00000000,0.00000000,0.00000000,0.00000000,0.00000000,0.00000000,0.00209116,0.00000000,0.00000000,0.00000000,0.00155596,0.00000000,0.00000000,0.00000000,0.00000000,0.00000000,0.00000000,0.00000000,0.00000000,0.00000000,0.00000000,1.00395302,0.00000000,0.00000000,0.00000000,0.00000000,0.00000000,0.03951926,0.00000000,0.00000000,0.00000000,0.00000000,0.00000000,0.00000000,0.00000000,0.00000000,0.00000000,0.00000000,0.00000000,0.00392347,0.00000000,0.00000000,0.00000000,0.02064637,0.00000000,0.00000000,0.00000000,0.00000000,0.00000000,0.00000000,0.00000000,0.00000000,0.00000000,0.00000000,0.00000000,0.00000000,0.00000000,0.00000000,0.06180834,0.00000000,0.00000000,0.00000000,0.00114629,0.00000000,0.00000000,0.00000000,0.00000000,0.00000000,0.00000000,0.00000000,0.00000000,0.00000000,0.00000000,0.00000000,0.00000000,0.00000000,0.00000000,0.00000000,0.00000000,0.00000000,0.00000000,0.00000000,0.00000000,0.00000000,0.00121825,0.02654206,0.00000000,0.00000000,0.00000000,0.00000000,0.00000000,0.00649376,0.00000000,0.00000000,0.00000000,0.00000000,0.00000000,0.00000000,0.00000000,0.00000000,0.00363270,0.00000000,0.01666409,0.00000000,0.00000000,0.00000000,0.00000000,0.00000000,0.00000000,0.00000000,0.00000000,0.00000000,0.00431206,0.00000000,0.00000000,0.00000000,0.00000000,0.00953073,0.00000000,0.00000000,0.00000000,0.00000000,0.00176363,0.00000000,0.02360706,0.00000000,0.00000000,0.00000000,0.00000000,0.01243265,0.00000000,0.00000000,0.00000000,0.00000000,0.00000000,0.00000000,0.00000000,0.00360305,0.00000000,0.00000000,0.00000000,0.00000000,0.00000000,0.00000000,0.00000000,0.00000000,0.00000000,0.00000000,0.00000000,0.00000000,0.00639683,0.00783150,0.00000000,0.00000000,0.00000000,0.00000000,0.00000000,0.00000000,0.00000000,0.00000000,0.00000000,0.00000000,0.00000000,0.02116252,0.00376026,0.00096149,0.00000000,0.01858560,0.00000000,0.00000000,0.00000000,0.00000000,0.03064728,0.00000000,0.00000000,0.00286996,0.00000000,0.00000000,0.00000000,0.00000000,0.00000000,0.08036494,0.00000000,0.00000000,0.00000000,0.00000000,0.00000000,0.00000000,0.00000000,0.00000000,0.00000000,0.00000000,0.01668273,0.00000000,0.11960607,0.00000000,0.00000000,0.00000000,0.00000000,0.00000000,0.00000000,0.00000000,0.00000000,0.00084957,0.00461336,0.00000000,0.00000000,0.00000000,0.00124819,0.00000000,0.00000000,0.01281731,0.00000000,0.00000000,0.00070828,0.00000000,0.00000000,0.00000000,0.00000000,0.00000000,0.00000000,0.00000000,0.00000000,0.00000000,0.00000000,0.01690002,0.00000000,0.00000000,0.00000000,0.00000000,0.00000000,0.00000000,0.00297903,0.00000000,0.00000000,0.00000000,0.00000000,0.00000000,0.00000000,0.00000000,0.00000000,0.00000000,0.00000000,0.00000000,0.00080470,0.00000000,0.00000000,0.00110215,0.00000000,0.00000000,0.00348023,0.00000000,0.00000000,0.00000000,0.00000000,0.00000000,0.00000000,0.00000000,0.00000000,0.00000000,0.00000000,0.00000000,0.00000000,0.00000000,0.00000000,0.00000000,0.00000000,0.00000000,0.00000000,0.03155593,0.00000000,0.00000000,0.00000000,0.00211226,0.00000000,0.00000000,0.00000000,0.00000000,0.00000000,0.00000000,0.00000000,0.00000000,0.00000000,0.00000000,0.00000000,0.00000000,0.00000000,0.00000000,0.00000000,0.00000000,0.04574904,0.00000000,0.00000000,0.00000000,0.00000000,0.00000000,0.00000000,0.00000000,0.00000000,0.00000000,0.00000000,0.00000000,0.00000000,0.00000000,0.04076246,0.00000000,0.00000000,0.00000000,0.00000000,0.00360142,0.00000000,0.00000000,0.00000000,0.00000000,0.00000000,0.00000000,0.00180147,0.01017862,0.00000000,0.00335423,0.00000000,0.00000000,0.00000000,0.00000000,0.00000000,0.00000000,0.00000000,0.00000000,0.00000000,0.00000000,0.00000000,0.00365853,0.00000000,0.00000000,0.00000000,0.00297310,0.00000000,0.00000000,0.00492681,0.00000000,0.00000000,0.02629964,0.12277604,0.00000000,0.00000000,0.00451083,0.09428382,0.00000000,0.00000000,0.00000000
0.00000000,0.00000000,0.00000000,0.00000000,0.00000000,0.00000000,0.00000000,0.00000000,0.01480912,0.00000000,3.26719903,0.00000000,0.00000000,0.00000000,0.00000000,0.00061245,0.00000000,0.00000000,0.00000000,0.00000000,0.00000000,0.00000000,0.00000000,0.00000000,0.00000000,0.00000000,0.00000000,0.00000000,0.00000000,0.00000000,0.00000000,0.01166464,0.00000000,0.00000000,0.00000000,0.00000000,0.00000000,0.00000000,0.00000000,0.00000000,0.00000000,0.00696382,0.00000000,0.00000000,0.00000000,0.00000000,0.00000000,0.00000000,0.00000000,0.00000000,0.00000000,0.00000000,0.00000000,0.00000000,0.00072495,0.00000000,0.00000000,0.00000000,0.00000000,0.10353584,0.00000000,0.00262983,0.00000000,0.00000000,0.02533977,0.00000000,0.00000000,0.00000000,0.00000000,0.00000000,0.00000000,0.00000000,0.00000000,0.00000000,0.00000000,0.00000000,0.00000000,0.00000000,0.00000000,0.00000000,0.00000000,0.00000000,0.00000000,0.00000000,0.00000000,0.00000000,0.00000000,0.00000000,0.00000000,0.00000000,0.00000000,0.00000000,3.14635972,0.00000000,0.00000000,0.00000000,0.00000000,0.00000000,0.00000000,0.00000000,0.00000000,0.00000000,0.00000000,0.00000000,0.00000000,0.00122001,0.00000000,0.01113516,0.00000000,0.00000000,0.00000000,0.00000000,0.00000000,0.00000000,0.00000000,0.01582265,0.00000000,0.00000000,0.00000000,0.00000000,0.00000000,0.11444031,0.00000000,0.00000000,0.00000000,0.02013637,0.00000000,0.00000000,0.00000000,0.00000000,0.00000000,0.00000000,0.00000000,0.00000000,0.00000000,0.03863897,0.00000000,0.00000000,0.00000000,0.00000000,0.01052951,0.00000000,0.00000000,0.01695488,0.00000000,0.00000000,0.00000000,0.00000000,0.00000000,0.04360089,0.00000000,0.00000000,0.00000000,0.42668189,0.00000000,0.00000000,0.00000000,0.00000000,0.00000000,0.00000000,0.00000000,0.00000000,0.00000000,0.00000000,0.00000000,0.00000000,0.00000000,0.00000000,0.00000000,0.00000000,0.00000000,0.00000000,0.00000000,0.00000000,0.00000000,0.00000000,0.00000000,0.00000000,0.00000000,0.00000000,0.00000000,0.00000000,0.00000000,0.08712850,0.00000000,0.00000000,0.00000000,0.00000000,0.00000000,0.00000000,0.00000000,0.00000000,0.00000000,0.00000000,0.00000000,0.00000000,0.00000000,0.11064093,0.63228439,0.00000000,0.00370368,0.00000000,0.00000000,0.00000000,0.00000000,0.00000000,0.00282969,0.00000000,0.00000000,0.00000000,0.00000000,0.00000000,0.01562255,0.07780892,0.00312964,0.00000000,0.00000000,0.00000000,0.00000000,0.00000000,0.00000000,0.00000000,0.00000000,0.00000000,0.00000000,0.00000000,0.00000000,0.00000000,0.00000000,0.00000000,0.00000000,0.00000000,0.00000000,0.00000000,0.00000000,0.71172162,0.00000000,0.00000000,0.00000000,0.00000000,0.00000000,0.00000000,0.00000000,0.00000000,0.00000000,0.00000000,0.00000000,0.00000000,0.00000000,0.00000000,0.00000000,0.00000000,0.00000000,0.00000000,0.00000000,0.00000000,0.00980225,0.00000000,0.00000000,0.00000000,0.00000000,0.00000000,0.06415639,0.00000000,0.00000000,0.00000000,0.00000000,0.00000000,0.00000000,0.00000000,0.00000000,0.00000000,0.00000000,0.00000000,0.00000000,0.00000000,0.00000000,0.00000000,0.00000000,0.00000000,0.00000000,0.00000000,0.00000000,0.00000000,0.00000000,0.00000000,0.00000000,0.00000000,0.00000000,0.00000000,0.00104091,0.00000000,0.00000000,0.00000000,0.00000000,0.00000000,0.00000000,0.00000000,0.00130050,0.00151530,0.00000000,0.00000000,0.00000000,0.00000000,0.00633392,0.03321708,0.00000000,0.00000000,0.00000000,0.00590232,0.00981919,0.00000000,0.00000000,0.00000000,0.00000000,0.00000000,0.00000000,0.01932554,0.00000000,0.00000000,0.00000000,0.00000000,0.00204828,0.00000000,0.00000000,3.12704497,0.00000000,0.00000000,0.00000000,0.00000000,0.00000000,0.00000000,0.00000000,0.00000000,0.00000000,0.00000000,0.00346534,0.00000000,0.00000000,0.00000000,0.03234441,0.00000000,0.00000000,0.00000000,0.00837338,0.00000000,0.05530015,0.00000000,0.29626491,0.00000000,0.00000000,0.00000000,0.00000000,0.00000000,0.00000000,0.02461127,0.00000000,0.00000000,0.00000000,0.00000000,0.00000000,0.00000000,0.00000000,0.00807202,0.00000000,0.00000000,0.00000000,0.00166986,0.00000000,0.00000000,0.00000000,0.00000000,0.00000000,0.00000000,0.00000000,0.00000000,0.00000000,0.00110556,0.00000000,0.00000000,0.00000000,0.00000000,0.00000000,0.12567692,0.00000000,0.00000000,0.00000000,0.00234617,0.00000000,0.01206519,0.00000000,0.00000000,0.02488649,0.00000000,0.00000000,0.00000000,0.00000000,0.00000000,0.00000000,0.01591295,0.00000000,0.00000000,0.00000000,0.00000000,0.00000000,0.00000000,0.00000000,0.00000000,0.00000000,0.00000000,0.00000000,0.00000000,0.00000000,0.00000000,0.00000000,0.00000000,0.01274534,0.00000000,0.00000000,0.00922627,0.00000000,0.00000000,0.00626981,0.00813278,0.00000000,0.00000000,0.02496980,0.00000000,0.00000000,0.00000000,0.00000000,0.00000000,0.00000000,0.00000000,0.00000000,0.00138071,0.00000000,0.00000000,0.00000000,0.00000000,0.00000000,0.00000000,0.00000000,0.00000000,0.00000000,0.00000000,0.00000000,0.00000000,0.00000000,0.00000000,0.00000000,0.00000000,0.00000000,0.00133354,0.00425962,0.00000000,0.00222011,0.00000000,0.00000000,0.00000000,0.00000000,0.00000000,0.00113101,0.00000000,0.00000000,0.00000000,0.00000000,0.00000000,0.00000000,0.00000000,0.00000000,0.00000000,0.00000000,0.00000000,0.00000000,0.00000000,0.00000000,0.00000000,0.00000000,0.00000000,0.00000000,0.00000000,0.00000000,0.61006765,0.00000000,0.00000000,0.00000000,0.01170307,0.00000000,0.00000000,0.00000000,0.00000000,0.00000000,0.00000000,0.00000000,0.00000000,0.00000000,0.01678043,0.00000000,0.00000000,0.00000000,0.00000000,0.00000000,0.00000000,0.00000000,0.00000000,0.00000000,0.00000000,0.00000000,0.00000000,0.00000000,0.00000000,0.00000000,0.00000000,0.00000000,0.00000000,0.00000000,0.00000000,0.00000000,0.00000000,0.00000000,0.00000000,0.00000000,1.48039622,0.00000000,0.02948735,0.00000000,0.00000000,0.00000000,0.00000000,0.02084359,0.00000000,0.00000000,0.00000000,0.00000000,0.00000000,0.00000000,0.00000000,0.00000000,0.00000000,0.00000000,0.00000000,0.01215062,0.00000000,0.00000000,0.25231836,0.00000000,0.00000000,0.00000000,0.00000000,0.00000000,0.02548925,0.00000000,0.00000000,0.00000000,0.00000000,0.00000000,0.00000000,0.00000000,0.00000000,0.00000000,0.00000000,0.00000000,0.00000000,0.00879511,0.00000000,0.00000000,0.00000000,0.00000000,0.00000000,0.00000000,0.00000000,0.00000000,0.00000000,0.02980541,0.00000000,0.00000000,0.00153695,0.00000000,0.05792033,0.00000000,0.00000000,0.00000000,0.00000000,0.00000000,0.00000000,0.00000000,0.00000000,0.00964393,0.00000000,0.00000000,0.00213973,0.00000000,0.00000000,0.00000000,0.02585717,0.00000000,0.00150125,0.00000000,0.00871291,0.00000000,0.00000000,0.00116471,0.00000000,0.00000000,0.00000000,0.00000000,0.00000000,0.00000000,0.00000000,0.00000000,0.00405002,0.00000000,0.87356298,0.00000000,0.00000000,0.00000000,0.00000000,0.00000000,0.00000000,0.00000000,0.00000000,0.00000000,0.00000000,0.00000000,0.00000000,0.00000000,0.00000000,0.00000000,0.00000000,0.00000000,0.00000000,0.00000000,0.00000000,0.02037451,0.00000000,0.00000000,0.00000000,0.54518699,0.00000000,0.00000000,0.00000000,0.00000000,0.00000000,0.00000000,0.01638437,0.00000000,0.59576572,0.00000000,0.00000000,0.00000000,0.00000000,0.00000000,0.00000000,0.00000000,0.00000000,0.00000000,0.00163210,0.08793059,0.00000000,0.00000000,0.00000000,0.00000000,0.00000000,0.00000000,0.00000000,0.00000000,0.00000000,0.00000000,0.00000000,0.03369286,0.00000000,0.00000000,0.00000000,0.00000000,0.00000000,0.00000000,0.00000000,0.00000000,0.00000000,0.00000000,0.00000000,0.00097624,0.00190026,0.00000000,0.00000000,0.00000000,0.00000000,0.21132845,0.00000000,0.00000000,0.00000000,0.00000000,0.00000000,0.00000000,0.00000000,0.00000000,0.00000000,0.00471292,0.00000000,0.00684154,0.00000000,0.00000000,0.00000000,0.00000000,0.00000000,0.00000000,0.00000000,0.00000000,0.00000000,0.00250210,0.00000000,0.00000000,0.00000000,0.00000000,0.00000000,0.00000000,0.03253725,0.00806908,0.00000000,0.00000000,0.00106208,0.00000000,0.00000000,0.00000000,0.00000000,0.01014075,0.01489145,0.00000000,0.08779334,0.00000000,1.56633888,0.00000000,0.00000000,0.00000000,0.00000000,0.00220710,0.00000000,0.00000000,0.00000000,0.00000000,0.00000000,0.00000000,0.00000000,0.00000000,0.00000000,0.00000000,0.00000000,0.02178489,0.00000000,0.00000000,0.00000000,0.00000000,0.00000000,0.00000000,0.00000000,0.01504389,0.00000000,0.00000000,0.00000000,0.00000000,0.00000000,0.00000000,0.00000000,0.00000000,0.00000000,0.00000000,0.00000000,0.00000000,0.00000000,0.00329816,0.00000000,0.00000000,0.00000000,0.13168950,0.00000000,0.00000000,0.00000000,0.00000000,0.00000000,0.00000000,0.00220748,0.00000000,0.00000000,0.00000000,0.00101164,0.00000000,0.00000000,0.00000000,0.00000000,0.00000000,0.00000000,0.00000000,0.00000000,0.00000000,0.00000000,0.01399815,0.00000000,0.00000000,0.00000000
0.00000000,0.00000000,0.00000000,0.00000000,0.00000000,0.03694826,0.00000000,0.00000000,0.00082802,0.00000000,0.00000000,0.00000000,0.00000000,0.00000000,0.00000000,0.00000000,0.00000000,0.00000000,0.00000000,0.00000000,0.00000000,0.00000000,0.01271092,0.00000000,0.00000000,0.00000000,0.00000000,0.00000000,0.00000000,0.00000000,0.00000000,0.00000000,0.00000000,0.00000000,0.00000000,0.00000000,0.00000000,0.00000000,0.00000000,0.00000000,0.00000000,0.00000000,0.00000000,0.00000000,0.00000000,0.00000000,0.09284451,0.00000000,0.00000000,0.00409208,0.00000000,0.00000000,0.00000000,0.00000000,0.00000000,0.00166863,0.00000000,0.00000000,0.00000000,0.00000000,0.00000000,0.00000000,0.00000000,0.00000000,0.00000000,0.00121202,0.00198140,0.00000000,0.00000000,0.00000000,0.00520663,0.00000000,0.00000000,0.00000000,0.00000000,0.00000000,0.00000000,0.00000000,0.00000000,0.01658927,0.00000000,0.00000000,0.00000000,0.00000000,0.00224424,0.02493234,0.00000000,0.00000000,0.00000000,0.00902538,0.00000000,0.00000000,0.00000000,0.00000000,0.00000000,0.00000000,0.00000000,0.00748507,0.00000000,0.00000000,0.00000000,0.00000000,0.00000000,0.00000000,0.00000000,0.00410918,0.00000000,2.35470357,0.00137334,0.00000000,0.00000000,0.00000000,0.00000000,0.00000000,0.03220308,0.00000000,0.00000000,0.00000000,0.00000000,0.00000000,0.00000000,0.00000000,0.00000000,0.00000000,0.00000000,0.00000000,0.00000000,0.00000000,0.00268560,0.00000000,0.00000000,0.00000000,0.00000000,0.34286051,0.00000000,0.00000000,0.00000000,0.00000000,0.00000000,0.00000000,0.00000000,0.00000000,0.00000000,0.00251308,0.00000000,0.00000000,0.00000000,0.00000000,0.00000000,0.00000000,0.00000000,0.00000000,0.00000000,0.00000000,0.00000000,0.00000000,0.00000000,0.00000000,0.00000000,0.00000000,0.00000000,0.00310354,0.00000000,0.00000000,0.00000000,0.00000000,0.00000000,0.03663984,0.00000000,0.00000000,0.00000000,0.00000000,0.00000000,0.00000000,0.00000000,0.00000000,0.00000000,0.00000000,0.00000000,0.00000000,0.00000000,0.00000000,0.00000000,0.00000000,0.00000000,0.01448975,0.00000000,0.00000000,0.01878291,0.00000000,0.00000000,0.00000000,0.00000000,0.00000000,1.57352086,0.00000000,0.00000000,0.00000000,0.00000000,0.00000000,0.00000000,0.00000000,0.00000000,0.00000000,0.00000000,0.00000000,0.00000000,0.00000000,0.00000000,0.00000000,0.00000000,0.00000000,0.00000000,0.00245470,0.00000000,0.00000000,0.00000000,0.00000000,0.00355639,0.01068805,0.00000000,0.00000000,0.00000000,0.00000000,0.00000000,0.00000000,0.00000000,0.00000000,0.00000000,0.00000000,0.00691957,0.00000000,0.00000000,0.00000000,0.00000000,0.00000000,0.00000000,0.00000000,0.00000000,0.00000000,0.00000000,0.01752122,0.00441872,0.00000000,0.00000000,0.00000000,0.00000000,0.00000000,0.00000000,0.00000000,0.00000000,0.00000000,0.00000000,0.00594568,0.00000000,0.00000000,0.00000000,0.00000000,0.00000000,0.00000000,0.00000000,0.00000000,0.00000000,0.00000000,0.00000000,0.00000000,0.00353667,0.00000000,0.00000000,0.00000000,0.00000000,0.00000000,0.00000000,0.00000000,0.00000000,0.00000000,0.00000000,0.00000000,0.00000000,0.00000000,0.00000000,0.00000000,0.00000000,0.00000000,0.00000000,0.00000000,0.00000000,0.00000000,0.00000000,0.00000000,0.00000000,0.00000000,0.00000000,0.08648974,0.00000000,0.00000000,0.00886457,0.00000000,0.00000000,0.00000000,0.00000000,0.00000000,0.00000000,0.01110606,0.12377870,0.00000000,0.00000000,0.00000000,0.00000000,0.00000000,0.00000000,0.00000000,0.00000000,0.00000000,0.00000000,0.00000000,0.00000000,0.00000000,0.01127660,0.00000000,0.00000000,0.00000000,0.00000000,0.00000000,0.00000000,0.00000000,0.00169693,0.00000000,0.00000000,0.00000000,0.00000000,0.00000000,0.00000000,0.00000000,0.00000000,0.00000000,0.00000000,0.02658939,0.00000000,0.00000000,0.00000000,0.00000000,0.00000000,0.66382131,0.00000000,0.00000000,0.00564810,0.00385902,0.00000000,0.00000000,0.00000000,0.00000000,0.00000000,0.00000000,0.00000000,0.00000000,0.00000000,0.00000000,0.00000000,0.00000000,0.00000000,0.00000000,0.00000000,0.00340107,0.00561642,0.00000000,0.00419431,0.20757485,0.00000000,0.00000000,0.00000000,0.00000000,0.00000000,0.00000000,0.00000000,0.00000000,0.00000000,0.00000000,0.00000000,0.00000000,0.00516655,0.00000000,0.00000000,0.00000000,0.00000000,0.00000000,0.00000000,0.00000000,0.00000000,0.00286972,0.00000000,0.00000000,0.00000000,0.00000000,0.00000000,0.00000000,0.00000000,0.00000000,0.00000000,0.02571265,0.00000000,0.00000000,0.04010180,0.00000000,0.00000000,0.00000000,0.00000000,0.00000000,0.00000000,0.00000000,0.00000000,0.06932803,0.00000000,0.00000000,0.00000000,0.00000000,0.00000000,0.00000000,0.00000000,0.00000000,0.00000000,0.00000000,0.00000000,0.04548261,0.00000000,0.00000000,0.00610637,0.00000000,0.00000000,0.00000000,0.00000000,0.00000000,0.00000000,0.00093220,0.00000000,0.00000000,0.02343340,0.00000000,0.00000000,0.00247838,0.00000000,0.00000000,0.00000000,0.00000000,0.00000000,0.00000000,0.00000000,0.00000000,0.00000000,0.00000000,0.00000000,0.00000000,0.00000000,0.00000000,0.00000000,0.00000000,0.00000000,0.00000000,0.00000000,0.00000000,0.00000000,0.04754723,0.00000000,0.00000000,0.00230096,0.00000000,0.00000000,0.00000000,0.00000000,0.00000000,0.00000000,0.00000000,0.00000000,0.00000000,0.00000000,0.00679413,0.00000000,0.00000000,0.00000000,0.00000000,0.00000000,0.00000000,0.00000000,0.00000000,0.00000000,0.00000000,0.00000000,0.00000000,0.00000000,0.00000000,0.01642517,0.01306325,0.00000000,0.00000000,0.00000000,0.00000000,0.00000000,0.00484933,0.00000000,0.00225526,0.00000000,0.00000000,0.00000000,0.00000000,0.00000000,0.00000000,0.04110884,0.00000000,0.00000000,0.00000000,0.00000000,0.00000000,0.00000000,0.00000000,0.00497840,0.00000000,0.00000000,0.00000000,0.00000000,0.00075117,0.00000000,0.00258537,0.00000000,0.00000000,0.00000000,0.00000000,0.00000000,0.00000000,0.00000000,0.00000000,0.00062641,0.00000000,0.23197816,0.00000000,0.00000000,0.00000000,0.00000000,0.00000000,0.00000000,0.02149079,0.00000000,0.00274645,0.00000000,0.00000000,0.00000000,0.00919222,0.00000000,0.00000000,0.00000000,0.00000000,0.00000000,0.00000000,0.00000000,0.00000000,0.00000000,0.00000000,0.14257390,0.52666754,0.00000000,0.00000000,0.00000000,0.00000000,0.00000000,0.00000000,0.00000000,0.00000000,0.00000000,0.00000000,0.01003957,0.00000000,0.00000000,0.00000000,0.00000000,0.00000000,0.00000000,0.00431387,0.00000000,0.00000000,0.00000000,0.00000000,0.00000000,0.00000000,0.01369602,0.00000000,0.00624651,0.00213975,0.00000000,0.00000000,0.00000000,0.00000000,0.00000000,0.00360017,0.03970558,0.00000000,0.00000000,0.00000000,0.00000000,0.00000000,0.00000000,0.00000000,0.00000000,0.00000000,0.00000000,0.00000000,0.00146723,0.00000000,0.00000000,0.00000000,0.00000000,0.00000000,0.00000000,0.00000000,0.00000000,0.05485986,0.00000000,0.00304818,0.00000000,0.00000000,0.00000000,0.00000000,0.00000000,0.00000000,0.00000000,0.00000000,0.00000000,0.00000000,0.00000000,0.00000000,0.00000000,0.25745385,0.00000000,0.00000000,1.57650720,0.00000000,0.00000000,0.00000000,0.00000000,0.00000000,0.00220984,0.00000000,0.00000000,0.00000000,0.00000000,0.00000000,0.00000000,0.00000000,0.00000000,0.00000000,0.00000000,0.00000000,0.00000000,0.00211365,0.00000000,0.05937242,0.00000000,0.00000000,0.00000000,0.00000000,0.00000000,0.00000000,0.00000000,0.00000000,0.00000000,0.00000000,0.02217548,0.00000000,0.00000000,0.00000000,0.02531366,0.02132428,0.00000000,0.00000000,0.00000000,0.00000000,0.00000000,0.00000000,0.00188270,0.00000000,0.00000000,0.00000000,0.00000000,0.00000000,0.00000000,0.00000000,0.00000000,0.00000000,0.00000000,0.00000000,0.00000000,0.00000000,0.00000000,0.00000000,0.00000000,0.00000000,0.00000000,0.00000000,0.00000000,0.00000000,0.00000000,0.00000000,0.00000000,0.00000000,0.00000000,0.00000000,0.00000000,0.00000000,0.00000000,0.00000000,0.00000000,0.02607069,0.00000000,0.00522686,0.00000000,0.00000000,0.00000000,0.00000000,0.00160778,0.00000000,0.00000000,1.70407182,0.00000000,0.00000000,0.00000000,0.00000000,0.00000000,0.00000000,0.00000000,0.00000000,0.00000000,0.01832651,0.15902374,0.00000000,0.00000000,0.00109131,0.00000000,0.02416424,0.00000000,0.00000000,0.15781880,0.00000000,0.00000000,0.00000000,0.00000000,0.00000000,0.00000000,0.00000000,0.00000000,0.00000000,0.00000000,0.00000000,0.03998223,0.00000000,0.00000000,0.00000000,0.00000000,0.00000000,0.00000000,0.00000000,0.00000000,0.00000000,0.00000000,0.00000000,0.00000000,0.00000000,0.00222832,0.00451514,0.00000000,0.00000000,0.01508893,0.04935819,0.00000000,0.00000000,0.00000000,0.00000000,0.00000000,0.00000000,0.00000000,0.01288554,0.00000000,0.00000000,0.00000000,0.00000000,0.00000000,0.00000000,0.00000000,0.00000000,0.10083707,0.01263550,0.12833968,0.00416698,0.00000000,0.00000000,0.00000000,0.00000000,0.00000000,0.00000000,0.00000000,0.00000000,0.00000000,0.00000000
0.00000000,0.00000000,0.00000000,0.00000000,0.00000000,0.00000000,0.00000000,0.00000000,0.00000000,0.00000000,0.00000000,0.00000000,0.00000000,0.00000000,0.00000000,0.00000000,0.00000000,1.64345489,0.00000000,0.00000000,0.00000000,0.00000000,0.00000000,0.00000000,0.00423119,0.02310597,0.00000000,0.00000000,0.00000000,0.00000000,0.00000000,0.00000000,0.03494236,0.00000000,0.00000000,0.00179076,0.00000000,0.00000000,0.00000000,0.00000000,0.00000000,0.00000000,0.00000000,0.00000000,0.00000000,0.00000000,0.00000000,0.00000000,0.00000000,0.00000000,0.00000000,0.01068885,0.00000000,0.00113981,0.00000000,0.00000000,0.00838608,0.00000000,0.00000000,0.00000000,0.00000000,0.00117050,0.00000000,0.00000000,0.00000000,0.00000000,0.00000000,0.00000000,0.00214964,0.00000000,0.00000000,0.00000000,0.00000000,0.01478933,0.00000000,0.00000000,0.00000000,0.03088616,0.00000000,0.05318729,0.00000000,0.00000000,0.00000000,0.00000000,0.00000000,0.00000000,0.00000000,0.00000000,0.00000000,0.00000000,0.00738077,0.00000000,0.00000000,0.00000000,0.02295929,0.10451087,0.00000000,0.00000000,0.00000000,0.00000000,0.00000000,0.00000000,0.05298542,0.00000000,0.00000000,0.00000000,0.00000000,0.00000000,0.00000000,0.00000000,0.00000000,0.00000000,0.00000000,0.00000000,0.00000000,0.00000000,0.00000000,0.00000000,0.00000000,0.00000000,0.00000000,0.00000000,0.18369293,0.00000000,0.00000000,0.00000000,0.00000000,0.00000000,0.00000000,0.00000000,0.00387994,0.00768449,0.00000000,0.00000000,0.00000000,0.00000000,0.00000000,0.00000000,0.00000000,0.00000000,0.00000000,0.00000000,0.00000000,0.00000000,0.00000000,0.00000000,0.00000000,0.00000000,0.00000000,0.00000000,0.00000000,0.00000000,0.03843766,0.00000000,0.00000000,0.00000000,0.00000000,0.00000000,0.00000000,0.00000000,0.00000000,0.00000000,0.00000000,0.00000000,0.00000000,0.00000000,0.00000000,1.18224432,0.00000000,0.02567538,0.00000000,0.00000000,3.15293653,0.00000000,0.00000000,0.08686157,0.00000000,0.00000000,0.00000000,0.00000000,0.00000000,0.00000000,0.00561707,0.00000000,0.00000000,0.00000000,0.00000000,0.00000000,0.00000000,0.00000000,0.00000000,0.00000000,0.00000000,0.00000000,0.01952217,0.00000000,0.03331409,0.00000000,0.00000000,0.00000000,0.00000000,0.00211686,0.00000000,0.00000000,0.00000000,0.00000000,0.00000000,0.01899477,0.00000000,0.01407524,0.00000000,0.00000000,0.00000000,0.00000000,0.00000000,0.00000000,0.00118576,0.00000000,0.00000000,0.00000000,0.00000000,0.01548555,0.00000000,0.00000000,0.00000000,0.00000000,0.00000000,0.00000000,0.00000000,0.00000000,0.00000000,0.00000000,0.00000000,0.00000000,0.00000000,0.00000000,0.00325029,0.00000000,0.00000000,0.00000000,0.00000000,0.01119489,1.89050014,0.00000000,0.00000000,0.00000000,0.00000000,0.00870491,0.00000000,0.00000000,0.00000000,0.00000000,0.00000000,0.00000000,0.47426046,0.00000000,0.00000000,0.00000000,0.00000000,0.00000000,0.00000000,0.00000000,0.00000000,0.00709993,0.00000000,0.00000000,0.71984098,0.10974711,0.00000000,0.00000000,0.00075324,0.00387419,0.00000000,0.00531587,0.00000000,0.00000000,0.04315995,0.00000000,0.00000000,0.00000000,0.00000000,0.00000000,0.00000000,0.00556257,0.00000000,0.00000000,0.00000000,0.00353086,0.00000000,0.00633669,0.00000000,0.01375682,0.00000000,0.00732448,0.00000000,0.01245013,0.00000000,0.00000000,0.00000000,0.00000000,0.00000000,0.00000000,0.00000000,0.00000000,0.00000000,0.00000000,0.00000000,0.00000000,0.17106852,0.00000000,0.00000000,0.00000000,0.00000000,0.00000000,0.00000000,0.00000000,0.00000000,0.00000000,0.00000000,0.00000000,0.23919510,0.05124408,0.00000000,0.00000000,0.00000000,0.00000000,0.00000000,0.00000000,0.00000000,0.00000000,0.00000000,0.00000000,0.00000000,0.00000000,0.01540302,0.00000000,0.00000000,0.00000000,0.00000000,0.00000000,0.00000000,0.00000000,0.09247325,0.00000000,0.00000000,0.00000000,0.00000000,0.00000000,0.00000000,0.00000000,0.00000000,0.00000000,0.00000000,0.00000000,0.00000000,0.00000000,0.00000000,0.00000000,0.00000000,0.00000000,0.00000000,0.00000000,0.00000000,0.00000000,0.00513446,0.00000000,0.00000000,0.00000000,0.00000000,0.02253799,0.00000000,0.00000000,0.00000000,0.00000000,0.00000000,0.00000000,0.00000000,0.04395448,0.00000000,0.00000000,0.00000000,0.00000000,0.00000000,0.00000000,0.05352860,0.00000000,0.00000000,0.00000000,0.00000000,0.00000000,0.00000000,0.00000000,0.00000000,0.00000000,0.00000000,0.00000000,0.00000000,0.00000000,0.00000000,0.00000000,0.04805963,0.00000000,0.00000000,0.00000000,0.00000000,0.00351566,0.00079397,0.00000000,0.00000000,0.00000000,0.00000000,0.00000000,0.00000000,0.00000000,0.02243917,0.00000000,0.00000000,0.00000000,0.00000000,0.00000000,0.00000000,0.00131674,0.00000000,0.00000000,0.00000000,0.00000000,0.00000000,0.00000000,0.00000000,0.00000000,0.00000000,0.00000000,0.00000000,0.00000000,0.00000000,0.00000000,0.00000000,0.00000000,0.00000000,1.15535153,0.00000000,0.00000000,0.00000000,0.00000000,0.00000000,0.00000000,0.00000000,0.00000000,0.00000000,0.00000000,0.00000000,0.00000000,0.00000000,0.00000000,0.00000000,0.00000000,0.00000000,0.00000000,0.00000000,0.00000000,0.00000000,0.00000000,0.00493234,0.00000000,0.00000000,0.00000000,0.00386129,0.00000000,0.01316242,0.00000000,0.00000000,0.00000000,1.60772736,0.00000000,0.00000000,0.00000000,0.00000000,0.00000000,0.00000000,0.00000000,0.00000000,0.00000000,0.00000000,0.00000000,0.00000000,0.00000000,0.00313709,0.00000000,0.01833813,0.00000000,0.00721053,0.00000000,1.10855579,0.00000000,0.00000000,0.00000000,0.00000000,0.00000000,0.00000000,0.00000000,0.00000000,0.00000000,0.00000000,0.00000000,0.00000000,0.00000000,0.00000000,0.00000000,0.00000000,0.00000000,0.00000000,0.00000000,0.00000000,0.03639047,0.00000000,0.00000000,0.03895151,0.00000000,0.00000000,0.00000000,0.00872459,0.00462173,0.00000000,0.00000000,0.00000000,0.00000000,0.00000000,0.00000000,0.00000000,0.00000000,0.00000000,0.00308628,0.00000000,0.00000000,0.00000000,0.00000000,0.50171969,0.10415043,0.00000000,0.00000000,0.00000000,0.00000000,0.00000000,0.00000000,0.00091823,0.00000000,0.00000000,0.00000000,1.61359439,0.00000000,0.00000000,0.00000000,0.00000000,0.00000000,0.00000000,0.00000000,0.00000000,0.00000000,0.01472792,0.00000000,0.00065171,0.00000000,0.00000000,0.00000000,0.00000000,0.00000000,0.00000000,0.00000000,0.00000000,0.00000000,0.00663187,0.08823391,0.00000000,0.00000000,0.00000000,0.00000000,0.00301014,0.00000000,0.00000000,0.00000000,0.00000000,0.00095999,0.02753585,0.00000000,0.00000000,0.00000000,0.00000000,0.00000000,0.00000000,0.02547220,0.00000000,0.09974147,0.00000000,0.00000000,0.00000000,0.00000000,0.00000000,0.05795852,0.00000000,0.00000000,0.00000000,0.00000000,0.00000000,0.00000000,0.00000000,0.05259438,0.00000000,0.00000000,0.00000000,0.00000000,0.00000000,0.00000000,0.01002521,0.00000000,0.00085668,0.00000000,0.00000000,0.00000000,0.00000000,0.00000000,0.00000000,0.00000000,0.00000000,0.01026952,0.00000000,0.00000000,0.00000000,0.00000000,0.00000000,0.00000000,0.00000000,0.00000000,0.00000000,0.00000000,0.00000000,0.00000000,0.00000000,0.00000000,0.00000000,0.00000000,0.00000000,0.00000000,0.00000000,0.00000000,0.01108257,0.00000000,0.00000000,0.00000000,0.00000000,0.00000000,0.00000000,0.00000000,0.00000000,0.02642667,0.00000000,0.00392998,0.00000000,0.00000000,0.00000000,0.00000000,0.00000000,0.00000000,0.00000000,0.00000000,0.00000000,0.00000000,0.00000000,0.00000000,0.00000000,0.00000000,0.00000000,0.00000000,0.00000000,0.00000000,0.00000000,0.00000000,0.00424103,0.00000000,0.00000000,0.00000000,0.00000000,0.00000000,0.00000000,0.00000000,0.00000000,0.00000000,0.00000000,0.00000000,0.00000000,0.00000000,0.00000000,0.00000000,0.00791236,0.00000000,0.00000000,0.00000000,0.00000000,0.00000000,0.00000000,0.00000000,0.00420774,0.00000000,0.00000000,0.00000000,0.00000000,0.00000000,0.00326079,0.00000000,0.00000000,0.00000000,0.00000000,0.00000000,0.00000000,0.00000000,0.02201525,0.00000000,0.00000000,0.00000000,0.00000000,0.00000000,0.00000000,0.00000000,0.00000000,0.00000000,0.01003329,0.00000000,0.00000000,0.02025107,0.00000000,0.00000000,0.00000000,0.03099404,0.00000000,0.00000000,0.00000000,0.00000000,0.00000000,0.00000000,0.00000000,0.00000000,0.00000000,0.00000000,0.00000000,0.00000000,0.00000000,0.00000000,0.00000000,0.07168541,0.00000000,0.00000000,0.00000000,0.08845762,0.00000000,0.00000000,0.00000000,0.00000000,0.00000000,0.00000000,0.00000000,0.00000000,0.00000000,0.00539621,0.00000000,0.00000000,0.00000000,0.29223415,0.00000000,0.00000000,0.00000000,0.00489682,0.00000000,0.00000000,0.00000000,0.00000000,0.00000000,0.00000000,0.00000000,0.00000000,0.00000000,0.00000000,0.00000000,0.00000000,0.00000000,0.00000000,0.00000000,0.00000000,0.00000000,0.00998316,0.00000000,0.00000000,0.00000000,0.00000000,0.00000000,0.00000000,0.00000000,0.00000000,0.00000000,0.00000000,0.00000000,0.00000000
0.00092614,0.00000000,0.00000000,0.00000000,0.00000000,0.00000000,0.00169293,0.00000000,0.00000000,0.00000000,0.00000000,0.00000000,0.00000000,0.00000000,0.00000000,0.01314892,0.00000000,0.00998710,0.00000000,0.00000000,0.00000000,0.00000000,0.00000000,0.00000000,0.00000000,0.00000000,0.00000000,0.00000000,0.00000000,0.00000000,0.00000000,0.00000000,0.00000000,0.00000000,0.00000000,0.00000000,0.01343797,0.00000000,0.00000000,0.00000000,0.00000000,0.00000000,0.00000000,0.00000000,0.00000000,0.00000000,0.00089371,0.00000000,0.00000000,0.00000000,0.00000000,0.00000000,0.00123406,0.00000000,0.00000000,0.00000000,0.00000000,0.00000000,0.00000000,0.00000000,0.00000000,0.00000000,0.00000000,0.00000000,0.00000000,0.00000000,0.00000000,0.00000000,0.00261934,0.00255028,0.00000000,0.00000000,0.00000000,0.26178146,0.00000000,0.00101464,0.00000000,0.00000000,0.00000000,0.00000000,0.00000000,0.00000000,0.00000000,0.00000000,0.00000000,0.00000000,0.00073112,0.00000000,0.00000000,0.00000000,0.00000000,0.00000000,0.00000000,0.00000000,0.00000000,0.00000000,0.00000000,0.00000000,0.00462637,0.00000000,0.00000000,0.04824803,0.00000000,0.00000000,0.00000000,0.00000000,0.00000000,0.00000000,0.00000000,0.00000000,0.00000000,0.00000000,0.00000000,0.00000000,0.00787595,0.00463846,0.00000000,0.00000000,0.00000000,0.00000000,0.00000000,0.00000000,0.00000000,0.00000000,0.00000000,0.00000000,0.00000000,0.00000000,0.00000000,0.00000000,0.00000000,0.00000000,0.00000000,0.02019679,0.00000000,0.00000000,0.00000000,0.00000000,0.89083413,0.00000000,0.00000000,0.00000000,0.00000000,0.00000000,0.00276169,0.00000000,0.00000000,0.00000000,0.00000000,0.00000000,0.00000000,0.00596349,0.05636372,0.00000000,0.00000000,0.00000000,0.00000000,0.00000000,0.00000000,0.00000000,0.00000000,0.00000000,0.00000000,0.00332640,0.00000000,0.03663984,1.18224432,0.00000000,0.00000000,0.00000000,0.00000000,0.00971039,0.00000000,0.00248695,0.00000000,0.00000000,0.00446601,0.00000000,0.00752403,0.00000000,0.00000000,0.00000000,0.00000000,0.11296280,0.00000000,0.00000000,0.00000000,0.00000000,0.00000000,0.00000000,0.00334169,0.00000000,0.00000000,0.00824665,0.00000000,0.00000000,0.00000000,0.00000000,0.00000000,0.04048937,0.14833924,0.04312451,0.00117511,0.00000000,0.00000000,0.00000000,0.00000000,0.00000000,0.00000000,0.00000000,0.00000000,0.00125685,0.00000000,0.00000000,0.00000000,0.02625276,0.00000000,0.02076007,0.00000000,0.00000000,0.00000000,0.00000000,0.00000000,0.00000000,0.00000000,0.00000000,0.00000000,0.00000000,0.00000000,0.00377739,0.00000000,0.00000000,1.49878701,0.00000000,0.00000000,0.00000000,0.00000000,0.00000000,0.05035316,0.00000000,0.00000000,0.00000000,0.00842141,0.00000000,0.00000000,0.00000000,0.00000000,0.00000000,0.00000000,0.00000000,0.00000000,0.00000000,0.00000000,0.00000000,0.00000000,0.01619725,0.00352288,0.00000000,0.00000000,0.00000000,0.00000000,0.00000000,0.00000000,0.00000000,0.00000000,0.00000000,0.00000000,0.00000000,0.00000000,0.00000000,0.00000000,0.00000000,0.00000000,0.00000000,0.00000000,0.00000000,0.00000000,0.00000000,0.00000000,0.00000000,0.00000000,0.00000000,0.01021654,0.00000000,0.00051053,0.00000000,0.00000000,0.00000000,0.02906660,0.00000000,0.00000000,0.00000000,0.00000000,0.00000000,0.00311007,0.00000000,0.00000000,0.00000000,0.01732101,0.00000000,0.00000000,0.00000000,0.00409256,0.00000000,0.00000000,0.00000000,0.00000000,0.00000000,0.00000000,0.00000000,0.00000000,0.00000000,0.00000000,0.00000000,0.00000000,0.00000000,0.00000000,0.00640927,0.00000000,0.00000000,0.00000000,0.00000000,0.00000000,0.00000000,0.00000000,0.00000000,0.00000000,0.00000000,0.00000000,0.00000000,0.00000000,0.00000000,0.00000000,0.00000000,0.00000000,0.00000000,0.00000000,0.00000000,0.00000000,0.00000000,0.00000000,0.00000000,0.01321215,0.00000000,0.00000000,0.00000000,0.00000000,0.00000000,0.00000000,0.00000000,0.00000000,0.00199522,0.00000000,0.00000000,0.00000000,0.00165168,0.00000000,0.00000000,0.00000000,0.00000000,0.00000000,0.00000000,0.00000000,0.01194581,0.00000000,0.00000000,0.03092001,0.00000000,0.00524897,0.00000000,0.00000000,0.10140551,0.00000000,0.01030954,0.00000000,0.00000000,0.00000000,0.00000000,0.00000000,0.00931223,0.00000000,0.06894523,0.00000000,0.00000000,0.00000000,0.00000000,0.00000000,0.00000000,0.00000000,0.00000000,0.00000000,0.00000000,0.00000000,0.00000000,0.00000000,0.00000000,0.00000000,0.00000000,0.00000000,0.00000000,0.00000000,0.00000000,0.00000000,0.00000000,0.00000000,0.00000000,0.28505160,0.00000000,0.00000000,0.00000000,0.00000000,0.00000000,0.00000000,0.00000000,0.00000000,0.00000000,0.00000000,0.00000000,0.00000000,0.00000000,0.00000000,0.00000000,0.00000000,0.00000000,0.00000000,0.00000000,0.00000000,0.00000000,0.00000000,0.00000000,0.00000000,0.00000000,0.00000000,0.00000000,0.00000000,0.00365223,0.00000000,0.00000000,0.00000000,0.00000000,0.00000000,0.00000000,0.00081485,0.00000000,0.00000000,0.00000000,0.03662420,0.00000000,0.00000000,0.00000000,0.00000000,0.00000000,0.00000000,0.00000000,0.00000000,0.03684678,0.00000000,0.00000000,0.00000000,0.00000000,0.00000000,0.00000000,0.00000000,0.00000000,0.00000000,0.00000000,0.00000000,0.00000000,0.00000000,0.00000000,0.00000000,0.00743401,0.00000000,0.00000000,0.00000000,0.00654245,0.00000000,0.00000000,0.00000000,0.16911784,0.00000000,0.07405399,0.00000000,0.00000000,0.00000000,0.00000000,0.00000000,0.00000000,0.00000000,0.00000000,0.00000000,0.00000000,0.02580579,0.77009936,0.00000000,0.00000000,0.00000000,0.00000000,0.00000000,0.00000000,0.00000000,0.03428007,0.00000000,0.00000000,0.00937378,0.00000000,0.00371521,0.00000000,0.00000000,0.00000000,0.00000000,0.00000000,0.00000000,0.01633915,0.00000000,0.00000000,0.00000000,0.00000000,0.02998922,0.00704942,0.00000000,0.00000000,0.00000000,0.00000000,0.00000000,0.00000000,0.00000000,0.00000000,0.00000000,0.00000000,0.00000000,0.00000000,0.00000000,0.00227114,0.00000000,0.00000000,0.00000000,0.00000000,0.00000000,0.00000000,0.00821437,0.00000000,0.00000000,0.00000000,0.02620940,0.00000000,0.00000000,0.00000000,0.00000000,0.00000000,0.00000000,0.00000000,0.00000000,0.00000000,0.00000000,0.00000000,0.00000000,0.00000000,0.00000000,0.00000000,0.00000000,0.00000000,0.00000000,0.00000000,0.03417260,0.00000000,0.00000000,0.00000000,0.00000000,0.00000000,0.00000000,1.64555883,0.00000000,0.00000000,0.00000000,0.00000000,0.00000000,0.00000000,0.00000000,0.00000000,0.00000000,0.00000000,0.00000000,0.00000000,0.01329282,0.00000000,0.00000000,0.00000000,0.00000000,0.00000000,0.00000000,0.00000000,0.00000000,0.00000000,0.00000000,0.00000000,0.00000000,0.00000000,0.00000000,0.00771507,0.00381909,0.00000000,0.00000000,0.00000000,0.01029675,0.00639071,0.00000000,0.00000000,0.00000000,0.00000000,0.00000000,0.00000000,0.00175527,0.00000000,0.00000000,0.00142219,0.00000000,0.00000000,0.00000000,0.00000000,0.02982171,0.00000000,0.00000000,0.00000000,0.00057615,0.00673331,0.00000000,0.00000000,0.00000000,0.00000000,0.00000000,0.00000000,0.00000000,0.00000000,0.00000000,0.00000000,0.00000000,0.01116038,0.00000000,0.00000000,0.00000000,0.00000000,0.00000000,0.00000000,0.00000000,0.00000000,0.00000000,0.00000000,0.00000000,0.00000000,0.00000000,0.00000000,0.00000000,0.00000000,0.00000000,0.00000000,0.00000000,0.00000000,0.00000000,0.00000000,0.00000000,0.00000000,0.00000000,0.00000000,0.00000000,0.00000000,0.00000000,0.00000000,0.00000000,0.00000000,0.00136639,0.00000000,0.00000000,0.00000000,0.00000000,0.00000000,0.00000000,0.00000000,0.00000000,0.00000000,0.00000000,0.00454418,0.00000000,0.00000000,0.00000000,0.00000000,0.01329644,0.00000000,0.01026698,0.00000000,0.00000000,0.00000000,0.00000000,0.00000000,0.00245147,0.00000000,0.00000000,0.53335599,0.00000000,0.00000000,0.00000000,0.00000000,0.00000000,0.05050243,0.00000000,0.00000000,0.00574146,0.00000000,0.00135057,0.00000000,0.00000000,0.00000000,0.00000000,0.00000000,0.00000000,0.00000000,0.00445370,0.00000000,0.01689149,0.00000000,0.00000000,0.00000000,0.00000000,0.00000000,0.00000000,0.00000000,0.00000000,0.00000000,0.02506213,0.00000000,0.00000000,0.00000000,0.00648545,0.00000000,0.00000000,0.00000000,0.00000000,0.00000000,0.00000000,0.00000000,0.00000000,0.00000000,0.00000000,0.00000000,0.00755581,0.00000000,0.00000000,0.00000000,0.00000000,0.00000000,0.00000000,0.00000000,0.00000000,0.00000000,0.00000000,0.00000000,0.00000000,0.00000000,0.00000000,0.00000000,0.00000000,0.00000000,0.00000000,0.00283346,0.00000000,0.00000000,0.00000000,0.00000000,0.05333874,0.00930015,0.00000000,0.00000000,0.00000000,0.00000000,0.00000000,0.00000000,0.00000000,0.00000000,0.00000000,0.00000000,0.00000000,0.00146153,0.00000000,0.00000000,0.00000000,0.00000000,0.00000000,0.00000000,0.00000000,0.00000000,0.00000000,0.00000000,0.00000000,0.00000000,0.00000000,0.00261709,0.00000000,0.01145463,0.00000000,0.00000000
0.00000000,0.00000000,0.00000000,0.00000000,0.00000000,0.00000000,0.00000000,0.00000000,0.00000000,0.07178982,0.00000000,0.00000000,0.00000000,0.00000000,0.00000000,0.00000000,0.00000000,0.00000000,0.00000000,0.00000000,0.00000000,0.00000000,0.00000000,0.00000000,0.35618977,0.00000000,0.06980883,0.00000000,0.00000000,0.00000000,0.00000000,0.00000000,0.00000000,0.00000000,0.00000000,0.00000000,0.00000000,0.00000000,0.00000000,0.00000000,0.00000000,0.00000000,0.00000000,0.00000000,0.00000000,0.00000000,0.00000000,0.00000000,0.00000000,0.00000000,0.00099011,0.00000000,0.00000000,0.00000000,0.00000000,0.00000000,0.00000000,0.00506994,0.00000000,0.00000000,0.00000000,0.00000000,0.00553378,0.00000000,0.00000000,0.00000000,0.00000000,0.00000000,0.00000000,0.00000000,0.00000000,0.00504285,0.00951623,0.00000000,0.00000000,0.00000000,0.00000000,1.41150306,0.00000000,0.00000000,0.00000000,0.00000000,0.00000000,0.00000000,0.00000000,0.00000000,0.00000000,0.00000000,0.00000000,0.00000000,0.00000000,0.00000000,0.00000000,0.00000000,0.00000000,0.00000000,0.00000000,0.00000000,0.00000000,0.00480463,0.00000000,0.00000000,0.00000000,0.00000000,0.00000000,0.00320467,0.00277596,0.00000000,0.00000000,0.00000000,0.00000000,0.00000000,0.00000000,0.00000000,0.00000000,0.00000000,0.00000000,0.00000000,0.00000000,0.00000000,0.00000000,0.00000000,0.01693921,0.00000000,0.00000000,0.00000000,0.00000000,0.00000000,0.00000000,0.02174996,0.00000000,0.00000000,0.00000000,0.00000000,0.00000000,0.00000000,2.46231032,0.00000000,0.00000000,0.00000000,0.00000000,0.00000000,0.00000000,0.00000000,0.00000000,0.00000000,0.00000000,0.00000000,0.00680500,0.00000000,0.00000000,1.24062969,0.00000000,0.00000000,0.00000000,0.00000000,0.00000000,0.00000000,0.00000000,0.00000000,0.00000000,0.01247763,0.00000000,0.00208881,0.00000000,0.00000000,0.00000000,0.00000000,0.00000000,0.00253294,0.00000000,0.00000000,0.00000000,0.00285710,0.00000000,0.00000000,0.00000000,0.00000000,0.00000000,0.00000000,0.00000000,0.00892694,0.00000000,0.00658337,0.00000000,0.00000000,0.02183193,0.00000000,0.00000000,0.00000000,0.00000000,0.00000000,0.00000000,0.00000000,0.00000000,0.00000000,0.00000000,0.00000000,0.00000000,0.00000000,0.00000000,0.00000000,0.00000000,0.00000000,0.00000000,0.00000000,0.00000000,0.00000000,0.00000000,0.00340539,0.00000000,0.00768623,0.05339525,0.00000000,0.00000000,0.00000000,0.00000000,0.00000000,0.00000000,0.00000000,0.00000000,0.01688707,0.00000000,0.00000000,0.00000000,0.00000000,0.00000000,0.00000000,0.00000000,0.00927394,0.00000000,0.00000000,0.00000000,0.08254859,0.00000000,0.00678319,0.00000000,0.00000000,0.00000000,0.00000000,0.00236511,0.00000000,0.00000000,0.00000000,0.00000000,0.00406195,0.00000000,0.00000000,0.00000000,0.00000000,0.00000000,0.00000000,0.00000000,0.00000000,0.00000000,0.01128446,0.00000000,0.00000000,0.00000000,0.00000000,0.00000000,0.00000000,0.00000000,0.00000000,0.00000000,0.00201043,0.00000000,0.01786661,0.00000000,0.00000000,0.00000000,0.00000000,0.00000000,0.00000000,0.00000000,0.00000000,0.00000000,0.00000000,0.00000000,0.00000000,0.00000000,0.00000000,0.00000000,0.00000000,0.00000000,0.00000000,0.02457551,0.00000000,0.00000000,1.38467080,0.00000000,0.01657397,0.00000000,0.00000000,0.00000000,0.00089590,0.00000000,0.00000000,0.00000000,0.00000000,0.00000000,0.00000000,0.00000000,0.00000000,0.00000000,0.00000000,0.00000000,0.00000000,0.00000000,0.00364165,0.00000000,0.00000000,0.00000000,0.00000000,0.00000000,0.00000000,0.00000000,0.00000000,0.00000000,0.00000000,0.00000000,0.02975765,0.00000000,0.00000000,0.00000000,0.02027925,0.00000000,0.00000000,0.00000000,0.00000000,0.00000000,0.00000000,0.00000000,0.00000000,0.00000000,0.00000000,0.00000000,0.00000000,0.00000000,0.00000000,0.00000000,0.00000000,0.00000000,0.00000000,0.00000000,0.08313477,0.00000000,0.00000000,0.00000000,0.54253899,0.00000000,0.00000000,0.00000000,0.00000000,0.00000000,0.00000000,0.00000000,0.00000000,0.00000000,0.00000000,0.00000000,0.00000000,0.00000000,0.00137701,0.00000000,0.00000000,0.00000000,0.00000000,0.00000000,0.00000000,0.00000000,0.41760574,0.00000000,0.00000000,0.00000000,0.00000000,0.00000000,0.00000000,0.00000000,0.00000000,0.00000000,0.00382662,0.00000000,0.00000000,0.00000000,0.00000000,0.00000000,0.00000000,0.00000000,0.00000000,0.00000000,0.00000000,0.00000000,0.00000000,0.00000000,0.00158514,0.00000000,0.00000000,0.00000000,0.00000000,0.00000000,0.00134775,0.00000000,0.00000000,0.00000000,0.00000000,0.00000000,0.00000000,0.00000000,0.00000000,0.00000000,0.00000000,0.00000000,0.00240223,0.00000000,0.00000000,0.00000000,0.00000000,0.00000000,0.00000000,0.00000000,0.00000000,0.00000000,0.00000000,0.00000000,0.00000000,0.00000000,0.00000000,0.00682281,0.00000000,0.02564641,0.02141505,0.00000000,0.00000000,0.00000000,0.00000000,0.00425253,0.00000000,0.00000000,0.00000000,0.00000000,0.00000000,0.00000000,0.00000000,0.00000000,0.00000000,0.00000000,0.00000000,0.00000000,0.00743400,0.40759117,0.00000000,0.00000000,0.00000000,0.00000000,0.00000000,0.00000000,0.00000000,0.00000000,0.00000000,0.00000000,0.00000000,0.00000000,0.00552482,0.00000000,0.00479288,0.00000000,0.18243476,0.00000000,0.00000000,0.00000000,0.00000000,0.00000000,0.00000000,0.00000000,0.00000000,0.00000000,0.00000000,0.00000000,0.00000000,0.00000000,0.00000000,0.00000000,0.00103175,0.00000000,0.00000000,0.00000000,0.00000000,0.00000000,0.00000000,0.00000000,0.00000000,0.00000000,0.00000000,0.00000000,0.00000000,0.00000000,0.00000000,0.00000000,0.00553118,0.00000000,0.00000000,0.00000000,0.00000000,0.00000000,0.18402370,0.00000000,0.00000000,0.00000000,0.00000000,0.00000000,0.00423455,0.00000000,0.00000000,0.00000000,0.00000000,0.00000000,0.00000000,0.00134809,0.01754539,0.00000000,0.00000000,0.00000000,0.00000000,0.00150559,0.00000000,0.00000000,0.00000000,0.00000000,0.00000000,0.02332878,0.02234061,0.00000000,0.00000000,0.06563360,0.00000000,0.00000000,0.00000000,0.00000000,0.00133532,0.00688022,0.00000000,0.01897684,0.00236953,0.00000000,0.00000000,0.00000000,0.00000000,0.00000000,0.00288887,0.00000000,0.00000000,0.00000000,0.00530965,0.00000000,0.00000000,0.00000000,0.00000000,0.00000000,0.00000000,0.04416780,0.00000000,0.00000000,0.00000000,0.00000000,0.00000000,0.00000000,0.00000000,0.00000000,0.01581188,0.00000000,0.00000000,0.00000000,0.00000000,0.00498069,0.00000000,0.00000000,0.00000000,0.00000000,0.00000000,0.00000000,0.00000000,0.00000000,0.00000000,0.00000000,0.00000000,0.00000000,0.00000000,0.00000000,0.00000000,0.00000000,0.08748337,0.00000000,0.00250599,0.00000000,0.00000000,0.00271383,0.00000000,0.00000000,0.00000000,0.00000000,0.00909576,0.00000000,0.00000000,0.00000000,0.00108444,0.00000000,0.00000000,0.00784284,0.00000000,0.00000000,0.00000000,0.00000000,0.00000000,0.00000000,0.00000000,0.00000000,0.00000000,0.00328520,0.00000000,0.00000000,0.00000000,0.00000000,0.00000000,0.00000000,0.00000000,0.00000000,0.00000000,0.00000000,0.00000000,0.00000000,0.00000000,0.00000000,0.05047757,0.00000000,0.00000000,0.00000000,0.00000000,0.00000000,0.00000000,0.00000000,0.00000000,0.00000000,0.00000000,0.00000000,0.00000000,0.00000000,0.00000000,0.00236584,0.00427229,0.00000000,0.00000000,0.00000000,0.00000000,0.00353921,0.00000000,0.00000000,0.00000000,0.00000000,0.00000000,0.00000000,0.00000000,0.09656490,0.00479251,0.00000000,0.00000000,0.00000000,0.00000000,0.00000000,0.00000000,0.02699747,0.00000000,0.00000000,0.00000000,0.00775895,0.00000000,0.00000000,0.00000000,0.00000000,0.00000000,0.00000000,0.00000000,0.01511907,0.00000000,0.00000000,0.00000000,0.00000000,0.00353499,0.00000000,0.01350378,0.00000000,0.00000000,0.00000000,0.00000000,0.00000000,0.00000000,0.00000000,0.00000000,0.00000000,0.00000000,0.00000000,0.01133033,0.00000000,0.00847837,0.00000000,0.00000000,0.00000000,0.00000000,0.00000000,0.00000000,0.00000000,0.00000000,0.04767873,0.00176570,0.00000000,0.00000000,0.00000000,0.00000000,0.00000000,0.00000000,0.00000000,0.00000000,0.00000000,0.00000000,0.00000000,0.00000000,0.00896626,0.00000000,0.00000000,0.00000000,0.00000000,0.00000000,0.00000000,0.00000000,0.00882886,0.00000000,0.00824170,0.00000000,0.37866184,0.00000000,0.00000000,0.00000000,0.00000000,0.01876520,0.00000000,0.03618621,0.00000000,0.00000000,0.00000000,0.00000000,0.00000000,0.00000000,0.01367014,0.01667837,0.00000000,0.00000000,0.00000000,0.00070016,0.00000000,0.00000000,0.00000000,0.00000000,0.32826806,0.00000000,0.00000000,0.00000000,0.00000000,0.00000000,0.00000000,0.00000000,0.00000000,0.00000000,0.00000000,0.00000000,0.00000000,0.00000000,0.00989414,0.03473078,0.00000000,0.00000000,0.00000000,0.00000000,0.00000000,0.00000000,0.00000000,0.00000000,0.00000000,0.00000000,0.00000000,0.00000000,0.00000000,0.00000000,0.00000000,0.00000000,0.00000000,0.00836242,0.00000000,0.00000000,0.00000000,0.00000000
0.00000000,0.00000000,0.00888085,0.00000000,0.00000000,0.00000000,0.06267681,0.00000000,0.00000000,0.00000000,0.00338678,0.00000000,0.00000000,0.00000000,0.57474471,0.00000000,0.00000000,0.01378107,0.00000000,0.03200699,0.00000000,0.00000000,0.00000000,0.08436843,0.30942753,0.00000000,0.00665197,0.00000000,0.00000000,0.00000000,0.00000000,0.00000000,0.00121570,0.01420790,0.00000000,0.00000000,0.00000000,0.00000000,0.00000000,0.00000000,0.00000000,0.00000000,0.00000000,0.00000000,0.00000000,0.02334293,0.00000000,0.00000000,0.00000000,0.00000000,0.01838836,0.00000000,0.00000000,0.00000000,0.00000000,0.00000000,0.00000000,0.00000000,0.00000000,0.00000000,0.00000000,0.00000000,0.00000000,0.00000000,0.00000000,0.00000000,0.07092960,0.00000000,0.00000000,0.00000000,0.00000000,0.00000000,0.00000000,0.00000000,0.00058600,0.01639297,0.00431376,0.00000000,0.00000000,0.00000000,0.00000000,0.00000000,0.00000000,0.00000000,0.00000000,0.00000000,0.00000000,0.00000000,0.00000000,0.00000000,0.00000000,0.00000000,0.00000000,0.00000000,0.00000000,0.00000000,0.00000000,0.00000000,0.00000000,0.00178699,0.01431945,0.00000000,0.00000000,0.00000000,0.00000000,0.00000000,0.00000000,0.00216729,0.00000000,0.00000000,0.00000000,0.00000000,0.00000000,0.00000000,0.00000000,0.00000000,0.00324040,0.00000000,0.00000000,0.00627337,0.00000000,0.00000000,0.00000000,0.00000000,0.00000000,0.00000000,0.00000000,0.00000000,0.00000000,0.00000000,0.00000000,0.00000000,0.00000000,0.00000000,0.00000000,0.00000000,0.00000000,0.01240163,0.00000000,0.00000000,0.00000000,0.00000000,0.00000000,0.00000000,0.00000000,0.00000000,0.00000000,0.00000000,0.00000000,0.00000000,0.00000000,0.00000000,0.00281927,0.00000000,0.00000000,0.00161937,0.00000000,0.00000000,0.00000000,0.00000000,0.00000000,0.00000000,0.00000000,0.00000000,0.00000000,0.00000000,0.02567538,0.00000000,0.00253294,0.00000000,0.00000000,0.00000000,0.00272475,0.00000000,0.00000000,0.00000000,0.00000000,0.69003621,0.00000000,0.00000000,0.00000000,0.01216499,0.00000000,0.00000000,0.00000000,0.00000000,0.00000000,0.00000000,0.00000000,0.00000000,0.00000000,0.00000000,0.00000000,0.01207000,0.00000000,0.00000000,0.00000000,0.00000000,0.00000000,0.00000000,0.00000000,0.01036623,0.00000000,0.00000000,0.04377449,0.00000000,0.00000000,0.00000000,0.00000000,0.00000000,0.00000000,0.00000000,0.00000000,0.00000000,0.00000000,0.00000000,0.00000000,0.00000000,0.00000000,0.00000000,0.00000000,0.00000000,0.00000000,0.00000000,0.00000000,0.00000000,0.00000000,0.00000000,0.04494707,0.00386846,0.00000000,0.00000000,0.00000000,0.00168972,0.00000000,0.00000000,0.02385686,0.00000000,0.00000000,0.00000000,0.00000000,0.00000000,0.01236550,0.00000000,0.00000000,0.00000000,0.00000000,0.00614339,0.00000000,0.00000000,0.00000000,0.00000000,0.00000000,0.00000000,0.00592078,0.00000000,0.00000000,0.01492533,0.00137446,0.00000000,0.00000000,0.03110476,0.00000000,0.00000000,0.00000000,0.00000000,0.00000000,0.00000000,0.00000000,0.00000000,0.00000000,0.00000000,0.02596047,0.00000000,0.01299553,0.00000000,0.00000000,0.00652903,0.00000000,0.00000000,0.00000000,0.00000000,0.00000000,0.00772319,0.00000000,0.00000000,0.00000000,0.00000000,0.00000000,0.00000000,0.00000000,0.00000000,0.00000000,0.02041063,0.00210882,0.00000000,0.02434598,0.00000000,0.00000000,0.00000000,0.00052425,0.00000000,0.00308293,0.00000000,0.00294156,0.00000000,0.00000000,0.00000000,0.00000000,0.00000000,0.00528453,0.00140060,0.00000000,0.00000000,0.00000000,0.00000000,0.00000000,0.00000000,0.00000000,0.00000000,0.00000000,0.00000000,0.00000000,0.00000000,0.00000000,0.00000000,0.00000000,0.00000000,0.00000000,0.00000000,0.00000000,0.00000000,0.00000000,0.00000000,0.00000000,0.00000000,0.00000000,0.00000000,0.00000000,0.00267299,0.00000000,0.05060372,0.00000000,0.00000000,0.00000000,0.00000000,0.00000000,0.00000000,0.00000000,0.03329213,0.00000000,0.00000000,0.00000000,0.00953120,0.00000000,0.00000000,0.00000000,0.00000000,0.00000000,0.00000000,0.00000000,0.00000000,0.00000000,0.00000000,0.00359452,0.00000000,0.01220991,0.00000000,0.00000000,0.00000000,0.00000000,0.00000000,0.00000000,0.00000000,0.00000000,0.00000000,0.00000000,0.00000000,0.00000000,0.00000000,0.13450434,0.00000000,0.00455613,0.00000000,0.00000000,0.00000000,0.00000000,0.00000000,0.00000000,0.00000000,0.00000000,0.00000000,0.00000000,0.00000000,0.00000000,0.00000000,0.00000000,0.00000000,0.03248040,0.00000000,0.00000000,0.00000000,0.00000000,0.00000000,0.00000000,0.00000000,0.00000000,0.00466522,0.00000000,0.00000000,0.00000000,0.00000000,0.00000000,0.00000000,0.00000000,0.00000000,0.00000000,0.00000000,0.00000000,0.03302350,0.00000000,0.00491903,0.01890121,0.00000000,0.00000000,0.00000000,0.00000000,0.00000000,0.00000000,0.00000000,0.00000000,0.00000000,0.00236953,0.00000000,0.00000000,0.00000000,0.00000000,0.00000000,0.00000000,0.00000000,0.04354913,0.00438169,0.00000000,0.00000000,0.00000000,0.00000000,0.00000000,0.00000000,0.00000000,0.00000000,0.00000000,0.00000000,0.00000000,0.00000000,0.00000000,0.00000000,0.00000000,0.00000000,0.00000000,0.00000000,0.00000000,0.00000000,0.00000000,0.00000000,0.00000000,0.00000000,0.00000000,0.00000000,0.00000000,0.00000000,0.00000000,0.00000000,0.00000000,0.00000000,0.00000000,0.00000000,0.00000000,0.00000000,0.00000000,0.01161286,0.00000000,0.00000000,0.00000000,0.00421236,0.00000000,0.00000000,0.00000000,0.00000000,0.00000000,0.00000000,0.00000000,0.00000000,0.01209330,0.00000000,0.01521123,0.00000000,0.00000000,0.00000000,0.00000000,0.00000000,0.00000000,0.00000000,0.00000000,0.00000000,0.00000000,0.00000000,0.00000000,0.00000000,0.00000000,0.01670031,0.00000000,0.00000000,0.00000000,0.00000000,0.00000000,0.00000000,0.00000000,0.00000000,0.00000000,0.00245700,0.00000000,0.00000000,0.00000000,0.00000000,0.00000000,0.00000000,0.00000000,0.00688335,0.00000000,0.00000000,0.00000000,0.00000000,0.00000000,0.00000000,0.00000000,0.01933053,0.00000000,0.04188278,0.00000000,0.00000000,0.00646654,0.02286402,0.00000000,0.00000000,0.00000000,0.00000000,0.00000000,0.00000000,0.00000000,0.00000000,0.00000000,0.00000000,0.00000000,0.00000000,0.00000000,0.00000000,0.01026214,0.00000000,0.00000000,0.00000000,0.00000000,0.75915488,0.00000000,0.00000000,0.00000000,0.00000000,0.00000000,0.00000000,0.00000000,0.00000000,0.00000000,0.00000000,0.00000000,0.00000000,0.00000000,0.00000000,0.00000000,0.00000000,0.00000000,0.00000000,0.00000000,0.00095718,0.00000000,0.00000000,0.00000000,0.00000000,0.00000000,0.00000000,0.00000000,0.00000000,0.00000000,0.00000000,0.08813435,0.00000000,0.00000000,0.00000000,0.00000000,0.00000000,0.00000000,0.00000000,0.00000000,0.00000000,0.00000000,0.00000000,0.00000000,0.00000000,0.00063538,0.41564882,0.00000000,0.00000000,0.00000000,0.00000000,0.00000000,0.04706831,0.31868398,0.00000000,0.00000000,0.00000000,0.06352888,0.00000000,0.00816048,0.00000000,0.00000000,0.00000000,0.00000000,0.00000000,0.00000000,0.00000000,0.00000000,0.00124986,0.00000000,0.00823982,0.00000000,0.00000000,0.01776014,0.00000000,0.00000000,0.00000000,0.00000000,0.00000000,0.00660652,0.00000000,0.00000000,0.00000000,0.00000000,0.00000000,0.00000000,0.00000000,0.00000000,0.00000000,0.00000000,0.00000000,0.00000000,0.00000000,0.00000000,0.05177714,0.00000000,0.00000000,0.00000000,0.00000000,0.00000000,0.00406194,0.00000000,0.00000000,0.00000000,0.00000000,0.00000000,0.00896142,0.00000000,0.00000000,0.00000000,0.00000000,0.00000000,0.00000000,0.00000000,0.00000000,0.00000000,0.00000000,0.00000000,0.00000000,0.00000000,0.08441161,0.00000000,0.00000000,0.00000000,0.00523356,0.00000000,0.00000000,0.00000000,0.00000000,0.00000000,0.00000000,0.00000000,0.00000000,0.01325184,0.00000000,0.00000000,0.00000000,0.00000000,0.00000000,0.00000000,0.00000000,0.00000000,0.00000000,0.00000000,0.00000000,0.00000000,0.00000000,0.00088173,0.00000000,0.00000000,0.00000000,0.00000000,0.00000000,0.00000000,0.00734347,0.00000000,0.00894460,0.00000000,0.00000000,0.00000000,0.00592760,0.00000000,0.00000000,0.00528147,0.00000000,0.00000000,0.00000000,0.00000000,0.00000000,0.00000000,0.00000000,0.00000000,0.00000000,0.00000000,0.00000000,0.00000000,0.00000000,0.01156078,0.00364804,0.00000000,0.00000000,0.00000000,0.00000000,0.00000000,0.00000000,0.00000000,0.01429028,0.00000000,0.00000000,0.00000000,0.00000000,0.00000000,0.00000000,0.00000000,0.00000000,0.00000000,0.00000000,0.00000000,0.00286198,0.00000000,0.00000000,0.00000000,0.00000000,0.00000000,0.00000000,0.00000000,0.00000000,0.00000000,0.00000000,0.00000000,0.00000000,0.00000000,0.00000000,0.00000000,0.00350428,0.00000000,0.00000000,0.00000000,0.00000000,0.00000000,0.00000000,0.00000000,0.00000000,0.00000000,0.00000000,0.00000000,0.00000000,0.00000000,0.00000000,0.00000000,0.00000000,0.00000000,0.00000000,0.00000000,0.00000000,0.00000000,0.00715483,0.00000000,0.15505281
0.00000000,0.00000000,0.00000000,0.00000000,3.95056595,0.00000000,0.00000000,0.00000000,0.00000000,0.00000000,0.00000000,0.00000000,0.00000000,0.00000000,0.00000000,0.00000000,0.00000000,0.00000000,0.00000000,0.00000000,0.00000000,0.00000000,0.00000000,0.00000000,0.07954294,0.00000000,0.00000000,0.00000000,0.00000000,0.00000000,0.03458773,0.00000000,0.00000000,0.00000000,0.00000000,0.00000000,0.00000000,0.00000000,0.00143461,0.00000000,0.00000000,0.00000000,0.00000000,0.00000000,0.00000000,0.00000000,0.00000000,0.00000000,0.00000000,0.00000000,0.00000000,0.22201054,0.00000000,0.00000000,0.00000000,0.00000000,0.00000000,0.00000000,0.10057871,0.00000000,0.00000000,0.00000000,0.00000000,0.00000000,0.00000000,0.01553783,0.00000000,0.00000000,0.00000000,0.00000000,0.00000000,0.00000000,0.01339607,0.00000000,0.00000000,0.00000000,0.00000000,0.00245993,0.00000000,0.00000000,0.00000000,0.00000000,0.00000000,0.00000000,0.00000000,0.00000000,0.00000000,0.01128724,0.00000000,0.00000000,0.00516693,0.00247540,0.00000000,0.00000000,0.00000000,0.00000000,0.00000000,0.00000000,0.00000000,0.00000000,0.00233833,0.00939721,0.00000000,0.00000000,0.00000000,0.00000000,0.00000000,0.00000000,0.00000000,0.00000000,0.01716865,0.00000000,0.00000000,0.00000000,0.00000000,0.00000000,0.00000000,0.00000000,0.00000000,0.00000000,0.00000000,0.00000000,0.00000000,0.00000000,0.00515824,0.00309972,0.00000000,0.00000000,0.00000000,0.00000000,0.00000000,0.00000000,0.00000000,0.00000000,0.00000000,0.00000000,0.00000000,0.00000000,0.00000000,0.01574609,0.00000000,0.00000000,0.00000000,0.00000000,0.00188886,0.00000000,0.00000000,0.00000000,0.00758396,0.00000000,0.00000000,0.00000000,0.00000000,0.00000000,0.00000000,0.00000000,0.00000000,0.00000000,0.00000000,0.00000000,0.00000000,0.77414579,0.00000000,0.00000000,0.00000000,0.00000000,0.00000000,0.00000000,0.00000000,0.00000000,0.00000000,0.00000000,0.00000000,0.00000000,0.00000000,0.00000000,0.00000000,0.00678540,0.00513128,0.00487195,0.00000000,0.00000000,0.00377299,0.00000000,0.00000000,0.00000000,0.00000000,0.00000000,0.00000000,0.00000000,0.00000000,0.00000000,0.00000000,0.00000000,0.00000000,0.00000000,0.00000000,0.00000000,0.00000000,0.00000000,0.00000000,0.00000000,0.00000000,0.00000000,0.00000000,0.00261351,0.00662995,0.00000000,0.00658152,0.00000000,0.00000000,0.00000000,0.00000000,0.00000000,0.00000000,0.00000000,0.00000000,0.00000000,0.01094074,0.00000000,0.00000000,0.00000000,0.00000000,0.00000000,0.00000000,0.00000000,0.00000000,0.00000000,0.00000000,0.00000000,0.00000000,0.00000000,0.00499480,0.00000000,0.53220373,0.00000000,0.00000000,0.00000000,0.00000000,0.00000000,0.00000000,0.00000000,0.00000000,0.00000000,0.00000000,0.00000000,0.00223142,0.00000000,0.00000000,0.00000000,0.00000000,0.00000000,0.00225749,0.00000000,0.00000000,0.00000000,0.00000000,0.00000000,0.00000000,0.00000000,0.00000000,0.00000000,0.00000000,0.00000000,0.00000000,0.00221324,0.00000000,0.00000000,0.00000000,0.00221609,0.00000000,0.00000000,0.00000000,0.00000000,0.00000000,0.00000000,0.00000000,0.00000000,0.00000000,0.00000000,0.00000000,0.00000000,0.00000000,0.00000000,0.01322879,0.00000000,0.00000000,0.00000000,0.00000000,0.00000000,0.00000000,0.00964790,0.05356823,0.00000000,0.00000000,0.00000000,0.00712228,0.00000000,0.00000000,0.00000000,0.00136354,0.04488812,0.00000000,0.00000000,0.00000000,0.00000000,0.00000000,0.00000000,0.00000000,0.00000000,0.00000000,0.00000000,0.00000000,0.00000000,0.00000000,0.00000000,0.00000000,0.00475910,0.00000000,0.01131204,0.00000000,0.01784740,0.00000000,0.00000000,0.03639215,0.00000000,0.00000000,0.00000000,0.00000000,0.00000000,0.00000000,0.00000000,0.00000000,0.00000000,0.00000000,0.00000000,0.00000000,0.00000000,0.00000000,0.00000000,0.00107257,0.00000000,0.00645753,0.00000000,0.00000000,0.00000000,0.00000000,0.00000000,0.00369825,0.00000000,0.00000000,0.00000000,0.00000000,0.00000000,0.00000000,0.00000000,0.00000000,0.00000000,0.00000000,0.00000000,0.00000000,0.00000000,0.00000000,0.00000000,0.00000000,0.26252931,0.00000000,0.00399453,0.00000000,0.00000000,0.00000000,0.00000000,0.00000000,0.00000000,0.00000000,0.00000000,0.00000000,0.00000000,0.00000000,0.00000000,0.04201401,0.00000000,0.00000000,0.00000000,0.12961254,0.00000000,0.00000000,0.00000000,0.00000000,0.00000000,0.00000000,0.00000000,0.00000000,0.00000000,0.00000000,0.00000000,0.00000000,0.00000000,0.00000000,0.00000000,0.00000000,0.00000000,0.00000000,0.00000000,0.00000000,0.56424706,0.00000000,0.00000000,0.00000000,0.00000000,0.00000000,0.00000000,0.11777580,0.00000000,0.00000000,0.00000000,0.00000000,0.00000000,0.00000000,0.00000000,0.00255607,0.00226472,0.00000000,0.00000000,0.00000000,0.01877791,0.00000000,0.00000000,0.00000000,0.00000000,0.00000000,0.00000000,0.00000000,0.00000000,0.00000000,0.00000000,0.00000000,0.00000000,0.14878584,0.00000000,0.02193884,0.00000000,0.00000000,0.00000000,0.00000000,0.00000000,0.00000000,0.00000000,0.00000000,0.00000000,0.00000000,0.00000000,0.00000000,0.00000000,0.00000000,0.00000000,0.00000000,0.00000000,0.00000000,0.00000000,0.00000000,0.00000000,0.00000000,0.00000000,0.00000000,0.00000000,0.02238813,0.00102543,0.00000000,0.00000000,0.00000000,0.04561401,0.00000000,0.00000000,0.00000000,0.00000000,0.00000000,0.00000000,0.00000000,0.00000000,0.00000000,0.00000000,0.00000000,0.00000000,0.00000000,0.00000000,0.00000000,0.00000000,0.03192111,0.00000000,0.00260031,0.00000000,0.00000000,0.00000000,0.00000000,0.00000000,0.00000000,0.00000000,0.00000000,0.00000000,0.00000000,0.00000000,0.00000000,0.00000000,0.00000000,0.00000000,0.00000000,0.00000000,0.00000000,0.00000000,0.00000000,0.00000000,0.00000000,0.00000000,0.08235667,0.00000000,0.00000000,0.00000000,0.00000000,0.00000000,0.00000000,0.00000000,0.00000000,0.54986059,0.00000000,0.00000000,0.00000000,0.00095004,0.00000000,0.00000000,0.02437836,0.00379952,0.01412534,0.01316290,0.00000000,0.00000000,0.00000000,0.00000000,0.00494869,0.00000000,0.00000000,0.00000000,0.00000000,0.00000000,0.00000000,0.00000000,0.00000000,0.00395289,0.00000000,0.00000000,0.00000000,0.00278384,0.00000000,0.00000000,0.00000000,0.00000000,0.01201965,0.00000000,0.00000000,0.00000000,0.00000000,0.00000000,0.00579806,0.00000000,0.00000000,0.01220798,0.00000000,0.00000000,0.00000000,0.00000000,0.00000000,0.00000000,0.00000000,0.00000000,0.00000000,0.00000000,0.00000000,0.00225636,0.00000000,0.00000000,0.00000000,0.00000000,0.00000000,0.00000000,0.00000000,0.00000000,0.00427575,0.00000000,0.00000000,0.00000000,0.00000000,0.00000000,0.00000000,0.00000000,0.00000000,0.00000000,0.00000000,0.00000000,0.00000000,0.00000000,0.00000000,0.00000000,0.00853896,0.00000000,0.00000000,0.00000000,0.09032217,0.01851174,0.00000000,0.00000000,0.27481261,0.00000000,0.00000000,0.00000000,0.00000000,0.00000000,0.00061312,0.00000000,0.00000000,0.00000000,0.00000000,0.00000000,0.00000000,0.00000000,0.00000000,0.00000000,0.00000000,0.00000000,0.00000000,0.00000000,0.00000000,0.00000000,0.00000000,0.00000000,0.00000000,0.00000000,0.00000000,0.30051180,0.00000000,0.00000000,0.00149214,0.00817347,1.13075530,0.00236801,0.00000000,0.00000000,0.00000000,0.00000000,0.00000000,0.00117073,0.00000000,0.00000000,0.00000000,0.14866682,0.00000000,0.00000000,0.00000000,0.00000000,0.00000000,0.00000000,0.00000000,0.00000000,0.00000000,0.00000000,0.00000000,0.00000000,0.00000000,0.00000000,0.00000000,0.00582269,0.00000000,0.00432204,0.00000000,0.00000000,0.00000000,0.00000000,0.00000000,0.00000000,0.03020204,0.00000000,0.00000000,0.01914034,0.00000000,0.00000000,0.01099602,0.00000000,0.00000000,0.00000000,0.00000000,0.00000000,0.00000000,0.00000000,0.00000000,0.00333761,0.00000000,0.00000000,0.00000000,0.00000000,0.00000000,0.01214365,0.00000000,0.28385687,0.00000000,0.00000000,0.00000000,0.00000000,0.00000000,0.00000000,0.00000000,0.00000000,0.00091074,0.00000000,0.00000000,0.00495465,0.00000000,0.00000000,0.00000000,0.59695489,0.00000000,0.03384667,0.00000000,0.00000000,0.00000000,0.00000000,0.00000000,0.00503786,0.00000000,0.00000000,0.00000000,0.00000000,0.00000000,0.00000000,0.00000000,0.00000000,0.00000000,0.00000000,0.00000000,0.00000000,0.00000000,0.02922495,0.00000000,0.00000000,0.00000000,0.00000000,0.00000000,0.00000000,0.00000000,0.00000000,0.00000000,0.00000000,0.00000000,0.00000000,0.00000000,0.00000000,0.00000000,0.01991040,0.00000000,0.00000000,0.00000000,0.00000000,0.00000000,0.00000000,0.00000000,0.00000000,0.00000000,0.00247009,0.00000000,0.00000000,0.00000000,0.00000000,0.00000000,0.00676902,0.00000000,0.00000000,0.00000000,0.00000000,0.00000000,0.00000000,0.00000000,0.00000000,0.00000000,0.00000000,0.00000000,0.00000000,1.30168813,0.00000000,0.00000000,0.00386421,0.00000000,0.00000000,0.00000000,0.00000000,0.00000000,0.00869145,0.00000000,0.00554833,0.00000000,0.00000000,0.05190410,0.00287781
0.00000000,0.00000000,0.00000000,0.00000000,0.00085843,0.00000000,0.00000000,0.00000000,0.00000000,0.00000000,0.00000000,0.00000000,0.00000000,0.01792939,0.00000000,0.00000000,0.00000000,0.00000000,0.00000000,0.00000000,0.00000000,0.00000000,0.00000000,0.00000000,0.00630119,0.00000000,0.00000000,0.00000000,0.00000000,0.00000000,0.00000000,0.00000000,0.00000000,0.00000000,0.00479231,0.00000000,0.00275400,0.00000000,0.00000000,0.00000000,0.00000000,0.00000000,0.00000000,0.00000000,0.01005461,0.00000000,0.00000000,0.00000000,0.00000000,0.00000000,0.00000000,0.00000000,0.00000000,0.00000000,0.00000000,0.00000000,0.00000000,0.00266677,0.00000000,0.00000000,0.00000000,0.00000000,0.00309367,0.01435426,0.00000000,0.00000000,0.00000000,0.00000000,0.00000000,0.00000000,0.00000000,0.00000000,0.02743317,0.00000000,0.00000000,0.00000000,0.00000000,0.00000000,0.00000000,0.00000000,0.00000000,0.00000000,0.00000000,0.00000000,0.00000000,0.00000000,0.00000000,0.00000000,0.00000000,0.00000000,0.00000000,0.00349038,0.00000000,0.00357299,0.05821017,0.00000000,0.00000000,0.00298803,0.00000000,0.00000000,0.00000000,0.00000000,0.00000000,0.00000000,0.00000000,0.00000000,0.00000000,0.00000000,0.00000000,0.00000000,0.00000000,0.00000000,0.00000000,0.00142358,0.00000000,0.00000000,0.01121903,0.00000000,0.00000000,0.00000000,0.00000000,0.00000000,0.00000000,0.00000000,0.00105491,0.00000000,0.00000000,0.00000000,0.00000000,0.00000000,0.00000000,0.00000000,0.00000000,0.00000000,0.00000000,0.00000000,0.00000000,0.00062586,0.00663735,0.00000000,0.00000000,0.00000000,0.00000000,0.00000000,0.00000000,0.00000000,0.00000000,0.00000000,0.00319875,0.00000000,0.00000000,0.00000000,0.00000000,0.00696189,0.00450489,0.00000000,0.00000000,0.00000000,0.00000000,0.00000000,0.00000000,0.00000000,0.00000000,0.00000000,0.00000000,0.00000000,0.00000000,0.00971039,0.00000000,0.00000000,0.00000000,0.00000000,0.00000000,0.00000000,0.00000000,0.00000000,0.00000000,0.00000000,0.00000000,0.00000000,0.01405031,0.00675395,0.19905515,0.00000000,0.00000000,0.00000000,0.00000000,0.00409638,0.00000000,0.00000000,0.00000000,0.00000000,0.00000000,0.00000000,0.00000000,0.00000000,0.00000000,0.00000000,0.00000000,0.00000000,0.00000000,0.00000000,0.00000000,0.00000000,0.00467193,0.00685932,0.00228821,0.00000000,0.00000000,0.00000000,0.00000000,0.00089640,0.00000000,0.00000000,0.00000000,0.00000000,0.00000000,0.00000000,0.50155520,0.00000000,0.00000000,0.00000000,0.00000000,0.00000000,0.01031120,0.00000000,0.00000000,0.00000000,0.00000000,0.00000000,0.00000000,0.00000000,0.00000000,0.00000000,0.00000000,0.00000000,0.20017160,0.00000000,0.00000000,0.00000000,0.00000000,0.00000000,0.00000000,0.00000000,0.00000000,0.00000000,0.00000000,0.00000000,0.00000000,0.08415130,0.00000000,0.00000000,0.00000000,0.00000000,0.00000000,0.00000000,0.00000000,0.00000000,0.00000000,0.00000000,0.00000000,0.00000000,0.00000000,0.00000000,0.05650424,0.00000000,0.04571259,0.00000000,0.00000000,0.00000000,0.00000000,0.00000000,0.00000000,0.00000000,0.00000000,0.00000000,0.00000000,0.19594886,0.00000000,0.00000000,0.00000000,0.00000000,0.08441035,0.00000000,0.00000000,0.00000000,0.00000000,0.00000000,0.00000000,0.00000000,0.00000000,0.00000000,0.00000000,0.00000000,0.00000000,0.00000000,0.00000000,0.00000000,0.00000000,0.00000000,0.85062046,0.00000000,0.00000000,0.00000000,0.00000000,0.00000000,0.00000000,0.00000000,0.01242139,0.00404696,0.00000000,0.00000000,0.00000000,0.00000000,0.00000000,0.00000000,0.00000000,0.41532044,0.00220172,0.00000000,0.00000000,0.00000000,0.02531704,0.12950621,0.00000000,0.00000000,0.00269780,0.00000000,0.00000000,0.03729511,0.00000000,0.00000000,0.00000000,0.00000000,0.00000000,0.00000000,0.00000000,0.00000000,0.00000000,0.00000000,0.00000000,0.00000000,0.00098929,0.00000000,0.00000000,0.00430972,0.00000000,0.00895084,0.00336493,0.00000000,0.00000000,0.05812403,0.00000000,0.00000000,0.00000000,0.00000000,0.00000000,0.33874887,0.00000000,0.00000000,0.00000000,0.00000000,0.00000000,0.00000000,0.00000000,0.00000000,0.00000000,0.00000000,0.00000000,0.00000000,0.00000000,0.00000000,0.00000000,0.00000000,0.00000000,0.00000000,0.00000000,0.00000000,0.00000000,0.00000000,0.01321568,0.00000000,0.00232109,0.01475246,0.00261702,0.00000000,0.00000000,0.00000000,0.00000000,0.00000000,0.00772838,0.00000000,0.00000000,0.00000000,0.00000000,0.00000000,0.00000000,0.00000000,0.00000000,0.00000000,0.00000000,0.00000000,0.03572968,0.00000000,0.00000000,0.00832916,0.00000000,0.00000000,0.00000000,0.00000000,0.00157134,0.00000000,0.00000000,0.00000000,0.00477892,0.00000000,0.00000000,0.00000000,0.00000000,0.00843401,0.00000000,0.00427001,0.00000000,0.13600954,0.00000000,0.00000000,0.00000000,0.00000000,0.00000000,0.00000000,0.00000000,0.00000000,0.00680137,0.00000000,0.00000000,0.30623196,0.00000000,0.00000000,0.00000000,0.00000000,0.02372055,0.00461475,0.00000000,0.00000000,0.00000000,0.00000000,0.00000000,0.00000000,0.00000000,0.00000000,0.00074904,0.00000000,0.00000000,0.00000000,0.00000000,0.00238399,0.00000000,0.00000000,0.00000000,0.03743944,0.00000000,0.00000000,0.00000000,0.00000000,0.00000000,0.17491039,0.00000000,0.00000000,0.00000000,0.00000000,0.00000000,0.00000000,0.00000000,0.00000000,0.00000000,0.00000000,0.00592977,0.00000000,0.00000000,0.00000000,0.00000000,0.00000000,0.00000000,0.00000000,0.00000000,0.00000000,0.00000000,0.00000000,0.00000000,0.00000000,0.00000000,0.00286250,0.00000000,0.00000000,0.00000000,0.00000000,0.00000000,0.00000000,0.00000000,0.14112249,0.00000000,0.00000000,0.00000000,0.00000000,0.00000000,0.00000000,0.00155274,0.00000000,0.00000000,0.00000000,0.00000000,0.00000000,0.00000000,0.00164974,0.00000000,0.00000000,0.01572110,0.02677763,0.00000000,0.00000000,0.00000000,0.00000000,0.03084310,0.00000000,0.00000000,0.00000000,0.00000000,0.05041993,0.00000000,0.00000000,0.01150725,0.00000000,0.00000000,0.00000000,0.00000000,0.00000000,0.00000000,0.00000000,0.00000000,0.00000000,0.00000000,0.00000000,0.00000000,0.00000000,0.00000000,0.00000000,0.01337091,0.00000000,0.00838186,0.00000000,0.00000000,0.00000000,0.00000000,0.00000000,0.00000000,0.00000000,0.02122469,0.00000000,0.00000000,0.00000000,0.00776444,0.00000000,0.00000000,0.00000000,0.00000000,0.00000000,0.00134917,0.00000000,0.00964436,0.00000000,0.00000000,0.00000000,0.00000000,0.00000000,0.00000000,0.00000000,0.07251725,0.00000000,0.00000000,0.00000000,0.38314083,0.00000000,0.02320107,0.00000000,0.00000000,0.00000000,0.00000000,0.00000000,0.00000000,0.00000000,0.02908265,0.00000000,0.00000000,0.00000000,0.00000000,0.00000000,0.00000000,0.00000000,0.00000000,0.00000000,0.00000000,0.00000000,0.00000000,0.00000000,0.00000000,0.00000000,0.00000000,0.00000000,0.00000000,0.00330899,0.00000000,0.00000000,0.00000000,0.00000000,0.00000000,0.00620195,0.00000000,0.00000000,0.00000000,0.00000000,0.00000000,0.00000000,0.00537894,0.00000000,0.00000000,0.00000000,0.00000000,0.00000000,0.00000000,0.00000000,0.00000000,0.00000000,0.00000000,0.00000000,0.00000000,0.00000000,0.00000000,0.00000000,0.00000000,0.00000000,0.00000000,0.00000000,0.00000000,0.00000000,0.00747209,0.02111753,0.00000000,0.00000000,0.00000000,0.00000000,0.00000000,0.00379197,0.11655293,0.00000000,0.00000000,0.00000000,0.00000000,0.00000000,0.00000000,0.00000000,0.00000000,0.00000000,0.00000000,0.00000000,0.00000000,0.00000000,0.00000000,0.00000000,0.00000000,0.00000000,0.09694261,0.00000000,0.00000000,0.01040544,0.00000000,0.00000000,0.00000000,0.00000000,0.00000000,0.00000000,0.00000000,0.00000000,0.00000000,0.00000000,0.00000000,0.00000000,0.00000000,0.00000000,0.00000000,0.00000000,0.00419008,0.00000000,0.00000000,0.00000000,0.00000000,0.00000000,0.00000000,0.00000000,0.00000000,0.00000000,0.00000000,0.04107248,0.00580805,0.00000000,0.00000000,0.00000000,0.00000000,0.00000000,0.00000000,0.00459646,0.00000000,0.00000000,0.00000000,0.00000000,0.00000000,0.00839492,0.00000000,0.00000000,0.00000000,0.00000000,0.00000000,0.00000000,0.00371882,0.00000000,0.00000000,0.00000000,0.00000000,0.00000000,0.00000000,0.00000000,0.00000000,0.00000000,0.00000000,0.00000000,0.00000000,0.00000000,0.00000000,0.00000000,0.00000000,0.00000000,0.00000000,0.00000000,0.00000000,0.00000000,0.00000000,0.00000000,0.00000000,0.00000000,0.00000000,0.00000000,0.00000000,0.00000000,0.00000000,0.00000000,0.00000000,0.00000000,0.00000000,0.00239801,0.00000000,0.00211545,0.00000000,0.00000000,0.00000000,0.00000000,0.00000000,0.00000000,0.00000000,0.00000000,0.00000000,0.00000000,0.00000000,0.00000000,0.00000000,0.00000000,0.00000000,0.00000000,0.00000000,0.00000000,0.00000000,0.00000000,0.00000000,0.00000000,0.00000000,0.01691810,0.00000000,0.00000000,0.00500316,0.00000000,0.00000000,0.00000000,0.00000000,0.00000000,0.00000000,0.00000000,0.00000000,0.00000000,0.00679795,0.00000000,0.00000000,0.00000000
0.00443219,0.00000000,0.00000000,0.00000000,0.00000000,0.00000000,0.00000000,0.00000000,0.00000000,0.00000000,0.00000000,0.00084232,0.00000000,0.00000000,0.00000000,0.00000000,0.00000000,0.00000000,0.00000000,0.00000000,0.00000000,0.00000000,0.00000000,0.00000000,0.00000000,0.00000000,0.00000000,0.00000000,0.00000000,0.00000000,0.00000000,0.01594641,0.00000000,0.00000000,0.00000000,0.00000000,0.03484930,0.00000000,0.00000000,0.00000000,0.00000000,0.00000000,0.00000000,0.00000000,0.00000000,0.00142638,0.00000000,0.00000000,0.00000000,0.00000000,0.00000000,0.00000000,0.00000000,0.00000000,0.00000000,0.00000000,0.00000000,0.00000000,0.00000000,0.00000000,0.00000000,0.00000000,0.00000000,0.00000000,0.00093247,0.00489512,0.00000000,0.00000000,0.00000000,0.00000000,0.00068747,0.00000000,0.00000000,0.00000000,0.00000000,0.00000000,0.00000000,0.00916699,0.00000000,0.00000000,0.00000000,0.00000000,0.00000000,0.00000000,0.00000000,0.00000000,0.00000000,0.00000000,0.00000000,0.00000000,0.00000000,0.00000000,0.00000000,0.00000000,0.00000000,0.00000000,0.00000000,0.00000000,0.00000000,0.00000000,0.00000000,0.00000000,0.00000000,0.00983539,0.00000000,0.00000000,0.00088678,0.00000000,0.00000000,0.00101807,0.00909109,0.01132094,0.00000000,0.00000000,0.00000000,0.00000000,0.00000000,0.00000000,0.00000000,0.00000000,0.00000000,0.00000000,0.00000000,0.00000000,0.00644346,0.00000000,0.00000000,0.00000000,0.00000000,0.00000000,0.08910070,0.00000000,0.00000000,0.00000000,0.00000000,0.00000000,0.00000000,0.00608416,0.00000000,0.00000000,0.00000000,0.00000000,0.00000000,0.52861958,0.00000000,0.00000000,0.00100508,0.00000000,0.00000000,0.00000000,0.00000000,0.00000000,0.00000000,0.00000000,0.00000000,0.00000000,0.00000000,0.00000000,0.00000000,0.16302513,0.04338269,0.00812086,0.00000000,0.00000000,0.00000000,0.00000000,3.15293653,0.00000000,0.00000000,0.00272475,0.00000000,0.00000000,0.00000000,0.00000000,0.00732773,0.00000000,0.00000000,0.00000000,0.05045942,0.00000000,0.00000000,0.00000000,0.00487553,0.00000000,0.00000000,0.00000000,0.00000000,0.00591089,0.00000000,0.00000000,0.00000000,0.00000000,0.00000000,0.06760298,0.00000000,0.01168533,0.00000000,0.00000000,0.00000000,0.00663737,0.00000000,0.00000000,0.00000000,0.00000000,0.00000000,0.00000000,0.00000000,0.00000000,0.00000000,0.00000000,0.00000000,0.00000000,0.00090615,0.00000000,0.00000000,0.00000000,0.00000000,0.00000000,0.00000000,0.00446243,0.00000000,0.00000000,0.00000000,0.00000000,0.00000000,0.00000000,0.00000000,0.08986996,0.00000000,0.00000000,0.00000000,0.00000000,0.00000000,0.00000000,0.00000000,0.00000000,0.00000000,0.31173672,0.00000000,0.00994249,0.00000000,0.00000000,0.01895412,0.00000000,0.00000000,0.00000000,0.00636417,0.00000000,0.00000000,0.00000000,0.00000000,0.01115162,0.00000000,0.00000000,0.00000000,0.00000000,0.06947692,0.00419180,0.00000000,0.00000000,0.00000000,0.00000000,2.17193312,0.00000000,0.00000000,0.00000000,0.00000000,0.01511483,0.00000000,0.00000000,0.00000000,0.00000000,0.00000000,0.00000000,0.00000000,0.00000000,0.00000000,0.00000000,0.01601433,0.00000000,0.00000000,0.00000000,0.00000000,0.00000000,0.00000000,0.00000000,0.00000000,0.00434462,0.00000000,0.00000000,0.00000000,0.00000000,0.00000000,0.00323664,0.00000000,0.00000000,0.00000000,0.00000000,0.00000000,0.00000000,0.00000000,0.00000000,0.00000000,0.00000000,0.00000000,0.00000000,0.00000000,0.00000000,0.00000000,0.00000000,0.03636423,0.00000000,0.00000000,0.03265227,0.00000000,0.00000000,0.00000000,0.00391157,0.00000000,0.02622534,0.00000000,0.00000000,0.00429975,0.00000000,0.01248927,0.00000000,0.00000000,0.00885088,0.00000000,0.00000000,0.00000000,0.00000000,0.00000000,0.01795227,0.01846174,0.00000000,0.00070651,0.00000000,0.00000000,0.00000000,0.00000000,0.00000000,0.01050154,0.00000000,0.00000000,0.01595394,0.00000000,0.00000000,0.00000000,0.00000000,0.00000000,0.00000000,0.00000000,0.00000000,0.00000000,0.00000000,0.00000000,0.00000000,0.03401522,0.00000000,0.00000000,0.00000000,0.00000000,0.00000000,0.00000000,0.00000000,0.00000000,0.00000000,0.00000000,0.00000000,0.00000000,0.00399139,0.00000000,0.00000000,0.00000000,0.00000000,0.00000000,0.00000000,0.00141420,0.00000000,0.00000000,0.00000000,0.00631288,0.00000000,0.00000000,0.00000000,0.00000000,0.00000000,0.00000000,0.00000000,0.00000000,0.00000000,0.00000000,0.00000000,0.00000000,0.00000000,0.00000000,0.00000000,0.00000000,0.00232343,0.00000000,0.00000000,0.00000000,0.00000000,0.00000000,0.00000000,0.01031849,0.00000000,0.00000000,0.00000000,0.00000000,0.00000000,0.00000000,0.00148036,0.00000000,0.00000000,0.00000000,0.00000000,0.00000000,0.00000000,0.00000000,0.00704019,0.00000000,0.00000000,0.00000000,0.00000000,0.00000000,0.00000000,0.00000000,0.00000000,0.00000000,0.00000000,0.00422210,0.00000000,0.00000000,0.00732715,0.00000000,0.00000000,0.00000000,0.00000000,0.00000000,0.00000000,0.00000000,0.00000000,0.00000000,0.00000000,0.00000000,0.00000000,0.00000000,0.00000000,0.00000000,0.00000000,0.00000000,0.00000000,0.00000000,0.00000000,0.00000000,0.00000000,0.00000000,0.01974234,0.00000000,0.00000000,0.00000000,0.00000000,0.00000000,0.00000000,0.00000000,0.00000000,0.00000000,0.00518959,0.00000000,0.00000000,0.00000000,0.00000000,0.00000000,0.00000000,0.00000000,0.00902726,0.00000000,0.00000000,0.00000000,0.10639525,0.00000000,0.00000000,0.00000000,0.00000000,0.00000000,0.02591866,0.00000000,0.00000000,0.00000000,0.00000000,0.00000000,0.00000000,0.00000000,0.00000000,0.00000000,0.00000000,0.00000000,0.00000000,0.00000000,0.00000000,0.00000000,0.00520996,0.00000000,0.00000000,0.00000000,0.00000000,0.00000000,0.00000000,0.00000000,0.00000000,0.00000000,0.08657676,0.00000000,0.00436201,0.00000000,0.00000000,0.00000000,0.00000000,0.00000000,0.00000000,0.00000000,1.96247952,0.00000000,0.00000000,0.00000000,0.00000000,0.00000000,0.00000000,0.00000000,0.25377985,0.00000000,0.00000000,0.00000000,0.00000000,0.00128908,0.00000000,0.00000000,0.00000000,0.01005820,0.00350988,0.00000000,0.00000000,0.00000000,0.00000000,0.00000000,0.00000000,0.00000000,0.00000000,0.00000000,0.00000000,0.00000000,0.00000000,0.00000000,0.00000000,0.00000000,0.00000000,0.00204914,0.00000000,0.00000000,0.00000000,0.00000000,0.05824686,0.00000000,0.00000000,0.00000000,0.00000000,0.00000000,0.00000000,0.00789044,0.00000000,0.00000000,0.04904146,0.00000000,0.00000000,0.00000000,0.00000000,0.00000000,0.00000000,0.00000000,0.00000000,0.00000000,0.00000000,0.00000000,0.00000000,0.00000000,0.00000000,0.09025166,0.00000000,0.00000000,0.00000000,0.00000000,0.00000000,0.00000000,0.00000000,0.00000000,0.00000000,0.00000000,0.01154023,0.00000000,0.00000000,0.00000000,0.00000000,0.00000000,0.00000000,0.00000000,0.00000000,0.00000000,0.00000000,0.00378382,0.00000000,0.03782962,0.00000000,0.00000000,0.00000000,0.00000000,0.00000000,0.00000000,0.00000000,0.00000000,0.02745880,0.00000000,0.00000000,0.00000000,0.00000000,0.00000000,0.00000000,0.00000000,0.00000000,0.00000000,0.00000000,0.00000000,0.00000000,0.00419920,0.00203002,0.00000000,0.00000000,0.00000000,0.00000000,0.00000000,0.00000000,0.00000000,0.00000000,0.00000000,0.00000000,0.00000000,0.00000000,0.00000000,0.00000000,0.00000000,0.00000000,0.00000000,0.01647832,0.00000000,0.00477339,0.00000000,0.00000000,0.00000000,0.00000000,0.00000000,0.00476051,0.00000000,0.00594602,0.00000000,0.00000000,0.00000000,0.00000000,0.00000000,0.00000000,0.00000000,0.00000000,0.00000000,0.00000000,0.00000000,0.00000000,0.00000000,0.00000000,0.00098023,0.00000000,0.00000000,0.00000000,0.00304863,0.00000000,0.00000000,0.00000000,0.00825850,0.00000000,0.00250174,0.00000000,0.00000000,0.00000000,0.00000000,0.04003762,0.00000000,0.00000000,0.00000000,0.00000000,0.00000000,0.00000000,0.00000000,0.00000000,0.00000000,0.00000000,0.00000000,0.00000000,0.00000000,0.00000000,0.00000000,0.00000000,0.00000000,0.00000000,0.00000000,0.00000000,0.00000000,0.00000000,0.00000000,0.00076607,0.05087542,0.00072552,0.00000000,0.00000000,0.00000000,0.00000000,0.00000000,0.00000000,0.00000000,0.00000000,0.00000000,0.00000000,0.00000000,0.00000000,0.00000000,0.00000000,0.01099254,0.00000000,0.00000000,0.20691534,0.00000000,0.00000000,0.01643486,0.00000000,0.00000000,0.00000000,0.00000000,0.00000000,0.00000000,0.00000000,0.00000000,0.00000000,0.00000000,0.00000000,0.00000000,0.00000000,0.00000000,0.00000000,0.00000000,0.00000000,0.00000000,0.00000000,0.00000000,0.00247356,0.00000000,0.00000000,0.00000000,0.00000000,0.00000000,0.00000000,0.00000000,0.00000000,0.00000000,0.00000000,0.00000000,0.00000000,0.00000000,0.00000000,0.00000000,0.00000000,0.05842690,0.00353983,0.00000000,0.00000000,0.00000000,0.00210727,0.00000000,0.00000000,0.00000000,0.00625423,0.00000000,0.00000000,0.00000000,0.00093438,0.00000000,0.00000000,0.00000000,0.01638703,0.00000000,0.00000000,0.00000000,0.00000000
0.00000000,0.00000000,0.00000000,0.00000000,0.09068302,0.00000000,0.00000000,0.00000000,0.00000000,0.00000000,0.00000000,0.00000000,0.00000000,0.04510315,0.00000000,0.00527622,0.00000000,0.00000000,0.03227200,0.00000000,0.00000000,0.00000000,0.00000000,0.00000000,0.00000000,0.00000000,0.00000000,0.02715414,0.00000000,0.00000000,0.00000000,0.31544962,0.00000000,0.00000000,0.00000000,0.00565329,0.00000000,0.00000000,0.00000000,0.00000000,0.00000000,0.00000000,0.02887227,0.00000000,0.00000000,0.01112553,0.00000000,0.00000000,0.00000000,0.00000000,0.00000000,0.00000000,0.00000000,0.00000000,0.00000000,0.00325870,0.00000000,0.00000000,0.00000000,0.00000000,0.00000000,0.00000000,0.00000000,0.00000000,0.00000000,0.00000000,0.00000000,0.00000000,0.00000000,0.01222259,0.00629355,0.00000000,0.00064960,0.00000000,0.00000000,0.00000000,0.04004717,1.09654445,0.00000000,0.00000000,0.04278446,0.00000000,0.01146467,0.00000000,0.00000000,0.00000000,0.00000000,0.00000000,0.00000000,0.00000000,0.00000000,0.00176124,0.00088865,0.00125031,0.00000000,0.00000000,0.00000000,0.01449879,0.00000000,0.00000000,0.00000000,0.00000000,0.00000000,0.00000000,0.00000000,0.01872302,0.00000000,0.00387604,0.00000000,0.00000000,0.00000000,0.00393911,0.00000000,0.00000000,0.00000000,0.00000000,0.00000000,0.00000000,0.00000000,0.00000000,0.00000000,0.00000000,0.00000000,0.00000000,0.00000000,0.00000000,0.00000000,0.00187561,0.00000000,0.00000000,0.00091111,0.00000000,0.02187196,0.00000000,0.00000000,0.00000000,0.00000000,0.00346358,0.00000000,0.00525670,0.00000000,0.00000000,0.00000000,0.00000000,0.00000000,0.00000000,0.00000000,0.00000000,0.00000000,0.00083601,0.00000000,0.00000000,0.00000000,0.00000000,0.00000000,0.00567776,0.00000000,0.00000000,0.00000000,0.00000000,0.00000000,0.00000000,0.00000000,0.00000000,0.00000000,0.00000000,0.00000000,0.00248695,0.00285710,0.00000000,0.00000000,0.00000000,0.00000000,0.00000000,0.00000000,0.00000000,0.71421050,0.00460657,0.00000000,0.01062280,0.00000000,0.00000000,0.00000000,0.00000000,0.00000000,0.00000000,0.00000000,0.00000000,0.00000000,0.00000000,0.00994382,0.00000000,0.04364783,0.00000000,0.00000000,0.00000000,0.00000000,0.00000000,0.00000000,0.00000000,0.00000000,0.00000000,0.00000000,0.00000000,0.00000000,0.00000000,0.00000000,0.00000000,0.00000000,0.00000000,0.00000000,0.00484365,0.00000000,0.00000000,0.00000000,0.00000000,0.00000000,0.00000000,0.00000000,0.00000000,0.00000000,0.00000000,0.00000000,0.00000000,0.00000000,0.00000000,0.00000000,0.00182197,0.00000000,0.00172939,0.00000000,0.00458001,0.00650552,0.00000000,0.00000000,0.00000000,0.00000000,0.00000000,0.00000000,0.00000000,0.00439628,0.00000000,0.00000000,0.00000000,0.00000000,0.03774878,0.00000000,0.00000000,0.00000000,0.00220246,0.00000000,0.00000000,0.00000000,0.00000000,0.00000000,0.00000000,0.00000000,0.00000000,0.00000000,0.00994150,0.00000000,0.00000000,0.00000000,0.00000000,0.00000000,0.00000000,0.00000000,0.00000000,0.00000000,0.00000000,0.00000000,0.00000000,0.00000000,0.00000000,0.00000000,0.00000000,0.00000000,0.00000000,0.00000000,0.00000000,0.00439260,0.00000000,0.00000000,0.00000000,0.00000000,0.00000000,0.00000000,0.00000000,0.00000000,0.00000000,0.00000000,0.00000000,0.03079386,0.00000000,0.00822249,0.00000000,0.00000000,0.04284515,0.00000000,0.00000000,0.00000000,0.00000000,0.00000000,0.00208696,0.00000000,0.00000000,0.00000000,0.00000000,0.00000000,0.00000000,0.00000000,0.00460519,0.00000000,0.00000000,0.00000000,0.00000000,0.00000000,0.00000000,0.00175083,0.00000000,0.00000000,0.00000000,0.00000000,0.00000000,0.00000000,0.00000000,0.00000000,0.00000000,0.00000000,0.00000000,0.00000000,0.00000000,0.00000000,0.00132035,0.00000000,0.00000000,0.00000000,0.00000000,0.00000000,0.00000000,0.00000000,0.00000000,0.02042658,0.00000000,0.00000000,0.00000000,0.14687077,0.00000000,0.01895163,0.00000000,0.00000000,0.00000000,0.00000000,0.00000000,0.00000000,0.00000000,0.00000000,0.00000000,0.00000000,0.00000000,0.00000000,0.00000000,0.00000000,0.00000000,0.00000000,0.00000000,0.00000000,0.00000000,0.00000000,0.00729171,0.00329929,0.00000000,0.00000000,0.00000000,0.00000000,0.00000000,0.00000000,0.00000000,0.00000000,0.00000000,0.00000000,0.00000000,0.00000000,0.00000000,0.00000000,0.00271584,0.00000000,0.00000000,0.01647541,0.00000000,0.00000000,0.00000000,0.00240203,0.00000000,0.00000000,0.00000000,0.00000000,0.00802863,0.00000000,0.00000000,0.00000000,0.00000000,0.00388603,0.00174959,0.00000000,0.00000000,0.00000000,0.00000000,0.00000000,0.00000000,0.00000000,0.00000000,0.00000000,0.00000000,0.00000000,0.00000000,0.00000000,0.00000000,0.00000000,0.00000000,0.00000000,0.00000000,0.00347372,0.00095261,0.00000000,0.02291002,0.00000000,0.00000000,0.00000000,0.05333374,0.00000000,0.00000000,0.00000000,0.00000000,0.00000000,0.00810036,0.00320711,0.00000000,0.00000000,0.00000000,0.00000000,0.00000000,0.10930802,0.00000000,0.00000000,0.00000000,0.00000000,0.00000000,0.00000000,0.00000000,0.00000000,0.00000000,0.00000000,0.00253925,0.00000000,0.07927317,0.00000000,0.00000000,0.00000000,0.00000000,0.00000000,0.00000000,0.00000000,0.00000000,0.00000000,0.00000000,0.00000000,0.00000000,0.00000000,0.00241931,0.00000000,0.00000000,0.00000000,0.00000000,0.00000000,0.00127966,0.00000000,0.00000000,0.00000000,0.00000000,0.00000000,0.02739398,0.00000000,0.00000000,0.00000000,0.00000000,0.00639768,0.00000000,0.00000000,0.00000000,0.00000000,0.00000000,0.02211837,0.00000000,0.00000000,0.00000000,0.00000000,0.00000000,0.00000000,0.00000000,0.00000000,0.00000000,0.00000000,0.00000000,0.00000000,0.00000000,0.00000000,0.00000000,0.00000000,0.00000000,0.00000000,0.00000000,0.00000000,0.00000000,0.00000000,0.00000000,0.00000000,0.00000000,0.00000000,0.00000000,0.00000000,0.00230365,0.00000000,0.00000000,0.00000000,0.00000000,0.00072463,0.00070118,0.00000000,0.00000000,0.00000000,0.00312426,0.00000000,0.00000000,0.00000000,0.00000000,0.00000000,0.00000000,0.00000000,0.00000000,0.00000000,0.00000000,0.00000000,0.00000000,0.00000000,0.00000000,0.00000000,0.00000000,0.00000000,0.00000000,0.00000000,0.00000000,0.00000000,0.00000000,0.00000000,0.00326334,0.00000000,0.00000000,0.00000000,0.00000000,0.00714236,0.00000000,0.00000000,0.00000000,0.00000000,0.00000000,0.00000000,0.00000000,0.00000000,0.00000000,0.00000000,0.00000000,0.00000000,0.00000000,0.00000000,0.00000000,0.00511486,0.00000000,0.00000000,0.00000000,0.00000000,0.39605759,0.23129963,0.00000000,0.00000000,0.00000000,0.00000000,0.00000000,0.00000000,0.00000000,0.00000000,0.50829182,0.00000000,0.00000000,0.00000000,0.00000000,0.00000000,0.00000000,0.00726864,0.00000000,0.00000000,0.00157137,0.00000000,0.00000000,0.00000000,0.00000000,0.00000000,0.00360515,0.00000000,0.00000000,0.00000000,0.00000000,0.00000000,0.08261257,0.00000000,0.00000000,0.00000000,0.00000000,0.00000000,0.00000000,0.00000000,0.10706092,0.00000000,0.00000000,0.00000000,0.00000000,0.00150097,0.00000000,0.00000000,0.00769606,0.00000000,0.00000000,0.00000000,0.00000000,0.00000000,0.00000000,0.00000000,0.00187017,0.00000000,0.00000000,0.00000000,0.00150256,0.00000000,0.00000000,0.00000000,0.00000000,0.00000000,0.00000000,0.00000000,0.00000000,0.00000000,0.00000000,0.28942329,0.00000000,0.00000000,0.00000000,0.03062253,0.00000000,0.00000000,0.00000000,0.00000000,0.00000000,0.00000000,0.00000000,0.00000000,0.00000000,0.00000000,0.00000000,0.00000000,0.00000000,0.00000000,0.00000000,0.00000000,0.00690702,0.00000000,0.00000000,0.00000000,0.00000000,0.00000000,0.00000000,0.00000000,0.01312857,0.00000000,0.00535281,0.00000000,0.00000000,0.00000000,0.00187239,0.00000000,0.00000000,0.00519022,0.00000000,0.01218186,0.00000000,0.10854263,0.00000000,0.00000000,0.00000000,0.00000000,0.00000000,0.00000000,0.00000000,0.00000000,0.00000000,0.00000000,0.00000000,0.00000000,0.01684649,0.00000000,0.00000000,0.00000000,0.00000000,0.00000000,0.00000000,0.00000000,0.00000000,0.00000000,0.00000000,0.00000000,0.00000000,0.00000000,0.00000000,0.00000000,0.00000000,0.00000000,0.00378152,0.00000000,0.00000000,0.00000000,0.00000000,0.00000000,0.00000000,0.00000000,0.00000000,0.00000000,0.00000000,0.00000000,0.00000000,0.00000000,0.00000000,0.00000000,0.00000000,0.00000000,0.00000000,0.00000000,0.00000000,0.00000000,0.00859773,0.00000000,0.00000000,0.00000000,0.00000000,0.00000000,0.00000000,0.00000000,0.00000000,0.00000000,0.00000000,0.00000000,0.00000000,0.00000000,0.00000000,0.00000000,0.00000000,0.00000000,0.00000000,0.00000000,0.00557189,0.00000000,0.00000000,0.00000000,0.00000000,0.00000000,0.00000000,0.00000000,0.00000000,0.00000000,0.00000000,0.00000000,0.00000000,0.00000000,0.00000000,0.00000000,0.00000000,0.00000000,0.00000000,0.00000000,0.01638507,0.00000000,0.00000000,0.00000000,0.00000000,0.00000000,0.00000000,0.00000000,0.00000000,0.00228949,0.00000000,0.00000000,0.00000000
0.00000000,0.00000000,0.00000000,0.00000000,0.00000000,0.00000000,0.00000000,0.00000000,0.00000000,0.00000000,0.00472376,0.00139469,0.00000000,0.00000000,0.00000000,0.00000000,0.00000000,0.00000000,0.00000000,0.00000000,0.00000000,0.00000000,0.00000000,0.00000000,0.00232960,0.00000000,0.00000000,0.00000000,0.00000000,0.00000000,0.00000000,0.00000000,0.00000000,0.00000000,0.00000000,0.00000000,0.00000000,0.00000000,0.00000000,0.00000000,0.15123102,0.00000000,0.00000000,0.00000000,0.00000000,0.00000000,0.00000000,0.00000000,0.00000000,0.00000000,0.00000000,0.00000000,0.00099687,0.00000000,0.00000000,0.00000000,0.00000000,0.00404354,0.00000000,0.00000000,0.00000000,0.00000000,0.00000000,0.00000000,0.00000000,0.00000000,0.00000000,0.00000000,0.00000000,0.00000000,0.00000000,0.00000000,0.00000000,0.00000000,0.00000000,0.00000000,0.00000000,0.00000000,0.00000000,0.00000000,0.03585507,0.00000000,0.00000000,0.00000000,0.00000000,0.00000000,0.00000000,0.00000000,0.00000000,0.00000000,0.00000000,0.91821057,0.00000000,0.00000000,0.00000000,0.00000000,0.00000000,0.08715958,0.00000000,0.00000000,0.00000000,0.00000000,0.00000000,0.00000000,0.00000000,0.00000000,0.00000000,0.01309768,0.00000000,0.00000000,0.00000000,0.00000000,0.06252278,0.00000000,0.00000000,0.00000000,0.00000000,0.00000000,0.00000000,0.00000000,0.00000000,0.00000000,0.00000000,0.00000000,0.00000000,0.00000000,0.00000000,0.00000000,0.00000000,0.21133857,0.00000000,0.00228896,0.00000000,0.00000000,0.00492888,0.00000000,0.01179186,0.00000000,0.00000000,0.00000000,0.00000000,0.00000000,0.00000000,0.00854605,0.00000000,0.00000000,0.00000000,0.00000000,0.00000000,0.00000000,0.00000000,0.00000000,0.00000000,0.00000000,0.00000000,0.00000000,0.00000000,0.00000000,0.00000000,0.00000000,0.00000000,0.00000000,0.00000000,0.00000000,0.00000000,0.00000000,0.00000000,0.00000000,0.00000000,0.00000000,0.00000000,0.00000000,0.00732773,0.00000000,0.00000000,0.00000000,0.01235077,0.00000000,0.07207089,0.00000000,0.00000000,0.00000000,0.00000000,0.00000000,0.00119227,0.00000000,0.00000000,0.00000000,0.00000000,0.00000000,0.00000000,0.00000000,0.00000000,0.00342082,0.00000000,0.00000000,0.00000000,0.00000000,0.00000000,0.00000000,0.05399539,0.00000000,0.00000000,0.00000000,0.04121791,0.11110409,0.00000000,0.00000000,0.00000000,0.00000000,0.00000000,0.00000000,0.00000000,0.00000000,0.00000000,0.07326548,0.00000000,0.00000000,0.00286905,0.00000000,0.00000000,0.00000000,0.00000000,0.00000000,0.00993528,0.00000000,0.00000000,0.00000000,0.00000000,0.00000000,0.00000000,0.00000000,0.00000000,0.54576604,0.00000000,0.00000000,0.07025482,0.00000000,0.00000000,0.00000000,0.00000000,0.00000000,0.00000000,0.52668078,0.00000000,0.00000000,0.01112592,0.00000000,0.00000000,0.00000000,0.00000000,0.00000000,0.00000000,0.05025316,0.02374891,0.00000000,0.00319866,0.00000000,0.00000000,0.00000000,0.00000000,0.00000000,0.00000000,0.00000000,0.00217208,0.00000000,0.00000000,0.00000000,0.00156110,0.00000000,0.00000000,0.00000000,0.00000000,0.00000000,0.00654315,0.00000000,0.00077432,0.00000000,0.00000000,0.00000000,0.90694975,0.00000000,0.00000000,0.03218063,0.00000000,0.00000000,0.00000000,0.00000000,0.00000000,0.00000000,0.00000000,0.00000000,0.00000000,0.00000000,0.00000000,0.00000000,0.00000000,0.00000000,0.00000000,0.00000000,0.00000000,0.00000000,0.00000000,0.00000000,0.00000000,0.00114848,0.00000000,0.00000000,0.00000000,0.00000000,0.00000000,0.00000000,0.00000000,0.00091431,0.00000000,0.00000000,0.00000000,0.00000000,0.00000000,0.00000000,0.00510251,0.00000000,0.00000000,0.01501520,0.00205130,0.00494064,0.00000000,0.00000000,0.00000000,0.00000000,0.00000000,0.00000000,0.04089153,0.00000000,0.00000000,0.00000000,0.00000000,0.00000000,0.00000000,0.00000000,0.00000000,0.00000000,0.00000000,0.00000000,0.00000000,0.00000000,0.00000000,0.00000000,0.00000000,0.00000000,0.00000000,0.00000000,0.01716398,0.00000000,0.00000000,0.00000000,0.00000000,0.00000000,0.00000000,0.00000000,0.00000000,0.01540286,0.00000000,0.00000000,0.00000000,0.00000000,0.00000000,0.00000000,0.00000000,0.00000000,0.00000000,0.00000000,0.00000000,0.00000000,0.00000000,0.00000000,0.00000000,0.00000000,0.00000000,0.00000000,0.02150716,0.00000000,0.00000000,0.00000000,0.00000000,0.00000000,0.00000000,0.00000000,0.01503323,0.00000000,0.00000000,0.00000000,0.00000000,0.16665770,0.00000000,0.00000000,0.00460071,0.00097607,0.00000000,0.00000000,0.00000000,0.00000000,0.00105775,0.00000000,0.00000000,0.00000000,0.00000000,0.00000000,0.37474795,0.00000000,3.32045653,0.00000000,0.00000000,0.00000000,0.00000000,0.00000000,0.00000000,0.01148421,0.00000000,0.00000000,0.00000000,0.00000000,0.00000000,0.47523883,0.00000000,0.03924749,0.00000000,0.00000000,0.00000000,0.00000000,0.00000000,0.00000000,0.01531527,0.00000000,0.00000000,0.00000000,0.00000000,0.00000000,0.00000000,0.00000000,0.00000000,0.00000000,0.00885129,0.00000000,0.00000000,0.00000000,0.00000000,0.04626573,0.00000000,0.00000000,0.00000000,0.00000000,0.00000000,0.00000000,0.00000000,0.00000000,0.00000000,0.00000000,0.00000000,0.00000000,0.00000000,0.00000000,0.00000000,0.00000000,0.00000000,0.00000000,0.00000000,0.00000000,0.00000000,0.00000000,0.00000000,0.00000000,0.00000000,0.00000000,0.00000000,0.00000000,0.00000000,0.00000000,0.00000000,0.00000000,0.00000000,0.00000000,0.01449306,0.00000000,0.00000000,0.00000000,0.00000000,0.00000000,0.00000000,0.00000000,0.00000000,0.00000000,0.00000000,0.00000000,0.00000000,0.00000000,0.00000000,0.00000000,0.00000000,0.00000000,0.00000000,0.00000000,0.00000000,0.00000000,0.00000000,0.12941730,0.00000000,0.00000000,0.00000000,0.01774916,0.00000000,0.00000000,0.00000000,0.00000000,0.00000000,0.00000000,0.00488815,0.00000000,0.00000000,0.00000000,0.00000000,0.00267550,0.00000000,0.00000000,0.01299760,0.00000000,0.00000000,0.00000000,0.00000000,0.00000000,0.00000000,0.00000000,0.00000000,0.00000000,0.00000000,0.00000000,0.00000000,0.01258263,0.02084980,0.00000000,0.00000000,0.00000000,0.02577014,1.01701338,0.00000000,0.00291552,0.00000000,0.00326940,0.00000000,0.00000000,0.00000000,0.00000000,0.00000000,0.00000000,0.00000000,0.00000000,0.00000000,0.00000000,0.00125710,0.00000000,0.00000000,0.00000000,0.00000000,0.00000000,0.00000000,0.00000000,0.00000000,0.00653767,0.00000000,0.00000000,0.07218470,0.00000000,0.00000000,0.00000000,0.00000000,0.00000000,0.00302771,0.00000000,0.00717498,0.00000000,0.00000000,0.01818994,0.00000000,0.00000000,0.00000000,0.00000000,0.00000000,0.00000000,0.00000000,0.20368275,0.01070766,0.00384544,0.00000000,0.00000000,0.00314260,0.00000000,0.01037706,0.00202064,0.00000000,0.00000000,0.00000000,0.00000000,0.00000000,0.00000000,0.03527694,0.00000000,0.00000000,0.00000000,0.00000000,0.00000000,0.00000000,0.00000000,0.00000000,0.00000000,0.00000000,0.00000000,0.00000000,0.00000000,0.00000000,0.00000000,0.00000000,0.00000000,0.00000000,0.00000000,0.00000000,0.17423370,0.00000000,0.00000000,0.00000000,0.00000000,0.00000000,0.00000000,0.27950057,0.00000000,0.00000000,0.00000000,0.00000000,0.00000000,0.00000000,0.00000000,0.00000000,0.00000000,0.00117726,0.00000000,0.00000000,0.00000000,0.00000000,0.00383749,0.24847486,0.00000000,0.00000000,0.00000000,0.00000000,0.00000000,0.00000000,0.00000000,0.00000000,0.00000000,0.00000000,0.00000000,0.00000000,0.00000000,0.00710708,0.00169975,0.00000000,0.00000000,0.00000000,0.00000000,0.00000000,0.00000000,0.00000000,0.00000000,0.00000000,0.00000000,0.00000000,0.00324360,0.00000000,0.00000000,0.00000000,0.00000000,0.00000000,0.00000000,0.00000000,0.00000000,0.00000000,0.00000000,0.00000000,0.00000000,0.00000000,0.00000000,0.00000000,0.00000000,0.00000000,0.00000000,0.00000000,0.00000000,0.00000000,0.00000000,0.00000000,0.00000000,0.00000000,0.00000000,0.00000000,0.00000000,0.00117652,0.00000000,0.00000000,0.00000000,0.00000000,0.00000000,0.00000000,0.00000000,0.00000000,0.00000000,0.00000000,0.00000000,0.00000000,0.13856269,0.00000000,0.00000000,0.00776076,0.00000000,0.00000000,0.00000000,0.00000000,0.00000000,0.00000000,0.00000000,0.00000000,0.00000000,0.00765896,0.00000000,0.00000000,0.02265791,0.00000000,0.00000000,0.00000000,0.02852778,0.00000000,0.00000000,0.00000000,0.00000000,0.00000000,0.00000000,0.00000000,0.00000000,0.00000000,0.00000000,0.00000000,0.00000000,2.09763452,0.00000000,0.00000000,0.00000000,0.00523997,0.00000000,2.86487184,0.00186990,0.00000000,0.00000000,0.00000000,0.00395545,0.00000000,0.00955636,0.00000000,0.00178134,0.00000000,0.00000000,0.00000000,0.00000000,0.00000000,0.00000000,0.00000000,0.00000000,0.00000000,0.00000000,0.00000000,0.00000000,0.00000000,0.00501023,0.00000000,0.00000000,0.00000000,0.00000000,1.60349416,0.00000000,0.00000000,0.00000000,0.00000000,0.00000000,0.01891453,0.00143109,0.07908830,0.00000000,0.00000000,0.00000000,0.00000000,0.00000000,0.00000000,0.00000000
0.00000000,0.00000000,0.00000000,0.00000000,0.00000000,0.00000000,0.00000000,0.00000000,0.00000000,0.00483176,0.00181058,0.00000000,0.00438233,0.00000000,0.00000000,0.05939652,0.00000000,0.00000000,0.00000000,0.00000000,0.00000000,0.00000000,0.00000000,0.00000000,0.00000000,0.00000000,0.00000000,0.00000000,0.00000000,0.00000000,0.00946965,0.00000000,0.02195182,0.00000000,0.00000000,0.00000000,0.00000000,0.00000000,0.00000000,0.00000000,0.00000000,0.00000000,0.00000000,0.00000000,0.00000000,0.00000000,0.00000000,0.00000000,0.00000000,0.00000000,0.00000000,0.00084086,0.00000000,0.00000000,0.00000000,0.00151023,0.00000000,0.00000000,0.00000000,0.00000000,0.03254789,0.00000000,0.00000000,0.01651781,0.00000000,0.00593709,0.00000000,0.00000000,0.00000000,0.00000000,0.10144285,0.00000000,0.00000000,0.00000000,0.00000000,0.00000000,0.00000000,0.08439255,0.00000000,0.00000000,0.00000000,0.00000000,0.00000000,0.00000000,0.00000000,0.00000000,0.00000000,0.00000000,0.00000000,0.00000000,0.00000000,0.00000000,0.00000000,0.00000000,0.00000000,0.00000000,0.00000000,3.12685497,0.00000000,0.00000000,1.71710737,0.00000000,0.00000000,0.00000000,0.00000000,0.04628661,0.00000000,0.00000000,0.01488082,0.00000000,0.00000000,0.00000000,0.00000000,0.00340049,0.00000000,0.00000000,0.00000000,0.00000000,0.00000000,0.00000000,0.00000000,0.00000000,0.01177808,0.00000000,0.00000000,0.00000000,0.00000000,0.00000000,0.00000000,0.00000000,0.00000000,0.00000000,0.00000000,0.00000000,0.00000000,0.00000000,0.00000000,0.00000000,0.04926563,0.00000000,0.00216572,0.31255885,0.00000000,0.00000000,0.00000000,0.00000000,0.01134556,0.00000000,0.00000000,0.00000000,0.00000000,0.00000000,0.00000000,0.00000000,0.00000000,0.00000000,0.00000000,0.00000000,0.00000000,0.00000000,0.00000000,0.00000000,0.01892145,0.00000000,0.00000000,0.00000000,0.08686157,0.00000000,0.00000000,0.00000000,0.00000000,0.00000000,0.00000000,0.00000000,0.00000000,0.00000000,0.00000000,0.00000000,0.00000000,0.03803384,0.00000000,0.00000000,0.00000000,0.00000000,0.00000000,0.00000000,0.00000000,0.00000000,0.00000000,0.00000000,0.00000000,0.00000000,0.00000000,0.00000000,0.00000000,0.00000000,0.00000000,0.00000000,0.00000000,0.00000000,0.00000000,0.00000000,0.00000000,0.00000000,0.00000000,0.00000000,0.00000000,0.00000000,0.00000000,0.00000000,0.00000000,0.00000000,0.00000000,0.01278116,0.00000000,0.00000000,0.00000000,0.00000000,0.00000000,0.01293222,0.00000000,0.00000000,0.00000000,0.00000000,0.00000000,0.00000000,0.00000000,0.00000000,0.00000000,0.00000000,0.00000000,0.00344268,0.00000000,0.00000000,0.00000000,0.00000000,0.00000000,0.00000000,0.00000000,0.00000000,0.00000000,0.00000000,0.00566262,0.00205165,0.00000000,0.00000000,0.00000000,0.00000000,0.00000000,0.00000000,0.00000000,0.00000000,0.00000000,0.00835955,0.00000000,0.32042971,0.00000000,0.03500259,0.00000000,0.00000000,0.00000000,0.00000000,0.00000000,0.00000000,0.00000000,0.00000000,0.00000000,0.00000000,0.00242939,0.00382581,0.00000000,0.00000000,0.00000000,0.00000000,0.00000000,0.00000000,0.00000000,0.00000000,0.00000000,0.00000000,0.00000000,0.00000000,0.00000000,0.01298072,0.00000000,0.00000000,0.00000000,0.00000000,0.00000000,0.00000000,0.00000000,0.00000000,0.00317091,0.00000000,0.02806792,0.00000000,0.00000000,0.00000000,0.00236154,0.00000000,0.00000000,0.00000000,0.00424605,0.00000000,0.00000000,0.00000000,0.00000000,0.00000000,0.00000000,0.00000000,0.00000000,0.00000000,0.00000000,0.00000000,0.00351221,0.00000000,0.00000000,0.00589946,0.00000000,0.00000000,0.00000000,0.00000000,0.48906307,0.00000000,0.00000000,0.00000000,0.00000000,0.03663534,0.00000000,0.00000000,0.00000000,0.00000000,0.00000000,0.00000000,0.00000000,0.00000000,0.02753454,0.00000000,0.00000000,0.00908793,0.00000000,0.00000000,0.01244260,0.00000000,0.00000000,0.00000000,0.00000000,0.00148163,0.00000000,0.00000000,0.00247123,0.00000000,0.00000000,0.00000000,0.00000000,0.00000000,0.00000000,0.00000000,0.00000000,0.00000000,0.00000000,0.00000000,0.00000000,0.00000000,0.00000000,0.00000000,0.00000000,0.00000000,0.00000000,0.00000000,0.29033234,0.00812645,0.00221101,0.00810752,0.00755338,0.00071126,0.00000000,0.00000000,0.00000000,0.00000000,0.00000000,0.00000000,0.00000000,0.00000000,0.00000000,0.00000000,0.00000000,0.00000000,0.01630210,0.00146168,0.00000000,0.00000000,0.00000000,0.00000000,0.00000000,0.00000000,0.00000000,0.00000000,0.00000000,0.00000000,0.00000000,0.00000000,0.00000000,0.00000000,0.00000000,0.00000000,0.00285380,0.00000000,0.00000000,0.00000000,0.00000000,0.00000000,0.01993079,0.00000000,0.00000000,0.00000000,0.00000000,0.02339688,0.00000000,0.00000000,0.00000000,0.00000000,0.00000000,0.00000000,0.00000000,0.00000000,0.00000000,0.01145204,0.00000000,0.00229284,0.00000000,0.00000000,0.00927394,0.01006170,0.00000000,0.00000000,0.00771545,0.00000000,0.00000000,0.00000000,0.00000000,0.03937297,0.00000000,0.00000000,0.00965383,0.00000000,0.00000000,0.00000000,0.00000000,0.00000000,0.00000000,0.00000000,0.00000000,0.00000000,0.00000000,0.00000000,0.00000000,0.00000000,0.00000000,0.00000000,0.00000000,0.00000000,0.00000000,0.01656801,0.00000000,0.00000000,0.00572342,0.00000000,0.00000000,0.00000000,0.00000000,0.00000000,0.00000000,0.00589148,0.00000000,0.00000000,0.00000000,0.00000000,0.00000000,0.00000000,0.00000000,0.14211195,0.00000000,0.00000000,0.00000000,0.00000000,0.01739533,0.00000000,0.00000000,0.00000000,0.00000000,0.00000000,0.00000000,0.00000000,0.00000000,0.01985819,0.00000000,0.00000000,0.00000000,0.00000000,0.00000000,0.00000000,0.01371146,0.00000000,0.00000000,0.00000000,0.00000000,0.00000000,0.00000000,0.00000000,0.00000000,0.00000000,0.00000000,0.00000000,0.00000000,0.00000000,0.00000000,0.00000000,0.00000000,0.00000000,0.00000000,0.00000000,0.00000000,0.00000000,0.00000000,0.00000000,0.00000000,0.00000000,0.00000000,0.00000000,0.00000000,0.00000000,0.00000000,0.00000000,0.00000000,0.00545448,0.00000000,0.00000000,0.00000000,0.00236833,0.00000000,0.00000000,0.00000000,0.01548296,0.00000000,0.00000000,0.00000000,0.00000000,0.00000000,0.00000000,0.00000000,0.00000000,0.00000000,0.00000000,0.00000000,0.00000000,0.00000000,0.00000000,0.00000000,0.00000000,0.00000000,0.00000000,0.00000000,0.00000000,0.00000000,0.01779979,0.00000000,0.00000000,0.00164154,0.00000000,0.00000000,0.00388037,0.00000000,0.00000000,0.00169314,0.00000000,0.00000000,0.00000000,0.00000000,0.00000000,0.00000000,0.00000000,0.00000000,0.00000000,0.05113622,0.00000000,0.00000000,0.00000000,0.00000000,0.00000000,0.00000000,0.00000000,0.00000000,0.00283899,0.00000000,0.00000000,0.00000000,0.01004573,0.00000000,0.00000000,0.00000000,0.56657600,0.00000000,0.00000000,0.00000000,0.00000000,0.00000000,0.00000000,0.00000000,0.00000000,0.00000000,0.00000000,0.00290447,0.00000000,0.00341884,0.00000000,0.00000000,0.00000000,0.00000000,0.00000000,0.00000000,0.00072509,0.00000000,0.00000000,0.00000000,0.00000000,0.00000000,0.00875961,0.00123519,0.00000000,0.00000000,0.00000000,0.00000000,0.00000000,0.00000000,0.00000000,0.02111800,0.01424829,0.01027783,0.00000000,0.00000000,0.00000000,0.00785492,0.00000000,0.00000000,0.03764541,0.00000000,0.00000000,0.00000000,0.00000000,0.00000000,0.00000000,0.00000000,0.00000000,0.00000000,0.00000000,0.04423536,0.00000000,0.00000000,0.00000000,0.00000000,0.00000000,0.00000000,0.00000000,0.00000000,0.00000000,0.00000000,0.00000000,0.00000000,0.00000000,0.00000000,0.00452121,0.00000000,0.00000000,0.00000000,0.00634064,0.00000000,0.00000000,0.00000000,0.00000000,0.00000000,0.00000000,0.00000000,0.00000000,0.00000000,0.00000000,0.00000000,0.00000000,0.00259825,0.00304156,0.00000000,0.00000000,0.00000000,0.00201205,0.00000000,0.00150959,0.02725922,0.00000000,0.00000000,0.00000000,0.00000000,0.00000000,0.00000000,0.00000000,0.00000000,0.00000000,0.00000000,0.00000000,0.00000000,0.00000000,0.00000000,0.00000000,0.00000000,0.00000000,0.00000000,0.00000000,0.00000000,0.00502925,0.00000000,0.00000000,0.00000000,0.00000000,0.00000000,0.00000000,0.00000000,0.00000000,0.00120251,0.00000000,0.00000000,0.00000000,0.00000000,0.00000000,0.00000000,0.00000000,0.00000000,0.00000000,0.00000000,0.00000000,0.00000000,0.00000000,0.00000000,0.00000000,0.00000000,0.04205097,0.00000000,0.00000000,0.00000000,0.00000000,0.00000000,0.00000000,0.00000000,0.00000000,0.00000000,0.00000000,0.00000000,0.00000000,0.00000000,0.02507135,2.76136961,0.00000000,0.00000000,0.00000000,0.00000000,0.00000000,0.00000000,0.00000000,0.01019590,0.00000000,0.00000000,0.00000000,0.00000000,0.00000000,0.00000000,0.00000000,0.00000000,0.00000000,0.02829737,0.00000000,0.00000000,0.00000000,0.00000000,0.00000000,0.00373503,0.01025939,0.00000000,0.00000000,0.00000000,0.00000000,0.00000000,0.00000000,0.00000000,0.00000000,0.00000000,0.05663954,0.00000000,0.00000000,0.00000000,0.00000000,0.00000000,0.00000000
0.00000000,0.00000000,0.00000000,0.00000000,0.00000000,0.01494313,0.00000000,0.00000000,0.00000000,0.00000000,0.00000000,0.00476680,0.00000000,0.00000000,0.00000000,0.00000000,0.00000000,0.00000000,0.00000000,0.00000000,0.00000000,0.00000000,0.00000000,0.00000000,0.00000000,0.00000000,0.00000000,0.00309682,0.02201023,0.00112311,0.00000000,0.00000000,0.00000000,0.00000000,0.00000000,0.00000000,0.00000000,0.00000000,0.00000000,0.00000000,0.00000000,0.00000000,0.00487750,0.00000000,0.00000000,0.00000000,0.03491283,0.00000000,0.00000000,0.00273647,0.00000000,1.56567836,0.00000000,0.00000000,0.00000000,0.00000000,0.00000000,0.00000000,0.00000000,0.00000000,0.00000000,0.00000000,0.00240157,0.00318736,0.00000000,0.00000000,0.00000000,0.00000000,0.00000000,0.00000000,0.00000000,0.00000000,0.00000000,0.00000000,0.00000000,0.00981933,0.00000000,0.00000000,0.00000000,0.00000000,0.00000000,0.00000000,0.00000000,0.00000000,0.00000000,0.00000000,0.00000000,0.00000000,0.00000000,0.00000000,0.00000000,0.01255971,0.00000000,0.00076714,0.00000000,0.00000000,0.00000000,0.00000000,0.00000000,0.00000000,0.00000000,0.00000000,0.00352356,0.00000000,0.00000000,0.01126316,0.00000000,0.00000000,0.00000000,0.00763308,0.00000000,0.00000000,0.09724285,0.00000000,0.00000000,0.00000000,0.00000000,0.00000000,0.00660236,0.00000000,0.00000000,0.00000000,0.00000000,0.00000000,0.22661842,0.00000000,0.00000000,0.00000000,0.00000000,0.04081779,0.00000000,0.00000000,0.00000000,0.00000000,0.00000000,0.00000000,0.00000000,0.00000000,0.00000000,0.00000000,0.00000000,0.00000000,0.00000000,0.00000000,0.00000000,0.00000000,0.00000000,0.00000000,0.00000000,0.00000000,0.00000000,0.00000000,0.00000000,0.03541125,0.00000000,0.00000000,0.00000000,0.00000000,0.00000000,0.00000000,0.00000000,0.00000000,0.00000000,0.00000000,0.00000000,0.00000000,0.00000000,0.00446601,0.00000000,0.00000000,0.00000000,0.00000000,0.00000000,0.71421050,0.01235077,0.00000000,0.00000000,0.00000000,0.00000000,0.00000000,0.00000000,0.00115073,0.00000000,1.64939818,0.00000000,0.01398994,0.00000000,0.00000000,0.00000000,0.00000000,0.00000000,0.00000000,1.81047259,0.00000000,0.00000000,0.00000000,0.00000000,0.00000000,0.00000000,0.00000000,0.00000000,0.00000000,0.00000000,0.00000000,0.00000000,0.00000000,0.00000000,0.00000000,0.28272206,0.00000000,0.00000000,0.01810015,0.00000000,0.00000000,0.00000000,0.00000000,0.00000000,0.00112324,0.00000000,0.00000000,0.01871993,0.00000000,0.00000000,0.00395252,0.00000000,0.00000000,0.00000000,0.00000000,0.00000000,0.00000000,0.00000000,0.00000000,0.00082954,0.00000000,0.00000000,0.00000000,0.00000000,0.00000000,0.00000000,0.00210613,0.00000000,0.00000000,0.00000000,0.00000000,0.00000000,0.00000000,0.00000000,0.03195491,0.00000000,0.00650137,0.00064176,0.00000000,0.00000000,0.00000000,0.00000000,0.00000000,0.00000000,0.03119579,0.00000000,0.00000000,0.00000000,0.00000000,0.03247178,0.06532680,0.00000000,0.00000000,0.00000000,0.00000000,0.00000000,0.00000000,0.00000000,0.00077665,0.00000000,0.00000000,0.00000000,0.00000000,0.00000000,0.00000000,0.00000000,0.00000000,0.00000000,0.00000000,0.00131401,0.00000000,0.00000000,0.00000000,0.00000000,0.00000000,0.00000000,0.00000000,0.00000000,0.00113767,0.00000000,0.00000000,0.00000000,0.00000000,0.00000000,0.00000000,0.00000000,0.00000000,0.00000000,0.00000000,0.00000000,0.01048706,0.00000000,0.00000000,0.00812345,0.00000000,0.00000000,0.00000000,1.29884184,0.05515861,0.00000000,0.03238141,0.00000000,0.00000000,0.00000000,0.00000000,0.19406332,0.00000000,0.00000000,0.00000000,0.00000000,0.01424555,3.14879715,0.00477158,0.00000000,0.02389571,0.00000000,0.00000000,0.00000000,0.00000000,0.00000000,0.00582521,0.01687627,0.00000000,0.00000000,0.00000000,0.00000000,0.00000000,0.00000000,0.00000000,0.00000000,0.00000000,0.00000000,0.00334773,0.00000000,0.00279884,0.00000000,0.00000000,0.00000000,0.00000000,0.00000000,0.00000000,0.00000000,0.00000000,0.00000000,0.00000000,0.00000000,0.00000000,0.00000000,0.00000000,0.00000000,0.00000000,0.00000000,0.00000000,0.00000000,0.00510499,0.00000000,0.00000000,0.00000000,0.00000000,0.00000000,0.00000000,0.00000000,0.00000000,0.00000000,0.00000000,0.00000000,0.00000000,0.00000000,0.00000000,0.00000000,0.00000000,0.00000000,0.13202308,0.00000000,0.00000000,0.00000000,0.00686710,0.00000000,0.00000000,0.00000000,0.00000000,0.00000000,0.00000000,0.00000000,0.00000000,0.00000000,0.00000000,0.00000000,0.00000000,0.00000000,0.00000000,0.00000000,0.00324073,0.00000000,0.00000000,0.00000000,0.00000000,0.00000000,0.00000000,0.00000000,0.00000000,0.00000000,0.00000000,0.00000000,0.00000000,0.00000000,0.00000000,0.00672649,0.00000000,0.00000000,0.00000000,0.07505337,0.00000000,0.00000000,0.01917511,0.00000000,0.00000000,0.00000000,0.00000000,0.00000000,0.00000000,0.00000000,0.00000000,0.00000000,0.00000000,0.00425610,0.00000000,0.12643243,0.00000000,0.00000000,0.01361551,0.00000000,0.00000000,0.00000000,0.00000000,0.00000000,0.00000000,0.00000000,0.00000000,0.02914581,0.00000000,0.00000000,0.00000000,0.01636985,0.00000000,0.00000000,0.00000000,0.00000000,0.00381958,0.00000000,0.00000000,0.00000000,0.00000000,0.00000000,0.00000000,0.00000000,0.00000000,0.00000000,0.00000000,0.00000000,0.00000000,0.00000000,0.00000000,0.00000000,0.00000000,0.00000000,0.00000000,0.00000000,0.00000000,0.00000000,0.00000000,0.00000000,0.00000000,0.00000000,0.00000000,0.00000000,0.00000000,0.00000000,0.00000000,0.00228756,0.00310368,0.00115085,0.00000000,0.00000000,0.00000000,0.00000000,0.00000000,0.00603264,0.00000000,0.00000000,0.00000000,0.04157477,0.00000000,0.00000000,0.00000000,0.00000000,0.30972831,0.00000000,0.00000000,0.00000000,0.00000000,0.00000000,0.00000000,0.00000000,0.08557645,0.00000000,0.00000000,0.00000000,0.00000000,0.00000000,0.00000000,0.00000000,0.00000000,0.00000000,0.00000000,0.00000000,0.00000000,0.00000000,0.00000000,0.00000000,0.00000000,0.00000000,0.00000000,0.00000000,0.00000000,0.00000000,0.00000000,0.00000000,0.00000000,0.02256837,0.00000000,0.00000000,0.00000000,0.00000000,0.00000000,0.00000000,0.00000000,0.00000000,0.20691534,0.00000000,0.00000000,0.00000000,0.00000000,0.00000000,0.00000000,0.00000000,0.00000000,0.00000000,0.00000000,0.00000000,0.00000000,0.00000000,0.00103472,0.00000000,0.00000000,0.00748562,0.00000000,0.00000000,0.00000000,0.00000000,0.00000000,0.00000000,0.00000000,0.00000000,0.00000000,0.03197015,0.00119236,0.00000000,0.00000000,0.00109469,0.00000000,0.26314350,0.00000000,0.00000000,0.00000000,0.01127748,0.00000000,0.00000000,0.00000000,0.07655191,0.00000000,0.00000000,0.00000000,0.00306821,0.00000000,0.00000000,0.00000000,0.00000000,0.00000000,0.00000000,0.00000000,0.00000000,0.00000000,0.00000000,0.00000000,0.00000000,0.00000000,0.14266508,0.00000000,0.00000000,0.00000000,0.00000000,0.00000000,0.00000000,0.00115820,0.00000000,0.00000000,0.00000000,0.00000000,0.00000000,3.25126609,0.00000000,0.00000000,0.00000000,0.00000000,0.00000000,0.00141989,0.00000000,0.00000000,0.00000000,0.00000000,0.00000000,0.00000000,0.00000000,0.00000000,0.00000000,0.00000000,0.00000000,0.00000000,0.00512716,0.00000000,0.00000000,0.00000000,0.00000000,0.00710162,0.00000000,0.00000000,0.00000000,0.00000000,0.00000000,0.00000000,0.00000000,0.00000000,0.00000000,0.00000000,0.00000000,0.01088073,0.00000000,0.03977652,0.00000000,0.00884436,0.05848212,0.00000000,0.00000000,0.00000000,0.00000000,0.01047421,0.20835114,0.00000000,0.00000000,0.00000000,0.00000000,0.00000000,0.00000000,0.00000000,1.62922078,0.00000000,0.00903991,0.00000000,0.00000000,0.00000000,0.00000000,0.00000000,0.00000000,0.00000000,0.00000000,0.00000000,0.00000000,0.00000000,0.01048062,0.00000000,0.00000000,0.00000000,0.00000000,0.00000000,0.00000000,0.00000000,0.00282985,0.00000000,0.00000000,0.00000000,0.00000000,0.00000000,0.00000000,0.00000000,0.00000000,0.00000000,0.00000000,0.00000000,0.00000000,0.00000000,0.00000000,0.00000000,0.00000000,0.00000000,0.00000000,0.00000000,0.00000000,0.00000000,0.00000000,0.00000000,0.05189663,0.00000000,0.00000000,0.00000000,0.00424601,0.00000000,0.00000000,0.00000000,0.00000000,0.00000000,0.00000000,0.00000000,0.04406006,0.00906779,0.00000000,0.00000000,0.00000000,0.00000000,0.00000000,0.00000000,0.00000000,0.00000000,0.00000000,0.00000000,0.00000000,0.00000000,0.00136107,0.00000000,0.00000000,0.00000000,0.00000000,0.00000000,0.00615375,0.00000000,0.00000000,0.00000000,0.00000000,0.00000000,0.00000000,0.00000000,0.00000000,0.00000000,0.00000000,0.00000000,0.00000000,0.00000000,0.00461801,0.00000000,0.00000000,0.00000000,0.00000000,0.00000000,0.00000000,0.00000000,0.00000000,0.00000000,0.00000000,0.00000000,0.00000000,0.00000000,0.00000000,0.00000000,0.00000000,0.00000000,0.00000000,0.00000000,0.00878217,0.00000000,0.00000000,0.00000000,0.00000000,0.00000000,0.00000000,0.00000000,0.00000000,0.00000000
0.00000000,0.00000000,0.00000000,0.00000000,0.00000000,0.00000000,0.00000000,0.00000000,0.00000000,0.00000000,0.00000000,0.00000000,0.00000000,0.00000000,0.00000000,0.00000000,0.00895850,0.00000000,0.00000000,0.00000000,0.00000000,0.00000000,0.00000000,0.00000000,0.00000000,0.00370666,0.01451807,0.00000000,0.00000000,0.00000000,0.00000000,0.00000000,0.00000000,0.00000000,0.00000000,0.00000000,0.00000000,0.00000000,0.00000000,0.00000000,0.00000000,0.07907804,0.00000000,0.00000000,0.00000000,0.00000000,0.00000000,0.00000000,0.75475569,0.00000000,0.00937721,0.00000000,0.00000000,0.00000000,0.00000000,0.00000000,0.00000000,0.00000000,0.00000000,0.00000000,0.00000000,0.00000000,0.02494450,0.00000000,0.00000000,0.00092176,0.00000000,0.00000000,0.00000000,0.00000000,0.00000000,0.00000000,0.00000000,0.00000000,0.00196986,0.00000000,0.00000000,0.12525817,0.00000000,0.00000000,0.00000000,0.00000000,0.00000000,0.00107351,1.75488679,0.00000000,0.00000000,0.00000000,0.00000000,0.00000000,0.00000000,0.05540814,0.00000000,0.00000000,0.00000000,0.00000000,0.00000000,0.00000000,0.00000000,0.00000000,0.00000000,0.00000000,0.03336015,0.00342766,0.00000000,0.00000000,0.00000000,0.00000000,0.00000000,0.00000000,0.00000000,0.00000000,0.00000000,0.00000000,0.00000000,0.00000000,0.00000000,0.00000000,0.00000000,0.00000000,0.00000000,0.00000000,0.02460511,0.00000000,0.00000000,0.00000000,0.00000000,0.00000000,0.00000000,0.00000000,0.00000000,0.00000000,0.00000000,0.00000000,0.03043145,0.00000000,0.00000000,0.00000000,0.00000000,0.00000000,0.00000000,0.00000000,0.00000000,0.00000000,0.00000000,0.00255706,0.00000000,0.00000000,0.00000000,0.00000000,0.00000000,0.00000000,0.00000000,0.00660217,0.00000000,0.05553616,0.20341048,0.00067963,0.00000000,0.00000000,0.00000000,0.00000000,0.00082973,0.00000000,0.00000000,0.00000000,0.00000000,0.00000000,0.00000000,0.69003621,0.00678540,0.00000000,0.00000000,0.00460657,0.00000000,0.00000000,0.00000000,0.00000000,2.76902732,0.00000000,0.00000000,0.00000000,0.00000000,0.00000000,0.00000000,0.00000000,0.02474604,0.00000000,0.00775289,0.00000000,0.00000000,0.00000000,0.01342063,0.00000000,0.00000000,0.00000000,0.00000000,0.00000000,0.01204347,0.00000000,0.00000000,0.00240574,0.00383665,0.00000000,0.00000000,0.00000000,0.00000000,0.00563609,0.00000000,0.00000000,0.01657663,0.00000000,0.00000000,0.05691521,0.00000000,0.00000000,0.00000000,0.00000000,0.00000000,0.00000000,0.00000000,0.03961218,0.00000000,0.00000000,0.00000000,0.00000000,0.00000000,0.00000000,0.28311688,0.00000000,0.00000000,0.01438253,0.00000000,0.00000000,0.00000000,0.00000000,0.00000000,0.00000000,0.00000000,0.01497161,0.00000000,0.00000000,0.00000000,0.00000000,0.00000000,0.00000000,0.00000000,0.00000000,0.00000000,0.00000000,0.01422458,0.00000000,0.00000000,0.00000000,0.00000000,0.00000000,0.00000000,0.00000000,0.00000000,0.00000000,0.00000000,0.00000000,0.00000000,0.00000000,0.00000000,0.00000000,0.00000000,0.05164173,0.00000000,0.00000000,0.00000000,0.00538658,0.00000000,0.00000000,0.00000000,0.00000000,0.00000000,0.00000000,0.00000000,0.00000000,0.00357720,0.00000000,0.00000000,0.00000000,0.00000000,0.00000000,0.00000000,0.00000000,0.00000000,0.00000000,0.00000000,0.00000000,0.00000000,0.00000000,0.00000000,0.00000000,0.00000000,0.22417735,0.00000000,0.00000000,0.00000000,0.03735453,0.00180369,0.00000000,0.00347553,0.00000000,0.00000000,0.00000000,0.00000000,0.00000000,0.00000000,0.00000000,0.00559164,0.00000000,0.00000000,0.00000000,0.00000000,0.00000000,0.00000000,0.00000000,0.00000000,0.00000000,0.00000000,0.00000000,0.00000000,0.00000000,0.00000000,0.00000000,0.00558358,0.00000000,0.00000000,0.00133932,0.00000000,0.03477524,0.00000000,0.00100450,0.00000000,0.00000000,0.01926283,0.00000000,0.00000000,0.00250355,0.00000000,0.00000000,0.00000000,0.26877402,0.00000000,0.00000000,0.00000000,0.00000000,0.00000000,0.00000000,0.00000000,0.00000000,0.00000000,0.00000000,0.00000000,0.00000000,0.00000000,0.00000000,0.02009995,0.00000000,0.00000000,0.00000000,0.07451299,0.00463446,0.00000000,0.00000000,0.00000000,0.00000000,0.00000000,0.00000000,0.00000000,0.00000000,0.00000000,0.00000000,0.00000000,0.00000000,0.00000000,0.00000000,0.00000000,0.01622085,0.00000000,0.00000000,0.00000000,0.00000000,0.00000000,0.00000000,0.00000000,0.00000000,0.00000000,0.00000000,0.00000000,0.00000000,0.00000000,0.00000000,0.00000000,0.00000000,0.00000000,0.00000000,0.00000000,0.00142339,0.00000000,0.00000000,0.00000000,0.00000000,0.00000000,0.33453865,0.00000000,0.00000000,0.00000000,0.00000000,0.00000000,0.00000000,0.00000000,0.00000000,0.00000000,0.00000000,0.00000000,0.00000000,0.00000000,3.48476307,0.00000000,0.00000000,0.00000000,0.00000000,0.00000000,0.01329607,0.03324008,0.00000000,0.00000000,0.28490046,0.00000000,0.00000000,0.00612538,0.00000000,0.00000000,0.00000000,0.00667610,0.00335449,0.00000000,0.25224486,0.00000000,0.00841403,0.00000000,0.00000000,0.00000000,0.00000000,0.00984700,0.00000000,0.00000000,0.11209909,0.00000000,0.00000000,0.00000000,0.00000000,0.00000000,0.00000000,0.00000000,0.00000000,0.00000000,0.00000000,0.00000000,0.02502281,0.00000000,0.00000000,0.00000000,0.00000000,0.00000000,0.00000000,0.00000000,0.00000000,0.00000000,0.00000000,0.01237051,0.00000000,0.00000000,0.00000000,0.00000000,0.00000000,0.00000000,0.00000000,0.03990828,0.00000000,0.00000000,0.00000000,0.00000000,0.00000000,0.03672738,0.00000000,0.00000000,0.00000000,0.00000000,0.00000000,0.00000000,0.00000000,0.00000000,0.00000000,0.01305473,0.01458180,0.00000000,0.00000000,0.01089928,0.00000000,0.00000000,0.00000000,0.00000000,0.00000000,0.00000000,0.00000000,0.00000000,0.00181642,0.00000000,0.00000000,0.00222004,0.00000000,0.04800261,0.00000000,0.00000000,0.00000000,0.00000000,0.00000000,0.00000000,0.00182407,0.00000000,0.00000000,0.00276350,0.00000000,0.00000000,0.00000000,0.00000000,0.00000000,0.00000000,0.00000000,0.00000000,0.00000000,0.00000000,0.00000000,0.00000000,0.00000000,0.00000000,0.00000000,0.00000000,0.00668130,0.00000000,0.00000000,0.00000000,0.00000000,0.00000000,0.00000000,0.00000000,0.00000000,0.00000000,0.14833370,0.00000000,0.00000000,0.00000000,0.00000000,0.00000000,0.00000000,0.00000000,0.00000000,0.00000000,0.00000000,0.00000000,0.00000000,0.00000000,0.00000000,0.00000000,0.01808282,0.00000000,0.00000000,0.00000000,0.00000000,0.03214712,0.00000000,0.00000000,0.00000000,0.00000000,0.00000000,0.00000000,0.00000000,0.00000000,0.00000000,0.00000000,0.01723085,0.00000000,0.00000000,0.00000000,0.00000000,0.00000000,0.00000000,0.00000000,0.00000000,0.00000000,0.07111836,0.00000000,0.00000000,0.00000000,0.00000000,0.00000000,0.00000000,0.00000000,0.00392582,0.00000000,0.00000000,0.00000000,0.00616421,0.00000000,0.00000000,0.00000000,0.00000000,0.00000000,0.00423081,0.00000000,0.00000000,0.00000000,0.00000000,0.00000000,0.00000000,0.00000000,0.00000000,0.00000000,0.00000000,0.00000000,0.00000000,0.00000000,0.00000000,0.00000000,0.00000000,0.00000000,0.00000000,0.00146578,0.00000000,0.00000000,0.00000000,0.00205386,0.00000000,0.00000000,0.00000000,0.00000000,0.00000000,0.00000000,0.00000000,0.00000000,0.00000000,0.00000000,0.00000000,0.00000000,0.00000000,0.00000000,0.00000000,0.00000000,0.00000000,0.00000000,0.00000000,0.00000000,0.00000000,0.00000000,0.00000000,0.00000000,0.00000000,0.00000000,0.00000000,0.00000000,0.00000000,3.16085647,0.00000000,0.00000000,0.00000000,0.00000000,0.00000000,0.00000000,0.00000000,0.00000000,0.00000000,0.00465817,0.00000000,0.04747042,0.00096959,0.00000000,0.00000000,0.03568127,0.00000000,0.00000000,0.00000000,0.00000000,0.00000000,0.00000000,0.00000000,0.00000000,0.03116763,0.00000000,0.00000000,0.00117669,0.00000000,0.00332308,0.00000000,0.02160001,0.00000000,0.00000000,0.00000000,0.00000000,0.00000000,0.00000000,0.00000000,0.00000000,0.00000000,0.00000000,0.00000000,0.00000000,0.00000000,0.00000000,0.00000000,0.00000000,0.00000000,0.00000000,0.00000000,0.01188457,0.00000000,0.00000000,0.00000000,0.00000000,0.00000000,0.00000000,0.00000000,0.00000000,0.00000000,0.00000000,0.00000000,0.00000000,0.00000000,0.01611022,0.00000000,0.00000000,0.00546916,0.00303685,0.00000000,0.01581840,0.00000000,0.00000000,0.00000000,0.00000000,0.00000000,0.00000000,0.00000000,0.00000000,0.00000000,0.00000000,0.00000000,0.00000000,0.00000000,0.00000000,0.00000000,0.00000000,0.00000000,0.00000000,0.00000000,0.00000000,0.00000000,0.00000000,0.00000000,0.00000000,0.00000000,0.00000000,0.00000000,0.00000000,0.00000000,0.00000000,0.00000000,0.00000000,0.00000000,0.00000000,0.00000000,0.00000000,0.00000000,0.00000000,0.00000000,0.00984739,0.00000000,0.00000000,0.00000000,0.00000000,0.00000000,0.00000000,0.00000000,0.00000000,0.00000000,0.00000000,0.00000000,0.00000000,0.00000000,0.00452155,0.01238441,0.00000000,0.00000000,0.00000000,0.00000000,0.01376771,0.00000000
0.00000000,0.00400742,0.00000000,0.00000000,0.00000000,0.00000000,0.00000000,0.00000000,0.00000000,0.01468287,0.00000000,0.00000000,0.00000000,0.00000000,0.00000000,0.00000000,0.00000000,0.00000000,0.00000000,0.00000000,0.00000000,0.00000000,0.00000000,0.00000000,0.01550867,0.00000000,0.00000000,0.00000000,0.00000000,0.00323503,0.00000000,0.00000000,0.00000000,0.00000000,0.00983896,0.00000000,0.00000000,0.00000000,0.00000000,0.00000000,0.56928488,0.00000000,0.00000000,0.00000000,0.00101196,0.00000000,0.00251853,0.00000000,0.00000000,0.00000000,0.00000000,0.00000000,0.00000000,0.00000000,0.00000000,0.00000000,0.00000000,0.00000000,0.00000000,0.00000000,0.00000000,0.00000000,0.00000000,0.97798397,0.00000000,0.00000000,0.34348209,0.00000000,0.00000000,0.00476981,0.00000000,0.00000000,0.00000000,0.00000000,0.01250961,5.21276808,0.00000000,0.00000000,0.00000000,0.00000000,0.00000000,0.00000000,0.31128732,0.00000000,0.00000000,0.00000000,0.00000000,0.00000000,0.00000000,0.00000000,0.00000000,0.00000000,0.00592932,0.00000000,0.00000000,0.00000000,0.00000000,0.00000000,0.00000000,0.00000000,0.00000000,0.00000000,0.00000000,0.00000000,0.00000000,0.00000000,0.00836287,0.00000000,0.00000000,0.00000000,0.00000000,0.00000000,0.00000000,0.02413689,0.04621854,0.00000000,0.00000000,0.00000000,0.00000000,0.00000000,0.03785069,0.00000000,0.00000000,0.00075897,0.00000000,0.00000000,0.00000000,0.00000000,0.00000000,0.00000000,0.00000000,0.00000000,0.00000000,0.00366973,0.00000000,0.00000000,0.00000000,0.00000000,0.64721091,0.00000000,0.00000000,0.00000000,0.02966473,0.00000000,0.00637784,0.00000000,0.00109933,0.01484659,0.00000000,0.00000000,0.00000000,0.00000000,0.00000000,0.00000000,0.00786631,0.00000000,0.00000000,0.00000000,0.00000000,0.00000000,0.00000000,0.00158144,0.00000000,0.00000000,0.00000000,0.00000000,0.00000000,0.00752403,0.00000000,0.00000000,0.00513128,0.00000000,0.05045942,0.00000000,0.07207089,0.00000000,0.00000000,2.76902732,0.00000000,0.00000000,0.00000000,0.00000000,0.00000000,0.00000000,0.00000000,0.00000000,0.00000000,0.00000000,0.00000000,0.00000000,0.00000000,0.03167395,0.00000000,0.00000000,0.02894979,0.00000000,0.00000000,0.00000000,0.00000000,0.00000000,0.00161787,0.00000000,0.00000000,0.00000000,0.08640923,0.01314098,0.00000000,0.00000000,0.00000000,0.00000000,0.00000000,0.00000000,0.00000000,0.00000000,0.00000000,0.00000000,0.00000000,0.03529020,0.00000000,0.00000000,0.00000000,0.00000000,0.00000000,0.00000000,0.00000000,0.00247961,0.00000000,0.00571930,0.00000000,0.00000000,0.00285982,0.02391320,0.00000000,0.00000000,0.00000000,0.00000000,0.00000000,0.00000000,0.00000000,0.00000000,0.00000000,0.00000000,0.00000000,0.00000000,0.00000000,0.00000000,0.00000000,0.00000000,0.00000000,0.00544867,0.00000000,0.00000000,0.00000000,0.00435996,0.12789620,0.00000000,0.00000000,0.00000000,0.00000000,0.00000000,0.00000000,0.00000000,0.00000000,0.00000000,0.00000000,0.00000000,0.00000000,0.00000000,0.00000000,0.00000000,0.00000000,0.00000000,0.00000000,0.00594422,0.00000000,0.00000000,0.00000000,0.00000000,0.00000000,0.00000000,0.00000000,0.00000000,0.00000000,0.00000000,0.00000000,0.00000000,0.00000000,0.00000000,0.00000000,0.00000000,0.00000000,0.00000000,0.00000000,0.00000000,0.00000000,0.00000000,0.00000000,0.00000000,0.00000000,0.62603188,0.00000000,0.00000000,0.01752377,0.00000000,0.00000000,0.00000000,0.00000000,0.00000000,0.00000000,0.00000000,0.00000000,0.00000000,0.00000000,0.00000000,0.00000000,0.01733802,0.00000000,0.00000000,0.00000000,0.00000000,0.00000000,0.00000000,0.00000000,0.00000000,0.00000000,0.00000000,0.00000000,0.00000000,0.01117378,0.00000000,0.00000000,0.00000000,0.00828038,0.00000000,0.00000000,0.00000000,0.00000000,1.11581397,0.00000000,0.00000000,0.00000000,0.00000000,0.00000000,0.00000000,0.00000000,0.00000000,0.00000000,0.00715879,0.00000000,0.00000000,0.00000000,0.00000000,0.00000000,0.00000000,0.00000000,0.00000000,0.00000000,0.00000000,0.00000000,0.00000000,0.00000000,0.00000000,0.00000000,0.00071410,0.00000000,0.00000000,0.00000000,0.00000000,0.00000000,0.00000000,0.00000000,0.00000000,0.00000000,0.00000000,0.00000000,0.00133614,0.00000000,0.00000000,0.00000000,0.00000000,0.00000000,0.00000000,0.00000000,0.00000000,0.00000000,0.00000000,0.00000000,0.04844920,0.00000000,0.00000000,0.00000000,0.00000000,0.00000000,0.02220457,0.00000000,0.00000000,0.00000000,0.00000000,0.00000000,0.00000000,0.00000000,0.00000000,0.00000000,0.00000000,0.00000000,0.02501608,0.00000000,0.00000000,0.00000000,0.00000000,0.00000000,0.01278283,0.00000000,0.00000000,0.00000000,0.00000000,0.00000000,0.00138644,0.00000000,0.00000000,0.00000000,0.00000000,0.00000000,0.00000000,0.00000000,0.00000000,0.00000000,0.00000000,0.00781607,0.00000000,0.00000000,0.00000000,0.00000000,0.00000000,0.00000000,0.00000000,0.00076725,0.01222740,0.00000000,0.44048313,0.00000000,0.00000000,0.00000000,0.00000000,0.00000000,0.00000000,0.01317483,0.00000000,0.00264037,0.00000000,0.00000000,0.00000000,0.00000000,0.00000000,0.00000000,0.00000000,0.00000000,0.00000000,0.00000000,0.00000000,0.00000000,0.00000000,0.00000000,0.00000000,0.00000000,0.00000000,0.00000000,0.00000000,0.00000000,0.00000000,0.00000000,0.00000000,0.00000000,0.00000000,0.00000000,0.00000000,0.00000000,0.00000000,0.00000000,0.00000000,0.01160429,0.00000000,0.00000000,0.00491077,0.00665562,0.00000000,0.00000000,0.00000000,0.00000000,0.00000000,0.00000000,0.05223015,0.00000000,0.00000000,0.00000000,0.00000000,0.00000000,0.00000000,0.00000000,0.00000000,0.00000000,0.00000000,0.01003032,0.00107286,0.00000000,0.00000000,0.00000000,0.01122973,0.00000000,0.00000000,0.00000000,0.00000000,0.00000000,0.00000000,0.00000000,0.01972333,0.00289565,0.00000000,0.00000000,0.00000000,0.00000000,0.00000000,0.00000000,0.00183901,0.00000000,0.00000000,0.00000000,0.00000000,0.02721557,0.00000000,0.00000000,0.00000000,0.00000000,0.00000000,0.00000000,0.00000000,0.04254055,0.00000000,0.00000000,5.04005346,0.00000000,0.00000000,0.00000000,0.00000000,0.00000000,0.04790664,0.00000000,0.00000000,0.00000000,0.00000000,0.14032689,0.00000000,0.00000000,0.00000000,0.00000000,0.00000000,0.00000000,0.00000000,0.00000000,0.01208860,0.00000000,0.00000000,0.00000000,0.00560767,0.00000000,0.00000000,0.00000000,0.00000000,0.00000000,0.00000000,0.00000000,0.00000000,0.00000000,0.00000000,0.00000000,0.00000000,0.06490998,0.00000000,0.00000000,0.00000000,0.00000000,0.00000000,0.00000000,0.00000000,0.00000000,0.00000000,0.00000000,0.00000000,0.06060042,0.00000000,0.00675560,0.00000000,0.00000000,0.00000000,0.00064409,0.00000000,0.00000000,0.00000000,0.00000000,0.00000000,0.00000000,0.00000000,0.00000000,0.00000000,0.00000000,0.00000000,0.00000000,0.00000000,0.00415282,0.00000000,0.00000000,0.00000000,0.00869883,0.00000000,0.00000000,0.00000000,0.00000000,0.00000000,0.00000000,0.00000000,0.00000000,0.00000000,0.00000000,0.00000000,0.00000000,0.00000000,0.00000000,0.00000000,0.00000000,0.00000000,0.00330940,0.00869192,0.00000000,0.00000000,0.00000000,0.00000000,0.00000000,0.00509332,0.00000000,0.00000000,0.00000000,0.00000000,0.00000000,0.00000000,0.00000000,0.00000000,0.00000000,0.00415656,0.00000000,0.00000000,0.00000000,0.00000000,0.00000000,0.00000000,0.00092447,0.00000000,0.00000000,0.00000000,0.00000000,0.00000000,0.00000000,0.00000000,0.00000000,0.00000000,0.00000000,0.00000000,0.00000000,0.00000000,0.00000000,0.00000000,0.00000000,0.00000000,0.00000000,0.00000000,0.00000000,0.00000000,0.00096619,0.00000000,0.00000000,0.00000000,0.00000000,0.00000000,0.00000000,0.00000000,0.00000000,0.00000000,0.00000000,0.00000000,0.00000000,0.00000000,0.00000000,0.00000000,0.00000000,0.00000000,0.00000000,0.00000000,0.00000000,0.00181752,0.00000000,0.00000000,0.00000000,0.00000000,0.00000000,0.02745806,0.00000000,0.00000000,0.00597066,0.00000000,0.00000000,0.00000000,0.00000000,0.00363913,0.00000000,0.00000000,0.00000000,0.00000000,0.00000000,0.00597723,0.00000000,0.00000000,0.00000000,0.00000000,0.00000000,0.00430236,0.00000000,0.00000000,0.00000000,0.00000000,0.00000000,0.00000000,0.00000000,0.00000000,0.00000000,0.00819098,0.00000000,0.00000000,0.00000000,0.00000000,0.00000000,0.00000000,0.00000000,0.00000000,0.00940762,0.00000000,0.00000000,0.14968990,0.00000000,0.00261694,0.00000000,0.00000000,0.01467487,0.00000000,0.00000000,0.00000000,0.00000000,0.00354441,0.00000000,0.00000000,0.00000000,0.00000000,0.00000000,0.00000000,0.00392744,0.00000000,0.00000000,0.00000000,0.00000000,0.00000000,0.00000000,0.00822058,0.00000000,0.00000000,0.00000000,0.00000000,0.00387026,0.00000000,0.00000000,0.00000000,0.00000000,0.00000000,0.00000000,0.00000000,0.00000000,0.00000000,0.00000000,0.01059367,0.00000000,0.00000000,0.00595842,0.00000000,0.00000000,0.00000000,0.00000000,0.00000000,0.00000000,0.00000000,0.00380709,0.00000000,0.00000000,0.00000000
0.00000000,0.04445908,0.00000000,0.00000000,0.01601559,0.00000000,0.00000000,0.00000000,0.00000000,0.00000000,0.00000000,0.00000000,0.00000000,0.00000000,0.00000000,0.00000000,0.00000000,0.00000000,0.00104285,0.00000000,0.00000000,0.00178500,0.00000000,0.00000000,0.00000000,0.00000000,0.00000000,0.00000000,0.00000000,0.01736808,0.00000000,0.00000000,0.00000000,0.00000000,0.00000000,0.00000000,0.00000000,0.00000000,0.00000000,0.00000000,0.00000000,0.00000000,0.00000000,0.00000000,0.00588866,0.00000000,0.00000000,0.00000000,0.00000000,0.00000000,0.00127353,0.00000000,0.00000000,0.03406253,0.00000000,0.00000000,0.00231771,0.00000000,0.00000000,0.00000000,0.00000000,0.00000000,0.27807316,0.00000000,0.00000000,0.00000000,0.00000000,0.00000000,0.00000000,0.00000000,0.00000000,0.00000000,0.00000000,0.00000000,0.00000000,0.02093858,0.00000000,0.00000000,0.00000000,0.00000000,0.00000000,0.00000000,0.00000000,0.00000000,0.00000000,0.00000000,0.00000000,0.00000000,0.00000000,0.00000000,0.16687253,0.00000000,0.00000000,0.00000000,0.01195998,0.00000000,0.00000000,0.00000000,0.00000000,0.00000000,0.00000000,0.00000000,0.00000000,0.00000000,0.08543925,0.00000000,0.00000000,0.00000000,0.00000000,0.00000000,0.00000000,0.00000000,0.00289647,0.00000000,0.02281729,0.00000000,0.00460927,0.00000000,0.00000000,0.00000000,0.00000000,0.00000000,0.00000000,0.01877948,0.00000000,0.00000000,0.00618857,0.00000000,0.00000000,0.00000000,0.00000000,0.09432363,0.00405341,0.00000000,0.00000000,2.56170732,0.00570694,0.00000000,0.00000000,0.00000000,0.00000000,0.00000000,0.00000000,0.00000000,0.03248747,0.00000000,0.00000000,0.00000000,0.00000000,0.01609812,0.01107502,0.00588360,0.00000000,0.00000000,1.34751051,0.00000000,0.00000000,0.00000000,0.00000000,0.00000000,0.00000000,0.00000000,0.01548728,0.00000000,0.00000000,0.00000000,0.00000000,0.00000000,0.00000000,0.00000000,0.00487195,0.00000000,0.00000000,0.01062280,0.00000000,0.03803384,0.00000000,0.00000000,0.00000000,0.00000000,0.00000000,0.00000000,0.00000000,0.00435064,0.00000000,0.00000000,0.00000000,0.00000000,0.00000000,0.00000000,0.00000000,0.00000000,0.00000000,0.00000000,0.00000000,0.00000000,0.00000000,0.00000000,0.00000000,0.00000000,0.00000000,0.00000000,0.00000000,0.00000000,0.00000000,0.00000000,0.00000000,0.00000000,0.00000000,0.00000000,0.00000000,0.00000000,0.00000000,0.00000000,0.00000000,0.00000000,0.00000000,0.00891263,0.11749971,0.00000000,0.00000000,0.00000000,0.00000000,0.00739096,0.00000000,0.00000000,0.00000000,0.00000000,0.00000000,0.00000000,0.00000000,0.00000000,0.01795702,0.01882847,0.01673779,0.05725734,0.00000000,0.00000000,0.00000000,0.00000000,0.00000000,0.00000000,0.00000000,0.00000000,0.00000000,0.00000000,0.00000000,0.00000000,0.00000000,0.00000000,0.00000000,0.00000000,0.00000000,0.00000000,0.00000000,0.00000000,0.00000000,0.00000000,0.00000000,0.00000000,0.00000000,0.00000000,0.00000000,0.00000000,0.00239460,0.02289185,0.00000000,0.02901280,0.00000000,0.00000000,0.01098147,0.00096445,0.00000000,0.00000000,0.00000000,0.00000000,0.00000000,0.00000000,0.00000000,0.00000000,0.00000000,0.00000000,0.00000000,0.01910702,0.00000000,0.00000000,0.00000000,0.00000000,0.00000000,0.00000000,0.00000000,0.00000000,0.00000000,0.00000000,0.00000000,0.00000000,0.00000000,0.00000000,0.00000000,0.00000000,0.00000000,0.00000000,0.00000000,0.00000000,0.00661156,0.00000000,0.00000000,0.00000000,0.00000000,0.00000000,0.00000000,0.00000000,0.00000000,0.00000000,0.00000000,0.00000000,0.00000000,0.00000000,0.00000000,0.00000000,0.00000000,0.00000000,0.00000000,0.00000000,0.00000000,0.00000000,0.00000000,0.00000000,0.00000000,0.00000000,0.00000000,0.00000000,0.11120727,0.00000000,0.00000000,0.00613151,0.00000000,0.00000000,0.00000000,0.00000000,0.00000000,0.00000000,0.00000000,0.00000000,0.00000000,0.01266901,0.00000000,0.00000000,0.00000000,0.03724171,0.00000000,0.00375012,0.00000000,0.00000000,0.00185952,0.00000000,0.00000000,0.00977222,0.00000000,0.00000000,0.00000000,0.00000000,0.00000000,0.00000000,0.00000000,0.17165514,0.00000000,0.00000000,0.00000000,0.00000000,0.00000000,0.00000000,0.00000000,0.00000000,0.00000000,0.00000000,0.00000000,0.00000000,0.00000000,0.01356128,0.00000000,0.00000000,0.00000000,0.00000000,0.00165628,0.00000000,0.00000000,0.00000000,0.00000000,0.00000000,0.00000000,0.00000000,0.02646022,0.00000000,0.00000000,0.00000000,0.00000000,0.00000000,0.00000000,0.06602104,0.00000000,0.00000000,0.00000000,0.00000000,0.00000000,0.00000000,0.00000000,0.00000000,0.00000000,0.00000000,0.00202310,0.01049121,0.00000000,0.00000000,0.00000000,0.00000000,0.00563997,0.00000000,0.00000000,0.00000000,0.00000000,0.00000000,0.00000000,0.00000000,0.00000000,0.00000000,0.00000000,0.00000000,0.00876307,0.00000000,0.00000000,0.00000000,0.00000000,0.00000000,0.00000000,0.00000000,0.00000000,0.08881492,0.00000000,0.00000000,0.00000000,0.00000000,0.00000000,0.00000000,0.00740181,0.00000000,0.00000000,0.00000000,0.00000000,0.00000000,0.00000000,0.00000000,0.00000000,0.00000000,0.00000000,0.00045243,0.00000000,0.00000000,0.00000000,0.00000000,0.00000000,0.00000000,0.00000000,0.00000000,0.00000000,0.00000000,0.00000000,0.28294920,0.00000000,0.00000000,0.00000000,0.00000000,0.00000000,0.00000000,0.00000000,0.00000000,0.00000000,0.00000000,0.00638212,0.00000000,0.00000000,0.00000000,0.00560326,0.00000000,0.00000000,0.00000000,0.00000000,0.00000000,0.00000000,0.00000000,0.00000000,0.00000000,0.00779391,0.00000000,0.00000000,0.00000000,0.00000000,0.00000000,0.00000000,0.00000000,0.00000000,0.00000000,0.00000000,0.00000000,0.00000000,0.00000000,0.00000000,0.00000000,0.00000000,0.00000000,0.00929613,0.00000000,0.00000000,0.00000000,0.00000000,0.00000000,0.00774096,0.00000000,0.00000000,0.00000000,0.00000000,0.00000000,0.00000000,0.00000000,0.00531349,0.00000000,0.00000000,0.00000000,0.00583716,0.00000000,0.00000000,0.00000000,0.00000000,0.00000000,0.00000000,0.00000000,0.00000000,0.00000000,0.00000000,0.00000000,0.00000000,0.00000000,0.00000000,0.00000000,0.00146327,0.00000000,0.00000000,0.00000000,0.00000000,0.00000000,0.00000000,0.00000000,0.00000000,0.00000000,0.09700133,0.00000000,0.00000000,0.00000000,0.00000000,0.00000000,0.00000000,0.00000000,0.00898578,0.00000000,0.00000000,0.00000000,0.00000000,0.00000000,0.00248429,0.00111375,0.00000000,0.01118862,0.06875819,0.00000000,0.00000000,0.00000000,0.00000000,0.00000000,0.00000000,0.00000000,0.00000000,0.00000000,0.01173748,0.00000000,0.00000000,0.00000000,0.00000000,0.02665024,0.05695799,0.00423684,0.00000000,0.00000000,0.00669533,1.43729569,0.00000000,0.00537365,0.00000000,0.00000000,0.00000000,0.00000000,0.00114888,0.00000000,0.00000000,0.00000000,0.00000000,0.00000000,0.00000000,0.00000000,0.02573850,0.00000000,0.00000000,0.00000000,0.00000000,0.00000000,0.00000000,0.00000000,0.00000000,0.00000000,0.00000000,0.00000000,0.00000000,0.00000000,0.00000000,0.00000000,0.00000000,0.03284869,0.00000000,0.00000000,0.00000000,0.00000000,0.00000000,0.00000000,0.00000000,0.00000000,0.00000000,0.00000000,0.00000000,0.00203582,0.00000000,0.00000000,0.00000000,0.00000000,0.00000000,0.00000000,0.00000000,0.00000000,0.00000000,0.00000000,0.00000000,0.00000000,0.00539520,0.00000000,0.00000000,0.00000000,0.00000000,0.00000000,0.00000000,0.00000000,0.00000000,0.05775455,0.00000000,0.00000000,0.00057804,0.00000000,0.00000000,0.00000000,0.00000000,0.01051528,0.00000000,0.00000000,0.00000000,0.00000000,0.00000000,0.00000000,0.00000000,0.00000000,0.00000000,0.00000000,0.00000000,0.00000000,0.00000000,0.95638943,0.00000000,0.00000000,0.00000000,0.00000000,0.00000000,0.00000000,0.00000000,0.00000000,0.00000000,0.00000000,0.01262082,0.00000000,0.00000000,0.00000000,0.00000000,0.00000000,0.00000000,0.00000000,0.00000000,0.00000000,0.00000000,0.00813761,0.09668668,0.00000000,0.00000000,0.00000000,0.00000000,0.01176296,0.00000000,0.00000000,0.00000000,0.00320364,0.00000000,0.00000000,0.00000000,0.00000000,0.00629801,0.00000000,0.00000000,0.00000000,0.00000000,0.00000000,0.00000000,0.00000000,0.00000000,0.00000000,0.00122646,0.00000000,0.00354916,0.00000000,0.00000000,0.00000000,0.00000000,0.00000000,0.00000000,0.00000000,0.00000000,0.00000000,0.00000000,0.00000000,0.01927944,0.00000000,0.00000000,0.00000000,0.00411896,0.00000000,0.00732843,0.00000000,0.02359113,0.00000000,0.00000000,0.00000000,0.00000000,0.00000000,0.00000000,0.00000000,0.00000000,0.00000000,0.00000000,0.00000000,0.00000000,0.00000000,0.00000000,0.00000000,0.00571700,0.00000000,0.00000000,0.00000000,0.04249120,0.00000000,0.00000000,0.00000000,0.00000000,0.00000000,0.00000000,0.00000000,0.00000000,0.00000000,0.02134145,0.00000000,0.00000000,0.02614085,0.00000000,0.00000000,0.00000000,0.00000000,0.00000000,0.00000000,0.00000000,0.00000000,0.00000000,0.00000000,0.00000000,0.00000000,0.01385757,0.00000000,0.00000000,0.00000000
0.00000000,0.00000000,0.00000000,0.00000000,0.00000000,0.00000000,0.00000000,0.00000000,0.00000000,0.00000000,0.00000000,0.00000000,0.00000000,0.01137180,0.01884038,0.00000000,0.00000000,0.00000000,0.00914476,0.00000000,0.00000000,0.01342111,0.00000000,0.00000000,0.00000000,0.00000000,0.00081322,0.01191175,0.00000000,0.02817517,0.00000000,0.00000000,0.00665627,0.00000000,0.00000000,0.00000000,0.00000000,0.00000000,0.00000000,0.00000000,0.00000000,0.00000000,0.00000000,0.00000000,0.00000000,0.00000000,0.00000000,0.00000000,0.00000000,0.00000000,0.03943847,0.08569202,0.00000000,0.00000000,0.00000000,0.00000000,0.00000000,0.00436861,0.00000000,0.00000000,0.03916091,0.00000000,0.00000000,0.00000000,0.00000000,0.00000000,0.00000000,0.13418584,0.00000000,0.00000000,0.01250526,0.00000000,0.00000000,0.00000000,0.00000000,0.00000000,0.00000000,0.02701309,0.00000000,0.00000000,0.00000000,0.00000000,0.00000000,0.05339640,0.00073449,0.00000000,0.00093657,0.00000000,0.00000000,0.00000000,0.00000000,0.00000000,0.00000000,0.00000000,0.00000000,0.00000000,0.00105596,0.00000000,0.00000000,0.00000000,0.00000000,0.00000000,0.00000000,0.00000000,0.00000000,0.00000000,0.00000000,0.02229154,0.00000000,0.00000000,0.00000000,0.00000000,0.00000000,0.00000000,0.00000000,0.00800042,0.00000000,0.00000000,0.00000000,0.00000000,0.00000000,0.00000000,0.00000000,0.00000000,0.00000000,0.00000000,0.00000000,0.02871347,0.00000000,0.00000000,0.00000000,0.00000000,0.00000000,0.00000000,0.00310935,0.00000000,0.00000000,0.00000000,0.21452378,0.00783921,0.00000000,0.00000000,0.00000000,2.45775523,0.00000000,0.00000000,0.00092258,0.00000000,0.00000000,0.00000000,0.00000000,0.00857179,0.00000000,0.00000000,0.00000000,0.00000000,0.00000000,0.00000000,0.00000000,0.00000000,0.00230998,0.00000000,0.00000000,0.00000000,0.00000000,0.00000000,0.00000000,0.00000000,0.00000000,0.00000000,0.00000000,0.01405031,0.00000000,0.00000000,0.00000000,0.00000000,0.00000000,0.00000000,0.00000000,0.00000000,0.00000000,0.00000000,0.00000000,0.00000000,0.00000000,0.00193175,0.00000000,0.00000000,0.00000000,0.00000000,0.00000000,0.00000000,0.00000000,0.00000000,0.00000000,0.00000000,0.00000000,0.09568233,0.00000000,0.00000000,0.00000000,0.00000000,0.00000000,0.00000000,0.00000000,0.00000000,0.00000000,0.00000000,0.00000000,0.00000000,0.00000000,0.00000000,0.00000000,0.00000000,0.00000000,0.00000000,0.00000000,0.00684515,0.00000000,0.00000000,0.00000000,0.00000000,0.00000000,0.00000000,0.00671970,0.00000000,0.00000000,0.00000000,0.00000000,0.01768335,0.00000000,0.01054089,0.00000000,0.00000000,0.00000000,0.00000000,0.00000000,0.00000000,0.00000000,0.00121265,0.00000000,0.05037185,0.00000000,0.00000000,0.00000000,0.00000000,0.00000000,0.00000000,0.00000000,0.00000000,0.00000000,0.00000000,0.00000000,0.00000000,0.00571056,0.00000000,0.00000000,0.00000000,0.00000000,0.00000000,0.00000000,0.00000000,0.00000000,0.00000000,0.00000000,0.00247010,0.00000000,0.00000000,0.00000000,0.00000000,0.00000000,0.00000000,0.00000000,0.00000000,0.00000000,0.00103379,0.00000000,0.00000000,0.00000000,0.00000000,0.00000000,0.00000000,0.00000000,0.00000000,0.00000000,0.00000000,0.00000000,0.00000000,0.00000000,0.00000000,0.00000000,0.00000000,1.25402605,0.00000000,0.00000000,0.22049646,0.00000000,0.00000000,0.00000000,0.00000000,0.00000000,0.00000000,0.00000000,0.00000000,0.01023930,0.00000000,0.00000000,0.00124735,0.00000000,0.00000000,0.00000000,0.00000000,0.00000000,0.00000000,0.00000000,0.00000000,0.00000000,0.00000000,0.00000000,0.00000000,0.00000000,0.00000000,0.00603722,0.00000000,0.00000000,0.00000000,0.00000000,0.00000000,0.00000000,0.00000000,0.00000000,0.00000000,0.00000000,0.00000000,0.00000000,0.00000000,0.00324792,0.00145842,0.00000000,0.00712478,0.00000000,0.00000000,0.00000000,0.01109341,0.00000000,0.00000000,0.00000000,0.00000000,0.00000000,0.00000000,0.00000000,0.46962473,0.00626802,0.00000000,0.00000000,0.00000000,0.00000000,0.00000000,0.00000000,0.01276051,0.00000000,0.00000000,0.00000000,0.00000000,0.00000000,0.00000000,0.00087509,0.00000000,0.00000000,0.00000000,0.00000000,0.00683148,0.00000000,0.00090152,0.00647874,0.00000000,0.00000000,0.00000000,0.00000000,0.00000000,0.00000000,0.00000000,0.00000000,0.00000000,0.02001164,0.00000000,0.00000000,0.00000000,0.00000000,0.00000000,0.00000000,0.00099618,0.00000000,0.00000000,0.00000000,0.02178847,0.00000000,0.00000000,0.00000000,0.01945260,0.00000000,0.00837067,0.00000000,0.00000000,0.00000000,0.00000000,0.00000000,0.00000000,0.00000000,0.00000000,0.00000000,0.00000000,0.00000000,0.00000000,0.00000000,0.00000000,0.00000000,0.00000000,0.00000000,0.00000000,0.00000000,0.03700201,0.00000000,0.00000000,0.00000000,0.00000000,0.00000000,1.12705317,0.06203470,0.00000000,0.00000000,0.00326335,0.00000000,0.00000000,0.00000000,0.00000000,0.00000000,0.00000000,0.00000000,0.00000000,0.00323056,0.00000000,0.00000000,0.00000000,0.00000000,0.00000000,0.00286015,0.00000000,0.00000000,0.00000000,0.00000000,0.02220914,0.00000000,0.07787435,0.02494519,0.00000000,0.00000000,0.00000000,0.00000000,0.00000000,0.00000000,0.00000000,0.00000000,0.00000000,0.00705669,0.00000000,0.00000000,0.00000000,0.00000000,0.00000000,0.00000000,0.00000000,0.00000000,0.00000000,0.00000000,0.00000000,0.00000000,0.00000000,0.33454090,0.00000000,1.02061176,0.01116351,0.00089781,0.00000000,0.00000000,0.00000000,0.00000000,0.29502135,0.00000000,0.00000000,0.00000000,0.00000000,0.00000000,0.00000000,0.00000000,0.00000000,0.00000000,0.04602838,0.00000000,0.00000000,0.00000000,0.00000000,0.00000000,0.00000000,0.00000000,0.00000000,0.00000000,0.00000000,0.00000000,0.00000000,0.00000000,0.00000000,0.00000000,0.00000000,0.00000000,0.00000000,0.05004975,0.00000000,0.00000000,0.00000000,0.02535288,0.00000000,0.00000000,0.00000000,0.00150633,0.00000000,0.00000000,0.00000000,0.00000000,0.00000000,0.00000000,0.00000000,0.00000000,0.00000000,0.00000000,0.00000000,0.00000000,0.00000000,0.00000000,0.00000000,0.00000000,0.00000000,0.00000000,0.00000000,0.00000000,0.00000000,0.00000000,0.00000000,0.00000000,0.00000000,0.00000000,0.00110226,0.00000000,0.00000000,0.00000000,0.00000000,0.00000000,0.00000000,0.00000000,0.00000000,0.00000000,0.00000000,0.00000000,0.00000000,0.09060420,0.11216408,0.00000000,0.00000000,0.00000000,0.00000000,0.00000000,0.00625110,0.00000000,0.01918891,0.00000000,0.00418346,0.00000000,0.00000000,0.00000000,0.00000000,0.00000000,0.00000000,0.00000000,0.00000000,0.00000000,0.00000000,0.00000000,0.00000000,0.00000000,0.00000000,0.00000000,0.00000000,0.00000000,0.02320654,0.00000000,0.00000000,0.00000000,0.00000000,0.00000000,0.00000000,0.00000000,0.00000000,0.02081774,0.00000000,0.00000000,0.00000000,0.00104348,0.00000000,0.00000000,0.00000000,0.00000000,0.00000000,0.00382121,0.00000000,0.06280804,0.00000000,0.00000000,0.00418565,0.00000000,0.00000000,0.00000000,0.00000000,0.00997939,0.00000000,0.00000000,0.00000000,0.00000000,0.00000000,0.00000000,0.00000000,0.00000000,0.00000000,0.00000000,0.00000000,0.00000000,0.00272690,0.00000000,0.00000000,0.00000000,0.00280943,0.00000000,0.00000000,0.00000000,0.00000000,0.00000000,0.00000000,0.00000000,0.00000000,0.00000000,0.00000000,0.00000000,0.00000000,0.00000000,0.00000000,0.00000000,0.00000000,0.00000000,0.00000000,0.00000000,0.00000000,0.00000000,0.00000000,0.00000000,0.00000000,0.00000000,0.00000000,0.00247457,0.00000000,0.00000000,0.00183437,0.00000000,0.00000000,0.00000000,0.00000000,0.00000000,0.00000000,0.00000000,0.00000000,0.00000000,0.00000000,0.00000000,0.00000000,0.00000000,0.00000000,0.00000000,0.00000000,0.00000000,0.00000000,0.00000000,0.04042686,0.00000000,0.00000000,0.00270565,0.00000000,0.00000000,0.00000000,0.00000000,0.00000000,0.00000000,0.00000000,0.00000000,0.00000000,0.00408195,0.00000000,0.00000000,0.00000000,0.00000000,0.00000000,0.00327990,0.00000000,0.00000000,0.00000000,0.00000000,0.00000000,0.00000000,0.00793861,0.00000000,0.00883668,0.00000000,0.00000000,0.00000000,0.00000000,0.00000000,0.00000000,0.00171144,0.01657607,0.00000000,0.00000000,0.00000000,0.00000000,0.00000000,0.00000000,0.08167666,0.00000000,0.00000000,0.00230649,0.00000000,0.00000000,0.00000000,0.00000000,0.00000000,0.00000000,0.00000000,0.00000000,0.00000000,0.00000000,0.00000000,0.00000000,0.00000000,0.00000000,0.00000000,0.00000000,0.00000000,0.00000000,0.00000000,0.00000000,0.00000000,0.00000000,0.00000000,0.00000000,0.02791716,0.00000000,0.00000000,0.00000000,0.00000000,0.00000000,0.00000000,0.00000000,0.00000000,0.00000000,0.00120411,0.00000000,0.00000000,0.00000000,0.00000000,0.00000000,0.00435347,0.00000000,0.00000000,0.00000000,0.00000000,0.00000000,0.00000000,0.00000000,0.00000000,0.00000000,0.00000000,0.01076399,0.00000000,0.00000000,0.00394082,0.00000000,0.00000000,0.00000000,0.00000000,0.00000000,0.00130806,0.00000000,0.00000000,0.00000000
0.00000000,0.00000000,0.00515937,0.00000000,0.00000000,0.00225637,0.00277460,0.00000000,0.00000000,0.00000000,0.00000000,0.00000000,0.00000000,0.00000000,0.00000000,0.00000000,0.04061690,0.00000000,0.00000000,0.00396331,0.00000000,0.00000000,0.00000000,0.00000000,0.00000000,0.00000000,0.00000000,0.00000000,0.00000000,0.00000000,0.00180906,0.00000000,0.00000000,0.00000000,0.00000000,0.00000000,0.00000000,0.00000000,0.00000000,0.00000000,0.00000000,0.00000000,0.00000000,0.00000000,0.00000000,0.00000000,0.01253290,0.00000000,0.00000000,0.00000000,0.00000000,0.00000000,0.00000000,0.00000000,0.00000000,0.00000000,0.00000000,0.06746867,0.00000000,0.00000000,0.00000000,0.00000000,0.00000000,0.00000000,0.00866947,0.06146931,0.00000000,0.00000000,0.00000000,0.00000000,0.00000000,0.00000000,0.00000000,0.00000000,0.00000000,0.00000000,0.00000000,0.00000000,0.00000000,0.29397648,0.00000000,0.00000000,0.00000000,0.00000000,0.00477546,0.00000000,0.00000000,0.00000000,0.00000000,0.00000000,0.00000000,0.00000000,0.00000000,0.00000000,0.00000000,0.00000000,0.00000000,0.00904331,0.00000000,0.00000000,0.00000000,0.00000000,0.00000000,0.00000000,0.00000000,0.00000000,0.00417773,0.00000000,0.00000000,0.00000000,0.00000000,0.00000000,0.00000000,0.00000000,0.00000000,3.17655785,0.00000000,0.00000000,0.00000000,0.00000000,0.00000000,0.00000000,0.00000000,0.00000000,0.00000000,0.00000000,0.00000000,0.00000000,0.00000000,0.00000000,0.00000000,0.00650126,0.00000000,0.00000000,0.00000000,0.00000000,0.08911250,0.00000000,0.00000000,0.00000000,0.00000000,0.00000000,0.00000000,1.75780549,0.00000000,0.00473478,0.00000000,0.00000000,0.00000000,3.93576935,0.00000000,0.00000000,0.00000000,0.00000000,0.00000000,0.00000000,0.00000000,0.00000000,0.00000000,0.00000000,0.00000000,0.00000000,0.01846613,0.00566672,0.00000000,0.00000000,0.00000000,0.00000000,0.00892694,0.01216499,0.00000000,0.00675395,0.00000000,0.00000000,0.00000000,0.00000000,0.00115073,0.00000000,0.00000000,0.00000000,0.00000000,0.00000000,0.00000000,0.00000000,0.00295391,0.00000000,0.00000000,0.00000000,0.00000000,0.00000000,0.00000000,0.00000000,0.00000000,0.00000000,0.00000000,0.00000000,0.00000000,0.00000000,0.00000000,0.00000000,0.00000000,0.00000000,0.00000000,0.00000000,0.00000000,0.00000000,0.01653104,0.00000000,0.00000000,0.00000000,0.00000000,0.00000000,0.00000000,0.00000000,0.00000000,0.00000000,0.00000000,0.00492059,0.00000000,0.00682143,0.00000000,0.00000000,0.00000000,0.00000000,0.00000000,0.00000000,0.00095699,0.00000000,0.00000000,0.00000000,0.00000000,0.00000000,0.00000000,0.00000000,0.00000000,0.00807821,0.00000000,0.00000000,0.03987815,0.00000000,0.00000000,0.00000000,0.00000000,0.00000000,0.00000000,0.05763774,0.00000000,0.00000000,0.00000000,0.06276356,0.00000000,0.00000000,0.02196186,0.00000000,0.00000000,0.00000000,0.00000000,0.00000000,0.00236336,0.00000000,0.00000000,0.00000000,0.00000000,0.00000000,0.00000000,0.00000000,0.00000000,0.00000000,0.00000000,0.00000000,0.00000000,0.00000000,0.00000000,0.00000000,0.00000000,0.00000000,0.00000000,0.00000000,0.00000000,0.00000000,0.00830904,0.00000000,0.00000000,0.00000000,0.00000000,0.00000000,0.00000000,0.00000000,0.00000000,0.00000000,0.00000000,0.00000000,0.00000000,0.00000000,1.85795645,0.00000000,0.00000000,0.05729363,0.00000000,0.00000000,0.01956629,0.00000000,0.00000000,0.00000000,0.00000000,0.00000000,0.00000000,0.00902829,0.00000000,0.00000000,0.00701176,0.00000000,0.00000000,0.00387603,0.00000000,0.00000000,0.00000000,0.00000000,0.00000000,0.16448511,0.00000000,0.00000000,0.00000000,0.00000000,0.00000000,0.00000000,0.00000000,0.00000000,0.00000000,0.00000000,0.00000000,0.00000000,0.00000000,0.00000000,0.00000000,0.00000000,0.00000000,0.00655515,0.00000000,0.00000000,0.00000000,0.00000000,0.00000000,0.00000000,0.00000000,0.00000000,0.00000000,0.00000000,0.00000000,0.00000000,0.00000000,0.00000000,0.07979834,0.00000000,0.00000000,0.00712306,0.00000000,0.00000000,0.00000000,0.00176570,0.00839972,0.00000000,0.00000000,0.00000000,0.00000000,0.00000000,0.00000000,0.00000000,0.00375614,0.00409205,0.00000000,0.00000000,0.00000000,0.00000000,0.00000000,0.00000000,0.00000000,0.00000000,0.00000000,0.00000000,0.00000000,0.00000000,0.00000000,0.00000000,0.00000000,0.00000000,0.00000000,0.00000000,0.00000000,0.00000000,0.00000000,0.04083359,0.00000000,0.00000000,0.00000000,0.00000000,0.00117828,0.00000000,0.00000000,0.00000000,0.00000000,0.00000000,0.00000000,0.00000000,0.00000000,0.00000000,0.00000000,0.00000000,0.00000000,0.00000000,0.00000000,0.00000000,0.00000000,0.00000000,0.00000000,0.00000000,0.00000000,0.00000000,0.00000000,0.00000000,0.00000000,0.00000000,0.00000000,0.00000000,0.00000000,0.01505384,0.00000000,0.00000000,0.00000000,0.00000000,0.00000000,0.00000000,0.00504775,0.00000000,0.00000000,0.00000000,0.00000000,0.00000000,0.00000000,0.23211494,0.18618447,0.00000000,0.00000000,0.00000000,0.00278943,0.00000000,0.00000000,0.00000000,0.00000000,0.00000000,0.00000000,0.00000000,0.00000000,0.00000000,0.00000000,0.00000000,1.00797959,0.00000000,0.01984425,0.00000000,0.00000000,0.00000000,0.00000000,0.00000000,0.00000000,0.00000000,0.00000000,0.00000000,0.00000000,0.00000000,0.00000000,0.00000000,0.00000000,0.00000000,0.00000000,0.00000000,0.00000000,0.00000000,0.31216568,0.00000000,0.00000000,0.00000000,0.00000000,0.00000000,0.00000000,0.00000000,0.00000000,0.00000000,0.00000000,0.00000000,0.00000000,0.00000000,0.01370740,0.00000000,0.00000000,0.00000000,0.00000000,0.00000000,0.03363390,0.00000000,0.00000000,0.00000000,0.00000000,0.12447941,0.00000000,0.00000000,0.00000000,0.00000000,0.00000000,0.46124956,0.00000000,0.00000000,0.00000000,0.00000000,0.00000000,0.06010617,0.00000000,0.00000000,0.00000000,0.00000000,0.00000000,0.00118347,0.00000000,0.04157786,0.00000000,0.00000000,0.00292775,0.00000000,0.00000000,0.00000000,0.00000000,0.00000000,0.00000000,0.00000000,0.00000000,0.00000000,0.00000000,0.00000000,0.00207595,0.00000000,0.00000000,0.00000000,0.00000000,0.00000000,0.00566701,0.00000000,0.00000000,0.00000000,0.00000000,0.00000000,0.00000000,0.00000000,0.00896618,0.00000000,0.00000000,0.00000000,0.00000000,0.00858971,0.00000000,0.00216915,0.00115119,0.00000000,0.00000000,0.00000000,0.00000000,0.00000000,0.00000000,0.00404073,0.00000000,0.00000000,0.00000000,0.00000000,0.00000000,0.00000000,0.00000000,0.00000000,0.00235949,0.00000000,0.00863701,0.00000000,0.00000000,0.00000000,0.00000000,0.00274938,0.00111541,0.00000000,0.00000000,0.00000000,0.02071068,0.00000000,0.00000000,0.00000000,0.00000000,0.00000000,0.00000000,0.00000000,0.00000000,0.00000000,0.00000000,0.00000000,0.00000000,0.00000000,0.00000000,0.00000000,0.00229203,0.00000000,0.00000000,0.00000000,0.00000000,0.00000000,0.00000000,0.00000000,0.00000000,0.00000000,0.01419460,0.07049161,0.00543037,0.77094713,0.00000000,0.00000000,0.00234551,0.00000000,0.00000000,0.00000000,0.00000000,0.00578632,0.00203624,0.00000000,0.00000000,0.00000000,0.00000000,0.00000000,0.00000000,0.00000000,0.00000000,0.00000000,0.00000000,0.00000000,0.00000000,0.00000000,0.00000000,0.00000000,0.00000000,0.00000000,0.00000000,0.00000000,0.00000000,0.00000000,0.00000000,0.00000000,0.00000000,0.00000000,0.00000000,0.00000000,0.00000000,0.00000000,0.00000000,0.00000000,0.00000000,0.02152565,0.00073309,0.05928816,0.00000000,0.00000000,0.00000000,0.00000000,0.00000000,0.00000000,0.00000000,0.00274315,0.00000000,0.00000000,0.00000000,0.00000000,0.00000000,0.00000000,0.00000000,0.00000000,0.01977517,0.00000000,0.00000000,0.00000000,0.04095410,0.00000000,0.00000000,0.00000000,0.00141376,0.00000000,0.00000000,0.00000000,0.00000000,0.00000000,0.00000000,0.00390412,0.00000000,0.00000000,0.00000000,0.00565497,0.00000000,0.00000000,0.00000000,0.00000000,0.00000000,0.00000000,0.00000000,0.00000000,0.00000000,0.00343611,0.00000000,0.00000000,0.00000000,0.24545497,0.00000000,0.00000000,0.00926241,0.00000000,0.00000000,0.00000000,0.00000000,0.00000000,0.00149393,0.00000000,0.00000000,0.00000000,0.00000000,0.00000000,0.00000000,0.00000000,0.00000000,0.00000000,0.00000000,0.00000000,0.00000000,0.00000000,0.00000000,0.00000000,0.00000000,0.00000000,0.00000000,0.00000000,0.00000000,0.00000000,0.06026566,0.00000000,0.00000000,0.00000000,0.00000000,0.00000000,0.00000000,0.00603836,0.00000000,0.00000000,0.00000000,0.00000000,0.00000000,0.00000000,0.00000000,0.00000000,0.00000000,0.00000000,0.00000000,0.00000000,0.13434494,0.00000000,0.00000000,0.02120835,0.00000000,0.00000000,0.00000000,0.02371415,0.00000000,0.00000000,0.00000000,0.00229283,0.00000000,0.33520441,0.00000000,0.00000000,0.00000000,0.00000000,0.00000000,0.00083787,0.00000000,0.00342228,0.00000000,0.01241134,0.00000000,0.00000000,0.01181085,0.00000000,0.00000000,0.00000000,0.00000000,0.00000000,0.00000000,0.00000000,0.00000000,0.00000000,0.00000000,0.00000000
0.00000000,0.00000000,0.00000000,0.00000000,0.00000000,0.00000000,0.00000000,0.00000000,0.00000000,0.00000000,0.11502489,0.00000000,0.00000000,0.00000000,0.00000000,0.00000000,0.00000000,0.00000000,0.00000000,0.00000000,0.00000000,0.00000000,0.00000000,0.00000000,0.00000000,0.00000000,0.00606631,0.00000000,0.00000000,0.49340218,0.00000000,0.00000000,0.00375133,0.00000000,0.00000000,0.00000000,0.00543146,0.00000000,0.00000000,0.09080028,0.00000000,0.00000000,0.00000000,0.00000000,0.00000000,0.00737723,0.00000000,0.00000000,0.00000000,0.00000000,0.00000000,0.00000000,0.00000000,0.00000000,0.00000000,0.00000000,0.00410798,0.00000000,0.00000000,0.00000000,0.00000000,0.00000000,0.00000000,0.00000000,0.00000000,0.00000000,0.01786698,0.00000000,0.00000000,0.00000000,0.00000000,0.00000000,0.00000000,0.03058265,0.00000000,0.00000000,0.00000000,0.00000000,0.00000000,0.00000000,0.00000000,0.00000000,0.00000000,0.00000000,0.00000000,0.00125641,0.00000000,0.00000000,0.00000000,0.00000000,0.00000000,0.00000000,0.00000000,0.00000000,0.00000000,0.00000000,0.00439438,0.00000000,0.01773987,0.00000000,0.00000000,0.00000000,0.00000000,0.00000000,0.00000000,0.00000000,0.00000000,0.00000000,0.00000000,0.00000000,0.00632307,0.00000000,0.00000000,0.00000000,0.00000000,0.00000000,0.00000000,0.00000000,0.47264291,0.00000000,0.00000000,0.00000000,0.00000000,0.00000000,0.06075412,0.00000000,0.00591623,0.00000000,0.00000000,0.00000000,0.00000000,0.00000000,0.00000000,0.00000000,0.00000000,0.00000000,0.00000000,0.00000000,0.00291810,0.00000000,0.00000000,0.00000000,0.00000000,0.00000000,0.00000000,0.00000000,0.00000000,0.00000000,0.00000000,0.00000000,0.00000000,0.01363701,0.00000000,0.00000000,0.00000000,0.00000000,0.00000000,0.00000000,0.00000000,0.00000000,0.00000000,0.00000000,0.00000000,0.00000000,0.00000000,0.00000000,0.00561707,0.00000000,0.00000000,0.00000000,0.00377299,0.19905515,0.00487553,0.00000000,0.00000000,0.00000000,0.00000000,0.00000000,0.00000000,0.00000000,0.00000000,0.00000000,0.00000000,0.00000000,0.00000000,0.00000000,0.00000000,0.00000000,0.00000000,0.00216780,0.00000000,0.00551317,0.00000000,0.00000000,0.00000000,0.00065218,0.00000000,0.00526184,0.00000000,0.00000000,0.00000000,0.00000000,0.00000000,0.00000000,0.00000000,0.00000000,0.00547100,0.00000000,0.00000000,0.00000000,0.00000000,0.00000000,0.00000000,0.00000000,0.00000000,0.10147353,0.00000000,0.00000000,0.00000000,0.00000000,0.00321359,0.00000000,0.00000000,0.00000000,0.00000000,0.00000000,0.00000000,0.00000000,0.05833305,0.00000000,0.01501320,0.07970945,0.00000000,0.00000000,0.00000000,0.00000000,0.00000000,0.00000000,0.00000000,0.00000000,0.00000000,0.00000000,0.14955090,0.00000000,0.00000000,6.91230372,0.00000000,0.00000000,0.00198842,0.00000000,0.00000000,0.00000000,0.00000000,0.00000000,0.00000000,0.00263692,0.00000000,0.55568027,0.00000000,0.00000000,0.00000000,0.01232617,0.00000000,0.00812265,0.00000000,0.00000000,0.00000000,0.00000000,0.00000000,0.00063479,0.00000000,0.00000000,0.00000000,0.00000000,0.00000000,0.00000000,0.00000000,0.00000000,0.00000000,0.00000000,0.00000000,0.00000000,0.02956667,0.00000000,0.00000000,0.00000000,0.00000000,0.01706032,0.00000000,0.00000000,0.00000000,0.00000000,0.00000000,0.00000000,0.00000000,0.00000000,0.11421500,0.00000000,0.00000000,0.00598227,0.00000000,0.00000000,0.00000000,0.00000000,0.00000000,0.00000000,0.00000000,0.00000000,0.00000000,0.00000000,0.00000000,0.00000000,0.00000000,0.00000000,0.00000000,0.00000000,0.00000000,0.00000000,0.00000000,0.00000000,0.00324071,0.00000000,0.00000000,0.00000000,0.00000000,0.00000000,0.00000000,0.00000000,0.00000000,0.00000000,0.01868066,0.00000000,0.00000000,0.00000000,0.00000000,0.00000000,0.00000000,0.03639206,0.00100399,0.00000000,0.00000000,0.00000000,0.00000000,0.00000000,0.00000000,0.00000000,0.00000000,0.00000000,0.00000000,0.00000000,0.00000000,0.00000000,0.00000000,0.00000000,0.00000000,0.00000000,0.00000000,0.00367067,0.00000000,0.00000000,0.00000000,0.00322422,0.00000000,0.00000000,0.00000000,0.00000000,0.00000000,0.00000000,0.00000000,0.00000000,0.00000000,0.00000000,0.00000000,0.00000000,0.00000000,0.00000000,0.00000000,0.00000000,0.00000000,0.00000000,0.00000000,0.00000000,0.05098569,0.00000000,0.01077492,0.00000000,0.00000000,0.00000000,0.00000000,0.00079258,0.00000000,0.00000000,0.00000000,0.00000000,0.00000000,0.00000000,0.00000000,0.00000000,0.00000000,0.00000000,0.00000000,0.00000000,0.00210026,0.04277652,0.00000000,0.00000000,0.00000000,0.00000000,0.00000000,0.00000000,0.00000000,0.00000000,0.00000000,0.00000000,0.00000000,0.00000000,0.00000000,0.00000000,0.00000000,0.00000000,0.00000000,0.03344075,0.00000000,0.00000000,0.00000000,0.00918660,0.00000000,0.00000000,0.00000000,0.00000000,0.00000000,0.00000000,0.00000000,0.00000000,0.00000000,0.00000000,0.00000000,0.01553684,0.00000000,0.00000000,0.00323973,0.00000000,0.00000000,0.00000000,0.00000000,0.00000000,0.00000000,0.00000000,0.00000000,0.00000000,0.00000000,0.00000000,0.00995194,0.00000000,0.00584183,0.00000000,0.00601677,0.00000000,0.00000000,0.00000000,0.14489376,0.00000000,0.41458516,0.00000000,0.00000000,0.00000000,0.00000000,0.10544474,0.00000000,0.00000000,0.00549436,0.01686874,0.00000000,0.00000000,0.00000000,0.00000000,0.00000000,0.00000000,0.00000000,0.02654423,0.00000000,0.00000000,0.00485371,0.13959374,0.00000000,0.00000000,0.00000000,0.00000000,0.00000000,0.00000000,0.00000000,0.00202078,0.00000000,0.00000000,0.00000000,0.34150412,0.00000000,0.00000000,0.00000000,0.00000000,0.00000000,0.00000000,8.99486144,0.00000000,0.00000000,0.00000000,0.00000000,0.00000000,0.00491603,0.00000000,0.00000000,0.00000000,0.00000000,0.00000000,0.00178370,0.00000000,0.00000000,0.00000000,0.00000000,0.00000000,0.00000000,0.00000000,0.01355810,0.00000000,0.00000000,0.00000000,0.00000000,0.00000000,0.00000000,0.00000000,0.00000000,0.00000000,0.00871228,0.00000000,0.00000000,0.00107298,0.00000000,0.00000000,0.00000000,0.00000000,0.00000000,0.00000000,0.00000000,0.00000000,0.00000000,0.00000000,0.00000000,0.00000000,0.38922129,0.03069420,0.00000000,0.00000000,0.00000000,0.00000000,0.00000000,0.00000000,0.00000000,0.00000000,0.00000000,0.00000000,0.00000000,0.00000000,0.00570445,0.01428800,0.00000000,0.00000000,0.00000000,0.04824653,0.00000000,0.00000000,0.00000000,0.00000000,0.00000000,0.00000000,0.00000000,0.00000000,0.00000000,0.00000000,0.00153871,0.00000000,0.00000000,0.00000000,0.00000000,0.00000000,0.00481826,0.00000000,0.00000000,0.00000000,0.00000000,0.00000000,0.05587626,0.00000000,0.00000000,0.00000000,0.00000000,0.00000000,0.00000000,0.00000000,0.00000000,0.00000000,0.00000000,0.00000000,0.00191323,0.00000000,0.00000000,0.00000000,0.00000000,0.00000000,0.00000000,0.00000000,0.00000000,0.00000000,0.00000000,0.00000000,0.00000000,0.00000000,0.00000000,0.00000000,0.00000000,0.00000000,0.00000000,0.07216090,0.03782290,0.00000000,0.00000000,0.00000000,0.00000000,0.14148826,0.00000000,0.00000000,0.00000000,0.00000000,0.00000000,0.00000000,0.00000000,0.00000000,0.00000000,0.00000000,0.00000000,0.00000000,0.00000000,0.00000000,0.00000000,0.00000000,0.00000000,0.00000000,0.00414109,0.00000000,0.00000000,0.00000000,0.00000000,0.00000000,0.00000000,0.00000000,0.00000000,0.00000000,0.00000000,0.00000000,0.00000000,0.15403292,0.00000000,0.00081062,0.00000000,0.03973025,0.00000000,0.00000000,0.00000000,0.01430530,0.00000000,0.00000000,0.00000000,0.00000000,0.00000000,0.00000000,0.00000000,0.00000000,0.00000000,0.00000000,0.00000000,0.00000000,0.00000000,0.00000000,0.00000000,0.00000000,0.07758768,0.00000000,0.00000000,0.00000000,0.00000000,0.00000000,0.00000000,0.00000000,0.00000000,0.00000000,0.00334731,0.00000000,0.00000000,0.00000000,0.00000000,0.02858445,0.00000000,0.00000000,0.01189955,0.00000000,0.00000000,0.23731706,0.00000000,0.00000000,0.00000000,0.00000000,0.00000000,0.00000000,0.00000000,0.00000000,0.00000000,0.00000000,0.00000000,0.00000000,0.00000000,0.00380588,0.00000000,0.00000000,0.00000000,0.00000000,0.00000000,0.00000000,0.00000000,0.00000000,0.00000000,0.00000000,0.00000000,0.00000000,0.00114581,0.00846447,0.00000000,0.00000000,0.00000000,0.00000000,0.00000000,0.00000000,0.02106462,0.00000000,0.00000000,0.00000000,0.00000000,0.00000000,0.00000000,0.00000000,0.00000000,0.00776518,0.00893168,0.00122123,0.00000000,0.00000000,0.00000000,0.00000000,0.00000000,0.00000000,0.00000000,0.00000000,0.00000000,0.00000000,0.00000000,0.00000000,0.00000000,0.00000000,0.00000000,0.00000000,0.00000000,0.00000000,0.00470733,0.00085116,0.00000000,0.00000000,0.00000000,0.00000000,0.00000000,0.00000000,0.01222476,0.00626946,0.00000000,0.00000000,0.00327807,0.00000000,0.04045323,0.00000000,0.00000000,0.00000000,0.00000000,0.00000000,0.00000000,0.00000000,0.00000000,0.00000000,0.00000000,0.00000000,0.00000000,0.00000000,0.00000000,0.00000000
0.00000000,0.00000000,0.00000000,0.00000000,0.00000000,0.00000000,0.00000000,0.00105609,0.14232690,0.00000000,0.00000000,0.00000000,0.00197552,0.00000000,0.00000000,0.00000000,0.00000000,0.00000000,0.00000000,0.00000000,0.00000000,0.00000000,0.09196873,0.00000000,0.00000000,0.00000000,0.00000000,0.00000000,0.00000000,0.00000000,0.00000000,0.01203549,0.00000000,0.00000000,0.01429798,0.00178503,0.00000000,0.00000000,0.00000000,0.00000000,0.00000000,0.00000000,0.00000000,0.00000000,0.00000000,0.00000000,0.00000000,0.00000000,0.00000000,0.00000000,0.00000000,0.00000000,0.00000000,0.00000000,0.00000000,0.00000000,0.00000000,0.00000000,0.00000000,0.00000000,0.00000000,0.00000000,0.00000000,0.00000000,0.00000000,0.00000000,0.00000000,0.13483455,0.00501084,0.00000000,0.00000000,0.00000000,0.00000000,0.00000000,0.00000000,0.00000000,0.00000000,0.00000000,0.00000000,0.00000000,0.00000000,0.00000000,0.03823875,0.00000000,0.00000000,0.00000000,0.00000000,0.00211187,0.00000000,0.00000000,0.00000000,0.00000000,0.00539196,0.00000000,0.00000000,0.00000000,0.00000000,0.00000000,0.00000000,0.00000000,0.00000000,0.00000000,0.00000000,0.01792280,0.01432098,0.00000000,0.00000000,0.00000000,0.01655696,0.00000000,0.00000000,0.00000000,0.00000000,0.00000000,0.00000000,0.00000000,0.00000000,0.00000000,0.00000000,0.00000000,0.00466012,0.00000000,0.00000000,0.00938053,0.00000000,0.00000000,0.00000000,0.00000000,0.00000000,0.00000000,0.00000000,0.00000000,0.00000000,0.00000000,0.00000000,0.00000000,0.00000000,0.00000000,0.00000000,0.00000000,0.00000000,0.00439755,0.00000000,0.00000000,0.00000000,0.00000000,0.00000000,0.00267498,0.00000000,0.00000000,0.01859807,0.00000000,0.00000000,0.00000000,0.00000000,0.00000000,0.00000000,0.00000000,0.00000000,0.00933160,0.00000000,0.00000000,0.00000000,0.00000000,0.08712850,0.00000000,0.00000000,0.11296280,0.00658337,0.00000000,0.00000000,0.00000000,0.00000000,0.00000000,0.00000000,0.00000000,1.64939818,0.00000000,0.00000000,0.00435064,0.00000000,0.00000000,0.00000000,0.00000000,0.00000000,0.00000000,0.00000000,0.00000000,0.00000000,0.00000000,0.25769940,0.00000000,0.00000000,0.00000000,0.00000000,0.00000000,0.00000000,0.00000000,0.00000000,0.00000000,0.00000000,0.00000000,0.03704106,0.00000000,0.06911088,0.00000000,0.00000000,0.00000000,0.00000000,0.00000000,0.00000000,0.00000000,0.00000000,0.00000000,0.00000000,0.00000000,0.00840260,0.00297512,0.00000000,0.00000000,0.00000000,0.00000000,0.06678809,0.00000000,0.00000000,0.00000000,0.04742621,0.00000000,0.00000000,0.00000000,0.00262427,0.00871524,0.00000000,0.00000000,0.00000000,0.21284372,0.00000000,0.00000000,0.00272825,0.00000000,0.00000000,0.00000000,0.00000000,0.00000000,0.00000000,0.00000000,0.00000000,0.00000000,0.00000000,0.00000000,0.00000000,0.00000000,0.00000000,0.00000000,0.00000000,0.00000000,0.00000000,0.00000000,0.00000000,0.00000000,0.00000000,0.00000000,0.00000000,0.00000000,0.00000000,0.00000000,0.00000000,0.00000000,0.03472336,0.00000000,0.00000000,0.00439810,0.00000000,0.00000000,0.00000000,0.00000000,0.00000000,0.00000000,0.00000000,0.00000000,0.00000000,0.00000000,0.00000000,0.00118573,0.00000000,0.00000000,0.00000000,0.01823702,0.00000000,0.00000000,0.00000000,0.00176701,0.00000000,0.00000000,0.06103727,0.00000000,0.00000000,0.00000000,0.00000000,0.01947642,1.19396364,0.00000000,0.00000000,0.00000000,0.00000000,0.00000000,0.00000000,0.00000000,0.00000000,0.00000000,0.00000000,0.00000000,0.00000000,0.00000000,0.00000000,0.00076505,0.00000000,0.00000000,0.00000000,0.00000000,0.00000000,0.00000000,0.00000000,0.00000000,0.00000000,0.00000000,0.00000000,0.00000000,0.00000000,0.00000000,0.00000000,0.00000000,0.00000000,0.00000000,0.00000000,0.00000000,0.00000000,0.00000000,0.00000000,0.00205654,0.00000000,0.00000000,0.00000000,0.00000000,0.00000000,0.00000000,0.00000000,0.00000000,0.00000000,0.00000000,0.00000000,0.00000000,0.00000000,0.00000000,0.00000000,0.00000000,0.00000000,0.00000000,0.00000000,0.00000000,0.00000000,0.00000000,0.00000000,0.00000000,0.00000000,0.00000000,0.00000000,0.00000000,0.00000000,0.00986338,0.00000000,0.00000000,0.00000000,0.00000000,0.00835743,0.00000000,0.00000000,0.00000000,0.00000000,0.03391755,0.00000000,0.00000000,0.00000000,0.00000000,0.00000000,0.00000000,0.00000000,0.00000000,0.00000000,0.00000000,0.00000000,0.00000000,0.00477385,0.00000000,0.00000000,0.00000000,0.00718385,0.00000000,0.00000000,0.00000000,0.00000000,0.00000000,0.00000000,0.00000000,0.00302606,0.00000000,0.00000000,0.00000000,0.00000000,0.00000000,0.00000000,0.00000000,0.00000000,0.00000000,0.00000000,0.00000000,0.00000000,0.00000000,0.00402914,0.00000000,0.00000000,0.00000000,0.00000000,0.00000000,0.00644748,0.00000000,0.00318650,0.00000000,0.00000000,0.00000000,0.00000000,0.00000000,0.00000000,0.00000000,0.00000000,0.00000000,0.00000000,0.00000000,0.00000000,0.00000000,0.00000000,0.00000000,0.00000000,0.00000000,0.00000000,0.00621003,0.00000000,0.00000000,0.00000000,0.00000000,0.00000000,0.00000000,0.00000000,0.72307458,0.00000000,0.00000000,0.00000000,0.00000000,0.00000000,0.00000000,0.00347484,0.00000000,0.00000000,0.00000000,0.00000000,0.00978011,0.00000000,0.00000000,0.00000000,0.00000000,0.00000000,0.00000000,0.00000000,0.00000000,0.00000000,0.00000000,0.06666152,0.00000000,0.00000000,0.00000000,0.00000000,0.00000000,0.00000000,0.00000000,0.00000000,0.00000000,0.91549805,0.00000000,0.00000000,0.00000000,0.01046760,0.00389435,0.00000000,0.00000000,0.00000000,0.00000000,0.00000000,0.00000000,0.00000000,0.00000000,0.00197180,0.00000000,0.00000000,0.00000000,0.00000000,0.00000000,0.01273540,0.00000000,0.00000000,0.00000000,0.00000000,0.00000000,0.00000000,0.00085665,0.00000000,0.00000000,0.00000000,0.00000000,0.00676570,0.03274635,0.00752558,0.19445691,0.00000000,0.00000000,0.00000000,0.00000000,0.00000000,0.06798245,0.00598619,0.00349412,0.00000000,0.00000000,0.00000000,0.00000000,0.00000000,0.00000000,0.05030302,0.00000000,0.00000000,0.00000000,0.00000000,0.00000000,0.00000000,0.00000000,0.00000000,0.00173419,0.00000000,0.00000000,0.01574747,0.00000000,0.00000000,0.00000000,0.00000000,0.04374447,0.00000000,0.00000000,0.00726189,0.00000000,0.00000000,0.00000000,0.00000000,0.00000000,0.00000000,0.00000000,0.00000000,0.00000000,0.00000000,0.00000000,0.00254164,0.00000000,0.00000000,0.01193684,0.00000000,0.00168474,0.00000000,0.00069405,0.00000000,0.00000000,0.00000000,0.00000000,0.00000000,0.00000000,0.00299599,0.00000000,0.00000000,0.02410728,0.00000000,0.00000000,0.00000000,0.00000000,0.00000000,0.00000000,0.00000000,0.00000000,0.00000000,0.00000000,0.01793216,0.00000000,0.00000000,0.00000000,0.00000000,0.00000000,0.00000000,0.00000000,0.00000000,0.00000000,0.00000000,0.00000000,0.00000000,0.00000000,0.00000000,0.00000000,0.00000000,0.00579216,0.00000000,0.00000000,0.05333207,0.00000000,0.00000000,0.00397673,0.00000000,0.00000000,0.00000000,0.00000000,0.00000000,0.17137051,0.00000000,0.00000000,0.02559624,0.08178075,0.00000000,0.00000000,0.00000000,0.00000000,0.00000000,0.08005868,0.00000000,0.00000000,0.01120097,0.00000000,0.00000000,0.00000000,0.00000000,0.00000000,0.00000000,0.00000000,0.00844456,0.00000000,0.00000000,0.00000000,0.00000000,0.00403085,0.00000000,0.00000000,0.00000000,0.00000000,0.00000000,0.00000000,0.00000000,0.00000000,0.00000000,0.00000000,0.00000000,0.00000000,0.00000000,0.00000000,0.00000000,0.00000000,0.00000000,0.00000000,0.00000000,0.00000000,0.00234518,0.04052369,0.00000000,0.00000000,0.00000000,0.00000000,0.00000000,0.00000000,0.00000000,0.00000000,0.31662768,0.00000000,0.00000000,0.01331293,0.00000000,0.00000000,0.00000000,0.00000000,0.00000000,0.00000000,0.00000000,0.00132961,0.00000000,0.00000000,0.00000000,0.00000000,0.00000000,0.00000000,0.00000000,0.00000000,0.00000000,0.00000000,0.00000000,0.05889383,0.02502818,0.00000000,0.00000000,0.00000000,0.02391836,0.00000000,0.00000000,0.00000000,0.00000000,0.00000000,0.00000000,0.00000000,0.00000000,0.00000000,0.00000000,0.00000000,0.00000000,0.00000000,0.00000000,0.00000000,0.04183684,0.00000000,0.01314558,0.00000000,0.00000000,0.00000000,0.00000000,0.00000000,0.00000000,0.00000000,0.00000000,0.00000000,0.00000000,0.00000000,0.00000000,0.00000000,0.00000000,0.00000000,0.00000000,0.00000000,0.00000000,0.00000000,0.00237234,0.00000000,0.00000000,0.00000000,0.00000000,0.00000000,0.00000000,0.00000000,0.00000000,0.00000000,0.00000000,0.00000000,0.00000000,0.00000000,0.00000000,0.04400902,0.00000000,0.00000000,0.00000000,0.00000000,0.00000000,0.00000000,0.00000000,0.00447959,0.00000000,0.00000000,0.00000000,0.00000000,0.00000000,0.00000000,0.00000000,0.00000000,0.00000000,0.00000000,0.00000000,0.00299159,0.00000000,0.00000000,0.00000000,0.00733688,0.00000000,0.00230472,0.00000000,0.00000000,0.00000000,0.00000000,0.00000000,0.00000000,0.00340523,0.00000000,0.00000000,0.00923312
0.00000000,0.00000000,0.00000000,0.00000000,0.00106962,0.00000000,0.00000000,0.00000000,0.00000000,0.00000000,0.00000000,0.00000000,0.00000000,0.00000000,0.00000000,0.00000000,0.00000000,0.00000000,0.03586989,0.00000000,0.00000000,0.00000000,0.00000000,0.00000000,0.00000000,0.00000000,0.00000000,0.00000000,0.00000000,0.00000000,0.00000000,0.00000000,0.00000000,0.00000000,0.00000000,0.33669620,0.00000000,0.00000000,0.00540141,0.00000000,0.00000000,0.00000000,0.00000000,0.00000000,0.00466787,0.00000000,0.00000000,0.00000000,0.00000000,0.00000000,0.00099595,0.00000000,0.00000000,0.02118548,0.00000000,0.00000000,0.02114437,0.00118863,0.00000000,0.00000000,0.00000000,0.19872866,0.00000000,0.00000000,0.00000000,0.00000000,0.00000000,0.00000000,0.00000000,0.01097414,0.00000000,0.00000000,0.00000000,0.00000000,0.00000000,0.00000000,0.00000000,0.00000000,0.00771638,0.00000000,0.00000000,0.00000000,0.00000000,0.00000000,0.00000000,0.00000000,0.00000000,0.03160667,0.00000000,0.00000000,0.00000000,0.00000000,0.00000000,0.01642612,0.00000000,0.00000000,0.00000000,0.00000000,0.00000000,0.00000000,0.00000000,0.00000000,0.00000000,0.00000000,0.00000000,0.00000000,0.00000000,0.00000000,0.00000000,0.00000000,0.00000000,0.00000000,0.00000000,0.13231326,0.00000000,0.00000000,0.00000000,0.00000000,0.00000000,0.00000000,0.00000000,0.00000000,0.00000000,0.00000000,0.00000000,0.00739913,0.00000000,0.00000000,0.00000000,0.00000000,0.00000000,0.00000000,0.00000000,0.00000000,0.00000000,0.00000000,0.00000000,0.00000000,0.00000000,0.00000000,0.00000000,0.00000000,0.00000000,0.00000000,0.02097471,0.00000000,0.00000000,0.00000000,0.00000000,0.00000000,0.00000000,0.00000000,0.00704902,0.00000000,0.00000000,0.00000000,0.00000000,0.00000000,0.00000000,0.00000000,0.00000000,0.00000000,0.00000000,0.00000000,0.00000000,0.00000000,0.00000000,0.00000000,0.00000000,0.00000000,0.00000000,0.00000000,0.00000000,0.00000000,0.00119227,0.00000000,0.00000000,0.00000000,0.00000000,0.00000000,0.00000000,0.00295391,0.00000000,0.00000000,0.00000000,0.00219732,0.00000000,0.00125526,0.00000000,0.00000000,0.00000000,0.00000000,0.00000000,0.00000000,0.00000000,0.00000000,0.00000000,0.00000000,0.00000000,0.02941553,0.00000000,0.00000000,0.00000000,0.00000000,0.00000000,0.00000000,0.00000000,0.00000000,0.01397486,0.00000000,0.00000000,0.00000000,0.00000000,0.00000000,0.00000000,0.00000000,0.00000000,0.00000000,0.00000000,0.00000000,0.00000000,0.00000000,0.00383707,0.00387109,0.00000000,0.00000000,0.00000000,0.00000000,0.00000000,0.00000000,0.00000000,0.00000000,0.00000000,0.00000000,0.00000000,0.00000000,0.00000000,0.03778715,0.00000000,0.00000000,0.00000000,0.00000000,0.00000000,0.00000000,0.00000000,0.00000000,0.00000000,0.00000000,0.00000000,0.00000000,0.00000000,0.00000000,0.00000000,0.00000000,0.00000000,0.00000000,0.00000000,0.00000000,0.00000000,0.00000000,0.00000000,0.00000000,0.00000000,0.00000000,0.00000000,0.00000000,0.00000000,0.00000000,0.00000000,0.00000000,0.00000000,0.00000000,0.00000000,0.00000000,0.00000000,0.00000000,0.00000000,0.00000000,0.00000000,0.00000000,0.00000000,0.06568798,0.00000000,0.00000000,0.00000000,0.00000000,0.00000000,0.00000000,0.00000000,0.00000000,0.00000000,0.00000000,0.00000000,0.00000000,0.00000000,0.00000000,0.00000000,0.00000000,0.00000000,0.00000000,0.01535457,0.00262950,0.00000000,0.00000000,0.00000000,0.00000000,0.00000000,0.00000000,0.00000000,0.00000000,0.00150908,0.04246654,0.00407198,0.00000000,0.00562183,0.00000000,0.00000000,0.00000000,0.00000000,0.00000000,0.00000000,0.00000000,0.00000000,0.00000000,0.00000000,0.00000000,0.62283215,0.00000000,0.00234177,0.00681925,0.00222910,0.00000000,0.00000000,0.00000000,0.00000000,0.00000000,0.00000000,0.00000000,0.00000000,0.00000000,0.00000000,0.00000000,0.00000000,0.00000000,0.00891413,0.00120922,0.00000000,0.00000000,0.00000000,0.00000000,0.00000000,0.00071433,0.00000000,0.00000000,0.00000000,0.02247559,0.00000000,0.00000000,0.00000000,0.00000000,0.00000000,0.00000000,0.00000000,0.00000000,0.00000000,0.00000000,0.00000000,0.00000000,0.00000000,0.00000000,0.00000000,1.32785196,0.00000000,0.00000000,0.00000000,0.00000000,0.00000000,0.00000000,0.00000000,0.00000000,0.02627232,0.00000000,0.00000000,0.00000000,0.00000000,0.00000000,0.00000000,0.00000000,0.00000000,0.00000000,0.00000000,0.01542259,0.00000000,0.00000000,0.00000000,0.00000000,0.00000000,0.00000000,0.00000000,0.00436867,0.00000000,0.00000000,0.00000000,0.00000000,0.00000000,0.00000000,0.00000000,0.00000000,0.00000000,0.00000000,0.00000000,0.00000000,0.00000000,0.00000000,0.00000000,0.00000000,0.00000000,0.00797481,0.00000000,0.00000000,0.00000000,0.00000000,0.00000000,0.00000000,0.00000000,0.00000000,0.00000000,0.00000000,0.00000000,0.00000000,0.00000000,0.00000000,0.00000000,0.00000000,0.03475590,0.00000000,0.00000000,0.64470413,0.00957837,0.00000000,0.00509914,0.00000000,0.00000000,0.00000000,0.00000000,0.07957645,0.00368512,1.69172893,0.00000000,0.00000000,0.00000000,0.00000000,0.10787016,0.00000000,0.00000000,0.00000000,0.00000000,0.00488204,0.00000000,0.00000000,0.09143748,0.00000000,0.00000000,0.00000000,0.00000000,0.00000000,0.00000000,0.00000000,0.00000000,0.00000000,0.00000000,0.00000000,0.00000000,0.00000000,0.00641599,0.00000000,0.00000000,0.00000000,0.00000000,0.00000000,0.00000000,0.00000000,0.00000000,0.00000000,0.00000000,0.01477530,0.00000000,0.07188485,0.00000000,0.00000000,0.01538467,0.00000000,0.00000000,0.00000000,0.00000000,0.00000000,0.00000000,0.00000000,0.00000000,0.00000000,0.00000000,0.00000000,0.00000000,0.00000000,0.00000000,0.00000000,0.00000000,0.00000000,0.00000000,0.00000000,0.00000000,0.00084374,0.00000000,0.00755434,0.00732614,0.00231729,0.00000000,0.00000000,0.00000000,0.00000000,0.00000000,0.00000000,0.00000000,0.00450113,0.00000000,0.00000000,0.04128227,0.00000000,0.00000000,0.00000000,0.00000000,0.00000000,0.00146337,0.00000000,0.00000000,0.00000000,0.00000000,0.05025689,0.01943277,0.00000000,0.00000000,0.00000000,0.02288487,0.00000000,0.01173350,0.00304305,0.02577558,0.00000000,0.00000000,0.00000000,0.00000000,0.00000000,0.00000000,0.00000000,0.00000000,0.00000000,0.00000000,0.00000000,0.00000000,0.00000000,0.00000000,0.00000000,0.00000000,0.00000000,0.00364399,0.00000000,0.00000000,0.00000000,0.00000000,0.00000000,0.00000000,0.00499974,0.00000000,0.00000000,0.00000000,0.00000000,0.00000000,0.00000000,0.00000000,0.00000000,0.00000000,0.00000000,0.00000000,0.00000000,0.00000000,0.00000000,0.00000000,0.00000000,0.00000000,0.00000000,0.00000000,0.00000000,0.00000000,0.00000000,0.00000000,0.00000000,0.00190745,0.00000000,0.00000000,0.00000000,0.00000000,0.00000000,0.00000000,0.00000000,0.00000000,0.00000000,0.05518689,0.00000000,0.00000000,0.00000000,0.00000000,0.00000000,0.00000000,0.00000000,0.00000000,0.00000000,0.00000000,0.01698470,0.00000000,0.00000000,0.00000000,0.00000000,0.00477559,0.00000000,0.00298118,0.00000000,0.00286745,0.00000000,0.53380275,0.00176596,0.00000000,0.00000000,0.00000000,0.00000000,0.00000000,0.00000000,0.00000000,0.00000000,0.00000000,0.00000000,0.00000000,0.00000000,0.00000000,0.00000000,0.00000000,0.00000000,0.00000000,0.00000000,0.00000000,0.00000000,0.01372280,0.00000000,0.00000000,0.00000000,0.00000000,0.00595334,0.00000000,0.00000000,0.00000000,0.00000000,0.00000000,0.00000000,0.00000000,0.01599293,0.00000000,0.02269703,0.00000000,0.00000000,0.00636721,0.00000000,0.00000000,0.00000000,0.02125209,0.00000000,0.00000000,0.00000000,0.00000000,0.00000000,0.00000000,0.00000000,0.00000000,0.01136802,0.00000000,0.00000000,0.00000000,0.00000000,0.00000000,0.00000000,0.00000000,0.00000000,0.00000000,0.00000000,0.00000000,0.02363320,0.01047601,0.00000000,0.00000000,0.11974133,0.00000000,0.00000000,0.00151636,0.00000000,0.00000000,0.00000000,0.00000000,0.00000000,0.00000000,0.00000000,0.00000000,0.00000000,0.00000000,0.00000000,0.00000000,0.00000000,0.00000000,0.00000000,0.34820625,0.00000000,0.00000000,0.00759511,0.00306689,0.03413563,0.00000000,0.00000000,0.00000000,0.10241903,0.00895575,0.00000000,0.00000000,0.40126382,0.00171624,0.00000000,0.00000000,0.00000000,0.00000000,0.00000000,0.00619225,0.00000000,0.00000000,0.02628257,0.00000000,0.00000000,0.00000000,0.00000000,0.00000000,0.00000000,0.00000000,0.00000000,0.00000000,0.00000000,0.00000000,0.00000000,0.00000000,0.00000000,0.00000000,0.00000000,0.00000000,0.00000000,0.00000000,0.00000000,0.00000000,0.00000000,0.00000000,0.00000000,0.00865945,0.00000000,0.00356585,0.04149530,0.00000000,0.01453221,0.00000000,0.00000000,0.00000000,0.00000000,0.00946164,0.00000000,0.00000000,0.01761441,0.00000000,0.00000000,0.00000000,0.00000000,0.00000000,0.00000000,0.00000000,0.00000000,0.00183634,0.00000000,0.00000000,0.00000000,0.00000000,0.00000000,0.00000000,0.03052637,0.00000000,0.00000000,0.00000000,0.04268927,0.00000000,0.00000000
0.00000000,0.01211592,0.00000000,0.00000000,0.01673544,0.00000000,0.00000000,0.00000000,0.00000000,0.00000000,0.00000000,0.00000000,0.00000000,0.00000000,0.00000000,0.00000000,0.00000000,0.00000000,0.00000000,0.00000000,0.00341941,0.00000000,0.00000000,0.00000000,0.00000000,0.00000000,0.00000000,0.00000000,0.00000000,0.00000000,0.00000000,0.00000000,0.00000000,0.00000000,0.08645299,0.00000000,0.00000000,0.00000000,0.00000000,0.00000000,0.00000000,0.00000000,0.00000000,0.00581199,0.00000000,0.00000000,0.00000000,0.04830930,0.00000000,0.00000000,0.00000000,0.00000000,0.00000000,0.00000000,0.00000000,0.01257672,0.00000000,0.00000000,0.00000000,0.00000000,0.00000000,0.00000000,0.00000000,0.00000000,0.00000000,0.00000000,0.00000000,0.00000000,0.00000000,0.00000000,0.00000000,0.00000000,0.00000000,0.00000000,0.00000000,0.00000000,0.00000000,0.00000000,0.00000000,0.17281923,0.00000000,0.00000000,0.00000000,0.00000000,0.00000000,0.00000000,0.02380458,0.65517373,0.00000000,0.00000000,0.00000000,0.00000000,0.00000000,0.00435766,0.00000000,0.00000000,0.00000000,0.00000000,0.00000000,0.00000000,0.00000000,0.00000000,0.00000000,0.00000000,0.00000000,0.00000000,0.02245973,0.00000000,0.00000000,0.00210989,0.00000000,0.00000000,0.00000000,0.00000000,0.00000000,0.00000000,0.00000000,0.00000000,0.00000000,0.00000000,0.00000000,0.00000000,0.00000000,0.00000000,0.00000000,0.00000000,0.00000000,0.00000000,0.00000000,0.00000000,0.00000000,0.00000000,0.00000000,0.00000000,0.00000000,0.00000000,0.00000000,0.00000000,0.00000000,0.00000000,0.00000000,0.00000000,0.00000000,0.00099310,0.00000000,0.00000000,0.00000000,0.00000000,0.00429853,0.00000000,0.00000000,0.04028764,0.00000000,0.00000000,0.02129751,0.00000000,0.00000000,0.00000000,0.00000000,0.00000000,0.00000000,0.00000000,0.00000000,0.00000000,0.00000000,0.01448975,0.00000000,0.00000000,0.00000000,0.00000000,0.00000000,0.00000000,0.00000000,0.00000000,0.00000000,0.00000000,0.01398994,0.00000000,0.00000000,0.00000000,0.00193175,0.00000000,0.00000000,0.00000000,0.00219732,0.00000000,0.00000000,0.00000000,0.00000000,0.00000000,0.00000000,0.00224123,0.00000000,0.00000000,0.00000000,0.00000000,0.00000000,0.00000000,0.00000000,0.00000000,0.00000000,0.00000000,0.00000000,0.00309530,0.00528698,0.00000000,0.00523328,0.00000000,0.00000000,0.00000000,0.00820665,0.00000000,0.00000000,0.00000000,0.00000000,0.00000000,1.31339623,0.00000000,0.00218307,0.00000000,0.00000000,0.00000000,0.00000000,0.00000000,0.01488929,0.00000000,0.00000000,0.00000000,0.00000000,0.00000000,0.00000000,0.00000000,0.00000000,0.00000000,0.00104448,0.00000000,0.00000000,0.00000000,0.00000000,0.00071857,0.00426612,0.08201996,0.00000000,0.00000000,0.00000000,0.00000000,0.00000000,0.00000000,0.00000000,0.00000000,0.00000000,0.00000000,0.00000000,0.00000000,0.00000000,0.00000000,0.00000000,0.00000000,0.00000000,0.00000000,0.00000000,0.00000000,0.00000000,0.00000000,0.00000000,0.00000000,0.00000000,0.00168078,0.00000000,0.00000000,0.00000000,0.00212902,0.02549021,0.00000000,0.00500301,0.00431158,0.00000000,0.00000000,0.00000000,0.00000000,0.00000000,0.00000000,0.00000000,0.00000000,0.00000000,0.00000000,0.00709495,0.00000000,0.00000000,0.00000000,0.00000000,0.00000000,0.00000000,0.00000000,0.00000000,0.00000000,0.00000000,0.00000000,0.00000000,0.00000000,0.00000000,0.00000000,0.00000000,0.00000000,0.00000000,0.00000000,0.00000000,0.00000000,0.02525468,0.20187414,0.00000000,0.01257077,0.00000000,0.00000000,0.00000000,0.00000000,0.00000000,0.00000000,0.00000000,0.00000000,0.00000000,0.00000000,0.00000000,0.00000000,0.00000000,0.00000000,0.16472144,0.00000000,0.07369462,0.00000000,0.00000000,0.00000000,0.01106107,0.00000000,0.00000000,0.00000000,0.00000000,0.00000000,0.00000000,0.00831560,2.26647565,0.00000000,0.00000000,0.00240812,0.00000000,0.00000000,0.00000000,0.00000000,0.00000000,0.00000000,0.00000000,0.00000000,0.00000000,0.00000000,0.00000000,0.00000000,0.00000000,0.00000000,0.00000000,0.00000000,0.00000000,0.00000000,0.00000000,0.00253173,0.00000000,0.00000000,3.20583109,0.00000000,0.00000000,0.00294132,0.00000000,0.00000000,0.00000000,0.00000000,0.00000000,0.00000000,0.00000000,0.00000000,0.00000000,0.00000000,0.00000000,0.00000000,0.00000000,0.00000000,0.02308674,0.00000000,0.00000000,0.00000000,0.00000000,0.00000000,0.00000000,0.00000000,0.00000000,0.00000000,0.00000000,0.05115396,0.00689090,0.00000000,0.01048517,0.00000000,0.00000000,0.00000000,0.00000000,0.00077195,0.00000000,0.00000000,0.01499016,0.00000000,0.00000000,0.00000000,0.00000000,0.00000000,0.00000000,0.00000000,0.00000000,0.00000000,0.00000000,0.00634313,0.00000000,0.00000000,0.00000000,0.00000000,0.00000000,0.00000000,0.00000000,0.00000000,0.00000000,0.01029514,0.00000000,0.00342709,0.00000000,0.00000000,0.00000000,0.00000000,0.00000000,0.00000000,0.00000000,0.00000000,0.00000000,0.00000000,0.00000000,0.00000000,0.00528400,0.00000000,0.00000000,0.00000000,0.00000000,0.00118848,0.00000000,0.00000000,0.01333607,0.00000000,0.00000000,0.00000000,0.02772118,0.00000000,0.00000000,0.00000000,0.00672319,0.00500531,0.00000000,0.00000000,0.00000000,0.00000000,0.00000000,0.00482576,0.00650117,0.00000000,0.00000000,0.00000000,0.00000000,0.03237305,0.00090145,0.00000000,0.00000000,0.00000000,0.00000000,0.00000000,0.00000000,0.00000000,0.00000000,0.00000000,0.00000000,0.00000000,0.00000000,0.00000000,0.00000000,0.00000000,0.00000000,0.08804987,0.00000000,0.00000000,0.00000000,0.00000000,0.00000000,0.00000000,0.05615015,0.00000000,0.00000000,0.56121118,0.03017386,0.00000000,0.00000000,0.04890763,0.00000000,0.00000000,0.00000000,0.00000000,0.01015586,0.00000000,0.00000000,0.00000000,0.00000000,0.00000000,0.00000000,0.00000000,0.00000000,0.00000000,0.00000000,0.00000000,0.00000000,0.00000000,0.00000000,0.00000000,0.00000000,0.00000000,0.00000000,0.00000000,0.00000000,0.00000000,0.00000000,0.00954013,0.00000000,0.00362526,0.00000000,0.00000000,0.00000000,0.05132937,0.00000000,0.03727111,0.00000000,0.00000000,0.00000000,0.10091200,0.00000000,0.00000000,1.67762480,0.00000000,0.00000000,0.00000000,0.00000000,0.00000000,0.00000000,0.00264386,0.00000000,0.01695071,0.00000000,0.00000000,0.00000000,0.00000000,0.00000000,0.00000000,0.00000000,0.00000000,0.00000000,0.00089358,0.00000000,0.00000000,0.00000000,0.00000000,0.00206790,0.00000000,0.00000000,0.00000000,0.00000000,0.00000000,0.00000000,0.00000000,0.00000000,0.00000000,0.00000000,0.00000000,0.00000000,0.00000000,0.00000000,0.00000000,0.00000000,0.00000000,0.01935444,0.41838316,0.00000000,0.00000000,0.00000000,0.00000000,0.00000000,0.00000000,0.00000000,0.00000000,0.00000000,0.00000000,0.00000000,0.00000000,0.00225671,0.00000000,0.00000000,0.00000000,0.00000000,0.00000000,0.01545949,0.01321366,0.00000000,0.00000000,0.00824170,0.03246875,0.00000000,0.00000000,0.00000000,0.00000000,0.00000000,0.00000000,0.00000000,0.00000000,0.00000000,0.00000000,0.00000000,0.00000000,0.00000000,0.02374177,0.00000000,0.00000000,0.00000000,0.00000000,0.00000000,0.00000000,0.00000000,0.00000000,0.00000000,0.02214755,2.46610432,0.00000000,0.00302925,0.00000000,0.00000000,0.00000000,0.00231479,0.00000000,0.00000000,0.00000000,0.00000000,0.00000000,0.00000000,0.00000000,0.00000000,0.00000000,0.00000000,0.00000000,0.00000000,0.00000000,0.00000000,0.00000000,0.00000000,0.00851527,0.00000000,0.00000000,0.00000000,0.00000000,0.00000000,0.00000000,0.00000000,0.00000000,0.00000000,0.00000000,0.00000000,0.00000000,0.00000000,0.00000000,0.00000000,0.00626936,0.00000000,0.00399256,0.00000000,0.00000000,0.00000000,0.00000000,0.00000000,0.00175674,0.16563575,0.00000000,0.00000000,0.00000000,0.00377182,0.00000000,0.00000000,0.04106340,0.00000000,0.00000000,0.00000000,0.00000000,0.00000000,0.00000000,0.00000000,0.00000000,0.01486794,0.00000000,0.00000000,0.00000000,0.00000000,0.00000000,0.00000000,0.09117952,0.00000000,0.00000000,0.00000000,0.00000000,0.00000000,0.01712889,0.00000000,0.00000000,0.00000000,0.00000000,0.00000000,0.00000000,0.00000000,1.20045270,0.00000000,0.00000000,0.00000000,0.00000000,0.00000000,0.00000000,0.00461558,0.00000000,0.00000000,0.00000000,0.00000000,0.00000000,0.00000000,0.00000000,0.00000000,0.00000000,0.00000000,0.00000000,0.00000000,0.00000000,0.00000000,0.00000000,0.00000000,0.00000000,0.00000000,0.00000000,0.00000000,0.00000000,0.00000000,0.00000000,0.00000000,0.00000000,0.00000000,0.00000000,0.00000000,0.00000000,0.00000000,0.00000000,0.00000000,0.00000000,0.00000000,0.00000000,0.01844634,0.00000000,0.00000000,0.00000000,0.00000000,0.00000000,0.00000000,0.00000000,0.04725654,0.00000000,0.00000000,0.00000000,0.00000000,0.00000000,0.00000000,0.00000000,0.00000000,0.00000000,0.00615339,0.00000000,0.00000000,0.00000000,0.00000000,0.00000000,0.00000000,0.00000000,0.00000000,0.00000000,0.00000000,0.00000000,0.00718906,0.00000000,0.00000000,0.00000000
0.00000000,0.00315490,0.00000000,0.07589557,0.00000000,0.00000000,0.00000000,0.00000000,0.00000000,0.00000000,0.00000000,0.00000000,0.00454834,0.00000000,0.00000000,0.00000000,0.00000000,0.00000000,0.00000000,0.00000000,0.00000000,0.00000000,0.00000000,0.00000000,0.00000000,0.00000000,0.00000000,0.00000000,0.00000000,0.00000000,0.00000000,0.00000000,0.00000000,0.09120042,0.00000000,0.00000000,0.00000000,0.00000000,0.00000000,0.00000000,0.00000000,0.00000000,0.00409611,0.00136762,0.00000000,0.00574536,0.00000000,0.01774209,0.00000000,0.00000000,0.11101322,0.00000000,0.00000000,0.00000000,0.00000000,0.00000000,0.00000000,0.00000000,0.00000000,0.00000000,0.00328503,0.00000000,0.00000000,0.00000000,0.00000000,0.00000000,0.00140196,0.01002558,0.00000000,0.00000000,0.00000000,0.00000000,0.00000000,0.00000000,0.00000000,0.00000000,0.00000000,0.00261740,0.00000000,0.00000000,0.00000000,0.00000000,0.00000000,0.00435331,0.00000000,0.00000000,0.00000000,0.00000000,0.00389372,0.00000000,0.00000000,0.00000000,0.00000000,0.00000000,0.00000000,0.00000000,0.00000000,0.00000000,0.00000000,0.00000000,0.01575826,0.00000000,0.00000000,0.00000000,0.00000000,0.00000000,0.00000000,0.00000000,0.00000000,0.00000000,0.00000000,0.00248878,0.00000000,0.00617271,0.14213240,0.00000000,0.00000000,0.00000000,0.00000000,0.00000000,0.00000000,0.00000000,0.00000000,0.00000000,0.00000000,0.00000000,0.00000000,0.00000000,0.00072311,0.00000000,0.00000000,0.00000000,0.00000000,0.00000000,0.00000000,0.00000000,0.00000000,0.00000000,0.00000000,0.00000000,0.00000000,0.00000000,0.00000000,0.00000000,0.00000000,0.00000000,0.00000000,0.00000000,0.00000000,0.00000000,0.00000000,0.00000000,0.00000000,0.00000000,0.00000000,0.00000000,0.00000000,0.00000000,0.00000000,0.00000000,0.00000000,0.00000000,0.00000000,0.00000000,0.00000000,0.00000000,0.00000000,0.00000000,0.02183193,0.00000000,0.00000000,0.00000000,0.00000000,0.00000000,0.00000000,0.00000000,0.00000000,0.02474604,0.00000000,0.00000000,0.00000000,0.00000000,0.00000000,0.00000000,0.00000000,0.00000000,0.00000000,0.00000000,0.00000000,0.01934207,0.00000000,0.00000000,0.00000000,0.00000000,0.00000000,0.00000000,0.00000000,0.00000000,0.00000000,0.00000000,0.00000000,0.00000000,0.00000000,0.00000000,0.00000000,0.00000000,0.00000000,0.00000000,0.00000000,0.00000000,0.03035439,1.48271567,0.00000000,0.00000000,0.00000000,0.00000000,0.00088014,0.00000000,0.00000000,0.00000000,0.00000000,0.00000000,0.00000000,0.00000000,0.00000000,0.00000000,0.00062707,0.00000000,0.02091314,0.00000000,0.00000000,0.00000000,0.00000000,0.00000000,0.00000000,0.00000000,0.00000000,0.00000000,0.00650528,0.00000000,0.00000000,0.00000000,0.00000000,0.00000000,0.00070574,0.01297179,0.00000000,0.00000000,0.00000000,0.00000000,0.00000000,0.00000000,0.00000000,0.00000000,0.00000000,0.00000000,0.00000000,0.00101763,0.00000000,0.00485352,0.00000000,0.00000000,0.00000000,0.00000000,0.00000000,1.47548500,0.00000000,0.03596333,0.00000000,0.00000000,0.00000000,0.00000000,0.00000000,0.00000000,0.00000000,0.00000000,0.00000000,0.00000000,0.00000000,0.00000000,0.00000000,0.00246450,0.00000000,0.00000000,0.00000000,0.00000000,0.00000000,0.00000000,0.00167571,0.00000000,0.00000000,0.00000000,0.00000000,0.00000000,0.00000000,0.00000000,0.00000000,0.00000000,0.00000000,0.00000000,0.00000000,0.00000000,0.00000000,0.00000000,0.00000000,0.00000000,0.09007959,0.03002899,0.00000000,0.00000000,0.00000000,0.00000000,0.00000000,0.00000000,0.00000000,0.00000000,0.00000000,0.00000000,0.00000000,0.00000000,0.00000000,0.00000000,0.00000000,0.00000000,0.00000000,0.00000000,0.02792611,0.00000000,0.00000000,0.00000000,0.00365615,0.00000000,0.02283955,0.00000000,0.00000000,0.00000000,0.00000000,0.00000000,0.00000000,0.00000000,0.00000000,0.00000000,0.00000000,0.00000000,0.00000000,0.00000000,0.00000000,0.00000000,0.00000000,0.00000000,0.00000000,0.00000000,0.00000000,0.00000000,0.00000000,0.00000000,0.00000000,0.01524811,0.00000000,0.00000000,0.00000000,0.00000000,0.00000000,0.00342691,0.00000000,0.00000000,0.00000000,0.00000000,0.00000000,0.00000000,0.00000000,0.00000000,0.00000000,0.00000000,0.00000000,0.00000000,0.00000000,0.00000000,0.00000000,0.00000000,0.00000000,0.00000000,0.00000000,0.00000000,0.04049889,0.00000000,0.00000000,0.00000000,0.00000000,0.00000000,0.00728543,0.00000000,0.00000000,0.00000000,0.00000000,0.00000000,0.02227136,0.00000000,0.00000000,0.00000000,0.00000000,0.00000000,0.00000000,0.00000000,0.00000000,0.00477034,0.00000000,0.00000000,0.44014915,0.00000000,0.00000000,0.00000000,0.00000000,0.00000000,0.00000000,0.00000000,0.00000000,0.00000000,0.00000000,0.01274322,0.09893240,0.00000000,0.00000000,0.00000000,0.00000000,0.00000000,0.00000000,0.00000000,0.04699519,0.00000000,0.00000000,0.00000000,0.00000000,0.00000000,0.00000000,0.00000000,0.02146539,0.00000000,0.01700318,0.00000000,0.00000000,0.00000000,0.00000000,0.03488267,0.00626705,0.00000000,0.00000000,0.00000000,0.00000000,0.00000000,0.00000000,1.12090272,0.00000000,0.00000000,0.00000000,0.00339991,0.00000000,0.00000000,0.00000000,0.00000000,0.00000000,0.00172267,0.00000000,0.00000000,0.00000000,0.02462190,0.00345110,0.00000000,0.00000000,0.00000000,0.00000000,0.00000000,0.01912623,0.00000000,0.00000000,0.00070488,0.00000000,0.00000000,0.00000000,0.00000000,0.00000000,0.00000000,0.00000000,0.59880415,0.00000000,0.00000000,1.54830509,0.00000000,0.00000000,0.00000000,0.00000000,0.00000000,0.00000000,0.01430765,0.00000000,0.00000000,0.00000000,0.00000000,0.00540177,0.00000000,0.00000000,0.06655436,0.00000000,0.00259480,0.00000000,0.00000000,0.00000000,0.00000000,0.00000000,0.00000000,0.00000000,0.00000000,0.01174986,0.00000000,0.00000000,0.00000000,0.00000000,0.00000000,0.01988032,0.03064927,0.00000000,0.00000000,0.00000000,0.00000000,0.00455094,0.00000000,0.00000000,0.00000000,0.00413499,0.00000000,0.00280334,0.00000000,0.00972004,0.12748952,0.00000000,0.00000000,0.00000000,0.00000000,0.89846010,0.00000000,0.03934783,0.00000000,0.00000000,0.00000000,0.00000000,0.00000000,0.00000000,0.15224020,1.33877229,0.00000000,0.00000000,0.00000000,0.00000000,0.00000000,0.00000000,0.00000000,0.00000000,0.00000000,0.00000000,0.06499573,0.00000000,0.00000000,0.00000000,0.00000000,0.00000000,0.00000000,0.00000000,0.00000000,0.00491555,0.00000000,0.00000000,0.00000000,0.00000000,0.00000000,0.00000000,0.00000000,0.00000000,0.00000000,0.00000000,0.00000000,0.00000000,0.01102036,0.00000000,0.00000000,0.04268871,0.00000000,0.00000000,0.00000000,0.00000000,0.01142448,0.00000000,0.00000000,0.00000000,0.00000000,0.00000000,0.00000000,0.00000000,0.00000000,0.00000000,0.00000000,0.02659984,0.00000000,0.01262066,0.00000000,0.00176752,2.68634158,0.00000000,0.00000000,0.00000000,0.00000000,0.00000000,0.00000000,0.01586664,0.00000000,0.00000000,0.00000000,0.02343394,0.00000000,0.00000000,0.03183131,0.00000000,0.00000000,0.00000000,0.00000000,0.00000000,0.00000000,0.00000000,0.00000000,0.00000000,0.00000000,0.00000000,0.00000000,0.00000000,0.00000000,0.00000000,0.00000000,0.00893567,0.00262729,0.00000000,0.00000000,0.00000000,0.00000000,0.00000000,0.00000000,0.00000000,0.00000000,0.00000000,0.00000000,0.00000000,0.00000000,0.00000000,0.00000000,0.00000000,0.00000000,0.00000000,0.00000000,0.00000000,0.00000000,0.00000000,0.01217868,0.00000000,0.00000000,0.06021211,0.00000000,0.00000000,0.00000000,0.00000000,0.00000000,0.00000000,0.00219237,0.00000000,0.00000000,0.00000000,0.24291110,0.00000000,0.00000000,0.00000000,0.00000000,0.00000000,0.00000000,0.00557801,0.00000000,0.00000000,0.00000000,0.00849214,0.00000000,0.00000000,0.00000000,0.00000000,0.00000000,0.00000000,0.00000000,0.03323667,0.00000000,0.00000000,0.00000000,0.00000000,0.00229230,0.00000000,0.00000000,0.00000000,0.00000000,0.00000000,0.00149539,0.00000000,0.00000000,0.00000000,0.00000000,0.00000000,0.00000000,0.00000000,0.00000000,0.01911640,0.00000000,0.00000000,0.00000000,0.00000000,0.00000000,0.07153919,0.00000000,0.00000000,0.00000000,0.00000000,0.00000000,0.00000000,0.00000000,0.00000000,0.00000000,0.00000000,0.00000000,0.00000000,0.00000000,0.00000000,0.00230628,0.00000000,0.00000000,0.00000000,0.98664668,0.00000000,0.00000000,0.00000000,0.00000000,0.00000000,0.00000000,0.00000000,0.00655166,0.00000000,0.00000000,0.00000000,0.00000000,0.00000000,0.00000000,0.00000000,0.00000000,0.00000000,0.00463320,0.00000000,0.00000000,0.00000000,0.00000000,0.00000000,0.00000000,0.00000000,0.00000000,0.00787704,0.00000000,0.00000000,0.00000000,0.00000000,0.00000000,0.00000000,0.00000000,0.00000000,0.00000000,0.00000000,0.00000000,0.00000000,0.00000000,0.01375538,0.00000000,0.00000000,0.00000000,0.00000000,0.00000000,0.00000000,0.00000000,0.00000000,0.00221343,0.00000000,0.00000000,0.00000000,0.00000000,0.00000000,0.00000000,0.00000000,0.00000000,0.01502772,0.00000000,0.00000000,0.00000000
0.04623636,0.00000000,0.00000000,0.00000000,0.00000000,0.00000000,0.00000000,0.00000000,0.00000000,0.00714653,0.00000000,0.00086030,0.00382121,0.00000000,0.00000000,0.01434398,0.17828050,0.00000000,0.00000000,0.00000000,0.00000000,0.00000000,0.00000000,0.00000000,0.00000000,0.00000000,0.00000000,0.00000000,0.00000000,0.00000000,0.00000000,0.00000000,0.00467270,0.00000000,0.00000000,0.00000000,0.00000000,0.00000000,0.00000000,0.00000000,0.00000000,0.00000000,0.00000000,0.00000000,0.00000000,0.00000000,0.00000000,0.00000000,0.00000000,0.00000000,0.00000000,0.00000000,0.00422950,0.00000000,0.00000000,0.00000000,0.00000000,0.00000000,0.00203008,0.00000000,0.00000000,0.00000000,0.00000000,0.00000000,0.00000000,0.00000000,0.00000000,0.00000000,0.00000000,0.00000000,0.00000000,0.00000000,0.00000000,0.00000000,0.00000000,0.00000000,0.00000000,0.00000000,0.00000000,0.00000000,0.00000000,0.00000000,0.00000000,0.00000000,0.00000000,0.00133918,0.00000000,0.00000000,0.00000000,0.00000000,0.00000000,0.00419874,0.00000000,0.00000000,0.00000000,0.00000000,0.00000000,0.00000000,0.00000000,0.00000000,0.00000000,0.00000000,0.00000000,0.00000000,0.00000000,0.00000000,0.00000000,0.00000000,0.00000000,0.00000000,0.00000000,0.00000000,0.00000000,0.00000000,0.00000000,0.00000000,0.03378092,0.00093012,0.00000000,0.00000000,0.00000000,0.00000000,0.00000000,0.01938884,0.00000000,0.00000000,0.00000000,0.00000000,0.00615290,0.00000000,0.00000000,0.00000000,0.00000000,0.00000000,0.00000000,0.00000000,0.00000000,0.00000000,0.00000000,0.00000000,0.00483901,0.00000000,0.00000000,0.00000000,0.00000000,0.00000000,0.00000000,0.00000000,0.00000000,0.00000000,0.00000000,0.00000000,0.00059819,0.03264049,0.00000000,0.00000000,0.00000000,0.01721241,0.00000000,0.00540398,0.01075940,0.00094620,1.24530996,0.00000000,0.00000000,0.00000000,0.00000000,0.00000000,0.00000000,0.00000000,0.00000000,0.00409638,0.00591089,0.00000000,0.00000000,0.00000000,0.00000000,0.00000000,0.00000000,0.00000000,0.00000000,0.00000000,0.00000000,0.00000000,0.00125526,0.00000000,0.00000000,0.00000000,0.00000000,0.00000000,0.00000000,0.00000000,0.00000000,0.00000000,0.00000000,0.00000000,0.00086873,0.00000000,0.00000000,0.00000000,0.00000000,0.00000000,0.00000000,0.00342448,0.00000000,0.00000000,0.00000000,0.00000000,0.00000000,0.00000000,0.00000000,0.00000000,0.00000000,0.00000000,0.00000000,0.00986398,0.00000000,0.00000000,0.05581912,0.00000000,0.00000000,0.00000000,0.00000000,0.00000000,0.18695076,2.49785825,0.00000000,0.00000000,0.00000000,0.00000000,0.00307085,0.00178720,0.00000000,0.00000000,0.00000000,0.00000000,0.00000000,0.01455798,0.00000000,0.00000000,0.00000000,0.00000000,0.00000000,0.00000000,0.00000000,0.00000000,0.00000000,0.00487696,0.00000000,0.00000000,0.00000000,0.00567236,0.00000000,0.00000000,0.00000000,0.00292503,0.03727073,0.00000000,0.00000000,0.01292172,0.00000000,0.12153534,0.00000000,0.00000000,0.00000000,0.00000000,0.06483391,0.00000000,0.00000000,0.00000000,0.00000000,0.00000000,0.00000000,0.00000000,0.00000000,0.00000000,0.00000000,0.00000000,0.00000000,0.00000000,0.00000000,0.00000000,0.00000000,0.83787656,0.00000000,0.00000000,0.00000000,0.00000000,0.00000000,0.00000000,0.00000000,0.00273528,0.00000000,0.00000000,0.00000000,0.00000000,0.00000000,0.00000000,0.00000000,0.00000000,0.00000000,0.00000000,0.00000000,0.00000000,0.00000000,0.00000000,0.00000000,0.00000000,0.00000000,0.00000000,0.00000000,0.00000000,0.00000000,0.00000000,0.00000000,0.00000000,0.00000000,0.00000000,0.01298523,0.00000000,0.00000000,0.00000000,0.00127504,0.00000000,0.00000000,0.00000000,0.00000000,0.04451495,0.00000000,0.00000000,0.00000000,0.00000000,0.00000000,0.00000000,0.00000000,0.00000000,0.00000000,0.00000000,0.00000000,0.00000000,0.00000000,0.00000000,0.00484822,0.00000000,0.00710786,0.00000000,0.00000000,0.00000000,0.00000000,0.00000000,0.00000000,0.00000000,2.70068940,0.00000000,0.00000000,0.00000000,0.34014670,0.00000000,0.00000000,0.00000000,0.00000000,0.00000000,0.00366405,0.00000000,0.10590159,0.00000000,0.00000000,0.00000000,0.00000000,0.00000000,0.00000000,0.00000000,0.00000000,0.00000000,0.00000000,0.00000000,0.00000000,0.00000000,0.00668160,0.00000000,0.03799267,0.00000000,0.00000000,0.00000000,0.00000000,0.00000000,0.00000000,0.00000000,0.00000000,0.00000000,0.00000000,0.00000000,0.00000000,0.00000000,0.01085201,0.00091668,0.00000000,0.00000000,0.00000000,0.00000000,0.00395106,0.00000000,0.00000000,0.00000000,0.00000000,0.00000000,0.00000000,0.00000000,0.00144239,0.00000000,0.00000000,0.00000000,0.00777013,0.00000000,0.00000000,0.00000000,0.00000000,0.00000000,0.00000000,0.00000000,0.00000000,0.00000000,0.00000000,0.00000000,0.00000000,0.00000000,0.00000000,0.00000000,0.00000000,0.00000000,0.00000000,0.00000000,0.00497578,0.00000000,0.01285764,0.00000000,0.00000000,0.00000000,0.00000000,0.00000000,0.00000000,0.00000000,0.00000000,0.00284874,0.00000000,0.00000000,0.00000000,0.00000000,0.00000000,0.00000000,0.00000000,0.01382464,0.00000000,0.62424656,0.00000000,0.00442678,0.00000000,0.00000000,0.00000000,0.00000000,0.00095944,0.00000000,0.00000000,0.00000000,0.00000000,0.00000000,0.00000000,0.00000000,0.00000000,0.00000000,0.00000000,0.03364518,0.03670097,0.00000000,0.00000000,0.00000000,0.00000000,0.00000000,0.00000000,0.00000000,0.00000000,0.00000000,0.00000000,0.00000000,0.00000000,0.00000000,0.00000000,0.00000000,0.00000000,0.00000000,0.00000000,0.00000000,0.00000000,0.00000000,0.00000000,0.00000000,0.00000000,0.00355064,0.00000000,0.00000000,0.00000000,0.00000000,0.00000000,0.00000000,0.00000000,0.00000000,0.02294363,0.00000000,0.00000000,0.00000000,0.00000000,0.00000000,0.00000000,0.00000000,0.00000000,0.00000000,0.00000000,0.00000000,0.00000000,0.00000000,0.00000000,0.00000000,0.00000000,0.00000000,0.00000000,0.02254465,0.00000000,0.00000000,0.00000000,0.00000000,0.00000000,0.00000000,0.00000000,0.00000000,0.00000000,0.00000000,0.01519983,0.00000000,0.00000000,0.00000000,0.00270342,0.00000000,0.00247222,0.00000000,0.00613090,0.00000000,0.00238187,0.00000000,0.00000000,0.00000000,0.05976455,0.00000000,0.00000000,0.00000000,0.00000000,0.00000000,0.00000000,0.00000000,0.00000000,0.00000000,0.00000000,0.00000000,0.01817039,0.00000000,0.00000000,0.00278971,0.00000000,0.00000000,0.00000000,0.01648536,0.00238625,0.00000000,0.00000000,0.00000000,0.00000000,0.00592177,0.00000000,0.00000000,0.00000000,0.00000000,0.00000000,0.00000000,0.00000000,0.00570637,0.00000000,0.00000000,0.00577359,0.00000000,0.00000000,0.00000000,0.00000000,0.00000000,0.00059542,0.00000000,0.00000000,0.00000000,0.00000000,0.00000000,0.00851233,0.00000000,0.00000000,0.00000000,0.00000000,0.00131508,0.00000000,0.00000000,0.00000000,0.00375858,0.00000000,0.00000000,0.00000000,0.00000000,0.00000000,0.00000000,0.00239973,0.00000000,0.00000000,0.00000000,0.00000000,0.00000000,0.00000000,0.00000000,0.00000000,0.00000000,0.00355688,0.00000000,0.00000000,0.00000000,0.00000000,0.00000000,0.00000000,0.00000000,0.00000000,0.00000000,0.00000000,0.05438874,0.00000000,0.00000000,0.00000000,0.00000000,0.00820315,0.00000000,0.00000000,0.00000000,0.00000000,0.00000000,0.00000000,0.00000000,0.00000000,0.00000000,0.00000000,0.00000000,0.00000000,0.00000000,0.00000000,0.00155298,0.00000000,0.00000000,0.00000000,0.00000000,0.00000000,0.00000000,0.00000000,0.00000000,0.00000000,0.00000000,0.00000000,0.00000000,0.00000000,0.00000000,0.00000000,0.00000000,0.00000000,0.00359773,0.00000000,0.00000000,0.00000000,0.00681519,0.00000000,0.00000000,0.00000000,0.00000000,0.00000000,0.00000000,0.00000000,0.00000000,0.00000000,0.05350880,0.00000000,0.00307378,0.00000000,0.00000000,0.00000000,0.00000000,0.00000000,0.00000000,0.00000000,0.00000000,0.00000000,0.00000000,0.00000000,0.00362946,0.00000000,0.00000000,0.00000000,0.00000000,0.00000000,0.00000000,0.00000000,0.00000000,0.00441069,0.00000000,0.00000000,0.00000000,0.01377016,0.00000000,0.00110524,0.00000000,0.00429357,0.00000000,0.00000000,0.00000000,0.00234753,0.00000000,0.00000000,0.00000000,0.00000000,0.00000000,0.00000000,0.00000000,0.00000000,0.00000000,0.00000000,0.00000000,0.00000000,0.00000000,0.00000000,0.00000000,0.00000000,0.00000000,0.00000000,0.00000000,0.00000000,0.01878942,0.00000000,0.00000000,0.00000000,0.02204268,0.00000000,0.00000000,0.03047883,0.00000000,0.00000000,0.00000000,0.00000000,0.00000000,0.00000000,0.00302002,0.00000000,0.00000000,0.00000000,0.00000000,0.00000000,0.10496590,0.00000000,0.00000000,0.01121135,0.00000000,0.00000000,0.00000000,0.00000000,0.00000000,0.00000000,0.00000000,0.00000000,0.00000000,0.00000000,0.00478635,0.00000000,0.00000000,0.00000000,0.00000000,0.00000000,0.00000000,1.76786678,0.00875109,0.00000000,0.00000000,0.00000000,0.00000000,0.00000000,0.02433566,0.00000000,0.00000000,0.00000000,0.00000000,0.00000000,0.00000000,0.00000000,0.00000000
0.00000000,0.00000000,0.00000000,0.01794094,0.00000000,0.00000000,0.00000000,0.00000000,0.00000000,0.00000000,0.00000000,0.00000000,0.00000000,0.00000000,0.11011400,0.00000000,0.00000000,0.00000000,0.01455345,0.00000000,0.06055456,0.00000000,0.00000000,0.00457561,0.00000000,0.00000000,0.00000000,0.00000000,0.00000000,0.00000000,0.00000000,0.00000000,0.00000000,0.00000000,0.00000000,0.00000000,0.00000000,0.00000000,0.00000000,0.00000000,0.00653054,0.00000000,0.00000000,0.01827927,0.00000000,0.12167667,0.00000000,0.00000000,0.00000000,0.00000000,0.00000000,0.00000000,0.00000000,0.00000000,0.00000000,0.00092310,0.00000000,0.00000000,0.00000000,0.00000000,0.00000000,0.00592475,0.00000000,0.00000000,0.00000000,0.00000000,0.00000000,0.00000000,0.00000000,0.00000000,0.00000000,0.00000000,0.00186408,0.00000000,0.00000000,0.00000000,0.00185004,0.00000000,0.00000000,0.00000000,0.00000000,0.00411896,0.00000000,0.00000000,0.00000000,0.00000000,0.00000000,0.00000000,0.00000000,0.00000000,0.00000000,0.00000000,0.00000000,0.00000000,0.00000000,0.00000000,0.00000000,0.03572968,0.00000000,0.00000000,0.00000000,0.00000000,0.00000000,0.00000000,0.00000000,0.00000000,0.00000000,0.00000000,0.00000000,0.00000000,0.00000000,0.00000000,0.00000000,0.00000000,0.00000000,0.01032660,0.00000000,0.01465987,0.00000000,0.00000000,0.01362276,0.00000000,0.00000000,0.00000000,0.00000000,0.00000000,0.02374972,0.00686511,0.00000000,0.00000000,0.00000000,0.00475730,0.00000000,0.00000000,0.00000000,0.00366463,0.00000000,0.00000000,0.00000000,0.61248207,0.00266021,0.00000000,0.00000000,0.00000000,0.00000000,0.00951072,0.00000000,0.00000000,0.00000000,0.00073992,0.00000000,0.00000000,0.00000000,0.00000000,0.00000000,0.00000000,0.00000000,0.00000000,0.00000000,0.00000000,0.00000000,0.00000000,0.00000000,0.00000000,0.00000000,0.01878291,0.00000000,0.00000000,0.00000000,0.00000000,0.00000000,0.00000000,0.00000000,0.00000000,0.00000000,0.00000000,0.00000000,0.00775289,0.00000000,0.00000000,0.00000000,0.00000000,0.00000000,0.00000000,0.00000000,0.00000000,0.00000000,0.00000000,0.00000000,0.00000000,0.00000000,0.00000000,0.00000000,0.00000000,0.00000000,0.00984970,0.00000000,0.00000000,0.00000000,0.00526098,0.00218086,0.08584717,0.00000000,0.00000000,0.00000000,0.00000000,0.00000000,0.00000000,0.00918665,0.00000000,0.00000000,0.00000000,0.00000000,0.00000000,0.00000000,0.00501750,0.00000000,0.00000000,0.00000000,0.00000000,0.00000000,0.00000000,0.00000000,0.00000000,0.00000000,0.00000000,0.01250675,0.00000000,0.00000000,0.10248462,0.00000000,0.00000000,0.00000000,0.00000000,0.00848170,0.00000000,0.00000000,0.00000000,0.00462456,0.00000000,0.00000000,0.00000000,0.00000000,0.00000000,0.00000000,0.00494002,0.00000000,0.00000000,0.00000000,0.00000000,0.00000000,0.00732578,0.00000000,0.00000000,0.00000000,0.00000000,0.00000000,0.00000000,0.00000000,0.00000000,0.00000000,0.00403023,0.02737063,0.34299138,0.00000000,0.00000000,0.00000000,0.00000000,0.00000000,0.00518189,0.00000000,0.00000000,0.00000000,0.00000000,0.00000000,0.00000000,0.00000000,0.02741491,0.00000000,0.00000000,0.03368620,0.00000000,0.00000000,0.00000000,0.12723293,0.00000000,0.00000000,0.00000000,0.00644235,0.00000000,0.00000000,0.00000000,0.00000000,0.00000000,0.00000000,0.00000000,0.00000000,0.00794746,0.00000000,0.00000000,0.00000000,0.00000000,0.02580446,0.00000000,0.00000000,0.00000000,0.00000000,0.00000000,0.00000000,0.00000000,0.00000000,0.00000000,0.00000000,0.00000000,0.00000000,0.00000000,0.00000000,0.00000000,0.00000000,0.00000000,0.00000000,0.00000000,0.00000000,0.00000000,0.00000000,0.00000000,0.00000000,0.00000000,0.00000000,0.00000000,0.01024247,0.00000000,0.00000000,0.00000000,0.01436668,0.01677431,0.01713737,0.00000000,0.00000000,0.00000000,0.00000000,0.00000000,0.00236382,0.00000000,0.00000000,0.00000000,0.00909870,0.00000000,0.00000000,0.00000000,0.00000000,0.00000000,0.00000000,0.00000000,0.00000000,0.00000000,0.00000000,0.00000000,0.00000000,1.16345238,0.00000000,0.00000000,0.00000000,0.00000000,0.00000000,0.00000000,0.00000000,0.00000000,0.00000000,0.00000000,0.00000000,0.00000000,0.00000000,0.00000000,0.00000000,0.00000000,0.00000000,0.03055135,0.00460027,0.00000000,0.00000000,0.00000000,0.00000000,0.00000000,0.00000000,0.00212312,0.11442682,0.00000000,0.00000000,0.00688983,0.00000000,0.00000000,0.00000000,0.00000000,0.00000000,0.00456479,0.00000000,0.00179958,0.00000000,0.00000000,0.00000000,0.01711794,0.00000000,0.00000000,0.04033831,0.02274143,0.00757870,0.00000000,0.00000000,0.00000000,0.00000000,0.00000000,0.00000000,0.00000000,0.00000000,0.00000000,0.00000000,0.00000000,0.00000000,0.00000000,0.00000000,0.00000000,0.00000000,0.00000000,0.00000000,0.01223043,0.00000000,0.00000000,0.00000000,0.00000000,0.00000000,0.00000000,0.00000000,0.00000000,0.00000000,0.00000000,0.00000000,0.01568366,0.00000000,0.00000000,0.08991775,0.00000000,0.00000000,0.00000000,0.00000000,0.02331050,0.00000000,0.00000000,0.00000000,0.00000000,0.00000000,0.00000000,0.00000000,0.00000000,0.00000000,0.00000000,0.00000000,0.00000000,0.00000000,0.00000000,0.00000000,0.00000000,0.00000000,0.00000000,0.00000000,0.00000000,0.00000000,0.00000000,0.00000000,0.00000000,1.82604654,0.00000000,0.00000000,0.00000000,3.50755670,0.00000000,0.00000000,0.01157343,0.00000000,0.00247145,0.00000000,0.00000000,0.00000000,0.00000000,0.00000000,0.00000000,0.00000000,0.00000000,0.00000000,0.00000000,0.00000000,0.00000000,0.00000000,0.00000000,0.00000000,0.00000000,0.00000000,0.00000000,0.00000000,0.00000000,0.00404710,0.00000000,0.00000000,0.00000000,0.00000000,0.00705046,0.00000000,0.00000000,0.00000000,0.00000000,0.00000000,0.00000000,0.00000000,0.00000000,0.00121021,0.00000000,0.00000000,0.00000000,0.00000000,0.00000000,0.00000000,0.00000000,0.00000000,0.01484141,0.00000000,0.22023690,0.00000000,0.00000000,0.00000000,0.00000000,0.00000000,0.00000000,0.00000000,0.00000000,0.00000000,0.00000000,0.00000000,0.00000000,0.00000000,0.00000000,0.00000000,0.00000000,0.00000000,0.00000000,0.00000000,0.00000000,0.00000000,0.00000000,0.00000000,0.00669120,0.00000000,0.00000000,0.00000000,0.00660829,0.01179429,0.00000000,0.00000000,0.00000000,0.00000000,0.00000000,0.00000000,2.17948208,0.00000000,0.05776436,0.00000000,0.00000000,0.00000000,0.01721827,0.00000000,0.00000000,0.00000000,0.00000000,0.00000000,0.00000000,0.01544156,0.00000000,0.00000000,0.00000000,0.00000000,0.00000000,0.00000000,0.00000000,0.00000000,0.00000000,0.00000000,0.00000000,0.00000000,0.00488265,0.00000000,0.00000000,0.00000000,0.00000000,0.00000000,0.00000000,0.00000000,0.00864358,0.00000000,0.00000000,0.00000000,0.00000000,0.00000000,0.00000000,0.00000000,0.00000000,0.00000000,0.00000000,0.00000000,0.00000000,0.00000000,0.00000000,0.00000000,0.00000000,0.00000000,0.00000000,0.00000000,0.00000000,0.00000000,0.00000000,0.00000000,0.00000000,0.00000000,0.00000000,0.00000000,0.00000000,0.00000000,0.00000000,0.00000000,0.00000000,0.00000000,0.08508567,0.00000000,0.00626056,0.00000000,0.00000000,0.00658104,0.00000000,0.00000000,0.00000000,0.00000000,0.01606659,0.00000000,0.00000000,0.00000000,0.00000000,0.00000000,0.00000000,0.14117975,0.00000000,0.00000000,0.00000000,0.00000000,0.00000000,0.00000000,0.00000000,0.00857194,0.00000000,0.00000000,0.00000000,0.00000000,0.00000000,0.10930376,0.00000000,0.00000000,0.00000000,0.00000000,0.00542766,0.00000000,0.00000000,0.00217403,0.00000000,0.00000000,0.00000000,0.00000000,0.00000000,0.00000000,0.02552405,0.00000000,0.00000000,0.00000000,0.00000000,0.00000000,0.00000000,0.00000000,0.00000000,0.00000000,0.00000000,0.00000000,0.00000000,0.00000000,0.00000000,0.00562452,0.00000000,0.00000000,0.00000000,0.00000000,0.00000000,0.00000000,0.00000000,0.00248129,0.02440945,0.00000000,0.00000000,0.00000000,0.00000000,0.00000000,0.00000000,0.00000000,0.00000000,0.00000000,0.00000000,0.00109553,0.00000000,0.00000000,0.00000000,0.00000000,0.00000000,0.00000000,0.00000000,0.00000000,0.00329662,0.00761118,0.00000000,0.00000000,0.00000000,0.00000000,0.00000000,0.00000000,0.00000000,0.00000000,0.00000000,0.00000000,0.00000000,0.00000000,0.00000000,0.00000000,0.00000000,0.00000000,0.00000000,0.00000000,0.00000000,0.00000000,0.00000000,0.00000000,0.00993236,0.00000000,0.00000000,0.00000000,0.00000000,0.00000000,0.00000000,0.00000000,0.00713574,0.08672971,0.00000000,0.00000000,0.00000000,0.00000000,0.00000000,0.00000000,0.00000000,0.00000000,0.00000000,0.01991641,0.01507373,0.00000000,0.00000000,0.00306666,0.00337361,0.00132465,0.00000000,0.00000000,0.00000000,0.00000000,0.00000000,0.00000000,0.00000000,0.00000000,0.00000000,0.00000000,0.00000000,0.00000000,0.00000000,0.00000000,0.00000000,0.00000000,0.00000000,0.00326233,0.00000000,0.00000000,0.00000000,0.00000000,0.00000000,0.00000000,0.00000000,0.00000000,0.00000000,0.00000000,0.00000000,0.00000000,0.00000000
0.00000000,0.00000000,0.00000000,0.00000000,0.00000000,0.00000000,0.00000000,0.00000000,0.00000000,0.00000000,0.00000000,0.00000000,0.00000000,0.00000000,0.00293402,0.00000000,0.00000000,0.00000000,0.00000000,0.00000000,0.01560127,0.00000000,0.00000000,0.00000000,0.00000000,0.00711053,0.00000000,0.01286347,0.00000000,0.00000000,0.00000000,0.00000000,0.00000000,0.00000000,0.00000000,0.00000000,0.00000000,0.00000000,2.19726663,0.00000000,0.00000000,0.00000000,0.00000000,0.00000000,0.00000000,0.00000000,0.00000000,0.00000000,0.00000000,0.00470168,0.00000000,0.00000000,0.00000000,0.00000000,0.00000000,0.00000000,0.00280763,0.00000000,0.00000000,0.00000000,0.00000000,0.01733219,0.00181877,0.00000000,0.00000000,0.00000000,0.00000000,0.00172828,0.18434082,0.00000000,0.00000000,0.00000000,0.00000000,0.00000000,0.01704248,0.00000000,0.00000000,0.00000000,0.00000000,0.00000000,0.00000000,0.00000000,0.00000000,0.00000000,0.00098625,0.00000000,0.00000000,0.00000000,0.00000000,0.00000000,0.00000000,0.00000000,0.00143435,0.00000000,0.00062139,0.00000000,0.00000000,0.00000000,0.00000000,0.04143680,0.00000000,0.00000000,0.00132356,0.00000000,0.00000000,0.00000000,0.00000000,0.00000000,0.00000000,0.00000000,0.00000000,0.00000000,0.00363213,0.00487514,0.00000000,0.00256023,0.00000000,0.00839549,0.00000000,0.00000000,0.00000000,0.00000000,0.03388851,0.00000000,0.00000000,0.00000000,0.00000000,0.00000000,0.00000000,0.00000000,0.00000000,0.00000000,0.00000000,0.00000000,0.00000000,0.00000000,0.00000000,0.02649561,0.00000000,0.00000000,0.00000000,0.00000000,0.00000000,0.00000000,0.00000000,0.00000000,0.00000000,0.00000000,0.00000000,0.00000000,0.00372105,0.00000000,0.01266939,0.00000000,0.00000000,0.00000000,0.00000000,0.00000000,0.00000000,0.00000000,0.00000000,0.00000000,0.00000000,0.00000000,0.00000000,0.00000000,0.00000000,0.00000000,0.00000000,0.00000000,0.00000000,0.00000000,0.00000000,0.00000000,0.00000000,0.00000000,0.00000000,0.00000000,0.00000000,0.00000000,0.00000000,0.00000000,0.00216780,0.00000000,0.00000000,0.00000000,0.01934207,0.00000000,0.00000000,0.00000000,0.00000000,0.00000000,0.00586872,0.00000000,0.00000000,0.00000000,0.00000000,0.00000000,0.00000000,0.00000000,0.00000000,0.00000000,0.05891067,0.00000000,0.00000000,0.00129801,0.00000000,0.00000000,0.00000000,0.00000000,0.00000000,0.00000000,0.00000000,0.00000000,0.00421398,0.00000000,0.00000000,0.00000000,0.01233356,1.10087941,0.00000000,0.00000000,0.00000000,0.00000000,0.00000000,0.00000000,0.00000000,0.00000000,0.00219145,0.00000000,0.00175826,0.01375620,0.00000000,0.00000000,0.00000000,0.00000000,0.00000000,0.00000000,0.00000000,0.00000000,0.01179277,0.00000000,0.00000000,0.00912486,0.00000000,0.00000000,0.00000000,0.00000000,0.00083309,1.34919755,0.00000000,0.00000000,0.00000000,0.00143063,0.00000000,0.00000000,0.00000000,0.00000000,0.01420289,0.00000000,0.00000000,0.00000000,0.00000000,0.00000000,0.00000000,0.00000000,0.00000000,0.00000000,0.00000000,0.00000000,0.00000000,0.00000000,0.01980092,0.00000000,0.00000000,0.00000000,0.00000000,0.00000000,0.00000000,0.00000000,0.00000000,0.00000000,0.00000000,0.00000000,0.00000000,0.05242306,0.00000000,0.00000000,0.00000000,0.00000000,0.00000000,0.00000000,0.00000000,0.00000000,0.00000000,0.00000000,0.00000000,0.13169773,0.00000000,0.00000000,0.00000000,0.00000000,0.00000000,0.00000000,0.00000000,0.00832425,0.00000000,0.00000000,0.00000000,0.00000000,0.00000000,0.00000000,0.00000000,0.00797838,0.00000000,0.00000000,0.00000000,0.00000000,0.00000000,0.00000000,0.00000000,0.00000000,0.00000000,0.00000000,0.00000000,0.00000000,0.00000000,0.00000000,0.00000000,0.00000000,0.00000000,0.00000000,0.00000000,0.00000000,0.00000000,0.05819126,0.00000000,0.17433421,0.00000000,0.01440822,0.00000000,0.00000000,0.00000000,0.00000000,0.00000000,0.00000000,0.00000000,0.00000000,0.00000000,0.00000000,0.00000000,0.01690871,0.00000000,0.01377175,0.23749838,0.00000000,0.00000000,0.00000000,0.00000000,0.00000000,0.00000000,0.00000000,0.00000000,0.00000000,0.00088034,0.00000000,0.00000000,0.00000000,0.00000000,0.00000000,0.00000000,0.04240101,0.00000000,0.13454671,0.00000000,0.00000000,0.00000000,0.00158468,0.00000000,0.00000000,0.00436914,0.00000000,0.00000000,0.00000000,0.00000000,0.03131323,0.00000000,0.00000000,0.00000000,0.00000000,0.00000000,0.00000000,0.00000000,0.00000000,0.00000000,0.00000000,0.00000000,0.00000000,0.00000000,0.00279174,0.00000000,0.00000000,0.00000000,0.00000000,0.00000000,0.00000000,0.00000000,0.01276980,0.00000000,0.00000000,0.00000000,0.00000000,0.00000000,0.00000000,0.00341890,0.00000000,0.00000000,0.00360389,0.00000000,0.00000000,0.00000000,0.00000000,0.00000000,0.00118605,0.00000000,0.00000000,0.00000000,0.00000000,0.00000000,0.00000000,0.00000000,0.00000000,0.00000000,0.00335103,0.00000000,0.00000000,0.00000000,0.00000000,0.00000000,0.00000000,0.00000000,0.00000000,0.00000000,0.00000000,0.00000000,0.00000000,0.00000000,0.00000000,0.00000000,0.00000000,0.00000000,0.00000000,0.00000000,0.01577439,0.00000000,0.00000000,0.00000000,0.00000000,0.00000000,0.00000000,0.00000000,0.00000000,0.00000000,0.00000000,1.82078300,0.00000000,0.00000000,0.24140060,0.00000000,0.00218188,0.00137607,0.00219618,0.00000000,0.00000000,0.07480260,0.00000000,0.00000000,0.00000000,0.00000000,0.01209716,0.00000000,0.00000000,0.00000000,0.00000000,0.00000000,0.00000000,0.00000000,0.00000000,0.00000000,0.00000000,0.00000000,0.00000000,0.00000000,0.00000000,0.00000000,0.00000000,0.00000000,0.00000000,0.00000000,0.00000000,0.00000000,0.01959097,0.00000000,0.00000000,0.00000000,0.00000000,0.00000000,0.00000000,0.00000000,0.00000000,0.00425002,0.00000000,0.00000000,0.00000000,0.00000000,0.00294043,0.18437382,0.00000000,0.00000000,0.00000000,0.00285115,0.00000000,0.00000000,0.01690352,0.00000000,0.00000000,0.00000000,0.00000000,0.00000000,0.00000000,0.00000000,0.00000000,0.00000000,0.03031475,1.07116152,0.00000000,0.00000000,0.00000000,0.00000000,0.00000000,0.07954480,0.00000000,0.00000000,0.00000000,0.00000000,0.00000000,0.00000000,0.00257751,0.00000000,0.00000000,0.00000000,0.01024005,0.00000000,0.00000000,0.00000000,0.00000000,0.00000000,0.00092600,0.34191337,0.00000000,0.00000000,0.00000000,0.11620660,0.00000000,0.00000000,0.00705467,0.00000000,0.00000000,0.00000000,0.00000000,0.00000000,0.00000000,0.00162774,0.00000000,0.00000000,0.00000000,0.00000000,0.00000000,0.00000000,0.00000000,0.00000000,0.01497125,0.00000000,0.00000000,0.00000000,0.00343295,0.00000000,0.00000000,0.03870001,0.00000000,0.00000000,0.00000000,0.00000000,0.00000000,0.00000000,0.00000000,0.00000000,0.00000000,0.00646757,0.00000000,0.00000000,0.00000000,0.00000000,0.00000000,0.00000000,0.00000000,0.00000000,0.00000000,0.00000000,0.00000000,0.00000000,0.00000000,0.00000000,0.00000000,0.00000000,0.01182758,0.00000000,0.00000000,0.00000000,0.00000000,0.00000000,0.00000000,0.00000000,0.00000000,0.00000000,0.00000000,0.00000000,0.00000000,0.00000000,0.00000000,0.00000000,0.00000000,0.00000000,0.00000000,0.00000000,0.00000000,0.00000000,0.00000000,0.00000000,0.00000000,0.03682954,0.00000000,0.00000000,0.53597111,0.00000000,0.00000000,0.00000000,0.00000000,0.00000000,0.00000000,0.00000000,0.00000000,0.00916762,0.00000000,0.00000000,0.00000000,0.00000000,0.00000000,0.00000000,0.00000000,0.00000000,0.00000000,0.00000000,0.00000000,0.00000000,0.00163525,0.00000000,0.00000000,0.00000000,0.00000000,0.00000000,0.00000000,0.00000000,0.00000000,0.00000000,0.00000000,0.00000000,0.00067421,0.00126338,0.00000000,0.10049551,0.00000000,0.00000000,0.00000000,0.00000000,0.00000000,0.00000000,0.00000000,0.00000000,0.00000000,0.00000000,0.00000000,0.00000000,0.00000000,0.00000000,0.00000000,0.00000000,0.00000000,0.00000000,0.00000000,0.00000000,0.01041416,0.00000000,0.00000000,0.00000000,0.00000000,0.00000000,0.00000000,0.00000000,0.00000000,0.00000000,0.00000000,0.00000000,0.07339956,0.00000000,0.00000000,0.00000000,0.00717923,0.00000000,0.00000000,0.00000000,0.00000000,0.00000000,0.00197900,0.00000000,0.00000000,0.00000000,0.00000000,0.00000000,0.00000000,0.00000000,0.00000000,0.00000000,0.00000000,0.00000000,0.00000000,0.00000000,0.00000000,0.00000000,0.00000000,0.00000000,0.00000000,0.00000000,0.00000000,0.00000000,0.00000000,0.00000000,0.00000000,0.00465620,0.00000000,0.00000000,0.00000000,0.00650616,0.00000000,0.00000000,0.00000000,0.05197875,0.00000000,0.00196720,0.00000000,0.00000000,0.00000000,0.00000000,0.00000000,0.00000000,0.00481629,0.00000000,0.00080424,0.01398508,0.00000000,0.00000000,0.00000000,0.00000000,0.00000000,0.00000000,0.00000000,0.00000000,0.00000000,0.00000000,0.00000000,0.00000000,0.00000000,0.00000000,0.00000000,0.00000000,0.00000000,0.00000000,0.00000000,0.00000000,0.00000000,0.00000000,0.00000000,0.01593283,0.00000000,0.00000000,0.00000000,1.00797959,0.00000000,0.00000000,0.00000000
0.00000000,0.00000000,0.00000000,0.00000000,0.00258904,0.00000000,0.00000000,0.00000000,0.00000000,0.00000000,0.00000000,0.00000000,0.00000000,0.00000000,0.01527671,0.00000000,0.01490311,0.00000000,0.00000000,0.01900588,0.00000000,0.00000000,0.00667618,0.00000000,0.00322859,0.00000000,0.00000000,0.00000000,0.00109778,0.00000000,0.00479375,0.00000000,0.00000000,0.01365410,0.00000000,0.00000000,0.00000000,0.00000000,0.00000000,0.00000000,0.00000000,0.00000000,0.00000000,0.00000000,0.00000000,0.00000000,0.00000000,0.00000000,0.00000000,0.00000000,0.00000000,0.00000000,0.00000000,0.00000000,0.00000000,0.00000000,0.54773238,0.00000000,0.00000000,0.00000000,0.00000000,0.00000000,0.00000000,0.00101108,0.00000000,0.00000000,0.00000000,0.00000000,0.00510205,0.00000000,0.00000000,0.00645346,0.00616433,0.00000000,0.00000000,0.00000000,0.00000000,0.00000000,0.00000000,0.00000000,0.00000000,0.00069592,0.00000000,0.00000000,0.00000000,0.00000000,0.00000000,0.00000000,0.00000000,0.00000000,0.00000000,0.00000000,0.00000000,0.00000000,0.00000000,0.00000000,0.00000000,0.00000000,0.02218957,0.00000000,0.00000000,0.00000000,0.00000000,0.00000000,0.00000000,0.00093391,0.00000000,0.00000000,0.00000000,0.00000000,0.00000000,0.00000000,0.00000000,0.00000000,0.00000000,0.00000000,0.00000000,0.00000000,0.00000000,0.00000000,0.00000000,0.84329111,0.00000000,0.00000000,0.00000000,0.00000000,0.00000000,0.00000000,0.00000000,0.00000000,0.04494690,0.00000000,0.00000000,0.00000000,0.00000000,0.00000000,0.00000000,0.00000000,0.00000000,0.00000000,0.00000000,0.00000000,0.00000000,0.00000000,0.00000000,0.73878841,0.03402913,0.00000000,0.00000000,0.00000000,0.00000000,0.00000000,0.00000000,0.00000000,0.00000000,0.00000000,0.00000000,0.00000000,0.00000000,0.00098237,0.00000000,0.00000000,0.00000000,0.00000000,0.00000000,0.00000000,0.00000000,0.00334169,0.00000000,0.00000000,0.00000000,0.00000000,0.00000000,0.00994382,0.00000000,0.00000000,0.00000000,0.00000000,0.00000000,0.00000000,0.00000000,0.00000000,0.00000000,0.25769940,0.00000000,0.00000000,0.00000000,0.00000000,0.00000000,0.00000000,0.00000000,0.02426211,0.00000000,0.00000000,0.00000000,0.00000000,0.00000000,0.00000000,0.00000000,0.00000000,0.00000000,0.00153174,0.00000000,0.00000000,0.00000000,0.00000000,0.00000000,0.00000000,0.00000000,0.00000000,0.00000000,0.01955694,0.00000000,0.42001662,0.00000000,0.00000000,0.00000000,0.00000000,0.00000000,0.00000000,0.00000000,0.00000000,0.10816122,0.00000000,0.00000000,0.00000000,0.00000000,0.00000000,0.00000000,0.00000000,0.00000000,0.00000000,0.00000000,0.00000000,0.00000000,0.00000000,0.02884820,0.00000000,0.00000000,0.00000000,0.00000000,0.00000000,0.00000000,0.01034029,0.00000000,0.00932836,0.00000000,0.00000000,0.00000000,0.00000000,0.00000000,0.00000000,0.00000000,0.00000000,0.00000000,0.00000000,0.00000000,0.00000000,0.00000000,0.00000000,0.00000000,0.00000000,0.00000000,0.00000000,0.00000000,0.01318169,0.00000000,0.00000000,0.00000000,0.02430428,0.00000000,0.00000000,0.00000000,0.01143194,0.01198144,0.00000000,0.00000000,0.00361961,0.00000000,0.00000000,0.00410832,0.00000000,0.00000000,0.00000000,0.00000000,0.00000000,0.00000000,0.00000000,0.00000000,0.00000000,0.02807723,0.00000000,0.00000000,0.00000000,0.00125847,0.00000000,0.00000000,0.00000000,0.00000000,0.00000000,0.00000000,0.00852493,0.00000000,0.00000000,0.02495807,0.00000000,0.00605570,0.00000000,0.00000000,0.00000000,0.00000000,0.00000000,0.00000000,0.00000000,0.00000000,0.34062155,0.00000000,0.00000000,0.00000000,0.00000000,0.00000000,0.00000000,0.00000000,0.00000000,0.00000000,0.00000000,0.00000000,0.00000000,0.00254138,0.02743317,0.00000000,0.00000000,0.00000000,0.00000000,0.00000000,0.00000000,0.00000000,0.00000000,0.00000000,0.00000000,0.00000000,0.00000000,0.00000000,0.00000000,0.00000000,0.00000000,0.00000000,0.06840060,0.00000000,0.00000000,0.00000000,0.00000000,0.00999370,0.00000000,0.00000000,0.00079525,0.05310127,0.00000000,0.00000000,0.00000000,0.00000000,0.00000000,0.00206071,0.00000000,0.00000000,0.00167832,1.93123239,0.00000000,0.00000000,0.00000000,0.00796955,0.00000000,0.00000000,0.00000000,0.00000000,0.00000000,0.00000000,0.00000000,0.00000000,0.00000000,0.00000000,0.00000000,0.00000000,0.00000000,0.00000000,0.00000000,0.00000000,0.00000000,0.00000000,0.00000000,0.00000000,0.00000000,1.90050570,0.00000000,0.00000000,0.00000000,0.00000000,0.00000000,0.00000000,0.00000000,0.00000000,0.00000000,0.00000000,0.00000000,0.00000000,0.00000000,0.00000000,0.00000000,0.01044210,0.00000000,0.00000000,0.00765620,0.01054819,0.00000000,0.00000000,0.00000000,0.00000000,0.00000000,0.01482422,0.00000000,0.00000000,0.00000000,0.00000000,0.00651887,0.00000000,0.00000000,0.00000000,0.16864444,0.00000000,0.00000000,0.00000000,0.00000000,0.00000000,0.00000000,0.00000000,0.00000000,0.00000000,0.03185137,0.00000000,0.00000000,0.00340697,0.00000000,0.00000000,0.00000000,0.00112807,0.00000000,0.00000000,0.00000000,0.00000000,0.00000000,0.00000000,0.00000000,0.08906523,0.00000000,0.00000000,0.00476230,0.00580905,0.00000000,0.00000000,0.00000000,0.00000000,0.00000000,0.01619234,0.00000000,0.00000000,0.42781593,0.00000000,0.00467510,0.00000000,0.00000000,0.00000000,0.00000000,0.04063859,0.00000000,0.00000000,0.00000000,0.00000000,0.00000000,0.00945578,0.00000000,0.00000000,0.00000000,0.00000000,0.00000000,0.00000000,0.00345938,0.00287075,0.00000000,0.00000000,0.00000000,0.00000000,0.00000000,0.00000000,0.00000000,0.00000000,0.00650132,0.00000000,0.00000000,0.00000000,0.00000000,0.00000000,0.00000000,0.00000000,0.00000000,0.00000000,0.00000000,0.00000000,0.00000000,0.00000000,0.00000000,0.00000000,0.00000000,0.00000000,0.00000000,0.13947222,0.00000000,0.00801459,0.00000000,0.00000000,0.00000000,0.00000000,0.00000000,0.00000000,0.00000000,0.00000000,0.00000000,0.00945615,0.21400317,0.00000000,0.00000000,0.00000000,0.00000000,0.00000000,0.00782492,0.00000000,0.00000000,0.14606534,0.03405428,0.00000000,0.00000000,0.00000000,0.00000000,0.00000000,0.00000000,0.00000000,0.00000000,0.00000000,0.00000000,0.00000000,0.00000000,0.00000000,0.00000000,0.00000000,0.00000000,0.00000000,0.00000000,0.00000000,0.00000000,0.00000000,0.00000000,0.00000000,0.00000000,0.00000000,0.00000000,0.00000000,0.00000000,0.00088724,0.00000000,0.00263446,0.00000000,0.00000000,0.00000000,0.00000000,0.00000000,0.00000000,0.00000000,0.00000000,0.00000000,0.00000000,0.00000000,0.00000000,0.01200827,0.00000000,0.00000000,0.00000000,0.00000000,0.14560490,0.00000000,0.00124521,0.12569321,0.00000000,0.00000000,0.00000000,0.00000000,0.00000000,0.00000000,0.00000000,0.00000000,0.00000000,0.00000000,0.01088366,0.00000000,0.04445392,0.00000000,0.00000000,0.02770912,0.00000000,0.00000000,0.00000000,0.00000000,0.00000000,0.00000000,0.00000000,0.00000000,0.07156214,0.00000000,0.00000000,0.00000000,0.00000000,0.00000000,0.00000000,0.00000000,0.00000000,0.00000000,0.96183743,0.00000000,0.00000000,0.00000000,0.00000000,0.00000000,0.00000000,0.00000000,0.00000000,0.00000000,0.07448529,0.00000000,0.00000000,0.00000000,0.00000000,0.00000000,0.00000000,0.00000000,0.00000000,0.00000000,0.00000000,0.00000000,0.00313081,0.00000000,0.00000000,0.00000000,0.00000000,0.00000000,0.00000000,0.01169900,0.00000000,0.00247716,0.00000000,0.00000000,0.00000000,0.00000000,0.00636469,0.00000000,0.00000000,0.00000000,0.00000000,0.00000000,0.00000000,0.00000000,0.00000000,0.00000000,0.00000000,0.10479139,0.00000000,0.00000000,0.00000000,0.00000000,0.00000000,0.00000000,0.00000000,0.00000000,0.00000000,0.00000000,0.00000000,0.00000000,0.00000000,0.00000000,0.00000000,0.00000000,0.00000000,0.00000000,0.00000000,0.00000000,0.00000000,0.00000000,0.00000000,0.00000000,0.00000000,0.00000000,0.00000000,0.00000000,0.00000000,0.00000000,0.00000000,0.00000000,0.00000000,0.00000000,0.00000000,0.00000000,0.00000000,0.00000000,0.00000000,0.00208994,0.00000000,0.00000000,0.00000000,0.00335718,0.00360465,0.00000000,1.21768437,0.00000000,0.00000000,0.00000000,1.55508529,0.00000000,0.00000000,0.00000000,0.00000000,0.00000000,0.00000000,0.00000000,0.00000000,0.00639949,0.00736827,0.00000000,0.00000000,0.00000000,0.00000000,0.00000000,0.00000000,0.00000000,0.00000000,0.00000000,0.00000000,0.00000000,0.00000000,0.00000000,0.00000000,0.00000000,0.00000000,0.00000000,0.00000000,0.00000000,0.03855509,0.00000000,0.00000000,0.00000000,0.01060710,0.00000000,0.00000000,0.00000000,0.01456285,0.00000000,0.00000000,0.00303359,0.00000000,0.00000000,0.00000000,0.00000000,0.00000000,0.00000000,0.00000000,0.00000000,0.00000000,0.00000000,0.00000000,0.00000000,1.30141597,0.00000000,0.00000000,0.00000000,0.00000000,0.00000000,0.00000000,0.00000000,0.00000000,0.00000000,0.00000000,0.00000000,0.00166805,0.00000000,0.00000000,0.00000000,0.00000000,0.00000000,0.00000000,0.00000000,0.00000000,0.00000000,0.00416797,0.00000000
0.00246384,0.00000000,0.00176609,0.00000000,0.00000000,0.00000000,0.00000000,0.00000000,0.00000000,0.00212490,0.00000000,0.00000000,0.00000000,0.00000000,0.00000000,0.00876061,0.02531970,0.00000000,0.00000000,0.00000000,0.00000000,0.04392905,0.00413986,0.00177088,0.00000000,0.00000000,0.00000000,0.00000000,0.00000000,0.00000000,0.00174735,0.00000000,0.00000000,0.00000000,0.00000000,0.00000000,0.00000000,0.00072177,0.00000000,0.00000000,0.00000000,0.00000000,0.00000000,0.00000000,0.00000000,0.00000000,0.00000000,0.00000000,0.00000000,0.00795999,0.00000000,0.00000000,0.01202238,0.04011381,0.00000000,0.00869794,0.00000000,0.00000000,0.00333712,0.00000000,0.00000000,0.00000000,0.00000000,0.00793963,0.00806503,0.00000000,0.00000000,0.00000000,0.00000000,0.00154468,0.00000000,0.00000000,0.00000000,0.00000000,0.00000000,0.00000000,0.00000000,0.00000000,0.00000000,0.00000000,0.00000000,0.00000000,0.00000000,0.00457337,0.00200213,0.00000000,0.00000000,0.00000000,0.00000000,0.00000000,0.00000000,0.00000000,0.00000000,0.00000000,0.00000000,0.00000000,0.00000000,0.00000000,0.00000000,0.00000000,0.00000000,0.00000000,0.00000000,0.00000000,0.00000000,0.00000000,0.00000000,0.00000000,0.00154311,0.00000000,0.00000000,0.00000000,0.00000000,0.00000000,0.00000000,0.00629766,0.00000000,0.00000000,0.00000000,0.00000000,0.00000000,0.00000000,0.00145808,0.00000000,0.00000000,0.00000000,0.04721561,0.02356281,0.00000000,0.00000000,0.00000000,0.00467178,0.00000000,0.00000000,0.00000000,0.00000000,0.00000000,0.00000000,0.00000000,0.00000000,0.00000000,0.00000000,0.00000000,0.00000000,0.00000000,0.00000000,0.00000000,0.02320140,0.00000000,0.00154447,0.00444486,0.00000000,0.00675292,0.00000000,0.32116544,0.00000000,0.00000000,0.00000000,0.20256568,0.00000000,0.00000000,0.00000000,0.00000000,0.10957695,0.00000000,0.00000000,0.00000000,0.00000000,0.00000000,0.00000000,0.00000000,0.00000000,0.00000000,0.00000000,0.00000000,0.00000000,0.00000000,0.00000000,0.03167395,0.00000000,0.00000000,0.00000000,0.00551317,0.00000000,0.00000000,0.00224123,0.00000000,0.00000000,0.00000000,0.00000000,0.02426211,0.00000000,0.01003842,0.00000000,0.00000000,0.00000000,0.00159580,0.00000000,0.00000000,0.00000000,0.00000000,0.00000000,0.00000000,0.00000000,0.00000000,0.00000000,0.00000000,0.00000000,0.00000000,0.00000000,0.00000000,0.00000000,0.00000000,0.00000000,0.00000000,0.00000000,0.00000000,0.00000000,0.00000000,0.00000000,0.00324753,0.00000000,0.00000000,0.00437307,0.00000000,0.00000000,0.00000000,0.00000000,0.00000000,0.00000000,0.00000000,0.00878703,0.00000000,0.00000000,0.00000000,0.00000000,0.00000000,0.00000000,0.00000000,0.00000000,0.00000000,0.00000000,0.00000000,0.00000000,0.00000000,0.00000000,0.00000000,0.00000000,0.00000000,0.00314246,0.00000000,0.00000000,0.00000000,0.00000000,0.00000000,0.00000000,0.00000000,0.00000000,0.00000000,0.00000000,0.00000000,0.00000000,0.00000000,0.00000000,0.00000000,0.00000000,0.00000000,0.00000000,0.00000000,0.00000000,0.00000000,0.00000000,0.00000000,0.00000000,0.00000000,0.00000000,0.00000000,0.00000000,0.00000000,0.00000000,0.01177772,0.00000000,0.00000000,0.00000000,0.00000000,0.00000000,0.00000000,0.00000000,0.00000000,0.00000000,0.02572134,0.00000000,0.00000000,0.00000000,0.00000000,0.00000000,0.00896869,0.00000000,0.00213956,0.00000000,0.00000000,0.38881890,0.00000000,0.00000000,0.00000000,0.00000000,0.00000000,0.01368798,0.00000000,0.00000000,0.00000000,0.00348456,0.00000000,0.00177142,0.00000000,0.00000000,0.00000000,0.00000000,0.00000000,0.00000000,0.00000000,0.00000000,0.00000000,0.00000000,0.00000000,0.00000000,0.00000000,0.00000000,0.00000000,0.00000000,0.00000000,0.00000000,0.00000000,0.00000000,0.00000000,0.00000000,0.00000000,0.00000000,0.00000000,0.01412873,0.00000000,0.00000000,0.00474020,0.00676508,0.00000000,0.02157414,0.00000000,0.00000000,0.00000000,0.00000000,0.00000000,0.00000000,0.00000000,0.00000000,0.00000000,0.00000000,0.00000000,0.00000000,0.01665734,0.00000000,0.00000000,0.00000000,0.00000000,0.00000000,0.00000000,0.00000000,0.00000000,0.00854774,0.00000000,0.00000000,0.00000000,0.00975311,0.00000000,0.00000000,0.00000000,0.00000000,0.00000000,0.00000000,0.00000000,0.00000000,0.00000000,0.00000000,0.00116309,0.00000000,0.00000000,0.00000000,0.00000000,0.00000000,0.00000000,0.00000000,0.07515365,0.00000000,0.00000000,0.00000000,0.00000000,0.00000000,0.00000000,0.00000000,0.00000000,0.00000000,0.00000000,0.00000000,0.00000000,0.00577976,0.00192346,0.00000000,0.00000000,0.00000000,0.00000000,0.00000000,0.00000000,0.00000000,0.00000000,0.00000000,0.00000000,0.00000000,0.00000000,0.00000000,0.00000000,0.00000000,0.00000000,0.00298243,0.00000000,0.00000000,0.01325355,0.00000000,0.00390994,0.00000000,0.00000000,0.00000000,0.00000000,0.00000000,0.00000000,0.14902445,0.00000000,0.00000000,0.00000000,0.00000000,0.00000000,0.00000000,0.00000000,0.00000000,0.00518443,0.00000000,0.00000000,0.00000000,0.00000000,0.00000000,0.00000000,0.00000000,0.00000000,0.12337639,0.00000000,0.00000000,0.00000000,0.00000000,0.00000000,0.00000000,0.00000000,0.00000000,0.00000000,0.00000000,0.00000000,0.00000000,0.00000000,0.00000000,0.00000000,0.00000000,0.00000000,0.00000000,0.00000000,0.00000000,0.00000000,0.00000000,0.00000000,0.00000000,0.00000000,0.00000000,0.00000000,0.00000000,0.00000000,0.00000000,0.00000000,0.00000000,0.00619538,0.00000000,0.00000000,0.00000000,0.00000000,0.00000000,0.00000000,0.00000000,0.00000000,0.00000000,0.00000000,0.00000000,0.00000000,0.00000000,0.00000000,0.00000000,0.00000000,0.00000000,0.00000000,0.00000000,0.00000000,0.00000000,0.00000000,0.00000000,0.10444507,0.00000000,0.00000000,0.00000000,0.00000000,0.00000000,0.00000000,0.00000000,0.00000000,0.00000000,0.00000000,0.00000000,0.00000000,0.00000000,0.00000000,0.00000000,0.00000000,0.00000000,0.04980937,0.00000000,0.00000000,0.00000000,0.00000000,0.00000000,0.00000000,0.01116645,0.00000000,0.00000000,0.00000000,0.00000000,0.00000000,0.00000000,0.00000000,0.00000000,0.00000000,0.00345073,0.02667218,0.00000000,0.00000000,0.00000000,0.00000000,0.00000000,0.00000000,0.00000000,0.00000000,0.00000000,0.00000000,0.00000000,0.00000000,0.00000000,0.00000000,0.00828614,0.00000000,0.00000000,0.00953690,0.00000000,0.00000000,0.00000000,0.01601220,0.00000000,0.01074947,0.00000000,0.00000000,0.00000000,0.00000000,0.00000000,0.00000000,0.00000000,0.00000000,0.00000000,0.00000000,0.00000000,0.00000000,0.00439167,0.00000000,0.00000000,0.00000000,0.00000000,0.00000000,0.00000000,0.00000000,0.00000000,0.00000000,0.00000000,0.00112789,0.00000000,0.00000000,0.00000000,0.01636599,0.00000000,0.00000000,0.00000000,0.00000000,0.00000000,0.00000000,0.00000000,0.00000000,0.06988561,0.00476053,0.00000000,0.00000000,0.00099880,0.00000000,0.00000000,0.00000000,0.00000000,0.00000000,0.00000000,0.00000000,0.00000000,0.00000000,0.00000000,0.00294493,0.00000000,0.00431447,0.00000000,0.00000000,0.01384570,0.00000000,0.00000000,0.00000000,0.00000000,0.00098875,0.00000000,0.00116458,0.05535948,0.00000000,0.00000000,0.00461356,0.00000000,0.04279430,0.00000000,0.00000000,0.00000000,0.00000000,0.00000000,0.00000000,0.00000000,0.00000000,0.00000000,0.00000000,0.00000000,0.01135887,0.00000000,0.00000000,0.00000000,0.00000000,0.00000000,0.00000000,0.00000000,0.00000000,0.00000000,0.00000000,0.00000000,0.00253358,0.00000000,0.00000000,0.00000000,0.00000000,0.00000000,0.00000000,0.18275025,0.00000000,0.00000000,0.00000000,0.00000000,0.00000000,0.00000000,0.00000000,0.00000000,0.00000000,0.00000000,0.00000000,0.00000000,0.02807897,0.00000000,0.00000000,0.00486224,0.00000000,0.00000000,0.00000000,0.00000000,0.00000000,0.00000000,0.00000000,0.00000000,0.00000000,0.00000000,0.00131611,0.00148140,0.00000000,0.00000000,0.00000000,0.00000000,0.00000000,0.00000000,0.28040055,0.00000000,0.00000000,0.00000000,0.00000000,0.00000000,0.00000000,0.00000000,0.00000000,0.00000000,0.00000000,0.00000000,0.00000000,0.00165509,0.00000000,0.00000000,0.00000000,0.00000000,0.00109292,0.00000000,0.00000000,0.00000000,0.00000000,0.00000000,0.00000000,0.00000000,0.00000000,0.00176818,0.00000000,0.00000000,0.02198407,0.00000000,0.00000000,0.00245579,0.00000000,0.07857912,0.00000000,0.00000000,0.00000000,0.00000000,0.00000000,0.00000000,0.00000000,0.00000000,0.00000000,0.00336747,0.00000000,0.00000000,0.00000000,0.00000000,0.00000000,0.00000000,0.00000000,0.00000000,0.00000000,0.00000000,0.00000000,0.00000000,0.00000000,0.00000000,0.03118015,0.00000000,0.00000000,0.00000000,0.00000000,0.00000000,0.00525287,0.00000000,0.00000000,0.01652836,0.00000000,0.00000000,0.00000000,0.00000000,0.03183451,0.00000000,0.00000000,0.00000000,0.00000000,0.26713104,0.00000000,0.00764287,0.00000000,0.00000000,0.00515710,0.00000000,0.00000000,0.00000000,0.00000000,0.00000000,0.00000000,0.00000000,0.00000000,0.00000000,0.00000000,0.00000000
0.00000000,0.00000000,0.00000000,0.00000000,0.00000000,0.00000000,0.00000000,0.00000000,0.00000000,0.00000000,0.00000000,0.00000000,0.00000000,0.00000000,0.00000000,0.00000000,0.00000000,0.00000000,0.00758366,0.00000000,0.00000000,0.00000000,0.00000000,0.04113927,0.00000000,0.00000000,0.00000000,0.00000000,0.00000000,0.00000000,0.00000000,0.00000000,0.00000000,0.25587437,0.00000000,0.00000000,0.00000000,0.00000000,0.00000000,0.00000000,0.00000000,0.00000000,0.00000000,0.00000000,0.00000000,0.00000000,0.00000000,0.00000000,0.00000000,0.00000000,0.21761887,0.00000000,0.00000000,0.00000000,0.00000000,0.00772420,0.00000000,0.00000000,0.00000000,0.00000000,0.00000000,0.00000000,0.00000000,0.00000000,0.00000000,0.00093184,0.00000000,0.00000000,0.00000000,0.04321596,0.00000000,0.00000000,0.00000000,0.00000000,0.00000000,0.06738874,0.00000000,0.00000000,0.16731245,0.00000000,0.00000000,0.00359027,0.00000000,0.00000000,0.00000000,0.00000000,0.00617672,0.01095660,0.00000000,0.00000000,0.00000000,0.00000000,0.00000000,0.00000000,0.00000000,0.00219078,0.00000000,0.00000000,0.00000000,0.00000000,0.00000000,0.00000000,0.00000000,0.00000000,0.00000000,0.00000000,0.00000000,0.00000000,0.05780109,0.00107111,0.00000000,0.00000000,0.00000000,0.00000000,0.00338756,0.00000000,0.01279178,0.00000000,0.00567041,0.00000000,0.00000000,0.00000000,0.00000000,0.00000000,0.00337729,0.00000000,0.00568770,0.00000000,0.00000000,0.00000000,0.00000000,0.00000000,0.00000000,0.00000000,0.00000000,0.00367782,0.00000000,0.00000000,0.00000000,0.00000000,0.00000000,0.00484214,0.00000000,0.00000000,0.00000000,0.00975583,0.00000000,0.00000000,0.00000000,0.00000000,0.00000000,0.00000000,0.00000000,0.00000000,0.00418634,0.00000000,0.00000000,0.00000000,0.00000000,0.00000000,0.00000000,0.00000000,0.00000000,0.00000000,0.00000000,0.00000000,0.00000000,0.00000000,0.00000000,0.00000000,0.00000000,0.00000000,0.00000000,0.04364783,0.00000000,0.00000000,1.81047259,0.01342063,0.00000000,0.00000000,0.00000000,0.00000000,0.00000000,0.00000000,0.00000000,0.00000000,0.00000000,0.00000000,0.00000000,0.00586872,0.00000000,0.01003842,0.00000000,0.00000000,0.20141400,0.00000000,0.00000000,0.00000000,0.00000000,0.00000000,0.00000000,0.00000000,0.00225463,0.00000000,0.00000000,0.00000000,0.00000000,0.00000000,0.00000000,0.00000000,0.00000000,0.00000000,0.00000000,0.00000000,0.00000000,0.00000000,0.00000000,0.00000000,0.00000000,0.00230664,0.00000000,0.00000000,0.00000000,0.00000000,0.00000000,0.00000000,0.01267681,0.00000000,0.00000000,0.00000000,0.02320145,0.00000000,0.00000000,0.00000000,0.00539014,0.00000000,0.00000000,0.00638440,0.00000000,0.00000000,0.11867379,0.00000000,0.11679730,0.00000000,0.00000000,0.00000000,0.00000000,0.00540995,0.00000000,0.00000000,0.00000000,1.06018444,0.00000000,0.00000000,0.00000000,0.00000000,0.00000000,0.00000000,0.00000000,0.00000000,0.00000000,0.00000000,0.00000000,0.00000000,0.00000000,0.00000000,0.00000000,0.00000000,0.00000000,0.00000000,0.00000000,0.00000000,0.00000000,0.00000000,0.00000000,0.00000000,0.00312051,0.00000000,0.00000000,0.00000000,0.00000000,0.01076138,0.00000000,0.00000000,0.00000000,0.00000000,0.00000000,0.00000000,0.00000000,0.00508149,0.14430490,0.00000000,0.00000000,0.00000000,0.00000000,0.00000000,0.02083449,0.00000000,0.00000000,0.00000000,0.00000000,0.00000000,0.00000000,0.00000000,0.00000000,0.00000000,0.00000000,0.00000000,0.00000000,0.00000000,0.00000000,0.00000000,0.00355570,0.12473751,0.00000000,0.00000000,0.01379442,0.00000000,0.00000000,0.00000000,0.00000000,0.00000000,0.00000000,0.00000000,0.00000000,0.00000000,0.00000000,0.00073878,0.00000000,0.00000000,0.00000000,0.00000000,0.00000000,0.00000000,0.00000000,0.01234359,0.00000000,0.00000000,0.00000000,0.00000000,0.00000000,0.00000000,0.00000000,0.00000000,0.00000000,0.00000000,0.00000000,0.00000000,0.00000000,0.00000000,0.00100217,0.00000000,0.00000000,0.02852778,0.00000000,0.00000000,0.00000000,0.00000000,0.00000000,0.00000000,0.00000000,0.00000000,0.00000000,0.00000000,0.00000000,0.00000000,0.00000000,0.00000000,0.00394676,0.00000000,0.00072954,0.00000000,0.00644271,0.00000000,0.00000000,0.00000000,0.00000000,0.00000000,0.00000000,0.00000000,0.00000000,0.00000000,0.00000000,0.00000000,0.00000000,0.00000000,0.00000000,0.00000000,0.00000000,0.00000000,0.00000000,0.00000000,0.00000000,0.00000000,0.00000000,0.00000000,0.00000000,0.00000000,0.00000000,0.00000000,0.00785040,0.00000000,0.00000000,0.00000000,0.00000000,0.00000000,0.00000000,0.06588363,0.00000000,0.01531646,0.02414489,0.00000000,0.00000000,0.00000000,0.00000000,0.00000000,0.00000000,0.00000000,0.00000000,0.00000000,0.00000000,0.00000000,0.00400430,0.00000000,0.00000000,0.00000000,0.00000000,0.00000000,0.00000000,0.06064332,0.00000000,0.00000000,0.00000000,0.00000000,0.01545820,0.00308379,0.00000000,0.00000000,0.00000000,0.00000000,0.00000000,0.00746329,0.00000000,0.00000000,0.00000000,0.00000000,0.00000000,0.01475781,0.00000000,0.00000000,0.00000000,0.00000000,0.00000000,0.00000000,0.00000000,0.01726972,0.00000000,0.00000000,0.00000000,0.00804613,0.00000000,0.00000000,0.00000000,0.00000000,0.11424115,0.17212956,0.00513807,0.00000000,0.00000000,0.00000000,0.00000000,0.00000000,0.00000000,0.00885755,0.00000000,0.00000000,0.00000000,0.00297644,0.00000000,0.01264006,0.00000000,0.00000000,0.00000000,0.02909909,0.00000000,0.00000000,0.00000000,0.00000000,0.00000000,0.00000000,0.00000000,0.00259569,0.00000000,0.00000000,0.00000000,0.00000000,0.00000000,0.00000000,0.00000000,0.00000000,0.00521162,0.00000000,0.00230042,0.00000000,0.00000000,0.00000000,0.00000000,0.00000000,0.00288972,0.00000000,0.00000000,0.00000000,0.00000000,0.00000000,0.00000000,0.00000000,0.00000000,0.00000000,0.00000000,0.00099945,0.00000000,0.00000000,0.00000000,0.00000000,0.00000000,0.00000000,0.00000000,0.00000000,0.00000000,0.00000000,0.00000000,0.00000000,0.00000000,0.00734387,0.00000000,0.00544347,0.00000000,0.00000000,0.00000000,0.00000000,0.00000000,0.00000000,0.00000000,0.00000000,0.00000000,0.00000000,0.00000000,0.00202374,0.00406881,0.00000000,0.00000000,0.00000000,0.00000000,0.00000000,0.07978600,0.00000000,0.07845982,0.00000000,0.00000000,0.00000000,0.00000000,0.00000000,0.00000000,0.00000000,0.00000000,0.00000000,0.00000000,0.00000000,0.00000000,0.00379315,0.00000000,0.00000000,0.00000000,0.00000000,0.00000000,0.00000000,0.00000000,0.00000000,0.00000000,0.00000000,0.00000000,0.00000000,0.00000000,0.00000000,0.00000000,0.00000000,0.00000000,0.00000000,0.00360110,0.00000000,0.00000000,0.00000000,0.00000000,0.02065648,0.00000000,0.00000000,0.00000000,0.00000000,0.00000000,0.00000000,0.00000000,0.00000000,0.00000000,0.00438150,0.00000000,0.00000000,0.00000000,0.00571896,0.00000000,0.00000000,0.00000000,0.41212910,0.00000000,0.00000000,0.00000000,0.00000000,0.00000000,0.00000000,0.00000000,0.00000000,0.00000000,0.00000000,0.00000000,0.00000000,0.00000000,0.00000000,0.05179841,0.00000000,0.00000000,0.00000000,0.00000000,0.00000000,0.00000000,0.00000000,0.00314534,0.00000000,0.00000000,0.00000000,0.00463813,0.00000000,0.00000000,0.00247599,0.00000000,0.00000000,0.00000000,0.00000000,0.00000000,0.01436756,0.00000000,0.00000000,0.01061250,0.00723115,0.00000000,0.00000000,0.00000000,0.00000000,0.00000000,0.00000000,0.00000000,0.00000000,0.00000000,0.00000000,0.00000000,0.00000000,0.00000000,0.00000000,0.00000000,0.00000000,0.00000000,0.00000000,0.00000000,0.00618245,0.00000000,0.00000000,0.00000000,0.00000000,0.00000000,0.00000000,0.00000000,0.00000000,0.00000000,0.00000000,0.00648993,0.00000000,0.00000000,0.00000000,0.00000000,0.00000000,0.00000000,0.00000000,0.00000000,0.00878298,0.00000000,0.00075996,0.00000000,0.00000000,0.00000000,0.00000000,0.00000000,0.00000000,0.00000000,0.00000000,0.00000000,0.00000000,0.00000000,0.00000000,0.00000000,0.00000000,0.00000000,0.00000000,0.00000000,0.00691056,0.00000000,0.00000000,0.00000000,0.00000000,0.00000000,0.00000000,0.00000000,0.00000000,0.22570526,0.00000000,0.00000000,0.00000000,0.00000000,0.00000000,0.00000000,0.00000000,0.00000000,0.00000000,0.00000000,0.00000000,0.00000000,0.00000000,0.00000000,0.00000000,0.00000000,0.00000000,0.00000000,0.00000000,0.00000000,0.07891341,0.00000000,0.00000000,0.00000000,0.00000000,0.00000000,0.20847002,0.00000000,0.00000000,0.00000000,0.00000000,0.00000000,0.00000000,0.00000000,0.00000000,0.00000000,0.00000000,0.00000000,0.00000000,0.00735014,0.00234349,0.00000000,0.00000000,0.00000000,0.00000000,0.00000000,0.00000000,0.00000000,0.00000000,0.00000000,0.00000000,0.02857176,0.00600008,0.00000000,0.00000000,0.00000000,0.00000000,0.00000000,0.00000000,0.00000000,0.00000000,0.00300124,0.00000000,0.01233457,0.00000000,0.00000000,0.00454169,0.00000000,0.00000000,0.00000000,0.00000000,0.00000000,0.00000000,0.00000000,0.00636822,0.00000000,0.00000000,0.00000000,0.00000000
0.00000000,0.00352975,0.02181463,0.00000000,0.00000000,0.00000000,0.00000000,0.00000000,0.00000000,0.00000000,0.00000000,0.00000000,0.00000000,0.02636222,0.00257893,0.00000000,0.00000000,0.00000000,0.00000000,0.00000000,0.00000000,0.00000000,0.00000000,0.00000000,0.00000000,0.00000000,0.00000000,0.00000000,0.00000000,0.00000000,0.00000000,0.00000000,0.00000000,0.00000000,0.00000000,0.00646879,0.00000000,0.00000000,0.00000000,0.00000000,0.00000000,0.00000000,0.00327801,0.00000000,0.00000000,0.00000000,0.00000000,0.00000000,0.00000000,0.00000000,0.00000000,0.00000000,0.00000000,0.00000000,0.00000000,0.00000000,0.00000000,0.00000000,0.00000000,0.00000000,0.00000000,0.00000000,0.00000000,0.00000000,0.00000000,0.00000000,0.00000000,0.00000000,0.00000000,0.00000000,0.00000000,0.00722931,0.00000000,0.00000000,0.00000000,0.00000000,0.00000000,0.00000000,0.00000000,0.00000000,0.00000000,0.00000000,0.00000000,0.00000000,0.00000000,0.00000000,0.00000000,0.00000000,0.00000000,0.00000000,0.00577346,0.00000000,0.00000000,0.00000000,0.00000000,0.00000000,0.00429369,0.00000000,0.00000000,0.00000000,0.00539081,0.00000000,0.00000000,0.00000000,0.00669458,0.00000000,0.00000000,0.00106706,0.00164346,0.00000000,0.00000000,0.00000000,0.00549498,0.00000000,0.00000000,0.00765054,0.00000000,0.00000000,0.00000000,0.00000000,0.00000000,0.00051907,0.00000000,0.00000000,0.00000000,0.00000000,0.00000000,0.00000000,0.00000000,0.00000000,0.00000000,0.00000000,0.00000000,0.00000000,0.00000000,0.00000000,0.00000000,0.00217002,0.00000000,0.00000000,0.00000000,0.00414290,0.00000000,0.00000000,0.00000000,0.00000000,0.00000000,0.00000000,0.00000000,0.00000000,0.00000000,0.02703739,1.70627296,0.00000000,0.00000000,0.20186500,0.01383348,0.00000000,0.00000000,0.00000000,0.00000000,0.00000000,0.00000000,0.00000000,0.00000000,0.00000000,0.00000000,0.00824665,0.00000000,0.01207000,0.00000000,0.00000000,0.06760298,0.00000000,0.00342082,0.00000000,0.00000000,0.00000000,0.00000000,0.00000000,0.00000000,0.00000000,0.00000000,0.00000000,0.00000000,0.00000000,0.00000000,0.00000000,0.00000000,0.00000000,0.00000000,0.00000000,0.00000000,0.00000000,0.00000000,0.05317732,0.00000000,0.00000000,0.00000000,0.00000000,0.00000000,0.00000000,0.00000000,0.00000000,0.00000000,0.00000000,0.00000000,0.00000000,0.00000000,0.00000000,0.00000000,0.00000000,0.00000000,0.24994763,0.00000000,0.00000000,0.00000000,0.00000000,0.00000000,0.00000000,0.00341356,0.00000000,0.00000000,0.00000000,0.00000000,0.00000000,0.00000000,0.00000000,0.00000000,0.00000000,0.00000000,0.00000000,0.00000000,0.00000000,0.00000000,0.00435119,0.00000000,0.00000000,0.00000000,0.00000000,0.00000000,0.00000000,0.00000000,0.00000000,0.00000000,0.00000000,0.02761796,0.00000000,0.00000000,0.00000000,0.00676293,0.00000000,0.00000000,0.01749704,0.00000000,0.00000000,0.00000000,0.00525064,0.00000000,0.00000000,0.00000000,0.00000000,0.00000000,0.00000000,0.21166047,0.00000000,0.00000000,0.00000000,0.00000000,0.00000000,0.00596981,0.00000000,0.00000000,0.00000000,0.00000000,0.00000000,0.00000000,0.00000000,0.00000000,0.00000000,0.00000000,0.00000000,0.00000000,0.00000000,0.00000000,0.00000000,0.02180836,0.00000000,0.00071626,0.00000000,0.00000000,0.00000000,0.00000000,0.00000000,0.00000000,0.00000000,0.00000000,0.00000000,2.13661779,0.00000000,0.00000000,0.00000000,0.00000000,0.00000000,0.00000000,0.00000000,0.00000000,0.69370590,0.00000000,0.00000000,0.00000000,0.00000000,0.00000000,0.00297441,0.00000000,0.00000000,0.00000000,0.00000000,0.00000000,0.00000000,0.00000000,0.00000000,0.00000000,0.00000000,0.00000000,0.02625545,0.00000000,0.00000000,0.00000000,0.00000000,0.00000000,0.00000000,0.00000000,0.00000000,0.00000000,0.00000000,0.00000000,0.00000000,0.00000000,0.00000000,0.00000000,0.00000000,0.00000000,0.00000000,0.00000000,0.00000000,0.00000000,0.00000000,0.00000000,0.00000000,0.00000000,0.00000000,0.00000000,0.00000000,0.00000000,0.00000000,0.00104055,0.00000000,0.00000000,0.00000000,0.00000000,0.00000000,0.00808051,0.00000000,0.00000000,0.00000000,0.00000000,0.00000000,0.00000000,0.00000000,0.00000000,0.00000000,0.00000000,0.00000000,0.00000000,0.00000000,0.00605780,0.00000000,0.00000000,0.00000000,0.00000000,0.00000000,0.00000000,0.00000000,0.00000000,0.00225772,0.00000000,0.00000000,0.35162279,0.00000000,0.00746734,0.00000000,0.00108192,0.00000000,0.00000000,0.00738793,0.00000000,0.00000000,0.00000000,0.00000000,0.00000000,0.00000000,0.00000000,0.00501676,0.00000000,0.00000000,0.00000000,0.00000000,0.00000000,0.00000000,0.00000000,0.00000000,0.00000000,0.00000000,0.00000000,0.00000000,0.00000000,0.00000000,0.00000000,0.00000000,0.00000000,0.00000000,0.00000000,0.00000000,0.00000000,0.00000000,0.00000000,0.00000000,0.00000000,0.00000000,0.00000000,0.00000000,0.01223043,0.00000000,0.00320063,0.00000000,0.00000000,0.00000000,0.00000000,0.00000000,0.00000000,0.08025984,0.00000000,0.00000000,0.00000000,0.00000000,0.00000000,0.27396971,0.13655583,0.00000000,0.00000000,0.00000000,0.00000000,0.46696200,0.00000000,0.00000000,0.00000000,0.00000000,0.00000000,0.00000000,0.00000000,0.00000000,0.00000000,0.00000000,0.00000000,0.00000000,0.00000000,0.00000000,0.00423797,0.00000000,0.00000000,0.41323220,0.00000000,0.00000000,0.00000000,0.03309712,0.01863357,0.01101180,0.00305640,0.00000000,0.00000000,0.00000000,0.00000000,0.00194571,0.00000000,0.00000000,0.00000000,0.00000000,0.00000000,0.00000000,0.00103484,0.00000000,0.00000000,0.00000000,0.02807054,0.00000000,0.00000000,0.00000000,0.00000000,0.00000000,0.00000000,0.00000000,0.00000000,0.00309993,0.00000000,0.00000000,0.00000000,0.00000000,0.00000000,0.00000000,0.00000000,0.00000000,0.00000000,0.00000000,0.00000000,0.00000000,0.00000000,0.01731113,0.00000000,0.00000000,0.00000000,0.00000000,0.00000000,0.00000000,0.00762167,0.00000000,0.00000000,0.00000000,0.00000000,0.00000000,0.00857657,0.00000000,0.00000000,0.00000000,0.00000000,0.00329089,0.00000000,0.00000000,0.00000000,0.00000000,0.00000000,0.00000000,0.00000000,0.00000000,0.00000000,0.00000000,0.00000000,0.01446673,0.00820970,0.00000000,0.00000000,0.00763137,0.00000000,0.00000000,0.00000000,0.00000000,0.00000000,0.00000000,0.00000000,0.05913025,0.00000000,0.00000000,0.00000000,0.00000000,0.00000000,0.00000000,0.00000000,0.00000000,0.00133190,0.00000000,0.00000000,0.00000000,0.00000000,0.00000000,0.00000000,0.00000000,0.04923399,0.00447766,0.00000000,0.00000000,0.00000000,0.00000000,0.00000000,0.00000000,0.00000000,0.00000000,0.00000000,0.00000000,0.00000000,0.00000000,0.00097744,0.00000000,0.00337691,0.00000000,0.00000000,0.00000000,0.00000000,0.00000000,0.00000000,0.00000000,0.00000000,0.00000000,1.41090667,0.00000000,0.00000000,0.00000000,0.00000000,0.00889761,0.00000000,0.00000000,0.00000000,0.00000000,0.00000000,0.00000000,0.00000000,0.00000000,0.00000000,0.00000000,0.01019966,0.01229456,0.00000000,0.00000000,0.01053105,0.00000000,0.00000000,0.00000000,0.06012069,0.00000000,0.00653011,0.00000000,0.00000000,0.00000000,0.00353131,0.00000000,0.00000000,0.00000000,0.00000000,0.00000000,0.00917605,0.00000000,0.00000000,0.00000000,0.00000000,0.02198138,0.00000000,0.00000000,0.00000000,0.00000000,0.00000000,0.00000000,0.00000000,0.00000000,0.00000000,0.00000000,0.00000000,0.00000000,0.00000000,0.00405821,0.00000000,0.00000000,0.00000000,0.00000000,0.00511084,0.00665876,0.00000000,0.00000000,0.00000000,0.00000000,0.00000000,0.00000000,0.00993453,0.07096090,0.00000000,0.00000000,0.00000000,0.00398133,0.00000000,0.00000000,0.00000000,0.00000000,0.00436572,0.00000000,0.00000000,0.00000000,0.00000000,0.00000000,0.00000000,0.00000000,0.00000000,0.00000000,0.00000000,0.00000000,0.00000000,0.00000000,0.01720239,0.00000000,0.00000000,0.00000000,0.00000000,0.00000000,0.00000000,0.00000000,0.00000000,0.00000000,0.00000000,0.00000000,0.00000000,0.01480913,0.00000000,1.43713196,0.00446418,0.00000000,0.00000000,0.00000000,0.00000000,0.00000000,0.00000000,0.00000000,0.00000000,0.00000000,0.00000000,0.00000000,0.00000000,0.00000000,0.05141543,0.00000000,0.00000000,0.00000000,0.00000000,0.00000000,0.00000000,0.00000000,0.00000000,0.00259023,0.04470317,0.00000000,0.00000000,0.00000000,0.00000000,0.02039226,0.00000000,0.00582616,0.15244891,0.00000000,0.00000000,0.00000000,0.00000000,0.00000000,0.00000000,0.00000000,0.00000000,0.00000000,0.00000000,0.00000000,0.00000000,0.00000000,1.48945252,0.00000000,0.00000000,0.00000000,0.00000000,1.97142710,0.00000000,0.00000000,0.03645827,0.00000000,0.00000000,0.00000000,0.00000000,0.00000000,0.00000000,0.01012131,0.00000000,0.00000000,0.00000000,0.00000000,0.00000000,0.00000000,0.00000000,0.00000000,0.00000000,0.00000000,0.00000000,0.04128225,0.00083351,0.00000000,0.00000000,0.00000000,0.00000000,0.00000000,0.00000000,0.00000000,0.00000000,0.05574391,0.00000000,0.00000000,0.00000000,0.00000000,0.00000000,0.00000000
0.00130721,0.00000000,0.00000000,0.05634626,0.00000000,0.00000000,0.00000000,0.00000000,0.00000000,0.00000000,0.00000000,0.01168576,0.00000000,0.00572651,0.00000000,0.00000000,0.00000000,0.00000000,0.00000000,0.00000000,0.00000000,0.00000000,0.00000000,0.00000000,0.00000000,0.00000000,0.00000000,0.00000000,0.00000000,0.00000000,0.58845333,0.00218718,0.00219177,0.00000000,0.00000000,0.00000000,0.02096787,0.00000000,0.00000000,0.00000000,0.00000000,0.00000000,0.01135865,0.00409256,0.00000000,0.00695357,0.00761503,0.00000000,0.00000000,0.00000000,0.00000000,0.00000000,0.00000000,0.00000000,0.00000000,0.00000000,0.00817993,0.00000000,0.00000000,0.00000000,0.00000000,0.00000000,0.00000000,0.00000000,0.00000000,0.00000000,0.00000000,0.00000000,0.00000000,0.00000000,0.00000000,0.00000000,0.00000000,0.03841536,0.00000000,0.00000000,0.00000000,0.00000000,0.00000000,0.00442361,0.00000000,0.00000000,0.00000000,0.00000000,0.00000000,0.00000000,0.00000000,0.00000000,0.00000000,0.00000000,0.00000000,0.00000000,0.00000000,0.00000000,0.00000000,0.00000000,0.00000000,0.00000000,0.00419394,0.00000000,0.00000000,0.00858371,0.00000000,0.00961549,0.00000000,0.00000000,0.00000000,0.00000000,0.00201883,0.00315683,0.00000000,0.00000000,0.06760745,0.00000000,0.00000000,0.00000000,0.00000000,0.00000000,0.00000000,0.00000000,0.00000000,0.00000000,0.00000000,0.00000000,0.00627590,0.00000000,0.00236033,0.00000000,0.00000000,0.00386825,0.00000000,0.00000000,0.00000000,0.00000000,0.00000000,0.00000000,0.00000000,0.00000000,0.00000000,0.00000000,0.00000000,0.00000000,0.00000000,0.00000000,0.00000000,0.00000000,0.00000000,0.00000000,0.00397440,0.00000000,0.00000000,0.00000000,0.00229486,0.00000000,0.00000000,0.00000000,0.00000000,0.00000000,0.00000000,0.00000000,0.00000000,0.00000000,0.00000000,0.00000000,0.00000000,1.57352086,0.01952217,0.00000000,0.00000000,0.00000000,0.00000000,0.00000000,0.00000000,0.00000000,0.00000000,0.00000000,0.00000000,0.00000000,0.02894979,0.00000000,0.00000000,0.00000000,0.00000000,0.00000000,0.00000000,0.00000000,0.00000000,0.00000000,0.00000000,0.00000000,0.00000000,0.00000000,0.20141400,0.00000000,0.00000000,0.00000000,0.00000000,0.00000000,0.00000000,0.00000000,0.00000000,0.00000000,0.00000000,0.22587064,0.00000000,0.00000000,0.00000000,0.00000000,0.00000000,0.00000000,0.00000000,0.00000000,0.00000000,0.00000000,0.00000000,0.00000000,0.10789340,0.00000000,0.00000000,0.03235219,0.00000000,0.00000000,0.00000000,0.00000000,0.00000000,0.00093413,0.00000000,0.00000000,0.00000000,0.00000000,0.00000000,0.00000000,0.00000000,0.00000000,0.00000000,0.00000000,0.00000000,0.00000000,0.00000000,0.00000000,0.00000000,0.00000000,0.14735041,0.00000000,0.00000000,0.00000000,0.00000000,0.00000000,0.00000000,0.00000000,0.00000000,0.00000000,0.00000000,0.00000000,0.00000000,0.00000000,0.00000000,0.02736029,0.00000000,0.00000000,0.03298959,0.00000000,0.00000000,0.00000000,0.00000000,0.00000000,0.00000000,0.00000000,0.00000000,0.00000000,0.00000000,0.00000000,0.00000000,0.00000000,0.00000000,0.00000000,0.00000000,0.00000000,0.00000000,0.00000000,0.00000000,0.00000000,0.00000000,0.00000000,0.00000000,0.00000000,0.00000000,0.00000000,0.00000000,0.00000000,0.00000000,0.00000000,0.00000000,0.00091427,0.00000000,0.00000000,0.00000000,0.00247942,0.00000000,0.00000000,0.00000000,0.18821613,0.00716306,0.00709375,0.00000000,0.00000000,0.00000000,0.00000000,0.00000000,0.00000000,0.00088698,0.00000000,0.00000000,0.00000000,0.00000000,0.00000000,0.00000000,0.00000000,0.00238773,0.05251918,0.00000000,0.00000000,0.00000000,0.00000000,0.00000000,0.00000000,0.00000000,0.00000000,0.00000000,0.00000000,0.00000000,0.00000000,0.00000000,0.00000000,0.00000000,0.00000000,0.00000000,0.00086953,0.00000000,0.00000000,0.00000000,0.00000000,0.00000000,0.00000000,0.00000000,0.00000000,0.00000000,0.00000000,0.00000000,0.00000000,0.00000000,0.00000000,0.00000000,0.00000000,0.00000000,0.00000000,0.00000000,0.00000000,0.00000000,0.00000000,0.00000000,0.00294232,0.00000000,0.00000000,0.00358915,0.00000000,0.00000000,0.00000000,0.00000000,0.00000000,0.00000000,0.00000000,0.00000000,0.00000000,0.00610166,0.00000000,0.00000000,0.00000000,0.00000000,0.00000000,0.00000000,0.00000000,0.00000000,0.00000000,0.00000000,0.00000000,0.00000000,0.00841778,0.00000000,0.00000000,0.04430369,0.00000000,0.00000000,0.00000000,0.00000000,0.13317923,0.00000000,0.00000000,0.00000000,0.00000000,0.01987723,0.00000000,0.00000000,0.00000000,0.00000000,0.00000000,0.00000000,0.00000000,0.00000000,0.01686792,0.00000000,0.00000000,0.00000000,0.00000000,0.00000000,0.00000000,0.33445950,0.01333598,0.00000000,0.00000000,0.00000000,0.00000000,0.00000000,0.02100468,0.00000000,0.00000000,0.00000000,0.00000000,0.00000000,0.00000000,0.00000000,0.00000000,0.00000000,0.00000000,1.73192778,0.00000000,0.00000000,0.00000000,0.00000000,0.00000000,0.00000000,0.00000000,0.00000000,0.00000000,0.00416927,0.00000000,0.02461641,0.00095410,0.00000000,0.00000000,0.00000000,0.00000000,0.00000000,0.00000000,0.00000000,0.00000000,0.00000000,0.00000000,0.00000000,0.00000000,0.00000000,0.00000000,0.00000000,0.00000000,0.00000000,0.00000000,0.00000000,0.00000000,0.00000000,0.00000000,0.00000000,0.00000000,0.00000000,0.00000000,0.00000000,0.00000000,0.00000000,0.00000000,0.03323879,0.00000000,0.00000000,0.01051959,0.88004564,0.00000000,0.00000000,0.02566074,0.00000000,0.00241359,0.00000000,0.00000000,0.00000000,0.00000000,0.00000000,0.00000000,0.00000000,0.02831693,0.00000000,0.00000000,0.00000000,0.00000000,0.00851882,0.00000000,0.00000000,0.01096784,0.00272946,0.00000000,0.00000000,0.00000000,0.00000000,0.00000000,0.00167097,0.00000000,0.00000000,0.00000000,0.00671689,0.00000000,0.00000000,0.00000000,0.00000000,0.00000000,0.00000000,0.00000000,0.00000000,0.00182392,0.00062504,0.00000000,0.00000000,0.00000000,0.00000000,0.00857030,0.00000000,0.00000000,0.00000000,0.00000000,0.00000000,0.00000000,0.00000000,0.00000000,0.00000000,0.00601033,0.00000000,0.00000000,0.00000000,0.00000000,0.00000000,0.00000000,0.00000000,0.00000000,0.00000000,0.00000000,0.00000000,0.00000000,0.00000000,0.01016038,0.00000000,0.00000000,0.00000000,0.00863407,0.00000000,0.00000000,0.00000000,0.00000000,0.00000000,0.00000000,0.00000000,0.00000000,0.00000000,0.00000000,0.00000000,0.00000000,0.00707485,0.00000000,0.00000000,0.00000000,0.00216720,0.00932065,0.00000000,0.00296419,0.00000000,0.00000000,0.00000000,0.00000000,0.00000000,0.00550766,0.00000000,0.00000000,0.00000000,0.00230858,0.00000000,0.01403444,0.00000000,0.00000000,0.00000000,0.00000000,0.00000000,0.00000000,0.00000000,0.00000000,0.00000000,0.00000000,0.00000000,0.00000000,0.00000000,0.01324878,0.00000000,0.00000000,0.00000000,0.00000000,0.00000000,0.00000000,0.00000000,0.00000000,0.02579992,0.00000000,0.00000000,0.00000000,0.00000000,0.00000000,0.00000000,0.00000000,0.00000000,0.00000000,0.00000000,0.00000000,0.00000000,0.00000000,0.00000000,0.00000000,0.09734134,0.00000000,0.00000000,0.00000000,0.00210392,0.00865806,0.00000000,0.00000000,0.00000000,0.00000000,0.00000000,0.00000000,0.00000000,0.00000000,0.00000000,0.00000000,0.03290792,0.00000000,0.00000000,0.00000000,0.00000000,0.00000000,0.00000000,0.00000000,0.00000000,0.00000000,0.00000000,0.00000000,0.00000000,0.00182786,0.00000000,0.00000000,0.02763135,0.05753423,0.00000000,0.00000000,0.00000000,0.38848406,0.00264369,0.00000000,0.00000000,0.00000000,0.00249419,0.00000000,0.00152518,0.00000000,0.00000000,0.03437386,0.00000000,0.00000000,0.00000000,0.00000000,0.00000000,0.00000000,0.00000000,0.00000000,0.00000000,0.00000000,0.00000000,0.00000000,0.00000000,0.00000000,0.00000000,0.00000000,4.46318909,0.00720534,0.00000000,0.00000000,0.00000000,0.00000000,0.00000000,0.00000000,0.00000000,0.00000000,0.00000000,0.00000000,0.15443655,0.00000000,0.00000000,0.00000000,0.00000000,0.00000000,0.00000000,0.00000000,0.00000000,0.00000000,0.00953987,0.00000000,0.00000000,0.00000000,0.00000000,0.00323739,0.00000000,0.00000000,0.01793550,0.00079894,0.00000000,0.00000000,0.00000000,0.82518273,0.00000000,0.00000000,0.00000000,0.00000000,0.00000000,0.00770761,0.00000000,0.00000000,0.00000000,0.00000000,0.00000000,0.00000000,0.00000000,0.00619596,0.00000000,0.00000000,0.00000000,0.00000000,0.01042146,0.00000000,0.07012667,0.00000000,0.00000000,0.00000000,0.00000000,0.00000000,0.00000000,0.00000000,0.00000000,0.00000000,0.00000000,0.00000000,0.00000000,0.00000000,0.00000000,0.00000000,0.00000000,0.00000000,0.00000000,0.00000000,0.00000000,0.00000000,0.00000000,0.00163676,0.00000000,0.00000000,0.00000000,0.00000000,0.00000000,0.00000000,0.00780375,0.00356775,0.00000000,0.00000000,0.00000000,0.00000000,0.00000000,0.00000000,0.00000000,0.00000000,0.00000000,0.00000000,0.00000000,0.00000000,0.00000000,0.00000000,0.00000000,0.00000000,0.00000000,0.00000000,0.00000000,0.00000000
0.00000000,0.00000000,0.00000000,0.00000000,0.00000000,0.00000000,0.00000000,0.00047882,0.00000000,0.00000000,0.00000000,0.00000000,0.00000000,0.00000000,0.00000000,0.00000000,0.02235246,0.00000000,0.00000000,0.00000000,0.00000000,0.00000000,0.01938326,0.00000000,0.00000000,0.00000000,0.00000000,0.00000000,0.00000000,0.00000000,0.00000000,0.00000000,0.00661189,0.00000000,0.00000000,0.00000000,0.00000000,0.00000000,0.00000000,0.00000000,0.00000000,0.00000000,0.00000000,0.00000000,0.00000000,0.00000000,0.00000000,0.00000000,0.00000000,0.00000000,0.00000000,0.00000000,0.00000000,0.00000000,0.00000000,0.00000000,0.00000000,0.00000000,0.00000000,0.00000000,0.00000000,0.00000000,0.00000000,0.00000000,0.00000000,0.00000000,0.00000000,0.00000000,0.00000000,0.00000000,0.00000000,0.00000000,0.00000000,0.00000000,0.00000000,0.00960378,0.00000000,0.00000000,0.00000000,0.00000000,0.00000000,0.04350509,0.00000000,0.00000000,0.00000000,0.01013997,0.00000000,0.00000000,0.13322764,0.00000000,0.00000000,0.00000000,0.00000000,0.01810806,0.00000000,0.00000000,0.00000000,0.00000000,0.01007001,0.00000000,0.00000000,0.00000000,0.00000000,0.01011171,0.00000000,0.00000000,0.00000000,0.00000000,0.00000000,0.00000000,0.00000000,0.00000000,0.00000000,0.00000000,0.00000000,1.40633737,0.00000000,0.00000000,0.00000000,0.00000000,0.00000000,0.00000000,0.00000000,0.00000000,0.00000000,0.00000000,0.00000000,0.00000000,0.00000000,0.00000000,0.00000000,0.00000000,0.00000000,0.03175143,0.00000000,0.00000000,0.00000000,0.00000000,0.00000000,0.00000000,0.04625698,0.00000000,0.00000000,0.00000000,0.00000000,0.00809997,0.00000000,0.00000000,0.00000000,0.00000000,0.00000000,0.00000000,0.00000000,0.00000000,0.00000000,0.00000000,0.03875153,0.00000000,0.00000000,0.00000000,0.00000000,0.00090325,0.00000000,0.00000000,0.00000000,0.00000000,0.00000000,0.00000000,0.00000000,0.00000000,0.00000000,0.00000000,0.01168533,0.00000000,0.00000000,0.00000000,0.00000000,0.00000000,0.00000000,0.00000000,0.00000000,0.00000000,0.00065218,0.00000000,0.00000000,0.00000000,0.00000000,0.00000000,0.00984970,0.00000000,0.00000000,0.00000000,0.00000000,0.05317732,0.00000000,0.00000000,0.00000000,0.00000000,0.00000000,0.00000000,0.01431614,0.00000000,0.00000000,0.00000000,0.01720109,0.00000000,0.00000000,0.00000000,0.00000000,0.01274322,0.00000000,0.00000000,0.00000000,0.00812566,0.00000000,0.00000000,0.00000000,0.00000000,0.03860690,0.00000000,0.00000000,0.00000000,0.00465647,0.00000000,0.00000000,0.00000000,0.40166958,0.00000000,0.00000000,0.00000000,0.00000000,0.00000000,0.00000000,0.00000000,0.00000000,0.00000000,0.41715992,0.00000000,0.00000000,0.00000000,0.00000000,0.00000000,0.28135368,0.00000000,0.02897921,0.03497382,0.00000000,0.00000000,0.00000000,0.00000000,0.00000000,0.00000000,0.00000000,0.00000000,0.00000000,0.00000000,0.00000000,0.00000000,0.00000000,0.00000000,0.00252256,0.00769863,0.00000000,0.00000000,0.00000000,0.00000000,0.00000000,0.00000000,0.00000000,0.00000000,0.00000000,0.00000000,0.00000000,0.00000000,0.00166964,0.00000000,0.02703461,0.00000000,0.00000000,0.00000000,0.00000000,0.00000000,0.00000000,0.01315423,0.00000000,0.00000000,0.00000000,0.00000000,0.00000000,0.00000000,0.00000000,0.00000000,0.00000000,0.00000000,0.00000000,0.00126806,0.00000000,0.00000000,0.00000000,0.00000000,0.00830014,0.00000000,0.00000000,0.00000000,0.00000000,0.00000000,0.00000000,0.00000000,0.00000000,0.05161677,0.00000000,0.00000000,0.00000000,0.00432920,0.00000000,1.64243519,0.00000000,0.00000000,0.00000000,0.00000000,0.00000000,0.00436065,0.00000000,0.00465338,0.00000000,0.00000000,0.00079007,0.00000000,0.00000000,0.00000000,0.00000000,0.00000000,0.00000000,0.00000000,0.01488056,0.00000000,0.00000000,0.00000000,0.00000000,0.00000000,0.00000000,0.00000000,0.00000000,0.00000000,0.00000000,0.00000000,0.00000000,0.00000000,0.00000000,0.00000000,0.00000000,0.00000000,0.00580239,0.00422225,0.00000000,0.00000000,0.00000000,0.00000000,0.00000000,0.00000000,0.00000000,0.00000000,0.00130437,0.00000000,0.00000000,0.00000000,0.00198567,0.00000000,0.00000000,0.36646884,0.00000000,0.00000000,0.00000000,0.00000000,0.00000000,0.00000000,0.00000000,0.00000000,0.00000000,0.00000000,0.00000000,0.00000000,0.00000000,0.00000000,0.01777244,0.00000000,0.00000000,0.00000000,0.00000000,0.00000000,0.00000000,0.00000000,0.00000000,0.00000000,0.00182631,0.00000000,0.00000000,0.00000000,0.00000000,0.00000000,0.00000000,0.00000000,0.00000000,0.00000000,0.00000000,0.00000000,0.31368479,0.00328256,0.00000000,0.00000000,0.00000000,0.00000000,0.00000000,0.00000000,0.00000000,0.00000000,0.00000000,0.00918329,0.00000000,0.00000000,0.00000000,0.00000000,0.00959404,0.00000000,0.00000000,0.00000000,0.00000000,0.00000000,0.01222767,0.00000000,0.00000000,0.00000000,0.00000000,0.00000000,0.00000000,0.00000000,0.00416711,0.00000000,0.00000000,0.00000000,0.00000000,0.00000000,0.00000000,0.00000000,0.00000000,0.00000000,0.00000000,0.00000000,0.00000000,0.00000000,0.09431234,0.00000000,0.00000000,0.00000000,0.00000000,0.01683089,0.00000000,0.00000000,1.98012336,0.00570539,0.00000000,0.00000000,0.00000000,0.00000000,0.00000000,0.00000000,0.00000000,0.00000000,0.00000000,0.00000000,0.00000000,0.00000000,0.00000000,0.00336092,0.00000000,0.00000000,0.00000000,0.00000000,0.00000000,0.55226839,0.00000000,0.00000000,0.00000000,0.00000000,0.00000000,0.02289458,0.00000000,0.00000000,0.00000000,0.03287224,0.00000000,0.00000000,0.00000000,0.00000000,0.00000000,0.00000000,0.00000000,0.00000000,0.00000000,0.00308577,0.00224324,0.00000000,0.00000000,0.07996598,0.00000000,0.00000000,0.00435088,0.00629383,0.00000000,0.00000000,0.00000000,0.00000000,0.00000000,0.00000000,0.00000000,0.00000000,0.00000000,0.16864805,0.00000000,0.00000000,0.00000000,0.00000000,0.00000000,0.00922753,0.00000000,0.00000000,0.00000000,0.00000000,0.00000000,0.00000000,0.00000000,0.00573852,0.00000000,0.00000000,0.00000000,0.00000000,0.00237750,0.00000000,0.00000000,0.00000000,0.00000000,0.00000000,0.00000000,0.00405031,0.00000000,0.00000000,0.00000000,0.00915326,0.00000000,0.00000000,0.00000000,0.00000000,0.00000000,0.00000000,0.00000000,0.00000000,0.00000000,0.00000000,0.00000000,0.00000000,0.01378321,0.00000000,0.00000000,0.00000000,0.00000000,0.00990970,0.00000000,0.00000000,0.00000000,0.00000000,0.00000000,0.00000000,0.00000000,0.00000000,0.00000000,0.00000000,0.00000000,0.00000000,0.00000000,0.00000000,0.00000000,0.00000000,0.00000000,0.01954723,0.01621302,0.00000000,0.00173232,0.00000000,0.00000000,0.00000000,0.00000000,0.00000000,0.03177490,0.00000000,0.00000000,0.00000000,0.00000000,0.00000000,0.00000000,0.00000000,0.00000000,0.01149679,0.00000000,0.00000000,0.00000000,0.00000000,0.00000000,0.00000000,0.00000000,0.00000000,0.00000000,0.00000000,0.00000000,0.00057045,0.00000000,0.02356998,0.00000000,0.00000000,0.00000000,0.00000000,0.00000000,0.00000000,0.02490741,0.00000000,0.00000000,0.00000000,0.00000000,0.00000000,0.00000000,0.00000000,0.00311597,0.02087630,0.00000000,0.00000000,0.00000000,0.00000000,0.00000000,0.00000000,0.00000000,0.00000000,0.00000000,0.00000000,0.08003109,0.00000000,0.00000000,0.00275597,0.00000000,0.00000000,0.00255213,0.00000000,0.00000000,0.78143826,0.00000000,0.00000000,0.00000000,0.00000000,0.00000000,0.00000000,0.00000000,0.00000000,0.00000000,0.00000000,0.00000000,0.00000000,0.01194991,0.00000000,0.00000000,0.00000000,0.00000000,0.00000000,0.00328183,0.05813004,0.00000000,0.00000000,0.00000000,0.00000000,0.00000000,0.00000000,0.00766295,0.00113162,0.00000000,0.00000000,0.00000000,0.00000000,0.00000000,0.00000000,0.00000000,0.00000000,0.00000000,0.00000000,0.00000000,0.00000000,0.00000000,0.00000000,0.00000000,0.00000000,0.00000000,0.00000000,0.00000000,0.00000000,0.00000000,0.00000000,0.00000000,0.00000000,0.00000000,0.00000000,0.00758189,0.01102443,0.00000000,0.00000000,0.00000000,0.00000000,0.00000000,0.00000000,0.00000000,0.02617567,0.00000000,0.00000000,0.01456801,0.00000000,0.00000000,0.00000000,0.00000000,0.04118485,0.00000000,0.00000000,0.00000000,0.00000000,0.00340053,0.00000000,0.00000000,0.14147369,0.00160343,0.00000000,0.00000000,0.00000000,0.00000000,0.00000000,0.00000000,0.00000000,0.00000000,0.00000000,0.00000000,0.00000000,0.00000000,0.00000000,0.00000000,0.00000000,0.00000000,0.00000000,0.00000000,0.00000000,0.00000000,0.00000000,0.00000000,0.00000000,0.00000000,0.00000000,0.00000000,0.00000000,0.00000000,0.00000000,0.00000000,0.08132447,0.00000000,0.00000000,0.00275747,0.00000000,0.00000000,0.00000000,0.00725888,0.00000000,0.00000000,0.00000000,0.00000000,0.00000000,0.00267345,0.00000000,0.00000000,0.00000000,0.00000000,0.00000000,0.00000000,0.00000000,0.00000000,0.00000000,0.00594683,0.00000000,0.00000000,0.00000000,0.00000000,0.00000000,0.00000000,0.00000000,0.00000000,0.00000000,0.00535026,0.00269199,0.00000000,0.00000000
0.00000000,0.00000000,0.00000000,0.00000000,0.59501848,0.00000000,0.00528690,0.00000000,0.00000000,0.00000000,0.00000000,0.00000000,0.00000000,0.00000000,0.00000000,0.00000000,0.04488993,0.00000000,0.00000000,0.00000000,0.00000000,0.00000000,0.00000000,0.00000000,0.00000000,0.00000000,0.00000000,0.00000000,0.00000000,0.00243392,0.00000000,0.00000000,0.00000000,0.00934299,0.00000000,0.00000000,0.00000000,0.00000000,0.00000000,0.00000000,0.00000000,0.00000000,0.00000000,0.00000000,0.00000000,0.00320376,0.00000000,0.00000000,0.00000000,0.00157397,0.04961851,0.00000000,0.00000000,0.00315221,0.00000000,0.00000000,0.00000000,0.00000000,0.00000000,0.00000000,0.00311832,0.00000000,0.00000000,0.00000000,0.00000000,0.05962197,0.00000000,0.00000000,0.00836878,0.00338471,0.00708725,0.00000000,0.00000000,0.00000000,0.00000000,0.00000000,0.00000000,0.00000000,0.00058271,0.00000000,0.00000000,0.00000000,0.00000000,0.00324379,0.00000000,0.00000000,0.00325324,0.00000000,0.00000000,0.00000000,0.00000000,0.00000000,0.00000000,0.00000000,0.00000000,0.00000000,0.00000000,0.00000000,0.00000000,0.00000000,0.00000000,0.00000000,0.00000000,0.00000000,0.00000000,0.00000000,0.00000000,0.00000000,0.00000000,0.00000000,0.01863980,0.00000000,0.00000000,0.00000000,0.00000000,0.00000000,0.00000000,0.00000000,0.00000000,0.00000000,0.00000000,0.00000000,0.01703266,0.00000000,0.00000000,0.00000000,0.00000000,0.00000000,0.00000000,0.00000000,0.00000000,0.00000000,0.00000000,0.00000000,0.00000000,0.00000000,0.00616069,0.00000000,0.00000000,0.00000000,0.00000000,0.00000000,0.00000000,0.00000000,0.00000000,0.00000000,0.00563871,0.78700650,0.00000000,0.00000000,0.13317939,0.00000000,0.00095316,0.00000000,0.00000000,0.00000000,0.00000000,0.00000000,0.00000000,0.00000000,0.00000000,0.00000000,0.00000000,0.00000000,0.00000000,0.00000000,0.03331409,0.00000000,0.00000000,0.00000000,0.00000000,0.00000000,0.00000000,0.00000000,0.00000000,0.00000000,0.00000000,0.00000000,0.00000000,0.00000000,0.00000000,0.00000000,0.00000000,0.00000000,0.00000000,0.00000000,0.00000000,0.00086873,0.00000000,0.00000000,0.00000000,0.00159580,0.00000000,0.00000000,0.00000000,0.00000000,0.00000000,0.00000000,0.00000000,0.00000000,0.00000000,0.00000000,0.00000000,0.00000000,0.00000000,0.00000000,0.00000000,0.00000000,0.00607495,0.00000000,0.00000000,0.00000000,0.26365392,0.00000000,0.00122700,0.02563148,0.00000000,0.00209532,0.02602027,0.00000000,0.00000000,0.00000000,0.00514624,0.00000000,3.02215717,0.00000000,0.00000000,0.00000000,0.00000000,0.00000000,0.00000000,0.00000000,0.00000000,0.00000000,0.00000000,0.00000000,0.00000000,0.00000000,0.00000000,0.00000000,0.00000000,0.00000000,0.00000000,0.00000000,0.00000000,0.00000000,0.00000000,0.00000000,0.00000000,0.00000000,0.00000000,0.00000000,0.00000000,1.14860451,0.00000000,0.00000000,0.00000000,0.00000000,0.00000000,0.00000000,0.00000000,0.00000000,0.00127917,0.00000000,0.00059196,0.00000000,0.00000000,0.00537613,0.05258736,0.00000000,0.00000000,0.00000000,0.00000000,0.00000000,0.00000000,0.00000000,0.00000000,0.00000000,0.00000000,0.00000000,0.00000000,0.00000000,0.00000000,0.00000000,0.00000000,0.00294044,0.00000000,0.01628628,0.00000000,0.00000000,0.00000000,0.00000000,0.04097334,0.00000000,0.00000000,0.00000000,0.00000000,0.00000000,0.00000000,0.00000000,0.00000000,0.00000000,0.00302248,0.00000000,0.00000000,0.00384867,0.00000000,0.00000000,1.02169222,0.00000000,0.00000000,0.00000000,0.00000000,0.00000000,0.00000000,0.00000000,0.00000000,0.00000000,0.00000000,0.00000000,0.00000000,0.00000000,0.02525111,0.00000000,0.01462927,0.00000000,0.00000000,0.00000000,0.00000000,0.00000000,0.00000000,0.00790341,0.00000000,0.00770173,0.00000000,0.00000000,0.00000000,0.00000000,0.00000000,0.03206960,0.00000000,0.00000000,0.00000000,0.00000000,0.00000000,0.00000000,0.00473838,0.00000000,0.00000000,0.00000000,0.00000000,0.00000000,0.00000000,0.00000000,0.00000000,0.00000000,0.01402845,0.01665297,0.00000000,0.00000000,0.00000000,0.00000000,0.00000000,0.00000000,0.00000000,0.00000000,0.01356009,0.00000000,0.00000000,0.00270959,0.00000000,0.00000000,0.00000000,0.00000000,0.00000000,0.00000000,0.00000000,0.00000000,0.00000000,0.00000000,0.00000000,0.00000000,0.00000000,0.00000000,0.00000000,0.00000000,0.00524609,0.00000000,0.00000000,0.03592218,0.00000000,0.00000000,0.00000000,0.00000000,0.00000000,0.00254972,0.00000000,0.00000000,0.00000000,0.00000000,0.00000000,0.00000000,0.00000000,0.00000000,0.00000000,0.00000000,0.01817214,0.00000000,0.00000000,0.00000000,0.00000000,0.00000000,0.00000000,0.00000000,0.00000000,0.00000000,0.00546456,0.00000000,0.00000000,0.00000000,0.00000000,0.00000000,0.00000000,0.00000000,0.00000000,0.00000000,0.00000000,0.00000000,0.00000000,0.00000000,0.00000000,0.00000000,0.00000000,0.00000000,0.00000000,0.00000000,0.00000000,0.00000000,0.00000000,0.00000000,0.00000000,0.00000000,0.00000000,0.00000000,0.00000000,0.00000000,0.00398270,0.00000000,0.00000000,0.00000000,0.00000000,0.00000000,0.00000000,0.00000000,0.00000000,0.00000000,0.00000000,0.00000000,0.00000000,0.00000000,0.00000000,0.00000000,0.00000000,0.00075287,0.07637711,0.00000000,0.00000000,0.00000000,0.00000000,0.00000000,0.00000000,0.00000000,0.00000000,0.00000000,0.00000000,0.00000000,0.00000000,0.00000000,0.00056061,0.00000000,0.01288551,0.00000000,0.06914853,0.00000000,0.00000000,0.00000000,0.04050339,0.00000000,0.00000000,0.01029502,0.00000000,0.00000000,0.00000000,0.01381513,0.00000000,0.00000000,0.00000000,0.00000000,0.00000000,0.00000000,0.00000000,0.00000000,0.00000000,0.00000000,0.00644271,0.00000000,0.00000000,0.00000000,0.00000000,0.00000000,0.00124861,0.00000000,0.00000000,0.00000000,0.00000000,0.00000000,0.00000000,0.00107116,0.00000000,0.00000000,0.00000000,0.00000000,0.35725243,0.02368942,0.00000000,0.00000000,0.00000000,0.00000000,0.26967098,0.00000000,0.00000000,0.00000000,0.00000000,0.00000000,0.00220947,0.00000000,0.00000000,0.00000000,0.00000000,0.00000000,0.00000000,0.02352322,0.00000000,0.00000000,0.00000000,0.00191054,0.00000000,0.00000000,0.00000000,0.00000000,0.00000000,0.00000000,0.00000000,0.00000000,0.00000000,0.00000000,0.00000000,0.00000000,0.00000000,0.00000000,0.00000000,0.00342816,0.00000000,0.01847549,0.00000000,0.00000000,0.00000000,0.00000000,0.00000000,0.00000000,0.00000000,0.00000000,0.00000000,0.01105852,0.00000000,0.00000000,0.00000000,0.00000000,0.00000000,0.00000000,0.00000000,0.00000000,0.00141428,0.00000000,0.00000000,0.00473250,0.00000000,0.00000000,0.00000000,0.00000000,0.00000000,0.00000000,0.00000000,0.00000000,0.00166451,0.00000000,0.00000000,0.00000000,0.00000000,0.00000000,0.00000000,0.00000000,0.00000000,0.00000000,0.00223747,0.00000000,0.00000000,0.00000000,0.00000000,0.00000000,0.00000000,0.00000000,0.00000000,0.00000000,0.00000000,0.00277981,0.00774850,0.00000000,0.00000000,0.00000000,0.00000000,0.00000000,0.00000000,0.00000000,0.00000000,0.00000000,0.00000000,0.00000000,0.00000000,0.00000000,0.00000000,0.00144228,0.00000000,0.00000000,0.00000000,0.00000000,0.00000000,0.00000000,0.00000000,0.00000000,0.00000000,0.00000000,0.00653243,0.00000000,0.00000000,0.00000000,0.00000000,0.00000000,0.00000000,0.00000000,0.00000000,0.00000000,0.04875412,0.00000000,0.00152941,0.00000000,0.00000000,0.00000000,0.00000000,0.00000000,0.09913816,0.00000000,0.00000000,0.00000000,0.00000000,0.00000000,0.00000000,0.00000000,0.00000000,0.00000000,0.00000000,0.00000000,0.00000000,0.00000000,0.00000000,0.00000000,0.00000000,0.00000000,0.00000000,0.00000000,0.00000000,0.00488947,0.00000000,0.00000000,0.00000000,0.00000000,0.00000000,0.00000000,0.00000000,0.00000000,0.00000000,0.00000000,0.00000000,0.01989673,0.00000000,0.00000000,0.00000000,0.00000000,0.00000000,0.00284152,0.00000000,0.00000000,0.37962913,0.00000000,0.00000000,0.00000000,0.00000000,0.00000000,0.00000000,0.00000000,0.00000000,0.00000000,0.00000000,0.00430956,0.00000000,0.00000000,0.01413868,0.00000000,0.00082065,0.00000000,0.00000000,0.00000000,0.00000000,0.00706580,0.00128906,0.00000000,0.03139334,0.00000000,0.00000000,0.00362319,0.00000000,0.00000000,0.00000000,0.00000000,0.00000000,0.00000000,0.00000000,0.03541125,0.01908955,0.00155602,0.00000000,0.00000000,0.00000000,0.00000000,0.00000000,0.00000000,0.00000000,0.00000000,0.00000000,0.00000000,0.00000000,0.00000000,0.00000000,0.00000000,0.00000000,0.00000000,0.00000000,0.00000000,0.00000000,0.00000000,0.00000000,0.00000000,0.00000000,0.00000000,0.00000000,0.01084792,0.00000000,0.00000000,0.00000000,0.70987376,0.00000000,0.00000000,0.00000000,0.00080374,0.00000000,0.00000000,0.00000000,0.00000000,0.00000000,0.00000000,0.00000000,0.00000000,0.00000000,0.00000000,0.00171513,0.00000000,0.00000000,0.00000000,0.00000000,0.00000000,0.07491417,0.00000000,1.06056834,0.09576930,0.00000000,0.00000000,0.00000000,0.00000000,0.00000000,0.00000000
0.00000000,0.00383874,0.10133840,0.00000000,0.00000000,0.00000000,0.00000000,0.00079267,0.00000000,0.00000000,0.00000000,0.00000000,0.00000000,0.00000000,0.00000000,0.00000000,0.00775832,0.00000000,0.00000000,0.00352728,0.00000000,0.00429429,0.00000000,0.00000000,0.00000000,0.00000000,0.00000000,0.00000000,0.00000000,0.11619645,0.00000000,0.00063645,0.00000000,0.00000000,0.00000000,0.00000000,0.00000000,0.00000000,0.00000000,0.00000000,0.00000000,0.00000000,0.01076702,0.00000000,0.00000000,0.00000000,0.00000000,0.00000000,0.00000000,0.00000000,0.00000000,0.00000000,0.00000000,0.00000000,0.00000000,0.00000000,0.00000000,0.00000000,0.08381376,0.00000000,0.00000000,0.00000000,0.00000000,0.00000000,0.00000000,0.00000000,0.00000000,0.00000000,0.00000000,0.00000000,0.00000000,0.00000000,0.00000000,0.20582778,0.00272263,0.00000000,0.00000000,0.00000000,0.01333916,0.00000000,0.00000000,0.00000000,0.00000000,0.00000000,0.00000000,0.00269577,0.00000000,0.00000000,0.00000000,0.00000000,0.00000000,0.00000000,0.00000000,0.00000000,0.00243110,0.00000000,0.00000000,0.00000000,0.00181128,0.00000000,0.00292999,0.00000000,0.00000000,0.00000000,0.00953229,0.00000000,0.00000000,0.00000000,0.00000000,0.00000000,0.00000000,0.00648778,0.00000000,0.00380827,0.00000000,0.00000000,0.00000000,0.00277629,0.00649751,0.00000000,0.00000000,0.02786470,0.00210686,0.00000000,0.25759280,0.00000000,0.00397154,0.00000000,0.00000000,0.00000000,0.00000000,0.00196475,0.00000000,0.00000000,0.00000000,0.00000000,0.00000000,0.00000000,0.00000000,0.00000000,0.00000000,0.00000000,0.00000000,0.00000000,0.00000000,0.00437929,0.00474070,0.00000000,0.00000000,0.00000000,0.00000000,0.00000000,0.00000000,0.00000000,0.00000000,0.00000000,0.00000000,0.00000000,0.00000000,0.00000000,0.00000000,0.00000000,0.00000000,0.00000000,0.11064093,0.00000000,0.00000000,0.00000000,0.00000000,0.00000000,0.00000000,0.00000000,0.00000000,0.00000000,0.00000000,0.00000000,0.00000000,0.00000000,0.00000000,0.00000000,0.09568233,0.00000000,0.00526184,0.00000000,0.00000000,0.00000000,0.00000000,0.00000000,0.00000000,0.00000000,0.00000000,0.00000000,0.00000000,0.00000000,0.00000000,0.00000000,0.00000000,0.00000000,0.00000000,0.00000000,0.00000000,0.00000000,0.00000000,0.00000000,0.00000000,0.00000000,0.00410885,0.00000000,0.00000000,0.00000000,0.00000000,0.00000000,0.00000000,0.00000000,0.00000000,0.00000000,0.00000000,0.00000000,0.00000000,0.00000000,0.00000000,0.00000000,0.00000000,0.00000000,0.00000000,0.00000000,0.00000000,0.00000000,0.00000000,0.00000000,0.00000000,0.00000000,0.00000000,0.00000000,0.00000000,0.00000000,0.00000000,0.00000000,0.00000000,0.00000000,0.00000000,0.00000000,0.06408729,0.00000000,0.00000000,0.00000000,0.00000000,0.00000000,0.00000000,0.00000000,0.00000000,0.00000000,0.00000000,0.00000000,0.00000000,0.00000000,0.00000000,0.00000000,0.00000000,0.00000000,0.00463655,0.00000000,0.00181922,0.00000000,2.86203277,0.00000000,0.00000000,0.00000000,0.00000000,0.01034835,0.00000000,0.00000000,0.00000000,0.00000000,0.00000000,0.00000000,0.00968953,0.00000000,0.09616242,0.00000000,0.00000000,0.00000000,0.00000000,0.00000000,0.06869977,0.00000000,0.00000000,0.00000000,0.00000000,0.00000000,0.04971862,0.00000000,0.00000000,0.00000000,0.00000000,0.00000000,0.00523212,0.00000000,0.00000000,0.00000000,0.00000000,0.00000000,0.00000000,0.00000000,0.00000000,0.00000000,0.00000000,0.05263242,0.00000000,0.00000000,0.00000000,0.00000000,0.00000000,0.02664716,0.00000000,0.00000000,0.00000000,0.00000000,0.02173346,0.02004325,0.00000000,0.00000000,0.00000000,0.00000000,0.00000000,0.00000000,0.01474468,0.00000000,0.03888078,0.00000000,0.00000000,0.00000000,0.00000000,0.00000000,0.00000000,0.00000000,0.00090470,0.00000000,0.00000000,0.00116681,0.00000000,0.00000000,0.00000000,0.00000000,0.00000000,0.03835540,0.00000000,0.00000000,0.00290121,0.00000000,0.00000000,0.00000000,0.00000000,0.00000000,0.00000000,0.00000000,0.89016042,0.00000000,0.00000000,0.00000000,0.00000000,0.00000000,0.00000000,0.00000000,0.00000000,0.00000000,0.00000000,0.00000000,0.00000000,0.00000000,0.00000000,0.00000000,0.00000000,0.21659979,0.00000000,0.00000000,0.00000000,0.00000000,0.00000000,0.00000000,0.00000000,0.00000000,0.00000000,0.00000000,0.00000000,0.00000000,0.00000000,0.00000000,0.00000000,0.00000000,0.00000000,0.00000000,0.00000000,0.00000000,0.00000000,0.00000000,0.00000000,0.00000000,0.00000000,0.00000000,0.00000000,0.00000000,0.00000000,0.00000000,0.00367221,0.00000000,0.00000000,0.00000000,0.00000000,0.00000000,0.00000000,0.00000000,0.00149653,0.00000000,0.00000000,0.00000000,0.00000000,0.00000000,0.00000000,0.00000000,0.02076777,0.01548160,0.00343406,0.00000000,0.00000000,0.00000000,0.00000000,0.01218343,0.00000000,0.00000000,0.00000000,0.00000000,0.00000000,0.00000000,0.00000000,0.00000000,0.00000000,0.00000000,0.01198317,0.00000000,0.00000000,0.00000000,0.00000000,0.00000000,0.00000000,0.17667901,0.00000000,0.00000000,0.00000000,0.06311775,0.00000000,0.00000000,0.00879256,0.00000000,0.00000000,0.00000000,0.08529920,0.00000000,0.00000000,0.01215060,0.00000000,0.00000000,0.00000000,0.00000000,0.00000000,0.00000000,0.00000000,0.00000000,0.00000000,0.00000000,0.00000000,0.00000000,0.00000000,0.00000000,0.00000000,0.00000000,0.00000000,0.00000000,0.00000000,0.00000000,0.00000000,0.00000000,0.00000000,0.01398657,0.00000000,0.00000000,0.00000000,0.00000000,0.00000000,0.00000000,0.00000000,0.00000000,0.00000000,0.00000000,0.00000000,0.00000000,0.00000000,0.03426949,0.00000000,0.00000000,0.00802010,0.00000000,0.00000000,0.00000000,0.00000000,0.01104131,0.00000000,0.00000000,0.00000000,0.00000000,0.00000000,0.00000000,0.00000000,0.03965634,0.00000000,0.00105100,0.00000000,0.00000000,0.00000000,0.00000000,0.00000000,0.00000000,0.19156319,0.00000000,0.00000000,0.00000000,0.00992092,0.00000000,0.00000000,0.00000000,0.00000000,0.00000000,0.00000000,0.00000000,0.00000000,0.00000000,0.00000000,0.00000000,0.00000000,0.00000000,0.00000000,0.00000000,0.00000000,0.00000000,0.00000000,0.00000000,0.00000000,0.00000000,0.01665407,0.00000000,0.00000000,0.00000000,0.00000000,0.00000000,0.04269511,0.00000000,0.00000000,0.06437072,0.00000000,0.16683096,0.00000000,0.00000000,0.00000000,0.00000000,0.00000000,0.00000000,0.00000000,0.00000000,0.00000000,0.00000000,0.00570003,0.00000000,0.00000000,0.00000000,0.00000000,0.00189875,0.00000000,0.00000000,0.00000000,0.00000000,0.00000000,0.02245377,0.00000000,0.00000000,0.00000000,0.00000000,0.00000000,0.00000000,0.00000000,0.00000000,0.00000000,0.00000000,0.00000000,0.01032745,0.00000000,0.00000000,0.00000000,0.00000000,0.00000000,0.00000000,0.00000000,0.00000000,0.00397585,0.00000000,0.00000000,0.02858647,0.00000000,0.00000000,0.00000000,0.00000000,0.00000000,0.00000000,0.00000000,0.00000000,0.00000000,0.00177180,0.00000000,0.00000000,0.00000000,0.29538385,0.00000000,0.00000000,0.00000000,0.00000000,0.00000000,0.00000000,0.00000000,0.00000000,0.00000000,0.00915148,0.05334636,0.00000000,0.00000000,0.00000000,0.00000000,0.00000000,0.00000000,0.00000000,0.04628508,0.00000000,0.00000000,0.00000000,0.00000000,0.00000000,0.00000000,0.00000000,0.00000000,0.00000000,0.00262271,0.00000000,0.00000000,0.00000000,0.02106655,0.00000000,0.00000000,0.00000000,0.00000000,0.00326294,0.00000000,0.00000000,0.00000000,0.00000000,0.00000000,0.00000000,0.04670714,0.00000000,0.00000000,0.00000000,0.04206917,0.00000000,0.00000000,0.00000000,0.00000000,0.00087507,0.00000000,0.00000000,0.00000000,0.00000000,0.00000000,0.00000000,0.00000000,0.00000000,0.00000000,0.00258562,0.00000000,0.00000000,0.00000000,0.00380032,0.00000000,0.00000000,1.11675199,0.00000000,0.00000000,0.00000000,0.00000000,0.00000000,0.00000000,0.00000000,0.00000000,0.00000000,0.00000000,0.00000000,0.00000000,0.00000000,0.02288349,0.07137058,0.00000000,0.00000000,0.00000000,0.00410326,0.00000000,0.00353545,0.00000000,0.00000000,0.00000000,0.00000000,0.00000000,0.00000000,0.00000000,0.00123760,0.00000000,0.00840168,0.00000000,0.01056609,0.00000000,0.00000000,0.00000000,0.01325803,0.00000000,0.00000000,0.00000000,0.00000000,0.00000000,0.00707826,0.00000000,0.00000000,0.00000000,0.00000000,0.00000000,0.00000000,0.00000000,0.00000000,0.00000000,0.00000000,0.00000000,0.00000000,0.00000000,0.00000000,0.00000000,0.00000000,0.00000000,0.00000000,0.00000000,0.00000000,0.00000000,0.00000000,0.00000000,0.00000000,0.00000000,0.02064055,0.00000000,0.00884870,0.00000000,0.00000000,0.00000000,0.00090668,0.00000000,0.00000000,0.00000000,0.00000000,0.00000000,0.00000000,0.00000000,0.00820899,0.00000000,0.00000000,0.00000000,0.00000000,0.00000000,0.00000000,0.00000000,0.00000000,0.00000000,0.00000000,0.00000000,0.00000000,0.00000000,0.00000000,0.00000000,0.00000000,0.00000000,0.00000000,0.20678493,0.00000000,0.00000000,0.00000000,0.00000000,0.00098270,0.00000000,0.00000000
0.00643752,0.00000000,0.00000000,0.00000000,0.00000000,0.00000000,0.01427068,0.00000000,0.00000000,0.00000000,0.00000000,0.00000000,0.00000000,0.00000000,0.00000000,0.00000000,0.00000000,0.00000000,0.00000000,0.12664354,0.00000000,0.00000000,0.00000000,0.00000000,0.00000000,0.00000000,0.01805625,0.00000000,0.00000000,0.00000000,0.00000000,0.00000000,0.00000000,0.00000000,0.00751225,0.00000000,0.00000000,0.01962269,0.00000000,0.00000000,0.00000000,0.00000000,0.00000000,0.00000000,0.00000000,0.00000000,0.00000000,0.00000000,0.00000000,0.00000000,0.01450655,0.00000000,0.00000000,0.00000000,0.00000000,0.13620697,0.00000000,0.00000000,0.00000000,0.01431519,0.00000000,0.00000000,0.00000000,0.00000000,0.00000000,0.00000000,0.00000000,0.00000000,0.00000000,0.00000000,0.00000000,0.00000000,0.00757198,0.00266119,0.00000000,0.00000000,0.04661044,0.00000000,0.00000000,0.00000000,0.00163942,0.00000000,0.00000000,0.00000000,0.00000000,0.00000000,0.00084311,0.00000000,0.00739415,0.00000000,0.00000000,0.00000000,0.00000000,0.01355210,0.00000000,0.00000000,0.00000000,0.00000000,0.00000000,0.00000000,0.00000000,0.00000000,0.00000000,0.00000000,0.00000000,0.00000000,0.00000000,0.00000000,0.00000000,0.00000000,0.00000000,0.00000000,0.00000000,0.00000000,0.00000000,0.00000000,0.00000000,0.00000000,0.00000000,0.00000000,0.00000000,0.00000000,0.03214339,0.00000000,0.00000000,0.00000000,0.00000000,0.01914591,0.00000000,0.00000000,0.00000000,0.00000000,0.00000000,0.11520103,0.00000000,0.00000000,0.00000000,0.00000000,0.00789740,0.00000000,0.01367678,0.00000000,0.00000000,0.00000000,0.00210931,0.00000000,0.00120185,0.00000000,0.00000000,0.00000000,0.00000000,0.00000000,0.00000000,0.00000000,0.00916816,0.00000000,0.00000000,0.03325712,0.00000000,0.00000000,0.00000000,0.05477182,0.00000000,0.03005358,0.63228439,0.00000000,0.00000000,0.00000000,0.00000000,0.00000000,0.00000000,0.00000000,0.00000000,0.00000000,0.00000000,0.00000000,0.00000000,0.01204347,0.00000000,0.00000000,0.00000000,0.00000000,0.00000000,0.00000000,0.00000000,0.00000000,0.00000000,0.00000000,0.00000000,0.00000000,0.00000000,0.00000000,0.00000000,0.00000000,0.00000000,0.00000000,0.00000000,0.00000000,0.00000000,0.00000000,0.00000000,0.00000000,0.00000000,0.00000000,0.00000000,0.00000000,0.00000000,0.00000000,0.00000000,0.00000000,0.00000000,0.00000000,0.00000000,0.00000000,0.00000000,0.00000000,0.00000000,0.02428425,0.00000000,0.00000000,0.00000000,0.00000000,0.00000000,0.00000000,0.06253474,0.00000000,0.00603721,0.00000000,0.00000000,0.00000000,0.00000000,0.00000000,0.00000000,0.00000000,0.00000000,0.00000000,0.00000000,0.00000000,0.00000000,0.01056651,0.00747857,0.00000000,0.00000000,0.00000000,0.13734969,0.00000000,0.00000000,0.00000000,0.00000000,0.00000000,0.00000000,0.00000000,0.06596808,0.00000000,0.00000000,0.00768660,0.00000000,0.00000000,0.00000000,0.01502499,0.00000000,0.00000000,0.00000000,0.00270943,0.00000000,0.00000000,0.00000000,0.00000000,0.00000000,0.00000000,0.00000000,0.00000000,0.00000000,0.00000000,0.00000000,0.00000000,0.01269406,0.00000000,0.00000000,0.00000000,0.00000000,0.00000000,0.00000000,0.00000000,0.00000000,0.00000000,0.00000000,0.00000000,0.00000000,0.00000000,0.00000000,0.00345730,0.00000000,0.00000000,0.00000000,0.00000000,0.00000000,0.00000000,0.00000000,0.07623041,0.00000000,0.00756050,0.00000000,0.52455946,0.00000000,0.00916486,0.00000000,0.00000000,0.00000000,0.00000000,0.00000000,0.00000000,0.00000000,0.00000000,0.00000000,0.00000000,0.00000000,0.00000000,0.00000000,0.00644617,0.00000000,0.00000000,0.00000000,0.00000000,0.00000000,0.00000000,0.00000000,0.00000000,0.00000000,0.00000000,0.00000000,0.00000000,0.00000000,0.00000000,0.00000000,0.00000000,0.00000000,0.00000000,0.00000000,0.00000000,0.00000000,0.00000000,0.00000000,0.00000000,0.00000000,0.02143401,0.00000000,0.00000000,0.00000000,0.00000000,0.00000000,0.00000000,0.00000000,0.00000000,0.00000000,0.00000000,0.00000000,0.00000000,0.00000000,0.00000000,0.00000000,0.00000000,0.00000000,0.00000000,0.00000000,0.00000000,0.00000000,0.00000000,0.00000000,0.00000000,0.00000000,0.00000000,0.00000000,0.00759008,0.00000000,0.00000000,0.00000000,0.00000000,0.00000000,0.00000000,0.00000000,0.00000000,0.00000000,0.00562711,0.00000000,0.02888807,0.00000000,0.00000000,0.00000000,0.00000000,0.00926799,0.00000000,0.00000000,0.00000000,0.00000000,0.00000000,0.00000000,0.00000000,0.00000000,0.00000000,0.00000000,0.00000000,0.08083819,0.00000000,0.00000000,0.00000000,0.00000000,0.00000000,0.00000000,0.00212930,0.00000000,0.00000000,0.00000000,0.00000000,0.00000000,0.00000000,0.00000000,0.00000000,0.00000000,0.00000000,0.01346617,0.00000000,0.00000000,0.00000000,0.00000000,0.00000000,0.00000000,0.00000000,0.00000000,0.00000000,0.00000000,0.00000000,0.00000000,0.00000000,0.00000000,0.00000000,0.00000000,0.00000000,0.01277404,0.01793803,0.00000000,0.00000000,0.00000000,0.17383091,0.00000000,0.00000000,0.00000000,0.00000000,0.00737805,0.00000000,0.00102458,0.00000000,0.00000000,0.00000000,0.00000000,0.00000000,0.00000000,0.00000000,0.00000000,0.00000000,0.00000000,0.00000000,0.07634818,0.00000000,0.02455562,0.00000000,0.00000000,0.00000000,0.00000000,0.00000000,0.00000000,0.00000000,0.00000000,0.00000000,0.00079633,0.00000000,0.00000000,0.00000000,0.00000000,0.00000000,0.00000000,0.00000000,0.00000000,0.00000000,0.00000000,0.00000000,0.00000000,0.00000000,0.03775280,0.00000000,0.00000000,0.00000000,0.00495170,0.00000000,0.00000000,0.00280019,0.00000000,0.00000000,0.00000000,0.00000000,0.00000000,0.00000000,0.00000000,0.00147796,0.00000000,0.00000000,0.00000000,0.00000000,0.00000000,0.00000000,0.00000000,0.00000000,0.00000000,0.00532318,0.00000000,0.00000000,0.00000000,0.00000000,0.00000000,0.00000000,0.00000000,0.00000000,0.00000000,0.00000000,0.00112673,0.01915079,0.00000000,0.00000000,0.00000000,0.00000000,0.00000000,0.00000000,0.00000000,0.00908297,0.00000000,0.00000000,0.00000000,0.00000000,0.00000000,0.00000000,0.00000000,0.00000000,0.00000000,0.00000000,0.00100711,0.00000000,0.00000000,0.00000000,0.00000000,0.00000000,0.00440961,0.01322972,0.00000000,0.00000000,0.00000000,0.00000000,0.00000000,0.00000000,0.00000000,0.00000000,0.00145241,0.00000000,0.00000000,0.00000000,0.00000000,0.00000000,0.02792974,0.00000000,0.00000000,0.01161142,0.07979801,0.02041063,0.00000000,0.00000000,0.00000000,0.01193925,0.00000000,0.00000000,0.00000000,0.00000000,0.14255055,0.00000000,0.00635926,0.00000000,0.00000000,0.00696463,0.00000000,0.00000000,0.00000000,0.00000000,0.00000000,0.00000000,0.01000883,0.15636922,0.00651702,0.00368651,0.00000000,0.00000000,0.00000000,0.00000000,0.00367249,0.00000000,0.00000000,0.00000000,0.00000000,0.00000000,0.00000000,0.00000000,0.00000000,0.00000000,0.00000000,0.00000000,0.00000000,0.00000000,0.00000000,0.00000000,0.00000000,0.00000000,0.00000000,0.00000000,0.00000000,0.00000000,0.00000000,0.00000000,0.00000000,0.00000000,0.00000000,0.00000000,0.00133217,0.00000000,0.00000000,0.00175693,0.00000000,0.00000000,0.02375385,0.00000000,0.00000000,0.00000000,0.00000000,0.10983094,0.00000000,0.00000000,0.00280717,0.00000000,0.00000000,0.00000000,0.00000000,0.00458053,0.00000000,0.00000000,0.00000000,0.00000000,0.00000000,0.00000000,0.00000000,0.00000000,0.00000000,0.00000000,0.00000000,0.02163987,0.00000000,0.00000000,0.00000000,0.00000000,0.00000000,0.00000000,0.00000000,0.00182984,0.00000000,0.00095709,0.00000000,0.00000000,0.00000000,0.00696188,0.00000000,0.00000000,0.00000000,0.00000000,0.00000000,0.00000000,0.00000000,0.00000000,0.00000000,0.00000000,0.00000000,0.00000000,0.00000000,0.00000000,0.00000000,0.00000000,0.00000000,0.00000000,0.00000000,0.00000000,0.00000000,0.00000000,0.00000000,1.76049097,0.00000000,0.00000000,0.00000000,0.00000000,0.00000000,0.00000000,0.00000000,0.00000000,0.00437064,0.07939571,0.00215012,0.00000000,0.00000000,0.00000000,0.00000000,0.00000000,0.00000000,0.00000000,0.00000000,0.00000000,0.00000000,0.00000000,0.00000000,0.00000000,0.00000000,0.02468033,0.00000000,0.00000000,0.00000000,0.00000000,0.00000000,0.00000000,0.00000000,0.00000000,0.00000000,0.00000000,0.00000000,0.00000000,1.84850061,0.00000000,0.00000000,0.00000000,0.00000000,0.00000000,0.00345137,0.00000000,0.01492926,0.40041371,0.00000000,0.00000000,0.00000000,0.00000000,0.00000000,0.00000000,0.00000000,0.00000000,0.00000000,0.00000000,0.00000000,0.00587241,0.00991116,0.00000000,0.00000000,0.09921604,0.00000000,0.00000000,0.00813662,0.00000000,0.00000000,0.00000000,0.00000000,0.00000000,0.00000000,0.00000000,0.00000000,0.00000000,0.00000000,0.01335709,0.00355570,0.00000000,0.00000000,0.00000000,0.00000000,0.00000000,0.00000000,0.00000000,0.00000000,0.00000000,0.00000000,0.00000000,0.00000000,0.00000000,0.00000000,0.00000000,0.00000000,0.00000000,0.00000000,0.00646110,0.04184705,0.00000000,0.00000000,0.00000000
0.00000000,0.00000000,0.00000000,0.00000000,0.01151665,0.00000000,0.00000000,0.00000000,0.00000000,0.00000000,0.01045276,0.00000000,0.00000000,0.00000000,0.00000000,0.00000000,0.05125843,0.00000000,0.00000000,0.00000000,0.00000000,0.00000000,0.00000000,0.00000000,0.00000000,0.00000000,0.05246471,0.00000000,0.00000000,0.00000000,0.00000000,0.00000000,0.00000000,0.00117061,0.00000000,0.00000000,0.00000000,0.00000000,0.00000000,0.00000000,0.00000000,0.00000000,0.00000000,0.00000000,0.00000000,0.00000000,0.00000000,0.00000000,0.00000000,0.00000000,0.00000000,0.00000000,0.00000000,0.00000000,0.00000000,0.00000000,0.00000000,0.00000000,0.00000000,0.00000000,0.00000000,0.00000000,0.00000000,0.00000000,0.00000000,0.00000000,0.00000000,0.00000000,0.00000000,0.00000000,0.00000000,0.00000000,0.00000000,0.00000000,0.00000000,0.00000000,0.00000000,0.00000000,0.00000000,0.00000000,0.00000000,0.00000000,0.00000000,0.00000000,0.00443853,0.00000000,0.00000000,0.00000000,0.00000000,0.00000000,0.00000000,0.00000000,0.00000000,0.00000000,0.00000000,0.00215920,0.00000000,0.00000000,0.00000000,0.00000000,0.00000000,0.05964521,0.03720406,0.00000000,0.18463711,0.00433439,0.00000000,0.00000000,0.00280635,0.00000000,0.00000000,0.00000000,0.00000000,0.00000000,0.02785276,0.00000000,0.00000000,0.00000000,0.00000000,0.00000000,0.00000000,0.00000000,0.00000000,0.00282446,0.00000000,0.00000000,0.00000000,0.00000000,0.00000000,0.00257836,0.00000000,0.00000000,0.00000000,0.00000000,0.00000000,0.00000000,0.00000000,0.00000000,0.00000000,0.00000000,0.10597083,0.10891485,1.34067001,0.00000000,0.00000000,0.00000000,0.00000000,1.60075268,0.00244741,0.00000000,0.00108400,0.00000000,0.02668796,0.00000000,0.00000000,0.00000000,0.00000000,0.00714191,0.00000000,0.00000000,0.00000000,0.00000000,0.00000000,0.00000000,0.00000000,0.00000000,0.00000000,0.04048937,0.00000000,0.00000000,0.00000000,0.00000000,0.00663737,0.00000000,0.00000000,0.00000000,0.00000000,0.00000000,0.00000000,0.00000000,0.00000000,0.00000000,0.00000000,0.00000000,0.02941553,0.00000000,0.00000000,0.00000000,0.00526098,0.00000000,0.00000000,0.00000000,0.00000000,0.00000000,0.00000000,0.00000000,0.00000000,0.00000000,0.00000000,0.00000000,0.00000000,0.00000000,0.00000000,0.00000000,0.00172809,0.00000000,0.00000000,0.00000000,0.00000000,0.00000000,0.00000000,0.00000000,0.00000000,0.00000000,0.00591252,0.00000000,0.00000000,0.00000000,0.04286219,0.10905582,0.00000000,0.00000000,0.01654887,0.00000000,0.00000000,0.00000000,0.00000000,0.07598189,0.00000000,0.00000000,0.00000000,0.00000000,0.00000000,0.00000000,0.00000000,0.06609874,0.00000000,0.00755306,0.00000000,0.00000000,0.00000000,0.00000000,0.02861719,0.00000000,0.00000000,0.00000000,0.00000000,0.00000000,0.00000000,0.00000000,0.00764202,0.00000000,0.00000000,0.00000000,0.00000000,0.00000000,0.00000000,0.00000000,0.00000000,0.00564829,0.00000000,0.00000000,0.00000000,0.00000000,0.00566509,0.00226851,0.01877148,0.00000000,0.00000000,0.00350381,0.00000000,0.00000000,0.00000000,0.08152239,0.00000000,0.00000000,0.00000000,0.00000000,0.00000000,0.00000000,0.00000000,0.00000000,0.00000000,0.00000000,0.00000000,0.00000000,0.00000000,0.00655539,0.00000000,0.00000000,0.00000000,0.00000000,0.00000000,0.00000000,0.00000000,0.00000000,0.00000000,0.00000000,0.00000000,0.00000000,0.00000000,0.00000000,0.53759344,0.00000000,0.00000000,0.00000000,0.00000000,0.00000000,0.00000000,0.00000000,0.00000000,0.00438830,0.00356374,0.00000000,0.00000000,0.00000000,0.00000000,0.00000000,0.00000000,0.00000000,0.00000000,0.00000000,0.00000000,0.00000000,0.00000000,0.00000000,0.00000000,0.00000000,0.00000000,0.00000000,0.00000000,0.23965761,0.00000000,0.14447976,0.00000000,0.00000000,0.00000000,0.00000000,0.18985929,0.00000000,0.00000000,0.00000000,0.00000000,0.00000000,0.00000000,0.00000000,0.00000000,1.37417620,0.00172296,0.00000000,0.00000000,0.00000000,0.00000000,0.00000000,0.00000000,0.00000000,0.00000000,0.00000000,0.00000000,0.00000000,0.00000000,0.00000000,0.00000000,0.00000000,0.00000000,0.00000000,0.00000000,0.00000000,0.00000000,0.00901210,0.00000000,0.00000000,0.00000000,0.00000000,0.00000000,0.00000000,0.00000000,0.00000000,0.00000000,0.00000000,0.00000000,0.00655199,0.00000000,0.01620644,0.00000000,0.00196947,0.00000000,0.00000000,0.00549542,0.00000000,0.03083915,0.00000000,0.01048656,0.00000000,0.04124287,0.00000000,0.00000000,0.00000000,0.00000000,0.00000000,0.00000000,0.00000000,0.00000000,0.00000000,0.00000000,0.00000000,0.00000000,0.00000000,0.00000000,0.00000000,0.00000000,0.23320003,0.00000000,0.00000000,0.00000000,0.00000000,0.17610524,0.00000000,0.00000000,0.00000000,0.00000000,0.00000000,0.00000000,0.00000000,0.00000000,0.00000000,0.00000000,0.00000000,0.00893785,0.00000000,0.00000000,0.00000000,0.00000000,0.00000000,0.00000000,0.00000000,0.05447661,0.00000000,0.00000000,0.00000000,0.00000000,0.00000000,0.00000000,0.01137832,0.00000000,0.00000000,0.00320938,0.00000000,0.00000000,0.00000000,0.00000000,0.00000000,0.00000000,0.00000000,0.00000000,0.00338046,0.00000000,0.00000000,0.00000000,0.00000000,0.02762693,0.00000000,0.00000000,0.00000000,0.00000000,0.00000000,0.00000000,0.00000000,0.00000000,0.00000000,0.00000000,0.00000000,0.00000000,0.00000000,0.00000000,0.00000000,0.00000000,0.00000000,0.00801679,0.00000000,0.00000000,0.00000000,0.00000000,0.00000000,0.00000000,0.00000000,0.03444194,0.00000000,0.00713833,0.00000000,0.00000000,0.00000000,0.00000000,0.00000000,0.00000000,0.00000000,0.00000000,0.00000000,0.00000000,0.00000000,0.00069456,0.00000000,0.00000000,0.00000000,0.00000000,0.00000000,0.00000000,0.00000000,0.00000000,0.00000000,0.00000000,0.00000000,0.00000000,0.00000000,0.00000000,0.00000000,0.00000000,0.00000000,0.00000000,0.02110943,0.00000000,0.00000000,0.64317119,0.00000000,0.00000000,0.00000000,0.00000000,0.00000000,0.00000000,0.03665755,0.00000000,0.00000000,0.01213675,0.00000000,0.00000000,0.00000000,0.00000000,0.00000000,0.00000000,0.00000000,0.04445651,0.00395477,0.00000000,0.09374865,0.00000000,0.00000000,0.00000000,0.00000000,0.00000000,0.00000000,0.00324741,0.00000000,0.00000000,0.00000000,0.00000000,0.00000000,0.03343384,0.00000000,0.00000000,0.00000000,0.00000000,0.00000000,0.00000000,0.00000000,0.00000000,0.00000000,0.00000000,0.00000000,0.00812240,0.00000000,0.00000000,0.00000000,0.00000000,0.00000000,0.00000000,0.00000000,0.00000000,0.00926763,0.00000000,0.00000000,0.00000000,0.00000000,0.00782440,0.04659915,0.00000000,0.00000000,0.00149285,0.00000000,1.50833150,0.00000000,0.00000000,0.00000000,0.00000000,0.00000000,0.00000000,0.00000000,0.00000000,0.00000000,0.00000000,0.05501240,0.02449565,0.00000000,0.00000000,0.00000000,0.00000000,0.00000000,0.00000000,0.00000000,0.00000000,0.00000000,0.00000000,0.00000000,0.00000000,0.00000000,0.00000000,0.00000000,0.00000000,0.00000000,0.00778882,0.00000000,0.00000000,0.00000000,0.00000000,0.00000000,0.00000000,0.00000000,0.01110652,0.01129070,0.00000000,0.00000000,0.00000000,0.00000000,0.00000000,0.00000000,0.00000000,0.00000000,0.00000000,0.00354712,0.11056140,0.00000000,0.00000000,0.00000000,0.02022802,0.00339718,0.03336018,0.00000000,0.00000000,0.00000000,0.00000000,0.00000000,0.00000000,0.00000000,0.00000000,0.00170058,0.00000000,0.00284906,0.00000000,0.00507331,0.00000000,0.00000000,0.00000000,0.00000000,0.00000000,0.00000000,0.02321495,0.00000000,0.00000000,0.00000000,0.00000000,0.00000000,0.00000000,0.00000000,0.00000000,0.00000000,0.00000000,0.00000000,0.00000000,0.00000000,0.00000000,0.00000000,0.00000000,0.00000000,0.00000000,0.00000000,0.00119460,0.00000000,0.00000000,0.00000000,0.00000000,0.00000000,0.00000000,0.00000000,0.00000000,0.00000000,0.00000000,0.00000000,0.00000000,0.00000000,0.00000000,0.00000000,0.00000000,0.00000000,0.00000000,0.00000000,0.00000000,0.00000000,0.00000000,0.00000000,0.00000000,0.00000000,0.00000000,0.12490104,0.00000000,0.00000000,0.00000000,0.00000000,0.00000000,0.00000000,0.00000000,0.00000000,0.00000000,0.00000000,0.02542065,0.00000000,0.00000000,0.00000000,0.00000000,0.00000000,0.06133502,0.00000000,0.00000000,0.00000000,0.00000000,1.92108077,0.00000000,0.00731060,0.00000000,0.00000000,0.00798567,0.00000000,0.00455495,0.00000000,0.00000000,0.00000000,0.00000000,0.00000000,0.00000000,0.00000000,0.00000000,0.00000000,0.00000000,0.00068193,0.00000000,0.00000000,0.00000000,0.00000000,0.00000000,0.00000000,0.00000000,0.00000000,0.00000000,0.00000000,0.00000000,0.00000000,0.00000000,0.00000000,0.00000000,0.00000000,0.00345378,0.00000000,0.00000000,0.00000000,0.00000000,0.00000000,0.00000000,0.00000000,0.00000000,0.00000000,0.00000000,0.00000000,0.00000000,0.01446330,0.00000000,0.00000000,0.00000000,0.00000000,0.00000000,0.00000000,0.00000000,0.00000000,0.00000000,0.00629456,0.00000000,0.00000000,0.00000000,0.00000000,0.00000000,0.00000000,0.00306575,0.00000000
0.00000000,0.00000000,0.00000000,0.00000000,0.00000000,0.00000000,0.00000000,0.00000000,0.00000000,0.00000000,0.00000000,0.00000000,0.00000000,0.00000000,0.00000000,0.00000000,0.00000000,0.00138976,0.00000000,0.00000000,0.00000000,0.00000000,0.00000000,0.00000000,0.00000000,0.00929938,0.00000000,0.00000000,0.00000000,0.00000000,0.00000000,0.00000000,0.00000000,0.01212531,0.00000000,0.00000000,0.00000000,0.06399110,0.00000000,0.00118861,0.00000000,0.00000000,0.00000000,0.00000000,0.00000000,0.00000000,0.00000000,0.00000000,0.00000000,0.00000000,0.11804414,0.01156121,0.00000000,0.00000000,0.00000000,0.00000000,0.00000000,0.00000000,0.00000000,0.00000000,0.00000000,0.00000000,0.00000000,0.00000000,0.00000000,0.02033741,1.19452393,0.00000000,0.00000000,0.00000000,0.00000000,0.00000000,0.00000000,0.00000000,0.00000000,0.00000000,0.00000000,0.00000000,0.00090567,0.00000000,0.00000000,0.00000000,0.00000000,0.00000000,0.01741551,0.00000000,0.00000000,0.05979601,0.00000000,0.00000000,0.00000000,0.00896578,0.00396021,0.00000000,0.00000000,0.00000000,0.00747222,0.00000000,0.00000000,0.00000000,0.00000000,0.00000000,0.00000000,0.00755926,0.00000000,0.00703941,0.00000000,0.00000000,0.00439674,0.00000000,0.00000000,0.00000000,0.00000000,0.00000000,0.00000000,0.00000000,0.00000000,0.03472590,0.00000000,0.00000000,0.00000000,0.01942826,0.00000000,0.00000000,0.00000000,0.00000000,0.01295224,0.00000000,0.00000000,0.00000000,0.00000000,0.00000000,0.00000000,0.00000000,0.03990585,0.00000000,0.00000000,0.00000000,0.00000000,0.00000000,0.00000000,0.00000000,0.02334266,0.00000000,0.00000000,0.03135736,0.74887792,0.00000000,0.00000000,0.00000000,0.00000000,0.00000000,0.00000000,0.00000000,0.00000000,0.00362557,0.00000000,0.00000000,0.00000000,0.00000000,0.00000000,0.00000000,0.00000000,0.11236175,0.00370368,0.00000000,0.00000000,0.14833924,0.00000000,0.00000000,0.00000000,0.00000000,0.00000000,0.00000000,0.05399539,0.00000000,0.00000000,0.00000000,0.00161787,0.00000000,0.00000000,0.00000000,0.00000000,0.00000000,0.00000000,0.00000000,0.00000000,0.00000000,0.00218086,0.00000000,0.00000000,0.00000000,0.00000000,0.00000000,0.00000000,0.01431614,0.00000000,0.00000000,0.00000000,0.00000000,0.00000000,0.00000000,0.00619912,0.00000000,0.00000000,0.00000000,0.02123413,0.00501308,1.77425646,0.00187860,0.00000000,0.00000000,0.00000000,0.00000000,0.00000000,0.00000000,0.00000000,0.00209207,0.00506393,0.00000000,0.00000000,0.00000000,0.01915634,0.00000000,0.00000000,0.00000000,0.00000000,0.00000000,0.00000000,0.00000000,0.00000000,0.00000000,0.00000000,0.00000000,0.00000000,0.00000000,0.00000000,0.00000000,0.00000000,0.00000000,0.00280175,0.00000000,0.00000000,0.00000000,0.00000000,0.00000000,0.00000000,0.00000000,0.00000000,0.00000000,0.00424991,0.00000000,0.00000000,0.00000000,0.00000000,0.00000000,0.01058925,0.08068796,0.00000000,0.00000000,0.00000000,0.00000000,0.00121021,0.00000000,0.02677980,0.00000000,0.00000000,0.00000000,0.00000000,0.00000000,0.00000000,0.00000000,0.00000000,0.00000000,0.00000000,0.00000000,0.00000000,0.00000000,2.62186536,0.00000000,0.14120498,0.00000000,0.00000000,0.00000000,0.00000000,0.00000000,0.00000000,0.00000000,0.02833812,0.00000000,0.00000000,0.00000000,0.00000000,0.00000000,0.00000000,0.00000000,0.00000000,0.06796173,0.00000000,0.00000000,0.00000000,0.00000000,0.00000000,0.00000000,0.00451938,0.00000000,0.00000000,0.00000000,0.00000000,0.00000000,0.00647086,0.00548317,0.00000000,0.00000000,0.00000000,0.00000000,0.00000000,0.00000000,0.00000000,0.00000000,0.00589422,0.00000000,0.00000000,0.00000000,0.00000000,0.00000000,0.00000000,0.00000000,0.00622640,0.00000000,0.00000000,0.00000000,0.31981948,0.00000000,0.01596122,0.00000000,0.00000000,0.00342815,0.00000000,0.00000000,0.00000000,0.00000000,0.00000000,0.00000000,0.00000000,0.00000000,0.00000000,0.00000000,0.00000000,0.00000000,0.00000000,0.00000000,0.00000000,0.00000000,0.01115927,0.00000000,0.00000000,0.00000000,0.00000000,0.00000000,0.00000000,0.00000000,0.08800728,0.00000000,0.00000000,0.00000000,0.00340546,0.00000000,0.00000000,0.00000000,0.00000000,0.00000000,0.00140182,0.00000000,0.00000000,0.00000000,0.00314154,0.00000000,0.00000000,0.00000000,0.00000000,0.00000000,0.00000000,0.00000000,0.00000000,0.00000000,0.00000000,0.00000000,0.00000000,0.00000000,0.00000000,0.00000000,0.00000000,0.00000000,0.00330730,0.00000000,0.00469984,0.00000000,0.00000000,0.00000000,0.00000000,0.00000000,0.00000000,0.00000000,0.00000000,0.00000000,0.00000000,0.00296350,0.00000000,0.00000000,0.00000000,0.00000000,0.00000000,0.00000000,0.00000000,0.00000000,0.00000000,0.01105315,0.00000000,0.00000000,0.00000000,0.00000000,0.00000000,0.00000000,0.00000000,0.00000000,0.00000000,0.00000000,0.00000000,0.00000000,0.00000000,0.00000000,0.00000000,0.00000000,0.06670735,0.00000000,0.00000000,0.00000000,0.00000000,0.00000000,0.00000000,0.00000000,0.00000000,0.00000000,0.00000000,0.00000000,0.00000000,0.00000000,0.00000000,0.02027578,0.00159722,0.00000000,0.00000000,0.00000000,0.00000000,0.00000000,0.00000000,0.78538665,0.00000000,0.00000000,0.00000000,0.00000000,0.00000000,0.00000000,0.02978997,0.00000000,0.00000000,0.00000000,0.00000000,0.00634059,0.00000000,0.00000000,0.00000000,0.00000000,0.00000000,0.00000000,0.00000000,0.00000000,0.19444333,0.00000000,0.00000000,0.01092130,0.00000000,0.00000000,0.00000000,0.00184871,0.00000000,0.00000000,0.00000000,0.00000000,0.00000000,0.00000000,0.00000000,0.00000000,0.00000000,0.00000000,0.00000000,0.00735240,0.00000000,0.00000000,0.00000000,0.00000000,0.00000000,0.00635858,0.00000000,0.01184895,0.00000000,0.00000000,0.00000000,0.00000000,0.00000000,0.00000000,0.00000000,0.00000000,0.01618105,0.00000000,0.00000000,0.00000000,0.00000000,0.00000000,0.00000000,0.00000000,0.00000000,0.00000000,0.00000000,0.00000000,0.00000000,0.00000000,0.00000000,0.00000000,0.04480285,0.00000000,0.00000000,0.09353390,0.00000000,0.00000000,0.00000000,0.00000000,0.00000000,0.00000000,0.00000000,0.00000000,0.00000000,0.00000000,0.00000000,0.00930370,0.00000000,0.00000000,0.00000000,0.00000000,0.00000000,0.00000000,0.00000000,0.00000000,0.00000000,0.00000000,0.00000000,0.00883217,0.00000000,0.03119839,0.00000000,0.00000000,1.26809534,0.00000000,0.00000000,0.00000000,0.00000000,0.00000000,0.00000000,0.00000000,0.00000000,0.00323889,0.00000000,0.00566284,0.00000000,0.00000000,0.00000000,0.00676983,0.00000000,0.00000000,0.00000000,0.00000000,0.00000000,0.00000000,0.00000000,0.00000000,0.00000000,0.00000000,0.00000000,0.00000000,0.00000000,0.00305361,0.00000000,0.00000000,0.00000000,0.00000000,0.00000000,0.00000000,0.00000000,0.00000000,0.00000000,0.00000000,0.00000000,0.00000000,0.00000000,0.04857488,0.00000000,0.00000000,0.00000000,0.00000000,0.00000000,0.00000000,0.00000000,0.00000000,0.00000000,0.00609289,0.00000000,0.00000000,0.00000000,0.00000000,0.00000000,0.00207504,0.00000000,0.00000000,0.01229066,0.14084507,0.00000000,0.00000000,0.00000000,0.00000000,0.00000000,0.00000000,0.00000000,0.00000000,0.00000000,0.00000000,0.00000000,0.00000000,0.00000000,0.00000000,0.00000000,0.00000000,0.50983136,0.00000000,0.00000000,0.00921821,0.00000000,0.00000000,0.00000000,0.00000000,0.00000000,0.00000000,0.11893455,0.04544034,0.00000000,0.00537506,0.00000000,0.00000000,0.00000000,0.00000000,0.00000000,0.00000000,0.00000000,0.00624355,0.00000000,0.00000000,0.00000000,0.00331417,0.00000000,0.00000000,0.00000000,0.00000000,0.00000000,0.00000000,0.00000000,0.00000000,0.00000000,0.00000000,0.00000000,0.00000000,0.00000000,0.00000000,0.00000000,0.00000000,0.00000000,0.00221231,0.00000000,0.00000000,0.00000000,0.00000000,0.00000000,0.00000000,0.00000000,0.00000000,0.00000000,0.00000000,0.00000000,0.00000000,0.00000000,0.00000000,0.00000000,0.00000000,0.00000000,0.00000000,0.00000000,0.00000000,0.00000000,0.00000000,0.00000000,0.00000000,0.00000000,0.00000000,0.00000000,0.00000000,0.00000000,0.00000000,0.00000000,0.00000000,0.00000000,0.00000000,0.00000000,0.00000000,0.00156151,0.00000000,0.00000000,0.00000000,0.00000000,0.00296897,0.00000000,0.01837685,0.00000000,0.00000000,0.00518740,0.00000000,0.00000000,0.00000000,0.00000000,0.00000000,0.00000000,0.00000000,0.00000000,0.00000000,0.00000000,0.00000000,0.00000000,0.00911047,0.00000000,0.00000000,0.00000000,0.00000000,0.00000000,0.00000000,0.00000000,0.00000000,0.00000000,0.00000000,0.00000000,0.00000000,0.00000000,0.00000000,0.00000000,0.00000000,0.00000000,0.00000000,0.00000000,0.02612865,0.00000000,0.00000000,0.00000000,0.00000000,0.00000000,0.00000000,1.62751543,0.00000000,0.00000000,0.00000000,0.00000000,0.00000000,0.00000000,0.00000000,0.00000000,0.00000000,0.00000000,0.03000223,0.00194708,0.00000000,0.00000000,0.00000000,0.00000000,0.00000000,0.00000000,0.02829737,0.00000000,0.00000000,0.00000000,0.00000000,0.00000000,0.00000000,0.00000000,0.00000000
0.00000000,0.07106221,0.00000000,0.00000000,0.00000000,0.00000000,0.00000000,0.00000000,0.00000000,0.00000000,0.00000000,0.00000000,0.00000000,0.00000000,0.00678511,0.00000000,0.00398715,0.00000000,0.00000000,0.00374106,0.00000000,0.00000000,0.00000000,0.01976898,0.00000000,0.00000000,0.00000000,0.00000000,0.00000000,0.00000000,0.00000000,0.00000000,0.00000000,0.00000000,0.00000000,0.00000000,0.00000000,0.00000000,0.00000000,0.00000000,0.00000000,0.00000000,0.00000000,0.02712694,0.00000000,0.00086614,0.00000000,0.00000000,0.00910247,0.00130431,0.00000000,0.00000000,0.00000000,0.00000000,0.00000000,0.00000000,0.00000000,0.00000000,0.00598372,0.00000000,0.00000000,0.00607899,0.00000000,0.00983989,0.00000000,0.00000000,0.00000000,0.00000000,0.00000000,0.00000000,0.00000000,0.00000000,0.00000000,0.00000000,0.00000000,0.04727196,0.00000000,0.00000000,0.00000000,0.00000000,0.66237600,0.02242527,0.00000000,0.00000000,0.00000000,0.00000000,0.00000000,0.00000000,0.00000000,0.00000000,0.00102609,0.00000000,0.00000000,0.00000000,0.00000000,0.00127192,0.00000000,0.00000000,0.02456395,0.00000000,0.00000000,0.00000000,0.00000000,0.00000000,0.30168910,0.00695520,0.00000000,0.00000000,0.00000000,0.00000000,0.00174865,0.00000000,0.00000000,0.00000000,0.00000000,0.00000000,0.00000000,0.00000000,0.00000000,0.00000000,0.00000000,0.00000000,0.00000000,0.00000000,0.00000000,0.00000000,0.00000000,0.00000000,0.00000000,0.00000000,0.00000000,0.02661966,0.00000000,0.00908643,0.00000000,0.00000000,0.00357827,0.01959164,0.00000000,0.00000000,0.01503755,0.00419380,0.00000000,0.00000000,0.00000000,0.00000000,0.00000000,0.00000000,0.00000000,0.00000000,0.00000000,0.00000000,0.00000000,0.00000000,0.00000000,0.00000000,0.00000000,0.00000000,0.00000000,0.00000000,0.00000000,0.00000000,0.00000000,0.00000000,0.00000000,0.00000000,0.00211686,0.04312451,0.00000000,0.01036623,0.00000000,0.00000000,0.00000000,0.00000000,0.00000000,0.00000000,0.00000000,0.00240574,0.00000000,0.00000000,0.00000000,0.00000000,0.00000000,0.00000000,0.00000000,0.00000000,0.00000000,0.00000000,0.08584717,0.00000000,0.00153174,0.00000000,0.00000000,0.00000000,0.00000000,0.00000000,0.00000000,0.00000000,0.00000000,0.00000000,0.00000000,0.00000000,0.00000000,0.00000000,0.00000000,0.00000000,0.00000000,0.00000000,0.00000000,0.00000000,0.00000000,0.00000000,0.00000000,0.00000000,0.00000000,0.00000000,0.00000000,0.00000000,0.00000000,0.00000000,0.00000000,0.07259327,0.00000000,0.00000000,0.02198469,0.00000000,0.00000000,0.00000000,0.00000000,0.00000000,0.00000000,0.09003807,0.00000000,0.03345090,0.00000000,0.00000000,0.00000000,0.00184733,0.00059474,0.50058731,0.00000000,0.00000000,0.00000000,0.00000000,0.01914690,0.00000000,0.00369551,0.00000000,0.00000000,0.00000000,0.00000000,0.00000000,0.04652471,0.00000000,0.00000000,0.00000000,0.00000000,0.00000000,0.00000000,0.00567849,0.00000000,0.00000000,0.00000000,0.00000000,0.00000000,0.00000000,0.00258035,0.00000000,0.00000000,0.00000000,0.00000000,0.00000000,0.00000000,0.00000000,0.00000000,0.00000000,0.00000000,0.00000000,0.00118110,0.00129915,0.00000000,0.00000000,0.00000000,0.00000000,0.00000000,0.00000000,0.00000000,0.00000000,0.00000000,0.00000000,0.00000000,0.00000000,0.00000000,0.00000000,0.00000000,0.00000000,0.00000000,0.00000000,0.00000000,0.00000000,0.00000000,0.00000000,0.00000000,0.00000000,0.00000000,0.00000000,0.00000000,0.00000000,0.00000000,0.00000000,0.00000000,0.00000000,0.00000000,0.00000000,0.00000000,0.00000000,0.00000000,0.00000000,0.15590650,0.00000000,0.00000000,0.00000000,0.00000000,0.00000000,0.00320872,0.00000000,0.00000000,0.00000000,0.00000000,0.00000000,0.00000000,0.00000000,0.00000000,0.00000000,0.00000000,0.00000000,0.00000000,0.00000000,0.00000000,0.16498021,0.00000000,0.00000000,0.00000000,0.00000000,0.00606603,0.00371284,0.00000000,0.00000000,0.00000000,0.00000000,0.00000000,0.00000000,0.00000000,0.00000000,0.00000000,0.00932593,0.00000000,0.00000000,0.00000000,0.00000000,0.00000000,0.00000000,0.00000000,0.00000000,0.00000000,0.00000000,0.00000000,0.00000000,0.00000000,0.00000000,0.00000000,0.00000000,0.00000000,0.00000000,0.00000000,0.01085513,0.00000000,0.00000000,0.00000000,0.00000000,0.00000000,0.00000000,0.00000000,0.00000000,0.02284748,0.00000000,0.00000000,0.00000000,0.00000000,0.00000000,0.00000000,0.00000000,0.00000000,0.00000000,0.00000000,0.00000000,0.00000000,0.00000000,0.00000000,0.00000000,0.00000000,0.00000000,0.00000000,0.00000000,0.00000000,0.00000000,0.00000000,0.00000000,0.00000000,0.00000000,0.00000000,0.00000000,0.00853182,0.00000000,0.00000000,0.00000000,0.00000000,0.00000000,0.00000000,0.00000000,0.00000000,0.00000000,0.00000000,0.00000000,0.00000000,0.00000000,0.00000000,0.00000000,0.00000000,0.00000000,0.00000000,0.00687392,0.00000000,1.21876498,0.00000000,0.19698452,0.00000000,0.00000000,0.00000000,0.00000000,0.00000000,0.00000000,0.00000000,0.00000000,0.00000000,0.00000000,0.00000000,0.00000000,0.00000000,0.00000000,0.00000000,0.00000000,0.00000000,0.00000000,0.00000000,0.00000000,0.00000000,0.00000000,0.00000000,0.00000000,0.00000000,0.00000000,0.00513347,0.00000000,0.00000000,0.00000000,0.00000000,0.20293439,0.00000000,0.01709037,0.00000000,0.00000000,0.00000000,1.68117264,0.00000000,0.00000000,0.00000000,0.00000000,0.00000000,0.00285004,0.00000000,0.00000000,0.00000000,0.00000000,0.00000000,0.00000000,0.00000000,0.01026168,0.00000000,0.00000000,0.00000000,0.00000000,0.00000000,0.00000000,0.00000000,0.00000000,0.00000000,0.00000000,0.98781735,0.00000000,0.00000000,0.00000000,0.00000000,0.00000000,0.00000000,0.00000000,0.00000000,0.00233187,0.00000000,0.00000000,0.00343952,0.00000000,1.57459360,0.00000000,0.04725587,0.00000000,0.00000000,0.00000000,0.00000000,0.00000000,0.00000000,0.00254947,0.00000000,0.00000000,0.00000000,0.00000000,0.00000000,0.00000000,0.00000000,0.00000000,0.00000000,0.00000000,0.00000000,0.00000000,0.00000000,0.00885940,0.00000000,0.00000000,0.00000000,0.00000000,0.00000000,0.00000000,0.00000000,0.00000000,0.00000000,0.00000000,0.00000000,0.00000000,1.19499284,0.00000000,0.00000000,0.12874586,0.00000000,0.05853161,0.00000000,0.00000000,0.00000000,0.00000000,0.00000000,0.00000000,0.00314857,0.00000000,0.00000000,0.03788744,0.00000000,0.00000000,0.00000000,0.00000000,0.01391169,0.00000000,0.00000000,0.00000000,0.00000000,0.00000000,0.00000000,0.00000000,0.00000000,0.00545374,0.00000000,0.00000000,0.00000000,0.00000000,0.00000000,0.00000000,0.00000000,0.00000000,0.00000000,0.00000000,0.00000000,0.00000000,0.00000000,0.00000000,0.00000000,0.00000000,0.00000000,0.02251690,0.00000000,0.00000000,0.00000000,0.00000000,0.00000000,0.00000000,0.00000000,0.00000000,0.00000000,0.00000000,0.00000000,0.00000000,0.00000000,0.17813467,0.00000000,0.00000000,0.00000000,0.00000000,0.00000000,0.00000000,0.00000000,0.01863105,0.00000000,0.00000000,0.00000000,0.00000000,0.00000000,0.00000000,0.00000000,0.00000000,0.07541891,0.73801895,0.38613605,0.00000000,0.00000000,0.00000000,0.00000000,0.00000000,0.00649516,0.00000000,0.00000000,0.05319039,0.00412256,0.00000000,0.00000000,0.00893504,0.00390862,0.00000000,0.00000000,0.00158303,0.00000000,0.00000000,0.00000000,0.00000000,0.00757434,0.00000000,0.00000000,0.00000000,0.00000000,0.00000000,0.00000000,0.00151015,0.00000000,0.00000000,0.00000000,0.00000000,0.00539275,0.00000000,0.01362106,0.04586681,0.00000000,0.00000000,0.00000000,0.00000000,0.00000000,0.00000000,0.00000000,0.00000000,0.00000000,0.00000000,0.00000000,0.00000000,0.00492183,0.00000000,0.00000000,0.00000000,0.00000000,0.00000000,0.00000000,0.00000000,0.00000000,0.00000000,0.01223131,0.00000000,0.00000000,0.00000000,0.00000000,0.00000000,0.03636291,0.00000000,0.00000000,0.00000000,0.00000000,0.00000000,0.00248061,0.01955290,0.00000000,0.01935571,0.00000000,0.00000000,0.00000000,0.00000000,0.04904566,0.00000000,0.00000000,0.00000000,0.00685728,0.01484257,0.00000000,0.00000000,0.00000000,0.00000000,0.00000000,0.00000000,0.00000000,0.00000000,0.00000000,2.13289833,0.00000000,0.00000000,0.00000000,0.00000000,0.00000000,0.00000000,0.00000000,0.00000000,0.00000000,0.00000000,0.00000000,0.00000000,0.00000000,0.00000000,0.00000000,0.00000000,0.00000000,0.00000000,0.00000000,0.00000000,0.00000000,0.00000000,0.00000000,0.01596181,0.00000000,0.07337292,0.00000000,0.00000000,0.00000000,0.00000000,0.00000000,0.01616116,0.00000000,0.00000000,0.00000000,0.00000000,0.00000000,0.00000000,0.00000000,0.00000000,0.00000000,0.00000000,0.00000000,0.00000000,0.00000000,0.00000000,0.00000000,0.00096343,0.00000000,0.00000000,0.00000000,0.00000000,0.00000000,0.00000000,0.00382134,0.00000000,0.00000000,0.01318262,0.00000000,0.00000000,0.00000000,0.00000000,0.00000000,0.00000000,0.00000000,0.00000000,0.01432398,0.00000000,0.00000000,0.00000000,0.00000000,0.09414233,0.00000000,0.00000000,0.00000000,0.00000000
0.02158449,0.00000000,0.00000000,0.00000000,0.00000000,0.00000000,0.00000000,0.00000000,0.00000000,0.00000000,0.00000000,0.06600834,0.00000000,0.00000000,0.00000000,0.21405671,0.00000000,0.00000000,0.00000000,0.00000000,0.00000000,0.00000000,0.00000000,0.00000000,0.00000000,0.10023411,0.00000000,0.00000000,0.00000000,0.00000000,0.00715420,0.00000000,0.00000000,0.00000000,0.00000000,0.00000000,0.00000000,0.00000000,0.00000000,0.00000000,0.00000000,0.00000000,0.00000000,0.00000000,0.01771968,0.00000000,0.01787693,0.00000000,0.00000000,0.00000000,0.00000000,0.00000000,1.57144898,0.00000000,0.00000000,0.00000000,0.00000000,0.01224814,0.00000000,0.00000000,0.00000000,0.00000000,0.00000000,0.00000000,0.00000000,0.00000000,0.06101772,0.00000000,0.00000000,0.00000000,0.00000000,0.00000000,0.00000000,0.00000000,0.00000000,0.00000000,0.00000000,0.04949718,0.00000000,0.00000000,0.00000000,0.00000000,0.00000000,0.00000000,0.00000000,0.00000000,0.00000000,0.00000000,0.00000000,0.00000000,0.00000000,0.00000000,0.00000000,0.00000000,0.00000000,0.00000000,0.00000000,0.00000000,0.00194757,0.00000000,0.00000000,0.00000000,0.00000000,0.00000000,0.01858379,0.00000000,0.00000000,0.02030496,0.00000000,0.00000000,0.00000000,0.00000000,0.02487036,0.00000000,0.00000000,0.00000000,0.00000000,0.03276524,0.00000000,0.00000000,0.00150409,0.00000000,0.00000000,0.00226156,0.00000000,0.00000000,0.01318949,0.00000000,0.00000000,0.00000000,0.00000000,0.00000000,0.00000000,0.00000000,0.00000000,0.00000000,0.00000000,0.00000000,0.00000000,0.00000000,0.00000000,0.00000000,0.00000000,0.00000000,0.00000000,0.00000000,0.00000000,0.00000000,0.00000000,0.03416012,0.00000000,0.00000000,0.00000000,0.00000000,0.00000000,0.00609871,0.00000000,0.00000000,0.00518494,0.00000000,0.00000000,0.00000000,0.00000000,0.00000000,0.00000000,0.00000000,0.00000000,0.00117511,0.00000000,0.00000000,0.00000000,0.00000000,0.00000000,0.00000000,0.00000000,0.00000000,0.00000000,0.00383665,0.00000000,0.00000000,0.00000000,0.00000000,0.00000000,0.03704106,0.00000000,0.00000000,0.00000000,0.00000000,0.00000000,0.05891067,0.00000000,0.00000000,0.00225463,0.00000000,0.00000000,0.00000000,0.00000000,0.00000000,0.00000000,0.00000000,0.00619912,0.00000000,0.00000000,0.00000000,0.03531528,0.00000000,0.00180393,0.00000000,0.00000000,0.00000000,0.00000000,0.00000000,0.00000000,0.00000000,0.00000000,0.00000000,0.00000000,0.00000000,0.00000000,0.00000000,0.00000000,0.00000000,0.00000000,0.00000000,0.00000000,0.00000000,0.00000000,0.00000000,0.00000000,0.00000000,0.00000000,0.00000000,0.00000000,0.00000000,0.00000000,0.00329164,0.00000000,0.00367317,0.00218437,0.00000000,0.00000000,0.07780080,0.00000000,0.00000000,0.00000000,0.00576632,0.00000000,0.00000000,0.01493080,0.00000000,0.00000000,0.00000000,0.00000000,0.01265290,0.00364718,0.00000000,0.00000000,0.00000000,0.02334324,0.00000000,0.00000000,0.00000000,0.00000000,0.00000000,0.00000000,0.00000000,0.00000000,0.00000000,0.00000000,0.00000000,0.00000000,0.00000000,0.00321713,0.00000000,0.00000000,0.00222351,0.00000000,0.00000000,0.00000000,0.00000000,0.00000000,0.00000000,0.00000000,0.00000000,0.00000000,0.00425481,0.00000000,0.00000000,0.00000000,0.16414197,0.00000000,0.00000000,0.00000000,0.00000000,0.00000000,0.04456195,0.00000000,0.00000000,0.00000000,0.00000000,0.15197636,0.00000000,0.00000000,0.00000000,0.00000000,0.00000000,0.00000000,0.00000000,0.00000000,0.00000000,0.01192266,0.00000000,0.00000000,0.00000000,0.00000000,0.00000000,0.00000000,0.00000000,0.00000000,0.00000000,0.00000000,0.00374228,0.00000000,0.00000000,0.00000000,0.00000000,0.00000000,0.00000000,0.00000000,0.00000000,0.00000000,0.00000000,0.00000000,0.00000000,0.00000000,0.00565684,0.00000000,0.00000000,0.00000000,0.00000000,0.00000000,0.00000000,0.00000000,0.00000000,0.00000000,0.00000000,0.00000000,0.00000000,0.00000000,0.00000000,0.00000000,0.00000000,0.00000000,0.00000000,0.00000000,0.00000000,0.00000000,0.00000000,0.00000000,0.00000000,0.00000000,0.00000000,0.00000000,0.00000000,0.00000000,0.00000000,0.00000000,0.00000000,0.00000000,0.00000000,0.00000000,0.00000000,0.00000000,0.08084356,0.00000000,0.05413190,0.00000000,0.00000000,0.00000000,0.00628812,0.00000000,0.00000000,0.00000000,0.00000000,0.00000000,0.02031432,0.00254767,0.00000000,0.00000000,0.00000000,0.00000000,0.00000000,0.00475165,0.00000000,0.00000000,0.00316837,0.00000000,0.00000000,0.00000000,0.00000000,0.00516757,0.00000000,0.00000000,0.00851151,0.00456810,0.00000000,0.00000000,0.00000000,0.00000000,0.00000000,0.00000000,0.00000000,0.00000000,0.00000000,0.00000000,0.00000000,0.00000000,0.00000000,0.00000000,0.21995610,0.01018325,0.00000000,0.01325294,0.00000000,0.00000000,0.00000000,0.00000000,0.00000000,0.00000000,0.00000000,0.00000000,0.00000000,0.00000000,0.00000000,0.00000000,0.00000000,0.00868527,0.00000000,0.00000000,0.00000000,0.00000000,0.00000000,0.00000000,0.00000000,0.00000000,0.00000000,0.00000000,0.00000000,0.00000000,0.00000000,0.00000000,0.00303051,0.00000000,0.00000000,0.00000000,0.00000000,0.00633464,0.00000000,0.00000000,0.00000000,0.00000000,0.00000000,0.00000000,0.09154160,0.00489157,0.15041757,0.00000000,0.00000000,0.00000000,0.00000000,0.00000000,0.01517463,0.13122635,0.00000000,0.00000000,0.00000000,0.00000000,0.00000000,0.00000000,0.00000000,0.00000000,0.00000000,0.00000000,0.01632627,0.00000000,0.00512018,0.00000000,0.00000000,0.00000000,0.02360098,2.21110765,0.00000000,0.00000000,0.00000000,3.35200817,0.00439446,0.00000000,0.06564350,0.00000000,0.04566441,0.00000000,0.00000000,0.00000000,0.00000000,0.00000000,0.27470607,0.00000000,0.00000000,0.00000000,0.00000000,0.00000000,0.00000000,0.00000000,0.00000000,0.00000000,0.00406310,0.00000000,0.00000000,0.00000000,0.00000000,0.00000000,0.01342491,0.00000000,0.00000000,0.00000000,0.00000000,0.00000000,0.00000000,0.00000000,0.00000000,0.00000000,0.00000000,0.00822802,0.00000000,0.00000000,0.00000000,0.00000000,0.02261233,0.00759040,0.00000000,0.00000000,0.00000000,0.00000000,0.00000000,0.00000000,0.00000000,0.00000000,0.00000000,0.00310168,0.00000000,0.00000000,0.00219591,0.00000000,0.00000000,0.00000000,0.00000000,0.00000000,0.00000000,0.00000000,0.00000000,0.00213480,0.00000000,0.00000000,1.17902094,0.00000000,0.00000000,0.00000000,0.00000000,0.00000000,0.00000000,0.00000000,0.00000000,0.00000000,0.00000000,0.00000000,0.00000000,0.00000000,0.00000000,0.00000000,0.00000000,0.00000000,0.00102576,0.00000000,0.00000000,0.00000000,0.00000000,0.00000000,0.00000000,0.00000000,0.00000000,0.00000000,0.00000000,0.00000000,0.00000000,0.00000000,0.00000000,0.00397430,0.00000000,0.00000000,0.00000000,0.00000000,0.00000000,0.00000000,0.01545420,0.00000000,0.00000000,0.00000000,0.12111389,0.00000000,0.00000000,0.00000000,0.00000000,0.00000000,1.19899908,0.00188596,0.10929360,0.00000000,0.00000000,0.00000000,0.00000000,0.01127138,0.00000000,0.00212977,0.00000000,0.00000000,0.00000000,0.00000000,0.00000000,0.00000000,0.00000000,0.00000000,0.00000000,0.00000000,0.00000000,0.00000000,0.00000000,0.00000000,0.00000000,0.00000000,0.00000000,0.00000000,0.00000000,0.00000000,0.00000000,0.00000000,0.04309499,0.00000000,0.00000000,0.00000000,0.00000000,0.00000000,0.00000000,0.00000000,0.00000000,0.00000000,0.00000000,0.00000000,0.00000000,0.00000000,0.00000000,0.00000000,0.00965993,0.00000000,0.00000000,0.00000000,0.00000000,0.00000000,0.25694941,0.00000000,0.00000000,0.03308062,0.00000000,0.00000000,0.00000000,0.00000000,0.00000000,0.00000000,0.00000000,0.00000000,0.00000000,0.00000000,0.00000000,0.00000000,0.00000000,0.00000000,0.00000000,0.00453168,0.00000000,0.00000000,0.00000000,0.00000000,0.00000000,0.00000000,0.00000000,0.00632970,0.13628171,0.00684629,0.00000000,0.00000000,0.00000000,0.00000000,0.00000000,0.00000000,0.00000000,0.00000000,0.00000000,0.00000000,0.00000000,0.00000000,0.00000000,0.00000000,0.00000000,0.00000000,0.00000000,0.00000000,0.00000000,0.00599635,0.00000000,0.00000000,0.00000000,0.00000000,0.00000000,0.00000000,0.00000000,0.00000000,0.00000000,0.00000000,0.01053579,0.00000000,0.00000000,0.00000000,0.00000000,0.00253641,0.00000000,0.00000000,0.00000000,0.15722922,0.00000000,0.00000000,0.00000000,0.00000000,0.00000000,0.00000000,0.00000000,0.00000000,0.00000000,0.00000000,0.00000000,0.00000000,0.00000000,0.00000000,0.00000000,0.00000000,0.01979442,0.00000000,0.00000000,0.00000000,0.00000000,0.00000000,0.00000000,0.00000000,0.01273109,0.00155511,0.00000000,0.00000000,0.00000000,0.00000000,0.00000000,0.00000000,0.00000000,0.00000000,0.00000000,0.00000000,0.00000000,0.00000000,0.00000000,0.00000000,0.00000000,0.00000000,0.00000000,0.00000000,0.00000000,0.00000000,0.00000000,0.00000000,0.00000000,0.00000000,1.16567799,0.00284754,0.00000000,0.00000000,0.01244280,0.00000000,0.00000000,0.00000000,0.00000000,0.00000000,0.00000000,0.00000000,0.00000000
0.00000000,0.00554047,0.00000000,0.00000000,0.00000000,0.00000000,0.00000000,0.01534257,0.00000000,0.00490564,0.04318482,0.00000000,0.00000000,0.00000000,0.00000000,0.00000000,0.00000000,0.00000000,0.00240831,0.00000000,0.00513931,0.00000000,0.00000000,0.02126103,0.00380285,0.00000000,0.00000000,0.00000000,0.00000000,0.00000000,0.00000000,0.00000000,0.00000000,0.00000000,0.00000000,0.00000000,0.00000000,0.00000000,0.00000000,0.00000000,0.00000000,0.00000000,0.01116570,0.00000000,0.00000000,0.00000000,0.00000000,0.00000000,0.00000000,0.00000000,2.62227871,0.00000000,0.00000000,0.00000000,0.00000000,0.00000000,0.00000000,0.00000000,0.00000000,0.26238786,0.00000000,0.00000000,0.00000000,0.00000000,0.00000000,0.00000000,0.00000000,0.00000000,0.00000000,0.00000000,0.00000000,0.00000000,0.00492183,0.00000000,0.00000000,0.00000000,0.00000000,0.00000000,0.00000000,0.00000000,0.00000000,0.00000000,0.00000000,0.00000000,0.02107607,0.00000000,0.00000000,0.00000000,0.00000000,0.00246981,0.00000000,0.00000000,0.00000000,0.07765750,0.00000000,0.00536222,0.00000000,0.00000000,0.00000000,0.00000000,0.00000000,0.01667743,0.00000000,0.00000000,0.00000000,0.00000000,0.00000000,0.00000000,0.00000000,0.00000000,0.00000000,0.00000000,0.00148690,0.00000000,0.00000000,0.00000000,0.96479509,0.00000000,0.00000000,0.00000000,0.00000000,0.01082208,0.00647986,0.00000000,0.00000000,0.00000000,0.00000000,0.00000000,0.00000000,0.00000000,0.00000000,0.00000000,0.00000000,0.00000000,0.00000000,0.00000000,0.00000000,0.00000000,0.00000000,0.00000000,0.00000000,0.00000000,0.01021068,0.00000000,0.00000000,0.00000000,0.01390330,0.00000000,0.00000000,0.00000000,0.00000000,0.00000000,0.00000000,0.00000000,0.01421085,0.00000000,0.00000000,0.00000000,0.01025894,0.00000000,0.00000000,0.00000000,0.00000000,0.00000000,0.00000000,0.00000000,0.00000000,0.00000000,0.00000000,0.00000000,0.00000000,0.00000000,0.00000000,0.00000000,0.00000000,0.00000000,0.00000000,0.00000000,0.00000000,0.00000000,0.00000000,0.00000000,0.00000000,0.00000000,0.00000000,0.00309530,0.00000000,0.00342448,0.00000000,0.00000000,0.00000000,0.00000000,0.00000000,0.00000000,0.22587064,0.00000000,0.00000000,0.00000000,0.00000000,0.00000000,0.00000000,0.00000000,0.00000000,0.00000000,0.00000000,0.00000000,0.00000000,0.00000000,0.00000000,0.00000000,0.00000000,0.00000000,0.00000000,0.00000000,0.00798138,0.00000000,0.00066869,0.00000000,0.00000000,0.00000000,0.00000000,0.00000000,0.00000000,0.00000000,0.00000000,0.00000000,0.00000000,0.00000000,0.00000000,0.00000000,0.00000000,0.00000000,0.00000000,0.00000000,0.00000000,0.00000000,0.00000000,0.00000000,0.00000000,0.00239860,0.00000000,0.00316087,0.00000000,0.00000000,0.00000000,0.00000000,0.00000000,0.00000000,0.00000000,0.00000000,0.00000000,0.00000000,0.00000000,0.00000000,0.00000000,0.00000000,0.00000000,0.00000000,0.00000000,0.00000000,0.00000000,0.00000000,0.00000000,0.00000000,0.00000000,0.00932143,0.00000000,0.00000000,0.00000000,0.00000000,0.00000000,0.00000000,0.00000000,0.00000000,0.00000000,0.00000000,0.00000000,0.00000000,0.00000000,0.00000000,0.00000000,0.00000000,0.00000000,0.00000000,0.00000000,0.00000000,0.04981824,0.00000000,0.00000000,0.00127622,0.00000000,0.00000000,0.00000000,0.00000000,0.00000000,0.00000000,0.00000000,0.00620211,0.00000000,0.00000000,0.00392058,0.00000000,0.00000000,0.00000000,0.00510808,0.00000000,0.00000000,0.00000000,0.01683887,0.00000000,0.00000000,0.00000000,0.00000000,0.00000000,0.00000000,0.00000000,0.00000000,0.00000000,0.00000000,0.01226593,0.00000000,0.00000000,0.00146566,0.00000000,0.00000000,0.00000000,0.00000000,0.00000000,0.00000000,0.00000000,0.02840391,0.02629304,0.00000000,0.00000000,0.00000000,0.00000000,0.00000000,0.00000000,0.00000000,0.00000000,0.01706673,0.00000000,0.00000000,0.00000000,0.00000000,0.00429227,0.00000000,0.00000000,0.00000000,0.00000000,0.00000000,0.00000000,1.26713999,0.00000000,0.00000000,0.00000000,0.00000000,0.00000000,0.36829064,0.00000000,0.00000000,0.00000000,0.00000000,0.00000000,0.00000000,0.00353053,0.00000000,0.00000000,0.00000000,0.00000000,0.00000000,0.00000000,1.24630108,0.00000000,0.00000000,0.00000000,0.00000000,0.00220621,0.01096599,0.00000000,0.00108773,0.00528182,0.00000000,0.00000000,0.00000000,0.00000000,0.00000000,0.00000000,0.00000000,0.00000000,0.00000000,0.13669118,0.00000000,0.00000000,0.00000000,0.00000000,0.00000000,0.00000000,0.00000000,0.00000000,0.00000000,0.00000000,0.00682727,0.00000000,0.00000000,0.00000000,0.00000000,0.00000000,0.00471559,0.00000000,0.00000000,0.00000000,0.00000000,0.00000000,0.00506246,0.00000000,0.01173962,0.00000000,0.00000000,0.00000000,0.00000000,0.00000000,0.05665068,0.11069807,0.00000000,0.00000000,0.01576671,0.00000000,0.00000000,0.00000000,0.00264321,0.00000000,0.00000000,0.00000000,0.00000000,0.00000000,0.00000000,0.00000000,0.00000000,0.00000000,0.00000000,0.00000000,0.00000000,0.45711235,0.00000000,0.00000000,0.00000000,0.00112379,0.00000000,0.00000000,0.00000000,0.00000000,0.00000000,0.00000000,0.00628176,0.00000000,0.00000000,0.00000000,0.00000000,0.00000000,0.00000000,0.00000000,0.00000000,0.01235303,0.00000000,0.00000000,0.00000000,0.00000000,0.00000000,0.01199610,0.00000000,0.00000000,0.02916957,0.00000000,0.00000000,0.00000000,0.00000000,0.00000000,0.00000000,0.00000000,0.00000000,0.00000000,0.00000000,0.00000000,0.00000000,0.00000000,0.00000000,0.00000000,0.00000000,0.00000000,0.00000000,0.00000000,0.00000000,0.00000000,0.00000000,0.00000000,0.00000000,0.00153564,0.00000000,0.00000000,0.00000000,0.00000000,0.00000000,0.00000000,0.00000000,0.00000000,0.00000000,0.00000000,0.00000000,0.00000000,0.00000000,0.03392250,0.06175641,0.00000000,0.00000000,0.00000000,0.03412625,0.00000000,0.00000000,0.00000000,0.00000000,0.00000000,0.00000000,0.00000000,0.00000000,0.00000000,0.00000000,0.00000000,0.05436675,0.00000000,0.00000000,0.00000000,0.00000000,0.01512594,0.00000000,0.00000000,0.00477260,0.00000000,0.00000000,0.00000000,0.00000000,0.00000000,0.00000000,0.00000000,0.00000000,0.00000000,0.00000000,0.00000000,0.00000000,0.00000000,0.00000000,0.00000000,0.00000000,0.00139389,0.00791952,0.00000000,0.02077259,0.00000000,0.00000000,0.00000000,0.00302895,0.00000000,0.02563046,0.00000000,0.00000000,0.00000000,0.00081715,0.04738199,0.00000000,0.00000000,0.00000000,0.00000000,0.00000000,0.00000000,0.00000000,0.06966347,0.00000000,0.00000000,0.00000000,0.00000000,0.00000000,0.00000000,0.00000000,0.00000000,0.00000000,0.00000000,0.00000000,0.00000000,0.00000000,0.00000000,0.00000000,0.00000000,0.96363801,0.00657450,0.00000000,0.00000000,0.00000000,0.00000000,0.00000000,0.00939904,0.00000000,0.00000000,0.00000000,0.00000000,0.00000000,0.00000000,0.00000000,0.00000000,0.00216340,0.00000000,0.00755795,0.00000000,0.00000000,0.00109722,0.00000000,0.00000000,0.00000000,0.00000000,0.01006733,0.00000000,0.00000000,0.00000000,0.00000000,0.00000000,0.00000000,0.00000000,0.00000000,0.00000000,0.00000000,0.00000000,0.00000000,0.08816474,0.00074835,0.00000000,0.00000000,0.00000000,0.00000000,0.00000000,0.00000000,0.00000000,0.00694448,0.00000000,0.00000000,0.00000000,0.00000000,0.01497033,0.00000000,0.00000000,0.00000000,0.00000000,0.00000000,0.00000000,0.00000000,0.01004726,0.00000000,0.00000000,0.00000000,0.00119269,0.00000000,0.00000000,0.00000000,0.00000000,0.00000000,0.00000000,0.00000000,0.00000000,0.00000000,0.00000000,0.00000000,0.00000000,0.00000000,0.00000000,0.00000000,0.00000000,0.00000000,0.00000000,0.00000000,0.00000000,0.00000000,0.00000000,0.00000000,0.00000000,0.00000000,0.00000000,0.00000000,0.00453961,0.00000000,0.00000000,0.00000000,0.00000000,0.00000000,0.00206115,0.00000000,0.00000000,0.17840571,0.01252718,0.00000000,0.00000000,0.00000000,0.00000000,0.00000000,0.00000000,0.00000000,0.00000000,0.00000000,0.00000000,0.00000000,0.00000000,0.00226637,0.00000000,0.00000000,0.00818786,0.00000000,0.00000000,0.00000000,0.00199515,0.00000000,0.00000000,0.00000000,0.00175370,0.00000000,0.00136509,0.00000000,0.00000000,1.17202734,0.00000000,0.00000000,0.00000000,0.00788908,0.07472856,0.00000000,0.00250573,0.00000000,0.00000000,0.00000000,0.00000000,0.00000000,0.00000000,0.00000000,0.00000000,0.00000000,0.00000000,0.00000000,0.00000000,0.00221911,0.00000000,0.00000000,0.00000000,0.00000000,1.42637795,0.00000000,0.00000000,0.00000000,0.00000000,0.00000000,0.00000000,0.00000000,0.00000000,0.00000000,0.00000000,0.00000000,0.00000000,0.00000000,0.00000000,0.00000000,0.00000000,0.00000000,0.00000000,0.00000000,0.00000000,0.00000000,0.00000000,0.00000000,0.00000000,0.00000000,0.00109876,0.00000000,0.00000000,0.00000000,0.00000000,0.00000000,0.00000000,0.00000000,0.00000000,0.00000000,0.00000000,0.00000000,0.01036087,0.00000000,0.00000000,0.93384730,0.00000000,0.00000000,0.00000000,0.00000000,0.00000000,0.00000000,0.00000000,0.00000000,0.00000000
0.00000000,0.00000000,0.01265385,0.00000000,0.00469345,0.00000000,0.00000000,0.00000000,0.00000000,0.00000000,0.00000000,0.01232587,0.00000000,0.00000000,0.00000000,0.00000000,0.00000000,0.00000000,0.00000000,0.03369011,0.00000000,0.00000000,0.00000000,0.00463133,0.00000000,0.00000000,0.00000000,0.00113105,0.00102855,0.00000000,0.00000000,0.00000000,0.00000000,0.00000000,0.00000000,0.00000000,0.00000000,0.00000000,0.00000000,0.00000000,0.00093653,0.00000000,0.00000000,0.00000000,0.00000000,0.00432944,0.00000000,0.00000000,0.02174275,0.00000000,0.00000000,0.00000000,0.05368925,0.52867032,0.00000000,0.00074184,0.00403554,0.00000000,0.00000000,0.00000000,0.00000000,0.00114965,0.00000000,0.00000000,0.00000000,0.00000000,0.00000000,0.00000000,0.00000000,0.00000000,0.00000000,0.00000000,0.00000000,0.00000000,0.00000000,0.00000000,0.00000000,0.01269702,0.00000000,0.00000000,0.00000000,0.00000000,0.01005628,0.00000000,0.00000000,0.00000000,0.00000000,0.00000000,0.00000000,0.00000000,0.00000000,0.00000000,0.00000000,0.00000000,0.00000000,0.00000000,0.00000000,0.00000000,0.00000000,0.00000000,0.00000000,0.00000000,0.00000000,0.00000000,0.00000000,0.00000000,0.00000000,0.00588054,0.00000000,0.00000000,0.00000000,0.00000000,0.00176245,0.00000000,0.00000000,0.00943450,0.00000000,0.01038081,0.00086072,0.00000000,0.00000000,0.00000000,0.00000000,0.00000000,0.00000000,0.00000000,0.00000000,0.00000000,0.00465897,0.01356578,0.00000000,0.00000000,0.00000000,0.00000000,0.00000000,0.00000000,0.00000000,0.00000000,0.00000000,0.00000000,0.00000000,0.00000000,0.00000000,0.00000000,0.00000000,0.00000000,0.00000000,0.00000000,0.00000000,0.00000000,0.00000000,0.00000000,0.00000000,0.00000000,0.00000000,0.00000000,0.00228827,0.00000000,0.00000000,0.00000000,0.00000000,0.00000000,0.00000000,0.00000000,0.00000000,0.00000000,0.00000000,0.00000000,0.00000000,0.04377449,0.00000000,0.00467193,0.00000000,0.00000000,0.04121791,0.00000000,0.00000000,0.00000000,0.08640923,0.00000000,0.00000000,0.00000000,0.00000000,0.06911088,0.00000000,0.00528698,0.00000000,0.00000000,0.00000000,0.00000000,0.00000000,0.00000000,0.00000000,0.00000000,0.00000000,0.01720109,0.00000000,0.00000000,0.00000000,0.00172809,0.00000000,0.00000000,0.03531528,0.00000000,0.00000000,0.06772884,0.00000000,0.00000000,0.00000000,0.00000000,0.00000000,0.00000000,0.00000000,0.00000000,0.00000000,0.00000000,0.00000000,0.00000000,0.01264335,0.01956263,0.00000000,0.00000000,0.00000000,0.00000000,0.00339829,0.00000000,0.00000000,0.00000000,0.00000000,0.00876828,0.00000000,0.00000000,0.00000000,0.00000000,0.00000000,0.00000000,0.00000000,0.00000000,0.00000000,0.00000000,0.00117332,0.00000000,0.00000000,0.00458314,0.00000000,0.00000000,0.00000000,0.00000000,0.00000000,0.00000000,0.00000000,0.00000000,0.00000000,0.00778284,0.00000000,0.00000000,0.00000000,0.09494658,0.00000000,0.00500890,0.00704495,0.00000000,0.00000000,0.88967019,0.00000000,0.00000000,0.00000000,0.00000000,0.00000000,0.00000000,0.00000000,0.00638167,0.00000000,0.00000000,0.00000000,0.00000000,0.00000000,0.22428490,0.00000000,0.05190964,0.00000000,0.00000000,0.00000000,0.00000000,0.00000000,0.00000000,0.00000000,0.00000000,0.00000000,0.01556910,0.00000000,0.00000000,0.00000000,0.00000000,0.00000000,0.00000000,0.00000000,0.00000000,0.00000000,0.00000000,0.00000000,0.00000000,0.00000000,0.00000000,0.00000000,0.00000000,0.00745182,0.00000000,0.00000000,0.00000000,0.00000000,0.00000000,0.00000000,0.00522299,0.00183520,0.00186665,0.00000000,0.00000000,0.00000000,0.00000000,0.00000000,0.00302987,0.00000000,0.00000000,0.00000000,0.00000000,0.00000000,0.00000000,0.00000000,0.00000000,0.00000000,0.00000000,0.00000000,0.00000000,0.00000000,0.00000000,0.00188521,0.00000000,0.00000000,0.00000000,0.00000000,0.04906768,0.00000000,0.00000000,0.00000000,0.00000000,0.00000000,0.00000000,0.00000000,0.00000000,0.00000000,0.00000000,0.00000000,0.00000000,0.00000000,0.03045417,0.00219747,0.00000000,0.00000000,0.08139813,0.00000000,0.00000000,0.00000000,0.00000000,0.00000000,0.00000000,0.00000000,0.00000000,0.00259001,0.00000000,0.00000000,0.00207686,0.00000000,0.00000000,0.00000000,0.00000000,0.00116086,0.00000000,0.00000000,0.00000000,0.00000000,0.00000000,0.00000000,0.00000000,0.00000000,0.00000000,0.00000000,0.00000000,0.00000000,0.00000000,0.00000000,0.00000000,0.00000000,0.00000000,0.00423975,0.00000000,0.00000000,0.00000000,0.00000000,0.00000000,0.00000000,0.00000000,0.00000000,0.00000000,0.00383092,0.00000000,0.00075454,0.00000000,0.00000000,0.00000000,0.00000000,0.00000000,0.00000000,0.00000000,0.00000000,0.00000000,0.00000000,0.00000000,0.00000000,0.00000000,0.00000000,0.00139749,0.00000000,0.00000000,0.00000000,0.00000000,0.00000000,0.00000000,0.00000000,0.42779395,0.00000000,0.00000000,0.00000000,0.00000000,0.00000000,0.00000000,0.00000000,0.00000000,0.00000000,0.00000000,0.00000000,0.00000000,0.00000000,0.00000000,0.00000000,0.00000000,0.00000000,0.00000000,0.00000000,0.00000000,0.00000000,0.00000000,0.00000000,0.00000000,0.00000000,0.00000000,0.00000000,0.00000000,0.00000000,0.00000000,0.00000000,0.00000000,0.00000000,0.00000000,0.00000000,0.00000000,0.00000000,0.00000000,0.00000000,0.00000000,0.00000000,0.00000000,0.00000000,0.00000000,0.00000000,0.00000000,2.27130201,0.00000000,0.00000000,0.00000000,0.00000000,0.00000000,0.00000000,0.00072218,0.00000000,0.00000000,0.00000000,0.00000000,0.00000000,0.00000000,0.00000000,0.00000000,0.00000000,0.00000000,0.00000000,0.00000000,0.00000000,0.00000000,0.00000000,0.00000000,0.00000000,0.00000000,0.00000000,0.00000000,0.00000000,0.00000000,0.02159553,0.00000000,0.00000000,0.00000000,0.00000000,0.00000000,0.00000000,0.80267161,0.00000000,0.06180391,0.00000000,0.00000000,0.00000000,0.00000000,0.01311743,0.00000000,0.00000000,0.00000000,0.02271343,0.00000000,0.00000000,0.00000000,0.00000000,0.00000000,0.00000000,0.00000000,0.00000000,0.00000000,0.00000000,0.00000000,0.00000000,0.00000000,0.00000000,0.00000000,0.00000000,0.00481383,0.00000000,0.00000000,0.10823921,0.00000000,0.00000000,0.00287361,0.00000000,0.00000000,0.00000000,0.00000000,0.00000000,0.00000000,0.05936999,0.00000000,0.00000000,0.00000000,0.00000000,0.00000000,0.00000000,0.00293077,0.00000000,0.00500998,0.00574295,0.00000000,0.00000000,0.00000000,0.00000000,0.00000000,0.00000000,0.00000000,0.00000000,0.00000000,0.00000000,0.00000000,0.00000000,0.00000000,0.18069268,0.00000000,0.00000000,0.00000000,0.05574564,0.00000000,0.00000000,0.00000000,0.06310510,0.00000000,0.00000000,0.00000000,0.00000000,0.00000000,0.00000000,0.02205861,0.04227294,0.00000000,0.00000000,0.00000000,0.00207789,0.00000000,0.00000000,0.00000000,0.00000000,0.00125488,0.00000000,0.00000000,0.00000000,0.00000000,0.03096213,0.00000000,0.00000000,0.00000000,0.00000000,0.00000000,0.00000000,0.02640771,0.00000000,0.00000000,0.02090493,0.00000000,0.00000000,0.00000000,0.02661428,0.00000000,0.00000000,0.00000000,0.00000000,0.01806324,0.00000000,0.00000000,0.00000000,0.00000000,0.00000000,0.00000000,0.00000000,0.00000000,0.00000000,0.00000000,0.00908643,0.00000000,0.00000000,0.00000000,0.00000000,0.00000000,0.00000000,0.00000000,0.00000000,0.00000000,0.00000000,0.00000000,0.00000000,0.00000000,0.00000000,0.00000000,0.02882105,0.00000000,0.00194382,0.00000000,0.00000000,0.00000000,0.00000000,0.00000000,0.00000000,0.00000000,0.00000000,0.00000000,0.00000000,0.00000000,0.00000000,0.00000000,0.00000000,0.00000000,0.00000000,0.00000000,0.00000000,0.00000000,0.00000000,0.00000000,0.00000000,0.00000000,0.00000000,0.00000000,0.00000000,0.00000000,0.00000000,0.00000000,0.00000000,0.00000000,0.00000000,0.00510832,0.00000000,0.00000000,0.00000000,0.00000000,0.00000000,0.00000000,0.00000000,0.00000000,0.00000000,0.00000000,0.00000000,0.00000000,0.00518302,0.00000000,0.00000000,0.00000000,0.00000000,0.00611195,0.00000000,0.00000000,0.00000000,0.00000000,0.00000000,0.00000000,0.00000000,0.00000000,0.00000000,0.00000000,0.00000000,0.00000000,0.00000000,0.00000000,0.00000000,0.00000000,0.05401785,0.00000000,0.00000000,0.00000000,0.00000000,0.00000000,0.00000000,0.00000000,0.01552472,0.00000000,0.00000000,0.00000000,0.00000000,0.00288972,0.00000000,0.00169932,0.00000000,0.01077385,0.08585901,0.00000000,0.00000000,0.00000000,0.00000000,0.00000000,0.00000000,0.00000000,0.00000000,0.00060950,0.20705322,0.00000000,0.00000000,0.00000000,0.00412445,0.00000000,0.00000000,0.00000000,0.00000000,0.00000000,0.00000000,0.00000000,0.00000000,0.00000000,0.00000000,0.00000000,0.00000000,0.00000000,0.00000000,0.15139420,0.00000000,0.01997405,0.00000000,0.00000000,0.00000000,0.00000000,0.00000000,0.00549601,0.00000000,0.01495126,0.00000000,0.00000000,0.00000000,0.00000000,0.00000000,0.00000000,0.00084652,0.00000000,0.00000000,0.00000000,0.00000000,0.00000000,0.00000000,0.00000000,0.00000000,0.00000000,0.00000000,0.00000000
0.00000000,0.00000000,0.00000000,0.00000000,0.00000000,0.00000000,0.00000000,0.00000000,0.00000000,0.00000000,0.00000000,0.00000000,0.00000000,0.00000000,0.00000000,0.00000000,0.00000000,0.00000000,0.00000000,0.00000000,0.00000000,0.01788963,0.00000000,0.00000000,0.01485139,0.00323238,0.00000000,0.00000000,0.00000000,0.00000000,0.00000000,0.00000000,0.00000000,0.00000000,0.01828623,0.00000000,0.00000000,0.00000000,0.00000000,0.00000000,0.00000000,0.00000000,0.00000000,0.00000000,0.00000000,0.00000000,0.00000000,0.00000000,0.00000000,0.00000000,0.00000000,0.00000000,0.00000000,0.00000000,0.00000000,0.00000000,0.00000000,0.00000000,0.00000000,0.00312837,0.00000000,0.00000000,0.00000000,0.00000000,0.00000000,0.00000000,0.00000000,0.00000000,0.00000000,0.00000000,0.00000000,0.00000000,0.00000000,0.00000000,0.00000000,0.00000000,0.00000000,0.00000000,0.00000000,0.00000000,0.00000000,0.00144680,0.00000000,0.00000000,0.00000000,0.00000000,0.00000000,0.07415586,0.00000000,0.05976455,0.00000000,0.00000000,0.00000000,0.00000000,0.00000000,0.00000000,0.00000000,0.08606314,0.00000000,0.00000000,0.00000000,0.00000000,0.01212590,0.00000000,0.00000000,0.00000000,0.00000000,0.00000000,0.00000000,0.00000000,0.01260457,0.00000000,0.00124329,0.00409753,0.00000000,0.00000000,0.00000000,0.02175005,0.00000000,0.00000000,0.00000000,0.00000000,0.00000000,0.00000000,0.00000000,0.00000000,0.00000000,0.00355887,0.00139940,0.00000000,0.00000000,0.00000000,0.00000000,0.00000000,0.00000000,0.00000000,0.00000000,0.00000000,0.00000000,0.00000000,0.00000000,0.00000000,0.01515978,0.00000000,0.00237177,0.00000000,0.00000000,0.00000000,0.00000000,0.00000000,0.00000000,0.00259818,0.00000000,0.00000000,0.00000000,0.00153617,0.01368001,0.00000000,0.00676406,0.00000000,0.00000000,0.00000000,0.00000000,0.00000000,0.00000000,0.00000000,0.00000000,0.00000000,0.00000000,0.00000000,0.00261351,0.00685932,0.00000000,0.00000000,0.11110409,0.00000000,0.00000000,0.00000000,0.01314098,0.00000000,0.00000000,0.00000000,0.00000000,0.00000000,0.00000000,0.00000000,0.00000000,0.00000000,0.00000000,0.00129801,0.00000000,0.00000000,0.00000000,0.00000000,0.00000000,0.00000000,0.00000000,0.00000000,0.00000000,0.00000000,0.00000000,0.00000000,0.00000000,0.00000000,0.06772884,0.00000000,0.00000000,0.00000000,0.00000000,0.01151648,0.00000000,0.00000000,0.00000000,0.00000000,0.00000000,0.00000000,0.00000000,0.00000000,0.00397044,0.01049806,0.00000000,0.00534291,0.00000000,0.00000000,0.00000000,0.00000000,0.00000000,0.00000000,0.00666789,0.00000000,0.00000000,0.01851919,0.05282895,0.00000000,0.03132662,0.00179583,0.00000000,0.00560126,0.00000000,0.00000000,0.00000000,0.00924598,0.00000000,0.00000000,0.00000000,0.00000000,0.00000000,0.00000000,0.00000000,0.00000000,0.00000000,0.00000000,0.00000000,0.00000000,0.00000000,0.00000000,0.00000000,0.00000000,0.00000000,0.00000000,0.01500336,0.00000000,0.00000000,0.00000000,0.00000000,0.00000000,0.05315640,0.00000000,0.00000000,0.00000000,0.00000000,0.00000000,0.00000000,0.00000000,0.00000000,0.00000000,0.00000000,0.00000000,0.01791534,0.00168549,0.00000000,0.00000000,0.00000000,0.00000000,0.01154670,0.00000000,0.00274655,0.00000000,0.00000000,0.00000000,0.00000000,0.00000000,0.00000000,0.00000000,0.00000000,0.00000000,0.00000000,0.00000000,0.03515121,0.00000000,0.00000000,0.00000000,0.00000000,0.00000000,0.00000000,0.00000000,0.00000000,0.05013617,0.00000000,0.00454867,0.00000000,0.00000000,0.00000000,0.00000000,0.00357813,0.00000000,0.00000000,0.00000000,0.00000000,0.00065912,0.00000000,0.00000000,0.00000000,0.00000000,0.00000000,7.00905728,0.00000000,0.00000000,0.00000000,0.00000000,0.00000000,0.00000000,0.00000000,0.00000000,0.00000000,0.00000000,0.00000000,0.00000000,0.00000000,0.00000000,0.00000000,0.00000000,0.00000000,0.00502067,0.00000000,0.00642482,0.00000000,0.00000000,0.00000000,0.00000000,0.00000000,0.00000000,0.00000000,0.00000000,0.00000000,0.00000000,0.00000000,0.00000000,0.00000000,0.00000000,0.00000000,0.00000000,0.00000000,0.00000000,0.00000000,0.00000000,0.00000000,0.00000000,0.00000000,0.00000000,0.00000000,0.00000000,0.00000000,0.00000000,0.00000000,0.00000000,0.00000000,0.00000000,0.00000000,0.00000000,0.00000000,0.00000000,0.00000000,0.00000000,0.00000000,0.00000000,0.00000000,0.00000000,0.00000000,0.00000000,0.00748144,0.00000000,0.00000000,0.00000000,0.00000000,0.00000000,0.00284519,0.00000000,0.00000000,0.00000000,0.00000000,0.00000000,0.00000000,0.00000000,0.00000000,0.00000000,0.30588111,0.00074228,0.00000000,0.00000000,0.00000000,0.00000000,0.00000000,0.00000000,0.00000000,0.00000000,0.00000000,0.00000000,0.00000000,0.00000000,0.00000000,0.00000000,0.00000000,0.00000000,0.00000000,0.00000000,0.00000000,0.00000000,0.00000000,0.00000000,0.00000000,0.00000000,0.00000000,0.00347289,0.00000000,0.00000000,0.00000000,0.00000000,0.00000000,0.00000000,0.00000000,0.00000000,0.00000000,0.00000000,0.00000000,0.00000000,0.00000000,0.00000000,0.00000000,0.00000000,0.00000000,0.00000000,0.00544388,0.00000000,0.00000000,0.00000000,0.00000000,0.00000000,0.00081365,0.00000000,0.00000000,0.00000000,0.00000000,0.00000000,0.00000000,0.00109411,0.00000000,0.00000000,0.00559013,0.00000000,0.00000000,0.00000000,0.00000000,0.00000000,0.00507956,0.00000000,0.01698307,0.00000000,0.00000000,0.00000000,0.00000000,0.00000000,0.00000000,0.00000000,0.00000000,0.00000000,0.00000000,0.00000000,0.00000000,0.04458556,0.00000000,0.00000000,0.00000000,0.00000000,0.00000000,0.01147798,0.00000000,0.00000000,0.00073251,0.00000000,0.00000000,1.68833520,0.00000000,0.00000000,0.00000000,0.00000000,0.00000000,0.00000000,0.00000000,0.00000000,0.00468688,0.00000000,0.00000000,0.00000000,0.01110186,0.00000000,0.00419528,0.00000000,0.00000000,0.00000000,0.00000000,0.00000000,0.00000000,0.00000000,0.00000000,0.00000000,0.00000000,0.00000000,0.02075474,0.04100401,0.00000000,0.00000000,0.00000000,0.00000000,0.00000000,0.00000000,0.00109949,0.00000000,0.00000000,0.00000000,0.00478378,0.00103441,0.00000000,0.00000000,0.00000000,0.00424956,0.00000000,0.00000000,0.00145065,0.00000000,0.01980279,0.00000000,0.00000000,0.00000000,0.00000000,0.00000000,0.00000000,0.00000000,0.00203933,0.00000000,0.00000000,0.00000000,0.00000000,0.00000000,0.00000000,0.00858918,0.00000000,0.00000000,0.00000000,0.00000000,0.00000000,0.00000000,0.00000000,0.00000000,2.34175298,0.00000000,0.00000000,0.00000000,0.00000000,0.00000000,0.00000000,0.00000000,0.00000000,0.00000000,0.00000000,0.00000000,0.00458261,0.00000000,0.34631867,0.00000000,0.00854809,0.00000000,0.00000000,0.05016124,0.00000000,0.00000000,0.00000000,0.00000000,0.00000000,0.00000000,0.00000000,0.00000000,0.00000000,0.00000000,0.00000000,0.00000000,0.00000000,0.00000000,0.00000000,0.00000000,0.00000000,0.00000000,0.00000000,0.00000000,0.00000000,0.00000000,0.00000000,0.00000000,0.00000000,0.01393215,0.00000000,0.00430359,0.00000000,0.00336500,0.00000000,0.00000000,0.00000000,0.04259725,0.00000000,0.00000000,0.00000000,0.00000000,0.00000000,0.00000000,0.00000000,0.00000000,0.00000000,0.00674371,0.00000000,0.00000000,0.00000000,0.00000000,0.00000000,0.15550663,0.00000000,0.00000000,0.00242410,0.00000000,0.36473714,0.00000000,0.00957378,0.00000000,0.00000000,0.00000000,0.00000000,0.00000000,0.00000000,0.00000000,0.00000000,0.00000000,0.00000000,0.00000000,0.00000000,0.00000000,0.00000000,0.00000000,0.00975779,0.00000000,0.00000000,0.00000000,0.00000000,0.00000000,0.00000000,0.00000000,0.00000000,0.00000000,0.00000000,0.00000000,0.00248471,0.06799417,0.00000000,0.00000000,0.00000000,0.00000000,0.00000000,0.00000000,0.00000000,0.00000000,0.00000000,0.00000000,0.00000000,0.00000000,0.06320889,0.00000000,0.00000000,0.75725229,0.00275404,0.00000000,0.00000000,0.00000000,0.00000000,0.00000000,0.00000000,0.00000000,0.00000000,0.00000000,0.00000000,0.00000000,0.00000000,0.00000000,0.00000000,0.00000000,0.00000000,0.00000000,0.00000000,0.00520635,0.00000000,0.00000000,0.00000000,0.00000000,0.00000000,0.00000000,0.00000000,0.00000000,0.00000000,0.03155065,0.00000000,0.00000000,0.00000000,0.00000000,0.00000000,0.00000000,0.00000000,0.00000000,0.00000000,0.00000000,0.00000000,0.00000000,0.00000000,0.01211492,0.00000000,0.00000000,0.00000000,0.00000000,0.00000000,0.00000000,0.00000000,0.00000000,0.00000000,0.00000000,0.00000000,0.00000000,0.00000000,0.00000000,0.00000000,0.00000000,0.00000000,0.00000000,0.00000000,0.02209253,0.01061250,0.00000000,0.00000000,0.00000000,0.00000000,0.00000000,0.08131953,0.00000000,0.00000000,0.00000000,0.00000000,0.25582326,0.00590641,0.00000000,0.00000000,0.00000000,0.00000000,0.00000000,0.00000000,0.00000000,0.00000000,0.00142818,0.00000000,0.00000000,0.00000000,0.00000000,0.00000000,0.00000000,0.00000000,0.00200262,0.00000000,0.12175521,0.00303338,0.00000000,0.00000000,0.00000000,0.00000000,0.02145136,0.00000000,0.00000000
0.00000000,0.00000000,0.00000000,0.00000000,0.00000000,0.00000000,0.00000000,0.00000000,0.00000000,0.00000000,0.00000000,0.00000000,0.00731131,0.00000000,0.00000000,0.00000000,0.00000000,0.00076698,0.00000000,0.00000000,0.00000000,0.00000000,0.00000000,0.00000000,0.00000000,0.00000000,0.00000000,0.00000000,0.00000000,0.00000000,0.00546389,0.00000000,0.00743976,0.00000000,0.00000000,0.00167767,0.00000000,0.00000000,0.00000000,0.00118754,0.00000000,0.00000000,0.00000000,0.01185778,0.00000000,0.00000000,0.00000000,0.00000000,0.00000000,0.00000000,0.00000000,0.00000000,0.00000000,0.00440277,0.00000000,0.00000000,0.01050085,0.03196343,0.00000000,0.00000000,0.00000000,0.00000000,0.00000000,0.00000000,0.00000000,0.00000000,0.00000000,0.00000000,0.00000000,0.00389911,0.00000000,0.00000000,0.00000000,0.00000000,0.00000000,0.00000000,0.00000000,0.00000000,0.00000000,0.00000000,0.00000000,0.04114873,0.04288794,0.00000000,0.00000000,0.00000000,0.00000000,0.00000000,0.00000000,0.00000000,0.00000000,0.00000000,0.00000000,0.00000000,0.00000000,0.00000000,0.00000000,0.00000000,0.00000000,0.00000000,0.00000000,0.00000000,0.00000000,0.14311578,0.01523638,0.00000000,0.00000000,1.14710647,0.00000000,0.00000000,0.00000000,0.00000000,0.00000000,0.00000000,0.00000000,0.00000000,0.00257995,0.00000000,0.00000000,0.00000000,0.00000000,0.00000000,0.00747817,0.00000000,0.00000000,3.67076676,0.00000000,0.00000000,0.00000000,0.00000000,0.00000000,0.00000000,0.00000000,0.00000000,0.00000000,0.00000000,0.00000000,0.00000000,0.01607015,0.00000000,0.00091427,0.00000000,0.00000000,0.00000000,0.00000000,0.00000000,0.80480867,0.00360693,0.00000000,0.02744130,0.00000000,0.00000000,0.00000000,0.00000000,0.00000000,0.00000000,0.00000000,0.00000000,0.00000000,0.00647059,0.00000000,0.00000000,0.00000000,0.00000000,0.00282969,0.00000000,0.00000000,0.00000000,0.00000000,0.00000000,0.00662995,0.00228821,0.00000000,0.00000000,0.00000000,0.00000000,0.00000000,0.00000000,0.00000000,0.00000000,0.00000000,0.01653104,0.00547100,0.00000000,0.00000000,0.00523328,0.00000000,0.00000000,0.00000000,0.00000000,0.00000000,0.00000000,0.00000000,0.00000000,0.00000000,0.00000000,0.00000000,0.00410885,0.00000000,0.00000000,0.02123413,0.00000000,0.00180393,0.00000000,0.00000000,0.00000000,0.00000000,0.01907498,0.00000000,0.00000000,0.00000000,0.00135747,0.00000000,0.00000000,0.00000000,0.00244440,0.00000000,0.00000000,0.00000000,0.00000000,0.00000000,0.00000000,0.00000000,0.00000000,0.00000000,0.00000000,0.00000000,0.00000000,0.00000000,0.00000000,0.00000000,0.29699790,0.00000000,0.00000000,0.00000000,0.00429164,0.00000000,0.00000000,0.00000000,0.00000000,0.00000000,0.00000000,0.00000000,0.00000000,1.86655730,0.00000000,0.00000000,0.00000000,0.00000000,0.00000000,0.00000000,0.00132079,0.00000000,0.00000000,0.00000000,0.00000000,0.00000000,0.00000000,0.00000000,0.00000000,0.00000000,0.00000000,0.00000000,0.00000000,0.00000000,0.00000000,0.00000000,0.05491799,0.00000000,0.03702586,0.00000000,0.00000000,0.00000000,0.00000000,0.00000000,0.00000000,0.00000000,0.00000000,0.00000000,0.00000000,0.00000000,0.00000000,0.00000000,0.00000000,0.00000000,0.00000000,0.00000000,0.00095021,0.00000000,0.00000000,0.00000000,0.00000000,0.00000000,0.00000000,0.00000000,0.00000000,0.00000000,0.00000000,0.01417547,0.00000000,0.00000000,0.00000000,0.02921110,0.00000000,0.00000000,0.00000000,0.00000000,0.00000000,0.00000000,0.00000000,0.09411858,0.00000000,0.00000000,0.00000000,0.00000000,0.00000000,0.02107952,0.00000000,0.00000000,0.00000000,0.00000000,0.07957420,0.00000000,0.00000000,0.00184595,0.00000000,0.00000000,0.00000000,0.00000000,0.00000000,0.00000000,0.00000000,0.00199888,0.00000000,0.00000000,0.00000000,0.00000000,0.00000000,0.00000000,0.00000000,0.00000000,0.00000000,0.00000000,0.00000000,0.00000000,0.00000000,0.00000000,0.00000000,0.00000000,0.00000000,0.00000000,0.01438788,0.00000000,0.00192431,0.00000000,0.00000000,0.00000000,0.00000000,0.00349805,0.00000000,0.00000000,0.00000000,0.10278664,0.00000000,0.00000000,0.00000000,0.00000000,0.00000000,0.00000000,0.00000000,0.00000000,0.00000000,0.00000000,0.00000000,0.00649770,0.00000000,0.00000000,0.00000000,0.00000000,0.00550581,0.00000000,0.00000000,0.00000000,0.00000000,0.00000000,0.00000000,0.06894390,0.00000000,0.00000000,0.00000000,0.00274965,0.00000000,0.00000000,0.00000000,0.00000000,0.00000000,0.00000000,0.00000000,0.00000000,0.00000000,0.00000000,0.00000000,1.18694782,0.00000000,0.00000000,0.00000000,0.00000000,0.00000000,0.00000000,0.01778367,0.00000000,0.00000000,0.00000000,0.00000000,0.00000000,0.00000000,0.00000000,0.00000000,0.00000000,0.00000000,0.00000000,0.00000000,0.00000000,0.00000000,0.00000000,0.00798186,0.01492774,0.00000000,0.00000000,0.00000000,0.00000000,0.00000000,0.00000000,0.00000000,0.00153130,0.00000000,0.00000000,0.00000000,0.00675656,0.00000000,0.00000000,0.00000000,0.00000000,0.00000000,0.00000000,0.00000000,0.00000000,0.00000000,0.00000000,0.02354790,0.00000000,0.00000000,0.00000000,0.00000000,0.00000000,0.00000000,0.00000000,0.00000000,0.00000000,0.00000000,0.01359449,0.01515845,0.00000000,0.00000000,0.00000000,0.00000000,0.00000000,0.00000000,0.00000000,0.00000000,0.00000000,0.00000000,0.01790345,0.00000000,0.00000000,0.00000000,0.00000000,0.00000000,0.00000000,0.00000000,0.00000000,0.00000000,0.00000000,0.00000000,0.00000000,0.00000000,0.97177658,0.00000000,0.00000000,0.00000000,0.00000000,0.00000000,0.00000000,0.00000000,0.00000000,0.00128019,0.00000000,0.00856147,0.00672133,0.00000000,0.00000000,0.01557798,0.00000000,0.00000000,0.00000000,0.00000000,0.00000000,1.03108463,0.00000000,0.00000000,0.00000000,0.00000000,0.00000000,0.00000000,0.00000000,0.00000000,0.00000000,0.00000000,0.00000000,0.00000000,0.00000000,0.00000000,0.00000000,0.00000000,0.00000000,0.00000000,0.00000000,0.00000000,0.00000000,0.00000000,0.00000000,0.00000000,0.00000000,0.00000000,0.00000000,0.00000000,0.00000000,0.00000000,0.00000000,0.00000000,0.00000000,0.00000000,0.00000000,0.00000000,0.00000000,0.01356582,0.00000000,0.00000000,0.00000000,0.00000000,0.00000000,0.00000000,0.23823670,0.00000000,0.00000000,0.00000000,0.00000000,0.00000000,0.00930854,0.00000000,0.00000000,0.00000000,0.00000000,0.01194546,0.01329649,0.00000000,0.00000000,0.01613744,0.00000000,0.00000000,0.00000000,0.00000000,0.00000000,0.00000000,0.00000000,0.00000000,0.00000000,0.00000000,0.00000000,0.00000000,0.01111359,0.00000000,0.00000000,0.00905610,0.00000000,0.25250261,0.00000000,0.00000000,0.00000000,0.00000000,0.00846438,0.00000000,0.00000000,0.00000000,0.00000000,0.00000000,0.00000000,0.04710138,0.00000000,0.00000000,0.00000000,0.00000000,0.00000000,0.00000000,0.00000000,0.00000000,0.25277774,0.00000000,0.00000000,0.00000000,0.00000000,0.00000000,0.01895322,0.00000000,0.00328464,0.00000000,0.00000000,0.00397231,0.00000000,0.00000000,0.00000000,0.00000000,0.00000000,0.00000000,0.01451036,0.00000000,0.00000000,0.00000000,0.00000000,0.00000000,0.00000000,0.06432186,0.00000000,0.00000000,0.00000000,0.00000000,0.00000000,0.00000000,0.00000000,0.00110618,0.00000000,0.00000000,0.00000000,0.00000000,0.00000000,0.00000000,0.00000000,0.00000000,0.00261633,0.00000000,0.00000000,0.00000000,0.00000000,0.00641872,0.00000000,0.00000000,0.00000000,0.00000000,0.00000000,0.00000000,0.00000000,0.00000000,0.00000000,0.00000000,0.00000000,0.00000000,0.00000000,0.00000000,0.00000000,0.00000000,0.00000000,0.00000000,0.00000000,0.00000000,0.00000000,0.00000000,0.00000000,0.00000000,0.00000000,0.00000000,0.00247408,0.00083734,0.00000000,0.00000000,0.00000000,0.00000000,0.00000000,0.06299841,0.00000000,0.00000000,0.00000000,0.00000000,0.06452693,0.00000000,0.00000000,0.00000000,0.00000000,0.00000000,0.00000000,0.00000000,0.00000000,0.01378162,0.00103797,0.00000000,0.00000000,0.00000000,0.00000000,0.00000000,0.00000000,0.00000000,0.00000000,0.00000000,0.00477060,0.00682728,0.02996222,0.01103490,0.00000000,0.00000000,0.00143802,0.00000000,0.00000000,0.00000000,0.00000000,0.00000000,0.00000000,0.00000000,0.00000000,0.00000000,0.00000000,0.00000000,0.00000000,0.00000000,0.00000000,0.08964505,0.00000000,0.00000000,0.00000000,0.00000000,0.00000000,0.00490848,0.00000000,0.00000000,0.00000000,0.00000000,0.00000000,0.00000000,0.00000000,0.00000000,0.00000000,0.00000000,0.00000000,0.00000000,0.00000000,0.00000000,0.00000000,0.00000000,0.00558330,0.00000000,0.00000000,0.00000000,0.00000000,0.00000000,0.00000000,0.00000000,0.00000000,0.00000000,0.03830370,0.00000000,0.00000000,0.00000000,0.00000000,0.00000000,0.00000000,0.02040864,0.00000000,0.00000000,0.10974759,0.00000000,0.00000000,0.00000000,0.00000000,0.00000000,0.07681180,0.00000000,0.00000000,0.00000000,0.00000000,0.00000000,0.36020990,0.00000000,0.00000000,0.00000000,0.00000000,0.00000000,0.00000000,0.00000000,0.00000000,0.00000000,0.00000000,0.00000000
0.00000000,0.00000000,0.00000000,0.00000000,0.00000000,0.00129936,0.00000000,0.00000000,0.00000000,0.00000000,0.00000000,0.00000000,0.00000000,0.00126063,0.00000000,0.00000000,0.00000000,0.00000000,0.00000000,0.00000000,0.00000000,0.00000000,0.00147307,0.00000000,0.00000000,0.00000000,0.00000000,0.00000000,0.00000000,0.00000000,0.00000000,0.00136277,0.00000000,0.00000000,0.00000000,0.00000000,0.00000000,0.01393076,0.00000000,0.00000000,0.00000000,0.00083737,0.00000000,0.00000000,0.00000000,0.00000000,0.00000000,0.00000000,0.00000000,0.00000000,0.00000000,0.00000000,0.00000000,0.00219580,0.00000000,0.00000000,0.00000000,0.00000000,0.00000000,0.00000000,0.00000000,0.00000000,0.00000000,0.00000000,0.00000000,0.00000000,0.00000000,0.00000000,0.00000000,0.00000000,0.00000000,0.00000000,0.00000000,0.00000000,0.00000000,0.00000000,0.00000000,0.01639297,0.00000000,0.00000000,0.03237555,0.00000000,0.00000000,0.00000000,0.00171334,0.00000000,0.00000000,0.00000000,0.10934081,0.00537575,0.00000000,0.00000000,0.00000000,0.00000000,0.01086542,0.00000000,0.00000000,0.00000000,0.00000000,0.00000000,0.00000000,0.00000000,0.00000000,0.00000000,0.00000000,0.00000000,0.00000000,0.00000000,0.00000000,0.00000000,0.00000000,0.00000000,0.00000000,0.00000000,0.00000000,0.00155845,0.04996072,0.00000000,0.00000000,0.00000000,0.00000000,0.00000000,0.00000000,0.00000000,0.02025395,0.00000000,0.00000000,0.00000000,0.03579454,0.00000000,0.00883609,0.00160432,0.00000000,0.00000000,0.00000000,0.00000000,0.00000000,0.00000000,0.00000000,0.00000000,0.17219599,0.00000000,0.00000000,0.00000000,0.00604372,0.00000000,0.00000000,0.00244721,0.00000000,0.00000000,0.05617363,0.00000000,0.00073054,0.00000000,0.00000000,0.00000000,0.00000000,0.00217419,0.00000000,0.00000000,0.00000000,0.00000000,0.03745605,0.00000000,0.00000000,0.00000000,0.01899477,0.00000000,0.00000000,0.00000000,0.00000000,0.00000000,0.00000000,0.00000000,0.00000000,0.00000000,0.00000000,0.00563609,0.00000000,0.00000000,0.00000000,0.00000000,0.00000000,0.00000000,0.00000000,0.00000000,0.00000000,0.00000000,0.00000000,0.00000000,0.00000000,0.00000000,0.00000000,0.00000000,0.00000000,0.00000000,0.00000000,0.00000000,0.00000000,0.00000000,0.00501308,0.00000000,0.00000000,0.00000000,0.00000000,0.00000000,0.01907498,0.00000000,0.00000000,0.00000000,0.00000000,0.00000000,0.00000000,0.00000000,0.00000000,0.00000000,0.00000000,0.00000000,0.00000000,0.00000000,0.00000000,0.00000000,0.00000000,0.00000000,0.00000000,0.00000000,0.00000000,0.00000000,0.00000000,0.00000000,0.00000000,0.00343216,0.00000000,0.00804878,0.00000000,0.00000000,0.00000000,0.00000000,0.00000000,0.00000000,0.00000000,0.00000000,0.00000000,0.00000000,0.00000000,0.00000000,0.00000000,0.00000000,0.00000000,0.00000000,0.02113494,0.00000000,0.00000000,0.00000000,0.00000000,0.00000000,0.00000000,0.00000000,0.00290809,0.00000000,0.00000000,0.00000000,0.00000000,0.00000000,0.00000000,0.22444591,0.00000000,0.00000000,0.00000000,0.00000000,0.00000000,0.00000000,0.00000000,0.00000000,0.00000000,0.00000000,0.00000000,0.00000000,0.00000000,0.03515333,0.00000000,0.00000000,0.00000000,0.00000000,0.00000000,0.00000000,0.00000000,0.00000000,0.00000000,0.00000000,0.00000000,0.00000000,0.00295994,0.00000000,0.00000000,0.00000000,0.00000000,0.00000000,0.00000000,0.00000000,0.00000000,0.00000000,0.00000000,0.00000000,0.00000000,0.00000000,0.00000000,0.00000000,0.00000000,0.00464915,0.00000000,0.00000000,0.00000000,0.00000000,0.33682349,0.00000000,0.00000000,0.00000000,0.00000000,0.00000000,0.00000000,0.01470876,0.00302143,0.00415403,0.00000000,0.00000000,0.00000000,0.00345914,0.00000000,0.00000000,0.00000000,0.00000000,0.00617246,0.00000000,0.00000000,0.00353395,0.00000000,0.00000000,0.00000000,0.00000000,0.00000000,0.00000000,0.00000000,0.00000000,0.00000000,0.00000000,0.00000000,0.01121987,0.00000000,0.00000000,0.00000000,0.00000000,0.01220026,0.00000000,0.00000000,0.00000000,0.00000000,0.00000000,0.00000000,0.00000000,0.00000000,0.00617374,0.00000000,0.00842891,0.00000000,0.00000000,0.00202618,0.00000000,0.00000000,0.00000000,0.00000000,0.00000000,0.00000000,0.00000000,0.00703878,0.00000000,0.00000000,0.00000000,0.00000000,0.01390364,0.00000000,0.00000000,0.00000000,0.00000000,0.00000000,0.00000000,0.00000000,0.00000000,0.07966156,0.00000000,0.00000000,0.00000000,0.00000000,0.00000000,0.00000000,0.00000000,0.00000000,0.00000000,0.00000000,0.00000000,0.02134580,0.00000000,0.00000000,0.00000000,0.00000000,0.00000000,0.00000000,0.00100784,0.00562991,0.00000000,0.00000000,0.00000000,0.00000000,0.00000000,0.00000000,0.00000000,0.00000000,0.00000000,0.00000000,0.00000000,0.96627637,0.00000000,0.00000000,0.00000000,0.00000000,0.00000000,0.00000000,0.00000000,0.00000000,0.00000000,0.00000000,0.00673568,0.00000000,0.00000000,0.00000000,0.00000000,0.03334427,0.00000000,0.00000000,0.00000000,0.00000000,0.00000000,0.00000000,0.00642567,0.00000000,0.01717317,0.00000000,0.00000000,0.00201594,0.00000000,0.00000000,0.00000000,0.00764725,0.00000000,0.00000000,0.00000000,0.00684942,0.00000000,0.00000000,0.00000000,0.03712263,0.00000000,0.02049569,0.00000000,0.00000000,0.00000000,0.00000000,0.00000000,0.00000000,0.00000000,0.00000000,0.00000000,0.00000000,0.00000000,0.00000000,0.00000000,0.00000000,0.00000000,0.00000000,0.00000000,0.00000000,0.07895013,0.28205227,0.00000000,0.14502229,0.00000000,0.00000000,0.00000000,0.00210170,0.00000000,0.00000000,0.00876850,0.00000000,0.00000000,0.00000000,0.00000000,0.00000000,0.00000000,0.00000000,0.00000000,0.00000000,0.00000000,0.02809484,0.00000000,0.00000000,0.00000000,0.00000000,0.02697006,0.00105276,0.00153581,0.00000000,0.00000000,0.00000000,0.00000000,0.00000000,0.00000000,0.00000000,0.13594524,0.00000000,0.00000000,0.00000000,0.00000000,0.00000000,0.00000000,0.00000000,0.00207645,0.00000000,0.00000000,0.00000000,0.00000000,0.00000000,0.00000000,0.00000000,0.00000000,0.00000000,0.00000000,0.00000000,0.00253034,0.00000000,0.00000000,0.00000000,0.04090830,0.00000000,0.00000000,0.00000000,0.01236450,0.00000000,0.00000000,0.00000000,0.00000000,0.00000000,0.00000000,0.00000000,0.00000000,0.00000000,0.00000000,0.00000000,0.00000000,0.00000000,0.00000000,0.00000000,0.00000000,0.00000000,0.00000000,0.02210456,0.00000000,0.00000000,0.00000000,0.00000000,0.00000000,0.00000000,0.00000000,0.00000000,0.05114878,0.00000000,0.00000000,0.00819983,0.00000000,0.00000000,0.00000000,0.00000000,0.00000000,0.00000000,0.00000000,0.00000000,0.00000000,0.00000000,0.00000000,0.00148517,0.00000000,0.16144556,0.00000000,0.01251555,0.00000000,0.00000000,0.00000000,0.00000000,0.00000000,0.00000000,0.00000000,0.00000000,0.00000000,0.00000000,0.00000000,0.00000000,0.01503558,0.00000000,0.00000000,0.00000000,0.00000000,0.00000000,0.00000000,0.00000000,0.00000000,0.00000000,0.00000000,0.00000000,0.00000000,0.00000000,0.00000000,0.00000000,0.00000000,0.00000000,0.00000000,0.00000000,0.00000000,0.00000000,0.00000000,0.00000000,0.00000000,0.00000000,0.00000000,0.00000000,0.00000000,0.00000000,0.00000000,0.00000000,0.00000000,0.00000000,0.00000000,0.00000000,0.00000000,0.00000000,0.00000000,0.03570324,0.00000000,0.00000000,0.00746864,0.00000000,0.00000000,0.00000000,0.00000000,0.00000000,0.00000000,0.00000000,0.00000000,0.00000000,0.00000000,0.00000000,0.00000000,0.00000000,0.00000000,0.00000000,0.00000000,0.00000000,0.00000000,0.00000000,0.00000000,0.00707725,0.00394429,0.00342584,0.00000000,0.00515853,0.00000000,0.00152388,0.00000000,0.00000000,0.00000000,0.02533709,0.00000000,0.00000000,0.00000000,0.00000000,0.00000000,0.00000000,0.00000000,0.00000000,0.00000000,0.00000000,0.00000000,0.00000000,0.00000000,0.00000000,0.00000000,0.26606105,0.00000000,0.00000000,0.00000000,0.00000000,0.00000000,0.00000000,0.05437333,0.00000000,0.00000000,0.00000000,0.00000000,0.02467686,0.03600215,0.00000000,0.00000000,0.00000000,0.00000000,0.00000000,0.00000000,0.00000000,0.00000000,0.00000000,0.00000000,0.00000000,0.00000000,0.00000000,0.00000000,0.00307618,0.00000000,0.00000000,0.00000000,0.00289715,0.00000000,0.00000000,0.02086178,0.00000000,0.00000000,0.00000000,0.00000000,0.00000000,0.00000000,0.00000000,0.00000000,0.00000000,0.00000000,0.00000000,0.00000000,0.00000000,0.00505418,0.00458364,0.00000000,0.00203303,0.00000000,0.00000000,0.00729888,0.00000000,0.00000000,0.00235043,0.00000000,0.00000000,0.00000000,0.00000000,0.00000000,0.00000000,0.00000000,0.00000000,0.00000000,0.00000000,0.00000000,0.00000000,0.00000000,0.00000000,0.00000000,0.00000000,0.00000000,0.00000000,0.00000000,0.00000000,0.00000000,0.00454342,0.00000000,0.01431614,0.00000000,0.00000000,0.00000000,0.02107459,0.00000000,0.00000000,0.00000000,0.08332127,0.00000000,0.00727102,0.00000000,0.00000000,0.00000000,0.00631046,0.00000000,0.00000000,0.47081910,0.00000000,0.00000000,0.00000000,0.00000000,0.00000000,0.00000000
0.00000000,0.00000000,0.00000000,0.00000000,0.00000000,0.00000000,0.00000000,0.03446492,0.00000000,0.05239303,0.00000000,0.00000000,0.00000000,0.00000000,0.00000000,0.00000000,0.00132487,0.00000000,0.00000000,0.00000000,0.00000000,0.00000000,0.00000000,0.00510196,0.00550849,0.00000000,0.00000000,0.00159289,0.00000000,0.00000000,0.00000000,0.00000000,0.00000000,0.00000000,0.00000000,0.00000000,0.00000000,0.03065034,0.01484488,0.00000000,0.00000000,0.00000000,0.00000000,0.00121005,0.00000000,0.00000000,0.00000000,0.00000000,0.00000000,0.00000000,0.00598853,0.00000000,0.00000000,0.00000000,0.00000000,0.00000000,0.00000000,0.00000000,0.00505285,0.00000000,0.00000000,0.00000000,0.00000000,0.00000000,0.00000000,0.00000000,0.00000000,0.00000000,0.00000000,0.00000000,0.00610353,0.00000000,0.00000000,0.00000000,0.00000000,0.00000000,0.00571624,0.00000000,0.00157115,0.00000000,0.00000000,0.00369408,0.00500784,0.00000000,0.00000000,0.00637444,0.00227406,0.00000000,0.00000000,0.00000000,0.00000000,0.00000000,0.00000000,0.00000000,0.00000000,0.00000000,0.00000000,0.00000000,0.00000000,0.00000000,0.00000000,0.00000000,0.00000000,0.00000000,0.00000000,0.00000000,0.00000000,0.00000000,0.00000000,0.00000000,0.00000000,0.00000000,0.00000000,0.00000000,0.00000000,0.00000000,0.00356809,0.00000000,0.00000000,0.00000000,0.00000000,0.00000000,0.00000000,0.00000000,0.00000000,0.00000000,0.00000000,0.00000000,0.00000000,0.00000000,0.01053081,0.00000000,0.01865154,0.00000000,0.00000000,0.00000000,0.00000000,0.00000000,0.00000000,0.00256148,0.00000000,0.00000000,0.00000000,0.00250355,0.00000000,2.24824658,0.00000000,0.00000000,0.00000000,0.00212825,0.00000000,0.01912078,0.00000000,0.00000000,0.02404225,0.06561511,0.00000000,0.00000000,0.00611583,0.00000000,0.00000000,0.00000000,0.00000000,0.00000000,0.00000000,0.00000000,0.00000000,0.00000000,0.00000000,0.00000000,0.00658152,0.00000000,0.00000000,0.00000000,0.00000000,0.00000000,0.28272206,0.00000000,0.00000000,0.00000000,0.00000000,0.00000000,0.00000000,0.00000000,0.01397486,0.00000000,0.00000000,0.00000000,0.00918665,0.00000000,0.00000000,0.00000000,0.00000000,0.00000000,0.00000000,0.00000000,0.00607495,0.00000000,0.00000000,0.00000000,1.77425646,0.00000000,0.00000000,0.00000000,0.00000000,0.00000000,0.00000000,0.00000000,0.00000000,0.01813390,0.00000000,0.00000000,0.00000000,0.00000000,0.00796367,0.00000000,0.00000000,0.00000000,0.00000000,0.00000000,0.00000000,0.00000000,0.00000000,0.00000000,0.00000000,0.00000000,0.00000000,0.00000000,0.00000000,0.00000000,0.00000000,0.00000000,0.00000000,0.00000000,0.00000000,0.00000000,0.00000000,0.00000000,0.00000000,0.00000000,0.00512603,0.00000000,0.00000000,0.00000000,0.00000000,0.00000000,0.00000000,0.00000000,0.02632240,0.00000000,0.00000000,0.00000000,0.00000000,0.00000000,0.00000000,0.00000000,0.00427530,0.00000000,0.00000000,0.00000000,0.00000000,0.00000000,0.00000000,0.00000000,0.00000000,0.00000000,0.00000000,0.00000000,0.00000000,0.00000000,0.00000000,0.00000000,0.00000000,0.00456364,0.00000000,0.00000000,0.00000000,0.00000000,0.08952860,0.00000000,0.00000000,0.08355422,0.00000000,0.00000000,0.00000000,0.00101107,0.00000000,0.00000000,0.00000000,0.00000000,0.00000000,0.00000000,0.00000000,0.00000000,0.00000000,0.00000000,0.00000000,0.00000000,0.01847424,0.00000000,0.00000000,0.00000000,0.00000000,0.00000000,0.00000000,0.00927776,0.00000000,0.00000000,0.00000000,0.00461018,0.00000000,0.00000000,0.00000000,0.00000000,0.00000000,0.00000000,0.00555826,0.04347998,0.00000000,0.00000000,0.00000000,0.00000000,0.00000000,0.00000000,0.00000000,0.00000000,0.00000000,0.00000000,0.00000000,0.00000000,0.00000000,0.00000000,0.00058208,0.00000000,0.00000000,0.01672426,0.00000000,0.00000000,0.01101033,0.00000000,0.00000000,0.00000000,0.00000000,0.00000000,0.00000000,0.00000000,0.00000000,0.00000000,0.00000000,0.00000000,0.00000000,0.08395317,0.00000000,0.00000000,0.00000000,0.00000000,0.00368117,0.00000000,0.00000000,0.00000000,0.00000000,0.00000000,0.00000000,0.00000000,0.00000000,0.00000000,0.00000000,0.00000000,0.00000000,0.00000000,0.00000000,0.00000000,0.00000000,0.00000000,0.00000000,0.00000000,0.00000000,0.00000000,0.00000000,0.00938399,0.04225874,0.00000000,0.00000000,0.00000000,0.00000000,0.00000000,0.00108849,0.00000000,0.00000000,0.00000000,0.00000000,0.00000000,0.00000000,0.00000000,0.00000000,0.00000000,0.00000000,0.00000000,0.00000000,0.00000000,0.00000000,0.00235439,0.06267681,0.01260395,0.00000000,0.00000000,0.00000000,0.00000000,0.00000000,0.00000000,0.00000000,0.00000000,0.00000000,0.00000000,0.00000000,0.00000000,0.00000000,0.00000000,0.00000000,0.00000000,0.00000000,0.00000000,0.00000000,0.00000000,0.00000000,0.00000000,0.00000000,0.00000000,0.00000000,0.00000000,0.00000000,0.00000000,0.00000000,0.00000000,0.00000000,0.00000000,0.00000000,0.00000000,0.00000000,0.00000000,0.00000000,0.00000000,0.00000000,0.00000000,0.00000000,0.00000000,0.00000000,0.00000000,0.00000000,0.00000000,0.00000000,0.00000000,0.00000000,0.00000000,0.00000000,0.00000000,0.00711300,0.00000000,0.00000000,0.00000000,0.00000000,0.00000000,0.00000000,0.00000000,0.00000000,0.00000000,0.00000000,0.00000000,0.00000000,0.00000000,0.00000000,0.00000000,0.00000000,0.00000000,0.00000000,0.00000000,0.00000000,0.00000000,0.00000000,0.00433204,0.00000000,0.00000000,0.00000000,0.00000000,0.00000000,0.02279416,0.00000000,0.00068702,0.00000000,0.00000000,0.00000000,0.00000000,0.00000000,0.00000000,0.00000000,0.00000000,0.00000000,0.00000000,0.00000000,0.00000000,0.00000000,0.00000000,0.00000000,0.00000000,0.00000000,0.00000000,0.00000000,0.00000000,0.00690413,0.00000000,0.00000000,0.00000000,0.00000000,0.21093727,0.00000000,0.00000000,0.00594380,0.00000000,0.00000000,0.00000000,0.00000000,0.00000000,0.00000000,0.00000000,0.00000000,0.00495693,0.00000000,0.00000000,0.00505557,0.00000000,0.00000000,0.00000000,0.07789437,0.00000000,0.00000000,0.00000000,0.00133845,0.00000000,0.00000000,0.00000000,0.00000000,0.00000000,0.00000000,0.00000000,0.00000000,0.00000000,0.00000000,0.00569797,0.00202937,0.00000000,0.00000000,0.00000000,0.00000000,0.00000000,1.57544321,0.00000000,0.00831750,0.00000000,0.07949628,0.00000000,0.00000000,0.00000000,0.00000000,0.00000000,0.00000000,0.00000000,0.00321578,0.00000000,0.00222255,0.00000000,0.05099015,0.00000000,0.02699647,0.00000000,0.01745638,0.00077307,0.00000000,0.00123372,0.00000000,0.00000000,0.00000000,0.00000000,0.00000000,0.00000000,0.00000000,0.00000000,0.00000000,0.00000000,0.00000000,0.00402368,0.00000000,0.00000000,0.00000000,0.00000000,0.00000000,0.00000000,0.00000000,0.00000000,0.00000000,0.03222969,0.00085051,0.00000000,0.00000000,0.00237242,0.00000000,0.00000000,0.00000000,0.00000000,0.00000000,0.00078661,0.00000000,0.00000000,0.00000000,0.00000000,0.00000000,0.00110772,0.00000000,0.00000000,0.00000000,0.00000000,0.00000000,0.00000000,0.31254740,0.00000000,0.00000000,0.00000000,0.00000000,0.00000000,0.00000000,0.00000000,0.00000000,0.00000000,0.00000000,0.00000000,0.02523977,0.00000000,0.00000000,0.00000000,0.00077108,0.00000000,0.00000000,0.00000000,0.00000000,0.00000000,0.00000000,0.00000000,0.00000000,0.00000000,0.00000000,0.00000000,0.06525550,0.00000000,0.00000000,0.00000000,0.00000000,0.00000000,0.00000000,0.00000000,0.00000000,0.00000000,0.00000000,0.00712352,0.00000000,0.00196022,0.00000000,0.00000000,0.00000000,0.00209154,0.00000000,0.00000000,0.00072646,0.00000000,0.00000000,0.00000000,0.00000000,0.01205857,0.00000000,0.00000000,0.00000000,0.00000000,0.00000000,0.01528263,0.00000000,0.00000000,0.00000000,0.00000000,0.00000000,0.00000000,0.00000000,0.00000000,0.00000000,0.00000000,0.01970725,0.00000000,0.00000000,0.00000000,0.00000000,2.15147660,0.00000000,0.00269713,0.00000000,0.00000000,0.00937904,0.00000000,0.00000000,0.00515955,0.05210104,0.00000000,0.00000000,0.00000000,0.00232631,0.00000000,0.00000000,0.00000000,0.00000000,0.00162403,0.00741392,0.00000000,0.00000000,0.00000000,0.00000000,0.00000000,0.00000000,0.00000000,0.00000000,0.00000000,0.33582779,0.00000000,0.03545407,0.00000000,0.00000000,0.04080963,0.00000000,0.00000000,0.00000000,0.00000000,0.00000000,0.00000000,0.00000000,0.00000000,0.00000000,0.00000000,0.00000000,0.00000000,0.00000000,0.00000000,0.00000000,0.00000000,0.00000000,0.00000000,0.00000000,0.00000000,0.00000000,0.00000000,0.00000000,0.00000000,0.00000000,0.00000000,0.00000000,0.00000000,0.00000000,0.00000000,0.00000000,0.00000000,0.00000000,0.00000000,0.00000000,0.00000000,0.00000000,0.00754195,0.00000000,0.00000000,0.00000000,0.00000000,0.00000000,0.00000000,0.00236699,0.00617119,0.00000000,0.00000000,0.00000000,0.00000000,0.00000000,0.00000000,0.00000000,0.00000000,0.00000000,0.00000000,0.00000000,0.00000000,0.00000000,0.00000000,0.00000000,0.00000000,0.00000000,0.00000000,0.00000000,0.00000000,0.00000000,0.00000000
0.00000000,0.00000000,0.00000000,0.00430036,0.00000000,0.00000000,0.00000000,0.00000000,0.00000000,0.00000000,0.00000000,0.00000000,0.00000000,0.00000000,0.00000000,0.00000000,0.00000000,0.00000000,0.00000000,0.00000000,0.00000000,0.00000000,0.00000000,0.00000000,0.05404231,0.00000000,0.00000000,0.00000000,0.18993984,2.20422103,0.01363683,0.00000000,0.00000000,0.00000000,0.00000000,0.00000000,0.00000000,0.00000000,0.00000000,0.00000000,0.00000000,0.00000000,0.00000000,0.00000000,0.00000000,0.00000000,0.00000000,0.00000000,0.00000000,0.01974311,0.00000000,0.00000000,0.00272263,0.00000000,0.15608277,0.00000000,0.00000000,0.00000000,0.00000000,0.00433407,0.00000000,0.00000000,0.00000000,0.00000000,0.00000000,0.00000000,0.00000000,0.00000000,0.00000000,0.00000000,0.00000000,0.00000000,0.00439491,0.00000000,0.00000000,0.03354864,0.00000000,0.00000000,0.00000000,0.00000000,0.00000000,0.01329359,0.12331840,0.00000000,0.00490152,0.00000000,0.00000000,0.00000000,0.00000000,0.00363701,0.00000000,0.00000000,0.00000000,0.00000000,0.00000000,0.00000000,0.00000000,0.00000000,0.00000000,0.00000000,0.00839629,0.00000000,0.00000000,0.00000000,0.00000000,0.02472032,0.07647775,0.02977646,0.00000000,0.00000000,0.00000000,0.00000000,0.00000000,0.00000000,0.00000000,0.04579340,0.00135392,0.00000000,0.00000000,0.00000000,0.00000000,0.00000000,0.00000000,0.00000000,0.00000000,0.01948021,0.00000000,0.00000000,0.00000000,0.00000000,0.00000000,0.00000000,0.00000000,0.00000000,0.00384431,0.00000000,0.00000000,0.00000000,0.00000000,0.00000000,0.00000000,0.00000000,0.00000000,0.00000000,0.00000000,0.00000000,0.00000000,0.00000000,0.00000000,0.00000000,0.00000000,0.00000000,0.00000000,0.00000000,0.04603205,0.00000000,0.02656786,0.00000000,0.00000000,0.09052449,0.00000000,0.00000000,0.44181884,0.00000000,0.00000000,0.00000000,0.01407524,0.00000000,0.00340539,0.00000000,0.00000000,0.00000000,0.00000000,0.00000000,0.00000000,0.00000000,0.00000000,0.00000000,0.00000000,0.00000000,0.00000000,0.00000000,0.00000000,0.00000000,0.00000000,0.00000000,0.00000000,0.00000000,0.00000000,0.00000000,0.00000000,0.00000000,0.00000000,0.00000000,0.00000000,0.01274322,0.00000000,0.00000000,0.00000000,0.00000000,0.00187860,0.00000000,0.00000000,0.00000000,0.00000000,0.01151648,0.00000000,0.00000000,0.01813390,0.00000000,0.00000000,0.15576162,0.00000000,0.00000000,0.00000000,0.00000000,0.00000000,0.00000000,0.03704493,0.00075166,0.00000000,0.00000000,0.00000000,0.00000000,0.00000000,0.00000000,0.00000000,0.00000000,0.00000000,0.00000000,0.00000000,0.00000000,0.00000000,0.00000000,0.00000000,0.00000000,0.00000000,0.00000000,0.00000000,0.00000000,0.00000000,0.00000000,0.00000000,0.00000000,0.00000000,0.00000000,0.00000000,0.19124391,0.00000000,0.00000000,0.00000000,0.01800177,0.00055952,0.00000000,0.04472149,0.00000000,0.00000000,0.00000000,0.01066840,0.00000000,0.00000000,0.00000000,0.00000000,0.00000000,0.00000000,0.00000000,0.00000000,0.00000000,0.00000000,0.00000000,0.00000000,0.00000000,0.00000000,0.00000000,0.00000000,0.00000000,0.00000000,0.00000000,0.00000000,0.00000000,0.07423959,0.00464004,0.00000000,0.00000000,0.00000000,0.00000000,0.00000000,0.00000000,0.00000000,0.00000000,0.00000000,0.00504182,0.00000000,0.00000000,0.00000000,0.00000000,0.00000000,0.00000000,0.00000000,0.00000000,0.00000000,0.00000000,0.00000000,0.00000000,0.00000000,0.00000000,0.00000000,0.00000000,0.00000000,0.00000000,0.01883721,0.00000000,0.00000000,0.00711433,0.00000000,0.00000000,0.00000000,0.00000000,0.00000000,0.00000000,0.00000000,0.00000000,0.00000000,0.00000000,0.00270817,0.00000000,0.00000000,0.00000000,0.00000000,0.00000000,0.00000000,0.00000000,0.00000000,0.00725796,0.00000000,0.00000000,0.03600607,0.00000000,0.00000000,0.01031906,0.00000000,0.00000000,0.01617086,0.00000000,0.00943060,0.00000000,0.00000000,0.00287760,0.04796671,0.07783210,0.00000000,0.00000000,0.00000000,0.00000000,0.00000000,0.00000000,0.00000000,0.00000000,0.00000000,0.00000000,0.02032226,0.00000000,0.00000000,0.00000000,0.00000000,0.00000000,0.00000000,0.05295395,0.01272052,0.00000000,0.00000000,0.00000000,0.00000000,0.00000000,0.00000000,0.00000000,0.00000000,0.00000000,0.00000000,0.00000000,0.00000000,0.00000000,0.00000000,0.00000000,0.00000000,0.00000000,0.00000000,0.00000000,0.00000000,3.47152476,0.00000000,0.00000000,0.00000000,0.00000000,0.00000000,0.00000000,0.00000000,0.00000000,0.00000000,0.00000000,0.00000000,0.00000000,0.00000000,0.17227930,0.00000000,0.00000000,0.00000000,0.00000000,0.00000000,0.00000000,0.02416925,0.00000000,0.00000000,0.00000000,0.00000000,0.00000000,0.00000000,0.00541042,0.00000000,0.00000000,0.00000000,0.00000000,0.00000000,0.00000000,0.00000000,0.00000000,0.00000000,0.00000000,0.00000000,0.00000000,0.00000000,0.00000000,0.02013416,0.00000000,0.00000000,0.00000000,0.00000000,0.00000000,0.00000000,0.00000000,0.00000000,0.00000000,0.00664067,0.00000000,0.00000000,0.00000000,0.00000000,0.00000000,0.00000000,0.00000000,0.00000000,2.02223230,0.00000000,0.00000000,0.00000000,0.00000000,0.04428988,0.00000000,0.00000000,0.00561128,0.00000000,0.00000000,0.00000000,0.00000000,0.00000000,0.00204470,0.00000000,0.00000000,0.00000000,0.00438075,0.00446043,0.00000000,0.00259812,0.00000000,0.00000000,0.00000000,0.00000000,0.00000000,0.00000000,0.00000000,0.00000000,0.01052286,0.00074975,0.00295709,0.00000000,0.00000000,0.00000000,0.00000000,0.00000000,0.00000000,0.00000000,0.00000000,0.01067864,0.00000000,0.00000000,0.00000000,0.00000000,0.00245443,0.00000000,0.00000000,0.00000000,0.00105927,0.00000000,0.00000000,0.00423455,0.00000000,0.00000000,0.06101363,0.00000000,0.00902234,0.00000000,0.00000000,0.00000000,0.00000000,0.00000000,0.00000000,0.00000000,0.00000000,0.00000000,0.00000000,0.00000000,0.00000000,0.00000000,0.00000000,0.00000000,0.01406063,0.00000000,1.36314749,0.00000000,0.00000000,0.00000000,0.00000000,0.00000000,0.00000000,0.00000000,0.00000000,0.00000000,0.00000000,0.00000000,0.00000000,0.00000000,0.00000000,0.00000000,0.00000000,0.00000000,0.00000000,0.00000000,0.00000000,0.00000000,0.00000000,0.00000000,0.00000000,0.00000000,0.00000000,0.00000000,0.00000000,0.00000000,0.00000000,0.00000000,0.00000000,0.00000000,0.00000000,0.00000000,0.00000000,0.00000000,0.00000000,0.00000000,0.00000000,0.00000000,0.00000000,0.00251566,0.00755520,0.00000000,0.00000000,0.00000000,0.00000000,0.00000000,0.01116270,0.00000000,0.00291100,0.00000000,0.00000000,0.00000000,0.00000000,0.00901532,0.00000000,0.00000000,0.00000000,0.00000000,0.00000000,0.00000000,0.00616620,0.00000000,0.00000000,0.00000000,0.00000000,0.00075381,0.00000000,0.00000000,0.00000000,0.03487050,0.00000000,0.00000000,0.00000000,0.00000000,0.00000000,0.00000000,0.00000000,0.00000000,0.00000000,0.00000000,0.00000000,0.00000000,0.00000000,0.00000000,0.00000000,0.00000000,0.00089316,0.00000000,0.00000000,0.00000000,0.00000000,0.00000000,0.00000000,0.00000000,0.00000000,0.00542207,0.00000000,0.00000000,0.00000000,0.00000000,0.00000000,0.00000000,0.00000000,0.06911766,0.00388877,0.00000000,0.00000000,0.01323138,0.01466948,0.00000000,0.00000000,0.00000000,0.00000000,0.00000000,0.00000000,0.00000000,0.00000000,0.00000000,0.00000000,0.00000000,0.00000000,0.00000000,0.00000000,0.00000000,0.00000000,0.00403811,0.00000000,0.00000000,0.01510016,0.00000000,0.00000000,0.00384007,0.00000000,0.00000000,0.00000000,0.00000000,0.00000000,0.00000000,0.00000000,0.00000000,0.00000000,0.00000000,0.00000000,0.00000000,0.00000000,0.00000000,0.00000000,0.00000000,0.00000000,0.00000000,0.00000000,0.00000000,0.00000000,0.00398762,0.00000000,0.12712659,0.00000000,0.00000000,0.00000000,0.00000000,0.00000000,0.00000000,0.00000000,0.00000000,0.00000000,0.00133408,0.00000000,0.00000000,0.00000000,0.00229196,0.00000000,0.00000000,0.00000000,0.00099338,0.00000000,0.00000000,1.93906058,0.00000000,0.00000000,0.00000000,0.00000000,0.00210234,0.00000000,0.00000000,0.00000000,0.00000000,0.00000000,0.00000000,0.00000000,0.00000000,0.00000000,0.00000000,0.00000000,0.00000000,0.00000000,0.01305915,0.00000000,0.00371433,0.00895335,0.00000000,0.00000000,0.00000000,0.00000000,0.00000000,0.00000000,0.00000000,0.00000000,0.00000000,0.00000000,0.00000000,0.00000000,0.00000000,0.00000000,0.00000000,0.00000000,0.00000000,0.07080042,0.00000000,0.00244052,0.00419953,0.00000000,0.00000000,0.00000000,0.00000000,0.00000000,0.00000000,0.00000000,3.60458181,0.00000000,0.00000000,0.00000000,0.00000000,0.00000000,0.00000000,0.00000000,0.00000000,0.00000000,0.00000000,0.00000000,0.00000000,0.00000000,0.00000000,0.00000000,0.00000000,0.00000000,0.00000000,0.00000000,0.00000000,0.00000000,0.00000000,0.00000000,0.00000000,0.00000000,0.00000000,0.00000000,0.00000000,0.00000000,0.00000000,0.00000000,0.00000000,0.00000000,0.00000000,0.00000000,0.00000000,0.00869179,0.00000000,0.00000000,0.00000000,0.00000000
0.00000000,0.00160145,0.00000000,0.00509881,0.00000000,0.00000000,0.00000000,0.00000000,0.00000000,0.00000000,0.00000000,0.00000000,0.00000000,0.00000000,0.00000000,0.00000000,0.00000000,0.00562228,0.00000000,0.00000000,0.00000000,0.00000000,0.00000000,0.00000000,0.00000000,0.00000000,0.00000000,0.00000000,0.00000000,0.00000000,0.00000000,0.00000000,0.00000000,0.00000000,0.00000000,0.00000000,0.00646903,0.00000000,0.00000000,0.00000000,0.00000000,0.01775370,0.00000000,0.00000000,0.00137466,0.00000000,0.00000000,0.00000000,0.00000000,0.00000000,0.00000000,0.00000000,0.00000000,0.00000000,0.00000000,0.00000000,0.00000000,0.00000000,0.00000000,0.00000000,0.00000000,0.00000000,0.00000000,0.00000000,0.00000000,0.00000000,0.00000000,0.00000000,0.00000000,0.00000000,0.00000000,0.00000000,0.00000000,0.00000000,0.00000000,0.00000000,0.00000000,0.00000000,0.00000000,0.00000000,0.00000000,0.00660912,0.00000000,0.02478184,0.00000000,0.00000000,0.00299163,0.00000000,0.02949622,0.00000000,0.00000000,0.00705728,0.00000000,0.00000000,0.00000000,0.00000000,0.00163942,0.00000000,0.00000000,0.00000000,0.00000000,0.00000000,0.00000000,0.00000000,0.00000000,0.00000000,0.00000000,0.00000000,0.00000000,0.00000000,0.00283327,0.00000000,0.00000000,0.00000000,0.00000000,0.00000000,0.00000000,0.00000000,0.00000000,0.00000000,0.00000000,0.00000000,0.00000000,0.01481219,0.00000000,0.04120944,0.00000000,0.00000000,0.00000000,0.00000000,0.00122871,0.00000000,0.00000000,0.00000000,0.00000000,0.00000000,0.00000000,0.03498870,0.00000000,0.00000000,0.01367857,0.00000000,0.00000000,0.00000000,0.00000000,0.00126287,0.00000000,0.00000000,0.00000000,0.00000000,0.00000000,0.00000000,0.00000000,0.00000000,0.00000000,0.00000000,0.00000000,0.00000000,0.00000000,0.00000000,0.00000000,0.00000000,0.00000000,0.00848259,0.00000000,0.00000000,0.00000000,0.00000000,0.00000000,0.00000000,0.00000000,0.00000000,0.00000000,0.00000000,0.00000000,0.00000000,0.00000000,0.01657663,0.00000000,0.00000000,0.00000000,0.00000000,0.00000000,0.00000000,0.00000000,0.00820665,0.03035439,0.00000000,0.00000000,0.00000000,0.00000000,0.00000000,0.00000000,0.00000000,0.00000000,0.00000000,0.00000000,0.00000000,0.00000000,0.00000000,0.00000000,0.00000000,0.00000000,0.00000000,0.00000000,0.00000000,0.00000000,0.00000000,0.00000000,0.00000000,0.00000000,0.00000000,0.00000000,0.00000000,0.00000000,0.00000000,0.00000000,0.00000000,0.00000000,0.00000000,0.00000000,0.00000000,0.00000000,0.00000000,0.00000000,0.00000000,0.00000000,0.00000000,0.00000000,0.00000000,0.00000000,0.00927550,0.01137850,0.00000000,0.00000000,0.00000000,0.00000000,0.00000000,0.00000000,0.00000000,0.00000000,0.00000000,0.00000000,0.00000000,0.00000000,0.00000000,0.00000000,0.00000000,0.00000000,0.00000000,0.00000000,0.00000000,0.00000000,0.00000000,0.00000000,0.00650043,0.00000000,0.00000000,0.00000000,0.04943861,0.00000000,0.00000000,0.00000000,0.01780508,0.00000000,0.00000000,0.00000000,0.00000000,0.00000000,0.00000000,0.00000000,0.00000000,0.00000000,0.00000000,0.00000000,0.00000000,0.00000000,0.00000000,0.00000000,0.00000000,0.00000000,0.00000000,0.00000000,0.00000000,0.00000000,0.00000000,0.00000000,0.00000000,0.00000000,0.09031051,0.01273636,0.00000000,0.00000000,0.00000000,0.00000000,0.00000000,0.00000000,0.00000000,0.00255275,0.00000000,0.00000000,0.00000000,0.00000000,0.00000000,0.00000000,0.00000000,0.05117128,0.00000000,0.00000000,0.01031904,0.00000000,0.00000000,0.00898662,0.00000000,0.00000000,0.00000000,0.01207957,0.00000000,0.00000000,0.04697672,0.19152704,0.02316773,0.00000000,0.08195675,0.00000000,0.00000000,0.00695959,0.00000000,0.00000000,0.00000000,0.00000000,0.00000000,0.00000000,0.00000000,0.00000000,0.00000000,0.00000000,0.00000000,0.00000000,0.00000000,0.00000000,0.00000000,0.00000000,0.00000000,0.00000000,0.00000000,0.00000000,0.02057815,0.00000000,0.00000000,0.00000000,0.00000000,0.00000000,0.00000000,0.00000000,0.00000000,0.00000000,0.00000000,0.02555701,0.00000000,0.00000000,0.00000000,0.00000000,0.00000000,0.00098398,0.02079278,0.00000000,0.00000000,0.00110886,0.00000000,0.00000000,0.00000000,0.00000000,0.00000000,0.00000000,0.00000000,0.00000000,0.00000000,0.00000000,0.00000000,0.01695412,0.08762965,0.00000000,0.00326348,0.00000000,0.00000000,0.05129248,0.00000000,0.00000000,0.00000000,0.00000000,0.00000000,0.00364236,0.00000000,0.00000000,0.00000000,0.00000000,0.00000000,0.00000000,0.00376540,0.00000000,0.00000000,0.00000000,0.00000000,0.00000000,0.00000000,0.00000000,0.00000000,0.00000000,0.00557009,0.00000000,0.00000000,0.00000000,0.00000000,0.00000000,0.00000000,0.00000000,0.00364838,0.00000000,0.00000000,0.00133537,0.00000000,0.00106667,0.00000000,0.00000000,0.00000000,0.00374747,0.00000000,0.00000000,0.00000000,0.00000000,0.00000000,0.00000000,0.00000000,0.00000000,0.00000000,0.00064571,0.00000000,0.00000000,0.00000000,0.00000000,0.00000000,0.00000000,0.00000000,0.00000000,0.00000000,0.00000000,0.00000000,0.00000000,0.00000000,0.00000000,0.00000000,0.00000000,0.00000000,0.00000000,0.00000000,0.03075467,0.00000000,0.00000000,0.00000000,0.00000000,0.00474050,0.00000000,0.00000000,0.00000000,0.00000000,0.00000000,0.00000000,0.00000000,0.00000000,0.00000000,0.00000000,0.00000000,0.00000000,0.00000000,0.00000000,0.00000000,0.00281980,0.00000000,0.02436590,0.00000000,0.00000000,0.00000000,0.00000000,0.01886973,0.01490131,2.51461025,0.00583249,0.00769327,0.00601259,0.00000000,0.00000000,0.00000000,0.00000000,0.00000000,0.00000000,0.00000000,0.00000000,0.00000000,0.00000000,0.00000000,0.00944937,0.00000000,0.00000000,0.00000000,0.00000000,0.01485287,0.00378178,0.00000000,0.00000000,0.00000000,0.05603131,0.00000000,0.00000000,0.02614391,0.00000000,0.00666848,0.00000000,0.00000000,0.00000000,0.00000000,0.01634210,0.00000000,0.00000000,0.00000000,0.00000000,0.00000000,0.00000000,0.00000000,0.00000000,0.00000000,0.04940802,0.10643941,0.00000000,0.00000000,0.00000000,0.00000000,0.00000000,0.00000000,0.00000000,0.00000000,0.00000000,0.00000000,0.00000000,0.17690177,0.00000000,0.00000000,0.00000000,0.00160711,0.00000000,0.00000000,0.00000000,0.00000000,0.00000000,0.00000000,0.00000000,0.00000000,0.00000000,0.00000000,0.00000000,0.00000000,0.00000000,0.25440570,0.03662578,0.00000000,0.00000000,0.00000000,0.00384462,0.00000000,0.00000000,0.00000000,0.00128502,0.00000000,0.00000000,0.00000000,0.00000000,0.00000000,0.00000000,0.00000000,0.00000000,0.04313198,0.00000000,0.00000000,0.00000000,0.00000000,0.00000000,0.00000000,0.00000000,0.00000000,0.00000000,0.00000000,0.00000000,0.00000000,0.00826732,0.00000000,0.00000000,0.01178932,0.00000000,0.00000000,0.00000000,0.00000000,0.00337630,0.00000000,0.00000000,0.00000000,0.00000000,0.00000000,0.00000000,0.00000000,0.00000000,0.00000000,0.00000000,0.00000000,0.00000000,0.03134909,0.00000000,0.00000000,0.00000000,0.00000000,0.00000000,0.00000000,0.00000000,0.00190360,0.00000000,0.00000000,0.00000000,0.00000000,0.00000000,0.00000000,0.00000000,0.00000000,0.00000000,0.00000000,0.00000000,0.06065623,0.00000000,0.00000000,0.00000000,0.00000000,0.00000000,0.00000000,0.00000000,0.00000000,0.00000000,0.00000000,0.00000000,0.00000000,0.00000000,0.00108738,0.00000000,0.00000000,0.00309073,0.00000000,0.00000000,0.00720244,0.00000000,0.00000000,0.00000000,0.00000000,0.00994710,0.00000000,0.05225948,0.00000000,0.00000000,0.00000000,0.00000000,0.00000000,0.00000000,0.00000000,0.00000000,0.00000000,0.00000000,0.00000000,0.00000000,0.00000000,0.29578367,0.10146904,0.00000000,0.00000000,0.00000000,0.00000000,0.00096567,0.00000000,0.00000000,0.00000000,0.00487641,0.00000000,0.00000000,0.00322418,0.00000000,0.00000000,0.00000000,0.00000000,0.00000000,0.00000000,0.00000000,0.00000000,0.00000000,0.00000000,0.00000000,0.00000000,0.00000000,0.00000000,0.00000000,0.00000000,0.00000000,0.02656313,0.00000000,0.00000000,0.00000000,0.03750379,0.00000000,0.00000000,0.00000000,0.00000000,0.00000000,0.01187821,0.00000000,0.00000000,0.00000000,0.00000000,0.00000000,0.00000000,0.00000000,0.01565218,0.00000000,0.00000000,0.00000000,0.00000000,0.00000000,0.00000000,0.00000000,0.00280999,0.00538972,0.00000000,0.00000000,0.00000000,0.00000000,0.00000000,0.00203649,0.00000000,0.00000000,0.00839405,0.00000000,0.00000000,0.00000000,0.00000000,0.00000000,0.00000000,0.00000000,0.00000000,0.00534201,0.00000000,0.00000000,0.00000000,0.00000000,0.00000000,0.00000000,0.00000000,0.00000000,0.00000000,0.00000000,0.00000000,0.00000000,0.00000000,0.00000000,0.01826279,0.00000000,0.00000000,0.00000000,0.00000000,0.00533467,0.00823124,0.00000000,0.00000000,0.00000000,0.00000000,0.00000000,0.01494650,0.00000000,0.00000000,0.00000000,0.00000000,0.00000000,0.00000000,0.00000000,0.00000000,0.00000000,0.00000000,0.00000000,0.00000000,0.00000000,0.00000000,0.00000000,0.00000000,0.00000000,0.00000000,0.00385622,0.00000000,0.00117513
0.00000000,0.00000000,0.00000000,0.00000000,0.00000000,1.29218071,0.00000000,0.00000000,0.00000000,0.00000000,0.00454971,0.00000000,0.00000000,0.00000000,0.00000000,0.00000000,0.01712278,0.00000000,0.00000000,0.00000000,0.00000000,0.00000000,0.02021306,0.00000000,0.00000000,0.00000000,0.00000000,0.00000000,0.00000000,0.00000000,0.00000000,0.00000000,0.00000000,0.00000000,0.00000000,0.00000000,0.00000000,0.00000000,0.02501875,0.00000000,0.00000000,0.00000000,0.00000000,0.00000000,0.00000000,0.00000000,0.00000000,0.00000000,0.00000000,0.00000000,0.00000000,0.03342652,0.00000000,0.00000000,0.00000000,0.00000000,0.00000000,0.00000000,0.00000000,0.00000000,0.00000000,0.00000000,0.00000000,0.00000000,0.00000000,0.00000000,0.00965699,0.00000000,0.00000000,0.00000000,0.00000000,0.00000000,0.00000000,0.00000000,0.00000000,0.00000000,0.00000000,0.00000000,0.00000000,0.01096632,0.00000000,0.00000000,0.00000000,0.00000000,0.00000000,0.00000000,0.00000000,0.00000000,0.00000000,0.00000000,0.00000000,0.00000000,0.00000000,0.00000000,0.00000000,0.00000000,0.00000000,0.00000000,0.00273219,0.00000000,0.00000000,0.00566796,0.00000000,0.00000000,0.00000000,0.00000000,0.00000000,0.01157454,0.00000000,0.00000000,0.00000000,0.00000000,0.00000000,0.00000000,0.00146480,0.00428661,0.00000000,0.00000000,0.03311457,0.00000000,0.00000000,0.00000000,0.00000000,0.00000000,0.00000000,0.00000000,0.00000000,0.00939121,0.00488386,0.00000000,0.00000000,0.00000000,0.00000000,0.00806996,0.00000000,0.00000000,0.00000000,0.00767507,0.00000000,0.00000000,0.00000000,0.00288874,0.00095239,0.00491260,0.00000000,0.00000000,0.00000000,0.00000000,0.00000000,0.00000000,1.51252587,0.00000000,0.00929375,0.00000000,0.00000000,0.00000000,0.00000000,0.03895257,0.00000000,0.00000000,0.00000000,0.00000000,0.00000000,0.00000000,0.00000000,0.00000000,0.00000000,0.00125685,0.00768623,0.00000000,0.00000000,0.00089640,0.00000000,0.00484365,0.00000000,0.00000000,0.01810015,0.00000000,0.00000000,0.00000000,0.00000000,0.00000000,0.00000000,0.00000000,0.00000000,0.00000000,1.48271567,0.00000000,0.00000000,0.00000000,0.01955694,0.00000000,0.00000000,0.00000000,0.00000000,0.00000000,0.00000000,0.00000000,0.00000000,0.00000000,0.00000000,0.00000000,0.00000000,0.00000000,0.00000000,0.00000000,0.00135747,0.00000000,0.00000000,0.15576162,0.00000000,0.00000000,0.00000000,0.00000000,0.00000000,0.00543324,0.00000000,0.00403836,0.00000000,0.00000000,0.00000000,0.02548840,0.00000000,0.00000000,0.00000000,0.00000000,0.00000000,0.00964557,0.00302061,0.00000000,0.00000000,0.00000000,0.00000000,0.00122143,0.00000000,0.00000000,0.04441720,0.00000000,0.00000000,0.00000000,0.00000000,0.00000000,0.00194815,0.35630361,0.00000000,0.00000000,0.00000000,0.00000000,1.36569525,0.01197457,0.00000000,0.00000000,0.00596906,0.00000000,0.00000000,0.00062480,0.00000000,0.00000000,0.00000000,0.00000000,0.00000000,0.00000000,0.00000000,0.00000000,0.00000000,0.00000000,0.00000000,0.00000000,0.03795322,0.00000000,0.03526732,0.00593166,0.00000000,0.00000000,0.00000000,0.00000000,0.00251432,0.00000000,0.00000000,0.01121032,0.00000000,0.00000000,0.00000000,0.37025394,0.00000000,0.00000000,0.00000000,0.00053085,0.00000000,0.00000000,0.39714656,0.00000000,0.00000000,0.00000000,0.00000000,0.00000000,0.00000000,0.00000000,0.00000000,0.00000000,0.00000000,0.00000000,0.00000000,0.00000000,0.00000000,0.00000000,0.00000000,0.02165255,0.00000000,0.00000000,0.01172634,0.00000000,0.00000000,0.00000000,0.00000000,0.00000000,0.00000000,0.00000000,3.73507355,0.00000000,0.00000000,0.00000000,0.00000000,0.00000000,0.00000000,0.00000000,0.00000000,0.00000000,0.00000000,0.00000000,0.00000000,0.00000000,0.00000000,0.00000000,0.00000000,0.00000000,0.00000000,0.00000000,0.00000000,0.00000000,0.00000000,0.16632609,0.00000000,0.00000000,0.83391128,0.00000000,0.00000000,0.00000000,0.00000000,0.00000000,0.00000000,0.00000000,0.00000000,0.00000000,0.00000000,0.88441100,0.00000000,0.00000000,0.00000000,0.00000000,0.00000000,0.01012126,0.00000000,0.00000000,0.00000000,0.00000000,0.00000000,0.00172940,0.00403024,0.00000000,0.16628301,0.00000000,0.00000000,0.00000000,0.00000000,0.00000000,0.00096940,0.00000000,0.00000000,0.07996669,0.00000000,0.00000000,0.00000000,0.00000000,0.00000000,0.00000000,0.00000000,0.00000000,0.00000000,0.00641719,0.00000000,0.00000000,0.00000000,0.00000000,0.00000000,0.00000000,0.00000000,0.00000000,0.00000000,0.00337966,0.00000000,0.00000000,0.00000000,0.00000000,0.00000000,0.00000000,0.00000000,0.00000000,0.00000000,0.00982797,0.00000000,0.00000000,0.00000000,0.00000000,0.00000000,0.00000000,0.15464280,0.00000000,0.00000000,0.00000000,0.00000000,0.00000000,0.00068552,0.00000000,0.00000000,0.00000000,0.00000000,0.00000000,0.00000000,0.00000000,0.00000000,0.00000000,0.00000000,0.00000000,0.00000000,0.00000000,0.00230484,0.00000000,0.00000000,0.00000000,0.00000000,0.13012880,0.00000000,0.00000000,0.00000000,0.00000000,0.07760211,0.00000000,0.00000000,0.00204810,0.00000000,0.00000000,0.00000000,0.00000000,0.00000000,0.00000000,0.00000000,0.00000000,0.09461430,0.00000000,0.00000000,0.00000000,0.00000000,0.00000000,0.00000000,0.00000000,0.00000000,0.00000000,0.00000000,0.00000000,0.00000000,0.00000000,0.00000000,0.00060973,0.00000000,0.00000000,0.00000000,0.00000000,0.00000000,0.00000000,0.00000000,0.00000000,0.00000000,0.00000000,0.00000000,0.00000000,0.00000000,0.00000000,0.00000000,0.00138277,0.00000000,0.00000000,0.00000000,0.00000000,0.00000000,0.00000000,0.00000000,0.00000000,0.00000000,0.00000000,0.00000000,0.00000000,0.00000000,0.00000000,0.00000000,0.00000000,0.00000000,0.00000000,0.00000000,0.00000000,0.00000000,0.00000000,0.02569815,0.00125137,0.00000000,0.00000000,0.00000000,0.00000000,0.00000000,0.00000000,0.00000000,0.00000000,3.39433504,0.00295129,0.00000000,0.00000000,0.00000000,0.00000000,0.06637109,0.00000000,0.00000000,0.00000000,0.01703300,0.00000000,0.02068677,0.00000000,0.00000000,0.00773711,0.00000000,0.00000000,0.00000000,0.00000000,0.00000000,0.00000000,0.00633458,0.00000000,0.00000000,0.00000000,0.00744131,0.03287054,0.00000000,0.00000000,0.00000000,0.00000000,0.00000000,0.00000000,0.00000000,0.00000000,0.04969465,0.00000000,0.00000000,0.00000000,0.00000000,0.00000000,0.00000000,0.00000000,0.00000000,0.00000000,0.00000000,0.00000000,0.01580263,0.00000000,0.00000000,0.00000000,0.00000000,0.00000000,0.00000000,0.00000000,0.00000000,0.00000000,0.00000000,0.00000000,0.00000000,0.00000000,0.00000000,0.00000000,0.00000000,0.00000000,0.00000000,0.00000000,0.00000000,0.00000000,0.00000000,0.00000000,0.00000000,0.00000000,0.00000000,0.00000000,0.00000000,0.00000000,0.00000000,0.00000000,0.00000000,0.00000000,1.31298318,0.00187194,0.00000000,0.00000000,0.00000000,0.00000000,0.00000000,0.00000000,0.00000000,0.00000000,0.00000000,0.00000000,0.00000000,0.00000000,0.00000000,0.00000000,0.02512572,0.00000000,0.00000000,0.00000000,0.00000000,0.00000000,0.00000000,0.00000000,1.27558044,0.00000000,0.00000000,0.00000000,0.00000000,0.00000000,0.00000000,0.00000000,0.00000000,0.00000000,0.00000000,0.00000000,0.01279884,0.00000000,0.00000000,0.00000000,0.00000000,0.00000000,0.00000000,0.00905523,0.00000000,0.00000000,0.00000000,0.00000000,0.00000000,0.00000000,0.00717882,0.00000000,0.00000000,0.00000000,0.00000000,0.00000000,0.00000000,0.00000000,0.00000000,0.00000000,0.00000000,0.00000000,0.00000000,0.00000000,0.00403042,0.00000000,0.00000000,0.00000000,0.00000000,0.00000000,0.00000000,0.09547267,0.00000000,0.00000000,0.00000000,0.00000000,0.00000000,0.00000000,0.00000000,0.00000000,0.00378289,0.00000000,0.00000000,0.00000000,0.00636843,0.00000000,0.00000000,0.00000000,0.00000000,0.00000000,0.00000000,0.00000000,0.00452545,0.00000000,0.00057775,0.00000000,0.00000000,0.00000000,0.43438828,0.00000000,0.00000000,0.00000000,0.00000000,0.00000000,0.00000000,0.00000000,0.00000000,0.03323939,0.00000000,0.00000000,0.00000000,0.00000000,0.00432382,0.00000000,0.00000000,0.00000000,0.04760164,0.00000000,0.00000000,0.00000000,0.00000000,0.00000000,0.00000000,0.00000000,0.00000000,0.00000000,0.00000000,0.00000000,0.01246592,0.00000000,0.00000000,0.00000000,0.00000000,0.00000000,0.00000000,0.00000000,0.00000000,0.00308087,0.00000000,0.00000000,0.00000000,0.00000000,0.00000000,0.00000000,0.09892055,0.00000000,0.00000000,0.00000000,0.00000000,0.00000000,0.00000000,0.00000000,0.00000000,0.00000000,0.00000000,0.00000000,0.00000000,0.00000000,0.01865902,0.00000000,0.00000000,0.00000000,0.00000000,0.00000000,0.00000000,0.00000000,0.00000000,0.00000000,0.00000000,0.00000000,0.00000000,0.00000000,0.00107876,0.00000000,0.00000000,0.00000000,0.00000000,0.00000000,0.00000000,0.00000000,0.00000000,0.00000000,0.00000000,0.00000000,0.00000000,0.00000000,0.00000000,0.00000000,0.14589817,0.00000000,0.00000000,0.00000000,0.00000000,0.00000000,0.00000000,0.00000000
0.00000000,0.00000000,0.00156343,0.00000000,0.00000000,0.00000000,0.00000000,0.00000000,0.00000000,0.01258480,0.00000000,0.00000000,0.00000000,0.00000000,0.00000000,0.00649822,0.00000000,0.00000000,0.00000000,0.00000000,0.00000000,0.00000000,0.00000000,0.03500852,0.00000000,0.00000000,0.00000000,0.00000000,0.00000000,0.00148883,0.00000000,0.00539838,0.00000000,0.00000000,0.00000000,0.01567353,0.00000000,0.00000000,0.00000000,0.00000000,0.00828229,0.00000000,0.00000000,0.00000000,0.00000000,0.00000000,0.00000000,0.00000000,0.00000000,0.00000000,0.00000000,0.00000000,0.00000000,0.00000000,0.00000000,0.00176901,0.00000000,0.00000000,0.00000000,0.00000000,0.00000000,0.00000000,0.00130157,0.00000000,0.00000000,0.00000000,0.00000000,0.00000000,0.00000000,0.01283949,0.00000000,0.00000000,0.00000000,0.00435088,0.01930526,0.00000000,0.00000000,0.00000000,0.00000000,0.02089700,0.00000000,0.00000000,0.00000000,0.00000000,0.00565466,0.00000000,0.00000000,0.00000000,0.00000000,0.00000000,0.00000000,0.00000000,0.00000000,0.00000000,0.00000000,0.00000000,0.00971048,0.00000000,0.00000000,0.00000000,0.00000000,0.00324123,0.00000000,0.00563751,0.00000000,0.00317486,0.00000000,0.00000000,0.00000000,0.00000000,0.00000000,0.00000000,0.00000000,0.00000000,0.00000000,0.00000000,0.00000000,0.00000000,0.00000000,0.00000000,0.00000000,0.00000000,0.00000000,0.00000000,0.00000000,0.00000000,0.00000000,0.00000000,0.00000000,0.00171873,0.00000000,0.00000000,0.00000000,0.00000000,0.00000000,0.00000000,0.01697671,0.00000000,0.00000000,0.00000000,0.00049813,0.00000000,0.00000000,0.00000000,0.00000000,0.00000000,0.00000000,0.00000000,0.00000000,0.01120916,0.00000000,0.00000000,0.00000000,0.00000000,0.00000000,0.00000000,0.00000000,0.00000000,0.00000000,0.02588942,0.00000000,0.00000000,0.00000000,0.00000000,0.01562255,0.00000000,0.00000000,0.00000000,0.05339525,0.00000000,0.00000000,0.00000000,0.00090615,0.00000000,0.00000000,0.00000000,0.00000000,0.00000000,0.00000000,0.00000000,0.00000000,0.00000000,0.00000000,0.00000000,0.00000000,0.00000000,0.00000000,0.00000000,0.00000000,0.00000000,0.00000000,0.00000000,0.00000000,0.00000000,0.00000000,0.00000000,0.26365392,0.00000000,0.00000000,0.00000000,0.00000000,0.00000000,0.00000000,0.00000000,0.00000000,0.00000000,0.00000000,0.00000000,0.00000000,0.00000000,0.00000000,0.00000000,0.00000000,0.00000000,0.00000000,0.00000000,0.00000000,0.00000000,0.00000000,0.00000000,0.00000000,0.00000000,0.00000000,0.00000000,0.00000000,0.00000000,0.00000000,0.00000000,0.00000000,0.00000000,0.00000000,0.00000000,0.00000000,0.00000000,0.00000000,0.05849332,0.00000000,0.00000000,0.00000000,0.00000000,0.00000000,0.00000000,0.00080522,0.00000000,0.00000000,0.00000000,0.00203643,0.00000000,0.00000000,0.00000000,0.00000000,0.02607725,0.00000000,0.00000000,0.00000000,0.00000000,0.00000000,0.00000000,0.00000000,0.00000000,0.00000000,0.00000000,0.00000000,0.00000000,0.00000000,0.00000000,0.00000000,0.00000000,0.00000000,0.00000000,0.00000000,0.00000000,0.00000000,0.01785290,0.00000000,0.00000000,0.00000000,0.00000000,0.00000000,0.00000000,0.00000000,0.00000000,0.00000000,0.00000000,0.00000000,0.31629630,0.00000000,0.00000000,0.00000000,0.00000000,0.00000000,0.00000000,0.00000000,0.00000000,0.00000000,0.00000000,0.00000000,0.00093821,0.00000000,0.00000000,0.00000000,0.00000000,0.00000000,0.00000000,0.00000000,0.00000000,0.00000000,0.00000000,0.00000000,0.00356708,0.06134898,0.00000000,0.00000000,0.00000000,0.00000000,0.00000000,0.00000000,0.00000000,0.00000000,0.00000000,0.00000000,0.00000000,0.00000000,0.00000000,0.00229999,0.00000000,0.00000000,0.00000000,0.00000000,0.00000000,0.00000000,0.00000000,0.00000000,0.00108064,0.00000000,0.00000000,0.00000000,0.00000000,0.00000000,0.00000000,0.00000000,0.00000000,0.00000000,0.00000000,0.01821971,0.00665009,0.00074199,0.00000000,0.00000000,0.00000000,0.00000000,0.00000000,0.00000000,0.00000000,0.00000000,0.00000000,0.00000000,0.03035777,0.00000000,0.00000000,0.00000000,0.00000000,0.00000000,0.00000000,2.26568389,0.00000000,0.00000000,0.00000000,0.00000000,0.00000000,0.00000000,0.00000000,0.00000000,0.00000000,0.01081347,0.00000000,0.00000000,0.00000000,0.00000000,0.00741619,0.00000000,0.00000000,0.00000000,0.00000000,0.00000000,0.00000000,0.00000000,0.00000000,0.00000000,0.00000000,0.00000000,2.15970406,0.04217687,0.00000000,0.00000000,0.00139734,0.00000000,0.00000000,0.00000000,0.00000000,0.00000000,0.00000000,0.00000000,0.00000000,0.00787095,0.00165016,0.00000000,0.00000000,0.00000000,0.00000000,0.00000000,0.00000000,0.00000000,0.00000000,0.00000000,0.00000000,0.00000000,0.00000000,0.00000000,0.00000000,0.00000000,0.00000000,0.00000000,0.00000000,0.00000000,0.00000000,1.15999688,0.00000000,0.00000000,0.00000000,0.00000000,0.00000000,0.00000000,0.00000000,0.00000000,0.00000000,0.00000000,0.00000000,0.00000000,0.00000000,0.00000000,0.00000000,0.00000000,0.00000000,0.00000000,0.03577787,0.00000000,0.00000000,0.02538275,0.00000000,0.00252778,0.00000000,0.00000000,0.00000000,0.00000000,0.00000000,0.00000000,0.00000000,0.00000000,0.00000000,0.00000000,0.01673581,0.00000000,0.00000000,0.00000000,0.00000000,0.00000000,0.00000000,0.00000000,0.00000000,0.01389747,0.00000000,0.00000000,0.00000000,0.00000000,0.00433900,0.22001180,0.00468175,0.00000000,0.00407290,0.00000000,0.00000000,0.00000000,0.00000000,0.00000000,0.02119818,0.02689020,0.00000000,0.00000000,0.00000000,0.00000000,0.00000000,0.00000000,0.00176038,0.00000000,0.00000000,0.00000000,0.00000000,0.00000000,0.00323854,0.00000000,0.00000000,0.00559371,0.00085793,0.00000000,0.00000000,0.00000000,0.00000000,0.01173493,0.00000000,0.00000000,0.00000000,0.00849327,0.00000000,0.00000000,0.00000000,0.00000000,0.00000000,0.00000000,0.00000000,0.00000000,0.00000000,0.00000000,0.03829040,0.02039517,0.01477643,0.00638869,0.00000000,0.00000000,0.01170210,0.00000000,0.00000000,0.00000000,0.00000000,0.00330240,0.00000000,0.00000000,0.00000000,0.00000000,0.04396868,0.00000000,0.00000000,0.00000000,0.00000000,0.00000000,0.00000000,0.00000000,0.00000000,0.00000000,0.00000000,0.00952474,0.00000000,0.00000000,0.00000000,0.00000000,0.00000000,0.00257286,0.00000000,0.00000000,0.00000000,0.00000000,0.00000000,0.00000000,0.00000000,0.00000000,0.00000000,0.00000000,0.00000000,0.01054880,0.00095676,0.00000000,0.00000000,0.00000000,0.00000000,0.00000000,0.00000000,0.00000000,0.00000000,0.00000000,0.00000000,0.00000000,0.00639161,0.00000000,0.00000000,0.00000000,0.00000000,0.00000000,0.00000000,0.00000000,0.00000000,0.00000000,0.00270829,0.00237437,0.00000000,0.00000000,0.00209635,0.02305420,0.00221872,0.00000000,0.00000000,0.00000000,0.00000000,0.10899532,0.00000000,0.00000000,0.00000000,0.00929861,0.00000000,0.00000000,0.00000000,0.00000000,0.00240986,0.00000000,0.04442240,0.00000000,0.32331190,0.00000000,0.00188463,0.00000000,1.19030369,0.00000000,0.00000000,0.00412916,0.00000000,0.00402229,0.00000000,0.00000000,0.00000000,0.00000000,0.00000000,0.00000000,0.00454166,0.00000000,0.00000000,0.00000000,0.72779235,0.00000000,0.00000000,0.00000000,0.00000000,0.00000000,0.00000000,0.00000000,0.00000000,0.00000000,0.00000000,0.00000000,0.00000000,0.00000000,0.00000000,0.00000000,0.00000000,0.00225168,0.00000000,0.00000000,0.00000000,0.00000000,0.00000000,0.00000000,0.00000000,0.00000000,0.00000000,0.00000000,0.00000000,0.00000000,0.00000000,0.00000000,0.00000000,0.00000000,0.00000000,0.00000000,0.00000000,0.00000000,0.00000000,0.00000000,0.00000000,0.00000000,0.00000000,0.00000000,0.00000000,0.00000000,0.00000000,0.00000000,0.00000000,0.00000000,0.00000000,0.00579374,0.00000000,0.04074417,0.00000000,0.00000000,0.00000000,0.00000000,0.00000000,0.01863479,0.00000000,0.00000000,0.00000000,0.01934253,0.00000000,0.00000000,0.00000000,0.00000000,0.00000000,0.00199696,0.00000000,0.00000000,0.00000000,0.00000000,0.00000000,0.00000000,0.00727590,0.00000000,0.00000000,0.00000000,0.00000000,0.00000000,0.00000000,0.00000000,0.00961078,0.00000000,0.00000000,0.00000000,0.00000000,0.00000000,0.00000000,0.00000000,0.00000000,0.00000000,0.00000000,0.00000000,0.00000000,0.03806594,0.00000000,0.00000000,0.00000000,0.00000000,0.00000000,0.09236234,0.00000000,0.00000000,0.00754411,0.00000000,0.00258611,0.00000000,0.00000000,0.00000000,0.00000000,0.00000000,0.00000000,0.00000000,0.00000000,0.00000000,0.00606986,0.00000000,0.00000000,0.00000000,0.00000000,0.00000000,0.00000000,0.00000000,0.00000000,0.00000000,0.00000000,0.00000000,0.01874213,0.00000000,0.00000000,0.00000000,0.00000000,0.00000000,0.00000000,0.00000000,0.00000000,0.00000000,0.00168925,0.00000000,0.00000000,0.00000000,0.00098284,0.00000000,0.00000000,0.00000000,0.00000000,0.00000000,0.00000000,0.00000000,0.00000000,0.00000000,0.00000000,0.02285051,0.00000000,0.00000000,0.00000000,0.00000000,0.00000000,0.00000000,0.00000000,0.00000000,0.00000000
0.00000000,0.00000000,0.00000000,0.00215198,0.00000000,0.00539761,0.00000000,0.00000000,0.06927988,0.00000000,0.00130038,0.00000000,0.00000000,0.00208501,0.00000000,0.00216766,0.00000000,0.00161949,0.00000000,0.00000000,0.00000000,0.00000000,0.00000000,0.00000000,0.00000000,0.00000000,0.00000000,0.02129441,0.00000000,0.00000000,0.00000000,0.00000000,0.01383049,0.00000000,0.00000000,0.00000000,0.00000000,0.00000000,0.05554252,0.00000000,0.00000000,0.00000000,0.00000000,0.00000000,0.01481273,0.00000000,0.00000000,0.02964049,0.00064356,0.00000000,0.00000000,0.00000000,0.00000000,0.00000000,0.49631665,0.00000000,0.00000000,0.00000000,0.00000000,0.00000000,0.00000000,0.02347876,1.47493973,0.00000000,0.00000000,0.00000000,0.00000000,0.00000000,0.00000000,0.00000000,0.00443109,0.00000000,0.00000000,0.00000000,0.00000000,0.00000000,0.00000000,0.06060042,0.00000000,0.00000000,0.00000000,0.00000000,0.00000000,0.00000000,0.00000000,0.00000000,0.00000000,0.00000000,0.00000000,0.00000000,0.00000000,0.00000000,0.00000000,0.00000000,0.00000000,0.00000000,0.00000000,0.00730359,0.00000000,0.00000000,0.00000000,0.00000000,0.00000000,0.00000000,0.00963046,0.00929751,0.00000000,0.00000000,0.00171125,0.00000000,0.00000000,0.00000000,0.00000000,0.00000000,0.00103406,0.00000000,0.00000000,0.00000000,0.00000000,0.00000000,0.00000000,0.00000000,0.00000000,0.00000000,0.00000000,0.00000000,0.00000000,0.00000000,0.00000000,0.00000000,0.00000000,0.00000000,0.00000000,0.00000000,0.00000000,0.00000000,0.04473677,0.00234767,0.00000000,0.00000000,0.00000000,0.00000000,0.00735437,0.00000000,0.00169497,0.00000000,0.00000000,0.00000000,0.00000000,0.02112741,0.00000000,0.00000000,0.00000000,0.00000000,0.00000000,0.00393163,0.00000000,0.24562352,0.00000000,0.00000000,0.00000000,0.00000000,0.02242256,0.00000000,0.07780892,0.00245470,0.00000000,0.00000000,0.00000000,0.00000000,0.00000000,0.00000000,0.00000000,0.00000000,0.00000000,0.01278116,0.00000000,0.05691521,0.00000000,0.00000000,0.00000000,0.00000000,0.00000000,0.00000000,0.00000000,0.00000000,0.00000000,0.00000000,0.00000000,0.00000000,0.42001662,0.00000000,0.00000000,0.24994763,0.00000000,0.00812566,0.00000000,0.00000000,0.00000000,0.00000000,0.00000000,0.00000000,0.00000000,0.00000000,0.00000000,0.00000000,0.00000000,0.00000000,0.00000000,0.00000000,0.00000000,0.00000000,0.00000000,0.00000000,0.00000000,0.00000000,0.00000000,0.00000000,0.00000000,0.00000000,0.00000000,0.00000000,0.00000000,0.00000000,0.31216568,0.00000000,0.05673171,0.00000000,0.00000000,0.00000000,0.00000000,0.00000000,0.00000000,0.00000000,0.00314553,0.00000000,0.00000000,0.00000000,0.00000000,0.00189774,0.01841869,0.00727000,0.00133991,0.00000000,0.00000000,0.00000000,0.00505428,0.00000000,0.00000000,0.00000000,0.00000000,0.00000000,0.00000000,0.10429258,0.00390049,0.00000000,0.00000000,0.00000000,0.00000000,0.00000000,0.18006753,0.00000000,0.00000000,0.00000000,0.00000000,0.00000000,0.00000000,0.00000000,0.00000000,0.00000000,0.00000000,0.00000000,0.00000000,0.00000000,0.00000000,0.00000000,0.00000000,0.00000000,0.00000000,0.00000000,0.00000000,0.00000000,0.00000000,0.00000000,0.00000000,0.00000000,0.00000000,0.03227786,0.00000000,0.00000000,0.00000000,0.13404349,0.00193953,0.00000000,0.00000000,0.00000000,0.00000000,0.00000000,0.00000000,0.00000000,0.00000000,0.00000000,0.00000000,0.00000000,0.00000000,0.00000000,0.00000000,0.00000000,0.00819150,0.00000000,0.00000000,0.00000000,0.00906411,0.00000000,0.00000000,0.00000000,0.00000000,0.00095043,0.00000000,0.02851430,0.00000000,0.00000000,0.00000000,0.00000000,0.00000000,0.00000000,0.00000000,0.00000000,0.00000000,0.00000000,0.00000000,0.00000000,0.00000000,0.06627855,0.00000000,0.00000000,0.00000000,0.00000000,0.00000000,0.00000000,0.00000000,0.00000000,0.00000000,0.00000000,0.00000000,0.00000000,0.01543642,0.00000000,0.00000000,0.00000000,0.00000000,0.00000000,0.00000000,0.00000000,0.00000000,0.09019802,0.00000000,0.00000000,0.00000000,0.00000000,0.00000000,0.00000000,0.00000000,0.00000000,0.00000000,0.00000000,0.00000000,0.00000000,0.00000000,0.00000000,0.00000000,0.00000000,0.00000000,0.00000000,0.00000000,0.00459328,0.00000000,0.00232336,0.00000000,0.00000000,0.00000000,0.00000000,0.00000000,0.00000000,0.00000000,0.00000000,0.00000000,0.00000000,0.00000000,0.00000000,0.02861033,0.00000000,0.00000000,0.00000000,0.00000000,0.00000000,0.00079182,0.00000000,0.00000000,0.00000000,0.01910998,0.00000000,0.00000000,0.00000000,0.00000000,2.87651930,0.00000000,0.00000000,0.00000000,0.00000000,0.00000000,0.00000000,0.00000000,0.00000000,0.00000000,0.00000000,0.00000000,0.00000000,0.01941159,0.00000000,0.00000000,0.00000000,0.00000000,0.00000000,0.00000000,0.00000000,0.00000000,0.00000000,0.00000000,0.00000000,0.00000000,0.01237427,0.00000000,0.00000000,0.00000000,0.00000000,0.00000000,0.00000000,0.00000000,0.01090440,0.00000000,0.00000000,0.00000000,0.00000000,0.00000000,0.00000000,0.00000000,0.00000000,0.00000000,0.00000000,0.00000000,0.00000000,0.00000000,0.00000000,0.00575695,0.00000000,0.00336886,0.00000000,0.02730892,0.00000000,0.00000000,0.00000000,0.00000000,0.00000000,0.00000000,0.00000000,0.00000000,0.00000000,0.00000000,0.00000000,0.00000000,0.00142894,0.00367859,0.00000000,0.00000000,0.00000000,0.00000000,0.00000000,0.00000000,0.00000000,0.00000000,0.00000000,0.00000000,0.00000000,0.00000000,0.00000000,0.00000000,0.00000000,0.00000000,0.00000000,0.00000000,0.00000000,0.00000000,0.00000000,0.00000000,0.00000000,0.00000000,0.00000000,0.00000000,0.00000000,0.00000000,0.00610585,0.00000000,0.00000000,0.00000000,0.00000000,0.00000000,0.00855801,0.00147369,0.00000000,0.00262454,0.09191756,0.00000000,0.00000000,0.00000000,0.00000000,0.00000000,0.00000000,0.00000000,0.00000000,0.00000000,0.00296684,0.00000000,0.00000000,0.00085692,0.00000000,0.00000000,0.00483015,0.00000000,0.00000000,0.00000000,0.00572701,0.00000000,0.00000000,0.00000000,0.00000000,0.00000000,0.00000000,0.00000000,0.00000000,0.00000000,0.00000000,0.00000000,0.00000000,0.00000000,0.00000000,0.00000000,0.00000000,0.00000000,0.00000000,0.00000000,0.00000000,0.00000000,0.00000000,0.00000000,0.00000000,0.00000000,0.00000000,0.00000000,0.00000000,0.00000000,0.00000000,0.00000000,0.00000000,0.00000000,0.00000000,0.00000000,0.00000000,0.00000000,0.00000000,0.00000000,0.00000000,0.00000000,0.00000000,0.00000000,0.00000000,0.00000000,0.00000000,0.00000000,0.00000000,0.00000000,0.00000000,0.00671066,0.00000000,0.00000000,0.00000000,0.00000000,0.00000000,0.00000000,0.00000000,0.00000000,0.00000000,0.00000000,0.00000000,0.00000000,0.03058523,0.00000000,0.00000000,0.00000000,0.00000000,0.00000000,0.00000000,0.00000000,0.00000000,0.00000000,0.00000000,0.00000000,0.00090710,0.00000000,0.00000000,0.00000000,0.00000000,0.00000000,0.08244121,0.00000000,0.00000000,0.00000000,0.00000000,0.00000000,0.00000000,0.00000000,0.00000000,0.00000000,0.05355938,0.00000000,0.00000000,0.00000000,0.00000000,0.00000000,0.00000000,0.00000000,0.07200925,0.00000000,0.00734288,0.00000000,0.02948975,0.00000000,0.00000000,0.00000000,0.00000000,0.00000000,0.00000000,0.00000000,0.00000000,0.00000000,0.00802810,0.00000000,0.00000000,0.00000000,0.00000000,0.00000000,0.00000000,0.00000000,0.00000000,0.00000000,0.00485442,0.01506455,0.00995482,0.00000000,0.00000000,0.00000000,0.00000000,0.00000000,0.00000000,0.00000000,0.00000000,0.00000000,0.00000000,0.00000000,0.00000000,0.00000000,0.00000000,0.00000000,0.00000000,0.00000000,0.07888091,0.00000000,0.00000000,0.00000000,0.50239875,0.00000000,0.00000000,0.00000000,0.00000000,0.00000000,0.00387160,0.00000000,0.00000000,0.00000000,0.00000000,0.00000000,0.00000000,0.00000000,0.00000000,0.00000000,0.00000000,0.00000000,0.00000000,0.00000000,0.00000000,0.00000000,0.00067531,0.00000000,0.00000000,0.00000000,0.00179825,0.00000000,0.00000000,0.00000000,0.00000000,0.00000000,0.00290261,0.00000000,0.00000000,0.07808289,0.39440895,0.00000000,0.00000000,0.00000000,0.00000000,0.00000000,0.00000000,0.00000000,0.00000000,0.00000000,0.00000000,0.00000000,0.00000000,0.00271648,0.00000000,0.00000000,0.00000000,0.00355433,0.00822585,0.08971941,0.00000000,0.00000000,0.00000000,2.03882254,0.00000000,0.00000000,0.74984140,0.00000000,0.00000000,0.00000000,0.00000000,0.00000000,0.00000000,0.00000000,0.00000000,0.00095080,0.00000000,0.00000000,0.00000000,0.00000000,0.00000000,0.00069840,0.00000000,0.00000000,0.01196287,0.00000000,0.00000000,0.00000000,0.00000000,0.00000000,0.00000000,0.00000000,0.00000000,0.00000000,0.00000000,0.00000000,0.00000000,0.00000000,0.00000000,0.00000000,0.00000000,0.00000000,0.00000000,0.00000000,0.00000000,0.00396118,0.00000000,0.00000000,0.00000000,0.00000000,0.00000000,0.00000000,0.00000000,0.00000000,0.00000000,0.00000000,0.00512126,0.00000000,0.00000000,0.00000000,0.00589623,0.00000000,0.00000000,0.00000000,0.00000000
0.00000000,0.07769317,0.00000000,0.00000000,0.00000000,0.00000000,0.26944398,0.00000000,0.00000000,0.00000000,0.00000000,0.00000000,0.00000000,0.00000000,0.00000000,0.00000000,0.00000000,0.00000000,0.00322015,0.00000000,0.00000000,0.00000000,0.00000000,0.00000000,0.00070636,0.00000000,0.00000000,0.00000000,0.00000000,0.00000000,0.00000000,0.00000000,0.00000000,0.00000000,0.00000000,0.00000000,0.00000000,0.00000000,0.00000000,0.00000000,0.00000000,0.00000000,0.00000000,0.00000000,0.00000000,0.00000000,0.00000000,0.01596125,0.00000000,0.00000000,0.00000000,0.00000000,0.00214070,0.00000000,0.00000000,0.00000000,0.00000000,0.00000000,0.00000000,0.00000000,0.00370575,0.00000000,0.00000000,0.00000000,0.00000000,0.00000000,0.00000000,0.00000000,0.00000000,0.00000000,0.00000000,0.00000000,0.00426981,0.00000000,0.00000000,0.00000000,0.00148729,0.00000000,0.00000000,0.00551966,0.00326338,0.00000000,0.00000000,0.00000000,0.00000000,0.00297073,0.00000000,0.00000000,0.00000000,0.00000000,0.00000000,0.00000000,0.00000000,0.00000000,0.00714808,0.00100287,0.00000000,0.01176279,0.01457565,0.00000000,0.00209664,0.00000000,0.00000000,0.00000000,0.00000000,0.00000000,0.00000000,0.00000000,0.00000000,0.01386560,0.00000000,0.00000000,0.00000000,0.00000000,0.00000000,0.00000000,0.00000000,0.00000000,0.00000000,0.00000000,0.00000000,0.00000000,0.00000000,0.00000000,0.00000000,0.00000000,0.00000000,0.00000000,0.00000000,0.00000000,0.00000000,0.00000000,0.00000000,0.00000000,0.00000000,0.00000000,0.00000000,0.00000000,0.00000000,0.00085246,0.00000000,0.00000000,0.00000000,0.00885841,0.00000000,0.00000000,0.00332651,0.00000000,0.00000000,0.00000000,0.00000000,0.00000000,0.00000000,0.00000000,0.00000000,0.00000000,0.00000000,0.00000000,0.00000000,0.00000000,0.00000000,0.00000000,0.00000000,0.00000000,0.00312964,0.00000000,0.00000000,0.00000000,0.00000000,0.00000000,0.00000000,0.00000000,0.00000000,0.00000000,0.00000000,0.00000000,0.00000000,0.00000000,0.00000000,0.00000000,0.00000000,0.00000000,0.00000000,0.00000000,0.00000000,0.00000000,0.00000000,0.00000000,0.00000000,0.00421398,0.00000000,0.00000000,0.00000000,0.00000000,0.00000000,0.00000000,0.00122700,0.00000000,0.00000000,0.00591252,0.00000000,0.00000000,0.00000000,0.00798138,0.00000000,0.00000000,0.00000000,0.00000000,0.00796367,0.00000000,0.00000000,0.00000000,0.00000000,0.00000000,0.00000000,0.00000000,0.00000000,0.00000000,0.00197506,0.00000000,0.00000000,0.00000000,0.00000000,0.00000000,0.00000000,0.00000000,0.00000000,0.00000000,0.01173724,0.00000000,0.00000000,0.01225882,0.00000000,0.00000000,0.00000000,0.00000000,0.02823710,0.00000000,0.00000000,0.00000000,0.00000000,0.00223837,0.00000000,0.00000000,0.00000000,0.00000000,0.00000000,0.00000000,0.00000000,0.00366279,0.00000000,0.00000000,0.00000000,0.00000000,0.00000000,0.03573296,0.00000000,0.00000000,0.00000000,0.00000000,0.00000000,0.00000000,0.00000000,0.00000000,0.00000000,0.00000000,0.00000000,0.00000000,0.00000000,0.00000000,0.00000000,0.00000000,0.00000000,0.00000000,0.00000000,0.85789556,0.00000000,0.00000000,0.00000000,0.00000000,0.00000000,0.00000000,0.00000000,0.00000000,0.00000000,0.00000000,0.00000000,0.00000000,0.00000000,0.00000000,0.00000000,0.00000000,0.00000000,0.00000000,0.00000000,0.00000000,0.00000000,0.00000000,0.00000000,0.00104583,0.00000000,0.00000000,0.00000000,0.00000000,0.00000000,0.00000000,0.00000000,0.00000000,0.00000000,0.00000000,0.00000000,0.00000000,0.00000000,0.00000000,0.00000000,0.00000000,0.00000000,0.00000000,0.00000000,0.01866629,0.01983764,0.00000000,0.00000000,0.00000000,0.02723744,0.00069547,0.00000000,0.00000000,0.00000000,0.00000000,0.00000000,0.00000000,0.00000000,0.00000000,0.00000000,0.00000000,0.00000000,0.00000000,0.00536059,0.00000000,0.00000000,0.00000000,0.00000000,0.00000000,0.00000000,0.00000000,0.00000000,0.00066673,0.04835441,0.00000000,0.00000000,0.00000000,0.00000000,0.00000000,0.00000000,0.00000000,0.00094116,0.00000000,0.00000000,0.05047757,0.00000000,0.00000000,0.00000000,0.00000000,0.00000000,0.00141775,0.00000000,0.00000000,0.00000000,0.02238862,0.00000000,0.00000000,0.00000000,0.00242178,0.00000000,0.01712950,0.01640500,0.00000000,0.00000000,0.00000000,0.00000000,0.00000000,0.00000000,0.00000000,0.00000000,0.00000000,0.03314533,0.00000000,0.00544195,0.00000000,0.00000000,0.00000000,0.00000000,0.00000000,0.00000000,0.00170035,0.00000000,0.00000000,0.00000000,0.00000000,0.00000000,0.00000000,0.00000000,0.00000000,0.00000000,0.00000000,0.00000000,0.00000000,0.00000000,0.00000000,0.00000000,0.00000000,0.00000000,0.00000000,0.00000000,0.00000000,0.00000000,0.00000000,0.00000000,0.00500098,0.00000000,0.00000000,0.00000000,0.00000000,0.00000000,0.00000000,0.00000000,0.00000000,0.01314565,0.00000000,0.00000000,0.00754121,0.00000000,0.00000000,0.00000000,0.00000000,0.31858408,0.00000000,0.00000000,0.00340704,0.00000000,0.00000000,0.00000000,0.00000000,0.00000000,0.00165492,0.00000000,0.00000000,0.00461183,0.00000000,0.00000000,0.00000000,0.00000000,0.00000000,0.00000000,0.00000000,0.02163068,0.00000000,0.00227929,0.00000000,0.00000000,0.00000000,0.00000000,0.01240098,0.00000000,0.00000000,0.00000000,0.00295555,0.77428861,0.00660806,0.00000000,0.00000000,0.00000000,0.01055116,0.00000000,0.00000000,0.00000000,0.00000000,0.00000000,0.00000000,0.05125646,0.02166030,0.00000000,0.00000000,0.03058285,0.00000000,0.00000000,0.00000000,0.00000000,0.00000000,0.00000000,0.00000000,0.00000000,0.00000000,0.00000000,0.00000000,0.00125840,0.00000000,0.00000000,0.00090041,0.00000000,0.00000000,0.00000000,0.00000000,0.00000000,0.00000000,0.00000000,0.01136886,0.00000000,0.00000000,1.05767748,0.00000000,0.00000000,0.00000000,0.00000000,0.00000000,0.00000000,0.00000000,0.00000000,0.00000000,0.00000000,0.00000000,0.00000000,0.00000000,0.00603885,0.00000000,0.00000000,0.00000000,0.00000000,0.00000000,0.00000000,0.00000000,0.00000000,0.00000000,0.00000000,0.00000000,0.00000000,0.00000000,0.00211042,0.00000000,0.00000000,0.00000000,0.00000000,0.00000000,0.00000000,0.00000000,0.00000000,0.00000000,0.00000000,0.00000000,0.00000000,0.00000000,0.00000000,0.01431820,0.00000000,0.00000000,0.00000000,0.00000000,0.00000000,0.00000000,0.00000000,0.00399326,0.00000000,0.00000000,0.00000000,0.00000000,0.00107958,0.00000000,0.00000000,0.00000000,0.00000000,0.00000000,0.00000000,0.00000000,0.00000000,0.00000000,0.00000000,0.00000000,0.00000000,0.00000000,0.00000000,0.00000000,0.00000000,0.00000000,0.00000000,0.00000000,0.00000000,0.00000000,0.00000000,0.01097383,0.00000000,0.00000000,0.00105516,0.00000000,0.00299166,0.00000000,0.00000000,0.00000000,0.00000000,0.00000000,0.00000000,0.00000000,0.00000000,0.00000000,0.00000000,0.00000000,0.00000000,0.00000000,0.00000000,0.00943414,0.05244829,0.00258179,0.00000000,0.01065911,0.00000000,0.12147178,0.00000000,0.00000000,0.00000000,0.00000000,0.00000000,0.00000000,0.00000000,0.00000000,0.01132631,0.00587515,0.00000000,0.00000000,0.00000000,0.00000000,0.00000000,0.00000000,0.00000000,0.00000000,0.00000000,0.00000000,0.02033437,0.00000000,0.00000000,0.00000000,0.00000000,0.00182618,0.00000000,0.00000000,0.00000000,0.00131994,0.00000000,0.00000000,0.00000000,0.03253454,0.00000000,0.00000000,0.00483272,0.00085615,0.00000000,0.00000000,0.00000000,0.00000000,0.00000000,0.00000000,0.00000000,0.00000000,0.00000000,0.00000000,0.00000000,0.00000000,0.00549656,0.00000000,0.00000000,0.00000000,0.46625983,0.00000000,0.00000000,0.00000000,0.00000000,0.00000000,0.00000000,0.00000000,0.00000000,0.00000000,0.00000000,0.00000000,0.00000000,0.00000000,0.01257878,0.00172211,0.00000000,0.00000000,0.00000000,0.00000000,0.00000000,0.00000000,0.00000000,0.00000000,0.00000000,0.00000000,0.00000000,0.00553994,0.00000000,0.00000000,0.00000000,0.00000000,0.00000000,0.00000000,0.00000000,0.00000000,0.00000000,0.00138510,1.71724169,0.00000000,0.00000000,2.36494323,0.00000000,0.02940665,0.00000000,0.00000000,0.00373860,0.00000000,0.00000000,0.00000000,0.00000000,0.00000000,0.00000000,0.00000000,0.00000000,0.00000000,0.00000000,0.00000000,0.00000000,0.00000000,0.02827689,0.00000000,0.00000000,0.00000000,0.00000000,0.00000000,0.00000000,0.00000000,0.00000000,0.00000000,0.00000000,0.00000000,0.00000000,0.00000000,0.00000000,0.00000000,0.00000000,0.00000000,0.00000000,0.00000000,0.00478799,4.60655196,0.00000000,0.00000000,0.02064116,0.00000000,0.00000000,0.00000000,0.00000000,0.00000000,0.00545550,0.00000000,0.00000000,0.00000000,0.00000000,0.03722660,0.00000000,0.00000000,0.00000000,0.00000000,0.00000000,0.00000000,0.00000000,0.00000000,0.00000000,0.00000000,0.00000000,0.00000000,0.00000000,0.00000000,0.00000000,0.00000000,0.00000000,0.00000000,0.00000000,0.00000000,0.00613810,0.00000000,0.00000000,0.00000000,0.00197852,0.00000000,0.00000000,0.00000000,0.00000000,0.21754311,0.00000000,0.00000000,0.00000000,0.00000000
0.00000000,0.00000000,0.00000000,0.00000000,0.00000000,0.00000000,0.00000000,0.00330238,0.00000000,0.09667468,0.00000000,0.00000000,0.00000000,0.00000000,0.00000000,0.00000000,0.00000000,0.00000000,0.00000000,0.00000000,0.00000000,0.00000000,0.00000000,0.00000000,0.00000000,0.03215317,0.00000000,0.00000000,0.00000000,0.00000000,0.05483199,0.00000000,0.00000000,0.00000000,0.00000000,0.00000000,0.00000000,0.00898730,0.00000000,0.00000000,0.00000000,0.00000000,0.00000000,0.00000000,0.00000000,0.00000000,0.00000000,0.00853323,0.00000000,0.00696913,0.00000000,0.00000000,0.00185987,0.00000000,0.00414056,0.00000000,0.00000000,0.00000000,0.01027722,0.03417206,0.00000000,0.00000000,0.00000000,0.00000000,0.00000000,0.02555751,0.00000000,0.00972187,0.00000000,0.00165125,0.00000000,0.00000000,0.00000000,0.00000000,0.01629296,0.00000000,0.00000000,0.00000000,0.00000000,0.00520061,0.00000000,0.00000000,0.00000000,0.02564131,0.00000000,0.00113035,0.00000000,0.00000000,0.00000000,0.00000000,0.00000000,0.00000000,0.00000000,0.00000000,0.00000000,0.00137579,0.00000000,0.03918476,0.00000000,0.00000000,0.00000000,0.00000000,0.00000000,0.00000000,0.00000000,0.00000000,0.00000000,0.00000000,0.00000000,0.00000000,0.00000000,0.00000000,0.00597737,0.00000000,0.00000000,0.00000000,0.00000000,0.00000000,0.00000000,0.00321366,0.15512234,0.00000000,0.00000000,0.00000000,0.00000000,0.00000000,0.00000000,0.00000000,0.00000000,0.00000000,0.00000000,0.00000000,0.00000000,0.00000000,0.00000000,0.00000000,0.00000000,0.01046701,0.00000000,0.00000000,0.02438768,0.00100645,0.00000000,0.00000000,0.00000000,0.00000000,0.00000000,0.00000000,0.00000000,0.21431866,0.00000000,0.00000000,0.00000000,0.00000000,0.00000000,0.00000000,0.00000000,0.00000000,0.00000000,0.00000000,0.00000000,0.00551857,0.00000000,0.00000000,0.00000000,0.00000000,0.00000000,0.02625276,0.00000000,0.00000000,0.00000000,0.00000000,0.00000000,0.00000000,0.07326548,0.00000000,0.00000000,0.00000000,0.00000000,0.00000000,0.00000000,0.00000000,0.10147353,0.00000000,0.00000000,0.00000000,0.00000000,0.00986398,0.00501750,0.00000000,0.00000000,0.00000000,0.00000000,0.00000000,0.00000000,0.00000000,0.02563148,0.00000000,0.00000000,0.00000000,0.00000000,0.00000000,0.00000000,0.00000000,0.00000000,0.00000000,0.00244440,0.00000000,0.00000000,0.00000000,0.00000000,0.00543324,0.00000000,0.00000000,0.00000000,0.00000000,0.00000000,0.00000000,0.00000000,0.00000000,0.00000000,0.00000000,0.00000000,0.00000000,0.00224397,0.00000000,0.00000000,0.00000000,0.00000000,0.00000000,0.00000000,0.00000000,0.00000000,0.00000000,0.00000000,0.04340014,0.00000000,0.00000000,0.03639906,0.00000000,0.00000000,0.00000000,0.00000000,0.00000000,0.00000000,0.00158900,3.38077272,0.00437184,0.00000000,0.00000000,0.00000000,0.00000000,0.00000000,0.00958973,0.00000000,0.27866134,0.02016700,0.00000000,0.00000000,0.00000000,0.00000000,0.07119347,0.00000000,0.00000000,0.00000000,0.00000000,0.01598451,0.00000000,0.00000000,0.00000000,0.00000000,0.00000000,0.00000000,0.00000000,0.00599355,0.00000000,0.52612399,0.00000000,0.00000000,0.00000000,0.00000000,0.00000000,0.00000000,0.00000000,0.00000000,0.00000000,0.00000000,0.00000000,0.00000000,0.00463253,0.00000000,0.00304514,0.00000000,0.00000000,0.00000000,0.00000000,0.00000000,0.00000000,0.00000000,0.00000000,0.00000000,0.00000000,0.00000000,0.00000000,0.00000000,0.00000000,0.00000000,0.00000000,0.00000000,0.00000000,0.00000000,0.00000000,0.00000000,0.00000000,0.00195272,0.00000000,0.00000000,0.00000000,0.00000000,0.00000000,0.00000000,0.00000000,0.00000000,0.00000000,0.00000000,0.00000000,0.00000000,0.00000000,0.00000000,0.00000000,0.00000000,0.00000000,0.00000000,0.00000000,0.00000000,0.00000000,0.00000000,0.00000000,0.00000000,0.00000000,0.00000000,0.00000000,0.00000000,0.00000000,0.03079768,0.00000000,0.00494525,0.00000000,0.00000000,0.08004729,0.00000000,0.00000000,0.01768406,0.00000000,0.00000000,0.00000000,0.01316358,0.00000000,0.00000000,0.00000000,0.00000000,0.00000000,0.03821332,0.00000000,0.00000000,0.03372720,0.00000000,0.00000000,0.00000000,0.00000000,0.00000000,0.00700435,0.00000000,0.00000000,0.00000000,0.00000000,0.00000000,0.00000000,0.00000000,0.00000000,0.00000000,0.00000000,0.00000000,0.00000000,0.00000000,0.00000000,0.00000000,0.00000000,0.00000000,0.00000000,0.00000000,0.00000000,0.01290361,0.00000000,0.00000000,0.00000000,0.00000000,0.00000000,0.00000000,0.00000000,0.00000000,0.00000000,0.00000000,0.00172733,0.00000000,0.00000000,0.00000000,0.00000000,0.00000000,0.00000000,0.00000000,0.00000000,0.00000000,0.00249252,0.00107371,0.00000000,0.00000000,0.00000000,0.00214829,0.00000000,0.00000000,0.00000000,0.00000000,0.00000000,0.00000000,0.00000000,0.00000000,0.00000000,0.00000000,0.00000000,0.04774587,0.00000000,0.00000000,0.00000000,0.00000000,0.00000000,0.00000000,0.00000000,0.00000000,0.00000000,0.00000000,0.00000000,0.00000000,0.00000000,0.04929953,0.00000000,0.00000000,0.00000000,0.00000000,0.00637511,0.00000000,0.00000000,0.00000000,0.00000000,0.00000000,0.00000000,0.00000000,0.00000000,0.00521568,0.00000000,0.00000000,0.00000000,0.00000000,0.00000000,0.00000000,0.00000000,0.00000000,0.00000000,0.00000000,0.01349201,0.00000000,0.05410805,0.00000000,0.00000000,0.00000000,0.00000000,0.00000000,0.00000000,0.02055749,0.00000000,0.06882839,0.00000000,0.00000000,0.00550647,0.00000000,0.00000000,0.00000000,0.01193911,0.02010175,0.00127666,0.00000000,0.00000000,0.00000000,0.00000000,0.00000000,1.74582244,0.00000000,0.00000000,0.00000000,0.00000000,0.00000000,0.00000000,0.00000000,0.00000000,0.00000000,0.00000000,0.00000000,0.01002385,0.00000000,0.00000000,0.00000000,0.00000000,0.00000000,0.00000000,0.00000000,0.00000000,0.00000000,0.00000000,0.00000000,0.00000000,0.00000000,0.00000000,0.00000000,0.00000000,0.00307052,0.00000000,0.00000000,0.00000000,0.00000000,0.00000000,0.00000000,0.00000000,0.00000000,0.00000000,0.00000000,0.00000000,0.02107044,0.00000000,0.00000000,0.00000000,0.00000000,0.00000000,0.00000000,0.00000000,0.00515663,0.00164669,0.00000000,0.00000000,0.00000000,0.00000000,0.00147557,0.00000000,0.00000000,0.00000000,0.00000000,0.00000000,0.00000000,0.00000000,0.00000000,0.00000000,0.00000000,0.00000000,0.00000000,0.00000000,0.00000000,0.00000000,0.00000000,0.00000000,0.00000000,0.00000000,0.03539657,0.00000000,0.00000000,0.00274179,0.00000000,0.00000000,0.00000000,0.00000000,0.00000000,2.54405105,0.00000000,0.02856672,0.01055042,0.00000000,0.00000000,0.00429236,0.00000000,0.00000000,0.00000000,0.00212827,0.00000000,0.00000000,0.00000000,0.01985204,0.00000000,0.00000000,0.00000000,0.00723674,0.00000000,0.05537181,0.00000000,0.00000000,0.00000000,0.00000000,0.00000000,0.00000000,0.00000000,0.00000000,0.00000000,0.00000000,0.00000000,0.00000000,0.00507500,0.00000000,0.00000000,0.00000000,0.00000000,0.00000000,0.00000000,0.00000000,0.00000000,0.00000000,0.00000000,0.37677442,0.00000000,0.00000000,0.00238511,0.00000000,0.00000000,0.00000000,0.00000000,0.00975604,0.00000000,0.00000000,0.00000000,0.00000000,0.00000000,0.00000000,0.00000000,0.00000000,0.00000000,0.00000000,0.00000000,0.00000000,0.00000000,0.00000000,0.00000000,0.00000000,0.00000000,0.00000000,0.00368682,0.00000000,0.00000000,0.15338131,0.00000000,0.00000000,0.00000000,0.00000000,0.00000000,0.00000000,0.00000000,0.00000000,0.00000000,0.00000000,0.00000000,0.00000000,0.00000000,0.00000000,0.00000000,0.00000000,0.00000000,0.00000000,0.01256485,0.00000000,0.00000000,0.00000000,0.00000000,0.00000000,0.00000000,0.00000000,0.00000000,0.00000000,0.00000000,0.00000000,0.00000000,0.00000000,0.10940824,0.00000000,0.00000000,0.47718599,0.04811348,0.00000000,0.00000000,0.00000000,0.00000000,0.00000000,0.00000000,0.00000000,0.00000000,0.00000000,0.00000000,0.00000000,0.00000000,0.00000000,0.00000000,0.00000000,0.00000000,0.00000000,0.00000000,0.00000000,0.00000000,0.00000000,0.00000000,0.00000000,0.00000000,0.00000000,0.00000000,0.00000000,0.00000000,0.00000000,0.00000000,0.00000000,0.00000000,0.00000000,0.00237588,0.00000000,0.00000000,0.00000000,0.00000000,0.00000000,0.00985004,0.00000000,0.00370116,0.00000000,0.00000000,0.00000000,0.00000000,0.00400499,0.00000000,0.00000000,0.00000000,0.00000000,0.00000000,0.00000000,0.00000000,0.00000000,0.01131204,0.00000000,0.00000000,0.00000000,0.00000000,0.00000000,0.00000000,0.00000000,0.00000000,0.00000000,0.00000000,0.00000000,0.00000000,0.00000000,0.00000000,0.00000000,0.00000000,0.00000000,0.00000000,0.00000000,0.00000000,0.00636659,0.00000000,0.00000000,0.00000000,0.00000000,0.00000000,0.03022661,0.00000000,0.00000000,0.00000000,0.00000000,0.00000000,0.00000000,0.00000000,0.00000000,0.00000000,0.00000000,0.00000000,0.00000000,0.00000000,0.00000000,0.00590488,0.00000000,0.00000000,0.00000000,0.00000000,0.00651377,0.00000000,0.00000000,0.00000000,0.00000000,0.00000000,0.02339907
0.00000000,0.00000000,0.00000000,0.04896844,0.00000000,0.00000000,0.02446688,0.00000000,0.00000000,0.00000000,0.00000000,0.02589811,0.00000000,0.00000000,0.00000000,0.00000000,0.00000000,0.00000000,0.03744572,0.00000000,0.00000000,0.00000000,0.00000000,0.00000000,0.00000000,0.00000000,0.00000000,0.00000000,0.00000000,0.00000000,3.11983325,0.00000000,0.00000000,0.00000000,0.00000000,0.00000000,0.00000000,0.00880008,0.00000000,0.00000000,0.00000000,0.00000000,0.02075358,0.00000000,0.00000000,0.00089315,0.00000000,0.00000000,0.00123771,0.00000000,0.00000000,0.00898056,0.00252390,0.00000000,0.00000000,0.00000000,0.00000000,0.00000000,0.00000000,0.00000000,0.00000000,0.00000000,0.00000000,0.00000000,0.00000000,0.00000000,0.00000000,0.01299414,0.00000000,0.00000000,0.00000000,0.03455146,0.00000000,0.00000000,0.00000000,0.00000000,0.00000000,0.00285022,0.00000000,0.00000000,0.00000000,0.01018027,0.00000000,0.00000000,0.00000000,0.00000000,0.00000000,0.02247834,0.00000000,0.00000000,0.00000000,0.00000000,0.00000000,0.00000000,0.00000000,0.00000000,0.00000000,0.00000000,0.00000000,0.00000000,0.00000000,0.03281710,0.00000000,0.00000000,0.00065582,0.00000000,0.00000000,0.00000000,0.00000000,0.00000000,0.00000000,0.00000000,0.00000000,0.00000000,0.00000000,0.00000000,0.00000000,0.00000000,0.00000000,0.00000000,0.00000000,0.00000000,0.00000000,0.00000000,0.00000000,0.00000000,0.00000000,0.00000000,0.00390633,0.00000000,0.00000000,0.00000000,0.00000000,0.00000000,0.00000000,0.00000000,2.18944343,0.05434856,0.00000000,0.00000000,0.00000000,0.00000000,0.00000000,0.00000000,0.00000000,0.00228096,0.00000000,0.00000000,0.00000000,0.00000000,0.00000000,0.00000000,0.00000000,0.01010858,0.00000000,0.00162625,0.00000000,0.00000000,0.00000000,0.00000000,0.00000000,0.00000000,0.00000000,0.00000000,0.00000000,0.00000000,0.00118576,0.00000000,0.00000000,0.00000000,0.00000000,0.00000000,0.00000000,0.00000000,0.00000000,0.00000000,0.00000000,0.00000000,0.00000000,0.00000000,0.00000000,0.00000000,0.00000000,0.00840260,0.00000000,1.31339623,0.00088014,0.00000000,0.00000000,0.00000000,0.00000000,0.00000000,0.00000000,0.00000000,0.10789340,0.00000000,0.00000000,0.00000000,0.00000000,0.00000000,0.00000000,0.00000000,0.00000000,0.00066869,0.00000000,0.00000000,0.00000000,0.00000000,0.00000000,0.00000000,0.00000000,0.00000000,0.00000000,0.00000000,0.00000000,0.00000000,0.00000000,0.00000000,0.00000000,0.00000000,0.00000000,0.00000000,0.91062383,0.00000000,0.00000000,0.00000000,0.00000000,0.00000000,0.00000000,0.00000000,0.02159522,0.00000000,0.03624376,0.00000000,0.00000000,0.00000000,0.00000000,0.00000000,0.00000000,0.00000000,0.00000000,0.00585006,0.00000000,0.00000000,0.00000000,0.00000000,0.00000000,0.00000000,0.15338632,0.00000000,0.00000000,0.00000000,0.00000000,0.00000000,0.00000000,0.00000000,0.00000000,0.00000000,0.39307273,0.00000000,0.00000000,0.00000000,0.00213228,0.00000000,0.00000000,0.00372297,0.00000000,0.00000000,0.00000000,0.00132034,0.00373820,0.00000000,0.00000000,0.00000000,0.00000000,0.00000000,0.00000000,0.00000000,0.05090770,0.00000000,0.00178166,0.00000000,0.00000000,0.00000000,0.00000000,0.00000000,0.00000000,0.00309475,0.00000000,0.00000000,0.00000000,0.00000000,0.00000000,0.00000000,0.02448129,0.00000000,0.00000000,0.00630560,0.00000000,0.00000000,0.00300896,0.00466278,0.00000000,0.00000000,0.00000000,0.00000000,0.00000000,0.00317937,0.00000000,0.00000000,0.00000000,0.00000000,0.00000000,0.00000000,0.00000000,0.00000000,0.00000000,0.00000000,0.00000000,0.00000000,0.00000000,0.00000000,0.00000000,0.00000000,0.00000000,0.00000000,0.00000000,0.00000000,0.00000000,0.00000000,0.00000000,0.00000000,0.00000000,0.00000000,0.00000000,0.00000000,0.00000000,0.00000000,0.00000000,0.00000000,0.00000000,0.01865982,0.00000000,0.00000000,0.00000000,0.00000000,0.00000000,0.01271741,0.00000000,0.00000000,0.00000000,0.00000000,0.00000000,0.00000000,0.00000000,0.00000000,0.00000000,0.00000000,0.00000000,0.00000000,0.00000000,0.00000000,0.00000000,0.00000000,0.00000000,0.00000000,0.00000000,0.00000000,0.00000000,0.00000000,0.00000000,0.00000000,0.00000000,0.00000000,0.00000000,0.01548545,0.00000000,0.00000000,0.00000000,0.00000000,0.00000000,0.00583071,0.00000000,0.00000000,0.00000000,0.02047261,0.00000000,0.00000000,0.00000000,0.00000000,0.00000000,0.00564405,0.00000000,0.00000000,0.00574849,0.00000000,0.00000000,0.00000000,0.00000000,0.00000000,0.00095923,0.00000000,0.00000000,0.00000000,0.00000000,0.00000000,0.00000000,0.00000000,0.00000000,0.00000000,0.00962060,0.00000000,0.00000000,0.05805823,0.70117979,0.00000000,0.00000000,0.00000000,0.00000000,0.00000000,0.00000000,0.00000000,0.00000000,0.00000000,0.00000000,0.00000000,0.00000000,0.00496264,0.00000000,0.00000000,0.00000000,0.04387714,0.00000000,0.03750477,0.00000000,0.00000000,0.00000000,0.00000000,0.00000000,0.00000000,0.00000000,0.33396414,0.00000000,0.01926575,0.00000000,0.00000000,0.00000000,0.00000000,0.00000000,0.00000000,0.00000000,0.00000000,0.00000000,0.00000000,0.00000000,0.04534094,0.00000000,0.00000000,0.00864796,0.00000000,0.00000000,0.00000000,0.00000000,0.00000000,0.00000000,0.00000000,0.00000000,0.05156275,0.00000000,0.00000000,0.00000000,0.00000000,0.00000000,0.00000000,0.00642787,0.00000000,0.00000000,1.82531121,0.00000000,0.00000000,0.00000000,0.00000000,0.00000000,0.00000000,0.00000000,0.00000000,0.01927852,0.00000000,0.00000000,0.00000000,0.00000000,0.00000000,0.00000000,0.00000000,0.00000000,0.00000000,0.00000000,0.00000000,0.00000000,0.00000000,0.00323674,0.00000000,0.00000000,0.00000000,0.00000000,0.00000000,0.00000000,0.00000000,0.00000000,0.00000000,0.00000000,0.00000000,0.00264666,0.00000000,0.00000000,0.00000000,0.04066754,0.00000000,0.00000000,0.00000000,0.00000000,0.00000000,0.00000000,0.15110214,0.00000000,0.00000000,0.03496548,0.00515574,0.00000000,0.00000000,0.00000000,0.00000000,0.00000000,0.00000000,0.00000000,0.00000000,0.00000000,0.00000000,0.00000000,0.00000000,0.00100358,0.00000000,0.00000000,0.00000000,0.00000000,0.00000000,0.00000000,0.00000000,0.00000000,0.00000000,0.00000000,0.00297242,0.00000000,0.00000000,0.00000000,0.00000000,0.00000000,0.00000000,0.00000000,0.00257618,0.00000000,0.00000000,0.00000000,0.00000000,0.00000000,0.00000000,0.00000000,0.00000000,0.00000000,0.00000000,0.00000000,0.00000000,0.00000000,0.00000000,0.00000000,0.00667595,0.00000000,0.00000000,0.00000000,0.00000000,0.00373285,0.00000000,0.00000000,0.00000000,0.00000000,0.01825143,0.00000000,0.00521694,0.00000000,0.01487385,0.00000000,0.00000000,0.00000000,0.00000000,0.00000000,0.35753797,0.00000000,0.01998184,0.00000000,0.11986234,0.00000000,0.00000000,0.01776229,0.00000000,0.00000000,0.00000000,0.00000000,0.00000000,0.00000000,0.00000000,0.00000000,0.00000000,0.00000000,0.00000000,0.00000000,0.00000000,0.00000000,0.00000000,0.00000000,0.08187045,0.00940646,0.00000000,0.00119789,0.00000000,0.00000000,0.00000000,0.00667826,0.00000000,0.00000000,0.00000000,0.00000000,0.00000000,0.00000000,0.00000000,0.00000000,0.00000000,0.00535896,0.00000000,0.00000000,0.00000000,0.00000000,0.00000000,0.00000000,0.00000000,0.00000000,0.00000000,0.00000000,0.00000000,0.00000000,0.00000000,0.00000000,0.00000000,0.00000000,0.00266187,0.00000000,0.00000000,0.00217179,0.00000000,0.00000000,0.00000000,0.00000000,0.00000000,0.00000000,0.00000000,0.01204449,0.00000000,0.00000000,0.00000000,0.00153490,0.00000000,0.00000000,0.00000000,0.00000000,0.00000000,0.00000000,0.00000000,0.00000000,0.00000000,0.00000000,0.00000000,0.00071502,0.00273326,0.00000000,0.00000000,0.17529400,0.00000000,0.00000000,0.00722669,0.00000000,0.00000000,0.00000000,0.00000000,0.00000000,0.00000000,0.00000000,0.00000000,0.00000000,0.02071309,0.00000000,0.00000000,0.00000000,0.00000000,0.00220150,0.00000000,0.00000000,0.00000000,0.00000000,0.00000000,0.02461033,0.00000000,0.00253463,0.00000000,0.00000000,0.03437057,0.00000000,0.00000000,0.00000000,0.00000000,0.00000000,0.00000000,0.00000000,0.00000000,0.00000000,0.00000000,0.00000000,0.00000000,0.00000000,0.00000000,0.00000000,0.00000000,0.00000000,0.00000000,0.00000000,0.00000000,0.00000000,0.00000000,0.00000000,0.00000000,0.00000000,0.00000000,0.00000000,0.00000000,0.00000000,0.00000000,0.00000000,0.00000000,0.00000000,0.00000000,0.00000000,0.00000000,0.00000000,0.00000000,0.00000000,0.00000000,0.00573130,0.00000000,0.00000000,0.00000000,0.00000000,0.00000000,0.00979276,0.00000000,0.00000000,0.00000000,0.00612038,0.00000000,0.03388397,0.00000000,0.00000000,0.00000000,0.00000000,0.00708251,0.00000000,0.00000000,0.00000000,0.00000000,0.00000000,0.00000000,0.00000000,0.00000000,0.00000000,0.06947684,0.00558084,0.00000000,0.00000000,0.00000000,0.00000000,0.00000000,0.00000000,0.00997845,0.00000000,0.00000000,0.00000000,0.00000000,0.00000000,0.00000000,0.00000000,0.00000000,0.00000000,0.00000000
0.00000000,0.00000000,0.00000000,0.00000000,0.00000000,0.00000000,0.00000000,0.00000000,0.00000000,0.00378347,0.00000000,0.00000000,0.00000000,0.00000000,0.00000000,0.00000000,0.00000000,0.00000000,0.00000000,0.00000000,0.00000000,0.00000000,0.00000000,0.00000000,0.22429247,0.00000000,0.02391777,0.00000000,0.00000000,0.00000000,0.00000000,0.00000000,0.00000000,0.00000000,0.00000000,0.00000000,0.00000000,0.00000000,0.00092409,0.00000000,0.00000000,0.00000000,0.00000000,0.00000000,0.00000000,0.00000000,0.00000000,0.00000000,0.00000000,0.00000000,0.00000000,0.04218566,0.00000000,0.00000000,0.00000000,0.00000000,0.00000000,0.00000000,0.00000000,0.00000000,0.00000000,0.00000000,0.00000000,0.00000000,0.00000000,0.00000000,0.00000000,0.06001297,0.00000000,0.00000000,0.00000000,0.00000000,0.00000000,0.00000000,0.00000000,0.00000000,0.00000000,0.00000000,0.00000000,0.00000000,0.00000000,0.00000000,0.00000000,0.00000000,0.00000000,0.00000000,0.00000000,0.00000000,0.00000000,0.00000000,0.00000000,0.00000000,0.00191075,0.00000000,0.00000000,0.00000000,0.00000000,0.00000000,0.00000000,0.00000000,0.00000000,0.00000000,0.00000000,0.00206582,0.00000000,0.00000000,0.00000000,0.00000000,0.00000000,0.00000000,0.00000000,0.00000000,0.00000000,0.00000000,0.00000000,0.00000000,0.00000000,0.00000000,0.00000000,0.00000000,0.02996724,0.00000000,0.02620345,0.00000000,0.00000000,0.01026236,2.61274258,0.00000000,0.00000000,0.00000000,0.00000000,0.00000000,0.00000000,0.01601850,0.00000000,0.00000000,0.00154215,0.00000000,0.00000000,0.00000000,0.00000000,0.00000000,0.00000000,0.00000000,0.00000000,0.00000000,0.00000000,0.00000000,0.00000000,0.00000000,0.01289962,0.00000000,0.00000000,0.09237648,0.00000000,0.00594797,0.00000000,0.62707263,0.00000000,0.00000000,0.00507358,0.00000000,0.00000000,0.00000000,0.00000000,0.00000000,0.00000000,0.02076007,0.00000000,0.00000000,0.00000000,0.00000000,0.00000000,0.00000000,0.00000000,0.00000000,0.00112324,0.00000000,0.03529020,0.00891263,0.00684515,0.00492059,0.00000000,0.00297512,0.00000000,0.00000000,0.00000000,0.00000000,0.00000000,0.00000000,0.00000000,0.00000000,0.00000000,0.00000000,0.00000000,0.00000000,0.00209532,0.00000000,0.02428425,0.00000000,0.00209207,0.00000000,0.00000000,0.00000000,0.00000000,0.00000000,0.00000000,0.00000000,0.00000000,0.00000000,0.00000000,0.00403836,0.00000000,0.00000000,0.00000000,0.00000000,0.00000000,0.00000000,0.00000000,0.00000000,0.00000000,0.00000000,0.00000000,0.00000000,0.00000000,0.00000000,0.00000000,0.00000000,0.00000000,0.00000000,0.05086199,0.00000000,0.00000000,0.00000000,0.00000000,0.00000000,0.00000000,0.00000000,0.00000000,0.00000000,0.00000000,0.00000000,0.00000000,0.00000000,0.00000000,0.00000000,0.00000000,0.00000000,0.01080720,0.00000000,0.00000000,0.00000000,0.00000000,0.00000000,0.00000000,0.00000000,0.00000000,0.00000000,0.00000000,0.00000000,0.00000000,0.00000000,0.00000000,0.00136985,0.00000000,0.00000000,0.00000000,0.00000000,0.00000000,0.00000000,0.00000000,0.00000000,0.00212863,0.00000000,0.00000000,0.00000000,0.00000000,0.00000000,0.00000000,0.00489847,0.00000000,0.01820525,0.00000000,0.00000000,0.00000000,0.00000000,0.00000000,0.00000000,0.00000000,0.01935189,0.00000000,0.00000000,0.00000000,0.00000000,0.00759561,0.00000000,0.00000000,0.00000000,0.00000000,0.00000000,0.00000000,0.00000000,0.00000000,0.02279634,0.00000000,0.00000000,0.00000000,0.00000000,0.00000000,0.00000000,0.00000000,0.00000000,0.00000000,0.00000000,0.00000000,0.00000000,0.00000000,0.01891239,0.00000000,0.02510475,0.00000000,0.00000000,0.00000000,0.00000000,0.00000000,0.00000000,0.00000000,0.00000000,0.02828406,0.00000000,0.00000000,0.00000000,0.00000000,1.30466297,0.00000000,0.00000000,0.00000000,0.00924410,0.00000000,0.00000000,0.00094704,0.00000000,0.00000000,0.00000000,0.02439055,0.00000000,0.00000000,0.00000000,0.00000000,0.00000000,0.00000000,0.09350699,0.00000000,0.00000000,0.03100488,0.00000000,0.01688719,0.00000000,0.00000000,0.00000000,0.00000000,0.00000000,0.00000000,0.00000000,0.00000000,0.00000000,0.00555783,0.08098186,0.00000000,0.00000000,0.00000000,0.00000000,0.00000000,0.00000000,0.00000000,0.00000000,0.00000000,0.00454461,0.00000000,0.00000000,0.00000000,0.00000000,0.00000000,0.00000000,0.00000000,0.00000000,0.00000000,0.00000000,0.00000000,0.00000000,0.03876193,0.00000000,0.00000000,0.00000000,0.00000000,0.00000000,0.00000000,0.00000000,0.00000000,0.00000000,0.00000000,0.00000000,0.00000000,0.00000000,0.00000000,0.00000000,0.00000000,0.00000000,0.00000000,0.00000000,0.00000000,0.00000000,0.00707172,0.01266149,0.00134092,0.00000000,0.00000000,0.00000000,0.00000000,0.00000000,0.00000000,0.00000000,0.00000000,0.00000000,0.00000000,0.00000000,0.00000000,0.00472487,0.00000000,0.00000000,0.00000000,0.00000000,0.00000000,0.00000000,0.00000000,0.00094770,0.00000000,0.00000000,0.00000000,0.00000000,0.00000000,0.00000000,0.00000000,0.00000000,0.00000000,0.00000000,0.00000000,0.00000000,0.00000000,0.00000000,0.00000000,0.00917741,0.00000000,0.00000000,0.00000000,0.04025440,0.00170320,0.00309377,0.00000000,0.00000000,0.00000000,0.00000000,0.00000000,0.00000000,0.06738424,0.00000000,0.00000000,0.00000000,0.06689233,0.00000000,0.00000000,0.00000000,0.00587108,0.00000000,0.00000000,0.00000000,0.00000000,0.00000000,0.00000000,0.00000000,0.00000000,0.00000000,0.41374052,0.00000000,0.00000000,0.00000000,0.00000000,0.00000000,0.02653262,0.00000000,0.00000000,0.00000000,0.01327732,0.00000000,0.00000000,0.00000000,0.00000000,0.00000000,0.00000000,0.00000000,0.00000000,0.00000000,0.00250896,0.00000000,0.00410444,0.00000000,0.00000000,0.00000000,0.00000000,0.04126791,0.00438407,0.00946573,0.00000000,0.02624637,0.00000000,0.00000000,0.00000000,0.00000000,0.00000000,0.00000000,0.00000000,0.00000000,0.00000000,0.00000000,0.07829644,0.00000000,0.00000000,0.00000000,0.00000000,0.00000000,0.00000000,0.00000000,0.00000000,0.00000000,0.00000000,0.00000000,0.00000000,0.00000000,0.00000000,0.00000000,0.00000000,0.00000000,0.00000000,0.00000000,0.00000000,0.00225054,0.00000000,0.00000000,0.00000000,0.00000000,0.00000000,0.00000000,0.00000000,0.00000000,0.00000000,0.04318104,0.00000000,1.09542531,0.00000000,0.00000000,0.00000000,0.00000000,0.00000000,0.00000000,0.00000000,0.00000000,0.00000000,0.00000000,0.00000000,0.00000000,0.00000000,0.05179434,0.00000000,0.00000000,0.00000000,0.00000000,0.00000000,0.00000000,0.00000000,0.00000000,0.00000000,0.00000000,0.01006215,0.02577543,0.00000000,0.00000000,0.00000000,0.00000000,0.00651782,0.00382059,0.00000000,0.00000000,0.00000000,0.00000000,0.00213098,0.00000000,0.02166122,0.00000000,0.00000000,0.00000000,0.00240478,0.00000000,0.00000000,0.00000000,0.00000000,0.00000000,0.00000000,0.00000000,0.00000000,0.00000000,0.00000000,0.00000000,0.00000000,0.00000000,0.00000000,0.00000000,0.00000000,0.00000000,0.00000000,0.01481684,0.00000000,0.00000000,0.00442478,0.00000000,0.00000000,0.00000000,0.13187404,0.00000000,0.00000000,0.00000000,0.00405585,0.00000000,0.00000000,0.00000000,0.00000000,0.00220296,0.00000000,0.00102494,0.00000000,0.00000000,0.00000000,0.00000000,0.00000000,0.00000000,0.00000000,0.00000000,0.00198700,0.00000000,0.00000000,0.00000000,0.00000000,0.00000000,0.00000000,0.00000000,0.00000000,0.00000000,0.00000000,0.00000000,0.00000000,0.00000000,0.00215967,0.00000000,0.00269025,0.00000000,0.00000000,0.00000000,0.00127774,0.00000000,0.00000000,0.00000000,0.00000000,0.00000000,0.00000000,0.00000000,0.00000000,0.00000000,0.00000000,0.00000000,0.00000000,0.00000000,0.00000000,0.00000000,0.00000000,0.00000000,0.00000000,0.00000000,0.00000000,0.00000000,0.01638605,0.00000000,0.00000000,0.09662050,0.00000000,0.00000000,0.00000000,0.00000000,0.00000000,0.00000000,0.00379774,0.00000000,0.00649900,0.00000000,0.01111516,0.00000000,0.00000000,0.00462946,0.00000000,0.00000000,0.00000000,0.00000000,0.00000000,0.00000000,0.00000000,0.00000000,0.00000000,0.00000000,0.00000000,0.00000000,0.00000000,0.00456526,0.00000000,0.00000000,0.00000000,0.00723935,0.00337003,0.00000000,0.00000000,0.00000000,0.00000000,0.00000000,0.00000000,0.00000000,0.00000000,0.00000000,0.00000000,0.00000000,0.00000000,0.00000000,0.00000000,0.00000000,0.00365145,0.02674623,0.00000000,0.00000000,0.00000000,0.00000000,0.00000000,0.00000000,0.00000000,0.00000000,0.00000000,0.00000000,0.00000000,0.00000000,0.00000000,0.00000000,0.00000000,0.00000000,0.00000000,1.64362032,0.00000000,0.00000000,0.00000000,0.00000000,0.00000000,0.00000000,0.00000000,0.00000000,0.00394748,0.00000000,0.00000000,0.00000000,0.00000000,0.00860484,0.01235101,0.00000000,0.00000000,0.02147296,0.00000000,0.00000000,0.00000000,0.00000000,0.00000000,0.00000000,0.00000000,0.00000000,0.02475767,0.00000000,0.00000000,0.00000000,0.00000000,0.00000000,0.00000000,0.00000000,1.07186558,0.00000000,0.00000000,0.00000000,0.00000000,0.00000000
0.00000000,0.00000000,0.00199005,0.00000000,0.00000000,0.00000000,0.00000000,0.04245144,0.00000000,0.00381139,0.00000000,0.00000000,0.00000000,0.00000000,0.00000000,0.00000000,0.00000000,0.00000000,0.00000000,0.00000000,0.00920752,0.00000000,0.00494053,0.00000000,0.00000000,0.00000000,0.00000000,0.00000000,0.00000000,0.00000000,0.00000000,0.00000000,0.01733398,0.00000000,0.00000000,0.00000000,0.00000000,0.00000000,0.00000000,0.00000000,0.00000000,0.00000000,0.00000000,0.00000000,0.00000000,0.00000000,0.00000000,0.00093627,0.00117021,0.00000000,0.00000000,0.00000000,0.00000000,0.01675852,0.00000000,0.00000000,0.00000000,0.00000000,0.00000000,0.00000000,0.00000000,0.00000000,0.00000000,0.00000000,0.00000000,0.00000000,0.00000000,0.00000000,0.21559801,0.00000000,0.00000000,0.00000000,0.00000000,0.00000000,0.00000000,0.00000000,0.00000000,0.00832124,0.00000000,0.00000000,0.00000000,0.55991408,0.00000000,0.00000000,0.00148674,0.00000000,0.00000000,0.00000000,0.00000000,0.00000000,0.00000000,0.00000000,0.00000000,0.00000000,0.00000000,0.76151694,0.00000000,0.00000000,0.00000000,0.00360346,0.00000000,0.56445048,0.00000000,0.00382234,0.00000000,0.00000000,0.00000000,0.00000000,0.00000000,0.00000000,0.00000000,0.00000000,0.00000000,0.00000000,0.00000000,0.00000000,0.00000000,0.00000000,0.00000000,0.00198671,0.00000000,0.00000000,0.00000000,0.00000000,0.00000000,0.00000000,0.00000000,0.00000000,0.00000000,0.00000000,0.00000000,0.00000000,0.00000000,0.00000000,0.00291469,0.01535992,0.00000000,0.00000000,0.00000000,0.00000000,0.02841980,0.00000000,0.00000000,0.00000000,0.00000000,0.00000000,0.00000000,0.00000000,0.05448858,0.00000000,0.00000000,0.00810226,0.00266376,0.00000000,0.00585579,0.00000000,0.00000000,0.00000000,0.00000000,0.00000000,0.00000000,0.39208878,0.00000000,0.03187366,0.00000000,0.00355639,0.00000000,0.00000000,0.00000000,0.00000000,0.01094074,0.50155520,0.00000000,0.00000000,0.00286905,0.00000000,0.00000000,0.00000000,0.00000000,0.11749971,0.00000000,0.00000000,0.00000000,0.00000000,0.00000000,0.00218307,0.00000000,0.05581912,0.00000000,0.01233356,0.00000000,0.00000000,0.00000000,0.00000000,0.00000000,0.03860690,0.02602027,0.00000000,0.00000000,0.04286219,0.00506393,0.00000000,0.00000000,0.00000000,0.01264335,0.00397044,0.00000000,0.00000000,0.00000000,0.03704493,0.00000000,0.00000000,0.00000000,0.00000000,0.00197506,0.00000000,0.00000000,0.00000000,0.00000000,0.00000000,0.00000000,0.00000000,0.04886887,0.00000000,0.00000000,0.00737636,0.00000000,0.00000000,0.00000000,0.00000000,0.00000000,0.00000000,0.00000000,0.00000000,0.00000000,0.00000000,0.00000000,0.00000000,0.00000000,0.19405579,0.00000000,0.00000000,0.00000000,0.00000000,0.00000000,0.00000000,0.00000000,0.00000000,0.00000000,0.00000000,0.00000000,0.00000000,0.00000000,0.00000000,0.00000000,0.00000000,0.02898606,0.00000000,0.00000000,0.00000000,0.00000000,0.00000000,0.00000000,0.00000000,0.00000000,0.00988958,0.00000000,0.00000000,0.00000000,0.00000000,0.00000000,0.00000000,0.00000000,0.00260610,0.00000000,0.00000000,0.00383163,0.00000000,0.00000000,0.00000000,0.00136052,0.00000000,0.00000000,0.00000000,0.00000000,0.33860242,0.00000000,0.00000000,0.00000000,0.00000000,0.00000000,0.00000000,0.00000000,0.00000000,0.00000000,0.00000000,0.00000000,0.00000000,0.00000000,0.00000000,0.00358594,0.00000000,0.00000000,0.00000000,0.00000000,0.00000000,0.00000000,0.00000000,0.00000000,0.00000000,0.00000000,0.00000000,0.00000000,0.00000000,0.00000000,0.36722151,0.00000000,0.00000000,0.00875500,0.04225347,0.00000000,0.00000000,0.00000000,0.00000000,0.00000000,0.00000000,0.00000000,0.00000000,0.00245429,0.03136763,0.00000000,0.00000000,0.00000000,0.00000000,0.00000000,0.00000000,0.00000000,0.00000000,0.00000000,0.00000000,0.00000000,0.00000000,0.02204871,0.00000000,0.00000000,0.00000000,0.00000000,0.00000000,0.00000000,0.00000000,0.00000000,0.00156008,0.00000000,0.00242150,0.00000000,0.00000000,0.00000000,0.00000000,0.00000000,0.00000000,0.00000000,0.00000000,0.00000000,0.00000000,0.00000000,0.00000000,0.00204419,0.00000000,0.00000000,0.05260570,0.00000000,0.00000000,0.00000000,0.00000000,0.00000000,0.00000000,0.00000000,0.00000000,0.00000000,0.00000000,0.00000000,0.00000000,0.00467347,0.00000000,0.00000000,0.00000000,0.00210437,0.00000000,0.00000000,0.00000000,0.00000000,0.00000000,0.00000000,0.00000000,0.00000000,0.00000000,0.00000000,0.00000000,0.00000000,0.00000000,0.00000000,0.00000000,0.00229030,0.00000000,0.00000000,0.00000000,0.00000000,0.00000000,0.00000000,0.00000000,0.00000000,0.00000000,0.00000000,0.00436377,0.00000000,0.00000000,0.00000000,0.00000000,0.00471698,0.00000000,0.00000000,0.00000000,0.00000000,0.00000000,0.00000000,0.00000000,0.00000000,0.13485123,0.00000000,0.00000000,0.00000000,0.00000000,0.00000000,0.00000000,0.00000000,0.00000000,0.00000000,0.00000000,0.00000000,0.00000000,0.00000000,0.00000000,0.00000000,0.00000000,0.00000000,0.00000000,0.00000000,0.00000000,0.00000000,0.00000000,0.00000000,0.02654458,0.00000000,0.00000000,0.00000000,0.00000000,0.00258485,0.00000000,0.01460838,0.00000000,0.00000000,0.00000000,0.00000000,0.00000000,0.00000000,0.00000000,0.00000000,0.00000000,0.00000000,0.01042714,0.00000000,0.00815907,0.00000000,0.00000000,0.00000000,0.00168227,0.00000000,0.00000000,0.00000000,0.00000000,0.00000000,0.01789437,0.00000000,0.00000000,0.00000000,0.00000000,0.00000000,0.00000000,0.00000000,0.00000000,0.00000000,0.00190108,0.00000000,0.00000000,0.12150546,0.00000000,0.00000000,0.00000000,0.01047303,0.00000000,0.08141867,0.00000000,0.00000000,0.00000000,0.00000000,0.00000000,0.00000000,0.00000000,0.00000000,0.00000000,0.00000000,0.00000000,0.01234586,0.00000000,0.00000000,0.00000000,0.00000000,0.01251153,0.00000000,0.00000000,0.00000000,0.00000000,0.00000000,0.00000000,0.00000000,0.00000000,0.00000000,0.00000000,0.00000000,0.02985580,0.00000000,0.00000000,0.00000000,0.00000000,0.00000000,0.02423271,0.00000000,0.00000000,0.00000000,0.00000000,0.00000000,0.00000000,0.00000000,0.00000000,0.00000000,0.63302654,0.00000000,0.00000000,0.00000000,0.00000000,0.00000000,0.00000000,0.00000000,0.00000000,0.00000000,0.63983370,0.00000000,0.00000000,0.00000000,0.00000000,0.00000000,0.00000000,0.00000000,0.00000000,0.00000000,0.00000000,0.00000000,0.00000000,0.00000000,0.00000000,0.00000000,0.00000000,0.00000000,0.00000000,0.00000000,0.00000000,0.00142807,0.00000000,0.00000000,0.00000000,0.00198742,0.00000000,0.00000000,0.00000000,0.00000000,0.00000000,0.00000000,0.00000000,0.00000000,0.00000000,0.00000000,0.00000000,0.00000000,0.00000000,0.00000000,0.00000000,0.00000000,0.00000000,0.00000000,0.00000000,0.00000000,0.00000000,0.00000000,0.00000000,0.00000000,0.00000000,0.00000000,0.00000000,0.00000000,0.00000000,0.00000000,0.00000000,0.00000000,0.00000000,0.01654816,0.00000000,0.00877549,0.18070697,0.00000000,0.00000000,0.00000000,0.00000000,0.00000000,0.00000000,0.00000000,0.00000000,0.00000000,0.00000000,0.00000000,0.00000000,0.00000000,0.00000000,0.03963305,0.00000000,0.00000000,0.00000000,0.00000000,0.00000000,0.00000000,0.00000000,0.00000000,0.00000000,0.00000000,0.00000000,0.00000000,0.02195703,0.00000000,0.00000000,0.00000000,0.00226517,0.00000000,0.12426519,0.00000000,0.00000000,0.00000000,0.00000000,0.00000000,0.00000000,0.00000000,0.00000000,0.00000000,0.00382969,0.00000000,0.00673267,0.00000000,0.00000000,0.05540242,0.00000000,0.00000000,0.00000000,0.00000000,0.00000000,0.00000000,0.00000000,0.00000000,0.00000000,0.00000000,0.00000000,0.00000000,0.00000000,0.00000000,0.04926453,0.00000000,0.00000000,0.00072181,0.00000000,0.00000000,0.00000000,0.00000000,0.00000000,0.00089059,0.00000000,0.00000000,0.00000000,0.00000000,0.00000000,0.00000000,0.00000000,0.00000000,0.00000000,0.00000000,0.00124076,0.00000000,0.00295045,0.00000000,0.00000000,0.00534769,0.00000000,0.00000000,0.00000000,0.00000000,0.00000000,0.00000000,0.00000000,0.00000000,0.00000000,0.00000000,0.00000000,0.00000000,0.00000000,0.00000000,0.00000000,0.00000000,0.00000000,0.00000000,0.03094016,0.00000000,0.00000000,0.00000000,0.00000000,0.00000000,0.00000000,0.00000000,0.00000000,0.00000000,0.00000000,0.00000000,0.00000000,0.00000000,0.00000000,0.00000000,0.00000000,0.00000000,0.00000000,0.00000000,0.00000000,0.00000000,0.00000000,0.00000000,0.00000000,0.00000000,0.00000000,0.00311155,0.00000000,0.00000000,0.00000000,0.00000000,0.00000000,0.00000000,0.00000000,0.00000000,0.00000000,0.03183906,0.00000000,0.00370704,0.00100010,0.00000000,0.00000000,0.00000000,0.00000000,0.00000000,0.00000000,0.00000000,0.00761864,0.00000000,0.00280218,0.00000000,0.04264511,0.02019086,0.00000000,0.00000000,0.00000000,0.00000000,0.00000000,0.00000000,0.00000000,0.97055013,0.00000000,0.00000000,0.00000000,0.00000000,0.00000000,0.00000000,0.00000000,0.00000000,0.00000000,0.00000000,0.00000000,0.00000000,0.00000000
0.00000000,0.00000000,0.00000000,0.00000000,0.00000000,0.00000000,0.00000000,0.00000000,0.00000000,0.00000000,0.00000000,0.00000000,0.00000000,0.00000000,0.00000000,0.04004902,0.00490395,0.00000000,0.00945916,0.00000000,0.00000000,0.00000000,0.00000000,0.00000000,0.00000000,0.00000000,0.00000000,0.00000000,0.00000000,0.00000000,0.12639900,0.00000000,0.00000000,0.00000000,0.00000000,0.00000000,0.00000000,0.00000000,0.00000000,0.00000000,0.00000000,0.00000000,0.00000000,0.00000000,0.00000000,0.00000000,0.00000000,0.00000000,0.00000000,0.00000000,0.00000000,0.00000000,0.00000000,0.00000000,0.00000000,0.00000000,0.00000000,0.00764008,0.00000000,0.00000000,0.00000000,0.00443238,0.00000000,0.00000000,0.00000000,0.00000000,0.00000000,0.00512034,0.00000000,0.00000000,0.00000000,0.00000000,0.00000000,0.00000000,0.00000000,0.00895991,0.00000000,0.00000000,0.00000000,0.00000000,0.00233348,0.00000000,0.05703771,0.00000000,0.00000000,0.00391956,0.00000000,0.00000000,0.00000000,0.00000000,0.03564165,0.00000000,0.00000000,0.00000000,0.00000000,0.03441581,0.00221954,0.00000000,0.00000000,0.00671221,0.00000000,0.00000000,0.00910903,0.00000000,0.00000000,0.00000000,0.00000000,0.00000000,0.00000000,0.00000000,0.00000000,0.00000000,0.00000000,0.00000000,0.00000000,0.00260176,0.00000000,0.00000000,0.00000000,0.03328518,0.00125030,0.00000000,0.00000000,0.00000000,0.00000000,0.00000000,0.00000000,0.00000000,0.00000000,0.00000000,0.00000000,0.00000000,0.00000000,0.00265004,0.00000000,0.00000000,0.00000000,0.00000000,0.04172207,0.00000000,0.00000000,0.00000000,0.00000000,0.00000000,0.15518981,0.00000000,0.00000000,0.00000000,0.00529881,0.00000000,0.00000000,0.00000000,0.00232205,0.00000000,0.00000000,0.00000000,0.01286352,0.00000000,0.01300633,0.00000000,0.00000000,0.01583109,0.00000000,0.00000000,0.00000000,0.01068805,0.00000000,0.00000000,0.00000000,0.00000000,0.00000000,0.00000000,0.00446243,0.00000000,0.00000000,0.01293222,0.00000000,0.00000000,0.00000000,0.00000000,0.00000000,0.00682143,0.00000000,0.00000000,0.00000000,0.00000000,0.00000000,0.00000000,0.00000000,1.10087941,0.00000000,0.00000000,0.00230664,0.00000000,0.03235219,0.00000000,0.00000000,0.00000000,0.00000000,0.10905582,0.00000000,0.00000000,0.00000000,0.00000000,0.01956263,0.01049806,0.00000000,0.00000000,0.00000000,0.00075166,0.00000000,0.00000000,0.00000000,0.00000000,0.00000000,0.00000000,0.00000000,0.00000000,0.00000000,0.00000000,0.00000000,0.00000000,0.00000000,0.02487594,0.00000000,0.00000000,0.00000000,0.00000000,0.00000000,0.00000000,0.00000000,0.00000000,0.00000000,0.00000000,0.00000000,0.00000000,0.00000000,0.00000000,0.00083558,0.00000000,0.00000000,0.00000000,0.00000000,0.00000000,0.00000000,0.00000000,0.00000000,0.00000000,0.00000000,0.02514186,0.00000000,0.00579116,0.00000000,0.00000000,0.00000000,0.00000000,0.00000000,0.00000000,0.00000000,0.00000000,0.91979750,0.01223002,0.00000000,0.00000000,0.00000000,0.00000000,0.00000000,0.00000000,0.00158401,0.00000000,0.00000000,0.00000000,0.00000000,0.00000000,0.00000000,0.02633866,0.00000000,0.00000000,0.00000000,0.00000000,0.00000000,0.00000000,0.00000000,0.00000000,0.00000000,0.00000000,0.00000000,0.00000000,0.00526816,0.00000000,0.00000000,0.00000000,0.00000000,0.00000000,0.00000000,0.00000000,0.00000000,0.00000000,0.00000000,0.02493675,0.00000000,0.00000000,0.00000000,0.00000000,0.00000000,0.05813485,0.00000000,0.00000000,0.00000000,0.04008288,0.00000000,0.00000000,0.00000000,0.00000000,0.00000000,0.00000000,0.00000000,0.00000000,0.00000000,0.00201355,0.00000000,0.00000000,0.00000000,0.00000000,0.00000000,0.00000000,0.00000000,0.02161283,0.00000000,0.00000000,0.00000000,0.00000000,0.00000000,0.01249633,0.00000000,0.00199443,0.00000000,0.00000000,0.00000000,0.00000000,0.00000000,0.00000000,0.00000000,0.00000000,0.00000000,0.00000000,0.00000000,0.00000000,0.00000000,0.00000000,0.00000000,0.00000000,0.00000000,0.00000000,0.00000000,0.00000000,0.00000000,0.00000000,0.00000000,0.00000000,0.00000000,0.00000000,0.00000000,0.00000000,0.00000000,0.00000000,0.00000000,0.00118041,0.00000000,0.00000000,0.00000000,0.00000000,0.00000000,0.00612057,0.00000000,0.00000000,0.00000000,0.00000000,0.00000000,0.00000000,0.09542109,0.00000000,0.00000000,0.00000000,0.00000000,0.00000000,0.00000000,0.00000000,0.00000000,0.00000000,0.00000000,0.00000000,0.00000000,0.00000000,0.00000000,0.00000000,0.00484402,0.00000000,0.00000000,0.00000000,0.00000000,0.00000000,0.00000000,0.00000000,0.00000000,0.00000000,0.00000000,0.00000000,0.00000000,0.00000000,0.00000000,0.00000000,0.00000000,0.00000000,0.01033290,0.00000000,0.00000000,0.00000000,0.00000000,0.00000000,0.02230055,0.00000000,0.00000000,0.00000000,0.00000000,0.00000000,0.01454102,0.00000000,0.00000000,0.00000000,0.00000000,0.00000000,0.00000000,0.00000000,0.00000000,0.21067028,0.00000000,0.00000000,0.00000000,0.00000000,0.00000000,0.00000000,0.00000000,0.00101748,0.00349341,0.00000000,0.00000000,0.00000000,0.00000000,0.00000000,0.00000000,0.05111625,0.03477871,0.00000000,0.00000000,0.00000000,0.00467681,0.00000000,0.00000000,0.00000000,0.00000000,0.00000000,0.00000000,0.00000000,0.00000000,0.00000000,0.00000000,0.00527289,0.00000000,0.00000000,0.00000000,0.00000000,0.00000000,0.00000000,0.00200406,0.00000000,0.66294343,0.00000000,0.03054385,0.00000000,0.00000000,0.00000000,0.00000000,0.00000000,0.00000000,0.00000000,0.00000000,0.00000000,0.00000000,0.00000000,0.00000000,0.00000000,0.00000000,0.00000000,0.00000000,0.00000000,0.00000000,0.00000000,0.01945235,0.00000000,0.00000000,0.00000000,0.00499428,0.00000000,0.00000000,0.17363982,0.00000000,0.00000000,0.00000000,0.00000000,0.00000000,0.00000000,0.00000000,0.00000000,0.00000000,0.00000000,0.00195840,0.00000000,0.00000000,0.00000000,0.00000000,0.00000000,0.00000000,0.00000000,0.00000000,0.00000000,0.00000000,0.01163014,0.00367153,0.00000000,0.00000000,0.00000000,0.00000000,0.00000000,0.00296265,0.00000000,0.00000000,0.00000000,0.00000000,0.00000000,0.01005935,0.00000000,0.00000000,0.00000000,0.00000000,0.00000000,0.00000000,0.00000000,0.00000000,0.00000000,0.00000000,0.00000000,0.00000000,0.00000000,0.00000000,0.00000000,0.00000000,0.04075942,0.00000000,0.00000000,0.01981456,0.00000000,0.00000000,0.00000000,0.00816577,0.00000000,0.00000000,0.00000000,0.00000000,0.00000000,0.00000000,0.00000000,0.00000000,0.00000000,0.00320382,0.00159511,0.00000000,0.00000000,0.00000000,0.00000000,0.00000000,0.00529775,0.00000000,0.00000000,0.00000000,0.00000000,0.00000000,0.00000000,0.00000000,0.00000000,0.00000000,0.00000000,0.00000000,0.00000000,0.00000000,0.00000000,0.00000000,0.00322411,0.03062283,0.00000000,0.00000000,0.00000000,0.00000000,0.00000000,0.00000000,0.00000000,0.00000000,0.00000000,0.00000000,0.00000000,0.00000000,0.00000000,0.00000000,0.00000000,0.00250439,0.00000000,0.00000000,0.00000000,0.00000000,0.00000000,0.00000000,0.00073333,0.00000000,0.00000000,0.00000000,0.00000000,0.00000000,0.00335279,0.00000000,0.00000000,0.00000000,0.00288020,0.00000000,0.00668794,0.00000000,0.00000000,0.00000000,0.00000000,0.00000000,0.00000000,0.00000000,0.00000000,0.00000000,0.00389999,0.00000000,0.00000000,0.00312904,0.00000000,0.00000000,0.00000000,0.00000000,0.00000000,0.00000000,0.00000000,0.00000000,0.00000000,0.00000000,0.00000000,0.00000000,0.00000000,0.00000000,0.00000000,0.00000000,0.00000000,0.02980340,0.00185990,0.00000000,0.00000000,0.00000000,0.00000000,0.00000000,0.00091897,0.00000000,0.00000000,0.00000000,0.00000000,0.00000000,1.99308603,0.00000000,0.00000000,0.00000000,0.00000000,0.00000000,0.00000000,0.00000000,0.00000000,0.00000000,0.00000000,0.00000000,0.00000000,0.00000000,0.00000000,1.39784086,0.00667754,0.00000000,0.00000000,0.00000000,0.00000000,0.00000000,0.00000000,0.00000000,0.00485384,0.00220594,0.00000000,0.00000000,0.00000000,0.00000000,0.01012691,0.00000000,0.00000000,0.00000000,0.00000000,0.00000000,0.00000000,0.00000000,0.00000000,0.00000000,0.00000000,0.00000000,0.00000000,0.00000000,0.00000000,0.00000000,0.00000000,0.00000000,0.00434142,0.00876480,0.00000000,0.00689398,0.00000000,0.00000000,0.00000000,0.00000000,0.00000000,0.05798208,0.00000000,0.00000000,0.00000000,0.00000000,0.00000000,0.02120942,0.00000000,0.00000000,0.00000000,0.00000000,0.00000000,0.00000000,0.00000000,0.01267549,0.02673657,0.00000000,0.00000000,0.00000000,0.00000000,0.01561230,0.00000000,0.00000000,0.00962769,0.00000000,0.00000000,0.00000000,0.00000000,0.00000000,0.00000000,0.00000000,0.00000000,0.00000000,0.00000000,0.00582881,0.00000000,0.00000000,0.00000000,0.00000000,0.00000000,0.00000000,0.00000000,0.00000000,0.00000000,0.00000000,0.00000000,0.00000000,0.00000000,0.00000000,0.00000000,0.00000000,0.00000000,0.00000000,0.00000000,0.00000000,0.00000000,0.00000000,0.00000000,0.00000000,0.00000000,0.00723489,0.00000000,0.00000000,0.00000000,0.00000000,0.00000000
0.00000000,0.00000000,0.07886434,0.00000000,0.00000000,0.00000000,0.00000000,0.00859505,0.00000000,0.00000000,0.00000000,0.00000000,0.00000000,0.00000000,0.00000000,0.00000000,0.00000000,0.00000000,0.00000000,0.00000000,0.00000000,0.00000000,0.01794355,0.00000000,0.00000000,0.00000000,0.00000000,0.00000000,0.00000000,0.00000000,0.00000000,0.00000000,0.00000000,0.01312808,0.00000000,0.01432255,0.00000000,0.00000000,0.00000000,0.00000000,0.00538270,0.00000000,0.00000000,0.00150975,0.00000000,0.00000000,0.00127917,0.00000000,0.00000000,0.00000000,0.00000000,0.00000000,0.00000000,0.00000000,0.00000000,0.00000000,0.00000000,0.00000000,0.00000000,0.00000000,0.00000000,0.00000000,0.00000000,0.00000000,0.00000000,0.00000000,0.00000000,0.00000000,0.00000000,0.00000000,0.00000000,0.00000000,0.00000000,0.00000000,0.00000000,0.00000000,0.00000000,0.00000000,0.00000000,0.00000000,0.00000000,0.30789515,0.00287662,0.00418978,0.00000000,0.00000000,0.00000000,0.00000000,0.01018623,0.00000000,0.00000000,0.00000000,0.00000000,0.00000000,0.00000000,0.00000000,0.00000000,0.00000000,0.00000000,0.00000000,0.00000000,0.00000000,0.00000000,0.00000000,0.00000000,0.00000000,0.00000000,0.00000000,0.00000000,0.00000000,0.00000000,0.00000000,0.00000000,0.00311665,0.00000000,0.00000000,0.00000000,0.00000000,0.00000000,0.00000000,0.00000000,0.00000000,0.03678250,0.00000000,0.00000000,0.00000000,0.00000000,0.00000000,0.00000000,0.00000000,0.00000000,0.48672046,0.00000000,0.00000000,0.00000000,0.00000000,0.00000000,0.00000000,0.00000000,0.00000000,0.00000000,0.00000000,0.00000000,0.00363826,0.00539192,0.00000000,0.00000000,0.00181922,0.00000000,0.00000000,0.00000000,0.00000000,0.00000000,0.00000000,0.02732888,0.01051201,0.00000000,0.00000000,0.00000000,0.00000000,0.00000000,0.00000000,0.00000000,0.00000000,0.00000000,0.00000000,0.00000000,0.00000000,0.00000000,0.00000000,0.00000000,0.00000000,0.00000000,0.00000000,0.00000000,0.00000000,0.01871993,0.00000000,0.00000000,0.00000000,0.00000000,0.00000000,0.00321359,0.00000000,0.00000000,0.00000000,0.00000000,0.00000000,0.00000000,0.00000000,0.00000000,0.00324753,0.00000000,0.00341356,0.00000000,0.00000000,0.00000000,0.00000000,0.00000000,0.00000000,0.00000000,0.00000000,0.00000000,0.00000000,0.00000000,0.00000000,0.00000000,0.00000000,0.00000000,0.00000000,0.00000000,0.00000000,0.00000000,0.00000000,0.00000000,0.00000000,0.00000000,0.00000000,0.00000000,0.00000000,0.00000000,0.00000000,0.00000000,0.00000000,0.00000000,0.00000000,0.00000000,0.00000000,0.00000000,0.00000000,0.28501272,0.00819318,0.00247213,0.00000000,0.00559199,0.00000000,0.00000000,0.00000000,0.00000000,0.00000000,0.00000000,0.00000000,0.00000000,0.00000000,0.00000000,0.00000000,0.00000000,0.00000000,0.00000000,0.00000000,0.00131769,0.00000000,0.00000000,0.00000000,0.00000000,0.50502177,0.00000000,0.00000000,0.00000000,0.00000000,0.00000000,0.00000000,0.00000000,0.00000000,0.00000000,0.00000000,0.00000000,0.00000000,0.00000000,0.00000000,0.04051058,0.00000000,0.00000000,0.00000000,0.00000000,0.00000000,0.00000000,0.00914406,0.00413103,0.00000000,0.00000000,0.00145278,0.00000000,0.00000000,0.00000000,0.00000000,0.00000000,0.00000000,0.00841731,0.00000000,0.00725689,0.00000000,0.00000000,0.00000000,0.00000000,0.00000000,0.00000000,0.00000000,0.00000000,0.00000000,0.00000000,0.00000000,0.00000000,0.00000000,0.00000000,0.00000000,0.00000000,0.00000000,0.00106903,0.00000000,0.01326945,0.00537609,0.00000000,0.00000000,0.00000000,0.00000000,0.00000000,0.00000000,0.00193821,0.00456027,0.03910091,0.00000000,0.00000000,0.00000000,0.09844598,0.00000000,0.00000000,0.00000000,0.00000000,0.00000000,0.00000000,0.00000000,0.00000000,0.00000000,0.00000000,0.00000000,0.00000000,0.00000000,0.03261310,0.00000000,0.00000000,0.01255971,0.00000000,0.01060743,0.00000000,0.00000000,0.00000000,0.00440447,0.00000000,0.00000000,0.00000000,0.02211900,0.00000000,0.00000000,0.00000000,0.00000000,0.00000000,0.00000000,0.00000000,0.00000000,0.00000000,0.00000000,0.00048526,0.14597250,0.00000000,0.00000000,0.00000000,0.00000000,0.00000000,0.00000000,0.00000000,0.00000000,0.00000000,0.00000000,0.00000000,0.00000000,0.00000000,0.00000000,0.00000000,0.02515312,0.00000000,0.00000000,0.00931773,0.00000000,0.00000000,0.01899650,0.00000000,0.00000000,0.00000000,0.00000000,0.00000000,0.00000000,0.00000000,0.03864571,0.00000000,0.00000000,0.00000000,0.00000000,0.00000000,0.00000000,0.00000000,0.00000000,0.00000000,0.00000000,0.00000000,0.00000000,0.00000000,0.00000000,0.00000000,0.00000000,0.00235991,0.00000000,0.00202769,0.02309241,0.00000000,0.05943957,0.00000000,0.00000000,0.00000000,0.00000000,0.00000000,0.00000000,0.00000000,0.00000000,0.00000000,0.00000000,0.00000000,0.00000000,0.23818663,0.00000000,0.00000000,0.00000000,0.00000000,0.00000000,0.00589698,0.00000000,0.00354182,0.00000000,0.00000000,0.00000000,0.00000000,0.42994312,0.00194714,0.00000000,0.00000000,0.00000000,0.00000000,0.00000000,0.00000000,0.00000000,0.00000000,0.00000000,0.00000000,0.00000000,0.00000000,0.00000000,0.00130806,0.00000000,0.00000000,0.00000000,0.00000000,0.02851482,0.00000000,0.00000000,0.00000000,0.00000000,0.00000000,0.00000000,0.00000000,0.00000000,0.00000000,0.00000000,0.00000000,0.00000000,0.00000000,0.00000000,0.00000000,0.00128868,0.00554957,0.00000000,0.00000000,0.00000000,0.00000000,0.00000000,0.00000000,0.00000000,0.00000000,0.00438863,0.00000000,0.00000000,0.00000000,0.00000000,0.00000000,0.00000000,0.00000000,0.00000000,0.00000000,0.00000000,0.00000000,0.03021550,0.00697843,0.00000000,0.00000000,0.00000000,0.10590159,0.00000000,0.00000000,0.00000000,0.00000000,0.00588808,0.00000000,0.00000000,0.00000000,0.00000000,0.00000000,0.00000000,0.00000000,0.00000000,0.00000000,0.05473888,0.00000000,0.00000000,0.00000000,0.00000000,0.02979013,0.00960040,0.00000000,0.00000000,0.00000000,0.00000000,0.00000000,2.17193312,0.00000000,0.00000000,0.00000000,0.00000000,0.00000000,0.00000000,0.00000000,0.00000000,0.00000000,0.00000000,0.00000000,0.00000000,0.00000000,0.00000000,0.00577729,0.00068242,0.00739719,0.00000000,0.00000000,0.01025487,0.00000000,0.00000000,0.00000000,0.00000000,0.00000000,0.05423611,0.00000000,0.00000000,0.00131993,0.00000000,0.00000000,0.00000000,0.00000000,0.00000000,0.00000000,0.00000000,0.00000000,0.00000000,0.00000000,0.00000000,0.00000000,0.00000000,0.01937899,0.00000000,0.00000000,0.00000000,0.00000000,0.00000000,0.00000000,0.00000000,0.00000000,0.00000000,0.00000000,0.00000000,0.00000000,0.00000000,0.00000000,0.00000000,0.79950440,0.32113007,0.00000000,0.00000000,0.00000000,0.00000000,0.00000000,0.00000000,0.00000000,0.00000000,0.00000000,0.32118226,0.00000000,0.00000000,0.00000000,0.00000000,0.00000000,0.00000000,0.00000000,0.00000000,0.00000000,0.00000000,0.00418496,0.00000000,0.00000000,0.00000000,0.00000000,0.00000000,0.00000000,0.00000000,0.00000000,0.00000000,0.00000000,0.00000000,0.00000000,0.00000000,1.23694639,0.00000000,0.00000000,0.00000000,0.00000000,0.00000000,0.00000000,0.00000000,0.01188875,0.00000000,0.00000000,0.00000000,0.00000000,0.00000000,0.00000000,0.00000000,0.00000000,0.00000000,0.00000000,0.00000000,0.00000000,0.00952609,0.00000000,0.00000000,0.00000000,0.00086271,0.00000000,0.00000000,0.00000000,0.00000000,0.00802438,0.00000000,0.05493015,0.00000000,0.00000000,0.00000000,0.00000000,0.00000000,0.00827260,0.00000000,0.00000000,0.00231525,0.00000000,0.00000000,0.00000000,0.00000000,0.00000000,0.00000000,0.00000000,0.00000000,0.00000000,0.00000000,0.00000000,0.00000000,0.00000000,0.00000000,0.00000000,0.00000000,0.00000000,0.00000000,0.02339895,0.00000000,0.00000000,0.00000000,0.00000000,0.00000000,0.00000000,0.02225797,0.00000000,0.00000000,0.00000000,0.00000000,0.00000000,0.00000000,0.00000000,0.00000000,0.00000000,0.00000000,0.00000000,0.00000000,0.00000000,0.00000000,0.00000000,0.00000000,0.00000000,0.00000000,0.00000000,0.00000000,0.00000000,0.00000000,0.00000000,0.00000000,0.00077382,0.00000000,0.00000000,0.00000000,0.00000000,0.00000000,0.00000000,0.00000000,0.00000000,0.00000000,0.00000000,0.00000000,6.10034569,0.00000000,0.00000000,0.00000000,0.00000000,0.00000000,0.00000000,0.00000000,0.00222898,0.00000000,0.00000000,0.00000000,0.00000000,0.00117744,0.00000000,0.00000000,0.00000000,0.00000000,0.00000000,0.00000000,0.00201447,0.02783240,0.00000000,0.00000000,0.00000000,0.00000000,0.01031885,0.00000000,0.00000000,0.00000000,0.12973163,0.00000000,0.00000000,0.00000000,0.00000000,0.00000000,0.00000000,0.00000000,0.00211590,0.00000000,0.02607296,0.00000000,0.00000000,0.00000000,0.00000000,0.00360161,0.00000000,0.00000000,0.00000000,0.00000000,0.00000000,0.00250353,0.00000000,0.00000000,0.00756968,0.01639805,0.00000000,0.00000000,0.00000000,0.00000000,0.00000000,0.00000000,0.00000000,0.05434840,0.00000000,0.00664832,0.00000000,0.00000000,0.01102722,0.00000000
0.00000000,0.00000000,0.00000000,0.00000000,0.00000000,0.00000000,0.00000000,0.00000000,0.00000000,0.00000000,0.00000000,0.00000000,0.00000000,0.00000000,0.00721718,0.00000000,0.00000000,0.00000000,0.00000000,0.00000000,0.00000000,0.00000000,0.00000000,0.00000000,0.00000000,0.00000000,0.00772938,0.00000000,0.00000000,1.10997417,0.00000000,0.01049429,0.00000000,0.00000000,0.00000000,0.00000000,0.00000000,0.00000000,0.00000000,0.00000000,0.00203995,0.00000000,0.37996901,0.06324052,0.00000000,0.00000000,0.00000000,0.00000000,0.00000000,0.00000000,0.00000000,0.00000000,0.00000000,0.00000000,0.00000000,0.00000000,0.00000000,0.00000000,0.00000000,0.00000000,0.00000000,0.25440011,0.00000000,0.00000000,0.00000000,0.00000000,0.00000000,0.00000000,0.00000000,0.00000000,0.00000000,0.00000000,0.00000000,0.00000000,0.00000000,0.00000000,0.00329318,0.01484659,0.00000000,0.00000000,0.00000000,0.00000000,0.00000000,0.00000000,0.00000000,0.00000000,0.00000000,0.00000000,0.00000000,0.00000000,0.00000000,0.00000000,0.00000000,0.00000000,0.00161792,0.00000000,0.00000000,0.00000000,0.00000000,0.00000000,0.00000000,0.00000000,0.00000000,0.05302044,0.00000000,0.00000000,0.00000000,0.00000000,0.00000000,0.00000000,0.00000000,0.00000000,0.00000000,0.00000000,0.00000000,0.00000000,0.01129489,0.00000000,0.00401017,0.00000000,0.00000000,0.00000000,0.00000000,0.00000000,0.00000000,0.00000000,0.00000000,0.00000000,0.00000000,0.00000000,0.00000000,0.00000000,0.00000000,0.00000000,0.00000000,0.00000000,0.00000000,0.00000000,0.00000000,0.00000000,0.00000000,0.00000000,0.00000000,0.00000000,0.00000000,0.00481934,0.00000000,0.00000000,0.00000000,0.00000000,0.00000000,0.00000000,0.00000000,0.00000000,0.00000000,0.00000000,0.00000000,1.23994386,0.00000000,0.00000000,0.00000000,0.00000000,0.00000000,0.00000000,0.00000000,0.00000000,0.01548555,0.00000000,0.01688707,0.00000000,0.00000000,0.00000000,0.00000000,0.00000000,0.00000000,0.00000000,0.00000000,0.03961218,0.00000000,0.00000000,0.00000000,0.00000000,0.00000000,0.00000000,0.00000000,0.00000000,0.00000000,0.00000000,0.00000000,0.00000000,0.00000000,0.00000000,0.00000000,0.00000000,0.00000000,0.00000000,0.00000000,0.00000000,0.00000000,0.00000000,0.00000000,0.07259327,0.00000000,0.00000000,0.00000000,0.00534291,0.00000000,0.00000000,0.00000000,0.00000000,0.00000000,0.02548840,0.00000000,0.00000000,0.00000000,0.00000000,0.00000000,0.00000000,0.00000000,0.00000000,0.00000000,0.00000000,0.00000000,0.00000000,0.00000000,0.00000000,0.00000000,0.00000000,0.00000000,0.00000000,0.00000000,0.00000000,0.03949775,0.00000000,0.00000000,0.01488502,0.02197280,0.00000000,0.00000000,0.00000000,0.00000000,0.02481773,0.00000000,0.00000000,0.00000000,0.00000000,2.01727968,0.00000000,0.00000000,0.00000000,0.00000000,0.00000000,0.00878244,0.00000000,0.04142183,0.00000000,0.03445243,0.00000000,0.00000000,0.00000000,0.00000000,0.00000000,0.00000000,0.00000000,0.00000000,0.00000000,0.00000000,0.00000000,0.00000000,0.00000000,0.00000000,0.01188835,0.00000000,0.00000000,0.00000000,0.00000000,0.00000000,0.05103405,0.00000000,0.00184529,0.00000000,0.00069987,0.00000000,0.00000000,0.00000000,0.00000000,0.00000000,0.00000000,0.00000000,0.00000000,0.00000000,0.00000000,0.00000000,0.00000000,0.00000000,0.00000000,0.00000000,0.00000000,0.00000000,0.00000000,0.00000000,0.00000000,2.14920363,0.05956929,0.00000000,0.00000000,0.00000000,0.01530231,0.00000000,0.00000000,0.00000000,0.00000000,0.00000000,0.00000000,0.00000000,0.00000000,0.00000000,0.00136082,0.00000000,0.00000000,0.00000000,0.00000000,0.00000000,0.00000000,0.00000000,0.00000000,0.00000000,0.00000000,0.53252805,0.00000000,0.00970843,0.00000000,0.00000000,0.00000000,0.00000000,0.00474364,0.00000000,0.00000000,0.00000000,0.00000000,0.00000000,0.00000000,0.00000000,0.00000000,0.00000000,0.00000000,0.00000000,0.00000000,0.00000000,0.00000000,0.00000000,0.00000000,0.00000000,0.00000000,0.00000000,0.00000000,0.00000000,0.00000000,0.00000000,0.00000000,0.02242124,0.00000000,0.00000000,0.00510094,0.00000000,0.00000000,0.00563991,0.00000000,0.00578697,0.01851621,0.00000000,0.00000000,0.00000000,0.00095457,0.00000000,0.01205683,0.00000000,0.00000000,0.00000000,0.00000000,0.00000000,0.00000000,0.00000000,0.00000000,0.00329619,0.00000000,0.00000000,0.00000000,0.00000000,0.01381779,0.00000000,0.00164757,0.00000000,0.00000000,0.00000000,0.03673293,0.00000000,0.00000000,0.00000000,0.00000000,0.00000000,0.00000000,0.00000000,0.00000000,0.02199420,0.00000000,0.00000000,0.00000000,0.00000000,0.00000000,0.00000000,0.02279003,0.00000000,0.00078652,0.00000000,0.00000000,0.00000000,0.00342124,0.00000000,0.00000000,0.00000000,0.00000000,0.00000000,0.00000000,0.00000000,0.00000000,0.00000000,0.00000000,0.00000000,0.00000000,0.00000000,0.00000000,0.00000000,0.00000000,0.00000000,0.00000000,0.00000000,0.00000000,0.00000000,0.00000000,0.00000000,0.00000000,0.00000000,0.00000000,0.00000000,0.00000000,0.00000000,0.00000000,0.00000000,0.00000000,0.00000000,0.00000000,0.00000000,0.00000000,0.00000000,0.00000000,0.00000000,0.00000000,0.00000000,0.00000000,0.00000000,0.00000000,0.00000000,0.00000000,0.00000000,0.00000000,0.00000000,0.14156848,0.00000000,0.00000000,0.02322298,0.03648194,0.00000000,0.00000000,0.00000000,0.00000000,0.00475725,0.06992504,0.00000000,0.00000000,0.00000000,0.00000000,0.00000000,0.00000000,0.00000000,0.00000000,0.00000000,0.00000000,0.00000000,0.00000000,0.03168960,0.08896047,0.00000000,0.00000000,0.00000000,0.01080711,0.00000000,0.00000000,0.00780783,0.18618447,0.00000000,0.00000000,0.00000000,0.00000000,0.00000000,0.00000000,0.00783099,0.00000000,0.09492230,0.00000000,0.00000000,0.00441235,0.00000000,0.01279602,0.00000000,0.00000000,0.00000000,0.00000000,0.00000000,0.00000000,0.01279270,0.00000000,0.00000000,0.00000000,0.00000000,0.00000000,0.00000000,0.00000000,0.00000000,0.00000000,0.00000000,0.00000000,0.00000000,0.00000000,0.00000000,0.00000000,0.00000000,0.00000000,0.00000000,0.00000000,0.00416956,0.00000000,0.01929341,0.00000000,0.00000000,0.00406819,0.00000000,0.00000000,0.00279050,0.00000000,0.00000000,0.00000000,0.00000000,0.00000000,0.00000000,0.01058611,0.00000000,0.00000000,0.00284540,0.00000000,0.00107018,0.01528933,0.00000000,0.00000000,0.00000000,0.00000000,0.11041882,0.00000000,0.00000000,0.00000000,0.02677697,0.00000000,0.00000000,0.00000000,0.00000000,0.00000000,0.00000000,0.00000000,0.00000000,0.00000000,0.46533806,0.00000000,0.00739143,0.00000000,0.00000000,0.07299924,0.00000000,0.00000000,0.00000000,0.00829312,0.02831408,0.00000000,0.00000000,0.00000000,0.00000000,0.00000000,0.00000000,0.00698391,0.22334194,0.00000000,0.00000000,0.00000000,0.00000000,0.00000000,0.00000000,0.00000000,0.00000000,0.00000000,0.00000000,0.00000000,0.00000000,0.01587442,0.00000000,0.05803625,0.00000000,0.00000000,0.00000000,0.00000000,0.00107585,0.00000000,0.00000000,0.00000000,0.00000000,0.00000000,0.00000000,0.00000000,0.00000000,0.00000000,0.00000000,0.00000000,0.07406410,0.00000000,0.00000000,0.00000000,0.00000000,0.00000000,0.00000000,0.00000000,0.00000000,0.00000000,0.00000000,0.00000000,0.00000000,0.00000000,0.00000000,0.00000000,0.00000000,0.00000000,0.00000000,0.00000000,0.00804038,0.00302267,0.00000000,0.00000000,0.00000000,0.00000000,0.00901646,0.00000000,0.00000000,0.00000000,0.00000000,0.00000000,0.00000000,0.00000000,0.00000000,0.00000000,0.00000000,0.00000000,0.00000000,0.87045435,0.00000000,0.03024447,0.00000000,0.00000000,0.00000000,0.00000000,0.00000000,0.00000000,0.00000000,0.01000055,0.00000000,0.00000000,0.00000000,0.00000000,0.10295319,0.00000000,0.00000000,0.00000000,0.00000000,0.00000000,0.00804571,0.00000000,0.00000000,0.00000000,0.00000000,0.00000000,0.00000000,0.00000000,0.00000000,0.00000000,0.00000000,0.00000000,0.00000000,0.00000000,0.00000000,0.00000000,3.13957730,0.00000000,0.00448303,0.00000000,0.00000000,0.00000000,0.00000000,0.00000000,0.00000000,0.00000000,0.00573235,0.00000000,0.00000000,0.00000000,0.00000000,0.00000000,0.00000000,0.00241122,0.00000000,0.00000000,0.00000000,0.00000000,0.00000000,0.00000000,0.00000000,0.00000000,0.00000000,0.03951000,0.00000000,0.00925842,0.00000000,0.00000000,0.00000000,0.00000000,0.00213201,0.00000000,0.00000000,0.00000000,0.00000000,0.00000000,0.00000000,0.00000000,0.00000000,0.00000000,0.00000000,0.00000000,0.00000000,0.00000000,0.00381516,0.00000000,0.00000000,0.00000000,0.00000000,0.00000000,0.00000000,0.00000000,0.03237397,0.00000000,0.00000000,0.00000000,0.00000000,0.00000000,0.00000000,0.00000000,0.00000000,0.00000000,0.00075168,0.00000000,0.00000000,0.00000000,0.00200111,0.00000000,0.00157468,0.00000000,0.00000000,0.00000000,0.00000000,0.00000000,0.00000000,0.00000000,0.00000000,0.00000000,0.00000000,0.00000000,0.00000000,0.00000000,0.02282707,0.00000000,0.00000000,0.00000000,0.00000000,0.00643749,0.00000000,0.00000000
0.00000000,0.00000000,0.00545491,0.00000000,0.00212632,0.00000000,0.00000000,0.00000000,0.00000000,0.00000000,0.00000000,0.00000000,0.00000000,0.00359986,0.00178008,0.00000000,0.00000000,0.00000000,0.00000000,0.00000000,0.00000000,0.00121256,0.00000000,0.00000000,0.00000000,0.00837456,0.00000000,0.00000000,0.00000000,0.00000000,0.00000000,0.00000000,0.00000000,0.02214446,0.00000000,0.00000000,0.00000000,0.00000000,0.00152880,0.00000000,0.00000000,0.00000000,0.00000000,0.00000000,0.00000000,0.00000000,0.00000000,0.00000000,0.00000000,0.00000000,0.00000000,0.00000000,0.00000000,0.00000000,0.00000000,0.00000000,0.00000000,0.00000000,0.00000000,0.00000000,0.00000000,0.00000000,0.00000000,0.00000000,0.00000000,0.00000000,0.00000000,0.00000000,0.17620626,0.00000000,0.00000000,0.00000000,0.00000000,0.00000000,0.00000000,0.00967761,0.00000000,0.00000000,0.00000000,0.00000000,0.00000000,0.00000000,0.00000000,0.00000000,0.00000000,0.00000000,0.00000000,0.00000000,0.00000000,0.00000000,0.00920170,0.15572682,0.00707494,0.00000000,0.00000000,0.00000000,0.00000000,0.00000000,0.00000000,0.00000000,0.00000000,0.00000000,0.00000000,0.00000000,0.00000000,0.00000000,0.00000000,0.00000000,0.00000000,0.00000000,0.00000000,0.00000000,0.50329179,0.00000000,0.00232022,0.00000000,0.00000000,0.00154655,0.00000000,0.00000000,0.00000000,0.00000000,0.00616701,0.00000000,0.00000000,0.00000000,0.00000000,0.00000000,0.00000000,0.00000000,0.00000000,0.00000000,0.00000000,0.00000000,0.00000000,0.00000000,0.00000000,0.00000000,0.00000000,0.00000000,0.00000000,0.00000000,0.00000000,0.00528851,0.00000000,0.00000000,0.00000000,0.00000000,0.00000000,0.00000000,0.00000000,0.00111277,0.00000000,0.00000000,0.00000000,0.00000000,0.00176567,0.00000000,0.00000000,0.00000000,0.00000000,0.00000000,0.00000000,0.00000000,0.00000000,0.00000000,0.00000000,0.00000000,0.00000000,0.00000000,0.00000000,0.00000000,0.00000000,0.00000000,0.00000000,0.00000000,0.00000000,0.00000000,0.00000000,0.00000000,0.00000000,0.00000000,0.00000000,0.06678809,0.00383707,0.00000000,0.00000000,0.00000000,0.00000000,0.00000000,0.10816122,0.00000000,0.00000000,0.00000000,0.00000000,0.00465647,0.00514624,0.00000000,0.00000000,0.01654887,0.01915634,0.00000000,0.00000000,0.00000000,0.00000000,0.00000000,0.00000000,0.00000000,0.00000000,0.00000000,0.00000000,0.00000000,0.00000000,0.00000000,0.00000000,0.00000000,0.91062383,0.00000000,0.04886887,0.00000000,0.00000000,0.00000000,0.00000000,0.00000000,0.00000000,0.00000000,0.00000000,0.00000000,0.00000000,0.00000000,0.00000000,0.00997386,0.00000000,0.00000000,0.00000000,0.00000000,0.00000000,0.00425936,0.00000000,0.00000000,0.00000000,0.00000000,0.00000000,0.00485163,0.01960329,0.00000000,0.02914385,0.00000000,0.00000000,0.00000000,0.00000000,0.00000000,0.00000000,0.00000000,0.00000000,0.00000000,0.00000000,0.00000000,0.00000000,0.00000000,0.00000000,0.00000000,0.00000000,0.00000000,0.00000000,0.00000000,0.00000000,0.00000000,0.00000000,0.00000000,0.00000000,0.09568024,0.00000000,0.00000000,0.00000000,0.00000000,0.00000000,0.00139294,0.00000000,0.04133858,0.00000000,0.00000000,0.01609924,0.00000000,0.00000000,0.00000000,0.00000000,0.00000000,0.00000000,0.00000000,0.00851326,0.00000000,0.00000000,0.00000000,0.00000000,0.00000000,0.00000000,0.00466289,0.00000000,0.00000000,0.00000000,0.00000000,0.00060128,0.10269881,0.00000000,0.00000000,0.68523081,0.00123519,0.00000000,0.00448158,0.00000000,0.00000000,0.00164787,0.03389089,0.00000000,0.00000000,0.00000000,1.01735627,0.00000000,0.00000000,0.00000000,0.00000000,0.02732825,0.00000000,0.00000000,0.00000000,0.00000000,0.00000000,0.00000000,0.00000000,0.00000000,0.00442285,0.00000000,0.58817147,0.00000000,0.00000000,0.00000000,0.00000000,0.00000000,0.00000000,0.00000000,0.00000000,0.00000000,0.00000000,0.00000000,1.37402929,0.00321338,0.00000000,0.00000000,0.00000000,0.00207208,0.00354999,0.00779164,0.00000000,0.00000000,0.00000000,0.00000000,0.00000000,0.00000000,0.00000000,0.00000000,0.00000000,0.00000000,0.00000000,0.00000000,0.00000000,0.00000000,0.00000000,0.00965475,0.00000000,0.00000000,0.00000000,0.00000000,0.01198226,0.00000000,0.00000000,0.00000000,0.00000000,0.00000000,0.00000000,0.00000000,0.00000000,0.00000000,0.00000000,0.01059366,0.00000000,0.00000000,0.00000000,0.00000000,0.00000000,0.00000000,0.00000000,0.00000000,0.00000000,0.00000000,0.00000000,0.00000000,0.00000000,0.00000000,0.00000000,0.00000000,0.00000000,0.00000000,0.00000000,0.00000000,0.00000000,0.00000000,0.00000000,0.00000000,0.00000000,0.00750966,0.00000000,0.00000000,0.00000000,0.00000000,0.00000000,0.00000000,0.00000000,0.00000000,0.00000000,0.00000000,0.06121305,0.00000000,0.00000000,0.00461780,0.00000000,0.00000000,0.00000000,0.00000000,0.00000000,0.00000000,0.00000000,0.00000000,0.00068388,0.00000000,0.00000000,0.00000000,0.01372304,0.00000000,0.00000000,0.00000000,0.00000000,0.00000000,0.00000000,0.00000000,0.00000000,0.00000000,0.00000000,0.00000000,0.00000000,0.00000000,0.00000000,0.00069722,0.00743949,0.00000000,0.00000000,0.00000000,0.00000000,0.85867707,0.00000000,0.00000000,0.00000000,0.00000000,0.00000000,0.00638251,0.00000000,0.00000000,0.00000000,0.00000000,0.00000000,0.00000000,0.00000000,0.00000000,0.00157916,0.00000000,0.00000000,0.00000000,0.00000000,0.00000000,0.00000000,0.00000000,0.01812044,0.00000000,0.00000000,0.00000000,0.00000000,0.00000000,0.00000000,0.00000000,0.00000000,0.00000000,0.00000000,0.00000000,0.00000000,0.00000000,0.00000000,0.00000000,0.00000000,0.00000000,0.00000000,0.00000000,0.00000000,0.00000000,0.00000000,0.00594322,0.00000000,0.00000000,0.00000000,0.02563889,0.00000000,0.00000000,0.00000000,0.00000000,0.00000000,0.07187439,0.00000000,0.00000000,0.00000000,0.00000000,0.00000000,0.00000000,0.00000000,0.00000000,0.00000000,0.00000000,0.00000000,0.00000000,0.00000000,0.00000000,0.08887773,0.00397672,0.00000000,0.00000000,0.00000000,0.00000000,0.00000000,0.00000000,0.00000000,0.00000000,0.00000000,0.00000000,0.00000000,0.00523145,0.00000000,0.00000000,0.00000000,0.01067482,0.00000000,0.00000000,0.00000000,0.00000000,0.00000000,0.00000000,0.00000000,0.00000000,0.00674789,0.00000000,0.00000000,0.00000000,0.00000000,0.00000000,0.00000000,0.00000000,0.00000000,0.00000000,0.00000000,0.00000000,0.00000000,0.00000000,0.00000000,0.00000000,0.00000000,0.00000000,0.00000000,0.00000000,0.00000000,0.00000000,0.00000000,0.00000000,0.00000000,0.00000000,0.00000000,0.00000000,0.00000000,0.00000000,0.00000000,0.00000000,0.00358018,0.01496180,0.00000000,0.00000000,0.00000000,0.00000000,0.00000000,0.00000000,0.00000000,0.00000000,0.00000000,0.00000000,0.00000000,0.00000000,0.00000000,0.00000000,0.00000000,0.00000000,0.00108499,0.00000000,0.00000000,0.00000000,0.00000000,0.01981612,0.01663598,0.00000000,0.00000000,0.00000000,0.00000000,0.00614682,0.00000000,0.00000000,0.00000000,0.00000000,0.00245349,0.00000000,0.00000000,0.00000000,0.00000000,0.00000000,3.23607639,0.02713882,0.00000000,0.00000000,0.00000000,0.00000000,0.00000000,0.00000000,0.00000000,0.00000000,0.00000000,0.00000000,0.00000000,0.01272726,0.00000000,0.00000000,0.00000000,0.00000000,0.00000000,0.00000000,0.00000000,0.00000000,0.00000000,0.00000000,0.00000000,0.00000000,0.00000000,0.00000000,0.00000000,0.00000000,0.00000000,0.00000000,0.00000000,0.00000000,0.00000000,0.00099710,0.02779755,0.00000000,0.00000000,0.00000000,0.00000000,0.00000000,0.00000000,0.00070409,0.00000000,0.00000000,0.00000000,0.00000000,0.00000000,0.10737099,0.01219089,0.00000000,0.00000000,0.00000000,0.00000000,0.02090066,0.09073797,0.00000000,0.00000000,0.00000000,0.00000000,0.00000000,0.00000000,0.00000000,0.00000000,0.00000000,0.01390450,0.00000000,0.00000000,0.00474865,0.00000000,0.00738895,0.00000000,0.00000000,0.00000000,0.00000000,0.00000000,0.00000000,0.00000000,0.00000000,0.00000000,0.01484344,0.00457198,0.00000000,0.00000000,0.00000000,0.00000000,0.00000000,0.00000000,0.00000000,0.00000000,0.00000000,0.00000000,0.00000000,0.00718155,0.00000000,0.00000000,0.03821915,0.00000000,0.00919624,0.01306547,0.00000000,0.00000000,0.00000000,0.01085725,0.00000000,0.00000000,0.02606466,0.00000000,0.00000000,0.00000000,0.00000000,0.00000000,0.00000000,0.00000000,0.00000000,0.00000000,0.00000000,0.00000000,0.00000000,0.00000000,0.00000000,0.00000000,0.00000000,0.00000000,0.00000000,0.00000000,0.00000000,0.01193326,0.02653279,0.00605347,0.00000000,0.00000000,0.00000000,0.00000000,0.00000000,0.00000000,0.00000000,0.00000000,0.00000000,0.00000000,0.00000000,0.00000000,0.00000000,0.00000000,0.00000000,0.03094461,0.00000000,0.00000000,0.00000000,0.00000000,0.00000000,0.00000000,0.00000000,0.00121447,0.00000000,0.00000000,0.00000000,0.00000000,0.00000000,0.00096738,0.00000000,0.00768036,0.35538018,0.00000000,0.00000000,0.00000000,0.00000000,0.00000000,0.00000000,0.00000000,0.00000000,0.00000000
0.00000000,0.00138732,0.00000000,0.00000000,0.00000000,0.03789451,0.01606586,0.00000000,0.00000000,0.00000000,0.00000000,0.00000000,0.00000000,0.00000000,0.00000000,0.00000000,0.00000000,0.00000000,0.00000000,0.00000000,0.00000000,0.00388442,0.00000000,0.00000000,0.00000000,0.00602523,0.00000000,0.00000000,0.00000000,0.00000000,0.00000000,0.00000000,0.00000000,0.00000000,0.00000000,0.00351437,0.00000000,0.00000000,0.00000000,0.00000000,0.00000000,0.00430722,0.00000000,0.00000000,0.00000000,0.00000000,0.00000000,0.01788040,0.00000000,0.00000000,0.00000000,0.00000000,0.00000000,0.00000000,0.00000000,0.00000000,0.00000000,0.00000000,0.00000000,0.00000000,0.00000000,0.02900151,0.00000000,0.00000000,0.00577394,0.00000000,0.00000000,0.01167280,0.00000000,0.00000000,0.00000000,0.00000000,0.00000000,0.00000000,0.00000000,0.01358196,0.00000000,0.00000000,0.00000000,0.00000000,0.00000000,0.00000000,0.00000000,0.00000000,0.00000000,0.00000000,0.00000000,0.00000000,0.00000000,0.00000000,0.00111735,0.00000000,0.01937227,0.00136797,0.00000000,0.00000000,0.00000000,0.00000000,0.00000000,0.00000000,0.00000000,0.00000000,0.00000000,0.00000000,0.00000000,0.00000000,0.00000000,0.00000000,2.15761558,0.00000000,0.00000000,0.00000000,0.00000000,0.00410678,0.00000000,0.00059978,0.03676297,0.00000000,0.00000000,0.06147832,0.00000000,0.00000000,0.00000000,0.00000000,0.00000000,0.00000000,0.00000000,0.00000000,0.00000000,0.00000000,0.00000000,0.00000000,0.00000000,0.00000000,1.22341457,0.00000000,0.00000000,0.00000000,0.00000000,0.00373392,0.00000000,0.00000000,0.00112215,0.00000000,0.00000000,0.00000000,0.00000000,0.00000000,0.00000000,0.00000000,0.00000000,0.00000000,0.00000000,0.00000000,0.00000000,0.00000000,0.00000000,0.00182014,0.00000000,0.00000000,0.00000000,0.00000000,0.00000000,0.00000000,0.00000000,0.00000000,0.00000000,0.00000000,0.00000000,0.00000000,0.00000000,0.00000000,0.00000000,0.00000000,0.00000000,0.00000000,0.00395252,0.00000000,0.00000000,0.00739096,0.00000000,0.00000000,0.00000000,0.00000000,0.00387109,0.00000000,0.00000000,0.00000000,0.00000000,0.00000000,0.00000000,0.00437307,0.00000000,0.00000000,0.00000000,0.00000000,0.00000000,0.00000000,0.00000000,0.00000000,0.00000000,0.00000000,0.00000000,0.00000000,0.00000000,0.00000000,0.00000000,0.00000000,0.00000000,0.00000000,0.00000000,0.00000000,0.00000000,0.00000000,0.00000000,0.00000000,0.00000000,0.00000000,0.00000000,0.02487594,0.00000000,0.00000000,0.00000000,0.00000000,0.00336725,0.00000000,0.00000000,0.00000000,0.00000000,0.00000000,0.00000000,0.00000000,0.00000000,0.00000000,0.00000000,0.00000000,0.00000000,0.00000000,0.00176216,0.00000000,0.00000000,0.00000000,0.00000000,0.00000000,0.00000000,0.00000000,0.00000000,0.00080268,0.00000000,0.00000000,0.00000000,0.00000000,0.00000000,0.00000000,0.00000000,0.00000000,0.00000000,0.00000000,0.00000000,0.00000000,0.01508034,0.00000000,0.00000000,0.00000000,0.00000000,0.00000000,0.00000000,0.00000000,0.00000000,0.00000000,0.00000000,0.00000000,0.00000000,0.00000000,0.00076863,0.00000000,0.11578286,0.01762817,0.00000000,0.00000000,0.00000000,0.00000000,0.00000000,0.00000000,0.00000000,0.00000000,0.00000000,0.02939484,0.00000000,0.00000000,0.00000000,0.00000000,0.00000000,0.00000000,0.00000000,0.00000000,0.00000000,0.00000000,0.00000000,0.00000000,0.00000000,0.00000000,0.00000000,0.00000000,0.00000000,0.00000000,0.00000000,0.00000000,0.00000000,0.00635362,0.00000000,0.00000000,0.00000000,0.00000000,0.00121332,0.00000000,0.00000000,0.00000000,0.00000000,0.00000000,0.00000000,0.00000000,0.00110538,0.00000000,0.00000000,0.00000000,0.00000000,0.00000000,0.00000000,0.00000000,0.01496910,0.00000000,0.00000000,0.00394590,0.22165997,0.00000000,0.00000000,0.00000000,0.00000000,0.00000000,0.00000000,0.00000000,0.00140521,0.00000000,0.00000000,0.00000000,0.00000000,0.00000000,0.00000000,0.00000000,0.00000000,0.00000000,0.00450268,0.00000000,0.00000000,0.00453746,0.00000000,0.01940320,0.00000000,0.00000000,0.00000000,0.00000000,0.00000000,0.00853101,0.00000000,0.00000000,0.00000000,0.00000000,0.00000000,0.00000000,0.00000000,0.00000000,0.00000000,0.00000000,0.00000000,0.00000000,0.00000000,0.00165754,0.00000000,0.00000000,0.00000000,0.00000000,0.09630861,0.00000000,0.00000000,0.00000000,0.00000000,0.00000000,0.00000000,0.00000000,0.00000000,0.00000000,0.00000000,0.00443799,0.00000000,0.00000000,0.00000000,0.00000000,0.00000000,0.00000000,2.75911618,0.00000000,0.00000000,0.03861377,0.01111310,0.00000000,0.00000000,0.00000000,0.01177202,0.00000000,0.00000000,0.00000000,0.00000000,0.00000000,0.00000000,0.00000000,0.00000000,0.00000000,0.00000000,0.00000000,0.00000000,0.00000000,0.00000000,0.00000000,0.00000000,0.00000000,0.00000000,0.00000000,0.00000000,0.00000000,0.00000000,0.00000000,0.01070004,0.00000000,0.00000000,0.00000000,0.00000000,0.00000000,0.00000000,0.00000000,0.00000000,0.00000000,0.00000000,0.00000000,0.03000268,0.00000000,0.00000000,0.00000000,0.00000000,0.00000000,0.00000000,0.00000000,0.00000000,0.00000000,0.00000000,0.00000000,0.00116101,0.00000000,0.08769528,0.00000000,0.00000000,0.00000000,0.00000000,0.00000000,0.00000000,0.00000000,0.00000000,0.02060691,0.00000000,0.00000000,0.00000000,0.08127339,0.00000000,0.00000000,0.00517773,0.00000000,0.00000000,0.00000000,0.00000000,0.00000000,0.00000000,0.00000000,0.00000000,0.00000000,0.00000000,0.00000000,0.00000000,0.00000000,0.01839569,0.00000000,0.00000000,0.00090467,0.00234199,0.00000000,0.00000000,0.04100118,0.00000000,0.00000000,0.24282077,0.00000000,0.00000000,0.00000000,0.00000000,0.00000000,0.00000000,0.00000000,0.00000000,0.00000000,0.00410444,0.00180134,0.00000000,0.01002142,0.00000000,0.01707224,0.00000000,0.00000000,0.05866553,0.00000000,0.00000000,0.00000000,0.00000000,0.00000000,0.00000000,0.00000000,0.00000000,0.00000000,0.11540356,0.00000000,0.04148589,0.02177249,0.00000000,0.00000000,0.00000000,0.00000000,0.00000000,0.00000000,0.00000000,0.00000000,0.00000000,0.00000000,0.00000000,0.00000000,0.00554167,0.00000000,0.00000000,0.00000000,0.00000000,0.00824398,0.00000000,0.00000000,0.00000000,0.00000000,0.00000000,0.00182671,0.00438599,0.00000000,0.00000000,0.00000000,0.00000000,0.00000000,0.00000000,0.00000000,0.00423430,0.00000000,0.00000000,0.00000000,0.00000000,0.00308247,0.00000000,0.00000000,0.00000000,0.00000000,0.00000000,0.00000000,0.00000000,0.00000000,0.00379936,0.00000000,0.00000000,0.13137895,0.00000000,0.00000000,0.00000000,0.00000000,0.00000000,0.00000000,0.00000000,0.00000000,0.00000000,0.00000000,0.00000000,0.00000000,0.00000000,0.00000000,0.00000000,0.00000000,1.01364978,0.00000000,0.00000000,0.00000000,0.06243189,0.00000000,0.00000000,0.00000000,0.00000000,0.00000000,0.00000000,0.00000000,0.00000000,0.00000000,0.00000000,0.00000000,0.00000000,0.00000000,0.00000000,0.00000000,0.00000000,0.00000000,0.01182406,0.00000000,0.00000000,0.00000000,0.00000000,0.00000000,0.00000000,0.00000000,0.00000000,0.00000000,0.00000000,0.00000000,0.00000000,0.00000000,0.00000000,0.01080948,0.00000000,0.00000000,0.00000000,0.00000000,0.00000000,0.00000000,0.00000000,0.00000000,0.00000000,0.00091709,0.00000000,0.00000000,0.00000000,0.00000000,0.00000000,0.00000000,0.00000000,0.01171599,0.00000000,0.00000000,0.00000000,0.00000000,0.00000000,0.00000000,0.02084945,0.00000000,0.00000000,0.00000000,0.00000000,0.00000000,0.00000000,0.08730854,0.00000000,0.00000000,0.00000000,0.00000000,0.00000000,0.00000000,0.00000000,0.00000000,0.00000000,0.00000000,0.00000000,0.00000000,0.00365836,0.00000000,0.00406269,0.00000000,0.00176646,0.00127628,0.00000000,0.00000000,0.00000000,0.00000000,0.00000000,0.00000000,0.00000000,0.00000000,0.00000000,0.00000000,0.00000000,0.00000000,0.04177724,0.00000000,0.00000000,0.00000000,0.00000000,0.00000000,0.00000000,0.00000000,0.00000000,0.00000000,0.00000000,0.00000000,0.00000000,0.00000000,0.00000000,0.01735672,0.00000000,0.00000000,0.00000000,0.00000000,0.00000000,0.00000000,0.00000000,0.00000000,0.00000000,0.00000000,0.00000000,0.00000000,0.00086830,0.00000000,0.00000000,0.00000000,0.04826746,0.00870656,0.00000000,0.00000000,0.00000000,0.00563841,0.00000000,0.00000000,0.01395417,0.00000000,0.00000000,0.00000000,0.00000000,0.00000000,0.00000000,0.00000000,0.00000000,0.00000000,0.00000000,0.00000000,0.00000000,0.00000000,0.01835209,0.00000000,0.00000000,0.00000000,0.00000000,0.00247694,0.00139706,0.00000000,0.00000000,0.00000000,0.00000000,0.26891893,0.00685043,0.00000000,0.00000000,0.00000000,0.00000000,0.00000000,0.01730837,0.00272946,0.00112182,0.18073605,0.00000000,0.00000000,0.07169403,0.00943350,0.00000000,0.00000000,0.00000000,0.00000000,0.00000000,0.00471899,0.00000000,0.00000000,0.00000000,0.00000000,0.00000000,0.00000000,0.00000000,0.00000000,0.00000000,0.00000000,0.00000000,0.00000000,0.00000000,0.00000000,0.00000000,0.00000000,0.00000000,0.00000000
0.00000000,0.00000000,0.00000000,0.00000000,0.00000000,0.00000000,0.00000000,0.00000000,0.00000000,0.00000000,0.00000000,0.00000000,0.00491865,0.00000000,0.00000000,0.00000000,0.00000000,0.00000000,0.00000000,0.00000000,0.00000000,0.00000000,0.00000000,0.00000000,0.00000000,0.00000000,0.00000000,0.00000000,0.00000000,0.00110143,0.00000000,0.00000000,0.00000000,0.00000000,0.00000000,0.00000000,0.01263375,0.00000000,0.00894736,0.00000000,0.00000000,0.00000000,0.00000000,0.00000000,0.00000000,0.00000000,0.00000000,0.00000000,0.00277032,0.00000000,0.00000000,0.00000000,0.00000000,0.00000000,0.00067266,0.00000000,0.00000000,0.00000000,0.00000000,0.00000000,0.00000000,0.00000000,0.00000000,0.00000000,0.00000000,0.00000000,0.00000000,0.00000000,0.00000000,0.00000000,0.00000000,0.00000000,0.00000000,0.00000000,0.01192663,0.00000000,0.00000000,0.00000000,0.00123003,0.00000000,0.00000000,0.00000000,0.00000000,0.00000000,0.00000000,0.00000000,0.00000000,0.00000000,0.00000000,0.00495035,0.05281026,0.00000000,0.00000000,0.00427693,1.24917895,0.00740750,0.00000000,0.00000000,0.00000000,0.00000000,0.00000000,0.00000000,0.00000000,0.00056885,0.00000000,0.00000000,0.00000000,0.00000000,0.00000000,0.00000000,0.00000000,0.04406006,0.00000000,0.19444333,0.00000000,0.00000000,0.00000000,0.00000000,0.00252130,0.00000000,0.00000000,0.00000000,0.00000000,0.00000000,0.00000000,0.00000000,0.00000000,0.00000000,0.00000000,0.00000000,0.00000000,0.00256586,0.00000000,0.00000000,0.00000000,0.00418640,0.00000000,0.00000000,0.00233049,0.00000000,0.00000000,0.00000000,0.00000000,0.00329607,0.00000000,0.00000000,0.00000000,0.00000000,0.00000000,0.00000000,0.00108849,0.00000000,0.00000000,0.00000000,0.00000000,0.00000000,0.00000000,0.00000000,0.00000000,0.00000000,0.00000000,0.00000000,0.00000000,0.00000000,0.00000000,0.00000000,0.00000000,0.00000000,0.00000000,0.00000000,0.00000000,0.01031120,0.00000000,0.00000000,0.00993528,0.00000000,0.00000000,0.00000000,0.00000000,0.00000000,0.00671970,0.00000000,0.00000000,0.00000000,0.00000000,0.01488929,0.00000000,0.18695076,0.00000000,0.00000000,0.00000000,0.00000000,0.00000000,0.00000000,0.00000000,0.00000000,3.02215717,0.00000000,0.06253474,0.00000000,0.00000000,0.02198469,0.00000000,0.00000000,0.00339829,0.00000000,0.00000000,0.00000000,0.00000000,0.00000000,0.00000000,0.00000000,0.00000000,0.31216568,0.00000000,0.00224397,0.00000000,0.00000000,0.00000000,0.00000000,0.00000000,0.00000000,0.00000000,0.00336725,0.00000000,0.00150612,0.00000000,0.00000000,0.95478544,0.00000000,0.00000000,0.00000000,0.07606034,0.00000000,0.00000000,0.00000000,0.09085174,0.00000000,0.00432149,0.00000000,0.00000000,0.00000000,0.00000000,0.00000000,0.00000000,0.00000000,0.00000000,0.00000000,0.00000000,0.00000000,0.00000000,0.00000000,0.00000000,0.00000000,0.00316148,0.00000000,0.00000000,0.00000000,0.00000000,0.00000000,0.00000000,0.00000000,0.00000000,0.00000000,0.00000000,0.00000000,0.00000000,0.00000000,0.00472079,0.00000000,0.00000000,0.00635185,0.01843968,0.00000000,0.00000000,0.00864543,0.00000000,0.00000000,0.03021904,0.00000000,0.00000000,0.00000000,0.00338624,0.00594899,0.00000000,0.00000000,0.00000000,0.00000000,0.00000000,0.00000000,0.00000000,0.00247795,0.00000000,0.00000000,0.00000000,0.00000000,0.00000000,0.00000000,0.00000000,0.00887494,0.00000000,0.00000000,0.00000000,0.00000000,0.03131724,0.00000000,0.00000000,0.00000000,0.00000000,0.00000000,0.00000000,0.03884690,0.00000000,0.00000000,0.00000000,0.00000000,0.00000000,0.00000000,0.00000000,0.00000000,0.00101078,0.00000000,0.00000000,0.00000000,0.00000000,0.00000000,0.00932505,0.00000000,0.00000000,0.00000000,0.00000000,0.00000000,0.00000000,0.00000000,0.00000000,0.09703383,0.00000000,0.00000000,0.00000000,0.00000000,0.00000000,0.00000000,0.00000000,0.00000000,0.00000000,0.00000000,0.00145246,0.00000000,0.00000000,0.00000000,0.00000000,0.00046510,0.00000000,0.00000000,0.00000000,0.06412236,0.00000000,0.00000000,0.00000000,0.00000000,0.00000000,0.00000000,0.00000000,0.00000000,0.00000000,0.00000000,0.00000000,0.00000000,0.00549808,0.00000000,0.00000000,0.00494857,0.00000000,0.00000000,0.00000000,0.00000000,0.00000000,0.00000000,0.00000000,0.00000000,0.00000000,0.00000000,0.00229724,0.00000000,0.00000000,0.00000000,0.00000000,0.00000000,0.00297391,0.00000000,0.00234092,0.00265865,0.00000000,0.00000000,0.00000000,0.00000000,0.00000000,0.04276400,0.00000000,0.00000000,0.00000000,0.00000000,0.00000000,0.00000000,0.00000000,0.00000000,0.00000000,0.00000000,0.00900076,0.00000000,0.00000000,0.00000000,0.00000000,0.00000000,0.00000000,0.01022640,0.00000000,0.00000000,0.00000000,0.00000000,0.00000000,0.00000000,0.00000000,0.00000000,0.00000000,0.01588164,0.00000000,0.14406532,0.00000000,0.00000000,0.02951102,0.07605752,0.00000000,0.01719892,0.00000000,0.00000000,0.00000000,0.00000000,0.00000000,0.00000000,0.00000000,0.00000000,0.00000000,0.00000000,0.00000000,0.00000000,0.00432217,0.00000000,0.00000000,0.00000000,0.00000000,0.00000000,0.00000000,0.00000000,0.00000000,0.00000000,0.00000000,0.00000000,0.00000000,0.00000000,0.00000000,0.00073081,0.00000000,0.00000000,0.00000000,0.00000000,0.00000000,0.00000000,0.00000000,0.00000000,0.00000000,0.00000000,0.00000000,0.00000000,0.00945578,0.00000000,0.00000000,0.02789583,0.00000000,0.00000000,0.00801182,0.00000000,0.00000000,0.00000000,0.00000000,0.00000000,0.00000000,0.00000000,0.00000000,0.00000000,0.00000000,1.35533782,0.15659827,0.00000000,0.00000000,0.01500567,0.00000000,0.00000000,0.00000000,0.00476617,0.03833953,0.00000000,0.00000000,0.00000000,0.00000000,0.00000000,0.00000000,0.00000000,0.00000000,0.00000000,0.00000000,0.00000000,0.00000000,0.09927689,0.00000000,0.00000000,0.00000000,0.00000000,0.00683890,0.00000000,0.00434106,0.00000000,0.00000000,0.00000000,0.00000000,0.00000000,0.00000000,0.00000000,0.00000000,0.00000000,0.00000000,0.00000000,0.00000000,0.00000000,0.00000000,0.00000000,0.00000000,0.00000000,0.00000000,0.00000000,0.00000000,0.01314729,0.00000000,0.00000000,0.00000000,0.00000000,0.00000000,0.00000000,0.00000000,0.04753044,0.00000000,0.00000000,0.00000000,0.00000000,0.00000000,0.00000000,0.00000000,0.00000000,0.00000000,0.00000000,0.00000000,0.00000000,0.00000000,0.00000000,0.00000000,0.00000000,0.00000000,0.00000000,0.00000000,0.11442682,0.00000000,0.00000000,0.00000000,0.00000000,0.00000000,0.00000000,0.33499170,0.00000000,0.00000000,0.00000000,0.00000000,0.00000000,0.00000000,0.00000000,0.03418526,0.00000000,0.00000000,0.00000000,0.00000000,0.00000000,0.00000000,0.00000000,0.00000000,0.00000000,0.00379458,0.00000000,0.00000000,0.00091078,0.00000000,0.00000000,0.03245557,0.00000000,0.00000000,0.00000000,0.00000000,0.00000000,0.00000000,0.00000000,0.00000000,0.00000000,0.00000000,0.00000000,0.00000000,0.00000000,0.00000000,0.00383807,0.00000000,0.01678075,0.00000000,0.00000000,0.00000000,0.00000000,0.00762550,0.00000000,0.00000000,0.00000000,0.00000000,0.00000000,0.00000000,0.00000000,0.05053146,0.00000000,0.00000000,0.14989488,0.00000000,0.05002684,0.00000000,0.00000000,0.00000000,0.00000000,0.00000000,0.00000000,2.00020599,0.00000000,0.00000000,0.00000000,0.00000000,0.00000000,0.00000000,0.00000000,0.00000000,0.00000000,0.00000000,0.00000000,0.00000000,0.00000000,0.00000000,0.00000000,0.00000000,0.00000000,0.00000000,0.00000000,0.00000000,0.00000000,0.00000000,0.00519279,0.00000000,0.00000000,0.00000000,0.00145850,0.00000000,0.00000000,0.00000000,0.00000000,0.00000000,0.00000000,0.00000000,0.00000000,0.00656453,0.00000000,0.00000000,0.00285472,0.00000000,0.00288430,0.00000000,0.00000000,0.00000000,0.00000000,0.00000000,0.00000000,0.00000000,0.00000000,0.00000000,0.00000000,0.00000000,0.00000000,0.00000000,0.00000000,0.00000000,0.00000000,0.00000000,0.00000000,0.00000000,0.00000000,0.00000000,0.00000000,0.00000000,0.00000000,0.00000000,0.00000000,0.00000000,0.00000000,0.00000000,0.00000000,0.00000000,0.00000000,0.00000000,0.00000000,0.00000000,0.00000000,0.00000000,0.00000000,0.00000000,0.00000000,0.00000000,0.00508811,0.00000000,0.00000000,0.00000000,0.00000000,0.00000000,0.00000000,0.00000000,0.00000000,0.00000000,0.00000000,0.00000000,0.00000000,0.00000000,0.00000000,0.00000000,0.00000000,0.00000000,0.00000000,0.00000000,0.00000000,0.00000000,0.00000000,0.00000000,0.00000000,0.00000000,0.00000000,0.00000000,0.00000000,0.00000000,0.00000000,0.00000000,0.00000000,0.00000000,0.00000000,0.00000000,0.00000000,0.00000000,0.00000000,1.10609264,0.00639949,0.00101107,0.00000000,0.00000000,0.04080963,0.00000000,0.00554957,0.00000000,0.00234438,0.00000000,0.00000000,0.00000000,0.00000000,0.00000000,0.00000000,0.00000000,0.00000000,0.00000000,0.00000000,0.00000000,0.00000000,0.00000000,0.00000000,0.00000000,0.14147369,0.00000000,0.00000000,0.00000000,0.00000000,0.00000000,0.00000000,0.00184550,0.00000000,0.00000000,0.00183399
0.00000000,0.00000000,0.00000000,0.00000000,0.00000000,0.00000000,0.00000000,0.00000000,0.00000000,0.00000000,0.00000000,0.00000000,0.00000000,0.00000000,0.00000000,0.00000000,0.00000000,0.00000000,0.00000000,0.00000000,0.00000000,0.00310159,0.00000000,0.00000000,0.04433549,0.00000000,0.00000000,0.00000000,0.00000000,0.00000000,0.00000000,0.00000000,0.00000000,0.00000000,0.00000000,0.00000000,0.00000000,0.00000000,0.00000000,0.00000000,0.00000000,0.00000000,0.00000000,0.00000000,0.00320418,0.00000000,0.00000000,0.00540067,0.00000000,0.00000000,0.00000000,0.00000000,0.00000000,0.00000000,0.07608901,0.00000000,0.00000000,0.00034738,0.00000000,0.00000000,0.00000000,0.00000000,0.00170330,0.00000000,0.00000000,0.00000000,0.00000000,0.00000000,0.00000000,0.00000000,0.00000000,0.00000000,0.00000000,0.00000000,0.00000000,0.00000000,0.00000000,0.00000000,0.00000000,0.00000000,0.01686989,0.16196959,0.00000000,0.01679228,0.00395116,0.00000000,0.00000000,0.00000000,0.00000000,0.00000000,0.00000000,0.00000000,0.00000000,0.00000000,0.00000000,0.00399429,0.00000000,0.00000000,0.00674164,0.00000000,0.01489865,0.00000000,0.00000000,0.00000000,0.00000000,0.00000000,0.00000000,0.00000000,0.00000000,0.00000000,0.00000000,0.00000000,0.00000000,0.00000000,0.00000000,0.00000000,0.00000000,0.00000000,0.00000000,0.00000000,0.00000000,0.00000000,0.00000000,0.08321534,0.00000000,0.00000000,0.00000000,0.00000000,0.00000000,0.00668047,0.00000000,0.00000000,0.00000000,0.00000000,0.00000000,0.00000000,0.00000000,0.01946917,0.00000000,0.00000000,0.00000000,0.00000000,0.00000000,0.00000000,0.00000000,0.00000000,0.00000000,0.06010183,0.00000000,0.00000000,0.00000000,0.00000000,0.00000000,0.00767844,0.00000000,0.00000000,0.00575068,0.00000000,0.00000000,0.00000000,0.00000000,0.00000000,0.00000000,0.00000000,0.00000000,0.00000000,0.00000000,0.00000000,0.00000000,0.00000000,0.00000000,0.00000000,0.00000000,0.00000000,0.00000000,0.00000000,0.00000000,0.00000000,0.00247961,0.00000000,0.00000000,0.00000000,0.00000000,0.00000000,0.00000000,0.00000000,0.00000000,2.49785825,0.00000000,0.00000000,0.00000000,0.00000000,0.00000000,0.00000000,0.00093413,0.00000000,0.00000000,0.00000000,0.00000000,0.00000000,0.00000000,0.00000000,0.00000000,0.00000000,0.00000000,0.00000000,0.00000000,0.00000000,0.00000000,0.00000000,0.00000000,0.00000000,0.00000000,0.00000000,0.00000000,0.00000000,0.00000000,0.00000000,0.00737636,0.00000000,0.00000000,0.00000000,0.00000000,0.00000000,0.00150612,0.00000000,0.00000000,0.00000000,0.06027347,0.00000000,1.04065837,0.00237743,0.00000000,0.00000000,0.00000000,0.00000000,0.00272639,0.00000000,0.00000000,0.00000000,0.00000000,0.00000000,0.00000000,0.00000000,0.00000000,0.00000000,0.00000000,0.00000000,0.00000000,0.00000000,0.00000000,0.00000000,0.00000000,0.00000000,0.00000000,0.00000000,0.00000000,0.00000000,0.00000000,0.00000000,0.00152180,0.00000000,0.00000000,0.00000000,0.00000000,0.00000000,0.00000000,0.00000000,0.00000000,0.00000000,0.00000000,0.11464373,0.00000000,0.00000000,0.00000000,0.00000000,0.00000000,0.00000000,0.00512035,0.00000000,0.00000000,0.00000000,0.00000000,0.00000000,0.00000000,0.00000000,0.00000000,0.00000000,0.00000000,0.00089199,0.00000000,0.00000000,0.00000000,0.00000000,0.00000000,0.08117159,0.45121079,0.00000000,0.00000000,0.00188586,0.00000000,0.00000000,0.00000000,0.00000000,0.00000000,0.00000000,0.00000000,0.00000000,0.00000000,0.00000000,0.00000000,0.00000000,0.00000000,0.00000000,0.00000000,0.00000000,0.00000000,0.00000000,0.03429591,0.00000000,0.00824398,0.00000000,0.00000000,0.00000000,0.00451669,0.00000000,0.00000000,0.00000000,0.00000000,0.00220893,0.00000000,0.00000000,0.00000000,0.00000000,0.00000000,0.00000000,0.00000000,0.00000000,0.00243717,0.00000000,0.00000000,0.00000000,0.00000000,0.19747895,0.00000000,0.00000000,0.00000000,0.00192307,0.00000000,0.00000000,0.00000000,0.00000000,0.00000000,0.00000000,0.00000000,0.00000000,0.00000000,0.00000000,0.00000000,0.00000000,0.00000000,0.00000000,0.00000000,0.00370573,0.00000000,0.00000000,0.00000000,0.00000000,0.00000000,0.00000000,0.00000000,0.00000000,0.01056703,0.00000000,0.00000000,0.00000000,0.00000000,0.00000000,0.00000000,0.00000000,0.00000000,0.00000000,0.00000000,0.00000000,0.00000000,0.00000000,0.00000000,0.00000000,0.13743172,0.00000000,0.00000000,0.00000000,0.00180626,0.00000000,0.00000000,0.01771751,0.00000000,0.10641769,0.00000000,0.00000000,0.00347023,0.00000000,0.00000000,0.00000000,0.00000000,0.03591986,0.00000000,0.00000000,0.00632811,0.00000000,0.00000000,0.00000000,0.00000000,0.00000000,0.00000000,0.00000000,0.00000000,0.00000000,0.01293156,0.01012942,0.00000000,0.00000000,0.00000000,0.00000000,0.00000000,0.00000000,0.00000000,0.00000000,0.00000000,0.00000000,0.00000000,0.00000000,0.00000000,0.00000000,0.00562685,0.00000000,0.00000000,0.00000000,0.00000000,0.00000000,0.00000000,0.25029142,0.00000000,0.00000000,0.00000000,0.00000000,0.00000000,0.00000000,0.00000000,0.00000000,0.00000000,0.00455850,0.00000000,0.00000000,0.00000000,0.00000000,0.01239545,0.00000000,0.00000000,0.00000000,0.00000000,0.00000000,0.00462255,0.00000000,0.00000000,0.00000000,0.00000000,0.00000000,0.00000000,0.00000000,0.00000000,0.00000000,0.00000000,0.00000000,0.00000000,0.00000000,0.00000000,0.00000000,0.00754474,0.00464282,0.00000000,0.00000000,0.00000000,0.00000000,0.00000000,0.00000000,0.00000000,0.00000000,0.00974974,0.00000000,0.00000000,0.03273484,0.00000000,0.00000000,0.00000000,0.00000000,0.00000000,0.00000000,0.00000000,0.01315423,0.00000000,0.00000000,0.00000000,0.00000000,0.00308247,0.00000000,0.00000000,0.00000000,0.00000000,0.00000000,0.00000000,0.00000000,0.01328391,0.00000000,0.00000000,0.00000000,0.00000000,0.00000000,0.00000000,0.00000000,0.00000000,0.00000000,0.00000000,0.00000000,0.00000000,0.00000000,0.00000000,0.00000000,0.00000000,0.00000000,0.00000000,0.00000000,0.00000000,0.00000000,0.00000000,0.00000000,0.00000000,0.00000000,0.39473228,0.00000000,0.00000000,0.00942785,0.00000000,0.00000000,0.00000000,0.00000000,0.00000000,0.00000000,0.00501796,0.00000000,0.00000000,0.00000000,0.00476910,0.00000000,0.00000000,0.00000000,0.00000000,0.00000000,0.00000000,0.00000000,0.00000000,0.00000000,0.00000000,0.00289035,0.00000000,0.03623164,0.17775072,0.00000000,0.00000000,0.00000000,0.00000000,0.00000000,0.00083626,0.00000000,0.00000000,0.00000000,0.00000000,0.00000000,0.00000000,0.00000000,0.01571182,0.00000000,0.00000000,0.00000000,0.00000000,0.00000000,0.00000000,0.00000000,0.00000000,0.00129544,0.00000000,0.00000000,0.00000000,0.00175398,0.00000000,0.00000000,0.00000000,0.00000000,0.00000000,0.00000000,0.00000000,0.00476008,0.00000000,0.00000000,0.00000000,0.00968788,0.00000000,0.00000000,0.00000000,0.00000000,0.00000000,0.00000000,0.00000000,0.00000000,0.00258826,0.00000000,0.00000000,0.00000000,0.00000000,0.01229279,0.00000000,0.00000000,0.00000000,0.00000000,0.00169473,0.00000000,0.00000000,0.00000000,0.01216762,2.09539570,0.00330006,0.00000000,0.00000000,0.00000000,0.00000000,0.00000000,0.00000000,0.00000000,0.00000000,0.00000000,0.00000000,0.00085829,0.00000000,0.00000000,0.00000000,0.00000000,4.28378752,0.00000000,0.00000000,0.00000000,0.00000000,0.00518474,0.00000000,0.00000000,0.00000000,0.00000000,0.00000000,0.00000000,0.00000000,0.00000000,0.00000000,0.00000000,0.00000000,0.00000000,0.00000000,0.00000000,0.00000000,0.00000000,0.00000000,0.00367763,0.00000000,0.00000000,0.00000000,0.00000000,0.00107380,0.00000000,0.00000000,0.00000000,0.00000000,0.00000000,0.00000000,0.00000000,0.00000000,0.01163225,0.00000000,0.00000000,0.00000000,0.00000000,0.00000000,0.00000000,0.00000000,0.00000000,0.00000000,0.00864342,0.05478932,0.00000000,0.00000000,0.00259509,0.04153145,0.00000000,0.00000000,0.00000000,0.00000000,0.00000000,0.00000000,0.00211191,0.00000000,0.00000000,0.00000000,0.00000000,0.00000000,0.00000000,0.00105272,0.00000000,0.00000000,0.00000000,0.00000000,0.00000000,0.00000000,0.00000000,0.00000000,0.00000000,0.00000000,0.00000000,0.00000000,0.02206125,0.00000000,0.00000000,0.00000000,0.00495670,0.00000000,0.00000000,0.00000000,0.00000000,0.00000000,0.00000000,0.00000000,0.00000000,0.06454384,0.00000000,0.00000000,0.00000000,0.00000000,0.00000000,0.69274226,0.04555238,0.00198690,0.00000000,0.00116618,0.00000000,0.00000000,0.00000000,0.00000000,0.00000000,0.04734494,0.00415983,0.00000000,0.00831873,0.00000000,0.06559873,0.00000000,0.00000000,0.00000000,0.00000000,0.00000000,0.00000000,0.00000000,0.00000000,0.00000000,0.00000000,0.00000000,0.00000000,0.00000000,0.00000000,0.00000000,0.00000000,0.00000000,0.00000000,0.00000000,0.00000000,0.00000000,0.00762831,0.00000000,0.00000000,0.00000000,0.00000000,0.00000000,0.00000000,0.03978575,0.00000000,0.00000000,0.00713588,0.03770528,0.00570718,0.00000000,0.00000000,0.00000000,0.02080890,0.00000000,0.00000000
0.00000000,0.01412164,0.00000000,0.00262659,0.00000000,0.00000000,0.00000000,0.00000000,0.00000000,0.00000000,0.00179061,0.00291550,0.00000000,0.00000000,0.00000000,0.00584604,0.00069634,0.00000000,0.00000000,0.07201307,0.00000000,0.00000000,0.00000000,0.00000000,0.00000000,0.00000000,0.00000000,0.00000000,0.00000000,0.00000000,0.00000000,0.00000000,0.00000000,0.00000000,0.00000000,0.00000000,0.00000000,0.00000000,0.00000000,0.00000000,0.00000000,0.00000000,0.00000000,0.00000000,0.00000000,0.00000000,0.03722926,0.00000000,0.00000000,0.00000000,0.00000000,0.00000000,0.00599772,0.00000000,0.00000000,0.00000000,0.00000000,0.00000000,0.00000000,0.00000000,0.00000000,0.00000000,0.00338673,0.00000000,0.01894945,0.04580007,0.00188889,0.00000000,0.00000000,0.00000000,0.00852243,0.00000000,0.00174429,0.00997013,0.00000000,0.00000000,0.00000000,0.00000000,0.00000000,0.00000000,0.00000000,0.00000000,0.00000000,0.00000000,0.00000000,0.00000000,0.00000000,0.00000000,0.00000000,0.00000000,0.00000000,0.00120699,0.00000000,0.00139747,4.51185949,0.00000000,0.00000000,0.00000000,0.00000000,0.00000000,0.00000000,0.00000000,0.00000000,0.01317820,0.00000000,0.00000000,0.00000000,0.00000000,0.00000000,0.00000000,0.00000000,0.00521258,0.00000000,0.00000000,0.00000000,0.00000000,0.00000000,0.00000000,0.00067647,0.07100750,0.00000000,0.00000000,0.00000000,0.00000000,0.00000000,0.00000000,0.00000000,0.00000000,0.00000000,0.00000000,0.00000000,0.00000000,0.00000000,0.00000000,0.00000000,0.00000000,0.00000000,0.00000000,0.00000000,0.00768432,0.00000000,0.00000000,0.00000000,0.00000000,0.00000000,0.00000000,0.00000000,0.00000000,0.00000000,0.00000000,0.00000000,0.00000000,0.00000000,0.00000000,0.00057042,0.00000000,0.00891252,0.00158205,0.00000000,0.00000000,0.00000000,0.00000000,0.00608548,0.00000000,0.00000000,0.00000000,0.00000000,0.00000000,0.00000000,0.00000000,0.00000000,0.00000000,0.00000000,0.00000000,0.00000000,0.00000000,0.00000000,0.00000000,0.00000000,0.00000000,0.00000000,0.00095699,0.00000000,0.04742621,0.00000000,0.00000000,0.00062707,0.00000000,0.01250675,0.00000000,0.00000000,0.00000000,0.01267681,0.00000000,0.00000000,0.40166958,0.00000000,0.00000000,0.00603721,0.00000000,0.00000000,0.00000000,0.00000000,0.00000000,0.00000000,0.00000000,0.00000000,0.00000000,0.00000000,0.00000000,0.00000000,0.00000000,0.00000000,0.05673171,0.00000000,0.00000000,0.00000000,0.00000000,0.00000000,0.00000000,0.00000000,0.00000000,0.00000000,0.00000000,0.00000000,0.00000000,0.00000000,0.00000000,0.00000000,0.00000000,0.00000000,0.00000000,0.00000000,0.00000000,0.00000000,0.00000000,0.00000000,0.00000000,0.00000000,0.00000000,0.00000000,0.00000000,0.00000000,0.00000000,0.00000000,0.00000000,0.00000000,0.00000000,0.00000000,0.00000000,0.00000000,0.00000000,0.00000000,0.00000000,0.00000000,0.00000000,0.00000000,0.00000000,0.00430621,0.00000000,0.00000000,0.00898862,0.00000000,0.00633137,0.00000000,0.00000000,0.00000000,0.00000000,0.00000000,0.00000000,0.00000000,0.07012477,0.00000000,0.00000000,0.00000000,0.00000000,0.00000000,0.00000000,0.00000000,0.00000000,0.09213410,0.00161774,0.00000000,0.00000000,0.00000000,0.00297391,0.00000000,0.00000000,0.00000000,0.00000000,0.00000000,0.00000000,0.00000000,0.00000000,0.00000000,0.10254250,0.05338871,0.00000000,0.00000000,0.00364523,0.00000000,0.01361638,0.00000000,0.00511377,0.00000000,0.00000000,0.00000000,0.00000000,0.00000000,0.01075930,0.00000000,0.00000000,0.00687749,0.00000000,0.00000000,0.00255635,0.00000000,0.00000000,0.00000000,0.00000000,0.04671544,0.00000000,0.00000000,0.00000000,0.00000000,0.00000000,0.00000000,0.00000000,0.00000000,1.38347689,0.00000000,0.00000000,0.00000000,0.00000000,0.00000000,0.10345022,0.00000000,0.00000000,0.00000000,0.00000000,0.00000000,0.28272206,0.00000000,0.00000000,0.00000000,0.00000000,0.00000000,0.00000000,0.00000000,0.00000000,0.00000000,0.00000000,0.00000000,0.00000000,0.00000000,0.03162451,0.00000000,0.00000000,0.00000000,0.00000000,0.00000000,0.00000000,0.00848868,0.00000000,0.00000000,0.68014449,0.00000000,0.00000000,0.00000000,0.00000000,0.00172860,0.04659785,0.00000000,0.00000000,0.00000000,0.00000000,0.00000000,0.00000000,0.00000000,0.00000000,0.00000000,0.00000000,0.00000000,0.00000000,0.00000000,0.00000000,0.00000000,0.00000000,0.00000000,0.00825749,0.00000000,0.00000000,0.00000000,0.00000000,0.00000000,0.00000000,0.00000000,0.00000000,0.00077145,0.00000000,0.00000000,0.00000000,0.00000000,0.00000000,0.00000000,0.00000000,0.00000000,0.00000000,0.00000000,0.00000000,0.00000000,0.00000000,0.00000000,0.00119524,0.00000000,0.00000000,0.00000000,0.00000000,0.00000000,0.00000000,0.00000000,0.00000000,0.00000000,0.00000000,0.00000000,0.52120252,0.00000000,0.00000000,0.00000000,0.00504942,0.00000000,0.00000000,0.00000000,0.00000000,0.00000000,0.00000000,0.00000000,0.00000000,0.00000000,0.00000000,0.00000000,0.00000000,0.00000000,0.00000000,0.00000000,0.00000000,0.00000000,0.00000000,0.00000000,0.13726804,0.00000000,0.00000000,0.00000000,0.00000000,0.00000000,0.00000000,0.00000000,0.00000000,0.00000000,0.00000000,0.00000000,0.00000000,0.00000000,0.00000000,0.00000000,0.00000000,0.00000000,0.00000000,0.00000000,0.00000000,0.00000000,0.06000173,0.00000000,0.00000000,0.00000000,0.00000000,0.07849099,0.00000000,0.00000000,0.00000000,0.00000000,0.00085838,0.00000000,0.00000000,0.00000000,0.00000000,0.00000000,0.01253279,0.00000000,0.00000000,0.00000000,0.00089525,0.00000000,0.00000000,0.00000000,0.00000000,0.00716689,0.00000000,0.00000000,0.00000000,0.00000000,0.00000000,0.00000000,0.00000000,0.00391425,0.00000000,0.00000000,0.00000000,0.00000000,0.00000000,0.00000000,0.00000000,0.00000000,0.00000000,0.00000000,2.65901389,0.00000000,0.05483871,0.00000000,0.00000000,0.00000000,0.00000000,0.00000000,0.00000000,0.00000000,0.00000000,0.00000000,0.00000000,0.00000000,0.01014009,0.00000000,0.00000000,0.00000000,0.00000000,0.00000000,0.00000000,0.00000000,0.00000000,0.01269108,0.00000000,0.00000000,0.00000000,0.00000000,0.00000000,0.00000000,0.00000000,0.00000000,0.00000000,0.00000000,0.00000000,0.00000000,0.00000000,0.00000000,0.00000000,0.00000000,0.00000000,0.00000000,0.00000000,0.00000000,0.00000000,0.00000000,0.00000000,0.00000000,0.00000000,0.00000000,0.00000000,0.00000000,0.00000000,0.00000000,0.00000000,0.00000000,0.00000000,0.00000000,0.00000000,0.00000000,0.00000000,0.00000000,0.00000000,0.02613246,0.00000000,0.00000000,0.00000000,0.67890970,0.00000000,0.01467574,0.00000000,0.00000000,0.00000000,0.00000000,0.00000000,0.00000000,0.00000000,0.04230512,0.00000000,0.00545458,0.00000000,0.00000000,0.00000000,0.00000000,0.00000000,0.00000000,0.00000000,0.00000000,0.00000000,0.00000000,0.00000000,0.00000000,0.00000000,0.00000000,0.00423484,0.00000000,0.00000000,0.00000000,0.00000000,0.00000000,0.00000000,0.00000000,0.00000000,0.00000000,0.00000000,1.48834431,0.00000000,0.00070142,0.00000000,0.00000000,0.00000000,0.00000000,0.00000000,0.00000000,0.00000000,0.00000000,0.00000000,0.00000000,0.00000000,0.00857849,0.00000000,0.00000000,0.00245180,0.00000000,0.00000000,0.00000000,0.00000000,0.00000000,0.00000000,0.00000000,0.00000000,0.00000000,0.00000000,0.00000000,0.00000000,0.00000000,0.00000000,0.00000000,0.00000000,0.00000000,0.00000000,0.00000000,0.00000000,0.00380934,0.00000000,0.00000000,0.00000000,0.00000000,0.00000000,0.00000000,0.00000000,0.00000000,0.00000000,0.00000000,0.00000000,0.00070324,0.00000000,0.00000000,0.00000000,0.00000000,0.00000000,0.00000000,0.00000000,0.00752002,0.00000000,0.00637251,0.00000000,0.00000000,0.00000000,0.04184403,0.00000000,0.00000000,0.00000000,0.00000000,0.00000000,0.00000000,0.02084869,0.00000000,0.00000000,0.00000000,0.00000000,0.03862514,0.00000000,0.03379274,0.00000000,0.00000000,0.00000000,0.00000000,0.00000000,0.00000000,0.00000000,0.00000000,0.08236686,0.00000000,0.00000000,0.00000000,0.00000000,0.00000000,0.00543758,0.00000000,0.00000000,0.00000000,0.00000000,0.00000000,0.00000000,0.00000000,0.00000000,0.00000000,0.00000000,0.02984253,0.00000000,0.00488795,0.00000000,0.00000000,0.00000000,0.00000000,0.00000000,0.00000000,0.00000000,0.00745485,0.00000000,0.00000000,0.00000000,0.00000000,0.00000000,0.00000000,0.06250184,0.00000000,0.00000000,0.00000000,0.00000000,0.04488812,0.00000000,0.00000000,0.00091683,0.00000000,0.00000000,0.00000000,0.00000000,0.00402980,0.00532539,0.00000000,0.00000000,0.00000000,0.00000000,0.00000000,0.01874084,0.00000000,0.00000000,0.00000000,0.00000000,0.00000000,0.00000000,0.00000000,0.00000000,0.00000000,0.00000000,0.00000000,0.00000000,0.00000000,0.00000000,0.00000000,0.02392332,0.00000000,0.00000000,0.00000000,0.09163913,0.00000000,0.00000000,0.00000000,0.00393836,0.00000000,0.00000000,0.01333242,0.00312004,2.09382196,0.00000000,0.00445785,0.00000000,0.00000000,0.01403713,0.00000000,0.00000000,0.00000000,0.00000000
0.00000000,0.00000000,0.00272558,0.00000000,0.00338439,0.00000000,0.00000000,0.00000000,0.00000000,0.00000000,0.00000000,0.00000000,0.48730025,0.00000000,0.00000000,0.00000000,0.00000000,0.02088631,0.00000000,0.00000000,0.00000000,0.00000000,0.00000000,0.00000000,0.00000000,0.00000000,0.00000000,0.00000000,0.00000000,0.00000000,0.00510083,0.00000000,0.00000000,0.00000000,0.00000000,0.00000000,0.00000000,0.00000000,0.00000000,0.00000000,0.00000000,0.00000000,0.00000000,0.00000000,0.00000000,0.00000000,0.04225550,0.00000000,0.00000000,0.00000000,0.00000000,0.00000000,0.00000000,0.00000000,0.00000000,0.00000000,0.00000000,0.02018764,0.00000000,0.00000000,0.00000000,0.00000000,0.00000000,0.00000000,0.02512184,0.00000000,0.02781469,0.00000000,0.00596878,0.00000000,0.00000000,0.00000000,0.00000000,0.00000000,0.00000000,0.00000000,0.00000000,0.00000000,0.00000000,0.00000000,0.01138938,0.00000000,0.00000000,0.00000000,0.00000000,0.00000000,0.00000000,0.00000000,0.00000000,0.00000000,0.00000000,0.00000000,0.00000000,0.00000000,0.00000000,0.00000000,0.00000000,0.00169031,0.00000000,0.00000000,0.00093869,0.00000000,0.00000000,0.00000000,0.03300499,0.00000000,0.00000000,0.00000000,0.70978872,0.00000000,0.00095952,0.00000000,0.00000000,0.00000000,0.00167906,0.00000000,0.00000000,0.00000000,0.00000000,0.00000000,0.00000000,0.00000000,0.00000000,0.00000000,0.00000000,0.00000000,0.00000000,0.00000000,0.00000000,0.00000000,0.00000000,0.00000000,0.00299746,0.00000000,0.00181624,0.00000000,0.00000000,0.00000000,0.00000000,0.00000000,0.00000000,0.00000000,0.00000000,0.00063072,0.17529301,0.00441385,0.00000000,0.00000000,0.00000000,0.00000000,0.00000000,0.00000000,0.11504946,0.00000000,0.00000000,0.00000000,0.00000000,0.00000000,0.00000000,0.00000000,0.00000000,0.00000000,0.00000000,0.00000000,0.00000000,0.00000000,0.00000000,0.00000000,0.00000000,0.00000000,0.00000000,0.00000000,0.08986996,0.00182197,0.00000000,0.00000000,0.00000000,0.00000000,0.00571930,0.00000000,0.00000000,0.00000000,0.00000000,0.00000000,0.00000000,0.00000000,0.00000000,0.00000000,0.00000000,0.00000000,0.00000000,0.00000000,0.00000000,0.00000000,0.00000000,0.00000000,0.00000000,0.00000000,0.00000000,0.07598189,0.00000000,0.00000000,0.00000000,0.00000000,0.00000000,0.00000000,0.00000000,0.00000000,0.00000000,0.00000000,0.00000000,0.00964557,0.00000000,0.00000000,0.00000000,0.00000000,0.00000000,0.00000000,0.00000000,0.00000000,0.00000000,0.00000000,0.00000000,0.00000000,0.00000000,0.00000000,0.00000000,0.00000000,0.00000000,0.00000000,0.00000000,0.00000000,0.00000000,0.00156491,0.00000000,0.00997867,0.00000000,0.00988218,0.00000000,0.00000000,0.00000000,0.00000000,0.00000000,0.00000000,0.00000000,0.00000000,0.00000000,0.00000000,0.00000000,0.00000000,0.00000000,0.00000000,0.00000000,0.00000000,0.00000000,0.00000000,0.00000000,0.00000000,0.00000000,0.00000000,0.00000000,0.00000000,0.00000000,0.00000000,0.00000000,0.00000000,0.00000000,0.00000000,0.00000000,0.00000000,0.00000000,0.00000000,0.00000000,0.00000000,0.02432043,0.00000000,0.00721321,0.00716949,0.00000000,0.00000000,0.00000000,0.00000000,0.00000000,0.00000000,0.00000000,0.00000000,0.00000000,0.10009704,0.00000000,0.00000000,0.00000000,0.00000000,0.00000000,0.00000000,0.00000000,0.00000000,0.00000000,0.00000000,0.00000000,0.00000000,0.00000000,0.00000000,0.00000000,0.00000000,0.00000000,0.00000000,0.02830171,0.00000000,0.00000000,0.00000000,0.00000000,0.00000000,0.00000000,0.00155874,0.00000000,0.00000000,0.00889648,0.00000000,0.00000000,0.00000000,0.00000000,0.00000000,0.00000000,0.00000000,0.00000000,0.00000000,0.00000000,0.07690488,0.00538169,0.00000000,0.01934572,1.60743497,0.00000000,0.00000000,0.00000000,0.00000000,0.00618772,0.00000000,0.00000000,0.00000000,0.00000000,0.00000000,0.00000000,0.00252856,0.00000000,0.00000000,0.00000000,0.00000000,0.00000000,0.00000000,0.00000000,0.00000000,0.00000000,0.01012031,0.00000000,0.00000000,0.00000000,0.00000000,0.00000000,0.00000000,0.00000000,0.00000000,0.00000000,0.00000000,0.00000000,0.00000000,0.00000000,0.00000000,0.00000000,0.01176508,0.00000000,0.00000000,0.00000000,0.00000000,0.00068130,0.00000000,0.00000000,0.00000000,0.00000000,0.00000000,0.00000000,0.00000000,0.00000000,0.00000000,0.00000000,2.49629372,0.00000000,0.00000000,0.00000000,0.00000000,0.00462168,0.11622343,0.03601409,0.00000000,0.00000000,0.00000000,0.00000000,0.00000000,0.00000000,0.00000000,0.00913849,0.00000000,0.00000000,0.00000000,0.00000000,0.00000000,0.00000000,0.00000000,0.00000000,0.00245897,0.00000000,0.00000000,0.01106109,0.00000000,0.00000000,0.00000000,0.08345494,0.00000000,0.00000000,0.00000000,0.00000000,1.40447646,0.00000000,0.00000000,0.00000000,0.00697051,0.00000000,0.00000000,0.00000000,2.14946445,0.00271342,0.00000000,0.00000000,1.40484577,0.54362831,0.00000000,1.93252644,0.00000000,0.00000000,0.00000000,0.02969710,0.00000000,0.00000000,0.00000000,0.00000000,0.00000000,0.01023633,0.00105521,0.00000000,0.00000000,0.00000000,0.00000000,0.00000000,0.00000000,0.00000000,0.00409925,0.00000000,0.00000000,0.00000000,0.00000000,0.00000000,0.00000000,0.00000000,0.00000000,0.00000000,0.00000000,0.00000000,0.00000000,0.00000000,0.00000000,0.00000000,0.00000000,0.00000000,0.00000000,0.00000000,0.00000000,0.00000000,0.00000000,0.00000000,0.00000000,0.02022084,0.00000000,0.00000000,0.00000000,0.00000000,0.00000000,0.00000000,0.00000000,0.00000000,0.00000000,0.00000000,0.00000000,0.00000000,0.00000000,0.00000000,0.00273261,0.00000000,0.00000000,0.00000000,0.00000000,0.00000000,0.00000000,0.00000000,0.00000000,0.49540982,0.00000000,0.02079986,0.00000000,0.00000000,0.00000000,0.00000000,0.00733502,0.00000000,0.00000000,0.00000000,0.00000000,0.00000000,0.00361338,0.00000000,0.00000000,0.00000000,0.00000000,0.00000000,0.00000000,0.00000000,0.00000000,0.00000000,0.02399064,0.00000000,0.00000000,0.00000000,0.00000000,0.00000000,0.00000000,0.00000000,0.00000000,0.00000000,0.00000000,0.00000000,0.00000000,0.00000000,0.00000000,0.00000000,0.00000000,0.00000000,0.00000000,0.00000000,0.00000000,0.05530549,0.00000000,0.00000000,1.43906044,0.00000000,0.00000000,0.00000000,0.00000000,0.00000000,0.00000000,0.00000000,0.00000000,0.00000000,0.00000000,0.00000000,0.00000000,0.00000000,0.00000000,0.01109687,0.00000000,0.00000000,0.00000000,0.00000000,0.00000000,0.00000000,0.00000000,0.00000000,0.00000000,0.00000000,0.00000000,0.00000000,0.00000000,0.00000000,0.00000000,0.00000000,0.00000000,0.00000000,0.00000000,0.00000000,0.00000000,0.00000000,0.00000000,0.00336200,0.00000000,0.00000000,0.00000000,0.00000000,0.00000000,0.00000000,0.00000000,0.00000000,0.00000000,0.02068479,0.00000000,0.00000000,0.00000000,0.00000000,0.00000000,0.00000000,0.00000000,0.00000000,0.00000000,0.00000000,0.00000000,0.00000000,0.00000000,0.00000000,0.00000000,0.00000000,0.00000000,0.03782962,0.00000000,0.00000000,0.00000000,0.00000000,0.00000000,0.00000000,0.00730339,0.00000000,0.00000000,0.00000000,0.00000000,0.00000000,0.00000000,0.00000000,0.00000000,0.00000000,0.01962288,0.00000000,0.00000000,0.00000000,0.01201754,0.00000000,0.00000000,0.01659084,0.03484600,0.00000000,0.00000000,0.00000000,0.00000000,0.03374061,0.00506518,0.00000000,0.00000000,0.00000000,0.00098161,0.00000000,0.00000000,0.00201679,0.00000000,0.00000000,0.00000000,0.04566441,0.00000000,0.00294151,0.16670194,0.00000000,0.00000000,0.00000000,0.00000000,0.00000000,0.00000000,0.00000000,0.00000000,0.00000000,0.00000000,0.00000000,0.00000000,0.00000000,0.00000000,0.00203938,0.00000000,0.00000000,0.01787092,0.00000000,0.00000000,0.00000000,0.00000000,0.00000000,0.00000000,0.00000000,0.00000000,0.00000000,0.00000000,0.00000000,0.00339910,0.04395306,0.00000000,0.00742923,0.00000000,0.09924127,0.00000000,0.00000000,0.00000000,0.00000000,0.00000000,0.02264363,0.00000000,0.00000000,0.00000000,0.00000000,0.02650166,0.00000000,0.00000000,0.00000000,0.00000000,0.00000000,0.00000000,0.00000000,0.00000000,0.00000000,0.00000000,0.00000000,0.00000000,0.00000000,0.00000000,0.00000000,0.00000000,0.00000000,0.00000000,0.00000000,0.00000000,0.00000000,0.00494857,0.01031681,0.00000000,0.00000000,0.00530709,0.00000000,0.00000000,0.00000000,0.00000000,0.00000000,0.00000000,0.00000000,0.00000000,0.00000000,0.00000000,0.00000000,0.00000000,0.00000000,0.00000000,0.06550131,0.04870989,0.00326751,0.00645616,0.00000000,0.00000000,0.00000000,0.00000000,0.00000000,0.00000000,0.00462513,0.00000000,0.00000000,0.00000000,0.00000000,0.00000000,0.04315670,0.00000000,0.00000000,0.00000000,0.00000000,0.00000000,0.00000000,0.00000000,0.00000000,0.00590565,0.00000000,0.00000000,0.00000000,0.00000000,0.00166646,0.00000000,0.00000000,0.00000000,0.00800511,0.00000000,0.00000000,0.00000000,0.00000000,0.00000000,0.00000000,0.08823391,0.00000000,0.00000000,0.00000000,0.05756511,0.00000000,0.00000000,0.00000000,0.30210505
0.01407235,0.00000000,0.09427780,0.00000000,0.00000000,0.00000000,0.00832015,0.00000000,0.00000000,0.00414258,0.00000000,0.33849568,0.00000000,0.00874259,0.00000000,0.00000000,0.00000000,0.00000000,0.00000000,0.00000000,0.00000000,0.00000000,0.00000000,0.00000000,0.00000000,0.00000000,0.00000000,0.00000000,0.00000000,0.00000000,0.00000000,0.00000000,0.00000000,0.00000000,0.00000000,0.00000000,0.00000000,0.00000000,0.00000000,0.00000000,0.00000000,0.00000000,0.00000000,0.01536258,0.00306249,0.00000000,0.00000000,0.00000000,0.00000000,0.00000000,0.00000000,0.00000000,0.00000000,0.00000000,0.00000000,0.00000000,0.00000000,0.00000000,0.00000000,0.00000000,0.00000000,0.00000000,0.00000000,0.00124910,0.00000000,0.00000000,0.00000000,0.00000000,0.00000000,0.00000000,0.00000000,0.00000000,0.00000000,0.00000000,0.00000000,0.00000000,0.00000000,0.00000000,0.00000000,0.00000000,0.00000000,0.00000000,0.00113375,0.00000000,0.00000000,0.00000000,0.00000000,0.00000000,0.00000000,0.00000000,0.00000000,0.00000000,0.00000000,1.44148743,0.00000000,0.74808230,0.00000000,0.00000000,0.00000000,0.00000000,0.00000000,0.00000000,0.00000000,0.00000000,0.00000000,0.00000000,0.00000000,0.00000000,0.00000000,0.01177572,0.00000000,0.00000000,0.00000000,0.00000000,0.00000000,0.00000000,0.03736386,0.00000000,0.00000000,0.00000000,0.00000000,0.00000000,0.00000000,0.00000000,0.00000000,0.00000000,0.00000000,0.00000000,0.00000000,0.00000000,0.00000000,0.00000000,0.00000000,0.00000000,0.00000000,0.00000000,0.00000000,0.00470086,0.00070968,0.00000000,0.00000000,0.00000000,0.00000000,0.02046656,0.00000000,0.00000000,0.00000000,0.00000000,0.00000000,0.00000000,0.00000000,0.00000000,0.00000000,0.00000000,0.00000000,0.00000000,0.00000000,0.00180420,0.00000000,0.00000000,0.02021332,0.00000000,0.00000000,0.00000000,0.00000000,0.00000000,0.00000000,0.00000000,0.00000000,0.04494707,0.00000000,0.00000000,0.00000000,0.00000000,0.00000000,0.00000000,0.00000000,0.28311688,0.00000000,0.00000000,0.00000000,0.00000000,0.05833305,0.00000000,0.00000000,0.00000000,0.02091314,0.00000000,0.00000000,0.00219145,0.00000000,0.00000000,0.00000000,0.00000000,0.00000000,0.00000000,0.00000000,0.00000000,0.00000000,0.00000000,0.00000000,0.00000000,0.00000000,0.00000000,0.00000000,0.00666789,0.00000000,0.00000000,0.00000000,0.00000000,0.00000000,0.00302061,0.00000000,0.00000000,0.01173724,0.00000000,0.00000000,0.00000000,0.00000000,0.00000000,0.00000000,0.00000000,0.00000000,0.00000000,0.95478544,0.06027347,0.00000000,0.00000000,0.00000000,0.00000000,0.00000000,0.00000000,0.00000000,0.00000000,0.00000000,0.00000000,0.00000000,0.00000000,0.00000000,0.08905695,0.13017428,0.00000000,0.00239788,0.00000000,0.03401262,0.00000000,0.00000000,0.00000000,0.00000000,0.00000000,0.00000000,0.00000000,0.00000000,0.00000000,0.00000000,0.00000000,0.00000000,0.00000000,0.00000000,0.00000000,0.00000000,0.00000000,0.00000000,0.00000000,0.00000000,0.01642614,0.00000000,0.00000000,0.00000000,0.00000000,0.00000000,0.00000000,0.00000000,0.01084047,0.00000000,0.00000000,0.00000000,0.00000000,0.01343602,0.00000000,0.00000000,0.00000000,0.01595354,0.00000000,0.00000000,0.00000000,0.00000000,0.00000000,0.00000000,0.00000000,0.00000000,0.00000000,0.07185540,0.00000000,0.00000000,0.00000000,0.02886789,0.00000000,0.00000000,0.00388948,0.00000000,0.00000000,0.00000000,0.00000000,0.00075137,0.00000000,0.00000000,0.00000000,0.00000000,0.00000000,0.00000000,0.00000000,0.00000000,0.00407975,0.00000000,0.00000000,0.00000000,0.00000000,0.00000000,0.00000000,0.02928779,0.00000000,0.00444832,0.00000000,0.00000000,0.00000000,0.00000000,0.00000000,0.00000000,0.00000000,0.00000000,0.00000000,0.00000000,0.00000000,0.00000000,0.00000000,0.00000000,0.17475309,0.00000000,0.00000000,0.00000000,0.00000000,0.00000000,0.00000000,0.00612290,0.00000000,0.00000000,0.00000000,0.00573178,0.00000000,0.00000000,0.00000000,0.00000000,0.00000000,0.00000000,0.00000000,0.00000000,0.01934463,0.00000000,0.00000000,0.00000000,0.00000000,0.00000000,0.00000000,0.00000000,0.00181750,0.00000000,0.00000000,0.00000000,0.00000000,0.00962419,0.00000000,0.00000000,0.00000000,0.00000000,0.00000000,0.00000000,0.00000000,0.00000000,0.03920199,0.00000000,0.00930494,0.00000000,0.00000000,0.00170754,0.05261811,0.00000000,0.00000000,0.00000000,0.00000000,0.00000000,0.00000000,0.04972714,0.00000000,0.00000000,0.00000000,0.00000000,0.00000000,0.00000000,0.00000000,0.00000000,0.00000000,0.00000000,0.00000000,0.00000000,0.00000000,0.00000000,0.00000000,0.00000000,0.00000000,0.00000000,0.01620250,0.00000000,0.00000000,0.00000000,0.00000000,0.00000000,0.00000000,0.00000000,0.00000000,0.00000000,0.00000000,0.00000000,0.00000000,0.00000000,0.00000000,0.00207291,0.00000000,0.00000000,0.00000000,0.00000000,0.00000000,0.00000000,0.00000000,0.00000000,0.00000000,0.00000000,0.00000000,0.00000000,0.00248744,0.00000000,0.00000000,0.00283190,0.00217953,0.00000000,0.03327895,0.00000000,0.00000000,0.00000000,0.00000000,0.00000000,0.00761192,0.00000000,0.00425857,0.00000000,0.00000000,0.00000000,0.00256160,0.00000000,0.00000000,0.00000000,0.00000000,0.00000000,0.00000000,0.00000000,0.00000000,0.00000000,0.00000000,0.00000000,0.00000000,0.00214330,0.00000000,0.00683222,0.00000000,0.00000000,0.00315324,0.00516137,0.00000000,0.00000000,0.00000000,0.09870217,0.02922844,0.06109192,0.12346459,0.00000000,0.00000000,0.00000000,0.02761911,0.00000000,0.00000000,0.00000000,0.00000000,0.00000000,0.00000000,0.00000000,0.00000000,0.00000000,0.00000000,0.00000000,0.00000000,0.00935393,0.00000000,0.00000000,0.00000000,0.00000000,0.00000000,0.00000000,0.00000000,0.00000000,0.00000000,0.00000000,0.00000000,0.00000000,0.00000000,0.03609117,0.00000000,0.00000000,0.00000000,0.00000000,0.00000000,0.00000000,0.00000000,0.73630116,0.00000000,0.01644173,0.00000000,0.00000000,0.01125971,0.00000000,0.00152826,0.00000000,0.00000000,0.00000000,0.00000000,0.00000000,0.00000000,0.00096205,0.00000000,0.00000000,0.00366854,0.00000000,0.00000000,0.00000000,0.00000000,0.00000000,0.00000000,0.00000000,0.00000000,0.00000000,0.00000000,0.00000000,0.00000000,0.00000000,0.00000000,0.00000000,0.00000000,0.00000000,0.00000000,0.00000000,0.00000000,0.00000000,0.01256948,0.00000000,0.00000000,0.00000000,0.00000000,0.00000000,0.06443783,0.00000000,0.00000000,0.00000000,0.00000000,0.00000000,0.00000000,0.00000000,0.00000000,0.01235376,0.00297218,0.00000000,0.00000000,0.00000000,0.00000000,0.00000000,0.01161413,0.00000000,0.00000000,0.00000000,0.00000000,0.00000000,0.00000000,0.00000000,0.05719118,0.00000000,0.00000000,0.00000000,0.00000000,0.00000000,0.00000000,0.00000000,0.00000000,0.00000000,0.00000000,0.00000000,0.00000000,0.00000000,0.00000000,0.00000000,0.00000000,0.00000000,0.00000000,0.00000000,0.00000000,0.00323615,0.23041084,0.00000000,0.00000000,0.00000000,0.00000000,0.00000000,0.00000000,0.00000000,0.00000000,0.00000000,0.00000000,0.00000000,0.00000000,0.00000000,0.00703426,0.00000000,0.00000000,0.00000000,0.00000000,0.00000000,0.00000000,0.00000000,0.00000000,0.00000000,0.00000000,0.00000000,0.00000000,0.00000000,0.00000000,0.00000000,0.00000000,0.00000000,0.00000000,0.00000000,0.00000000,0.00000000,0.00000000,0.00000000,0.02919754,0.00000000,0.01050903,0.00000000,0.03305631,0.00000000,0.00000000,0.00000000,0.00000000,0.00000000,0.00000000,0.00735978,0.00000000,0.00000000,0.00000000,0.12561241,0.00000000,0.00000000,0.00000000,0.00000000,0.00000000,0.00000000,0.00000000,0.00000000,0.00179343,0.00000000,0.00000000,0.00000000,0.00539707,0.00000000,0.00000000,0.00000000,0.00000000,0.01233870,0.00256330,0.00000000,0.00000000,0.00000000,0.00131873,0.01051682,0.00000000,0.00000000,0.00000000,0.00000000,0.00000000,0.00000000,0.00000000,0.00000000,0.00000000,0.00000000,0.00000000,0.00000000,0.00000000,0.00000000,0.00000000,0.00000000,0.00000000,0.00000000,0.00000000,0.00000000,0.00000000,0.00000000,0.00000000,0.00000000,0.04086777,0.00000000,0.00000000,0.00000000,0.00000000,0.00000000,0.00715442,0.00000000,0.00387293,0.00000000,0.00000000,0.00000000,0.00000000,0.00000000,0.00000000,0.00287173,0.00000000,0.00000000,0.00000000,0.00000000,0.00000000,0.00000000,0.00103472,0.00000000,0.00000000,0.02806288,0.00000000,0.00000000,0.00000000,0.00000000,0.00000000,0.00000000,0.00000000,0.12111036,0.00000000,0.00000000,0.00000000,0.00000000,0.00000000,0.00000000,0.00000000,0.00000000,0.00000000,0.00000000,0.00000000,0.00000000,0.00000000,0.00000000,0.01049162,0.00000000,0.00000000,0.00000000,0.00000000,0.00000000,0.00631411,0.00000000,0.00000000,0.00000000,0.00000000,0.00000000,0.02479295,0.00000000,0.00000000,0.00000000,0.00000000,0.00000000,0.00000000,0.00000000,0.00000000,0.00000000,0.00104603,0.00000000,0.00529907,0.00000000,0.00556053,0.00000000,0.00000000,0.00000000,0.00000000,0.00000000,0.00000000,0.00000000,0.00000000,0.00000000,0.00000000
0.00000000,0.00332297,0.00000000,0.00000000,0.00000000,0.00000000,0.00000000,0.00000000,0.00000000,0.00000000,0.00000000,0.00000000,0.00000000,0.00000000,0.00000000,0.00000000,0.00878782,0.00000000,0.02712521,0.22814058,0.00000000,0.00000000,0.00000000,0.00000000,0.00000000,0.00000000,0.00000000,0.00000000,0.00000000,0.00000000,0.00000000,0.00000000,0.00000000,0.00000000,0.00000000,0.00000000,0.00000000,0.00000000,0.00000000,0.00000000,0.00000000,0.00000000,0.00000000,0.00000000,0.00000000,0.00000000,0.00000000,0.00000000,0.00000000,0.00000000,0.00000000,0.00000000,0.00000000,0.00000000,0.00000000,0.00000000,0.00000000,0.00502205,0.00000000,0.00000000,0.00000000,0.04816725,0.00000000,0.00000000,0.09337244,0.00000000,0.00000000,0.00000000,0.00000000,0.00000000,0.00000000,0.00456477,0.00000000,0.00293902,0.00000000,0.01919500,0.00322500,0.00000000,0.00000000,0.00000000,0.00000000,0.00000000,0.14872085,0.00000000,0.00420277,0.00000000,0.00000000,0.00000000,0.00000000,0.00000000,0.00000000,0.00000000,0.00000000,0.00991954,0.00000000,0.00000000,0.00000000,0.00000000,0.00000000,0.23725718,0.00000000,0.00000000,0.00000000,0.00000000,0.00000000,0.73942626,0.00000000,0.00681205,0.00000000,0.00000000,0.00000000,0.00000000,0.00000000,0.00000000,0.00000000,0.01030318,0.00000000,0.00000000,0.00000000,0.00000000,0.00000000,0.00000000,0.00000000,0.00000000,0.00000000,0.00000000,0.30694365,0.00000000,0.00000000,0.00000000,0.00123669,0.00000000,0.00000000,0.00000000,0.00000000,0.00000000,0.17666274,0.00000000,0.00000000,0.00000000,0.03770528,0.00000000,0.00000000,0.00000000,0.00000000,0.00000000,0.00000000,0.00000000,0.00000000,0.00000000,0.00000000,0.00000000,0.00311975,0.00000000,0.01438386,0.00000000,0.00000000,0.00000000,0.00000000,0.00000000,0.00000000,0.00000000,0.00496088,0.00000000,0.00000000,0.00000000,0.00000000,0.00377739,0.00927394,0.00386846,0.00000000,0.00000000,0.00000000,0.00172939,0.00000000,0.00000000,0.00000000,0.00000000,0.00000000,0.00000000,0.01768335,0.00000000,0.00000000,0.00000000,0.00000000,0.00000000,0.00000000,0.00000000,0.10248462,0.00000000,0.00000000,0.00000000,0.00000000,0.00000000,0.00000000,0.00000000,0.00000000,0.00000000,0.00000000,0.00000000,0.00000000,0.00000000,0.00000000,0.00000000,0.00876828,0.00000000,0.00000000,0.00000000,0.00000000,0.00000000,0.00000000,0.00000000,0.00000000,0.00000000,0.00000000,0.00000000,0.00000000,0.00000000,0.00000000,0.00000000,0.00000000,0.00000000,0.00000000,0.00000000,0.00000000,0.00000000,0.00000000,0.00000000,0.00000000,0.00000000,0.00000000,0.02162121,0.00000000,0.00000000,0.00000000,0.00000000,0.00000000,0.00000000,0.00000000,0.02805428,0.00000000,0.00000000,0.00000000,0.56184848,0.00000000,0.00331976,0.00000000,0.00580557,0.00000000,0.00226430,0.00000000,0.00000000,0.00000000,0.00000000,0.00000000,0.00000000,0.00000000,0.00000000,0.00000000,0.00000000,0.00000000,0.00220893,0.03037250,0.00000000,0.00000000,0.01503468,0.00000000,0.00000000,0.00696432,0.00000000,0.00000000,0.00000000,0.00000000,0.00000000,0.00000000,0.00000000,0.00000000,0.02116552,0.00000000,0.00000000,0.00000000,0.04010180,0.00000000,0.00000000,0.00250179,0.00000000,0.00000000,0.00000000,0.00000000,0.00000000,0.00000000,0.00000000,0.00000000,0.00000000,0.00000000,0.00000000,0.00000000,0.00000000,0.00308116,0.00000000,0.00000000,0.00000000,0.00000000,0.00000000,0.00000000,0.00000000,0.00000000,0.00000000,0.00000000,0.02125759,0.00000000,0.87852302,0.00000000,0.00000000,0.00000000,0.00000000,0.00000000,0.00000000,0.00000000,0.00000000,0.00000000,0.00000000,0.01695585,0.00000000,0.00000000,0.02194728,0.00000000,0.00000000,0.00000000,0.00000000,0.04633777,0.00000000,0.00000000,0.00000000,0.00000000,0.00000000,0.00755338,0.00000000,0.00000000,0.00000000,0.00000000,0.00000000,0.00000000,0.00000000,0.00000000,0.00000000,0.00000000,0.00000000,0.00000000,0.00000000,0.00000000,0.00000000,0.00000000,0.00000000,0.00000000,0.00000000,0.01483848,0.00000000,0.00000000,0.00000000,0.00245037,0.00000000,0.00107747,0.00523122,0.00000000,0.00000000,0.01451847,0.00000000,0.00000000,0.00000000,0.00000000,0.00000000,0.00000000,0.00000000,0.00000000,0.00000000,0.00000000,0.00000000,0.00000000,0.00000000,0.00000000,0.00000000,0.00000000,0.00000000,0.00000000,0.00000000,0.00000000,0.00000000,0.00000000,0.00000000,0.00000000,0.00000000,0.00000000,0.00000000,0.00000000,0.00000000,0.00000000,0.00000000,0.00000000,0.00000000,0.00000000,0.00000000,0.00000000,0.00000000,0.00000000,0.00000000,0.00000000,0.00000000,0.00000000,0.00000000,0.14837027,0.00000000,0.00000000,0.00000000,0.00000000,0.00000000,0.00000000,0.00000000,0.00000000,0.00000000,0.00000000,0.00000000,0.00000000,0.00604088,0.00932768,0.00000000,0.00000000,0.00000000,0.00000000,0.00000000,0.00000000,0.00000000,0.00000000,0.00000000,0.00000000,0.00000000,0.00000000,0.00000000,0.02317670,0.00000000,0.00000000,0.00000000,0.00000000,0.00000000,0.11349922,0.00000000,0.00000000,0.00000000,0.00000000,0.00000000,0.00000000,0.00000000,0.00000000,0.00000000,0.07534469,0.00000000,0.00561725,0.00000000,0.00000000,0.00000000,0.01621393,0.00000000,0.05246274,0.00000000,0.00000000,0.00000000,0.00000000,0.00000000,0.00000000,0.00000000,0.00000000,0.00000000,0.00000000,0.00000000,0.00000000,0.00000000,0.00000000,0.00000000,0.00000000,0.04820427,0.00000000,0.00000000,0.00000000,0.00000000,0.00000000,0.00000000,0.00000000,0.00222732,0.00627212,0.00000000,0.00000000,0.00000000,0.00000000,0.00000000,0.00000000,0.01694330,0.00000000,0.00000000,0.00000000,0.00000000,0.00000000,0.00000000,0.00000000,0.25135249,0.01882353,0.00000000,0.00000000,0.00115934,0.00000000,0.00000000,0.00000000,0.00000000,0.00000000,0.00000000,0.17243096,0.00000000,0.00000000,0.00000000,0.00000000,0.00000000,0.00000000,0.00000000,0.00000000,0.00000000,0.00443655,0.00000000,0.00000000,0.00000000,0.00000000,0.00000000,0.00000000,0.00000000,0.00000000,0.00000000,0.00066641,0.00000000,0.00000000,0.02920550,0.00000000,0.00000000,0.00000000,0.00000000,0.00000000,0.00000000,0.00000000,0.00000000,0.00000000,0.00000000,0.00000000,0.00000000,0.00000000,0.00000000,0.00000000,0.00000000,0.00000000,0.00000000,0.00000000,0.00000000,0.00000000,0.00000000,0.00000000,0.00000000,0.01557653,0.00000000,0.00000000,0.00000000,0.00000000,0.00000000,0.00000000,0.00472288,0.00000000,0.00000000,0.03140741,0.00000000,0.00000000,0.00000000,0.00000000,0.00000000,0.00000000,0.00000000,0.00000000,0.00000000,0.00000000,0.00000000,0.00000000,0.00000000,0.00470141,0.00000000,0.86179702,0.00000000,0.00000000,0.00000000,0.00000000,0.02107772,0.00000000,0.00000000,0.00000000,0.00000000,0.00000000,0.00000000,0.00000000,0.00000000,0.00000000,0.00417421,0.00000000,0.00000000,0.00000000,0.00311834,0.13936484,0.00000000,0.00000000,0.01338541,0.00000000,0.00000000,0.00000000,0.00000000,0.07151559,0.00000000,0.00000000,0.00000000,0.00000000,0.00000000,0.00000000,0.00000000,0.00000000,0.00000000,0.00000000,0.00000000,0.00000000,0.00000000,0.00000000,0.00000000,0.00000000,0.00000000,0.00000000,0.00000000,0.00000000,0.00000000,0.00000000,0.00000000,0.00241905,0.00000000,0.00000000,0.00000000,0.00000000,0.00000000,0.00000000,0.00000000,0.00000000,0.00000000,0.00000000,0.00000000,0.00000000,0.00000000,0.00000000,0.00000000,0.00000000,0.03726986,0.00000000,0.00000000,0.00000000,0.00000000,0.00000000,0.00000000,0.02124234,0.00000000,0.00000000,0.00000000,0.00000000,0.00000000,0.00000000,0.00000000,0.00000000,0.00000000,0.00000000,0.00000000,0.00000000,0.00000000,0.00000000,0.00000000,0.00000000,0.28429640,0.00000000,0.00000000,0.00000000,0.00000000,0.00000000,0.00000000,0.01190209,0.00000000,0.00000000,0.00000000,0.01032559,0.00000000,0.00000000,0.01054516,0.00000000,0.00000000,0.00000000,0.00000000,0.00236153,0.00000000,0.00000000,0.00000000,0.00000000,0.00000000,0.01404253,0.00000000,0.00000000,0.00000000,0.00000000,0.00000000,0.00000000,0.00000000,0.03264882,0.01283013,0.00000000,0.00000000,0.00000000,0.00000000,0.08567819,0.00000000,0.00000000,0.00000000,0.00000000,0.00000000,0.00000000,0.00000000,0.00000000,0.00000000,0.00000000,0.00000000,0.00000000,0.02167081,0.00065950,0.00000000,0.00000000,0.00000000,0.04222005,0.00000000,0.00000000,0.00000000,0.00000000,0.00000000,0.00000000,0.00000000,0.00000000,0.00298390,0.00000000,0.02290766,0.00000000,0.00000000,0.00000000,0.00000000,0.00000000,0.00000000,0.00000000,0.01272573,0.00000000,0.00000000,0.00732814,0.00000000,0.00000000,0.02596873,0.00000000,0.00000000,0.00000000,0.00000000,0.00271811,3.13227629,0.06795569,0.00000000,0.00000000,0.00000000,0.00000000,0.11841625,0.00000000,0.02447330,0.00000000,0.00000000,0.00000000,0.00000000,0.00000000,0.00000000,0.00000000,0.00000000,0.00000000,0.00257850,0.00000000,0.00000000,0.00000000,0.00000000,0.00000000,0.00000000,0.00000000,0.00000000,0.00000000,0.00000000,0.00000000,0.00000000
0.00000000,0.00000000,0.00000000,0.00000000,0.00000000,0.00000000,0.00000000,1.84846262,0.00000000,0.00000000,0.00000000,0.00000000,0.00000000,0.00000000,0.00000000,0.00000000,0.00000000,0.00000000,0.00000000,0.00000000,0.00000000,0.00000000,0.00000000,0.00000000,0.00000000,0.00000000,0.00000000,0.00000000,0.00000000,0.00000000,0.00000000,0.00000000,0.00000000,0.07560366,0.00000000,0.00000000,0.00000000,0.00000000,0.00000000,0.00000000,0.00000000,0.00000000,0.00000000,0.00000000,0.00000000,0.00000000,0.00000000,0.00000000,0.00000000,0.09442057,0.00000000,0.00000000,0.00000000,0.00362266,0.00000000,0.00000000,0.00000000,0.00000000,0.00000000,0.05560486,0.00000000,0.00000000,0.02205699,0.00000000,0.00000000,0.00000000,0.00000000,0.00000000,0.00000000,0.00000000,0.00000000,0.00000000,0.00000000,0.00000000,0.00000000,0.00000000,0.00000000,0.00000000,0.00000000,0.00000000,0.00000000,0.00000000,0.00000000,0.00000000,0.00000000,0.00000000,0.00653453,0.00000000,0.00000000,0.00000000,0.00000000,0.00000000,0.00000000,0.00000000,0.00000000,0.00000000,0.00000000,0.00000000,0.00000000,0.00000000,0.07495363,0.00000000,0.00000000,0.00000000,0.00662195,0.00000000,0.00000000,0.00000000,0.00000000,0.00000000,0.00000000,0.00000000,0.00000000,0.00000000,0.00000000,0.00000000,0.04939147,0.00000000,0.00000000,0.00000000,0.00000000,0.00000000,0.00000000,0.00000000,0.00493330,0.00000000,0.00000000,0.00000000,0.00000000,0.00000000,0.00000000,0.01408730,0.00000000,0.00000000,0.00000000,0.00000000,0.00000000,0.00000000,0.00000000,0.00000000,0.00000000,0.00000000,0.00000000,0.00000000,0.01200131,0.00000000,0.00000000,0.00000000,0.00000000,0.00000000,0.02728183,0.00000000,0.00000000,0.00000000,0.00000000,0.00000000,0.00000000,0.00000000,0.00127506,0.00000000,0.00000000,0.00000000,0.00000000,0.00000000,0.00000000,0.00691957,0.00000000,0.00000000,0.00000000,0.00000000,0.00000000,0.00000000,0.00000000,0.00000000,0.00000000,0.00000000,0.00000000,0.00000000,0.00285982,0.00000000,0.00000000,0.00000000,0.01501320,0.00262427,0.00000000,0.00000000,0.00000000,0.00307085,0.00000000,0.00175826,0.00000000,0.00000000,0.02320145,0.00000000,0.00000000,0.00000000,0.00000000,0.00000000,0.00000000,0.00000000,0.00000000,0.00000000,0.00000000,0.00000000,0.00000000,0.00000000,0.00000000,0.00000000,0.00000000,0.00000000,0.00000000,0.00000000,0.00000000,0.00000000,0.00000000,0.00000000,0.02159522,0.05086199,0.00000000,0.00000000,0.28501272,0.00000000,0.00000000,0.00000000,0.00000000,1.04065837,0.00000000,0.00000000,0.00000000,0.00000000,0.00000000,0.00000000,0.00000000,0.00000000,0.00000000,0.00000000,0.00000000,0.00000000,0.00967578,0.00372275,0.00266584,0.03675059,0.00000000,0.00000000,0.00000000,0.00000000,0.00000000,0.00000000,0.00000000,0.00000000,0.00523828,0.00000000,0.00000000,0.00000000,0.00301908,0.00000000,0.01729006,0.00000000,0.00000000,0.00000000,0.00000000,0.00000000,0.00000000,0.00000000,0.16200023,0.00000000,0.00000000,0.00000000,0.00000000,0.00172773,0.00970555,0.00000000,0.00000000,0.00000000,0.00000000,0.00000000,0.00000000,0.00000000,0.00000000,0.00000000,0.00335482,0.00000000,0.00000000,0.00605246,0.00078078,0.00000000,0.00000000,0.00000000,0.00000000,0.00000000,0.00000000,0.00000000,0.00000000,0.00539576,0.00000000,0.00000000,0.00000000,0.00000000,0.00000000,0.00000000,0.00295036,0.00000000,0.00000000,0.00000000,0.00000000,0.00000000,0.00000000,0.00000000,0.05084855,0.00000000,0.00000000,0.00000000,0.00000000,0.00000000,0.00000000,0.00000000,0.00427061,0.00000000,0.00621476,0.01838820,0.00000000,0.00000000,0.00194613,0.00000000,0.00000000,0.00000000,0.00000000,0.00000000,0.00000000,0.00000000,0.00000000,0.00000000,0.00000000,0.00103408,0.00000000,0.00000000,0.00000000,0.00000000,0.00000000,0.00000000,0.00114484,0.00000000,0.00000000,0.00000000,0.00000000,0.00000000,0.00000000,0.00000000,0.00000000,0.00000000,0.00580474,0.00000000,0.00000000,0.00000000,0.00000000,0.00000000,0.00000000,0.00000000,0.00000000,0.00000000,0.00000000,0.00000000,0.00000000,0.00000000,0.00000000,0.00000000,0.00000000,0.00000000,0.00000000,0.00000000,0.00000000,0.00673936,0.00000000,0.00000000,0.00000000,0.00000000,0.00000000,0.02792353,0.00000000,0.00286081,0.00000000,0.00000000,0.00000000,0.00000000,0.00000000,0.00000000,0.00000000,0.00000000,0.00000000,0.00000000,0.00000000,0.08885921,0.00000000,0.00215981,0.00000000,0.00000000,0.00580608,0.00000000,0.00000000,0.00000000,0.00000000,0.00000000,0.06550131,0.00710091,0.00000000,0.00000000,0.00000000,0.00000000,0.00391408,0.00000000,0.01809035,0.00000000,0.00000000,0.00000000,0.00000000,0.00000000,0.00000000,0.00000000,0.00000000,0.00000000,0.00520134,0.00000000,0.00000000,0.00000000,0.02081536,0.00000000,0.00000000,0.00000000,0.00000000,0.00000000,0.00000000,0.00000000,0.00000000,0.00000000,0.00000000,0.00000000,0.00000000,0.00000000,0.00000000,0.00000000,0.00000000,0.00000000,0.00000000,0.00000000,0.00000000,0.00000000,0.00077626,0.00000000,0.00000000,0.00000000,0.00000000,0.00087268,0.00000000,0.00000000,0.00000000,0.00000000,0.01155168,0.00000000,0.00000000,0.00000000,0.00000000,0.00000000,0.00000000,0.00000000,0.00000000,0.00000000,0.00000000,0.00000000,0.00858725,0.00000000,0.00000000,0.00000000,0.00000000,0.00000000,0.00000000,0.00000000,0.00548433,0.00266316,0.00000000,0.01546205,0.00000000,0.00000000,0.00000000,0.00000000,0.00000000,0.00000000,0.00000000,0.00000000,0.00000000,0.02617205,0.00000000,0.00468135,0.00000000,0.00000000,0.00000000,0.00000000,0.00000000,0.00000000,0.00000000,0.00000000,0.00000000,0.00000000,0.00000000,0.00000000,0.00134025,0.00000000,0.00000000,0.00000000,0.00439167,0.00000000,0.00000000,0.00446917,0.00000000,0.00000000,0.00000000,0.00000000,0.00000000,0.00000000,0.00000000,0.00000000,0.00000000,0.00000000,0.00000000,0.00000000,0.00000000,0.00000000,0.00000000,0.00806418,0.00000000,0.00000000,0.00000000,0.00000000,0.00000000,0.00000000,0.00000000,0.00000000,0.00000000,0.00000000,0.00000000,0.00000000,0.00000000,0.00000000,0.00000000,1.29796069,0.00000000,0.00284279,0.00000000,0.00000000,0.00000000,0.00000000,0.00000000,0.00000000,0.00000000,0.00145789,0.00000000,0.00000000,0.00000000,0.00143655,0.00000000,0.00264866,0.00000000,0.00000000,0.00000000,0.00000000,0.00000000,0.00000000,0.00000000,0.00000000,0.00000000,0.12963753,0.00000000,0.00000000,0.02630520,0.00306531,0.00000000,0.00551653,0.00000000,0.00000000,0.00000000,0.00000000,0.00000000,0.00000000,0.00000000,0.00000000,0.00000000,0.00000000,0.00000000,0.00169978,0.00000000,0.00000000,0.00000000,0.00000000,0.00000000,0.00000000,0.00000000,0.00000000,0.08297836,0.00000000,0.00000000,0.00000000,0.00000000,0.00000000,0.00000000,0.00000000,0.00000000,0.00000000,0.00000000,0.00000000,0.00000000,0.00000000,0.01343256,0.00000000,0.00000000,0.00000000,0.00000000,0.00000000,0.00000000,0.00000000,0.00000000,0.00000000,0.00000000,0.00347646,0.00000000,0.00000000,0.00000000,0.00000000,0.00000000,0.00000000,0.00000000,0.00518278,0.00000000,0.00000000,0.00000000,0.00000000,0.03944335,0.00000000,0.77126288,0.00000000,0.00000000,0.00000000,0.01079960,0.00000000,0.00000000,0.00000000,0.00000000,0.00000000,0.00000000,0.00000000,0.00000000,0.00000000,0.00000000,0.00000000,0.00000000,0.00000000,0.00000000,0.00139176,0.00000000,0.00822740,0.00000000,0.00073065,0.00000000,0.00000000,0.00084423,0.00000000,0.00000000,0.02262486,0.00000000,0.00000000,0.00000000,0.00000000,0.00000000,0.00000000,0.00000000,0.00221532,0.00000000,0.00000000,0.00000000,0.01106605,0.00000000,0.01752384,0.00000000,0.00000000,0.01782813,0.00000000,0.00000000,0.00214617,0.00000000,0.00000000,0.00000000,0.00000000,0.00000000,0.00000000,0.00000000,0.00000000,0.00000000,0.00000000,0.00000000,0.00000000,0.00000000,0.00000000,0.00000000,0.00000000,0.00000000,0.00000000,0.00000000,0.00000000,0.00000000,0.00000000,0.00891640,0.00000000,0.00000000,0.00000000,0.00000000,0.00000000,0.00000000,0.00000000,0.00000000,0.00764500,0.00000000,0.00000000,0.01952390,0.00000000,0.00000000,0.01925626,0.00000000,0.00000000,0.01486910,0.00000000,0.00000000,0.00000000,0.00000000,0.00324056,0.03000916,0.00000000,0.00000000,0.00000000,0.00000000,0.00000000,0.00000000,0.00000000,0.00000000,0.00000000,0.00000000,0.00000000,0.00000000,0.00000000,0.00360110,0.00000000,0.00000000,0.00000000,0.00000000,0.00000000,0.00506731,0.00000000,0.00000000,0.00000000,0.00000000,0.00000000,0.00000000,0.00000000,0.00000000,0.00000000,0.00000000,0.00000000,0.00000000,0.00000000,0.00000000,0.00000000,0.00000000,0.00190323,0.00000000,0.00000000,0.00000000,0.00000000,0.00000000,0.00000000,0.00000000,0.00000000,0.00000000,0.00000000,0.00000000,0.00000000,0.00000000,0.00000000,0.00000000,0.00000000,1.04189814,0.11231766,0.00000000,0.00000000,0.00000000,0.00000000,0.00493369,0.00000000,0.00000000,0.00000000,0.00000000,0.00000000,0.00000000,0.00000000
0.00000000,0.01751294,0.00000000,0.00000000,0.00000000,0.00000000,0.08032806,0.14611386,0.00000000,0.00000000,0.00000000,0.00000000,0.00000000,0.00161412,0.00000000,0.00000000,0.00000000,0.00000000,0.00000000,0.00000000,0.00000000,0.00000000,0.00000000,0.00695514,0.00000000,0.00000000,0.00000000,0.00000000,0.00000000,0.00000000,0.00000000,0.00000000,0.00000000,0.00000000,0.00000000,0.00000000,0.00000000,1.80831931,0.00000000,0.00000000,0.00000000,0.00000000,0.00000000,0.00000000,0.00538059,0.00000000,0.00000000,0.00396339,0.00531505,0.00000000,0.00000000,0.00000000,0.01532014,0.00000000,0.00000000,0.00858738,0.00000000,0.00000000,0.00000000,0.00000000,0.00000000,0.00000000,0.00000000,0.00000000,0.00000000,0.00000000,0.00000000,0.00000000,0.00000000,0.00000000,0.00000000,0.00000000,0.00000000,0.00000000,0.00269192,0.00000000,0.00000000,0.00000000,0.01509956,0.00000000,0.00000000,0.00000000,0.00958153,0.00000000,0.00000000,0.00000000,0.00000000,0.00000000,0.00000000,0.00261044,0.00000000,0.00000000,0.00000000,0.00000000,0.00000000,0.00000000,0.00000000,0.00000000,0.00000000,0.02312304,0.00000000,0.00098189,0.00000000,0.00000000,0.00362286,0.00000000,0.00000000,0.00136596,0.00000000,0.00000000,0.00000000,0.00000000,0.00000000,0.00000000,0.00000000,0.00000000,0.00000000,0.00000000,0.00000000,0.00000000,0.00000000,0.12102256,0.00000000,0.00000000,0.00000000,0.00000000,0.00147938,0.00000000,0.00000000,0.00608391,0.14983722,0.00000000,0.00000000,0.00000000,0.00000000,0.00000000,0.00200472,0.04742033,0.01822988,0.00000000,0.00457732,0.00000000,0.00000000,0.00000000,0.00000000,0.00000000,0.00000000,0.00000000,0.00000000,0.00000000,0.00000000,0.00099787,0.00000000,0.00000000,0.00000000,0.00000000,0.00000000,0.00000000,0.00000000,0.00000000,0.00000000,0.00000000,0.00000000,0.00000000,0.00000000,0.00000000,0.00000000,0.00000000,0.00000000,0.00000000,0.00000000,0.00000000,0.00000000,0.00458001,0.00000000,0.00344268,0.00000000,0.01438253,0.02391320,0.00000000,0.01054089,0.00000000,0.07970945,0.00871524,0.00000000,0.00000000,0.00000000,0.00178720,0.00000000,0.01375620,0.00000000,0.00878703,0.00000000,0.00000000,0.00000000,0.00000000,0.00000000,0.00000000,0.00000000,0.00000000,0.00000000,0.09003807,0.00000000,0.00000000,0.00000000,0.01851919,0.29699790,0.00343216,0.00000000,0.00000000,0.00927550,0.00000000,0.00000000,0.00000000,0.01225882,0.00000000,0.00000000,0.00000000,0.00000000,0.00000000,0.00819318,0.00000000,0.00997386,0.00000000,0.00000000,0.00237743,0.00000000,0.00000000,0.00000000,0.02162121,0.00000000,0.00000000,0.00000000,0.00000000,0.00000000,0.00000000,0.00000000,0.00000000,0.00787263,0.00000000,0.00000000,0.00000000,0.00000000,0.02114776,0.00000000,0.00000000,0.00000000,0.00000000,0.00000000,0.00000000,0.00000000,0.00588229,0.45952201,0.00000000,0.00000000,0.00000000,0.00411271,0.00000000,0.00000000,0.01357396,0.00000000,0.00000000,0.00000000,0.00000000,0.00181197,0.00000000,0.00000000,0.00000000,0.00000000,0.00000000,0.00000000,0.00000000,0.00000000,0.00000000,0.00000000,0.00000000,0.00000000,0.00000000,0.00759002,0.00000000,0.00000000,0.00000000,0.00000000,0.00000000,0.00000000,0.00000000,0.00000000,0.00000000,0.00000000,0.00000000,0.00522544,0.00000000,0.00279766,0.00000000,0.00000000,0.00000000,0.00000000,0.00000000,0.00000000,0.00000000,0.00000000,0.00000000,0.00000000,0.00000000,0.00000000,0.00000000,0.00000000,0.00000000,0.05304854,0.00000000,0.00000000,0.00000000,0.00000000,0.00419272,0.00000000,0.00000000,0.00000000,0.00000000,0.00000000,0.00000000,0.00000000,0.00000000,0.00000000,0.00000000,0.00000000,0.00000000,0.00000000,0.00000000,0.00000000,0.00000000,0.00000000,0.00000000,0.00000000,0.00000000,0.00000000,0.00000000,0.00000000,0.00000000,0.00000000,0.00000000,0.00000000,0.00000000,0.00000000,0.00000000,0.00000000,0.00000000,0.00000000,0.00000000,0.00000000,0.00000000,0.00000000,0.01031849,0.00000000,0.00000000,0.00000000,0.00000000,0.00000000,0.00000000,0.00000000,0.00000000,0.00000000,0.00000000,0.00000000,0.00000000,0.00000000,0.00000000,0.00777651,0.00000000,0.00000000,0.00000000,0.69553055,0.00000000,0.00000000,0.00000000,0.00000000,0.00000000,0.00000000,0.00000000,0.00000000,0.00000000,0.00000000,0.00000000,0.00000000,0.00000000,0.00000000,0.00000000,0.00000000,0.00000000,0.00000000,0.00000000,0.00000000,0.00000000,0.00000000,0.00000000,0.00000000,0.00000000,0.00000000,0.00000000,0.00000000,0.00000000,0.00000000,0.00000000,0.00000000,0.01673683,0.00000000,0.00000000,0.00000000,0.00000000,0.00000000,0.00000000,0.00000000,0.00000000,0.00000000,0.02226482,0.00000000,0.00000000,0.00000000,0.00000000,0.00000000,0.00000000,0.02752380,0.00000000,0.88122855,0.00000000,0.00000000,0.00000000,0.00000000,0.00000000,0.00000000,0.00000000,0.00000000,0.00000000,0.00000000,0.00189012,0.00000000,0.00000000,0.00000000,0.00000000,0.00000000,0.00000000,0.00000000,0.00000000,0.00000000,0.00000000,0.00000000,0.00000000,0.00000000,0.00000000,0.00000000,0.00000000,0.00000000,0.00000000,0.00000000,0.00593946,0.00000000,0.00000000,0.00000000,0.00000000,0.00000000,0.00000000,0.00000000,0.00000000,0.00000000,0.00000000,0.00000000,0.00000000,0.00000000,0.00000000,0.00000000,0.00000000,0.00000000,0.04547894,0.00000000,0.00000000,0.00000000,0.00000000,0.00000000,0.00000000,0.00000000,0.01633855,0.00000000,0.00000000,0.00000000,0.00000000,0.00000000,0.00000000,0.00000000,0.00000000,0.00000000,0.00000000,0.00000000,0.00000000,0.00000000,0.00000000,0.00556248,0.00000000,0.02729387,0.00000000,0.00000000,0.00000000,0.19949062,0.00000000,0.00000000,0.00000000,0.00000000,0.00000000,0.00000000,0.00000000,0.00000000,0.00000000,0.00000000,0.00230815,0.00000000,0.00000000,0.00000000,0.00000000,0.00000000,0.00000000,0.00000000,0.00000000,0.00000000,0.00106070,0.03464407,0.00000000,0.00000000,0.00000000,0.00000000,0.00000000,0.00000000,0.00000000,0.00417395,0.00000000,0.00000000,0.00000000,0.00000000,0.00000000,0.00000000,0.00000000,0.00000000,0.00000000,0.02304228,0.00000000,0.00225868,0.00000000,0.00000000,0.00000000,0.00000000,0.00000000,0.00000000,0.00000000,0.00000000,0.00000000,0.00000000,0.02488094,0.00000000,0.00000000,0.00618302,0.00000000,0.00000000,0.00000000,0.00000000,0.00000000,0.00371988,0.00000000,0.00000000,0.00000000,0.02953016,0.00000000,0.00000000,0.00000000,0.00000000,0.00000000,0.00000000,0.00000000,0.00000000,0.00000000,0.00000000,0.00000000,0.00000000,0.00000000,0.00000000,0.00000000,0.00000000,0.00000000,0.00000000,0.00000000,0.00000000,0.00000000,0.00000000,0.00000000,0.00000000,0.00000000,0.00000000,0.00000000,0.00000000,0.01629921,0.00000000,0.00000000,0.00000000,0.00000000,0.00000000,0.02784805,0.00000000,0.00000000,0.00000000,0.00000000,0.00000000,0.00219843,0.00049225,0.00000000,0.00000000,0.00000000,0.00000000,0.00000000,0.00000000,0.00000000,0.00130330,0.00000000,0.00000000,0.00000000,0.00000000,0.00000000,0.00000000,0.00000000,0.00000000,0.00000000,0.00795972,0.00000000,0.00000000,0.00000000,0.00000000,0.00000000,0.00000000,0.00000000,0.00000000,0.00000000,0.00000000,0.05393361,0.00220125,0.00000000,0.00000000,0.01829179,0.00000000,0.00000000,0.00000000,0.00000000,0.00731320,0.00000000,0.00000000,0.00000000,0.00000000,0.00000000,0.00240688,0.06629028,0.00000000,0.00000000,0.00000000,0.00414045,0.00157500,0.06971514,0.00000000,0.00000000,0.00000000,0.00000000,0.00000000,0.00296809,0.00000000,0.00000000,0.00000000,0.00000000,0.00000000,0.00000000,0.00000000,0.00000000,0.00377807,0.00000000,0.00000000,0.00000000,0.00000000,0.00000000,0.00000000,0.00000000,0.00000000,0.00000000,0.00000000,0.00000000,0.00000000,0.00000000,0.00000000,0.00000000,0.00000000,0.00000000,0.00000000,0.00000000,0.00000000,0.00000000,0.00000000,0.00000000,0.00000000,0.00000000,0.00000000,0.00000000,0.00000000,0.00000000,0.00000000,0.00161197,0.00000000,0.00000000,0.00195455,0.00172984,0.00000000,0.00000000,0.00000000,0.00000000,0.04284516,0.00000000,0.00000000,0.00000000,0.00000000,0.00000000,0.00000000,0.00000000,0.00000000,0.00000000,0.00000000,0.00000000,0.00000000,0.00000000,0.00000000,0.00000000,0.00000000,0.00000000,0.00000000,0.00000000,0.00000000,0.03632792,0.00000000,0.00000000,0.00000000,0.00000000,0.00000000,0.00000000,0.00000000,0.00000000,0.00000000,0.00126273,0.00000000,0.00000000,0.00000000,0.00000000,0.05512130,0.00000000,0.00910747,0.00000000,0.00000000,0.00000000,0.00000000,0.00000000,0.00000000,0.00000000,0.00000000,0.00000000,0.00000000,0.00000000,0.00487451,0.00000000,0.00000000,0.12634042,0.00000000,0.00000000,0.00000000,0.00000000,0.00000000,0.00000000,0.00000000,0.00000000,0.00000000,0.00000000,0.04303611,0.00000000,0.00000000,0.00000000,0.00000000,0.00000000,0.00000000,0.00000000,0.00000000,0.00000000,0.00000000,0.00000000,0.00000000,0.13514093,0.00000000,0.00000000,0.00000000,0.00000000,0.00363809,0.00000000,0.00000000,0.00000000
0.85759682,0.00000000,0.00664019,0.00000000,0.00000000,0.00000000,0.00000000,0.00000000,0.00000000,0.00000000,0.00000000,0.00000000,0.00000000,0.00000000,0.00000000,0.00000000,0.00000000,0.00662876,0.00000000,0.00000000,0.00000000,0.00000000,0.03147276,0.00000000,0.00000000,0.00000000,0.00000000,1.74564349,0.00000000,0.00000000,0.00000000,0.00000000,0.00000000,0.00000000,0.00000000,0.00000000,0.00000000,0.00000000,0.00000000,0.00000000,0.00000000,0.00000000,0.00000000,0.00000000,0.00000000,0.00612193,0.00000000,0.00000000,0.00083305,0.00000000,0.00000000,0.00000000,0.00000000,0.00171824,0.00000000,0.00000000,0.00000000,0.00000000,0.00000000,0.00000000,0.00341840,0.00000000,0.00000000,0.00000000,0.00000000,0.00000000,0.00000000,0.00000000,0.00000000,0.00000000,0.00482291,0.00000000,0.00000000,0.00000000,0.00000000,0.00000000,0.00000000,0.00000000,0.01019591,0.00000000,0.00000000,0.00137206,0.00000000,0.00000000,0.00000000,0.00000000,0.00000000,0.00000000,0.00000000,0.04270014,0.00000000,0.00000000,0.00000000,0.00531253,0.00000000,0.00000000,0.00000000,0.00000000,0.00000000,0.00000000,0.00000000,0.00000000,0.00000000,0.00000000,0.00000000,0.00000000,0.00299346,0.00000000,0.50380041,0.00238875,0.03179243,0.00000000,0.02536156,0.00000000,0.02294963,0.00000000,0.00000000,0.00000000,0.00000000,0.00000000,0.00000000,0.00000000,0.00000000,0.00000000,0.00870769,0.00000000,0.00000000,0.24373337,0.00000000,0.00000000,0.00000000,0.00000000,0.00000000,0.00000000,0.00000000,0.00000000,0.00000000,0.00000000,0.03602441,0.02003352,0.00111378,0.00000000,0.00405551,0.00000000,0.00000000,0.00000000,0.06174940,0.00000000,0.00000000,0.00000000,0.00000000,0.00000000,0.00000000,0.00000000,0.00000000,0.01011966,0.00000000,0.00000000,0.00000000,0.00000000,0.00000000,0.00000000,0.00000000,0.00000000,0.00000000,0.00000000,0.00000000,1.49878701,0.00000000,0.00000000,0.00499480,0.00000000,0.00000000,0.00650552,0.00000000,0.00000000,0.00082954,0.00000000,0.00000000,0.01795702,0.00000000,0.00000000,0.00000000,0.00000000,0.00000000,0.00000000,0.00000000,0.00000000,0.00000000,0.00000000,0.00000000,0.00000000,0.00000000,0.00000000,0.00000000,0.00000000,0.00000000,0.00000000,0.00000000,0.00000000,0.00000000,0.00000000,0.00000000,0.00000000,0.00000000,0.05282895,0.00000000,0.00000000,0.00000000,0.00000000,0.01137850,0.00000000,0.00000000,0.00000000,0.00000000,0.00000000,0.03624376,0.00000000,0.00000000,0.00000000,0.00247213,0.03949775,0.00000000,0.00000000,0.07606034,0.00000000,0.00000000,0.00000000,0.00000000,0.00000000,0.00000000,0.00000000,0.00000000,0.00000000,0.00000000,0.00000000,0.00000000,0.00000000,0.00000000,0.00000000,0.00000000,0.00000000,0.00000000,0.00000000,0.00000000,0.00000000,0.00000000,0.00000000,0.00000000,0.00000000,0.00000000,0.02708032,0.00000000,0.00000000,0.00000000,0.00000000,0.00000000,0.00000000,0.00000000,0.00196801,0.00000000,0.00000000,0.00000000,0.00000000,0.00000000,0.00000000,0.00000000,0.00000000,0.00000000,0.00646639,0.00000000,0.00000000,0.00000000,0.00000000,0.00000000,0.00637778,0.00000000,0.00000000,0.00251534,0.00000000,0.00000000,0.00000000,0.00000000,0.00000000,0.00000000,0.00000000,0.00000000,0.01124411,0.00000000,0.00000000,0.00000000,0.00000000,0.00000000,0.00664800,0.00000000,0.00000000,0.00000000,0.00000000,0.01362916,0.00000000,0.00000000,0.00000000,0.00000000,0.00000000,0.00000000,0.00000000,0.00000000,0.00000000,0.00000000,0.00000000,0.00000000,0.01123406,0.00000000,0.00000000,0.01324557,0.00000000,0.03480227,0.00000000,0.00173472,0.00000000,0.00000000,0.00000000,0.00000000,0.01063644,0.00000000,0.00000000,0.00000000,0.00000000,0.00448638,0.00000000,0.00000000,0.00000000,0.00000000,0.00000000,0.00000000,0.00000000,0.00000000,0.00000000,0.00000000,0.00000000,0.00000000,0.00000000,0.00000000,0.00000000,0.00000000,0.00000000,0.00000000,0.00000000,0.00000000,0.00000000,0.00385416,0.00000000,0.00000000,0.00000000,0.00000000,0.00000000,0.00000000,0.00000000,0.00000000,0.00000000,0.04702169,0.00000000,0.00365095,0.00000000,0.00000000,0.00000000,0.00000000,0.00000000,0.00000000,0.01111569,0.00000000,0.00000000,0.00000000,0.00000000,0.00000000,0.00000000,0.00000000,0.00000000,0.00000000,0.00213137,0.00000000,0.00000000,0.00982645,0.00000000,0.00000000,0.00000000,0.00000000,0.00000000,0.00000000,0.00000000,0.00000000,0.00000000,0.00000000,0.00000000,0.00000000,0.00000000,0.00000000,0.00000000,0.00000000,0.00000000,0.00000000,0.00000000,0.00000000,0.00000000,0.00000000,0.00000000,0.00000000,0.10927287,0.00000000,0.00000000,0.00000000,0.00000000,0.00000000,0.00000000,0.00000000,0.00163268,0.00000000,0.90705341,0.00866624,0.00000000,0.00000000,0.00000000,0.00000000,0.00000000,0.00000000,0.00000000,0.00000000,0.00000000,0.00000000,0.00000000,0.00000000,0.00000000,0.00000000,0.00067481,0.00000000,0.00249082,0.00000000,0.00000000,0.00000000,0.00000000,0.00000000,0.00000000,0.00000000,0.00000000,0.00000000,0.00000000,0.00000000,0.00000000,0.02102224,0.00922677,0.00000000,0.00000000,0.00586517,0.00000000,0.00000000,0.00000000,0.00000000,0.00937242,0.00000000,0.00000000,0.00000000,0.00000000,0.00224505,0.00000000,0.00000000,0.00000000,0.00000000,0.00000000,0.00000000,0.00000000,0.00000000,0.00000000,0.00000000,0.00000000,0.00000000,0.00000000,0.00000000,0.00000000,0.00000000,0.00000000,0.00000000,0.00000000,0.00000000,0.00000000,0.00000000,0.00000000,0.00000000,0.00000000,0.00000000,0.00000000,0.00000000,0.00000000,0.00000000,0.00000000,0.00000000,0.00000000,0.00000000,0.00000000,0.00000000,0.00000000,0.00000000,0.00000000,0.00000000,0.00000000,0.00251728,0.00000000,0.00000000,0.00000000,0.00000000,0.00000000,0.00000000,0.00000000,0.04274195,0.00000000,0.00000000,0.00000000,0.00000000,0.00000000,0.00000000,0.00000000,0.00000000,0.00000000,0.00000000,0.00000000,0.00000000,0.00000000,0.00000000,0.00000000,0.00000000,0.00000000,1.43883975,0.00060254,0.00000000,0.00000000,0.00000000,0.00000000,0.00000000,0.00000000,0.00000000,0.00000000,0.00000000,0.00000000,0.00366747,0.00000000,0.00000000,0.00000000,0.00000000,0.00000000,0.00000000,0.00000000,0.00000000,0.00000000,0.00000000,0.00000000,0.00000000,0.00000000,0.00000000,0.00000000,0.00000000,0.00000000,0.00762082,0.00000000,0.00801722,0.00000000,0.00000000,0.00000000,0.00000000,0.00000000,0.00000000,0.03984438,0.00000000,0.00000000,0.00000000,0.00000000,0.00000000,0.00000000,0.00000000,0.00000000,0.00000000,0.00000000,0.00000000,0.00328116,0.00000000,0.00000000,0.00000000,0.00000000,0.00000000,0.00000000,1.73416473,0.00000000,0.01915916,0.00000000,0.00000000,0.00000000,0.00000000,0.00000000,0.00000000,0.00000000,0.08133570,0.00000000,0.00000000,0.00956986,0.00000000,0.00000000,0.00000000,0.00000000,0.05420956,0.00000000,0.00000000,0.00000000,0.00000000,0.00000000,0.00000000,0.00000000,0.00000000,0.00000000,0.00000000,0.00000000,2.44195081,0.00661140,0.00000000,0.00000000,0.00000000,0.00000000,0.00000000,0.00000000,0.00000000,0.00000000,0.00000000,0.00000000,0.00000000,0.00000000,0.00000000,0.00000000,0.00000000,0.00000000,0.00000000,0.00000000,0.07691951,0.00000000,0.00000000,0.00000000,0.00000000,0.01048479,0.00000000,0.00000000,0.00000000,0.00000000,0.00000000,0.00000000,0.00000000,0.00000000,0.00000000,0.00000000,0.01258890,0.00000000,0.00000000,0.00000000,0.00000000,0.00000000,0.00000000,0.00000000,0.01340892,0.00000000,0.00000000,0.00000000,0.00000000,0.00000000,0.00000000,0.00000000,0.00000000,0.00000000,0.00000000,0.02585059,0.00000000,0.00000000,0.00502740,0.00000000,0.00000000,0.00000000,0.00000000,0.00000000,0.00000000,0.00000000,0.00000000,0.00000000,0.00000000,0.00000000,0.00000000,0.00000000,0.00000000,0.00000000,0.00111832,0.00000000,0.08995249,0.00000000,0.00000000,0.00000000,0.00000000,0.00000000,0.00000000,0.00000000,0.00000000,0.00000000,0.00000000,0.01496346,0.01810254,0.00000000,0.00000000,0.00000000,0.00000000,0.00000000,0.00000000,0.00000000,0.00000000,0.00000000,0.05330607,0.00000000,0.05709220,0.00000000,0.00261076,0.00000000,0.00000000,0.00000000,0.00712236,0.00000000,0.00000000,0.00387610,0.33981990,0.00000000,0.00000000,0.00000000,0.00000000,0.00000000,0.00000000,0.00000000,0.00000000,0.00000000,0.00000000,0.00000000,0.02290766,0.00000000,0.00000000,0.00000000,0.00000000,0.00000000,0.01621393,0.00000000,0.00105779,0.00000000,0.00000000,0.00000000,0.00000000,0.00000000,0.00000000,0.00000000,0.00112091,0.00000000,0.00000000,0.00000000,0.00000000,0.00000000,0.00000000,0.00000000,0.00000000,0.00821015,0.00000000,0.00000000,0.00000000,0.00000000,0.00000000,0.00000000,0.00000000,0.00847796,0.00000000,0.00000000,0.00000000,0.01539477,0.00000000,0.00000000,0.04731319,0.14032219,4.43649812,0.00000000,0.00000000,0.00000000,0.00000000,0.00000000,0.00000000,0.35148178,0.00000000,0.00000000,0.00000000,0.00000000,0.00000000,0.00000000,0.00000000,0.00000000,0.00628872,0.00000000
0.00000000,0.00000000,0.00000000,0.00000000,0.00000000,0.01112172,0.00000000,0.00293718,0.02571613,0.00000000,0.03931293,0.00000000,0.00545754,0.00000000,0.00559974,0.00000000,0.00000000,0.00000000,0.00000000,0.00000000,0.00000000,0.00000000,0.00000000,0.00000000,0.00000000,0.00000000,0.08304024,0.00000000,0.00000000,0.00000000,0.00231214,0.00000000,0.00000000,0.00000000,0.00000000,0.00000000,0.00000000,0.00000000,0.00000000,0.24218328,0.00000000,0.00000000,0.00000000,0.05455884,0.00000000,0.00000000,0.00713084,0.00426438,0.00000000,0.00000000,0.00000000,0.00000000,0.00158091,0.00000000,0.00000000,0.00055166,0.00000000,0.00000000,0.00000000,0.00000000,0.00000000,0.00000000,0.00000000,0.00000000,0.00000000,0.00000000,0.00000000,0.01858769,0.00000000,0.00000000,0.00000000,0.00000000,0.00000000,0.00000000,0.00000000,0.00000000,0.00000000,0.00000000,0.00000000,0.00000000,0.00000000,0.00000000,0.00000000,0.00000000,0.00000000,0.00000000,0.00000000,0.00000000,0.02210038,0.00000000,0.01161494,0.00000000,0.00000000,0.00000000,0.01138531,0.00000000,0.00000000,0.00000000,0.00539987,0.00000000,0.00000000,0.00000000,0.00000000,0.00000000,0.00000000,0.00000000,0.00000000,0.00000000,0.54168590,0.00000000,0.00000000,0.01643941,0.00000000,0.00000000,0.00000000,0.00795942,0.00000000,0.00000000,0.00000000,0.00000000,0.00000000,0.01929008,0.00000000,0.00000000,0.04538262,0.00000000,0.00000000,0.00000000,0.00000000,0.00000000,0.00000000,0.00000000,0.00000000,0.00523130,0.00000000,0.00338078,0.00000000,0.00000000,0.00000000,0.00000000,0.00000000,0.00000000,0.00000000,0.00000000,0.00000000,0.01184426,0.00000000,0.00000000,0.00000000,0.00000000,0.02474443,0.00000000,0.00000000,0.00167242,0.00000000,0.00000000,0.00000000,0.00000000,0.00000000,0.00000000,0.00000000,0.00000000,0.00000000,0.00000000,0.00000000,0.00000000,0.00000000,0.00000000,0.08254859,0.00168972,0.00000000,0.00000000,0.00000000,0.00000000,0.54576604,0.00000000,0.00000000,0.00000000,0.00000000,0.01882847,0.00000000,0.00000000,0.00000000,0.00000000,0.00000000,0.00000000,0.00000000,0.00000000,0.00000000,0.00000000,0.00000000,0.00000000,0.00000000,0.00000000,0.00000000,0.00000000,0.00000000,0.00000000,0.00000000,0.00000000,0.00000000,0.03345090,0.00000000,0.00000000,0.00000000,0.00000000,0.00000000,0.00804878,0.00000000,0.00000000,0.00000000,0.00122143,0.00000000,0.00000000,0.00000000,0.00000000,0.00000000,0.00000000,0.00000000,0.00000000,0.00000000,0.00000000,0.00000000,0.00000000,0.00000000,0.00000000,0.00000000,0.00156491,0.00000000,0.00000000,0.00000000,0.00000000,0.00000000,0.00000000,0.00000000,0.00000000,0.00345364,0.00000000,0.05245277,0.00000000,0.00000000,0.00000000,0.00000000,0.00000000,0.00000000,0.00000000,0.00000000,0.00000000,0.00000000,0.00000000,0.00000000,0.00000000,0.00000000,0.02934746,0.00000000,0.00000000,0.00000000,0.00000000,0.00000000,0.00000000,0.00000000,0.00000000,0.00412251,0.00000000,0.00000000,0.00000000,0.00000000,0.00000000,0.00120946,0.00000000,0.00000000,0.00000000,0.00000000,0.00000000,0.00000000,0.00000000,0.00864818,0.00000000,0.00000000,0.00000000,0.00000000,0.00000000,0.00695944,0.00000000,0.00000000,0.00000000,0.00000000,0.00000000,0.00367922,0.00000000,0.00000000,0.00000000,0.02959931,0.00000000,0.00000000,0.00000000,0.00000000,0.01023586,0.00000000,0.00000000,0.00000000,0.00000000,0.00000000,0.00000000,0.00000000,0.00000000,0.00000000,0.00000000,0.00000000,0.00000000,0.00000000,0.00000000,0.00000000,0.00000000,0.00083686,0.00000000,0.05451643,0.00000000,0.00000000,0.00000000,0.00000000,0.00000000,0.04831883,0.00000000,0.01422450,0.00000000,0.00000000,0.00000000,0.00000000,0.00000000,0.00000000,0.00000000,0.00000000,0.00000000,0.00000000,0.00000000,0.00000000,0.00000000,0.00000000,0.00000000,0.00000000,0.00000000,0.01278759,0.00000000,0.00000000,0.00000000,0.21678031,0.00000000,0.00000000,0.00000000,2.24475311,0.00000000,0.00000000,0.00000000,0.00000000,0.00000000,0.00000000,0.00000000,0.00000000,0.00000000,0.00000000,0.00000000,0.00000000,0.00000000,0.00757557,0.00000000,0.00000000,0.00416178,0.00000000,0.00000000,0.00000000,0.00000000,0.00000000,0.00000000,0.00000000,0.00000000,0.00000000,0.00000000,0.00000000,0.00000000,0.00515177,0.00000000,0.00000000,0.00000000,0.00271599,0.00000000,0.00000000,0.01113296,0.00364932,0.00000000,0.00078492,0.00000000,0.00299475,0.00000000,0.00000000,0.00000000,0.00000000,0.00000000,0.00000000,0.00000000,0.00000000,0.00000000,0.00000000,0.00000000,0.00000000,0.00000000,0.00000000,0.00000000,0.00000000,0.00000000,0.00000000,0.00000000,0.00000000,0.00000000,0.00000000,0.00000000,0.00000000,0.00000000,0.00000000,0.00000000,0.00000000,0.00000000,0.00000000,0.00000000,0.00000000,0.00000000,0.00000000,0.00000000,0.00000000,0.00000000,0.03335875,0.00000000,0.00000000,1.12341240,0.00000000,0.00000000,0.00000000,0.00000000,0.00148132,0.00000000,0.00000000,0.00000000,0.00000000,0.00000000,0.00000000,0.00000000,0.00000000,0.00000000,0.00000000,0.00000000,0.00000000,0.00000000,0.00000000,0.00000000,0.00000000,0.00000000,0.00000000,0.04225433,0.00000000,0.00000000,0.00000000,0.00000000,0.00000000,0.00000000,0.00000000,0.03346578,0.00000000,0.00000000,0.00000000,0.00000000,0.00000000,0.00000000,0.00000000,0.00000000,0.00767510,0.00000000,0.00000000,0.00000000,0.00000000,0.00000000,0.00000000,0.00000000,0.00000000,0.00000000,0.00000000,0.00000000,0.00000000,0.00000000,0.00000000,0.00000000,0.00000000,0.05023469,0.23833270,0.02703208,0.00000000,0.00000000,0.00000000,0.00000000,0.00000000,0.00000000,0.00000000,0.00000000,0.00000000,0.00000000,0.00000000,0.00000000,0.00000000,0.00000000,0.00000000,0.00000000,2.87578861,0.00000000,0.00000000,0.00000000,0.00000000,0.00000000,0.00000000,0.00930929,0.00000000,0.00000000,0.00000000,0.00000000,0.00000000,0.00407347,0.00000000,0.00000000,0.00000000,0.00000000,0.00312333,0.00000000,0.00000000,0.00000000,0.01066532,0.00000000,0.00000000,0.00000000,0.00000000,0.03092177,0.00000000,0.00104145,0.14276914,0.01327243,0.04512043,0.00000000,1.66073089,0.00000000,0.00000000,0.00000000,0.00000000,0.00000000,0.00000000,0.00000000,0.00000000,0.00000000,0.00000000,0.00000000,0.00396896,0.00081456,0.00000000,0.00000000,0.00000000,0.00000000,0.00000000,0.00000000,0.03112978,0.00000000,0.91121568,0.00000000,0.00000000,0.00000000,0.07124457,0.00000000,0.00000000,0.00000000,0.00000000,0.00000000,0.00000000,0.00000000,0.00000000,0.00000000,0.00000000,0.01214575,0.00000000,0.00000000,0.00000000,0.00000000,0.00000000,0.00000000,0.00000000,0.00000000,0.00000000,0.00086959,0.03926089,0.00000000,0.00000000,0.00000000,0.00000000,0.00000000,0.00000000,0.00000000,0.00455461,0.00000000,0.00000000,0.00197512,0.00000000,0.00000000,0.00000000,0.00000000,0.00000000,0.00000000,0.00000000,0.00000000,0.00000000,0.00000000,0.00000000,0.00000000,0.00000000,0.00000000,0.00000000,0.00000000,0.00000000,0.00000000,0.00000000,0.00000000,0.00000000,0.00000000,0.00000000,0.13931065,0.00000000,0.00000000,0.00000000,0.00000000,0.00961427,0.00000000,0.00000000,0.00000000,0.00000000,0.00000000,0.00000000,0.00000000,0.00000000,0.00000000,0.00000000,0.00000000,0.00000000,0.00000000,0.00000000,0.00000000,0.00749602,0.00000000,0.00000000,0.00000000,0.00000000,0.00000000,0.00000000,0.00000000,0.00000000,0.00000000,0.00000000,0.00000000,0.00000000,0.00000000,0.00000000,0.00000000,0.00000000,0.00000000,0.00000000,0.00000000,0.00000000,0.00000000,0.00000000,0.00000000,0.00000000,0.00000000,0.00000000,0.00000000,0.00000000,0.00000000,0.00000000,0.00000000,0.00000000,0.00000000,0.00196005,0.00000000,0.00000000,0.00000000,0.00000000,0.00000000,0.00178922,0.00000000,0.00000000,0.00000000,0.00000000,0.04444783,0.00000000,0.00000000,0.00000000,0.06778813,0.00000000,0.00000000,0.00000000,0.00000000,0.00000000,0.02869815,0.00000000,0.00000000,0.00000000,0.00000000,0.00000000,0.00000000,0.00303010,0.00000000,0.00000000,0.00000000,0.00000000,0.00000000,0.00000000,0.00000000,0.00000000,0.00000000,0.00000000,0.00000000,0.00000000,0.00000000,0.00000000,0.00000000,0.00458871,0.00000000,0.00000000,0.00000000,0.00000000,0.00000000,0.03950927,0.00644021,0.00000000,0.00000000,0.00000000,0.00000000,0.00000000,0.00000000,0.00000000,0.00000000,0.00000000,0.00000000,0.00000000,0.00000000,0.00000000,0.00000000,0.00000000,0.00000000,0.00000000,0.00000000,0.00000000,0.00523606,0.00000000,0.00000000,0.00000000,0.00103013,0.00000000,0.00000000,0.00000000,0.00000000,0.00238761,0.00000000,0.00000000,0.00000000,0.00000000,0.00000000,0.00000000,0.00000000,0.00000000,0.00772093,0.00103353,0.03121462,0.00000000,0.00000000,0.00000000,0.00374315,0.00000000,0.03255179,0.00000000,0.00000000,0.00000000,0.00000000,0.00000000,0.00000000,0.00000000,0.00000000,0.00000000,0.03376285,0.00000000,0.00000000,0.00000000,5.26376059,0.00000000,0.00000000,0.00000000,0.00000000,0.00000000,0.00000000
0.00000000,0.00098998,0.00000000,0.00000000,0.00000000,0.11720211,0.00000000,0.00000000,0.00000000,0.00518844,0.00119371,0.00000000,0.00000000,0.00000000,0.01133703,0.00000000,0.00091866,0.00000000,0.00000000,0.00225730,0.00000000,0.03116502,0.01149995,0.00000000,0.01633508,0.00000000,0.00000000,0.00000000,0.00000000,0.00000000,0.00000000,0.00000000,0.09565946,0.00000000,0.00000000,0.00000000,0.00000000,0.00000000,0.00000000,0.00000000,0.01638815,0.00000000,0.00000000,0.00000000,0.00000000,0.00000000,0.00256309,0.00000000,0.00000000,0.00000000,0.00000000,0.00000000,0.00000000,0.00000000,0.00107526,0.00000000,0.00000000,0.00000000,0.00000000,0.00000000,0.00000000,0.17520194,0.00000000,0.00000000,0.00000000,0.00000000,0.00000000,0.20863357,0.00000000,0.00000000,0.08215383,0.00000000,0.00000000,0.00000000,0.00000000,0.00000000,0.00000000,0.00000000,0.00000000,0.00000000,0.02152833,0.00000000,0.00000000,0.00000000,0.00000000,0.00000000,0.00000000,0.00000000,0.00000000,0.00000000,0.00000000,0.00297585,0.00000000,0.00000000,0.00000000,0.00000000,0.00000000,0.00000000,0.00000000,0.00000000,0.00000000,0.00000000,0.00000000,0.00336431,0.00000000,0.00000000,0.00000000,2.57575787,0.00000000,0.00157345,0.00263361,0.00000000,0.00000000,0.00000000,0.00000000,0.00000000,0.01812948,0.00000000,0.00000000,0.00000000,0.00000000,0.00000000,0.00000000,0.00000000,0.01851451,0.00000000,0.00000000,0.00000000,0.00000000,0.00000000,0.00000000,0.00000000,0.00000000,0.00000000,0.00000000,0.00000000,0.00000000,0.00333536,0.00000000,0.00000000,0.00000000,0.00000000,0.00000000,0.00000000,0.00000000,0.00000000,0.00083643,0.00000000,0.00000000,0.00000000,0.00000000,0.00000000,0.00000000,0.00000000,0.00000000,0.00000000,0.00000000,0.02311999,0.00000000,0.00000000,0.00000000,0.00000000,0.00000000,0.00647376,0.00000000,0.00000000,0.00000000,0.00000000,0.00000000,0.00000000,0.53220373,0.00000000,0.00000000,0.00000000,0.00000000,0.00000000,0.00000000,0.00000000,0.00000000,0.01673779,0.00000000,0.00000000,0.00000000,0.00000000,0.00000000,0.00104448,0.00000000,0.00000000,0.00848170,0.00000000,0.00000000,0.00000000,0.00539014,0.00000000,0.00000000,0.00000000,0.00000000,0.00000000,0.00000000,0.00000000,0.00000000,0.00000000,0.00000000,0.00000000,0.00000000,0.03132662,0.00000000,0.00000000,0.00000000,0.00000000,0.00000000,0.00000000,0.00000000,0.00314553,0.00000000,0.00000000,0.00000000,0.00000000,0.00000000,0.00000000,0.00559199,0.00000000,0.00000000,0.00000000,0.00000000,0.00000000,0.00000000,0.00000000,0.00000000,0.00000000,0.00000000,0.00000000,0.00000000,0.00000000,0.00000000,0.01113216,0.00000000,0.00000000,0.00000000,0.00000000,0.00000000,0.00000000,0.00000000,0.00000000,0.05881718,0.00000000,0.00000000,0.00000000,0.00000000,0.00000000,0.00118088,0.00000000,0.00000000,0.00000000,0.00000000,0.00000000,0.00000000,0.00000000,0.00000000,0.00000000,0.00000000,0.00000000,0.00000000,0.00000000,0.00000000,0.00000000,0.00000000,0.00000000,0.00000000,0.00000000,0.00000000,0.00000000,0.00000000,0.00000000,0.00000000,0.01706671,0.00000000,0.00000000,0.00000000,0.00000000,0.00558472,0.00000000,0.00000000,0.00161610,0.00000000,0.00000000,0.00000000,0.00000000,0.00000000,0.00000000,0.00102513,0.00443494,0.00000000,0.00000000,0.00000000,0.00000000,0.00000000,0.00000000,0.00000000,0.00000000,0.00000000,0.00000000,0.00000000,0.00000000,0.00000000,0.00000000,0.00000000,0.00000000,0.00000000,0.00000000,0.00000000,0.00000000,0.00000000,0.00000000,0.00000000,0.00000000,0.00000000,0.00000000,0.00000000,0.00000000,0.00000000,0.00000000,0.00129897,0.00000000,0.00000000,0.01157016,0.00000000,0.00000000,0.00000000,0.00000000,0.00000000,0.00000000,0.00541944,0.00470232,0.00000000,0.00000000,0.00000000,0.00000000,0.00000000,0.00000000,0.00000000,0.00000000,0.00000000,0.00000000,0.00000000,0.00000000,0.00000000,0.00000000,0.00000000,0.00000000,0.00000000,0.00000000,0.00000000,0.00000000,0.01313840,0.00000000,0.00000000,0.00000000,0.00000000,0.00000000,0.00000000,0.00000000,0.00000000,0.05638384,0.00000000,0.00000000,0.00000000,0.00000000,0.00000000,0.00000000,0.00000000,0.00000000,0.00000000,0.00000000,0.00000000,0.00000000,0.00000000,0.00000000,0.00000000,0.00000000,0.00000000,0.00000000,0.00000000,0.00000000,0.00000000,0.00000000,0.00812838,0.00000000,0.00000000,0.00000000,0.00000000,0.00000000,0.00000000,0.00000000,0.00000000,0.00000000,0.00000000,0.00000000,0.00000000,0.00000000,0.00000000,0.00000000,0.00000000,0.00000000,0.00000000,0.00154334,0.68919784,0.00000000,0.00000000,0.00000000,0.00000000,0.00000000,0.00000000,0.09034197,0.00000000,0.00000000,0.00000000,0.00575239,0.00000000,0.00000000,0.00000000,0.00000000,0.00000000,0.00069433,0.00000000,0.00000000,0.00000000,0.00000000,0.00475464,0.00229925,0.00000000,0.00000000,0.00000000,0.01207794,0.00152698,0.00000000,0.00000000,0.00000000,0.00000000,0.00000000,0.00000000,0.00000000,0.00000000,0.00000000,0.00000000,0.00000000,0.00000000,0.00000000,0.00000000,0.00000000,0.00000000,0.00000000,0.00000000,0.00000000,0.00000000,0.00000000,0.00000000,0.00000000,0.00000000,0.00000000,0.00000000,0.00000000,0.03555746,0.00000000,0.00000000,0.00000000,0.00000000,0.00000000,0.00000000,0.00000000,0.00000000,0.00000000,0.00000000,0.00000000,0.00000000,0.00000000,0.00000000,0.00000000,0.00000000,0.00000000,0.00000000,0.00000000,0.00000000,0.00000000,0.00808872,0.00000000,0.00000000,0.00000000,0.00000000,0.00118569,0.00000000,0.00000000,0.00058506,0.00000000,0.00000000,0.00000000,0.00000000,0.00000000,0.00000000,0.01984425,0.00558073,0.00000000,0.00000000,0.00000000,0.00000000,0.00000000,0.00000000,0.00000000,0.00979533,0.02859487,0.00000000,0.00000000,0.00000000,0.00000000,0.00387015,0.00000000,0.00000000,0.00000000,0.00000000,0.00000000,0.00000000,0.00000000,0.00000000,0.00000000,0.00000000,0.00000000,0.00000000,0.08604829,0.00000000,0.00000000,0.00000000,0.00000000,0.00000000,0.00000000,0.00000000,0.00000000,0.00128803,0.00000000,0.00000000,0.00000000,0.00000000,0.00000000,0.00000000,0.00000000,0.00000000,0.00000000,0.00888022,0.00000000,0.00311839,0.00000000,0.00000000,0.00000000,0.00000000,0.00000000,0.00000000,0.00000000,0.00000000,0.00000000,0.00000000,0.04487032,0.00000000,0.00742569,0.00000000,0.00000000,0.00000000,0.00000000,0.00000000,0.00000000,0.00000000,0.00000000,0.00000000,0.15590650,0.00000000,0.00000000,0.02322287,0.00000000,0.00000000,0.00000000,0.00000000,0.00000000,0.00000000,0.00000000,0.00000000,0.01366661,0.00000000,0.09368406,0.00000000,0.00000000,0.00000000,0.00000000,0.00000000,0.00114194,0.00000000,0.00000000,0.00000000,0.00000000,0.00000000,0.00000000,0.00000000,0.00000000,0.00000000,0.00000000,0.00000000,0.00000000,0.00000000,0.00000000,0.00000000,0.00000000,0.00000000,0.00000000,0.00418419,0.00000000,0.00000000,0.01139762,1.38503563,0.00000000,0.00000000,0.00000000,0.00000000,0.00000000,0.00000000,0.00000000,0.00000000,0.00000000,0.00000000,0.00000000,0.03121128,0.00000000,0.00000000,0.00000000,0.00000000,0.00000000,0.00000000,0.00000000,0.00000000,0.00000000,0.00000000,0.00000000,0.00857017,0.00000000,0.00000000,0.00000000,0.00000000,0.00000000,0.00000000,0.00000000,0.00000000,0.00000000,0.00000000,0.04250932,0.00000000,0.00000000,0.00000000,0.00000000,0.00000000,0.00000000,0.00000000,0.00000000,0.02474588,0.00000000,0.00000000,0.00000000,0.01527791,0.00501635,0.00000000,0.00000000,0.00000000,0.00000000,0.00000000,0.00000000,0.00000000,1.81835725,0.09138238,0.00000000,0.00000000,0.00000000,0.00000000,0.00000000,0.00000000,0.00000000,0.00088084,0.04890034,0.00000000,0.00000000,0.00082465,0.00000000,0.00256606,0.00000000,0.00000000,0.00000000,0.00000000,0.00000000,0.00000000,0.00000000,0.00000000,0.00262274,0.00000000,0.00000000,0.00000000,0.00000000,0.03842960,0.07609062,0.00388645,0.00452624,0.00000000,0.00000000,0.00000000,0.00000000,0.00000000,0.00151556,0.00000000,0.00000000,0.00000000,0.00000000,0.00000000,0.00000000,0.00000000,0.00000000,0.00427499,0.00000000,0.00000000,0.00000000,0.00000000,0.00000000,0.00000000,0.00000000,0.00000000,0.00000000,0.00000000,0.00986630,0.01088693,0.00000000,0.00000000,0.00000000,0.00000000,0.00000000,0.00000000,0.00000000,0.00612630,0.00000000,0.00000000,0.00000000,0.00000000,0.00000000,0.01376686,0.03479958,0.00000000,0.00000000,0.01599962,0.00000000,0.00000000,0.00364413,0.00000000,0.00000000,0.00000000,0.00000000,0.00000000,0.00000000,0.01264525,0.00000000,0.00000000,0.00000000,0.00105181,0.00000000,0.00000000,0.00000000,0.00000000,0.00000000,0.00000000,0.00331174,0.00000000,0.00000000,0.00000000,0.00000000,0.00000000,0.00000000,0.00000000,0.01933249,0.00000000,0.00000000,0.00000000,0.00000000,0.00000000,0.00000000,0.00000000,0.00000000,0.00000000,0.00000000,0.00000000,0.00000000,0.00000000,0.00000000,0.00000000,0.00000000,0.00000000,0.00000000,0.00000000,0.00000000,0.00000000,0.00000000
0.00000000,0.00000000,0.00000000,0.00000000,0.00000000,0.00000000,0.00000000,0.00149811,0.00000000,0.00000000,0.00000000,0.00000000,0.00000000,0.00000000,0.00000000,0.00000000,0.00000000,0.00000000,0.00000000,0.00000000,0.00000000,0.00000000,0.00000000,0.00000000,0.00000000,0.00000000,0.00000000,0.00000000,0.00000000,0.00000000,0.00000000,0.00000000,0.00124807,0.00000000,0.00000000,0.00000000,0.00000000,0.00000000,0.00000000,0.00000000,0.00000000,0.00000000,0.00000000,0.01337970,0.00844704,0.00000000,0.00229992,0.00000000,0.00000000,0.00000000,0.00000000,0.00000000,0.00000000,0.00000000,0.00000000,0.00000000,0.00000000,0.00000000,0.00000000,0.00000000,0.03978088,0.00000000,0.00000000,0.00000000,0.00000000,0.00000000,0.00000000,0.00000000,0.00000000,0.00000000,0.00000000,0.00000000,0.00000000,0.00000000,0.00000000,0.00000000,0.00000000,0.00000000,0.00000000,0.00000000,0.00000000,0.00000000,0.00000000,0.00000000,0.00000000,0.00000000,0.00000000,0.00119248,0.00000000,0.00000000,0.00000000,0.00000000,0.00000000,0.00000000,0.00000000,0.00000000,0.00000000,0.00175204,0.00000000,0.00137298,0.00000000,0.00000000,0.00000000,0.00000000,0.00000000,0.00000000,0.01291991,0.00000000,0.00000000,0.00000000,0.00069787,0.00000000,0.00000000,0.00000000,0.00000000,0.00000000,0.00000000,0.00000000,0.00000000,0.00000000,0.00000000,0.00000000,0.00000000,0.00000000,0.00097876,0.00000000,0.00000000,0.00000000,0.00000000,0.00000000,0.00000000,0.00000000,0.00597626,0.00000000,0.00000000,0.00000000,0.00000000,0.00000000,0.00000000,0.00000000,0.00158714,0.00000000,0.00000000,0.00188462,0.00000000,0.00000000,0.00000000,0.00000000,0.00000000,0.00000000,0.00000000,0.00000000,0.00000000,0.01432285,0.00000000,0.00770222,0.00000000,0.00000000,0.00000000,0.00000000,0.00000000,0.00000000,0.00000000,0.00000000,0.71172162,0.00000000,0.00000000,0.00000000,0.00678319,0.00000000,0.00000000,0.00000000,0.00000000,0.00000000,0.00000000,0.00000000,0.00000000,0.00000000,0.00000000,0.05725734,0.00000000,0.00807821,0.00000000,0.21284372,0.00000000,0.00000000,0.00000000,0.00000000,0.00000000,0.00000000,0.00000000,0.00000000,0.00000000,0.00435119,0.00000000,0.00000000,0.00000000,0.00000000,0.00000000,0.06609874,0.00000000,0.00000000,0.00329164,0.00000000,0.00000000,0.00179583,0.00429164,0.00000000,0.00000000,0.00000000,0.00000000,0.00000000,0.05849332,0.00000000,0.00000000,0.04340014,0.00000000,0.00000000,0.00000000,0.00000000,0.00000000,0.01488502,0.00000000,0.00000000,0.00000000,0.00000000,0.00000000,0.00997867,0.00000000,0.00000000,0.00000000,0.00000000,0.00000000,0.00000000,0.01113216,0.00000000,0.00000000,0.00000000,0.00000000,0.00000000,0.00000000,0.00000000,0.00000000,0.00367999,0.00000000,0.00000000,0.00000000,0.00000000,0.00000000,0.00000000,0.00000000,0.00000000,0.00000000,0.00000000,0.00000000,0.00000000,0.00000000,0.00000000,0.00000000,0.00000000,0.00000000,0.00000000,0.00000000,0.00000000,0.00000000,0.00000000,0.00000000,0.00000000,0.00000000,0.00000000,0.00000000,0.00000000,0.00000000,0.00000000,0.00000000,0.00000000,0.00000000,0.00000000,0.00000000,0.00000000,0.00000000,0.00000000,0.00000000,0.00000000,0.00000000,0.00000000,0.00000000,0.00000000,0.01558238,0.00000000,0.00000000,0.00000000,0.00000000,0.00000000,0.00000000,0.02421469,0.00000000,0.00000000,0.00000000,0.00000000,0.00000000,0.00593331,0.00000000,0.00000000,0.00000000,0.00000000,0.00000000,0.00000000,0.00000000,0.00000000,0.00000000,0.00000000,0.00977930,0.00000000,0.00000000,0.00000000,0.00000000,0.00000000,0.00000000,0.00000000,0.00000000,0.01633149,0.00000000,0.07581164,0.00000000,0.00872574,0.00000000,0.00000000,0.00000000,0.00230304,0.00000000,0.04416878,0.00000000,0.00000000,0.00000000,0.00000000,0.00683981,0.00000000,0.00000000,0.00000000,0.00000000,0.00000000,0.00443072,0.00000000,0.00000000,0.00000000,0.00000000,0.00000000,0.00000000,0.00000000,0.00000000,0.01163439,0.01047173,0.00000000,0.00000000,0.00670623,0.00000000,0.77886155,0.00000000,0.00000000,0.00586111,0.00000000,0.00000000,0.00000000,0.00000000,0.00000000,0.00000000,0.00000000,0.00000000,0.00000000,0.00000000,0.00000000,0.00000000,0.00000000,0.00054425,0.00086208,0.00000000,0.00000000,0.00000000,0.00000000,0.00000000,0.00000000,0.00000000,0.00000000,0.00000000,0.00000000,0.00402993,0.00000000,0.00000000,0.00000000,0.00126661,0.00769137,0.00000000,0.00000000,0.00000000,0.00000000,0.00000000,0.01671291,0.00000000,0.04350594,0.00000000,0.00000000,0.00000000,0.00000000,0.00000000,0.00000000,0.00000000,0.00000000,0.00000000,0.00000000,0.01154670,0.00000000,0.00000000,0.00574701,0.00000000,0.00000000,0.00000000,0.00000000,0.00000000,0.00000000,0.00000000,0.00000000,0.00525170,0.00000000,0.00000000,0.00000000,0.00000000,0.00000000,0.00000000,0.00000000,0.00000000,0.00000000,0.00000000,0.00000000,0.00000000,0.00000000,0.00000000,0.00000000,0.00000000,0.00000000,0.00000000,0.00000000,0.00000000,0.00000000,0.00000000,0.00000000,0.01300082,0.00000000,0.00000000,0.00000000,0.00000000,0.05890262,0.00000000,0.00000000,0.00000000,0.00000000,0.00000000,0.00000000,0.00000000,0.00000000,0.00000000,0.00000000,0.00000000,0.00000000,0.00000000,0.00000000,0.00000000,0.00000000,0.00000000,0.00673424,0.00000000,0.00000000,0.00000000,0.00000000,0.01016094,0.00000000,0.00000000,0.00000000,0.00000000,0.00000000,0.09446654,0.00000000,0.00000000,0.00000000,0.00000000,0.00000000,0.00000000,0.00000000,0.00000000,0.00000000,0.00000000,0.00000000,0.00000000,0.00000000,0.00000000,0.00000000,0.00000000,0.00000000,0.00000000,0.00000000,0.00000000,0.00000000,0.00000000,0.00000000,0.00000000,0.00000000,0.00110717,0.03908804,0.00000000,0.00000000,0.00000000,0.00751121,0.01388138,0.00000000,0.00000000,0.00000000,0.00000000,0.00000000,0.00000000,0.00000000,0.00000000,0.00000000,0.00000000,0.00285062,0.00000000,0.00000000,0.00000000,0.00000000,0.00000000,0.00000000,0.00000000,0.00158230,0.00000000,0.00000000,0.00000000,0.00000000,0.00000000,0.00000000,0.00000000,0.00000000,0.00000000,0.00867101,0.00278344,0.00000000,1.31530678,0.00000000,0.00000000,0.00000000,0.00000000,0.00000000,0.00000000,0.00000000,0.00000000,0.08178582,0.00000000,0.00000000,0.00000000,0.00000000,0.00000000,0.00000000,0.00000000,0.00000000,0.00000000,0.00197096,0.00000000,0.00000000,0.00000000,0.00000000,0.00000000,0.00000000,0.00000000,0.00457892,0.00000000,0.00000000,0.00000000,0.00000000,0.00000000,0.00000000,0.00000000,0.00000000,0.00000000,0.00000000,0.00000000,0.00549766,0.00000000,0.00000000,0.00000000,0.00000000,0.00000000,0.00000000,0.00000000,0.00000000,0.00000000,0.00000000,0.00000000,0.00000000,0.00000000,0.00000000,0.00000000,0.00000000,0.00000000,0.00000000,0.00000000,0.00000000,0.00508821,0.00000000,0.00000000,0.00000000,0.00000000,0.00000000,0.01766357,0.00000000,0.00000000,0.00745727,0.00000000,0.00000000,0.00000000,0.00000000,0.00000000,0.00000000,0.00000000,0.00404319,0.00000000,0.00000000,0.00000000,0.01830748,0.01748421,0.00000000,0.00000000,0.00000000,0.00000000,0.00000000,0.00000000,0.00000000,0.00000000,0.00000000,0.00000000,0.00000000,0.00000000,0.00000000,0.00000000,0.00000000,0.00000000,0.00000000,0.00000000,0.00000000,0.00000000,0.00000000,0.00000000,0.00000000,0.00000000,0.00201080,0.00000000,0.00000000,2.81218787,0.00000000,0.00000000,0.00000000,0.00205387,0.00000000,0.00000000,0.00000000,0.00000000,0.00000000,0.00000000,0.00000000,0.00000000,0.00000000,0.00000000,0.00000000,0.00000000,0.00000000,0.00000000,0.00000000,0.06132263,0.00000000,0.00000000,2.67488316,0.01276234,0.00000000,0.00000000,0.00176635,2.08309282,0.00077799,0.00000000,2.54644231,0.00000000,0.00000000,0.00000000,0.08098435,0.00000000,0.00000000,0.01148371,0.03773718,0.00000000,2.16223248,0.00000000,0.00129353,0.00000000,0.01151150,0.00000000,0.00000000,0.00000000,0.00000000,0.00843680,0.00000000,0.00000000,0.00000000,0.00000000,0.00000000,0.00291102,0.00000000,0.00000000,0.00000000,0.00000000,0.00000000,0.00000000,0.00000000,0.00000000,0.00000000,0.00000000,0.00000000,0.00000000,0.00000000,0.00000000,0.00000000,0.00000000,0.00000000,0.02344165,0.00000000,0.00000000,0.00749075,0.00000000,0.00000000,0.00000000,0.00000000,0.00000000,0.00000000,0.00000000,0.00000000,0.00000000,0.00000000,0.00000000,0.00000000,0.00000000,0.00000000,0.00000000,0.00000000,0.00000000,0.00000000,0.00000000,0.00000000,0.00277924,0.00602245,0.00000000,0.32431498,0.00000000,0.00000000,0.00000000,0.00000000,0.00000000,0.00000000,1.15611387,0.00000000,0.00000000,0.00000000,0.00000000,0.12022196,0.01551792,0.00000000,0.00000000,0.00000000,0.00362200,0.00000000,0.00000000,0.00000000,0.00195449,0.00000000,0.00000000,0.00000000,0.00000000,0.00000000,0.00000000,0.00000000,0.00888480,0.32812173,0.00000000,0.00000000,0.00000000,0.00000000,0.00000000,0.01518438,0.00000000,0.00000000,0.00000000,0.00000000,0.00000000,0.00000000,0.00000000,0.00000000
0.00000000,0.00000000,0.00000000,0.00000000,0.00000000,0.00000000,0.00000000,0.04699830,0.00000000,0.00000000,0.00000000,0.00000000,0.00000000,0.00000000,0.01592359,0.00000000,0.00095753,0.00000000,0.00980338,0.00000000,0.00000000,0.00000000,0.00000000,0.00000000,0.00000000,0.01131579,0.00000000,0.00000000,0.00000000,0.00000000,0.00000000,0.00000000,0.00319572,0.00000000,0.00000000,0.00000000,0.00000000,0.00000000,0.00000000,0.00000000,0.02289755,0.37398544,0.00000000,0.00000000,0.00272119,0.00000000,0.00000000,0.00000000,0.18630548,0.00000000,0.00000000,0.00000000,0.01047906,0.00000000,0.00000000,0.00000000,0.00000000,0.00000000,0.00000000,0.00641757,0.00000000,0.00000000,0.00000000,0.53007398,0.00000000,0.00000000,0.11554175,0.01409305,0.00000000,0.00000000,0.00000000,0.00000000,0.00000000,0.00000000,0.00000000,0.00000000,0.00000000,0.00000000,0.00000000,0.00000000,0.00000000,0.00000000,0.00000000,0.00000000,0.00000000,0.00000000,0.00000000,0.00000000,0.00000000,0.02168689,0.00000000,0.00000000,0.00000000,0.00000000,0.00000000,0.00146309,0.00000000,0.00000000,0.00000000,0.00000000,0.00400128,0.00000000,0.00000000,0.00000000,0.00000000,0.00000000,0.00000000,0.00000000,0.00000000,0.00000000,0.00000000,0.00000000,0.00000000,0.00000000,0.00000000,0.00000000,0.00000000,0.00000000,0.00000000,0.00000000,0.00000000,0.00000000,0.00000000,0.00000000,0.00000000,0.00226003,0.00000000,0.00000000,0.02447869,0.00000000,0.00000000,0.00000000,0.02097558,0.00000000,0.00000000,0.00000000,0.00000000,0.00000000,0.00000000,0.00000000,0.06818543,0.00332942,0.00000000,0.00000000,0.01563259,0.09944532,0.00000000,0.00000000,0.00153954,0.00000000,0.02106475,0.00000000,0.00000000,0.00000000,0.00000000,0.00000000,0.00000000,0.12957198,0.03160420,0.00000000,0.00000000,0.00000000,0.00000000,0.00000000,0.00000000,0.00000000,0.00325029,0.00000000,0.00000000,0.02385686,0.00000000,0.20017160,0.00000000,0.00000000,0.07025482,0.00000000,0.00000000,0.00000000,0.00000000,0.00000000,0.00000000,0.00000000,0.00000000,0.00000000,0.00000000,0.00000000,0.00000000,0.00000000,0.00000000,0.00000000,0.02884820,0.00000000,0.00000000,0.00000000,0.00000000,0.41715992,0.00000000,0.00000000,0.00000000,0.00000000,0.00000000,0.00000000,0.00000000,0.00000000,0.00000000,0.00000000,0.00000000,0.00000000,0.00000000,0.00000000,0.00000000,0.04441720,0.00000000,0.00000000,0.02823710,0.00000000,0.00000000,0.00000000,0.00000000,0.00000000,0.00000000,0.02197280,0.00000000,0.00000000,0.09085174,0.00272639,0.00000000,0.00000000,0.00000000,0.00000000,0.00000000,0.00000000,0.00000000,0.00345364,0.00000000,0.00000000,0.00000000,0.00000000,0.00000000,0.00000000,0.00000000,0.00000000,0.00000000,0.00000000,0.00000000,0.00000000,0.00000000,0.00000000,0.00000000,0.00000000,0.00000000,0.00000000,0.00000000,0.00000000,0.00000000,0.00000000,0.00000000,0.00000000,0.00000000,0.00000000,0.00000000,0.00000000,0.00000000,0.00000000,0.00000000,0.00000000,0.00000000,0.00213390,0.00000000,0.17415164,0.00000000,0.00000000,0.00000000,0.00194994,0.00000000,0.00000000,0.00000000,0.00000000,0.00000000,0.00000000,0.00000000,0.00000000,0.03376602,0.00000000,0.00000000,0.00000000,0.00000000,0.00000000,0.00000000,0.00000000,0.00000000,0.00000000,0.00000000,0.00000000,0.00000000,0.00000000,0.00000000,0.00000000,0.00000000,0.00000000,0.00000000,0.00000000,0.00000000,0.00000000,0.00000000,0.00187250,0.00000000,0.00689188,0.00000000,0.00000000,0.00000000,0.00000000,0.00000000,0.00000000,0.00504686,0.00000000,0.00000000,0.00482619,0.00000000,0.00000000,0.00000000,2.29155942,0.00000000,0.00000000,0.00000000,0.00000000,0.00000000,0.00000000,0.00000000,0.00000000,0.00000000,0.00000000,0.00000000,0.00000000,0.02247950,0.00000000,0.00000000,0.00000000,0.00000000,0.01856352,0.00000000,0.00000000,0.00000000,0.00094462,0.00000000,0.04752973,0.00000000,0.00000000,0.00000000,0.00000000,0.00000000,0.00000000,0.00000000,0.00000000,0.00000000,0.00000000,0.00000000,0.00000000,0.00000000,0.00000000,0.40902054,0.00000000,0.00000000,0.00000000,0.00000000,0.00000000,0.00000000,0.00000000,0.00000000,0.00281067,0.00489312,0.00000000,0.00000000,0.00000000,0.00000000,0.01010088,0.00000000,0.00000000,0.00000000,0.00000000,0.00000000,0.00000000,0.00000000,0.00000000,0.00000000,0.00775374,0.00000000,0.00000000,0.00000000,0.00000000,0.00000000,0.00000000,0.00000000,0.00000000,0.00000000,0.00000000,0.00000000,0.00000000,0.00000000,0.00000000,0.00000000,0.00000000,0.00000000,0.00000000,0.00000000,0.00000000,0.00000000,0.00000000,0.00000000,0.00000000,0.01366186,0.00000000,0.00000000,0.00000000,0.00000000,0.00000000,0.00000000,0.00000000,0.01204604,0.01811595,0.00614619,0.00000000,0.00000000,0.00000000,0.00000000,0.00000000,0.00000000,0.00000000,0.00000000,0.00000000,0.00000000,0.00000000,0.00000000,0.00000000,0.00000000,0.00500580,0.00000000,0.00000000,0.00000000,0.00000000,0.00000000,0.00000000,0.00000000,0.00000000,0.00000000,0.00000000,0.00000000,0.01474050,0.00000000,0.00000000,0.00262772,0.00000000,0.00000000,0.00000000,0.00000000,0.00000000,0.00000000,0.00194213,0.00000000,0.00000000,0.00000000,0.00109043,0.00000000,0.00000000,0.00000000,0.00000000,0.00000000,0.00000000,0.00000000,0.01751787,0.00000000,0.00000000,0.00000000,0.00000000,0.00000000,0.00000000,0.00000000,0.00000000,0.00000000,0.00000000,0.00382000,0.00000000,0.00000000,0.00000000,0.00251404,0.02339350,0.00000000,0.00000000,0.00000000,0.00000000,0.00000000,0.00000000,0.44006152,0.00000000,0.00000000,0.00000000,0.00000000,0.00133624,0.00608865,0.00000000,0.00000000,0.00000000,0.00000000,0.00000000,0.00000000,0.00000000,0.00000000,0.00000000,0.00000000,0.00000000,0.00000000,0.00000000,0.02102891,0.00000000,0.00000000,0.00000000,0.00000000,0.00000000,0.00000000,0.00518675,0.00000000,0.00000000,0.00000000,0.00000000,0.00000000,0.00000000,0.00000000,0.00000000,0.00000000,0.67111561,0.00000000,0.00000000,0.00000000,0.00000000,0.00000000,0.00000000,0.00000000,0.00000000,0.00000000,0.00000000,0.00000000,0.00000000,0.00000000,0.00000000,0.00000000,0.00000000,0.00000000,0.00000000,0.00000000,0.00000000,0.00000000,0.00000000,0.00000000,0.00000000,0.00000000,0.00000000,0.00000000,0.00000000,0.00000000,0.00000000,0.00000000,0.00000000,0.00000000,0.00000000,0.00000000,0.00000000,0.00000000,0.00000000,0.00000000,0.00000000,0.00000000,0.00000000,0.00000000,0.00000000,0.00000000,0.00000000,0.00453390,0.00000000,0.00000000,0.00000000,0.00000000,0.00000000,0.07362990,0.00000000,0.00000000,0.00000000,0.00284700,0.00000000,0.00000000,0.00000000,0.00000000,0.00000000,0.00000000,0.01886741,0.00000000,0.00000000,0.07231391,0.00000000,0.00000000,0.00000000,0.00000000,0.00000000,0.06260738,0.00000000,0.00000000,0.00000000,0.00000000,0.00000000,0.00000000,0.00000000,0.00000000,0.00000000,0.00000000,0.00000000,0.00000000,0.00359033,0.00000000,0.00000000,0.00000000,0.00000000,0.00000000,0.00000000,0.00000000,0.00000000,0.00000000,0.00000000,0.00000000,0.00000000,0.00000000,0.00000000,0.00000000,0.00000000,0.00000000,0.00000000,0.00000000,0.00000000,0.00000000,0.00000000,0.00000000,0.00000000,0.00000000,0.21495463,0.00000000,0.00000000,0.00000000,0.00000000,0.00000000,0.00236351,0.00000000,0.00000000,0.01038823,0.00186041,0.00000000,0.00000000,0.00000000,0.00720524,0.00000000,0.00000000,0.00000000,0.03257600,0.00000000,0.00000000,0.01434427,0.00000000,0.06034824,0.00000000,0.00000000,0.00000000,0.00000000,0.00000000,0.00000000,0.00000000,0.00000000,0.00000000,0.00000000,0.00000000,0.00000000,0.00451385,0.00000000,0.00000000,0.02058535,0.00000000,3.02457550,0.00000000,0.00000000,0.00200375,0.00000000,0.00000000,0.00000000,0.00000000,0.00000000,0.00000000,0.00000000,0.00000000,0.00000000,0.00661910,0.00738199,0.00000000,0.00793190,0.00000000,0.00000000,0.00000000,0.00000000,0.00000000,0.00000000,0.00000000,0.00000000,0.00000000,0.00000000,0.00000000,0.00000000,0.00792969,0.00000000,0.00000000,0.00000000,0.00000000,0.00000000,0.00000000,0.00000000,0.00000000,0.00828410,0.00000000,0.00000000,0.00000000,0.00000000,0.00000000,0.00000000,0.00000000,0.00000000,0.17934529,0.00000000,1.13726071,0.00000000,0.00230860,0.00000000,0.00000000,0.00858548,0.00000000,1.72333073,0.00000000,0.00000000,0.00000000,0.00000000,0.00000000,0.00000000,0.00000000,0.00000000,0.00000000,0.00000000,0.00000000,0.00000000,0.00000000,0.00000000,0.00378331,0.00180030,0.00000000,0.00079885,0.00000000,0.00000000,0.00000000,0.01373697,0.00000000,0.00000000,0.00000000,0.00000000,0.00000000,0.00000000,0.00867523,0.01283325,0.00000000,0.00000000,0.00000000,0.00000000,0.00000000,0.00000000,0.00000000,0.00000000,0.00000000,0.00000000,0.00000000,0.00000000,0.00000000,0.00000000,0.00000000,0.00000000,0.00000000,0.00000000,0.01285244,0.00000000,0.00000000,0.00000000,0.00000000,0.00000000,0.00000000,0.00000000,0.00000000,0.00000000,0.00000000,0.00000000,0.00000000
0.00000000,0.00000000,0.00000000,0.00000000,0.00000000,0.00000000,0.00000000,0.00586821,0.00000000,0.00000000,0.00000000,0.00000000,0.00000000,0.00000000,0.00000000,0.00000000,0.00000000,0.00000000,0.01736472,0.00000000,0.00000000,0.00000000,0.00000000,0.00000000,0.00000000,0.00000000,0.00000000,0.00000000,0.00000000,0.00000000,0.04722896,0.00000000,0.00963160,0.00000000,0.00000000,0.00000000,0.00000000,0.00120292,0.00000000,0.00000000,0.00000000,0.02524416,0.00000000,0.00000000,0.00000000,0.00000000,0.00000000,0.01065752,0.00000000,0.01391924,0.00000000,0.00000000,0.00000000,0.00000000,0.01301970,0.00000000,0.00000000,0.00000000,0.00000000,0.00000000,0.00000000,0.00289612,0.00000000,0.00000000,0.00000000,0.00000000,0.00000000,0.00000000,0.00000000,0.00000000,0.00000000,0.00000000,0.00000000,0.00000000,0.00000000,0.00000000,0.00711682,0.00000000,0.00000000,0.00000000,0.00000000,0.00000000,0.00000000,0.00604709,0.00000000,0.00000000,0.01713722,0.00000000,0.00000000,0.00000000,0.00000000,0.00000000,0.00000000,0.00000000,0.00000000,0.00000000,0.00000000,0.00000000,0.00000000,0.00000000,0.00000000,0.00000000,0.00357116,0.01775948,0.00000000,0.00000000,0.00000000,0.00000000,0.00000000,0.00000000,0.00000000,0.00000000,0.00000000,0.00000000,1.73423567,0.00000000,0.00000000,0.00000000,0.00000000,0.00000000,0.00000000,0.00000000,0.00000000,0.00000000,0.00000000,0.00000000,0.00000000,0.00000000,0.00560931,0.00000000,0.00000000,0.00000000,0.00000000,0.00000000,0.00000000,0.00000000,0.00000000,0.00000000,0.00000000,0.00000000,0.00000000,0.00000000,0.00154623,0.00000000,0.00253562,0.00000000,0.00000000,0.00000000,0.11776828,0.00000000,0.00000000,0.00000000,0.00000000,0.00000000,0.00000000,0.00000000,0.00000000,0.00000000,0.00000000,0.00000000,0.00000000,0.00000000,0.00000000,0.00000000,0.00000000,0.00000000,0.00000000,0.00000000,0.00000000,0.00000000,0.00000000,0.00000000,0.31173672,0.00000000,0.00000000,0.00000000,0.00000000,0.00000000,0.00000000,0.00000000,0.00000000,0.00000000,0.00000000,0.00000000,0.03778715,0.00000000,0.00000000,0.01455798,0.00000000,0.00000000,0.00000000,0.00000000,0.00638440,0.00000000,0.00000000,0.00000000,0.00000000,0.00000000,0.00000000,0.00755306,0.00000000,0.00184733,0.00367317,0.00000000,0.00000000,0.00560126,0.00000000,0.00000000,0.00000000,0.00000000,0.00000000,0.00000000,0.00000000,0.00000000,0.00000000,0.00000000,0.00000000,0.00000000,0.00000000,0.00000000,0.00000000,0.00000000,0.00425936,0.00000000,0.00000000,0.00000000,0.00000000,0.00988218,0.00000000,0.00000000,0.00000000,0.00000000,0.00000000,0.00000000,0.00000000,0.00000000,0.00000000,0.00000000,0.00000000,0.00000000,0.00078132,0.00000000,0.00000000,0.00000000,0.00000000,0.00000000,0.00000000,0.01861993,0.00567985,0.00000000,0.00000000,0.00000000,0.00000000,0.06106002,0.00000000,0.00000000,0.00000000,0.01298179,0.00000000,0.00000000,0.00000000,0.00000000,0.00000000,0.00000000,0.00000000,0.00000000,0.00000000,0.00000000,0.00000000,0.00000000,0.06908460,0.00000000,0.00000000,0.00000000,0.00593934,0.00000000,0.00000000,0.00000000,0.00000000,0.01619242,0.00000000,0.00000000,0.00000000,0.00000000,0.00000000,0.00000000,0.00000000,0.00000000,0.00000000,0.00000000,0.00000000,0.00180456,0.00000000,0.00000000,0.00000000,0.00811130,0.00000000,0.00000000,0.00000000,0.00000000,0.00000000,0.00000000,0.00000000,0.00000000,0.00000000,0.00000000,0.00000000,0.00000000,0.00000000,0.13426394,0.00789047,0.00000000,1.27709613,0.00000000,0.00368205,0.00000000,0.00000000,0.00000000,0.00000000,0.00000000,0.00000000,0.00000000,0.00000000,0.00000000,0.00000000,0.01354119,0.00000000,0.00000000,0.00000000,0.00000000,0.00000000,0.00000000,0.00000000,0.00000000,0.00000000,0.00000000,0.00000000,0.01683549,0.00000000,0.00000000,0.00000000,0.00000000,0.00531919,0.00000000,0.00000000,0.00596895,0.01966961,0.00000000,0.00000000,0.00000000,0.00000000,0.00000000,0.00000000,0.00000000,0.00000000,0.00000000,0.00000000,0.00000000,0.00000000,0.00000000,0.00000000,0.00000000,0.00000000,0.00000000,0.00355138,0.00425964,0.00000000,0.01991541,0.00000000,0.00000000,0.00000000,0.01741875,0.01419875,0.00000000,0.00000000,0.00000000,0.00000000,0.00000000,0.00000000,0.00000000,0.00000000,0.00000000,0.00000000,0.00000000,0.00000000,0.00000000,0.00000000,0.00000000,0.00000000,0.00000000,0.00000000,0.00000000,0.00000000,0.01515552,0.00000000,0.00000000,0.00000000,0.00000000,0.00000000,0.00000000,0.00000000,0.00000000,0.00000000,0.00000000,0.00000000,0.00000000,0.00000000,0.00000000,0.06933167,0.00000000,0.00000000,0.00000000,0.00000000,0.00000000,0.00000000,0.00000000,0.00000000,0.00000000,0.00000000,0.00000000,0.00000000,0.00000000,0.00000000,0.00165684,0.00000000,0.00000000,0.00000000,0.39557032,0.00000000,0.04879364,0.00000000,0.00000000,0.00000000,0.00000000,0.00000000,0.00000000,0.00000000,0.00000000,0.00000000,0.00000000,0.00000000,0.00000000,0.00000000,0.00000000,0.00000000,0.01594932,0.00000000,0.00000000,0.00000000,0.00000000,0.00000000,0.00000000,0.00000000,0.00000000,0.00000000,0.00000000,0.00000000,0.00000000,0.00289245,0.00000000,0.00000000,0.00000000,0.00000000,0.00116317,0.00000000,0.00000000,0.00000000,0.00000000,0.00000000,0.00000000,0.00000000,0.00000000,0.00000000,0.00000000,0.00000000,0.00000000,0.00000000,0.00000000,0.00000000,0.00000000,0.00174799,0.00299995,0.00000000,0.00000000,0.00000000,0.00000000,0.00000000,0.00000000,0.00000000,0.00000000,0.00000000,0.00000000,0.16229024,0.00000000,0.00000000,0.00000000,0.00000000,0.00000000,0.00000000,0.00000000,0.00000000,0.00000000,0.00000000,0.00000000,0.00000000,0.00000000,0.00000000,0.02885354,0.06315838,0.00000000,0.00000000,0.00000000,0.00000000,0.00000000,0.00000000,0.00000000,0.00000000,0.00222676,0.00000000,0.00000000,0.00000000,0.00000000,0.00000000,0.00000000,0.00000000,0.00000000,0.00000000,0.00000000,0.00000000,0.00000000,0.00000000,0.01095517,0.00000000,0.00000000,0.00000000,0.00000000,0.00000000,0.00000000,0.00000000,0.00000000,0.00000000,0.00000000,0.00000000,0.00000000,0.00000000,0.00000000,0.00000000,0.00000000,0.00000000,0.00000000,0.00000000,0.00000000,0.00230341,0.00000000,0.00000000,0.00915840,0.03982448,0.07989107,0.00000000,0.01032738,0.00000000,0.00000000,0.00000000,0.00000000,0.05659254,0.00000000,0.00000000,0.00000000,0.00421725,0.00000000,0.00000000,0.00387563,0.00000000,0.00000000,0.00000000,0.00000000,0.00000000,0.00000000,0.00171391,0.00000000,0.00000000,0.00000000,0.05616594,0.24233250,0.00000000,0.00000000,0.00000000,0.00000000,0.00000000,0.00000000,0.00000000,0.00000000,0.00000000,0.00000000,0.00000000,0.00000000,0.00000000,0.00000000,0.00000000,0.13052703,0.00000000,0.00073166,0.00000000,0.00000000,0.00000000,0.00000000,0.00000000,0.00000000,0.01642435,0.00000000,0.00000000,0.00000000,0.00234782,0.00000000,0.00000000,0.00000000,0.00000000,0.00000000,0.01842418,0.00000000,0.00000000,0.00684444,0.00000000,0.00000000,0.00000000,0.00000000,0.00000000,0.00000000,0.00000000,0.00000000,0.00000000,0.00000000,0.00000000,0.00000000,0.00000000,0.00826278,0.00000000,0.00000000,0.00000000,0.00000000,0.00000000,0.01316400,0.00000000,0.00411572,0.00000000,0.00000000,0.00000000,0.00000000,0.00000000,0.00000000,0.00000000,0.00000000,0.00000000,0.00799906,0.00000000,0.00000000,0.00000000,0.00000000,0.00000000,0.02520536,0.00000000,0.00000000,0.00000000,0.00000000,0.00000000,0.00000000,0.00000000,0.00000000,0.00000000,0.00000000,0.00000000,0.00000000,0.00000000,0.00000000,0.00000000,0.00262097,0.00000000,0.00000000,0.00000000,0.00000000,0.00000000,0.00000000,0.00000000,0.00000000,0.00000000,0.00364134,0.00000000,0.00000000,0.00000000,0.00207031,0.00000000,0.00000000,0.00000000,0.00000000,0.00000000,0.00000000,0.08052835,0.00000000,0.00000000,0.06017449,0.00000000,0.00000000,0.00000000,0.00000000,0.00634158,0.00000000,0.00000000,0.00000000,0.00000000,0.01587204,0.00000000,0.00422939,0.00000000,0.00000000,0.13674130,0.00000000,0.00000000,0.00000000,0.00000000,0.00000000,0.00000000,0.00000000,0.00000000,0.00000000,0.00000000,0.00000000,0.00000000,0.00000000,0.00000000,0.00000000,0.02740861,0.00000000,0.00000000,0.00000000,0.00000000,0.00000000,0.00000000,0.01598169,0.00294342,0.00843762,0.00000000,0.00000000,0.00000000,0.00000000,0.00000000,0.00000000,0.00000000,0.00000000,0.00000000,0.00000000,0.00000000,0.10182259,0.00000000,0.10198028,0.00000000,0.00000000,0.04597426,0.00000000,0.00000000,0.00000000,0.00000000,0.00000000,0.00000000,0.00000000,0.00000000,0.00000000,0.00000000,0.00000000,0.00000000,0.00000000,0.00000000,0.00000000,0.00000000,0.00000000,0.00000000,0.00000000,0.00000000,0.00000000,0.00000000,0.00567945,0.00000000,0.00000000,0.00000000,0.00000000,0.00000000,0.00000000,0.00000000,0.00000000,0.00000000,0.00528369,0.00000000,0.00000000,0.00833611,0.32656927,0.11337174,0.00000000,0.00100662,0.00101296,0.00000000,0.00000000
0.22644710,0.00000000,0.00000000,0.00000000,0.00000000,0.00000000,0.00000000,0.00000000,0.00199715,0.00000000,0.00000000,0.00000000,0.00912824,0.00000000,0.00000000,0.00000000,0.00000000,0.00000000,0.00000000,0.00542324,0.00000000,0.00000000,0.00000000,0.00000000,0.00000000,0.00000000,0.00000000,0.00000000,0.00000000,0.00000000,0.00000000,0.00000000,0.00000000,0.00000000,0.00000000,0.00000000,0.00000000,0.00000000,0.00071565,0.00000000,0.00000000,0.00000000,0.00000000,0.00365746,0.00000000,0.00000000,0.00000000,0.00000000,0.00000000,0.00000000,0.00000000,0.00000000,0.00000000,0.00000000,0.00000000,0.00000000,0.00000000,0.00190394,0.00000000,0.00000000,0.00000000,0.80791585,0.00000000,0.00000000,0.00000000,0.00000000,0.00000000,0.00000000,0.00000000,0.00000000,0.00000000,0.00000000,0.00000000,0.00000000,0.00000000,0.00000000,0.00000000,0.01557694,0.00000000,0.00000000,0.00000000,0.00000000,0.00000000,0.00000000,0.00000000,0.00000000,0.01279218,0.00000000,0.00000000,0.00000000,0.00000000,0.00000000,0.00000000,0.00000000,0.00000000,0.00000000,0.00072410,0.00000000,0.00000000,0.00131105,0.00000000,0.00000000,0.00000000,0.00000000,0.00000000,0.00000000,0.00000000,0.01840271,0.00000000,0.00000000,0.00000000,0.00000000,0.00000000,0.00000000,0.00000000,0.00000000,0.00000000,0.00000000,0.05399937,0.00000000,0.00000000,0.00000000,0.00854803,0.00000000,0.00000000,0.00000000,0.00000000,0.00000000,0.00000000,0.00000000,0.00000000,0.00000000,0.08599979,0.00000000,0.00000000,0.00000000,0.00000000,0.00000000,0.00000000,0.00000000,0.00000000,0.00000000,0.00000000,0.00000000,0.00000000,0.00000000,0.00000000,0.00000000,0.00000000,0.00270104,0.00000000,0.02294189,0.00000000,0.00000000,0.00000000,0.05820180,0.00000000,0.00000000,0.00854466,0.00000000,0.00000000,0.00000000,0.00000000,0.00000000,0.00000000,0.00000000,0.00000000,0.05035316,0.00000000,0.00000000,0.00000000,0.00000000,0.00000000,0.00000000,0.00000000,0.00000000,0.00000000,0.00000000,0.00000000,0.00000000,0.00000000,0.03987815,0.00000000,0.00272825,0.00000000,0.00000000,0.00650528,0.00000000,0.00462456,0.00000000,0.00000000,0.00000000,0.00000000,0.00000000,0.00000000,0.00000000,0.00000000,0.00000000,0.00000000,0.00000000,0.00000000,0.00059474,0.00218437,0.00000000,0.00000000,0.00000000,0.00000000,0.00000000,0.00000000,0.00000000,0.00000000,0.00000000,0.00000000,0.00000000,0.00000000,0.03639906,0.00000000,0.00000000,0.00000000,0.00083558,0.00000000,0.00000000,0.00000000,0.00176216,0.00432149,0.00000000,0.00000000,0.00000000,0.00000000,0.00000000,0.00967578,0.00787263,0.00000000,0.05245277,0.00000000,0.00000000,0.00000000,0.00000000,0.00000000,0.85897454,0.00000000,0.00000000,0.00000000,0.00000000,0.14118267,0.00000000,0.00000000,0.00000000,0.00000000,0.00000000,0.00000000,0.00000000,0.00000000,0.00000000,0.00000000,0.00000000,0.00000000,0.00000000,0.00000000,0.00000000,0.00000000,0.00000000,0.00000000,0.00000000,0.00000000,0.00000000,0.00000000,0.00156719,0.05336572,0.00000000,0.00000000,0.00000000,0.00000000,0.00153640,0.00000000,0.00000000,0.02015798,0.00000000,0.00000000,0.00000000,0.00000000,0.00000000,0.00000000,0.00000000,0.00000000,0.00000000,0.00000000,0.05443720,0.00000000,0.00000000,0.00000000,0.01135206,0.00841712,0.00000000,0.00000000,0.00000000,0.00000000,0.00343457,0.00000000,0.00000000,0.00000000,0.00000000,0.00000000,0.00000000,0.01390452,0.00000000,0.00000000,0.00000000,0.00000000,0.00000000,0.00000000,0.00000000,0.00000000,0.00000000,0.03416712,0.00000000,0.07981515,0.01553462,0.00000000,0.00000000,0.00633764,0.00000000,0.00000000,0.00000000,0.01033216,0.00885096,0.00000000,0.00000000,0.01392372,0.00000000,0.00000000,0.00000000,0.00000000,0.00000000,0.00000000,0.00000000,0.00000000,0.00000000,0.03487907,0.00000000,0.00000000,0.00000000,0.00000000,0.02950547,0.00000000,0.00000000,0.02615763,0.00000000,0.00000000,0.00000000,0.00000000,0.00000000,0.00000000,0.00000000,0.00000000,0.00000000,0.00000000,0.00000000,0.00838160,0.00000000,0.00000000,0.00000000,0.01147702,0.00316493,0.00235689,0.00000000,0.00000000,0.00000000,0.00000000,0.00000000,0.00000000,2.13856228,0.00000000,0.00000000,0.00000000,0.00000000,0.00000000,0.00000000,0.00000000,0.00000000,0.00000000,0.00000000,0.00000000,0.00000000,0.00000000,0.00000000,0.00300402,0.00000000,0.01247740,0.00000000,0.00000000,0.00000000,0.00000000,0.00500921,0.00000000,0.00000000,0.00355697,0.00000000,0.00000000,0.00000000,0.00000000,0.00000000,0.00088965,0.00000000,0.00000000,0.00000000,0.00000000,0.00000000,0.00000000,0.00000000,0.00000000,0.00555137,0.00000000,0.04168399,0.00000000,0.00000000,0.00000000,0.00000000,0.00000000,0.00000000,0.00000000,0.00000000,0.00000000,0.00000000,0.00622503,0.00000000,0.00000000,0.00328450,0.00000000,0.00000000,0.00000000,0.00000000,0.00000000,0.00195552,0.00000000,0.00000000,0.00000000,0.00000000,0.00000000,0.00000000,0.00000000,0.00000000,0.00000000,0.00000000,0.00000000,0.00000000,0.00000000,0.00000000,0.00000000,0.00000000,0.00000000,0.00000000,0.00000000,0.00000000,0.00000000,0.00000000,0.00000000,0.00000000,0.00000000,0.00000000,0.00000000,0.00000000,0.00000000,0.00000000,0.00000000,0.00000000,0.00000000,0.00000000,0.00000000,0.00590216,0.03990730,0.00000000,0.00000000,0.00000000,0.01217778,0.00000000,0.00000000,0.00000000,0.00000000,0.00000000,0.00000000,0.00000000,0.00000000,0.00000000,0.00000000,0.00000000,0.00000000,0.00000000,0.00000000,0.00000000,0.01087162,0.00000000,0.00000000,0.00000000,0.00000000,0.00000000,0.00000000,0.00000000,0.00000000,0.00000000,0.00000000,0.00000000,0.02324760,0.00000000,0.00000000,0.00000000,0.00000000,0.00000000,0.00000000,0.00000000,0.01753964,0.00000000,0.02614270,0.00140989,0.00000000,0.00000000,0.00000000,0.00000000,0.00000000,0.00000000,0.00000000,0.00000000,0.00000000,0.00000000,0.00000000,0.00000000,0.00000000,0.00000000,0.00000000,0.00000000,0.00000000,0.00445917,0.00000000,0.00000000,0.00000000,0.00000000,0.00000000,0.00000000,0.00000000,0.00000000,0.00000000,0.00000000,0.00000000,0.00000000,0.00000000,0.00000000,0.00000000,0.00000000,0.00000000,0.00000000,0.00000000,0.00000000,0.00000000,0.00000000,0.18707127,0.00000000,0.00000000,0.00000000,2.23192853,0.12786233,0.00000000,0.00082266,0.00000000,0.00000000,0.00000000,0.00000000,0.00000000,0.00642199,0.00000000,0.00000000,0.00000000,0.00000000,0.00000000,0.00000000,0.00000000,0.00000000,0.00000000,0.00000000,0.00000000,0.00000000,0.00000000,0.00000000,0.00000000,0.00000000,0.00892520,0.00000000,0.00000000,0.00000000,0.00000000,0.00000000,0.00000000,0.00778354,0.00000000,0.00000000,0.00000000,0.00000000,0.00000000,0.00000000,0.00000000,0.00000000,0.00000000,0.00000000,0.00000000,0.00000000,0.00000000,0.03982309,0.02034822,0.00000000,0.00000000,0.00000000,0.00000000,0.00000000,0.00000000,0.00000000,0.06818903,0.00000000,0.00000000,0.00000000,0.00000000,0.00248614,0.00000000,0.00000000,0.00000000,0.00226747,0.00356016,0.00000000,0.00000000,0.00000000,0.00000000,0.00000000,0.00000000,0.00081051,0.00000000,0.00000000,0.00000000,0.00000000,0.00000000,0.00000000,0.00000000,0.00000000,0.00680702,0.00000000,0.00000000,0.00000000,0.00000000,0.01878681,0.00000000,0.00000000,0.00000000,0.00000000,0.00000000,0.00000000,0.00000000,0.00000000,0.00000000,0.00000000,0.00000000,0.00000000,0.00000000,0.00108597,0.00000000,0.00000000,0.00000000,0.00000000,0.00000000,0.00000000,0.00000000,0.00000000,0.00000000,1.19016542,0.00140934,0.00085961,0.00000000,0.00000000,0.00000000,0.00000000,0.00000000,0.00000000,0.00000000,0.00000000,0.00000000,0.00000000,0.00000000,0.09375740,0.00000000,0.00000000,0.00941869,0.00000000,0.00000000,0.00000000,0.00000000,0.00000000,0.00000000,0.00000000,0.00000000,0.00997812,0.00000000,0.00000000,0.00000000,0.00000000,0.00000000,0.00000000,0.00000000,0.00000000,0.00000000,0.00000000,0.00000000,0.00000000,0.00000000,0.00000000,0.00000000,0.00000000,0.00000000,0.00000000,0.00908804,0.00000000,0.00000000,0.00000000,0.02099759,0.00000000,0.00000000,0.00000000,0.00000000,0.01590421,0.00000000,0.00000000,0.00000000,0.00000000,0.00000000,0.00000000,0.00000000,0.00210468,0.00000000,0.00000000,0.00000000,0.00000000,0.00000000,0.00000000,0.00000000,0.00000000,0.04558537,0.00247604,0.00000000,0.00000000,0.00000000,0.01650332,0.00000000,0.00000000,0.00000000,0.00000000,0.00000000,0.00000000,0.00000000,0.00000000,0.00000000,0.00000000,0.00000000,0.00000000,0.00000000,0.00000000,0.00000000,0.00000000,0.00000000,0.00000000,0.00000000,0.00000000,0.00000000,0.00000000,0.00000000,0.00000000,0.00000000,0.00000000,0.00000000,0.00000000,0.00000000,0.00000000,0.00000000,0.02179740,0.00000000,0.00000000,0.00000000,0.00000000,0.00000000,0.05115809,0.00000000,0.00000000,0.00000000,0.00000000,0.00000000,0.00000000,0.00000000,0.00000000,0.00000000,0.01200221,0.00425916,0.00000000,0.00000000,0.00000000,0.05532732,0.00000000
0.00503240,0.00000000,0.00404715,0.00271428,0.00000000,0.00000000,0.00000000,0.00000000,0.00000000,0.00000000,0.02733735,0.00000000,0.00000000,0.00000000,0.00000000,0.00000000,0.00000000,0.00000000,0.00000000,0.00000000,0.00000000,0.00000000,0.00000000,0.00000000,0.00000000,0.00000000,0.00000000,0.00000000,0.00000000,0.00000000,0.00000000,0.00000000,0.00000000,0.00000000,0.00000000,0.00000000,0.00000000,0.00000000,0.00000000,0.00000000,0.00000000,0.00000000,0.00000000,0.00000000,0.00000000,0.00000000,0.00000000,0.01346248,0.00000000,0.00000000,0.08082394,0.00000000,0.00000000,0.00000000,0.00000000,0.01370917,0.00000000,0.00000000,0.00000000,0.00000000,0.00179667,0.00000000,0.01046651,0.00000000,0.00000000,0.02674592,0.00000000,0.00000000,0.00000000,0.00000000,0.00000000,0.00000000,0.05615015,0.00000000,0.00165213,0.00000000,0.00000000,0.00508149,0.00000000,0.00268399,0.00000000,0.00000000,0.00000000,0.00000000,0.00000000,0.00000000,0.00000000,0.00000000,0.00000000,0.35753797,0.00000000,0.00000000,0.00000000,0.00000000,0.00000000,0.02117183,0.06403003,0.00000000,0.00000000,0.00000000,0.00000000,0.00000000,0.00000000,0.00000000,0.00000000,0.00000000,0.00000000,0.00000000,0.00000000,0.00000000,0.00000000,0.00000000,0.00000000,0.00000000,0.00000000,0.00000000,0.00000000,0.00000000,0.00416514,0.00000000,0.00000000,0.00000000,0.00000000,0.00000000,0.00000000,0.00000000,0.00000000,0.00332603,0.00000000,0.00158484,0.00000000,0.00000000,0.00000000,0.00000000,0.02900257,0.00000000,0.00000000,0.00000000,0.00000000,0.00000000,0.00000000,0.03032059,0.00000000,0.00000000,0.00000000,0.00000000,0.00068182,0.00000000,0.00000000,0.00000000,0.00000000,0.00000000,0.00000000,0.00000000,0.00000000,0.00000000,0.00000000,0.00000000,0.00000000,0.00000000,0.00000000,0.00000000,0.00000000,0.00000000,0.00000000,0.00000000,0.00000000,0.00000000,0.00000000,0.00000000,0.00000000,0.00000000,0.00994249,0.00000000,0.00000000,0.00000000,0.00210613,0.01497161,0.00000000,0.00000000,0.00121265,0.00000000,0.00000000,0.00000000,0.00000000,0.00071857,0.00000000,0.00000000,0.00000000,0.00000000,0.00000000,0.00000000,0.00000000,0.00000000,0.00000000,0.00000000,0.00000000,0.00000000,0.01056651,0.00000000,0.00000000,0.50058731,0.00000000,0.00239860,0.00000000,0.00000000,0.00000000,0.00000000,0.00000000,0.00000000,0.00000000,0.00000000,0.00000000,0.00189774,0.00000000,0.00000000,0.00000000,0.00000000,0.19405579,0.00000000,0.00000000,0.00000000,0.00000000,0.00000000,0.00000000,0.00000000,0.00000000,0.00000000,0.08905695,0.02805428,0.00372275,0.00000000,0.00000000,0.00000000,0.00000000,0.00000000,0.00000000,0.00000000,0.85897454,0.00000000,0.00000000,0.00000000,0.00000000,0.00000000,0.00000000,0.00000000,0.00000000,0.00000000,0.00000000,0.00000000,0.00000000,0.00000000,0.00000000,0.00000000,0.00000000,0.00000000,0.00000000,0.00000000,0.00000000,0.00000000,0.00000000,0.06028968,0.00000000,0.00000000,0.00000000,0.00246387,0.00000000,0.00000000,0.00000000,0.00000000,0.01155237,0.00000000,0.00000000,0.00000000,0.00000000,0.00000000,0.00000000,0.00000000,0.00000000,0.00000000,0.00000000,0.00000000,0.00319156,0.00000000,0.00000000,0.00602088,0.00000000,0.00000000,0.00000000,0.00458205,0.01373905,0.00000000,0.00000000,0.00000000,0.00136345,0.00376910,0.00000000,0.00000000,0.00000000,0.00000000,0.00000000,0.15269730,0.00000000,0.00000000,0.00000000,0.00000000,0.00000000,0.00000000,0.01695564,0.00000000,0.00000000,0.00660125,0.00000000,0.00000000,0.00000000,0.00000000,0.00000000,0.00000000,0.00000000,0.00000000,0.01056836,0.00000000,0.00000000,0.00000000,0.00000000,1.69678788,0.00000000,0.00000000,0.00000000,0.00000000,0.00000000,0.00000000,0.00000000,0.00000000,0.00000000,0.00000000,0.00000000,0.00000000,0.00000000,0.00000000,0.00000000,0.00000000,0.00000000,0.00000000,0.00000000,0.00000000,0.00000000,0.00000000,0.00000000,0.00000000,0.00000000,0.01059854,0.00000000,0.00064498,0.00000000,0.00000000,0.00000000,0.00991562,0.00000000,0.00203300,0.00000000,0.00000000,0.00000000,0.00000000,0.00000000,0.00000000,0.00000000,0.00000000,0.00000000,0.00943803,0.00000000,0.00000000,0.00000000,0.00000000,0.00000000,0.00000000,0.00000000,0.00000000,0.00000000,0.00000000,0.00678849,0.04370785,0.00000000,0.00000000,0.00860042,0.00000000,0.00000000,0.00000000,0.00000000,0.00000000,0.00000000,0.00000000,0.00000000,0.00000000,0.00000000,0.00000000,0.00076314,0.00000000,0.00000000,0.00000000,0.00000000,0.00000000,0.00000000,0.00000000,0.00000000,0.00000000,0.00000000,0.00000000,0.00000000,0.00000000,0.00000000,0.05080765,0.00000000,0.00000000,0.00000000,0.00000000,0.00000000,0.00000000,0.00000000,0.00000000,0.00000000,0.00000000,0.00000000,0.00000000,0.00000000,0.00000000,0.00000000,0.00000000,0.00000000,0.00000000,0.00000000,0.00000000,0.00000000,0.00000000,0.00000000,0.00000000,0.00000000,0.00000000,0.00000000,0.00000000,0.00000000,0.00000000,0.00000000,0.00000000,0.00000000,0.00000000,0.00000000,0.00000000,0.00000000,0.00000000,0.00000000,0.00000000,0.00000000,0.00000000,0.00000000,0.00000000,0.00000000,0.00000000,0.00000000,0.00000000,0.00000000,0.00000000,0.00000000,0.00000000,0.00000000,0.00000000,0.19200581,0.04357751,0.00000000,0.00000000,0.00000000,0.00000000,0.00000000,0.00593165,0.00000000,0.00000000,0.00000000,0.00406496,0.00000000,0.00000000,0.00000000,0.00000000,0.00000000,0.00000000,0.00000000,0.00000000,0.00000000,0.00000000,0.00000000,0.01551022,0.00000000,0.00000000,0.00000000,0.00000000,0.00000000,0.00835099,0.00000000,0.00000000,0.00000000,0.00000000,0.00000000,0.00000000,0.00000000,0.00000000,0.00000000,0.00000000,0.00000000,0.00000000,0.00000000,0.00789803,0.00000000,0.00000000,0.00000000,0.65456062,0.00000000,0.00905354,0.00000000,0.00000000,0.00000000,0.00000000,0.01252752,0.00000000,2.53770809,0.00000000,0.00000000,0.00114653,0.00000000,0.00000000,0.00000000,0.00000000,0.00215590,0.00000000,0.00000000,0.00000000,0.00092796,0.00000000,0.00000000,0.00000000,0.00000000,0.00652311,0.00000000,0.06555108,0.00000000,0.00000000,0.00067843,0.00000000,0.00000000,0.00000000,0.00000000,0.00000000,0.00000000,0.00000000,0.00000000,0.01311541,0.00000000,0.00000000,0.00000000,0.00410834,0.00000000,0.00000000,0.08942368,0.00000000,0.00000000,0.00000000,0.00000000,0.00000000,0.00000000,0.00000000,0.00000000,0.00000000,0.00000000,0.00000000,0.76556478,0.00000000,0.00287503,0.00000000,0.00000000,0.00000000,0.00000000,0.00818855,0.00000000,0.00000000,0.00000000,0.00000000,0.00000000,0.00000000,0.00000000,0.00000000,0.00000000,0.00000000,0.00000000,0.00000000,0.00000000,0.00000000,0.00000000,0.00000000,0.00000000,0.00000000,0.00000000,0.00000000,0.00000000,0.00000000,0.00000000,0.00000000,0.00000000,0.00000000,0.00000000,0.00000000,0.00000000,0.00314240,0.00000000,0.00000000,0.00000000,0.28434687,0.00000000,0.00000000,0.00000000,0.00000000,0.00000000,0.02011171,0.00000000,0.00419616,0.00000000,0.00000000,0.00000000,0.00000000,0.00853597,0.00000000,0.00000000,0.00000000,0.00000000,0.00137748,0.00000000,0.00000000,0.00000000,0.00000000,0.05758853,0.00000000,0.07375533,0.00000000,0.00000000,0.00000000,0.00000000,0.00000000,0.00826455,0.00000000,0.00000000,0.00000000,0.00000000,0.00000000,0.00000000,0.00000000,0.00000000,0.00000000,0.01500937,0.03669734,0.00000000,0.00935361,0.00000000,0.01077353,0.00000000,0.00000000,0.00000000,0.00000000,0.00000000,0.00000000,0.00000000,0.00000000,0.00000000,0.00000000,0.04821634,0.00000000,0.01278387,0.00000000,0.00000000,0.00000000,0.00000000,0.00000000,0.00000000,0.00000000,0.00000000,0.00000000,0.00000000,0.00000000,0.00000000,0.00000000,0.00000000,0.00000000,0.00000000,0.00000000,0.02897026,0.00000000,0.00000000,0.00000000,0.00000000,0.00067204,0.59798005,0.00000000,0.00000000,0.00000000,0.00000000,0.00000000,0.00000000,0.00000000,0.00000000,0.00000000,0.00000000,0.02158508,0.00000000,0.00000000,0.00000000,0.00000000,0.00000000,0.00000000,0.00000000,0.00231557,0.00000000,0.00000000,0.00000000,0.00000000,0.00000000,0.00000000,0.00000000,0.00000000,0.95960755,0.07272999,0.00000000,0.00000000,0.00000000,0.00000000,0.00000000,0.00000000,0.00000000,0.05532312,0.00000000,0.00000000,0.00000000,0.00000000,0.00000000,0.00000000,0.00000000,0.01049675,0.00000000,0.00000000,0.00000000,0.00000000,0.00000000,0.00000000,0.00000000,0.00000000,0.00791189,0.00000000,0.00000000,0.00000000,0.00000000,0.00000000,0.00000000,0.00851201,0.00000000,0.00000000,0.00000000,0.00000000,0.00000000,0.00000000,0.00000000,0.00000000,0.00856619,0.00000000,0.01721759,0.00000000,0.00000000,0.00000000,0.00000000,0.00000000,0.01380282,0.00000000,0.00000000,0.00000000,0.00000000,0.00000000,0.00000000,0.02852705,0.00000000,0.00000000,0.00000000,0.00000000,0.00000000,0.00000000,0.00000000,0.00000000,0.00000000,0.00000000,0.00000000,0.00000000,0.00000000,0.00000000,0.00000000,0.00000000,0.00000000,0.00000000
0.00144795,0.00000000,0.00000000,0.00000000,0.00000000,0.00000000,0.00000000,0.00000000,0.00000000,0.00000000,0.00000000,0.00000000,0.00000000,0.00000000,0.02503965,0.00000000,0.00556212,0.00000000,0.00000000,0.00000000,0.00000000,0.00000000,0.00000000,0.00000000,0.00000000,0.00000000,0.00000000,0.00000000,0.00000000,0.00000000,0.00000000,0.00000000,0.00000000,0.00000000,0.00000000,0.00000000,0.11251678,0.00000000,0.00000000,0.00536248,0.00000000,0.00000000,0.00000000,0.65605518,0.00365645,0.00000000,0.00000000,0.00000000,0.00000000,0.00000000,0.00000000,0.00000000,0.00000000,0.00000000,0.00000000,0.00000000,0.00000000,0.00000000,0.00270492,0.00000000,0.00000000,0.00986666,0.00000000,0.00000000,0.00000000,0.00000000,0.00000000,0.00000000,0.00000000,0.00000000,0.00000000,0.00000000,0.00000000,0.00000000,0.00000000,0.00000000,0.00000000,0.00000000,0.00000000,0.05226375,0.00000000,0.00000000,0.00000000,0.00000000,0.00000000,0.00000000,0.00000000,0.00000000,0.00000000,0.00000000,0.00000000,0.32906553,0.00000000,0.00000000,0.00000000,0.00000000,0.00000000,0.00000000,0.00000000,0.00000000,0.00619423,0.00000000,0.00000000,0.00000000,0.00000000,0.00000000,0.00000000,0.94085052,0.00000000,0.01641843,0.00000000,0.00000000,0.00000000,0.00000000,0.00000000,0.00000000,0.00000000,0.01030822,0.00000000,0.00000000,0.00000000,0.00000000,0.00000000,0.00000000,0.00000000,0.00000000,0.00000000,0.00000000,0.00000000,0.01217240,0.00000000,0.00000000,0.00000000,0.00000000,0.00000000,0.00000000,0.00000000,0.00000000,0.00000000,0.00000000,0.00000000,0.00000000,0.00000000,0.00000000,0.01210866,0.00000000,0.00000000,0.00000000,0.00000000,0.00000000,0.00000000,0.00000000,0.00000000,0.00000000,0.00000000,1.54926762,0.00000000,0.00000000,0.00000000,0.00000000,0.00000000,0.00000000,0.00000000,0.00000000,0.00000000,0.00000000,0.00000000,0.00000000,0.00236511,0.00000000,0.00000000,0.00000000,0.00000000,0.00439628,0.00000000,0.00000000,0.00000000,0.00000000,0.00000000,0.00000000,0.00000000,0.00000000,0.00000000,0.00000000,0.00000000,0.00426612,0.00000000,0.00000000,0.00000000,0.01179277,0.00000000,0.00000000,0.11867379,0.00000000,0.00000000,0.00000000,0.00000000,0.00000000,0.00747857,0.00000000,0.00280175,0.00000000,0.00000000,0.00000000,0.00117332,0.00000000,0.00000000,0.00000000,0.00512603,0.00000000,0.00000000,0.00000000,0.00000000,0.01841869,0.00000000,0.00000000,0.00000000,0.00000000,0.00000000,0.00000000,0.00000000,0.00000000,0.00000000,0.00000000,0.00000000,0.00000000,0.00000000,0.00000000,0.13017428,0.00000000,0.00266584,0.00000000,0.00000000,0.00000000,0.00000000,0.00000000,0.00000000,0.00078132,0.00000000,0.00000000,0.00000000,0.00000000,0.00000000,0.00000000,0.00000000,0.00000000,0.00000000,0.00000000,0.00000000,0.00000000,0.00000000,0.00000000,0.00000000,0.00000000,0.00000000,0.00000000,0.00000000,0.00000000,0.00000000,0.00000000,0.00000000,0.00000000,0.00000000,0.07322339,0.00000000,0.00000000,0.00000000,0.00000000,0.00000000,0.00000000,0.00000000,0.00000000,0.00000000,0.00000000,0.00000000,0.00000000,0.00000000,0.00000000,0.00000000,0.00000000,0.00000000,0.00000000,0.00000000,0.00000000,0.00000000,0.00000000,0.00000000,0.00000000,0.00000000,0.00000000,0.00000000,0.00317407,1.79203901,0.00000000,0.15902661,0.00000000,0.00000000,0.01435770,0.00000000,0.00000000,0.00000000,0.00000000,0.00000000,0.14319781,0.00000000,0.00000000,0.00000000,0.00000000,0.00000000,0.00000000,0.00000000,0.00141835,0.00000000,0.00000000,0.00000000,0.00000000,0.00000000,0.00000000,0.00000000,0.00000000,0.00000000,0.00000000,0.00000000,0.00000000,0.00000000,0.00000000,0.00000000,0.00000000,0.00000000,0.03789631,0.00612793,0.00000000,0.00000000,0.00000000,0.00000000,0.00000000,0.00000000,0.00000000,0.01551373,0.00421395,0.00000000,0.00000000,0.00000000,0.00000000,0.39077295,0.00000000,0.00000000,0.00000000,0.00000000,0.00000000,0.00000000,0.00000000,0.00000000,0.00000000,0.00000000,0.00000000,0.00000000,0.02547401,0.00000000,0.00000000,0.00000000,0.00000000,0.00000000,0.00000000,0.00000000,0.00000000,0.00000000,0.00000000,0.00000000,0.00000000,0.00000000,0.00000000,0.00000000,0.00403618,0.00000000,0.00000000,0.00000000,0.00000000,0.01723928,0.00000000,0.00000000,0.00000000,0.00000000,0.00505829,0.00000000,0.00000000,0.00000000,0.00000000,0.00000000,0.05871127,0.00000000,0.00000000,0.00000000,0.00000000,0.00823437,0.00000000,0.03257167,0.00000000,0.00000000,0.00000000,0.00391860,0.00000000,0.00000000,0.00000000,0.00000000,0.00000000,0.00531037,0.00000000,0.00233317,0.00000000,0.08124763,0.00000000,0.00000000,0.00000000,0.00000000,0.00000000,0.00000000,0.04888169,0.00000000,0.00000000,0.00000000,0.00000000,0.00000000,0.00000000,0.00677640,0.01060418,0.00000000,0.00000000,0.00000000,0.00631018,0.00000000,0.00000000,0.00000000,0.00000000,0.00000000,0.00000000,0.00000000,0.00000000,0.01232173,0.00000000,0.02512109,0.00000000,0.00000000,0.00000000,2.25028957,0.00000000,0.00000000,0.00000000,0.00000000,0.00000000,0.00000000,0.00000000,0.00000000,0.00000000,0.00000000,0.00000000,0.00000000,0.00000000,0.00000000,0.00000000,0.00000000,0.00000000,0.00871834,0.00000000,0.01743791,0.00000000,0.00000000,0.00000000,0.01569212,0.00000000,0.00000000,0.00826691,0.00000000,0.00000000,0.00000000,0.00000000,0.01505396,0.00310957,0.00000000,0.00000000,0.00000000,0.00000000,0.00000000,0.00000000,0.00184132,0.00000000,0.00000000,0.00000000,0.00000000,0.00000000,0.00000000,0.00000000,0.00000000,0.00000000,0.00000000,0.00000000,0.00000000,0.00000000,0.00000000,0.00000000,0.00089905,0.00000000,0.00000000,0.00000000,0.00000000,0.00000000,0.00000000,0.00000000,0.00000000,0.00000000,0.00000000,0.00000000,0.00000000,0.00000000,0.00000000,0.00000000,0.00000000,0.00000000,0.00088730,0.00000000,0.00000000,0.00248094,0.00000000,0.00000000,0.00000000,0.00000000,0.00000000,0.00000000,0.00000000,0.00000000,0.00000000,0.00000000,0.00000000,0.00000000,0.00000000,0.00362450,0.00000000,0.00000000,0.00000000,0.00000000,0.00000000,0.00000000,0.00372010,0.00000000,0.00000000,0.00000000,0.00000000,0.00000000,0.01373647,0.26957752,0.00000000,0.00000000,0.00000000,0.00000000,0.00000000,0.03836912,0.00000000,0.00000000,0.00482196,0.00000000,0.00000000,0.00000000,0.00000000,0.00000000,0.00000000,0.00000000,0.00345228,0.00000000,0.00000000,0.00000000,0.00000000,0.00424897,0.00000000,0.00000000,0.00000000,0.00000000,0.00000000,0.00000000,0.00000000,0.00592027,0.04105270,0.00000000,0.00000000,0.00000000,0.00000000,0.00000000,0.00000000,0.00000000,0.00000000,0.00000000,0.00059118,0.00000000,0.00232273,0.00000000,0.00000000,0.00235019,0.00000000,0.00000000,0.00000000,0.00378745,0.01239832,0.00000000,0.00000000,0.01309220,0.00000000,0.00000000,0.00000000,0.00000000,0.00385175,0.00000000,0.00000000,0.02292000,0.00000000,0.00000000,0.00222361,0.00000000,0.00000000,0.00225107,0.00000000,0.00000000,0.00000000,0.00000000,0.00000000,0.00000000,0.01544878,0.00000000,0.00000000,0.00000000,0.00000000,0.00000000,0.00000000,0.00000000,0.00000000,0.00000000,0.12058890,0.00000000,0.00000000,0.00000000,0.00000000,0.00000000,0.00000000,0.00000000,0.00000000,0.00000000,0.00000000,0.00000000,0.00000000,0.00000000,0.00000000,0.00361073,0.00000000,0.00000000,0.00000000,0.00141918,0.08873250,0.00000000,0.00000000,0.00000000,0.00000000,0.00140608,0.00170687,0.02000350,0.00686189,0.00000000,0.00000000,0.00000000,0.00000000,0.00000000,0.00266851,0.00000000,0.00000000,0.00000000,0.00000000,0.00000000,0.00000000,0.00000000,0.00000000,0.00000000,0.00000000,0.00000000,0.02054363,0.00000000,0.00000000,0.00000000,0.00000000,0.00000000,0.00000000,0.00000000,0.00000000,0.00000000,0.00000000,0.00000000,0.00000000,0.00000000,0.00000000,0.00000000,0.00000000,0.00000000,0.00000000,0.00000000,0.00000000,0.00000000,0.00000000,0.00000000,0.00000000,0.00000000,0.00000000,0.00000000,0.00000000,0.00000000,0.00000000,0.00000000,0.00000000,0.00000000,0.00000000,0.00000000,0.00000000,0.00000000,0.00000000,0.00000000,0.00000000,0.00000000,0.00000000,0.00000000,0.00000000,0.00000000,0.00000000,0.00000000,0.00915555,0.00000000,0.00000000,0.00000000,0.01141526,0.00000000,0.00000000,0.00000000,0.00735572,0.00000000,0.00000000,0.00000000,0.00000000,0.00000000,0.01092558,0.00786613,0.02001392,0.06392589,0.00247540,0.00000000,0.00000000,0.00000000,0.00000000,0.00000000,0.00000000,0.00000000,0.00000000,0.00000000,0.00000000,0.00000000,0.00000000,0.00000000,0.00000000,0.00000000,0.00000000,0.00000000,0.00000000,0.00000000,0.00000000,0.00000000,0.00000000,0.00137506,0.00000000,0.00000000,0.00000000,0.00000000,0.00000000,0.00000000,0.00000000,0.00000000,0.00000000,0.00000000,0.00000000,0.00000000,0.00000000,0.00000000,0.00000000,0.00000000,0.03967043,0.00000000,0.00000000,0.00000000,0.00000000,0.00000000,0.00000000,0.00000000,0.00000000,0.00063112,0.00000000,0.03366838,0.00000000,0.00000000
0.00000000,0.00000000,0.00000000,0.00000000,0.04977066,0.01374971,0.00000000,0.00000000,0.00000000,0.00000000,0.00000000,0.00220651,0.00000000,0.00000000,0.00000000,0.00000000,0.00000000,0.00789827,0.00000000,0.00000000,0.00000000,0.00000000,0.00000000,0.00000000,0.00000000,0.00000000,0.00000000,0.00000000,0.00000000,1.91429501,0.00162170,0.00000000,0.00000000,0.00000000,0.00000000,0.00000000,0.00000000,0.00000000,0.00000000,0.00000000,0.00000000,0.00000000,0.00000000,0.00000000,0.00000000,0.00000000,0.00000000,0.00000000,0.00000000,0.00000000,0.00000000,0.00000000,0.00000000,0.00000000,0.00000000,0.00000000,0.01936816,0.00000000,0.00000000,0.00000000,0.00000000,0.00000000,0.00000000,0.00000000,0.00000000,0.00000000,0.00000000,0.00000000,0.00000000,0.00000000,0.00000000,0.00000000,1.92075135,0.00000000,0.00000000,0.00000000,0.00000000,0.00000000,0.00000000,0.00000000,0.02363192,0.00000000,0.05961631,0.00000000,0.00000000,0.00000000,0.00000000,0.00000000,0.00000000,0.00000000,0.00000000,0.00000000,0.00000000,0.00000000,0.00000000,0.00000000,0.00000000,0.01653247,0.00000000,0.00000000,0.00000000,0.00000000,0.00000000,0.00000000,0.00000000,0.00514639,0.00000000,0.00000000,0.00000000,0.00000000,0.00000000,0.00000000,0.00000000,0.00000000,0.00000000,0.00000000,0.00000000,0.00000000,0.00861453,0.00000000,0.00000000,0.00000000,0.00483021,0.00000000,0.00000000,0.00000000,0.00000000,0.08520559,0.56105065,0.03848615,0.00000000,0.00000000,0.00000000,0.00000000,0.00635965,0.00000000,0.00000000,0.00000000,0.00000000,0.00434426,0.00000000,0.00000000,0.00000000,0.00000000,0.06356266,0.00000000,0.03092737,0.00000000,0.00000000,0.00000000,0.00987072,0.00000000,0.00000000,0.00000000,0.00000000,0.00000000,0.00000000,0.00000000,0.00000000,0.00174869,0.00505749,0.00000000,0.00365362,0.00000000,0.00000000,0.01752122,0.01119489,0.00000000,0.00000000,0.00000000,0.00000000,0.00000000,0.00000000,0.00000000,0.00000000,0.00000000,0.00000000,0.00000000,0.00000000,0.00000000,0.05037185,0.00000000,0.00000000,0.00000000,0.00000000,0.08201996,0.00000000,0.00000000,0.00000000,0.00000000,0.00000000,0.00000000,0.00000000,0.00000000,0.00000000,0.00000000,0.00000000,0.00000000,0.00000000,0.00000000,0.00000000,0.00000000,0.07780080,0.00316087,0.00000000,0.00924598,0.00000000,0.00000000,0.00000000,0.00000000,0.00000000,0.00000000,0.00000000,0.00727000,0.00223837,0.00000000,0.00585006,0.00000000,0.00000000,0.00000000,0.00000000,0.02481773,0.00000000,0.00000000,0.00000000,0.00000000,0.00000000,0.00000000,0.00000000,0.00000000,0.03675059,0.00000000,0.00000000,0.00000000,0.00000000,0.00000000,0.00000000,0.00000000,0.00000000,0.00000000,0.00000000,0.00000000,0.00000000,0.00000000,0.00000000,0.00000000,0.00000000,0.00000000,0.00000000,0.00000000,0.00000000,0.00000000,0.00000000,0.00000000,0.00000000,0.00000000,0.00000000,0.00000000,0.00000000,0.00000000,0.00000000,0.00986578,0.00277244,0.00000000,0.00000000,0.00000000,0.15574455,0.00000000,0.00000000,0.00000000,0.00615896,0.00000000,0.00000000,0.00000000,0.00000000,0.04628508,0.00000000,0.00000000,0.00000000,0.00000000,0.00000000,0.00000000,0.00186768,0.00000000,0.00875163,0.00000000,0.00000000,0.00000000,0.00000000,0.00066560,0.00000000,0.00000000,0.00000000,0.00000000,0.00000000,0.00000000,0.00000000,0.00000000,0.00000000,0.00000000,0.00000000,0.00381758,0.00116317,0.00000000,0.00000000,0.00000000,0.00000000,0.00000000,0.00000000,0.00210899,0.00000000,0.00000000,0.02699419,0.00000000,0.00000000,0.00000000,0.00000000,0.00000000,0.00000000,0.00000000,0.00000000,0.00000000,0.00000000,0.00000000,0.00771361,0.00000000,0.00000000,0.00000000,0.00000000,0.00000000,0.00401965,0.03758977,0.00000000,0.00000000,0.00000000,0.00000000,0.00000000,0.00000000,0.00000000,0.00000000,0.00000000,0.00000000,0.00000000,0.00000000,0.00000000,0.00000000,0.00000000,0.00000000,0.00000000,0.00000000,0.00000000,0.00000000,0.00000000,0.00000000,0.00557766,0.00000000,0.00000000,0.00000000,0.00000000,0.00728910,0.00000000,0.00000000,0.00000000,0.00000000,0.00000000,0.00000000,0.00000000,0.00000000,0.00000000,0.00000000,0.00000000,0.06017390,0.00000000,0.00000000,0.00000000,0.00000000,0.00000000,0.00000000,0.00000000,0.00000000,0.00000000,0.00000000,0.00000000,0.00000000,0.00000000,0.00000000,0.00000000,0.00000000,0.00000000,0.00000000,0.00000000,0.00000000,0.00000000,0.00000000,0.00000000,0.00000000,0.00000000,0.00000000,0.00619197,0.00000000,0.00000000,0.00000000,0.00000000,0.00000000,0.00000000,0.00000000,0.00000000,0.00000000,0.00000000,2.16739403,0.00000000,0.00000000,0.00000000,0.00000000,0.00000000,0.00000000,0.00000000,0.00000000,0.00000000,0.00000000,0.00000000,0.00374196,0.00000000,0.00528305,0.00000000,0.00000000,0.00000000,0.00000000,0.00000000,0.00828935,0.00000000,0.00000000,0.00000000,0.00000000,0.00000000,0.00000000,0.20346581,0.00040817,0.00000000,0.00000000,0.00000000,0.00000000,0.00000000,0.00000000,0.00278196,0.00000000,0.00000000,0.00000000,0.00000000,0.00000000,0.00000000,0.00000000,0.00000000,0.00000000,0.00000000,0.00000000,0.00000000,0.00000000,0.00000000,0.00000000,0.00000000,0.06583410,0.00000000,0.00000000,0.00000000,0.00000000,0.00000000,0.00000000,0.00000000,0.00000000,0.13060213,0.00000000,0.12101008,0.00000000,0.00000000,0.00000000,0.00100477,0.00000000,0.00000000,0.00000000,0.00000000,0.00000000,0.00000000,0.00000000,0.00000000,0.00000000,0.00000000,0.00000000,0.00000000,0.00591623,0.00000000,0.00000000,0.00000000,0.00411269,0.00000000,2.46966092,0.00000000,0.00000000,0.01366506,0.00141376,0.00000000,0.01368405,0.00000000,0.00000000,0.00000000,0.00000000,0.00000000,0.00000000,0.00000000,0.00000000,0.00000000,0.00000000,0.00000000,0.00000000,0.00000000,0.00000000,0.00000000,0.00658013,0.03876711,0.00000000,0.00000000,0.00000000,0.00916012,0.00000000,0.00000000,0.00000000,0.00000000,0.00000000,0.00000000,0.00000000,0.00000000,0.03064656,0.00803471,2.46610432,0.00000000,0.00000000,0.00000000,0.00320934,0.00000000,0.00000000,0.00000000,0.00000000,0.00000000,0.00000000,0.00000000,0.00000000,0.00000000,0.00000000,0.00196335,0.03167596,0.00000000,0.00000000,0.00000000,0.00000000,0.00000000,0.00000000,0.00932665,0.00000000,0.00000000,0.00000000,0.00000000,0.00000000,0.00000000,0.01109733,0.00000000,0.00000000,0.00000000,0.00000000,0.00000000,0.00000000,0.00000000,0.00000000,0.00000000,0.00000000,0.00000000,0.00000000,0.00000000,0.00000000,0.00000000,0.00000000,0.00000000,0.00000000,0.00000000,0.00000000,0.00400515,0.00000000,0.00000000,0.00000000,0.00000000,0.02386876,0.00000000,0.00000000,0.00000000,0.00000000,0.00000000,0.00000000,0.00000000,0.00000000,0.00000000,0.00000000,0.00000000,0.00000000,0.00000000,0.00000000,0.00000000,0.00000000,0.00000000,0.00000000,0.00000000,0.00000000,0.00000000,0.00000000,0.00000000,0.00000000,0.00000000,0.00000000,0.00185022,0.01333495,0.00000000,0.00000000,0.00000000,0.00000000,0.00000000,0.00000000,0.00416877,0.00000000,0.00000000,0.00000000,0.01689883,0.00000000,0.00000000,0.09147049,0.00000000,0.00000000,0.43052664,0.00000000,0.00000000,0.00000000,0.00000000,0.00157954,0.00000000,0.00000000,0.00000000,0.00000000,0.00000000,0.00259024,0.00000000,0.00000000,0.00000000,0.00000000,0.00000000,0.00000000,0.00000000,0.00000000,0.00000000,0.00000000,0.00000000,0.00000000,0.00000000,0.00000000,0.00000000,0.00000000,0.00000000,0.00000000,0.00771936,0.00000000,0.00000000,0.00000000,0.00000000,0.00000000,0.00000000,0.00000000,0.00000000,0.00000000,0.00497232,0.00000000,0.00000000,0.00000000,0.00000000,0.00000000,0.00000000,0.00000000,0.00000000,0.00000000,0.00112752,0.95949681,0.00000000,0.05156161,0.00000000,0.00000000,0.00000000,0.00000000,0.00000000,0.00000000,0.00000000,0.00000000,0.00000000,0.00000000,0.00000000,0.00000000,0.00000000,0.00000000,0.00000000,0.17156559,0.00000000,0.00000000,0.00000000,0.00719714,0.02659589,0.00000000,0.00000000,0.00876652,0.00000000,0.00000000,0.00000000,0.00000000,0.34247317,0.00000000,0.00000000,0.00000000,0.00000000,0.00000000,0.00000000,0.00000000,0.00000000,0.00000000,0.00000000,0.00000000,0.00000000,0.00000000,0.00000000,0.00000000,0.00000000,0.00000000,0.00000000,0.00000000,0.00000000,0.00000000,0.00000000,0.00000000,0.00000000,0.00000000,0.00000000,0.00000000,0.00000000,0.00000000,0.01018027,0.00000000,0.00000000,0.00000000,0.01566998,0.00000000,0.00000000,0.00000000,0.00000000,0.00000000,0.00000000,0.00000000,0.00000000,0.00000000,0.00000000,0.00000000,0.00354646,0.00000000,0.00000000,0.00000000,0.00000000,0.00000000,0.00000000,0.00000000,0.00218051,0.00000000,0.00730009,0.00000000,0.00000000,0.00000000,0.00000000,0.00000000,0.00000000,0.00000000,0.00000000,0.00000000,0.06156742,0.00000000,0.00000000,0.00000000,0.00000000,0.01010039,0.00000000,0.00000000,0.00000000,0.00000000,0.00000000,0.20932074,0.00000000,0.00297683,0.00000000,0.22215013,0.00000000,0.00000000
0.00000000,0.00000000,0.00548108,0.00000000,0.00000000,0.00000000,0.02137074,0.00000000,0.00000000,0.00000000,0.00000000,0.00000000,0.00000000,0.00000000,0.00000000,0.00000000,0.00000000,0.00000000,0.00000000,0.00000000,0.00000000,0.00000000,0.00000000,0.00000000,0.00000000,0.00000000,0.00486917,0.00000000,0.00000000,0.00000000,0.00000000,0.00000000,0.00000000,0.00000000,0.00000000,0.00000000,0.00000000,0.00000000,0.00000000,0.00000000,0.00000000,0.00000000,0.00000000,0.00000000,0.00904850,0.00000000,0.20687570,0.00000000,0.00687378,0.00000000,0.00933326,0.00000000,0.00000000,0.00000000,0.00000000,0.00000000,0.00000000,0.00000000,0.00000000,0.00000000,0.00000000,0.00000000,0.00000000,0.00000000,0.00497193,0.00000000,0.00000000,0.13273234,0.00000000,0.00000000,0.00000000,0.00000000,0.00158434,0.00000000,0.00000000,0.00000000,0.00000000,0.00884309,0.00000000,0.00000000,0.01505089,0.00000000,0.00000000,0.00000000,0.00000000,0.00000000,0.00000000,0.00000000,0.01289245,0.00307378,0.00000000,0.00000000,0.00000000,0.00000000,0.01008972,0.00000000,0.00496471,0.00000000,0.00000000,0.00000000,0.00000000,0.00000000,0.00000000,0.00000000,0.00000000,0.00000000,0.78153841,0.00000000,0.00000000,0.00000000,0.02182753,0.00000000,0.00000000,0.00000000,0.00000000,0.00000000,0.00000000,0.00000000,0.00000000,0.00000000,0.00000000,0.06485773,0.00000000,0.01673751,0.00000000,0.00000000,0.00000000,0.00000000,0.00000000,0.00000000,0.00000000,0.00610438,0.00000000,0.00000000,0.00000000,0.00000000,0.00579998,0.00000000,0.00000000,0.00000000,0.00000000,0.00000000,0.00000000,0.00000000,0.00000000,0.00000000,0.00000000,0.00000000,0.00000000,0.00058136,0.00000000,0.00000000,0.00000000,0.00000000,0.00000000,0.00000000,0.00000000,0.00000000,0.00000000,0.00000000,0.00000000,0.00000000,0.00000000,0.00000000,0.00000000,0.00441872,1.89050014,0.00842141,0.00000000,0.01236550,0.00000000,0.00000000,0.01895412,0.00000000,0.00000000,0.00566262,0.00000000,0.00000000,0.00000000,0.00000000,0.00000000,0.00000000,0.14955090,0.00000000,0.00000000,0.00000000,0.00000000,0.00000000,0.00000000,0.00000000,0.00000000,0.00000000,0.11679730,0.00000000,0.14735041,0.28135368,0.00000000,0.06408729,0.00000000,0.02861719,0.00000000,0.00000000,0.00000000,0.00000000,0.00000000,0.00000000,0.00000000,0.00000000,0.00000000,0.00000000,0.00000000,0.00194815,0.00080522,0.00133991,0.00000000,0.00000000,0.00000000,0.00000000,0.00000000,0.00000000,0.00000000,0.00000000,0.00000000,0.00000000,0.00000000,0.00000000,0.00000000,0.00000000,0.00239788,0.00000000,0.00000000,0.00000000,0.00000000,0.00000000,0.00000000,0.00000000,0.00000000,0.00000000,0.00000000,0.00000000,0.00000000,0.00000000,0.00000000,0.00000000,0.00000000,0.00000000,0.96922272,0.00000000,0.00286693,0.00000000,0.00000000,0.00093363,0.00000000,0.00000000,0.00000000,0.00000000,0.00000000,0.00000000,0.00000000,0.00000000,0.00000000,0.00000000,0.00000000,0.00000000,0.00308271,0.00000000,0.00000000,0.00000000,0.00000000,0.00441145,0.00000000,0.00000000,0.00000000,0.00000000,0.00000000,0.00000000,0.00000000,0.00000000,0.00000000,0.00000000,0.00000000,0.00000000,0.00000000,0.00252540,0.00000000,0.00000000,0.00000000,0.00000000,0.00000000,0.02327790,0.00869094,0.00000000,0.00000000,0.00000000,0.00000000,0.00000000,0.00000000,0.00000000,0.00000000,0.00000000,0.00154465,0.00000000,0.00000000,0.00000000,0.00000000,0.00000000,0.00000000,0.04691233,0.00000000,0.00739678,0.00000000,0.00000000,0.00000000,0.00000000,0.00000000,0.00000000,0.00000000,0.00000000,0.00000000,0.00000000,0.00000000,0.00000000,0.00000000,0.00000000,0.00000000,0.00000000,0.00000000,0.00000000,0.00000000,0.00000000,0.00000000,0.00000000,0.00000000,0.00000000,0.00000000,0.00000000,0.00478818,0.00000000,0.00000000,0.00000000,0.00000000,0.00000000,0.00000000,0.00000000,0.00000000,0.00000000,0.00000000,0.00000000,0.00000000,0.00192513,0.00000000,0.00000000,0.00000000,0.00000000,0.00000000,0.00000000,0.00000000,0.00000000,0.00000000,0.00000000,0.00000000,0.00000000,0.00000000,0.00000000,0.00000000,0.00000000,0.00000000,0.00000000,0.00000000,0.00000000,0.00000000,0.00000000,0.00000000,0.10275507,0.00000000,0.00000000,0.00000000,0.00339769,0.00000000,0.00000000,0.00000000,0.00000000,0.00000000,0.00000000,0.00000000,0.00000000,0.00000000,0.00000000,0.00000000,0.01955009,0.00000000,0.00000000,0.00000000,0.00000000,0.00000000,0.00000000,0.00000000,0.00000000,0.02441075,0.00000000,0.00000000,0.00000000,0.00868508,0.00000000,0.00000000,0.00000000,0.00000000,0.00919452,0.00877183,0.00000000,0.00000000,0.00000000,0.00000000,0.00000000,0.00000000,0.00000000,0.00132964,0.00000000,0.00000000,0.00000000,0.00000000,0.00000000,0.00000000,0.00000000,0.00000000,0.00899694,0.01994138,0.00000000,0.00000000,0.00000000,0.00000000,0.00000000,0.00000000,0.00000000,0.00000000,0.00000000,0.00000000,0.00000000,0.00000000,0.00000000,0.00000000,0.00088924,0.00000000,0.00000000,0.00000000,0.00000000,0.00000000,0.00000000,0.01027107,0.00000000,0.00000000,0.00000000,0.00000000,0.00126758,0.07188161,0.00000000,0.00000000,0.00000000,0.00000000,0.00000000,0.00000000,0.00000000,0.00000000,0.00000000,0.00445785,0.00000000,0.00000000,0.00000000,0.00000000,0.00000000,0.00000000,0.00000000,0.00000000,0.00000000,0.00000000,0.00000000,0.00000000,0.00000000,0.00000000,0.00000000,0.00000000,0.00631679,0.00000000,0.02406828,0.00000000,0.00000000,0.00000000,0.00000000,0.00000000,0.00000000,0.00000000,0.00000000,0.00000000,0.00000000,0.00000000,0.00000000,0.00000000,0.00000000,0.00000000,0.00000000,0.00000000,0.00000000,0.00000000,0.00000000,0.00000000,0.00000000,0.00000000,0.00000000,0.00000000,0.00000000,0.00000000,0.00000000,0.00000000,0.00000000,0.00000000,0.00000000,0.00000000,0.00000000,0.00000000,0.00000000,0.00000000,0.10777708,0.00000000,0.00000000,0.00000000,0.00000000,0.00000000,0.00000000,0.00000000,0.00000000,0.00000000,0.00000000,0.00533196,0.00000000,0.00000000,0.00459883,0.00000000,0.01950511,0.00000000,0.00000000,0.00000000,0.00000000,0.00000000,0.00000000,0.02034406,0.00000000,0.00000000,0.00000000,0.01328132,0.00000000,0.00000000,0.00000000,0.00000000,0.00107008,0.00000000,0.04983070,0.00000000,0.00000000,0.00000000,0.00000000,0.00000000,0.00000000,0.00000000,0.00000000,0.00000000,0.00000000,0.00000000,0.00000000,0.00000000,0.00142537,0.00000000,0.00000000,0.00000000,0.00000000,0.00000000,0.00000000,0.00000000,0.00000000,0.00000000,0.00000000,0.00000000,0.01182613,0.00000000,0.00000000,0.00000000,0.00000000,0.00000000,2.42524517,0.00000000,0.00000000,0.00000000,0.00000000,0.00000000,0.00000000,0.00000000,0.00000000,0.00000000,0.00000000,0.00000000,0.00000000,0.00000000,0.00000000,0.00000000,0.00000000,0.00651890,0.00000000,0.00000000,0.00000000,0.00000000,0.00000000,0.00000000,0.00000000,0.00000000,0.00000000,0.00000000,0.35936580,0.00000000,0.00000000,0.00000000,0.00000000,0.00000000,0.00000000,0.00000000,0.00000000,0.65577400,0.00000000,0.00000000,0.00000000,0.00000000,0.00000000,0.00000000,0.00000000,0.00000000,0.00000000,0.00000000,0.00000000,0.00000000,0.00423232,0.00000000,0.00000000,0.00000000,0.00000000,0.00000000,0.00000000,0.00000000,0.00000000,0.00495502,0.00813028,0.00180137,0.00000000,0.00000000,0.33609940,0.00000000,0.00832441,0.00000000,0.00000000,0.00000000,0.00000000,0.00000000,0.00000000,0.00000000,0.00000000,0.00309017,0.00000000,0.00257889,0.00000000,0.00000000,0.00000000,0.00000000,0.00000000,0.00000000,0.00000000,0.00000000,0.00000000,0.00000000,0.00000000,0.00000000,0.07880004,0.00000000,0.00000000,0.00000000,0.00610166,0.00000000,0.00000000,0.00000000,0.00000000,0.00000000,0.00000000,0.10075844,0.00000000,0.00000000,0.00000000,0.00000000,0.00000000,0.00000000,0.00000000,0.00000000,0.00000000,0.00000000,0.02623087,0.01243211,0.00282570,0.00000000,0.00000000,0.00000000,0.00000000,0.00000000,0.00000000,0.00000000,0.00000000,0.00000000,0.00000000,0.00000000,0.23139971,0.00000000,0.00000000,0.00000000,0.00000000,0.00000000,0.00246408,0.00263369,0.00000000,0.01482906,0.00000000,0.00000000,0.00000000,0.16992303,0.00000000,0.00000000,0.00000000,0.00000000,0.00000000,0.00000000,0.03397319,0.00000000,0.00000000,0.00000000,0.00000000,0.01079095,0.00827724,0.01636050,0.00000000,0.00000000,0.00000000,0.00000000,0.00000000,0.00000000,0.00000000,0.00000000,0.00000000,0.00000000,0.00078893,0.00000000,0.00000000,0.00000000,0.00000000,0.00000000,0.00000000,0.00000000,0.00000000,0.00000000,0.00000000,0.00000000,0.00000000,0.00000000,0.00000000,0.00631806,0.00000000,0.00000000,0.00000000,0.00196790,0.00000000,0.00000000,0.00107802,0.00000000,0.00000000,0.00000000,0.00000000,0.00000000,0.00000000,0.00000000,0.00000000,0.00000000,0.00641825,0.00000000,0.00000000,0.00000000,0.00840933,1.47169951,0.00000000,0.00000000,0.00000000,0.00000000,0.00000000,0.00000000,0.00000000,0.00000000,0.00000000,0.00000000,0.00122364
0.00000000,0.00000000,0.00000000,0.00000000,0.00410544,0.00000000,0.00000000,0.07892044,0.00000000,0.00000000,0.00000000,0.00118450,0.00000000,0.00000000,0.00000000,0.00000000,0.00000000,0.00000000,0.00000000,0.00000000,0.00000000,0.00000000,0.00000000,0.00000000,0.00000000,0.00000000,0.00000000,0.00000000,0.00000000,0.00000000,0.00000000,0.00000000,0.00000000,0.00000000,0.00000000,0.00000000,0.00000000,0.00000000,0.00000000,0.00000000,0.00000000,0.00000000,0.00000000,0.00000000,0.00000000,0.00000000,0.00000000,0.00000000,0.00000000,0.00000000,0.00000000,0.00000000,0.00000000,0.00000000,0.00000000,0.00000000,0.04100382,0.00000000,0.00000000,0.00000000,0.00000000,0.00000000,0.00000000,0.00000000,0.00000000,0.00000000,0.00000000,0.01855181,0.00000000,0.00000000,0.00000000,0.05924401,0.00000000,0.00000000,0.00000000,0.00000000,0.00000000,0.00000000,0.00000000,0.00000000,0.00000000,0.00000000,0.00000000,0.00000000,0.00000000,0.00000000,0.00000000,0.04612216,0.00000000,0.00000000,0.00000000,0.00000000,0.00794689,0.01876318,0.00000000,0.00000000,0.00000000,0.06845240,0.00000000,0.00000000,0.00000000,0.00000000,0.00000000,0.00000000,0.00000000,0.00000000,0.00000000,0.02756743,0.00000000,0.00000000,0.00000000,0.00000000,0.02034239,0.00000000,0.00000000,0.00000000,0.00000000,0.00000000,0.00000000,0.00000000,0.00000000,0.00000000,0.00000000,0.00000000,0.00000000,0.00000000,0.00000000,0.00000000,0.08354416,0.00000000,0.00000000,0.00000000,0.00000000,0.00000000,0.00000000,0.88184185,0.00000000,0.05722228,0.00000000,0.00000000,0.03493236,0.00000000,0.00000000,0.00000000,0.02093222,0.00000000,0.00331538,0.00000000,0.00000000,0.00000000,0.00652862,0.00000000,0.00000000,0.00000000,0.00000000,0.00000000,0.00000000,0.00000000,0.00000000,0.00000000,0.00000000,0.00000000,0.00000000,0.00000000,0.00000000,0.00000000,0.00000000,0.00000000,0.00000000,0.00000000,0.00000000,0.00000000,0.00000000,0.00000000,0.52668078,0.00205165,0.00000000,0.00000000,0.00000000,0.00000000,0.00000000,0.00000000,0.00000000,0.00000000,0.00000000,0.00000000,0.00000000,0.00000000,0.00000000,0.00912486,0.01034029,0.00000000,0.00000000,0.00000000,0.00000000,0.00000000,0.00000000,0.00000000,0.00000000,0.00000000,0.00000000,0.00000000,0.00000000,0.00000000,0.00458314,0.00000000,0.00000000,0.00000000,0.00000000,0.00000000,0.00000000,0.35630361,0.00000000,0.00000000,0.00000000,0.00000000,0.00000000,0.00000000,0.00000000,0.00000000,0.00000000,0.00000000,0.00485163,0.00000000,0.00000000,0.00000000,0.00000000,0.00000000,0.00000000,0.56184848,0.00000000,0.02114776,0.00000000,0.00000000,0.00000000,0.00367999,0.00000000,0.00000000,0.00000000,0.00000000,0.00000000,0.00000000,0.00000000,0.00000000,0.00000000,0.00000000,0.00000000,0.00000000,0.00000000,0.00000000,0.00000000,0.01673591,0.41071506,0.00000000,0.00000000,0.00000000,0.00000000,0.00000000,0.00835038,0.00000000,0.00000000,0.07115302,0.00000000,0.00000000,0.00000000,0.00000000,0.00000000,0.00000000,0.00000000,0.00000000,0.02585410,0.00000000,0.00000000,0.00000000,0.00525190,0.00000000,0.00187023,0.00000000,0.00322510,0.00000000,0.00000000,0.00000000,0.00000000,0.00000000,0.00000000,0.00000000,0.00000000,0.00000000,0.00000000,0.00000000,0.00000000,0.00000000,0.00000000,0.00000000,0.00000000,0.00000000,0.00000000,0.00000000,0.00000000,0.00000000,0.00488108,0.00000000,0.00000000,0.00000000,0.00000000,0.00000000,0.00000000,0.00000000,0.00000000,0.00000000,0.00000000,0.00000000,0.00000000,0.00000000,0.00000000,0.00000000,0.00000000,0.00000000,0.00000000,0.00000000,0.00196496,0.00000000,0.00000000,0.00000000,0.00153272,0.02333037,0.00000000,0.00000000,0.00000000,0.00000000,0.00276181,0.00984547,0.00000000,0.00000000,0.00000000,0.00000000,0.00000000,0.00684875,0.00258480,0.00000000,0.00000000,0.00000000,0.00000000,0.00000000,0.02708427,0.17526272,0.00000000,0.00000000,0.00000000,0.00499379,0.00000000,0.00000000,0.00000000,0.00000000,0.00000000,0.00000000,0.00000000,0.00000000,0.00000000,0.00000000,0.00403948,0.37336241,0.00000000,0.00000000,0.00000000,0.00000000,0.00000000,0.00476570,0.00000000,0.00000000,0.01468390,0.00000000,0.00000000,0.00000000,0.00000000,0.00000000,0.00000000,0.00000000,0.00000000,0.00566794,0.00000000,0.00000000,0.00000000,0.00000000,0.00633323,0.00000000,0.00000000,0.00000000,0.00000000,0.00000000,0.00000000,0.00000000,0.00000000,0.00000000,0.00000000,0.03688188,0.00000000,0.00000000,0.00000000,0.00934577,0.00000000,0.00000000,0.00000000,0.00000000,0.05256921,0.00785726,0.00000000,0.01580901,0.00000000,0.00000000,0.00000000,0.05743965,0.00859275,0.00000000,0.00000000,0.00000000,1.07836404,0.00000000,0.00000000,0.00748112,0.00000000,0.00000000,0.00000000,0.00000000,0.00000000,0.00000000,0.00000000,0.00000000,0.00000000,0.00000000,0.00000000,0.00000000,0.00000000,0.00066980,0.00000000,0.00000000,0.04290845,0.01057993,0.00000000,0.20443432,0.00000000,0.00000000,0.00000000,0.00000000,0.00000000,0.00000000,0.00000000,0.00000000,0.00000000,0.00659220,0.00000000,0.00000000,0.00000000,0.00000000,0.00000000,0.00000000,0.05560510,0.00000000,0.00000000,0.00000000,0.00000000,0.00000000,0.00000000,0.05753659,0.00000000,0.00000000,0.00000000,0.00000000,0.00000000,0.00550437,0.00924136,0.00000000,0.00844805,0.00000000,0.00000000,0.00000000,0.00000000,0.00000000,0.00000000,0.00000000,0.00000000,0.00000000,0.00131821,0.00000000,0.00000000,0.00000000,0.00000000,0.00000000,0.00000000,0.00000000,0.00000000,0.00000000,0.00000000,0.00000000,0.00000000,0.00000000,0.00000000,0.00000000,0.00000000,0.00000000,0.00000000,0.00000000,0.00000000,0.00000000,0.00000000,0.00000000,0.00000000,0.00000000,0.00000000,0.00000000,0.02996020,0.00000000,0.00000000,0.00000000,0.00000000,0.08726976,0.00000000,0.00419160,0.00000000,0.00000000,0.00000000,0.00225388,0.00000000,0.00000000,0.00000000,0.00326631,0.00000000,0.00000000,0.00000000,0.00000000,0.00000000,0.00000000,0.00122612,0.00000000,0.00792834,0.09094048,0.00000000,0.00000000,0.00000000,0.00000000,0.00356411,0.00000000,0.00302494,0.00000000,0.00000000,0.00000000,0.00000000,0.00000000,0.00000000,0.00000000,0.00000000,0.01089483,0.00000000,0.00000000,0.00000000,0.00000000,0.00000000,0.00000000,0.00000000,0.00000000,0.00178106,0.00000000,0.00000000,0.00000000,0.00000000,0.00000000,0.00000000,0.00000000,0.00000000,0.00000000,0.00000000,0.00000000,0.00000000,0.00000000,0.00000000,0.00000000,0.00000000,0.00000000,0.00000000,0.00000000,0.00000000,0.00000000,0.00000000,0.00000000,0.00000000,0.05507270,0.00000000,0.00193859,0.00000000,0.00000000,0.00000000,0.00000000,0.00000000,0.00000000,0.00000000,0.00000000,0.00000000,0.00000000,0.00000000,0.00000000,0.00000000,0.00000000,0.00000000,0.00000000,0.00000000,0.00000000,0.00000000,0.00000000,0.00000000,0.00000000,0.00000000,0.00000000,0.00000000,0.00177207,0.00000000,0.94772155,0.00000000,0.00000000,0.00000000,0.00000000,0.00000000,0.00106565,0.00000000,0.00000000,0.00000000,0.00000000,0.00000000,0.00000000,0.00000000,0.00000000,0.00000000,0.00000000,0.00000000,0.00000000,0.00000000,0.00000000,0.00000000,0.00000000,0.05572908,0.00000000,0.00000000,0.00000000,0.00000000,0.00000000,0.00000000,0.00000000,0.00000000,0.00000000,0.00000000,0.00000000,0.00000000,0.00000000,0.00000000,0.00000000,0.01460664,0.00000000,0.00000000,0.00000000,0.00000000,0.00000000,0.00000000,0.00000000,0.00000000,0.00000000,0.00352166,0.00000000,0.00000000,0.00000000,0.00000000,0.00000000,0.00000000,0.00000000,0.00000000,0.00099583,0.00000000,0.00000000,0.00000000,0.00000000,0.00000000,0.00000000,0.00000000,0.00000000,0.00000000,3.52385862,0.00000000,0.00000000,0.00000000,0.00000000,0.00000000,0.00000000,0.00000000,0.00000000,0.00000000,0.00000000,0.00000000,0.00000000,0.00000000,0.00000000,0.00094423,0.00000000,0.00000000,0.00000000,0.00000000,0.00000000,0.00000000,0.00000000,0.00000000,0.00000000,0.00000000,0.00000000,0.00000000,0.00000000,0.00000000,0.00000000,0.00000000,0.00117476,0.00000000,0.00000000,0.00000000,0.00000000,0.00000000,0.00000000,0.00000000,0.00000000,0.04037402,0.04532792,0.00000000,0.00000000,0.00000000,0.00000000,0.00000000,0.00000000,0.00000000,0.00000000,0.00363282,0.03752005,0.00000000,0.00000000,0.00000000,0.00000000,0.00000000,0.29345040,0.00000000,0.00000000,0.00000000,0.00000000,0.00000000,0.00235740,0.13701494,0.00000000,0.00542002,0.00000000,0.00000000,0.00000000,0.00000000,0.00000000,0.00000000,0.00000000,0.00176774,0.00000000,0.01358902,0.00000000,0.00804184,0.00000000,0.00000000,0.00000000,0.00000000,0.00065404,0.00000000,0.00527312,0.00000000,0.00000000,0.00000000,0.00000000,0.00000000,0.00000000,0.00000000,0.00000000,0.00921029,0.00000000,0.00000000,0.00000000,0.00000000,0.00000000,0.00000000,0.00000000,0.00000000,0.00000000,0.00000000,0.00000000,0.00117932,0.00286685,0.00000000,0.00000000,0.00000000,0.00000000,0.00000000,0.00000000,0.00000000,0.00000000
0.00000000,0.00000000,0.00000000,0.00000000,0.00000000,0.00000000,0.00000000,0.00000000,0.00000000,0.00994383,0.00000000,0.00000000,0.00291149,0.00000000,0.00000000,0.00357712,0.00000000,0.00000000,0.00000000,0.00000000,0.00000000,0.01042862,0.00000000,0.00000000,0.00000000,0.00000000,0.00000000,0.00000000,0.00000000,0.04178417,0.00000000,0.00000000,0.00000000,0.00000000,0.00000000,0.00000000,0.00000000,0.00525297,0.00000000,0.00000000,0.00000000,0.00000000,0.00000000,0.00000000,0.03797494,0.01045393,0.00000000,0.00000000,0.00000000,0.00000000,0.00000000,0.00000000,0.00000000,0.00118299,0.00000000,0.00298382,0.00000000,0.00000000,0.00000000,0.00000000,0.00000000,0.00000000,0.00000000,0.00000000,0.00000000,0.00000000,0.00000000,0.00000000,0.00000000,0.00000000,0.00000000,0.00000000,0.00000000,0.00000000,0.00000000,1.08790390,0.00000000,0.00000000,0.02116830,0.00000000,0.00000000,0.00000000,0.00000000,0.00000000,0.00000000,0.00000000,0.01995838,0.00000000,0.00000000,0.00000000,0.05035047,0.00000000,0.00000000,0.00000000,0.00000000,0.00000000,0.00000000,0.00000000,0.00000000,0.00000000,0.00000000,0.00000000,0.00000000,0.00000000,0.00000000,0.00000000,0.00000000,0.00000000,0.00331979,0.00000000,0.00000000,0.00000000,0.00000000,0.00000000,0.00000000,0.00000000,0.00000000,0.00000000,0.00000000,0.02372874,0.00000000,0.00000000,0.00000000,0.00000000,0.00000000,0.00000000,0.00000000,0.00000000,0.00492583,0.00000000,0.00000000,0.00000000,0.00000000,0.00000000,0.00000000,0.00400300,0.00000000,0.00000000,0.00000000,0.00000000,0.00000000,0.00000000,0.00000000,0.00000000,0.00000000,0.00000000,0.00000000,0.00000000,0.00000000,0.00000000,0.00000000,0.00000000,0.00000000,0.00000000,0.00000000,0.00000000,0.00000000,0.00000000,0.00000000,0.00000000,0.00000000,0.00000000,0.00000000,0.00000000,0.00000000,0.00000000,0.00000000,0.00000000,0.00000000,0.00000000,0.00000000,0.00000000,0.00000000,0.00000000,0.00000000,0.00000000,0.00000000,0.00000000,0.00000000,0.00000000,0.00000000,0.00000000,0.00000000,0.00000000,0.00000000,0.00000000,0.00070574,0.00000000,0.00000000,0.00000000,0.00000000,0.00000000,0.00000000,0.00000000,0.00000000,0.02897921,0.00000000,0.00000000,0.13734969,0.00000000,0.00000000,0.01914690,0.00000000,0.00000000,0.00000000,0.00000000,1.86655730,0.00000000,0.00000000,0.00000000,0.00000000,0.00000000,0.00000000,0.00000000,0.00000000,0.00000000,0.00000000,0.00000000,0.00000000,0.00000000,0.00000000,0.00000000,0.01960329,0.00000000,0.00000000,0.00000000,0.00000000,0.00000000,0.03401262,0.00000000,0.00000000,0.00000000,0.00000000,0.00000000,0.05881718,0.00000000,0.00000000,0.00000000,0.14118267,0.00000000,0.00000000,0.00000000,0.00000000,0.00000000,0.00000000,0.00000000,0.09489675,0.00000000,0.00000000,0.01160713,0.00000000,0.00554478,0.00000000,0.00000000,0.00000000,0.00000000,0.01075972,0.00000000,0.00000000,0.00000000,0.00000000,0.00000000,0.00000000,0.00000000,0.00000000,0.00000000,0.00000000,0.00000000,0.00000000,0.00000000,0.00850846,0.00000000,0.00000000,0.00000000,0.00000000,0.00000000,0.00517326,0.00000000,0.00000000,0.00000000,0.00000000,0.00244330,0.00000000,0.00000000,0.00000000,0.00000000,0.00000000,0.00000000,0.00000000,0.00132569,0.00000000,0.00000000,0.00000000,0.00000000,0.00000000,0.00000000,0.00075724,0.00000000,0.02900274,0.00000000,0.00000000,0.00000000,0.00507009,0.00000000,0.00000000,0.00000000,0.00000000,0.00000000,0.00000000,0.00000000,0.05601737,0.00000000,0.00223759,0.00000000,0.00000000,0.00000000,0.00257929,0.00000000,0.00000000,0.00000000,0.00000000,0.00000000,0.00000000,0.00685446,0.00000000,0.00000000,0.00000000,0.02679917,0.00000000,0.00000000,0.00098556,0.00953070,0.00000000,0.00000000,0.00000000,0.00000000,0.00000000,0.00000000,0.00000000,0.00000000,0.00000000,0.00000000,0.00000000,0.00000000,0.00000000,0.00000000,0.00000000,0.00000000,0.00000000,0.00000000,0.00000000,0.00000000,0.00000000,0.00627469,0.00131381,0.00000000,0.00000000,0.00000000,0.00000000,0.00000000,0.00000000,0.00000000,0.01443243,0.00000000,0.00000000,0.00000000,0.00000000,0.00000000,0.00000000,0.00000000,0.00000000,0.00000000,0.00000000,0.00000000,0.03706176,0.17528577,0.00000000,0.00000000,0.00000000,0.00000000,0.00000000,0.21179577,0.00000000,0.00000000,0.00000000,0.00000000,0.00369987,0.00000000,0.00669935,0.00000000,0.00153175,0.00000000,0.00000000,0.00000000,0.00000000,0.00000000,0.00000000,0.00000000,0.00000000,0.00451604,0.00000000,0.00000000,0.00000000,0.00000000,0.00000000,0.00000000,0.00000000,0.10971189,0.00000000,0.00000000,0.00000000,0.00000000,0.00000000,0.00375147,0.00000000,0.00709363,0.00000000,0.00000000,0.00000000,0.00000000,0.15649156,0.00000000,0.00000000,0.00000000,0.00000000,0.00000000,0.02171362,0.00000000,0.00000000,0.00000000,0.00000000,0.00000000,0.00000000,0.00000000,0.00000000,0.00000000,0.00000000,0.00000000,0.00000000,0.00000000,0.00000000,0.00000000,0.00000000,0.00000000,0.00000000,0.00000000,0.02380966,0.00000000,0.00000000,0.00000000,0.00000000,0.00000000,0.00454609,0.00103279,0.07606298,0.00000000,0.00000000,0.00000000,0.00000000,0.00000000,0.00000000,0.00000000,0.00000000,0.00000000,0.01779393,0.00000000,0.00000000,0.00000000,0.00000000,0.00000000,0.00000000,0.00000000,0.00000000,0.00000000,0.00000000,0.00000000,0.00000000,0.00000000,0.00000000,0.00000000,0.00000000,0.00000000,0.00000000,0.00000000,0.00000000,0.00000000,0.00000000,0.00000000,0.00000000,0.00000000,0.00000000,0.00213910,0.00000000,0.00000000,0.00000000,0.00000000,0.00000000,0.00221704,0.06746818,0.00000000,0.00000000,0.00000000,0.00000000,0.00000000,0.00000000,0.00000000,0.00000000,0.00000000,0.00000000,0.00000000,0.00000000,0.19248743,0.00000000,0.00000000,0.00000000,0.00000000,0.00000000,0.27863875,0.00000000,0.00000000,0.00000000,0.00000000,0.00799466,0.01410179,0.01143163,0.00000000,0.00000000,0.00000000,0.00000000,0.00000000,0.00000000,0.00000000,0.00000000,0.00000000,0.00000000,0.09270159,0.00000000,0.00000000,0.00000000,0.08906329,0.00000000,0.00000000,0.00000000,0.00000000,0.00000000,0.01540226,2.71005565,0.02309327,0.00000000,0.00000000,0.00000000,0.00000000,0.00118629,0.00000000,0.00000000,0.01735839,0.00000000,0.00000000,0.00000000,0.00000000,0.01105257,0.00363746,0.00000000,0.00000000,0.00000000,0.02190578,0.00000000,0.00000000,0.00000000,0.00000000,0.00000000,0.00000000,0.00951408,0.00000000,0.00000000,0.00130055,0.00000000,0.00000000,0.00000000,0.00000000,0.00000000,0.00000000,0.02918607,0.00000000,0.00000000,0.00000000,0.00000000,0.00000000,0.00000000,0.00000000,0.00000000,0.00000000,0.00000000,0.00000000,0.00000000,0.00000000,0.00000000,0.00000000,0.00000000,0.00000000,0.00000000,0.21329514,0.00000000,0.00000000,0.01973009,0.00000000,0.00000000,0.00000000,0.00000000,0.00000000,0.00000000,0.00000000,0.00000000,0.00498327,0.00000000,0.01624295,0.00000000,0.00000000,0.00000000,0.00000000,0.00000000,0.00000000,0.00000000,0.00000000,0.00000000,0.10388743,0.00000000,0.00000000,0.00000000,2.15962871,0.00000000,0.01099311,0.00498330,0.00895521,0.00000000,0.00000000,0.00000000,0.00000000,0.00000000,0.00295525,0.00000000,0.00000000,0.00000000,0.00000000,0.00000000,0.00000000,0.00000000,0.00000000,0.00000000,0.00000000,0.00000000,0.00000000,0.00000000,0.00000000,0.00000000,0.00000000,0.00000000,0.01438604,0.00000000,0.00000000,0.00000000,0.00000000,0.00000000,0.00000000,0.00000000,0.00085259,0.00000000,0.00707324,0.00000000,0.00000000,0.00000000,0.00000000,0.00000000,0.00000000,0.00000000,0.00000000,0.00000000,0.00000000,0.09569377,0.00000000,0.00000000,0.00000000,0.00000000,0.00000000,0.00000000,0.00000000,0.03022281,0.00000000,0.00000000,0.00000000,0.00000000,0.00000000,0.00000000,0.00000000,0.01098222,0.00000000,0.00000000,1.24160704,0.00000000,0.00000000,0.02845711,0.00000000,0.00000000,0.08369839,0.00000000,0.00000000,0.00000000,0.00000000,0.00000000,0.00000000,0.00000000,0.00000000,0.00000000,0.00000000,0.00000000,0.00000000,0.00000000,0.00679699,0.00000000,0.00000000,0.00358162,0.00000000,0.00000000,0.00000000,0.00000000,0.00000000,0.00000000,0.00000000,0.00892857,0.00000000,0.00000000,0.00000000,0.00000000,0.00000000,0.00000000,0.00000000,0.01941927,0.00000000,0.00000000,0.00000000,0.00000000,0.00000000,0.00000000,0.00000000,0.00000000,0.00000000,0.00000000,0.00000000,0.00000000,0.00000000,0.00000000,0.00000000,0.00000000,0.00000000,0.00000000,0.00000000,0.00000000,0.00000000,0.00000000,0.00000000,0.00000000,0.00000000,0.00000000,0.00000000,0.00000000,0.00000000,0.00000000,0.00000000,0.00000000,0.00000000,0.00000000,0.03259767,0.00000000,0.00000000,0.00000000,0.00000000,0.00000000,0.00000000,0.00000000,0.00000000,0.00000000,0.00000000,0.00000000,0.00000000,0.00000000,0.00000000,0.00309457,0.00000000,0.00718271,0.00000000,0.00000000,0.00000000,0.00063647,0.00000000,0.00000000,0.00000000,0.00000000,0.00398803,0.00000000,0.00000000
0.00000000,0.00000000,0.00000000,0.00748614,0.00000000,0.00000000,0.00000000,0.00000000,0.00000000,0.00000000,0.00000000,0.00710464,0.03752333,0.00000000,0.00000000,0.00000000,0.01468143,0.00000000,0.00000000,0.00000000,0.00000000,0.00000000,0.00000000,0.00000000,0.00000000,0.00000000,0.00153891,0.00000000,0.00000000,0.00000000,0.00000000,0.00000000,0.00000000,0.00124782,0.00000000,0.00000000,0.10725458,0.00000000,0.00000000,0.00000000,0.00000000,0.00000000,0.00000000,0.00000000,0.00000000,0.00000000,0.00000000,0.00000000,0.00000000,0.00000000,0.00000000,0.00000000,0.00000000,0.00000000,0.00000000,0.00000000,0.00000000,0.01415334,0.00000000,0.00000000,0.00000000,0.00000000,0.00000000,0.00000000,0.00000000,0.00000000,0.00305232,0.00000000,0.00000000,0.00000000,0.00147787,0.00000000,0.00000000,0.00000000,0.00000000,0.00707020,0.00573648,0.00000000,0.00000000,0.00000000,3.88819804,0.00000000,0.00000000,0.00000000,0.00739777,0.00000000,0.00000000,0.00000000,0.00000000,0.00000000,0.04918463,0.00000000,0.00500081,0.06633870,0.00618823,0.00000000,0.00000000,0.00544990,0.00000000,0.00000000,0.00000000,0.00000000,0.00000000,0.00000000,0.00000000,0.00000000,0.00000000,0.00000000,0.00000000,0.00000000,0.00000000,0.00000000,0.00000000,0.00000000,0.00000000,0.01339812,0.08476993,0.00000000,0.00000000,0.00000000,0.00000000,0.00000000,0.00000000,0.00000000,0.00000000,0.00000000,0.00000000,0.00000000,0.00000000,0.00000000,0.00000000,0.08254477,0.00000000,0.04872977,0.00000000,0.00000000,0.01831453,0.00000000,0.00000000,0.02285236,0.00000000,0.00000000,0.00000000,0.00000000,0.00000000,1.70990911,0.01191816,0.00000000,0.00000000,0.00000000,0.05882824,0.00000000,0.00000000,0.00000000,0.00000000,0.00000000,0.00000000,0.00000000,0.00000000,0.00000000,0.00000000,0.00000000,0.00000000,0.00000000,0.00000000,0.00000000,0.00000000,0.00000000,0.00406195,0.00000000,0.00000000,0.00000000,0.00000000,0.03774878,0.00000000,0.00000000,0.00000000,0.00000000,0.00000000,0.00000000,0.00000000,0.05763774,6.91230372,0.00000000,0.00000000,0.00000000,0.01297179,0.00000000,0.00494002,0.00000000,0.00932836,0.00000000,0.00000000,0.00000000,0.00000000,0.03497382,0.00000000,0.00000000,0.00000000,0.00000000,0.00000000,0.00000000,0.00576632,0.00000000,0.00000000,0.00000000,0.00000000,0.00000000,0.00000000,0.00000000,0.00000000,0.00000000,0.00000000,0.00000000,0.00000000,0.00158900,0.00000000,0.00000000,0.00000000,0.00000000,0.00000000,0.00000000,0.00000000,0.00000000,0.00000000,0.00000000,0.00000000,0.00000000,0.00000000,0.00331976,0.00000000,0.00000000,0.00000000,0.00000000,0.00000000,0.00000000,0.00000000,0.00000000,0.00000000,0.00000000,0.00000000,0.00000000,0.00000000,0.00000000,0.00000000,0.00000000,0.00000000,0.00000000,0.00000000,0.00000000,0.00339538,0.00000000,0.00000000,0.00000000,0.00000000,0.00000000,0.00000000,0.00000000,0.00000000,0.00000000,0.00000000,0.06305518,0.00000000,0.00000000,0.00000000,0.00000000,0.00404589,0.00000000,0.00725665,0.07816423,0.00000000,0.00000000,0.00000000,0.00000000,0.00000000,0.00000000,0.00000000,0.00000000,0.00000000,0.00000000,0.00000000,0.00000000,0.02457967,0.00000000,0.00000000,0.00000000,0.00000000,0.00000000,0.00000000,0.00000000,0.00000000,0.00000000,0.00000000,0.00000000,0.00000000,0.02296427,0.00000000,0.00000000,0.00000000,0.00000000,0.00104998,0.00000000,0.00000000,0.00000000,0.00000000,0.00000000,0.00000000,0.00000000,0.00000000,0.00000000,0.00000000,0.00000000,0.00000000,0.00000000,0.00000000,0.00000000,0.00000000,0.00000000,0.00000000,0.00477300,0.00000000,0.00000000,0.00000000,0.00000000,0.00000000,0.00000000,0.06767065,0.00000000,0.00000000,0.00000000,0.00000000,0.00000000,0.00000000,0.00000000,0.00000000,0.00000000,0.00236699,0.00000000,0.00000000,0.00465832,0.00000000,0.00000000,0.00000000,0.00000000,0.00000000,0.00000000,0.00374264,0.00000000,0.00000000,0.00000000,0.29768280,0.00000000,0.00000000,0.00000000,0.00000000,0.00000000,0.00000000,0.00000000,0.00148354,0.00000000,0.00107580,0.00000000,0.00000000,0.00000000,0.00000000,0.00000000,0.00000000,0.00000000,0.00000000,0.00000000,0.00000000,0.00000000,0.00000000,0.01083808,0.00000000,0.00000000,0.00000000,0.00000000,0.00000000,0.00000000,0.00000000,0.00000000,0.00000000,0.00000000,0.00000000,0.00000000,0.00000000,0.00000000,0.00162112,0.00000000,0.00000000,0.00000000,0.01180376,0.00000000,0.00000000,0.00000000,0.00000000,0.00000000,0.00000000,0.00000000,0.00000000,0.00000000,0.02615531,0.00000000,0.03101377,0.00000000,0.00000000,0.00071597,0.04552646,0.00000000,0.00000000,0.00000000,0.00000000,0.00000000,0.00000000,0.00000000,0.00000000,0.00000000,0.00000000,0.00000000,0.00000000,0.00000000,0.00000000,0.00000000,0.00000000,0.00000000,0.00000000,0.00000000,0.01668953,0.00000000,0.00000000,0.00000000,0.00000000,0.04022380,0.00000000,0.00000000,0.00000000,0.00000000,0.00000000,0.00000000,0.00000000,0.00000000,0.00000000,0.04454126,0.00000000,0.00000000,0.00000000,0.00000000,0.00000000,0.00000000,0.00000000,0.00000000,0.00000000,0.00000000,0.00073203,0.00000000,0.00103532,0.00000000,0.00000000,0.00000000,0.00000000,0.00000000,0.00000000,0.02611801,0.00000000,0.00000000,0.00000000,0.00000000,0.00000000,0.00000000,0.00000000,0.00000000,0.00000000,0.00000000,0.00000000,0.00000000,0.04543623,0.00000000,0.00000000,0.00000000,0.00000000,0.00000000,0.00000000,0.00000000,0.00702380,0.00000000,0.00000000,0.00000000,0.00000000,0.00000000,0.00000000,0.00000000,0.00000000,0.03796381,0.00000000,0.00000000,0.00000000,0.07256038,0.00000000,0.00277460,0.00000000,0.00000000,0.00000000,0.00000000,0.01723410,0.00000000,0.08607892,0.00000000,0.00000000,0.00000000,1.86930720,0.00000000,0.00000000,0.00000000,0.00000000,0.00191188,0.00000000,0.00000000,0.00000000,0.00000000,0.00000000,0.00000000,0.00000000,0.00000000,0.00000000,0.00089888,0.00000000,0.00000000,0.00000000,0.00000000,0.00000000,0.00000000,0.04111633,0.00000000,0.00000000,0.00000000,0.00000000,0.07318420,0.00000000,0.00000000,0.00000000,0.00000000,0.00000000,0.00000000,0.00000000,0.00000000,0.00000000,0.00000000,0.00000000,0.00000000,0.03261987,0.00000000,0.00000000,0.00000000,0.00000000,0.00133374,0.00000000,0.00000000,0.00000000,0.00000000,0.00000000,0.00000000,0.00000000,0.00000000,0.00000000,0.00000000,0.00000000,0.00000000,0.00000000,0.00000000,0.00000000,0.00000000,0.00000000,0.00000000,0.00000000,0.00000000,0.00000000,0.01056836,0.03081535,0.00000000,0.00000000,0.00000000,0.00000000,0.00000000,0.01884536,0.00000000,0.00136834,0.00000000,0.00000000,0.00000000,0.00000000,0.00000000,0.00000000,0.00000000,0.00000000,0.00000000,0.00000000,0.00000000,0.00000000,0.00000000,0.00000000,0.00000000,0.00000000,0.00462831,0.00000000,0.00000000,0.00000000,0.00000000,0.00000000,0.00000000,0.00000000,0.00000000,0.00000000,0.01019378,0.00000000,0.00000000,0.03788142,0.00000000,0.00000000,0.00000000,0.00000000,0.00000000,0.00000000,0.00000000,0.00000000,0.00000000,0.00000000,0.00000000,0.00000000,0.00000000,0.00000000,0.00000000,0.00000000,0.00000000,0.00000000,0.00000000,0.00000000,0.00000000,0.00000000,0.00000000,0.00000000,0.00000000,0.00000000,0.04398210,0.00000000,0.00321803,0.00000000,0.00000000,0.00519513,0.02927886,0.00000000,0.03803055,0.00782366,0.00000000,0.00000000,0.00000000,0.00000000,0.00000000,0.00000000,0.00000000,0.00000000,0.11265623,0.00000000,0.00000000,0.00000000,0.00000000,0.00000000,0.00000000,0.00000000,0.00000000,0.04249723,0.00000000,0.00000000,0.00000000,0.00000000,0.01307831,0.00000000,0.00000000,0.00000000,0.00000000,0.41426664,0.00000000,0.00000000,0.00000000,0.00000000,0.00000000,0.00000000,0.00000000,0.00000000,0.00000000,0.05856966,0.00000000,0.00000000,0.00000000,0.00000000,0.00000000,0.00000000,0.00000000,0.00000000,0.00000000,0.00000000,0.00000000,0.01540816,0.00000000,0.00000000,0.00000000,0.00000000,0.00000000,0.00000000,0.00000000,0.00000000,0.00000000,0.01871647,0.00000000,0.00000000,0.00000000,0.00000000,0.00000000,0.00000000,0.00000000,0.00000000,0.00000000,0.00000000,0.00000000,0.00000000,0.00000000,0.00000000,0.00000000,0.00000000,0.00000000,0.00000000,0.00000000,0.00000000,0.00277409,0.00000000,0.19983468,0.00000000,0.00000000,0.00378173,0.00000000,0.00000000,0.00000000,0.00000000,0.00000000,0.00158110,0.00000000,0.00000000,0.00000000,0.00000000,0.00000000,0.00000000,0.00000000,0.00000000,0.00000000,0.00000000,0.00000000,0.00000000,0.00000000,0.00000000,0.00000000,0.27920334,0.00000000,0.00000000,0.00000000,0.00111223,0.05376386,0.00000000,0.00000000,0.00000000,0.00000000,0.02960248,0.00000000,0.00000000,0.00450324,0.00000000,0.00000000,0.00000000,0.00000000,0.00000000,0.00000000,0.00000000,0.00000000,0.00000000,0.00000000,0.00000000,0.00000000,0.00000000,0.00000000,0.00000000,0.00000000,0.00000000,0.00000000,0.00000000,0.00000000,0.00000000,0.00000000,0.00000000,0.00511925,0.03159608,0.00267345
0.00000000,0.00000000,0.00000000,0.00000000,0.00000000,0.00000000,0.00468100,0.00000000,0.00000000,0.00000000,0.00000000,0.00000000,0.00000000,0.00000000,0.00000000,0.00000000,0.00000000,0.00000000,0.00000000,0.04023761,0.00000000,0.04936738,0.00000000,0.00000000,0.00000000,0.00000000,0.00000000,0.00000000,0.01881763,0.00088444,0.00000000,0.00000000,0.01936376,0.00000000,0.00000000,0.00000000,0.02474406,0.00000000,0.00136113,0.00000000,0.00000000,0.00000000,0.00000000,0.00000000,0.04198738,0.00000000,0.00000000,0.02536229,0.00000000,0.00000000,0.00000000,0.01044241,0.00000000,0.00000000,0.00000000,0.00000000,0.00000000,0.00000000,0.00000000,0.00000000,0.01792038,0.01072737,0.00000000,0.00000000,0.00000000,0.00000000,0.00000000,0.00000000,0.00000000,0.00000000,0.00000000,0.00000000,0.00000000,0.00000000,0.00000000,0.00000000,0.00580960,0.00000000,0.00294887,0.00000000,0.00095161,0.00000000,0.00485040,0.00000000,0.00000000,0.00000000,0.00000000,0.00540955,0.00000000,0.00273528,0.00000000,0.00000000,0.00000000,0.00000000,0.00000000,0.00000000,0.00000000,0.00000000,0.00000000,0.00000000,0.00000000,0.00000000,0.00000000,0.00000000,0.00000000,0.00000000,0.00000000,0.00000000,0.00000000,0.00000000,0.00000000,0.00000000,0.00000000,0.00000000,0.00000000,0.00000000,0.00000000,0.00000000,0.00000000,0.10063267,0.00000000,0.00000000,0.00000000,0.00000000,0.00000000,0.00000000,0.00000000,0.00000000,0.00000000,0.00000000,0.00000000,0.00000000,0.00000000,0.00000000,0.00000000,0.00336917,0.00000000,0.00000000,0.00000000,0.00000000,0.00000000,0.00000000,0.03536707,0.00000000,0.00000000,0.00000000,0.00000000,0.00000000,0.00000000,0.00000000,0.00000000,0.00000000,0.00000000,0.00000000,0.00000000,0.00000000,0.00000000,0.00000000,0.00000000,0.00000000,0.00000000,0.00000000,0.00000000,0.00000000,0.00000000,0.00000000,0.00000000,0.00000000,0.00000000,0.00000000,0.00223142,0.00000000,0.00636417,0.00000000,0.01112592,0.00000000,0.00000000,0.00000000,0.00000000,0.00000000,0.00000000,0.00000000,0.00000000,0.00000000,0.00000000,0.00000000,0.00000000,0.00000000,0.00000000,0.00000000,0.00000000,0.00000000,0.00000000,0.02761796,0.00000000,0.00000000,0.00000000,0.00000000,0.00000000,0.00000000,0.00000000,0.00369551,0.00000000,0.00000000,0.00000000,0.00000000,0.00000000,0.00000000,0.00000000,0.00000000,0.00000000,0.00000000,0.00203643,0.00505428,0.00000000,3.38077272,0.00000000,0.00000000,0.00000000,0.00000000,0.00000000,2.01727968,0.02914385,0.00000000,0.00000000,0.00000000,0.00000000,0.00000000,0.00000000,0.00000000,0.00000000,0.00000000,0.00000000,0.00000000,0.00000000,0.00000000,0.00000000,0.00000000,0.00000000,0.00000000,0.00000000,0.00000000,0.96922272,0.00000000,0.09489675,0.00000000,0.00000000,0.00000000,0.00000000,0.00059420,0.08487778,0.00000000,0.00000000,0.00000000,0.00000000,0.00000000,0.00000000,0.00000000,1.80193831,0.00000000,0.00000000,0.00000000,0.00000000,0.00000000,0.00000000,0.00133551,0.00000000,0.00000000,0.00000000,0.00000000,0.00000000,0.00000000,0.00000000,0.00000000,0.00000000,0.00000000,0.00000000,0.00000000,0.00000000,0.00000000,0.00000000,0.00000000,0.00000000,0.00076644,0.00000000,0.00595825,0.00000000,0.00000000,0.00000000,0.00000000,0.00000000,0.00000000,0.00000000,0.00000000,0.00000000,0.00000000,0.00000000,0.00000000,0.02569829,0.00000000,0.00000000,0.00000000,0.00000000,0.00000000,0.00000000,0.00000000,0.00000000,0.00000000,0.01691785,0.00000000,0.00000000,0.04371328,0.00000000,0.00000000,0.00000000,2.19296948,0.00000000,0.00000000,0.00000000,0.00169026,0.08637401,0.00000000,0.00000000,0.00000000,0.00000000,0.00000000,0.00557451,0.00000000,0.00000000,0.00000000,0.00000000,0.00000000,0.00000000,0.00000000,0.00000000,0.00000000,0.00000000,0.00000000,0.00000000,0.00000000,0.00000000,0.00000000,0.18314385,0.00000000,0.00000000,0.00000000,0.00000000,0.00295330,0.00305156,0.00000000,0.20532131,0.00000000,0.00000000,0.00000000,0.00000000,0.00000000,0.00000000,0.00402298,0.00000000,0.00000000,0.00000000,0.00000000,0.00725319,0.00000000,0.00000000,0.00000000,0.00000000,0.00000000,0.00000000,0.00000000,0.02329589,0.00000000,0.00000000,0.00000000,0.00000000,0.00000000,0.00000000,0.00000000,0.00000000,0.00182926,0.00000000,0.00000000,0.00000000,0.02623273,0.00000000,0.00213748,0.00000000,0.00000000,0.00000000,0.00000000,0.00000000,0.00000000,0.00000000,0.00000000,0.00960862,0.00000000,0.00000000,0.00338257,0.00277492,0.00000000,0.00102071,0.00000000,0.00000000,0.00000000,0.00000000,0.00000000,0.00000000,0.00000000,0.00000000,0.00000000,0.00000000,0.03455179,0.00000000,0.00000000,0.00000000,0.00000000,1.65003423,0.00000000,0.00000000,0.00000000,0.00056292,0.00000000,0.00000000,0.00000000,0.00000000,0.00000000,0.00000000,0.00000000,0.00000000,0.00000000,0.00000000,0.00000000,0.00000000,0.00000000,0.00000000,0.00000000,0.00000000,0.00000000,0.04277605,0.00000000,0.00000000,0.00000000,0.00000000,0.00000000,0.00000000,0.00000000,0.00000000,0.01402583,0.26043826,0.00464307,0.00000000,0.00000000,0.00089326,0.00000000,0.00000000,0.00000000,0.00000000,0.00000000,0.00000000,0.01133289,0.00000000,0.00313826,0.00000000,0.00000000,0.00000000,0.28495120,0.00000000,0.00000000,0.00000000,0.62368237,0.00000000,0.00000000,0.00356412,0.00000000,0.00000000,0.00000000,0.00469510,0.00000000,0.00000000,0.00000000,0.00000000,0.00000000,0.00000000,0.00000000,0.00000000,0.00000000,0.00000000,0.00000000,0.00000000,0.00000000,0.00000000,0.00461555,0.00000000,0.00000000,0.00000000,0.00000000,0.00000000,0.00000000,0.12816156,0.00000000,0.00000000,0.00000000,0.00000000,0.01935592,0.00000000,0.00000000,0.00245424,0.00000000,0.00000000,0.00000000,0.00000000,0.00000000,0.01269730,0.00000000,0.00000000,0.00000000,0.12592277,0.00000000,0.00000000,0.00000000,0.00000000,0.00000000,0.00000000,0.00000000,0.00000000,0.00000000,0.00000000,0.00000000,0.00297084,0.00000000,0.00000000,0.00000000,0.00000000,0.00000000,0.00000000,0.00000000,0.00000000,0.03594507,0.00000000,0.00000000,0.00000000,0.00000000,0.00216683,0.00000000,0.00000000,0.00000000,0.00000000,0.00000000,0.00000000,0.00000000,0.00000000,0.00000000,0.00000000,0.00000000,0.01773624,0.00000000,0.00000000,0.00000000,0.00000000,0.00000000,0.00000000,0.00291545,0.00000000,0.00000000,0.00669280,0.01956564,0.00000000,0.00000000,0.00000000,0.00000000,0.00000000,0.00000000,0.00000000,0.00000000,0.00000000,0.00000000,0.00000000,0.00000000,0.00000000,0.00000000,0.00000000,0.00000000,0.00000000,0.00000000,0.00000000,0.00000000,0.00000000,0.00000000,0.00000000,0.00000000,0.00000000,0.00000000,0.00000000,0.00000000,0.00000000,0.01466329,0.00000000,0.00000000,0.00394889,0.00000000,0.00000000,0.00000000,0.03966962,0.00000000,0.00000000,0.00000000,0.00000000,0.00000000,0.00000000,0.00000000,0.00260609,0.00000000,0.00000000,0.01150659,0.00000000,0.00000000,0.00000000,0.00000000,0.11323776,0.02762270,0.00000000,0.00000000,0.00000000,0.00000000,0.00000000,0.00000000,0.00000000,0.00000000,0.00000000,0.00000000,0.00000000,0.00343479,0.00000000,0.00000000,0.00000000,0.00000000,0.00000000,0.00000000,0.00000000,0.00000000,0.00000000,0.00000000,0.00000000,0.00000000,0.00000000,0.00000000,0.00000000,0.00000000,0.00381055,0.00000000,0.00000000,0.00705961,0.00000000,0.00000000,0.00000000,0.42782182,0.00000000,0.00000000,0.00000000,0.00000000,0.00000000,0.00000000,0.00000000,0.00000000,0.00000000,0.00000000,0.00000000,0.00000000,0.00250020,0.00000000,0.00000000,0.00000000,0.00252932,0.00000000,0.00000000,0.00000000,0.00000000,0.00000000,0.00000000,0.00000000,0.00000000,0.00000000,0.00000000,0.00000000,0.50333528,0.00000000,0.00000000,0.00000000,0.00000000,0.00000000,0.00000000,0.00083340,0.00000000,0.00000000,0.00207618,0.00000000,0.00000000,0.00000000,0.00000000,0.00000000,0.00000000,0.00000000,0.00000000,0.00000000,0.00000000,0.00397425,0.00460465,0.00000000,0.00000000,0.00000000,0.00000000,0.00000000,0.00000000,0.00000000,0.00000000,0.00000000,0.00000000,0.00000000,0.00000000,0.00000000,0.00000000,0.00000000,0.00000000,0.00000000,0.00000000,0.00000000,0.00000000,0.00679023,0.00000000,0.02256304,0.00000000,0.00000000,0.00000000,0.00000000,0.00000000,0.00000000,0.00000000,0.00000000,0.00000000,0.00000000,0.00000000,0.00000000,0.00000000,0.00000000,0.00000000,0.00000000,0.00000000,0.00000000,0.00245497,0.00000000,0.00000000,0.00000000,0.00000000,0.00000000,0.00000000,0.00000000,0.00000000,0.00000000,0.00000000,0.00000000,0.00000000,0.00000000,0.00000000,0.00000000,0.00000000,0.00000000,0.00000000,0.22081167,0.00000000,0.00000000,0.00000000,0.00000000,0.00000000,0.00000000,0.00000000,0.00000000,0.29768280,0.00000000,0.00000000,0.00000000,0.00000000,0.01989883,0.00000000,0.00000000,0.01499977,0.00000000,0.00000000,0.00000000,0.00000000,0.00616071,0.00000000,0.00000000,0.00000000,0.00000000,0.00000000,0.00000000,0.00000000,0.00000000,0.00000000,0.00000000
0.00000000,0.00000000,0.00000000,0.00000000,0.00000000,0.00000000,0.00000000,0.00385930,0.00000000,0.00354827,0.00000000,0.00000000,0.00000000,0.00000000,0.00000000,0.00000000,0.00000000,0.00000000,0.00000000,0.00000000,0.00000000,0.00000000,0.00000000,0.03233472,0.00000000,0.00000000,0.00452263,0.00000000,0.00000000,0.00000000,0.00000000,0.00000000,0.00000000,0.00000000,0.00000000,0.00000000,0.00000000,0.00933443,0.00000000,0.00000000,0.00000000,0.00000000,0.00000000,0.00000000,0.00000000,0.00000000,0.04369836,0.90688282,0.00000000,0.02397013,0.00000000,0.00000000,0.00000000,0.00000000,0.16419182,0.00000000,0.00000000,0.01171003,0.00000000,0.00000000,0.00000000,0.00000000,0.00000000,0.00000000,0.00000000,0.00000000,0.04902521,0.00000000,0.00122035,0.00000000,0.00000000,0.00000000,0.00000000,0.00000000,0.00000000,0.00000000,0.00000000,0.00156518,0.00000000,0.00000000,0.08494218,0.00000000,0.00000000,0.00000000,0.00000000,0.00000000,0.00000000,0.00000000,0.00000000,0.00000000,0.43888039,0.00000000,0.00000000,0.00000000,0.00000000,0.00000000,0.00000000,0.00000000,0.00000000,0.00000000,0.00000000,0.00000000,0.00000000,0.00000000,0.05917080,0.00000000,0.90947447,0.00000000,0.02926394,0.00000000,0.00000000,0.00000000,0.00000000,0.00000000,0.00000000,0.00000000,0.00886329,0.00000000,0.00000000,0.00126411,0.00000000,0.00000000,0.00000000,0.00000000,0.00316071,0.00000000,0.00000000,0.00000000,0.00000000,0.00683769,0.00000000,0.00000000,0.00000000,0.00000000,0.00497132,0.00000000,0.00000000,0.05927095,0.00000000,0.00000000,0.00000000,0.00000000,0.10049199,0.00000000,0.00000000,0.00000000,0.00000000,0.00000000,0.00000000,0.00961586,0.00000000,0.00000000,0.00000000,0.00000000,0.00000000,0.00276868,0.03286606,0.00000000,0.00000000,0.00000000,0.00000000,0.00000000,0.00000000,0.00000000,0.00000000,0.00000000,0.00870491,0.00000000,0.00000000,0.00614339,0.00000000,0.00000000,0.00000000,0.00000000,0.00000000,0.00000000,0.03195491,0.00000000,0.00000000,0.00000000,0.00000000,0.00000000,0.00000000,0.00000000,0.00000000,0.00000000,0.00000000,0.00487696,0.00000000,0.00000000,0.00000000,0.00000000,0.00540995,0.00000000,0.00000000,0.00000000,0.00000000,0.00000000,0.00000000,0.00000000,0.00000000,0.00000000,0.00000000,0.00000000,0.00000000,0.00000000,0.00000000,0.00000000,0.00000000,0.19124391,0.00000000,0.00000000,0.00000000,0.00000000,0.00000000,0.00437184,0.00000000,0.00000000,0.00000000,0.00000000,0.00000000,0.00000000,0.00000000,0.00080268,0.00000000,0.00000000,0.00000000,0.00000000,0.00000000,0.00580557,0.00000000,0.00000000,0.00000000,0.00000000,0.00000000,0.00000000,0.00000000,0.01861993,0.00000000,0.00000000,0.00000000,0.00000000,0.00000000,0.00000000,0.00000000,0.00000000,0.00000000,0.00000000,0.00443906,0.00000000,0.00137600,0.00000000,0.00000000,0.00000000,0.00000000,0.00000000,0.00000000,0.00533835,0.00000000,0.00000000,0.00000000,0.00000000,0.00000000,0.00000000,0.06876420,0.00000000,0.00000000,0.00000000,0.01845441,0.26009993,0.00000000,0.00000000,0.03173927,0.09748926,0.00000000,0.00000000,0.00000000,0.00560015,0.00000000,0.00000000,0.83943267,0.00000000,0.00000000,0.00000000,0.00479127,0.00000000,0.00000000,0.00000000,0.00000000,0.16894768,0.00000000,0.00000000,0.00000000,0.00000000,0.00000000,0.00000000,0.00000000,0.00000000,0.00000000,0.00000000,0.00000000,0.00000000,0.00000000,0.01065742,0.00000000,0.00000000,0.00000000,0.07059768,0.00000000,0.00100087,0.01529762,0.01635628,0.00000000,0.00000000,0.00000000,0.00000000,0.00000000,0.00000000,0.00000000,0.00000000,0.00000000,0.00000000,0.00000000,0.00000000,0.00938062,0.00000000,0.00000000,0.00000000,0.00000000,0.00000000,0.00000000,0.00407516,0.00000000,0.00000000,0.00000000,0.00000000,2.25034737,0.00000000,0.00000000,0.00000000,0.00299755,0.00000000,0.00864606,0.00000000,0.00000000,0.00000000,0.00000000,0.00000000,0.00000000,0.00000000,0.00583950,0.00000000,0.00000000,0.00000000,0.00000000,0.00000000,0.00000000,0.00000000,0.00000000,0.00000000,0.00000000,0.00000000,0.00000000,0.00000000,0.80599815,0.00000000,0.00000000,0.00000000,0.00000000,0.00000000,0.00000000,0.00000000,0.00000000,0.00000000,0.00000000,0.00000000,0.96248471,0.00000000,0.00000000,0.00000000,0.00000000,0.00075779,0.00000000,0.00000000,0.00000000,0.00000000,0.01517010,0.00000000,0.00000000,0.00000000,0.00000000,0.00000000,0.00000000,0.00000000,0.00000000,0.00000000,0.00000000,0.00000000,0.00000000,0.00000000,0.00183696,0.01607042,0.00000000,0.00000000,0.00000000,0.00000000,0.00000000,0.00000000,0.00000000,0.00000000,0.00000000,0.00000000,0.00000000,0.00000000,0.00000000,0.00000000,0.00000000,0.00000000,0.00424147,0.00000000,0.00000000,0.00000000,0.00000000,0.00000000,0.00978608,0.00000000,0.00000000,0.00000000,0.00000000,0.00855822,0.00000000,0.00000000,0.00000000,0.00684057,0.05287071,0.00000000,0.00000000,0.00000000,0.00699242,0.00000000,0.00000000,0.00000000,0.00000000,0.00000000,0.00000000,0.00000000,0.00000000,0.01172072,0.00000000,0.00000000,0.00000000,0.01347200,0.00000000,0.00000000,0.00440353,0.00000000,0.00000000,0.00000000,0.00000000,0.00000000,0.00000000,0.00000000,0.00000000,0.00000000,0.00000000,0.07473705,0.00000000,0.00000000,0.00000000,0.00000000,0.00000000,0.00000000,0.00000000,0.00000000,0.00000000,0.00000000,0.00000000,0.00000000,0.00000000,0.00000000,0.00000000,0.00000000,0.00000000,0.00000000,0.00000000,0.00000000,0.00000000,0.00000000,0.00000000,0.03208171,0.00000000,0.00000000,0.00000000,0.00000000,0.00000000,0.00000000,0.00000000,0.00000000,0.00000000,0.00000000,0.00000000,0.00248714,0.00000000,0.00000000,0.00000000,0.00000000,0.00000000,0.00000000,0.00000000,0.00000000,0.00000000,0.00000000,0.00000000,0.00000000,0.00000000,0.00000000,0.00000000,0.00000000,0.00000000,0.00000000,0.00000000,0.00000000,0.00000000,0.02042672,0.00000000,0.00000000,0.00000000,0.00000000,0.00000000,0.00359502,0.00000000,0.00000000,0.00000000,0.00000000,0.00000000,0.00000000,0.00000000,0.00000000,0.00000000,0.00000000,0.00085705,0.00000000,0.00000000,0.00000000,0.00000000,0.00000000,0.00000000,0.00000000,0.00000000,0.00000000,0.00000000,0.00000000,0.00000000,0.00000000,0.00000000,0.00000000,0.00000000,0.00000000,0.00000000,0.00000000,0.00000000,0.00000000,0.00000000,0.00000000,0.00000000,0.00000000,0.00000000,0.00000000,0.00000000,0.00000000,0.00674575,0.00000000,0.00000000,0.00000000,0.00309103,0.00000000,0.00000000,0.00000000,0.00000000,0.00000000,0.00219886,0.00000000,0.00000000,0.00000000,0.00000000,0.00000000,0.00000000,0.00000000,0.00000000,0.00000000,0.00000000,0.00000000,0.40311419,0.00000000,0.00000000,0.04973572,0.00000000,0.00000000,0.00000000,0.00000000,0.00000000,0.01152773,0.00434551,0.00000000,0.00000000,0.00000000,0.00969913,0.00000000,0.00000000,0.00000000,0.00000000,0.00000000,0.05776436,0.00000000,0.00000000,0.00000000,0.00000000,0.01876190,0.00000000,0.00000000,0.00208151,0.00000000,0.00000000,0.00000000,0.00000000,0.00000000,0.00000000,0.00000000,0.00340681,0.00000000,0.00000000,0.00000000,0.00000000,0.03688295,0.00000000,0.00000000,0.00000000,0.03321692,0.00000000,0.00000000,0.00000000,0.00000000,0.00000000,0.00000000,0.00000000,0.00782949,0.00000000,0.00264638,0.00000000,0.00000000,0.00000000,0.00000000,0.00000000,0.00000000,0.00000000,0.00000000,0.00000000,0.00000000,0.00000000,0.00070456,0.00000000,0.00000000,0.00000000,0.00000000,0.00000000,0.00000000,0.00000000,0.00000000,0.00000000,0.00000000,0.00000000,0.00000000,0.00000000,0.02604467,0.00000000,0.00000000,0.00000000,0.00000000,0.00000000,0.00000000,0.00404454,0.00000000,0.00000000,0.04162496,0.00000000,0.00000000,0.00000000,0.00000000,0.00000000,0.00000000,0.04197761,0.00000000,0.00117360,0.09977565,0.00000000,0.00000000,0.00000000,0.00000000,0.00000000,0.00000000,0.00000000,0.00000000,0.00000000,0.00000000,0.00000000,0.00000000,0.00328397,0.00000000,0.00000000,0.00000000,0.00000000,0.00000000,0.00000000,0.00000000,0.00000000,0.00000000,0.00000000,0.00000000,0.01953758,0.00000000,0.00000000,0.00000000,0.00000000,0.00097570,0.00000000,0.00000000,0.00000000,0.00000000,0.04916848,0.00000000,0.00000000,0.00000000,0.00000000,0.00115693,0.00000000,0.00000000,0.00000000,0.00000000,0.00000000,0.00087198,0.00000000,0.00000000,0.00000000,0.00000000,0.00000000,0.00000000,0.00000000,0.00215336,0.00000000,0.00000000,0.00000000,0.00000000,0.00000000,0.00000000,0.00000000,0.00000000,0.00000000,0.00000000,0.00000000,0.00000000,0.00000000,0.00000000,0.00000000,0.00000000,0.00000000,0.00000000,0.00000000,0.00000000,0.00000000,0.00000000,0.00000000,0.00000000,0.00000000,0.00000000,0.01597006,0.00000000,0.00000000,0.00000000,0.00000000,0.00000000,0.00000000,0.00207202,0.00000000,0.00000000,0.00000000,0.00000000,0.00000000,0.00000000,0.00000000,0.00000000,0.00000000,0.00000000,0.00000000,0.00000000,0.00000000,0.00000000,0.00000000,0.00000000,0.00000000,0.00000000
0.00000000,0.00000000,0.00000000,0.00000000,0.00000000,0.00000000,0.00000000,0.00000000,0.00000000,0.00000000,0.00818163,0.00000000,0.00000000,0.00000000,0.00000000,0.00000000,0.00000000,0.00000000,0.00000000,0.00000000,0.00000000,0.00000000,0.00000000,0.00000000,0.00000000,0.00000000,0.00000000,0.00000000,0.00407045,0.00000000,0.00000000,0.00000000,0.00000000,0.00000000,0.00000000,0.00000000,0.00000000,0.00000000,0.00000000,0.00000000,0.00000000,0.00000000,0.00000000,0.00000000,0.00000000,0.00000000,0.00000000,0.11533121,0.00000000,0.00000000,0.00000000,0.00000000,0.00000000,3.04510931,0.00000000,0.00312170,0.00000000,1.80704559,0.00000000,0.00000000,0.00000000,0.00000000,0.00570806,0.00000000,0.00000000,0.00000000,0.00000000,0.00000000,0.00000000,0.00000000,0.00000000,0.00000000,0.00000000,0.00298150,0.00000000,0.00000000,0.00000000,0.00000000,0.00000000,0.00000000,0.00000000,0.00000000,0.00000000,0.00000000,0.00000000,0.00000000,0.01389839,0.00097026,0.00000000,0.00000000,0.00745516,0.00000000,0.00000000,0.00000000,0.00000000,0.00000000,0.00000000,0.00000000,0.00000000,0.00000000,0.00000000,0.00000000,0.00000000,0.00000000,0.00000000,0.00000000,0.00000000,0.00000000,0.00000000,0.00000000,0.00000000,0.02645166,0.00000000,0.03415747,0.00000000,0.00000000,0.00000000,0.00000000,0.00000000,0.00000000,0.00000000,0.00000000,0.00000000,0.00000000,0.00000000,0.01603799,0.00000000,0.00000000,0.06623157,0.00000000,0.01273663,0.08492247,0.00000000,0.00000000,0.00000000,0.00000000,0.00000000,0.00000000,0.00000000,0.00000000,0.00000000,0.00000000,0.00706057,0.00000000,0.00000000,0.00105269,0.00000000,0.00000000,0.00000000,0.00000000,0.00000000,0.00000000,0.00000000,0.00000000,0.00000000,0.00000000,0.00676824,0.01456028,0.00000000,0.00000000,0.00000000,0.00000000,0.00145536,0.00000000,0.00000000,0.00000000,0.00000000,0.00000000,0.00000000,0.00000000,0.00000000,0.00000000,0.00000000,0.00000000,0.00000000,0.00000000,0.00000000,0.00000000,0.00000000,0.00000000,0.00000000,0.00000000,0.00198842,0.00000000,0.00000000,0.00000000,0.00000000,0.00000000,0.00000000,0.00083309,0.00000000,0.00000000,0.00000000,0.00000000,0.00000000,0.00000000,0.00000000,0.00000000,0.00000000,0.00000000,0.00000000,0.00000000,0.01493080,0.00000000,0.00000000,0.00000000,0.00000000,0.00000000,0.02632240,0.00000000,0.00000000,1.36569525,0.00000000,0.00000000,0.00000000,0.00000000,0.15338632,0.01080720,0.00000000,0.00000000,0.00000000,0.00000000,0.00000000,0.00000000,0.00000000,0.00000000,0.00000000,0.00000000,0.00000000,0.00000000,0.00000000,0.00000000,0.00000000,0.00000000,0.00000000,0.00000000,0.00000000,0.00567985,0.00000000,0.00000000,0.00000000,0.00000000,0.00286693,0.00000000,0.00000000,0.00000000,0.00000000,0.00443906,0.00000000,0.00000000,0.00000000,0.00000000,0.00000000,0.00000000,0.00000000,0.00000000,0.00000000,0.00000000,0.00000000,0.00000000,0.00000000,0.00000000,0.00000000,0.00000000,0.00000000,0.00000000,0.00000000,0.04898545,0.00000000,0.14612563,0.00000000,0.03220280,0.00000000,0.00000000,0.00000000,0.00000000,0.00484882,0.00000000,0.00000000,0.00000000,0.00000000,0.00000000,0.00000000,0.00000000,0.01347860,0.00000000,0.00000000,0.00000000,0.00000000,0.00000000,0.00000000,0.00417615,0.00000000,0.00000000,0.00000000,0.00000000,0.00000000,0.08377104,0.00000000,0.00000000,0.00000000,0.00154847,0.01411589,0.01298275,0.00000000,0.00000000,0.00000000,0.00000000,0.00000000,0.00000000,0.00000000,0.00000000,0.00000000,0.00000000,0.00000000,0.00000000,0.00000000,0.00000000,0.00000000,0.00000000,0.00000000,0.00000000,0.00000000,0.00000000,0.00000000,0.00000000,0.00000000,0.00000000,0.00000000,0.01064050,0.00000000,0.00663723,0.00000000,0.00000000,0.00000000,0.00000000,0.00000000,0.00000000,0.00000000,0.00000000,0.00000000,0.30210505,0.10233210,0.00000000,0.00000000,0.00000000,0.00000000,0.00000000,0.00000000,0.00000000,0.00000000,0.00000000,0.00000000,0.00945501,0.00000000,0.00000000,0.00000000,0.00000000,0.00000000,0.00694526,0.00000000,0.01824879,0.00000000,0.00000000,0.00000000,0.00000000,0.00000000,0.00000000,0.00000000,0.00000000,3.03970117,0.00000000,0.03540788,0.00000000,0.00000000,0.00000000,0.00503199,0.00000000,0.00000000,0.00000000,0.00000000,0.05563077,0.00000000,0.00000000,0.05962145,0.00000000,0.00000000,0.00679504,0.00945837,0.00000000,0.00000000,0.00000000,0.00000000,0.00000000,0.00000000,0.00000000,0.00000000,0.00000000,0.00000000,0.00000000,0.00000000,0.00410928,0.00000000,0.00000000,0.00000000,0.00000000,0.00000000,0.00000000,0.00000000,0.00529284,0.00145599,0.00000000,0.00000000,0.00000000,0.00747470,0.00000000,0.00000000,0.00000000,0.00000000,0.00000000,0.00000000,0.00000000,0.00093602,0.00000000,0.01591448,0.00000000,0.00000000,0.00000000,0.00676868,0.00000000,0.00561800,0.00000000,0.00000000,0.00000000,0.00000000,0.00000000,0.00000000,0.00000000,0.00000000,0.00000000,0.00000000,0.00000000,0.00000000,0.00000000,0.00000000,0.00000000,0.00000000,0.00000000,0.00287140,0.00000000,0.00000000,0.00000000,0.00000000,0.00000000,0.00000000,0.00000000,0.00000000,0.00000000,0.00000000,0.00000000,0.00000000,0.00000000,0.00000000,0.00000000,0.00000000,0.00000000,0.00000000,0.00000000,0.00000000,0.00779142,0.00000000,0.00000000,0.00000000,0.00334660,0.00961971,0.00000000,0.00000000,0.00000000,0.00000000,0.00000000,0.00000000,0.00000000,0.00000000,0.68187760,0.00000000,0.00000000,0.00066657,0.03019781,0.00912911,0.00000000,0.00000000,0.01770781,0.00000000,0.00000000,0.00000000,0.00000000,0.00000000,0.00000000,0.00000000,0.00000000,0.00000000,0.00000000,0.00000000,0.00000000,0.00000000,0.00000000,0.01591419,0.00000000,0.00000000,0.07526212,0.00000000,0.00000000,0.00000000,0.00000000,0.00000000,0.00000000,0.00000000,0.00000000,0.02826962,0.00000000,0.00000000,0.00000000,0.00000000,0.00000000,0.00780577,0.01075751,0.00000000,0.00000000,0.00000000,0.00000000,0.00000000,0.00000000,0.00000000,0.00552352,0.00000000,0.00000000,0.00000000,0.00000000,0.00000000,0.00000000,0.00000000,0.00000000,0.02905584,0.00905015,0.00000000,0.00000000,0.00000000,0.00000000,0.00000000,0.00000000,0.04848874,0.00000000,0.00000000,0.00000000,0.00000000,0.00000000,0.00484280,0.00000000,0.00000000,0.00000000,0.00552186,0.00000000,0.00249777,0.00000000,0.00161590,0.00000000,0.00000000,0.00000000,0.00000000,0.00000000,0.00000000,0.00765269,0.00000000,0.00888174,0.00000000,0.00000000,0.00000000,0.00000000,0.00000000,0.00000000,0.00000000,0.00000000,0.00000000,0.00913193,0.00000000,0.00000000,0.12251804,0.00000000,0.00000000,0.00000000,0.00614955,0.00000000,0.00000000,0.00000000,0.00000000,0.00000000,0.00000000,0.00000000,0.00000000,0.00000000,0.00000000,0.00000000,0.00000000,0.00000000,0.00000000,0.01321233,0.00000000,0.00000000,2.63710218,0.00000000,0.00000000,0.00000000,0.00000000,0.00000000,0.00485546,0.00000000,0.00000000,0.00000000,0.00000000,0.00000000,0.00000000,0.00000000,0.00000000,0.00000000,0.00784845,0.00000000,0.01394266,0.00000000,0.00000000,0.00000000,0.00000000,0.00000000,0.00000000,0.00000000,0.06690247,0.00000000,0.00000000,0.00000000,0.00000000,0.00000000,0.00000000,0.00000000,0.00000000,0.00000000,0.00000000,0.00000000,0.00000000,0.00000000,0.00000000,0.00000000,0.00000000,0.00000000,0.05447230,0.00000000,0.00000000,0.00000000,0.00000000,0.00000000,0.00000000,0.00000000,0.00000000,0.00000000,0.00000000,0.00000000,0.00000000,0.02305357,0.00000000,0.00000000,0.00000000,0.00000000,0.00000000,0.00000000,0.00000000,0.00000000,0.00000000,0.00000000,0.00000000,0.00000000,0.00000000,0.00000000,0.00000000,0.00000000,0.00000000,0.00000000,0.00000000,0.00882363,0.00000000,0.00000000,0.00000000,0.00000000,0.03766934,0.00000000,0.00000000,0.00000000,0.00000000,0.00339574,0.00000000,0.00000000,0.00000000,0.00000000,0.00000000,0.00000000,0.00000000,0.00339621,0.00000000,0.00000000,0.00000000,0.00000000,0.00608257,0.00000000,0.00000000,0.00000000,0.00000000,0.00000000,0.00000000,0.00000000,0.02015612,0.00000000,0.00000000,0.00000000,0.00000000,0.00000000,0.00000000,0.00000000,0.00000000,0.00000000,0.00968394,0.00000000,0.00000000,0.00000000,0.00000000,0.00000000,0.02575404,0.00000000,0.00000000,0.00000000,0.00000000,0.00000000,0.00000000,0.00000000,0.00000000,0.00000000,0.00000000,0.00000000,0.00000000,0.00401923,0.00000000,0.00000000,0.01565123,0.00000000,0.00000000,0.00000000,0.00000000,0.00000000,0.00000000,0.00000000,0.00000000,0.00000000,0.00000000,0.00000000,0.00000000,0.00000000,0.00000000,0.00000000,0.00000000,0.00000000,0.00000000,0.00000000,0.00200150,0.00000000,0.00000000,0.00000000,0.00548407,0.01612432,0.00000000,0.00000000,0.00000000,0.00000000,0.00000000,0.00000000,0.00000000,0.00000000,0.00000000,0.00000000,0.00551490,0.00000000,0.00855628,0.00000000,0.00000000,0.00000000,0.00000000,0.00000000,0.00000000,0.00000000,0.00000000,0.00000000,0.00000000,0.00000000,0.00000000,0.00000000
0.00055885,0.00000000,0.00000000,0.00000000,0.00000000,0.00771724,0.00000000,0.00000000,0.00000000,0.00000000,0.00000000,0.00000000,0.00000000,0.00000000,0.00000000,0.00000000,0.00000000,0.00257131,0.00000000,0.00000000,0.00000000,0.00000000,0.00000000,0.00000000,0.00000000,0.00721780,0.00000000,0.00000000,0.00000000,0.00511090,0.00000000,0.00000000,0.00000000,0.00000000,0.00000000,0.00000000,0.00000000,0.00129778,0.00426886,0.00000000,0.00000000,0.00000000,0.00000000,0.00000000,0.02018529,0.00000000,0.00000000,0.00000000,0.00000000,0.00000000,0.00327577,0.00000000,0.00000000,0.00000000,0.00000000,0.00231054,0.00000000,0.00000000,0.02166523,0.00000000,0.00000000,0.00000000,0.00000000,0.00000000,0.00000000,0.01760201,0.00000000,0.00000000,0.00000000,0.00000000,0.00000000,0.00000000,0.00000000,0.00000000,0.00000000,0.00000000,0.11936681,0.00000000,0.00000000,0.00000000,0.00000000,0.00000000,0.00000000,0.00000000,0.00000000,0.00000000,0.00000000,0.00000000,0.00000000,0.00000000,0.00000000,0.00000000,0.00000000,0.00000000,0.00000000,0.00000000,0.34500478,0.00000000,0.00000000,0.00000000,0.00000000,0.00000000,0.00000000,0.00000000,0.00000000,0.00000000,0.00000000,0.00000000,0.00000000,0.00000000,0.00000000,0.00000000,0.00000000,0.01331606,0.00000000,0.00000000,0.00095558,0.00000000,0.00000000,0.00000000,0.00000000,0.00000000,0.00000000,0.00000000,0.00000000,0.00000000,0.00000000,0.00097800,0.00000000,0.00000000,0.00000000,0.00000000,0.00000000,0.00000000,0.00000000,0.00000000,0.00000000,0.00000000,0.00000000,0.00000000,0.00000000,0.00000000,0.02927775,0.00000000,0.00000000,0.00000000,0.00000000,0.00000000,0.00000000,0.00000000,0.00000000,1.15227971,0.01303405,0.00000000,0.00000000,0.00000000,0.00000000,0.00000000,0.00000000,0.00000000,0.00628705,0.00000000,0.00000000,0.00000000,0.00000000,0.00000000,0.00000000,0.00000000,0.00000000,0.00000000,0.00000000,0.08415130,0.00000000,0.00220246,0.00000000,0.00000000,0.00650137,0.00000000,0.00544867,0.00000000,0.00000000,0.06276356,0.00000000,0.00000000,0.00000000,0.00000000,0.00000000,0.00000000,0.00000000,1.34919755,0.00000000,0.00314246,0.00000000,0.00000000,0.00000000,0.00000000,0.00000000,0.00000000,0.00000000,0.00000000,0.00000000,0.00000000,0.00000000,0.00000000,0.00000000,0.00000000,0.00000000,0.00000000,0.00000000,0.00000000,0.00000000,0.01197457,0.00000000,0.00000000,0.00366279,0.00000000,0.00000000,0.00000000,0.00000000,0.02514186,0.00000000,0.00000000,0.00000000,0.00000000,0.00000000,0.00000000,0.00000000,0.00000000,0.00000000,0.00226430,0.00000000,0.00000000,0.00000000,0.00000000,0.00000000,0.00000000,0.00000000,0.00000000,0.00000000,0.00000000,0.00000000,0.00000000,0.00000000,0.00000000,0.01160713,0.00000000,0.00059420,0.00000000,0.00000000,0.00000000,0.02952428,0.00000000,0.01206425,0.00000000,0.00000000,0.00000000,0.00000000,0.00000000,0.00000000,0.00000000,0.00000000,0.00000000,0.00000000,0.00000000,0.00000000,0.00000000,0.00000000,0.00000000,0.00000000,0.00000000,0.00000000,0.00000000,0.00000000,0.00000000,0.00000000,0.00000000,0.00000000,0.00372661,0.00000000,0.00186397,0.00000000,0.00000000,0.00123109,0.00000000,0.00000000,0.00000000,0.00000000,0.06479581,0.07389739,0.00000000,0.00000000,0.00000000,0.00000000,0.00000000,0.00000000,0.00000000,0.00000000,0.00000000,0.00000000,0.00000000,0.00444055,0.00000000,0.00000000,0.00000000,0.00000000,0.00000000,0.00000000,0.00000000,0.00000000,0.00000000,0.00000000,0.00000000,0.00000000,0.00000000,0.00000000,0.00000000,0.00000000,0.00000000,0.00000000,0.00000000,0.00000000,0.00000000,0.00000000,0.00000000,0.00000000,0.00000000,0.00000000,0.00000000,0.00000000,0.00000000,0.00000000,0.00000000,0.04764909,0.00000000,0.00000000,0.00000000,0.00000000,0.00000000,0.00470735,0.00000000,0.00000000,0.00000000,0.00000000,0.00000000,0.00000000,0.00000000,0.00000000,0.00000000,0.00000000,0.00000000,0.00000000,0.00000000,0.00000000,0.00000000,0.02474495,0.00000000,0.00000000,0.01397069,0.00000000,0.00000000,0.00000000,0.00000000,0.00000000,0.00000000,0.00000000,0.00000000,0.00000000,0.00000000,0.00000000,0.00000000,0.00000000,0.00073516,0.01191003,0.00980605,0.00000000,0.00000000,0.15432521,0.05223095,0.00000000,0.00000000,0.01127476,0.03386669,0.00000000,0.00000000,0.00000000,0.00000000,0.00000000,0.00000000,0.00000000,0.00000000,0.00000000,0.00000000,0.00000000,0.00000000,0.00000000,0.00000000,0.00076297,0.00000000,0.00000000,0.05653976,0.00000000,0.00000000,0.00095104,0.00000000,0.00000000,0.00000000,0.00000000,0.00000000,1.26564126,0.00000000,0.00000000,0.00000000,0.00000000,0.00000000,0.00000000,0.00000000,0.00000000,0.00000000,0.02691852,0.00000000,0.00000000,0.00000000,0.00000000,0.00000000,0.00000000,0.00000000,0.00000000,0.00000000,0.00000000,0.00000000,0.00000000,0.00000000,0.00000000,0.00000000,0.00000000,0.00000000,0.00000000,0.00000000,0.00000000,0.00000000,0.00000000,0.00000000,0.00000000,0.00995151,0.00000000,0.00000000,0.00000000,0.00000000,0.00000000,0.00000000,0.09468801,0.00000000,0.00000000,0.00000000,0.00000000,0.00000000,0.00000000,0.00000000,0.00000000,0.00000000,0.00000000,0.00000000,0.00000000,0.00000000,0.00000000,0.00000000,0.00000000,0.00000000,0.00000000,0.00000000,0.00000000,0.00000000,0.00267973,0.00000000,0.00000000,0.00000000,0.06535244,0.00000000,0.00000000,0.00000000,0.00000000,0.00000000,0.00000000,0.00000000,0.00000000,0.00585905,0.96452683,0.00000000,0.00000000,0.00000000,0.00000000,0.00000000,0.00000000,0.00000000,0.00000000,0.00000000,0.00000000,0.10494184,0.00000000,0.00000000,0.00000000,0.00000000,0.00000000,0.00000000,0.00000000,0.00000000,0.00000000,0.00069040,0.00000000,0.00000000,0.00000000,0.00000000,0.00110493,0.00905599,0.00000000,0.00000000,0.04734470,0.00000000,0.00000000,0.00000000,0.01558953,0.00000000,0.00000000,0.00117786,0.00000000,0.00000000,0.00000000,0.00000000,0.00000000,0.00000000,0.00000000,0.00000000,0.00788154,0.00000000,0.00000000,0.00000000,0.00119306,0.00000000,0.00000000,0.00000000,0.00000000,0.00000000,0.00000000,0.00000000,0.00000000,0.00000000,0.00644280,0.00000000,0.35712402,0.00000000,0.00000000,0.00000000,0.00000000,0.00000000,0.00000000,0.00000000,0.00000000,0.00000000,0.00000000,0.00000000,0.00000000,0.03200192,0.00565221,0.00396646,0.00499581,0.00000000,0.00000000,0.00000000,0.00000000,0.00000000,0.00000000,0.00000000,0.00000000,0.00000000,0.00000000,0.00000000,0.00000000,0.00000000,0.00000000,0.00000000,0.00000000,0.00000000,0.00000000,0.02491715,0.00000000,0.04372741,0.00097689,0.00000000,0.00928878,0.00000000,0.00000000,0.00131731,0.00000000,0.00000000,0.00000000,0.00000000,0.00000000,0.00000000,0.00000000,0.00000000,0.00000000,0.00000000,0.00000000,0.00000000,0.00387422,0.00000000,0.00000000,0.00000000,0.00000000,0.00000000,0.00000000,0.00000000,0.00000000,0.00000000,0.00000000,0.00000000,0.00000000,0.00000000,0.00000000,0.00000000,0.00000000,0.00000000,0.00000000,0.00000000,0.00000000,0.03555262,0.00000000,0.00000000,0.00000000,0.00000000,0.00000000,0.00000000,0.00000000,0.00000000,0.00000000,0.00000000,0.00000000,0.00000000,0.00000000,0.00000000,0.00000000,0.00000000,0.00000000,0.00000000,0.05513303,0.00000000,0.00000000,0.00000000,0.02272766,0.00000000,0.00000000,0.02428961,0.00000000,0.00000000,0.00000000,0.00000000,0.00000000,0.00000000,0.00000000,0.00000000,0.00000000,0.00000000,0.00000000,0.00000000,0.00000000,0.00000000,0.00000000,0.00000000,0.00000000,0.00000000,0.00000000,0.00063524,0.00000000,0.00000000,0.00000000,0.00000000,0.00000000,0.00000000,0.14929396,0.00000000,0.00000000,0.00000000,0.06203564,0.00000000,0.00000000,0.00000000,0.00000000,0.58004425,0.00000000,0.00000000,0.00879332,0.00000000,0.00108695,0.00000000,0.00000000,0.00000000,0.00000000,0.00158123,0.00073417,0.00000000,0.00000000,0.00000000,0.00917569,0.00000000,0.00000000,0.00000000,0.00000000,0.00000000,0.00000000,0.00000000,0.00763748,0.00000000,0.00000000,0.02188016,0.00000000,0.00000000,0.00000000,0.00115833,0.00000000,0.00000000,0.00000000,0.00000000,0.00000000,0.00100149,0.32761617,0.00000000,0.00000000,0.00000000,0.00000000,0.00000000,0.00000000,0.00000000,0.02658163,0.06675606,0.00000000,0.00000000,0.00000000,0.00000000,0.00000000,0.00000000,0.00000000,0.00000000,0.00000000,0.00000000,0.00000000,0.04751398,0.00000000,0.00000000,0.00000000,0.00000000,0.00000000,0.00000000,0.00000000,0.00361919,0.00000000,0.00000000,0.00000000,0.00000000,0.00000000,0.00000000,0.00000000,0.00000000,0.00000000,0.44705419,0.00000000,0.00000000,0.06483433,0.00000000,0.00000000,0.00000000,0.00000000,0.00000000,0.00000000,0.00000000,0.00000000,0.00000000,0.00674424,0.00000000,0.00144974,0.00387617,0.00953461,0.00000000,0.00000000,0.00000000,0.00000000,0.00000000,0.00000000,0.00000000,0.00000000,0.00000000,0.00000000,0.00365095,0.00000000,0.00000000,0.00000000,0.00000000,0.00000000,0.00000000,0.00000000,0.00000000
0.00000000,0.00000000,0.00000000,0.00000000,0.00000000,0.00000000,0.00000000,0.00000000,0.00000000,0.00000000,0.00000000,0.00000000,0.00000000,0.00000000,0.00000000,0.00000000,0.00000000,0.00903729,0.00000000,0.00000000,0.00000000,0.00000000,0.01689296,0.00000000,0.00000000,0.00000000,0.00000000,0.00000000,0.00000000,0.02509217,0.00000000,0.00000000,0.00000000,0.00000000,0.00000000,0.00000000,0.02263542,0.02386868,0.00000000,0.00000000,0.08795202,0.00780203,0.00000000,0.00000000,0.00000000,0.00000000,0.00000000,0.00000000,0.00000000,0.00000000,0.00000000,0.02445175,0.00000000,0.00000000,0.00000000,0.00000000,0.00000000,0.00000000,0.00000000,0.00000000,0.00000000,0.00000000,0.00725427,0.00000000,0.00000000,0.00913316,0.00000000,0.00468807,0.00000000,0.00000000,0.00000000,0.00000000,0.00000000,0.00000000,0.00000000,0.00359195,0.01588452,0.00000000,0.00000000,0.00000000,0.00000000,0.00000000,0.00000000,0.00000000,0.00125215,0.00000000,0.09702120,0.00000000,0.00000000,0.00000000,0.00000000,0.00000000,0.00000000,0.02663384,0.00000000,0.00000000,0.00000000,0.00000000,0.00000000,0.00000000,0.00000000,0.00000000,0.00000000,0.00000000,0.00000000,0.00000000,0.01433618,0.00000000,0.00990684,0.00000000,0.00396329,0.00000000,0.00000000,0.00000000,0.00000000,0.00000000,0.01448910,0.00000000,0.00089646,0.00000000,0.00000000,0.00000000,0.00000000,0.00000000,0.00000000,0.00000000,0.00000000,0.00000000,0.00000000,0.00000000,0.00000000,0.00000000,0.00000000,0.00000000,0.00000000,0.00353685,0.00000000,0.00000000,0.00000000,0.00000000,1.82204899,0.00000000,0.00000000,0.00000000,0.00000000,0.00000000,0.01187030,0.00000000,0.00000000,0.00000000,0.00000000,0.00000000,0.00000000,0.00000000,0.04267169,0.00000000,0.00000000,0.00000000,0.00000000,0.00000000,0.00000000,0.00000000,0.00000000,0.00000000,0.00000000,0.00000000,0.00000000,0.00000000,0.00000000,0.00000000,0.00000000,0.00000000,0.00000000,0.00000000,0.00000000,0.00000000,0.00064176,0.01422458,0.00000000,0.00000000,0.00000000,0.00000000,0.00000000,0.00000000,0.00000000,0.00000000,0.00000000,0.00000000,0.00000000,0.00000000,0.00000000,0.00000000,0.00000000,0.00676293,0.00000000,0.00000000,0.00000000,0.00000000,0.00000000,0.00764202,0.00424991,0.00000000,0.00000000,0.00000000,0.00000000,0.00000000,0.00000000,0.02113494,0.00000000,0.00000000,0.00000000,0.00000000,0.00000000,0.00000000,0.00000000,0.00000000,0.00000000,0.00000000,0.00000000,0.00000000,0.00131769,0.00000000,0.00000000,0.00000000,0.00000000,0.00000000,0.00000000,0.00000000,0.00000000,0.00000000,0.00523828,0.00000000,0.00000000,0.00000000,0.00118088,0.00000000,0.00000000,0.00000000,0.00000000,0.00000000,0.00000000,0.00000000,0.00000000,0.00000000,0.00000000,0.00339538,0.08487778,0.00137600,0.00000000,0.02952428,0.00000000,0.00000000,0.00000000,0.00000000,0.00000000,0.00000000,0.06746831,0.00000000,0.00461763,0.00717963,0.00000000,0.00000000,0.00000000,0.00000000,0.00000000,0.00000000,0.00000000,0.00000000,0.00000000,0.01057326,0.00000000,0.00000000,0.00000000,0.00000000,0.00000000,0.00000000,0.00000000,0.00000000,0.00000000,0.00078488,0.00000000,0.00000000,0.00000000,0.00000000,0.00000000,0.00000000,0.00000000,0.00000000,0.00000000,0.00000000,0.00000000,0.00000000,0.00000000,0.00000000,0.00000000,0.00000000,0.00000000,0.00634270,0.00000000,0.00000000,0.00000000,0.00000000,0.00000000,0.00000000,0.00000000,0.00000000,0.00000000,0.00000000,0.00000000,0.04215488,0.00000000,0.00000000,0.01094725,0.00000000,0.01022706,0.00000000,0.03359618,0.04978644,0.00000000,0.00000000,0.00000000,0.00000000,0.00474505,0.00426257,0.00000000,0.00000000,0.00000000,0.00000000,0.00000000,0.00000000,0.00000000,0.00000000,0.00000000,0.00000000,0.02228768,0.00000000,0.00000000,0.00000000,0.00000000,0.00000000,0.00000000,0.00000000,0.00000000,0.00000000,0.00000000,0.00000000,0.00000000,0.00677442,0.00000000,0.00417374,0.00205782,0.00000000,0.00000000,0.00000000,0.00000000,0.00000000,0.00000000,0.00000000,0.00365697,0.00000000,0.00000000,0.00000000,0.00000000,0.00000000,0.00000000,0.00000000,0.00000000,0.00000000,0.00879417,0.00000000,0.00000000,0.00000000,0.00000000,0.00000000,0.00382299,0.00000000,0.01615426,0.00000000,0.00000000,0.00000000,0.03283772,0.00091836,0.00000000,0.00000000,0.02639955,0.00000000,0.00000000,0.01923548,0.00000000,0.00000000,0.00000000,0.00000000,0.00000000,0.00000000,0.00000000,0.00000000,0.00000000,0.00000000,0.00179327,0.00546016,0.00000000,0.00000000,0.00000000,0.00000000,0.00339895,0.00000000,0.00000000,0.00000000,0.00000000,0.00000000,0.00000000,0.24892097,0.00000000,0.00000000,0.00000000,0.00000000,0.00000000,0.00000000,0.00000000,0.00000000,0.00000000,0.00000000,0.00000000,0.00000000,0.00000000,0.00000000,0.00264425,0.00000000,0.00000000,0.00000000,0.00000000,0.00132501,0.00000000,0.00000000,0.00000000,0.00000000,0.00000000,0.00000000,0.00000000,0.00000000,0.00000000,0.00000000,0.00000000,0.00000000,0.00514673,0.00000000,0.00000000,0.00000000,0.00000000,0.00000000,0.00000000,0.00000000,0.00000000,0.00000000,0.00000000,0.03128006,0.00000000,0.00000000,0.00000000,0.00000000,0.00000000,0.00000000,0.00000000,0.00000000,0.00000000,0.00000000,0.00000000,0.00000000,0.00000000,0.00000000,0.00000000,0.00000000,0.00103772,0.00000000,0.00000000,0.00000000,0.00576229,0.00000000,0.00000000,0.00000000,0.00000000,0.00000000,0.00000000,0.00000000,0.00000000,0.00000000,0.00000000,0.00000000,0.00199789,0.00000000,0.00000000,0.00000000,0.04166279,0.00000000,0.00000000,0.00000000,0.00393568,0.00000000,0.00000000,0.00000000,0.00621269,0.00000000,0.00000000,0.00000000,0.00276832,0.00000000,0.00000000,0.00377266,0.00000000,0.00000000,0.00000000,0.00000000,0.00000000,0.00000000,0.00000000,0.00000000,0.00000000,0.00000000,0.00000000,0.00000000,0.00000000,0.00000000,0.00000000,0.01633067,0.00000000,0.00000000,0.00000000,0.00000000,0.00000000,0.00000000,0.00000000,0.00000000,0.00000000,0.00000000,0.00000000,0.00000000,0.33349604,0.00000000,0.00568295,0.00000000,0.00000000,0.00000000,0.00000000,0.00000000,0.00000000,0.00000000,0.00000000,0.00000000,0.00000000,0.00000000,0.00000000,0.03858398,0.00000000,0.00000000,0.02128406,0.00000000,0.00000000,0.01261741,0.00000000,0.00000000,0.00000000,0.00000000,0.00000000,0.00000000,0.00000000,0.00000000,0.00000000,0.00000000,0.00000000,0.00338650,0.03175996,0.00312979,0.00000000,0.00000000,0.00000000,0.00000000,0.00000000,0.00000000,0.00000000,0.00000000,0.00000000,0.00000000,0.00892672,0.00000000,0.00000000,0.00000000,0.00000000,0.00000000,0.00000000,0.00000000,0.00000000,0.00000000,0.00000000,0.00000000,0.00000000,0.00000000,0.00000000,0.00000000,0.00000000,0.00000000,0.01272858,0.06164269,0.00000000,0.00000000,0.00000000,0.00000000,0.00000000,0.00000000,0.00000000,0.26849472,0.00000000,0.00182141,0.00000000,0.00000000,0.00000000,0.00000000,0.00000000,0.00000000,0.00000000,0.00000000,0.00000000,0.00000000,0.00000000,0.00000000,0.00000000,0.00000000,0.00000000,0.00000000,0.00000000,0.00000000,0.01836747,0.00000000,0.00000000,0.00000000,0.00000000,0.00000000,0.00000000,0.01857359,0.00000000,0.00000000,0.00000000,0.00000000,0.00000000,0.00478705,0.00000000,0.00000000,0.00000000,0.00000000,0.00000000,0.00000000,0.00000000,0.00000000,0.00000000,0.00000000,0.00000000,0.00000000,0.00000000,0.00000000,0.00000000,0.00000000,0.11948619,0.00000000,0.00000000,0.00000000,0.00000000,0.00000000,0.53295289,0.00000000,0.01229695,0.00000000,0.02355292,0.00095884,0.00000000,0.00000000,0.00000000,0.00000000,0.00000000,0.00000000,0.00000000,0.00000000,0.00000000,0.00000000,0.00000000,0.00000000,0.00794461,0.00000000,0.00000000,0.00000000,0.00000000,0.00000000,0.00000000,0.00000000,0.00000000,0.01016949,0.00000000,0.00000000,0.00000000,0.00000000,0.00000000,0.00000000,0.00000000,0.00000000,0.00000000,0.00000000,0.00000000,0.00000000,0.00000000,0.00000000,0.00000000,0.04983360,0.00000000,0.00000000,0.00000000,0.00000000,0.00000000,0.00000000,0.00000000,0.00000000,0.00000000,0.00000000,0.01203783,0.00000000,0.00000000,0.00000000,0.00000000,0.00000000,0.00000000,0.00000000,0.00000000,0.00000000,0.00000000,0.00000000,0.00000000,0.00000000,0.00000000,0.00000000,0.00000000,0.00000000,0.00000000,0.00000000,0.00000000,0.00000000,0.00000000,0.00000000,0.00000000,0.00000000,0.00000000,0.00000000,0.00000000,0.00984451,0.00000000,0.00000000,0.00000000,0.00000000,0.00000000,0.00000000,0.00000000,0.00000000,0.00000000,0.00000000,0.00000000,0.00000000,0.00000000,0.00000000,0.00000000,0.00000000,0.00000000,0.00000000,0.04782466,0.00000000,0.00000000,0.00102550,0.00121640,0.00000000,0.00000000,0.00000000,0.00000000,0.00000000,0.00000000,0.00000000,0.00000000,0.01288226,0.00000000,0.00000000,0.00000000,0.00000000,0.05811787,0.00000000,0.00000000,0.00000000,0.00000000,0.00249173,0.11092185,0.00000000,0.00000000,0.00000000,0.00000000,0.00000000,0.01688206,0.00000000
0.00000000,0.00464487,0.00000000,0.01930929,0.03251157,0.00339112,0.00000000,0.03151763,0.00000000,0.00000000,0.00000000,0.00000000,0.01705072,0.00000000,0.00000000,0.00000000,0.00000000,0.00000000,0.00000000,0.00000000,0.00000000,0.00000000,0.00000000,0.00000000,0.00000000,0.00000000,0.00000000,0.00000000,0.00068924,0.00000000,0.00000000,0.00000000,0.00000000,0.00000000,0.00000000,0.00000000,0.00149451,0.00000000,0.00000000,0.00000000,0.00000000,0.00000000,0.00000000,0.00000000,0.00000000,0.00000000,0.00000000,0.00000000,0.00000000,0.00000000,0.00076372,0.00000000,0.00056892,0.01957534,0.00000000,0.00000000,0.00000000,0.00000000,0.36267494,0.00000000,0.00000000,0.00000000,0.00000000,0.00000000,0.00000000,0.00000000,0.23113314,0.00000000,0.00000000,0.00000000,0.00000000,0.00000000,0.00000000,0.00000000,0.00000000,0.00000000,0.00496394,0.01140868,0.00000000,0.00000000,0.00000000,0.00000000,0.00000000,0.00000000,0.00000000,0.00000000,1.71872741,0.00000000,0.03656524,0.00000000,0.00000000,0.00000000,0.00000000,0.00000000,0.00000000,0.00000000,0.00000000,0.00757751,0.00000000,0.00000000,0.00000000,0.00000000,0.00000000,0.00000000,0.00000000,0.00000000,0.00000000,0.00000000,0.00000000,0.00000000,0.00000000,0.00000000,0.00000000,0.00000000,0.00000000,0.00000000,0.00000000,0.00000000,0.00000000,0.00617112,0.00000000,0.00000000,0.00000000,0.00000000,0.00000000,0.00000000,0.00000000,0.00000000,0.00000000,0.51286201,0.00000000,0.00000000,0.00000000,0.00000000,0.00000000,0.00000000,0.00000000,0.00000000,3.48208794,0.00000000,0.00000000,0.00000000,0.00000000,0.00384712,0.00000000,0.00000000,0.00000000,0.01931397,0.00000000,0.00359124,0.00119294,0.00000000,0.00000000,0.00000000,0.00000000,0.00000000,0.00000000,0.00000000,0.00000000,0.00000000,0.00000000,0.00000000,0.00000000,0.00000000,0.00000000,0.00000000,0.00000000,0.00000000,0.00000000,0.00000000,0.00000000,0.00000000,0.01115162,0.00000000,0.00000000,0.00000000,0.00000000,0.00000000,0.00000000,0.00000000,0.00000000,0.00000000,0.00000000,0.00000000,0.00000000,0.00000000,0.00000000,0.00567236,0.00732578,0.00000000,0.00000000,0.00000000,1.06018444,0.00000000,0.00000000,0.00000000,0.00000000,0.00000000,0.00000000,0.00000000,0.00000000,0.00000000,0.00000000,0.00000000,0.00000000,0.00000000,0.00132079,0.00000000,0.00000000,0.01800177,0.00000000,0.00000000,0.02607725,0.00000000,0.00000000,0.00000000,0.00000000,0.00000000,0.00000000,0.00579116,0.00000000,0.00000000,0.00000000,0.00000000,0.00000000,0.00000000,0.00000000,0.00000000,0.00000000,0.00000000,0.00000000,0.00588229,0.02708032,0.00000000,0.00000000,0.00000000,0.00000000,0.00000000,0.00000000,0.00000000,0.00000000,0.00000000,0.00093363,0.01673591,0.00554478,0.00000000,0.00000000,0.00000000,0.00000000,0.00000000,0.00000000,0.00000000,0.00000000,0.00000000,0.00000000,0.00000000,0.00480257,0.00000000,0.00000000,0.00000000,0.00000000,0.00000000,0.00000000,0.00000000,0.00000000,0.00000000,0.00000000,0.00000000,0.00000000,0.00000000,0.00000000,0.00000000,0.06012344,0.00000000,0.00000000,0.00000000,0.00000000,0.00000000,0.00000000,0.00000000,0.00000000,0.00000000,0.00000000,0.00000000,0.00147391,0.00000000,0.00398532,0.00000000,0.00000000,0.00000000,0.00000000,0.00000000,0.00000000,0.00000000,0.00000000,0.00000000,0.00000000,0.00000000,0.00508700,0.00000000,0.00000000,0.00000000,0.00000000,0.00000000,0.00000000,0.00000000,0.00000000,0.00231151,0.00000000,0.00000000,0.00000000,0.00000000,0.00000000,0.00000000,0.00624127,0.00906672,0.00000000,0.00000000,0.00000000,0.00000000,0.00303359,0.00000000,0.00000000,0.00000000,0.00000000,0.00000000,0.00000000,0.00000000,0.00000000,0.00000000,0.00000000,0.00000000,0.00000000,0.00000000,0.03659191,0.00000000,0.00000000,0.00000000,0.00189154,0.26194189,0.01622288,0.00000000,0.00198582,0.00000000,0.00000000,0.00000000,0.00000000,0.00000000,0.00000000,0.00000000,0.00000000,0.00000000,0.00000000,0.00000000,0.00000000,0.00000000,0.00000000,0.00000000,0.00000000,0.00000000,0.00000000,0.00000000,0.00000000,0.00000000,0.00000000,0.00000000,0.00000000,0.01089571,0.02375260,0.00000000,0.00000000,0.00840834,0.00000000,0.00000000,0.00000000,0.00000000,0.00000000,0.01608050,0.00000000,0.00000000,0.00000000,0.00000000,0.00000000,0.00000000,0.00000000,0.00344311,0.00000000,0.00000000,0.00000000,0.00000000,0.00000000,0.00000000,0.00000000,0.00710523,0.00000000,0.00000000,0.00000000,0.72079852,0.00000000,0.00000000,0.00000000,0.03315387,0.00000000,0.00000000,0.00000000,0.00000000,0.00000000,0.00000000,0.00000000,0.00000000,0.00000000,0.00000000,0.00000000,0.00000000,0.01333865,0.00000000,0.00000000,0.00000000,0.00000000,0.00000000,0.00000000,0.00000000,0.00000000,0.00000000,0.00000000,0.00000000,0.01370034,0.00000000,0.00000000,0.00000000,0.00000000,0.00000000,0.00134163,0.02063876,0.05764514,0.00000000,0.00000000,0.00000000,0.00000000,0.00000000,0.00000000,0.00000000,0.00000000,0.00000000,0.00000000,0.00000000,0.00000000,0.00000000,0.00000000,0.00000000,0.00000000,0.02506988,0.00000000,0.00000000,0.00000000,0.00000000,0.00000000,0.00000000,0.00000000,0.00000000,0.00808221,0.00000000,0.00000000,0.00000000,0.00000000,0.00000000,0.00000000,0.00000000,0.00000000,0.00000000,0.00000000,0.00000000,0.09357393,0.02053208,0.01003657,0.00000000,0.00000000,0.00000000,0.00000000,0.00000000,0.01432191,0.00000000,0.00000000,0.00000000,0.00000000,0.00497770,0.00000000,0.00000000,0.00000000,0.00000000,0.00000000,0.00000000,0.00000000,0.00000000,0.00000000,0.00000000,0.00000000,0.00000000,0.00000000,0.00115073,0.00000000,0.00000000,0.00000000,0.00000000,0.00000000,0.00000000,0.00000000,0.00000000,0.00000000,0.00000000,0.00000000,0.00000000,0.00000000,0.00000000,0.00000000,0.00000000,0.00000000,0.00000000,0.00000000,0.00000000,0.00000000,0.00000000,0.00000000,0.00000000,0.00000000,0.00000000,0.00000000,0.20575945,0.00122567,0.00000000,0.00000000,0.00000000,0.00000000,0.00000000,0.00000000,0.00000000,0.00832061,0.00000000,0.00000000,0.00000000,0.00674370,0.00000000,0.00000000,0.00000000,0.01784959,0.00000000,0.00000000,0.00000000,0.00000000,0.00000000,0.00123831,0.04373149,0.00000000,0.00000000,0.00000000,0.00000000,0.00000000,0.00142892,0.00000000,0.00000000,0.00000000,0.00000000,0.00000000,0.00000000,0.00000000,0.00000000,0.19908981,0.00000000,0.00000000,0.00000000,0.00000000,0.00000000,0.00000000,0.00000000,0.00000000,0.00000000,0.00000000,0.00000000,0.00000000,0.00000000,0.00314642,0.00000000,0.02405656,0.00588539,0.00000000,0.00000000,0.00000000,0.00000000,0.00000000,0.00000000,0.00000000,0.00000000,0.00000000,0.00000000,0.00000000,0.00000000,0.00000000,0.00461061,0.00675332,0.00000000,0.00000000,0.00000000,0.00000000,0.00000000,0.00000000,0.00000000,0.00000000,0.00000000,0.01435670,0.00000000,0.00000000,0.00153470,0.00000000,0.00000000,0.08303059,0.01496909,0.05195776,0.00000000,0.00826533,0.00000000,0.00000000,0.00000000,0.00000000,0.00000000,0.00000000,0.00000000,0.00000000,0.00000000,0.00000000,0.00000000,0.00000000,0.00000000,0.00000000,0.00000000,0.00000000,0.00000000,0.00000000,0.05013397,0.00000000,0.00000000,0.01525603,0.00000000,0.00000000,0.00000000,0.00000000,0.00668863,0.00000000,0.00000000,0.00000000,0.00421879,0.00000000,0.00000000,0.00000000,0.00000000,0.00000000,0.00000000,0.00000000,0.00000000,0.00000000,0.01254613,0.00000000,0.00000000,0.00000000,0.00000000,0.00000000,0.00000000,0.00000000,0.00000000,0.00000000,0.00000000,0.00000000,0.00000000,0.00000000,0.00000000,0.00000000,0.00000000,0.00000000,0.00000000,0.00000000,0.00000000,0.00000000,0.00000000,0.00000000,0.00000000,0.00000000,0.00000000,0.00000000,0.00000000,0.00000000,0.00000000,0.00000000,0.01528716,0.00000000,0.00000000,0.00000000,0.00078051,0.00000000,0.00270694,0.00000000,0.00000000,0.00000000,0.00000000,0.02610279,0.00000000,0.00000000,0.00000000,0.00000000,0.00000000,0.00000000,0.00000000,0.01595859,0.00000000,0.00000000,0.00000000,0.00166211,0.00000000,0.00000000,0.00000000,0.00000000,0.00000000,0.00000000,0.01793722,0.00000000,0.00000000,0.00000000,0.00000000,0.00000000,0.00000000,0.01211272,0.00000000,0.00000000,0.00000000,0.00000000,0.00000000,0.00000000,0.00000000,0.00000000,0.00000000,0.00000000,0.00000000,0.00000000,0.00000000,0.00000000,0.00000000,0.00000000,0.01358291,0.00000000,0.00000000,0.00000000,0.00000000,0.00000000,0.00287130,0.00000000,0.02189073,0.00000000,0.01092025,0.00000000,0.00000000,0.00000000,0.00000000,0.00081319,0.00000000,0.00000000,0.00000000,0.00000000,0.00000000,0.03589755,0.00000000,0.00000000,0.00000000,0.00000000,0.00000000,0.00000000,0.00000000,0.00000000,0.00000000,0.00000000,0.00000000,0.00000000,0.00000000,0.00000000,0.00000000,0.00000000,0.00000000,0.00000000,0.00525262,0.00000000,0.00000000,0.00000000,0.00000000,0.00000000,0.00000000,0.00000000,0.00000000,0.00000000,0.00000000,0.00000000,0.00654985,0.00000000,0.00000000
0.00235795,0.00000000,0.02136929,0.00000000,0.00000000,0.00519926,0.00000000,0.00000000,0.00000000,0.00000000,0.00000000,0.00000000,0.00000000,0.00000000,0.00000000,0.00000000,0.00000000,0.00000000,0.00394048,0.00000000,0.00000000,0.00086378,0.00496321,0.00000000,0.00000000,0.00000000,0.00000000,0.00338929,0.00000000,0.00000000,0.00000000,0.00000000,0.00000000,0.00000000,0.00222122,0.00000000,0.00000000,0.00000000,0.00000000,0.00000000,0.00000000,0.00000000,0.00000000,0.06233230,0.00000000,0.07025511,0.00000000,0.00000000,0.00000000,0.00000000,0.00000000,0.00000000,0.00000000,0.00000000,0.00000000,0.00000000,0.00000000,0.00000000,0.00000000,0.00000000,0.00000000,0.00000000,0.00000000,0.00000000,0.00000000,0.00000000,0.00000000,0.00000000,0.00000000,0.01116283,0.01279609,0.00000000,0.00000000,0.00000000,0.00924039,0.00000000,0.05297542,0.00000000,0.00000000,0.00000000,0.01512398,0.00000000,0.00000000,0.00000000,0.00000000,0.00000000,0.00000000,0.00306578,0.00000000,0.00000000,0.00000000,0.00000000,0.00000000,0.00000000,1.07624349,0.00000000,0.00000000,0.21824658,0.00000000,0.00000000,0.00000000,0.00000000,0.00000000,0.00000000,0.00000000,0.00240689,0.00000000,0.00000000,0.00000000,0.00000000,0.00000000,0.00000000,0.00000000,0.00000000,0.00000000,0.00000000,0.00000000,0.00000000,0.00000000,0.00000000,0.00642655,0.00000000,0.00000000,0.00357717,0.00000000,0.00000000,0.00000000,0.00355118,0.00241774,0.00000000,0.00805565,0.00000000,0.00000000,0.00134128,0.00000000,0.00000000,0.00000000,0.00000000,0.00000000,0.00494550,0.00000000,0.00000000,0.00000000,0.00000000,0.00000000,0.00000000,0.00000000,0.00211679,0.00000000,0.00000000,0.00000000,0.00000000,0.00000000,0.00000000,0.00000000,0.00000000,0.00000000,0.00000000,0.00000000,0.00000000,0.00000000,2.79590691,0.00000000,0.00000000,0.00000000,0.00000000,0.00000000,0.00000000,0.00000000,0.00000000,0.00225749,0.00000000,0.00000000,0.00000000,0.00000000,0.00000000,0.00000000,0.00000000,0.00000000,0.00000000,0.00000000,0.02196186,0.00000000,0.00000000,0.00000000,0.00000000,0.00000000,0.00000000,0.00000000,0.00000000,0.00000000,0.00000000,0.00000000,0.00000000,0.00000000,0.00000000,0.00000000,0.00000000,0.06596808,0.00000000,0.00000000,0.04652471,0.00000000,0.00000000,0.00000000,0.00000000,0.00000000,0.00000000,0.00000000,0.00055952,0.00000000,0.00596906,0.00000000,0.00000000,0.00000000,0.00000000,0.00000000,0.00000000,0.00000000,0.00000000,0.00000000,0.00878244,0.00000000,0.00000000,0.00000000,0.00000000,0.00000000,0.00000000,0.00000000,0.00000000,0.00000000,0.45952201,0.00000000,0.00000000,0.00000000,0.00000000,0.00000000,0.00000000,0.00000000,0.00000000,0.00000000,0.00000000,0.00000000,0.41071506,0.00000000,0.00000000,0.00000000,0.00000000,0.00000000,0.01206425,0.00000000,0.00000000,0.00000000,0.00000000,0.00000000,0.00787115,0.00000000,0.00000000,0.00000000,0.00417530,0.00450559,0.00000000,0.00000000,0.00000000,0.00000000,0.00000000,0.00000000,0.00000000,0.00000000,0.00000000,0.00000000,0.00000000,0.00000000,0.00000000,0.00000000,0.00000000,0.00000000,0.00000000,0.00000000,0.00000000,0.00527853,0.00000000,0.00000000,0.00000000,0.00000000,0.00000000,0.00000000,0.00000000,1.75626225,0.00000000,0.00000000,0.00000000,0.00000000,0.00000000,0.00000000,0.00000000,0.00000000,0.00000000,0.00426125,0.00000000,0.00000000,0.00000000,0.00000000,0.00000000,0.00000000,0.00000000,0.00000000,0.00000000,0.00000000,0.00000000,0.00000000,0.00000000,0.00000000,0.00568193,0.00000000,0.00000000,0.00000000,0.00000000,0.00320151,0.00000000,0.00000000,0.00000000,0.00000000,0.00000000,0.00000000,0.00000000,0.00000000,0.00000000,0.00000000,0.00000000,0.00000000,0.00000000,0.00000000,0.01247315,0.00000000,0.00514403,0.00000000,0.00000000,0.00000000,0.00000000,0.00000000,0.00249863,0.00000000,0.00000000,0.00000000,0.00000000,0.00966368,0.00000000,0.00000000,0.00000000,0.00000000,0.00000000,0.00000000,0.00000000,0.00000000,0.01729512,0.01371656,0.00000000,0.00389649,0.00000000,0.01027258,0.00307411,0.00000000,0.00000000,0.00000000,0.00000000,0.00000000,0.00000000,0.00000000,0.02189776,0.00367322,0.00000000,0.00000000,0.02190184,0.00000000,0.00000000,0.00000000,0.00000000,0.00000000,0.00000000,0.00000000,0.00000000,0.00000000,0.00000000,0.00000000,0.00222599,0.00000000,0.00000000,0.00000000,0.00000000,0.00000000,0.00000000,0.00000000,0.00909861,0.00000000,0.00000000,0.00815239,0.00000000,0.00000000,0.00000000,0.00000000,0.00468755,0.00000000,0.00000000,0.00000000,0.00000000,0.01059716,0.00000000,0.00000000,0.00000000,0.00000000,0.00000000,0.00000000,0.00000000,0.00000000,0.00000000,0.09742406,0.00991531,0.00000000,0.00000000,0.00000000,0.00000000,0.00000000,0.00000000,0.00000000,0.00000000,0.00000000,0.00000000,0.00000000,0.00000000,0.00000000,0.00000000,0.00000000,0.01304458,0.00000000,0.00000000,0.00000000,0.00000000,0.00000000,0.00000000,0.03904371,0.00000000,0.00000000,0.00000000,0.00000000,0.00000000,0.00000000,0.01486380,0.00000000,0.00146033,0.00000000,0.00000000,0.00000000,0.00000000,0.00000000,0.02273507,0.00000000,0.00000000,0.00000000,0.00000000,0.00000000,0.00088358,0.00000000,0.00000000,0.00000000,0.00000000,0.00000000,0.00000000,0.37268364,0.00000000,0.00000000,0.00000000,0.00000000,0.00000000,0.00000000,0.00000000,0.00000000,0.00000000,0.00000000,0.00000000,0.00000000,0.00000000,0.00000000,0.00000000,0.00000000,0.00000000,0.00000000,0.00000000,0.00000000,0.00000000,0.00000000,0.00000000,0.00000000,0.00000000,0.00000000,0.00000000,0.00000000,0.00000000,0.00000000,0.00000000,0.00000000,0.00000000,0.00000000,0.00000000,0.00000000,0.00000000,0.00000000,0.00000000,0.00000000,0.00000000,0.00000000,0.00000000,0.00000000,0.00753915,0.00000000,0.00000000,0.00000000,0.00000000,0.00000000,0.00000000,0.00000000,0.00000000,0.00376882,0.00000000,0.00000000,0.00000000,0.00000000,0.00000000,0.00000000,0.00000000,0.00265835,0.00000000,0.00000000,0.00000000,0.00000000,0.00516983,0.03563498,0.00000000,0.00000000,0.00000000,0.00000000,0.00000000,0.00000000,0.03598738,0.00000000,0.00000000,0.00000000,0.00000000,0.00409796,0.00000000,0.00000000,0.00000000,0.00000000,0.02153365,0.00000000,0.00000000,0.00000000,0.00000000,0.00000000,0.00000000,0.00000000,0.00000000,0.00000000,0.01821887,0.00000000,0.00000000,0.00000000,0.00000000,0.00000000,0.00000000,0.00000000,0.00000000,0.00000000,0.00000000,0.00000000,0.09928631,0.00000000,0.00000000,0.00000000,0.00000000,0.00000000,0.00000000,0.01263812,0.00000000,0.00000000,0.00000000,0.00000000,0.00000000,0.00000000,0.12954460,0.00000000,0.00000000,0.00000000,0.00000000,0.00000000,0.00000000,0.00000000,0.00000000,0.00000000,0.00000000,0.00000000,0.00000000,0.00000000,0.00000000,0.00000000,0.00000000,0.00000000,0.00000000,0.00000000,0.00000000,0.00000000,0.01044402,0.00000000,0.00076916,0.00000000,0.00000000,0.00000000,0.00000000,0.00000000,0.00000000,0.00000000,0.00000000,0.00000000,0.00000000,0.00000000,0.00000000,0.00000000,0.00000000,0.00000000,0.00000000,0.01291914,0.00000000,0.00000000,0.00000000,0.00000000,0.00886229,0.00000000,0.06684908,0.00000000,0.00000000,0.00000000,0.00000000,0.00000000,0.38243433,0.01911766,0.00000000,0.00290995,0.00000000,0.00000000,0.00000000,0.00000000,0.00000000,0.00000000,0.00000000,0.00000000,0.00000000,0.03746416,0.00000000,0.00000000,0.00000000,0.00000000,0.00000000,0.00000000,0.00000000,0.07600776,0.00000000,0.00000000,0.00000000,0.00000000,0.00000000,0.00000000,0.00000000,0.00000000,0.00000000,0.00000000,0.00000000,0.00000000,0.00000000,0.00000000,0.02688637,0.00000000,0.00000000,0.00000000,0.00000000,0.00000000,0.01428177,0.02872904,0.00000000,0.01335488,0.00000000,0.00064710,0.05101201,0.00000000,0.00000000,0.00000000,0.00000000,0.00000000,0.00000000,0.09282824,0.00000000,0.00000000,0.00000000,0.00000000,0.00000000,0.00000000,0.00000000,0.00000000,0.00000000,0.00000000,0.00000000,0.00000000,0.00000000,0.00000000,0.00000000,0.00000000,0.00000000,0.00000000,0.00000000,0.00000000,0.00000000,0.00000000,0.00000000,0.00565996,0.00000000,0.00000000,0.02320238,0.00000000,0.00000000,0.00000000,0.00000000,0.00000000,0.00000000,0.03367417,0.00000000,0.00000000,0.00000000,0.00000000,0.00000000,0.00000000,0.00000000,0.00311582,0.00000000,0.00000000,0.00000000,0.00000000,0.00000000,0.00000000,0.00000000,0.00000000,0.00073795,0.00000000,0.00000000,0.00000000,0.00000000,0.00000000,0.00000000,0.00000000,0.00000000,0.00000000,0.00000000,0.00402368,0.00202074,0.00000000,0.00000000,0.00000000,0.00000000,0.00000000,0.00258113,0.00000000,0.00000000,0.00070697,0.00000000,0.00000000,0.00000000,0.00000000,0.00000000,0.00000000,0.00000000,0.00000000,0.00000000,0.00000000,0.03848228,0.00000000,0.00000000,0.01182089,0.00000000,0.56015625,0.00000000,0.00000000,0.00000000,0.00137359,0.00000000,0.00000000,0.00000000,0.00000000,0.00000000,0.00000000,0.00000000,0.00000000,0.00000000
0.00000000,0.00000000,0.00000000,0.00000000,0.54961992,0.00000000,0.00000000,0.01689813,0.00000000,0.00000000,0.00000000,0.00000000,0.00000000,0.05340294,0.00000000,0.01207558,0.00000000,0.00000000,0.00000000,0.00000000,0.00000000,0.00000000,0.00000000,0.44876991,0.00000000,0.00000000,0.00000000,0.00000000,0.00000000,0.07813362,0.00000000,0.00000000,0.00000000,0.00000000,0.00107219,0.00000000,0.00000000,0.00000000,0.00000000,0.00000000,0.00000000,0.00000000,0.00000000,0.00000000,0.00000000,0.00000000,0.00000000,0.00000000,0.00000000,0.00000000,0.00000000,0.00000000,0.00000000,0.00000000,0.00000000,0.00000000,0.00000000,0.02065399,0.00000000,0.00000000,0.00000000,0.00000000,0.00000000,0.00938432,0.00000000,0.04524245,0.00000000,0.00000000,0.00000000,0.00000000,0.00000000,0.00000000,0.00000000,0.00000000,0.00285969,0.00000000,0.00906495,0.00000000,0.00000000,0.00000000,0.00000000,0.00000000,0.00000000,0.00000000,0.00000000,0.00000000,0.00000000,0.00000000,0.00000000,0.07538201,0.00000000,0.00000000,0.00000000,0.04074949,0.00000000,0.00000000,0.00000000,0.00000000,0.00000000,0.00000000,0.06673287,0.00000000,0.00000000,0.00000000,0.00000000,0.00189945,0.00000000,0.00000000,0.00000000,0.00000000,0.00000000,0.00063471,0.00000000,0.00000000,0.00000000,0.00000000,0.00069567,0.00318303,0.00000000,0.00000000,0.00000000,0.00000000,0.04069915,0.00000000,0.00000000,0.02252566,0.00000000,0.00000000,0.00000000,0.00000000,0.00000000,0.00000000,0.00000000,0.00392929,0.00000000,0.00000000,0.00000000,0.00000000,0.00000000,0.00000000,0.00000000,0.00000000,0.00000000,0.00000000,0.00000000,0.00000000,0.00435842,0.00000000,0.00000000,0.00000000,0.00000000,0.00000000,0.00000000,0.00000000,0.00000000,0.00000000,0.00000000,0.00000000,0.00000000,0.00000000,0.00000000,0.00000000,0.00000000,0.00000000,0.00000000,0.00594568,0.00000000,0.00000000,0.00000000,0.00000000,0.00000000,0.00000000,0.00000000,0.00000000,0.05025316,0.00835955,0.00000000,0.00000000,0.00435996,0.00000000,0.00000000,0.00000000,0.00000000,0.00000000,0.00000000,0.00000000,0.00000000,0.00000000,0.00000000,0.00143063,0.00000000,0.00000000,0.00000000,0.01749704,0.00000000,0.00000000,1.14860451,0.00000000,0.00000000,0.00000000,0.00000000,0.00000000,0.01265290,0.00000000,0.00778284,0.00000000,0.00000000,0.00000000,0.00000000,0.00000000,0.00000000,0.00000000,0.00000000,0.10429258,0.00000000,0.00958973,0.00000000,0.00000000,0.00000000,0.00000000,0.00000000,0.00000000,0.00000000,0.00000000,0.00000000,0.00000000,0.00000000,0.00000000,0.00000000,0.00000000,0.00000000,0.00000000,0.00000000,0.02934746,0.00000000,0.00000000,0.00000000,0.06106002,0.00000000,0.00000000,0.00000000,0.00000000,0.00000000,0.00000000,0.00000000,0.00000000,0.00000000,0.00000000,0.00000000,0.00000000,0.00000000,0.00000000,0.00000000,0.00000000,0.00000000,0.00000000,0.00000000,0.00000000,0.00000000,0.00000000,0.00000000,0.00000000,0.00000000,0.00000000,0.00000000,0.00000000,0.00000000,0.00000000,0.00000000,0.00000000,0.00000000,0.00000000,0.00000000,0.00000000,0.01057568,0.00000000,0.01127025,0.00000000,0.00000000,0.00000000,0.01482880,0.01880157,0.00000000,0.00000000,0.00541202,0.00000000,0.00000000,0.01334986,0.00000000,0.01811390,0.00000000,0.00000000,0.00000000,0.00989371,0.00000000,0.00000000,0.00000000,0.00000000,0.00599053,0.00000000,0.00000000,0.02915707,0.00000000,0.00000000,0.00000000,0.00000000,0.00000000,0.00000000,0.00000000,0.00000000,0.00000000,0.00000000,0.00000000,0.00000000,0.00000000,0.00000000,0.00000000,0.00000000,0.00000000,0.00000000,0.00318830,0.00147611,0.00000000,0.00000000,0.00000000,0.00000000,0.00000000,0.00000000,0.00185285,0.00000000,0.00000000,0.00000000,0.00000000,0.00000000,0.69277442,0.00000000,0.00000000,0.00000000,0.00000000,0.00000000,0.00000000,0.00000000,0.00000000,0.00000000,0.00000000,0.00000000,0.00000000,0.01261050,0.00000000,0.00000000,0.00000000,0.00000000,0.05339878,0.00000000,0.00000000,0.00000000,0.00000000,0.00000000,0.00000000,0.00000000,0.00409228,0.00000000,0.00000000,0.00000000,0.00000000,0.03263766,0.00000000,0.00000000,0.00265281,0.00000000,0.00000000,0.00000000,0.00000000,0.00000000,0.13950371,0.00000000,0.00726684,0.00000000,0.00424919,0.00000000,0.00000000,0.00000000,0.00000000,0.00000000,0.00000000,0.00000000,0.00000000,0.00000000,0.00000000,0.00000000,0.00000000,0.00000000,0.00000000,0.00000000,0.00505380,0.00446421,0.00000000,0.00000000,0.00000000,0.00000000,0.00000000,0.00000000,0.00000000,0.00000000,0.00087491,0.00000000,0.00000000,0.00000000,0.00000000,0.00000000,0.00000000,0.00000000,0.00000000,0.00000000,0.00000000,0.00000000,0.00000000,0.00000000,0.00000000,0.00000000,0.00000000,0.00000000,0.00000000,0.00000000,0.00000000,0.01461559,0.00000000,0.00000000,0.00000000,0.00000000,0.00000000,0.00000000,0.00000000,0.00000000,0.00000000,0.00000000,0.00000000,0.00000000,0.00000000,0.00000000,0.00000000,0.00000000,0.00000000,0.00000000,0.00000000,0.00000000,0.00000000,0.00000000,0.00000000,1.76806638,0.00000000,0.00000000,0.04043011,0.00000000,0.00000000,0.00180361,0.00000000,0.00000000,0.00000000,0.01236008,0.02009071,0.00000000,0.00000000,0.00000000,0.00000000,0.00000000,0.00153360,0.00000000,0.00000000,0.00000000,0.00000000,0.00000000,0.00000000,0.00392069,0.00000000,0.00000000,0.00000000,0.00000000,0.00000000,0.00117030,0.00000000,0.00000000,0.00000000,0.10342234,0.00000000,0.00000000,0.00000000,0.00000000,0.00000000,0.03910835,0.00000000,0.00000000,0.00000000,0.00000000,0.00000000,0.00000000,0.00000000,0.00230120,0.00000000,0.00000000,0.00000000,0.00000000,0.00177122,0.00000000,0.00000000,0.00000000,0.00000000,0.00000000,0.00000000,0.00000000,0.00000000,0.00000000,0.00000000,0.00000000,0.00000000,0.00000000,0.00000000,0.00000000,0.00000000,0.00000000,0.00458078,0.00000000,0.00000000,0.00000000,0.00000000,0.00000000,0.00000000,0.00000000,0.00000000,0.00000000,0.00000000,0.00000000,0.00000000,0.00000000,0.00000000,0.23128891,0.00000000,0.00000000,0.00000000,0.00000000,0.00000000,0.00000000,0.00000000,0.00000000,0.72786866,0.00000000,0.00000000,0.00000000,0.00000000,0.07320896,0.00179595,0.00000000,0.00000000,0.00000000,0.00000000,0.00000000,0.00000000,0.00000000,0.00000000,0.00000000,0.00000000,0.00000000,0.00000000,0.00000000,0.00000000,0.00000000,0.00000000,0.00000000,0.00000000,0.00000000,0.00000000,0.00000000,0.00000000,0.00000000,0.00000000,0.00000000,0.00000000,0.00125472,0.00000000,0.00101838,0.00000000,0.00000000,0.00000000,0.00000000,0.00000000,0.00000000,0.00000000,0.00000000,0.01323396,0.00000000,0.00000000,0.00000000,0.05067419,0.00000000,0.00000000,0.00000000,0.00000000,0.00000000,0.00000000,0.00000000,0.00000000,0.00000000,0.00000000,0.00000000,0.00000000,0.00000000,0.00000000,0.00000000,0.00000000,0.00000000,0.00000000,0.00000000,0.00000000,0.00000000,0.00000000,0.00000000,0.92768986,0.00000000,0.00000000,0.00000000,0.00000000,0.00000000,0.02034194,0.00000000,0.00000000,0.00000000,0.00000000,0.00000000,0.00000000,0.06066523,0.00000000,0.00000000,0.00000000,0.00556661,0.00000000,0.00000000,0.00000000,0.00000000,0.00000000,0.00000000,0.00000000,0.08255124,0.00000000,0.00000000,0.00000000,0.00000000,0.02548643,0.00000000,0.00000000,0.00000000,0.00000000,0.00142098,0.00000000,0.00000000,0.00000000,0.00000000,0.00240297,0.00000000,0.00248445,0.00000000,0.00000000,0.00000000,0.00000000,0.00000000,0.00712266,0.01474729,0.00000000,0.00000000,0.00000000,0.00000000,0.00000000,0.00000000,0.00000000,0.00000000,0.01004600,0.00199165,0.00000000,0.00000000,0.00000000,0.00000000,0.00000000,0.00000000,0.00000000,0.00000000,0.00000000,0.00000000,0.54972175,0.00000000,0.00000000,0.00000000,0.00000000,0.00000000,0.00000000,0.00000000,0.00000000,0.00000000,0.00000000,0.00000000,0.00000000,0.00000000,0.00000000,0.00000000,0.01103906,0.00000000,0.00000000,0.00000000,0.00000000,0.00000000,0.00000000,0.00000000,0.00000000,0.00000000,0.00000000,0.00000000,0.15731993,0.00000000,0.00000000,0.00000000,0.00000000,0.00000000,0.00000000,0.00000000,0.00000000,0.00445741,0.00000000,0.01339755,0.10074368,0.00000000,0.00000000,0.00000000,0.00000000,0.00000000,0.00000000,0.00000000,0.00000000,0.00000000,0.00541693,0.08295257,0.00000000,0.00000000,0.00000000,0.03551641,0.00000000,0.00000000,0.00000000,0.01341197,0.00000000,0.00795235,0.00000000,0.00000000,0.00000000,0.00000000,0.00000000,0.00000000,0.00000000,0.00000000,0.00000000,0.00000000,0.00000000,0.00000000,0.00000000,0.00000000,0.00081683,0.00707367,0.00000000,0.00000000,0.00000000,0.00000000,0.00000000,0.00918124,0.00000000,0.00000000,0.00000000,0.00000000,0.00000000,0.00000000,0.02539017,0.00000000,0.00000000,0.00000000,0.00928300,0.00000000,0.00000000,0.00000000,0.00000000,0.00000000,0.00000000,0.00000000,0.00000000,0.00000000,0.00000000,0.00000000,0.00000000,0.00000000,0.00143248,0.00000000,0.00424790,0.00000000,0.00000000,0.00000000
0.00000000,0.00000000,0.00000000,0.00000000,0.00000000,0.00000000,0.00000000,0.00000000,0.00000000,0.00000000,0.00000000,0.00000000,0.00000000,0.00000000,0.00000000,0.00000000,0.00000000,0.00000000,0.00000000,0.00000000,0.00000000,0.01195355,0.00000000,0.00000000,0.00000000,0.00000000,0.00000000,0.00000000,0.00000000,0.00000000,0.00000000,0.00000000,0.00000000,0.00000000,0.00000000,0.00000000,0.00000000,0.00000000,0.00000000,0.00000000,0.00000000,0.00000000,0.00000000,0.00000000,0.00000000,0.00239297,0.00000000,0.00102015,0.00000000,0.00000000,0.00000000,0.00000000,0.00000000,0.00000000,0.01274148,0.00000000,0.00000000,0.00000000,0.00000000,0.00000000,0.00000000,0.00000000,0.08130728,0.00235068,0.29057144,0.00000000,0.00000000,0.00000000,0.85076414,0.00000000,0.01183623,0.00000000,0.00000000,0.00000000,0.00000000,0.00000000,0.00000000,0.00000000,0.00000000,0.00000000,0.05754177,0.00000000,0.00000000,0.00000000,0.00875227,0.00000000,0.00000000,0.00000000,0.00000000,0.00000000,0.00000000,0.00000000,0.00000000,0.00000000,0.00440707,0.00000000,0.00000000,0.00000000,0.00000000,0.00000000,0.00000000,0.00000000,0.00000000,0.00000000,0.00000000,0.00285117,0.00000000,0.00000000,0.00000000,0.00000000,0.00000000,0.00000000,0.00000000,0.00000000,0.00000000,0.00000000,0.00000000,0.00000000,0.00000000,0.00000000,0.01257810,0.25444745,0.00838980,0.00000000,0.00000000,0.00000000,0.01480975,0.02126176,0.00000000,0.03615397,0.00000000,0.00000000,0.00000000,0.00000000,0.00000000,0.00000000,0.00000000,0.01184574,0.00000000,0.00000000,0.10099889,0.00000000,0.00000000,0.00000000,0.00000000,0.00000000,0.00000000,0.00000000,0.02368479,0.00000000,0.00000000,0.00000000,0.00000000,0.00000000,0.00000000,0.00000000,0.00000000,0.00000000,0.00000000,0.00000000,0.00000000,0.00000000,0.00000000,0.00000000,0.00000000,0.00000000,0.47426046,0.00000000,0.00000000,0.00592078,0.00000000,0.00000000,0.00000000,0.00000000,0.02374891,0.00000000,0.00000000,0.00000000,0.12789620,0.00000000,0.00571056,0.00000000,0.00000000,0.00000000,0.00000000,0.00000000,0.00000000,0.00000000,0.00000000,0.00000000,0.00000000,0.00000000,0.00000000,0.00000000,0.00000000,0.00000000,0.00000000,0.00000000,0.00000000,0.00000000,0.00000000,0.00000000,0.00364718,0.00000000,0.00000000,0.00000000,0.00000000,0.00000000,0.00000000,0.04472149,0.00000000,0.00000000,0.00000000,0.00390049,0.00000000,0.00000000,0.00000000,0.00000000,0.00000000,0.00000000,0.00000000,0.04142183,0.00000000,0.00000000,0.00316148,0.00000000,0.00000000,0.00000000,0.00000000,0.00000000,0.00301908,0.00000000,0.00000000,0.00000000,0.00000000,0.00000000,0.00000000,0.00000000,0.00000000,0.00000000,0.00000000,0.00000000,0.00000000,0.00000000,0.00000000,0.00000000,0.00000000,0.00000000,0.00000000,0.00000000,0.00000000,0.00000000,0.00000000,0.00000000,0.00000000,0.00000000,0.00051805,0.00000000,0.00000000,0.00000000,0.00000000,0.00000000,0.17243096,0.00000000,0.00000000,0.00000000,0.00000000,0.00000000,0.00413532,0.00000000,0.00000000,0.00000000,0.00000000,0.00000000,0.05231385,0.00000000,0.00000000,0.00000000,0.00000000,0.00000000,0.00000000,0.00000000,0.00000000,0.00000000,0.00000000,0.00000000,0.01820536,0.02363176,0.00000000,0.00000000,0.00000000,0.00252988,0.00000000,0.00000000,0.00000000,0.00000000,0.00000000,0.01951188,0.00000000,0.00000000,0.00229778,0.00000000,0.00000000,0.02356067,0.00000000,0.00000000,0.00000000,0.00000000,0.00000000,0.00000000,0.00000000,0.00000000,0.00000000,0.00000000,0.00000000,0.00000000,0.00000000,0.00000000,0.00844228,0.00000000,0.00000000,0.00000000,0.00000000,0.00808589,0.00000000,0.00000000,0.00000000,0.01514160,0.00000000,0.00000000,0.00000000,0.00000000,0.00000000,0.00000000,0.00000000,0.00000000,0.00000000,0.00000000,0.00540363,0.00000000,0.00000000,0.00000000,0.02323240,0.01707364,0.00093566,0.00000000,0.00000000,0.00000000,0.00000000,0.00000000,0.00000000,0.00000000,0.00000000,0.00000000,0.02759182,0.00000000,0.00000000,0.00000000,0.00069804,0.00000000,0.02662795,0.00000000,0.00000000,0.00000000,0.05618224,0.00000000,0.00000000,0.00000000,0.00753083,0.00000000,0.00000000,0.00000000,0.00000000,1.79210754,0.00000000,0.00000000,0.00000000,0.00000000,0.00000000,0.00000000,0.03441130,0.00000000,0.00000000,0.00000000,0.00000000,0.00000000,0.00000000,0.00000000,0.00000000,0.00000000,0.00344060,0.00000000,0.00000000,0.00000000,0.00000000,0.00000000,0.00000000,0.00000000,0.01107688,0.00000000,0.00000000,0.00000000,0.00000000,0.00000000,0.00000000,0.00000000,0.00000000,0.00000000,0.00000000,0.00000000,0.00000000,0.00000000,0.00000000,0.00000000,0.00000000,0.00000000,0.00000000,0.00000000,0.00000000,0.04526132,0.00000000,0.00000000,0.00000000,0.00000000,0.00000000,0.00000000,0.00000000,0.00000000,0.00000000,0.00160096,0.00000000,0.12982416,0.00000000,0.01749624,0.00408347,0.00000000,0.00000000,0.00479703,0.00000000,0.00000000,0.00000000,0.00000000,0.00000000,0.00000000,0.00503186,0.00000000,0.00000000,0.00000000,0.00000000,0.00000000,0.00000000,0.00000000,0.00000000,0.00000000,0.01046342,0.00000000,0.00000000,0.00000000,0.00000000,0.00000000,0.00000000,0.00000000,0.00000000,0.00000000,0.00000000,0.00000000,0.00557741,0.01032351,0.00000000,0.00000000,0.00000000,0.00000000,0.00000000,0.00000000,0.00115333,0.00000000,0.00000000,0.00000000,0.00000000,0.00000000,0.00000000,0.00000000,0.00000000,0.00142449,0.00000000,0.00000000,0.00000000,0.00000000,0.00000000,0.00000000,0.00000000,0.00000000,0.00000000,0.00000000,1.72053355,0.00000000,0.00000000,0.00000000,0.00000000,0.00000000,0.00000000,0.00548381,0.00000000,0.00000000,0.00000000,0.00000000,0.00000000,0.00000000,0.00000000,0.00000000,0.00000000,0.00000000,0.00382091,0.00000000,0.00000000,0.00000000,0.00504596,0.00000000,0.00000000,0.00000000,0.00000000,0.00000000,0.01394592,0.00000000,0.00000000,0.00000000,0.00000000,0.00000000,0.00000000,0.00000000,0.00000000,0.00000000,0.00000000,0.00000000,0.00000000,0.00000000,0.00000000,0.00000000,0.00462117,0.00000000,0.00000000,0.00000000,0.00339637,0.01002420,0.00111752,0.00000000,0.01497312,0.00000000,0.00000000,0.00000000,0.00000000,0.00000000,0.00000000,0.00000000,0.00000000,0.00000000,0.00000000,0.00000000,0.00000000,0.00000000,0.00000000,0.00000000,0.00935241,0.00000000,0.00000000,0.00000000,0.00000000,0.00000000,0.00000000,0.00000000,0.00000000,0.00000000,0.00000000,0.00000000,0.00000000,0.01530154,0.00000000,0.00000000,0.00000000,0.02506154,0.00000000,0.00000000,0.00309701,0.00000000,0.00000000,0.00000000,0.00000000,0.00000000,0.00000000,0.00000000,0.00000000,0.00000000,0.00000000,0.00000000,0.00000000,0.00000000,0.00000000,0.00000000,0.00000000,0.00000000,0.00000000,0.00000000,0.00217438,0.00000000,0.00000000,0.02347475,0.00000000,0.00000000,0.00000000,0.00000000,0.00000000,0.00000000,0.00000000,0.00000000,0.00000000,0.00404784,0.00000000,0.00000000,0.00000000,0.00000000,0.00000000,0.00000000,0.00000000,0.00000000,0.00000000,0.00000000,0.00000000,0.00275757,0.00000000,0.00176408,0.00000000,0.00000000,0.00000000,0.00000000,0.00000000,0.00000000,0.00000000,0.00000000,0.00000000,0.00000000,0.00000000,0.00000000,0.00000000,0.00000000,0.00000000,0.00000000,0.00000000,0.00000000,0.00000000,0.00000000,0.00000000,0.00000000,0.00000000,0.00000000,0.00000000,0.00000000,0.00000000,0.00000000,0.00000000,0.00000000,0.00000000,0.02646794,0.00000000,0.00000000,0.00000000,0.00000000,0.00000000,0.00000000,0.00000000,0.00236366,0.02107988,0.25591846,0.00000000,0.00000000,0.00000000,0.00000000,0.00000000,0.00000000,0.00000000,0.00000000,0.01493461,0.00000000,0.00000000,0.01487223,0.00000000,0.00285868,0.00000000,0.00000000,0.00000000,0.00000000,0.00000000,0.06989905,0.00000000,0.00000000,0.00000000,0.00125441,0.96792214,0.00000000,0.00000000,0.00000000,0.00000000,0.00443453,0.00000000,0.00000000,0.00000000,0.00000000,0.00000000,0.00000000,0.00000000,0.00000000,0.00000000,0.00000000,0.00000000,0.00000000,0.00000000,0.00000000,0.00000000,0.00000000,0.00000000,0.00000000,0.00000000,0.00000000,0.00000000,0.00000000,0.00000000,0.00000000,0.00000000,0.00000000,0.00000000,0.00000000,0.00000000,0.00000000,0.00154814,0.00000000,0.00000000,0.00000000,0.00000000,0.00000000,0.00000000,0.00547274,0.00000000,0.01733262,0.00000000,0.00000000,0.00000000,0.00000000,0.00000000,0.00000000,0.00000000,0.03046713,0.00400566,0.00000000,0.00000000,0.00000000,0.00000000,0.00492831,0.00000000,0.00000000,0.00000000,0.00000000,0.00000000,0.00000000,0.00000000,0.00000000,0.00000000,0.00000000,0.00000000,0.00884686,0.00000000,0.00000000,0.00000000,0.00000000,0.00000000,0.00000000,0.00000000,0.00000000,0.00000000,0.10994480,0.00000000,0.00000000,0.02135075,0.00000000,0.00000000,0.00000000,0.00000000,0.01440806,0.00000000,0.00000000,0.00000000,0.00000000,0.00000000,0.00000000,0.00789181,0.00000000,0.00000000,0.00000000,0.00000000,0.34722708,0.00000000,0.13992363
0.00000000,0.00000000,0.00000000,0.01898655,0.00000000,0.00000000,0.00000000,0.00000000,0.00000000,0.00000000,0.00000000,0.00000000,0.00000000,0.00000000,0.00528409,0.00000000,0.00000000,0.00000000,0.00000000,0.00000000,0.00000000,0.00000000,0.00871890,0.47670028,0.00240434,0.00000000,0.00000000,0.00000000,0.00000000,0.00000000,0.00000000,0.00000000,0.00000000,0.00000000,0.00000000,0.00000000,0.00786113,0.00000000,0.06784861,0.00000000,0.00000000,0.00000000,0.00000000,0.00000000,0.00000000,0.17225113,0.00000000,0.00000000,0.00000000,0.00000000,0.00000000,0.00000000,0.00000000,0.00000000,0.00000000,0.00284953,0.00000000,0.00000000,0.00000000,0.04757412,0.00000000,0.00000000,0.00000000,0.00000000,0.00000000,0.00000000,0.00000000,0.00000000,0.14179490,0.00000000,0.00000000,0.00000000,0.00000000,0.00000000,0.00000000,0.00000000,0.00000000,0.00000000,0.04373355,0.00000000,0.00000000,0.00000000,0.00000000,0.00054148,0.00000000,0.00000000,0.00000000,0.00000000,0.00000000,0.00000000,0.00000000,0.00000000,0.00000000,0.00000000,0.00000000,0.00000000,0.00000000,0.00000000,0.00000000,0.00000000,0.00000000,0.00000000,0.00000000,0.00000000,0.00288499,0.00000000,0.00000000,0.01561188,0.00000000,0.00000000,0.00000000,0.00000000,0.00000000,0.00154193,0.00000000,0.04254779,0.00000000,0.00000000,0.00000000,0.00000000,0.00000000,0.00000000,0.00000000,0.00000000,0.00000000,0.00000000,0.00000000,0.00000000,0.00000000,0.00000000,0.00000000,0.00000000,0.00000000,0.00000000,0.00000000,0.00000000,0.00000000,0.00000000,0.00000000,0.00000000,0.00000000,0.00000000,0.00000000,0.00000000,0.00000000,0.00000000,0.00000000,0.00000000,0.00000000,0.00000000,0.00000000,0.00000000,0.00000000,0.00000000,0.00230440,0.00000000,0.00000000,0.00000000,0.00000000,0.03738727,0.00000000,0.00000000,0.00000000,0.00000000,0.00000000,0.00000000,0.00000000,0.01619725,0.01128446,0.00000000,0.00000000,0.00000000,0.00000000,0.00000000,0.00000000,0.32042971,0.00000000,0.00000000,0.00000000,0.00000000,0.00000000,0.00000000,0.00263692,0.00000000,0.00000000,0.00000000,0.00000000,0.00292503,0.00000000,0.00000000,0.00000000,0.00000000,0.00000000,0.00000000,0.00000000,0.00000000,0.00000000,0.00000000,0.00768660,0.00000000,0.00000000,0.00000000,0.00000000,0.00000000,0.00000000,0.00000000,0.00000000,0.00000000,0.00000000,0.00000000,0.00650043,0.00062480,0.00000000,0.00000000,0.03573296,0.27866134,0.00000000,0.00000000,0.00000000,0.00000000,0.50502177,0.00000000,0.00000000,0.00000000,0.00000000,0.00000000,0.00000000,0.00000000,0.00000000,0.00000000,0.00000000,0.00000000,0.00000000,0.00000000,0.00000000,0.00000000,0.00000000,0.00000000,0.00000000,0.00000000,0.00000000,0.00000000,0.00000000,0.00000000,0.00000000,0.00000000,0.00000000,0.00000000,0.00000000,0.00000000,0.00000000,0.00000000,0.00787115,0.00000000,0.00000000,0.00000000,0.00000000,0.00000000,0.00000000,0.00000000,0.00000000,0.00000000,0.00000000,0.00000000,0.00604360,0.00000000,0.00000000,0.00000000,0.00000000,0.00000000,0.00000000,0.00000000,0.00000000,0.00000000,0.00000000,0.00000000,0.01157161,0.00000000,0.00000000,0.04604824,0.00000000,0.00000000,0.01190561,0.00000000,0.00000000,0.00000000,0.00000000,0.00000000,0.00000000,0.01239454,0.00000000,0.04100969,0.00000000,0.00787601,0.00000000,0.00000000,0.00000000,0.00000000,0.00000000,0.00000000,0.00887789,0.00000000,0.00000000,0.00000000,0.00000000,0.00000000,0.00000000,0.00000000,0.00000000,0.00000000,0.00000000,0.00000000,0.00000000,0.00000000,0.00000000,0.00000000,0.00000000,0.00000000,0.00000000,0.00000000,0.08769528,0.00000000,0.00000000,0.00331856,0.00000000,0.00000000,0.00911841,0.01047911,0.00000000,0.00000000,0.00000000,0.00255425,0.00000000,0.00000000,0.00537205,0.00000000,0.00000000,0.00000000,0.00000000,0.00000000,0.00000000,0.00000000,0.00000000,0.00000000,0.00000000,0.00000000,0.00000000,0.00000000,0.00000000,0.00490486,0.00000000,0.00000000,0.00000000,0.00000000,0.00000000,0.00000000,0.00000000,0.00779034,0.00000000,0.00000000,0.00000000,0.00000000,0.00000000,0.00000000,0.00000000,0.00000000,0.00000000,0.00000000,0.00000000,0.00000000,0.00000000,0.00000000,0.00000000,0.00000000,0.00000000,0.00000000,0.00000000,0.00000000,0.00000000,0.00000000,0.00000000,0.00000000,0.00000000,0.00000000,0.00000000,0.00000000,0.00223320,0.00000000,0.00000000,0.00000000,0.00000000,0.00000000,0.00000000,0.00458188,0.00000000,0.86959600,0.00000000,0.00000000,0.00000000,0.00000000,0.00000000,0.00000000,0.00000000,0.02468710,0.00000000,0.00000000,0.00000000,0.00000000,0.00000000,0.00000000,0.00000000,0.00000000,0.00000000,0.00000000,0.00995520,0.00000000,0.00188430,0.00000000,0.00000000,0.00000000,0.00000000,0.00000000,0.00000000,0.00000000,0.00000000,0.00000000,0.04256885,0.00000000,0.00000000,0.00000000,0.00485454,0.00000000,0.00000000,0.00000000,0.00000000,0.00000000,0.00000000,0.00095545,0.00000000,0.00000000,0.07951158,0.00000000,0.01438086,0.00000000,0.00000000,0.00000000,0.00000000,0.00000000,0.00000000,0.00000000,0.00000000,0.00000000,0.00000000,0.11023357,0.00000000,0.00000000,0.00000000,0.00000000,0.00000000,0.00580774,0.00000000,2.47764025,0.00000000,0.64367508,0.00000000,0.00000000,0.00000000,0.00000000,0.00000000,0.00000000,0.00000000,0.00000000,0.00000000,0.00000000,0.00000000,0.00000000,0.00971477,0.07407885,0.00000000,0.00000000,0.00000000,0.00000000,0.00000000,0.00000000,0.00000000,0.00000000,0.02308126,0.00000000,0.00000000,0.00000000,0.00000000,0.00000000,0.05696166,0.00000000,0.00000000,0.00000000,0.00000000,0.00000000,0.00000000,0.00775978,0.00000000,0.00000000,0.00164256,0.00000000,0.00000000,0.00000000,0.00542097,0.00858033,0.00855726,0.00000000,0.00000000,0.00000000,0.00000000,0.00000000,0.00000000,0.00000000,0.00000000,0.00000000,0.00000000,0.00250686,0.00000000,0.00000000,0.00000000,0.00000000,0.00000000,0.00000000,0.00000000,0.00000000,0.00000000,0.00000000,0.00000000,0.00000000,0.00000000,0.00709497,0.00084095,0.09657067,0.00000000,0.00000000,0.00000000,0.00000000,0.00000000,0.00000000,0.00093252,0.00000000,0.03447387,0.00000000,0.00000000,0.00000000,0.00000000,0.00000000,0.00000000,0.00000000,0.00000000,0.00000000,0.00000000,0.00000000,0.00000000,0.00000000,0.18249691,0.00540067,0.00000000,0.00000000,0.00000000,0.00000000,0.00000000,0.00000000,0.00000000,0.00000000,0.00000000,0.00304924,0.00000000,0.00000000,0.00000000,0.00000000,0.00000000,0.00000000,0.00000000,0.00000000,0.00000000,0.00148767,0.00000000,0.00000000,0.00000000,0.00000000,0.00000000,0.00000000,0.00000000,0.00000000,0.00000000,0.00000000,0.00181427,0.00000000,0.00000000,0.00000000,0.01841018,0.00000000,0.00000000,0.00000000,0.00000000,0.00000000,0.00000000,0.00000000,0.00000000,0.00842115,0.00219583,0.00000000,0.00000000,0.00000000,0.00127900,0.00000000,0.00000000,0.00000000,0.00000000,0.00000000,0.00000000,0.07074077,0.00000000,0.00185624,0.03772146,0.00000000,0.00000000,0.00000000,0.00000000,0.00000000,0.00000000,0.00000000,0.00142126,0.00000000,0.00000000,0.00000000,0.00000000,0.00000000,0.00000000,0.00000000,0.00000000,0.00000000,0.00000000,0.04058752,0.00000000,0.00000000,0.00000000,0.00000000,0.00000000,0.00000000,0.02556980,0.00000000,0.00000000,0.00416346,0.00000000,0.00000000,0.00000000,0.00000000,0.00000000,0.00000000,0.00000000,0.00000000,0.00000000,0.00000000,0.00000000,0.00000000,0.00000000,0.00000000,0.00000000,0.02392735,0.00000000,0.00000000,0.00000000,0.00000000,0.00000000,0.00000000,0.00814687,0.00000000,0.00000000,0.00000000,0.00000000,0.00000000,0.00000000,0.00000000,0.00809136,0.00000000,0.00000000,0.00000000,0.00000000,0.00000000,0.00000000,0.00000000,0.00000000,0.00000000,0.00000000,0.00000000,0.00000000,0.00000000,0.00000000,0.00218092,0.00000000,0.00000000,0.00000000,0.00000000,0.00000000,0.00334023,0.00000000,0.00000000,0.00000000,0.00000000,0.00000000,0.00000000,0.00000000,0.00000000,0.00000000,0.00000000,0.00000000,0.00000000,0.00000000,0.00000000,0.00000000,0.00000000,0.00000000,0.00000000,0.10217239,0.01841951,0.00000000,0.00000000,0.00061483,0.00000000,0.00000000,0.02560512,0.00366603,0.00000000,0.00000000,0.00000000,0.00000000,0.00733991,0.00000000,0.00000000,0.00000000,0.00000000,1.72320866,0.00000000,0.00000000,0.01056691,0.00000000,0.00535084,0.00000000,0.00000000,0.00000000,0.00000000,0.00000000,0.00000000,0.00000000,0.00000000,0.00000000,0.00000000,0.08250380,0.01110202,0.00179906,0.00000000,0.00000000,0.00000000,0.00000000,0.00000000,0.00000000,0.00000000,0.00000000,0.00000000,0.00000000,0.00000000,0.00000000,0.00000000,0.00000000,0.00000000,0.00793035,0.00000000,0.00000000,0.00479199,0.00000000,0.00000000,0.00000000,0.00000000,0.00000000,0.00000000,0.00000000,0.00000000,0.00000000,0.00000000,0.01145242,0.00000000,0.00000000,0.00000000,0.00000000,0.00000000,0.00000000,0.00000000,0.00000000,0.00548343,0.00000000,0.00000000,0.00000000,0.00000000,0.00000000,0.00000000
0.00000000,0.00000000,0.00000000,0.00000000,0.00000000,0.00000000,0.00000000,0.00000000,0.00000000,0.00000000,0.00348590,0.00000000,0.00000000,0.03445083,0.00000000,0.00000000,0.00000000,0.00000000,0.01540972,0.00000000,0.00000000,0.00000000,0.00000000,0.00000000,0.00354514,0.00000000,0.00000000,0.01670474,0.00000000,0.00000000,0.00000000,0.02382696,0.00000000,0.00000000,0.00283732,0.00000000,0.00000000,0.00430470,0.00169333,0.00000000,0.00000000,0.00000000,0.00000000,0.00000000,0.00000000,0.00000000,0.00000000,0.01039939,0.20308693,0.00000000,0.00000000,0.00000000,0.00000000,0.00000000,0.00000000,0.00000000,0.00000000,0.00000000,0.00000000,0.00000000,0.00000000,0.00000000,0.00000000,0.00000000,0.00000000,0.00000000,0.02030111,0.00000000,0.00000000,0.00000000,0.00000000,0.03713168,0.00000000,0.00000000,0.00000000,0.00000000,0.00000000,0.00000000,0.00000000,0.00000000,0.01446463,0.00000000,0.00000000,0.00000000,0.00321668,0.00000000,0.00000000,0.00000000,0.00000000,0.00000000,0.00000000,0.01512289,0.00000000,0.00000000,0.00000000,0.00000000,0.00000000,0.00000000,0.00000000,0.00000000,0.00000000,0.00000000,0.00000000,0.00138111,0.00000000,0.00000000,0.00000000,0.00000000,0.00000000,0.00000000,0.00000000,0.00000000,0.00000000,0.00000000,0.00000000,0.00000000,0.00000000,0.00000000,0.00000000,0.00000000,0.00000000,0.00000000,0.00000000,0.00000000,0.00284120,0.00000000,0.00000000,0.00000000,0.00000000,0.00000000,0.00402859,0.00000000,0.00000000,0.00000000,0.00000000,0.00106795,0.00000000,0.00000000,0.00000000,0.00000000,0.00000000,0.00000000,0.00000000,0.00000000,0.00000000,0.00000000,0.00000000,0.00000000,0.00000000,0.00000000,0.00000000,0.00000000,0.00000000,0.00000000,0.00000000,0.00000000,0.00000000,0.00000000,0.00000000,0.00000000,0.05129839,0.00000000,0.00000000,0.00000000,0.00980225,0.00000000,0.00000000,0.00352288,0.00000000,0.00000000,0.00000000,0.00000000,0.06947692,0.00000000,0.00319866,0.00000000,0.00000000,0.00000000,0.00000000,0.00000000,0.00000000,0.00000000,0.00000000,0.00000000,0.00000000,0.00000000,0.00000000,0.03727073,0.00000000,0.00000000,0.00000000,0.00000000,0.00000000,0.00000000,0.00000000,0.00000000,0.00000000,0.00000000,0.00000000,0.00000000,0.01058925,0.00000000,0.00000000,0.00000000,0.00000000,0.00000000,0.00000000,0.00000000,0.00427530,0.00000000,0.00000000,0.00000000,0.00000000,0.00000000,0.00000000,0.02016700,0.00000000,0.00000000,0.02898606,0.00000000,0.00000000,0.03445243,0.00000000,0.00000000,0.00000000,0.00000000,0.00000000,0.00000000,0.00000000,0.00000000,0.01729006,0.00411271,0.00000000,0.00000000,0.00000000,0.00000000,0.00000000,0.00000000,0.00000000,0.00000000,0.00000000,0.00000000,0.00000000,0.00000000,0.01075972,0.00000000,0.00000000,0.00000000,0.00000000,0.00000000,0.06746831,0.00480257,0.00000000,0.00000000,0.00051805,0.00000000,0.00000000,0.00000000,0.00000000,0.00000000,0.00000000,0.00000000,0.00000000,0.00127606,0.00000000,0.00000000,0.00000000,0.00000000,0.00000000,0.00000000,0.00000000,0.04451136,0.00000000,0.00000000,0.00000000,0.00000000,0.00000000,0.00000000,0.00000000,0.00000000,0.00000000,0.00000000,0.00000000,0.00000000,0.00000000,0.00000000,0.02650161,0.00000000,0.00000000,0.00000000,0.00280355,0.00000000,0.01401649,0.00000000,0.00000000,0.00000000,0.00000000,0.00000000,0.01166712,0.00000000,0.00000000,0.05452121,0.00000000,0.00000000,0.04234810,0.00000000,0.03169720,0.00000000,0.00000000,0.00000000,0.00000000,0.00000000,0.00000000,0.00000000,0.00000000,0.00000000,0.00000000,0.00000000,0.00000000,0.17648252,0.00000000,0.01143040,0.00000000,0.01758892,0.00260663,0.00000000,0.00000000,0.00000000,0.00000000,0.00000000,0.00000000,0.00000000,0.00000000,0.00000000,0.00000000,0.00000000,0.00248579,0.00000000,0.00000000,0.00000000,0.00560628,0.00000000,0.00000000,0.00000000,0.00000000,0.00000000,0.00000000,0.00000000,0.00000000,0.00000000,0.00000000,0.00000000,0.00000000,0.00000000,0.00000000,0.00000000,0.00000000,0.00000000,0.00000000,0.00201043,0.00000000,0.00000000,0.02987596,0.00000000,0.00566639,0.00000000,0.00000000,0.04983603,0.00000000,0.00000000,0.00000000,0.00000000,0.00000000,0.00000000,0.00000000,0.00000000,0.00000000,0.00000000,0.00000000,0.00000000,0.00000000,0.00000000,0.00000000,0.00089574,0.00000000,0.00000000,0.00000000,0.00000000,0.00000000,0.00000000,0.00000000,0.00000000,0.00000000,0.00000000,0.00000000,0.00000000,0.00000000,0.00000000,0.00000000,0.00000000,0.01235591,0.00000000,0.00000000,0.00000000,0.00000000,0.00949342,0.00000000,0.00000000,0.00000000,0.00000000,0.00000000,0.00000000,0.00000000,0.05866494,0.00000000,0.00000000,0.00000000,0.00000000,0.00000000,0.00000000,0.00000000,0.00000000,0.00000000,0.00000000,0.01521511,0.00000000,0.00000000,0.00000000,0.00000000,0.00000000,0.00000000,0.00000000,0.00000000,0.00000000,0.00000000,0.00000000,0.00000000,0.00000000,0.00000000,0.00000000,0.00417173,0.00000000,0.00000000,0.00000000,0.00000000,0.00000000,0.00000000,0.01000811,0.00000000,0.00000000,0.00000000,0.00000000,0.00000000,0.00000000,0.00000000,0.00000000,0.00000000,0.00000000,0.00000000,0.00000000,0.00000000,0.00000000,0.00000000,0.00000000,0.00000000,0.00000000,0.00000000,0.00000000,0.00000000,0.01016943,0.00000000,0.00000000,0.00121543,0.00000000,0.00000000,0.00000000,0.00000000,0.00000000,0.00000000,0.00000000,0.00000000,0.00000000,0.00000000,0.00000000,0.00000000,0.00000000,0.00000000,0.00000000,0.00000000,0.00000000,0.00000000,0.00000000,0.00000000,0.00000000,0.00000000,0.00000000,0.00000000,0.00000000,0.00000000,0.00628535,0.00000000,0.02785333,0.00000000,0.00783974,0.00000000,0.01104768,0.00000000,0.00000000,0.00000000,0.00000000,0.00000000,0.00000000,0.00000000,0.00000000,0.00000000,0.00000000,0.00000000,0.00000000,0.00000000,0.00000000,0.00075266,0.00000000,0.00000000,0.00000000,0.00000000,0.00000000,0.00000000,0.00000000,0.00000000,0.00000000,0.00000000,0.00000000,0.00000000,0.00000000,0.00000000,0.00000000,0.00000000,0.00000000,0.00192127,0.00000000,0.00000000,0.00000000,0.00000000,0.00000000,0.00000000,0.00000000,0.00000000,0.00000000,0.00000000,0.00000000,0.00000000,0.00000000,0.00000000,0.00000000,0.00000000,0.00000000,0.00000000,0.00000000,0.00000000,0.00000000,0.00000000,0.04873093,0.00000000,0.00000000,0.00131757,0.00000000,0.00000000,0.00000000,0.00000000,0.00000000,0.00000000,0.00000000,0.01313939,0.00361609,0.00000000,0.00000000,0.02105526,0.00000000,0.00000000,0.00000000,0.00000000,0.00000000,0.00000000,0.11414654,0.00000000,0.00000000,0.00000000,0.00000000,0.00000000,0.00000000,0.00000000,0.00000000,0.00492203,0.09696648,0.00000000,0.00000000,0.00000000,0.00000000,0.00000000,0.00000000,0.00000000,0.00000000,0.00000000,0.00000000,0.00000000,0.00000000,0.00786738,0.00000000,0.01352182,0.00000000,0.00000000,0.00000000,0.00000000,0.00000000,0.02100793,0.00000000,0.01518764,0.00000000,0.00000000,0.00000000,0.00000000,0.00000000,0.00000000,0.00000000,0.00000000,0.00000000,0.00000000,0.00814013,0.00000000,0.00000000,0.00000000,0.00000000,0.00000000,0.00000000,0.00000000,0.00000000,0.00614554,0.00000000,0.00000000,0.00298140,0.00000000,0.00000000,0.00000000,0.00597527,0.00000000,0.00000000,0.07389109,0.00000000,0.00000000,0.00000000,0.00000000,0.00086349,0.00000000,0.00000000,0.00000000,0.00000000,2.74083490,0.19314601,0.00000000,0.00000000,0.00000000,0.00388119,0.00000000,0.00000000,0.00000000,0.00000000,0.00000000,0.00000000,0.00000000,0.00000000,0.00000000,0.00000000,0.00000000,0.00000000,0.00000000,0.00000000,0.00000000,0.00000000,0.00000000,0.00000000,0.00000000,0.00000000,0.00406672,0.02327790,0.00000000,0.00000000,0.00000000,0.00000000,0.00000000,0.02994625,0.00000000,0.02912505,0.00000000,0.00000000,0.00000000,0.00000000,0.00000000,0.00000000,0.00000000,0.00000000,0.00000000,0.00000000,0.00000000,0.00000000,0.00000000,0.00000000,0.00000000,0.00000000,0.00000000,0.00000000,0.00292880,0.00000000,0.00000000,0.00000000,0.00000000,0.00000000,0.00082958,0.00000000,0.00000000,0.00000000,0.00000000,0.00000000,0.01173788,0.00000000,0.00000000,0.15555293,0.00000000,0.00000000,0.00000000,0.00000000,0.00000000,0.00000000,0.04956864,0.00000000,2.74852337,0.00000000,0.00000000,0.00000000,0.00000000,0.00000000,0.00000000,0.00000000,0.00480749,0.00000000,0.00000000,0.00000000,0.00000000,0.00000000,0.00410745,0.00672343,0.00000000,0.00000000,0.00000000,0.00000000,0.00000000,0.00000000,0.00000000,0.00000000,0.00000000,0.00000000,0.00000000,0.00000000,0.00000000,0.00000000,0.12818597,0.00000000,0.00000000,0.00000000,0.00000000,0.00000000,0.00000000,0.03863808,0.00096679,0.00000000,0.00000000,0.00000000,0.00000000,0.00085935,0.00000000,0.00107136,0.00000000,0.05613668,0.00000000,0.00000000,0.02856854,0.00000000,0.00000000,0.00000000,0.00000000,0.03440870,0.00951214,0.00000000,0.00000000,0.00000000,0.00000000,0.00000000,0.00000000,0.00000000,0.00000000,0.00000000
0.14912379,0.00000000,0.00000000,0.00000000,0.00000000,0.00000000,0.00000000,0.00000000,0.00000000,0.00000000,0.00000000,0.00000000,0.00000000,0.00000000,0.00000000,0.00000000,0.00000000,0.00533595,0.00000000,0.00000000,0.00000000,0.00000000,0.00000000,0.00000000,0.01731756,0.00113150,0.00000000,0.00000000,0.00000000,0.00000000,0.00000000,0.00000000,0.00000000,0.00000000,0.00000000,0.00000000,0.00000000,0.00000000,0.00000000,0.11680289,0.00000000,0.00000000,0.00000000,0.00000000,0.00000000,0.00000000,0.00000000,0.00000000,0.00000000,0.01997676,0.00000000,0.00000000,0.00000000,0.00000000,0.01647295,0.00000000,0.00000000,0.00000000,0.00000000,0.00000000,0.00000000,0.00000000,0.00000000,0.00000000,0.01460068,0.00658422,0.00000000,0.00000000,0.00000000,0.00000000,0.00000000,0.00000000,0.00000000,0.00000000,0.00000000,0.00000000,0.08015407,0.00000000,0.00000000,0.00000000,0.00000000,0.00500489,0.00000000,0.00000000,0.00000000,0.00000000,0.00000000,0.00000000,0.00000000,0.34270459,0.00000000,0.00000000,0.00000000,0.00000000,0.00000000,0.00000000,0.00000000,0.00000000,0.00000000,0.00000000,0.00000000,0.00000000,0.00000000,0.00000000,0.00000000,0.00000000,0.00000000,0.00000000,0.00000000,0.00000000,0.00000000,0.00201650,0.00000000,0.00000000,0.00000000,0.00000000,0.00000000,0.00000000,0.00000000,0.00000000,0.00000000,0.00000000,0.00000000,0.00000000,0.00000000,0.00000000,0.00000000,0.00000000,0.00000000,0.03263685,1.63522147,0.00000000,0.00000000,0.00000000,0.00000000,0.00000000,0.07141247,0.00000000,0.00000000,0.00000000,0.00000000,0.00000000,0.00000000,0.00638167,0.00000000,0.00123129,0.00000000,0.00000000,0.00000000,0.00000000,0.00000000,0.00000000,0.00000000,0.00000000,0.00000000,0.00000000,0.00000000,0.00000000,0.00000000,0.00000000,0.00000000,0.00000000,0.00000000,0.00257232,0.00000000,0.00000000,0.00000000,0.00000000,0.00000000,0.01492533,0.00000000,0.00000000,0.00419180,0.00000000,0.00000000,0.03500259,0.03119579,0.00000000,0.00000000,0.00000000,0.00000000,0.00000000,0.55568027,0.00000000,0.00000000,0.00000000,0.00101763,0.00000000,0.00000000,0.00000000,0.00000000,0.00000000,0.00000000,0.00525064,0.02736029,0.00000000,0.00000000,0.00000000,0.00000000,0.00000000,0.08068796,0.00000000,0.00000000,0.00000000,0.09494658,0.00000000,0.00000000,0.00000000,0.00000000,0.00000000,0.00000000,0.00000000,0.00000000,0.00000000,0.00000000,0.00000000,0.00000000,0.00000000,0.00000000,0.00000000,0.00000000,0.00000000,0.00000000,0.00000000,0.00000000,0.00000000,0.00000000,0.00000000,0.00000000,0.00000000,0.00000000,0.00000000,0.00000000,0.00000000,0.00000000,0.00000000,0.00000000,0.01298179,0.00000000,0.00000000,0.00000000,0.00000000,0.00000000,0.00000000,0.00000000,0.00000000,0.00000000,0.00533835,0.00000000,0.00000000,0.00000000,0.00000000,0.00000000,0.00000000,0.00000000,0.00000000,0.00000000,0.00000000,0.00000000,0.00000000,0.00000000,0.00000000,0.00000000,0.00000000,0.00000000,0.00000000,0.00000000,0.00000000,0.00000000,0.00281717,0.00000000,0.00000000,0.00000000,0.00372356,0.00000000,0.00000000,0.05616638,0.00118242,0.00000000,0.00000000,0.00000000,0.00000000,0.00649667,0.00000000,0.00000000,0.00000000,0.00000000,0.00000000,0.01046237,0.00000000,0.00000000,0.00000000,0.00000000,0.00000000,0.00000000,0.00000000,0.00000000,0.00000000,1.47972274,0.00145846,0.00000000,0.00000000,0.00000000,0.00000000,0.00000000,0.00000000,0.00000000,0.00000000,0.00000000,0.00000000,0.00246060,0.00374026,0.00000000,0.00000000,0.00000000,0.00000000,0.00000000,0.00000000,0.01593880,0.00000000,0.00000000,0.01703299,0.00000000,0.00000000,0.00000000,0.00000000,0.00000000,0.00000000,0.00000000,0.00542912,0.00000000,0.00909660,0.00000000,0.00000000,0.00000000,0.00000000,0.00000000,0.00000000,0.00000000,0.00000000,0.00000000,0.00000000,0.00000000,0.00000000,0.00000000,0.00000000,0.00000000,0.00000000,0.04244838,0.00000000,0.00000000,0.00000000,0.00000000,0.62015658,0.00000000,0.00000000,0.00000000,0.00000000,0.00000000,0.00000000,0.00000000,0.00000000,0.00000000,0.00000000,0.00000000,0.00000000,0.00000000,0.00000000,0.00000000,0.00000000,0.00000000,0.00000000,0.00000000,0.00000000,1.09723719,0.00000000,0.00000000,0.00000000,0.00000000,0.00000000,0.00000000,0.00000000,0.00000000,0.00000000,0.00000000,0.00000000,0.00000000,0.00000000,0.00000000,0.00000000,0.00000000,0.00000000,0.00000000,0.00000000,0.00000000,0.00000000,0.00000000,0.01623679,0.00000000,0.00000000,0.00000000,0.00000000,0.00000000,0.00000000,0.00000000,0.00380112,0.00000000,0.00075647,0.00000000,0.02993712,0.00000000,0.00000000,0.00000000,0.01141439,0.02950734,0.00000000,0.00789037,0.00000000,0.00000000,0.00000000,0.00000000,0.00000000,0.00000000,0.00108540,0.00000000,0.00000000,0.00000000,0.00000000,0.00000000,0.00000000,0.00000000,0.00000000,0.00000000,0.00000000,0.00000000,0.00000000,0.00000000,0.01161220,0.04343153,0.00000000,0.01271060,0.00000000,0.00000000,0.00593166,0.00000000,0.00000000,0.00000000,0.00000000,0.00179751,0.00467682,0.00000000,0.00000000,0.03626139,0.00000000,0.00384741,0.00000000,0.00503866,0.00000000,0.00000000,0.00000000,0.00000000,0.00000000,0.00000000,0.00000000,0.00000000,0.00000000,0.00000000,0.54401555,0.00000000,0.00000000,0.00000000,0.00000000,0.00000000,0.00000000,0.00000000,0.00000000,0.00000000,0.00000000,0.00248628,0.00000000,0.00468842,0.00000000,0.00000000,0.00000000,0.00000000,0.00000000,0.00000000,0.00000000,0.00000000,0.00000000,0.00000000,0.00000000,0.00000000,0.00000000,0.00000000,0.02148287,0.00000000,0.03171196,0.02393530,0.00000000,0.00000000,0.00000000,0.01759798,0.00000000,0.00000000,0.00000000,0.00000000,0.00000000,0.00000000,0.00292108,0.00000000,0.00000000,0.00000000,0.00000000,0.00000000,0.00000000,0.00356456,0.00000000,0.00000000,0.00000000,0.00000000,0.00000000,0.00000000,0.00000000,0.00000000,0.01076789,0.01991760,0.00000000,0.00153834,0.00000000,0.00399035,0.00000000,0.00000000,0.00000000,0.00000000,0.00000000,0.01109068,0.00000000,0.00000000,0.00000000,0.00000000,0.00000000,0.00000000,0.00000000,0.00000000,0.00000000,0.00000000,0.00000000,0.00000000,0.00000000,0.00000000,0.00000000,0.00000000,0.00588907,0.00000000,0.00000000,0.01064317,0.00000000,0.04458543,0.00000000,0.00000000,0.00000000,0.00000000,0.00000000,0.00000000,0.00000000,0.00000000,0.00000000,0.00000000,0.00000000,0.00000000,0.00000000,0.00000000,0.00000000,0.00000000,0.00000000,0.00583713,0.00077874,0.00706313,0.00959001,0.00000000,0.00000000,0.00000000,0.00000000,0.00000000,0.00000000,0.01491061,0.00261436,0.00000000,0.00000000,0.00000000,0.00000000,0.00000000,0.00000000,1.07848490,0.03220280,0.00000000,0.00000000,0.00000000,0.00000000,0.00000000,0.00000000,0.00000000,0.00000000,0.00000000,0.00000000,0.00000000,0.00000000,0.00000000,0.00000000,0.00000000,0.00000000,0.00000000,0.00000000,0.00000000,0.00000000,0.00000000,0.00000000,0.00000000,0.00000000,0.00000000,0.00000000,0.00000000,0.00000000,0.00000000,0.00000000,0.00000000,0.00000000,0.00000000,0.00000000,0.00000000,0.00000000,0.00000000,0.00000000,0.00000000,0.00000000,0.00000000,0.00000000,0.00000000,0.00000000,0.00000000,0.00000000,0.00723445,0.00000000,0.00000000,0.00497627,0.00000000,0.00000000,0.00000000,0.00000000,0.00000000,0.00000000,0.00000000,0.00000000,0.00000000,0.00000000,0.00000000,0.00000000,0.00000000,0.00000000,0.00000000,0.00000000,0.00000000,0.00302799,0.00000000,0.10801068,0.00000000,0.00000000,0.00000000,0.00000000,0.00000000,0.00000000,0.00741259,0.00000000,0.00000000,0.00000000,0.00000000,0.03214889,0.00000000,0.00000000,0.00000000,0.00000000,0.00000000,0.00000000,0.00000000,0.00000000,0.00000000,0.00000000,0.00000000,0.00000000,0.00000000,0.00000000,0.00000000,0.00000000,0.00000000,0.00000000,0.00000000,0.00000000,0.00000000,0.00000000,0.00000000,0.00000000,0.00000000,0.00096445,0.00000000,0.00000000,0.00000000,0.00000000,0.00000000,0.00000000,0.00000000,0.00000000,0.00000000,0.00000000,0.00000000,0.02880340,0.00000000,0.00000000,0.04451136,0.00000000,0.00000000,0.00000000,0.00000000,0.00000000,0.00000000,0.00000000,0.00000000,0.00000000,0.00000000,0.00000000,0.00000000,0.00000000,0.00000000,0.00000000,0.00000000,0.00000000,0.00000000,0.00000000,0.00000000,0.00431469,0.00427515,0.01160010,0.00000000,0.00455729,0.00308115,0.00000000,0.00000000,0.00000000,0.00000000,0.01320246,0.00635185,0.00000000,0.00000000,0.00000000,0.00000000,0.00000000,0.00000000,0.40373304,0.00000000,1.69057190,0.00674277,0.00000000,0.00000000,0.00000000,0.00000000,0.00000000,0.00000000,0.00639018,0.00000000,0.00000000,0.00000000,0.00564055,0.00000000,0.00000000,0.00000000,0.00000000,0.00000000,0.00000000,0.00000000,0.00000000,0.00000000,0.00000000,0.00000000,0.00000000,0.00000000,0.00000000,0.00000000,0.00275938,0.00000000,0.00000000,0.00000000,0.00000000,0.00000000,0.00000000,0.01959476,0.00049753,0.00000000,0.00000000,0.00000000,0.00000000
0.00000000,0.00000000,0.03927835,0.00000000,0.00000000,0.10198403,0.00000000,0.00231301,1.14324338,0.00000000,0.00000000,0.00000000,0.00000000,0.02407720,0.00000000,0.00000000,0.00000000,0.00000000,0.00000000,0.00000000,0.00000000,0.00000000,0.00000000,0.00000000,0.08518018,0.00000000,0.00000000,0.05659893,0.00434988,0.00000000,0.00000000,0.00000000,0.00000000,0.00000000,0.00000000,0.00000000,0.00000000,0.00290583,0.00444016,0.00000000,0.00000000,0.01013577,0.01707670,0.00000000,0.00000000,0.00000000,0.00000000,0.00000000,0.00000000,0.00000000,0.00000000,0.00000000,0.00000000,0.00000000,0.00000000,0.00000000,0.00000000,0.00000000,0.00000000,0.00000000,0.00000000,0.00000000,0.00000000,0.00000000,0.00000000,0.00000000,0.00000000,0.00000000,0.00912287,0.00000000,0.00000000,0.00000000,0.00000000,0.00000000,0.00000000,0.00000000,0.00347844,0.00000000,0.00134249,0.00000000,0.00000000,0.00000000,0.00000000,0.00000000,0.00000000,0.00000000,0.00000000,0.00000000,0.00000000,0.00000000,0.00000000,0.02010187,0.00819679,0.00000000,0.00000000,0.00000000,0.00000000,0.00000000,0.00080797,0.00000000,0.00000000,0.00000000,0.00000000,0.00000000,0.00000000,0.00000000,0.00000000,0.05607926,0.00000000,0.00000000,0.00000000,0.00000000,0.00000000,0.00000000,0.00621988,0.04307770,0.00000000,0.00000000,0.00000000,0.00000000,0.07713952,0.00000000,0.00099996,0.00000000,0.00000000,0.00084954,0.00000000,0.00000000,0.00000000,0.00000000,0.00000000,0.00000000,0.00000000,0.00000000,0.00000000,0.00000000,0.01885226,0.00000000,0.00192778,0.00000000,0.00000000,0.00000000,0.00000000,0.00000000,0.00000000,0.00000000,0.00000000,0.00870307,0.00000000,0.00000000,0.00000000,0.00000000,0.00000000,0.00000000,0.19451295,0.00000000,0.00000000,0.00499925,0.00000000,0.00000000,0.00000000,0.00000000,0.00000000,0.00000000,0.00000000,0.00000000,0.00000000,0.00000000,0.00000000,0.00137446,0.00000000,0.00000000,0.00000000,0.00000000,0.00000000,0.00000000,0.00000000,0.00000000,0.00000000,0.00000000,0.00000000,0.00236336,0.00000000,0.00000000,0.00000000,0.00000000,0.00000000,0.00000000,0.00000000,0.01420289,0.00000000,0.00000000,0.00000000,0.00000000,0.00000000,0.00000000,0.00000000,0.00000000,0.00000000,0.00000000,0.00000000,0.00000000,0.02334324,0.00000000,0.00000000,0.00000000,0.00000000,0.00290809,0.00000000,0.01066840,0.00000000,0.00000000,0.00000000,0.00000000,0.00000000,0.00000000,0.39307273,0.00000000,0.00000000,0.00000000,0.00000000,0.00000000,0.00000000,0.00000000,0.00000000,0.00000000,0.00430621,0.00000000,0.00000000,0.00000000,0.00000000,0.00000000,0.00000000,0.00000000,0.00000000,0.00000000,0.00000000,0.00000000,0.00000000,0.00000000,0.00000000,0.00000000,0.00000000,0.00835038,0.00000000,0.00000000,1.80193831,0.00000000,0.00000000,0.00000000,0.00461763,0.00000000,0.00000000,0.00000000,0.00000000,0.00000000,0.00000000,0.00000000,0.00000000,0.00000000,0.00000000,0.00000000,0.01811127,0.00000000,0.01834100,0.00000000,0.00000000,0.00000000,0.00000000,0.00249923,0.00000000,0.00000000,0.03480447,0.00000000,0.00000000,0.00000000,0.00000000,0.00000000,0.01845744,0.00177248,0.00000000,0.00000000,0.00000000,0.00000000,0.00000000,0.00000000,0.00000000,0.00000000,0.00000000,0.00000000,0.00000000,0.00000000,0.00000000,0.00000000,0.00443387,0.00000000,0.00000000,0.00000000,0.00000000,0.00000000,0.00000000,0.00000000,0.10298467,0.00000000,0.00000000,0.00000000,0.00730043,0.00000000,0.00000000,0.00000000,0.00000000,0.00000000,0.00000000,0.00000000,0.00000000,0.00000000,0.00000000,0.00574911,0.00000000,0.00000000,0.00000000,0.03239962,0.00000000,0.00000000,0.00000000,0.00000000,0.00000000,0.00000000,0.00000000,0.00000000,0.00000000,0.00000000,0.00000000,0.00000000,0.00000000,0.00000000,0.00000000,0.00000000,0.00094581,0.00000000,0.00000000,0.00000000,0.00000000,0.00000000,0.00000000,0.00000000,0.00000000,0.00000000,0.00000000,0.00000000,0.00360376,0.00000000,0.00000000,0.00000000,0.00000000,0.00000000,0.00000000,0.00000000,0.00000000,0.00000000,0.00000000,0.00000000,0.00000000,0.00000000,0.00000000,0.00000000,0.00000000,0.00000000,0.00000000,0.00000000,0.00000000,0.00000000,0.00000000,0.00476783,0.00000000,0.00000000,0.00000000,0.00456908,0.00000000,0.00000000,0.00000000,0.00000000,0.00000000,0.04003424,0.00000000,0.00000000,0.00000000,0.00000000,0.00000000,0.00000000,0.00000000,1.04339026,0.01110165,0.00000000,0.00000000,0.00000000,0.00000000,0.00000000,0.00000000,0.00000000,0.00000000,0.00000000,0.00000000,0.00000000,0.00000000,0.00000000,0.00000000,0.00000000,0.00000000,0.00000000,0.00000000,0.01273662,0.04584686,0.00000000,0.00000000,0.00000000,0.00000000,0.00000000,0.00000000,0.74101174,0.00000000,0.00613252,0.00000000,0.00000000,0.00000000,0.00000000,0.00000000,0.00000000,0.00085536,0.00000000,0.00076847,0.00000000,0.00000000,0.02348445,0.00000000,0.00268497,0.00000000,0.04216589,0.00000000,0.00000000,0.00000000,0.00000000,0.00000000,0.00000000,0.00000000,0.00000000,0.00000000,0.00000000,0.00000000,0.00000000,0.00000000,0.00000000,0.00000000,0.00000000,0.00000000,0.00000000,0.00000000,0.00000000,0.00000000,0.00000000,0.00000000,0.00000000,0.00000000,0.00000000,0.00000000,0.00000000,0.00000000,0.00000000,0.00000000,0.00000000,0.00000000,0.00000000,0.00000000,0.00000000,0.00183340,0.00000000,0.00000000,0.00000000,0.00000000,0.04423370,0.00000000,0.00000000,0.00000000,0.00000000,0.00000000,0.00000000,0.00000000,0.00000000,0.00000000,0.00000000,0.01209111,0.00406155,0.64963028,0.01960124,0.00000000,0.00000000,0.00000000,0.00000000,0.00000000,0.00000000,0.00000000,0.00000000,0.00000000,0.00000000,0.00000000,0.00000000,0.00000000,0.00000000,0.00000000,0.00000000,0.00000000,0.00000000,0.00000000,0.00000000,0.00000000,0.00000000,0.01599259,0.00000000,0.00000000,0.00000000,0.00000000,0.00000000,0.00483836,0.00000000,0.00000000,0.00000000,0.00000000,0.00000000,0.00000000,0.00000000,0.00000000,0.00000000,0.00688161,0.00000000,0.00000000,0.00000000,0.00264044,0.00000000,0.00000000,0.00000000,0.00000000,0.00000000,0.00000000,0.00000000,0.00000000,0.00000000,0.00000000,0.00000000,0.00000000,0.00000000,0.00000000,0.00000000,0.06085520,0.00000000,0.00362585,0.00771671,0.00000000,0.00000000,0.00000000,0.00000000,0.00000000,0.00000000,0.00000000,0.00000000,0.00000000,0.00000000,0.00000000,0.00000000,0.00000000,0.00000000,0.00000000,0.00000000,0.00000000,0.00000000,0.00000000,0.00000000,0.00000000,0.00000000,0.00572184,0.00000000,0.00000000,0.05572511,1.95898399,0.00000000,0.00000000,0.02002025,0.00000000,0.00000000,0.00083234,0.00000000,0.00000000,0.00000000,0.00000000,0.10095745,0.01084272,0.00173152,0.00000000,0.82269471,0.00000000,0.00401268,0.00000000,0.00000000,0.00000000,0.00966844,0.00000000,0.00159765,0.00000000,0.00000000,0.00000000,0.00000000,0.00260219,0.00603585,0.00000000,0.00000000,0.00000000,0.00000000,0.00000000,0.00000000,0.00000000,0.00000000,0.00000000,0.00000000,0.00000000,0.00000000,0.00000000,0.00000000,0.00000000,0.00000000,0.00000000,0.00000000,0.00000000,0.00000000,0.00000000,0.00000000,0.00000000,0.00150037,0.00000000,0.00000000,0.01125664,0.00000000,0.00000000,0.00000000,0.00000000,0.00000000,0.08338315,0.00000000,0.00000000,0.00000000,0.00000000,0.00000000,0.00000000,0.00000000,0.00000000,0.00000000,0.00000000,0.02379315,0.00000000,0.00000000,0.00850674,0.00000000,0.00000000,0.00000000,0.00000000,0.00000000,0.00000000,0.00000000,0.00000000,0.00000000,0.00000000,0.00000000,0.00000000,0.00000000,0.00000000,0.00000000,0.00000000,0.00000000,0.00000000,0.00000000,0.00000000,0.00000000,0.00000000,0.00000000,0.00000000,0.00000000,0.00656896,0.00000000,0.00000000,0.00000000,0.00000000,0.00000000,0.00000000,0.00000000,0.00000000,0.00000000,0.02798731,0.00000000,0.00000000,0.00000000,0.00000000,0.00000000,0.00000000,0.00000000,0.04677115,0.00000000,2.39821222,0.00000000,0.00000000,0.00168942,0.00000000,0.00000000,0.00000000,0.00000000,0.00000000,0.00000000,0.00000000,0.00000000,0.00000000,0.00000000,0.00000000,0.00000000,0.00000000,0.00000000,0.00000000,0.00000000,0.00000000,0.07682633,0.00000000,0.00000000,0.00000000,0.00000000,0.00000000,0.00000000,0.00168475,0.00000000,0.00000000,0.00000000,0.00000000,0.00000000,0.00000000,0.00000000,0.00000000,0.00000000,0.00000000,0.00000000,0.00391285,0.00000000,0.00000000,0.00000000,0.00293725,0.00000000,0.01921131,0.00000000,0.00000000,0.00000000,0.00000000,0.00000000,0.00000000,0.00000000,0.00000000,0.00000000,0.00000000,0.00000000,0.01453857,0.00000000,0.00000000,0.00000000,0.00000000,0.00000000,0.00000000,0.00000000,0.00000000,0.00390197,0.00000000,0.00000000,0.01204615,0.00000000,0.00000000,0.00000000,0.00000000,0.00000000,0.00000000,0.00000000,0.00000000,0.00000000,0.00228191,0.00000000,0.00000000,0.00000000,0.00000000,0.00000000,0.00000000,0.00000000,0.00000000,0.00000000,0.00000000,0.00000000,0.00076033,0.00000000,0.00000000,0.00000000
0.00353417,0.00000000,0.00000000,0.00000000,0.00000000,0.00000000,0.00000000,0.00000000,0.00000000,0.00000000,0.00000000,0.00000000,0.00000000,0.00000000,0.00000000,0.00000000,0.00000000,0.00230645,0.00000000,0.00000000,0.02200881,0.00134526,0.00000000,0.00000000,0.00000000,0.00000000,0.00000000,0.00000000,0.00858222,0.00000000,0.00000000,0.02237756,0.00000000,0.00000000,0.00075249,0.00000000,0.00000000,0.00000000,0.00000000,0.00000000,0.00000000,0.00000000,0.00000000,0.00000000,0.00000000,0.00000000,0.00000000,0.00000000,0.00000000,0.00000000,4.35744268,0.00175809,0.00000000,0.00428050,0.00000000,0.00000000,0.00000000,0.00000000,0.00000000,0.00000000,0.00000000,0.00000000,0.00000000,0.00000000,0.00000000,0.00000000,0.00000000,0.00000000,0.00000000,0.00000000,0.00000000,0.00000000,0.97203421,0.00000000,0.00000000,0.00000000,0.02298804,0.00000000,0.00000000,0.00000000,0.00000000,0.01165088,0.00000000,0.00000000,0.00000000,0.00000000,0.00000000,0.00000000,0.00000000,0.00000000,0.00000000,0.00635530,0.00000000,0.00000000,0.00000000,0.00000000,0.00000000,0.00000000,0.00000000,0.00192725,0.00000000,0.00000000,0.00000000,0.00000000,0.00000000,0.00000000,0.00000000,0.00000000,0.00000000,0.00000000,0.00448704,0.18193948,0.00000000,0.00685925,0.00000000,0.00000000,0.00000000,0.00000000,0.00000000,0.02536035,0.00331034,0.00000000,0.00000000,0.00000000,0.00000000,0.00516161,0.00589440,0.00000000,0.00000000,0.00000000,0.00000000,0.00000000,0.00000000,0.00000000,0.00000000,0.00000000,0.00000000,0.00000000,0.00000000,0.00000000,0.00000000,0.00000000,0.00000000,0.00000000,0.00000000,0.00000000,0.00000000,0.00000000,0.00000000,0.00000000,0.00000000,0.00000000,0.00000000,0.00000000,0.04852700,0.00000000,0.00153802,0.00000000,0.00000000,0.00000000,0.00000000,0.00000000,0.00000000,0.00980860,0.00000000,0.00000000,0.00000000,0.00000000,0.00000000,0.00000000,0.00000000,0.00000000,0.00000000,0.00994150,0.00000000,0.00000000,0.00000000,0.00000000,0.00000000,0.00000000,0.00000000,0.00000000,0.00000000,0.00000000,0.00000000,0.00000000,0.00485352,0.01292172,0.00000000,0.00000000,0.00000000,0.00000000,0.00000000,0.00000000,0.00000000,0.00000000,0.00000000,0.00000000,0.01502499,0.00564829,0.00000000,0.00567849,0.00000000,0.00000000,0.00500890,0.00000000,0.00000000,0.00000000,0.00000000,0.00000000,0.04943861,0.00000000,0.00000000,0.00000000,0.00000000,0.00000000,0.00000000,0.00000000,0.00000000,0.00000000,0.00000000,0.00000000,0.00000000,0.00000000,0.00000000,0.00000000,0.00000000,0.00000000,0.00000000,0.00000000,0.00000000,0.01357396,0.00196801,0.00000000,0.00000000,0.00000000,0.00000000,0.00000000,0.00000000,0.00000000,0.00000000,0.00000000,0.00000000,0.00000000,0.00000000,0.00000000,0.00000000,0.00000000,0.00000000,0.00000000,0.00717963,0.00000000,0.00417530,0.00000000,0.00000000,0.00000000,0.00000000,0.00000000,0.00000000,0.00000000,0.00000000,0.00000000,0.00000000,0.00000000,0.00102468,0.00000000,0.00000000,0.00000000,0.00000000,0.00000000,0.05314502,0.00000000,0.00000000,0.00000000,0.00000000,0.00000000,0.00000000,0.00000000,0.00000000,0.00000000,0.00000000,0.00000000,0.24231860,0.00000000,0.00000000,0.00000000,0.00000000,0.00000000,0.00000000,0.00000000,0.00000000,0.00000000,0.00000000,0.00316575,0.00000000,0.00000000,0.00000000,0.00000000,0.00000000,0.02368649,0.00000000,0.00000000,0.00000000,0.00234765,0.00000000,0.00000000,0.00000000,0.00000000,0.00000000,0.00000000,0.00000000,0.00721997,0.00000000,0.00762156,0.00000000,0.00000000,0.00000000,0.00000000,0.00000000,0.06564907,0.00000000,0.00000000,0.00000000,0.01561454,0.00653892,0.00000000,0.00751354,0.00000000,0.00000000,0.00000000,0.00197080,0.00000000,0.00000000,0.00000000,0.00000000,0.00000000,0.00000000,0.00000000,0.00000000,0.00149650,0.00000000,0.00000000,0.00000000,0.00000000,0.00000000,0.00000000,0.00000000,0.01383906,0.00000000,0.00000000,0.00000000,0.00000000,0.00000000,0.00000000,0.00128351,0.00406302,0.00000000,0.00000000,0.00000000,0.01484257,0.00000000,0.00000000,0.00000000,0.00000000,0.00000000,0.00000000,0.00000000,0.00000000,0.00000000,0.00000000,0.00543516,0.00000000,0.00000000,0.00000000,0.00000000,0.00000000,0.00000000,0.00000000,0.00341476,0.00000000,0.00000000,0.00000000,0.00000000,0.00000000,0.00000000,0.00000000,0.00000000,0.00000000,0.00000000,0.00000000,0.00000000,0.00000000,0.00000000,0.00000000,0.00000000,0.00000000,0.00000000,0.00000000,0.00000000,0.00000000,0.00000000,0.00000000,0.00000000,0.00000000,0.00000000,0.00000000,0.00000000,0.00000000,0.00000000,0.00000000,0.00157176,0.00000000,0.00705097,0.00000000,0.00000000,0.00000000,0.00000000,0.00421857,0.00000000,0.00000000,0.00617242,0.00000000,0.00118817,0.00076324,0.00000000,0.00000000,0.00000000,0.00000000,0.00000000,0.00000000,0.00000000,0.00000000,0.00000000,0.00000000,0.00000000,0.00339832,0.00000000,0.00000000,0.00000000,0.00000000,0.00000000,0.00490588,0.00000000,0.00000000,0.00000000,0.00000000,0.00000000,0.01035404,0.00000000,0.00000000,0.00000000,0.00000000,0.01068903,0.00000000,0.00000000,0.00000000,0.00000000,0.00000000,0.00000000,0.00000000,0.00000000,0.00000000,0.00000000,0.00000000,0.00000000,0.00000000,0.00000000,0.00000000,0.00000000,0.00000000,0.00000000,0.00000000,0.00000000,0.00000000,0.64929461,0.00201132,0.01800259,0.00000000,0.00000000,0.00000000,0.00000000,0.00000000,0.00000000,0.00000000,0.00000000,0.00000000,0.00000000,0.00000000,0.00000000,0.00000000,0.00000000,0.00000000,0.00150374,0.00000000,0.00000000,0.00000000,0.00000000,0.00000000,0.00000000,0.00000000,0.00000000,0.00000000,0.00000000,0.00000000,0.00000000,0.00000000,0.00300014,0.00000000,0.00000000,0.00000000,0.00000000,0.00794267,0.00272854,0.00000000,0.00000000,0.00000000,0.00000000,0.00000000,0.00000000,0.00000000,0.00000000,0.03715991,0.00000000,0.00000000,0.00000000,0.00216370,0.00000000,0.00000000,0.00000000,0.00000000,0.00000000,0.00000000,0.00000000,0.00000000,0.00000000,0.00000000,0.00000000,0.00000000,0.00000000,0.00000000,0.00000000,0.00000000,0.00000000,0.02170834,0.00000000,0.00000000,0.00000000,0.00000000,0.00000000,0.00000000,0.00000000,0.00000000,0.00000000,0.00000000,0.00000000,0.00000000,0.00000000,0.00000000,0.00000000,0.00000000,0.00000000,0.00000000,0.00000000,0.00000000,0.00000000,0.00000000,0.03285726,0.00294834,0.00391559,0.00000000,0.00000000,0.00000000,0.00000000,0.00000000,0.00147886,0.00000000,0.00000000,0.00000000,0.00091017,0.00566696,0.00521599,0.00000000,0.00000000,0.00000000,0.00000000,0.00000000,0.00791058,0.00000000,0.00000000,0.00000000,0.00000000,0.00000000,0.00320531,0.00000000,0.00000000,0.00000000,0.00000000,0.03128446,0.00000000,0.45602668,0.00000000,0.00000000,0.00000000,0.00000000,0.00000000,0.00000000,0.00000000,0.00000000,0.00000000,0.00000000,0.00000000,0.00000000,0.00320767,0.00000000,0.12137637,0.00000000,0.00000000,0.00000000,0.00000000,0.00000000,0.00000000,0.00000000,0.00000000,0.01650192,0.00000000,0.00000000,0.00000000,0.00000000,0.00000000,0.00000000,0.00000000,0.00000000,0.00000000,0.00000000,0.00000000,0.00000000,0.00000000,0.00000000,0.00000000,0.01731583,0.00000000,0.00000000,0.00000000,0.00000000,0.01264945,0.00000000,0.00000000,0.00000000,0.00000000,0.00000000,0.00000000,0.00000000,0.00000000,0.00565955,0.00000000,0.00000000,0.00000000,0.00000000,0.00000000,0.00000000,0.00000000,0.00000000,0.00000000,0.02371030,0.00000000,0.00000000,0.00000000,0.00000000,0.00000000,0.00000000,0.00000000,0.00601472,0.00000000,0.02787858,0.00000000,0.00000000,0.00539885,0.00579941,0.00000000,0.00000000,0.00000000,0.00000000,0.02102058,0.00000000,0.00000000,0.00000000,0.00000000,0.00000000,0.00557451,0.00000000,0.00000000,0.00000000,0.00000000,0.00000000,0.00000000,0.00000000,0.00000000,0.00000000,0.00000000,0.00000000,0.00000000,0.00000000,0.00000000,0.00000000,0.00000000,0.00727860,0.00000000,0.00289953,0.00000000,0.00000000,0.00000000,0.00000000,0.00000000,0.00000000,0.00000000,0.00000000,0.00000000,0.00000000,0.00000000,0.00000000,0.00000000,0.00000000,0.00000000,0.00000000,0.00000000,0.00000000,0.00000000,0.00000000,0.00000000,0.00000000,0.00000000,0.00000000,0.00000000,0.00000000,0.00000000,0.00000000,0.00000000,0.00202374,0.00000000,0.00000000,0.00000000,0.00000000,0.00076064,0.00000000,0.00000000,0.00261672,0.00000000,0.01154888,0.00000000,0.00000000,0.00000000,0.00000000,0.00000000,0.00000000,0.00000000,0.00000000,0.00000000,0.00000000,0.00000000,0.00541260,0.00000000,0.00000000,1.67024743,0.00000000,0.00000000,0.00000000,0.00717482,0.00000000,0.00000000,0.00000000,0.00212027,0.00000000,0.00000000,0.00000000,0.00000000,0.00000000,0.00000000,0.00000000,0.01669415,0.00000000,0.00000000,0.00000000,0.00000000,0.00000000,0.00000000,0.00000000,0.00000000,0.00000000,0.00000000,0.00000000,0.00000000,0.00000000,0.00000000,0.00000000,0.00273199,0.00000000,0.00000000,0.00406136,0.00000000,0.00000000
0.00000000,0.00000000,0.00000000,0.00000000,0.00000000,0.00000000,0.00000000,0.00000000,0.00000000,0.02231915,0.00182579,0.00000000,0.00000000,0.00000000,0.00000000,0.00000000,0.00000000,0.00000000,0.02065661,0.00000000,0.00000000,0.00000000,0.00000000,0.00000000,0.00000000,0.00000000,0.00000000,0.00000000,0.00000000,0.00000000,0.00000000,0.00000000,0.00000000,0.00000000,0.00000000,0.00000000,0.01833430,0.00000000,0.00000000,0.00096733,0.00000000,0.00000000,0.00000000,0.00000000,0.00000000,0.00000000,0.00000000,0.00000000,0.00000000,0.00000000,0.00000000,0.00000000,0.00000000,0.00000000,0.00000000,0.00000000,0.00000000,0.00000000,0.00000000,0.00000000,0.00000000,0.00000000,0.00000000,0.00000000,0.00000000,0.00000000,0.00000000,0.01330275,0.00000000,0.00000000,0.00000000,0.01357205,0.00000000,0.00000000,0.00849646,0.00000000,0.00000000,0.00000000,0.00000000,0.00000000,0.00000000,0.00000000,0.00000000,0.00000000,0.00000000,0.00000000,0.00000000,0.03625714,0.00000000,0.00000000,0.00000000,0.00000000,0.00000000,0.00000000,0.00272000,0.00263739,0.00382699,0.00000000,0.00000000,0.00000000,0.00000000,0.00000000,0.00000000,0.00000000,0.00000000,0.00000000,0.00000000,0.03001958,0.00000000,0.00000000,0.00000000,0.00315387,0.00000000,0.00000000,0.00000000,0.00000000,0.00000000,0.00000000,0.00000000,0.00000000,0.00238254,0.00000000,0.00000000,0.00000000,0.00000000,0.00000000,0.00000000,0.00000000,0.00000000,0.00000000,0.00000000,0.00000000,0.00000000,0.00000000,0.00000000,0.00000000,0.00761049,0.00000000,0.00000000,0.00000000,0.00000000,0.00000000,0.00000000,0.00000000,0.00000000,0.00000000,0.00000000,0.03537914,0.00000000,0.00000000,0.00000000,0.00000000,0.00000000,0.00000000,0.00966933,0.00000000,0.00000000,0.00000000,0.00000000,0.00000000,0.00000000,0.00000000,0.00000000,0.00000000,0.00000000,0.00000000,0.00000000,0.00000000,0.00000000,0.00000000,0.00000000,0.00000000,0.00000000,0.00000000,0.00000000,0.00000000,0.00000000,0.00000000,0.00000000,0.00000000,0.00000000,0.00000000,0.00000000,0.00000000,0.00000000,0.00000000,0.00000000,0.00000000,0.00000000,0.00000000,0.00000000,0.00000000,0.00000000,0.00000000,0.03298959,0.00252256,0.00000000,0.00463655,0.00000000,0.00000000,0.00000000,0.00000000,0.00000000,0.00000000,0.00704495,0.01500336,0.00000000,0.00000000,0.00000000,0.00000000,0.00000000,0.00000000,0.00000000,0.18006753,0.00000000,0.00000000,0.00000000,0.00000000,0.00000000,0.91979750,0.00000000,0.00000000,0.00000000,0.01508034,0.00000000,0.00152180,0.00000000,0.00000000,0.00000000,0.00000000,0.00000000,0.00000000,0.00000000,0.00000000,0.00000000,0.00000000,0.00000000,0.00000000,0.00000000,0.00000000,0.00000000,0.00000000,0.00000000,0.00000000,0.00000000,0.00000000,0.00000000,0.00000000,0.00000000,0.00000000,0.00000000,0.00000000,0.00450559,0.00000000,0.00000000,0.00000000,0.00000000,0.00000000,0.00000000,0.00000000,0.00000000,0.00000000,0.00000000,0.00000000,0.00000000,0.00000000,0.00095564,0.00000000,0.00273357,0.00000000,0.00000000,0.00000000,0.00000000,0.00000000,0.00000000,0.00000000,0.00000000,0.00245727,0.00000000,0.00000000,0.00000000,0.00093858,0.00000000,0.00105729,0.00000000,0.00000000,0.00000000,0.00000000,0.00000000,0.00905443,0.00000000,0.00000000,0.00000000,0.00000000,0.00000000,0.00304539,0.00000000,0.00586868,0.00000000,0.00000000,0.09569037,0.00000000,0.00000000,0.00097466,0.00000000,0.00000000,0.00000000,0.00000000,0.00000000,0.00000000,0.00000000,0.00704910,0.00000000,0.00000000,0.00000000,0.00000000,0.00000000,0.00000000,0.00000000,0.00000000,0.00000000,0.00000000,0.00000000,0.00000000,0.00000000,0.00000000,0.00223081,0.00000000,0.00000000,0.00000000,0.00000000,0.00000000,0.00000000,0.00000000,0.00000000,0.00000000,0.00000000,0.00000000,0.00000000,0.00000000,0.17023266,0.00000000,0.00000000,0.00000000,0.00000000,0.00000000,0.00000000,0.00000000,0.00000000,0.02050341,0.00000000,0.00000000,0.00000000,0.00000000,0.00000000,0.00000000,0.00000000,0.00000000,0.00000000,0.00523754,0.00000000,0.00000000,0.53685069,0.00000000,0.00355995,0.00000000,0.00000000,0.00000000,0.00101333,0.00000000,0.00000000,0.00000000,2.68795608,0.00000000,0.00000000,0.00000000,0.00000000,0.00000000,0.00000000,0.00000000,0.00161015,0.00000000,0.00000000,0.00527416,0.00198104,0.00400117,0.00000000,0.00000000,0.00000000,0.00000000,0.00000000,0.00000000,0.02285993,0.03275877,0.00000000,0.00000000,0.00462783,0.00000000,0.00000000,0.00000000,0.00000000,0.03104211,0.00000000,0.01157738,0.00000000,0.00000000,0.00000000,0.00839073,0.00000000,0.07634401,0.00000000,0.00000000,0.00000000,0.00000000,0.00000000,0.07743588,0.00000000,0.00000000,0.00000000,0.00000000,0.00000000,0.00000000,0.00598141,0.00000000,0.00000000,0.00000000,0.01221101,0.00000000,0.00000000,0.00000000,0.02632486,0.00000000,0.00000000,0.00000000,0.00000000,0.00000000,0.00000000,0.00000000,0.00000000,0.00000000,0.00783018,0.00000000,0.00000000,0.00000000,0.48411797,0.00000000,0.00000000,0.00000000,0.00000000,0.00000000,0.00000000,0.00000000,0.00000000,0.00000000,2.62853756,0.00000000,0.00000000,0.00000000,0.00000000,0.00000000,0.00000000,0.00000000,0.00000000,0.00000000,0.00000000,0.00000000,0.00000000,0.00000000,0.00550317,0.00966081,0.00000000,0.00000000,0.00000000,0.00000000,0.00000000,0.00000000,0.00000000,0.00000000,0.00000000,0.00000000,0.00000000,0.03641331,0.00000000,0.00000000,0.00000000,0.00000000,0.00000000,0.00000000,0.00000000,0.00000000,0.00000000,0.00428354,0.00000000,0.00000000,0.10150691,0.00000000,0.01006369,0.00000000,0.00000000,0.00000000,0.00000000,0.00000000,0.00000000,0.00000000,0.00000000,0.00000000,0.00000000,0.00000000,0.00000000,0.00000000,0.00000000,0.00000000,0.03602236,0.00000000,0.00095235,0.00000000,0.00000000,0.00000000,0.00000000,0.00000000,0.00000000,0.00000000,0.00445095,0.00000000,0.00000000,0.00000000,0.00000000,0.00000000,0.00000000,0.00000000,0.00000000,0.00000000,0.00000000,0.00000000,0.00000000,0.00000000,0.00000000,0.00000000,0.00000000,0.00000000,0.00000000,0.00000000,0.00000000,0.00000000,0.00000000,0.00000000,0.00000000,0.00000000,0.01328313,0.00000000,0.00000000,0.00000000,0.00000000,0.00000000,0.00000000,0.00000000,0.00000000,0.00000000,0.00192816,0.00000000,0.00563098,0.00000000,0.00000000,0.00000000,0.00000000,0.00000000,0.00000000,0.00000000,0.00000000,0.00000000,0.00000000,0.00000000,0.00000000,0.00000000,0.00000000,0.00000000,0.00000000,0.00000000,0.00000000,0.00000000,0.00000000,0.00168821,0.00000000,0.00000000,0.00000000,0.00000000,0.00000000,0.00000000,0.00000000,0.00000000,0.00000000,0.00000000,0.00000000,0.00000000,0.00000000,0.00000000,0.00000000,0.00000000,0.00000000,0.00000000,0.00000000,0.00083293,0.00000000,0.00000000,0.00000000,0.00000000,0.00000000,0.00000000,0.00000000,0.00000000,0.01758666,0.00000000,0.00000000,0.00000000,0.00000000,0.00000000,0.00000000,0.00000000,0.00000000,0.62449513,0.00000000,0.00000000,0.00000000,0.00000000,0.00000000,0.00000000,0.15332796,0.00000000,0.00000000,0.00000000,0.00000000,0.00000000,0.00000000,0.00000000,0.00000000,0.00000000,0.03526190,0.00000000,0.00000000,0.00000000,0.00000000,0.00692055,0.00000000,0.00000000,0.00431671,0.00000000,0.00000000,0.00000000,0.00000000,0.00000000,0.00000000,0.00000000,0.00158257,0.00000000,0.05212340,0.00000000,0.00000000,0.00000000,0.00162727,0.00000000,0.04193088,0.00000000,0.00000000,0.00000000,0.00000000,0.00000000,0.00000000,0.00000000,0.00382851,0.00000000,0.00000000,0.00000000,0.00000000,0.00000000,0.00000000,0.00000000,0.00000000,0.00000000,0.00000000,0.00000000,0.01447878,0.00000000,0.00000000,0.00000000,0.00120215,0.00000000,0.00000000,0.00000000,0.00000000,0.02505280,0.00000000,0.00619589,0.00000000,0.00000000,0.00000000,0.00000000,0.00000000,0.00000000,0.00000000,0.00000000,0.00000000,0.00000000,0.00000000,0.00000000,0.01224692,0.00000000,0.00000000,0.00000000,0.00000000,0.00000000,0.27532307,0.00000000,0.00000000,0.00000000,0.00000000,0.00000000,0.00000000,0.00966742,0.00000000,0.02065627,0.00000000,0.00000000,0.00000000,0.00000000,0.00000000,0.00000000,0.00000000,0.00000000,0.00000000,0.00000000,0.00000000,0.00000000,0.00405898,0.00000000,0.00000000,0.00930933,0.00000000,0.00000000,0.00000000,0.00000000,0.00357044,0.02704817,0.02734238,0.00000000,0.00933359,0.00000000,0.00000000,0.00098939,0.00000000,0.00377057,0.00000000,0.00000000,0.00000000,0.00000000,0.00000000,0.30360184,0.24175887,0.00000000,0.02010360,0.00000000,0.00000000,0.00000000,0.00000000,0.00000000,0.00000000,0.00000000,0.00000000,0.00000000,0.00561849,0.00000000,0.00000000,0.00000000,0.00000000,0.00000000,0.00000000,0.00000000,0.00000000,0.00000000,0.00000000,0.00000000,0.00000000,0.00000000,0.00370454,0.00000000,0.00000000,0.00060553,0.00000000,0.00736116,0.00000000,0.00000000,0.00000000,0.00000000,0.00000000,0.00000000,0.00000000,0.00000000,0.00000000,0.00000000,0.02717246,0.00000000
0.02085360,0.00000000,0.00000000,0.00112682,0.00959817,0.00510890,0.00245620,0.00000000,0.00000000,0.00000000,0.00000000,0.00000000,0.00000000,0.00000000,0.00000000,0.00000000,0.00000000,0.00000000,0.00000000,0.00000000,0.00065666,0.00000000,0.00000000,0.00000000,0.02047356,0.00000000,0.00000000,0.01215302,0.00000000,0.00000000,0.00000000,0.00000000,0.00000000,0.00000000,0.00000000,0.01306023,0.00000000,0.00479392,0.00000000,0.00000000,0.00000000,0.00000000,0.00000000,0.00675760,0.00000000,0.00000000,0.00000000,0.02532649,0.00852822,0.00000000,0.00000000,0.00000000,0.00000000,0.00000000,0.00061412,0.00000000,0.00000000,0.00000000,0.00000000,0.00000000,0.00467024,0.00000000,0.00000000,0.00000000,0.00000000,0.00000000,0.00000000,0.00000000,0.00000000,0.00000000,0.00000000,0.00000000,0.00000000,0.00000000,0.00000000,0.00000000,0.00000000,0.00000000,0.00000000,0.00000000,0.00834277,0.00000000,0.00000000,0.00000000,0.00000000,0.00000000,0.00000000,0.16772091,0.00000000,0.00000000,0.00000000,0.01593964,0.00000000,0.00000000,0.00000000,0.00000000,0.00000000,0.00000000,0.00000000,0.00000000,0.00000000,0.00000000,0.00000000,0.00000000,0.00000000,0.00000000,0.00000000,0.00000000,0.00142764,0.00000000,0.00000000,0.00000000,0.00000000,0.00000000,0.00596958,0.00000000,0.00000000,0.00000000,0.00000000,0.00000000,0.00000000,0.01494870,0.00174631,0.00000000,0.00000000,0.00000000,0.00000000,0.00000000,0.00000000,0.16618692,0.00000000,0.00000000,0.00323129,0.00534891,0.00000000,0.00000000,0.00000000,0.06749725,0.00129397,0.00000000,0.00000000,0.00000000,0.00000000,0.00000000,0.00000000,0.00000000,0.00000000,0.00000000,0.00000000,0.00444284,0.00000000,0.00000000,0.00000000,0.00000000,0.00000000,0.00000000,0.00809909,0.00000000,0.00000000,0.00000000,0.00000000,0.00000000,0.00000000,0.00000000,0.00000000,0.00000000,0.00000000,0.00000000,0.00000000,0.03110476,0.00000000,0.00000000,0.00000000,0.00000000,0.00000000,0.00000000,0.00000000,0.00000000,0.00000000,0.00000000,0.00000000,0.00000000,0.01232617,0.00000000,0.00000000,0.00000000,0.00000000,0.12153534,0.00403023,0.00000000,0.00000000,0.00000000,0.00000000,0.00000000,0.00000000,0.00769863,0.00000000,0.00000000,0.00000000,0.00000000,0.00000000,0.00000000,0.00000000,0.00000000,0.00000000,0.00000000,0.00000000,0.00000000,0.00000000,0.00000000,0.00000000,0.00000000,0.00000000,0.00000000,0.00000000,0.07119347,0.00000000,0.00000000,0.00000000,0.01223002,0.00000000,0.00000000,0.00000000,0.00000000,0.00000000,0.00000000,0.00898862,0.00000000,0.00000000,0.00220893,0.00000000,0.00000000,0.00000000,0.00000000,0.00000000,0.00000000,0.00000000,0.00000000,0.00000000,0.06028968,0.00000000,0.00986578,0.00000000,0.07115302,0.00000000,0.06305518,0.00000000,0.00000000,0.00000000,0.00000000,0.00000000,0.00000000,0.00000000,0.00000000,0.00000000,0.00000000,0.00000000,0.00000000,0.00000000,0.00000000,0.00000000,0.00000000,0.00000000,0.00000000,0.00000000,0.00000000,0.00000000,0.00440805,0.00510449,0.00000000,0.00700474,0.00000000,0.00000000,0.00000000,0.00000000,0.00000000,0.00000000,0.00000000,0.00000000,0.00000000,0.00000000,0.00000000,0.00000000,0.00000000,0.00000000,0.01171879,0.00000000,0.00000000,0.00000000,0.00000000,0.00000000,0.00000000,0.00000000,0.00000000,0.00000000,0.00000000,0.00000000,0.00000000,0.00000000,0.00000000,0.00000000,0.00000000,0.00000000,0.00000000,0.00000000,0.00000000,0.00000000,0.00000000,0.00000000,0.00000000,0.00000000,0.00000000,0.00000000,0.00000000,0.00000000,0.00000000,0.00000000,0.00000000,0.00000000,0.00000000,0.00000000,0.00000000,0.00000000,0.00000000,0.00000000,0.00000000,0.00000000,0.00000000,0.00000000,0.00000000,0.00000000,0.00000000,0.00000000,0.00000000,0.00000000,0.00000000,0.00000000,0.00000000,0.00000000,0.00000000,0.00000000,0.00000000,0.00000000,0.00000000,0.00000000,0.00000000,0.00000000,0.00000000,0.00000000,0.03665771,0.00000000,0.00000000,0.00000000,0.00000000,0.00000000,1.01110871,0.00000000,0.00000000,0.00000000,0.00000000,0.00000000,0.00000000,0.00000000,0.00000000,0.00000000,0.01734579,0.00000000,0.00000000,0.00000000,0.00000000,0.00000000,0.00000000,0.00917198,0.00000000,0.00000000,0.00000000,0.00000000,0.00000000,0.01004040,0.00000000,0.18823181,0.00000000,0.00000000,0.00000000,0.15255988,0.00000000,0.00000000,0.00118013,0.00000000,0.00000000,0.00000000,0.00000000,0.00194907,0.00000000,0.00000000,0.00000000,0.52121070,0.00000000,0.00000000,0.00000000,0.03823489,0.00000000,0.02868230,0.00000000,0.00000000,0.00000000,0.00000000,0.00000000,0.00000000,0.00000000,0.00000000,0.04834533,0.00000000,0.00000000,0.00000000,0.00000000,0.00000000,0.00000000,0.02798782,0.00000000,0.00000000,0.00000000,0.00000000,0.00000000,0.00000000,0.00000000,0.00000000,0.00000000,0.05485550,0.00653070,0.00000000,0.00000000,0.00000000,0.00000000,0.00000000,0.00000000,0.00000000,0.00000000,0.00000000,0.01915742,0.00000000,0.00354844,0.00878093,0.00000000,0.00000000,0.00000000,0.00000000,0.00000000,0.00000000,0.00511797,0.00000000,0.00000000,0.02773017,0.00369190,0.00000000,0.00000000,0.00000000,0.00000000,0.00000000,0.01352229,0.00000000,0.00580623,0.00000000,0.00000000,0.00000000,0.00000000,0.00000000,0.00000000,0.00000000,0.00000000,0.00000000,0.00108916,0.00000000,0.00000000,0.00000000,0.00000000,0.00000000,0.00000000,0.00000000,0.00000000,0.00000000,0.00351576,0.02900240,0.00000000,0.00000000,0.00000000,0.00000000,0.00000000,0.00000000,0.00000000,0.00000000,0.14487460,0.00000000,0.00000000,0.00335134,0.00000000,0.00000000,0.02087511,0.00000000,0.00000000,0.00000000,0.00000000,0.00000000,0.00000000,0.01536209,1.31835751,0.00000000,0.00000000,0.00000000,0.00000000,0.00000000,0.00000000,0.00000000,0.00000000,0.00000000,0.00000000,0.00000000,0.00000000,0.00000000,0.02148552,0.00000000,0.00000000,0.00000000,0.00000000,0.00000000,0.01399686,0.00000000,0.00000000,0.00000000,0.00000000,0.00000000,0.00000000,0.00000000,0.00000000,0.00000000,0.00000000,0.00000000,0.00000000,0.00000000,0.00000000,0.00000000,0.00707388,0.00000000,0.00000000,0.00000000,0.00000000,0.00000000,0.00000000,0.00000000,0.00000000,0.00000000,0.00000000,0.00000000,0.00000000,0.00090606,0.77803654,0.00000000,0.00000000,0.00000000,0.00000000,0.00000000,0.00000000,0.00000000,0.00000000,0.00000000,0.00000000,0.00000000,0.00000000,0.00000000,0.00000000,0.00000000,0.00495979,0.00000000,0.00000000,0.00000000,0.00000000,0.00000000,0.00000000,0.00000000,0.00299308,0.00357252,0.00000000,0.00000000,0.00000000,0.00000000,0.00000000,0.00000000,0.00000000,0.02256985,0.00000000,0.00000000,0.00000000,0.00000000,0.00000000,0.00000000,0.00000000,0.00000000,0.00000000,0.00000000,0.00000000,0.02420080,0.00000000,0.00000000,0.00000000,0.00000000,0.00000000,0.00000000,0.05405351,0.00000000,0.00000000,0.00000000,0.07442408,0.01094098,0.00000000,0.00000000,0.00696102,0.00000000,0.00000000,0.00000000,0.00510189,0.00000000,0.00000000,0.00000000,0.00000000,0.00000000,0.05169877,0.00000000,0.00000000,0.00000000,0.00000000,0.00000000,0.00000000,0.00000000,0.00000000,0.00466701,0.00000000,0.00000000,0.00000000,0.00000000,0.00000000,0.00591689,0.31377767,0.00000000,0.00000000,0.00000000,0.00000000,0.00000000,0.00000000,0.00000000,0.00000000,0.00000000,0.00000000,0.00000000,0.00290675,0.00000000,0.00000000,0.00000000,0.00000000,0.00000000,0.00000000,0.00000000,0.00000000,0.00000000,0.00000000,0.00000000,0.00000000,0.01337558,0.00000000,0.02966093,2.57398101,0.00000000,0.00000000,0.00000000,0.00000000,0.00000000,0.01140407,0.00000000,0.00000000,0.00000000,0.00000000,0.00000000,0.00512884,0.00000000,0.00000000,0.00000000,0.00000000,0.00000000,0.00000000,0.00129924,0.00744366,0.00000000,0.00000000,0.00000000,0.00000000,0.00000000,0.00000000,0.00000000,0.00000000,0.00000000,0.00000000,0.00000000,0.00000000,0.00000000,0.00000000,0.00000000,0.00000000,0.00000000,0.00000000,0.00000000,0.00000000,0.00000000,0.00000000,0.00000000,0.00000000,0.00000000,0.00000000,0.00000000,0.00000000,0.00000000,0.00000000,0.00000000,0.00000000,0.00000000,0.00000000,0.00000000,0.00000000,0.00000000,0.00000000,0.00000000,0.00000000,0.00319924,0.00000000,0.00000000,0.00000000,0.00000000,0.00000000,0.00000000,0.00000000,0.00000000,0.00000000,0.00416801,0.00000000,0.00000000,0.00000000,0.00000000,0.00000000,0.00000000,0.00000000,0.00000000,0.00000000,0.00000000,0.00000000,0.00000000,0.00000000,0.00000000,0.00000000,0.00468142,0.00000000,0.02305244,0.00593851,0.00000000,0.00000000,0.03088667,0.00000000,0.00000000,0.00000000,0.00194169,0.00000000,0.00000000,0.00000000,0.00000000,0.00000000,0.00897195,0.00000000,0.00000000,0.00000000,0.09353390,0.00000000,0.00000000,0.00000000,0.00000000,0.00000000,0.00000000,0.00000000,0.00000000,0.00000000,0.00000000,0.00000000,0.00000000,0.00000000,0.00000000,0.00000000,0.00000000,0.00000000,0.00000000,0.00000000,0.00000000,0.00000000,0.00000000,0.00000000
0.00000000,0.00000000,0.00000000,0.00000000,0.00000000,0.00000000,0.00000000,0.00413674,0.00000000,0.00000000,0.00000000,0.00000000,0.00000000,0.00000000,0.00000000,0.00000000,0.00000000,0.00000000,0.00000000,0.00000000,0.00000000,0.00000000,0.02039540,0.00000000,0.00000000,0.00000000,0.00000000,0.00000000,0.00000000,0.00000000,0.00000000,0.02035274,0.00000000,0.00000000,0.00000000,0.02097634,0.00000000,0.00000000,0.00000000,0.00000000,0.00000000,0.00000000,0.00524132,0.00000000,0.00000000,0.00000000,0.00000000,0.00595938,0.00000000,0.00000000,0.00000000,0.00000000,0.00000000,0.00000000,0.00000000,0.00000000,0.00000000,0.00000000,0.00000000,0.00000000,0.00000000,0.00000000,0.00000000,0.00000000,0.00000000,0.00000000,0.00000000,0.00000000,0.00000000,0.00000000,0.00000000,0.00000000,0.00000000,0.00000000,0.48672046,0.00000000,0.00000000,0.00000000,0.00000000,0.00000000,0.01025487,0.00000000,0.00000000,0.00000000,0.00000000,0.00000000,0.00000000,0.00000000,0.00000000,0.00000000,0.00000000,0.00000000,0.00000000,0.00000000,0.00000000,0.00000000,0.00000000,0.00000000,0.00000000,0.00000000,0.00000000,0.00000000,0.01886670,0.00000000,0.00000000,0.00000000,0.00000000,0.00000000,0.00000000,0.00000000,0.00000000,0.00000000,0.00000000,0.00000000,0.00000000,0.00000000,0.00000000,0.00000000,0.00000000,0.00497630,0.00000000,0.00000000,0.00000000,0.00000000,0.00768432,0.00000000,0.00000000,0.00000000,0.00000000,0.00000000,0.00000000,0.00000000,0.01890765,0.00000000,0.00000000,0.00000000,0.00000000,0.00000000,0.00000000,0.00000000,0.00000000,0.00000000,0.00000000,0.00000000,0.00000000,0.00000000,0.00000000,0.00000000,0.00442156,0.22025532,0.00000000,0.00000000,0.00000000,0.00000000,0.11920251,0.00000000,0.00000000,0.00000000,0.00000000,0.00068242,0.00000000,0.00585989,0.00000000,0.05283242,0.06415639,0.00000000,0.00000000,0.00000000,0.00000000,0.00000000,0.00000000,0.00000000,2.17193312,0.00000000,0.00000000,0.00000000,0.03247178,0.00000000,0.00000000,0.00000000,0.00000000,0.00000000,0.00000000,0.00000000,0.00000000,0.00000000,0.00000000,0.00000000,0.02737063,0.00000000,0.00000000,0.00000000,0.00000000,0.00000000,0.00000000,0.00000000,0.00127917,0.00181922,0.00000000,0.00000000,0.00121021,0.00000000,0.00000000,0.00000000,0.00000000,0.00000000,0.00000000,0.00000000,0.00000000,0.00000000,0.00000000,0.00000000,0.00000000,0.00000000,0.00000000,0.00000000,0.00213228,0.00000000,0.00000000,0.00000000,0.00000000,0.00000000,0.00000000,0.00000000,0.00000000,0.00000000,0.00000000,0.00000000,0.00000000,0.03037250,0.00000000,0.00000000,0.00000000,0.00412251,0.00000000,0.00000000,0.00000000,0.00000000,0.00000000,0.00000000,0.00000000,0.00277244,0.00000000,0.00000000,0.00000000,0.00000000,0.00000000,0.00000000,0.00000000,0.00000000,0.00000000,0.00000000,0.00000000,0.00000000,0.17243096,0.00000000,0.00000000,0.00000000,0.01811127,0.00000000,0.00000000,0.00000000,0.00000000,0.00000000,0.00000000,0.00000000,0.00000000,0.00000000,0.00000000,0.00000000,0.00000000,0.00756077,0.00000000,0.00000000,0.00000000,0.00375418,0.00000000,0.00000000,0.00000000,0.00000000,0.00000000,0.00000000,0.00000000,0.00000000,0.00000000,0.00000000,0.04416676,0.00644235,0.00000000,0.00000000,0.00000000,0.00000000,0.00000000,0.00000000,0.00000000,0.00000000,0.01950127,0.00000000,0.00000000,0.00000000,0.00000000,0.00000000,0.00000000,0.00000000,0.00187356,0.00456027,0.00000000,0.00000000,0.00000000,0.00000000,0.00750319,0.00000000,0.00000000,0.02339895,0.00000000,0.00000000,0.00000000,0.00000000,0.00000000,0.00000000,0.00000000,0.00081856,0.00000000,0.00000000,0.00000000,0.00000000,0.00000000,0.00000000,0.00000000,0.01018623,0.00000000,0.00000000,0.00770269,0.04565151,0.00000000,0.02004085,0.00071504,0.00000000,0.00000000,0.00000000,0.01144406,0.00000000,0.00000000,0.00000000,0.00000000,0.00000000,0.00000000,0.00343682,0.00000000,0.00000000,0.00000000,0.00000000,0.00000000,0.00000000,0.00276293,0.00000000,0.00000000,0.00000000,0.00000000,0.00084078,0.00000000,0.00067457,0.00000000,0.00000000,0.00000000,0.00000000,0.00077382,0.00559065,0.00000000,0.00792418,0.00000000,0.00000000,0.00000000,0.00000000,0.00000000,0.00000000,0.06413609,0.00000000,0.00000000,0.00080273,0.00000000,0.00000000,0.00363826,0.00000000,0.00000000,0.00000000,0.00000000,0.00000000,0.00000000,0.00000000,0.00000000,0.00904850,0.07967672,0.00000000,0.00000000,0.00000000,0.00000000,0.00000000,0.00000000,0.00000000,0.00000000,0.00000000,0.00284255,0.00000000,0.00000000,0.00000000,0.00000000,0.00000000,0.00000000,0.00000000,0.00000000,0.00000000,0.00000000,0.00000000,0.00000000,0.00000000,0.00000000,0.00000000,0.00000000,0.00000000,0.00000000,0.00000000,0.00000000,0.00000000,0.00000000,0.00000000,0.00000000,0.00000000,0.00000000,0.61248207,0.02242479,0.00000000,0.00000000,0.00000000,0.00000000,0.00000000,0.00000000,0.05333727,0.00347518,0.00000000,0.00000000,0.00000000,0.00000000,0.00000000,0.00000000,0.00000000,0.00000000,0.00000000,0.00000000,0.00000000,0.00000000,0.00000000,0.00000000,0.00000000,0.00000000,0.00000000,0.00000000,0.00000000,0.00000000,0.00000000,0.00000000,0.00000000,0.00000000,0.00000000,0.00000000,0.00000000,0.00000000,0.00000000,0.00000000,0.00000000,0.00000000,0.00000000,0.00000000,0.00000000,0.00000000,0.00000000,0.00000000,0.00000000,0.00000000,0.00000000,0.00000000,0.00000000,0.00000000,0.00000000,0.00000000,0.00000000,0.00000000,0.04902673,0.00000000,0.00000000,0.00000000,0.00000000,0.00000000,0.00000000,0.00000000,0.00000000,0.00000000,0.00000000,0.00000000,0.00134894,0.00000000,0.00000000,0.00329449,0.00000000,0.00000000,0.00000000,0.00532539,0.00000000,0.00000000,0.00000000,0.00000000,0.00000000,0.00000000,0.00000000,0.00000000,0.00000000,0.00000000,0.00000000,0.00000000,0.00000000,0.03207985,0.01031892,0.00802975,0.00000000,0.00000000,0.00132869,0.00000000,0.31811768,0.00000000,0.00000000,0.00000000,0.00000000,0.00194561,0.00000000,0.00852504,0.00000000,0.00271664,0.00000000,0.00000000,0.00000000,0.79756938,0.00000000,0.00000000,0.00000000,0.00000000,0.00000000,0.00000000,0.00105247,0.00000000,0.00000000,0.00000000,0.00454548,0.04725587,0.00000000,0.00000000,0.00000000,0.00000000,0.00000000,0.00000000,0.00256148,0.00000000,0.00000000,0.00000000,0.00000000,0.01113117,0.00000000,0.00000000,0.00000000,0.07141440,0.00000000,0.00000000,0.00000000,0.00000000,0.00000000,0.00000000,0.05336750,0.00000000,0.00000000,0.00000000,0.00000000,0.00000000,0.00536412,0.00000000,0.00000000,0.00000000,0.00000000,0.00000000,0.00000000,0.00000000,0.00000000,0.00000000,0.00000000,0.00000000,0.02984253,0.00000000,0.00000000,0.00306973,0.00000000,0.00000000,0.00000000,0.00000000,0.00000000,0.00000000,0.00000000,0.00000000,0.00596833,0.02141674,0.62467566,0.00000000,0.00000000,0.00000000,0.00000000,0.00000000,0.00000000,0.00000000,0.00000000,0.00000000,0.00000000,0.01871993,0.03800365,1.34741012,0.00000000,0.00000000,0.00000000,0.00000000,0.00000000,0.00000000,0.00000000,0.00000000,0.00319231,0.00000000,0.00000000,0.00000000,0.00000000,0.00000000,0.00000000,0.00000000,0.00000000,0.00000000,0.02961450,0.01616116,0.00000000,0.00230518,0.00000000,0.00000000,0.00000000,0.00000000,0.00000000,0.00000000,0.00000000,0.00000000,0.00000000,0.00000000,0.00000000,0.00000000,0.00000000,0.00000000,0.00000000,0.00495124,0.00000000,0.00000000,0.00000000,0.00517880,0.00000000,0.00000000,0.00000000,0.00000000,0.00841731,0.00000000,0.00434426,0.00000000,0.00000000,0.07288875,0.00000000,0.00000000,0.00000000,0.00000000,0.00000000,0.00000000,0.00128868,0.00000000,0.00000000,0.00000000,0.00000000,0.00000000,0.00000000,0.00000000,0.00000000,0.39458055,0.00000000,0.00000000,0.00000000,0.00000000,0.00000000,0.00000000,0.05189663,0.00000000,0.00000000,0.00000000,0.00000000,0.02018107,0.00000000,0.00000000,0.00000000,0.00000000,0.00404353,0.00000000,0.00000000,0.00000000,0.00000000,0.00000000,0.00000000,0.00000000,0.00000000,0.00000000,0.00000000,0.00000000,0.00000000,0.00000000,0.00000000,0.00000000,0.00000000,0.00000000,0.00000000,0.00000000,0.00000000,0.00000000,0.00000000,0.00000000,0.00000000,0.09548910,0.00873617,0.00000000,0.00000000,0.00000000,0.00000000,0.00000000,0.00000000,0.00000000,0.00000000,0.00000000,0.00000000,0.00000000,0.00000000,0.00000000,0.00000000,0.00000000,0.00403579,0.00000000,0.00000000,0.00000000,0.00000000,0.00000000,0.00000000,0.00000000,0.00000000,0.00000000,0.14803826,0.00000000,0.00000000,0.00000000,0.00000000,0.00000000,0.00000000,0.00000000,0.00000000,0.00000000,0.00000000,0.00000000,0.00000000,0.00000000,0.00000000,0.00000000,0.00000000,0.00000000,0.00000000,0.00000000,0.00000000,0.00000000,0.00000000,0.00000000,0.00000000,0.00000000,0.00000000,0.00000000,0.00000000,0.00000000,0.00920283,0.00000000,0.00000000,0.00000000,0.01403023,0.00000000,0.00000000,0.00000000,0.00000000,0.00000000,0.00287662,0.00000000,0.00000000
0.00000000,0.00000000,0.00903087,0.00000000,0.00000000,0.00000000,0.00000000,0.00000000,0.01347025,0.00000000,0.00000000,0.00636783,0.00000000,0.00000000,0.00000000,0.00000000,0.00000000,0.00000000,0.00000000,0.00000000,0.00000000,0.01456700,0.00000000,0.00000000,0.00000000,0.00000000,0.00000000,0.00000000,0.00000000,0.00000000,0.00000000,0.00000000,0.00000000,0.02395015,0.00000000,0.00000000,0.00091873,0.00000000,0.00000000,0.00000000,0.00000000,0.00000000,0.00000000,0.00000000,0.00000000,0.00000000,0.00000000,0.00084252,0.00000000,0.00000000,0.00000000,0.00000000,0.00000000,0.00000000,0.00617116,0.00000000,0.02286816,0.00000000,0.00000000,0.00195351,0.00000000,0.00000000,0.02500061,0.00000000,0.00000000,0.00000000,0.00000000,0.00000000,0.00000000,0.00000000,0.01760526,0.00000000,0.00000000,0.00000000,0.00000000,0.00000000,0.00000000,0.00000000,0.00129640,0.00523277,0.00000000,0.00000000,0.00000000,0.00000000,0.00000000,0.00000000,0.00000000,0.00000000,0.00540647,0.00000000,0.00000000,0.00000000,0.03688485,0.00000000,0.00000000,0.00000000,0.00000000,0.00000000,0.02379409,0.00000000,0.00000000,0.00000000,0.00000000,0.00000000,0.00000000,0.00000000,0.00000000,0.00000000,0.00000000,0.00000000,0.00000000,0.00000000,0.00000000,0.00000000,0.00000000,0.00000000,0.00000000,0.00000000,0.00000000,0.00000000,0.00000000,0.00000000,0.00000000,0.00000000,0.00000000,0.00000000,0.06808830,0.00000000,0.00000000,0.55431584,0.02975400,0.00000000,0.00000000,0.00000000,0.00000000,0.00000000,0.00000000,0.00000000,0.00000000,0.00000000,0.00000000,0.00000000,0.00000000,0.00000000,0.22657623,0.00164249,0.00218514,0.00000000,0.00000000,0.00000000,0.00000000,0.00000000,0.00000000,0.00000000,0.00000000,0.00000000,0.00000000,0.00000000,0.00000000,0.00000000,0.00000000,0.00000000,0.00000000,0.00000000,0.00000000,0.00000000,0.00709993,0.00000000,0.00000000,0.00000000,0.00000000,0.00000000,0.00000000,0.00000000,0.00000000,0.00000000,0.06532680,0.00000000,0.00000000,0.00000000,0.00000000,0.00000000,0.00812265,0.00000000,0.00000000,0.00000000,0.00000000,0.00000000,0.34299138,0.00000000,0.00000000,0.00000000,0.00000000,0.00000000,0.00000000,0.00000000,0.00000000,0.00000000,0.00270943,0.00000000,0.00000000,0.00000000,0.00000000,0.00000000,0.88967019,0.00000000,0.00000000,0.00000000,0.00000000,0.00000000,0.01780508,0.00000000,0.00000000,0.00000000,0.00000000,0.00000000,0.00000000,0.00136985,0.00000000,0.00000000,0.00000000,0.00000000,0.00000000,0.00000000,0.00000000,0.00000000,0.00633137,0.00000000,0.00000000,0.00000000,0.00000000,0.00000000,0.00000000,0.00000000,0.00000000,0.00000000,0.00000000,0.00000000,0.00000000,0.00000000,0.07322339,0.00000000,0.00000000,0.00000000,0.00000000,0.00000000,0.00000000,0.00000000,0.00000000,0.00000000,0.00000000,0.00000000,0.00000000,0.00000000,0.00000000,0.00000000,0.00127606,0.00000000,0.00000000,0.00000000,0.00000000,0.00000000,0.00000000,0.00000000,0.00000000,0.00000000,0.00000000,0.00000000,0.00420472,0.00000000,0.00549507,0.00000000,0.00000000,0.00000000,0.00000000,0.00000000,0.00000000,0.00000000,0.00000000,0.00000000,0.00000000,0.00000000,0.00000000,0.00000000,0.00000000,0.00000000,0.00400389,0.00000000,0.00000000,0.00000000,0.00000000,0.00000000,0.00000000,0.00000000,0.00000000,0.00000000,0.00000000,0.00000000,0.00000000,0.01509950,0.00000000,0.00000000,0.00000000,0.00000000,0.00000000,0.00000000,0.00000000,0.00000000,0.00000000,0.00000000,0.05276769,0.00000000,0.00000000,0.00138839,0.00000000,0.04283238,0.00000000,0.00000000,0.00000000,0.00659942,0.90522584,0.00000000,0.00000000,0.00000000,0.00000000,0.00000000,0.00000000,0.00259927,0.00504503,0.00000000,0.00000000,0.00000000,0.00000000,0.00000000,0.00000000,0.00089956,0.03848324,0.00000000,0.00000000,0.00000000,0.00000000,0.00000000,0.00000000,0.00137319,0.00000000,0.00000000,0.00000000,0.00000000,0.00000000,0.00000000,0.00000000,0.03251469,0.34605148,0.00000000,0.00000000,0.00603332,0.76326849,0.00000000,0.00000000,0.00000000,0.00000000,0.00486982,0.00000000,0.00000000,0.00000000,0.00000000,0.00000000,0.00000000,0.00000000,0.00830436,0.00000000,0.03680565,0.00000000,0.00000000,0.00000000,0.00000000,0.00000000,0.00000000,0.00000000,0.00000000,0.00000000,0.00000000,0.00000000,0.00000000,0.00000000,0.00000000,0.00000000,0.00000000,0.00623927,0.00000000,0.01097184,0.00000000,0.00000000,0.00000000,0.00000000,0.00000000,0.00000000,0.00000000,0.00000000,0.00000000,0.00000000,0.00000000,0.00000000,0.00000000,0.00000000,0.00000000,0.00532339,0.00000000,0.00000000,0.00000000,0.00000000,0.00000000,0.00000000,0.00000000,0.00000000,0.00000000,0.00000000,0.00000000,0.00626604,0.00000000,0.00000000,0.00000000,0.00000000,0.00000000,0.00000000,0.00000000,0.71230636,0.57155775,0.00000000,0.00000000,1.56709834,0.00000000,0.00000000,0.00000000,0.00000000,0.05733685,0.00635236,0.00000000,0.00000000,0.00000000,0.00000000,0.00000000,0.00100711,0.00000000,0.00000000,0.00000000,0.00000000,0.00000000,0.00875580,0.00000000,0.00000000,0.01988922,0.03130507,0.00000000,0.00000000,0.00000000,0.00000000,0.00000000,0.00335591,0.00000000,0.00000000,0.00000000,0.00000000,0.00000000,0.00000000,0.00000000,0.00000000,0.00000000,0.00764956,0.00000000,0.00000000,0.00000000,0.00000000,0.00946933,0.00000000,0.00140772,0.00000000,0.00000000,0.00000000,0.00000000,0.00000000,0.00000000,0.00000000,0.00000000,0.00000000,0.00000000,0.00000000,0.00000000,0.00000000,0.00000000,0.00000000,0.00000000,0.00000000,0.00000000,0.00000000,0.02758995,0.00000000,0.00000000,0.00000000,0.00000000,0.00000000,0.00000000,0.00000000,0.00000000,0.00000000,0.05273939,0.00000000,0.00000000,0.00000000,0.00000000,0.00000000,0.00168488,0.00000000,0.00000000,0.00000000,0.29038007,0.00000000,0.00000000,0.00000000,0.00000000,0.00000000,0.00000000,0.00000000,0.00000000,0.00000000,0.00000000,0.00000000,0.00000000,0.01723591,0.00000000,0.00000000,0.00000000,0.00000000,0.00000000,0.00000000,0.00276234,0.00000000,0.00723424,0.00000000,0.00000000,0.00000000,0.00000000,0.00000000,0.00000000,0.00000000,0.00129677,0.00000000,0.00000000,0.00000000,0.00000000,0.00000000,0.00000000,0.00000000,0.00000000,0.21595850,0.00000000,0.00000000,0.00000000,0.00000000,0.00000000,0.00000000,0.00000000,0.00000000,0.00000000,0.00000000,0.00000000,0.00000000,0.00000000,0.00000000,0.00000000,0.00000000,0.00000000,0.06555473,0.04272098,0.00000000,0.00000000,0.00000000,0.00000000,0.00000000,0.10202977,0.00000000,0.00000000,0.00308485,0.00000000,0.01631201,0.00000000,0.00000000,0.00000000,0.00000000,0.00000000,0.00000000,0.00000000,0.00000000,0.00000000,0.00000000,0.00000000,0.00000000,0.00000000,0.00000000,0.00000000,0.00000000,0.00000000,0.00000000,0.00000000,0.00000000,0.00000000,0.00000000,0.00000000,0.02535664,0.00000000,0.00000000,0.03788928,0.02365601,0.00139766,0.00000000,0.00000000,0.00000000,0.00000000,0.00000000,0.00000000,0.01003761,0.00000000,4.19160034,0.00000000,0.00000000,0.00000000,0.00000000,0.00000000,0.00000000,0.00000000,0.00000000,0.00000000,0.00000000,0.00000000,0.00000000,0.00000000,0.03655381,0.00000000,0.00000000,0.00000000,0.00000000,0.00356222,0.00000000,0.00000000,1.04232034,0.00000000,0.00000000,0.00000000,0.00000000,0.00000000,0.00000000,0.00000000,0.00000000,0.00000000,0.00000000,0.00000000,0.00000000,0.00000000,0.00000000,0.00251858,0.00000000,0.00000000,0.00000000,0.00000000,0.00000000,0.00000000,0.00000000,0.11081456,0.00000000,0.00000000,0.00000000,0.00000000,0.00000000,0.00000000,0.00106985,0.00000000,0.00000000,0.00000000,0.00000000,0.00000000,0.00000000,0.00000000,0.00000000,0.00000000,0.00000000,0.00000000,0.00000000,0.00000000,0.00000000,0.00000000,0.00000000,0.00000000,0.00000000,0.00000000,0.00632977,0.00000000,0.00000000,0.00000000,0.00518572,0.00000000,0.00000000,0.00000000,0.00000000,0.00000000,0.00000000,0.00000000,0.00000000,0.00000000,0.00000000,0.00000000,0.00000000,0.00000000,0.00000000,0.00000000,0.00000000,0.00000000,0.00000000,0.00000000,0.00000000,0.00000000,0.00000000,0.00000000,0.00000000,0.00000000,0.00000000,0.00000000,0.00419632,0.00000000,0.00000000,0.00000000,0.00000000,0.00000000,0.00000000,0.00000000,0.00000000,0.01183574,0.00000000,0.00000000,0.00000000,0.00000000,0.00000000,0.00000000,0.00000000,0.00000000,0.00000000,0.00470804,0.00000000,0.00000000,0.00000000,0.01342676,0.00000000,0.00000000,0.00000000,0.00000000,0.00000000,0.00000000,0.00000000,0.00000000,0.00000000,0.00000000,0.00000000,0.00664995,0.00000000,0.00000000,0.00000000,0.00000000,0.03670790,0.00000000,0.00259589,0.00000000,0.00000000,0.00000000,0.00000000,0.00000000,0.00000000,0.00000000,0.03497382,0.00000000,0.00772428,0.00000000,0.02698126,0.00000000,0.00297743,0.00000000,0.00000000,0.00000000,0.00000000,0.00097471,0.00000000,0.00000000,0.00465234,0.00000000,0.00000000,0.00000000,0.00000000,0.00551249,0.00000000,0.00000000,0.00000000,0.00000000
0.00000000,0.00000000,0.00000000,0.00000000,0.00000000,0.00000000,0.00000000,0.00000000,0.00000000,0.00000000,0.00000000,0.00000000,0.00083395,0.00000000,0.00000000,0.00000000,0.01176929,0.00000000,0.00000000,0.00000000,0.00000000,0.00000000,0.00000000,0.00000000,0.00000000,0.00000000,0.00000000,0.00000000,0.00000000,0.00000000,0.00000000,0.00000000,0.00000000,0.00000000,0.00000000,0.00785469,0.00000000,0.00000000,0.00000000,0.00000000,0.00000000,0.00000000,0.00000000,0.00702410,0.00000000,0.00000000,0.00000000,0.00000000,0.00000000,0.00000000,0.00000000,0.01110240,0.00000000,0.00000000,0.00000000,0.00000000,0.00000000,0.00000000,0.00000000,0.00000000,0.00000000,0.00000000,0.00000000,0.00000000,0.00000000,0.00000000,0.00000000,0.00000000,0.00000000,1.79915909,0.00000000,0.00000000,0.00000000,0.00000000,0.00000000,0.00000000,0.00628211,0.00934932,0.00000000,0.00000000,0.00000000,0.00000000,0.00000000,0.00000000,0.00000000,0.00000000,0.00000000,0.00000000,0.00000000,0.00000000,0.03388984,0.00000000,0.00000000,0.17382412,0.00000000,0.00000000,0.25148789,0.00000000,0.00000000,0.00000000,0.00000000,0.00000000,0.00000000,0.00000000,0.00000000,0.00000000,0.00000000,0.00000000,0.00000000,0.00000000,0.00000000,0.00000000,0.00000000,0.00000000,0.00460598,0.00000000,0.00000000,0.00000000,0.00000000,0.00000000,0.00000000,0.00000000,0.00000000,0.00000000,0.00000000,0.00000000,0.00000000,0.00000000,0.00000000,0.00000000,4.03704072,0.00000000,0.00000000,0.00000000,0.00000000,0.00000000,0.00435967,0.00000000,0.00000000,0.00000000,0.00000000,0.00000000,0.00000000,0.00000000,0.01962480,0.00000000,0.00000000,0.00000000,0.00000000,0.00000000,0.00000000,0.00000000,0.00000000,0.00000000,0.00000000,0.00000000,0.00000000,0.00000000,0.00000000,0.00000000,0.00000000,0.00000000,0.00000000,0.00000000,0.00000000,0.00000000,0.00000000,0.00000000,0.00000000,0.00000000,0.00000000,0.05650424,0.00000000,0.00000000,0.00217208,0.00000000,0.00000000,0.00000000,0.00000000,0.00239460,0.00000000,0.00000000,0.00000000,0.00000000,0.00000000,0.00000000,0.00000000,0.00000000,0.00000000,0.00000000,0.00000000,0.00000000,0.00000000,0.21166047,0.00000000,0.00000000,0.00059196,2.86203277,0.00000000,0.00566509,0.02677980,0.00000000,0.00000000,0.00000000,0.00000000,0.00000000,0.00000000,0.00000000,0.00000000,0.00000000,0.00000000,0.00000000,0.00000000,0.00000000,0.00000000,0.00000000,0.00000000,0.00000000,0.00000000,0.00000000,0.00000000,0.00000000,0.00000000,0.00000000,0.00000000,0.00000000,0.00000000,0.00000000,0.00000000,0.00000000,0.16200023,0.00181197,0.00000000,0.00000000,0.00000000,0.00000000,0.00000000,0.00000000,0.00000000,0.00000000,0.00000000,0.00000000,0.00308271,0.00000000,0.00000000,0.00000000,0.00000000,0.06876420,0.00000000,0.00000000,0.00000000,0.00000000,0.00000000,0.00000000,0.00000000,0.00604360,0.00000000,0.00000000,0.01834100,0.00102468,0.00000000,0.00000000,0.00000000,0.00000000,0.00000000,0.00000000,0.00000000,0.00000000,0.00000000,0.00000000,0.00000000,0.00000000,0.00000000,0.00000000,0.00000000,0.00000000,0.00000000,0.00000000,0.00000000,0.00000000,0.00000000,0.00000000,0.00000000,0.00000000,0.00085199,0.00000000,0.00000000,0.01165063,0.00000000,0.00000000,0.00000000,0.00000000,0.00000000,0.00000000,0.00000000,0.00000000,0.00000000,0.00000000,0.00000000,0.00000000,0.00000000,0.00000000,0.26092104,0.00000000,0.51139587,0.00000000,0.00000000,0.00000000,0.00000000,0.00000000,0.14231365,0.00000000,0.00949818,0.00000000,0.00000000,0.00000000,0.00000000,0.00000000,0.00000000,0.00000000,0.00000000,0.00000000,0.00000000,0.00000000,0.02132994,0.00000000,0.00000000,0.00000000,0.00000000,0.01796653,0.39683148,0.00000000,0.00513480,0.00000000,0.00000000,0.01083628,0.00000000,0.00000000,0.00000000,0.00000000,0.00000000,0.00000000,0.00000000,0.00000000,0.00000000,0.00000000,0.00000000,0.11871078,0.00000000,0.00000000,0.00000000,0.00000000,0.00341652,0.00000000,0.00000000,0.00000000,0.00000000,0.00290950,0.00000000,0.00000000,0.01050274,0.00000000,0.00000000,0.00116443,0.00000000,0.00000000,0.00382182,0.00000000,0.00000000,0.06417502,0.00000000,0.00000000,0.00000000,0.00076279,0.00000000,0.00000000,0.00194270,0.00000000,0.00000000,0.00000000,0.00000000,0.00000000,0.00000000,0.00000000,1.08550704,0.00000000,0.00000000,0.00000000,0.00000000,0.00000000,0.00000000,0.00000000,0.00000000,0.00000000,0.00000000,0.00000000,0.00000000,0.00000000,0.00000000,0.00000000,0.00000000,0.00000000,0.00000000,0.00000000,0.00000000,0.00000000,0.00000000,0.00000000,0.00000000,0.00000000,0.00000000,0.00000000,0.00000000,0.00000000,0.00000000,0.00000000,0.00000000,0.00000000,0.00000000,0.00000000,0.00000000,0.00000000,0.00000000,0.00000000,0.00000000,0.00000000,0.00000000,0.00000000,0.00000000,0.00000000,0.00000000,0.00000000,0.00000000,0.00000000,0.00000000,1.69605726,0.00000000,0.00000000,0.00000000,0.00000000,0.00000000,0.00000000,0.00000000,0.00899999,0.00000000,0.00000000,0.00000000,0.00168373,0.00000000,0.00000000,0.00000000,0.00524306,0.00000000,0.00000000,0.00605041,0.00000000,0.00000000,0.00000000,0.00000000,0.00000000,0.00000000,0.59516248,0.00000000,0.00377887,0.00000000,0.00000000,0.00000000,0.00000000,0.00000000,0.00000000,0.00000000,0.01308776,0.00000000,0.00000000,0.00000000,0.00000000,0.00932685,0.00000000,0.00000000,0.00000000,0.00000000,0.00000000,0.00000000,0.10175793,0.00678792,0.01509302,0.00000000,0.00000000,0.00000000,0.00000000,0.00000000,0.00000000,0.00000000,0.00000000,0.00000000,0.00000000,0.36857794,0.00000000,0.00000000,0.09186828,0.00000000,0.00000000,0.00000000,0.00335985,0.00686471,0.23925470,0.00000000,1.34016643,0.02073740,0.00000000,0.02365091,0.00000000,0.00000000,0.00000000,0.00000000,0.00219521,0.00000000,0.00000000,0.00000000,0.00000000,0.00000000,0.00000000,0.00000000,0.00000000,0.00000000,0.00631634,0.00000000,0.00000000,0.00000000,0.00000000,0.00000000,0.00000000,0.00000000,0.00000000,0.01091279,0.00000000,0.00000000,0.01225458,0.00000000,0.00000000,0.00000000,0.00341822,0.00067097,0.00000000,0.00000000,0.00000000,0.00000000,0.00000000,0.00000000,0.00000000,0.00000000,0.00000000,0.02342911,0.00000000,0.00000000,0.00000000,0.00000000,0.00000000,0.00509961,0.08120307,0.00000000,0.00000000,0.00376895,0.00000000,0.00000000,0.00000000,0.00000000,0.11182630,0.00000000,0.00000000,0.00000000,0.00000000,0.00000000,0.00000000,0.00000000,0.00000000,0.00000000,0.00000000,0.00000000,0.00989733,0.04266878,0.00000000,0.00000000,0.00000000,0.00000000,0.00000000,0.00118642,0.00000000,0.00000000,0.00000000,0.12844628,0.00000000,0.00000000,0.00000000,0.00000000,0.00000000,0.00000000,0.00000000,0.00000000,0.00000000,0.00441282,0.00000000,0.19045696,0.00000000,0.00597934,0.00000000,0.00000000,0.01616580,0.00000000,0.00000000,0.02253752,0.00000000,0.00000000,0.00000000,0.00000000,0.00000000,0.00000000,0.00000000,0.00000000,0.00000000,0.00000000,0.00000000,0.00000000,0.00000000,0.00000000,0.00000000,0.00000000,0.00000000,0.00000000,0.00000000,0.00000000,0.00000000,0.76128369,0.00000000,0.00000000,0.00000000,0.00000000,0.00000000,0.00000000,0.01190200,0.00000000,0.00000000,0.00000000,0.00000000,0.00000000,0.00000000,0.00000000,0.00000000,0.00000000,0.05611404,0.00000000,0.01287637,0.00000000,0.00000000,0.00000000,0.00000000,0.00233429,0.00000000,0.00000000,0.00000000,0.00298516,0.08106304,0.00000000,0.00000000,0.00000000,0.00000000,0.00000000,0.00000000,0.00000000,0.00000000,0.00000000,0.00000000,0.00000000,0.00000000,0.00000000,0.00000000,0.00000000,0.00319861,0.00000000,0.00000000,0.00000000,0.00000000,0.00000000,0.02517246,0.00000000,0.00000000,0.00000000,0.01992531,0.00000000,0.00000000,0.00000000,0.00000000,0.00096583,0.00000000,0.00000000,0.01433258,0.00000000,0.10989021,0.00438568,0.00000000,0.00000000,0.00000000,0.00000000,0.00000000,0.00000000,0.00000000,0.00000000,0.00000000,0.00000000,0.00000000,0.00000000,0.00000000,0.00000000,0.00000000,0.00000000,0.00000000,0.00000000,0.00000000,0.01931424,0.00000000,0.00000000,0.23848643,0.00000000,0.00000000,0.00000000,0.00000000,0.00000000,0.00000000,0.00000000,0.00123067,0.00000000,0.00000000,0.64719859,0.00000000,0.07234649,0.00000000,0.00000000,0.00000000,0.00000000,0.00000000,0.00000000,0.00000000,0.00000000,0.00000000,0.00061481,0.00000000,0.00000000,0.00000000,0.00000000,0.00000000,0.00000000,0.00000000,0.00000000,0.00000000,0.00000000,0.00000000,0.00000000,0.00000000,0.00000000,0.00162503,0.00000000,0.00000000,0.00000000,0.01064744,0.00000000,0.00000000,0.00000000,0.00000000,0.00000000,0.00000000,0.00000000,0.00000000,0.00000000,0.00000000,0.00000000,0.00000000,0.00000000,0.00000000,0.00000000,0.00000000,0.00000000,0.00000000,0.00000000,0.00000000,0.00000000,0.00000000,0.00000000,0.00000000,0.00000000,0.00000000,0.00000000,0.00000000,0.00000000,0.00000000,0.00000000,0.01441217,0.00000000,0.00000000,0.00000000,0.00000000
0.00000000,0.00000000,0.00678571,0.00000000,0.00000000,0.00000000,0.00000000,0.00000000,0.00000000,0.00000000,0.00000000,0.00000000,0.00000000,0.00000000,0.00000000,0.00814495,0.00000000,0.00000000,0.00000000,0.00000000,0.00000000,0.00000000,0.00000000,0.00000000,0.00000000,0.00000000,0.00000000,0.00000000,0.00000000,0.00000000,0.00000000,0.00205683,0.00000000,0.00000000,0.00000000,0.00000000,0.00000000,0.00000000,0.08166007,0.00000000,0.00000000,0.00000000,0.00000000,0.00000000,0.00000000,0.00000000,0.00000000,0.00000000,0.00000000,0.00000000,0.00000000,0.00000000,0.00000000,0.00000000,0.00578586,0.00000000,0.00209014,0.00000000,0.00000000,0.00000000,0.00000000,0.00000000,0.00000000,0.00000000,0.00000000,0.00000000,0.00000000,0.08959545,0.00000000,0.00000000,0.00000000,0.00000000,0.00000000,0.00000000,0.00000000,0.00000000,0.00386013,0.00000000,0.00000000,0.00000000,0.00000000,0.00000000,0.00000000,0.00000000,0.00000000,0.00000000,0.00434280,0.00000000,0.00000000,0.02505850,0.00000000,0.00000000,0.00000000,0.00000000,0.00000000,0.00000000,0.00000000,0.00000000,0.00000000,0.00000000,0.00000000,0.00000000,0.01375186,0.00000000,0.00000000,0.00000000,0.00000000,0.02053838,0.00000000,0.00000000,0.04500315,0.00000000,0.00000000,0.00000000,0.00000000,0.00000000,0.00000000,0.00000000,0.00000000,0.00000000,0.00000000,0.00000000,0.00000000,0.00000000,0.00000000,0.00000000,0.00000000,0.00000000,0.00172088,0.00000000,0.00000000,0.04432931,0.00312402,0.00000000,0.00000000,0.00000000,0.00000000,0.00000000,0.00000000,0.00000000,0.00000000,0.00000000,0.00000000,0.00000000,0.00000000,0.00000000,0.01116902,0.02208682,0.00000000,0.00000000,0.00000000,0.00000000,0.00000000,0.00000000,0.00000000,0.00000000,0.00000000,0.00000000,0.00000000,0.00000000,0.00000000,0.00000000,0.00000000,0.00000000,0.00000000,0.00000000,0.00000000,0.00000000,0.00201043,0.00000000,0.00221324,0.00000000,0.00000000,0.00000000,0.00000000,0.00000000,0.00000000,0.00000000,0.00000000,0.02289185,0.00247010,0.00000000,0.00000000,0.00000000,0.00000000,0.00000000,1.47548500,0.00000000,0.00000000,0.00000000,0.01318169,0.00000000,0.00000000,0.00000000,0.00000000,0.00000000,0.00000000,0.00000000,0.00000000,0.00226851,0.00000000,0.00000000,0.00000000,0.00932143,0.00000000,0.00000000,0.00000000,0.22444591,0.00000000,0.00000000,0.00000000,0.00000000,0.00000000,0.00000000,0.00000000,0.00000000,0.00372297,0.00000000,0.00988958,0.00000000,0.00000000,0.00000000,0.00000000,0.00000000,0.00000000,0.00000000,0.00000000,0.00000000,0.01642614,0.01503468,0.00000000,0.00000000,0.00000000,0.00000000,0.00000000,0.00000000,0.00000000,0.00000000,0.00000000,0.00246387,0.00000000,0.00000000,0.00000000,0.00000000,0.00000000,0.00000000,0.00133551,0.00000000,0.00000000,0.00000000,0.00000000,0.00000000,0.00000000,0.00000000,0.00000000,0.00000000,0.00000000,0.00000000,0.00000000,0.00000000,0.00000000,0.00000000,0.00000000,0.00000000,0.00000000,0.00000000,0.00000000,0.00000000,0.00000000,0.00000000,0.00000000,0.00000000,0.00000000,0.00000000,0.00000000,0.00000000,0.00000000,0.00000000,0.00000000,0.00000000,0.00000000,0.00000000,0.01741335,0.00000000,0.00000000,0.00000000,0.00000000,0.00000000,0.00000000,0.00000000,0.01823219,0.00000000,0.00000000,0.00000000,0.00000000,0.00000000,0.00000000,0.00000000,0.00000000,2.29774654,0.00000000,0.00000000,0.00000000,0.00000000,0.00000000,0.02830133,0.00000000,0.00000000,0.00000000,0.00000000,0.00000000,0.00317191,0.00336328,0.00000000,0.00000000,0.04337799,0.00000000,0.00318783,0.01093207,0.00000000,0.00235711,0.00000000,0.00000000,0.00000000,0.00000000,0.00000000,0.00000000,0.00000000,0.00000000,0.02262071,0.00000000,0.00557432,0.00000000,0.00000000,0.00000000,0.00319009,0.00138143,0.00000000,0.00138712,0.00373440,0.00000000,0.00524794,0.04650233,0.00000000,0.00000000,0.00000000,0.06431166,0.04311841,0.00000000,0.00000000,0.00000000,0.00947339,0.00750295,0.00000000,0.00000000,0.00266291,0.00435776,0.00000000,0.00000000,0.01809173,0.00000000,0.00000000,0.33700809,0.00000000,0.00000000,0.00000000,0.00000000,0.00000000,0.00000000,0.00000000,0.00000000,0.00000000,1.84801859,0.00000000,0.00000000,0.00000000,0.00000000,0.00900081,0.00000000,0.00000000,0.00000000,0.00131169,0.00000000,0.00000000,0.00000000,0.01803619,0.00000000,0.00000000,0.00000000,0.00000000,0.00000000,0.00000000,0.01061197,0.00000000,0.00000000,0.00000000,0.00000000,0.00000000,0.00000000,0.00000000,0.00000000,0.00377346,0.00000000,0.00000000,0.00000000,0.00000000,0.00000000,0.00000000,0.00000000,0.00000000,0.00000000,0.00000000,0.00000000,0.00000000,0.00000000,0.00000000,0.00000000,0.00000000,0.00204925,0.00000000,0.00000000,0.00180736,0.00000000,0.00000000,0.00000000,0.05182925,0.00000000,0.00000000,0.00000000,0.00000000,0.00000000,0.00000000,0.00319513,0.00000000,0.18765004,0.00000000,0.00000000,0.00000000,0.00000000,0.00000000,0.01276051,0.00000000,0.00000000,0.00000000,0.00000000,0.00520178,0.03855598,0.00000000,0.00059801,0.00000000,0.00187103,0.00000000,0.00000000,0.00000000,0.00000000,0.00000000,0.00000000,0.00000000,0.00000000,0.00000000,0.00000000,0.00000000,0.00000000,0.00000000,0.01903633,0.00000000,0.01083637,0.00000000,0.00000000,0.00441715,0.00000000,0.00000000,0.00000000,0.00000000,0.00000000,0.00000000,0.00000000,0.00000000,0.00000000,0.00000000,0.00000000,0.00000000,0.00000000,0.00000000,0.00000000,0.00000000,0.00000000,0.00000000,0.00000000,0.00000000,0.01444575,0.00000000,0.00000000,0.00000000,0.00000000,0.00000000,0.00000000,0.00000000,0.00000000,0.00000000,0.00000000,0.00000000,0.00000000,0.00000000,0.00000000,0.00000000,0.00000000,0.00000000,0.00000000,0.00000000,0.00000000,0.00000000,0.00000000,0.00000000,0.00000000,0.00000000,0.00000000,0.00000000,0.00000000,0.00208466,0.00000000,0.00144039,0.00441741,0.02766646,0.00000000,0.00000000,0.00000000,0.00000000,0.00000000,0.00000000,0.00000000,0.00000000,0.00000000,0.00000000,0.00000000,0.00000000,0.00000000,0.00000000,0.00000000,0.00000000,0.00000000,0.00000000,0.00000000,0.00000000,0.00000000,0.00000000,0.00000000,0.00000000,0.00000000,0.00000000,0.00000000,0.00000000,0.00000000,0.00000000,0.00000000,0.00000000,0.00000000,0.00000000,0.00000000,0.00000000,0.00000000,0.00000000,0.00000000,0.00000000,0.00000000,0.00000000,0.00000000,0.00000000,0.00000000,0.00000000,0.00000000,0.00000000,0.00000000,0.00000000,0.00000000,0.00000000,0.00403789,0.00000000,0.00000000,0.00832617,0.00000000,0.00000000,0.23746596,0.00000000,0.00000000,0.00000000,0.00000000,0.00000000,0.00000000,0.00000000,0.00542661,0.00000000,0.00000000,0.00000000,0.00000000,0.00000000,0.01621474,0.00000000,0.00045408,0.00000000,0.00182692,0.00000000,0.00000000,0.00000000,0.00000000,0.00000000,0.00000000,0.00000000,0.00000000,0.00000000,0.00000000,0.00000000,0.00000000,0.00000000,0.00000000,0.00000000,0.00000000,0.00000000,0.00000000,0.00000000,0.00000000,0.00000000,0.00000000,0.00000000,0.00000000,0.00000000,0.00000000,0.00000000,0.00000000,1.16345238,0.00000000,0.00000000,0.00000000,0.00000000,0.00000000,0.00000000,0.00000000,0.00000000,0.00000000,0.00000000,0.00000000,0.00000000,0.00000000,0.00365492,0.26112409,0.00000000,0.00000000,0.00000000,0.00000000,0.00000000,0.00000000,0.00000000,0.00000000,0.00000000,0.00000000,0.00000000,0.00000000,0.00000000,0.00000000,0.00000000,0.00000000,0.00000000,0.00000000,0.00000000,0.00453846,0.08219065,0.00000000,0.00000000,0.00000000,0.00000000,0.00000000,0.00000000,0.00000000,0.00000000,0.00000000,0.00000000,0.00000000,0.00000000,0.01686769,0.00000000,0.00000000,0.00000000,0.00000000,0.00000000,0.00000000,0.07662906,0.00925297,0.00000000,0.00000000,0.00592864,0.00000000,0.00000000,0.00000000,0.00000000,0.00975826,0.00000000,0.00694526,0.00000000,0.00000000,0.00000000,0.00000000,0.00000000,0.00000000,0.00000000,0.01052703,0.00000000,0.00000000,0.00000000,0.00000000,0.06364891,0.00000000,0.00000000,0.00000000,0.00000000,0.00000000,0.00000000,0.00000000,0.00000000,0.00000000,0.00359830,0.00000000,0.00000000,0.00000000,0.00000000,0.00000000,0.00000000,0.00000000,0.00000000,0.00000000,0.00000000,0.00000000,0.00000000,0.00000000,0.00000000,0.00000000,0.01357184,0.00000000,0.00000000,0.68211217,0.00000000,0.00000000,0.00000000,0.00000000,0.00000000,0.00000000,0.00000000,0.00000000,0.00000000,0.00000000,0.00000000,0.00000000,0.00000000,0.00000000,0.00000000,0.00000000,0.00000000,0.00000000,0.00359194,0.00000000,0.00000000,0.00000000,0.00000000,0.00000000,0.00000000,0.00000000,0.00000000,0.00000000,0.00000000,0.00000000,0.00000000,0.00000000,0.00000000,0.00000000,0.00000000,0.00000000,0.00000000,0.00000000,0.00088746,0.00153453,0.00000000,0.00000000,0.00000000,0.00000000,0.00000000,0.00369290,0.00000000,0.00000000,0.02280899,0.00000000,0.00000000,0.00000000,0.00439130,0.04936234,0.00000000,0.00000000,0.00000000,0.00000000,0.00000000,0.00208616,0.00000000
0.00000000,0.00000000,0.00000000,0.02714321,0.00000000,0.00000000,0.00000000,0.00000000,0.00000000,0.00000000,0.00000000,0.00000000,0.00000000,0.00000000,0.00000000,0.00000000,0.00000000,0.00000000,0.00000000,0.00000000,0.00000000,0.00000000,0.00000000,0.00000000,0.00000000,0.00000000,0.00000000,0.00000000,0.00000000,0.00000000,0.00000000,0.04314976,0.00000000,0.00000000,0.00000000,0.00000000,0.00000000,0.00000000,0.00000000,0.00178311,0.08629825,0.00000000,0.00000000,0.00000000,0.00000000,0.00000000,0.00000000,0.01708316,0.00000000,0.00000000,0.00000000,0.00000000,0.00000000,0.48349529,0.02733823,0.00000000,0.00000000,0.00000000,0.00000000,0.00093708,0.00000000,0.00000000,0.00000000,0.00000000,0.00000000,0.00000000,0.00000000,0.00000000,0.00000000,0.00000000,0.00000000,0.00000000,0.00831796,0.00000000,0.00000000,0.00000000,0.00000000,0.00000000,0.00000000,0.00000000,0.00000000,0.00000000,0.00000000,0.00000000,0.00000000,0.00000000,0.00000000,0.00000000,0.00083702,0.00000000,0.00000000,0.00000000,0.00000000,0.00000000,0.00000000,0.00000000,0.00000000,0.00000000,0.00000000,0.01296233,0.00000000,0.00000000,0.01812147,0.00000000,0.00000000,0.00000000,0.00000000,0.00000000,0.00000000,0.00000000,0.00000000,0.00000000,0.00000000,0.00154506,0.00000000,0.00000000,0.00000000,0.00000000,0.00245161,0.00000000,0.00000000,0.00000000,0.01243837,0.00893481,0.00000000,0.00000000,0.00000000,0.00000000,0.00000000,0.00000000,0.00000000,0.00000000,0.00000000,0.00000000,0.00000000,0.00000000,0.00000000,0.00000000,0.00000000,0.00000000,0.00000000,0.00000000,0.00000000,0.00506732,0.00000000,0.00000000,0.00000000,0.00000000,0.00000000,0.00000000,0.00000000,0.00000000,0.00000000,0.00000000,0.00000000,0.00000000,0.00000000,0.00000000,0.00000000,0.01250331,0.00000000,0.01899015,0.00000000,0.00000000,0.00000000,0.00353667,0.71984098,0.00000000,0.00000000,0.00000000,0.00000000,0.04571259,0.00000000,0.00000000,0.00000000,0.00000000,0.00000000,0.00000000,0.00000000,0.00000000,0.00000000,0.00000000,0.00000000,0.00000000,0.00000000,0.00000000,0.00000000,0.06483391,0.00000000,0.00000000,0.00000000,0.00000000,0.00000000,0.00000000,0.00000000,0.00000000,0.00000000,0.00000000,0.00000000,0.01877148,0.00000000,0.00258035,0.00000000,0.00000000,0.00000000,0.05315640,0.00000000,0.00000000,0.00000000,0.00000000,0.00000000,0.00000000,0.00000000,0.00000000,0.00000000,0.01598451,0.00000000,0.00000000,0.00000000,0.00000000,0.00000000,0.00000000,0.00000000,0.00000000,0.00000000,0.00000000,0.00000000,0.00000000,0.00000000,0.00000000,0.00000000,0.00000000,0.00000000,0.00000000,0.00000000,0.00000000,0.00000000,0.00000000,0.00000000,0.00000000,0.00000000,0.15574455,0.00000000,0.00000000,0.00000000,0.00404589,0.00000000,0.00000000,0.00000000,0.00000000,0.00000000,0.00000000,0.00000000,0.00000000,0.00000000,0.00000000,0.00000000,0.00000000,0.00000000,0.00000000,0.00095564,0.00000000,0.00000000,0.00000000,0.00000000,0.00000000,0.00000000,0.00000000,0.00000000,0.00000000,0.03301777,0.00542912,0.00000000,0.00000000,0.00000000,0.00000000,0.03559246,0.00000000,0.00000000,0.00365638,0.00000000,0.00000000,0.00000000,0.00000000,0.00000000,0.00000000,0.00000000,0.00000000,0.00000000,0.00000000,0.00000000,0.00000000,0.00000000,0.00000000,0.00000000,0.00000000,0.00000000,0.00000000,0.00000000,0.00000000,0.00000000,0.00000000,0.00000000,0.00000000,0.00000000,0.00000000,0.00000000,0.02757772,0.00000000,0.00000000,0.00000000,0.00000000,0.00000000,0.00000000,0.00344632,0.00000000,0.00000000,0.00000000,0.00000000,0.00000000,0.00000000,0.07104514,0.00000000,0.00000000,0.03127023,0.00000000,0.00000000,0.00000000,0.00000000,0.03515327,0.00000000,0.00000000,0.00000000,0.00000000,0.00000000,0.00000000,0.03116018,0.00000000,0.00000000,0.00000000,0.00000000,0.00000000,0.00599508,0.00000000,0.00000000,0.00000000,0.00000000,0.00000000,0.00000000,0.00000000,0.00000000,0.01276101,0.00000000,0.00000000,0.00000000,0.00000000,0.00140297,0.10199801,0.00000000,0.00000000,0.00000000,0.01161424,0.00169506,0.06121253,0.00000000,0.00250868,0.00286690,0.00000000,0.00000000,0.00000000,0.00000000,0.00000000,0.00000000,0.00142407,0.00000000,0.00000000,0.00000000,0.00000000,0.00000000,0.00000000,0.00000000,0.00000000,0.00000000,0.00000000,0.00000000,0.07997715,0.00000000,0.00000000,0.00000000,0.00000000,0.00859554,0.00000000,0.00000000,0.00000000,0.00000000,0.00000000,0.00528466,0.02662555,0.00000000,0.00000000,0.00000000,0.00000000,0.00000000,0.00000000,0.00000000,0.00000000,0.00000000,0.00000000,0.09236343,0.04713047,0.00722984,0.00000000,0.00000000,0.00000000,0.03103945,0.00000000,0.06253832,0.00000000,0.00000000,0.00000000,0.00000000,0.00000000,0.00000000,0.00000000,0.00000000,0.00673503,0.00000000,0.00000000,0.00000000,0.00000000,0.00000000,0.00000000,0.00646274,0.00000000,0.00000000,0.00000000,0.00000000,0.00000000,0.00000000,0.00000000,0.00000000,0.00000000,0.00000000,0.00000000,0.00000000,0.00000000,0.00000000,0.00000000,0.00000000,0.00000000,0.00000000,0.00000000,0.00000000,0.02345955,0.00000000,0.00000000,0.86605214,0.00000000,0.00000000,0.00000000,0.00000000,0.00000000,0.00000000,0.00000000,0.00000000,0.00000000,0.00000000,0.00000000,0.00000000,0.00000000,0.00000000,0.00000000,0.00000000,0.00000000,0.00000000,0.00000000,0.00000000,0.00000000,0.00000000,0.00265298,0.01767468,0.00000000,0.00000000,0.00000000,0.00000000,0.00587512,0.00000000,0.00000000,0.00000000,0.00000000,0.00000000,0.00000000,0.61895392,0.00000000,0.00000000,0.00000000,0.00000000,0.00000000,0.00000000,0.00000000,0.00000000,0.00000000,0.08836236,0.00000000,0.00000000,0.00000000,0.00000000,0.00000000,0.00000000,0.00000000,0.00000000,0.05011630,0.00000000,0.00000000,0.00000000,0.00000000,0.00000000,0.00000000,0.00000000,0.00000000,0.00000000,0.00000000,0.00000000,0.00000000,0.00000000,0.00886196,0.00000000,0.00000000,0.00000000,0.00710233,0.00000000,0.00000000,0.00000000,0.00000000,0.00393915,0.00000000,0.00000000,0.00000000,0.00000000,0.00000000,0.00000000,0.00000000,0.00000000,0.00000000,0.00000000,0.00000000,0.00399679,0.00000000,0.00000000,0.00000000,0.00000000,0.15298611,0.00000000,0.00000000,0.00000000,0.00328299,0.00000000,0.00000000,0.00000000,0.00000000,0.00000000,0.00000000,0.00000000,0.00000000,0.00000000,0.00000000,0.00000000,0.00000000,0.00000000,0.00000000,0.00000000,0.00000000,0.00000000,0.00000000,0.00000000,0.00000000,0.00000000,0.00000000,0.02952055,0.00000000,0.00000000,0.00000000,0.00000000,0.00000000,0.00000000,0.00000000,0.00000000,0.01365141,0.00000000,0.00000000,0.00000000,0.00000000,0.00000000,0.00000000,0.00000000,0.00000000,0.00000000,0.00000000,0.00261739,0.00000000,0.00000000,0.00000000,0.06725806,0.00000000,0.00000000,0.02135500,0.00000000,0.00000000,0.00000000,0.00000000,0.00000000,0.00000000,0.00000000,0.00000000,0.00000000,0.00000000,0.00000000,0.00000000,0.00000000,0.00000000,0.00000000,0.05957852,0.00000000,0.00000000,0.00000000,0.00612240,0.00000000,0.00000000,0.01893143,0.00000000,0.01614372,0.00000000,0.00000000,0.00000000,0.00000000,0.00000000,0.00000000,0.00000000,0.00000000,0.00000000,0.00000000,0.00000000,0.00000000,0.00000000,0.00000000,0.00309362,0.00000000,0.00000000,0.00147520,0.00000000,0.01413433,0.00000000,0.04251413,0.00000000,0.00000000,0.00000000,0.00000000,0.00000000,0.00000000,0.00000000,0.00000000,0.01203128,0.00516295,0.00000000,0.00000000,0.00000000,0.00000000,0.00000000,0.00000000,0.14682400,0.00000000,0.00000000,0.00000000,0.00000000,0.11089906,0.01460008,0.00000000,0.00000000,0.00000000,0.00000000,0.00000000,0.00000000,0.00463051,0.00000000,0.00000000,0.00000000,0.05411490,0.00000000,0.15033728,0.00000000,0.00000000,0.00000000,0.00000000,0.00000000,0.00000000,0.10252282,0.00000000,0.00000000,0.00000000,0.00296395,0.00000000,0.00000000,0.00000000,0.00000000,0.00000000,0.01431328,0.00000000,0.00000000,0.00000000,0.00000000,0.00000000,0.08590553,0.00000000,0.00000000,0.00000000,0.09041738,0.00000000,0.01063552,0.00000000,0.00000000,0.00000000,0.00579530,0.00000000,0.02692940,0.00000000,0.00000000,0.00000000,0.09140783,0.25446972,0.00000000,0.00000000,0.00000000,0.00000000,0.00000000,0.00000000,0.00925398,0.00000000,0.00000000,0.00000000,0.00000000,0.00000000,0.00000000,0.01475906,0.00000000,0.00000000,0.00000000,0.00000000,0.00000000,0.00000000,0.00000000,0.00000000,0.00000000,0.00000000,0.00000000,0.00000000,0.00000000,0.00000000,0.00000000,0.00000000,0.00000000,0.00000000,0.00000000,0.00000000,0.00000000,0.00000000,0.00000000,0.06733820,0.00000000,0.00000000,0.00000000,0.00000000,0.00000000,0.03704589,0.00000000,0.00000000,0.00000000,0.00000000,0.00000000,0.00000000,0.00100263,0.00000000,0.00000000,0.01553201,0.00000000,0.65090901,0.00000000,0.00000000,0.00000000,0.00000000,0.00000000,0.00000000,0.00114675,0.00000000,0.00000000,0.00000000,0.00000000,0.00000000,0.00000000,0.00000000,0.00000000
0.00000000,0.00332893,0.00000000,0.00000000,0.00000000,0.00000000,0.00000000,0.00000000,0.00000000,0.00000000,0.00000000,0.00000000,0.00000000,0.00000000,0.00000000,0.00000000,0.01788513,0.00000000,0.00000000,0.00000000,0.00000000,0.00000000,0.00000000,0.00000000,0.00000000,0.00596932,0.00000000,0.00000000,0.00258909,0.00375954,0.00000000,0.00000000,0.00195399,0.00000000,0.00000000,0.00000000,0.00000000,0.00000000,0.00000000,0.00000000,0.00295618,0.00000000,0.00000000,0.00000000,0.00000000,0.00000000,0.00000000,0.00000000,0.75781875,0.00000000,0.00000000,0.00551824,0.00000000,0.00000000,0.03860433,0.00000000,0.00000000,0.00000000,0.00000000,0.00000000,0.00000000,0.00000000,0.00000000,0.00000000,0.00569806,0.00000000,0.00000000,0.28982675,0.00000000,0.00000000,0.00000000,0.00000000,0.00000000,0.00000000,0.00000000,0.00000000,0.00000000,0.00000000,0.00000000,0.01125033,0.00000000,0.00000000,0.00299379,0.00000000,0.00000000,0.01003224,0.00000000,0.00000000,0.00000000,0.00000000,0.00000000,0.00000000,0.00000000,0.00000000,0.00000000,0.00000000,0.00000000,0.00000000,0.00000000,0.00180390,0.00000000,0.00000000,0.00000000,0.00000000,0.00000000,0.00593046,0.00000000,0.00000000,0.00000000,0.00000000,0.00871689,0.00000000,0.00000000,0.00000000,0.00000000,0.00000000,0.00000000,0.00682293,0.00000000,0.00000000,0.00000000,0.00000000,0.00000000,0.00000000,0.00000000,0.00000000,0.00000000,0.00000000,0.01889759,0.00000000,0.00000000,0.00000000,0.00000000,0.00000000,0.00000000,0.07946419,0.00000000,0.00000000,0.00000000,0.00000000,0.00000000,0.00000000,0.00000000,0.00000000,0.00000000,0.00000000,0.00000000,0.00564730,0.00000000,0.00000000,0.00000000,0.00000000,0.00000000,0.00000000,0.00000000,0.00000000,0.05688585,0.00000000,0.00000000,0.00000000,0.00000000,0.00000000,0.00000000,0.00000000,0.00000000,0.00000000,0.10974711,0.00000000,0.01786661,0.00000000,0.00000000,0.00000000,0.01511483,0.00000000,0.00000000,0.00000000,0.00000000,0.05164173,0.00000000,0.02901280,0.00000000,0.00000000,0.00000000,0.00000000,0.00000000,0.00168078,0.03596333,0.00000000,0.00000000,0.00000000,0.00000000,0.00000000,0.00000000,0.00000000,0.00000000,0.00000000,0.00537613,0.00000000,0.00000000,0.00000000,0.00000000,0.00000000,0.00000000,0.00000000,0.00000000,0.00000000,0.05491799,0.00000000,0.00000000,0.00000000,0.00000000,0.00000000,0.00000000,0.00000000,0.00000000,0.00000000,0.00000000,0.00000000,0.00000000,0.00000000,0.00000000,0.00000000,0.00000000,0.00000000,0.00000000,0.00000000,0.00000000,0.00000000,0.00000000,0.00000000,0.00000000,0.00000000,0.00000000,0.00000000,0.00000000,0.00000000,0.00213390,0.00000000,0.00156719,0.00000000,0.00000000,0.00000000,0.00000000,0.00000000,0.00000000,0.00000000,0.00000000,0.00000000,0.04898545,0.00000000,0.00000000,0.00000000,0.00000000,0.00000000,0.00000000,0.00000000,0.00000000,0.00000000,0.00000000,0.00000000,0.00000000,0.00440805,0.00000000,0.00000000,0.00000000,0.00000000,0.00000000,0.00000000,0.00000000,0.00000000,0.00000000,0.00000000,0.00000000,0.00000000,0.00000000,0.00565949,0.00000000,0.00000000,0.00000000,0.00000000,0.00000000,0.00000000,0.00000000,0.00000000,0.00000000,0.00887694,0.00000000,0.00000000,0.00000000,0.00000000,0.00000000,0.00000000,0.00000000,0.00000000,0.00000000,0.00000000,0.00000000,0.00000000,0.00000000,0.00000000,0.00000000,0.00000000,0.00000000,0.00000000,0.00000000,0.00000000,0.00000000,0.00000000,0.00000000,0.00000000,0.00000000,0.09433946,0.02241820,0.00000000,0.00732944,0.00000000,0.00000000,0.00000000,0.00000000,0.00000000,0.00000000,0.00000000,0.00000000,0.00000000,0.00207169,0.00000000,0.00000000,0.00000000,0.00000000,0.00000000,0.00000000,0.00474257,0.00000000,0.00000000,0.00000000,0.00000000,0.00000000,0.00000000,0.00000000,0.00000000,0.00000000,0.00000000,0.00000000,0.00000000,0.00000000,0.00000000,0.01026081,0.00000000,0.00000000,0.00000000,0.00680215,0.00000000,0.00000000,0.00000000,0.00000000,0.00000000,0.00000000,0.00000000,0.00000000,0.00217244,0.00000000,0.00000000,0.00000000,0.00000000,0.00000000,0.00000000,0.00000000,0.00000000,0.00000000,0.00000000,0.00000000,0.00000000,0.00000000,0.01459764,0.00000000,0.00000000,0.01374064,0.00000000,0.00000000,0.00000000,0.00000000,0.00000000,0.00000000,0.00000000,0.00000000,0.00000000,0.00000000,0.00000000,0.00000000,0.00000000,0.00000000,0.00000000,0.00563644,0.00000000,0.00000000,0.00150397,0.00000000,0.00000000,0.00000000,0.00000000,0.00000000,0.00000000,0.00000000,0.00000000,0.08440790,0.00000000,0.00000000,0.00000000,0.00000000,0.00000000,0.00000000,0.00000000,0.00000000,0.00000000,0.00000000,0.00000000,0.00000000,0.00000000,0.00000000,0.00000000,0.01399751,0.00000000,0.00000000,0.00000000,0.00000000,0.00000000,0.00000000,0.00000000,0.07449674,0.05708656,0.00000000,0.00000000,0.00000000,0.00128951,0.00000000,0.00118810,0.00000000,0.00000000,0.00000000,0.00000000,0.00000000,0.00000000,0.00000000,0.00000000,0.00000000,0.00000000,0.00501045,0.00000000,0.00147846,0.00000000,0.00000000,0.00000000,0.00000000,0.00000000,0.00000000,0.00000000,0.00000000,0.00726322,0.00000000,0.00000000,1.21949074,0.00000000,0.00000000,0.00000000,0.00000000,0.01614572,0.00000000,0.03081326,0.00000000,0.00048921,0.00000000,0.00000000,0.00000000,0.00000000,0.00000000,0.00000000,0.00000000,0.00000000,0.00000000,0.00000000,0.00000000,0.00000000,0.00877318,0.00000000,0.00000000,0.00000000,0.00000000,0.00000000,0.00000000,0.00000000,0.00000000,0.00000000,0.00529881,0.00000000,0.04621940,0.00000000,0.00000000,0.00000000,0.00000000,0.00430621,0.00000000,0.00000000,0.20258124,0.00000000,0.00000000,0.04900022,0.00000000,0.00000000,0.00000000,0.00000000,0.00000000,0.14685817,0.00000000,0.00000000,0.00671721,0.00000000,0.00000000,0.00000000,0.00000000,0.00000000,0.00000000,0.00000000,0.00000000,0.87145775,0.00473674,0.00000000,0.00000000,0.00000000,0.00000000,0.00063532,0.00669085,0.00000000,0.00000000,0.00000000,0.00000000,0.00000000,0.00000000,0.00000000,0.00000000,2.10778334,0.00000000,0.00000000,0.00000000,0.00074993,0.00078780,0.00493081,0.00000000,0.00000000,0.00000000,0.00000000,0.00000000,0.00000000,0.00000000,0.00000000,0.00000000,0.00000000,0.00000000,0.00998733,0.00000000,0.01163512,0.00000000,0.00000000,0.01991298,0.00000000,0.00000000,0.00000000,0.04595498,1.06816962,0.00000000,0.00000000,0.00000000,0.00000000,0.00000000,0.00000000,0.00000000,0.00000000,0.00000000,0.00000000,0.00000000,0.00000000,0.00000000,0.00000000,0.00000000,0.00000000,0.00000000,0.00000000,0.00000000,0.00000000,0.00000000,0.00000000,0.00000000,0.00000000,0.00000000,0.00000000,0.00000000,0.00000000,0.00000000,0.00000000,0.00000000,0.00000000,0.00000000,0.00000000,0.00000000,0.00000000,0.00000000,0.00000000,0.00000000,0.00000000,0.00000000,0.00000000,0.00000000,0.00000000,0.00329660,0.00000000,0.00000000,0.00000000,0.00000000,0.00000000,0.00000000,0.00000000,0.20774404,0.00000000,0.00000000,0.00000000,0.00000000,0.21054331,0.00000000,0.00000000,0.00000000,0.30844736,0.00000000,0.00000000,0.00000000,0.00000000,0.00000000,0.01177547,0.00000000,0.00000000,0.00000000,0.00000000,0.00000000,0.00000000,0.00000000,0.00000000,0.00000000,0.00000000,0.00000000,0.00000000,0.00000000,0.00000000,0.01360622,0.00000000,0.00000000,0.00000000,0.00000000,0.00000000,0.00000000,0.01552281,0.00000000,0.00000000,0.00000000,0.00000000,0.00000000,0.00212140,0.00000000,0.00000000,0.00000000,0.00000000,0.00000000,0.00067320,0.00000000,0.00000000,0.00000000,0.00000000,0.00430783,0.00000000,0.00000000,0.00000000,0.00000000,0.00000000,0.00099881,0.00000000,0.00000000,0.00000000,0.01304913,0.00000000,0.00000000,0.00000000,0.00000000,0.00000000,0.00000000,0.01064149,0.00353831,0.00000000,0.00000000,0.00093137,0.00000000,0.00000000,0.00092817,0.00000000,0.04307392,0.00000000,0.00000000,0.00000000,0.00000000,0.00000000,0.00000000,0.00000000,0.00000000,0.00000000,0.00000000,0.00000000,0.00000000,0.00000000,0.00000000,0.00000000,0.01062448,0.00000000,0.00000000,0.00000000,0.00268440,0.00000000,0.00000000,0.00000000,0.00000000,0.00000000,0.00000000,0.00377972,0.00000000,0.00000000,0.00000000,0.00000000,0.00000000,0.00000000,0.00000000,0.00000000,0.00000000,0.01149046,0.00000000,0.00000000,0.00000000,0.00000000,0.00113171,0.00000000,0.00000000,0.00000000,0.00000000,0.00000000,0.00000000,0.01404512,0.00000000,0.00000000,0.00000000,0.02830449,0.00000000,0.00000000,0.00000000,0.00000000,0.00000000,0.00000000,0.00000000,0.00000000,0.00000000,0.00000000,0.02626020,0.00000000,0.00000000,0.00000000,0.00000000,0.00000000,0.00000000,0.00347448,0.00326340,0.00000000,0.00000000,0.00000000,0.00000000,0.00000000,0.00000000,0.00093619,0.00602543,0.00000000,0.00000000,0.00000000,0.00000000,0.00000000,0.00000000,0.00000000,0.00000000,0.00000000,0.00000000,0.00000000,0.00000000,0.00488538,0.00000000,0.00000000,0.00000000,0.00000000,0.00000000,0.00000000
0.00000000,0.00000000,0.00000000,0.00469076,0.00000000,0.00000000,0.70982560,0.00000000,0.00000000,0.00000000,0.00000000,0.00000000,0.00000000,0.00188216,0.00242817,0.00000000,0.00000000,0.00000000,0.00000000,0.00000000,0.00000000,0.00000000,0.00000000,0.00000000,0.00000000,0.01816072,0.00000000,0.00000000,0.00000000,0.04196717,0.00000000,0.00000000,0.01174048,0.00000000,0.00000000,0.00000000,0.00000000,0.00396989,0.00000000,0.00000000,0.00000000,0.00000000,0.00000000,0.00000000,0.00000000,0.01979122,0.00267193,0.00000000,0.00000000,0.00000000,0.00000000,0.00000000,0.00068305,0.00000000,0.04118661,0.00000000,0.00000000,0.00000000,0.00000000,0.00000000,0.00000000,0.00000000,0.00000000,0.00000000,0.00000000,0.00000000,0.00000000,0.00000000,0.00000000,0.00000000,0.00000000,0.00000000,0.00000000,0.00000000,0.00332442,0.00000000,0.00000000,0.00000000,0.00000000,0.00000000,0.00000000,0.00000000,0.00000000,0.00000000,0.00000000,0.00000000,0.00000000,0.05284868,0.00000000,0.00000000,0.00000000,0.00000000,0.00000000,0.00000000,0.00000000,0.00000000,0.00000000,0.00000000,0.00000000,0.00000000,0.00000000,0.00000000,0.00000000,0.00000000,0.00000000,0.00000000,0.00000000,0.00000000,0.00000000,0.00000000,0.00093079,0.00000000,0.02274462,0.00000000,0.00000000,0.20818403,0.00000000,0.10796983,0.00000000,0.00000000,0.00360244,0.00000000,0.00000000,0.00000000,0.00103715,0.00000000,0.00000000,0.02783722,0.00000000,0.00000000,0.00000000,0.00000000,0.00000000,0.00000000,0.00000000,0.00112277,0.00000000,0.00000000,0.00000000,0.11384951,0.00000000,0.00000000,0.00000000,0.00000000,0.00817096,0.01333380,0.00000000,0.00000000,0.00000000,0.00000000,0.00000000,0.00000000,0.00000000,0.00000000,0.00000000,0.00000000,0.00000000,0.00000000,0.00000000,0.00222968,0.00000000,0.00136915,0.00000000,0.00000000,0.00000000,0.00000000,0.00000000,0.00000000,0.00000000,0.00000000,0.00000000,0.00000000,0.00000000,0.00000000,0.00156110,0.00242939,0.00000000,0.00000000,0.00000000,0.00000000,0.00000000,0.00000000,0.00000000,0.03472336,0.00000000,0.00000000,0.00000000,0.00000000,0.00000000,0.00000000,0.00000000,0.00000000,0.00000000,0.00000000,0.00000000,0.00000000,0.05258736,0.00000000,0.00000000,0.00000000,0.00000000,0.00000000,0.00000000,0.00000000,0.00000000,0.00000000,0.00000000,0.00000000,0.00000000,0.00000000,0.00000000,0.03795322,0.00000000,0.00000000,0.00000000,0.00000000,0.00000000,0.00000000,0.00000000,0.00158401,0.00000000,0.00000000,0.00000000,0.00000000,0.00472079,0.00000000,0.00000000,0.00000000,0.00000000,0.00696432,0.00000000,0.00000000,0.00000000,0.00120946,0.00000000,0.00000000,0.00000000,0.00000000,0.05336572,0.00000000,0.00000000,0.00000000,0.00000000,0.00000000,0.00000000,0.00725665,0.00000000,0.01845441,0.00000000,0.00000000,0.00000000,0.00000000,0.00000000,0.00000000,0.00413532,0.00000000,0.00000000,0.00000000,0.00000000,0.00000000,0.00273357,0.00510449,0.00000000,0.00420472,0.00000000,0.00000000,0.00000000,0.00000000,0.00000000,0.00000000,0.00000000,0.00000000,0.00000000,0.00000000,0.00000000,0.00000000,0.00000000,0.00000000,0.00000000,0.00000000,0.00000000,0.00830580,0.00000000,0.00000000,0.00000000,0.00000000,0.00000000,0.00000000,0.00000000,0.00000000,0.00000000,0.00000000,0.00000000,0.00000000,0.00302019,0.00000000,0.00000000,0.00000000,0.00000000,0.00152349,0.00617996,0.00000000,0.11937293,0.00000000,0.00000000,0.00000000,0.00238388,0.00077368,0.00000000,0.00000000,0.00000000,0.00000000,0.00000000,0.00000000,0.00000000,0.00000000,0.00000000,0.00000000,0.00000000,0.00000000,0.00000000,0.00162454,0.00000000,0.00000000,0.00000000,0.00000000,0.05405449,0.00000000,0.00000000,0.00000000,0.00000000,0.00000000,0.00000000,0.00000000,0.00000000,0.00000000,0.00000000,0.00000000,0.00000000,0.00000000,0.00000000,0.00000000,0.07503602,2.99118729,0.00000000,0.00000000,0.00000000,0.00000000,0.00000000,0.00000000,0.00000000,0.00000000,0.00000000,0.00000000,0.00000000,0.00000000,0.00000000,0.06875259,0.00000000,0.00000000,0.00000000,0.00000000,0.00130020,0.01178442,0.00000000,0.00000000,0.00157601,0.00000000,0.08660863,0.00000000,0.00000000,0.00000000,0.00000000,0.00242582,0.00000000,0.00000000,0.00000000,0.00000000,0.00000000,0.00000000,0.00000000,0.00000000,0.00000000,0.00000000,0.00000000,0.00000000,0.00000000,0.00000000,0.00000000,0.00000000,0.00000000,0.00000000,0.00000000,0.00631934,0.00000000,0.00000000,0.00000000,0.00000000,0.00000000,0.00000000,0.00000000,0.00000000,0.00000000,0.00000000,0.00000000,0.00000000,0.00000000,0.00000000,0.00000000,0.00000000,0.00000000,0.00000000,0.00000000,0.00000000,0.00000000,0.00976414,0.03056722,0.00000000,0.00000000,0.00288460,0.00000000,0.00000000,0.04878494,0.00000000,0.00000000,0.19036383,0.00000000,0.00000000,0.00480742,0.00000000,0.00000000,0.00000000,0.00847837,0.00000000,0.00000000,0.00000000,0.00000000,0.00000000,0.00000000,0.00000000,0.00000000,0.00000000,0.00000000,0.00000000,0.00000000,0.00000000,0.00000000,0.00000000,0.00000000,0.00000000,0.00000000,0.00000000,0.00000000,0.00000000,0.00181510,0.00843818,0.00000000,0.00000000,0.00000000,0.00000000,0.00000000,0.00000000,0.00000000,0.00000000,0.00659896,0.00000000,0.00000000,0.00000000,0.00000000,0.00291043,0.00000000,0.00000000,0.00000000,0.00000000,0.01744981,0.00000000,0.00000000,0.00000000,0.00000000,0.00000000,0.00000000,0.00000000,0.00000000,0.00000000,0.00000000,0.00000000,0.00000000,0.00000000,0.00187693,0.00000000,0.00000000,0.00000000,0.00000000,0.00000000,0.00000000,0.00000000,0.00000000,0.00000000,0.00000000,0.00000000,0.00000000,0.00000000,0.00000000,0.00000000,0.00000000,0.00000000,0.00000000,0.00000000,0.00000000,0.00000000,0.00000000,0.00000000,0.00000000,0.00000000,0.00000000,0.00000000,0.00000000,0.00000000,0.00000000,0.00000000,0.00000000,0.00000000,0.00000000,0.00000000,0.00000000,0.00000000,0.00000000,0.00000000,0.00000000,0.00560097,0.00000000,0.00000000,0.02493655,0.00000000,0.00000000,0.00000000,0.00000000,0.00000000,0.00000000,0.00000000,0.00000000,0.00000000,0.00000000,0.00000000,0.00000000,0.00000000,0.00000000,0.00000000,0.00000000,0.00000000,0.00000000,0.00000000,0.00000000,0.00000000,0.00000000,0.01314439,0.00000000,0.00000000,0.00000000,0.00000000,0.00528185,0.00000000,0.00000000,0.00000000,0.00000000,0.00000000,0.00259744,0.00000000,0.00000000,0.00000000,0.00000000,0.18272584,0.00000000,0.00000000,0.00000000,0.00000000,0.00000000,0.00000000,0.00000000,0.00000000,0.00000000,0.00000000,0.00000000,0.00000000,0.00000000,0.02462257,0.00000000,0.00000000,0.00000000,0.00000000,0.00000000,0.00000000,0.00000000,0.00000000,0.00139712,0.00000000,0.00000000,0.00472656,0.00000000,0.00000000,0.04941380,0.00000000,0.00000000,0.00000000,0.00000000,0.00000000,0.00000000,0.00000000,0.00000000,0.00000000,0.00000000,0.00000000,0.00000000,0.00000000,0.00000000,0.00000000,0.00000000,0.00000000,0.00000000,0.00000000,0.03203913,0.00000000,0.00000000,0.00000000,0.00000000,0.05914429,0.00000000,0.00000000,0.00000000,0.00000000,0.00572666,0.00000000,0.00000000,0.00000000,0.00000000,0.00000000,0.00000000,0.00000000,0.00000000,0.01785635,0.01009590,0.00000000,0.00000000,0.00000000,0.00000000,0.00000000,0.00000000,0.00000000,0.00000000,0.00000000,0.00000000,0.00000000,0.00000000,0.00000000,0.00000000,0.00000000,0.00000000,0.00000000,0.00000000,0.00695476,0.00000000,0.00000000,0.00000000,0.01504898,0.00000000,0.00000000,0.00000000,0.00000000,0.00000000,0.00000000,0.00000000,0.00000000,0.00000000,0.00000000,0.00000000,0.00000000,0.00000000,0.02959019,0.00000000,0.00000000,0.00000000,0.00000000,0.00000000,0.00000000,0.00334467,0.00182249,0.00000000,0.00000000,0.00000000,0.00000000,0.00000000,0.00000000,0.00000000,0.00000000,0.00000000,0.00000000,0.00000000,0.00000000,0.00000000,0.00000000,0.00000000,0.00000000,0.00000000,0.00542245,0.02885702,0.00000000,0.00000000,0.00000000,0.00000000,0.00000000,0.02268160,0.00690743,0.00000000,0.00000000,0.00000000,0.00000000,0.00000000,0.00000000,0.00000000,0.03776092,0.00000000,0.00000000,0.00000000,0.00000000,0.01424267,0.00000000,0.01316262,0.00000000,0.01955533,0.00000000,0.00000000,0.00000000,0.00000000,0.00000000,0.00000000,0.00000000,0.00000000,0.00000000,0.00000000,0.00000000,0.00000000,0.07743014,0.00000000,0.00000000,0.00000000,0.00112407,0.00000000,0.00000000,0.00000000,0.00000000,0.00000000,0.26288649,0.03546453,0.00000000,0.00000000,0.00000000,0.00000000,0.01432418,0.00000000,0.00767518,0.00000000,0.00000000,0.00000000,0.00000000,0.01004877,0.00000000,0.00000000,0.00000000,0.00000000,0.00000000,0.00000000,0.00000000,0.00000000,0.00000000,0.00000000,0.02274467,0.00000000,0.00000000,0.00000000,0.00000000,0.00000000,0.00000000,0.00000000,0.00000000,0.00000000,0.00074533,0.02149567,0.00000000,0.00000000,0.07980574,0.00000000,0.00000000,0.00000000,0.00000000,0.00000000,0.00000000,0.01647239,0.00000000,0.00000000,0.00000000
0.00000000,0.00000000,0.00399499,0.00000000,0.00000000,0.00327634,0.00000000,0.00339002,0.00000000,0.00000000,0.00000000,0.00000000,0.00000000,0.00000000,0.00000000,0.00000000,0.36304235,0.00000000,0.00222820,0.00000000,0.00000000,0.00000000,0.00000000,0.00191267,0.00885311,0.00000000,0.00000000,0.00000000,0.00000000,0.00000000,0.00000000,0.00000000,0.00484492,0.00000000,0.00000000,0.00000000,0.00000000,0.00000000,0.00000000,0.00000000,0.00000000,0.00000000,0.00000000,0.00000000,0.00000000,0.00000000,0.00000000,0.00000000,0.00000000,0.00000000,0.00000000,0.00000000,0.00000000,0.00000000,0.00000000,0.00000000,0.00079316,0.00000000,0.00000000,0.00221103,0.00000000,0.00000000,0.00434557,0.00000000,0.00000000,0.00000000,0.19140737,0.00000000,0.00000000,0.03161843,0.00000000,0.00000000,0.00000000,0.00000000,0.00000000,0.01269702,0.00000000,0.00000000,0.00000000,0.00000000,0.00000000,0.00000000,0.00000000,0.00292404,0.00000000,0.00000000,0.00000000,0.00000000,0.00000000,0.00000000,0.00212423,0.00000000,0.00000000,0.00000000,0.00000000,0.00000000,0.07194152,0.00000000,0.00000000,0.00000000,0.00000000,0.00000000,0.00000000,0.00000000,0.14197191,0.00000000,0.00000000,0.00000000,0.00000000,0.00000000,0.00000000,0.00000000,0.00000000,0.00000000,0.03830919,0.00000000,0.40585634,0.00000000,0.00000000,0.00000000,0.00000000,0.00000000,0.00000000,0.00000000,0.00000000,0.00000000,0.00000000,0.00000000,0.00000000,0.00192419,0.00000000,0.00000000,0.00000000,0.00424897,0.00000000,0.00000000,0.00000000,0.00000000,0.00000000,0.00000000,0.00000000,0.00000000,0.00000000,0.00442965,0.00000000,0.00000000,0.00000000,0.00000000,0.02617727,0.00000000,0.00000000,0.03429559,0.00000000,0.00000000,0.00000000,0.00000000,0.00131136,0.01362927,0.00000000,0.00000000,0.00000000,0.00000000,0.00000000,0.00000000,0.00000000,0.00000000,0.00000000,0.00000000,0.00000000,0.00000000,0.00221609,0.00000000,0.00000000,0.00000000,0.00000000,0.00382581,0.00000000,0.00000000,0.00000000,0.00000000,0.00000000,0.00000000,0.00063479,0.00000000,0.00000000,0.00000000,0.00000000,0.00000000,0.00518189,0.00000000,0.02430428,0.00000000,0.00000000,0.00000000,0.00000000,0.00000000,0.00000000,0.01034835,0.00000000,0.00350381,0.00000000,0.00000000,0.00000000,0.00000000,0.00000000,0.00000000,0.03702586,0.00000000,0.00000000,0.00000000,0.00000000,0.00000000,0.00000000,0.00000000,0.00000000,0.00000000,0.00132034,0.00000000,0.00000000,0.00000000,0.00000000,0.00000000,0.00000000,0.00000000,0.00000000,0.00000000,0.00000000,0.00000000,0.00000000,0.00000000,0.00172773,0.00000000,0.00646639,0.00000000,0.00000000,0.00000000,0.17415164,0.00000000,0.00000000,0.00000000,0.00000000,0.00000000,0.00441145,0.00000000,0.00000000,0.07816423,0.00000000,0.26009993,0.14612563,0.00000000,0.01057326,0.00000000,0.00000000,0.00000000,0.00000000,0.00000000,0.00000000,0.00281717,0.00249923,0.00000000,0.00000000,0.00000000,0.00000000,0.00000000,0.00000000,0.00000000,0.00000000,0.00000000,0.00000000,0.00000000,0.00000000,0.00000000,0.00000000,0.00000000,0.91323008,0.00000000,0.00000000,0.00000000,0.12141302,0.00000000,0.00000000,0.00000000,0.00000000,0.00000000,0.00000000,0.00000000,0.00000000,0.00000000,0.00499974,0.00000000,0.00000000,0.00000000,0.00000000,0.00000000,0.00000000,0.00000000,0.00000000,0.00000000,0.00000000,0.00000000,0.00000000,0.00000000,0.00000000,0.00000000,0.00000000,0.00000000,0.00000000,0.00000000,0.00124876,0.00000000,0.00000000,0.00000000,0.00000000,0.00000000,0.00000000,0.00000000,0.00000000,0.00000000,0.00000000,0.00209237,0.00000000,0.00000000,0.00000000,0.00000000,0.00000000,0.00000000,0.00000000,0.00000000,0.00000000,0.00000000,0.00000000,0.00000000,0.00549475,0.00000000,0.00000000,0.00000000,0.00000000,0.00000000,0.00000000,0.00000000,0.00000000,0.00000000,0.00000000,0.00000000,0.00000000,0.00583466,0.00000000,0.00000000,0.00000000,0.00000000,0.00348894,0.02979229,0.00324071,0.00000000,0.00000000,0.00000000,0.00000000,0.00000000,0.00000000,0.00000000,0.00000000,0.00000000,0.27369754,0.00000000,0.00000000,0.00000000,0.01004486,0.00364560,0.00000000,0.00000000,0.00818433,0.00000000,0.00000000,0.00791570,0.00000000,0.00000000,0.00000000,0.00000000,0.00000000,0.00000000,0.00000000,0.00000000,0.00000000,0.00000000,0.00505610,0.03594859,0.00288430,0.00417160,0.02773174,0.00000000,0.00000000,0.00000000,0.00000000,0.00000000,0.00000000,0.00000000,0.00000000,0.00000000,0.02602230,0.00000000,0.00000000,0.00000000,0.00000000,0.00000000,0.01167480,0.00000000,0.00242381,0.00000000,0.00000000,0.00000000,0.00379599,0.00000000,0.01092118,0.00000000,0.00000000,0.00000000,0.00000000,0.00000000,0.00000000,0.00000000,0.00000000,0.00000000,0.00000000,0.00000000,0.00000000,0.14983459,0.00000000,0.00000000,0.00000000,0.00000000,0.00000000,0.00268473,0.00000000,0.00000000,0.00000000,0.00000000,0.00000000,0.00000000,0.00000000,0.00000000,0.00000000,0.00000000,0.00000000,0.00000000,0.00000000,0.00000000,0.00000000,0.00000000,0.00582745,0.00000000,0.00000000,0.00000000,0.00000000,0.00000000,0.00000000,0.00000000,0.00000000,0.00000000,0.00000000,0.00000000,0.00000000,0.00000000,0.00000000,0.00000000,0.09249889,0.00000000,0.00000000,0.00000000,0.00346739,0.00000000,0.00000000,0.00000000,0.00000000,0.00000000,0.00000000,0.42605859,0.00000000,0.00755520,0.00000000,0.00000000,0.00000000,0.00000000,0.00000000,0.01571561,0.00000000,0.00000000,0.00000000,0.00000000,0.00000000,0.00000000,0.00000000,0.00000000,0.00000000,0.00000000,0.00103751,0.00000000,0.00000000,0.00206662,0.00000000,0.00000000,0.00000000,0.00000000,0.00000000,0.00000000,0.00000000,0.00000000,0.00000000,0.01227741,0.02049343,0.00000000,1.06946642,0.00000000,0.00000000,0.00000000,0.00000000,0.00000000,0.00178868,0.00000000,0.00000000,0.00000000,0.01011606,0.00000000,0.00000000,0.00000000,0.00000000,0.00000000,0.00000000,0.00000000,0.00000000,0.00000000,0.00000000,0.00000000,0.00000000,0.00000000,0.00000000,0.00000000,0.00000000,0.00000000,0.00000000,0.00000000,0.00000000,0.00000000,0.00000000,0.00413283,0.00000000,0.00000000,0.00000000,0.00000000,0.00000000,0.00000000,0.00000000,0.00000000,0.00000000,0.00000000,0.00000000,0.00000000,0.00000000,0.00098828,0.00000000,0.00000000,0.02748771,0.00000000,0.00000000,0.00000000,0.00000000,0.00000000,0.00000000,0.00168674,0.00000000,0.00000000,0.00000000,0.00000000,0.00000000,0.00000000,0.00000000,0.00000000,0.00000000,0.00000000,0.00000000,0.00000000,0.00000000,0.00000000,0.00000000,0.00000000,0.00000000,0.00000000,0.00000000,0.01657206,0.00000000,0.00139274,0.00000000,0.00000000,0.00000000,0.00000000,0.00000000,0.00000000,0.00000000,0.00000000,0.00000000,0.00715729,0.00000000,0.00000000,0.00514153,0.00000000,0.00000000,0.00000000,0.00000000,0.00000000,0.00000000,0.00000000,0.00586390,0.00000000,0.00000000,0.00000000,0.00000000,0.00000000,0.00000000,0.00000000,0.00000000,0.00000000,0.00000000,0.00000000,0.00000000,0.00000000,0.00000000,0.00000000,0.00000000,0.00000000,0.00000000,0.00000000,0.00000000,0.01012607,0.00000000,0.00000000,0.00000000,0.00000000,0.00000000,0.00000000,0.00000000,0.00000000,0.00000000,0.00000000,0.00000000,0.00000000,0.00582390,0.05212645,0.00000000,0.00000000,0.00000000,0.00000000,0.00000000,0.00000000,0.00321117,0.02422915,0.00000000,0.08899059,0.00000000,0.00099332,0.00558242,0.00000000,0.00000000,0.00000000,0.05997618,0.00000000,0.00000000,0.00000000,0.00000000,0.00000000,0.00000000,0.00000000,0.00000000,0.00000000,0.00000000,0.00000000,0.00000000,0.00000000,0.00072770,0.00000000,0.00051853,0.00000000,0.00000000,0.00000000,0.00000000,0.00000000,0.00000000,0.00000000,0.00000000,0.00000000,0.00000000,0.00000000,0.00000000,0.00000000,0.00194906,0.00000000,0.00000000,0.00000000,0.00000000,0.00000000,0.00000000,0.00000000,0.00000000,0.00000000,0.04491243,0.00000000,0.00000000,0.00000000,0.00000000,0.00000000,0.00000000,0.00000000,0.00000000,0.00000000,0.00000000,0.00000000,0.00000000,0.00000000,0.00000000,0.00000000,0.00000000,0.00000000,0.00000000,0.00000000,0.00000000,0.00000000,0.00000000,0.00000000,0.00000000,0.00000000,0.00000000,0.00000000,0.00000000,0.00000000,0.00000000,0.00000000,0.00000000,0.00000000,0.00000000,0.00000000,0.00000000,0.00000000,0.00076051,0.03895823,0.00000000,0.00000000,0.00000000,0.00000000,0.00000000,0.00000000,0.00000000,0.00000000,0.00000000,0.00000000,0.00000000,0.00000000,0.00000000,0.00000000,0.00096381,0.00000000,0.04420777,0.00000000,0.00000000,0.00000000,0.00000000,0.01983764,0.00000000,0.00000000,0.00000000,1.12408056,0.00000000,0.00000000,0.00000000,0.00000000,0.00000000,0.00000000,0.00000000,0.00000000,0.00000000,0.00000000,0.00000000,0.00000000,0.00000000,0.00000000,0.00000000,0.00000000,0.00000000,0.00000000,0.00000000,0.00000000,0.00000000,0.00000000,0.00000000,0.00000000,0.00000000,0.00000000,0.00000000,0.00000000,0.00000000,0.00000000,0.00000000,0.00000000
0.00000000,0.00000000,0.00000000,0.00000000,0.00000000,0.00000000,0.00000000,0.00000000,0.20083794,0.00000000,0.00000000,0.00000000,0.00000000,0.00000000,0.00000000,0.00000000,0.00000000,0.00000000,0.00000000,0.00000000,0.00000000,0.00000000,0.00000000,0.00000000,0.00000000,0.00398453,0.00000000,0.00000000,0.00000000,0.00000000,0.00000000,0.00235883,0.00000000,0.00000000,0.00165350,0.00000000,0.00000000,0.00000000,0.00000000,0.00000000,0.00000000,0.00000000,0.00000000,0.00000000,0.00000000,0.00000000,0.00096876,0.09606801,0.00000000,0.00163277,0.00000000,0.00000000,0.00605344,0.00000000,0.00000000,0.00759684,0.00000000,0.00000000,0.00000000,0.00000000,0.00000000,0.00000000,0.00000000,0.00000000,0.00000000,0.00000000,0.00000000,0.00310811,0.00214221,0.00000000,0.00000000,0.00000000,0.00000000,0.00000000,0.00000000,0.00000000,0.00000000,0.00000000,0.00000000,0.00000000,0.00000000,0.00000000,0.00000000,0.19366774,0.00000000,0.00000000,0.00000000,0.01297853,0.00000000,0.00000000,0.00000000,0.00000000,0.00000000,0.00000000,0.00000000,0.00000000,0.01525608,0.00329403,0.00000000,0.76115098,0.00000000,0.00000000,0.00000000,0.00000000,0.00000000,0.00000000,0.00000000,0.00000000,0.00000000,0.00000000,0.00000000,0.00000000,0.00000000,0.00000000,0.00000000,0.00425821,0.00000000,0.00232137,0.00000000,0.00000000,0.00000000,0.01111200,0.00629288,0.00000000,0.00000000,0.00000000,0.00000000,0.00000000,0.00000000,0.00000000,0.00000000,0.00000000,0.00000000,0.00000000,0.00000000,0.00000000,0.00000000,0.00000000,0.00000000,0.00000000,0.60656904,0.00000000,0.00803414,0.00668976,0.00000000,0.00000000,0.00000000,0.00000000,0.02796724,0.00000000,0.00000000,0.00000000,0.00000000,0.00000000,0.00000000,0.00000000,0.00000000,0.13078185,0.00000000,0.00000000,0.00000000,0.00000000,0.00000000,0.00000000,0.00000000,0.00000000,0.00075324,0.00000000,0.00000000,0.00000000,0.00000000,0.00000000,0.00000000,0.00000000,0.00000000,0.00000000,0.00000000,0.00000000,0.00000000,0.01098147,0.00000000,0.00000000,0.00000000,0.00000000,0.00000000,0.00000000,0.00000000,0.00000000,0.00000000,0.00000000,0.00000000,0.00000000,0.00000000,0.00596981,0.00000000,0.00000000,0.00000000,0.00000000,0.00000000,0.00000000,0.00000000,0.00000000,0.00000000,0.00000000,0.00000000,0.00000000,0.00000000,0.00000000,0.00000000,0.00000000,0.00000000,0.03526732,0.00000000,0.00000000,0.00000000,0.00000000,0.00373820,0.00000000,0.00000000,0.00000000,0.04051058,0.00000000,0.00000000,0.00000000,0.00000000,0.00000000,0.00000000,0.00000000,0.00000000,0.00000000,0.00970555,0.00000000,0.00000000,0.00000000,0.00000000,0.00000000,0.00000000,0.06908460,0.00000000,0.01155237,0.00000000,0.00615896,0.00000000,0.02585410,0.00850846,0.00000000,0.00000000,0.00000000,0.00000000,0.00000000,0.00000000,0.00000000,0.00000000,0.00000000,0.00000000,0.00000000,0.00000000,0.00000000,0.00000000,0.05314502,0.00000000,0.00700474,0.00000000,0.00549507,0.00000000,0.00000000,0.03301777,0.00000000,0.00000000,0.00000000,0.00000000,0.00000000,0.00000000,0.00000000,0.00000000,0.00000000,0.00000000,0.00000000,0.00668904,0.00000000,0.00000000,0.00000000,0.00000000,0.00000000,0.00000000,0.00000000,0.00655647,0.00000000,0.00000000,0.00000000,0.00000000,0.00000000,0.00000000,0.00000000,0.00122770,0.00000000,0.00000000,0.00000000,0.00000000,0.00000000,0.00000000,0.00000000,0.00000000,0.00000000,0.00000000,0.00000000,0.00000000,0.01846638,0.00000000,0.00000000,0.00092666,0.01216522,0.88312040,0.01499483,0.00000000,0.00000000,0.00000000,0.00000000,0.00000000,0.00000000,0.00000000,0.00000000,0.00000000,0.00000000,0.00000000,0.00000000,0.00000000,0.00000000,0.00000000,0.00000000,0.00000000,0.00000000,0.00256512,0.00000000,0.00000000,0.00000000,0.00000000,0.00000000,0.00000000,0.00000000,0.00000000,0.00362526,0.00000000,0.00000000,0.01082537,0.02659395,0.00000000,0.00000000,0.01993731,0.00000000,0.00000000,0.00000000,0.00000000,0.00000000,0.00000000,0.00000000,0.00000000,0.00000000,0.00000000,0.00000000,0.00000000,0.00206891,0.00000000,0.00000000,0.00000000,0.00000000,0.00997289,0.00000000,0.00000000,0.00000000,0.00000000,0.00000000,0.00000000,0.00287183,0.00000000,0.00000000,0.00000000,0.00000000,0.00000000,0.00000000,0.00000000,0.00000000,0.00128533,0.00000000,0.00000000,0.00000000,0.00000000,0.00000000,0.00000000,0.00000000,0.00000000,0.00000000,0.00000000,0.00000000,0.00000000,0.00000000,0.00000000,0.00000000,0.00000000,0.00000000,0.00000000,0.00000000,0.00000000,0.00000000,0.00000000,0.00000000,0.00000000,0.00000000,0.00000000,0.00000000,0.00000000,0.00000000,0.00000000,0.00000000,0.00000000,0.00000000,0.00000000,0.00988344,0.00000000,0.00000000,0.00000000,0.06410959,0.00000000,0.00000000,0.00000000,0.00000000,0.00000000,0.00000000,0.00000000,0.00000000,0.00000000,0.00000000,0.00000000,0.00000000,0.00000000,0.00000000,0.00000000,0.00000000,0.00000000,0.00675704,0.00000000,0.00000000,0.00000000,0.00000000,0.00283323,0.00000000,0.00000000,0.00000000,0.00000000,0.00000000,0.00000000,0.00000000,0.00000000,0.00000000,0.00000000,0.00000000,0.00000000,0.00000000,0.00000000,0.00475416,0.00000000,0.00000000,0.00231339,0.00000000,0.00000000,0.00000000,0.00000000,0.00000000,0.00000000,0.00000000,0.00000000,0.00000000,0.00000000,0.00000000,0.00000000,0.00000000,0.00000000,0.00000000,0.00000000,0.00000000,0.00000000,0.00407197,0.00000000,0.00000000,0.01225383,0.00000000,0.00000000,0.00000000,0.00000000,0.00000000,0.00000000,0.00000000,0.00000000,0.00000000,0.00000000,0.02361768,0.00000000,0.00000000,0.00000000,0.00000000,0.00000000,0.00000000,0.00000000,0.00000000,0.00000000,0.00516646,0.00000000,0.00000000,0.00000000,0.07481214,0.00000000,0.00000000,0.00000000,0.00000000,0.00000000,0.00000000,0.00000000,0.00000000,0.00000000,0.00000000,0.00420502,0.00000000,0.00000000,0.00000000,0.00000000,0.00000000,0.00000000,0.00000000,0.00000000,0.00000000,0.00000000,0.04155863,0.00000000,0.00000000,0.00000000,0.00000000,0.00000000,0.00000000,0.00000000,0.00000000,0.00000000,0.00000000,0.00000000,0.00000000,0.00000000,0.00000000,0.00000000,0.00000000,0.00000000,0.00000000,0.00000000,0.00000000,0.00109261,0.00000000,0.00000000,0.00000000,0.00000000,0.00000000,0.17191326,0.00000000,0.00000000,0.05757515,0.01187001,0.00000000,0.00000000,0.00000000,0.00000000,0.00000000,0.00000000,0.00000000,0.00000000,0.00000000,0.10032299,0.00000000,0.00000000,0.00000000,0.00000000,0.00000000,0.00000000,0.00000000,0.00000000,0.00000000,0.00247115,0.00000000,0.00223444,0.00000000,0.00000000,0.07925435,0.00000000,0.00000000,0.00000000,0.00245166,0.00000000,0.00000000,0.00000000,0.00000000,0.00000000,0.00786100,0.00782174,0.00000000,0.00000000,0.00000000,0.00000000,0.00157995,0.00000000,0.00423665,0.00000000,0.00000000,0.00000000,0.00794962,0.00000000,0.00000000,0.00000000,0.00000000,0.00000000,0.00000000,0.00000000,0.00240572,0.00000000,0.00000000,0.00000000,0.00000000,0.00000000,0.00000000,0.00000000,3.13659679,0.00000000,0.00000000,0.00000000,0.00000000,0.00000000,0.00000000,0.20645163,0.00000000,0.00000000,0.00000000,0.00000000,0.00000000,0.01145323,0.00000000,0.04504147,0.00639238,0.00000000,0.00000000,0.00000000,0.00000000,0.00000000,0.00000000,0.00000000,0.00000000,0.00329422,0.00000000,0.01433832,0.00000000,0.00000000,0.00000000,0.00000000,0.00000000,0.00000000,0.00000000,0.00000000,0.00000000,0.00000000,0.00402365,0.00000000,0.00000000,0.00000000,0.00000000,0.00000000,0.00000000,0.00000000,0.00000000,0.00000000,0.00000000,0.00000000,0.00000000,0.00000000,0.00109041,0.00000000,0.00000000,0.00000000,0.00000000,0.00000000,0.00000000,0.00000000,0.00000000,0.03694239,0.00000000,0.00000000,0.00000000,0.00000000,0.00000000,0.00000000,0.00000000,0.00000000,0.00473543,0.00000000,0.00000000,0.10792969,0.00000000,0.00000000,0.00000000,0.00000000,0.00000000,0.00000000,0.00000000,0.00000000,0.00000000,0.00000000,0.00000000,0.00000000,0.00000000,0.00000000,0.00000000,0.00000000,0.00000000,0.00000000,0.00000000,0.00000000,0.00000000,0.00000000,0.00000000,0.40881382,0.00000000,0.00000000,0.04663091,0.00904306,0.00000000,0.00000000,0.00000000,0.00000000,0.00000000,0.00000000,0.00000000,0.00000000,0.00710537,0.00000000,0.00000000,0.05319102,0.00000000,0.00000000,0.00000000,0.00000000,0.00000000,0.00000000,0.00000000,0.00000000,0.00000000,0.00000000,0.02741525,0.00366704,0.00000000,0.00000000,0.00645800,0.00236672,0.00000000,0.07752164,0.00000000,0.00000000,0.00000000,0.00000000,0.00000000,0.00000000,0.00000000,0.00000000,0.00000000,0.00000000,0.00000000,0.00000000,0.00000000,0.00000000,0.00000000,0.00000000,0.00000000,0.00000000,0.00000000,0.00000000,0.00000000,0.00000000,0.00000000,0.07644669,0.00000000,0.00000000,0.00000000,0.00188346,0.03153544,0.00000000,0.00417394,0.00000000,0.00000000,0.00000000,0.00000000,0.00000000,0.00000000,0.00000000,0.00000000,0.00000000,0.00379281,0.00000000,0.03176357
0.00000000,0.00000000,0.00000000,0.00000000,0.00000000,0.00000000,0.00000000,0.00000000,0.00000000,0.00000000,0.00000000,0.00000000,0.00000000,0.00000000,0.00000000,0.00000000,0.00000000,0.00000000,0.03875153,0.00000000,0.00000000,0.00000000,0.00000000,0.00000000,0.00000000,0.00000000,0.00000000,0.00000000,0.00368612,0.00000000,0.00000000,0.00000000,0.00000000,0.00000000,0.00000000,0.00000000,0.23301101,0.00000000,0.00000000,0.00000000,0.00000000,0.00000000,0.00000000,0.00085599,0.00000000,0.00000000,0.00000000,0.00000000,0.00000000,0.00000000,0.00000000,0.00000000,0.00000000,0.00386535,0.00000000,0.00000000,0.00000000,0.00000000,0.00503866,0.00000000,0.00000000,0.00000000,0.00000000,0.00000000,0.00000000,0.00000000,0.00000000,0.00000000,0.00000000,0.00000000,0.00000000,0.00000000,0.00000000,0.00761293,0.00000000,0.00000000,0.00000000,0.00000000,0.00000000,0.00000000,0.00000000,0.00000000,0.00000000,0.00000000,0.00000000,0.00000000,0.00000000,0.00000000,0.01593880,0.03929407,0.00000000,0.00000000,0.00000000,0.00000000,0.00000000,0.00000000,0.00000000,0.00000000,0.00000000,0.00000000,0.00000000,0.00000000,0.00000000,0.00000000,0.00000000,0.00000000,0.00000000,0.00000000,0.00000000,0.00808552,0.00219508,0.00891252,0.00113150,0.00000000,0.00000000,0.00000000,0.00000000,0.00000000,0.03889946,0.00000000,0.00000000,0.00000000,0.00000000,0.00000000,0.00000000,0.00000000,0.00000000,0.00000000,0.00000000,0.00000000,0.00000000,0.00000000,0.00000000,0.00000000,0.00000000,0.00000000,0.00278815,0.00000000,0.00000000,0.00000000,0.00000000,0.00000000,0.00000000,0.00000000,0.00000000,0.01351419,0.00000000,0.00000000,0.00000000,0.00000000,0.00000000,0.00000000,0.00000000,0.00000000,0.00000000,0.00664002,0.01491061,0.00000000,0.00000000,0.00000000,0.00000000,0.00000000,0.00000000,0.00000000,0.00000000,0.00000000,0.00387419,0.00000000,0.00000000,0.00000000,0.00000000,0.00000000,0.00000000,0.00000000,0.00000000,0.00000000,0.00077665,0.00538658,0.00000000,0.00096445,0.00000000,0.00000000,0.00000000,0.00439810,0.00000000,0.00212902,0.00000000,0.00000000,0.00000000,0.00000000,0.00000000,0.00000000,0.00000000,0.00000000,0.00000000,0.00000000,0.00000000,0.00000000,0.00000000,0.00000000,0.00000000,0.00000000,0.00000000,0.00000000,0.00638167,0.00000000,0.00000000,0.00000000,0.00000000,0.00000000,0.00000000,0.00593166,0.00000000,0.00000000,0.00000000,0.00000000,0.00000000,0.00000000,0.00000000,0.00000000,0.00000000,0.01188835,0.09568024,0.00000000,0.00635185,0.11464373,0.07012477,0.00000000,0.00000000,0.00000000,0.00000000,0.00000000,0.00000000,0.00000000,0.00000000,0.00000000,0.00000000,0.00000000,0.00000000,0.00000000,0.00000000,0.00000000,0.00000000,0.00000000,0.00000000,0.00000000,0.00000000,0.00000000,0.03220280,0.00000000,0.00000000,0.00000000,0.00000000,0.00000000,0.00000000,0.00000000,0.04451136,0.00000000,0.00000000,0.00000000,0.00000000,0.00000000,0.00756077,0.00000000,0.00000000,0.00000000,0.00542912,0.00000000,0.00000000,0.00000000,0.00000000,0.00000000,0.00000000,0.00000000,0.00000000,0.00000000,0.00000000,0.00000000,0.00000000,0.03668489,0.00000000,0.00000000,0.00000000,0.00000000,0.00000000,1.48568768,0.03119579,0.00480012,0.00203417,0.00000000,0.00000000,0.00000000,0.00000000,0.00000000,0.00000000,0.00000000,0.00000000,0.00000000,0.00000000,0.00000000,0.00000000,0.00000000,0.00000000,0.00549671,0.00000000,0.00000000,0.01271060,0.00000000,0.00000000,0.00000000,0.00909660,0.00000000,0.00000000,0.00000000,0.00000000,0.00000000,0.00000000,0.00000000,0.00000000,0.00000000,0.00000000,0.00000000,0.00077874,0.00000000,0.00000000,0.00000000,0.01320246,0.00000000,0.00100122,0.00000000,0.00000000,0.00000000,0.00487102,0.00000000,0.00500489,0.00000000,0.00851233,0.00000000,0.00153834,0.00000000,0.00000000,0.00000000,0.00000000,0.00000000,0.00000000,0.00000000,0.00000000,0.00000000,0.00000000,0.00000000,0.02690932,0.00000000,0.00102493,0.00000000,0.00000000,0.00000000,0.06349924,0.00000000,0.00000000,0.00000000,0.00000000,0.00000000,0.00000000,0.00000000,0.00000000,0.00000000,0.01425744,0.00000000,0.00000000,0.00000000,0.00000000,0.00000000,0.00000000,0.00000000,0.00000000,0.00000000,0.00000000,0.00000000,0.00000000,0.00000000,0.00000000,0.00000000,0.00000000,0.00000000,0.00000000,0.00000000,0.00131136,0.00000000,0.00000000,0.00000000,0.00000000,0.00000000,0.04244838,0.00000000,0.00000000,0.00000000,0.00000000,0.00000000,0.00000000,0.84062764,0.00000000,0.00562452,0.00000000,0.00000000,0.00000000,0.00000000,0.00000000,0.00000000,0.00000000,0.00000000,0.00000000,0.00000000,0.00000000,0.00000000,0.00000000,0.00000000,0.00248628,0.00000000,0.00000000,0.00000000,0.00000000,0.00000000,0.00000000,0.00000000,0.00000000,0.00000000,0.00000000,0.00000000,0.00000000,0.00000000,0.00000000,0.00000000,0.00000000,0.53370037,0.05118425,0.00000000,0.00000000,0.00000000,0.00000000,0.00000000,0.00000000,0.00000000,0.01765522,0.00000000,0.62015658,0.00000000,0.00000000,0.00000000,0.00000000,0.03668971,0.00000000,0.00000000,0.00000000,0.00000000,0.00000000,0.00000000,0.00000000,0.00103339,0.00000000,1.14504329,0.00917669,0.00000000,0.00000000,0.00000000,0.02148287,0.00000000,0.00000000,0.00000000,0.00000000,0.00049753,0.00000000,0.00000000,0.00178289,0.00000000,0.00000000,0.00000000,0.00000000,0.00000000,0.00000000,0.00000000,0.00000000,0.00000000,0.00000000,0.00000000,0.00000000,0.00000000,0.00000000,0.00000000,0.00000000,0.00000000,0.00000000,0.00000000,0.00000000,0.00000000,0.00000000,0.00000000,0.00000000,0.00000000,0.00000000,0.00000000,0.00000000,0.00000000,0.00000000,0.00000000,0.00000000,0.00000000,0.00000000,0.00000000,0.00000000,0.00000000,0.00000000,0.00000000,0.00000000,0.00000000,0.00000000,0.00000000,0.00000000,0.00000000,0.00000000,0.00000000,0.00276972,0.00000000,0.08068796,0.00000000,0.00000000,0.00000000,0.00000000,0.00000000,0.00000000,0.00000000,0.00000000,0.00421205,0.00000000,0.00000000,0.00000000,0.00000000,0.00000000,0.00000000,0.00000000,0.00000000,0.00000000,0.00000000,0.01492533,0.00000000,0.05440051,0.00272877,0.00000000,0.00000000,0.00000000,0.00280443,0.00000000,0.00000000,0.00000000,0.00000000,0.00000000,0.00000000,0.00000000,0.01139001,0.00000000,0.00000000,0.00000000,0.00000000,0.00000000,0.00000000,0.00000000,0.00812855,0.00000000,0.00000000,0.00000000,0.00000000,0.00000000,0.00000000,0.00045408,0.00000000,0.00000000,0.00000000,0.00000000,0.00000000,0.00000000,0.00000000,0.00000000,0.00000000,0.00000000,0.00000000,0.02653065,0.00000000,0.00000000,0.00000000,0.00000000,0.00000000,0.00000000,0.00000000,0.00000000,0.00000000,0.00000000,0.00000000,0.00529387,0.00000000,0.00000000,0.00000000,0.00000000,0.00000000,0.00000000,0.00000000,0.00000000,0.00000000,0.00000000,0.00000000,0.00000000,0.00000000,0.00389221,0.00000000,0.00269473,0.00000000,0.00000000,0.00000000,0.00000000,0.00000000,0.00000000,0.00108540,0.00000000,0.01209966,0.22406315,0.00281717,0.00000000,0.00000000,0.00000000,0.00000000,0.00000000,0.00000000,0.00429952,0.00000000,0.00000000,0.00000000,0.00000000,0.01046237,0.00000000,0.00000000,0.00000000,0.00000000,0.00000000,0.01575010,0.00000000,0.00000000,0.00000000,0.00000000,0.00000000,0.00000000,0.00000000,0.00000000,0.00000000,0.00763215,0.00000000,0.00000000,0.00000000,0.00000000,0.00000000,0.05856966,0.00000000,0.00000000,0.00000000,0.00000000,0.00000000,0.00000000,0.00000000,0.00000000,0.00000000,0.00000000,0.00000000,0.00000000,0.00000000,0.00000000,0.01759798,0.00000000,0.00000000,0.00000000,0.00000000,0.00000000,0.00000000,0.00000000,0.00000000,0.00000000,0.00000000,0.03302394,0.00000000,0.00000000,0.00000000,0.00000000,0.00000000,0.00000000,0.00000000,0.04251976,0.00000000,0.00000000,0.00105358,0.00000000,0.00000000,0.00000000,0.00000000,0.00000000,0.00000000,0.00000000,0.00000000,0.00000000,0.00000000,0.00000000,0.00000000,0.00000000,0.00000000,0.00000000,0.00328955,0.00000000,0.00000000,0.00000000,0.00000000,0.00000000,0.00000000,0.00000000,0.00000000,0.00000000,0.06299248,0.00000000,0.00000000,0.00000000,0.00538462,0.00000000,0.00000000,0.00000000,0.00000000,0.00000000,0.00183573,0.00000000,0.00000000,0.00000000,0.00000000,0.00473962,0.00000000,0.00000000,0.00000000,0.00000000,0.01167645,0.00000000,0.00000000,0.01443526,0.00000000,0.00000000,0.00000000,0.19866986,0.00000000,0.00000000,0.00000000,0.00000000,0.00000000,0.00000000,0.00000000,0.00000000,0.00000000,0.10658033,0.00306898,0.00000000,0.00000000,0.00000000,0.00000000,0.00000000,0.00000000,0.00000000,0.00000000,0.00000000,0.01368965,0.00000000,0.00000000,0.00000000,0.06127021,0.00000000,0.00000000,0.00000000,0.01475971,0.00000000,0.00000000,0.00000000,0.00000000,0.00000000,0.00000000,0.02242701,1.66842408,0.00484143,0.00000000,0.00000000,0.00000000,0.00000000,0.00000000,0.00000000,0.00000000,0.00000000,0.00000000,0.00000000,0.00000000,0.00000000,0.00000000,0.05243262
0.00000000,0.00000000,0.00000000,0.00000000,0.00000000,0.00288246,0.00000000,0.00000000,0.11838877,0.00000000,0.00000000,0.00000000,0.00000000,0.00000000,0.00000000,0.00000000,0.00000000,0.00000000,0.00000000,0.00000000,0.00000000,0.00000000,0.01128436,0.00000000,0.00000000,0.00000000,0.00000000,0.00000000,0.00000000,0.00000000,0.00000000,0.04285260,0.00000000,0.22597534,0.00000000,0.00000000,0.00000000,0.00000000,0.59259418,0.00000000,0.00000000,0.00000000,0.00346283,0.02053932,0.01551482,0.00000000,0.00000000,0.18006865,0.04550041,0.00000000,0.00000000,0.00000000,0.00074358,0.00000000,0.00000000,0.00000000,0.00000000,0.02779804,0.00000000,0.00000000,0.00000000,0.00000000,0.00000000,0.00511804,0.00000000,0.00000000,0.00000000,0.00000000,0.00000000,0.00000000,0.21043817,0.00000000,0.00000000,0.00000000,0.00000000,0.00000000,0.00110183,0.00000000,0.00983827,0.00000000,0.00000000,0.00000000,0.00000000,0.00000000,0.00000000,0.00000000,0.00000000,0.00086141,0.00000000,0.00000000,0.00000000,0.00000000,0.00000000,0.00000000,0.00000000,0.00000000,0.00000000,0.00000000,0.00000000,0.00000000,0.00000000,0.00000000,0.00000000,0.00000000,0.00000000,0.00000000,0.00000000,0.00000000,0.00115687,0.00000000,0.00000000,0.00000000,0.00000000,0.00000000,0.00000000,0.00000000,0.03149850,0.00000000,0.00932983,0.00000000,0.00255236,0.00000000,0.01954212,0.00000000,0.00000000,0.00000000,0.00000000,0.00000000,0.00000000,0.00000000,0.00072298,0.00000000,0.00131638,0.00000000,0.00000000,0.00000000,0.00000000,0.00000000,0.00000000,0.01201203,0.00000000,0.00000000,0.00000000,0.07191104,0.00000000,0.00000000,0.00000000,0.00000000,0.00000000,0.00000000,0.00000000,0.00000000,0.00000000,0.00000000,0.00000000,0.00562094,0.00000000,0.00000000,0.00000000,0.00000000,0.00000000,0.00000000,0.01550289,0.00000000,0.00000000,0.00000000,0.00000000,0.00000000,0.00000000,0.02596047,0.00000000,0.00000000,0.00000000,0.00000000,0.00000000,0.00000000,0.00000000,0.00000000,0.00000000,0.00000000,0.00000000,0.00000000,0.00000000,0.00000000,0.00000000,0.02549021,0.00000000,0.00000000,0.00000000,0.01980092,0.00000000,0.00000000,0.00000000,0.00000000,0.00000000,0.00000000,0.00000000,0.00000000,0.00000000,0.00000000,0.00000000,0.00000000,0.00321713,0.00000000,0.00000000,0.00000000,0.00000000,0.00000000,0.00000000,0.00000000,0.00000000,0.00000000,0.00000000,0.00000000,0.00000000,0.00000000,0.00000000,0.00212863,0.00000000,0.00000000,0.00000000,0.00000000,0.00000000,0.00000000,0.01843968,0.00000000,0.00000000,0.00000000,0.00000000,0.00000000,0.00000000,0.00000000,0.00000000,0.00000000,0.00000000,0.00000000,0.00000000,0.00000000,0.00000000,0.00000000,0.00000000,0.00000000,0.00000000,0.00000000,0.00000000,0.00000000,0.00000000,0.03173927,0.00000000,0.00000000,0.00000000,0.06012344,0.00000000,0.00000000,0.00000000,0.00000000,0.00000000,0.00000000,0.03480447,0.00000000,0.00000000,0.00000000,0.00000000,0.00000000,0.00000000,0.00000000,0.00000000,0.00000000,0.00000000,0.00000000,0.00000000,0.00000000,0.00000000,0.00000000,0.00000000,0.00000000,0.00000000,0.00000000,0.00000000,0.00000000,0.00000000,0.00000000,0.00000000,0.04375762,0.00191931,0.00000000,0.00000000,0.00000000,0.00979720,0.00000000,0.00000000,4.65735868,0.00000000,0.00000000,0.00000000,0.00000000,0.00000000,0.00000000,0.00000000,0.00000000,0.00000000,0.09930267,0.00000000,0.00000000,0.00000000,0.00000000,0.00000000,0.03535399,0.00000000,0.00000000,0.00000000,0.00000000,0.00000000,0.00000000,0.00087650,0.00000000,0.01338903,0.00360761,0.00000000,0.00000000,0.00000000,0.00000000,0.00653797,0.00000000,0.00000000,0.00000000,0.00000000,0.00000000,0.00000000,0.00000000,0.00000000,0.00000000,0.00000000,0.00000000,0.00000000,0.00000000,0.00000000,0.01820820,0.00701988,0.00000000,0.00000000,0.00000000,0.00382905,0.00000000,0.00000000,0.11922604,0.00000000,0.00000000,0.00230918,0.00000000,0.00000000,0.00000000,0.00000000,0.00000000,0.00000000,0.00000000,0.00000000,0.00000000,0.01013644,0.00000000,0.00000000,0.00000000,0.00736100,0.00000000,0.00000000,0.00000000,0.00000000,0.00000000,0.00000000,0.00000000,0.00000000,0.00000000,0.00000000,0.00000000,0.00000000,0.00000000,0.00000000,0.00000000,0.03213846,0.00000000,0.00000000,0.00000000,0.00000000,0.00000000,0.00000000,0.00000000,0.00000000,0.00000000,0.00000000,0.00000000,0.00000000,0.00000000,0.00000000,0.00000000,0.00000000,0.00000000,0.00000000,0.00000000,0.00000000,0.00000000,0.00000000,0.00000000,0.00000000,0.00000000,0.00000000,0.00687931,0.00000000,0.01190278,0.00000000,0.07723220,0.00000000,0.00000000,0.00000000,0.00000000,0.00000000,0.00000000,0.00000000,0.00000000,0.00000000,0.00000000,0.00000000,0.00000000,0.00000000,0.00000000,0.02086893,0.00224217,0.00000000,0.00000000,0.00000000,0.00000000,0.00000000,0.00000000,0.00000000,0.00000000,0.00000000,0.00156675,0.00000000,0.00000000,0.00188835,0.00468623,0.00000000,0.00000000,0.00392604,0.00000000,0.00000000,0.26316299,0.00765410,0.00000000,0.00000000,0.00000000,0.00000000,0.00000000,0.00000000,0.00000000,0.00000000,0.00000000,0.00000000,0.03220210,0.00000000,0.00000000,0.00000000,0.00000000,0.00000000,0.00000000,0.00000000,0.00865179,0.00000000,0.00000000,0.00000000,0.00000000,0.00000000,0.00000000,0.00000000,0.00000000,0.00000000,0.00000000,0.00000000,0.00000000,0.00000000,0.00000000,0.00000000,0.00000000,0.00000000,0.00000000,0.00000000,0.00000000,0.00000000,0.01217571,0.03078199,0.00000000,0.00000000,0.00000000,0.00492188,0.00000000,0.01071637,0.00000000,0.00000000,0.00000000,0.00000000,0.00000000,0.00000000,0.00000000,0.00000000,0.20016354,0.00000000,0.00000000,0.00000000,0.00000000,0.00000000,0.00000000,0.00000000,0.00000000,0.00000000,0.00000000,0.00000000,0.00000000,0.00000000,0.00000000,0.00000000,0.00000000,0.00000000,0.00149878,0.00000000,0.00000000,0.00000000,0.00000000,0.00000000,0.00000000,0.00000000,0.00000000,0.00000000,0.00000000,0.00000000,0.00000000,0.00000000,0.03223650,0.00000000,0.00000000,0.00000000,0.00000000,0.00000000,0.00000000,0.00000000,0.00000000,0.00000000,0.00161181,0.00000000,0.00000000,0.00000000,0.00000000,0.00000000,0.00000000,0.00000000,0.00000000,0.00000000,0.00000000,0.00000000,0.05236528,0.00000000,0.00979597,0.00000000,0.00000000,0.00000000,0.00000000,0.00000000,0.00000000,0.00000000,0.00000000,0.00000000,0.00000000,0.00000000,0.00000000,0.04507976,0.00900370,0.00000000,0.00123329,0.00651265,0.00000000,0.00000000,0.00000000,0.00000000,0.00000000,0.00000000,1.80221669,0.00254926,0.00000000,0.00000000,0.08164447,0.00000000,0.00000000,0.00000000,0.00824147,0.00000000,0.00000000,0.00000000,0.00000000,0.00000000,0.00000000,0.00000000,0.00000000,0.00000000,0.00000000,0.00000000,0.11089719,0.00000000,0.00000000,0.00000000,0.00000000,0.00000000,0.00000000,0.00967550,0.00000000,0.00000000,0.00000000,0.00000000,0.00840841,0.00000000,0.00000000,0.00000000,0.00000000,0.00000000,0.00459151,0.00000000,0.00000000,0.00000000,0.00000000,0.00000000,0.00000000,0.05252985,0.00000000,0.02739768,0.00000000,0.00000000,0.00000000,0.00000000,0.00000000,0.00782516,0.00000000,0.72327675,0.00000000,0.00000000,0.00000000,0.00000000,0.00000000,0.00000000,0.00000000,0.00000000,0.00000000,0.00193882,0.00000000,0.00000000,0.00000000,0.00631362,0.00000000,0.00000000,0.00000000,0.00000000,0.00000000,0.00000000,0.00000000,0.00000000,0.00000000,0.00000000,0.00000000,0.00000000,0.00000000,0.00000000,0.00000000,0.00000000,0.00000000,0.00000000,0.01527068,0.01572683,0.00000000,0.00000000,0.24656601,0.00000000,0.00000000,0.00000000,0.00000000,0.00000000,0.00000000,0.00000000,0.00000000,0.00000000,0.00000000,0.00000000,0.00000000,0.00298708,0.02602761,0.00000000,0.00000000,0.00157595,0.00000000,0.00000000,0.00000000,0.00000000,0.00000000,0.00000000,0.00000000,0.00000000,0.00000000,0.00000000,0.00000000,0.00000000,0.00000000,0.00000000,0.00000000,0.00000000,0.00210940,0.00000000,0.00000000,0.00000000,0.00000000,0.00000000,0.00000000,0.00000000,0.00000000,0.00000000,0.00000000,0.00000000,0.00000000,0.00000000,0.00000000,0.00000000,0.00000000,0.00000000,0.43736469,0.00000000,0.00000000,0.00000000,0.00000000,0.00453445,0.00000000,0.00000000,0.00516341,0.00000000,0.00000000,0.00000000,0.00078383,0.00000000,0.00000000,0.00000000,0.00000000,0.00000000,0.00000000,0.00000000,0.00674115,0.00000000,0.00000000,0.00000000,0.00000000,0.00000000,0.00000000,0.00000000,0.36613305,0.00000000,0.00000000,0.00000000,0.01679844,0.00000000,0.00000000,0.00000000,0.00000000,0.00000000,0.11991699,0.00000000,0.00000000,0.00000000,0.00000000,0.00000000,0.00000000,0.00000000,0.00000000,0.00000000,0.00000000,0.00000000,0.00000000,0.00000000,0.00000000,0.00000000,0.00000000,0.00000000,0.00000000,0.00000000,0.00000000,0.00000000,0.00000000,0.00000000,0.00000000,0.01908146,0.00000000,0.00000000,0.00000000,0.00000000,0.00000000,0.00000000,0.00000000,0.00000000,0.00400065
0.00000000,0.00000000,0.00000000,0.00000000,0.00000000,0.00000000,1.35064709,0.00000000,0.00000000,0.00000000,0.00000000,0.00000000,0.00000000,0.00000000,0.00000000,0.00000000,0.00000000,0.00000000,0.00000000,0.00075741,0.03669815,0.00000000,0.00000000,0.00000000,0.00000000,0.00000000,0.00000000,0.00000000,0.00430471,0.00000000,0.00426544,0.00000000,0.00000000,0.00000000,0.00000000,0.40723875,0.00000000,0.00000000,0.00000000,0.00000000,0.00842388,0.00000000,0.03859446,0.00000000,0.00000000,0.00000000,0.00000000,0.00000000,0.00000000,0.00000000,0.03633803,0.00000000,0.00000000,0.00000000,0.00278655,0.00000000,0.00213197,0.00000000,0.00000000,0.00834424,0.00000000,0.00000000,0.00000000,0.00000000,0.00000000,0.00676081,0.00000000,0.04377977,0.00229699,0.00000000,0.00000000,0.00000000,0.00000000,0.06521727,0.00000000,0.00000000,0.00000000,0.00000000,0.00000000,0.00000000,0.00000000,0.00000000,0.00000000,0.00000000,0.00000000,0.10735512,0.00000000,0.00126615,0.00000000,0.00000000,0.00000000,0.00000000,0.00000000,0.00000000,0.00087312,0.00000000,0.00000000,0.00000000,0.00000000,0.00000000,0.00000000,0.00000000,0.00000000,0.00000000,0.20729742,0.00000000,0.00000000,0.00000000,0.00000000,0.02205761,0.00000000,0.00000000,0.00000000,0.00131944,0.00000000,0.00000000,0.00000000,0.00856705,0.01324518,0.00000000,0.00000000,0.00000000,0.00000000,0.00000000,0.00000000,0.00000000,0.02117363,0.00000000,0.00000000,0.00000000,0.00000000,0.00000000,0.00000000,0.00000000,0.01417365,0.00000000,0.00000000,0.00000000,0.00000000,0.00000000,0.00000000,0.00000000,0.00000000,0.00000000,0.00000000,0.00000000,0.00000000,0.00000000,0.00000000,0.00000000,0.00000000,0.00000000,0.00000000,0.01006585,0.00000000,0.00000000,0.00000000,0.00000000,0.00000000,0.00000000,0.00000000,0.00000000,0.00431848,0.00000000,0.00000000,0.00000000,0.00531587,0.00000000,0.00000000,0.00000000,0.00000000,0.00000000,0.00000000,0.00000000,0.00000000,0.00000000,0.00000000,0.00000000,0.00594422,0.00000000,0.00000000,0.00000000,0.00000000,0.00000000,0.00000000,0.00000000,0.00000000,0.00000000,0.00000000,0.00000000,0.01143194,0.00000000,0.00000000,0.00000000,0.00000000,0.00000000,0.00000000,0.00000000,0.00000000,0.08152239,0.00000000,0.00000000,0.00000000,0.00000000,0.00000000,0.00000000,0.00000000,0.00000000,0.00456364,0.00000000,0.00000000,0.00000000,0.01785290,0.00000000,0.00000000,0.00000000,0.00000000,0.00000000,0.00260610,0.00000000,0.00000000,0.00000000,0.00000000,0.00000000,0.00000000,0.00000000,0.00000000,0.00000000,0.01084047,0.00000000,0.00000000,0.00000000,0.00000000,0.00000000,0.00000000,0.00000000,0.00194994,0.00000000,0.00153640,0.00000000,0.00000000,0.00000000,0.00000000,0.00000000,0.00000000,0.00000000,0.00000000,0.09748926,0.00000000,0.00000000,0.00000000,0.00000000,0.00000000,0.00000000,0.00000000,0.00000000,0.00000000,0.00372356,0.00000000,0.00000000,0.00000000,0.00000000,0.00000000,0.00000000,0.00000000,0.00000000,0.00000000,0.00000000,0.00000000,0.00000000,0.00000000,0.00000000,0.00000000,0.00000000,0.00000000,0.00000000,0.00000000,0.00000000,0.00000000,0.00000000,0.00071608,0.04508104,0.00000000,0.00000000,0.00000000,0.00000000,0.00000000,0.00000000,0.00000000,0.00000000,0.00000000,0.00000000,0.00895694,0.00000000,0.00000000,0.00663473,0.00000000,0.00000000,0.00199450,0.00000000,0.00000000,0.00000000,0.00000000,0.00000000,0.00000000,0.00000000,0.00000000,0.00000000,0.00000000,0.00000000,0.00000000,0.00000000,0.00000000,0.00000000,0.00000000,0.00000000,0.00000000,0.00000000,0.00000000,0.00000000,0.00000000,0.00157762,0.00000000,0.00000000,0.00000000,0.00000000,0.00000000,0.00000000,0.00000000,0.00000000,0.00000000,0.00000000,0.00000000,0.00000000,0.00000000,0.00000000,0.00000000,0.00920522,0.00000000,0.00000000,0.04146016,0.00000000,0.00000000,0.00000000,0.00000000,0.00000000,0.00000000,0.00000000,0.00000000,0.00000000,0.00000000,0.00000000,0.00339071,0.13994223,0.00000000,0.00000000,0.00000000,0.00000000,0.00000000,0.00000000,0.00000000,0.02682641,0.00000000,0.00000000,0.00000000,0.00000000,0.00000000,0.00000000,0.00000000,0.00000000,0.00000000,0.00000000,0.00000000,0.00000000,0.00000000,0.00000000,0.00000000,0.00000000,0.00000000,0.00000000,0.00000000,0.00000000,0.00000000,0.01121262,0.00000000,0.00000000,0.00000000,0.00000000,0.02947978,0.00000000,0.00000000,0.00000000,0.00000000,0.00000000,0.00000000,0.00000000,0.00000000,0.00000000,0.00000000,0.00000000,0.00000000,0.00000000,0.00000000,0.00000000,0.00000000,0.00000000,0.00544352,0.00000000,0.00000000,0.00000000,0.00000000,0.01405203,0.00000000,0.00000000,0.00000000,0.00501926,0.00000000,0.00000000,0.00000000,0.00000000,0.00000000,0.00000000,0.00000000,0.00000000,0.00000000,0.00000000,0.00000000,0.00155017,0.00000000,0.00000000,0.00000000,0.00000000,0.00370317,0.00000000,0.00811126,0.00000000,0.00000000,0.00000000,0.00000000,0.00901981,0.00000000,0.00000000,0.00447960,0.00000000,1.54970708,0.00000000,0.00000000,0.00000000,0.00000000,0.10313837,0.00000000,0.00000000,0.00584118,0.00000000,0.00000000,0.00000000,0.00000000,0.15512501,0.00000000,0.00000000,0.00000000,0.01674179,0.00000000,0.00000000,0.00000000,0.00000000,0.00000000,0.00000000,0.00000000,0.00000000,0.00000000,0.00000000,0.00000000,0.00000000,0.00000000,0.00000000,0.00000000,0.00000000,0.00000000,0.00000000,0.00000000,0.00000000,0.00000000,0.06364728,0.00000000,0.00000000,0.00000000,0.00000000,0.00000000,0.00000000,0.00109917,0.00000000,0.00000000,0.00000000,0.00000000,0.00782017,0.00000000,0.00000000,0.00000000,0.08384926,0.00000000,0.00000000,0.00000000,0.00000000,0.00000000,0.00000000,0.00000000,0.00000000,0.00000000,0.00000000,0.00000000,0.00000000,0.00000000,0.00000000,0.00000000,0.00000000,0.00000000,0.00000000,0.00000000,0.00000000,0.00000000,0.00000000,0.00000000,0.00000000,0.00000000,0.00000000,0.00000000,0.00000000,0.00000000,0.00000000,0.00000000,0.00000000,0.00000000,0.00232098,0.00000000,0.00000000,0.00000000,0.00000000,0.00000000,0.00000000,0.00000000,0.00000000,0.00000000,0.00000000,0.03943654,0.00000000,0.00000000,0.00000000,0.05716709,0.00000000,0.00638783,0.00000000,0.00000000,0.00000000,0.00000000,0.00000000,0.00000000,0.00000000,0.00000000,0.00000000,0.00000000,0.02476973,0.00000000,0.01638631,0.42289566,0.00000000,0.00000000,0.00000000,0.00000000,0.00000000,0.00259866,0.00000000,0.00000000,0.00000000,0.00000000,0.00000000,0.00000000,0.00000000,0.00000000,0.00000000,0.00000000,0.00000000,0.00000000,0.00000000,0.01556550,0.00000000,0.00000000,0.01300984,0.00000000,0.00000000,0.00459666,0.00000000,0.00000000,0.00000000,0.00000000,0.00000000,0.00000000,0.00000000,0.00200549,0.00000000,0.00000000,0.00762843,0.00000000,0.00000000,0.00000000,0.00000000,0.00000000,0.01726559,0.00000000,0.00000000,0.00000000,0.00000000,0.00000000,0.00000000,0.00000000,0.00459869,0.00000000,0.00000000,0.00000000,0.00332965,0.00000000,0.00269439,0.00000000,0.00000000,0.00000000,0.00000000,0.00295585,0.00000000,0.00000000,0.00000000,0.00000000,0.00000000,0.00000000,0.00000000,0.00562230,0.00000000,0.00000000,0.03515329,0.00000000,0.00000000,0.00000000,0.00000000,0.00000000,0.00000000,0.00000000,0.00000000,0.00000000,0.00000000,0.01526831,0.00000000,0.00000000,0.00000000,0.00408423,0.00000000,0.00000000,0.03427576,0.00000000,0.00000000,0.00000000,0.00000000,0.00000000,0.00000000,0.05265165,0.00000000,0.00000000,0.00000000,0.00000000,0.00000000,0.04793957,0.00000000,0.00000000,0.00000000,0.00000000,0.00000000,0.00000000,0.00000000,0.00000000,0.00000000,0.00000000,0.00000000,0.02233371,0.00000000,0.00000000,0.00000000,0.00000000,0.00000000,0.00000000,0.00000000,0.00000000,0.00000000,0.00000000,0.00000000,0.00000000,0.00205798,0.00000000,0.00000000,0.00000000,0.00000000,0.00452013,0.00000000,0.00000000,0.00000000,0.00000000,0.00000000,0.00000000,0.00000000,0.00000000,0.00417837,0.00000000,0.00000000,0.00000000,0.00000000,0.00000000,0.00000000,0.00000000,0.01565052,0.00000000,0.00000000,0.00053026,0.00000000,0.00000000,0.00000000,0.00000000,0.01341140,2.16586800,0.00000000,0.00000000,0.00000000,0.00000000,0.00130258,0.10773780,0.00000000,0.00000000,0.00000000,0.00000000,0.00341409,0.00000000,0.00000000,0.00000000,0.00000000,0.00000000,0.00000000,0.00000000,0.00000000,0.00000000,0.00000000,0.00000000,0.00000000,0.00000000,0.00000000,0.00000000,0.00000000,0.00000000,0.00000000,0.00697619,0.00000000,0.00000000,0.00000000,0.00000000,0.00000000,0.00000000,0.00000000,0.00000000,0.00000000,0.00000000,0.00000000,0.00000000,0.00000000,0.00000000,0.00000000,0.00000000,0.00000000,0.00000000,0.00000000,0.00000000,0.00000000,0.00757202,0.00000000,0.00000000,0.00000000,0.00000000,0.00000000,0.00000000,0.22539618,0.00000000,0.00000000,0.00000000,0.07030862,0.00000000,0.00000000,0.00000000,0.00000000,0.00657194,0.00000000,0.00000000,0.26440491,0.00000000,0.00061009,0.00000000,0.01044141
0.00000000,0.00000000,0.01681429,0.00000000,0.00000000,0.00000000,0.00000000,0.00000000,8.54128477,0.00000000,0.00156512,0.00000000,0.00000000,0.00000000,0.00000000,0.00000000,0.00000000,0.00000000,0.00000000,0.00000000,0.00000000,0.00000000,0.00000000,0.00000000,0.00000000,0.00000000,0.00000000,0.00000000,0.03675566,0.00000000,0.00000000,0.89056541,0.00000000,0.00000000,0.00000000,0.00000000,0.00000000,0.00000000,0.00000000,0.00000000,0.00000000,0.00000000,0.00000000,0.00000000,0.00000000,0.00000000,0.00000000,0.00000000,0.00000000,0.00000000,0.00000000,0.00000000,0.00000000,0.00000000,0.09213294,0.00000000,0.00000000,0.00000000,0.00000000,0.00000000,0.00000000,0.00133826,0.00000000,0.00000000,0.00000000,0.00000000,0.08565465,0.00000000,0.00000000,0.00000000,0.00000000,0.00000000,0.00000000,0.01581602,0.00000000,0.00000000,0.00000000,0.00000000,0.00000000,0.00000000,0.00000000,0.00000000,0.00000000,0.01508845,0.00000000,0.00000000,0.00000000,0.00000000,0.02973192,0.00000000,0.00000000,0.00000000,0.00000000,0.00000000,0.00000000,0.00000000,0.00000000,0.00000000,0.00000000,0.00000000,0.00545033,0.00266389,0.00000000,0.00000000,0.00000000,0.00000000,0.00000000,0.00000000,0.00000000,0.00000000,0.00125489,0.00000000,1.36381904,0.00268646,0.00000000,0.00000000,0.00000000,0.00000000,0.00000000,0.00000000,0.00088892,0.00000000,0.00000000,0.00000000,0.00000000,0.00000000,0.00000000,0.00000000,0.00000000,0.00000000,0.00000000,0.00000000,0.00000000,0.00000000,0.03610346,0.00000000,0.00942033,0.00000000,0.00000000,0.00000000,0.00000000,0.00000000,0.00265746,0.00000000,0.00000000,0.00000000,0.00000000,0.00000000,0.00000000,0.00000000,0.00000000,0.00000000,0.00000000,0.00000000,0.00000000,0.00000000,0.00000000,0.00000000,0.00000000,0.00000000,0.00000000,0.00000000,0.00000000,0.00000000,0.00000000,0.00000000,0.00000000,0.00000000,0.00000000,0.01299553,0.00000000,0.00000000,0.00000000,0.00000000,0.00654315,0.00000000,0.00000000,0.00000000,0.00000000,0.00000000,0.00000000,0.00000000,0.00000000,0.00000000,0.00000000,0.00500301,0.00000000,0.00000000,0.00000000,0.00000000,0.01198144,0.00000000,0.00000000,0.00000000,0.00000000,0.00166964,0.00000000,0.00000000,0.00000000,0.00000000,0.00000000,0.00000000,0.00000000,0.00000000,0.00000000,0.00000000,0.00000000,0.00000000,0.00000000,0.00000000,0.00000000,0.00000000,0.00000000,0.00000000,0.00000000,0.00599355,0.00000000,0.00000000,0.00000000,0.00000000,0.00000000,0.00000000,0.00000000,0.00076863,0.00000000,0.00000000,0.00000000,0.02432043,0.00000000,0.00000000,0.00000000,0.00000000,0.00000000,0.00000000,0.00000000,0.00000000,0.00000000,0.00593934,0.00000000,0.00000000,0.00000000,0.00000000,0.00000000,0.00525190,0.00000000,0.00000000,0.00000000,0.00000000,0.00000000,0.00000000,0.00000000,0.00000000,0.00000000,0.01057568,0.05231385,0.00000000,0.00000000,0.00000000,0.00000000,0.00000000,0.00000000,0.00000000,0.00000000,0.00000000,0.00000000,0.00000000,0.00000000,0.00000000,0.00000000,0.91323008,0.00000000,0.00000000,0.00000000,0.00000000,0.00000000,0.00389300,0.00000000,0.00000000,0.00000000,0.00000000,0.00635957,0.00000000,0.00000000,0.00000000,0.00000000,0.00000000,0.00000000,0.00000000,0.00000000,0.00000000,0.00000000,0.00000000,0.00000000,0.00000000,0.05571580,0.00000000,0.00000000,0.00000000,0.00000000,0.00000000,0.00073660,0.47241135,0.00082279,0.00000000,0.00000000,0.00000000,0.06640845,0.00000000,0.00000000,0.00000000,0.00000000,0.00000000,0.00374385,0.00000000,0.00000000,0.00000000,0.00000000,0.00000000,0.00000000,0.00000000,0.00000000,0.00000000,0.00000000,0.00000000,0.00000000,0.01679311,0.00000000,0.00000000,0.00000000,0.00000000,0.00000000,0.00000000,0.00000000,0.00000000,0.00000000,0.00000000,0.00000000,0.01279713,0.00000000,0.82442452,0.00981192,0.00000000,0.00000000,0.00000000,0.00000000,0.00000000,0.26921012,0.00000000,0.00000000,0.00000000,0.05912382,0.00000000,0.00000000,0.00000000,0.00000000,0.00272141,0.00000000,0.00000000,0.00000000,0.00000000,0.00000000,0.00000000,0.00000000,0.00000000,0.01515381,0.00000000,0.00000000,0.00000000,0.00000000,0.00404877,0.00000000,0.00000000,0.00000000,0.00000000,0.00000000,0.00000000,0.00000000,0.00000000,0.00000000,0.00000000,0.00000000,0.00000000,0.00000000,0.00157421,0.00000000,0.00000000,0.00000000,0.00000000,0.00000000,0.00000000,0.00000000,0.00000000,0.03581717,0.01384558,0.00000000,0.02588820,0.00000000,0.00066275,0.00000000,0.00000000,0.00000000,0.00495522,0.00000000,0.00000000,0.00000000,0.00000000,0.00000000,0.00000000,0.00000000,0.00000000,0.00000000,0.00000000,0.00992958,0.00000000,0.00000000,0.00371678,0.00000000,0.00000000,0.00000000,0.00000000,0.00000000,0.00000000,0.00000000,0.00000000,0.09455202,0.00000000,0.00000000,0.00000000,0.00000000,0.00000000,0.00000000,0.00000000,0.00235453,0.00000000,0.00000000,0.00427405,0.00000000,0.00000000,0.00000000,0.00000000,0.00000000,0.00000000,0.00723311,0.00000000,0.00000000,0.00961189,0.00000000,0.00000000,0.00000000,0.00000000,0.00000000,0.00000000,0.00000000,0.00000000,0.00000000,0.00000000,0.00000000,0.01242936,0.00000000,0.00000000,0.00292349,0.00379081,0.00000000,0.00199758,0.00000000,0.00000000,0.00000000,0.00000000,0.00000000,0.00000000,0.00052382,0.00000000,0.00000000,0.01958783,0.78260338,0.00000000,0.00000000,0.00000000,0.00000000,0.00000000,0.00000000,0.00000000,0.00000000,0.00000000,0.00000000,0.00281767,0.00000000,0.00000000,0.00000000,0.00000000,0.00000000,1.24643902,0.00000000,0.00000000,0.00000000,0.00000000,0.00000000,0.00000000,0.00000000,0.00000000,0.00000000,0.00652648,0.00000000,0.00000000,0.00000000,0.00000000,0.00000000,0.00000000,0.00000000,0.00000000,0.00000000,0.00000000,0.00000000,0.00000000,0.00000000,0.00000000,0.00000000,0.00208476,0.00000000,0.00000000,0.00877906,0.00000000,0.00000000,0.00000000,0.00000000,0.00000000,0.00000000,0.00000000,0.00000000,0.00000000,0.00000000,0.00000000,0.00000000,0.00000000,0.00000000,0.00000000,0.00000000,0.00000000,0.00000000,0.00000000,0.00000000,0.00373993,0.00000000,0.00000000,0.00000000,0.00000000,0.00490429,0.00000000,0.00000000,0.00000000,0.03773263,0.00000000,0.00000000,0.00000000,0.00000000,0.00000000,0.00000000,0.00083963,0.00000000,0.00000000,0.00000000,0.00000000,0.00000000,0.00000000,0.00000000,0.00179603,0.00000000,0.00000000,0.00000000,2.97992390,0.00000000,0.00000000,0.00000000,0.00000000,0.00000000,0.00000000,0.00000000,0.00000000,0.00000000,0.00000000,0.00000000,0.00000000,0.00000000,0.00000000,0.00000000,0.00000000,0.00000000,0.00632554,0.00000000,0.00000000,0.00000000,0.00000000,0.00081201,0.00000000,0.00000000,0.00000000,0.00000000,0.00000000,0.02379866,0.00000000,0.07592967,0.00000000,0.03642115,0.00000000,0.00000000,0.00000000,0.00000000,0.00975415,0.00000000,0.00000000,0.00000000,0.00000000,0.00328520,0.00000000,0.00000000,0.00000000,0.00000000,0.03110812,0.02538628,0.00000000,0.00000000,0.00000000,0.00000000,0.00000000,0.01351366,0.00000000,0.00000000,0.00880181,0.00000000,0.00000000,0.00000000,0.00000000,0.00000000,0.00000000,0.00000000,0.04126844,0.00000000,0.00000000,0.04785722,0.00000000,0.00000000,0.00000000,0.00405207,0.00000000,0.00000000,0.00000000,0.00000000,0.00000000,0.00000000,0.00000000,0.00000000,0.00000000,0.00000000,0.00000000,0.00000000,0.00000000,0.03424329,0.01491563,0.00000000,0.00000000,0.00000000,0.00000000,0.00000000,0.00000000,0.00000000,0.00000000,0.00000000,0.00000000,0.00000000,0.00000000,0.00000000,0.00000000,0.00000000,0.01171648,0.00000000,0.04988901,0.00000000,0.00000000,0.00000000,0.00000000,0.00000000,0.00000000,0.00000000,0.00000000,0.00000000,0.00000000,0.00000000,0.00000000,0.00000000,0.00000000,0.00703856,0.00000000,0.00000000,0.00000000,0.00000000,0.00000000,0.19593922,0.00000000,0.00000000,0.00000000,0.00872642,0.00000000,0.00000000,0.00000000,0.00000000,0.00000000,0.01917021,0.00000000,0.00000000,0.00000000,0.00000000,0.00000000,0.00000000,0.00000000,0.00000000,0.00000000,0.00000000,0.00307575,0.00000000,0.00000000,0.00000000,0.00000000,0.00000000,0.00000000,0.00000000,0.00000000,0.00000000,0.00000000,0.00000000,0.00000000,0.00000000,0.00187615,0.00000000,0.00000000,0.00000000,0.00000000,0.00000000,0.00000000,0.00528661,0.00000000,0.00606603,0.00000000,0.00000000,0.00000000,0.00000000,0.00000000,0.00142396,0.00000000,0.00000000,0.00000000,0.00000000,0.00282560,0.00000000,0.00000000,0.00000000,0.00000000,0.00000000,0.01801907,0.00000000,0.13563838,0.00000000,0.00000000,0.00000000,0.00000000,0.00000000,0.00000000,0.00000000,0.00000000,0.00000000,0.00184569,0.00000000,0.00000000,0.00000000,0.00000000,0.00000000,0.00000000,0.00000000,0.00000000,0.00000000,0.00000000,0.00000000,0.16158401,0.00000000,0.00000000,0.00000000,0.00000000,0.00000000,0.00420556,0.00000000,0.00000000,0.00000000,0.00000000,0.00000000,0.00000000,0.00000000,0.00000000,0.00000000,0.00000000,0.00000000,0.00000000
0.00000000,0.00000000,0.00000000,0.00000000,0.96316368,0.00000000,0.00000000,0.00000000,0.00000000,0.00000000,0.00856356,0.00000000,0.00000000,0.00000000,0.00000000,0.00538681,0.00000000,0.00000000,0.00000000,0.00151327,0.08447957,0.01790719,0.00000000,0.00000000,0.00000000,0.00000000,0.00000000,0.00000000,0.00000000,0.00000000,0.00000000,0.00000000,0.00000000,0.00000000,0.00000000,0.00000000,0.00000000,0.00000000,0.00000000,0.00000000,0.00000000,0.00000000,0.00000000,0.00000000,0.00000000,0.00000000,0.00000000,0.00000000,0.00000000,0.20335411,0.00000000,0.00000000,0.00000000,0.00000000,0.00000000,0.00000000,0.00000000,0.00000000,0.00000000,0.00000000,0.00000000,0.00000000,0.00000000,0.00000000,0.00000000,0.00233487,0.00000000,0.00000000,0.00000000,0.00000000,0.00000000,0.00000000,0.00000000,0.00000000,0.02684085,0.00000000,0.00000000,0.00000000,0.00000000,0.00902309,0.00000000,0.00000000,0.00000000,0.00000000,0.00000000,0.00000000,0.00000000,0.00000000,0.00000000,0.00000000,0.98595231,0.00000000,0.00000000,0.00000000,0.00000000,0.00000000,0.00121128,0.00000000,0.00000000,0.00000000,0.02078239,0.01235063,0.00000000,0.00000000,0.00000000,0.00000000,0.04583879,0.00000000,0.00000000,0.00000000,0.00000000,0.00000000,0.00000000,0.00000000,0.00000000,0.00466381,0.00000000,0.00000000,0.00000000,0.00691041,0.00000000,0.00000000,0.01146580,0.00000000,0.00000000,1.19141493,0.00000000,0.00000000,0.00000000,0.00311509,0.00000000,0.00000000,0.00000000,0.00000000,0.00000000,0.02720138,0.00000000,0.00000000,0.00000000,0.00000000,0.00000000,0.00000000,0.00000000,0.00000000,0.00081157,0.00000000,0.00000000,0.00000000,0.00000000,0.00000000,0.00000000,0.00000000,0.00000000,0.00000000,0.00000000,0.00000000,0.00000000,0.00000000,0.06503230,0.00000000,0.00000000,0.00000000,0.00000000,0.00000000,0.00000000,0.00000000,0.00000000,0.00000000,0.00000000,0.00000000,0.00000000,0.00000000,0.00000000,0.00000000,0.00000000,0.00000000,0.00000000,0.00000000,0.00000000,0.00000000,0.00103379,0.00000000,0.00000000,0.00000000,0.00000000,0.00431158,0.00000000,0.00000000,0.00000000,0.00000000,0.00000000,0.00000000,0.00000000,0.00000000,0.00000000,0.00000000,0.00000000,0.00000000,0.00000000,0.00000000,0.00000000,0.00000000,0.00222351,0.00000000,0.00000000,0.00000000,0.00000000,0.00000000,0.00000000,0.00000000,0.00000000,0.00000000,0.00000000,0.00000000,0.85789556,0.00000000,0.00000000,0.00000000,0.00000000,0.02633866,0.00000000,0.00000000,0.00000000,0.00000000,0.00864543,0.00000000,0.00000000,0.00000000,0.00000000,0.00000000,0.00000000,0.00000000,0.00637778,0.00000000,0.01706671,0.00000000,0.00000000,0.00000000,0.00000000,0.00000000,0.00000000,0.04628508,0.00000000,0.00000000,0.00000000,0.00000000,0.00000000,0.00000000,0.00000000,0.00000000,0.00000000,0.00000000,0.00000000,0.00000000,0.00000000,0.00000000,0.00000000,0.00000000,0.00000000,0.00000000,0.00000000,0.00000000,0.00375418,0.00000000,0.00000000,0.00000000,0.00000000,0.00565949,0.00000000,0.00000000,0.00000000,0.00000000,0.00000000,0.00000000,0.00389300,0.00000000,0.00000000,0.00000000,0.00000000,0.00000000,0.00000000,0.00000000,0.00000000,0.00000000,0.00000000,0.00000000,0.00000000,0.00000000,0.00000000,0.01169557,0.00285977,0.00532278,0.00000000,0.00000000,0.00000000,0.00000000,0.00000000,0.03805262,0.00000000,0.00343505,0.00000000,0.00000000,0.00000000,0.00000000,0.00000000,0.00000000,0.00000000,0.00000000,0.00000000,0.00000000,0.00000000,0.00000000,0.00707737,0.00000000,0.00000000,0.00000000,0.00000000,0.00000000,0.00000000,0.00000000,0.00000000,0.00000000,0.15461800,0.00000000,0.00000000,0.00000000,0.00066796,0.00000000,0.00000000,0.00000000,0.00000000,0.00000000,0.00000000,0.00000000,0.00000000,0.00000000,0.00000000,0.00000000,0.00000000,0.00000000,0.00000000,0.00000000,0.00000000,0.00000000,0.00000000,0.02309339,0.00000000,0.00000000,0.00000000,0.00000000,0.00000000,0.00000000,0.00000000,0.00000000,0.00000000,0.01817534,0.00000000,0.00000000,0.00000000,0.00000000,0.00627880,0.00000000,0.00000000,0.01174789,0.00000000,0.00000000,0.00000000,0.00000000,0.01062120,0.00000000,0.00000000,0.00000000,0.00000000,0.00793982,0.00000000,0.00000000,0.00622215,0.00000000,0.00000000,0.00000000,0.00000000,0.00334494,0.00000000,0.00000000,0.39763558,0.00000000,0.00000000,0.00000000,0.00000000,0.00053066,0.00000000,0.00000000,0.00000000,0.00000000,0.00000000,0.00000000,0.00000000,0.00000000,0.00000000,0.00000000,0.00000000,0.00000000,0.00000000,0.00000000,0.00000000,0.00000000,0.00000000,0.00000000,0.00000000,0.00000000,0.00000000,0.00000000,0.00000000,0.00000000,0.00000000,0.00000000,0.00000000,0.00000000,0.03955853,0.00000000,0.00000000,0.00000000,0.00000000,0.00000000,0.00000000,0.00000000,0.00000000,0.00000000,0.00000000,0.00000000,0.00000000,0.00000000,0.04197539,0.00000000,0.00000000,0.00000000,0.00000000,0.00000000,0.00000000,0.00000000,0.00278541,0.00000000,0.00000000,0.00000000,0.00000000,0.00162187,0.00000000,0.00000000,0.00000000,0.00000000,0.00000000,0.01226071,0.00000000,0.00000000,0.00000000,0.01593283,0.00000000,0.00000000,0.00000000,0.00000000,0.00000000,0.00000000,0.00000000,0.00000000,0.00000000,0.00000000,0.00000000,0.00000000,0.00207004,1.43760866,0.00959654,0.00000000,0.00000000,0.00000000,0.00000000,0.00000000,0.00000000,0.00000000,0.00000000,0.00000000,0.00242961,0.00000000,0.00000000,0.00000000,0.00000000,0.00000000,0.00000000,2.65469184,0.00000000,0.00000000,0.00000000,0.00000000,0.00000000,0.00000000,0.00000000,0.00000000,0.00000000,0.00000000,0.00000000,0.00603836,0.00000000,0.00500491,0.00172121,0.03759165,0.00000000,0.00000000,0.00000000,0.00000000,0.00000000,0.00000000,0.00000000,0.00000000,0.00282213,0.00000000,0.00000000,0.00000000,0.00000000,0.00272321,0.00000000,0.00000000,0.00000000,0.00000000,0.00000000,0.00000000,0.00000000,0.00000000,0.00000000,0.00000000,0.00000000,0.00000000,0.00000000,0.00000000,0.00000000,0.00000000,0.00000000,0.00000000,0.00000000,0.00000000,0.00094775,0.00000000,0.00000000,0.00000000,0.00000000,0.00000000,0.00000000,0.00000000,0.00000000,0.00000000,0.00000000,0.00000000,0.00000000,0.00000000,0.00000000,0.00000000,0.00000000,0.00000000,0.00000000,0.00326823,0.00000000,0.00000000,0.00000000,0.00000000,0.00000000,0.00000000,0.00000000,0.00151560,0.00000000,0.00000000,0.00315092,0.00000000,0.00000000,0.00000000,0.00000000,0.00000000,0.00000000,0.00000000,0.00000000,0.00000000,0.00000000,0.05461427,0.00000000,0.00000000,0.00000000,0.01725694,0.00000000,0.00000000,0.00000000,0.00000000,0.04654960,0.00000000,0.00000000,0.00000000,0.00000000,0.00000000,0.00000000,0.00000000,0.06853445,0.00000000,0.05440051,0.00000000,0.00000000,2.69489652,0.00000000,0.00466308,0.04370983,0.00000000,0.00000000,0.01376407,0.00000000,0.00000000,0.00000000,0.00000000,0.00000000,0.00000000,0.00000000,0.00000000,0.01360343,0.00117573,0.00000000,0.01156725,0.00000000,0.00000000,0.00000000,0.00000000,0.00000000,0.00000000,0.00000000,0.00000000,0.00000000,0.00000000,0.00000000,0.00000000,0.00000000,0.00000000,0.00000000,0.00000000,0.00000000,0.00000000,0.00000000,0.00942107,0.00000000,0.00000000,0.00000000,0.00000000,0.00000000,0.00111071,0.10711379,0.00000000,0.00000000,0.05762181,0.00000000,0.00000000,0.00278647,0.00000000,0.00000000,0.00000000,0.00000000,0.00000000,0.00000000,0.01577197,0.00000000,0.00000000,0.00000000,0.00000000,0.00000000,0.00000000,0.00309466,0.00816484,0.00000000,0.00000000,0.00000000,0.00000000,0.00000000,0.88636741,0.00000000,0.00000000,0.00000000,0.02316990,0.00000000,0.01163565,0.00000000,0.00000000,0.00000000,0.00000000,0.00000000,0.00000000,0.00461628,0.00000000,0.00382299,0.00000000,0.00000000,0.00000000,0.00000000,0.00000000,0.00000000,0.00808604,0.00000000,0.00000000,0.00000000,0.00000000,0.00000000,0.00000000,0.00000000,0.00000000,0.00000000,0.00000000,0.00000000,0.00000000,0.00000000,0.00000000,0.00000000,0.00000000,0.00000000,0.00199182,0.00000000,0.00000000,0.00000000,0.00488155,0.04279430,0.00000000,0.00000000,0.00000000,0.00492964,0.00000000,0.00000000,0.00000000,0.00248201,0.00000000,0.00000000,0.00000000,0.00000000,0.00000000,0.00000000,0.00000000,0.00000000,0.00000000,0.00000000,0.00000000,0.00000000,0.00000000,0.00000000,0.00000000,0.00000000,0.00000000,0.00000000,0.00000000,0.00000000,0.00000000,0.04574904,0.00000000,0.00000000,0.00000000,0.00000000,0.00000000,0.00000000,0.00000000,0.00939742,0.00000000,0.00000000,0.00000000,0.00000000,0.00000000,0.50330540,0.01556929,0.00000000,0.00000000,0.00000000,0.00000000,0.00000000,0.00000000,0.00000000,0.00000000,0.00000000,0.00000000,0.00000000,0.05997855,0.00000000,0.00000000,0.00000000,0.00000000,0.00000000,0.00000000,0.00376114,0.00316273,0.00000000,0.00227018,0.00000000,0.00000000,0.00000000,0.26862790,0.00000000,0.00000000,0.00000000,0.00000000,0.00000000,0.00000000,0.00000000,0.00000000,0.00000000,0.00000000
0.00000000,0.00000000,0.01145047,0.00000000,0.00000000,0.00000000,0.00000000,0.00000000,0.00000000,0.00000000,0.00000000,0.00000000,0.30874124,0.00000000,0.00000000,0.00000000,0.00000000,0.00000000,0.00000000,0.00000000,0.00000000,0.00431843,0.00000000,0.00000000,0.06024137,0.00000000,0.00000000,0.00000000,0.00000000,0.00000000,0.00000000,0.00000000,0.00000000,0.06787394,0.00000000,0.00000000,0.00000000,0.00000000,0.00000000,0.00000000,0.00249138,0.00000000,0.00000000,0.00000000,0.00000000,0.00000000,0.00000000,0.00251119,0.01428590,0.00000000,0.00000000,0.00000000,0.00000000,0.00000000,0.00000000,0.00000000,0.00000000,0.00000000,0.00000000,0.00000000,0.00325484,0.00000000,0.00000000,0.00000000,0.00000000,0.00000000,0.00000000,0.00000000,0.00000000,0.00000000,0.00000000,0.00000000,0.00000000,0.00000000,0.00000000,0.00000000,0.00000000,0.01972543,0.00000000,0.00000000,0.06195540,0.00337457,0.00000000,0.00000000,0.00000000,0.00000000,0.00000000,0.00000000,0.00000000,0.03513600,0.00000000,0.10786398,0.00000000,0.00000000,0.00088161,0.00000000,0.00000000,0.00000000,0.00000000,0.00000000,0.00000000,0.00000000,0.00000000,0.00000000,0.00000000,0.00000000,0.00000000,0.00000000,0.00000000,0.00000000,0.00206137,0.00000000,0.00000000,0.00000000,0.00000000,0.00000000,0.00000000,0.00000000,0.00000000,0.00000000,0.00000000,0.00000000,0.00000000,0.00000000,0.00000000,0.00000000,0.00000000,0.00000000,0.00000000,0.00000000,0.00000000,0.00000000,0.00000000,0.00071606,0.00000000,0.00332789,2.39789267,0.00000000,0.00000000,0.00000000,0.00000000,0.00000000,0.00000000,0.00000000,0.00000000,0.00000000,0.00000000,0.00000000,0.00000000,0.00000000,0.00411274,0.00000000,0.00000000,0.00000000,0.08673828,0.00000000,0.00000000,0.00000000,0.00000000,0.00000000,0.00000000,0.00000000,0.00000000,0.00000000,0.00000000,0.00000000,0.04315995,0.00000000,0.00000000,0.00000000,0.00000000,0.00000000,0.00000000,0.00000000,0.00077432,0.00000000,0.00000000,0.00000000,0.00000000,0.00000000,0.00000000,0.00000000,0.00000000,0.00000000,0.00000000,0.00000000,0.00000000,0.00000000,0.00000000,0.00000000,0.00000000,0.00000000,0.00312051,0.00000000,0.00000000,0.02703461,0.00000000,0.00968953,0.01269406,0.00000000,0.00000000,0.00000000,0.00000000,0.00000000,0.00000000,0.00000000,0.00000000,0.00000000,0.00000000,0.00000000,0.00000000,0.00251432,0.00000000,0.00000000,0.00000000,0.52612399,0.00000000,0.00000000,0.00383163,0.00000000,0.00000000,0.00000000,0.00000000,0.11578286,0.00000000,0.00000000,0.00000000,0.00721321,0.00000000,0.00000000,0.00000000,0.00000000,0.00000000,0.00864818,0.00000000,0.00000000,0.00000000,0.00000000,0.02015798,0.00000000,0.00000000,0.00000000,0.00000000,0.00187023,0.00517326,0.00000000,0.00000000,0.00000000,0.00484882,0.00000000,0.00000000,0.00000000,0.00000000,0.01127025,0.00000000,0.01157161,0.00000000,0.05616638,0.00000000,0.00000000,0.00000000,0.00000000,0.00000000,0.00000000,0.00000000,0.00000000,0.03559246,0.00000000,0.00000000,0.00000000,0.00000000,0.00000000,0.00000000,0.00000000,0.00000000,0.00000000,0.00000000,0.00000000,0.00000000,0.00000000,0.00000000,0.00000000,0.00000000,0.00000000,0.00286983,0.00000000,0.00000000,0.00000000,0.00000000,0.00000000,0.00000000,0.00000000,0.01926486,0.00000000,0.00072208,0.00000000,0.00000000,0.00000000,0.00000000,0.00000000,0.00000000,0.00000000,0.00000000,0.00000000,0.00000000,0.00000000,0.00000000,0.00000000,0.00400468,0.00000000,0.02101666,0.00000000,0.00000000,0.00000000,0.00000000,0.00000000,0.00000000,0.01637998,0.00000000,0.00000000,0.00000000,0.00000000,0.00000000,0.00000000,0.00000000,0.01900262,0.00000000,0.00000000,0.00000000,0.00000000,0.00000000,0.00000000,0.00000000,0.00000000,0.00000000,0.00000000,0.00000000,0.00000000,0.00000000,0.07507535,0.00000000,0.00000000,0.00000000,0.00000000,0.00000000,0.00000000,0.00000000,0.00000000,0.00000000,0.00000000,0.00000000,0.00000000,0.00000000,0.00000000,0.00638597,0.00000000,0.00000000,0.00000000,0.00000000,0.00000000,0.00000000,0.00871367,0.00000000,0.00229225,0.00000000,0.00000000,0.00000000,0.00000000,0.00000000,0.00000000,0.00502197,0.06803873,0.00000000,0.00000000,0.00000000,0.00000000,0.00000000,0.00000000,0.01693919,0.00000000,0.00000000,0.00000000,0.00000000,0.00000000,0.00000000,0.00000000,0.14830559,0.00000000,0.00339959,0.00000000,0.00000000,0.00000000,0.00000000,0.00000000,0.00000000,0.00772674,0.00000000,0.00000000,0.00000000,0.00000000,0.00000000,0.00000000,0.00000000,0.00000000,0.00000000,0.00000000,0.00000000,0.00000000,0.00000000,0.00000000,0.00000000,0.00000000,0.00000000,0.00000000,0.00000000,0.00000000,0.00000000,0.00000000,0.06766771,0.00000000,0.00000000,0.00000000,0.01194663,0.00000000,0.00000000,0.00000000,0.00000000,0.03048118,0.31420411,0.00000000,0.00000000,0.00000000,0.00000000,0.00000000,0.00000000,0.00417823,0.00000000,0.00000000,0.00000000,0.00000000,0.00000000,0.00405184,0.00000000,0.00000000,0.00000000,0.01004433,0.00000000,0.00000000,0.00000000,0.00000000,0.00000000,0.00000000,0.00000000,0.00000000,0.00000000,0.00000000,0.00000000,0.00547054,0.00000000,0.00000000,0.00000000,0.00000000,0.00000000,0.00000000,0.00000000,0.00000000,0.00000000,0.01006858,0.00000000,0.00000000,0.00000000,0.00000000,0.00000000,0.00000000,0.00000000,0.00000000,0.00000000,0.00000000,0.00000000,0.00000000,0.00000000,0.00000000,0.00000000,0.00000000,0.00000000,0.00998333,0.00000000,0.00000000,0.00458291,0.00000000,0.00164888,0.00000000,0.00000000,0.00000000,0.12626162,0.00000000,0.00000000,0.00000000,0.00737665,0.00000000,0.00000000,0.00000000,0.00000000,0.00000000,0.00000000,0.00000000,0.00730877,0.00000000,0.00000000,0.00000000,0.00000000,0.00000000,0.00000000,0.00000000,0.00435359,0.00000000,0.00138557,0.00000000,0.00000000,0.00000000,0.00000000,0.00000000,0.00000000,0.00000000,0.00000000,0.00000000,0.00000000,0.00000000,0.00000000,0.01527305,0.00000000,0.00000000,0.00000000,0.00000000,0.04700971,0.00000000,0.00000000,0.00000000,0.00000000,0.00000000,0.00000000,0.00000000,0.00000000,0.00000000,0.00000000,0.00000000,0.00000000,0.00000000,0.00000000,0.00000000,0.06884086,0.00602973,0.00000000,0.00000000,0.00072089,0.00000000,0.00000000,0.00000000,0.00000000,0.00000000,0.00000000,0.00000000,0.00256253,0.04832952,0.00000000,0.00000000,0.00000000,0.00000000,0.00000000,0.00000000,0.00000000,0.00000000,0.00000000,0.01795458,0.00000000,0.00000000,0.00000000,0.00000000,0.02606193,0.00000000,0.00000000,0.00000000,0.00000000,0.00000000,0.07627563,0.00000000,0.00000000,0.00000000,0.00000000,0.02324502,0.00000000,0.00000000,0.00422643,0.03004160,0.00000000,0.00000000,0.00000000,0.00000000,0.00000000,0.00000000,0.00000000,0.00000000,0.00831087,0.00126140,0.00000000,0.00000000,0.00000000,0.00000000,0.00000000,0.00000000,0.00000000,0.00000000,0.00000000,0.00000000,0.00000000,0.43619890,0.00000000,0.00000000,0.00000000,0.00000000,0.00000000,0.00426099,0.00000000,0.00000000,0.00000000,0.00930359,0.00000000,0.00000000,0.00000000,0.00000000,0.00000000,0.00000000,0.00836177,0.00000000,0.00000000,0.00000000,0.00000000,0.00000000,0.00000000,0.00794438,0.00000000,0.00000000,0.00000000,0.00000000,0.00000000,0.00000000,0.00000000,0.00000000,0.00000000,0.00000000,0.00000000,0.00000000,0.00000000,0.00000000,0.00000000,0.00000000,0.01253489,0.00000000,0.00000000,0.00000000,0.05519659,0.00000000,0.00000000,0.00000000,0.00000000,0.00000000,0.00000000,0.00000000,0.00000000,0.00000000,0.00000000,0.00000000,0.00000000,0.00000000,0.00000000,0.00000000,0.00000000,0.00000000,0.00000000,0.00000000,0.00000000,0.00000000,0.00000000,0.00863614,0.00000000,0.00000000,0.00000000,0.00000000,0.00181737,0.00000000,0.00000000,0.00000000,0.00000000,0.00204275,0.00000000,0.00000000,0.00000000,0.00252867,0.00000000,0.00000000,0.00000000,0.00000000,0.00000000,0.12366866,0.00000000,0.00000000,0.00000000,0.00000000,0.00000000,0.00000000,0.00000000,0.00000000,0.00000000,0.00000000,0.00000000,0.00000000,0.00000000,0.00000000,0.00000000,0.00000000,0.00000000,0.00000000,0.00000000,0.00000000,0.00000000,0.00000000,0.00000000,0.00000000,0.00000000,0.00000000,0.00000000,0.00000000,0.00000000,0.00000000,0.00000000,0.00000000,0.00000000,0.00000000,0.00000000,0.00000000,0.00000000,0.00000000,0.00000000,0.00000000,0.00563594,0.00801786,0.00000000,0.00000000,0.00000000,0.00158589,0.00000000,0.00000000,0.00000000,0.00000000,0.00000000,0.00270748,0.00000000,0.00000000,0.00000000,0.00176729,0.01487385,0.00000000,0.00000000,0.00000000,0.00000000,0.00000000,0.00000000,0.00000000,0.00287370,0.02271969,0.00000000,0.00000000,0.00000000,0.00000000,0.00000000,0.00000000,0.00000000,0.16636387,0.00000000,0.00000000,0.00000000,0.00000000,0.00000000,0.07532108,0.00000000,0.00000000,0.00000000,0.00000000,0.00000000,0.00000000,0.00000000,0.00000000,0.00467112,0.00000000,0.00000000,0.01626933,0.00000000,0.00000000,0.00000000,0.00000000
0.00000000,0.00000000,0.00000000,0.00000000,0.00000000,0.00000000,0.00000000,0.00000000,0.00000000,0.00000000,0.00000000,0.00000000,0.00000000,0.00626611,0.00000000,0.00000000,0.00000000,0.00000000,0.00000000,0.00000000,0.00000000,0.00000000,0.01299207,0.00000000,0.00000000,0.00000000,0.00000000,0.00238965,0.00000000,0.00000000,0.00000000,0.00000000,0.05062885,0.00000000,0.00000000,0.00000000,0.00285866,0.00336431,0.00000000,0.00000000,0.00000000,0.00382542,0.00000000,0.00000000,0.00000000,0.00169341,0.00000000,0.00000000,0.00000000,0.00000000,0.02661727,0.00254574,0.00000000,0.00000000,0.00000000,0.00000000,0.00000000,0.00164944,0.00000000,0.00000000,0.00000000,0.00000000,0.00000000,0.00000000,0.00000000,0.00000000,0.00000000,0.00000000,0.00000000,0.00000000,1.49954817,0.00000000,0.00000000,0.00000000,0.00000000,0.00000000,0.00000000,0.00000000,0.00000000,0.00000000,0.00000000,0.00000000,0.00000000,0.00000000,0.01218645,0.00000000,0.00000000,0.00000000,0.00000000,0.00387344,0.00000000,0.00000000,1.06297004,0.00000000,0.00000000,0.00000000,0.00000000,0.00000000,0.00000000,0.00000000,0.00000000,0.00000000,0.00000000,0.14528298,0.00000000,0.01037725,0.00000000,0.00000000,0.00000000,0.00000000,0.00000000,0.00000000,0.00000000,0.01691161,0.00000000,0.00000000,0.00000000,0.00000000,0.00000000,0.00000000,0.00000000,0.00000000,0.00000000,0.00000000,0.00000000,0.00000000,0.00000000,0.00000000,0.00000000,0.00000000,0.00000000,0.00000000,0.03915246,0.00000000,0.00000000,0.00000000,0.00000000,0.01983453,0.00121183,0.00000000,0.00000000,0.00000000,0.00000000,0.00000000,0.00000000,0.00000000,0.00000000,0.00000000,0.00000000,0.00000000,0.00000000,0.00000000,0.00000000,0.00000000,0.00000000,0.00000000,0.00000000,0.00000000,0.00000000,0.00568009,0.00000000,0.00000000,0.00000000,0.00342907,0.00000000,0.00000000,0.00000000,0.00000000,0.00000000,0.00652903,0.00000000,0.19594886,0.00000000,0.00000000,0.00000000,0.00000000,0.00000000,0.00000000,0.00000000,0.00000000,0.00000000,0.00000000,0.00000000,0.00000000,0.00000000,0.00000000,0.00000000,0.00000000,0.02741491,0.00000000,0.00361961,0.00000000,0.00000000,0.00000000,0.00000000,0.00000000,0.00000000,0.00000000,0.00000000,0.00000000,0.00000000,0.00000000,0.00000000,0.00000000,0.22428490,0.00000000,0.00000000,0.00000000,0.00000000,0.00000000,0.00000000,0.00000000,0.00000000,0.00000000,0.00000000,0.00000000,0.00000000,0.00000000,0.00000000,0.00000000,0.00914406,0.05103405,0.00139294,0.01762817,0.00000000,0.00000000,0.00000000,0.00716949,0.00000000,0.02116552,0.00000000,0.00000000,0.00000000,0.00000000,0.00000000,0.00000000,0.00000000,0.00000000,0.00000000,0.00000000,0.00000000,0.00000000,0.00000000,0.00000000,0.00000000,0.00000000,0.00000000,0.00560015,0.00000000,0.00372661,0.00000000,0.00000000,0.00000000,0.00000000,0.00000000,0.00000000,0.00000000,0.00118242,0.00000000,0.00000000,0.00245727,0.00000000,0.00000000,0.00000000,0.00000000,0.00000000,0.00000000,0.00000000,0.00000000,0.00000000,0.00000000,0.00000000,0.00000000,0.00000000,0.00000000,0.00000000,0.00000000,0.00000000,0.00000000,0.00000000,0.00000000,0.00000000,0.00000000,0.00000000,0.00000000,0.00000000,0.00000000,0.00000000,0.00540124,0.00475647,0.00000000,0.00000000,0.00000000,0.00000000,0.00000000,0.00000000,0.00000000,0.00000000,0.00000000,0.00000000,0.00000000,0.00000000,0.00000000,0.00000000,0.00000000,0.00000000,0.00000000,0.00000000,0.00000000,0.00000000,0.00000000,0.00000000,0.00000000,0.02416475,0.00000000,0.00000000,0.00000000,0.00000000,0.52799462,0.00000000,0.00000000,0.00000000,0.00000000,0.00000000,0.00000000,0.00000000,0.00000000,0.00000000,0.36462463,0.01188692,0.00000000,0.00000000,0.00000000,0.00076865,0.00000000,0.00000000,0.00000000,0.00000000,0.00000000,2.19878470,0.00000000,0.10091200,0.00000000,0.00000000,0.00846587,0.00000000,0.00000000,0.00000000,0.00000000,0.00000000,0.00000000,0.00000000,0.00000000,0.00000000,0.00000000,0.00000000,0.00000000,0.00000000,0.00000000,0.00000000,0.00000000,0.00000000,0.00000000,0.00000000,0.00000000,0.00000000,0.00000000,0.00000000,0.00000000,0.00000000,0.00000000,0.00000000,0.00000000,0.00000000,0.00000000,0.00000000,0.00000000,0.00000000,0.00000000,1.01619545,0.00000000,0.00000000,0.00000000,0.00000000,0.00000000,0.00000000,0.00000000,0.00000000,0.00000000,0.00000000,0.00000000,0.00000000,0.00000000,0.00000000,0.00000000,0.00000000,0.00000000,0.00000000,0.00193120,0.00000000,0.00000000,0.00000000,0.00000000,0.00000000,0.00000000,0.00000000,0.00000000,0.00000000,0.00000000,0.00000000,0.00000000,0.00000000,0.00000000,0.00000000,0.00000000,0.00000000,0.00000000,0.00000000,0.00000000,0.01664665,0.00646963,0.00000000,0.00000000,0.00000000,0.00000000,0.00000000,0.00000000,0.00000000,0.00418522,0.00234780,0.00000000,0.00000000,0.00000000,0.00000000,0.00000000,0.00000000,0.00000000,0.00000000,0.00000000,0.00000000,0.04017795,0.00000000,0.00000000,0.00000000,0.00000000,0.00532412,0.00000000,0.00000000,0.00000000,0.00000000,0.00000000,0.00000000,0.00000000,0.00000000,0.00000000,0.00000000,0.00000000,0.00130019,0.00000000,0.00000000,0.00000000,0.00000000,0.00901210,0.00000000,0.00000000,0.00000000,0.00000000,0.00000000,0.00000000,0.00000000,0.00000000,0.00000000,0.00000000,0.00080415,0.00164369,0.00000000,0.00000000,0.00000000,0.00000000,0.00000000,0.00000000,0.00000000,0.00000000,0.00000000,0.00000000,0.00518680,0.00000000,0.00475338,0.00000000,0.00356141,0.00000000,0.00000000,0.00000000,0.00000000,0.00000000,0.00000000,0.00000000,0.00000000,0.00000000,0.00000000,0.00000000,0.00000000,0.00000000,0.00000000,0.00000000,0.00000000,0.00000000,0.00000000,0.00000000,0.00408461,0.00000000,0.00000000,0.00236482,0.00000000,0.00000000,0.21903382,0.00000000,0.00000000,0.00000000,0.00000000,0.00000000,0.00883375,0.00000000,0.00000000,0.04499292,0.00000000,0.00000000,0.00000000,0.00000000,0.00000000,0.00143330,0.00000000,0.00000000,0.00000000,0.00359036,0.00000000,0.00000000,0.00000000,0.04029872,0.00000000,0.00000000,0.02479220,0.00000000,0.00000000,0.00000000,0.00000000,0.00000000,0.00382848,0.00000000,0.00000000,0.00740815,0.00000000,0.01299173,0.03202333,0.00360623,0.00000000,0.00000000,0.00000000,0.04025941,0.00000000,0.00000000,0.00170835,0.00356058,0.00000000,0.00000000,0.00000000,0.00000000,0.00000000,0.00000000,0.00000000,0.00000000,0.00000000,0.00000000,0.00000000,0.00000000,0.00000000,0.00000000,0.00000000,0.00000000,0.00000000,0.00000000,0.00000000,0.00232255,0.00000000,0.00000000,0.00000000,0.01474516,0.00000000,0.00000000,0.00000000,0.00000000,0.00000000,0.00000000,0.00000000,0.00000000,0.00000000,0.00000000,0.00000000,0.00000000,0.00000000,0.00000000,0.00000000,0.00000000,0.00000000,0.00000000,0.00000000,0.00000000,0.00000000,0.00000000,0.00000000,0.00000000,0.00000000,0.08125088,0.00000000,0.00000000,0.00000000,0.00000000,0.00000000,0.00000000,0.00955822,0.00343340,0.00000000,0.00000000,0.00000000,0.00000000,0.00000000,0.00000000,0.00000000,0.00561028,0.00000000,0.00000000,0.00000000,0.00000000,0.00000000,0.00000000,0.00000000,0.00000000,0.00443711,0.00000000,0.00000000,0.00000000,0.00000000,0.00000000,0.00000000,0.06211694,0.00000000,0.00990585,0.00313303,0.00000000,0.00000000,0.00000000,0.00000000,0.00000000,0.08201832,0.00000000,0.00000000,0.00000000,0.00000000,0.00000000,0.00000000,0.00000000,0.00000000,0.00000000,0.00533798,0.00000000,0.00000000,0.00000000,0.00000000,0.00000000,0.00248876,0.03220986,0.00000000,0.00000000,0.00436584,0.00639751,0.00000000,0.00000000,0.00000000,0.00000000,0.00000000,0.01836904,0.00000000,0.00000000,0.00000000,0.00000000,0.00000000,0.04508649,0.00000000,0.00000000,0.00000000,0.00000000,0.01568934,0.00000000,0.00120034,0.00000000,0.00000000,0.00000000,0.00000000,0.00000000,0.00000000,0.00000000,0.00000000,0.00000000,0.00000000,0.00000000,0.00000000,0.00000000,0.00000000,0.00000000,0.00000000,0.00000000,0.00000000,0.00000000,0.00000000,0.01271622,0.00000000,0.00713185,0.00000000,0.00647954,0.00000000,0.00000000,0.00000000,0.00000000,0.00000000,0.00000000,0.00000000,0.00000000,0.12585362,0.00000000,0.00000000,0.00000000,0.00000000,0.00000000,0.00000000,0.00000000,0.00000000,0.00000000,0.00000000,0.00000000,0.00000000,0.00000000,0.01587017,0.00000000,0.00000000,0.00000000,0.00086701,0.00000000,0.00000000,0.00000000,0.00000000,0.00000000,0.01666728,0.00000000,0.00000000,0.00000000,0.02767542,0.00000000,0.00000000,0.00000000,0.00000000,0.00000000,0.00000000,0.00000000,0.00000000,0.00000000,0.00000000,0.00000000,0.00000000,0.00000000,0.00000000,0.00000000,0.00000000,0.00000000,0.00000000,0.02289863,0.00000000,0.34989326,0.00000000,0.00000000,0.00000000,0.00000000,0.00000000,0.00000000,0.00000000,0.00489644,0.01266297,0.00000000,0.00000000,0.00000000,0.00000000,0.00000000,0.00000000,0.00336092,0.00000000,0.00000000,0.00000000,0.00000000,0.00000000,0.00000000,0.00139697
0.00000000,0.00000000,0.00000000,0.00000000,0.00000000,0.00000000,0.00000000,0.00000000,0.00000000,0.00000000,0.00000000,0.00000000,0.00000000,0.00000000,0.00000000,0.00000000,0.00000000,0.00000000,0.00000000,0.00000000,0.00000000,0.01942240,0.00000000,0.00000000,0.00000000,0.00000000,0.00000000,0.00000000,0.00000000,0.00000000,0.00000000,0.00000000,0.00000000,0.01590742,0.00000000,0.00000000,0.04951346,0.02670853,0.00087373,0.00000000,0.00000000,0.00000000,0.00000000,0.00115914,0.00000000,0.00000000,0.00000000,0.00000000,0.00000000,0.00000000,0.00000000,0.00000000,0.00000000,0.00000000,0.00000000,0.00000000,0.00000000,0.00000000,0.00000000,0.00000000,0.00000000,0.00000000,0.00000000,0.00000000,0.00000000,0.00000000,0.00000000,0.00000000,0.00000000,0.00000000,0.00000000,0.00000000,0.00000000,0.00000000,0.00000000,0.00000000,0.00000000,0.00000000,0.00000000,0.00000000,0.00000000,0.00000000,0.00165225,0.00000000,0.00000000,0.00000000,0.00000000,0.00000000,0.00458871,0.00478635,0.00000000,0.00000000,0.00000000,0.01480088,0.00000000,0.00000000,0.00170702,0.00000000,0.00000000,0.00000000,0.00000000,0.00499463,0.00000000,0.00000000,0.00000000,0.00000000,0.03957524,0.00000000,0.03861048,0.00000000,0.00000000,0.00000000,0.00000000,0.00000000,0.00000000,0.00000000,0.00000000,0.00000000,0.00000000,0.00000000,0.00000000,0.00000000,0.00000000,0.00000000,0.00000000,0.00000000,0.00000000,1.50969786,0.00000000,0.00000000,0.00654828,0.00000000,0.00000000,0.00000000,0.00000000,0.00000000,0.00000000,0.00594568,0.00000000,0.00149310,0.09904276,0.00000000,0.00000000,0.00000000,0.00000000,0.00000000,0.00101867,0.00905663,0.00000000,0.00000000,0.00000000,0.00000000,0.00000000,0.00000000,0.00000000,0.00000000,0.00000000,0.00000000,0.74371365,0.00000000,0.00000000,0.00000000,0.00000000,0.00505274,0.00000000,0.00000000,0.00000000,0.00000000,0.00000000,0.00000000,0.00000000,0.00000000,0.01601433,0.00000000,0.00000000,0.00000000,0.00000000,0.00000000,0.00000000,0.00000000,0.00000000,0.00000000,0.00000000,0.00000000,0.00000000,0.00000000,0.00000000,0.00000000,0.00000000,0.00000000,0.00000000,0.00000000,0.00000000,0.00000000,0.00000000,0.00000000,0.00000000,0.09616242,0.00000000,0.00000000,2.62186536,0.00118110,0.00000000,0.00000000,0.00000000,0.01791534,0.00000000,0.00000000,0.08952860,0.00000000,0.00000000,0.00000000,0.00000000,0.00000000,0.00000000,0.00000000,0.05090770,0.00000000,0.00000000,0.00000000,0.00413103,0.00000000,0.00000000,0.00000000,0.03021904,0.00512035,0.00000000,0.00000000,0.01343602,0.00000000,0.00000000,0.00759002,0.00251534,0.00000000,0.00000000,0.00000000,0.00000000,0.00000000,0.00000000,0.00000000,0.00000000,0.00000000,0.00000000,0.00322510,0.00000000,0.00000000,0.00000000,0.00000000,0.00000000,0.00000000,0.00000000,0.00000000,0.00000000,0.00000000,0.00000000,0.00000000,0.00000000,0.00000000,0.01845744,0.00000000,0.00000000,0.00000000,0.00000000,0.00000000,0.00000000,0.00000000,0.00000000,0.00000000,0.00000000,0.12141302,0.00668904,0.00000000,0.00000000,0.00000000,0.00000000,0.00000000,0.00000000,0.00000000,0.00000000,0.00000000,0.00000000,0.00000000,0.00000000,0.00000000,0.00000000,0.00000000,0.00000000,0.00000000,0.02171765,0.01026740,0.00000000,0.16812182,0.00000000,0.00000000,0.00000000,0.00000000,0.00000000,0.00000000,0.00000000,0.00000000,0.00000000,0.06440651,0.00000000,0.00000000,0.00000000,0.00000000,0.00000000,0.00000000,0.00000000,0.00000000,0.00000000,0.00663957,0.00000000,0.00000000,0.00000000,0.00000000,0.00000000,0.00000000,0.00000000,0.00000000,0.00000000,0.00000000,0.00000000,0.00000000,0.00000000,0.00000000,0.03329739,0.00000000,0.00000000,0.00000000,0.00000000,0.00000000,0.00000000,0.00000000,0.00000000,0.02390098,0.00000000,0.00000000,0.00000000,0.00000000,0.00000000,0.00000000,0.00000000,0.00000000,0.00000000,0.00000000,0.00000000,0.00245041,0.00930137,0.00000000,0.00000000,0.00127439,0.00000000,0.00000000,0.00000000,0.00000000,0.00000000,0.00000000,0.00000000,0.00000000,0.00000000,0.11507150,0.00000000,0.00000000,0.00000000,0.03101303,0.00000000,0.00000000,0.00000000,0.00000000,0.00000000,0.00000000,0.02285119,0.00000000,0.00000000,0.00000000,0.00000000,0.00000000,0.00000000,0.00000000,0.00000000,0.00000000,0.00000000,0.00000000,0.00000000,0.00000000,0.00000000,0.00000000,1.80835213,0.00000000,0.00000000,0.00000000,0.00000000,0.00000000,0.00000000,0.00177722,0.00000000,0.00000000,0.00000000,0.00000000,0.00000000,0.05463904,0.00000000,0.00000000,0.03334235,0.00137241,0.00000000,0.00000000,0.00000000,0.00000000,0.00000000,0.00000000,0.00524410,0.00000000,0.00506767,0.00000000,0.00000000,0.00000000,0.00000000,0.00000000,0.00000000,0.00000000,0.00000000,0.00000000,0.00603609,0.00000000,0.00000000,0.00000000,0.00000000,0.00000000,0.00000000,0.00317447,0.00000000,0.00000000,0.00000000,0.00000000,0.00000000,0.00000000,0.00000000,0.00000000,0.00000000,0.00000000,0.00000000,0.00000000,0.00000000,0.00000000,0.00000000,0.00000000,0.00000000,0.12662204,0.00000000,0.00000000,0.00086946,0.00000000,0.03037099,0.00000000,0.00000000,0.00000000,0.00000000,0.00000000,0.00000000,0.00000000,0.00000000,0.00000000,0.00000000,0.00000000,0.00096778,0.00000000,0.00000000,0.00000000,0.00000000,0.00293840,0.00000000,0.00000000,0.00000000,0.00000000,0.00000000,0.00000000,0.02867262,0.00000000,0.00000000,0.00108936,0.00000000,0.00000000,0.00000000,0.00000000,0.00000000,0.00000000,0.00000000,0.00000000,0.00000000,0.00000000,0.00561519,0.00000000,0.00000000,0.00000000,0.00048766,0.00000000,0.00000000,0.00000000,0.00000000,0.00000000,0.00000000,0.00000000,0.00000000,0.00000000,0.00000000,0.00000000,0.00000000,0.00737556,0.00000000,0.00137987,0.00000000,0.00000000,0.00000000,0.00000000,0.00000000,0.00000000,0.00297854,0.01039842,0.00000000,0.00000000,0.00000000,0.00000000,0.00000000,0.00000000,0.00000000,0.00821458,0.00000000,0.00000000,0.00000000,0.00000000,0.00000000,0.00000000,0.00283493,0.00000000,0.00000000,0.00000000,0.00000000,0.00000000,0.00000000,0.00000000,0.00000000,0.00000000,0.00761602,0.00000000,0.00000000,0.00000000,0.00000000,0.00000000,0.00000000,0.00000000,0.00000000,0.00000000,0.00000000,0.00000000,0.00000000,0.00610309,0.00000000,0.00000000,0.00000000,0.00000000,0.00000000,0.00000000,0.00000000,0.00000000,0.00000000,0.00000000,0.00000000,0.00000000,0.00000000,0.00000000,0.00000000,0.00000000,0.00000000,0.02809458,0.00000000,0.00000000,0.00000000,0.00000000,0.00000000,0.00000000,0.00000000,0.00000000,0.00000000,0.00000000,0.00000000,0.00000000,0.00201266,0.00000000,0.00000000,0.00000000,0.00000000,0.00000000,0.00000000,0.00000000,0.00000000,0.00000000,0.00000000,0.00000000,0.00249011,0.00000000,0.00744830,0.00000000,0.00000000,0.00000000,0.00479580,0.00000000,0.00000000,0.00000000,0.00000000,0.00000000,0.00000000,0.00000000,0.00000000,0.00000000,0.00000000,0.06507808,0.00000000,0.00000000,0.00000000,0.00000000,0.00000000,0.00000000,0.00000000,0.00000000,0.00000000,0.00000000,0.00000000,0.00000000,0.00392871,0.01212557,0.00000000,0.00000000,0.00000000,0.00000000,0.00000000,0.00000000,0.00000000,0.00000000,0.00000000,0.00126881,0.00000000,0.00000000,0.00000000,0.00000000,0.00000000,0.00000000,0.00000000,0.00000000,0.00000000,0.00610570,0.00000000,0.00000000,0.00000000,0.00000000,0.00724204,0.00000000,0.00000000,0.00000000,0.00000000,0.00000000,0.00000000,0.00000000,0.00000000,0.00683476,0.00000000,0.00616173,0.00000000,0.00000000,0.00000000,0.00000000,0.00000000,0.00000000,0.00000000,0.00000000,0.00000000,0.00000000,0.00000000,0.00000000,0.00000000,0.00000000,0.00000000,0.00000000,0.00000000,0.00000000,0.00000000,0.00000000,0.09544212,0.00000000,0.00000000,0.00690765,0.00000000,0.00000000,0.00000000,2.69218362,0.00000000,0.00000000,0.00000000,0.00000000,0.00000000,0.00000000,0.00000000,0.00784508,0.00000000,0.00000000,0.00000000,0.00000000,0.00000000,0.00000000,0.00000000,0.00000000,0.00000000,0.01812347,0.00000000,0.00000000,0.00000000,0.00000000,0.00000000,0.00000000,0.00727121,0.00000000,0.00000000,0.00000000,0.00000000,0.00000000,0.00000000,0.00000000,0.00000000,0.00000000,0.00000000,0.00000000,0.01711830,0.00000000,0.00000000,0.02883175,0.00400257,0.00000000,0.00000000,0.00178314,0.00000000,0.00000000,0.00263894,0.00000000,0.00000000,0.07099261,0.34348209,0.00000000,0.00000000,0.00000000,0.00000000,0.00302578,0.02470154,0.00000000,0.00465336,0.00000000,1.44743942,0.00000000,0.00000000,0.00000000,0.00000000,0.00000000,3.22264127,0.00000000,0.00000000,0.00000000,0.00000000,0.00000000,0.00612747,0.02452487,0.00000000,0.00000000,0.00000000,0.00000000,0.00000000,0.00253978,0.00000000,0.00000000,0.00000000,0.00000000,0.00000000,0.00000000,0.00000000,0.00000000,0.00000000,0.00000000,0.00000000,0.00000000,0.00000000,0.00000000,0.00000000,0.00000000,0.00000000,0.01052393,0.00000000,0.00000000,0.00000000,0.00000000,0.00000000,0.00000000
0.00075998,0.00000000,0.00000000,0.00000000,0.00000000,0.00000000,0.00000000,0.00000000,0.00000000,0.00000000,0.00000000,0.00000000,0.00000000,0.00000000,0.00000000,0.00000000,0.00000000,0.00000000,0.00000000,0.00779828,0.00000000,1.03404309,0.00000000,0.00000000,0.00000000,0.00349347,0.00000000,0.00000000,0.00496621,0.00000000,0.00000000,0.00000000,0.00000000,0.00000000,0.00000000,0.00000000,0.00000000,0.00000000,0.00000000,0.01050698,0.00000000,0.00000000,0.00000000,0.00000000,0.00000000,0.00000000,0.00097119,0.01182407,0.00000000,0.00000000,0.00000000,0.00000000,0.00000000,0.00000000,0.00000000,0.00000000,0.00000000,0.00000000,0.00000000,0.00000000,0.00000000,0.00000000,0.00000000,0.00000000,0.00000000,0.00000000,0.00000000,0.00842659,0.00000000,0.00000000,0.00000000,0.00000000,0.00000000,0.00000000,0.00000000,0.00000000,0.00000000,0.00000000,0.00000000,0.00000000,0.00000000,0.00000000,0.00775707,0.00000000,0.00000000,0.00000000,0.00000000,0.00000000,0.00000000,0.01506843,0.00000000,0.00230959,0.00000000,0.00000000,0.00204464,0.00000000,0.00000000,0.00000000,0.00000000,0.00000000,0.00000000,0.00000000,0.00000000,0.00000000,0.00000000,0.00000000,0.00000000,0.00000000,0.00000000,0.00000000,0.00000000,0.00000000,0.00000000,0.00322664,0.00000000,0.00000000,0.00000000,0.27999336,0.00000000,0.00000000,0.00000000,0.00000000,0.00397329,0.00000000,0.00099715,0.00000000,0.00133193,0.00000000,0.00000000,0.00000000,0.01874342,0.00000000,0.00000000,0.00736956,0.00000000,0.00000000,0.00000000,0.03667449,0.00000000,0.00000000,0.00000000,0.00000000,0.00000000,0.01261123,0.00000000,0.00000000,0.00000000,0.00000000,0.00000000,0.00000000,0.00000000,0.00000000,0.03208326,0.00000000,0.00000000,0.00000000,0.00000000,0.00000000,0.00000000,0.00000000,0.00000000,0.00000000,0.01803979,0.00000000,0.00000000,0.00000000,0.00000000,0.00000000,0.00000000,0.00000000,0.00000000,0.00000000,0.00000000,0.00000000,0.00000000,0.00000000,0.00000000,0.00000000,0.00000000,0.00000000,0.00000000,0.00000000,0.00000000,0.00000000,0.00000000,0.00000000,0.00000000,0.00000000,0.00000000,0.00000000,0.00000000,0.00000000,0.00000000,0.00000000,0.00000000,0.00000000,0.00000000,0.00000000,0.00000000,0.00000000,0.00000000,0.00129915,0.00000000,0.00000000,0.05190964,0.00168549,0.00000000,0.03515333,0.00000000,0.00000000,0.00000000,0.01121032,0.00000000,0.00000000,0.00000000,0.00000000,0.00000000,0.00489847,0.00000000,0.00000000,0.00000000,0.00184529,0.04133858,0.00000000,0.00000000,0.00000000,0.00000000,0.00000000,0.00000000,0.00000000,0.00000000,0.00000000,0.00000000,0.00000000,0.00000000,0.00000000,0.00000000,0.01619242,0.00000000,0.00000000,0.00000000,0.00000000,0.00000000,0.00000000,0.00000000,0.00000000,0.00000000,0.00000000,0.00000000,0.00186397,0.00078488,0.00000000,0.00000000,0.00000000,0.00000000,0.04604824,0.00000000,0.00000000,0.00177248,0.00000000,0.00000000,0.00000000,0.00000000,0.00000000,0.00000000,0.00000000,0.00365638,0.00000000,0.00000000,0.00000000,0.00000000,0.03668489,0.00000000,0.00000000,0.00000000,0.00000000,0.00000000,0.00000000,0.00000000,0.00000000,0.00000000,0.00000000,0.00000000,0.00000000,0.00000000,0.00000000,0.00095879,0.06483053,0.00000000,0.00000000,0.00000000,0.00000000,0.00000000,0.00000000,0.00000000,0.00000000,0.00000000,0.00000000,0.00000000,0.00000000,0.02250062,0.00000000,0.00000000,0.00746700,0.00000000,0.00000000,0.00000000,0.00000000,0.00000000,0.00000000,0.00000000,0.00000000,0.00000000,0.00000000,0.00000000,0.00000000,0.00000000,0.00000000,0.00000000,0.00000000,0.00000000,0.00000000,0.00000000,0.00000000,0.00000000,0.00000000,0.00000000,0.00000000,0.02000428,0.00000000,0.00000000,0.00000000,0.00099986,0.00000000,0.00089592,0.00166159,0.00000000,0.00000000,0.00830231,0.00000000,0.00000000,0.00000000,0.00000000,0.00000000,0.00000000,0.00000000,0.00000000,0.00000000,0.34513295,0.00000000,0.00743605,0.00000000,0.00000000,0.00000000,0.00000000,0.00000000,0.00000000,0.24277213,0.00000000,0.00000000,0.00000000,0.00000000,0.00000000,0.00000000,0.00000000,0.00000000,0.00000000,0.00000000,0.06156964,0.00268713,0.00000000,0.00000000,0.00000000,0.04684782,0.00000000,0.00496848,0.00000000,0.00000000,0.00000000,0.00000000,0.00000000,0.19193631,0.00000000,0.00000000,0.00000000,0.00000000,0.00000000,0.00000000,0.00000000,0.00000000,0.00000000,0.00000000,0.00000000,0.00676382,0.00000000,0.00000000,0.00000000,0.00000000,0.00000000,0.00000000,0.00000000,0.00000000,0.00000000,0.00000000,0.00000000,0.00000000,0.00000000,0.00000000,0.00000000,0.00000000,0.00000000,0.00000000,0.00000000,0.01298487,0.00000000,0.00000000,0.00000000,0.00000000,0.00000000,0.00000000,0.00000000,0.00000000,0.00000000,0.00000000,0.00000000,0.00000000,0.00000000,0.00371598,0.00000000,0.00000000,0.00000000,0.00000000,0.00000000,0.00000000,0.00000000,0.00433698,0.00000000,0.00000000,0.02077246,0.01394427,0.07214965,0.00000000,0.00000000,0.00000000,0.05286496,0.00000000,0.00000000,0.00000000,0.00000000,0.00000000,0.00000000,0.00000000,0.00000000,0.00000000,0.00000000,0.00000000,0.00000000,0.00000000,0.00000000,0.00000000,0.00000000,0.00000000,0.00000000,0.00000000,0.00000000,0.00000000,0.00000000,0.00000000,0.00375112,0.00000000,0.00000000,0.00000000,0.00000000,0.00000000,0.00000000,0.00000000,0.00000000,0.00000000,0.00000000,0.00000000,0.00147021,0.00000000,0.00000000,0.00000000,0.00000000,0.00000000,0.00000000,0.00000000,0.00000000,0.00000000,0.00000000,0.00000000,0.00000000,0.00000000,0.00657435,0.00000000,0.00000000,0.00000000,0.00000000,0.00000000,0.00000000,0.00000000,0.00000000,0.00000000,0.00000000,0.00000000,0.00000000,0.00000000,0.00000000,0.00000000,0.00000000,0.00000000,0.00000000,0.00000000,0.00000000,0.00000000,0.01721956,0.00000000,0.00000000,0.01546479,0.00000000,0.00173461,0.00000000,0.00000000,0.00000000,0.02158223,0.00000000,0.01165335,0.00000000,0.00000000,0.00545260,0.00000000,0.75795374,5.08765464,0.00000000,0.00000000,0.00000000,0.00000000,0.00406902,0.00000000,0.00000000,0.00000000,0.00000000,0.00000000,0.00000000,0.00000000,0.00000000,0.00000000,0.00000000,0.00000000,0.00000000,0.00000000,0.00000000,0.00000000,0.00000000,0.00000000,0.00000000,0.00000000,0.00000000,0.00000000,0.00000000,0.00000000,0.00000000,0.00000000,0.00000000,0.00000000,0.00000000,0.00137502,0.00000000,0.00000000,0.00000000,0.00000000,0.00000000,0.00000000,0.00090977,0.00000000,0.00000000,0.00000000,0.00000000,0.00000000,0.00000000,0.00117217,0.00000000,0.00364307,0.00000000,0.00000000,0.00000000,0.00000000,0.00000000,0.01198417,0.00000000,0.00000000,0.00000000,0.00000000,0.00072511,0.04100892,0.00000000,0.00000000,0.00000000,0.00000000,0.00000000,0.00443982,0.00000000,0.00000000,0.00000000,0.00000000,0.00000000,0.00000000,0.00000000,0.00000000,0.00223569,0.00000000,0.00000000,0.00000000,0.00000000,0.00000000,0.00000000,0.00000000,0.00000000,0.00126192,0.00508929,0.00000000,0.00000000,0.00000000,0.00000000,0.00000000,0.00000000,0.00000000,0.00682711,0.00000000,0.00000000,0.00000000,0.00000000,0.00000000,0.00000000,0.00000000,0.00000000,0.00000000,0.01421411,0.00000000,0.00000000,0.00000000,0.00000000,0.00000000,0.00512899,0.00000000,0.00000000,0.00000000,0.00763266,0.00000000,0.00000000,0.00000000,0.00000000,0.00000000,0.00000000,0.00000000,0.01031121,0.00000000,0.00207170,0.01140941,0.00596342,0.00000000,0.00000000,0.00000000,0.00303179,0.00000000,0.00000000,0.00000000,0.00115625,0.00000000,0.00000000,0.00000000,0.00000000,0.00000000,0.01748378,0.00131541,0.00000000,0.00000000,0.00000000,0.00000000,0.00000000,0.00000000,0.00000000,0.00000000,0.00000000,0.00000000,0.00000000,0.00000000,0.00000000,0.00000000,0.00000000,0.00000000,0.00000000,0.00000000,0.00000000,0.00000000,0.00000000,0.00892245,0.00000000,0.00000000,0.00000000,0.00000000,0.00000000,0.00000000,0.00000000,0.00000000,0.00392930,0.00000000,0.00000000,0.00000000,0.00000000,0.00000000,0.09644839,0.00000000,0.00000000,0.00000000,0.00000000,0.00000000,0.00000000,0.00000000,0.00000000,0.00000000,0.00000000,0.00000000,0.00000000,0.00000000,0.00000000,0.00000000,0.04780673,0.00000000,0.00112341,0.00000000,0.00000000,0.00000000,0.00000000,0.00000000,0.00000000,0.00000000,0.00000000,0.00000000,0.00000000,0.00000000,0.00000000,0.00000000,0.00000000,0.00000000,0.00968380,0.00000000,0.00000000,0.00000000,0.02467943,0.00000000,0.00000000,0.02661380,0.00000000,0.00000000,0.00000000,0.00160438,0.00000000,0.00000000,0.00000000,0.00000000,0.00000000,0.00000000,0.00000000,0.00000000,0.00000000,0.00903286,0.00000000,0.00000000,0.00000000,0.01802517,0.00000000,0.00000000,0.00000000,0.00000000,0.00000000,0.00300042,0.00000000,0.00000000,0.00000000,0.00000000,0.00000000,0.00821478,0.00000000,0.00000000,0.00000000,0.00000000,0.00187646,0.00000000,0.00000000,0.00000000,0.00139408,0.00000000,0.00000000,0.00000000,0.00000000,0.00000000,0.00000000,0.00000000
0.02913383,0.00000000,0.00000000,0.00000000,0.00000000,0.00000000,0.00000000,0.00000000,0.00000000,0.00543729,0.00000000,0.00000000,0.00000000,0.00000000,0.00000000,0.00000000,0.02283654,0.00000000,0.00175550,0.00000000,0.00000000,0.00000000,0.00786866,0.00000000,0.00000000,0.00000000,0.00000000,0.00000000,0.03065937,0.00000000,0.00000000,0.00000000,0.00000000,0.00000000,0.00000000,0.00000000,0.00000000,0.00000000,0.00000000,0.00000000,0.00000000,0.00000000,0.00000000,0.01969213,0.00000000,0.93352711,0.00589431,0.05788908,0.00000000,0.00000000,0.00000000,0.00000000,0.00000000,0.00000000,0.00000000,0.00000000,0.00000000,0.00000000,0.00000000,0.00000000,0.00000000,0.00000000,0.00000000,0.63208212,0.00000000,0.00000000,0.00000000,0.00000000,0.00000000,0.00000000,0.00000000,0.00000000,0.00766295,0.00000000,0.00000000,0.00000000,0.00000000,0.00000000,0.00000000,0.00000000,0.00000000,0.00000000,0.00000000,0.00000000,0.00000000,0.00000000,0.00000000,0.00000000,0.00000000,0.00000000,0.00000000,0.00000000,0.00000000,0.01345911,0.00000000,0.00000000,0.00000000,0.00000000,0.70504397,0.00000000,0.00000000,0.00000000,0.00000000,0.00000000,0.00000000,0.00000000,0.00000000,0.00000000,0.00000000,0.00000000,0.00000000,0.00000000,0.00000000,0.00000000,0.00000000,0.00654496,0.00000000,0.00000000,0.00000000,0.00173307,0.00000000,0.00000000,0.00000000,0.00000000,0.00076314,0.00000000,0.00000000,0.00000000,0.00000000,0.12357024,0.01559805,0.00000000,0.00000000,0.00000000,0.00000000,0.00000000,0.00000000,0.00000000,0.00000000,0.00000000,0.02307186,0.00000000,0.00000000,0.00000000,0.00000000,0.00000000,0.00000000,0.00000000,0.00000000,0.00000000,0.00000000,0.00000000,0.00000000,0.00000000,0.00000000,0.00000000,0.00000000,0.00461362,0.00000000,0.00000000,0.00989745,0.00000000,0.00592757,0.25133421,0.00000000,0.00000000,0.00000000,0.00000000,0.00000000,0.00000000,0.00000000,0.00000000,0.00000000,0.00439260,0.90694975,0.00000000,0.00000000,0.00357720,0.00000000,0.00000000,0.00000000,0.00830904,0.00000000,0.00000000,0.00000000,0.00000000,0.00000000,0.00000000,0.03368620,0.00000000,0.00410832,0.01177772,0.00000000,0.00000000,0.00000000,0.00000000,0.00000000,0.00000000,0.00000000,0.00000000,0.14120498,0.00000000,0.00000000,0.00000000,0.00000000,0.00000000,0.00000000,0.00000000,0.00000000,0.07423959,0.00000000,0.00000000,0.00000000,0.00000000,0.00000000,0.00000000,0.00178166,0.00000000,0.00136052,0.00000000,0.00000000,0.00000000,0.00000000,0.00000000,0.00000000,0.00000000,0.09213410,0.00000000,0.00000000,0.00000000,0.00335482,0.00000000,0.00000000,0.00000000,0.00558472,0.00000000,0.00000000,0.00000000,0.00000000,0.00000000,0.00000000,0.00000000,0.00000000,0.00000000,0.00000000,0.00000000,0.00000000,0.83943267,0.00000000,0.00000000,0.00000000,0.00000000,0.00527853,0.01482880,0.00000000,0.00000000,0.00000000,0.00000000,0.00000000,0.00000000,0.00000000,0.00000000,0.00000000,0.00000000,0.00000000,0.00000000,0.00000000,0.00000000,0.00000000,0.00000000,0.00000000,0.00000000,0.00000000,0.00071608,0.00635957,0.00000000,0.00000000,0.00000000,0.00000000,0.00000000,0.00000000,0.00000000,0.00000000,0.05680878,0.01082951,0.00135594,0.00000000,0.00000000,0.00112173,0.00000000,0.00000000,0.00000000,0.00000000,0.00000000,0.00000000,0.00000000,0.00000000,0.00000000,0.00000000,0.06479578,0.08318405,0.00000000,0.00000000,0.00000000,0.01715113,0.01380648,0.00000000,0.01851273,0.00000000,0.00000000,0.00000000,0.00000000,0.00000000,0.00000000,0.00000000,0.00000000,0.00000000,0.00000000,0.00000000,0.00000000,0.00000000,0.00098889,0.00000000,0.02945448,0.00000000,0.00000000,0.00000000,0.00000000,0.00000000,0.00000000,0.00000000,0.01282710,0.00000000,0.00000000,0.00000000,0.00000000,0.00000000,0.00000000,0.00000000,0.00000000,0.00000000,0.00918665,0.02512426,0.00000000,0.00000000,0.00000000,0.08361291,0.00518696,0.01901742,0.02196119,0.00000000,0.00000000,0.00000000,0.00000000,0.00000000,0.00000000,0.01282637,0.00000000,0.00000000,0.00000000,0.00000000,0.00000000,0.00000000,0.00000000,0.00000000,0.00000000,0.00000000,0.00000000,0.00000000,0.00000000,0.00000000,0.00000000,0.00000000,0.00000000,0.00000000,0.00000000,0.00000000,0.00000000,0.00000000,0.00000000,0.00000000,0.00000000,0.00000000,0.00000000,0.00000000,0.00000000,0.00470963,0.00218895,0.00000000,0.00000000,0.00000000,2.74932196,0.00000000,0.00000000,0.00000000,0.00000000,0.00000000,0.00000000,0.00000000,0.00000000,0.00000000,0.00000000,0.00000000,0.00000000,0.00000000,0.00000000,0.00000000,0.00000000,0.00000000,0.00000000,0.00000000,0.00000000,0.04243161,0.00000000,0.00000000,0.00000000,0.01662819,0.00000000,0.00000000,0.00000000,0.00000000,0.00000000,0.00000000,0.00000000,0.00000000,0.00000000,0.00000000,0.00000000,0.00000000,0.00000000,0.00000000,0.00000000,0.16182052,0.00000000,0.00000000,0.00000000,0.01086985,0.00000000,0.00000000,0.00000000,0.00000000,0.04610200,0.00515820,0.00000000,0.00000000,0.00188542,0.00000000,0.00450964,0.00000000,0.00000000,0.00000000,0.00000000,0.00000000,0.00000000,0.00224801,0.00000000,0.00340522,0.00000000,0.00000000,0.00000000,0.00000000,0.00000000,0.00000000,0.00000000,0.00000000,0.00000000,0.00000000,0.00000000,0.00000000,0.00000000,0.00000000,0.02232900,0.00000000,0.00000000,0.00000000,0.04990116,0.00000000,0.00000000,0.00000000,0.00000000,0.00000000,0.02379092,0.00000000,0.02118416,0.00000000,0.00000000,0.00000000,0.00000000,0.00000000,0.00000000,0.00000000,0.00000000,0.00000000,0.00000000,0.00000000,0.00000000,0.00000000,0.00000000,0.00000000,0.00000000,0.00000000,0.04287871,0.00000000,0.00000000,0.00000000,0.00000000,0.00334350,0.00000000,0.00000000,0.00000000,0.00000000,0.00622351,0.01306324,0.00000000,0.00000000,0.00000000,0.00000000,0.00000000,0.00000000,0.00000000,0.00000000,0.00725838,0.00000000,0.00000000,0.00000000,0.00000000,0.00000000,0.00000000,0.00000000,0.00000000,0.00000000,0.00000000,0.00000000,0.00000000,0.04540757,0.00000000,0.00000000,0.00000000,0.00000000,0.00000000,0.00000000,0.00000000,0.00000000,0.00151956,0.00000000,0.00000000,0.00000000,0.00000000,0.00000000,0.00000000,0.00000000,0.00000000,0.00000000,0.00000000,0.00000000,0.00000000,0.00118297,0.00000000,0.00000000,0.00000000,0.00000000,0.00000000,0.00000000,0.00665197,0.00000000,0.00000000,0.00000000,0.00000000,0.00000000,0.00000000,0.00000000,1.82531121,0.00000000,0.00266271,0.01709376,0.00000000,0.00000000,0.00000000,0.65522623,0.00000000,0.00000000,0.00000000,0.00000000,0.00000000,0.00000000,0.00000000,0.00000000,0.00000000,0.00000000,0.00000000,0.00000000,0.00000000,0.00000000,0.00000000,0.00437953,0.00000000,0.00000000,0.00000000,0.00000000,0.00000000,0.00000000,0.00000000,0.00000000,0.00000000,0.01128150,0.00000000,0.00000000,0.00000000,0.00000000,0.00000000,0.00000000,0.03230658,0.00000000,0.00573408,0.00000000,0.00000000,0.00000000,0.00000000,0.00000000,0.00000000,0.00000000,0.00000000,0.00000000,0.00000000,0.00000000,0.00000000,0.00000000,0.00000000,0.00000000,0.00000000,0.00000000,0.00000000,0.00000000,0.00000000,0.00000000,0.00000000,0.00000000,0.00394801,0.00000000,0.26770842,0.00000000,0.00000000,0.00000000,0.00000000,0.00000000,0.00000000,0.00000000,0.00000000,0.00000000,0.00000000,0.00000000,0.00000000,0.00000000,0.00000000,0.00000000,0.00121741,0.00000000,0.00000000,0.00000000,0.00000000,0.00000000,0.00000000,0.00000000,0.00000000,0.00000000,0.00000000,0.00000000,0.00333238,0.00000000,0.00000000,0.00000000,0.00000000,0.00000000,0.00173529,0.00000000,0.00000000,0.00000000,0.00000000,0.00000000,0.00000000,0.00000000,0.00000000,0.00000000,0.00000000,0.00000000,0.00000000,0.00000000,0.00000000,0.00068683,0.00000000,0.00000000,0.00000000,0.00000000,0.01616412,0.00000000,0.00000000,0.00000000,0.00000000,0.00000000,0.00000000,0.00000000,0.00000000,0.00000000,0.00000000,0.00000000,0.01168691,0.00000000,0.00000000,0.00000000,0.00000000,0.00000000,0.01129569,0.00680082,0.00000000,0.00000000,0.00000000,0.00000000,0.00000000,0.00000000,0.00000000,0.00000000,0.00000000,0.00000000,0.00493704,0.00000000,0.00000000,0.00000000,0.00000000,0.00000000,0.00000000,0.00000000,0.00113585,0.00103591,0.00000000,0.00000000,0.00000000,0.00000000,0.00488319,0.00648832,0.00000000,0.00000000,0.00000000,0.00000000,0.00000000,0.00000000,0.00000000,0.00000000,0.00000000,0.00000000,0.00000000,0.00000000,0.00000000,0.00000000,0.00000000,0.00000000,0.00000000,0.00000000,0.00000000,0.00000000,0.00000000,0.00000000,0.00000000,0.00000000,0.00000000,0.00000000,0.01692257,0.00000000,0.00000000,0.00000000,0.00000000,0.00000000,0.00000000,0.00000000,0.00000000,0.00000000,0.00000000,0.03261987,0.00000000,0.00000000,0.00000000,0.00000000,0.00000000,0.00000000,0.00000000,0.00000000,0.00000000,0.16128870,0.00000000,0.00000000,0.00000000,0.00000000,0.00000000,0.00000000,0.00000000,0.00000000,0.00000000,0.00000000,0.00000000,0.00000000,0.00000000
0.00000000,0.00000000,0.00000000,0.00000000,0.00000000,0.00000000,0.00000000,0.00000000,0.00000000,0.00625100,0.09944542,0.00000000,0.00000000,0.00000000,0.00000000,0.00000000,0.00000000,0.00000000,0.00000000,0.00000000,0.00298342,0.00000000,0.00000000,0.00000000,0.00000000,0.00000000,0.00000000,0.00000000,0.00000000,0.00000000,0.00000000,0.00000000,0.00000000,0.00000000,0.00000000,0.00000000,0.00000000,0.00000000,0.00000000,0.00000000,0.00000000,0.00000000,0.03542376,0.00000000,0.14183216,0.00000000,0.00000000,0.04064289,0.00000000,0.00000000,0.00000000,0.00000000,0.00000000,0.00000000,0.00000000,0.00000000,0.00000000,0.00000000,0.00000000,0.00000000,0.00000000,0.00000000,0.00000000,0.00000000,0.00000000,0.00000000,0.00000000,0.00000000,0.01601086,0.00000000,0.00000000,0.00000000,0.00000000,0.00000000,0.00000000,0.00130043,0.01126610,0.00000000,0.00000000,0.00000000,0.01388795,0.00000000,0.00000000,0.01138132,0.00000000,0.00089426,0.00000000,0.00000000,0.00000000,0.00664832,0.00000000,0.00000000,0.00000000,0.00000000,0.01387954,0.00000000,0.00000000,0.00284255,0.00000000,0.00000000,0.00000000,0.00000000,0.00000000,0.00139151,0.00000000,0.00000000,0.00000000,0.00000000,0.00000000,0.00000000,0.00000000,0.00000000,0.00000000,0.00000000,0.00000000,0.00000000,0.00000000,0.00000000,0.00000000,0.00343358,0.00000000,0.00000000,0.00000000,0.01976579,0.00000000,0.00000000,0.00000000,0.00000000,0.00000000,0.00000000,0.00000000,0.00000000,0.00000000,0.00000000,0.00000000,0.03643793,0.00000000,0.00000000,0.00000000,0.00000000,0.00000000,0.00000000,0.00370414,0.00000000,0.02256576,0.00000000,0.00000000,0.00000000,0.00000000,0.00000000,0.01210840,0.00000000,0.00000000,0.00000000,0.00000000,0.00000000,0.00000000,0.02868230,0.00000000,0.00000000,0.00000000,0.00349007,0.00000000,0.00000000,0.00000000,0.00000000,0.00000000,0.00000000,0.00000000,0.00000000,0.00000000,0.00000000,0.00000000,0.00000000,0.00000000,0.00000000,0.00000000,0.00000000,0.00000000,0.00000000,0.00000000,0.00000000,0.00000000,0.00000000,0.06568798,0.00000000,0.00246450,0.00000000,0.00000000,0.00000000,0.00000000,0.00000000,0.01076138,0.00000000,0.00000000,0.00000000,0.00000000,0.00000000,0.00000000,0.00000000,0.00000000,0.00000000,0.00000000,0.00000000,0.00000000,0.00000000,0.00000000,0.00000000,0.08355422,0.00464004,0.00000000,0.00000000,0.00000000,0.00000000,0.00000000,0.00000000,0.00000000,0.01820525,0.00000000,0.00000000,0.00145278,0.00069987,0.00000000,0.00000000,0.00000000,0.00000000,0.00161774,0.00000000,0.00000000,0.04010180,0.00000000,0.00000000,0.00000000,0.00000000,0.00000000,0.00000000,0.00000000,0.00000000,0.00000000,0.00000000,0.00000000,0.00000000,0.00000000,0.00000000,0.00244330,0.00000000,0.00000000,0.00000000,0.00000000,0.00000000,0.00000000,0.00000000,0.00000000,0.01880157,0.00000000,0.00000000,0.00000000,0.00000000,0.00000000,0.00000000,0.00093858,0.00000000,0.00000000,0.00000000,0.00000000,0.00000000,0.00000000,0.00000000,0.00830580,0.00000000,0.00000000,0.00000000,0.00000000,0.04508104,0.00000000,0.00000000,0.00000000,0.00000000,0.00000000,0.00000000,0.00000000,0.00000000,0.00175464,0.00000000,0.00000000,0.00000000,0.00000000,0.00000000,0.02970426,0.00838091,0.58784696,0.00000000,0.00000000,0.00000000,0.00000000,0.00884441,0.00000000,2.30745054,0.00349408,0.00000000,0.00000000,0.00000000,0.00000000,0.00000000,0.00000000,0.00000000,0.00000000,0.00000000,0.00000000,0.00000000,0.00000000,0.00000000,0.00000000,0.00000000,0.00000000,0.00000000,0.00000000,0.00381344,0.00000000,0.00000000,0.00000000,0.00059515,0.00000000,0.00000000,0.00000000,0.00000000,0.00000000,0.00000000,0.00000000,0.00000000,0.00000000,0.00000000,0.00000000,0.00000000,0.00000000,0.00000000,0.00000000,0.00000000,0.00000000,0.00000000,0.00000000,0.00000000,1.26110288,0.00000000,0.00000000,0.00000000,0.00000000,0.00000000,0.00088965,0.00000000,0.00000000,0.00229742,0.00000000,0.00000000,0.00105876,0.00000000,0.00000000,0.00000000,0.00000000,0.00000000,0.00081276,0.00000000,0.00000000,0.00000000,0.00000000,0.00565167,0.00000000,0.00000000,0.00000000,0.00000000,0.00000000,0.00000000,0.00000000,0.00000000,0.07189132,0.00174560,0.00000000,0.00000000,0.00000000,0.00000000,0.00000000,0.00000000,0.00000000,0.00000000,0.00000000,0.00000000,0.00000000,0.00000000,0.00000000,0.00000000,0.00000000,0.00000000,0.00000000,0.00000000,0.00000000,0.00000000,0.00000000,0.00000000,0.00000000,0.00000000,0.00000000,0.00000000,0.00000000,0.00000000,0.00082469,0.00000000,0.01533201,0.00000000,0.00000000,0.00000000,0.00182397,0.00000000,0.00000000,0.00000000,0.01050323,0.00000000,0.00000000,0.00000000,0.00000000,0.00000000,0.02418763,0.00000000,0.00000000,0.00000000,0.00000000,0.00000000,0.00000000,0.00000000,0.00000000,0.00000000,0.00000000,0.00000000,0.00000000,0.00000000,0.00000000,0.00000000,0.07993347,0.00000000,0.00000000,0.02636156,0.00000000,0.00000000,0.00000000,0.00000000,0.00000000,0.00000000,0.00000000,0.00000000,0.00000000,0.00000000,0.00000000,0.00000000,0.00000000,0.00000000,0.00000000,0.00000000,0.00000000,0.00000000,0.06389706,0.00000000,0.00495244,0.00340503,0.00000000,0.00000000,0.00000000,0.00000000,0.00000000,0.07900367,0.00000000,0.00000000,0.00000000,0.00000000,0.00000000,0.00000000,0.00000000,0.00000000,0.02358580,0.00000000,0.00000000,0.00000000,0.00000000,0.00000000,0.00000000,0.00000000,0.00000000,0.00000000,0.00434427,0.00000000,0.00000000,0.00000000,0.00000000,0.00313667,0.00000000,0.00000000,0.00000000,0.00000000,0.00000000,0.00000000,0.00000000,0.00000000,0.00000000,0.00000000,0.00000000,0.00000000,0.00424517,0.00000000,0.00000000,0.00000000,0.00000000,0.00000000,0.00000000,0.00000000,0.00331081,0.00000000,0.00000000,0.00000000,0.00000000,0.00000000,0.00000000,0.00000000,0.00000000,0.00726851,0.02706494,0.00000000,0.00000000,0.00000000,0.00000000,0.00000000,0.00000000,0.00000000,0.00000000,0.00000000,0.04690035,0.00000000,0.00000000,0.00000000,0.00000000,0.01614084,0.00000000,0.00000000,0.00000000,0.00000000,0.00000000,0.00000000,0.00000000,0.00000000,0.00000000,0.00000000,0.00000000,0.00000000,0.00000000,0.00000000,0.17339544,0.00000000,0.00000000,0.00000000,0.00000000,0.00000000,0.00000000,0.00000000,0.00564398,0.00000000,0.00680427,0.00000000,0.00000000,0.00000000,0.00000000,0.00000000,0.00000000,0.00000000,0.00000000,0.00000000,0.00000000,0.00000000,0.00000000,0.00000000,0.00000000,0.04671544,0.00000000,0.00000000,0.01902889,0.00000000,0.00000000,0.00000000,0.00000000,0.00000000,0.00000000,0.00000000,0.00142396,0.00000000,0.00000000,0.00000000,0.00000000,0.00000000,0.03762317,0.00000000,0.00000000,0.00000000,0.00000000,0.00000000,0.00000000,0.00000000,0.00000000,0.00000000,0.00000000,0.00000000,0.00000000,0.00000000,0.00000000,0.00000000,0.00000000,0.00000000,0.00000000,0.00000000,0.00000000,0.00000000,0.00000000,0.00000000,0.00000000,0.12969206,0.00000000,0.00000000,0.00000000,0.00000000,0.00000000,0.00000000,0.04302551,0.00210026,0.00000000,0.00000000,0.00000000,0.00000000,0.00000000,0.00000000,0.00000000,0.00000000,0.00000000,0.00000000,0.00000000,0.00000000,0.00000000,0.00000000,0.00000000,0.00000000,0.00000000,0.00000000,0.00920270,0.00000000,0.00462915,0.00000000,0.00000000,0.00000000,0.00000000,0.00000000,0.00000000,0.00000000,0.00000000,0.00000000,0.00000000,0.00000000,0.03543494,0.00000000,0.00000000,0.00190891,0.00000000,0.00000000,0.00000000,0.00000000,0.00000000,0.00000000,0.00000000,0.00000000,0.00647792,0.00000000,0.00000000,0.17319744,0.00000000,0.00000000,0.00000000,0.00000000,0.02720759,0.00000000,0.02357649,0.00000000,0.00000000,0.00000000,0.00000000,0.00000000,0.00000000,0.00000000,0.00000000,0.00000000,0.00000000,0.00000000,0.00000000,0.00000000,0.00000000,0.00000000,0.00000000,0.00000000,0.00000000,0.00356905,0.00000000,0.00000000,0.00000000,0.03327253,0.00000000,0.00000000,0.00000000,0.00000000,0.00000000,0.00000000,0.00000000,0.09005138,0.00000000,0.00000000,0.00000000,0.00000000,0.00000000,0.00505457,0.00000000,0.00000000,0.00000000,0.00920659,0.00000000,0.00000000,0.00000000,0.00000000,0.00000000,0.00000000,0.00000000,0.00000000,0.00000000,0.00000000,0.00000000,0.00000000,0.00234092,0.00000000,0.00000000,0.00000000,0.00000000,0.82849419,0.00000000,0.00826701,0.00000000,0.05503395,0.00000000,0.13656727,0.00000000,0.00000000,0.00000000,0.00000000,0.00244061,0.00000000,0.00000000,0.00000000,0.00000000,0.00000000,0.00000000,0.00000000,0.00348443,0.00000000,0.00000000,0.00000000,0.00000000,0.00000000,0.00000000,0.00000000,0.00000000,0.00000000,0.00000000,0.00000000,0.00000000,0.00000000,0.01048862,0.00000000,0.00000000,0.00000000,0.25091320,0.00000000,0.00000000,0.00000000,0.00000000,0.00412994,0.00000000,1.45002027,0.00000000,0.00000000,0.01883175,0.00000000,0.00000000,0.00345680,0.13936484,0.00000000,0.00000000,0.00000000,0.00000000,0.00556455,0.00000000,0.00000000
0.00000000,0.00000000,0.00000000,0.00000000,0.00000000,0.00000000,0.00000000,0.00000000,0.00000000,0.00830461,0.00000000,0.00000000,0.00000000,0.00000000,0.00000000,0.00000000,0.00000000,0.00000000,0.00833586,0.00000000,0.00000000,0.00000000,0.00000000,0.00000000,0.00000000,0.00000000,0.00000000,0.00000000,0.00000000,0.00000000,0.00000000,0.01182385,0.00523048,0.00284157,0.00000000,0.00000000,0.00000000,0.00000000,0.00000000,0.00000000,0.00000000,0.02413172,0.00000000,0.00000000,0.00000000,0.00000000,0.00000000,0.00000000,0.00000000,0.00000000,0.45476233,0.00000000,0.00000000,0.00000000,0.02229179,0.00000000,0.12019684,0.00000000,0.00000000,0.00000000,0.00000000,0.00666170,0.00000000,0.00000000,0.00000000,0.00000000,0.00000000,0.00628170,0.00389444,0.00000000,0.00000000,0.00000000,0.00000000,0.00000000,0.00000000,0.00000000,0.00000000,0.00000000,0.00000000,0.00000000,0.00000000,0.00000000,0.00000000,0.00000000,0.00425179,0.00000000,0.00000000,0.00000000,0.00000000,0.01195076,0.00000000,0.07016653,0.00000000,0.00000000,0.00000000,0.00000000,0.00000000,0.00706678,0.00000000,0.00000000,0.00000000,0.00000000,0.00000000,0.00000000,0.00000000,0.00000000,0.00000000,0.00000000,0.00601297,0.00000000,0.00000000,0.00000000,0.00000000,0.00000000,0.00281524,0.00000000,0.02633499,0.00000000,0.00000000,0.01009640,0.00000000,0.00164201,0.00000000,0.00000000,0.00000000,0.00000000,0.00000000,0.00000000,0.00000000,0.00000000,0.00000000,0.00000000,0.00000000,0.00000000,0.00000000,0.00000000,0.00000000,0.00000000,0.00000000,0.00000000,0.00000000,0.00000000,0.00000000,0.00000000,0.00000000,0.00000000,0.00000000,0.05840544,0.00000000,0.00000000,0.00000000,0.00000000,0.00000000,0.00414431,0.00000000,0.00096112,0.00000000,0.00000000,0.00000000,0.00000000,0.00000000,0.00000000,0.00000000,0.00115612,0.00000000,0.00000000,0.00000000,0.01021654,0.00000000,0.00000000,0.00000000,0.08441035,0.00000000,0.00000000,0.00000000,0.00000000,0.00131401,0.00000000,0.00000000,0.00000000,0.00000000,0.00000000,0.02956667,0.00000000,0.00000000,0.00000000,0.00000000,0.00000000,0.00000000,0.00000000,0.00000000,0.00000000,0.00000000,0.00000000,0.00000000,0.00000000,0.00000000,0.00000000,0.00000000,0.00000000,0.00000000,0.00000000,0.00000000,0.00000000,0.00000000,0.00000000,0.00000000,0.00000000,0.00000000,0.00000000,0.00000000,0.00000000,0.00000000,0.00000000,0.00000000,0.00000000,0.00000000,0.00000000,0.00000000,0.00000000,0.00000000,0.00000000,0.01609924,0.00000000,0.00338624,0.00000000,0.00000000,0.00000000,0.01595354,0.00000000,0.00000000,0.00000000,0.00000000,0.00695944,0.00000000,0.00000000,0.03376602,0.00000000,0.00000000,0.00319156,0.00000000,0.00186768,0.00000000,0.00000000,0.00000000,0.02457967,0.00000000,0.00000000,0.00000000,0.00123109,0.00000000,0.00000000,0.00000000,0.00000000,0.00000000,0.01190561,0.00000000,0.00649667,0.00000000,0.24231860,0.00000000,0.00000000,0.00000000,0.00000000,0.00000000,0.01741335,0.00000000,0.00000000,0.00000000,0.00000000,0.00000000,0.00000000,0.00000000,0.00000000,0.00000000,0.00000000,0.00000000,0.00000000,0.00000000,0.00000000,0.00000000,0.00175464,0.00000000,0.00000000,0.00000000,0.00000000,0.00000000,0.00000000,0.00000000,0.00000000,0.00000000,0.00000000,0.00000000,0.00000000,0.21775814,0.01999677,0.00000000,0.00000000,0.00000000,0.00000000,0.18185182,0.01004712,0.03261907,0.00000000,0.00000000,0.00488562,0.00000000,0.00000000,0.00000000,0.00000000,0.00000000,0.06180583,0.00000000,0.00000000,0.00000000,0.00000000,0.00000000,0.00000000,0.00000000,0.00000000,0.00000000,0.00062807,0.00000000,0.00000000,0.00000000,0.00000000,0.00000000,0.00000000,0.00000000,0.00000000,0.00000000,0.00000000,0.00000000,0.00000000,0.00000000,0.00000000,0.00000000,0.00649599,0.00000000,0.00000000,0.00000000,0.02010187,0.00000000,0.00000000,0.00000000,0.00000000,0.00377788,0.00000000,0.00000000,0.00000000,0.00000000,0.00000000,0.00000000,0.00000000,0.00000000,0.00000000,0.00000000,0.00000000,0.00399617,0.00000000,0.09863169,0.00000000,0.00000000,0.00749330,0.00492258,0.00000000,0.00000000,0.00000000,0.00000000,0.00000000,0.02192757,0.00210027,0.00000000,0.00000000,0.00000000,0.00000000,0.00000000,0.00000000,0.00000000,0.00000000,0.00268236,0.00000000,0.00000000,0.03004016,0.00000000,0.00000000,0.00000000,0.00000000,0.00000000,0.00000000,0.00068766,0.00000000,0.00000000,0.00000000,0.00000000,0.00000000,0.00000000,0.00000000,0.00000000,0.00000000,0.00000000,0.00000000,0.00000000,0.00000000,0.00000000,0.00000000,0.00000000,0.00000000,0.00000000,0.00000000,0.00000000,0.00000000,0.00000000,0.00000000,0.00000000,0.00000000,0.00000000,0.00000000,0.00000000,0.00000000,0.00000000,0.00000000,0.00000000,0.00000000,0.00000000,0.00000000,0.00000000,0.00000000,0.00183318,0.00000000,0.00000000,0.00000000,0.00000000,0.00000000,0.00356938,0.00000000,0.00000000,0.00000000,0.00000000,0.00000000,0.00000000,0.00000000,0.00000000,0.00000000,0.00000000,0.00000000,0.00000000,0.00000000,0.00000000,0.00451730,0.00000000,0.00000000,0.00000000,0.00000000,0.00000000,0.00000000,0.00000000,0.00000000,0.00000000,0.00000000,0.00000000,0.00000000,0.00000000,0.00000000,0.00000000,0.00000000,0.00000000,0.00000000,3.48184773,0.00217596,0.00000000,0.00000000,0.00000000,0.00000000,0.00000000,0.00000000,0.00000000,0.00244828,0.00000000,0.00000000,0.00300141,0.00000000,0.00398735,0.00000000,0.00000000,0.00000000,0.00000000,0.00000000,0.00328720,2.41416497,0.00000000,0.00000000,0.00000000,0.00000000,0.00000000,0.00000000,0.04399343,0.00000000,0.00000000,0.00000000,0.00000000,0.00000000,0.00449348,0.00000000,0.00000000,0.00000000,0.00000000,0.00000000,0.00000000,1.32914559,0.00000000,0.00000000,0.01443057,0.00000000,0.00264364,0.00000000,0.00000000,0.00000000,0.00000000,0.00000000,0.00000000,0.00000000,0.00564460,0.00000000,0.00000000,0.52781705,0.00000000,0.00000000,0.00000000,0.01897020,0.00000000,0.00000000,0.00000000,0.00000000,0.00000000,0.00000000,0.00000000,0.00000000,0.00068817,0.00000000,0.01378252,0.00000000,0.00000000,0.00000000,0.00000000,0.00000000,0.00000000,0.00000000,0.00000000,0.00000000,0.00000000,0.00385317,0.00000000,0.00000000,0.01260131,0.00000000,0.00000000,0.00000000,0.00000000,0.00000000,0.00000000,0.00000000,0.00000000,0.00000000,0.00000000,0.00520149,0.00000000,0.00000000,0.00000000,0.09564077,0.00000000,0.00000000,0.00000000,0.00000000,0.00000000,0.00000000,0.00000000,0.02048968,0.00000000,0.00000000,0.00000000,0.00000000,0.00000000,0.00000000,0.00000000,0.00000000,0.00000000,0.00526742,0.00000000,0.00000000,0.00000000,0.00000000,0.00000000,0.00000000,0.00000000,0.00000000,0.00000000,0.05438430,0.00980069,0.00000000,0.00000000,0.00000000,0.01113531,0.00000000,0.00000000,0.00000000,0.00000000,0.00000000,0.00000000,0.04802369,0.00000000,0.00980582,0.00000000,0.00000000,0.00000000,0.00000000,0.00000000,0.00000000,0.00000000,0.00000000,0.29210191,0.00000000,0.00000000,0.00000000,0.00000000,0.00000000,0.00000000,0.00000000,0.00000000,0.00000000,0.00000000,0.00000000,0.00000000,0.00000000,0.00000000,0.00000000,0.00000000,0.00091099,0.00000000,0.00000000,0.00000000,0.00000000,0.00000000,0.00000000,0.00000000,0.00000000,0.00000000,0.00000000,0.00000000,0.00000000,0.00000000,0.00000000,0.00000000,0.00000000,0.00000000,0.00000000,0.00000000,0.00000000,0.00000000,0.00000000,0.00000000,0.00000000,0.00000000,0.00345228,0.00000000,0.00000000,0.00000000,0.00616484,0.00000000,0.00000000,0.00000000,0.00000000,0.00000000,0.00000000,0.00000000,0.00000000,0.00000000,0.01519799,0.02834723,0.00000000,0.00000000,0.00000000,0.00000000,0.00000000,0.01843238,0.00000000,0.00327401,2.48716658,0.00000000,0.00000000,0.00000000,0.35534485,0.00000000,0.00000000,0.00000000,0.00000000,0.00000000,0.00000000,0.00000000,0.00000000,0.00000000,0.00000000,0.00000000,0.00000000,0.00000000,0.00491608,0.00000000,0.00000000,0.00000000,0.00000000,0.00000000,0.00000000,0.00000000,0.00000000,0.01135391,0.00000000,0.00000000,0.00000000,0.00000000,0.00000000,0.00000000,0.00000000,0.00000000,0.00000000,0.00000000,0.00000000,0.00000000,0.00000000,0.00000000,0.00000000,0.00000000,0.00000000,0.00000000,0.00000000,0.04775205,0.00968135,0.00000000,0.00000000,0.00000000,0.00000000,0.05795528,0.00000000,0.00000000,0.00000000,0.00000000,0.00000000,0.00215540,0.00000000,0.00000000,0.00000000,0.00000000,0.00980994,0.00000000,0.00000000,0.00087764,0.00000000,0.00000000,0.00000000,0.00000000,0.00000000,0.00000000,0.00595590,0.00000000,0.00000000,0.00000000,0.00000000,0.00000000,0.00000000,0.00000000,0.00000000,0.00000000,0.00000000,0.00000000,0.00000000,0.01447550,0.00000000,0.00000000,0.00000000,0.00000000,0.00000000,0.00000000,0.00000000,0.00000000,0.00000000,0.00000000,0.00000000,0.00000000,0.00000000,0.00000000,0.00000000,0.00000000,0.00000000,0.00000000,0.00000000,0.00000000,0.00000000,0.00000000,0.00000000,0.00000000,0.00000000
0.00000000,0.00000000,0.00000000,0.08404178,0.00000000,0.00239068,0.00294836,0.00640030,0.00000000,0.00000000,0.00000000,0.00000000,0.00000000,0.00000000,0.00000000,0.00000000,0.00000000,0.00000000,0.00000000,0.00000000,0.00000000,0.00000000,0.00000000,0.00000000,0.00000000,0.00000000,0.00000000,0.00000000,0.00000000,0.00000000,0.00000000,0.00000000,0.00000000,0.00000000,0.00000000,0.00000000,0.00000000,0.01018952,0.00000000,0.00000000,0.00000000,0.09535547,0.00112473,0.00000000,0.00000000,0.00502893,0.00000000,0.02168689,0.00000000,0.00000000,0.00000000,0.00000000,0.00000000,0.00000000,0.00000000,0.00000000,0.00000000,0.00000000,0.00000000,0.00000000,0.00000000,0.00000000,0.00000000,0.00000000,0.00000000,0.00000000,0.00000000,0.00000000,0.00000000,0.00000000,0.00000000,0.00000000,0.00000000,0.00000000,0.00000000,0.00000000,0.00460393,0.00000000,0.00000000,0.00000000,0.00000000,0.00000000,0.00185707,0.00000000,0.14842132,0.00000000,0.00000000,0.00109564,0.00000000,0.00000000,0.00000000,0.00000000,0.00657695,0.00000000,0.00000000,0.00000000,0.00000000,0.00000000,0.00000000,0.00000000,0.00000000,0.00000000,0.00000000,0.00000000,0.00000000,0.00000000,0.00000000,0.00000000,0.00000000,0.00000000,0.00000000,0.00000000,0.00000000,0.00000000,1.00986371,0.00232015,0.06872853,0.01619028,0.01139946,0.00000000,0.00000000,0.00000000,0.00000000,0.00000000,0.00000000,0.00000000,0.00000000,0.00000000,0.00000000,0.00000000,0.00000000,0.00000000,0.00000000,0.00000000,0.00000000,1.31545827,0.00000000,0.00000000,0.01131812,0.01403023,0.00000000,0.00000000,0.00000000,0.01548958,0.00000000,0.00194136,0.00000000,0.00775978,0.04099959,0.00000000,0.00000000,0.00000000,0.00000000,0.00000000,0.00000000,0.00000000,0.00000000,0.00308577,0.00509313,0.00000000,0.00000000,0.00000000,0.00000000,0.00000000,0.00000000,0.00000000,0.00556257,0.00000000,0.00000000,0.00772319,0.00000000,0.00000000,0.00000000,0.00000000,0.03218063,0.01298072,0.00000000,0.00000000,0.00000000,0.01910702,0.00000000,0.00000000,0.00000000,0.00118573,0.00000000,0.00000000,0.00000000,0.83787656,0.00000000,0.00000000,0.00000000,0.00000000,0.00000000,0.00000000,0.00000000,0.01315423,0.00000000,0.00000000,0.00000000,0.00000000,0.00000000,0.00000000,0.00000000,0.00000000,0.00000000,0.00000000,0.00000000,0.00000000,0.00000000,0.00000000,0.00000000,0.37025394,0.00000000,0.00000000,0.00000000,0.00000000,0.00000000,0.00000000,0.00000000,0.00000000,0.00000000,0.00000000,0.00000000,0.00000000,0.00594899,0.00000000,0.00000000,0.00000000,0.00000000,0.00000000,0.00605246,0.00000000,0.00000000,0.00000000,0.00161610,0.00000000,0.00000000,0.00000000,0.00000000,0.00000000,0.00000000,0.00000000,0.00252540,0.00000000,0.00000000,0.00000000,0.00076644,0.00000000,0.00000000,0.00000000,0.00000000,0.00000000,0.00000000,0.00000000,0.00000000,0.00000000,0.00000000,0.00000000,0.00000000,0.00000000,0.00105729,0.00000000,0.00000000,0.00000000,0.00000000,0.00000000,0.00000000,0.00000000,0.00000000,0.00000000,0.00000000,0.00000000,0.04375762,0.00000000,0.00000000,0.00000000,0.00000000,0.00000000,0.00000000,0.00000000,0.05680878,0.00000000,0.00000000,0.00000000,0.00000000,0.00000000,0.00000000,0.00000000,0.00000000,0.00000000,0.00000000,0.00000000,0.00000000,0.00825925,0.00000000,0.00000000,0.01380442,0.00000000,0.00515957,0.00000000,0.01149623,0.00000000,0.00000000,0.00000000,0.00000000,0.00000000,0.00000000,0.00000000,0.00000000,0.00000000,0.00157357,0.00000000,0.00000000,0.00000000,0.00000000,0.00000000,0.00000000,0.00000000,0.00000000,0.00000000,0.00000000,0.00000000,0.05817957,3.90366788,0.00000000,0.00000000,0.00000000,0.08384926,0.03473829,0.00000000,0.00000000,0.00508191,0.00000000,0.00000000,0.00000000,0.00000000,0.00000000,0.00000000,0.00000000,0.00000000,0.00000000,0.02657076,0.00000000,0.00637144,0.00000000,0.00196261,0.00000000,0.00000000,0.00000000,1.39672467,0.00000000,0.00000000,0.00000000,0.00000000,0.00000000,0.00000000,0.00000000,0.00000000,0.00000000,0.00000000,0.00000000,0.00000000,0.00000000,0.00000000,0.00000000,0.00000000,0.00000000,0.00000000,0.00000000,0.00000000,0.00000000,0.00000000,0.00000000,0.00000000,0.00000000,0.00000000,0.00000000,0.10246113,0.00284760,0.00000000,0.00000000,0.01126756,0.00000000,0.00233264,0.00000000,0.00000000,0.00000000,0.00000000,0.00000000,0.00000000,0.00000000,0.00000000,0.00000000,0.00000000,0.00000000,0.00000000,0.00000000,0.00000000,0.00000000,0.00000000,0.00323854,0.00000000,0.00000000,0.00000000,0.00000000,0.00000000,0.00000000,0.00214523,0.00000000,0.00000000,0.00000000,0.00000000,0.00000000,0.00000000,0.00000000,0.00000000,0.00000000,0.00000000,0.00644726,0.00000000,0.01248615,0.00000000,0.00000000,0.00000000,0.00000000,0.00000000,0.00000000,0.00000000,0.00000000,0.00000000,0.00000000,0.00000000,0.00000000,0.00000000,0.00000000,0.00000000,0.00000000,0.00000000,0.00000000,0.00000000,0.00000000,0.00000000,0.00000000,0.00000000,0.00000000,0.00000000,0.00000000,0.04506636,0.00000000,0.00000000,0.00000000,0.00000000,0.00000000,0.00000000,0.01161129,0.00000000,0.01062445,0.00442804,0.00000000,0.00000000,0.01260119,0.00000000,0.00000000,0.00000000,0.00000000,0.00000000,0.00000000,0.00000000,0.00473418,0.00000000,0.00000000,0.00000000,0.00000000,0.00000000,0.00000000,0.00542822,0.05566030,0.00000000,0.00000000,0.10241680,0.00000000,0.00000000,0.00000000,0.00000000,0.00000000,0.00000000,0.00000000,0.00000000,0.00000000,0.00615450,0.00000000,0.00000000,0.00000000,0.00064960,0.01259943,0.24163545,0.00355485,0.00000000,0.00000000,0.00000000,0.00329443,0.00000000,0.00000000,0.00000000,0.00000000,0.00000000,0.00000000,0.00000000,0.00000000,0.00000000,0.00000000,0.00000000,0.00000000,0.00000000,0.00873617,0.00109494,0.00000000,0.00000000,0.00000000,0.00000000,0.00000000,0.00000000,0.00000000,0.00000000,0.00000000,0.00000000,0.00000000,0.00000000,0.00000000,0.00000000,0.00000000,0.00000000,0.00000000,0.00000000,0.00000000,0.00448033,0.00000000,0.00000000,0.00504866,0.00000000,0.00000000,0.00000000,0.00000000,0.00000000,0.00837425,0.00000000,0.00000000,0.00000000,0.00000000,0.00000000,0.00000000,0.00000000,0.00000000,0.00000000,0.00000000,0.00000000,0.00000000,0.00000000,0.00778950,0.00000000,0.00000000,0.00000000,0.00000000,0.00395293,0.01907422,0.00000000,0.00000000,0.00000000,0.00000000,0.00000000,0.00000000,0.00000000,0.00000000,0.01008251,0.00000000,0.00000000,0.00000000,0.00000000,0.00000000,0.00000000,0.00000000,0.00000000,0.00000000,0.00000000,0.00000000,0.00000000,0.00000000,0.00000000,0.00000000,0.00000000,0.00000000,0.00000000,0.00000000,0.00000000,0.00000000,0.01506843,0.00000000,0.00000000,0.00000000,0.00000000,0.00000000,0.00000000,0.00000000,0.00000000,0.00000000,0.00000000,0.00000000,0.00000000,0.00000000,0.00327772,0.00000000,2.49834091,0.00000000,0.00000000,0.00000000,0.00000000,0.00000000,0.00000000,0.00000000,0.00000000,0.00000000,0.00000000,0.00000000,0.00000000,0.00000000,0.00000000,0.00000000,0.00000000,0.00000000,0.00000000,0.00000000,0.00000000,0.00000000,0.00000000,0.00000000,0.00000000,0.00000000,0.00000000,0.00000000,0.00000000,0.00000000,0.03088217,0.00000000,0.00000000,0.00000000,0.00000000,0.00000000,0.00000000,0.00000000,0.00000000,0.00000000,0.00000000,0.00000000,0.00000000,0.00000000,0.00000000,0.00000000,0.00000000,0.00000000,0.00000000,0.00000000,0.00000000,0.00000000,0.00000000,0.00000000,0.03444208,0.00000000,0.00000000,0.00000000,0.00000000,0.00000000,0.07228075,0.00000000,0.00000000,0.00000000,0.00000000,0.00000000,0.01453217,0.00000000,0.00000000,0.00000000,0.00000000,0.00000000,0.00000000,0.00000000,0.00000000,0.00000000,0.00000000,0.00000000,0.00000000,0.00000000,0.00000000,0.00000000,0.00000000,0.00000000,0.00000000,0.00095397,0.00000000,0.00000000,0.00000000,0.78596595,0.00000000,0.00000000,0.00000000,0.00000000,0.00000000,0.00297902,0.00000000,0.00000000,0.00000000,0.00000000,0.00630452,0.00000000,0.00000000,0.00000000,0.00000000,0.00000000,0.00000000,0.00000000,0.00000000,0.00000000,0.00000000,0.00000000,0.00000000,0.00000000,0.00000000,0.00000000,0.00000000,0.00000000,0.00000000,0.00000000,0.00000000,0.00000000,0.20116578,0.00000000,0.00000000,0.00000000,0.00000000,0.00000000,0.00000000,0.00000000,0.00000000,0.00000000,0.00000000,0.04033546,0.00000000,0.00000000,0.00000000,0.00000000,0.00000000,0.00000000,0.03109964,0.00000000,2.13432367,0.00000000,0.00000000,0.00000000,0.00697585,0.00000000,0.00000000,0.00000000,0.00000000,0.00000000,0.00000000,0.00000000,0.00000000,0.00000000,0.00000000,0.00000000,0.00000000,0.00000000,0.04557349,0.00000000,0.00476734,0.00000000,0.00000000,0.00000000,0.00000000,0.83709010,0.00373471,0.00000000,0.00000000,0.00000000,0.00000000,0.00284775,0.00000000,0.00000000,0.00000000,0.00000000,0.00000000,0.00000000,0.00000000,0.00000000,0.00000000,0.00100713,0.00000000,0.00000000,0.00000000,0.02083696,0.00000000
0.00000000,0.00607757,0.00000000,0.00000000,0.00448041,0.00000000,0.00566538,0.00000000,0.00000000,0.00217902,0.00000000,0.00000000,0.00000000,0.00000000,0.00000000,0.00000000,0.00000000,0.00000000,0.00000000,0.00000000,0.00000000,0.00339469,0.00000000,0.00000000,0.00000000,0.00000000,0.00000000,0.00000000,0.00056860,0.00000000,0.00000000,0.00000000,0.00128548,0.00000000,0.00000000,0.00000000,0.00000000,0.00000000,0.00000000,0.00000000,0.00000000,0.00000000,0.00000000,0.00000000,0.00000000,0.00000000,0.00000000,0.00000000,0.00000000,0.00000000,0.00000000,0.00000000,0.00000000,0.00000000,0.00000000,0.00000000,0.00000000,0.00000000,0.00000000,0.00000000,0.00000000,0.00000000,0.00000000,0.00000000,0.00000000,0.04299786,0.00000000,0.00000000,0.00000000,0.00000000,0.02229460,0.00000000,0.00000000,0.00000000,0.00000000,0.00000000,0.00000000,0.00000000,1.57902061,0.00000000,0.00000000,0.00000000,0.01060158,0.00274714,0.00000000,0.90899528,0.00000000,0.00000000,0.00000000,0.00000000,0.00000000,0.00000000,0.00000000,0.00000000,0.00000000,0.00000000,0.00000000,0.01051172,0.00000000,0.00839636,0.30454395,0.00000000,0.00000000,0.00000000,0.00000000,0.00000000,0.00000000,0.00000000,0.00000000,0.00000000,0.00000000,0.00000000,0.00000000,0.00000000,0.00000000,0.00000000,0.00000000,0.00000000,0.00000000,0.00000000,0.00000000,0.00000000,0.00000000,0.00000000,0.00000000,0.00000000,0.00000000,0.00000000,0.00000000,0.00000000,0.00000000,0.00000000,0.00000000,0.00000000,0.00000000,0.00000000,0.00000000,0.00000000,0.02081530,0.00000000,0.00000000,0.00000000,0.00000000,0.00000000,0.00000000,0.00000000,0.00000000,0.00000000,0.00000000,0.00000000,0.00124635,0.00000000,0.00000000,0.18209133,0.00000000,0.00090663,0.00000000,0.00000000,0.00000000,0.00482560,0.00293009,0.00000000,0.00000000,0.00000000,0.00000000,0.00000000,0.00000000,0.00051053,0.00000000,0.00000000,0.01322879,0.00000000,0.00000000,0.00000000,0.00000000,0.00000000,0.00000000,0.00000000,0.00000000,0.00000000,0.00000000,0.00000000,0.00000000,0.00000000,0.00000000,0.00000000,0.00000000,0.00000000,0.12723293,0.00000000,0.00000000,0.00000000,0.00000000,0.00000000,0.00000000,0.00000000,0.00000000,0.06869977,0.00000000,0.00000000,0.00000000,0.00000000,0.00000000,0.00000000,0.00000000,0.01154670,0.00000000,0.00000000,0.00000000,0.00000000,0.00000000,0.00000000,0.00000000,0.00000000,0.00000000,0.00000000,0.00000000,0.00000000,0.00000000,0.00000000,0.00000000,0.00000000,0.00000000,0.00000000,0.00000000,0.00000000,0.00000000,0.00000000,0.00000000,0.00250179,0.00078078,0.00000000,0.00000000,0.00000000,0.00000000,0.00000000,0.00000000,0.00000000,0.00000000,0.00000000,0.00000000,0.00875163,0.00000000,0.00000000,0.00000000,0.00000000,0.00000000,0.00479127,0.01347860,0.00000000,0.00000000,0.00147391,0.00000000,0.00541202,0.00000000,0.00000000,0.00000000,0.00000000,0.00000000,0.00000000,0.00000000,0.00000000,0.00000000,0.00000000,0.00085199,0.00000000,0.00000000,0.00000000,0.00000000,0.00000000,0.00000000,0.00000000,0.00191931,0.00000000,0.00000000,0.00000000,0.00286983,0.00000000,0.00000000,0.00000000,0.01082951,0.00000000,0.00000000,0.00000000,0.00000000,0.01875353,0.00000000,0.00000000,0.00000000,0.00000000,0.00000000,0.00000000,0.00000000,0.00000000,0.00000000,0.00000000,0.00000000,0.06067432,0.00000000,0.00000000,0.00000000,0.00000000,0.00000000,0.00000000,0.00000000,0.00000000,0.00669971,0.00000000,0.00000000,0.02583198,0.00000000,0.00000000,0.00000000,0.00000000,0.00000000,0.00000000,0.00000000,0.00465666,0.00819888,0.00000000,0.00000000,0.00000000,0.00000000,0.00000000,0.00000000,0.00000000,0.00000000,0.06856216,0.00000000,0.00400505,0.00000000,0.00000000,0.00000000,0.00000000,0.00000000,0.00000000,0.00000000,0.00000000,0.00000000,0.00000000,0.00000000,0.00000000,0.00000000,0.00000000,0.00000000,0.00000000,0.00000000,0.00000000,0.00000000,0.00156230,0.00000000,0.12892513,0.00000000,0.00000000,0.00000000,0.00000000,0.00000000,0.00000000,0.00407380,0.00000000,0.01989055,0.00000000,0.00170158,0.00000000,0.00000000,0.00000000,0.00262261,0.00000000,0.00000000,0.00000000,0.00000000,0.07173556,0.00000000,0.02531118,0.00000000,0.00000000,0.00000000,0.00119472,0.00366248,0.00000000,0.00000000,0.00000000,0.01280768,0.00000000,0.00000000,0.00000000,0.00000000,0.00000000,0.00000000,0.00000000,0.00000000,0.00000000,0.00351878,0.00000000,0.00000000,0.00000000,0.31234267,0.00000000,0.00358065,0.00000000,0.00000000,0.01133477,0.00000000,0.00000000,0.00000000,0.00000000,0.00000000,0.00000000,0.00000000,0.00000000,0.00000000,0.00000000,0.00000000,0.00000000,0.00000000,0.37404558,0.01037681,0.00000000,0.00000000,0.00000000,0.00000000,0.00000000,0.00000000,0.00000000,0.00000000,0.82024974,0.00533662,0.01129166,0.00000000,0.00000000,0.00000000,0.00000000,0.00000000,0.00000000,0.00000000,0.00045678,0.00000000,0.00000000,0.00000000,0.00000000,0.00000000,1.46831185,0.00000000,0.00658570,0.00000000,0.68295256,0.00000000,0.00000000,0.00000000,0.00000000,0.00000000,0.00000000,0.00000000,0.00000000,0.00000000,0.00000000,0.00000000,0.00000000,0.24580078,0.00467986,0.00000000,0.00000000,0.00000000,0.00000000,0.00000000,0.00000000,0.53525770,0.00000000,0.00000000,0.00000000,0.00000000,0.00000000,0.00000000,0.00000000,0.00403065,0.00000000,0.00000000,0.00000000,0.00000000,0.00000000,0.00000000,0.00000000,0.00737839,0.00000000,0.00000000,0.00000000,0.00000000,0.00000000,0.00000000,0.00000000,0.00000000,0.00000000,0.00000000,0.00000000,0.00111053,0.00000000,0.00000000,0.00000000,0.00214945,0.00000000,0.00000000,0.00000000,0.00000000,0.00000000,0.00000000,0.00000000,0.00000000,0.00000000,0.00856723,0.00194370,0.00123075,0.00000000,0.00000000,0.00000000,0.00000000,0.00000000,0.00000000,0.00000000,0.00000000,0.03673164,0.00000000,0.00000000,0.03143067,0.00000000,0.00000000,0.00000000,0.00000000,0.00000000,0.00000000,0.00000000,0.00000000,0.00000000,0.00000000,0.00000000,0.00000000,0.00000000,0.00000000,0.00000000,0.00000000,0.00000000,0.00000000,0.00000000,0.00000000,0.02800876,0.00000000,0.00000000,0.00000000,0.00000000,0.00000000,0.00000000,0.00000000,0.00000000,0.03490016,0.00000000,0.00000000,0.00000000,0.04447558,0.00000000,0.00000000,0.00000000,0.00000000,0.00000000,0.00000000,0.00000000,0.00000000,0.00000000,0.00000000,0.00000000,0.00000000,0.00086939,0.00000000,0.00000000,0.00000000,0.00000000,0.00000000,0.00000000,0.00000000,0.00000000,0.00000000,0.00000000,0.00000000,0.00000000,0.00000000,0.00000000,0.00000000,0.00992265,0.00076862,0.00000000,0.00000000,0.10968524,0.00000000,0.00000000,0.00000000,0.00000000,0.00000000,0.00000000,0.00000000,0.00000000,0.00871240,0.00709352,0.00000000,0.00000000,0.00000000,0.00000000,0.31383320,0.00000000,0.00184799,0.00000000,0.00000000,0.00000000,0.00000000,0.00000000,0.00000000,0.00000000,0.00000000,0.00000000,0.00000000,0.00000000,0.00000000,0.00000000,0.00000000,0.00000000,0.00000000,0.00000000,0.00000000,0.00000000,0.00000000,0.00000000,0.00402112,0.00000000,0.00000000,0.00000000,0.00000000,0.03087312,0.64410416,0.00000000,0.00000000,0.00000000,0.01671722,0.00000000,0.00000000,0.00000000,0.00000000,0.00000000,0.00000000,0.00000000,0.00000000,0.00000000,0.00252559,0.00000000,0.00000000,0.00000000,0.00000000,0.00000000,0.00000000,0.00000000,0.00000000,0.00000000,0.00000000,0.00000000,0.00000000,0.00000000,0.00000000,0.00000000,0.00000000,0.00000000,0.00000000,0.00000000,0.09234451,0.00000000,0.00000000,0.00000000,0.00000000,0.00000000,0.00325011,0.00000000,0.00000000,0.00000000,0.00000000,0.00000000,0.00000000,0.00000000,0.00000000,0.00000000,0.00000000,0.00000000,0.00000000,0.00126662,0.00000000,0.00000000,0.00000000,0.00000000,0.00000000,0.00949910,0.00000000,0.00000000,0.00000000,0.00000000,0.00000000,0.00000000,0.00000000,0.00000000,0.00000000,0.00000000,0.00107196,0.00000000,0.00000000,0.01591583,0.00000000,0.00000000,0.00000000,0.00000000,0.00000000,0.00000000,0.00000000,0.00000000,0.00000000,0.00000000,0.00000000,0.00766618,0.00000000,0.00000000,0.00000000,0.00000000,0.00000000,0.00000000,0.00000000,0.00188571,0.00443314,0.00000000,0.00000000,0.00326706,0.00000000,0.00000000,0.06060126,0.00000000,0.00000000,0.00000000,0.00000000,0.02051454,0.00000000,0.00000000,0.00000000,0.00000000,0.00000000,0.00000000,0.00000000,0.00000000,0.00000000,0.00000000,0.00000000,0.00000000,0.00668927,0.00000000,0.00000000,0.00000000,0.00000000,0.00000000,0.00000000,0.00000000,0.00000000,0.05544643,0.00000000,0.00000000,0.00000000,0.00000000,0.00000000,0.00000000,0.00000000,0.00000000,0.00000000,0.00000000,0.00000000,0.00000000,0.00153317,0.00000000,0.00000000,0.00000000,0.00000000,0.00000000,0.00000000,0.00000000,0.00000000,0.00000000,0.00000000,0.00000000,0.00000000,0.00000000,0.00000000,0.00000000,0.00000000,0.00000000,0.00470141,0.00000000,0.00000000,0.00000000,0.00000000,0.00000000,0.00000000,0.00000000
0.00000000,0.00000000,0.00000000,0.00000000,0.00000000,0.00000000,0.00549808,0.00000000,0.00000000,0.00000000,0.00000000,0.00000000,0.00000000,0.00000000,0.00000000,0.00852526,0.00000000,0.00000000,0.00000000,0.00000000,0.00000000,0.00000000,2.32484331,0.00000000,0.00000000,0.00000000,0.00000000,0.01250973,0.00285472,0.00000000,0.00000000,0.00000000,0.00000000,0.00000000,0.13238611,0.00000000,0.00000000,0.00000000,0.00000000,0.00000000,0.00416844,0.00000000,0.00000000,0.00000000,0.00338624,0.00000000,0.00000000,0.00000000,0.00000000,0.00000000,0.00000000,0.00000000,0.00000000,0.00000000,0.00000000,0.00000000,0.00000000,0.02789583,0.00000000,0.00000000,0.00000000,0.00000000,0.00273513,0.00000000,0.00000000,0.00000000,0.00000000,0.00000000,0.00000000,0.00188023,0.00000000,0.00000000,0.14560490,0.00000000,0.00000000,0.00000000,0.00000000,0.00000000,0.00000000,0.00974510,0.00000000,0.00000000,0.00000000,0.00000000,0.02174029,0.00000000,0.09703383,0.00000000,0.00000000,0.00000000,0.00000000,0.00000000,0.00000000,0.00000000,0.00000000,0.00000000,0.00000000,0.00000000,0.00000000,0.00000000,0.00000000,0.05361350,0.00000000,0.00000000,0.00000000,0.00000000,0.00000000,0.00000000,0.00000000,0.00000000,0.00000000,0.11866172,0.00000000,0.00000000,0.00316148,0.03315667,0.00000000,0.00000000,0.02435579,0.00981465,0.00000000,0.00000000,0.00000000,0.00000000,0.02178516,0.00000000,0.00000000,0.00000000,0.00000000,0.00000000,0.00000000,0.00000000,0.00000000,0.00150612,0.00000000,0.11600498,0.00000000,0.00000000,0.03884690,0.00000000,0.00000000,0.00000000,0.00000000,0.00000000,0.00000000,0.00000000,0.00000000,0.00000000,0.00000000,0.00000000,0.00000000,0.00000000,0.00000000,0.00000000,0.00000000,0.00000000,0.00000000,0.00000000,0.00000000,0.00000000,0.00000000,0.00000000,0.00000000,0.00000000,0.00000000,0.00000000,0.00000000,0.00000000,0.00000000,0.00000000,0.00000000,0.00000000,0.00000000,0.00000000,0.00000000,0.00000000,0.00000000,0.00000000,0.00000000,0.00000000,0.00000000,0.00000000,0.00000000,0.00000000,0.00000000,0.00000000,0.00000000,0.00000000,0.00000000,0.05242306,0.00000000,0.00000000,0.00000000,0.00000000,0.00000000,0.00000000,0.00294044,0.00000000,0.00000000,0.00000000,0.00000000,0.00000000,0.00425481,0.00000000,0.00000000,0.00000000,0.00000000,0.00000000,0.00101107,0.00000000,0.00000000,0.00000000,0.31629630,0.00000000,0.00000000,0.00000000,0.00000000,0.00000000,0.33860242,0.00000000,0.00000000,0.00000000,0.00000000,0.00000000,0.00000000,0.00000000,0.00297391,0.00000000,0.00000000,0.00000000,0.00000000,0.00000000,0.00000000,0.00000000,0.00000000,0.00000000,0.00000000,0.00000000,0.00000000,0.00602088,0.00000000,0.00000000,0.00000000,0.00000000,0.00000000,0.00000000,0.00595825,0.00000000,0.00000000,0.00000000,0.00000000,0.00000000,0.00000000,0.00000000,0.00000000,0.00000000,0.00000000,0.00000000,0.00000000,0.00000000,0.00000000,0.01171879,0.00000000,0.00000000,0.00000000,0.00000000,0.00000000,0.00887694,0.00000000,0.00000000,0.00000000,1.48568768,0.00000000,0.00000000,0.00000000,0.00000000,0.00000000,0.00000000,0.00000000,0.00000000,0.00135594,0.00000000,0.00000000,0.00000000,0.01875353,0.00000000,0.00000000,0.00000000,0.00000000,0.00000000,0.00000000,0.00000000,0.00000000,0.00000000,0.00000000,0.00000000,0.00000000,0.00000000,0.00000000,0.00000000,0.00000000,0.00000000,0.00000000,0.00000000,0.00000000,0.02810072,0.00000000,0.22904305,0.00000000,0.00000000,0.00000000,0.00000000,0.00000000,0.00000000,0.00000000,0.00000000,0.09371058,0.00000000,0.00000000,0.00000000,0.01214890,0.00000000,0.00000000,0.00000000,0.00000000,0.00000000,0.00000000,0.00000000,0.15912218,0.00000000,0.00000000,0.00000000,0.00000000,0.01719892,0.00457083,0.00000000,0.00000000,0.01040870,0.00000000,0.00000000,0.00000000,0.00000000,0.00000000,0.00000000,0.00000000,0.00000000,0.00220452,0.00000000,0.00000000,0.00000000,0.00000000,0.00000000,0.00000000,0.00000000,0.00000000,0.00000000,0.00000000,0.00000000,0.00000000,0.00000000,0.00000000,0.00000000,0.00000000,0.00000000,0.00000000,0.00000000,0.00150291,0.00000000,0.00000000,0.00000000,0.00000000,0.00000000,0.00000000,0.00000000,0.00000000,0.00000000,0.01687645,0.00000000,0.00000000,0.00000000,0.00508811,0.00000000,0.02450999,0.00000000,0.00000000,0.00484274,0.00000000,0.00000000,0.00506452,0.00000000,0.00000000,0.02468186,0.00000000,0.00000000,0.00000000,0.00000000,0.00000000,0.00172747,0.00000000,0.00000000,0.00000000,0.00000000,0.00000000,0.00263289,0.00000000,0.03911428,0.00000000,0.00000000,0.00000000,0.00000000,0.00000000,0.00000000,0.00000000,0.00000000,0.00000000,0.00000000,0.00000000,0.00000000,0.00000000,0.00000000,0.00000000,0.00331496,0.00000000,0.00000000,0.00000000,0.00000000,0.00000000,0.00474081,0.00000000,0.00000000,0.00000000,0.00000000,0.14983459,0.00000000,0.00000000,0.00000000,0.00000000,0.00000000,0.00000000,0.00000000,0.00000000,0.00391723,0.00000000,0.00000000,0.00000000,0.00000000,0.00100276,0.00000000,0.00563115,0.00000000,0.00000000,0.01343561,0.00000000,0.00000000,0.00000000,0.00336725,0.00000000,0.00000000,0.00000000,0.00000000,0.00000000,0.00000000,0.00000000,0.00000000,0.00000000,0.00247795,0.00000000,0.00000000,0.00000000,0.00000000,0.00000000,0.00000000,0.00000000,0.00000000,0.00000000,0.00000000,0.00000000,0.00000000,0.00000000,0.00000000,0.00000000,0.00000000,0.00000000,0.00000000,0.00000000,0.00000000,0.00000000,0.00000000,0.00000000,0.00183399,0.00000000,0.00000000,0.00000000,0.00000000,0.00000000,0.00000000,0.00000000,0.00000000,0.00000000,0.00000000,0.00000000,0.00000000,0.00000000,0.00000000,0.00000000,0.00000000,0.00000000,0.03021904,0.00000000,0.00000000,0.00000000,0.00000000,0.00000000,0.00000000,0.00000000,0.00000000,0.00480384,0.00000000,0.00000000,0.00000000,0.00000000,0.00000000,0.00000000,0.00000000,0.00262991,0.00260508,0.00000000,0.00063619,0.00000000,0.00000000,0.00000000,0.00000000,0.00000000,0.00000000,0.00000000,0.00649074,0.00000000,0.00000000,0.00000000,0.00000000,0.00000000,0.00000000,0.32017587,0.00046510,0.00000000,0.00000000,0.00000000,0.00073081,0.00000000,0.00946307,0.00000000,0.00000000,0.00000000,0.00000000,0.00000000,0.00000000,0.00000000,0.00000000,0.00906354,0.00356885,0.00000000,0.00000000,0.00000000,0.00000000,0.00000000,0.00000000,0.00000000,0.00000000,0.00000000,0.00000000,0.00000000,0.00000000,0.00083189,0.00000000,0.00000000,0.00000000,0.00000000,0.00000000,0.00000000,0.00342531,0.00000000,0.00000000,0.00579929,0.00000000,0.00000000,0.00000000,0.00000000,0.00000000,0.00683890,0.06253474,0.00000000,0.00000000,0.00399770,0.00000000,0.00586645,0.00000000,0.55074091,0.01088103,0.00000000,0.00000000,0.00000000,0.00000000,0.00000000,0.00000000,0.00000000,0.00038736,0.00000000,0.00000000,0.00000000,0.00000000,0.00000000,0.00000000,0.00000000,0.00000000,0.00000000,0.00000000,0.00000000,0.00000000,0.00000000,0.00000000,0.00000000,0.00000000,0.00112873,0.00000000,0.00000000,0.00000000,0.00000000,0.00000000,0.00000000,0.00000000,0.00000000,0.30119013,0.05141238,0.00000000,0.00000000,0.00000000,0.00000000,0.00000000,0.00000000,0.00682461,0.00000000,0.00000000,0.01912487,0.00000000,0.00000000,0.00115548,0.00000000,0.00000000,0.00000000,0.00000000,0.00000000,0.00000000,0.00000000,0.00000000,0.00000000,0.00000000,0.01588164,0.00000000,0.00000000,0.00000000,0.00000000,0.00000000,0.08803219,0.00000000,0.00000000,0.00000000,0.00000000,0.00000000,0.00000000,0.00000000,0.00000000,0.02535005,0.00000000,0.00000000,0.00000000,0.00000000,0.00000000,0.00000000,0.00000000,0.00000000,0.00000000,0.00000000,0.00000000,0.00409286,0.00495035,0.00000000,0.00000000,0.00000000,0.00000000,0.00000000,0.01619746,0.00000000,0.00000000,0.00000000,0.00000000,0.00000000,0.00000000,0.00000000,0.00000000,0.00000000,0.00000000,0.00000000,0.00000000,0.00000000,0.00000000,0.00000000,0.00000000,0.00393888,0.00000000,0.00000000,0.00000000,0.00000000,0.00000000,0.00000000,0.00142565,0.00000000,0.00000000,0.00000000,0.00000000,0.01720125,0.00000000,0.00446245,0.00000000,0.00000000,0.00000000,0.00000000,0.00000000,0.00000000,0.00000000,0.00000000,0.00000000,0.00000000,0.12968404,0.00000000,0.82995621,0.00256586,0.00000000,0.00000000,0.00000000,0.00000000,0.00000000,0.00000000,0.00000000,0.00000000,0.00000000,0.00000000,0.00000000,0.00000000,0.00000000,0.00519279,0.00000000,0.00000000,0.00000000,0.00000000,0.00000000,0.00000000,0.00000000,0.00000000,0.00000000,0.00000000,0.00000000,0.00000000,0.00000000,0.00000000,0.02495353,0.00000000,0.00000000,0.00000000,0.00000000,0.00000000,0.00000000,0.00000000,0.00000000,0.00000000,0.00000000,0.00000000,0.00000000,0.00000000,0.00000000,0.00000000,0.00000000,0.00000000,0.00000000,0.00000000,0.00000000,0.00092659,0.00000000,0.00000000,0.00000000,0.00000000,0.00000000,0.00000000,0.00000000,0.00000000,0.00000000,0.00900076,0.00000000,0.00000000,0.00133505,0.00000000
0.00000000,0.00000000,0.00000000,0.00000000,0.00000000,0.00000000,0.00000000,0.00000000,0.00000000,0.00000000,0.00000000,0.00000000,0.00000000,0.00000000,0.00000000,0.00000000,0.00103624,0.00000000,0.00000000,0.00000000,0.00000000,0.00000000,0.00000000,0.00000000,0.00000000,0.00000000,0.00000000,0.00000000,0.11060093,0.00000000,0.00000000,0.00000000,0.00476151,2.68344127,0.00000000,0.00000000,0.00000000,0.00000000,0.00000000,0.00000000,0.00000000,0.00000000,0.00000000,0.00000000,0.00000000,0.00000000,0.00346940,0.00000000,0.00000000,0.00000000,0.00000000,0.00000000,0.00000000,0.00000000,0.00000000,0.00000000,0.00000000,0.00000000,0.00000000,0.00000000,0.00620405,0.00367110,0.01312081,0.00000000,0.00000000,0.00000000,0.00000000,0.00000000,0.00000000,0.00000000,0.00000000,0.00000000,0.00000000,0.00000000,0.00000000,0.00000000,0.00000000,0.00000000,0.00000000,0.00000000,0.00000000,0.00000000,0.00000000,0.00000000,0.00000000,0.00000000,0.00000000,0.00000000,0.00000000,0.00000000,0.00000000,0.00000000,0.00000000,0.03623074,0.00000000,0.00000000,1.82605177,0.00000000,0.06237689,0.00000000,0.06098984,0.00000000,0.00000000,0.00000000,0.00668269,0.00000000,0.00000000,0.00000000,0.00000000,0.00000000,0.00000000,0.00000000,0.00000000,0.00000000,0.00000000,0.00652172,0.00000000,0.00000000,0.00735594,0.00000000,0.00000000,0.00000000,0.00000000,0.00000000,0.00000000,0.00000000,0.00000000,0.00000000,0.00000000,0.00000000,0.00000000,0.00330799,0.00000000,0.00000000,0.00000000,0.00000000,0.00000000,0.00306748,0.00000000,0.00000000,0.00000000,0.00000000,0.00000000,0.00000000,0.00000000,0.00000000,0.00000000,0.00000000,0.00000000,0.00000000,0.00000000,0.02127705,0.00000000,0.00000000,0.00000000,0.00000000,0.00000000,0.00000000,0.00000000,0.00000000,0.00000000,0.00000000,0.00000000,0.00000000,0.00000000,0.00000000,0.00000000,0.00000000,0.02457551,0.00000000,0.00000000,0.00000000,0.00000000,0.00000000,0.00000000,0.00000000,0.00000000,0.00000000,0.00000000,0.00000000,0.00000000,0.00000000,0.00000000,0.00000000,0.00000000,0.00709495,0.00000000,0.00000000,0.00000000,0.00000000,0.00000000,0.00000000,0.00000000,0.02180836,0.00000000,0.00000000,0.00000000,0.00000000,0.00000000,0.00000000,0.00000000,0.00000000,0.00000000,0.04981824,0.00000000,0.00274655,0.00000000,0.00000000,0.00000000,0.00000000,0.00000000,0.00000000,0.00000000,0.00000000,0.00000000,0.00000000,0.00000000,0.00000000,0.00000000,0.00000000,0.00000000,0.00000000,0.00000000,0.00000000,0.00000000,0.00000000,0.00000000,0.00000000,0.00000000,0.00000000,0.00000000,0.00000000,0.00000000,0.00000000,0.00000000,0.00000000,0.00000000,0.00000000,0.00000000,0.00000000,0.00000000,0.00000000,0.00000000,0.00000000,0.00000000,0.00000000,0.00000000,0.00000000,0.00000000,0.00000000,0.00000000,0.00398532,0.00000000,0.00000000,0.01820536,0.00000000,0.02650161,0.00000000,0.00000000,0.00000000,0.00000000,0.00000000,0.04416676,0.00400389,0.00000000,0.00000000,0.00000000,0.00000000,0.00000000,0.00000000,0.00655647,0.03119579,0.00000000,0.00000000,0.00000000,0.00000000,0.00000000,0.00000000,0.00000000,0.00095879,0.00000000,0.00000000,0.00000000,0.00000000,0.00000000,0.00000000,0.00000000,0.00000000,0.00000000,0.00000000,0.00000000,0.00000000,0.00111869,0.00000000,0.00000000,0.00968627,0.00000000,0.00000000,0.00000000,0.00000000,0.00000000,0.00000000,0.00647152,0.00000000,0.00000000,0.04068734,0.00000000,0.00000000,0.00000000,0.00000000,0.00000000,0.02490036,0.00000000,0.00000000,0.00000000,0.00000000,0.00081232,0.00000000,0.31080022,0.00000000,0.00000000,0.00000000,0.00000000,0.11742365,0.00000000,0.00000000,0.50637425,0.00000000,0.00000000,0.00232955,0.00000000,0.00000000,0.00000000,0.00222662,0.00062232,0.00072724,0.00000000,0.02200649,0.00000000,0.00000000,0.00000000,0.00212825,0.00000000,0.00000000,0.00000000,0.00000000,0.00000000,0.09284159,0.00000000,0.00000000,0.00000000,0.00000000,0.00000000,0.00000000,0.00000000,0.00318012,0.00000000,0.00000000,0.00000000,0.00000000,0.00000000,0.00000000,0.00000000,0.03612448,0.00000000,0.00000000,0.00000000,0.00000000,0.00000000,0.00000000,0.00000000,0.00000000,0.00000000,0.00000000,0.00000000,0.00000000,0.00000000,0.00000000,0.03915983,0.00000000,0.00000000,0.00000000,0.00000000,0.00000000,0.00000000,0.01032563,0.00000000,0.00000000,0.00000000,0.02879523,0.00000000,0.00000000,0.00000000,0.00000000,0.00000000,0.00000000,0.00000000,0.00000000,0.00000000,0.00000000,0.00000000,0.00000000,0.00000000,0.00000000,0.00000000,0.04518894,0.00000000,0.00000000,0.00000000,0.00000000,0.00000000,0.00000000,0.00000000,0.00000000,0.00000000,0.00000000,0.00000000,0.00000000,0.00000000,0.00000000,0.00000000,0.00000000,0.00000000,0.02996525,0.00000000,0.00000000,0.00000000,0.00000000,0.01414843,0.00000000,0.00000000,0.00000000,0.00000000,0.00000000,0.00376713,0.00000000,0.00000000,0.00000000,0.00000000,0.00000000,0.00000000,0.00000000,0.00000000,0.00774615,0.00000000,0.00000000,0.00000000,0.00000000,0.00000000,0.00000000,0.00000000,0.00000000,0.00000000,0.00000000,0.00000000,0.00000000,0.00000000,0.36691392,0.00000000,0.00000000,0.00000000,0.00000000,0.00000000,0.00107636,0.00000000,0.00000000,0.00000000,0.01470424,0.00000000,0.00000000,0.00000000,0.00000000,0.00000000,0.00000000,0.00000000,0.00000000,0.00799277,0.00000000,0.00621823,0.00000000,0.00000000,0.00000000,0.00000000,0.00000000,0.00000000,0.00000000,0.00000000,0.00000000,0.01368655,0.00000000,0.00000000,0.00000000,0.00000000,0.00000000,0.00000000,0.00000000,0.00000000,0.00000000,0.00000000,0.00000000,0.00000000,0.00000000,0.00000000,0.00000000,0.01142053,0.00000000,0.00000000,0.00000000,0.00000000,0.00000000,0.00560516,0.00000000,0.00424782,0.00000000,0.00000000,0.00000000,0.00000000,0.00000000,0.00000000,0.00000000,0.00000000,0.00000000,0.00000000,0.01219543,0.00000000,0.00000000,0.00000000,0.00000000,0.00000000,0.00000000,0.00000000,0.00000000,0.00000000,0.02983624,0.00000000,0.00000000,0.00000000,0.00000000,0.00000000,0.00000000,0.00000000,0.00000000,0.00000000,0.00170308,0.00000000,0.00000000,0.00000000,0.00000000,0.00000000,0.00000000,0.00000000,0.00000000,0.00000000,0.00000000,0.00000000,0.00000000,0.00534156,0.00000000,0.00000000,0.00000000,0.00000000,0.00000000,0.00000000,0.00000000,0.00062626,0.00000000,0.00000000,0.00000000,0.00000000,0.00000000,0.00202862,0.00000000,0.00000000,0.00000000,0.00000000,0.00447812,0.00000000,0.00000000,0.00000000,0.00000000,0.00000000,0.00000000,0.00396135,0.00000000,0.00000000,0.00000000,0.00000000,0.00000000,0.00000000,0.00000000,0.00000000,0.00000000,0.00000000,0.01813739,0.00000000,0.00000000,0.00000000,0.00000000,0.00000000,0.00193832,0.00000000,0.00957781,0.00000000,0.00000000,0.00000000,0.00000000,0.00000000,0.00000000,0.00000000,0.00000000,0.00000000,0.00996999,0.00000000,0.00000000,0.00000000,0.00000000,0.00000000,0.00000000,0.00789519,0.00000000,0.00000000,0.01221804,0.00000000,0.00000000,0.00000000,0.00000000,0.00000000,0.00000000,0.00000000,0.00000000,0.00000000,0.00000000,0.00000000,0.00000000,0.01223411,0.00000000,0.00000000,0.00000000,0.00000000,0.00000000,0.00000000,0.00000000,0.00000000,0.12634952,0.00144932,0.00000000,0.00000000,0.00000000,0.00000000,0.00000000,0.00000000,0.00506593,0.00000000,0.00000000,0.00000000,0.00000000,0.00000000,0.00000000,0.00000000,0.00000000,0.00684357,0.00000000,0.00000000,0.00000000,0.00000000,0.00252555,0.00000000,0.00000000,0.00104148,0.00000000,0.00000000,0.13684224,0.03226036,0.00000000,0.01224938,0.00000000,0.00000000,0.00000000,0.00000000,0.00000000,0.00000000,0.00000000,0.00000000,0.00000000,0.00000000,0.00000000,0.03787497,0.00000000,0.00000000,0.00000000,0.00000000,0.00000000,0.00000000,0.00000000,0.00000000,0.00000000,0.00000000,0.00000000,0.00000000,0.00000000,0.00000000,0.00000000,0.00000000,0.00000000,0.00000000,0.00000000,0.00000000,0.00000000,0.00000000,0.00199014,0.00000000,0.00000000,0.00207620,0.00000000,0.00000000,0.00000000,0.00000000,0.00000000,0.00000000,0.00000000,0.00000000,0.00000000,0.00000000,0.00000000,0.90665368,0.00000000,0.00501448,0.00000000,0.00000000,0.00629534,0.02375795,0.00000000,0.00000000,0.00609900,0.00000000,0.00000000,0.00000000,0.00432556,0.07387246,0.00000000,0.00000000,0.00000000,0.00000000,0.00000000,0.00000000,0.00000000,0.00000000,0.00000000,0.00000000,0.01179843,0.00000000,0.00000000,0.00204213,0.00000000,0.00000000,0.00000000,0.00000000,0.00000000,0.29315834,0.00000000,0.00000000,0.00349572,0.00000000,0.01822278,0.00000000,0.00000000,0.00000000,0.00000000,0.05664299,0.00000000,0.00000000,0.00000000,0.37869564,0.00098304,0.00000000,0.00000000,0.00000000,0.00000000,0.00000000,0.00000000,0.00000000,0.00000000,0.00000000,0.00090207,0.00000000,0.00000000,0.00000000,0.11694485,0.00000000,0.00000000,0.00000000,0.03618487,0.00000000,0.00000000,0.00000000,0.00513639,0.00234842,0.02631637,0.00000000,0.00000000
0.00000000,0.00000000,0.00000000,0.00451044,0.00000000,0.00000000,0.00000000,0.00000000,0.00324904,0.00000000,0.00000000,0.00000000,0.00000000,0.00000000,0.00000000,0.00000000,0.00000000,0.00000000,0.00000000,0.00000000,0.00000000,0.00000000,0.00000000,0.47947883,0.00000000,0.00000000,0.00000000,0.00000000,0.00000000,0.02269826,0.00000000,0.00000000,0.00000000,0.00000000,0.00000000,0.00344384,0.00000000,0.00000000,0.00000000,0.00000000,0.00000000,0.00000000,0.00000000,0.00000000,0.02727956,0.00000000,0.00000000,0.00000000,0.00000000,0.00000000,0.00000000,0.00000000,0.02622752,0.00000000,0.00000000,0.00000000,0.00000000,0.00000000,0.00000000,0.00000000,0.00000000,0.00000000,0.00000000,0.00000000,0.00000000,0.00000000,0.00000000,0.00000000,0.00000000,0.00000000,0.00000000,0.00000000,0.00000000,0.00000000,0.00000000,0.00000000,0.00000000,0.00000000,0.00000000,0.00000000,0.00000000,0.00000000,0.00000000,0.00000000,0.00000000,0.00000000,0.00000000,0.00000000,0.00656844,0.00615290,0.00000000,0.00286814,0.00000000,0.00482738,0.00183766,0.00000000,0.00000000,0.00000000,0.00000000,0.00000000,0.00000000,0.00000000,0.00000000,0.00000000,0.00000000,0.00000000,0.00000000,0.00000000,0.00000000,0.00000000,0.00000000,0.00438356,0.00000000,0.00268821,0.00000000,0.00584396,0.00000000,0.00000000,0.00000000,0.00137483,0.00000000,0.00000000,0.00000000,0.00541305,0.03957947,0.00000000,0.00000000,0.00000000,0.00000000,0.00778896,0.00000000,0.00000000,0.00000000,0.00000000,0.00000000,0.01125240,0.00000000,0.00000000,0.00000000,0.20729273,0.00000000,0.00000000,0.00000000,0.00000000,0.00000000,0.00000000,0.00000000,0.33817447,0.00000000,0.00000000,0.00000000,0.00000000,0.00000000,0.00000000,0.00000000,0.00000000,0.00000000,0.00000000,0.00000000,0.00000000,0.00000000,0.00000000,0.00000000,0.00000000,0.00000000,0.00000000,0.00353086,0.00000000,0.00000000,0.00000000,0.00000000,0.00000000,0.00434462,0.00000000,0.00000000,0.00000000,0.00000000,0.00000000,0.00000000,0.00000000,0.00000000,0.00000000,0.01706032,0.01823702,0.00000000,0.00000000,0.00000000,0.00000000,0.00000000,0.00000000,0.00000000,0.00000000,0.00000000,0.00000000,0.00000000,0.00000000,0.01628628,0.00000000,0.00000000,0.00655539,0.00000000,0.00000000,0.00000000,0.00000000,0.00000000,0.00000000,0.00095021,0.00000000,0.00000000,0.00000000,0.00000000,0.00053085,0.00000000,0.03227786,0.00000000,0.00000000,0.00309475,0.00000000,0.00000000,0.00000000,0.00000000,0.00000000,0.00000000,0.02939484,0.00000000,0.00000000,0.00000000,0.10009704,0.00000000,0.00000000,0.00000000,0.00000000,0.01124411,0.00000000,0.00000000,0.00000000,0.00000000,0.00000000,0.05443720,0.00000000,0.00000000,0.00000000,0.00000000,0.00000000,0.00000000,0.00000000,0.00000000,0.00000000,0.00000000,0.06479581,0.00000000,0.00000000,0.00000000,0.01334986,0.02363176,0.00000000,0.00000000,0.00000000,0.00000000,0.00000000,0.00000000,0.00000000,0.00644235,0.00000000,0.01165063,0.00000000,0.00000000,0.00000000,0.00000000,0.00000000,0.00000000,0.00480012,0.00000000,0.00000000,0.00000000,0.00000000,0.00000000,0.00000000,0.00000000,0.06483053,0.00000000,0.00000000,0.00000000,0.00000000,0.00000000,0.00000000,0.00000000,0.00000000,0.00000000,0.00000000,0.00000000,0.00000000,0.00000000,0.00346595,0.00000000,0.00000000,0.00000000,0.00000000,0.00000000,0.00000000,0.00000000,0.00000000,0.00000000,0.00000000,0.01359291,0.00000000,0.00000000,0.00000000,0.00000000,0.00000000,0.00219841,0.00000000,0.00000000,0.00000000,0.00000000,0.00000000,0.00000000,0.00000000,0.00000000,0.00000000,0.00300595,0.00000000,0.00000000,0.00000000,0.00000000,0.00000000,0.00000000,0.00000000,0.00000000,0.00000000,0.00000000,0.00000000,0.00000000,0.00000000,0.00000000,0.00000000,0.00000000,0.00000000,0.00000000,0.00069089,0.00228213,0.00000000,0.00000000,0.00000000,0.00000000,0.00000000,0.00000000,0.00000000,0.00000000,0.00000000,0.00000000,0.00000000,0.00000000,0.00000000,0.02019682,0.00240341,0.00000000,0.00000000,0.00000000,0.02262071,0.00000000,0.00000000,0.00000000,0.00000000,0.00000000,0.00000000,0.00000000,0.00000000,1.40907208,0.00000000,0.00000000,0.00000000,0.00000000,0.00000000,0.02336823,0.00000000,0.00000000,0.00000000,0.00000000,0.00564355,0.00000000,0.00000000,0.00000000,0.00000000,0.00000000,0.00000000,0.00000000,0.00000000,0.00000000,0.00000000,0.00000000,0.00000000,0.00000000,0.00000000,0.00000000,0.00000000,0.00000000,0.00000000,0.00000000,0.00000000,0.00000000,0.00000000,0.00058600,0.26226945,0.00000000,0.00000000,0.00000000,0.00000000,0.00000000,0.00000000,0.01824064,0.00280817,0.01694163,0.00000000,0.00000000,0.00000000,0.00000000,0.00000000,0.00000000,0.00000000,0.00000000,0.00000000,0.00000000,0.00000000,0.00000000,0.00000000,0.00000000,0.00000000,0.00000000,0.00000000,0.00161654,0.00000000,0.00000000,0.00000000,0.00000000,0.00000000,0.00000000,0.00000000,0.00000000,0.00000000,0.00000000,0.00086828,0.00000000,0.00000000,0.00489429,0.00000000,0.00000000,0.00000000,0.00000000,0.00000000,0.00000000,0.00000000,0.01103052,0.00000000,0.00000000,0.00000000,0.00000000,0.00000000,0.00000000,0.00000000,0.00000000,0.00000000,0.00000000,0.00000000,0.00000000,0.00000000,0.00000000,0.01156221,0.00000000,0.00000000,0.00000000,0.00000000,0.00000000,0.00000000,0.00251570,0.00000000,0.00000000,0.00000000,0.00000000,0.00000000,0.42374899,0.00000000,0.00000000,0.00118146,0.00000000,0.00000000,0.00000000,0.00000000,0.00000000,0.26151327,0.00000000,0.00000000,0.00000000,0.00000000,0.03411624,0.00000000,0.02914336,0.00000000,0.00000000,0.00452059,0.00000000,0.00000000,0.00199128,0.00000000,0.01003219,0.01595700,0.00000000,0.00000000,0.00277346,0.00000000,0.00000000,0.00000000,0.00000000,0.00000000,0.00000000,0.10430397,0.00000000,0.00000000,0.00000000,0.00000000,0.00000000,0.00000000,0.00000000,0.00000000,0.00000000,0.00278815,0.11828070,0.00000000,0.00000000,0.00897210,0.00000000,0.00000000,0.00000000,0.00000000,0.00000000,0.00000000,0.00000000,0.00000000,0.00000000,0.02603391,0.00000000,0.00000000,0.00000000,0.00000000,0.00000000,0.00000000,0.00000000,0.83843587,0.00000000,0.00000000,0.00000000,0.00000000,0.00000000,0.00000000,0.00000000,0.00000000,0.00000000,0.00000000,0.03768362,0.00000000,0.00000000,0.00000000,0.00000000,0.00000000,0.02607545,0.00000000,0.03704516,0.00000000,0.00000000,0.00000000,0.00000000,0.00000000,0.00000000,0.00115188,0.00000000,0.06881984,0.00000000,0.00000000,0.00000000,0.00000000,0.02215137,0.00000000,0.00000000,0.00000000,0.00000000,0.00000000,0.00689085,0.00000000,0.00000000,0.00000000,0.00000000,0.00000000,0.00000000,0.00000000,0.00000000,0.00000000,0.00000000,0.00000000,0.00000000,0.00000000,0.00000000,0.00000000,0.00000000,0.00168218,0.00000000,0.00000000,0.00000000,0.00000000,0.00000000,0.00000000,0.00000000,0.00000000,0.00000000,0.02052734,0.00000000,0.00000000,0.00000000,0.00000000,0.00000000,0.00000000,0.00000000,0.00000000,0.00000000,0.00000000,0.00000000,0.00000000,0.00000000,0.00000000,0.00000000,0.00000000,0.00000000,0.00000000,0.00000000,0.00506708,0.00000000,0.01065189,0.01147733,0.00000000,0.00000000,0.00000000,0.00000000,0.00000000,0.06063719,0.01144228,0.00000000,0.00000000,0.00000000,0.00000000,0.00000000,0.00000000,0.00000000,0.00000000,0.00000000,0.00000000,0.00000000,0.00000000,0.00000000,0.00000000,0.00000000,0.00000000,0.00000000,0.00000000,0.00000000,0.00224354,0.00000000,0.00000000,0.06980796,0.00352280,0.00000000,0.00000000,0.00000000,0.00000000,0.00000000,0.00000000,0.00000000,0.01028192,0.00000000,0.00169327,0.00000000,0.00000000,0.00000000,0.00000000,0.00000000,0.00000000,0.00000000,0.00000000,0.00000000,0.00000000,0.00000000,0.00000000,0.00000000,0.00000000,0.00000000,0.00000000,0.00000000,0.00000000,0.00000000,0.00000000,0.00000000,0.00000000,0.00000000,0.00000000,0.00000000,0.00000000,0.00000000,0.00000000,0.00000000,0.00000000,0.00000000,0.00000000,0.00000000,0.00000000,0.00000000,0.01711560,0.00000000,0.00980080,0.00000000,0.00000000,0.00000000,0.00000000,0.00000000,0.00000000,0.00000000,0.00000000,0.00000000,0.00000000,0.00000000,0.00000000,0.00000000,0.00000000,0.00000000,0.63852121,0.00532420,0.00000000,0.00000000,0.00000000,0.00000000,0.00000000,0.00470032,0.00000000,0.00443548,0.00000000,0.00000000,0.00000000,0.00000000,0.02006317,0.00000000,0.00000000,0.00000000,0.00000000,0.00000000,0.00000000,0.00000000,0.00000000,0.00000000,0.00000000,0.00000000,0.00000000,0.00000000,0.00000000,0.00000000,0.00000000,0.00000000,0.00000000,0.00000000,0.00000000,0.00000000,0.02023535,0.00000000,0.02518882,0.01120416,0.00000000,0.00000000,0.00000000,0.00000000,0.00000000,0.00000000,0.00000000,0.00131663,0.00000000,0.00000000,0.00000000,0.00000000,0.00000000,0.00000000,0.00000000,0.00000000,0.00000000,0.00644395,0.00000000,0.00000000,0.00000000,0.00000000,0.00000000,0.00000000,0.04019592,0.00000000,0.00000000,0.00000000,0.00000000
0.00000000,0.00000000,0.00000000,0.00000000,0.00000000,0.00000000,0.00000000,0.00000000,0.00000000,0.00000000,0.00000000,0.00000000,0.02085635,0.00282557,0.00000000,0.00000000,0.00000000,0.00000000,0.00000000,0.00000000,0.03325801,0.00000000,0.00000000,0.00000000,0.00000000,0.00000000,0.00000000,0.00000000,0.00000000,0.00000000,0.00000000,0.00000000,0.00000000,0.00000000,0.00000000,0.00000000,0.00000000,0.00092673,0.00000000,0.00000000,0.00000000,0.00000000,0.00000000,0.00000000,0.00000000,0.00000000,0.00000000,0.00000000,0.00000000,0.00000000,0.00000000,0.00000000,0.00000000,0.00000000,0.00000000,0.00000000,0.00000000,0.00000000,0.00000000,0.00000000,0.00000000,0.00000000,0.00000000,0.00000000,0.00000000,0.00000000,0.00000000,0.00386877,0.00000000,0.00000000,0.00000000,0.00000000,0.00000000,0.00000000,0.00000000,0.00000000,0.00000000,0.00000000,0.00000000,0.00000000,0.00000000,0.04270742,0.00000000,0.00000000,0.00000000,0.00000000,0.00000000,0.00000000,0.00000000,0.00000000,0.00000000,0.00000000,0.00000000,0.00000000,0.00000000,0.00000000,0.00000000,0.00000000,0.00000000,0.00000000,0.00000000,0.00000000,0.00000000,0.00000000,0.09195414,0.00000000,0.00000000,0.00000000,0.00000000,0.00000000,0.00000000,0.00000000,0.00000000,0.00184521,0.00000000,0.00000000,0.00000000,0.00000000,0.00000000,0.00000000,0.02143642,0.00000000,0.00000000,0.00000000,0.00000000,0.00000000,0.00000000,0.00528173,0.00000000,0.00000000,0.00000000,0.00000000,0.00204100,0.00000000,0.00000000,0.00000000,0.00000000,0.00000000,0.00000000,0.06413609,0.00000000,0.00000000,0.00000000,0.00000000,0.00350284,0.00000000,0.00000000,0.00000000,0.00000000,0.00000000,0.00000000,0.00000000,0.00000000,0.00000000,0.00000000,0.00000000,0.00000000,0.00000000,0.00000000,0.00000000,0.00000000,0.00000000,0.00000000,0.00000000,0.00000000,0.00000000,0.00000000,0.02906660,0.00000000,0.00000000,0.00000000,0.00000000,0.00000000,0.00000000,0.00000000,0.00000000,0.00000000,0.00000000,0.00000000,0.00000000,0.00000000,0.00000000,0.00000000,0.00000000,0.00000000,0.00000000,0.00167571,0.00000000,0.00644235,0.00000000,0.00000000,0.00000000,0.00000000,0.00071626,0.00000000,0.00000000,0.00000000,0.00000000,0.00000000,0.00000000,0.02833812,0.00000000,0.00000000,0.00000000,0.00000000,0.00000000,0.00000000,0.00000000,0.00000000,0.00000000,0.00000000,0.00000000,0.00000000,0.00000000,0.00000000,0.00000000,0.00000000,0.00000000,0.00000000,0.00526816,0.00841731,0.00000000,0.00000000,0.00000000,0.00000000,0.00000000,0.00000000,0.00000000,0.00000000,0.00000000,0.00000000,0.00000000,0.00000000,0.00367922,0.00000000,0.01558238,0.00000000,0.00000000,0.00000000,0.00000000,0.00000000,0.00000000,0.00000000,0.00000000,0.00000000,0.00000000,0.00000000,0.00000000,0.00000000,0.07389739,0.00000000,0.00000000,1.75626225,0.00000000,0.00000000,0.00000000,0.00000000,0.01046237,0.00000000,0.00000000,0.00000000,0.00000000,0.00000000,0.00000000,0.00000000,0.00000000,0.00000000,0.00000000,0.00000000,0.00499974,0.00000000,0.00203417,0.00979720,0.00000000,0.00000000,0.00000000,0.00000000,0.00540124,0.02171765,0.00000000,0.00112173,0.02970426,0.00000000,0.00000000,0.00000000,0.00000000,0.00000000,0.00000000,0.00000000,0.00000000,0.00000000,0.01383316,0.00000000,0.00000000,0.00000000,0.00000000,0.00000000,0.00602556,0.14442186,0.00000000,0.00000000,0.00000000,0.00000000,0.00000000,0.00000000,0.00000000,0.00000000,0.00000000,0.00000000,0.00000000,0.00123278,0.00000000,0.00000000,0.00000000,0.00000000,0.00369748,0.00359765,0.00000000,0.00000000,0.00000000,0.00000000,0.00000000,0.00000000,0.00000000,0.00000000,0.00000000,0.00000000,0.00000000,0.00000000,0.00000000,0.00000000,0.00000000,0.00000000,0.00000000,0.00000000,0.00000000,0.00000000,0.00000000,0.00000000,0.00000000,0.00000000,0.00000000,0.00000000,0.00000000,0.00000000,0.00000000,0.00000000,0.00000000,0.00000000,0.00000000,0.00000000,0.00000000,0.03669612,0.00000000,0.00000000,0.00000000,0.00000000,0.00000000,0.00000000,0.00000000,0.00000000,0.00000000,0.00000000,0.00000000,0.00000000,0.00000000,0.00000000,0.00000000,0.00000000,0.00000000,0.00000000,0.21674083,0.00000000,0.00000000,0.00000000,0.00000000,0.00000000,0.00000000,0.00000000,0.00000000,0.00000000,0.00000000,0.00000000,0.00585989,0.00000000,0.00883680,0.00000000,0.00557086,0.00000000,0.00000000,0.00000000,0.00000000,0.00000000,0.00192571,0.00000000,0.00000000,0.00000000,0.00000000,0.00000000,0.00000000,0.00000000,0.00000000,0.00000000,0.00230426,0.00000000,0.00000000,0.00000000,0.00000000,0.00000000,0.00000000,0.00262515,0.00000000,0.01663819,0.00000000,0.00000000,0.00000000,0.00000000,0.00000000,0.00000000,0.01080202,0.00000000,0.00000000,0.00754117,0.00000000,0.00000000,0.00000000,0.00257616,0.00000000,0.00000000,0.00264097,0.00000000,0.12167530,0.00076568,0.00000000,0.00000000,0.00000000,0.00000000,0.00000000,0.00000000,0.00000000,0.00000000,0.00000000,0.00000000,0.00000000,0.00000000,0.00000000,0.00000000,0.00000000,0.00000000,0.00000000,0.01573497,0.00000000,0.00000000,0.00000000,0.00000000,0.00000000,0.00000000,0.00000000,0.00133865,0.00000000,0.00000000,0.00000000,0.00000000,0.00628535,0.00000000,0.00000000,0.09723938,0.00000000,0.00000000,0.00000000,0.01464014,0.03887784,0.00000000,0.00000000,0.00000000,0.00000000,0.00000000,0.00000000,0.00000000,0.00000000,0.00000000,0.00000000,0.00000000,0.00000000,0.00000000,0.01134977,0.00000000,0.00000000,0.00000000,0.00000000,0.00000000,0.00000000,0.00000000,0.00000000,0.00000000,0.00000000,0.00000000,0.00000000,0.00000000,0.00000000,0.00000000,0.00000000,0.00000000,0.00000000,0.00000000,0.00896621,0.00000000,0.00000000,0.00000000,0.00000000,0.00000000,0.00000000,0.00000000,0.00000000,0.00000000,0.00000000,0.00000000,0.00000000,0.00375418,0.00000000,0.00000000,0.00000000,0.00000000,0.00000000,0.00000000,0.00000000,0.00000000,0.00000000,0.00000000,0.00000000,0.00000000,0.00000000,0.00000000,0.00000000,0.00000000,0.00000000,0.01308529,0.00000000,0.00860465,0.00000000,0.00000000,0.00000000,0.00000000,0.00071504,0.00000000,0.00000000,0.00000000,0.00000000,0.00096375,0.00000000,0.00000000,0.00000000,0.00000000,0.00000000,0.00863877,0.00000000,0.02223739,0.00000000,0.00000000,0.04215785,0.04089666,0.00000000,0.00000000,0.00000000,0.00000000,0.00000000,0.00000000,0.00000000,0.00000000,0.00000000,0.00000000,0.00000000,0.00000000,0.00000000,0.00000000,0.00175220,0.00000000,0.02026130,0.00000000,0.00000000,0.00177289,0.00000000,0.00405566,0.00000000,0.01458180,0.00000000,0.00000000,0.01066387,0.00000000,0.00000000,0.00000000,0.00000000,0.00000000,0.00000000,0.00000000,0.00817359,1.00421406,0.00000000,0.00000000,0.00000000,0.00000000,0.00000000,0.00000000,0.00000000,0.02593551,0.00000000,0.00000000,0.00000000,0.00000000,0.00000000,0.00000000,0.00000000,0.00000000,0.00000000,0.00000000,0.00000000,0.00319231,0.00000000,0.00000000,0.00000000,0.02176690,0.00000000,0.00000000,0.01364837,0.30459061,0.00000000,0.00000000,0.00000000,0.00737204,0.00000000,0.00000000,0.00000000,0.00000000,0.00000000,0.00000000,1.44349102,0.03666618,0.00000000,0.00495502,0.00000000,0.00000000,0.00000000,0.00000000,0.00876169,0.00000000,0.00000000,0.00000000,0.00000000,0.00000000,0.00000000,0.00000000,0.00000000,0.00000000,0.00000000,0.00000000,0.00000000,0.00000000,0.04000830,0.00000000,0.00000000,0.00000000,0.00000000,0.00000000,0.00000000,0.00000000,0.00000000,0.21008414,0.00715273,0.00060638,0.00000000,0.00000000,0.00000000,0.00000000,0.00000000,0.00000000,0.00000000,0.00000000,0.01031857,0.00000000,0.00000000,0.00000000,0.00000000,0.00526664,0.00452615,0.00000000,0.00000000,0.00000000,0.00000000,0.00000000,0.00770269,0.00000000,0.00812408,0.00000000,0.00000000,0.00000000,0.00132644,0.00000000,0.00856893,0.00000000,0.00000000,0.00000000,0.00000000,0.00000000,0.00611697,0.00000000,0.00000000,0.00000000,0.00000000,0.00000000,0.00000000,0.01102913,0.00000000,0.00000000,0.00000000,0.00000000,0.00000000,0.00000000,0.00000000,0.00000000,0.00000000,0.00000000,0.00000000,0.00000000,0.00000000,0.00000000,0.00000000,0.00000000,0.00305645,0.00000000,0.00000000,0.00000000,0.00000000,0.00000000,0.00000000,0.00000000,0.00000000,0.00000000,0.03238141,0.00896496,0.00000000,0.00000000,0.00000000,0.00105408,0.00000000,0.15374516,0.00000000,0.00000000,0.00000000,0.00000000,0.00000000,0.00000000,0.00000000,0.00000000,0.00000000,0.00000000,0.00000000,0.00000000,0.00000000,0.00000000,0.00000000,0.00000000,0.00000000,0.00049911,0.00000000,0.00000000,0.00000000,0.07298461,0.00000000,0.00000000,0.00000000,0.00000000,0.00000000,0.02848817,0.01232829,0.00159019,0.00000000,0.00000000,0.00000000,0.00000000,0.00000000,0.00000000,0.00000000,0.00000000,0.00986991,0.00000000,0.00000000,0.00000000,0.00000000,0.00000000,0.00000000,0.00000000,0.01640958,0.00000000,0.00000000,0.50886714,0.00000000,0.00000000,0.00000000,0.00000000,0.00000000
0.00000000,0.00000000,0.00000000,0.00693663,0.00772149,0.00000000,0.00000000,0.01565879,0.00424044,0.00000000,0.00000000,0.00000000,0.00000000,0.00000000,0.02789035,0.00000000,0.00000000,0.00000000,0.00000000,0.00149755,0.00000000,0.00000000,0.00000000,0.00254854,0.00000000,0.00000000,0.00000000,0.00000000,0.01933192,0.00000000,0.00000000,0.00000000,0.00000000,0.00000000,0.00000000,0.00000000,0.00000000,0.00000000,0.00739411,0.00000000,0.00000000,0.00000000,0.19672961,0.00000000,0.01140868,0.00000000,0.00000000,0.00846621,0.00000000,0.00000000,0.00000000,0.01830222,0.00000000,0.00000000,0.00000000,0.00000000,0.00000000,0.00000000,0.00000000,0.00000000,0.00000000,0.00000000,0.01431678,0.00000000,0.00000000,0.00000000,0.00000000,0.00000000,0.00402089,0.00000000,0.00000000,0.00000000,0.00000000,0.00000000,0.00000000,0.00000000,0.00000000,0.00000000,0.00000000,0.00000000,0.01615891,0.00000000,0.00000000,0.00000000,0.00710740,0.00000000,0.00000000,0.00000000,0.00000000,0.00000000,0.00000000,0.05317151,0.00000000,0.00000000,0.00000000,0.00000000,0.00000000,0.00000000,0.00000000,0.00194120,0.00000000,0.00000000,0.00000000,0.00000000,0.00000000,0.00000000,0.00000000,0.00000000,0.00000000,0.00000000,0.00000000,0.00504341,0.00000000,0.00000000,0.00000000,0.00000000,0.00000000,0.00000000,0.00000000,0.00000000,0.00000000,0.00000000,2.77142221,0.00000000,0.00000000,0.00000000,0.00000000,0.00000000,0.00000000,0.00000000,0.00000000,0.00000000,0.09799625,0.00000000,0.00000000,0.00000000,0.00000000,0.00000000,0.00000000,0.00000000,0.00000000,0.00000000,0.00000000,0.00000000,0.00000000,0.00000000,0.00000000,0.00406577,0.00000000,0.00000000,0.00000000,0.00000000,0.00000000,0.00000000,0.00000000,0.00000000,0.00000000,0.00000000,0.00000000,0.00000000,0.00000000,0.00000000,0.00000000,0.00000000,0.00000000,0.00000000,0.00633669,0.00000000,1.38467080,0.00000000,0.00000000,0.00000000,0.00000000,0.00000000,0.00000000,0.00000000,0.00000000,0.00000000,0.00000000,0.00000000,0.00000000,0.00000000,0.00000000,0.00000000,0.00000000,0.00000000,0.00000000,0.00000000,0.00000000,0.00000000,0.00000000,0.00000000,0.00508149,0.00000000,0.00000000,0.00000000,0.00000000,0.00000000,0.00000000,0.00000000,0.00000000,0.00000000,0.16414197,0.00127622,0.01556910,0.00000000,0.00000000,0.00000000,0.00000000,0.00000000,0.09031051,0.00000000,0.00000000,0.00000000,0.00000000,0.00463253,0.00000000,0.01935189,0.00000000,0.00000000,0.00000000,0.00000000,0.00000000,0.00000000,0.00000000,0.00089199,0.00000000,0.00000000,0.00000000,0.00000000,0.00000000,0.00000000,0.00000000,0.00000000,0.00000000,0.00000000,0.00000000,0.00000000,0.00000000,0.00458205,0.00000000,0.00066560,0.02327790,0.00000000,0.00132569,0.00000000,0.00000000,0.16894768,0.00000000,0.00000000,0.00000000,0.00000000,0.00000000,0.01811390,0.00000000,0.01239454,0.00000000,0.00000000,0.00000000,0.00000000,0.00905443,0.00000000,0.00000000,0.00000000,0.00000000,0.00000000,0.00000000,0.00000000,0.00000000,0.00000000,0.00000000,0.00000000,0.00000000,0.00000000,0.00000000,0.01169557,0.00000000,0.00475647,0.01026740,0.00000000,0.00000000,0.00838091,0.00000000,0.00000000,0.00000000,0.00000000,0.00000000,0.00000000,0.00000000,0.00000000,0.00000000,0.00000000,0.00000000,0.00000000,0.00000000,0.00000000,0.00000000,0.00000000,0.00000000,0.00000000,0.00000000,0.00000000,0.00000000,0.00000000,0.00000000,0.00000000,0.07516889,0.00000000,0.00000000,0.00000000,0.00000000,0.00000000,0.00000000,0.00000000,0.00000000,0.00000000,0.00300906,0.00000000,0.00000000,0.00000000,0.00000000,0.00000000,0.00000000,0.02252456,0.00000000,0.00000000,0.00000000,0.00000000,0.00000000,0.00000000,0.00454931,0.00000000,0.00000000,0.00201012,0.00473816,0.00000000,0.00000000,0.00000000,0.00000000,0.00000000,0.00000000,0.00000000,0.00000000,0.00000000,0.00000000,0.00000000,0.00000000,0.00000000,0.00222800,0.00000000,0.00000000,0.00000000,0.00000000,0.00000000,0.00000000,0.00000000,0.00000000,0.00000000,0.00000000,0.00000000,0.00000000,0.00000000,0.00000000,0.00000000,0.00000000,0.00360749,0.00000000,0.00863359,0.00000000,0.00000000,0.00000000,0.00000000,0.00000000,0.00000000,0.00000000,0.00000000,0.00000000,0.02624910,0.00000000,0.05824538,0.00000000,0.00814039,0.00000000,0.00000000,0.00249654,0.00000000,0.00000000,0.00000000,0.00000000,0.00000000,0.00000000,0.00000000,0.00000000,0.00000000,0.01437319,0.00000000,0.00000000,0.00000000,0.00000000,0.00000000,0.00000000,0.00000000,0.00000000,0.01903480,0.00000000,0.00000000,0.00000000,0.00000000,0.00932114,0.00000000,0.00000000,0.00000000,0.00000000,0.00000000,0.00000000,0.00000000,0.00000000,0.00000000,0.00000000,0.02116522,0.00000000,0.00000000,0.00000000,0.00000000,0.00000000,0.00000000,0.00000000,0.00000000,0.00000000,0.00000000,0.00000000,0.00000000,0.00000000,0.00000000,0.00000000,0.00000000,0.00000000,0.00000000,0.00000000,0.00564580,0.00000000,0.00000000,0.00000000,0.00000000,0.00000000,0.00000000,0.00000000,0.00250909,0.00000000,0.00000000,0.00000000,0.00000000,0.00000000,0.00000000,0.00000000,0.03088616,0.00000000,0.00000000,0.00000000,0.00213506,0.00000000,0.00000000,0.00000000,0.01175804,0.00000000,0.00000000,0.00000000,0.00000000,0.00000000,0.00000000,0.00000000,0.00000000,0.00000000,0.00000000,0.00000000,0.00000000,0.00000000,0.00000000,0.00000000,0.00000000,0.00000000,0.00000000,0.00000000,0.00000000,0.01961970,0.00000000,0.00000000,0.00000000,0.00000000,0.00000000,0.00000000,0.00000000,1.39713032,0.00000000,0.00000000,0.00000000,0.00000000,0.00000000,0.00000000,0.00000000,0.00000000,0.00000000,0.00000000,0.00000000,0.00000000,0.00744736,0.00000000,0.00000000,0.00000000,0.00000000,0.00000000,0.00000000,0.00000000,0.00832124,0.00000000,0.00841651,0.00000000,0.00000000,0.00000000,0.00000000,0.00000000,0.00000000,0.01127163,0.00000000,0.00000000,0.00000000,0.00000000,0.00000000,0.00000000,0.00000000,0.00000000,0.00000000,0.00000000,0.00000000,0.00000000,0.09264746,0.00275668,0.00000000,0.00000000,0.00320855,0.00000000,0.00000000,0.00000000,0.00000000,0.00000000,0.00000000,0.00000000,0.00000000,0.00000000,0.00000000,0.00000000,0.00418918,0.00000000,0.00000000,1.14583937,0.00000000,0.00000000,0.00000000,0.00000000,0.00000000,0.00000000,0.00000000,0.00000000,0.00000000,0.00994652,0.00000000,0.00000000,0.00000000,0.00000000,0.00000000,0.00000000,0.00000000,0.00000000,0.00000000,0.00000000,0.00000000,0.00231402,0.00000000,0.00000000,0.00000000,0.00000000,0.00000000,0.00000000,0.00000000,0.00000000,0.00000000,0.00000000,0.00000000,0.00000000,0.00000000,0.00000000,0.00000000,0.00000000,0.00000000,0.00000000,0.00000000,0.00000000,0.00000000,0.00000000,0.00000000,0.01740773,0.00000000,0.00000000,0.00000000,0.00000000,0.00000000,0.00000000,0.00000000,0.00000000,0.00000000,0.00000000,0.00000000,0.00000000,0.00000000,0.00000000,0.00455816,0.00000000,0.00000000,0.00000000,0.00000000,0.00000000,0.00000000,0.00000000,0.00000000,0.00000000,0.00000000,0.00000000,0.00000000,0.01953200,0.00261740,0.00000000,0.00000000,0.00963805,0.00000000,0.00000000,0.01540580,0.00000000,0.64302737,0.00000000,0.00000000,0.00000000,0.00771390,0.00000000,0.13755013,0.00000000,0.00835671,0.00000000,0.00000000,0.00000000,0.00000000,0.00000000,0.00000000,0.00000000,0.00000000,0.01536960,0.00000000,0.02403211,0.00000000,0.00000000,0.00000000,0.00378353,0.00000000,0.00000000,0.00000000,0.00000000,0.00000000,0.00000000,0.00000000,0.00000000,0.00000000,0.00000000,0.00000000,0.00000000,0.00000000,0.00000000,0.00000000,0.00000000,0.00000000,0.00000000,0.00000000,0.00000000,0.00000000,0.00000000,0.00000000,0.00000000,0.00000000,0.00000000,0.00000000,0.00000000,0.00000000,0.00000000,0.00000000,0.00000000,0.00000000,0.04136665,0.00000000,0.00000000,0.00000000,0.00000000,0.00000000,0.00000000,0.00000000,0.00000000,0.00000000,0.00000000,0.00000000,0.00000000,0.07542849,0.00000000,0.00000000,0.00334879,0.00000000,0.00000000,0.00000000,0.00000000,0.00000000,0.00000000,0.00000000,0.00000000,0.00000000,0.03255368,0.02125008,0.00000000,0.00000000,0.00000000,0.00000000,0.00000000,0.00000000,0.00000000,0.02534461,0.07585024,0.00000000,0.00000000,0.00000000,0.00000000,0.00000000,0.00000000,0.00141989,0.00000000,0.00000000,0.00000000,0.00000000,0.00000000,0.00000000,0.00000000,0.00000000,0.00644883,0.00000000,0.00000000,0.00000000,0.00000000,0.00000000,0.00214475,0.00000000,0.00000000,0.00000000,0.11884084,0.00591084,0.00000000,0.00000000,0.00000000,0.00261669,0.00662298,0.00000000,0.00000000,0.00000000,0.00000000,0.00000000,0.00000000,0.00000000,0.00000000,0.00000000,0.00000000,0.00000000,0.00000000,0.00000000,0.00000000,0.00000000,0.00000000,0.04949718,0.00450565,0.03224558,0.00000000,0.01082385,0.00000000,0.00000000,0.00000000,0.00137681,0.00000000,0.00000000,0.00000000,0.00360917,0.00000000,0.00000000,0.00000000,0.00000000,0.00000000,1.19289572,0.00000000,0.00000000
0.00000000,0.00000000,0.00000000,0.00000000,0.00000000,0.00000000,0.00000000,0.00000000,0.00000000,0.00914176,0.00000000,0.00000000,0.00929622,0.00000000,0.00000000,0.00000000,0.00000000,0.00000000,0.00000000,0.00000000,0.00000000,0.00707117,0.00000000,0.03686139,0.00000000,0.00000000,0.00000000,0.00000000,0.00000000,0.00000000,0.00000000,0.00000000,0.00000000,0.00000000,0.00000000,0.00000000,0.00000000,0.00000000,0.00000000,0.00000000,0.00000000,0.00000000,0.00000000,0.31266310,0.00000000,0.00000000,0.00000000,0.00000000,0.00000000,0.00000000,0.00000000,0.00000000,0.00000000,1.15130304,0.00000000,0.00542345,0.00000000,0.00000000,0.00000000,0.00000000,0.00000000,0.00000000,0.00000000,0.00000000,0.00565074,0.00000000,0.00000000,0.00000000,0.00000000,0.00000000,0.00000000,0.00000000,0.00000000,0.00000000,0.00000000,0.00000000,0.00000000,0.00915846,0.00000000,0.00000000,0.00000000,0.00000000,0.00000000,0.00000000,0.01395818,0.00000000,0.00000000,0.00000000,0.00000000,0.00000000,0.00000000,0.00000000,0.00000000,0.00000000,0.00000000,0.00000000,0.00000000,0.00000000,0.00000000,0.00000000,0.03842416,0.00000000,0.00000000,0.00000000,0.00187436,0.00000000,0.00000000,0.00000000,0.00000000,0.00000000,0.00000000,0.00000000,0.00000000,0.00000000,0.00000000,0.00000000,0.00000000,0.01900402,0.00000000,0.00000000,0.00000000,0.01082948,0.00000000,0.00000000,0.00000000,0.00000000,0.07487934,0.00000000,0.00000000,0.00000000,0.05997002,0.00000000,0.00000000,0.00000000,0.00000000,0.00000000,0.00000000,0.00000000,0.00000000,0.00000000,0.00000000,0.00000000,0.01191162,0.00000000,0.00000000,0.00000000,0.00571620,0.00000000,0.00000000,0.00000000,0.00000000,0.00000000,0.00000000,0.00000000,0.00000000,0.00000000,0.00000000,0.00000000,0.00000000,0.00000000,0.00000000,0.00000000,0.00000000,0.00000000,0.00104091,0.00000000,0.00000000,0.00000000,0.00000000,0.00000000,0.00000000,0.00000000,0.00000000,0.00000000,0.00000000,0.00000000,0.00000000,0.00000000,0.00000000,0.00000000,0.00000000,0.00000000,0.00000000,0.00000000,0.00000000,0.00000000,0.00000000,0.00000000,0.00000000,0.00000000,0.02807723,0.02572134,0.14430490,0.00000000,0.00000000,0.00000000,0.00000000,0.04971862,0.00000000,0.00000000,0.00000000,0.00000000,0.00000000,0.00000000,0.00000000,0.00000000,0.00000000,0.00000000,0.00000000,0.00000000,0.01273636,0.39714656,0.00000000,0.00000000,0.00000000,0.00000000,0.00000000,0.00000000,0.00000000,0.00000000,0.00725689,0.00000000,0.00851326,0.00000000,0.00000000,0.00000000,0.00000000,0.00000000,0.00000000,0.00000000,0.00000000,0.00522544,0.00000000,0.00000000,0.00102513,0.00000000,0.00000000,0.00000000,0.00000000,0.01373905,0.00000000,0.00000000,0.00869094,0.00000000,0.00000000,0.00000000,0.00000000,0.00000000,0.00000000,0.00000000,0.00000000,0.00000000,0.00000000,0.00000000,0.00000000,0.00000000,0.00280355,0.00000000,0.00000000,0.00000000,0.00000000,0.00000000,0.00000000,0.00000000,0.00000000,0.01823219,0.00000000,0.00000000,0.00000000,0.00000000,0.00000000,0.00000000,0.00000000,0.00000000,0.00000000,0.00285977,0.00000000,0.00000000,0.00000000,0.00000000,0.00000000,0.58784696,0.00000000,0.00000000,0.00000000,0.00000000,0.00000000,0.00000000,0.00000000,0.00000000,0.00000000,0.00000000,0.00000000,0.00000000,0.00000000,0.00000000,0.00000000,0.00000000,0.01092975,0.00000000,0.00187255,0.00000000,0.00000000,0.00000000,0.00000000,0.00000000,0.02452036,0.00000000,0.00163430,0.00000000,0.00000000,0.00000000,0.00000000,0.00000000,0.00000000,0.00000000,0.00000000,0.00000000,0.00000000,0.00000000,0.00000000,0.00000000,0.00000000,0.00000000,0.00000000,0.00000000,0.00000000,0.00000000,0.00000000,0.00000000,0.12291278,0.00000000,0.00000000,0.00000000,0.00000000,0.00911229,0.00000000,0.00000000,0.00000000,0.00000000,0.00000000,0.00000000,0.00000000,0.00000000,0.00000000,0.00000000,0.00000000,0.00000000,0.00000000,0.00000000,0.00000000,0.00000000,0.00000000,0.00000000,0.00851127,0.00000000,0.00000000,0.00000000,0.00000000,0.00000000,0.00000000,0.00000000,0.00000000,0.00000000,0.00000000,0.00000000,0.00000000,0.00000000,0.03193110,0.00000000,0.00000000,0.00000000,0.00000000,0.00000000,0.00000000,0.00000000,0.00000000,0.00000000,0.00000000,0.00000000,0.00000000,0.00048566,0.00000000,0.03046501,0.00000000,0.00000000,0.34095074,0.02574108,0.00000000,0.00000000,0.00000000,0.38922929,0.00000000,0.00084953,0.00000000,0.00000000,0.00000000,0.00000000,0.00000000,0.00000000,0.00000000,0.00000000,0.00000000,0.00000000,0.00000000,0.00000000,0.00000000,0.00000000,0.00000000,0.00000000,0.00000000,0.00000000,0.00000000,0.00000000,0.00000000,0.00000000,0.00000000,0.00000000,0.01170744,0.00000000,0.00000000,0.00000000,0.00353460,0.00000000,0.00000000,0.00000000,0.00000000,0.00000000,0.00000000,0.00000000,0.00000000,0.00324128,0.00000000,0.00000000,0.00676655,0.00000000,0.00000000,0.00000000,0.00000000,0.00000000,0.00390922,0.00445162,0.00000000,0.00114091,0.00000000,0.00000000,0.00000000,0.00000000,0.00000000,0.00000000,0.00000000,0.00000000,0.00000000,0.00000000,0.00000000,0.00000000,0.00000000,0.00000000,0.00000000,0.00000000,0.00000000,0.00000000,0.00000000,0.00000000,0.00000000,0.00000000,0.00000000,0.00000000,0.00105449,0.00000000,0.00000000,0.00000000,0.00000000,0.00000000,0.00197509,0.00000000,0.00000000,0.02446604,0.00000000,0.04142665,0.00000000,0.00000000,0.00000000,0.00000000,0.00000000,0.02294247,0.00000000,0.00000000,0.00000000,0.00000000,0.00000000,0.00000000,0.00000000,0.00000000,0.00000000,0.11410078,0.00000000,0.00000000,0.00000000,0.05566030,0.00000000,0.00000000,0.00000000,0.00000000,0.01206696,0.00000000,0.00000000,0.00000000,0.00000000,0.00000000,0.00000000,0.00000000,0.00000000,0.00000000,0.00000000,0.00000000,0.00000000,0.00000000,0.00000000,0.00000000,0.00000000,0.00000000,0.00000000,0.00000000,0.00000000,0.00000000,0.00000000,0.00000000,0.00000000,0.00000000,0.00239127,0.00000000,0.00246466,0.00000000,0.00000000,0.00000000,0.00000000,0.03078414,0.00000000,0.00000000,0.00000000,0.00000000,0.00000000,0.00254792,0.00000000,0.00000000,0.00000000,0.00000000,0.00000000,0.00000000,0.00000000,0.00000000,0.00000000,0.00000000,0.00000000,0.00000000,0.00000000,0.00000000,0.00194447,0.00000000,0.00000000,0.00176654,0.00000000,0.24212967,0.00000000,0.00000000,0.01291884,0.00000000,0.00000000,0.00000000,0.00000000,0.00000000,0.00000000,1.77461235,0.00000000,0.00000000,0.00000000,0.00000000,0.00000000,0.00000000,0.00080789,0.00313400,0.00893087,0.00000000,0.00000000,0.00000000,0.00000000,0.00000000,0.00000000,0.03485975,0.00000000,0.00000000,0.13247344,0.00000000,0.00000000,0.00000000,0.00000000,0.00000000,0.01667402,0.00000000,0.00000000,0.00000000,0.00000000,0.00000000,0.00000000,0.00000000,0.01953248,0.00000000,0.00000000,0.00000000,0.00000000,0.00000000,0.00000000,0.00000000,0.00465852,0.00000000,0.00000000,0.00000000,0.00000000,0.00000000,0.03258780,0.00000000,0.00000000,0.00000000,0.00000000,0.00483541,0.00000000,0.09988533,0.00000000,0.00000000,0.00000000,0.00000000,0.00000000,0.00000000,0.00142672,0.00000000,0.00101956,0.00000000,0.00000000,0.00000000,0.00000000,0.00000000,0.00000000,0.00000000,0.08634592,0.00000000,0.00000000,0.00000000,0.00000000,0.80165062,0.79751826,0.01267428,0.00000000,0.09245894,0.00000000,0.00000000,0.00000000,0.00000000,0.00000000,0.00055832,0.00000000,0.00000000,0.00000000,0.00000000,0.00000000,0.00000000,0.00000000,0.00000000,0.00000000,0.00000000,0.00000000,0.00000000,0.00000000,0.00000000,0.00000000,0.00164135,0.00000000,0.00000000,0.00000000,0.00117843,0.00129191,0.10846091,0.00000000,0.00000000,0.00000000,0.00000000,0.00000000,0.00000000,0.00000000,0.00000000,0.00000000,0.00000000,0.00000000,0.00000000,0.00000000,0.01171609,0.00000000,0.00833016,0.00000000,0.00000000,0.00000000,0.02701815,0.01050052,0.00000000,0.00000000,0.00000000,0.00000000,0.00000000,0.00000000,0.00000000,0.00000000,0.03117482,0.00000000,0.00273585,0.00000000,0.00000000,0.00000000,0.00000000,0.00000000,0.00000000,0.00000000,0.00000000,0.00000000,0.00000000,0.00000000,0.19172324,0.00000000,0.00000000,0.00000000,0.00000000,0.01652547,0.00000000,0.00283882,0.00000000,0.00000000,0.00000000,0.00000000,0.00000000,0.00000000,0.00000000,0.00000000,0.00000000,0.00000000,0.00000000,0.00000000,0.00111138,0.00000000,0.00000000,0.00000000,0.00249025,0.00000000,0.00000000,0.00000000,0.00000000,0.00000000,0.00000000,0.00000000,0.00000000,0.03270813,0.00400336,0.00000000,0.00000000,0.00000000,0.00000000,0.00000000,0.00000000,0.00000000,0.00000000,0.00000000,0.00000000,0.00000000,0.00000000,0.00000000,0.00000000,0.00659148,0.00000000,0.00000000,0.00000000,0.00000000,0.00000000,0.00000000,0.00000000,0.00000000,0.00000000,0.00000000,3.38007132,0.00000000,0.00000000,0.00403754,0.04152088,0.00000000,0.00000000,0.00000000,0.00119218,0.00000000,0.00000000,0.00000000,0.00000000,0.00000000,0.00000000
0.00000000,0.00000000,0.00000000,0.00000000,0.00000000,0.00000000,0.00000000,0.00000000,0.00000000,0.00000000,0.00395029,0.03395657,0.00000000,0.00000000,0.00000000,0.00000000,0.00000000,0.00000000,0.00000000,0.00000000,0.00000000,0.00000000,0.00000000,0.00000000,0.00091891,0.00000000,0.00000000,0.00000000,0.00000000,0.00000000,0.00000000,0.00000000,0.00000000,0.00000000,0.00000000,0.00215155,0.00000000,0.00000000,0.00000000,0.00000000,0.00000000,0.00000000,0.00000000,0.00000000,0.00000000,0.00000000,0.00365145,0.00000000,0.00000000,0.00000000,0.00000000,0.00000000,0.00000000,0.01507743,0.00000000,0.00000000,0.00000000,0.00000000,0.00000000,0.03589285,0.00000000,0.00000000,0.00000000,0.00000000,0.00000000,0.00000000,0.00000000,0.00000000,0.00000000,0.00000000,0.00000000,0.00000000,0.00000000,0.00000000,0.01067889,0.00000000,0.00000000,0.00183751,0.00000000,0.00000000,0.02393356,0.00000000,0.00000000,0.00000000,0.00000000,0.00000000,0.00000000,0.00000000,0.00000000,0.07859238,0.00000000,0.00000000,0.00000000,0.00000000,0.00000000,0.00000000,0.00000000,0.00000000,0.00000000,0.00000000,0.00000000,0.00000000,0.00000000,0.00000000,0.00000000,0.00000000,0.00000000,0.00000000,0.00000000,0.00000000,0.00000000,0.00000000,0.00000000,0.00000000,0.00000000,0.00000000,0.00000000,0.00000000,0.00120702,0.00000000,0.00000000,0.00594199,0.03202447,0.00000000,0.00000000,0.00648118,0.00000000,0.00476649,0.00119656,0.03713998,0.00000000,0.00000000,0.00000000,0.00000000,0.00000000,0.00000000,0.00000000,0.00000000,0.00000000,0.00000000,0.00000000,0.00500206,0.00051628,0.00000000,0.00000000,0.00163033,0.00000000,0.00000000,0.00000000,0.00000000,0.00000000,0.00000000,0.00784386,1.28627762,0.00000000,0.00000000,0.00278815,0.00000000,0.00000000,0.00000000,0.04856615,0.00000000,0.00000000,0.00149245,0.00000000,0.00000000,0.01375682,0.00000000,0.01657397,0.00000000,0.00964790,0.00000000,0.00000000,0.00000000,0.00000000,0.00000000,0.00113767,0.00000000,0.00000000,0.00000000,0.00000000,0.00000000,0.00000000,0.00176701,0.00000000,0.00000000,0.00000000,0.00273528,0.00000000,0.00000000,0.00000000,0.00000000,0.00000000,0.00000000,0.00000000,0.00000000,0.00000000,0.00000000,0.00345730,0.00000000,0.00000000,0.00000000,0.00000000,0.00000000,0.00000000,0.00000000,0.00000000,0.00000000,0.00000000,0.00504182,0.00000000,0.00000000,0.00000000,0.13404349,0.00000000,0.00304514,0.00000000,0.00000000,0.00000000,0.00000000,0.00000000,0.00000000,0.00000000,0.00000000,0.00247795,0.00000000,0.00000000,0.00000000,0.00000000,0.00000000,0.00000000,0.00000000,0.00000000,0.00000000,0.00443494,0.00000000,0.00000000,0.00180456,0.01135206,0.00000000,0.00317407,0.00000000,0.00000000,0.00000000,0.00000000,0.00000000,0.00000000,0.00000000,0.00417615,0.00000000,0.00000000,0.00000000,0.00000000,0.00000000,0.00252988,0.04100969,0.00000000,0.00000000,0.00000000,0.00000000,0.00000000,0.00000000,0.00000000,0.00000000,0.00000000,0.00000000,0.00000000,0.00000000,0.00000000,0.00000000,0.00000000,0.00000000,4.65735868,0.00000000,0.00000000,0.00532278,0.00000000,0.00000000,0.16812182,0.00000000,0.00000000,0.00000000,0.00000000,0.00000000,0.00000000,0.00000000,0.00000000,0.00000000,0.01383316,0.00000000,0.00000000,0.00000000,0.00000000,0.00000000,0.00572085,0.00000000,0.00000000,0.00000000,0.00000000,0.00000000,0.00000000,0.00000000,0.00602475,0.00000000,0.00000000,0.00000000,0.00000000,0.00000000,0.00000000,0.02939901,0.00000000,0.00000000,0.00000000,0.00000000,0.00000000,0.00000000,0.00000000,0.00000000,0.00000000,0.00000000,0.00000000,0.00545149,0.00000000,0.00000000,0.00000000,0.00000000,0.00000000,0.00000000,0.00000000,0.00000000,0.00000000,0.00000000,0.00000000,0.00000000,0.00000000,0.00000000,0.00767826,0.00000000,0.00000000,0.00000000,0.00000000,0.00000000,0.00000000,0.00000000,0.00000000,0.00000000,0.00000000,0.00000000,0.00000000,0.00000000,0.00000000,0.00000000,0.00000000,2.05149944,0.00000000,0.00000000,0.00000000,0.00000000,0.00000000,0.01383696,0.00000000,0.00000000,0.00000000,0.00000000,0.00000000,0.00000000,0.00000000,0.00000000,0.00000000,0.00000000,0.00000000,0.00000000,0.00000000,0.00000000,0.00000000,0.00000000,0.91869963,0.00000000,0.00000000,0.00000000,0.00000000,0.00000000,0.00000000,0.00000000,0.00000000,0.00000000,0.00000000,0.00000000,0.00000000,0.00193482,0.02502558,0.00000000,0.00000000,0.00000000,0.00000000,0.06147046,0.00000000,0.00000000,0.00000000,1.21458758,0.00000000,0.00000000,0.03327253,0.00000000,0.00000000,0.00000000,0.00000000,0.01024682,0.00000000,0.00000000,0.00000000,0.00000000,0.00000000,0.00000000,0.00688045,0.00000000,0.00082007,0.00000000,0.00000000,0.00000000,0.00000000,0.00000000,0.00000000,0.00000000,0.00000000,0.01518318,0.16429954,0.00000000,0.00000000,0.00000000,0.00895145,0.00000000,0.02234061,0.00000000,0.00000000,0.00000000,0.00000000,0.00000000,0.00000000,0.00000000,0.00000000,0.00000000,0.00000000,0.00000000,0.00000000,0.00000000,0.00000000,0.00000000,0.00000000,0.00000000,0.00000000,0.00000000,0.00000000,0.00000000,0.00000000,0.00833611,0.01385757,0.00000000,0.00000000,0.12291136,0.00000000,0.00000000,0.00185716,0.00000000,0.00000000,0.00000000,0.00000000,0.00000000,0.00000000,0.00000000,0.00000000,0.00000000,0.00000000,0.00000000,0.00686064,3.28942597,0.00000000,0.00000000,0.00000000,0.00000000,0.00000000,0.00000000,0.00000000,0.00000000,0.00348886,0.00000000,0.00294818,0.00000000,0.00000000,0.00000000,0.00000000,0.00000000,0.00000000,0.00000000,0.00000000,0.00000000,0.00454734,0.00000000,0.00000000,0.01467574,0.00000000,0.00000000,0.00000000,0.00166213,0.30282828,0.00000000,0.00000000,0.00000000,0.00000000,0.00000000,0.00201638,0.00000000,0.00000000,0.00000000,0.00403579,0.00000000,0.00000000,0.00000000,0.00000000,0.00000000,0.00000000,0.00000000,0.00000000,0.00000000,0.00000000,0.00000000,0.00000000,2.17920945,0.17654698,0.00000000,0.00000000,0.00000000,0.00000000,0.00000000,0.00000000,0.00000000,0.03368642,0.00241874,0.00000000,0.00000000,0.00000000,0.00000000,0.00000000,0.00000000,0.00000000,0.00000000,0.00000000,0.00000000,0.00000000,0.00000000,0.00000000,0.00000000,0.00000000,0.00000000,0.00000000,0.00000000,0.00000000,0.00000000,0.00000000,0.00000000,0.03444025,0.00085145,0.00000000,0.00000000,0.00000000,0.00000000,0.00000000,0.00000000,0.00000000,0.00000000,0.00000000,0.00000000,0.00000000,0.00000000,0.00000000,0.00000000,0.00000000,0.00000000,0.00000000,0.00000000,0.00000000,0.00000000,0.00000000,0.00000000,0.03881475,0.00000000,0.00000000,0.00000000,0.00000000,0.00000000,0.00000000,0.00000000,0.00000000,0.00260704,0.00000000,0.00923197,0.00000000,0.00000000,0.00000000,0.00000000,0.00000000,0.07938934,0.00000000,0.00000000,0.00000000,0.00000000,0.00000000,0.00000000,0.00000000,0.00000000,0.00000000,0.00000000,0.00000000,0.00000000,0.00000000,0.00000000,0.00000000,0.00000000,0.00000000,0.00000000,0.00000000,0.00000000,0.00000000,0.00000000,0.00000000,0.00000000,0.00000000,0.00000000,0.00000000,0.00000000,0.00000000,0.00000000,0.00000000,0.00000000,0.00000000,0.00000000,0.01741662,0.00000000,0.00000000,0.00000000,0.00000000,0.00000000,0.00000000,0.03971212,0.00000000,0.00000000,0.00000000,0.01911597,0.00000000,0.00000000,0.00000000,0.00000000,0.00000000,0.00000000,0.00000000,0.03878079,0.00170246,0.00000000,0.01572575,0.00000000,0.00000000,0.00337871,0.00000000,0.00000000,0.00000000,0.00000000,0.00000000,0.00000000,0.00000000,0.00000000,0.02587886,0.00000000,0.00000000,0.00000000,0.00000000,0.00000000,0.00000000,0.00000000,0.00000000,0.00000000,0.00000000,0.00000000,0.03438771,0.00000000,0.00000000,0.00000000,0.00000000,0.00000000,0.00000000,0.00000000,0.00000000,0.00000000,0.00000000,0.00000000,0.00000000,0.00000000,0.00000000,0.00000000,0.00000000,0.00000000,0.00000000,0.00000000,0.00971254,0.00000000,0.00000000,0.00000000,0.00000000,0.00000000,0.00000000,0.00000000,0.00000000,0.00000000,0.23658059,0.02354072,0.00000000,0.00000000,0.00000000,0.00000000,0.00000000,0.00000000,0.00000000,0.00766009,0.00000000,0.00000000,0.00000000,0.00000000,0.00000000,0.00000000,0.00000000,0.00000000,0.00000000,0.00000000,0.00000000,0.00000000,0.00000000,0.00000000,0.00000000,0.00000000,0.00000000,0.00000000,0.00000000,0.00000000,0.00000000,0.72726437,0.00000000,0.00000000,0.00000000,0.00000000,0.00000000,0.00000000,0.00000000,0.00000000,0.00000000,0.00000000,0.05118601,0.00000000,0.00000000,0.86685881,0.07548293,0.00000000,0.00000000,0.00000000,0.00000000,0.00844955,0.00000000,0.00000000,0.00000000,0.00000000,0.00000000,0.00000000,0.00000000,0.00427015,0.00000000,0.00000000,0.00000000,0.00000000,0.00000000,0.00000000,0.00000000,0.00000000,0.00000000,0.00000000,0.00000000,0.00000000,0.00000000,0.00000000,0.00000000,0.00993809,0.00000000,0.00000000,0.00000000,0.00000000,0.06248553,0.00000000,0.00000000,0.00000000,0.00000000,0.00000000,0.00222271,0.00000000
0.00000000,0.00000000,0.00000000,0.00398405,0.00398689,0.00000000,0.02307281,0.00225460,0.00000000,0.00000000,0.00000000,0.00000000,0.00000000,0.00000000,0.00923212,0.00000000,0.00000000,0.00463358,0.00532698,0.00301747,0.00000000,0.00000000,0.00000000,0.00535099,0.00000000,0.00000000,0.02488145,0.00000000,0.01691185,0.00000000,0.00000000,0.00000000,0.01264696,0.00000000,0.01406839,0.00000000,0.00000000,0.00000000,0.00000000,0.00000000,0.00000000,0.00000000,0.00000000,0.00000000,0.00000000,0.00000000,0.00000000,0.00000000,0.00906203,0.00000000,0.00000000,0.00000000,0.00000000,0.00000000,0.00000000,0.00000000,3.69841487,0.00000000,0.00000000,0.00000000,0.00000000,0.00000000,0.00000000,0.00000000,0.02025564,0.00000000,0.00000000,0.00000000,0.00000000,0.00000000,0.00129035,0.00000000,0.00000000,0.00370010,0.00000000,0.00000000,0.00000000,0.00000000,0.00000000,0.00000000,0.00000000,0.00000000,0.00696751,0.00000000,0.00000000,0.00000000,0.00000000,0.00000000,0.00000000,0.00000000,0.00000000,0.00000000,0.00936590,0.00000000,0.00000000,0.00234289,0.00000000,0.00000000,0.00000000,0.00000000,0.00000000,0.00000000,0.00000000,0.00000000,0.02096812,0.00000000,0.00000000,0.00000000,0.00000000,0.00194112,0.00000000,0.00000000,0.00000000,0.17969226,0.00000000,0.00000000,0.00000000,0.00000000,0.00000000,0.00685648,0.01110351,0.00000000,0.00000000,0.00000000,0.00000000,0.00000000,0.00000000,0.00000000,0.00000000,0.00000000,0.01635833,0.00000000,0.00000000,0.00000000,0.00000000,0.00000000,0.00000000,0.00000000,0.00000000,0.00000000,0.00000000,0.00000000,0.00000000,0.00000000,0.00000000,0.00000000,0.00000000,0.00000000,0.00380123,0.03453475,0.00000000,0.00707165,0.00000000,0.00000000,0.00000000,0.00000000,0.00000000,0.00000000,0.00000000,0.00000000,0.00000000,0.00000000,0.00672168,0.00000000,0.00000000,0.00000000,0.00000000,0.00000000,0.00000000,0.00000000,0.05356823,0.00000000,0.00000000,0.03079386,0.00000000,0.00317091,0.00000000,0.00000000,0.00000000,0.00000000,1.25402605,0.00000000,0.00000000,0.00000000,0.00000000,0.00000000,0.00000000,0.00000000,0.00000000,0.00000000,0.00000000,0.00000000,0.00000000,0.00000000,0.00000000,0.00000000,0.04097334,0.00000000,0.00000000,0.00000000,0.00000000,0.00000000,0.00000000,0.00000000,0.00000000,0.00000000,0.00000000,0.00295994,0.00000000,0.00000000,0.00000000,0.00000000,0.00000000,0.00193953,0.00000000,0.00000000,0.00000000,0.00000000,0.00000000,0.00000000,0.00000000,0.00000000,0.00000000,0.00000000,0.00000000,0.00000000,0.00000000,0.00000000,0.07185540,0.00000000,0.00000000,0.00279766,0.00000000,0.02959931,0.00000000,0.00000000,0.00000000,0.00000000,0.00841712,0.00000000,1.79203901,0.00000000,0.00000000,0.00000000,0.00000000,0.00000000,0.00000000,0.00000000,0.00000000,0.00000000,0.00000000,0.00000000,0.00000000,0.00000000,0.00000000,0.00000000,0.01401649,0.00000000,0.00000000,0.00000000,0.00000000,0.00000000,0.00000000,0.00000000,0.00000000,0.00000000,0.00000000,0.00000000,0.00000000,0.00000000,0.00000000,0.00000000,0.00000000,0.00895694,0.00000000,0.00000000,0.01926486,0.00000000,0.00000000,0.00000000,0.00000000,0.00000000,0.00000000,0.00000000,0.00000000,0.00000000,0.00111869,0.00000000,0.00000000,0.00000000,0.00000000,0.00000000,0.00000000,0.00143647,0.00194694,0.00592627,0.02243487,0.00000000,0.00000000,0.00000000,0.00000000,0.05304477,0.00000000,0.00000000,0.00000000,0.00721746,0.00000000,0.00000000,0.00000000,0.00000000,0.00000000,0.00000000,0.00000000,0.00000000,0.00000000,0.00000000,0.00000000,0.00000000,0.00000000,0.00000000,0.00000000,0.00000000,0.00000000,0.00161514,0.00000000,0.00000000,0.00000000,0.00000000,0.00179768,0.00000000,0.00000000,0.00000000,0.00000000,0.00080575,0.00000000,0.00000000,0.00000000,0.00000000,0.00000000,0.05488591,0.00000000,0.00000000,0.20664847,0.00526814,0.00000000,0.00000000,0.00000000,0.00000000,0.11683711,0.00000000,0.00000000,0.00000000,0.00000000,0.00000000,0.05760210,0.00000000,0.00000000,0.00000000,0.00000000,0.00000000,0.00000000,0.00000000,0.00000000,0.00000000,0.00000000,0.00000000,0.00000000,0.00000000,0.00000000,0.00000000,0.00000000,0.00000000,0.00000000,0.00000000,0.00000000,0.00000000,0.08595613,0.00000000,0.03127589,0.00000000,0.00000000,0.00000000,0.02093255,0.20756448,0.02685344,0.00000000,0.00374077,0.00000000,0.00000000,0.00000000,0.00000000,0.00000000,0.00000000,0.00000000,0.02383178,0.00000000,0.00000000,0.00000000,0.00000000,0.00000000,0.00000000,0.00000000,0.00000000,0.00000000,0.00000000,0.00000000,0.00000000,0.00000000,0.00397415,0.00000000,0.00000000,0.00000000,0.00000000,0.00000000,0.01599868,0.00000000,0.00000000,0.00000000,0.00000000,0.00000000,0.00000000,0.00000000,0.00000000,0.00000000,0.00000000,0.00000000,0.00000000,0.00000000,0.00000000,0.00000000,0.00404827,0.00000000,0.00000000,0.00000000,0.00000000,0.00000000,0.00000000,0.00000000,0.00000000,0.00000000,0.00000000,0.00000000,0.00000000,0.03158949,0.00000000,0.00000000,0.00000000,0.00000000,0.00000000,0.00000000,0.00000000,0.00000000,0.00000000,0.00000000,0.00000000,0.00128296,0.00000000,0.00000000,0.00000000,0.00000000,0.00000000,0.00000000,0.00000000,0.00000000,0.00000000,0.00000000,0.00000000,0.00000000,0.00578153,0.00000000,0.00000000,0.00000000,0.00000000,0.00000000,0.00000000,0.00000000,0.00000000,0.00000000,0.00000000,0.00000000,0.00000000,0.00000000,0.00000000,0.00000000,0.00715726,0.00000000,0.00000000,0.00000000,0.01063433,0.00000000,0.00000000,0.00000000,0.00000000,0.00000000,0.00000000,0.00000000,0.00000000,0.00000000,0.00000000,0.00000000,0.00110953,0.00291076,0.00000000,0.00000000,0.00000000,0.00000000,0.00000000,0.00000000,0.00000000,0.00000000,0.00000000,0.00347183,0.00000000,0.00000000,0.00000000,0.00000000,0.00000000,0.00000000,0.00000000,0.00000000,0.00000000,0.00000000,0.00000000,0.00000000,0.00000000,0.00401051,0.02286966,0.00000000,0.00000000,0.00000000,0.00106702,0.00000000,0.00000000,0.00000000,0.00000000,0.00000000,0.00000000,0.00000000,0.00000000,0.00000000,0.00000000,0.00000000,0.00000000,0.00000000,0.00000000,0.00000000,0.00000000,0.00197376,0.00000000,0.10516612,0.00000000,0.00726224,0.00000000,0.00000000,0.00000000,0.00000000,0.00000000,0.00000000,0.00000000,0.00000000,0.00000000,0.00000000,0.00000000,0.10138379,0.00000000,0.00979773,0.00000000,0.00000000,0.00000000,0.00000000,0.00000000,0.00000000,0.00000000,0.00000000,0.00000000,0.00000000,0.00000000,0.00000000,0.00000000,0.00000000,0.00000000,0.00000000,0.00000000,0.00000000,0.00000000,0.98268640,0.00000000,0.00000000,0.00000000,0.00000000,0.00000000,0.00000000,0.00230122,0.00000000,0.00000000,0.00000000,0.00000000,0.00000000,0.00000000,0.00000000,0.00217976,0.00000000,0.01147925,0.00000000,0.00000000,0.00000000,0.00879097,0.08138270,0.00000000,0.00000000,0.00000000,0.00000000,0.04186718,0.00000000,0.00000000,0.00000000,0.00000000,0.00000000,0.00000000,0.00000000,0.00000000,0.00000000,0.00000000,0.00000000,0.00000000,0.00000000,0.00850150,0.00000000,0.00000000,0.00000000,0.00000000,0.00000000,0.00000000,0.00678342,0.00000000,0.00000000,0.00000000,0.00000000,0.00000000,0.00000000,0.00367587,0.00000000,0.00000000,0.00000000,0.00000000,0.00000000,0.00000000,0.00000000,0.00000000,0.00000000,0.00000000,0.00000000,0.00000000,0.00249297,0.00000000,0.00000000,0.00000000,0.00000000,0.00000000,0.00000000,0.00000000,0.00000000,0.00000000,0.00000000,0.00000000,0.00000000,0.00000000,0.00000000,0.00000000,0.00000000,0.00383646,0.00000000,0.00000000,0.00000000,0.00000000,0.00737673,0.00000000,0.11928302,0.03387748,0.00000000,0.00000000,0.00000000,0.00000000,0.00000000,0.00000000,0.00000000,0.00000000,0.00000000,0.00000000,0.00000000,0.00000000,0.00000000,0.00000000,0.00000000,0.00000000,0.00000000,0.00000000,0.00000000,0.00000000,0.00000000,0.00000000,0.00000000,0.00000000,0.00000000,0.00000000,0.00000000,0.00000000,0.00000000,0.00000000,0.00000000,0.07590273,0.00000000,0.00000000,0.00359668,0.19568523,0.00000000,0.00000000,0.00000000,0.00000000,0.00000000,0.00000000,0.00000000,0.00142901,0.00000000,0.00000000,0.00000000,0.00000000,0.00000000,0.00000000,0.00000000,0.00000000,0.00000000,0.00000000,0.00000000,0.00000000,0.00000000,0.00000000,0.00000000,0.00000000,0.00000000,0.00000000,0.00000000,0.02059119,0.00000000,0.00000000,0.00000000,0.00000000,0.00000000,0.00000000,0.00000000,0.08764844,0.00000000,0.00000000,0.00893937,0.00000000,0.00000000,0.01632363,0.00000000,0.00347284,0.00000000,0.00000000,0.00000000,0.00000000,0.00000000,0.00000000,0.00000000,0.00000000,0.00000000,0.00000000,0.00000000,0.00000000,0.00000000,0.00000000,0.00000000,0.00000000,0.00000000,0.00000000,0.00000000,0.00000000,0.00000000,0.00000000,0.00000000,0.00000000,0.00000000,0.00000000,0.00000000,0.13599514,0.00632347,0.00000000,0.00000000,0.00000000,0.00000000,0.00000000,0.00000000,0.00000000,0.00000000,0.00386877,0.00000000,0.00000000,0.00000000
0.00000000,0.00000000,0.00000000,0.00000000,0.00000000,0.00000000,0.00000000,0.00000000,0.00000000,0.00000000,0.00000000,0.00000000,0.00000000,0.00000000,0.00000000,0.00000000,0.00000000,0.00000000,0.00000000,0.00000000,0.00000000,0.00000000,0.00000000,0.00000000,0.00000000,0.01199573,0.00000000,0.00000000,0.00000000,0.00000000,0.00000000,0.00000000,0.00000000,0.00000000,0.00000000,0.00000000,0.00000000,0.00000000,0.00000000,0.00000000,0.00000000,0.00000000,0.00000000,0.00000000,0.00000000,0.07198545,0.00000000,0.00239913,0.00000000,0.00000000,0.00000000,0.00000000,0.00000000,0.00000000,0.00000000,0.01763383,0.00000000,0.00000000,0.00746631,0.00000000,0.00000000,0.00000000,0.00000000,0.00000000,0.00000000,0.00000000,0.00000000,0.00000000,0.00000000,0.00000000,0.00000000,0.00000000,0.00156038,0.02259932,0.00000000,0.00000000,0.00000000,0.00000000,0.00000000,0.00000000,0.00000000,0.00000000,0.00000000,3.36776367,0.00000000,0.00000000,0.00000000,0.00000000,0.00000000,0.00636822,0.00000000,0.00000000,0.00000000,0.00000000,0.00000000,0.00000000,0.00000000,0.00821637,0.00000000,0.00108441,0.00000000,0.00000000,0.00000000,0.00000000,0.00000000,0.00000000,0.00000000,0.00000000,0.00000000,0.00000000,0.00051157,0.00101190,0.10369636,0.01519462,0.00000000,0.01589118,0.20412923,0.00000000,0.00000000,0.00000000,0.00000000,0.00000000,0.00000000,0.00000000,0.00000000,0.00000000,0.00000000,0.00000000,0.00000000,0.00000000,0.05974154,0.00242463,0.00000000,0.00000000,0.00000000,0.00000000,0.00000000,0.01014443,0.01086332,0.00000000,0.00000000,0.00000000,0.00000000,0.00000000,0.00000000,0.00000000,0.00000000,0.00000000,0.00000000,0.00000000,0.00000000,0.01024345,0.00000000,0.01117773,0.00000000,0.00000000,0.00000000,0.00000000,0.00000000,0.02291546,0.00000000,0.00094187,0.00000000,0.00668665,0.00000000,0.08648974,0.00732448,0.00000000,0.00000000,0.02041063,0.00000000,0.00000000,0.00323664,0.00000000,0.00000000,0.00000000,0.00000000,0.00000000,0.00000000,0.00000000,0.00000000,0.00000000,0.00000000,0.00000000,0.00000000,0.00000000,0.00000000,0.00000000,0.00000000,0.00000000,0.00000000,0.00000000,0.00000000,0.00000000,0.00091427,0.00000000,0.00000000,0.00000000,0.00000000,0.00000000,0.00000000,0.00000000,0.00000000,0.00000000,0.00000000,0.00000000,0.00000000,0.00000000,0.00000000,0.00000000,0.00000000,0.00000000,0.00000000,0.00000000,0.00000000,0.00000000,0.00000000,0.00000000,0.00000000,0.00000000,0.00000000,0.00000000,0.00000000,0.00000000,0.00000000,0.00000000,0.00000000,0.00000000,0.00000000,0.00000000,0.00539576,0.00000000,0.00664800,0.00000000,0.00000000,0.00000000,0.00000000,0.00000000,0.00000000,0.00000000,0.00000000,0.00000000,0.00000000,0.00000000,0.00000000,0.00000000,0.00000000,0.00000000,0.00000000,0.00000000,0.00000000,0.00000000,0.00000000,0.00989371,0.00000000,0.00787601,0.00000000,0.00000000,0.00000000,0.00316575,0.00000000,0.00000000,0.00000000,0.00000000,0.00000000,0.00000000,0.00000000,0.00000000,0.00000000,0.00000000,0.00000000,0.00000000,0.00000000,0.00000000,0.00000000,0.00000000,0.00000000,0.00000000,0.00000000,0.00000000,0.00000000,0.00000000,0.00000000,0.00825925,0.00000000,0.00000000,0.00000000,0.00346595,0.00000000,0.00000000,0.00000000,0.00000000,0.00143647,0.00000000,0.00000000,0.00000000,0.00000000,0.00000000,0.00000000,0.00000000,0.00000000,0.00000000,0.00000000,0.01115522,0.00000000,0.00000000,0.00000000,0.00000000,0.00000000,0.01941277,0.00000000,0.00000000,0.00000000,0.88809941,0.00489231,0.00077125,0.04274656,0.00000000,0.00000000,0.00000000,0.00000000,0.00000000,0.00000000,0.00000000,0.00000000,0.00000000,0.00000000,0.00000000,0.00000000,0.00257875,0.00000000,1.20542893,0.00000000,0.00000000,0.00000000,0.00000000,0.00000000,0.00000000,0.00000000,0.00000000,0.09424538,0.00227406,0.00000000,0.00000000,0.00000000,0.00000000,0.00000000,0.00000000,0.00000000,0.00000000,0.00000000,0.00000000,0.00000000,0.15877832,0.00000000,0.00000000,0.00000000,0.00000000,0.00000000,0.20198851,0.00000000,0.00000000,0.04475530,0.00000000,0.00000000,0.00000000,0.00000000,0.00000000,0.00000000,0.00000000,0.00000000,0.00000000,0.00000000,0.00000000,0.00000000,0.00000000,0.00000000,0.00000000,0.00000000,0.00217491,0.00000000,0.00000000,0.00341904,0.00000000,0.00000000,0.00218707,0.00000000,0.00000000,0.00000000,0.00000000,0.00000000,0.00000000,0.00000000,0.00000000,0.00000000,0.00091699,0.00000000,0.00000000,0.00000000,0.00000000,0.00000000,0.00000000,0.00000000,0.00000000,0.00000000,0.00000000,0.00000000,0.00000000,0.00000000,0.00000000,0.00000000,0.00000000,0.00000000,0.00000000,0.02225849,0.00000000,0.00000000,0.00000000,0.00000000,0.00000000,0.00000000,0.00000000,0.00000000,0.00000000,0.00000000,0.00000000,0.00000000,0.00000000,0.00000000,0.00000000,0.01485055,0.00000000,0.00000000,0.00000000,0.00000000,0.00000000,0.00000000,0.00000000,0.00000000,0.00000000,0.00000000,0.00000000,0.00000000,0.00364827,0.00000000,0.04404345,0.00508692,0.00000000,0.00502969,0.00000000,0.00000000,0.00397114,0.00000000,0.00000000,0.00000000,0.34270459,0.00000000,0.00000000,0.00000000,0.00000000,0.00000000,0.01269472,0.00000000,0.00000000,0.00000000,0.52248232,0.05488464,0.00000000,0.00000000,0.00000000,0.00000000,0.00000000,0.00000000,0.00493153,0.00000000,0.00000000,0.00000000,0.00055823,0.00000000,0.00000000,0.00000000,0.00000000,0.00000000,0.00000000,0.00000000,0.00000000,0.00000000,0.00000000,0.06064316,0.00000000,0.00505845,0.00000000,0.00000000,0.00363701,0.00000000,0.00000000,0.00000000,0.00000000,0.10190806,0.00000000,0.00000000,0.00000000,0.00000000,0.00000000,0.00000000,0.00000000,0.00000000,0.00000000,0.00000000,0.00000000,0.00000000,0.00000000,0.00000000,0.00000000,0.00000000,0.00000000,0.00000000,0.00000000,0.01375474,0.00000000,0.00000000,0.00000000,0.00000000,0.00000000,0.00000000,0.00000000,0.00000000,0.00000000,0.00000000,0.00000000,0.00177104,0.00000000,0.00000000,0.00000000,0.00525821,0.00000000,0.00000000,0.00000000,0.00000000,0.00000000,0.00202252,0.00000000,0.00000000,0.00000000,0.00000000,0.00000000,0.00000000,0.00388037,0.00000000,0.00000000,0.00000000,0.00000000,0.00000000,0.00000000,0.00000000,0.00000000,0.00000000,0.01066646,0.00000000,0.00333623,0.00000000,0.00465375,0.00000000,0.00000000,0.00000000,0.02345078,0.00000000,0.00000000,0.00700739,0.00000000,0.00000000,0.00000000,0.00000000,0.00000000,0.00000000,0.00000000,0.00000000,0.00000000,0.00000000,0.00000000,0.00000000,0.00000000,0.00000000,0.00000000,0.00000000,0.00000000,0.00000000,0.00000000,0.00000000,0.00000000,0.00000000,0.00291399,0.00000000,0.00000000,0.00453383,0.00000000,0.00000000,0.00000000,0.00000000,0.00000000,0.00000000,0.00000000,0.00000000,0.00000000,0.00000000,0.00000000,0.00000000,0.00000000,0.02835026,0.00000000,0.00000000,0.00000000,0.00000000,0.00000000,0.00000000,0.00000000,0.00000000,0.00000000,0.00000000,0.04515942,0.00000000,0.01209542,0.00000000,0.00000000,0.00760612,0.00000000,0.00000000,0.00000000,0.00000000,0.00000000,0.00000000,0.03290522,0.00000000,0.00000000,0.00000000,0.00000000,0.00000000,0.00000000,0.00000000,0.00000000,0.00000000,0.00000000,0.00000000,0.00000000,0.00000000,0.00000000,0.00000000,0.00000000,0.00000000,0.00000000,0.00000000,0.00723718,0.00379976,0.02752801,0.00000000,0.00000000,0.02235408,0.00000000,0.00000000,0.00924923,0.00000000,0.00125260,0.00000000,0.00000000,0.00000000,0.00000000,0.00000000,0.00000000,0.00000000,0.00122031,0.00000000,0.04171576,0.00000000,0.00000000,0.00000000,0.00000000,0.00000000,0.00000000,0.00000000,0.00000000,0.00000000,0.00000000,0.00201691,0.00000000,0.00000000,0.00000000,0.00000000,0.00000000,0.01195076,0.00000000,0.00000000,0.00000000,0.00000000,0.00000000,0.00000000,0.00000000,0.00000000,0.00000000,0.00000000,0.00000000,0.00000000,0.00000000,0.00195449,0.00000000,0.00000000,0.00000000,0.02319528,0.00000000,0.00000000,0.00000000,0.00000000,0.00000000,0.00000000,0.00000000,0.00000000,0.00000000,0.00000000,0.00000000,0.00146005,0.00000000,0.00000000,0.00000000,0.00000000,0.00000000,0.00740632,0.01452047,0.00000000,0.00000000,0.00000000,0.00000000,0.00000000,0.00000000,0.11152073,0.00000000,0.00000000,0.00000000,0.00869883,0.00000000,0.00000000,0.00000000,0.00000000,0.00000000,0.00000000,0.00000000,0.00000000,0.00000000,0.00000000,0.00000000,0.00000000,0.00000000,0.00000000,0.00000000,0.00000000,0.00000000,0.00000000,0.00000000,0.00000000,0.00000000,0.00000000,0.00000000,0.02235408,0.00000000,0.01325292,0.00000000,0.00000000,0.00000000,0.00000000,0.00000000,0.00499479,0.00000000,0.00000000,0.00210083,0.00000000,0.00000000,0.00000000,0.00000000,0.00000000,0.00000000,0.00000000,0.00000000,0.00000000,0.00000000,0.00000000,0.00000000,0.00000000,0.00000000,0.02445522,0.00000000,0.00000000,0.00000000,0.00000000,0.00000000,0.00000000,0.17485720,0.00000000,0.00000000,0.00000000,2.51326349,0.00000000,0.00000000
0.05150152,0.00000000,0.00000000,0.00000000,0.00000000,0.00000000,0.00000000,0.00000000,0.00000000,0.00000000,0.00000000,0.00000000,0.00000000,0.00000000,0.00000000,0.00000000,0.00000000,0.00000000,0.00000000,0.00000000,0.00000000,0.00000000,0.00000000,0.00000000,0.00000000,0.03702342,0.00000000,0.00000000,0.00000000,0.00000000,0.00000000,0.00000000,0.00000000,0.01852046,0.00000000,0.00000000,0.00000000,0.00000000,0.00000000,0.00000000,0.01020760,0.00000000,0.00000000,0.00000000,0.00000000,0.00696005,0.00000000,0.00000000,0.00397807,0.00000000,0.05666385,0.00000000,0.00000000,0.00000000,0.00000000,0.00000000,0.00000000,0.00000000,0.00000000,0.00000000,0.00000000,0.00000000,0.00000000,0.00000000,0.00000000,0.00000000,0.00000000,0.00000000,0.00000000,0.00000000,0.00000000,0.00000000,0.00000000,0.00000000,0.00000000,0.00000000,0.00000000,0.00000000,0.00354519,0.00226912,0.00000000,0.00000000,0.00000000,0.00000000,0.00000000,0.00072485,0.00000000,0.00354860,0.04325404,0.00000000,0.00000000,0.00000000,0.00000000,0.00000000,0.00000000,0.00000000,0.00000000,0.00000000,0.00000000,0.00617541,0.00000000,0.04963839,0.00000000,0.00000000,0.00000000,0.00000000,0.00000000,0.00000000,0.00000000,0.00000000,0.00000000,0.00000000,0.00000000,0.00000000,0.00172015,0.00000000,0.00000000,0.00000000,0.00000000,0.00000000,0.00000000,0.00000000,0.00000000,0.00000000,0.00000000,0.00000000,0.00000000,0.00000000,0.00000000,0.00000000,0.00000000,0.00000000,0.01683609,0.00000000,0.00000000,0.00000000,0.00000000,0.00000000,0.00000000,0.00000000,0.00000000,0.03086000,0.00000000,0.00000000,0.03659984,0.00000000,0.00000000,0.00000000,0.00000000,0.00000000,0.00000000,1.82708913,0.00000000,0.00254223,0.00000000,0.00627286,0.00000000,0.00000000,0.00000000,0.00624016,0.00000000,0.00196489,0.00000000,0.00000000,0.00000000,0.00000000,0.00000000,0.00311007,0.00000000,0.00210882,0.00000000,0.00000000,0.00000000,0.00822249,0.00000000,0.02806792,0.00000000,0.00000000,0.00000000,0.00000000,0.00000000,1.85795645,0.00000000,0.06103727,0.00000000,0.00000000,0.00000000,0.00000000,0.00000000,0.00000000,0.00125847,0.00000000,0.00000000,0.00000000,0.00000000,0.00000000,0.00000000,0.00000000,0.00000000,0.00000000,0.00000000,0.00000000,0.00000000,0.00000000,0.00000000,0.00000000,0.00000000,0.00000000,0.00000000,0.00000000,0.00000000,0.00000000,0.00000000,0.00000000,0.00000000,0.00000000,0.02448129,0.00759561,0.00000000,0.00000000,0.00000000,0.00000000,0.00000000,0.00000000,0.00000000,0.00000000,0.00000000,0.00000000,0.00000000,0.00000000,0.00000000,0.00000000,0.00000000,0.00000000,0.00000000,0.00000000,0.00000000,0.00000000,0.00000000,0.00136345,0.15902661,0.00000000,0.00000000,0.00000000,0.00000000,0.00000000,0.00000000,0.00000000,0.00000000,0.00000000,0.00000000,0.00000000,0.00000000,0.00000000,0.00000000,0.00000000,0.00000000,0.00000000,0.00443387,0.00000000,0.00000000,0.00000000,0.00000000,0.00000000,0.00000000,0.00000000,0.00000000,0.00000000,0.00302019,0.00000000,0.00122770,0.00000000,0.00000000,0.00000000,0.05571580,0.00000000,0.00072208,0.00000000,0.00000000,0.00000000,0.00000000,0.00000000,0.21775814,0.00000000,0.00000000,0.00000000,0.00000000,0.00000000,0.00000000,0.00000000,0.00000000,0.00572085,0.00194694,0.00000000,0.00000000,0.02008278,0.00000000,0.06445807,0.00000000,0.00000000,0.00000000,0.00000000,0.00000000,0.00000000,0.00000000,0.00000000,0.00000000,0.00000000,0.00000000,0.00000000,0.00000000,0.00000000,0.00000000,0.00000000,0.00000000,0.00159910,0.00000000,0.00000000,0.00000000,0.00000000,0.00000000,0.00000000,0.00000000,0.00000000,0.00000000,0.00000000,0.00000000,0.00000000,0.00000000,0.00000000,0.00000000,0.00000000,0.00000000,0.00000000,0.00000000,0.00000000,0.00000000,0.00000000,0.00000000,0.00000000,0.00000000,0.00000000,0.00000000,0.00000000,0.00000000,0.00201527,0.00000000,0.00145336,0.00151819,0.00000000,0.00000000,0.00000000,0.00477688,0.02082188,0.00400379,0.00000000,0.00000000,0.00000000,0.00000000,0.00000000,0.00000000,0.00000000,0.00000000,0.01731411,0.00000000,0.00425809,0.00000000,0.00611675,0.00000000,0.00000000,0.00000000,0.00000000,0.00000000,0.00138314,0.00000000,0.00000000,0.00000000,0.01079348,0.00309474,1.45018862,0.00000000,0.00000000,0.01851162,0.00000000,0.00000000,0.00000000,0.00678923,0.00000000,0.01559742,0.00000000,0.00000000,0.00000000,0.00000000,0.00000000,0.00314369,0.00000000,0.00000000,0.00321597,0.00000000,0.00530975,0.00000000,0.00219480,0.00000000,0.00000000,0.01827601,0.00000000,0.00000000,0.00000000,0.00000000,0.04575205,0.00000000,0.00000000,0.00000000,0.00000000,0.00000000,0.00000000,0.00000000,0.00000000,0.00000000,0.00000000,0.00000000,0.00000000,0.00000000,0.00000000,0.00000000,0.00000000,0.00000000,0.00000000,0.00000000,0.00000000,0.00000000,0.00787974,0.00000000,0.00000000,0.00000000,0.00000000,0.00985596,0.00000000,0.00000000,0.00000000,0.00000000,0.00000000,0.00000000,0.00000000,0.00000000,0.00000000,0.00000000,0.00000000,0.00318673,0.00000000,0.00000000,0.00000000,0.00000000,0.00000000,0.00000000,0.00000000,0.00000000,0.00000000,0.00747514,0.00000000,0.00000000,0.00000000,0.00000000,0.00000000,0.01114235,0.00000000,0.00000000,0.00000000,0.00000000,0.00000000,0.00000000,0.00000000,0.03280835,0.00652452,0.00000000,0.02888248,0.00000000,0.00000000,0.00000000,0.00000000,0.00000000,0.00000000,0.00000000,0.00000000,0.00000000,0.00000000,0.00000000,0.00000000,0.00000000,0.00000000,0.01039395,0.00000000,0.00000000,0.00000000,0.00000000,0.00000000,0.00000000,0.00000000,0.00000000,0.00000000,0.00000000,0.00000000,0.02322985,0.00000000,0.00000000,0.00000000,0.00000000,0.00767933,0.00000000,0.00000000,0.00000000,0.00000000,0.00000000,0.04635980,0.00138281,0.00000000,0.00227230,0.00000000,0.00000000,0.00000000,0.00000000,0.00000000,0.00000000,0.00000000,0.02093493,0.00000000,0.00000000,0.00000000,0.00000000,0.00000000,0.00000000,0.00000000,0.00000000,0.00000000,0.00000000,0.00000000,0.00000000,0.00121766,0.00000000,0.00000000,0.00000000,0.00000000,0.00000000,0.00000000,0.00000000,0.00000000,0.00000000,0.00000000,0.00000000,0.00000000,0.00000000,0.00000000,0.00491985,0.00199651,0.00000000,0.00000000,0.00000000,0.00000000,0.00000000,0.00000000,0.00000000,0.00000000,0.00000000,0.00000000,0.00363786,0.00000000,0.00000000,0.00000000,0.01219281,0.00000000,0.00000000,0.00000000,0.00000000,0.00000000,0.00000000,0.00000000,0.00000000,0.00000000,0.00000000,0.00000000,0.00000000,0.00000000,0.00000000,0.00000000,0.00098160,0.01062916,0.00000000,0.00000000,0.00000000,0.00000000,0.00000000,0.00000000,0.00000000,0.00000000,0.00000000,0.00000000,0.00000000,0.20789144,0.00000000,0.00000000,0.00808889,0.00000000,0.00000000,0.00000000,0.00000000,0.00000000,0.00000000,0.00000000,0.00000000,0.00000000,0.00542827,0.00000000,0.00000000,0.00000000,0.00000000,0.00000000,0.00000000,0.00000000,0.00000000,0.00000000,0.00000000,0.00000000,0.00000000,0.00000000,0.00000000,0.00000000,0.00000000,0.00000000,0.00000000,0.00000000,0.00000000,0.00000000,0.00000000,0.00000000,0.00000000,0.00000000,0.00000000,3.52129857,0.00000000,0.00000000,0.00000000,0.00401838,0.00000000,0.00000000,0.00000000,0.00000000,0.00000000,0.00000000,0.00000000,0.00000000,0.00000000,0.00000000,0.00000000,0.00000000,0.00000000,0.00000000,0.00000000,0.00000000,0.00000000,0.00000000,0.00000000,0.00000000,0.00000000,0.00000000,0.00000000,0.00000000,0.00000000,0.00000000,0.00000000,0.00000000,0.00000000,0.00000000,0.06776467,1.67220424,0.00000000,0.00000000,0.00000000,0.00875829,0.00712223,0.00000000,0.00000000,0.00000000,0.00000000,0.00000000,0.00000000,0.00000000,0.00000000,0.00000000,0.00000000,0.00000000,0.00000000,0.00000000,0.06029315,0.00361635,0.00000000,0.00000000,0.00000000,0.00000000,0.00000000,0.00000000,0.00244168,0.00000000,0.00000000,0.00000000,0.00582425,0.00000000,0.00000000,0.00000000,0.00000000,0.00000000,0.07272935,0.00000000,0.00000000,0.00000000,0.00000000,0.00000000,0.03971982,0.00000000,0.00000000,0.00000000,0.00000000,0.00000000,0.01138391,0.00000000,0.00000000,0.00000000,0.08561918,0.00189357,0.00000000,0.00000000,0.00000000,0.00000000,1.65013113,0.00000000,0.00000000,0.00000000,0.00000000,0.00000000,0.00000000,0.00000000,0.00000000,0.00000000,0.00000000,0.00000000,0.00000000,0.00000000,0.00000000,0.00000000,0.00000000,0.00000000,0.00000000,0.00000000,0.00000000,0.00000000,0.00000000,0.00000000,0.00000000,0.00000000,0.00000000,0.00000000,0.00000000,0.00000000,0.00000000,0.00000000,0.00000000,0.04115576,0.00564505,0.00000000,0.00000000,0.04142689,0.00000000,0.00000000,0.00000000,0.00000000,0.00000000,0.00000000,0.00000000,0.00000000,0.00000000,0.00000000,0.00000000,0.00000000,0.00000000,0.00000000,0.01878833,0.00000000,0.00000000,0.00000000,0.00137040,0.00000000,0.00000000,0.00000000,0.00000000,0.00000000,0.00000000,0.00000000,0.00000000,0.00000000,0.00000000,0.00121644
0.00000000,0.00000000,0.00000000,0.00000000,0.00000000,0.00000000,0.00281281,0.00000000,0.00269104,0.00000000,0.00000000,0.00000000,0.00000000,0.00000000,0.00000000,0.00000000,0.00000000,0.00314108,0.00000000,0.09858028,0.00000000,0.00000000,0.00000000,0.00000000,0.00000000,0.00000000,0.01155456,0.00000000,0.00000000,0.00000000,0.00444753,0.00000000,0.00000000,0.00000000,0.00000000,0.00000000,0.00000000,0.00000000,0.00000000,0.00000000,0.00000000,0.00000000,0.00000000,0.00000000,0.00000000,0.00000000,0.00000000,0.27020860,0.00000000,0.00084429,0.00000000,0.00000000,0.00000000,0.00000000,0.00000000,0.00000000,0.00000000,0.00000000,0.00000000,0.00000000,0.00000000,0.00000000,0.01329461,0.00000000,0.00000000,0.01533843,0.00000000,0.00000000,0.00000000,0.00000000,0.00000000,0.00000000,0.00000000,0.00000000,0.00000000,0.00000000,0.00000000,0.00000000,0.00000000,0.00000000,0.00375811,0.00000000,0.00000000,0.00364983,0.00000000,0.00000000,0.00000000,0.00000000,0.00000000,0.00000000,0.00000000,0.00000000,0.00000000,0.00000000,0.00000000,0.00000000,0.00000000,0.00000000,0.00000000,0.00000000,0.00000000,0.00000000,0.00000000,0.00000000,0.00000000,0.00000000,0.00000000,0.00190280,0.00000000,0.00000000,0.00000000,0.00000000,0.00000000,0.00430732,0.00000000,0.00000000,0.00000000,0.00000000,0.00000000,0.00000000,0.00000000,0.00000000,0.00000000,0.02724992,0.00000000,0.00000000,0.00000000,0.00000000,0.00000000,0.00000000,0.00000000,0.00000000,0.00000000,0.00000000,0.00000000,0.00000000,0.00000000,0.00000000,0.00000000,0.00000000,0.00717278,0.00000000,0.00000000,0.00000000,0.00000000,0.00000000,0.00000000,0.00000000,0.00000000,0.02206770,0.00000000,0.00000000,0.00000000,0.00000000,0.00000000,0.00672424,0.00000000,0.00000000,0.00000000,0.00000000,0.00000000,0.00000000,0.00000000,0.00000000,0.00000000,0.00000000,0.01245013,0.00000000,0.00089590,0.00000000,0.00000000,0.00000000,0.00000000,0.00000000,0.00000000,0.00000000,0.00000000,0.00000000,0.00000000,0.00000000,0.22049646,0.00000000,0.00000000,0.00000000,0.00000000,0.00000000,0.00000000,0.00000000,0.00000000,0.00000000,0.00000000,0.00000000,0.00000000,0.00000000,0.00000000,0.00126806,0.00000000,0.00000000,0.00000000,0.00000000,0.00000000,0.00000000,0.04456195,0.00000000,0.00000000,0.00000000,0.00000000,0.00000000,0.00000000,0.00000000,0.00000000,0.00000000,0.00000000,0.00000000,0.00000000,0.00000000,0.00000000,0.00000000,0.00000000,0.00000000,0.00000000,0.00000000,0.00000000,0.00000000,0.00000000,0.08117159,0.10254250,0.00000000,0.00000000,0.00000000,0.00000000,0.00000000,0.00000000,0.00000000,0.00000000,0.02421469,0.00000000,0.00811130,0.00000000,0.00376910,0.00000000,0.00000000,0.00000000,0.00000000,0.00000000,0.02296427,0.00000000,0.00000000,0.00000000,0.00000000,0.00000000,0.00000000,0.00000000,0.00000000,0.00000000,0.00000000,0.00000000,0.00000000,0.00000000,0.00000000,0.00304539,0.00000000,0.00000000,0.00000000,0.00000000,0.00000000,0.00000000,0.00000000,0.00000000,0.00000000,0.00000000,0.00000000,0.00000000,0.00663473,0.00000000,0.00000000,0.00000000,0.00000000,0.00000000,0.00000000,0.00000000,0.00884441,0.01999677,0.00000000,0.00000000,0.00000000,0.00968627,0.00000000,0.00000000,0.00000000,0.00000000,0.00000000,0.00592627,0.00000000,0.02008278,0.00000000,0.00000000,0.00000000,0.00721080,0.00000000,0.00000000,0.00335159,0.00000000,0.00000000,0.03761305,0.01013091,0.00000000,0.00841918,0.00000000,0.09211734,0.00000000,0.00000000,0.00000000,0.00000000,0.00000000,0.00000000,0.00000000,0.00000000,0.00554482,0.00000000,0.00000000,0.00000000,0.00000000,0.00000000,0.00000000,0.00000000,0.00000000,0.00000000,0.00000000,0.00000000,0.00000000,0.00000000,0.00000000,0.00000000,0.00000000,0.00000000,0.00000000,0.00000000,0.00000000,0.00000000,0.00000000,0.00000000,0.00000000,0.00000000,0.00000000,0.00000000,0.00000000,0.00000000,0.02505821,0.00000000,0.00000000,0.00000000,0.00000000,0.00000000,0.00000000,0.00000000,0.00000000,0.00000000,0.00000000,0.00000000,0.00000000,0.00000000,0.00000000,0.00000000,0.00000000,0.00000000,0.00000000,0.00000000,0.00000000,0.00000000,0.00000000,0.00874762,0.00000000,0.00980851,0.00000000,0.00000000,0.00000000,0.03280349,0.00000000,0.00818680,0.00000000,0.00000000,0.00000000,0.00000000,0.00000000,0.00000000,0.00000000,0.00000000,2.71122268,0.00000000,0.00000000,0.00000000,0.00000000,0.00000000,0.00000000,0.00000000,0.00000000,0.00000000,0.00000000,0.00000000,0.00000000,0.00000000,0.00246798,0.00000000,0.00000000,0.00000000,0.00000000,0.00000000,0.00000000,0.00000000,0.00000000,0.00000000,0.00000000,0.00000000,0.00000000,0.00000000,0.00000000,0.00365804,0.00000000,0.00000000,0.00000000,0.00000000,0.00000000,0.00000000,0.00000000,0.00000000,0.00000000,0.00304894,0.00000000,0.00000000,0.00000000,0.00000000,0.00000000,0.00975573,0.00000000,0.00000000,0.00000000,0.00000000,0.00000000,0.00000000,0.00000000,0.00000000,0.00000000,0.00000000,0.02121418,0.00000000,0.05549628,0.00000000,0.00000000,0.00000000,0.00000000,0.01594754,0.00448072,0.00000000,0.00000000,0.00000000,0.00000000,0.01187910,0.00000000,0.00000000,0.00000000,0.00000000,0.00000000,0.00000000,0.00000000,0.00000000,3.29050813,0.00000000,0.00000000,0.00000000,0.00000000,0.00000000,0.00000000,0.00000000,0.00000000,0.00353852,0.00000000,0.00000000,0.00839798,0.00000000,0.00000000,0.00000000,0.00000000,0.00000000,0.00000000,0.00780167,0.00000000,0.00000000,0.00000000,0.00000000,0.00000000,0.00000000,0.00000000,0.00584440,0.00000000,0.00000000,0.00000000,0.00000000,0.00000000,0.00000000,0.01254555,0.00000000,0.00000000,0.00000000,0.00000000,0.00000000,0.00139304,0.00000000,0.00000000,0.00000000,0.04390761,0.00000000,0.00000000,0.00000000,0.00000000,0.00000000,0.00000000,0.00000000,0.01361799,0.00000000,0.00000000,0.00000000,0.00000000,0.00456156,0.00000000,0.00000000,0.00000000,0.00000000,0.00000000,0.11782815,0.00000000,0.00000000,0.00520607,0.00000000,0.00000000,0.26829451,0.00000000,0.01134392,0.00000000,0.02507959,0.00000000,0.00000000,0.00000000,0.09138534,0.00000000,0.01064836,0.00000000,0.00000000,0.00000000,0.00000000,0.00000000,0.00000000,0.00000000,0.00000000,0.00225980,0.00000000,0.00000000,0.00000000,0.00000000,0.00000000,0.00000000,0.00000000,0.00000000,0.00000000,0.00000000,0.01507542,0.00000000,0.00607356,0.00000000,0.00000000,0.00000000,0.00000000,0.00000000,0.00000000,0.00914703,0.00000000,0.00000000,0.00000000,0.00000000,0.00000000,0.00000000,0.00000000,0.00000000,0.00934455,0.00000000,0.00000000,0.00000000,0.00000000,0.00000000,0.00000000,0.00000000,0.00000000,0.09863470,0.00000000,0.00000000,0.00000000,0.00000000,0.00000000,0.06898586,0.00000000,0.00000000,0.00000000,0.00000000,0.00000000,0.00000000,0.03291359,0.00000000,0.00000000,0.00000000,0.00000000,0.00000000,0.00000000,0.00000000,0.00000000,0.00000000,0.00000000,0.00000000,0.00000000,0.00000000,0.00000000,0.00000000,0.00000000,0.00393201,0.00000000,0.00000000,0.00000000,0.00000000,0.00000000,0.00000000,0.00458060,0.00072085,0.00000000,0.02131826,0.00000000,0.00000000,0.00000000,0.00000000,0.00000000,0.00000000,0.03628944,0.00000000,0.36959440,0.00000000,0.00000000,0.00000000,0.00000000,0.00000000,0.00000000,0.00000000,0.00000000,0.00000000,0.00000000,0.00000000,0.00000000,0.00000000,0.00000000,0.00000000,0.01786878,0.00000000,0.00000000,0.00000000,0.00000000,0.00000000,0.06631355,0.00000000,0.00000000,0.00000000,0.00000000,0.00000000,0.00000000,0.00000000,0.00000000,0.00000000,0.00000000,0.00000000,0.00170722,0.00000000,0.00000000,0.00851373,0.00000000,0.00000000,0.00000000,0.00000000,0.00000000,0.01893299,0.00000000,0.00000000,0.00000000,0.00000000,0.00000000,0.00000000,0.00126401,0.00000000,0.00000000,0.01143327,0.00000000,0.00000000,0.00000000,0.00000000,0.00000000,0.00260015,0.00000000,0.00559013,0.00000000,0.00000000,0.00000000,0.00000000,0.00000000,0.00000000,0.00239781,0.01067938,0.00000000,0.00000000,0.00000000,0.21077505,0.00000000,0.00000000,0.00000000,0.00360673,0.00000000,0.00000000,0.00000000,0.00212616,0.00074759,0.00000000,0.00000000,0.00000000,0.00000000,0.00000000,0.00000000,0.00000000,0.00000000,0.00000000,0.05551676,0.00000000,0.00000000,0.00000000,0.00000000,0.00000000,0.00000000,0.00000000,0.00000000,0.00162961,0.00000000,0.00000000,0.00000000,0.00000000,0.00000000,0.00000000,0.00000000,0.00000000,0.00098917,0.00000000,0.00000000,0.00000000,0.00000000,0.00000000,0.00000000,0.00000000,0.00000000,0.00000000,0.00000000,0.00000000,0.00000000,0.00000000,0.00000000,0.01664836,0.00000000,0.00000000,0.01521749,0.00000000,0.00000000,0.00000000,0.00000000,0.00000000,0.00000000,0.00000000,0.00000000,0.01176423,0.33808465,0.00000000,0.00000000,0.00000000,0.00000000,0.00000000,0.00000000,0.00000000,0.00756957,0.00331473,0.00000000,0.00000000,0.00000000,0.00247100,0.00000000,0.00000000,0.00000000,0.00000000,0.00000000,0.00000000,0.00000000
0.00000000,0.00000000,0.00000000,0.00000000,0.00000000,0.00000000,0.00000000,0.00000000,0.00000000,0.00000000,0.00000000,0.00000000,0.00000000,0.00000000,0.00000000,0.00000000,0.00000000,0.00000000,0.00000000,0.00000000,0.00000000,0.00000000,0.00000000,0.00000000,0.00000000,0.00000000,0.00000000,0.00273881,0.00000000,0.00000000,0.00878215,0.00000000,0.00000000,0.00000000,0.00000000,0.00000000,0.00000000,0.00000000,0.00000000,0.00000000,0.00000000,0.12317441,0.00000000,0.00000000,0.00000000,0.00000000,0.02780579,0.00000000,0.00000000,0.02402987,0.00000000,0.00000000,0.00000000,0.00000000,0.00580482,0.00000000,0.00000000,0.00000000,0.06912295,0.00000000,0.00000000,0.00527816,0.00000000,0.00434541,0.00000000,0.00000000,0.12731663,0.00000000,0.00000000,0.00561582,0.00000000,0.00000000,0.02632503,0.00000000,0.00000000,0.00000000,0.00000000,0.01175804,0.00000000,0.00000000,0.00000000,0.00000000,0.00000000,0.00000000,0.01174017,0.00000000,0.00000000,0.00000000,0.00000000,0.00000000,0.06298634,0.00000000,0.00000000,0.00000000,0.00000000,0.00000000,0.00000000,0.00000000,0.00514324,0.00000000,0.00000000,0.00000000,0.00378029,0.00000000,0.00000000,0.00000000,0.00110933,0.00000000,0.00000000,0.00000000,0.00000000,0.00000000,0.00000000,0.00000000,0.00000000,0.00000000,0.00000000,0.00742024,0.01012221,0.00000000,0.00529216,0.00000000,0.00000000,0.00000000,0.00000000,0.00547829,0.00000000,0.00000000,0.00000000,0.07423636,0.00000000,0.00000000,0.02032435,0.00000000,0.00000000,0.06325728,0.02459530,0.00000000,0.00000000,0.14300992,0.00000000,0.00000000,0.00000000,0.00000000,0.00000000,0.00000000,0.00000000,0.00000000,0.00000000,0.00000000,0.00252246,0.00000000,0.00000000,0.00000000,0.00000000,0.00000000,0.00000000,0.00000000,0.00000000,0.00000000,0.00000000,0.00000000,0.00000000,0.00000000,0.00000000,0.00886457,0.00000000,0.00000000,0.00000000,0.02434598,0.00712228,0.00000000,0.00000000,0.00000000,0.00000000,0.00000000,0.00000000,0.00000000,0.00000000,0.00000000,0.00000000,0.00000000,0.11421500,0.00000000,0.00000000,0.00000000,0.00000000,0.00000000,0.00000000,0.00000000,0.00000000,0.00896869,0.02083449,0.00000000,0.00000000,0.00000000,0.00000000,0.00523212,0.00000000,0.00000000,0.00000000,0.00000000,0.00000000,0.00000000,0.00000000,0.00000000,0.00000000,0.00000000,0.00000000,0.00000000,0.00000000,0.00000000,0.00000000,0.00000000,0.00000000,0.00000000,0.00000000,0.00000000,0.00000000,0.00000000,0.00000000,0.00000000,0.00000000,0.00000000,0.00000000,0.45121079,0.05338871,0.00000000,0.02886789,0.00000000,0.00000000,0.00000000,0.00000000,0.00000000,0.00000000,0.00000000,0.00000000,0.00000000,0.00000000,0.00000000,0.00000000,0.00000000,0.00000000,0.00000000,0.00075724,0.00000000,0.00000000,0.00000000,0.00000000,0.00000000,0.00000000,0.00000000,0.00000000,0.00000000,0.00000000,0.00000000,0.00000000,0.00000000,0.00000000,0.00000000,0.00000000,0.00000000,0.01950127,0.00000000,0.00000000,0.00000000,0.00000000,0.00000000,0.00000000,0.00000000,0.00000000,0.00000000,0.00000000,0.00000000,0.00000000,0.00000000,0.00000000,0.00000000,0.00000000,0.00000000,0.00000000,0.00000000,0.00000000,0.01380442,0.00000000,0.00000000,0.00000000,0.00000000,0.00000000,0.00000000,0.00000000,0.00000000,0.02243487,0.00000000,0.00000000,0.00000000,0.00000000,0.00000000,0.00000000,0.00000000,0.00000000,0.00000000,0.00000000,0.00000000,0.00000000,0.00000000,0.00000000,0.00224151,0.00000000,0.00000000,0.00000000,0.00000000,0.00000000,0.00000000,0.00000000,0.00000000,0.00000000,0.00000000,0.00000000,0.00000000,0.00000000,0.00000000,0.01178506,0.00000000,0.00000000,0.00000000,0.00000000,0.03759936,0.00000000,0.00000000,0.00000000,0.00000000,0.00000000,0.00000000,0.00000000,0.00000000,0.00000000,0.00000000,0.00000000,0.00000000,0.00000000,0.00000000,0.00000000,0.00000000,0.00000000,0.00000000,0.00000000,0.00000000,0.00000000,0.00000000,0.00000000,0.00000000,0.00000000,0.00000000,0.34166102,0.00112176,0.00000000,0.00000000,0.00000000,0.00000000,0.00000000,0.00000000,0.00000000,0.00000000,0.00000000,0.00101095,0.00436167,0.00000000,0.00126675,0.00000000,0.00000000,0.00000000,0.00000000,0.00000000,0.00000000,0.00000000,0.00000000,0.00000000,0.00000000,0.00000000,0.00000000,0.00000000,0.00000000,0.00000000,0.00000000,0.00000000,0.00000000,0.00000000,0.00000000,0.00000000,0.00000000,0.00075310,0.00000000,0.00000000,0.00000000,0.00000000,0.01655663,0.00000000,0.00000000,0.00368393,0.00000000,0.15520346,0.00000000,0.00000000,0.00000000,0.00000000,0.00000000,0.00000000,0.02322744,0.00000000,0.00000000,0.00000000,0.00000000,0.00000000,0.00000000,0.00000000,0.00000000,0.00000000,0.00000000,0.00000000,0.00000000,0.00000000,0.00000000,0.00000000,0.00000000,0.00000000,0.00298232,0.00000000,0.00152322,0.00000000,0.00000000,0.00000000,0.00000000,0.00000000,0.00453481,0.07518846,0.00000000,0.00000000,0.00095159,0.00000000,0.00000000,0.00000000,0.00000000,0.00000000,0.00000000,0.00000000,0.00000000,0.00000000,0.00000000,0.00000000,0.00000000,0.00000000,0.00000000,0.00000000,0.00000000,0.00000000,0.00000000,0.00000000,0.00000000,0.00000000,0.00000000,0.00000000,0.00000000,0.03342358,0.00000000,0.18015737,0.00000000,0.00000000,0.00000000,0.00000000,0.00267812,0.00000000,0.00000000,0.01917760,0.00000000,0.00000000,0.00000000,0.00000000,0.00000000,0.00000000,0.01210767,0.01806116,0.00000000,0.00000000,0.00859501,0.00000000,0.00000000,0.00000000,0.00000000,0.00000000,0.00000000,0.03504871,0.00000000,0.00000000,0.00000000,0.00000000,0.00000000,0.00000000,0.00000000,0.00000000,0.00000000,0.00000000,0.00000000,0.00000000,0.00000000,0.00000000,0.00000000,0.00000000,0.00000000,0.00000000,0.00000000,0.00000000,0.00000000,0.00000000,0.00000000,0.00000000,0.00000000,0.00000000,0.00000000,0.04916515,0.00000000,0.04543290,0.00000000,0.00197108,0.00000000,0.00000000,0.00000000,0.00290329,0.01015177,0.00000000,0.00000000,0.00000000,0.00000000,0.01625555,0.00000000,0.00655410,0.00000000,0.00000000,2.19561938,0.00000000,0.00000000,0.00000000,0.00209858,0.00000000,0.00000000,0.00553271,0.00000000,0.00000000,0.00000000,0.00541147,0.00000000,0.00000000,0.00000000,0.00000000,0.00000000,0.00000000,0.00000000,0.00000000,0.00000000,0.00000000,0.00000000,0.00000000,0.00000000,0.00000000,0.00000000,0.00000000,0.00000000,0.00000000,0.00000000,0.00000000,0.00000000,0.00000000,0.00524496,0.00000000,0.00000000,0.00000000,0.00000000,0.00000000,0.00000000,0.00000000,0.00000000,0.00000000,0.00000000,0.05706961,0.00000000,0.00000000,0.13619062,0.00000000,0.00000000,0.00000000,1.08121353,0.00000000,0.00000000,0.00988193,0.00000000,0.00000000,0.00000000,0.00000000,0.00000000,0.00000000,0.00000000,0.00000000,0.00000000,0.00000000,0.00000000,0.00000000,0.00000000,0.00000000,0.00000000,0.00000000,0.00000000,0.00000000,0.00000000,0.00000000,0.00094628,0.00000000,0.00000000,0.00000000,0.00000000,0.00000000,0.00000000,0.00000000,0.00000000,0.05310338,0.01960417,0.00000000,0.00000000,0.00445028,0.00000000,0.00000000,0.00937130,0.00000000,0.00000000,0.00000000,0.00000000,0.01107537,0.00000000,0.00000000,0.00000000,0.00000000,0.00000000,0.00000000,0.00000000,0.00131452,0.00000000,0.00605500,0.00000000,0.00429064,0.00000000,0.00000000,0.00000000,0.00791095,0.00000000,0.00000000,0.00000000,0.00000000,0.00000000,0.00000000,0.00000000,0.03379413,0.00000000,0.00000000,0.00000000,0.00000000,0.00000000,0.00000000,0.00000000,0.00000000,0.00000000,0.00000000,0.00000000,0.00000000,0.00000000,0.00000000,0.00079408,0.00000000,0.00000000,0.00000000,0.00000000,0.00000000,0.00000000,0.00000000,0.00424578,0.00000000,0.00159702,0.00000000,0.00000000,0.00000000,0.00000000,0.00000000,0.00000000,0.00000000,0.00000000,0.00000000,0.00000000,0.00000000,0.00076763,0.01940134,0.00000000,0.01075037,0.00000000,0.00000000,0.00000000,0.00000000,0.00787035,0.00000000,0.00000000,0.00000000,0.00349796,0.00000000,0.00000000,0.00000000,0.00000000,0.00000000,0.00113991,0.00000000,0.00000000,0.00000000,0.00000000,0.12362008,0.00000000,0.00000000,0.00000000,0.00000000,0.00000000,0.00000000,0.00000000,0.00000000,0.00000000,0.01374457,0.00000000,0.00000000,0.00000000,0.00000000,0.00000000,0.00000000,0.00000000,0.00000000,0.00000000,0.00000000,0.00000000,0.00086669,0.00000000,0.00000000,0.00000000,0.00000000,0.00000000,0.00000000,0.00000000,0.00000000,0.00000000,0.00000000,0.00000000,0.00000000,0.00000000,0.00000000,0.00273251,0.00000000,0.00000000,0.00000000,0.00000000,0.00376375,0.00000000,0.00000000,0.00000000,0.00000000,0.00000000,0.00528696,0.00436688,0.00000000,0.00000000,0.00000000,0.00000000,0.00000000,0.00000000,0.00000000,0.00000000,0.03832245,0.00000000,0.00000000,0.00000000,0.00000000,0.00000000,0.00139908,0.00000000,0.00000000,0.00000000,0.00256871,0.00000000,0.00000000,0.00000000,0.00000000,0.00000000,0.00000000,0.00000000,0.00000000,0.00000000,0.00000000,0.00000000,0.00000000
0.00000000,0.00000000,0.00000000,0.00000000,0.00000000,0.00709240,0.00000000,0.00000000,0.00000000,0.00000000,0.00000000,0.00000000,0.50171861,0.00000000,0.00000000,0.00000000,0.00090222,0.00000000,0.00000000,0.00000000,0.00000000,0.00000000,0.00000000,0.00000000,0.00000000,0.00000000,0.00000000,0.00000000,0.00000000,0.00000000,0.00000000,0.00000000,0.00583263,0.00000000,0.00000000,0.00000000,0.00000000,0.00000000,0.00000000,0.00000000,0.00000000,0.01362301,0.00000000,0.00624072,0.00000000,0.00000000,0.00000000,0.00000000,0.00000000,0.00000000,0.00000000,0.00000000,0.00000000,0.00000000,0.00118418,0.00000000,0.00000000,0.00000000,0.00000000,0.00000000,0.00000000,0.00000000,0.00000000,0.00000000,0.00000000,0.00000000,0.00000000,0.00000000,0.00000000,0.00000000,0.00000000,0.00000000,0.00153174,0.00000000,0.00000000,0.00000000,0.00000000,0.00000000,0.00000000,0.00000000,0.24032604,0.00000000,0.00000000,0.00000000,0.00000000,0.00000000,0.00000000,0.00000000,0.00000000,0.00000000,0.00000000,0.00000000,0.00000000,0.00000000,0.00000000,0.02149927,0.00000000,0.00000000,0.00000000,0.00000000,0.00000000,0.00000000,0.00000000,0.00000000,0.00000000,0.01342261,0.00000000,0.00000000,0.00000000,0.00000000,0.00000000,0.00000000,0.00000000,0.00000000,0.00000000,0.00000000,0.00000000,0.00000000,0.00000000,0.00000000,0.00000000,0.00000000,0.00000000,0.00000000,0.00000000,0.01747850,0.00000000,0.00000000,0.00000000,0.00000000,0.00000000,0.00000000,0.00000000,0.00000000,0.00236090,0.00000000,0.00000000,0.00339578,0.00000000,0.00000000,0.00000000,0.00000000,0.00000000,0.00000000,0.00000000,0.00000000,0.00000000,0.00000000,0.00000000,0.00000000,0.00000000,0.00000000,0.00000000,0.00000000,0.00000000,0.00000000,0.00000000,0.00000000,0.00000000,0.00000000,0.00000000,0.00000000,0.00000000,0.00000000,0.00000000,0.00000000,0.00000000,0.00000000,0.00000000,0.00000000,0.00000000,0.00000000,0.00000000,0.04284515,0.00000000,0.00000000,0.00000000,0.22417735,0.00000000,0.00000000,0.00000000,0.05729363,0.00000000,0.00000000,0.00000000,0.00000000,0.00000000,0.00000000,0.00794746,0.13169773,0.00000000,0.00000000,0.00000000,0.00000000,0.00247942,0.00000000,0.00000000,0.00000000,0.00000000,0.00000000,0.06796173,0.00000000,0.00000000,0.00620211,0.00000000,0.00000000,0.00000000,0.00000000,0.00000000,0.00000000,0.00000000,0.00000000,0.00093821,0.00000000,0.00000000,0.00000000,0.00630560,0.00000000,0.00000000,0.00000000,0.00000000,0.00000000,0.00466289,0.00000000,0.00000000,0.00000000,0.00000000,0.00000000,0.00000000,0.00000000,0.00000000,0.00000000,0.00000000,0.01023586,0.00000000,0.00000000,0.00000000,0.00000000,0.00343457,0.00000000,0.01435770,0.00000000,0.00000000,0.00000000,0.00000000,0.00000000,0.00000000,0.00000000,0.08377104,0.00000000,0.00634270,0.00000000,0.00000000,0.00000000,0.01951188,0.00000000,0.00000000,0.00000000,0.00000000,0.00000000,0.00586868,0.00000000,0.00000000,0.00000000,0.00000000,0.00000000,0.00000000,0.00000000,0.00000000,0.00000000,0.00000000,0.00000000,0.00000000,0.00000000,0.00000000,0.03805262,0.00000000,0.00000000,0.00000000,0.00000000,0.00000000,2.30745054,0.00000000,0.00000000,0.06067432,0.00000000,0.00000000,0.00000000,0.00602556,0.00000000,0.00000000,0.00000000,0.00000000,0.00000000,0.06445807,0.00000000,0.00000000,0.00000000,0.00000000,0.00000000,0.00000000,0.00000000,0.00000000,0.00000000,0.00000000,0.00000000,0.00000000,0.00000000,0.00000000,0.00000000,0.00000000,0.00000000,0.00259738,0.00000000,0.00000000,0.00000000,0.00000000,0.00000000,0.00000000,0.08813355,0.00000000,0.00000000,0.00521999,0.00000000,0.00000000,0.00000000,0.00000000,0.00000000,0.00000000,0.00000000,0.00000000,0.00000000,0.00000000,0.00000000,0.00000000,0.00000000,0.00000000,0.00807175,0.00000000,0.00000000,0.00000000,0.02781469,0.00000000,0.00000000,0.00000000,0.01756676,0.00000000,0.00148108,0.00000000,0.00000000,0.00000000,0.00000000,0.00000000,0.00000000,0.00000000,0.00000000,0.00000000,0.00000000,0.00000000,0.00153453,0.00000000,0.00000000,0.00000000,0.00000000,0.00000000,0.00000000,0.01006689,0.00000000,0.00000000,0.00000000,0.00000000,0.05002679,0.00000000,0.00000000,0.00000000,0.00000000,0.00000000,0.00000000,0.00000000,0.00000000,0.00000000,0.00105758,0.02015679,0.02626562,0.00000000,0.00000000,0.00000000,0.00000000,0.00000000,0.00000000,0.00000000,0.00000000,0.00000000,0.00000000,0.00000000,0.00000000,0.00000000,0.00000000,0.00000000,0.00000000,0.00000000,0.01320546,0.00000000,0.00000000,0.00000000,0.00000000,0.01085572,0.00000000,0.00000000,0.00000000,0.00000000,0.00000000,0.00000000,0.00000000,0.00000000,0.00000000,0.01183286,0.00000000,0.92624129,0.00000000,0.72903089,0.00000000,0.00000000,0.00000000,0.00000000,0.00000000,0.00884698,0.00000000,0.00000000,0.00000000,0.00211873,0.00000000,0.00000000,0.00000000,0.00000000,0.00000000,0.00000000,0.00000000,0.02241782,0.02220713,0.00000000,0.00000000,0.00000000,0.00000000,0.00000000,0.00354835,0.00000000,0.00000000,0.00000000,0.00000000,0.00000000,3.53764317,0.00000000,0.00000000,0.00000000,0.00000000,0.00779463,0.00000000,0.00000000,0.00000000,0.00237166,0.00000000,0.00453344,0.00000000,0.01895926,0.00000000,0.00000000,0.00000000,0.00000000,0.00000000,0.00000000,0.00000000,0.00000000,0.00000000,0.01671963,0.00000000,0.00551063,0.00000000,0.00000000,0.16546254,0.00000000,0.00000000,0.04039262,0.00000000,0.00000000,0.02063002,0.00000000,0.00000000,0.00000000,0.00280894,0.00000000,0.00000000,0.02559221,0.00000000,0.00000000,0.00000000,0.00000000,0.00000000,0.00000000,0.00000000,0.00000000,0.00000000,0.00000000,0.01143244,0.00000000,0.00000000,0.00000000,0.00000000,0.00000000,0.00000000,0.00000000,0.00000000,0.00000000,0.00000000,0.00000000,0.00000000,0.00000000,0.24814600,0.00000000,0.00000000,0.00000000,0.00000000,0.00000000,0.00000000,0.00000000,0.00000000,0.00000000,0.00000000,0.00000000,0.00000000,0.00000000,0.01253731,0.00000000,0.00000000,0.00000000,0.00000000,0.01162181,0.00000000,0.00000000,0.00000000,0.00000000,0.00000000,0.00000000,0.00313168,0.00000000,0.00000000,0.00000000,0.00000000,0.00000000,0.00000000,0.00000000,0.00000000,0.00000000,0.00000000,0.00000000,0.00000000,0.00000000,0.01114793,0.00000000,0.00000000,0.00000000,0.00000000,0.00000000,0.00000000,0.00000000,0.00000000,0.00215689,0.00000000,0.00000000,0.00000000,0.00689955,0.00000000,0.00000000,0.00000000,0.00000000,0.00158665,0.00000000,0.00000000,0.00000000,0.00000000,0.00000000,0.01718370,0.00000000,0.00000000,0.00000000,0.00000000,0.00000000,0.00000000,0.82773343,0.00000000,0.00000000,0.00000000,0.00000000,0.00000000,0.00000000,0.00000000,0.00000000,0.00000000,0.00000000,0.00000000,0.00215248,0.00000000,0.00526459,0.00000000,0.00480752,0.00000000,0.00000000,0.01198570,0.00000000,0.00000000,0.00000000,0.60464366,0.00000000,0.00000000,0.00000000,0.00000000,0.00000000,0.00000000,0.00000000,0.01500682,0.00647265,0.02056078,0.00000000,0.00000000,0.00000000,0.00000000,0.00000000,0.00000000,0.00000000,0.00000000,0.00000000,0.04095545,0.00000000,0.00000000,0.00000000,0.01663644,0.00460396,0.00000000,0.00000000,0.00000000,0.00000000,0.00000000,0.00000000,0.00000000,0.10498994,0.00000000,0.00000000,0.00000000,0.00000000,0.00000000,0.00000000,0.00000000,0.00000000,0.00000000,0.00000000,0.00000000,0.00000000,0.00000000,0.00000000,0.00000000,0.00000000,0.00000000,0.00000000,0.00000000,0.00000000,0.00000000,0.00000000,0.00000000,0.00000000,0.00000000,0.00000000,0.00000000,0.00000000,0.00000000,0.00000000,0.00000000,0.00000000,0.00000000,0.00000000,0.00000000,0.00000000,0.00000000,0.00000000,0.00000000,0.00000000,0.00000000,0.00000000,0.00000000,0.00000000,0.07262489,0.00000000,0.00000000,0.00000000,0.00000000,0.00000000,0.00000000,0.00293216,0.00000000,0.00000000,0.00000000,0.00000000,0.00000000,0.00000000,0.00000000,0.00000000,0.00000000,0.00000000,0.00000000,0.00000000,0.00000000,0.00000000,0.00000000,0.00000000,0.00000000,0.00000000,0.00000000,0.00000000,0.89042216,0.00000000,0.00000000,0.01298485,0.00000000,0.00000000,0.00000000,0.16664854,0.00000000,0.00000000,0.00000000,0.00238090,0.00000000,0.14260333,0.00000000,0.00000000,0.09717152,0.00000000,0.00000000,0.00673629,0.00000000,0.00000000,0.00000000,0.00000000,0.00000000,0.00727312,0.00000000,0.00000000,0.00000000,0.00000000,0.03594622,0.00000000,0.00000000,0.00000000,0.00000000,0.00000000,0.03045659,0.00000000,0.00000000,0.00000000,0.00000000,0.00000000,0.00000000,0.00000000,0.00000000,0.00000000,0.00000000,0.00600589,0.00000000,0.00000000,0.00363951,0.00000000,0.00000000,0.00000000,0.00446894,0.00000000,0.02171440,0.00725910,0.00000000,0.00000000,0.00000000,0.00000000,0.00000000,0.00310143,0.00000000,0.00000000,0.00000000,0.00000000,0.00000000,0.00000000,0.00000000,0.00000000,0.00000000,0.00000000,0.00000000,0.00000000,0.00000000,0.00000000,0.00000000,0.00000000,0.00000000,0.00761539,0.00000000
0.00000000,0.00000000,0.00000000,0.00000000,0.00000000,0.00000000,0.00000000,0.00153070,0.00000000,0.00000000,0.00000000,0.00000000,0.00000000,0.00000000,0.00000000,0.00000000,0.00450276,0.00000000,0.00000000,0.00000000,0.00000000,0.00000000,0.00000000,0.00000000,0.01941536,0.00000000,0.01153566,0.08806118,0.00597053,0.00000000,0.00000000,0.00000000,0.00000000,0.00000000,0.00000000,0.00000000,0.00000000,0.00000000,0.00097315,0.00000000,0.00000000,0.00000000,0.00000000,0.00000000,0.05864732,0.00000000,0.00000000,0.00000000,0.00000000,0.00000000,0.00000000,0.00000000,0.00000000,0.00000000,0.00000000,0.00000000,0.00000000,0.00000000,0.00000000,0.00000000,0.00000000,0.00000000,0.00000000,0.00000000,0.00000000,0.00000000,0.00000000,0.00000000,0.00000000,0.00000000,0.00000000,0.00000000,0.00000000,0.00000000,0.00000000,0.00000000,0.00000000,0.00000000,0.00000000,0.00000000,0.01041839,0.00000000,0.02154980,0.00000000,0.00000000,0.00000000,0.00000000,0.00211461,0.00000000,0.00000000,0.00419794,0.00000000,0.00000000,0.00000000,0.00000000,0.00000000,0.00000000,0.13295396,0.00000000,0.00000000,0.00000000,0.00000000,0.00000000,0.00000000,0.00000000,0.00000000,0.07874164,0.00000000,0.00000000,0.00000000,0.00000000,0.02471193,0.00000000,0.00359808,0.00000000,0.00000000,0.00000000,0.00000000,0.00000000,0.00000000,0.00000000,0.00000000,0.00000000,0.00000000,0.00000000,0.00000000,0.00000000,0.01626600,0.00000000,0.00000000,0.00472937,0.00000000,0.00000000,0.00000000,0.00000000,0.00000000,0.00000000,0.00299444,0.08272214,0.00000000,0.99209646,0.00000000,0.00000000,0.00000000,0.00000000,0.00000000,0.00000000,0.00000000,0.00000000,0.00000000,0.00000000,0.01754184,0.00000000,0.00000000,0.00000000,0.00000000,0.00000000,0.19806862,0.00444886,0.00000000,0.00000000,0.00000000,0.00000000,0.00000000,0.00130050,0.00000000,0.00000000,0.01732101,0.00000000,0.00000000,0.00000000,0.00000000,0.00000000,0.00000000,0.00000000,0.00236154,0.00000000,0.00000000,0.00000000,0.00000000,0.00000000,0.00000000,0.00000000,0.00000000,0.00000000,0.00000000,0.00000000,0.00000000,0.00000000,0.00000000,0.00000000,0.00213956,0.00000000,2.13661779,0.00000000,0.00000000,0.00000000,0.00000000,0.00000000,0.00000000,0.00000000,0.00000000,0.00000000,0.00000000,0.00000000,0.03515121,0.01417547,0.00000000,0.01847424,0.00000000,0.00255275,0.00000000,0.00000000,0.00000000,0.00000000,0.00000000,0.00000000,0.00000000,0.00000000,0.00000000,0.00000000,0.00000000,0.00000000,0.00000000,0.00000000,0.00000000,0.00000000,0.00000000,0.00000000,0.00308116,0.00000000,0.00000000,0.01362916,0.00000000,0.00000000,0.00000000,0.00000000,0.00000000,0.00000000,0.00000000,0.00000000,0.00000000,0.00000000,0.00000000,0.02900274,0.00000000,0.02569829,0.00000000,0.00000000,0.00000000,0.00000000,0.00508700,0.00426125,0.00599053,0.00000000,0.00000000,0.01166712,1.47972274,0.00000000,0.00000000,0.00000000,0.00000000,0.00000000,0.00000000,0.00000000,0.00000000,0.00000000,0.00000000,0.00000000,0.00000000,0.00000000,0.00000000,0.00000000,0.00199450,0.00000000,0.00000000,0.00000000,0.00000000,0.00000000,0.00000000,0.00000000,0.00349408,0.00000000,0.00515957,0.00000000,0.00000000,0.00000000,0.00000000,0.14442186,0.00000000,0.01092975,0.00000000,0.00000000,0.00000000,0.00000000,0.00721080,0.00000000,0.00000000,0.00000000,0.00000000,0.00000000,0.00000000,0.00000000,0.00319928,0.00000000,0.00000000,0.00000000,0.00000000,0.00000000,0.00000000,0.00915639,0.00000000,0.00000000,0.00000000,0.00000000,0.00000000,0.00000000,0.02126662,0.00000000,0.00000000,0.00000000,0.08407638,0.00000000,0.00000000,0.01233027,0.07963594,0.00000000,0.00000000,0.00000000,0.00000000,0.00000000,0.00601558,0.00000000,0.00000000,0.00000000,0.00000000,0.00000000,0.00000000,0.00000000,0.00000000,0.00000000,0.00000000,0.00000000,0.00000000,0.01876186,0.00000000,0.00000000,0.00000000,0.00000000,0.00641753,0.00000000,0.00000000,0.00000000,0.00000000,0.00000000,0.00000000,0.00000000,0.05305303,0.00000000,0.00000000,0.00000000,0.00000000,0.00219331,0.00000000,0.00000000,0.00000000,0.00000000,0.00000000,0.00000000,0.00000000,0.00000000,0.00000000,0.00000000,0.00000000,0.00478818,0.00000000,0.00000000,0.00000000,0.00000000,0.00000000,0.00000000,0.00000000,0.00000000,0.00000000,0.00000000,0.00000000,0.00000000,0.00000000,0.00000000,0.00000000,0.00000000,0.00000000,0.00000000,0.00000000,0.00000000,0.00000000,0.00588489,0.00000000,0.00304596,0.00000000,0.00000000,0.00000000,0.00000000,0.00000000,0.00212311,0.00000000,0.00000000,0.30778180,0.00000000,0.00000000,0.00000000,0.00000000,0.00000000,0.00000000,0.00000000,0.14753987,0.00000000,0.00000000,0.00000000,0.00000000,0.00000000,0.01317042,0.00000000,0.00000000,0.00000000,0.00000000,0.00000000,0.00000000,0.00000000,0.00000000,0.00000000,0.00000000,0.00000000,0.00000000,0.00000000,0.00295593,0.00000000,0.00000000,0.00000000,0.00000000,0.00000000,0.00000000,0.00000000,0.00000000,0.00000000,0.00000000,0.00000000,0.00000000,0.00000000,0.00000000,0.00000000,0.00000000,0.00000000,0.00000000,0.00000000,0.00000000,0.00000000,0.00000000,0.00000000,0.00000000,0.00000000,0.00000000,0.00587693,0.12417746,0.00000000,0.00000000,0.00000000,0.00000000,0.00000000,0.00000000,0.00000000,0.03959238,0.00000000,0.00000000,0.00000000,0.00000000,0.00000000,0.00000000,0.00000000,0.00000000,0.00000000,0.00000000,0.00000000,0.00000000,0.01501361,0.00199721,0.00000000,0.00079702,0.00000000,0.00000000,0.00058549,0.00000000,0.00000000,0.00000000,0.01863319,0.02309215,0.00000000,0.00000000,0.00000000,0.00000000,0.00000000,0.00000000,0.00000000,0.00000000,0.00000000,0.00381414,0.00000000,0.00000000,0.00000000,0.00000000,0.00000000,0.00000000,0.00000000,0.00000000,0.00000000,0.00000000,0.00000000,0.02543062,0.00000000,0.00000000,0.00000000,0.00000000,0.00000000,0.00585058,0.00000000,0.00000000,0.00000000,0.00000000,0.00000000,0.00000000,0.00000000,0.00000000,0.00000000,0.00000000,0.00000000,0.00000000,0.00000000,0.00000000,0.00000000,0.01187370,0.00000000,0.00000000,0.00000000,0.00000000,0.00000000,0.00000000,0.00000000,0.00000000,0.00000000,0.00000000,0.00000000,0.00000000,0.00000000,0.00000000,0.00000000,0.00000000,0.00000000,0.00311549,0.00000000,0.00000000,0.00000000,0.00595033,0.00000000,0.00000000,0.00000000,0.00000000,0.00000000,0.00000000,0.00000000,0.00000000,0.00000000,0.00000000,0.00000000,0.00000000,0.00000000,0.00000000,0.00000000,0.00000000,0.00000000,0.00000000,0.00000000,0.00913250,0.00000000,0.00000000,0.03027229,0.00000000,0.02246666,0.00000000,0.00000000,0.00000000,2.29804983,0.00000000,0.00000000,0.00000000,0.00000000,0.00000000,0.00000000,0.00000000,0.00144997,0.00102132,0.00000000,0.00000000,0.00000000,0.00000000,0.00000000,0.00000000,0.00000000,0.00000000,0.00000000,0.00000000,0.00000000,0.00000000,0.00000000,0.00000000,0.00000000,0.00000000,0.00000000,0.00000000,0.00000000,0.00000000,0.00000000,0.00148192,0.00660449,0.01145310,0.00000000,0.00000000,0.00000000,0.00000000,0.00000000,0.00238055,0.00528521,0.00000000,0.00000000,0.00000000,0.04833059,0.00000000,0.00000000,0.00000000,0.00000000,0.00000000,0.00000000,0.00000000,0.00000000,0.01748304,0.00944813,0.00000000,0.00502352,0.00000000,0.00922490,0.00000000,0.00000000,0.00000000,0.00000000,0.00000000,0.00000000,0.00000000,0.00000000,0.00000000,0.00000000,0.00000000,0.00000000,0.00000000,0.00000000,0.00000000,0.00000000,0.00000000,0.00000000,0.01131339,0.00000000,0.00000000,0.00000000,0.00000000,0.00000000,0.00000000,0.00000000,0.00000000,0.00000000,0.00000000,0.00000000,0.00000000,0.00000000,0.00000000,0.00000000,0.01083747,0.00000000,0.05846881,0.00000000,0.00000000,0.00000000,0.00000000,0.00871824,0.00000000,0.00000000,0.00719935,0.00000000,0.00000000,0.00000000,0.00435624,0.01112098,0.00098282,0.00000000,0.00397475,0.01341890,0.00000000,0.00000000,0.00000000,0.00792905,0.00000000,0.00000000,0.00000000,0.00000000,0.00000000,0.00000000,0.00000000,0.00000000,0.00000000,0.00000000,0.00000000,0.00000000,0.00000000,0.00000000,0.00000000,0.00000000,0.00000000,0.00000000,0.00000000,0.00000000,0.00000000,0.00000000,0.00000000,0.00000000,0.00000000,0.00000000,0.00000000,0.00000000,0.00000000,0.00000000,0.00000000,0.00000000,0.00420626,0.00000000,0.00000000,0.00000000,0.00000000,0.00000000,0.00000000,0.00000000,0.00000000,0.00000000,0.00000000,0.00000000,0.00000000,0.00000000,0.00000000,0.00111166,0.00000000,0.00000000,0.00000000,0.00000000,0.00000000,0.00418966,0.00000000,0.00000000,0.00000000,0.00000000,0.00000000,0.00000000,0.00000000,0.01433372,0.00000000,0.00000000,0.00000000,0.00000000,0.00000000,0.00000000,0.00000000,0.00000000,0.00000000,0.00000000,0.00000000,0.00000000,0.00000000,0.00643932,0.00000000,0.00000000,0.00000000,0.00000000,0.00000000,0.00000000,0.00000000,0.00000000,0.00000000,0.00000000,0.00000000,0.00000000,0.00000000,0.00000000,0.00000000,0.00000000,0.00000000
0.00000000,0.00000000,0.09585085,0.00000000,0.00000000,0.00000000,0.00000000,0.00000000,0.00000000,0.00000000,0.00000000,0.00000000,0.00000000,0.00000000,0.00340380,0.00419287,0.00000000,0.00000000,0.00000000,0.00000000,0.00000000,0.00000000,0.00000000,0.00000000,0.00729931,0.00000000,0.00000000,0.00000000,0.00000000,0.00000000,0.00000000,0.00000000,0.00000000,0.00000000,0.00000000,0.00000000,0.00350524,0.00000000,0.00000000,0.00000000,0.00000000,0.00327583,0.00000000,0.00000000,0.00000000,0.00000000,0.00000000,0.00000000,0.00000000,0.00000000,2.13770293,0.00000000,0.00000000,0.00000000,0.00000000,0.00000000,0.00000000,0.00000000,0.00000000,0.00000000,0.00000000,0.00000000,0.00000000,0.00000000,0.00000000,0.00000000,0.00000000,0.00000000,0.00000000,0.00000000,0.00000000,0.00448325,0.00000000,0.00000000,0.00000000,0.00000000,0.00000000,0.00000000,0.00000000,0.00000000,0.00000000,0.00000000,0.00000000,0.00000000,0.00000000,0.00000000,0.00000000,0.00000000,0.00000000,0.00000000,0.00000000,0.00000000,0.00829491,0.00000000,0.00084714,0.00000000,0.00000000,0.00000000,0.00000000,0.00000000,0.00000000,0.00000000,0.00000000,0.00000000,0.00000000,0.00000000,0.00000000,0.00000000,0.00000000,0.00000000,0.00000000,0.02516024,0.00000000,0.00000000,0.00000000,0.00000000,0.00000000,0.00000000,0.00000000,0.00000000,0.00000000,0.00229054,0.00000000,0.00158472,0.00000000,0.00000000,0.00000000,0.00000000,0.00000000,0.00000000,0.00071937,0.00000000,0.00000000,0.00000000,0.00000000,0.00000000,0.00000000,0.00000000,0.00000000,0.00000000,0.00000000,0.00000000,0.00000000,0.00000000,0.00000000,0.00000000,0.00000000,0.00000000,1.09223893,0.00000000,0.00000000,0.00000000,0.00000000,0.02007476,0.00000000,0.00000000,0.00000000,0.00000000,0.00000000,0.00000000,0.00000000,0.00000000,0.01326075,0.00000000,0.00151530,0.00000000,0.00000000,0.00000000,0.00000000,0.00000000,0.00000000,0.00000000,0.00000000,0.00000000,0.00000000,0.00000000,0.00000000,0.00000000,0.62603188,0.00000000,0.00000000,0.00000000,0.00598227,0.01947642,0.00000000,0.00000000,0.00000000,0.00000000,0.00000000,0.00000000,0.00000000,0.00000000,0.00000000,0.00000000,0.00000000,0.00000000,0.00000000,0.00000000,0.07623041,0.00000000,0.00000000,0.00000000,0.00000000,0.00000000,0.00000000,0.00000000,0.00000000,0.00000000,0.00000000,0.00000000,0.00000000,0.00000000,0.00000000,0.00000000,0.00104583,0.00000000,0.00000000,0.00000000,0.00000000,0.02493675,0.00000000,0.00000000,0.00000000,0.00000000,0.00887494,0.00188586,0.00364523,0.00000000,0.00388948,0.00000000,0.00000000,0.00000000,0.00000000,0.00000000,0.00000000,0.00000000,0.00000000,0.00000000,0.00000000,0.00000000,0.00000000,0.00000000,0.00000000,0.00000000,0.00000000,0.00000000,0.00000000,0.00000000,0.00000000,0.00000000,0.00000000,0.00000000,0.00000000,0.00000000,0.00000000,0.00000000,0.00000000,0.00145846,0.00000000,0.02368649,0.00000000,0.00000000,0.00000000,0.01509950,0.00000000,2.29774654,0.00000000,0.00000000,0.00152349,0.00000000,0.00000000,0.00000000,0.00000000,0.00000000,0.00000000,0.00343505,0.00000000,0.00000000,0.00000000,0.00000000,0.06479578,0.00000000,0.00000000,0.00000000,0.00000000,0.00000000,0.00000000,0.00000000,0.00000000,0.00000000,0.00000000,0.00000000,0.00000000,0.00000000,0.00000000,0.00000000,0.00000000,0.00000000,0.00000000,0.00000000,0.00000000,0.00000000,0.00000000,0.00000000,0.00000000,0.00000000,0.00000000,0.00000000,0.00000000,0.00000000,0.00000000,0.00000000,0.00000000,0.00000000,0.00000000,0.00000000,0.00000000,0.00000000,0.00000000,0.00000000,0.00000000,0.00000000,0.00000000,0.00000000,0.00090246,0.00000000,0.90056373,0.00000000,0.00000000,0.01019924,0.00000000,0.00605647,0.00000000,0.00125972,0.01738839,0.00000000,0.00000000,0.00000000,0.00000000,0.00000000,0.00000000,0.00000000,0.00000000,0.00000000,0.00000000,0.00000000,0.00000000,0.00000000,0.00000000,0.00000000,0.00000000,0.00000000,0.00000000,0.00235444,0.08161385,0.01594391,0.00000000,0.00000000,0.00000000,0.01674471,0.00000000,0.00000000,0.00000000,0.00412040,0.00000000,0.00000000,0.00743480,0.00000000,0.00000000,0.00000000,0.00000000,0.00000000,0.00000000,0.00000000,0.00000000,0.00000000,0.00000000,0.00000000,0.00000000,0.00000000,0.00000000,0.00000000,0.00000000,0.00000000,0.00000000,0.00000000,0.00000000,0.03693178,0.04842595,0.00000000,0.00000000,0.00000000,0.00000000,0.00721931,0.00000000,0.00000000,0.00000000,0.00000000,0.00000000,0.00000000,0.00000000,0.00000000,0.00000000,0.00122814,0.00000000,0.00000000,0.02387785,0.00000000,0.00000000,0.36125901,0.00000000,0.00155361,0.00000000,0.00000000,0.00000000,0.00000000,0.00000000,0.00000000,0.00000000,0.00000000,0.00000000,0.00000000,0.00000000,0.00000000,0.00000000,0.00000000,0.00000000,0.00000000,0.00000000,0.00000000,0.00000000,0.00000000,0.00000000,0.00668319,0.00000000,0.00000000,0.00000000,0.00000000,0.00000000,0.00000000,0.00000000,0.00000000,0.00614682,0.00000000,0.00000000,0.00000000,0.00000000,0.00000000,0.00226148,0.00000000,0.00000000,0.00000000,0.00000000,0.00000000,0.00000000,1.65856464,0.10056378,0.00000000,0.00000000,0.00000000,0.00000000,0.00000000,0.00000000,0.00508442,0.00462351,0.00000000,0.00000000,0.00000000,0.00000000,0.00000000,0.03192877,0.00000000,0.00000000,0.00000000,0.00000000,0.00000000,0.00000000,0.00000000,0.01274957,0.00000000,0.00000000,0.00000000,0.00168995,0.01448337,0.00000000,0.00000000,0.00283827,0.00000000,0.00000000,0.00000000,0.00000000,0.00000000,0.00000000,0.00000000,0.00000000,0.00000000,0.00000000,0.00000000,0.00000000,0.00000000,0.00000000,0.00184818,0.00000000,0.00000000,0.00000000,0.00000000,0.00000000,0.00000000,0.00000000,0.00000000,0.00000000,0.03044877,0.13956034,0.00000000,0.00000000,0.00000000,0.00000000,0.02379128,0.00000000,0.00000000,0.00000000,0.00000000,0.00000000,0.00000000,0.00000000,0.00399535,0.00000000,0.00000000,0.00000000,0.00000000,0.00000000,0.00000000,0.00000000,0.00000000,0.00000000,0.00000000,0.00000000,0.00533419,0.00000000,0.00290696,0.00000000,0.00000000,0.00000000,0.00000000,0.00000000,0.00000000,0.00000000,0.00000000,0.00000000,0.00000000,0.00000000,0.00000000,0.03129430,0.00000000,0.00000000,0.00080000,0.00000000,0.00000000,0.00000000,0.00000000,0.00000000,0.00000000,0.10530904,0.00000000,0.00000000,0.00000000,0.00000000,0.00000000,0.00000000,0.00000000,0.00000000,0.00000000,0.00000000,0.00315242,0.00330406,0.00000000,0.00000000,0.00000000,0.00000000,0.00000000,0.01074768,0.00000000,0.00000000,0.00000000,0.00000000,0.00000000,0.00142779,0.00096093,0.00000000,0.00000000,0.00000000,0.00000000,0.00000000,0.00000000,0.01210998,0.00000000,0.00000000,0.00000000,0.00000000,0.00000000,0.00000000,0.00000000,0.00000000,0.00000000,4.86272201,0.00000000,0.00000000,0.00000000,0.00000000,0.00000000,0.00000000,0.00000000,0.00000000,0.00000000,0.00000000,0.00000000,0.00000000,0.00000000,0.00000000,0.00000000,0.00000000,0.00000000,0.00000000,0.00000000,0.00000000,0.00000000,0.00000000,0.00000000,0.00381545,0.00000000,0.00000000,0.00877326,0.00000000,0.00000000,0.00000000,0.00000000,0.00000000,0.00000000,0.00000000,0.00000000,0.00000000,0.00000000,0.06437003,0.00163248,0.02339890,0.00221613,0.01070953,0.02596077,0.00000000,0.00000000,0.00148528,0.00000000,0.00000000,0.00000000,0.00000000,0.00000000,0.00000000,0.00584699,0.00000000,0.00000000,0.00000000,0.00000000,0.00569013,0.00000000,0.00000000,0.00000000,0.01754441,0.00000000,0.00000000,0.00000000,0.00000000,0.00000000,0.00000000,0.00773326,1.04215573,0.00000000,0.00000000,0.00235670,0.00000000,0.00000000,0.00000000,0.00000000,0.00000000,0.00000000,0.00000000,0.00000000,0.00000000,0.00702661,0.00000000,0.00000000,0.00000000,0.00000000,0.00000000,0.00000000,0.00000000,0.00000000,0.00000000,0.00000000,0.05543094,0.00000000,0.02849384,0.00000000,0.00000000,0.00000000,0.00000000,0.00000000,0.00000000,0.00000000,0.00000000,0.00000000,0.00000000,0.00000000,0.04007109,0.00000000,0.00000000,0.00000000,0.00000000,0.36414433,0.00000000,0.00000000,0.00000000,0.00000000,0.00000000,0.00000000,0.00000000,0.00000000,0.00000000,0.00000000,0.00000000,0.00000000,0.00000000,0.00000000,0.00000000,0.00311048,0.00000000,0.00000000,0.00000000,0.01397804,0.00000000,0.00000000,0.00000000,0.00000000,0.00000000,0.00000000,0.00000000,0.00000000,0.00000000,0.04168016,0.00055975,0.00000000,0.01782310,0.00000000,0.02199128,0.00000000,0.00000000,0.00000000,0.00000000,0.00000000,0.00000000,0.00000000,0.00000000,0.00239355,0.00000000,0.00000000,0.00000000,0.00000000,0.00000000,0.00000000,0.00000000,0.00000000,0.00000000,0.00241258,0.00000000,0.09167326,0.00371754,0.00000000,0.00000000,0.00000000,0.00000000,0.00000000,0.00000000,0.00000000,0.00000000,0.00000000,0.00000000,0.00000000,0.00000000,0.00000000,0.00000000,0.00000000,0.00000000,0.02288817,0.00000000,0.00000000,0.00000000,0.00000000,0.00000000,0.00000000,0.00000000,0.00000000
0.00000000,0.00000000,0.00000000,0.00000000,0.00422979,0.00000000,0.00000000,0.00000000,0.00000000,0.00000000,0.00658984,0.00000000,0.00000000,0.00000000,3.41332312,0.00000000,0.00078375,0.00000000,0.00000000,0.00294145,0.00000000,0.00000000,0.02004352,0.00000000,0.00000000,0.00000000,0.00000000,0.00000000,0.00000000,0.00000000,0.00384699,0.00000000,0.00000000,0.00000000,0.00000000,0.00000000,0.00000000,0.00000000,0.00596900,0.00000000,0.00000000,0.00000000,0.00000000,0.00000000,0.00000000,0.00000000,0.00000000,0.00000000,0.00000000,0.00000000,0.00000000,0.00000000,0.00750138,0.02138415,0.00000000,0.00000000,0.00000000,0.04225088,0.00000000,0.03505445,0.00000000,0.00000000,0.00000000,0.00000000,0.00000000,0.00000000,0.00000000,0.00000000,0.00000000,0.02585123,0.00248490,0.00000000,0.00000000,0.00000000,0.00000000,0.00000000,0.00000000,0.00000000,0.00000000,0.00000000,0.00000000,0.00000000,0.00596711,0.00000000,0.00000000,0.00000000,0.00000000,0.00000000,0.00000000,0.00000000,0.00689699,0.01333545,0.00139414,0.00000000,0.00000000,0.00000000,0.00000000,0.00000000,0.00000000,0.00000000,0.00000000,0.00000000,0.00000000,0.00000000,0.00000000,0.00000000,0.00000000,3.81045945,0.00000000,0.00000000,0.01570290,0.00000000,0.00000000,0.00000000,0.00000000,0.00000000,0.00000000,0.00208465,0.00000000,0.00000000,0.00000000,0.00000000,0.00000000,0.00428445,0.00687113,0.00000000,0.00000000,0.00000000,0.00000000,0.00000000,1.56162185,0.00000000,0.00000000,0.00000000,0.00000000,0.00000000,0.00000000,0.00000000,0.00000000,0.00000000,0.00000000,0.00000000,0.00000000,0.00000000,0.00000000,0.00000000,0.00000000,0.00000000,0.69396973,0.00450175,0.00000000,0.00000000,0.00000000,0.00000000,0.00000000,0.00000000,0.00326048,0.00971607,0.00000000,0.00000000,0.00000000,0.00000000,0.00000000,0.00000000,0.00000000,0.00000000,0.00000000,0.00000000,0.00000000,0.00052425,0.00136354,0.85062046,0.00000000,0.00000000,0.00000000,0.00000000,0.00000000,0.00000000,0.00000000,0.00000000,0.00000000,0.01956629,0.00000000,1.19396364,0.01535457,0.00000000,0.00000000,0.00000000,0.00000000,0.00000000,0.00000000,0.00000000,0.00000000,0.00000000,0.00000000,0.00830014,0.00000000,0.00000000,0.00000000,0.00000000,0.00000000,0.00000000,0.15197636,0.00392058,0.00000000,0.00000000,0.00000000,0.00000000,0.00000000,0.00000000,0.00000000,0.00000000,0.00000000,0.00000000,0.00000000,0.00000000,0.00300896,0.00000000,0.00358594,0.00000000,0.00000000,0.00000000,0.00000000,0.00000000,0.00000000,0.00000000,0.00000000,0.00000000,0.00000000,0.00000000,0.00295036,0.00000000,0.00000000,0.00000000,0.00000000,0.00000000,0.00000000,0.00000000,0.00000000,0.00000000,0.00000000,0.00000000,0.00154465,0.00488108,0.00000000,0.00104998,0.00000000,0.00000000,0.00000000,0.00444055,0.00000000,0.00000000,0.00000000,0.00000000,0.00229778,0.00887789,0.00000000,0.00000000,0.00000000,0.00000000,0.09569037,0.00000000,0.00000000,0.00000000,0.00000000,0.00000000,0.00000000,0.00000000,0.00617996,0.00000000,0.00000000,0.00000000,0.00000000,0.00000000,0.00073660,0.00000000,0.00000000,0.00000000,0.00000000,0.02250062,0.08318405,0.00000000,0.18185182,0.01149623,0.00000000,0.00000000,0.00000000,0.00000000,0.00000000,0.00000000,0.00187255,0.00000000,0.00000000,0.00000000,0.00000000,0.00000000,0.00000000,0.00000000,0.00000000,0.00000000,0.00000000,0.00000000,0.00000000,0.00000000,0.00000000,0.00000000,0.00000000,0.01356110,0.00000000,0.00000000,0.05627974,0.00000000,0.00000000,0.00000000,0.00357567,0.00000000,0.00000000,0.00000000,0.00000000,0.00000000,0.00000000,0.00000000,0.00521054,0.00000000,0.00000000,0.00000000,0.00000000,0.00200920,0.00000000,0.00000000,0.00000000,0.00000000,0.00000000,0.00000000,0.02636120,0.00000000,0.00147902,0.01074574,0.00000000,0.00000000,0.00000000,0.08201996,0.00000000,0.00555279,0.00000000,0.00000000,0.00000000,0.00000000,0.00000000,0.00000000,0.00000000,0.00000000,0.00000000,0.00880119,0.01432237,0.00000000,0.01539561,0.00000000,0.00000000,0.00287549,0.00000000,0.00000000,0.00000000,0.00000000,0.00000000,0.00000000,0.00000000,0.00000000,0.00000000,0.00000000,0.00000000,0.00000000,0.00247443,0.00000000,0.00000000,0.00000000,0.00000000,0.00000000,0.00000000,0.00000000,0.00000000,0.00000000,0.00000000,0.00200253,0.00000000,0.00000000,0.00000000,0.00000000,0.00000000,0.00000000,0.63382203,0.00000000,0.00000000,0.00000000,0.00000000,0.00000000,0.00000000,0.00000000,0.00000000,0.00000000,0.00000000,0.00000000,0.00000000,0.00000000,0.00234561,0.00000000,0.00000000,0.00000000,0.00000000,0.00000000,0.00000000,0.00000000,0.00000000,0.00000000,0.00217635,0.00000000,0.00000000,0.00000000,0.00000000,0.00000000,0.00000000,0.00000000,0.00000000,0.00000000,0.00000000,0.00000000,0.00000000,0.00000000,0.00000000,0.00000000,0.00000000,0.00428299,0.00000000,0.00000000,0.00000000,0.00000000,0.00000000,0.00000000,0.00000000,0.00000000,0.00000000,0.00000000,0.00000000,0.00000000,0.00000000,0.00000000,0.00000000,0.00000000,0.00000000,0.00000000,0.00000000,0.00000000,0.00647214,0.00000000,0.00000000,0.00000000,0.00000000,0.00000000,0.00000000,0.00000000,0.00000000,0.00000000,0.00000000,0.00000000,0.00000000,0.00000000,0.00000000,0.00000000,0.00000000,0.00000000,0.00000000,0.00000000,0.00000000,0.00000000,0.00000000,0.00000000,0.00000000,0.00000000,0.00000000,0.01557392,0.00000000,0.00000000,0.00000000,0.00000000,0.00000000,0.00000000,0.00000000,0.00000000,0.00000000,0.00000000,0.00000000,0.00000000,0.00217012,0.00000000,0.00053184,0.00000000,0.00000000,0.00214016,0.00000000,0.00000000,0.00000000,0.00000000,0.00315341,0.00000000,0.00000000,0.00000000,0.00000000,0.00000000,0.00000000,0.00000000,0.00000000,0.00000000,0.00000000,0.00000000,0.00000000,0.00000000,0.00000000,0.00000000,0.00000000,0.00000000,0.00000000,0.00000000,0.00000000,0.00000000,2.37182502,0.00000000,0.00000000,0.01183988,0.00733203,0.00000000,0.00000000,0.00000000,0.00806976,0.00000000,0.00000000,0.00000000,0.00000000,0.00000000,0.00000000,0.00000000,0.00000000,0.00000000,0.00000000,0.00000000,0.22018715,0.00397056,0.00000000,0.00000000,0.00000000,0.01991643,0.06104162,0.00000000,0.00000000,0.00000000,0.00000000,0.00000000,0.00000000,0.00000000,0.00000000,0.00000000,0.00000000,0.00000000,0.00091149,0.00000000,0.00000000,0.00000000,0.00000000,0.00332437,0.08067351,0.00000000,0.00000000,0.00000000,0.00000000,0.00000000,0.00000000,0.00000000,0.00000000,0.00000000,0.00000000,0.00423124,0.00000000,0.00000000,0.00000000,0.00000000,0.00000000,0.00000000,0.00000000,0.08324419,0.00327728,0.00000000,0.00000000,0.00000000,0.00000000,0.00000000,0.00000000,0.00000000,0.00000000,0.00000000,0.00000000,0.00000000,0.00000000,0.00000000,0.00000000,0.00000000,0.00000000,0.00000000,0.00000000,0.00000000,0.00000000,0.00000000,0.00000000,0.00000000,0.00711587,0.00390443,0.00465748,0.00000000,0.00000000,0.00000000,0.00000000,0.00000000,0.00000000,0.00000000,0.00000000,0.00000000,0.00000000,0.02555625,0.00000000,0.00000000,0.00000000,0.00628275,0.00000000,0.00000000,0.00000000,0.00000000,0.00000000,0.00000000,0.00000000,0.00000000,0.00000000,0.00000000,0.00000000,0.00000000,0.00000000,0.00000000,0.00000000,0.00000000,0.00000000,0.00000000,0.00000000,0.00000000,0.00000000,0.00000000,0.00549831,0.00267074,0.00000000,0.00000000,0.00000000,0.00000000,0.00000000,0.00000000,0.00000000,0.00000000,0.00000000,0.00000000,0.00000000,0.00000000,0.02210626,0.00000000,0.03297721,0.00000000,0.00000000,0.00000000,0.00245157,0.00000000,0.00000000,0.00000000,0.00728174,0.00000000,0.00000000,0.00000000,0.00000000,0.00000000,0.00000000,0.40677493,0.00000000,0.00000000,0.00000000,0.00348591,0.00000000,0.00000000,0.00000000,0.00000000,0.00000000,0.00000000,0.00000000,0.00000000,0.00000000,0.00000000,0.00000000,0.00000000,0.00000000,0.00000000,0.00215270,0.00000000,0.00262678,0.00000000,0.00000000,0.00000000,0.00000000,0.00000000,0.00000000,0.00000000,0.00000000,0.00000000,0.00000000,0.00000000,0.00000000,0.01737041,0.00000000,0.00000000,0.00000000,0.00668331,0.00000000,0.00000000,0.00000000,0.00000000,0.02711613,0.00000000,0.00000000,0.00000000,0.00000000,0.00000000,0.00000000,0.00000000,0.00000000,0.00000000,0.00000000,0.00000000,0.00000000,0.00000000,0.00000000,0.00000000,0.00000000,0.10285439,0.00000000,0.00000000,0.00000000,0.00000000,0.00000000,0.00000000,0.00000000,0.00000000,0.00000000,0.00000000,0.00000000,0.00000000,0.00000000,0.00000000,0.00000000,0.00000000,0.00000000,0.00000000,0.02158138,0.00000000,0.00000000,0.00000000,0.00000000,0.00000000,0.00000000,0.00000000,0.00000000,0.00000000,0.00000000,0.00000000,0.00000000,0.00000000,0.00000000,0.00000000,0.00000000,0.00000000,0.00000000,0.00000000,0.00000000,0.00000000,0.00000000,0.00000000,0.00000000,0.00000000,0.00000000,0.00000000,0.00000000,0.00000000,0.00000000,0.00000000,0.00000000,0.00000000,0.00000000,0.00000000,0.00000000,0.00000000
0.00000000,0.00739601,0.00000000,0.00000000,0.00000000,0.00000000,0.00000000,0.00000000,0.00000000,0.00000000,0.00000000,0.00000000,0.00917320,0.00000000,0.00000000,0.00000000,0.00366336,0.00000000,0.00000000,0.00000000,0.00000000,0.00000000,0.00000000,0.00000000,0.00000000,0.00000000,0.00000000,0.00000000,0.00000000,0.00000000,0.00000000,0.00000000,0.00000000,0.00000000,0.00000000,0.00000000,0.00000000,0.00000000,0.29790718,0.00000000,0.00000000,0.00000000,0.00000000,0.00000000,0.00000000,0.00000000,0.00848967,0.00000000,0.00000000,0.00206814,0.00000000,0.00000000,0.00000000,0.00000000,0.00000000,0.00000000,0.00000000,0.00000000,0.00000000,0.00000000,0.00000000,0.00000000,0.00000000,0.00656453,0.00000000,0.00000000,0.00000000,0.00000000,0.00000000,0.00000000,0.00000000,0.00000000,0.00000000,0.00371014,0.00167960,0.00000000,0.00000000,0.00000000,0.00589481,0.00000000,0.00000000,0.00000000,0.00000000,0.00000000,0.00000000,0.00000000,0.00000000,0.00000000,0.00000000,0.00000000,0.65241613,0.00000000,0.00000000,0.00000000,0.00000000,0.00000000,0.00000000,0.00000000,0.00000000,0.00000000,0.00000000,0.00276786,0.00000000,0.00000000,0.00000000,0.00000000,0.00000000,0.00000000,0.00000000,0.00000000,0.00000000,0.00000000,0.00000000,0.00000000,0.00000000,0.00000000,0.00000000,0.00000000,0.00000000,0.00000000,0.00000000,0.00000000,0.00000000,0.00000000,0.00000000,0.00000000,0.00000000,0.00000000,0.00000000,0.00000000,0.00000000,0.00000000,0.00000000,0.00000000,0.00000000,0.00000000,0.00000000,0.00000000,0.00000000,0.00000000,0.00000000,0.00000000,0.00000000,0.00000000,0.00000000,0.00000000,0.00000000,0.00000000,0.00821532,0.00000000,0.00000000,0.00000000,0.00000000,0.00000000,0.01759063,0.00000000,1.14504329,0.00000000,0.00407129,0.12185209,0.00000000,0.00000000,0.00000000,0.00000000,0.00000000,0.00000000,0.00000000,0.00000000,0.00000000,0.00000000,0.04488812,0.00000000,0.00000000,0.00000000,0.00000000,0.00000000,0.00000000,0.03735453,0.00000000,0.00000000,0.00000000,0.00000000,0.00000000,0.00000000,0.00262950,0.00000000,0.00000000,0.00000000,0.00000000,0.00000000,0.00852493,0.38881890,0.00000000,0.00000000,0.18821613,0.00000000,0.00000000,0.00000000,0.00756050,0.00000000,0.00000000,0.00000000,0.00000000,0.00000000,0.00000000,0.00000000,0.00000000,0.00000000,0.00000000,0.00000000,0.00000000,0.00000000,0.00000000,0.00000000,0.00000000,0.00000000,0.00466278,0.00000000,0.00000000,0.00000000,0.00000000,0.00000000,0.00000000,0.00000000,0.00000000,0.00000000,0.01361638,0.00000000,0.00000000,0.00000000,0.00000000,0.00000000,0.00000000,0.00000000,0.00000000,0.00593331,0.00000000,0.00000000,0.00000000,0.15269730,0.00000000,0.00381758,0.00000000,0.00000000,0.00000000,0.00000000,0.00000000,0.00000000,0.00154847,0.00000000,0.00000000,0.00000000,0.00000000,0.02915707,0.00000000,0.00000000,0.05452121,0.00000000,0.00000000,0.00000000,0.00000000,0.00000000,0.00000000,0.00000000,0.00000000,0.00000000,0.00000000,0.00000000,0.00000000,0.00000000,0.00000000,0.00000000,0.09930267,0.00000000,0.47241135,0.00000000,0.00000000,0.00000000,0.06440651,0.00000000,0.00000000,0.00000000,0.01004712,0.00000000,0.00000000,0.00000000,0.00000000,0.00000000,0.00000000,0.00000000,0.00000000,0.00000000,0.05304477,0.00000000,0.00000000,0.00335159,0.00000000,0.00000000,0.00000000,0.00000000,0.00000000,0.00000000,0.00000000,0.00000000,0.00462983,0.00551319,0.45769122,0.00000000,0.00000000,0.00000000,0.00000000,0.00000000,0.00000000,0.00000000,0.00000000,0.00000000,0.00000000,0.00000000,0.00000000,0.00000000,0.06746867,0.00000000,0.00000000,0.00000000,0.00000000,0.00000000,0.00000000,0.00000000,0.00000000,0.00000000,0.00000000,0.00000000,0.00000000,0.00000000,0.00000000,0.11060412,0.00000000,0.00000000,0.00000000,0.00000000,0.00000000,0.05806814,0.00000000,0.00000000,0.07265196,0.00000000,0.00000000,0.00702969,0.00000000,0.00000000,0.04785722,0.02163020,0.00000000,0.00000000,0.00000000,0.00000000,0.00000000,0.00000000,0.00000000,0.01851384,0.00000000,0.00000000,0.00000000,0.00000000,0.00000000,0.00000000,0.00000000,0.00000000,0.00000000,0.00000000,0.00000000,0.00000000,0.00000000,0.00000000,0.00000000,0.00000000,0.00000000,0.00000000,0.00890810,0.01032047,0.00000000,0.00000000,0.00000000,0.00000000,0.00000000,0.00000000,0.00000000,0.00840624,0.00000000,0.00000000,0.00000000,0.00000000,0.00000000,0.00000000,0.00000000,0.00000000,0.03246333,0.00000000,0.00000000,0.00000000,0.00000000,0.00000000,0.00000000,0.03230745,0.00000000,0.00000000,0.00159001,0.00000000,0.00000000,0.00000000,0.00000000,0.00000000,0.00000000,0.00000000,0.00000000,0.00000000,0.00000000,0.00000000,0.00000000,0.00000000,0.00000000,0.00000000,0.00000000,0.00000000,0.00000000,0.00000000,0.01133483,0.00000000,0.00000000,0.00000000,0.00000000,0.00000000,0.00000000,0.00000000,0.00000000,0.00000000,0.00000000,0.00000000,0.00000000,0.00000000,0.00000000,0.00000000,0.00000000,0.00000000,0.00000000,0.00000000,0.00000000,0.00000000,0.00000000,0.05643650,0.00000000,0.00000000,0.00000000,0.00303225,0.00831739,0.00000000,0.00112530,0.00000000,0.00000000,0.00000000,0.00000000,0.00000000,0.01314484,0.00256428,0.00000000,0.00000000,0.00000000,0.00000000,0.00000000,0.00000000,0.00000000,0.00000000,0.00000000,0.00000000,0.00000000,0.00000000,0.00000000,0.00000000,0.00000000,0.00000000,0.00000000,0.00000000,0.00000000,0.00976462,0.00000000,0.00000000,0.00000000,0.00000000,0.00000000,0.03522141,0.00000000,0.00000000,0.00000000,0.00000000,0.00000000,0.04558537,0.02632503,0.00000000,0.00000000,0.00000000,0.00000000,0.00000000,0.03706176,0.00000000,0.00000000,0.00718906,0.00000000,0.00000000,0.00000000,0.00000000,0.00000000,0.00166920,0.00000000,0.00000000,0.00000000,0.00000000,0.00000000,0.00000000,0.00000000,0.00000000,0.00000000,0.00421612,0.00000000,0.00000000,0.00000000,0.00000000,0.00000000,0.00000000,0.00000000,0.00000000,0.00000000,0.00000000,0.00000000,0.00000000,0.00000000,0.00000000,0.00000000,0.01195224,0.00363391,0.00000000,0.00000000,0.00000000,0.00000000,0.00000000,0.00000000,0.00000000,0.00000000,0.00000000,0.03000312,0.00000000,0.00000000,0.00000000,0.00000000,0.00000000,0.00406997,0.00000000,0.00000000,0.00000000,0.00000000,0.00000000,0.00000000,0.00296573,0.00000000,0.00000000,0.00000000,0.00000000,0.00000000,0.00000000,0.00000000,0.00000000,0.00000000,0.00000000,0.00000000,0.00000000,0.00000000,0.00000000,0.00000000,0.09428382,0.00000000,0.00000000,0.00000000,0.00000000,0.01152991,0.00000000,0.00294763,0.00627464,0.00000000,0.00000000,0.00000000,0.00000000,0.00000000,0.00000000,0.00000000,0.00000000,0.00000000,0.00000000,0.00000000,0.00000000,0.00000000,0.00857907,0.00000000,0.00000000,0.00000000,0.00000000,0.00000000,0.00000000,0.00000000,0.00000000,0.00000000,0.00432099,0.00000000,0.00000000,0.00000000,0.00154458,0.00000000,0.00213268,0.00000000,0.00000000,0.00000000,0.00605194,0.00000000,0.00000000,0.04361414,0.00000000,0.00000000,0.00429717,0.00000000,0.00000000,0.00000000,0.00288568,0.00000000,0.00000000,0.00000000,0.02898991,0.00000000,0.00664894,0.00000000,0.00000000,0.00000000,0.00000000,0.00000000,0.00000000,0.00000000,0.00785977,0.00000000,0.00000000,0.00000000,0.00000000,0.00000000,0.00000000,0.00000000,0.00000000,0.00000000,0.00000000,0.00000000,0.00000000,0.00000000,0.00000000,0.00000000,0.00000000,0.00000000,0.05359581,0.00000000,0.00000000,0.00000000,0.00000000,0.18060070,0.00000000,0.00000000,0.00000000,0.00000000,0.27792735,0.03060582,0.00000000,0.00000000,0.00000000,0.00000000,0.00000000,0.00499773,0.00000000,0.00000000,0.00282979,0.00000000,0.00000000,0.00000000,0.00000000,0.00000000,0.00000000,0.01234629,0.00000000,0.00429741,0.00000000,0.00000000,0.00000000,0.00000000,0.00000000,0.00000000,0.00000000,0.00000000,0.00057841,0.00000000,0.00000000,0.00000000,0.00000000,0.00703268,0.00000000,0.00000000,0.00000000,0.00000000,0.00000000,0.00000000,0.00000000,0.00000000,0.00000000,0.00232570,0.00000000,0.00000000,0.00000000,0.00000000,0.00000000,0.00245999,0.00000000,0.00000000,0.00000000,0.00000000,0.00000000,0.00000000,0.00000000,0.01216945,3.59706577,0.00000000,0.00000000,0.00000000,0.00000000,0.00789800,0.00000000,0.00000000,0.00058136,0.00000000,0.00000000,0.00000000,0.00000000,0.00000000,0.00000000,0.00000000,0.00000000,0.00000000,0.00000000,0.00000000,0.00000000,0.00000000,0.00000000,0.00000000,0.00000000,0.00000000,0.00000000,0.00000000,0.00000000,0.01546627,0.00096738,0.12975325,0.00197904,0.00000000,0.00000000,0.00000000,0.00000000,0.00000000,0.00000000,0.00000000,0.00000000,0.00000000,0.00000000,0.03026772,0.00000000,0.00000000,0.00000000,0.00000000,0.00000000,0.00000000,0.00000000,0.00000000,0.00000000,0.00264689,0.00000000,0.00000000,0.00000000,0.00000000,0.00000000,0.00347795,0.00000000,0.00000000,0.00000000,0.00000000,0.00000000,0.00000000,0.00231714,0.00000000,0.00000000,0.00000000,0.00000000
0.00000000,0.00000000,0.00644122,0.00000000,0.00000000,0.00000000,0.00000000,0.00000000,0.00000000,0.00000000,0.00000000,0.00000000,0.00000000,0.00000000,0.00000000,0.00000000,0.00000000,0.00000000,0.00000000,0.00000000,0.00000000,0.00000000,0.00000000,0.00000000,0.00354700,0.00000000,0.00000000,0.00000000,0.00000000,3.20178747,0.00000000,0.00000000,0.00000000,0.00000000,0.00000000,0.00646983,0.00000000,0.00000000,0.00000000,0.00000000,0.00000000,0.00000000,0.00000000,0.00000000,0.00000000,0.00000000,0.00000000,0.00000000,0.00000000,0.00000000,0.00000000,0.00000000,0.00000000,0.00000000,0.04423940,0.00000000,0.00000000,0.00000000,0.00000000,0.00000000,0.00000000,0.00000000,0.00000000,0.00000000,0.00000000,0.00389086,0.00000000,0.00000000,0.00000000,0.00000000,0.00000000,0.00000000,0.00000000,0.00000000,0.00000000,0.00000000,0.00000000,0.00000000,0.00000000,0.00000000,0.00000000,0.00000000,0.00000000,0.00000000,0.00000000,0.00819958,0.00000000,0.00000000,0.00000000,0.00000000,0.00000000,0.48088207,0.00000000,0.00000000,0.00000000,0.00079003,0.00000000,0.00000000,0.00000000,0.00000000,2.39506908,0.00000000,0.00000000,0.00000000,0.00000000,0.00000000,0.00000000,0.00384526,0.14616767,0.00000000,0.00000000,1.00406396,0.10038491,0.00000000,0.00000000,0.00000000,0.00000000,0.00000000,0.04452626,0.00000000,0.00000000,0.00000000,0.11309682,0.00000000,0.02459390,0.00000000,0.00000000,0.00246881,0.00000000,0.00000000,0.00000000,0.00000000,0.00000000,0.00000000,0.00000000,0.00000000,0.00000000,0.00000000,0.00000000,0.00000000,0.00922403,0.00000000,0.00000000,0.00000000,0.00000000,0.00000000,0.00000000,0.00000000,0.01610446,0.00000000,0.00000000,0.00000000,0.00000000,0.00000000,0.00000000,0.00000000,0.02572119,0.00000000,0.00769831,0.00000000,0.00000000,0.00000000,0.00000000,0.00000000,0.00000000,0.00000000,0.00000000,0.00409256,0.00000000,0.00308293,0.00000000,0.00000000,0.00000000,0.00000000,0.00000000,0.00424605,0.00000000,0.00180369,0.01752377,0.00000000,0.00000000,0.00000000,0.00000000,0.00000000,0.00000000,0.00000000,0.00000000,0.00000000,0.02580446,0.00000000,0.00000000,0.00000000,0.00000000,0.00000000,0.00716306,0.00000000,0.00302248,0.00000000,0.00000000,0.53759344,0.00000000,0.00000000,0.00000000,0.00000000,0.00000000,0.00000000,0.02921110,0.00000000,0.00000000,0.00000000,0.00000000,0.00000000,0.00000000,0.00000000,0.00000000,0.00000000,0.00000000,0.00000000,0.00000000,0.00000000,0.00000000,2.14920363,0.00060128,0.00000000,0.00000000,0.00000000,0.00000000,0.00000000,0.00000000,0.00000000,0.00000000,0.00000000,0.00000000,0.00000000,0.00000000,0.00000000,0.00000000,0.00000000,0.00000000,0.00000000,0.00000000,0.00116317,0.00000000,0.00000000,0.00507009,0.00000000,0.00000000,0.00000000,0.01411589,0.00000000,0.00000000,0.00000000,0.00000000,0.00000000,0.00000000,0.00000000,0.00000000,0.00000000,0.10298467,0.00000000,0.00000000,0.00000000,0.00000000,0.00000000,0.26092104,0.00000000,0.00000000,0.00000000,0.11937293,0.00000000,0.00000000,0.00000000,0.00000000,0.00000000,0.00082279,0.00000000,0.00000000,0.00000000,0.00000000,0.00000000,0.00000000,0.00000000,0.03261907,0.00000000,0.00000000,0.00000000,0.00647152,0.00000000,0.00000000,0.00000000,0.00000000,0.00602475,0.00000000,0.00000000,0.00000000,0.00000000,0.00000000,0.00000000,0.00000000,0.00000000,0.00000000,0.00000000,0.00000000,4.46911984,0.07009482,0.00000000,0.06468501,0.00465410,0.00000000,0.00000000,0.00000000,0.00000000,0.01417190,0.00000000,0.00000000,0.01988613,0.00000000,0.00000000,0.00000000,0.00624763,0.00000000,0.00000000,0.00000000,0.00000000,0.00000000,0.00000000,0.00000000,0.00331275,0.00000000,0.00000000,0.00000000,0.00000000,0.00000000,0.00000000,0.00000000,0.00000000,0.00000000,0.00000000,0.00000000,0.00000000,0.00000000,0.00000000,0.00000000,0.00000000,0.03749409,0.07352650,0.00000000,0.00000000,0.00000000,0.00000000,0.00000000,0.00000000,0.00747885,0.00000000,0.00325928,0.00000000,0.03133296,0.00000000,0.00000000,0.00000000,0.00000000,0.00000000,0.00000000,0.00000000,0.00000000,0.00000000,0.00000000,0.00000000,0.00000000,0.00000000,0.02132020,0.00000000,0.00000000,0.00000000,0.01289245,0.00000000,0.00000000,0.00000000,0.00000000,2.29974309,0.00000000,0.00000000,0.00000000,0.00000000,0.00879440,0.00000000,0.01300749,0.00000000,0.00000000,0.00000000,0.00000000,0.00000000,0.03576850,0.00000000,0.00000000,0.00000000,0.00000000,0.00000000,0.00000000,0.00000000,0.00000000,0.00000000,0.00000000,0.00000000,0.00000000,0.00000000,0.00000000,0.00000000,0.00185728,0.00000000,0.00000000,0.00236503,0.00000000,0.00000000,0.00000000,0.00000000,0.00000000,0.00000000,0.00000000,0.00000000,0.00000000,0.00000000,0.00000000,0.00000000,0.00000000,0.00000000,0.00000000,0.00000000,0.00000000,0.00000000,0.00000000,0.00000000,0.00000000,0.00000000,0.00000000,0.00000000,0.00000000,0.00000000,0.03494890,0.00000000,0.00000000,0.00000000,0.00000000,0.00000000,0.00000000,0.00000000,0.00000000,0.00000000,0.00000000,0.00000000,0.00000000,0.00000000,0.00284562,0.00095965,0.00000000,0.00000000,0.00000000,0.00000000,0.00000000,0.00573482,0.00245499,0.00000000,0.00000000,0.00000000,0.00000000,0.00000000,0.00000000,0.97957815,0.00000000,0.00000000,0.00362130,0.00000000,0.00000000,0.00000000,0.00000000,0.00000000,0.00000000,0.00195249,0.00478599,0.00000000,0.00000000,0.00000000,0.00000000,0.00000000,0.00894332,0.07652377,0.00000000,0.00000000,0.00000000,0.00000000,0.00987073,0.00000000,0.00000000,0.00000000,0.00000000,0.00096926,0.00000000,0.00000000,0.00000000,0.02374177,0.00000000,0.00000000,0.00000000,0.00000000,0.00000000,0.00000000,0.00000000,0.00000000,0.00000000,0.00000000,0.00000000,0.00000000,0.00000000,0.00000000,0.01528734,0.00000000,0.00000000,0.00000000,0.00000000,0.00000000,0.00000000,0.00000000,0.00000000,0.00000000,0.00000000,0.00000000,0.00000000,0.00000000,0.00000000,0.00000000,0.00000000,0.00000000,0.00000000,0.00000000,0.00000000,0.00000000,0.00000000,0.00000000,0.00000000,0.00000000,0.01773986,0.00000000,0.00000000,0.00000000,0.00000000,0.00000000,0.00000000,0.00000000,0.00000000,0.00000000,0.00000000,0.00000000,0.00000000,0.00000000,0.00000000,0.00000000,0.00000000,0.00000000,0.00585401,0.00000000,0.00000000,0.01078656,0.00000000,0.00000000,0.00000000,0.00000000,0.00000000,0.02512963,0.00000000,0.00000000,0.01179577,0.09249889,0.00000000,0.00000000,0.03691673,0.00000000,0.00000000,0.00000000,0.00000000,0.00000000,0.00000000,0.00000000,0.00000000,0.13970084,0.00000000,0.00000000,0.00000000,0.00000000,0.00000000,0.00317939,0.00000000,0.00000000,0.00000000,0.00000000,0.00000000,0.00000000,0.00000000,0.00000000,0.00000000,0.00282469,0.00000000,0.00000000,0.00000000,0.01854181,0.00000000,0.00000000,0.00000000,0.00000000,0.00000000,0.00384253,0.00172662,0.00000000,0.00000000,0.00000000,0.00000000,0.00000000,0.00228258,0.00000000,0.00000000,0.00000000,0.00000000,0.00000000,0.00000000,0.00000000,0.00000000,0.00000000,0.00332988,0.00000000,0.00000000,0.00000000,0.00000000,0.00469645,0.00000000,0.00000000,0.00000000,0.00000000,0.00000000,0.00000000,0.00000000,0.00000000,0.00000000,0.00000000,0.00000000,0.00000000,0.00000000,0.00000000,0.00000000,0.03775589,0.00000000,0.00000000,0.00303800,0.00000000,0.00000000,0.00000000,0.00000000,0.04611865,0.00000000,0.00467349,0.00000000,0.00000000,0.00000000,0.00000000,0.00000000,0.00000000,0.00000000,0.00000000,0.00000000,0.00000000,0.00000000,0.00000000,0.00000000,0.00000000,0.00000000,0.00000000,0.00000000,0.00000000,0.24689063,0.00000000,0.00000000,0.00000000,0.00000000,0.00000000,0.00000000,0.00000000,0.00000000,0.00000000,0.00000000,0.00000000,0.00000000,0.00000000,0.07764823,0.00000000,0.02318149,0.00000000,0.00000000,0.00000000,0.01181881,0.00000000,0.00000000,0.00000000,0.00000000,0.00000000,0.00000000,0.00000000,0.00000000,0.00000000,0.00000000,0.00000000,0.00000000,0.00000000,0.00000000,0.00000000,0.00000000,0.00000000,0.00000000,0.00000000,0.00000000,0.00471917,0.00000000,0.00000000,0.00000000,0.00000000,0.00000000,0.00367099,0.00000000,0.00000000,0.00000000,0.00000000,0.00000000,0.00000000,0.00000000,0.00000000,0.00000000,0.00000000,0.00197276,0.00000000,0.00000000,0.00000000,0.00000000,0.00000000,0.00000000,0.00000000,0.00000000,0.00000000,0.00000000,0.00000000,0.00061312,0.00000000,0.00000000,0.00000000,0.00000000,0.00000000,0.00000000,0.00000000,0.00000000,0.00000000,0.00000000,0.00000000,0.00000000,0.00000000,0.00000000,0.00000000,0.00000000,0.00000000,0.00000000,0.01522120,0.03342522,0.00000000,0.00000000,0.00000000,0.00000000,0.00000000,0.00000000,0.00000000,0.05195908,0.00000000,0.00309067,0.00000000,0.00000000,0.00000000,0.00238575,0.00000000,0.00000000,0.00000000,0.00000000,0.00000000,0.00000000,0.97892496,0.00000000,0.00000000,0.00000000,0.00000000,0.00000000,0.00000000,0.00000000,0.00000000,0.00000000,0.00000000,0.00000000,0.00000000
0.00000000,0.00000000,0.00000000,0.00000000,0.00000000,0.00000000,0.00000000,0.00000000,0.00000000,0.00000000,0.00000000,0.00000000,0.00000000,0.00000000,0.00629033,0.00000000,0.00000000,0.00000000,0.00000000,0.00000000,0.00000000,0.00000000,0.01697993,0.00000000,0.00000000,0.00000000,0.00000000,0.00000000,0.00000000,0.07026544,0.00000000,0.00000000,0.00000000,0.01177058,0.00000000,0.00000000,0.00000000,0.00000000,0.00000000,0.00000000,0.00000000,0.00000000,0.00490027,0.07821043,0.00437572,0.00000000,0.00000000,0.00000000,0.00000000,0.00000000,0.00000000,0.00000000,0.00000000,0.00000000,0.00000000,0.00100019,0.00000000,0.00000000,0.00000000,0.00070401,0.00000000,0.00000000,0.00000000,0.00000000,0.00118803,0.00363249,0.00000000,0.00000000,0.00000000,0.00000000,0.00000000,0.00000000,0.00000000,0.00000000,0.00000000,0.00000000,0.01749095,0.00000000,0.00000000,0.02072859,0.00000000,0.00000000,0.00000000,0.00000000,0.00000000,0.00000000,0.08076733,0.00917184,0.00000000,0.00000000,0.00000000,0.00141457,0.00000000,0.00000000,0.00000000,0.00000000,0.00000000,0.00000000,0.00000000,0.00000000,0.00000000,0.00000000,0.00000000,0.00000000,0.02084213,0.00000000,0.18135608,0.00000000,0.00000000,0.00000000,0.00000000,0.00201171,0.00000000,0.00145335,0.00000000,0.00189430,0.00000000,0.00000000,0.00000000,0.00829424,0.00000000,0.00000000,0.00000000,0.00000000,0.00000000,0.00000000,0.00248377,0.00000000,0.00000000,0.00000000,0.00000000,0.00000000,0.02083555,0.00000000,0.00000000,0.00000000,0.00000000,0.00000000,0.00000000,0.00000000,0.00000000,0.00000000,0.00000000,0.00000000,0.00000000,0.00000000,0.00000000,0.00000000,0.00000000,0.00000000,0.00000000,0.00000000,1.12928966,0.00000000,0.02160987,0.00000000,0.00000000,0.00000000,0.00000000,0.00000000,0.00000000,0.00000000,0.04657678,0.00000000,0.00000000,0.01110606,0.00000000,0.00000000,0.00000000,0.00000000,0.00000000,0.00000000,0.00000000,0.00208696,0.00000000,0.00000000,0.01048706,0.00000000,0.00000000,0.00000000,0.00000000,0.00000000,0.00000000,0.00000000,0.00000000,0.00000000,0.00000000,0.00000000,0.00000000,0.00000000,0.00000000,0.00000000,0.00000000,0.00000000,0.00709375,0.00000000,0.00000000,0.00000000,0.52455946,0.00000000,0.00000000,0.00000000,0.00000000,0.00000000,0.00000000,0.00000000,0.00000000,0.00000000,0.00000000,0.00000000,0.00000000,0.00000000,0.00000000,0.00000000,0.00000000,0.00000000,0.00000000,0.02279634,0.00000000,0.00000000,0.00000000,0.05956929,0.10269881,0.00000000,0.00000000,0.00000000,0.00511377,0.00000000,0.00000000,0.00000000,0.00000000,0.00000000,0.00000000,0.00000000,0.00000000,0.00000000,0.00000000,0.00000000,0.00000000,0.00000000,0.14319781,0.00000000,0.00000000,0.00000000,0.00000000,0.00000000,0.00000000,0.01065742,0.01298275,0.00000000,0.00000000,0.00000000,0.00000000,0.00000000,0.02356067,0.00000000,0.00000000,0.00000000,0.00000000,0.00234765,0.00097466,0.00000000,0.00000000,0.00000000,0.00000000,0.00000000,0.00000000,0.00000000,0.00000000,0.00000000,0.00000000,0.00549671,0.00000000,0.00000000,0.00000000,0.00000000,0.00000000,0.00000000,0.00000000,0.00746700,0.00000000,0.00000000,0.00000000,0.00000000,0.00000000,0.00000000,0.00000000,0.00000000,0.00000000,0.00000000,0.00000000,0.00000000,0.00000000,0.01115522,0.00000000,0.00000000,0.00000000,0.00000000,0.00319928,0.00000000,0.00000000,0.00000000,4.46911984,0.00000000,0.00000000,0.03796827,0.00589423,0.00000000,0.00000000,0.00327858,0.01051873,0.00000000,0.02347105,0.00000000,0.00000000,0.00000000,0.00000000,0.00000000,0.00000000,0.00735521,0.00000000,0.00000000,0.00000000,0.00651344,0.00000000,0.00000000,0.00307446,0.00000000,0.00000000,0.00000000,0.00000000,0.00000000,0.00179824,0.00000000,0.00000000,0.00000000,0.00000000,0.00172115,0.00000000,0.03565004,0.00000000,0.00000000,0.00000000,0.00000000,0.00000000,0.00000000,0.00000000,0.00000000,0.00000000,0.00000000,0.00000000,0.00000000,0.00000000,0.00000000,0.00000000,0.00000000,0.00000000,0.01218634,0.00000000,0.00439130,0.00000000,0.00000000,0.00000000,0.00000000,0.00543319,0.00000000,0.00000000,0.00590970,0.00000000,0.00208247,0.00000000,0.00000000,0.00000000,0.00000000,0.00000000,0.00000000,0.00000000,0.00000000,0.00000000,0.00000000,0.00000000,0.00000000,0.00000000,0.00000000,0.00000000,0.00000000,0.00000000,0.00000000,0.00000000,0.00000000,0.00000000,0.00000000,0.00841843,0.00000000,0.00000000,0.00000000,0.00000000,0.00000000,0.00000000,0.00000000,0.00000000,0.00000000,0.00000000,0.01104394,0.00000000,0.00000000,0.00000000,0.00466849,0.00000000,0.00000000,0.00000000,0.00000000,0.00000000,0.00000000,0.00068730,0.00528778,0.00000000,0.09437528,0.00000000,0.00000000,0.00000000,0.00000000,0.00000000,0.00000000,0.00000000,0.00000000,0.00000000,0.00000000,0.00000000,0.09570180,0.00000000,0.00000000,0.00000000,0.03747925,0.00000000,0.00000000,0.00000000,0.00000000,0.00957841,0.00841899,0.00000000,0.00000000,0.00000000,0.03521256,0.00000000,0.00000000,0.00000000,0.00000000,0.00000000,0.00000000,0.00000000,0.00000000,0.00000000,0.00000000,1.36445255,0.00000000,0.00000000,0.00000000,0.00000000,0.00137043,0.01220034,0.00000000,0.00000000,0.00000000,0.00000000,0.00000000,0.00000000,0.00000000,0.00000000,0.00000000,0.00000000,0.00000000,0.00000000,0.00000000,0.00000000,0.00000000,0.00000000,0.00000000,0.00000000,0.00000000,0.00000000,0.00384185,0.00000000,0.00000000,0.18271291,0.00000000,0.00000000,0.00000000,0.00643244,0.00000000,0.00000000,0.00000000,0.00000000,0.00000000,0.00000000,0.00000000,0.00000000,0.00000000,0.00000000,0.00000000,0.00000000,0.00000000,0.01194842,0.00000000,0.00000000,0.00000000,0.00000000,0.00000000,0.00000000,0.00000000,0.00000000,0.00000000,0.01119577,0.00000000,0.00000000,0.00000000,0.00000000,0.00000000,0.00000000,0.00000000,0.00000000,0.00000000,0.00000000,0.00000000,0.00000000,0.00000000,0.00000000,0.00000000,0.00000000,0.00000000,0.00000000,0.00000000,0.00000000,0.00000000,0.00000000,0.00000000,0.00000000,0.00000000,0.00000000,0.00000000,0.00000000,0.00000000,0.00000000,0.00000000,0.00000000,0.00000000,0.00000000,0.00545908,0.00000000,0.00000000,0.00000000,0.00000000,0.00000000,0.02832116,0.00000000,0.06879265,0.00000000,0.00000000,0.00000000,0.00000000,0.00000000,0.00000000,0.00323963,0.00000000,0.00000000,0.00000000,0.00000000,0.00000000,0.00000000,0.00000000,0.00000000,0.00000000,0.00000000,0.00000000,0.00000000,0.00000000,0.00000000,0.00000000,0.00000000,0.00000000,0.00000000,0.00000000,0.00000000,0.00000000,0.00000000,0.00000000,0.00000000,0.00000000,0.01364823,0.00000000,0.00000000,0.00000000,0.00000000,0.00000000,0.00000000,0.00594528,0.00000000,0.00817174,0.00000000,0.00784274,0.00000000,0.00000000,0.00617477,0.00000000,0.00000000,0.00000000,0.00000000,0.00000000,0.00000000,0.00000000,0.00000000,0.00000000,0.00000000,0.00000000,0.00000000,0.00000000,0.00000000,0.00000000,0.00000000,0.00000000,0.00279961,0.00000000,0.00000000,0.00000000,0.00000000,0.09765469,0.00000000,0.00000000,0.00000000,0.00000000,0.00000000,0.05408009,0.00000000,0.00000000,0.00000000,0.00000000,0.00000000,0.00000000,0.00000000,0.00000000,0.00000000,0.06747198,0.00000000,0.00000000,0.00000000,0.00000000,0.00000000,0.00000000,0.00000000,0.00000000,0.11088331,0.00000000,0.00000000,0.00000000,0.00000000,0.00000000,0.00000000,0.01412646,2.54870322,0.00000000,0.01461391,0.00000000,0.00000000,0.00000000,0.00000000,0.00000000,0.20687743,0.00000000,0.00000000,0.00000000,0.00000000,0.00000000,0.00000000,0.00000000,0.00000000,0.00000000,0.00000000,0.07183812,0.00000000,0.00000000,0.00000000,0.00000000,0.00000000,0.00000000,0.00000000,0.00000000,0.00000000,0.00903742,0.00000000,0.00000000,0.00000000,0.00000000,0.00000000,0.00000000,0.00000000,0.00000000,0.00000000,0.17450912,0.02058053,0.00909346,0.00000000,0.00283467,0.00000000,0.00000000,0.00000000,0.00000000,0.00000000,0.00820613,0.00000000,0.00000000,0.04711469,0.00000000,0.00000000,0.00000000,0.00000000,0.00000000,0.00000000,0.00000000,0.00000000,0.00000000,0.00000000,0.00000000,0.00000000,0.00000000,0.00000000,0.00000000,0.00000000,0.00000000,0.00000000,0.00000000,0.00000000,0.00000000,0.00000000,0.00000000,0.00000000,0.00000000,0.00000000,0.00000000,0.00000000,0.00000000,0.00000000,0.00000000,0.00000000,0.00000000,0.02767226,0.00202234,0.00000000,0.00000000,0.00000000,0.00000000,0.02060239,0.00000000,0.00000000,0.00000000,0.00000000,0.00000000,0.00000000,0.00000000,0.00000000,0.00000000,0.00000000,0.00000000,0.00000000,0.00000000,0.00000000,0.00000000,0.00000000,0.00000000,0.51308773,0.00000000,0.00000000,0.00000000,0.00000000,0.00000000,0.01976428,0.00000000,0.00000000,0.00000000,0.00000000,0.00000000,0.00000000,0.00000000,0.00000000,0.00000000,0.00000000,0.00000000,0.00000000,0.01305793,0.00000000,0.00000000,0.00000000,0.00000000,0.00000000,0.00000000,0.00000000,0.00000000,0.00000000,0.00000000,0.00000000,0.00000000
0.00000000,0.00000000,0.00000000,0.00895292,0.00000000,0.00577207,0.07448908,0.00000000,0.00000000,0.00000000,0.00000000,0.00000000,0.00000000,0.00000000,0.00000000,0.00000000,0.00000000,0.00000000,0.00000000,0.00000000,0.00000000,0.00000000,1.16490798,0.00000000,0.00000000,0.00000000,0.00760561,0.00000000,0.00000000,0.00000000,0.01125500,0.00000000,0.00000000,0.00000000,0.00000000,0.00000000,0.00000000,0.00000000,0.00000000,0.00000000,0.00000000,0.00000000,0.00000000,0.00000000,0.00000000,0.00000000,0.00000000,0.00000000,0.00000000,0.00000000,0.00000000,0.00000000,0.00000000,0.00000000,0.00000000,0.00000000,0.00000000,0.00000000,0.00000000,0.00000000,0.00132004,0.00000000,0.00000000,0.00075956,0.00000000,0.00076460,0.00000000,0.00000000,0.00000000,0.00000000,0.00000000,0.00000000,0.00000000,0.05718792,0.00000000,0.00000000,0.00000000,0.00104984,0.00000000,0.00000000,0.00000000,0.00000000,0.00000000,0.00000000,0.00000000,0.00000000,0.00000000,0.00000000,0.00000000,0.00519775,0.00410933,0.00000000,0.00000000,0.00000000,0.00308997,0.00000000,0.00000000,0.00000000,0.01588654,0.00000000,0.00000000,0.00000000,0.01621977,0.00000000,0.00000000,0.00000000,0.00000000,0.00000000,0.00000000,0.00000000,0.00000000,0.00000000,0.00000000,0.00000000,0.00000000,0.00000000,0.00000000,0.00000000,0.00000000,0.00000000,0.00000000,0.02079592,0.00000000,0.00000000,0.00000000,0.00000000,0.00000000,0.00143742,0.00000000,0.00000000,0.00000000,0.00000000,0.00000000,0.00000000,0.00000000,0.00000000,0.00000000,0.00000000,0.00000000,0.00103772,0.00000000,0.00000000,0.00000000,0.00000000,0.00000000,0.00000000,0.00000000,0.03031877,0.00000000,0.01420867,0.00000000,0.00000000,0.00000000,0.00000000,0.00000000,0.00000000,0.00000000,0.00000000,0.00000000,0.00000000,0.00000000,0.00000000,0.00000000,0.00000000,0.00633392,0.12377870,0.00000000,0.00000000,0.00000000,0.00294156,0.00000000,0.00000000,0.00000000,0.00000000,0.00000000,0.00000000,0.00000000,0.00347553,0.00000000,0.00661156,0.01023930,0.00000000,0.00000000,0.00000000,0.00000000,0.00000000,0.00000000,0.00000000,0.00000000,0.00000000,0.02495807,0.00000000,0.00000000,0.00000000,0.00000000,0.00000000,0.00000000,0.00000000,0.00000000,0.00000000,0.00451938,0.00000000,0.00000000,0.00510808,0.00000000,0.00000000,0.00000000,0.00000000,0.00000000,0.00000000,0.00000000,0.00000000,0.00000000,0.00000000,0.00000000,0.00000000,0.00000000,0.00000000,0.00000000,0.00000000,0.00000000,0.00000000,0.00000000,0.00000000,0.03131724,0.00000000,0.00000000,0.00000000,0.00075137,0.00000000,0.00000000,0.00000000,0.00000000,0.00000000,0.00000000,0.00000000,0.00000000,0.00000000,0.01390452,0.00000000,0.00000000,0.00000000,0.00000000,0.00000000,0.00000000,0.00000000,0.00000000,0.00000000,0.00000000,0.00000000,0.00000000,0.00000000,0.00000000,0.00000000,0.00000000,0.00000000,0.04234810,0.00000000,0.00000000,0.00000000,0.00000000,0.00000000,0.00187356,0.00000000,0.51139587,0.00000000,0.00000000,0.00000000,0.00000000,0.00000000,0.00000000,0.00000000,0.00000000,0.00000000,0.00000000,0.00000000,0.00000000,0.00000000,0.00000000,0.00000000,0.01715113,0.00000000,0.00000000,0.00000000,0.00000000,0.00000000,0.00000000,0.01359291,0.00000000,0.00000000,0.00000000,0.00000000,0.00000000,0.00000000,0.00000000,0.03761305,0.00000000,0.00000000,0.00000000,0.00000000,0.00000000,0.00462983,0.07009482,0.00000000,0.00000000,0.00000000,0.00000000,0.00000000,0.88720345,0.00000000,0.00000000,0.00000000,0.00000000,0.00000000,0.00000000,0.00000000,0.00000000,0.00000000,0.00000000,0.00105430,0.00000000,0.00000000,0.00000000,0.00000000,0.00000000,0.00000000,0.00000000,0.00000000,0.00000000,0.00000000,0.00000000,0.00000000,0.00280302,0.00000000,0.00000000,0.00000000,0.00000000,0.00000000,0.00000000,0.00000000,0.00000000,0.00000000,0.00000000,0.00000000,0.00251185,0.00000000,0.06094746,0.00000000,0.00000000,0.00000000,0.00000000,0.00000000,0.00000000,0.00000000,0.00000000,0.01127697,0.48588133,0.00000000,0.00000000,0.00000000,0.00000000,0.00000000,0.00000000,0.00000000,0.00000000,0.00174300,0.00000000,0.00129248,0.00000000,0.00000000,0.00000000,0.00000000,0.09655616,0.00000000,0.00000000,0.00000000,0.00000000,0.00000000,0.00000000,0.00000000,0.00000000,0.00000000,0.00000000,0.00000000,0.00000000,0.00000000,0.00000000,0.00840230,0.00000000,0.00000000,0.00000000,0.00000000,0.00000000,0.00000000,0.00000000,0.00000000,0.00925516,0.00000000,0.00000000,0.00000000,0.00000000,0.00000000,0.00000000,0.00000000,0.00000000,0.00000000,0.07923464,0.00000000,0.01536878,0.00000000,0.00000000,0.00000000,0.00000000,0.00000000,0.00000000,0.00000000,0.00253937,0.00000000,0.00000000,0.00000000,0.00350454,0.00000000,0.00000000,0.00000000,0.01447691,0.00332087,0.00366782,0.00000000,0.00000000,0.00000000,0.00000000,0.46469875,0.00000000,0.00000000,0.00000000,0.02427171,0.00000000,0.00000000,0.00000000,0.00000000,0.03004524,0.00000000,0.00000000,0.22712525,0.00000000,0.00000000,0.00000000,0.00000000,0.00000000,0.00000000,0.00000000,0.00000000,0.00000000,0.00000000,0.00000000,0.00000000,0.00000000,0.00000000,0.00569954,0.00000000,0.00000000,0.00223552,0.00000000,0.00000000,0.01963475,0.00000000,0.00000000,0.00000000,0.00000000,0.00000000,0.10771191,0.00000000,0.00000000,0.00223875,0.00000000,0.00000000,0.00000000,0.05477503,0.00000000,0.00000000,0.00000000,0.00545885,0.00000000,0.00000000,0.00000000,0.00000000,0.00000000,0.00000000,0.00000000,0.00000000,0.00000000,0.00000000,0.00000000,0.00000000,0.00000000,0.00000000,0.00000000,0.00000000,0.00000000,0.00000000,0.00000000,0.00000000,0.00000000,0.00000000,0.00000000,0.00000000,0.00000000,0.00000000,0.00000000,0.00000000,0.00390055,0.00000000,0.00000000,0.02822189,0.00000000,0.00000000,0.00000000,0.00000000,0.00000000,0.00000000,0.00000000,0.01869463,0.00000000,0.00000000,0.00000000,0.00000000,0.00000000,0.00000000,0.00000000,0.00000000,0.00000000,0.09111119,0.02519001,0.00000000,0.00309455,0.00000000,0.00000000,0.00000000,0.00000000,0.00000000,0.00000000,0.13761158,0.00000000,0.00731369,0.04071427,0.00000000,0.00000000,0.00000000,0.00000000,0.00000000,0.00091076,0.00000000,0.01422418,0.00000000,0.00000000,0.00421604,0.00000000,0.00000000,0.00395319,0.00000000,0.00000000,0.00000000,0.00000000,0.00000000,0.00000000,0.00000000,0.00000000,0.00000000,0.00228354,0.00000000,0.00000000,0.00000000,0.00000000,0.00000000,0.00000000,0.00000000,0.00000000,0.00000000,0.00000000,0.00000000,0.00000000,0.00000000,0.00000000,0.00000000,0.00000000,0.00000000,0.00000000,0.00000000,0.00000000,0.00000000,0.00000000,0.00000000,0.00000000,0.00000000,0.00000000,0.00000000,0.00000000,0.00000000,0.00000000,0.00000000,0.05638508,0.00748679,0.00000000,0.00000000,0.00000000,0.00000000,0.00000000,0.00000000,0.00000000,0.00000000,0.00000000,0.00000000,0.00000000,0.00000000,0.00000000,0.00000000,0.00201130,0.00000000,0.00247461,0.00000000,0.26817686,0.00000000,0.00000000,0.00000000,0.00000000,0.00000000,0.00000000,0.00000000,0.00000000,0.83298459,0.00000000,0.00000000,0.00000000,0.00000000,0.01794547,0.00000000,0.00000000,0.00000000,0.00000000,0.00000000,0.00000000,0.00000000,0.01376528,0.00000000,0.00000000,0.00000000,0.00000000,0.00000000,0.00000000,0.00000000,0.00000000,0.00000000,0.00000000,0.00000000,0.04080063,0.00000000,0.00000000,0.00000000,0.00000000,0.00000000,0.00000000,0.00000000,0.00000000,0.00000000,0.00000000,0.00000000,0.00000000,0.00000000,0.00000000,0.00000000,0.00000000,0.00000000,0.00000000,0.00000000,0.00000000,0.00000000,0.00000000,0.00000000,0.04231715,0.00000000,0.00000000,0.00109824,0.00152707,0.00000000,0.00000000,0.00000000,0.00000000,0.00000000,0.00000000,0.00000000,0.00000000,0.00195213,0.00000000,0.00000000,0.00000000,0.00000000,0.00000000,0.00000000,0.00382224,0.00000000,0.00000000,0.00058248,0.00000000,0.00000000,0.00000000,0.00000000,0.00000000,0.00000000,0.00101977,0.00000000,0.00000000,0.00000000,0.00000000,0.00000000,0.00000000,0.00000000,0.00000000,0.00000000,0.00355140,0.00491572,0.00000000,0.00604320,0.00000000,2.77807316,0.00000000,0.00000000,0.00000000,0.00000000,0.00000000,0.00000000,0.00000000,0.00000000,0.00000000,0.00000000,0.00098277,0.00000000,0.00483994,0.00000000,0.01114845,0.00000000,0.00101750,0.00000000,0.00156478,0.00000000,0.00000000,0.00210797,0.00000000,0.00000000,0.00000000,0.00000000,0.00000000,0.00000000,0.00000000,0.00000000,0.00000000,0.00000000,0.01793768,0.00000000,0.00000000,0.00000000,0.00000000,0.00000000,0.00670706,0.00000000,0.00000000,0.00000000,0.00000000,0.00000000,0.00000000,0.00112938,0.00000000,0.00000000,0.00000000,0.00000000,0.00000000,0.00000000,0.00000000,0.00000000,0.00000000,0.00000000,0.00000000,0.00000000,0.00000000,0.00000000,0.00000000,0.00000000,0.00000000,0.00000000,0.00000000,0.00000000,0.00000000,0.00000000,0.00000000,0.00000000,0.00000000,0.00000000,0.00000000,0.00000000,0.00000000,0.00000000
0.00000000,0.00000000,0.00000000,0.00000000,0.00000000,0.00000000,0.00000000,0.00000000,0.00000000,0.00000000,0.00000000,0.00000000,0.00000000,0.00000000,0.00000000,0.00000000,0.00000000,0.00000000,0.00000000,0.00000000,0.00000000,0.00000000,0.00000000,4.21010596,0.00000000,0.00000000,0.00000000,0.00000000,0.00000000,0.00000000,0.00000000,0.00000000,0.00000000,0.00000000,0.00000000,0.00000000,0.00000000,0.00000000,0.00000000,0.00279779,0.00056782,0.00000000,0.00000000,0.00000000,0.00000000,0.01731247,0.02503377,0.00000000,0.04298452,0.02294220,0.00000000,0.00000000,0.04223781,0.00650946,0.00000000,0.00000000,0.00247370,0.00000000,0.00096224,0.00542526,0.00000000,0.00000000,0.00000000,0.00000000,0.00000000,0.00000000,0.00000000,0.00000000,0.00498456,0.00000000,0.00000000,0.00000000,0.00000000,0.00000000,0.00000000,0.02099744,0.00000000,0.00000000,0.02179471,0.00096933,0.00000000,0.00000000,0.00000000,0.00000000,0.00000000,0.00000000,0.00000000,0.00823215,0.00000000,0.00000000,0.00000000,0.00000000,0.00000000,0.00000000,0.00000000,0.00000000,0.00000000,0.00000000,0.00000000,0.00977582,0.00000000,0.01743203,0.00000000,0.00439299,0.00000000,0.00000000,0.00000000,0.00000000,0.00000000,0.00000000,0.00000000,0.00000000,0.00000000,0.00000000,0.00000000,0.00000000,0.00000000,0.00000000,0.00000000,0.00000000,0.00000000,0.00000000,0.00000000,0.00000000,0.00101426,0.00000000,0.00000000,0.00000000,0.00000000,0.00000000,0.00000000,0.00000000,0.00000000,0.00000000,0.00000000,0.00000000,0.00000000,0.00000000,0.00000000,0.00000000,0.00000000,0.00000000,0.00000000,0.00000000,0.00000000,0.00000000,0.17929747,0.00000000,0.00000000,0.00000000,0.00000000,0.00000000,0.00000000,0.00000000,0.00000000,0.00000000,0.00822631,0.00000000,0.00216485,0.00000000,0.00000000,0.00000000,0.00000000,0.00000000,0.03321708,0.00000000,0.00000000,0.00000000,0.00000000,0.00000000,0.00000000,0.00000000,0.00000000,0.00000000,0.00114848,0.00000000,0.00000000,0.00000000,0.00000000,0.00000000,0.00000000,0.00000000,0.00000000,0.00000000,0.00000000,0.00000000,0.00000000,0.00000000,0.00000000,0.00832425,0.00000000,0.00000000,0.00000000,0.00000000,0.00000000,0.00000000,0.00384867,0.00000000,0.00916486,0.00000000,0.00000000,0.00000000,0.00000000,0.00000000,0.00000000,0.00000000,0.00000000,0.00000000,0.00927776,0.00000000,0.00000000,0.00000000,0.00000000,0.00000000,0.00000000,0.00000000,0.00000000,0.00000000,0.00000000,0.05813485,0.00000000,0.00000000,0.00000000,0.00000000,0.00000000,0.00000000,0.00000000,0.00000000,0.00000000,0.00000000,0.00000000,0.00000000,0.00000000,0.00000000,0.00000000,0.00000000,0.00187250,0.00000000,0.00000000,0.00000000,0.00000000,0.00000000,0.00000000,0.00000000,0.00000000,0.00000000,0.00000000,0.00000000,0.00000000,0.00000000,0.00000000,0.00000000,0.00000000,0.00000000,0.00000000,0.00000000,0.00000000,0.00000000,0.00000000,0.00000000,0.00000000,0.00000000,0.00456027,0.00000000,0.00000000,0.02830133,0.00000000,0.00000000,0.00000000,0.00000000,0.00000000,0.00000000,0.00000000,0.00000000,0.00000000,0.00000000,0.00000000,0.00000000,0.00000000,0.00000000,0.01380648,0.00000000,0.00488562,0.00000000,0.00000000,0.02810072,0.04068734,0.00000000,0.00000000,0.00000000,0.00000000,0.00000000,0.00721746,0.00000000,0.00000000,0.01013091,0.00000000,0.00000000,0.00000000,0.00000000,0.00000000,0.00551319,0.00000000,0.03796827,0.00000000,0.00000000,0.00000000,0.00000000,0.00000000,0.00000000,0.00000000,0.00000000,0.00000000,0.00266522,0.00000000,0.00000000,0.11053561,0.00000000,0.00000000,0.00000000,0.02596873,0.00000000,0.00000000,0.00000000,0.00000000,0.00000000,0.00424700,0.00000000,0.02224198,0.00000000,0.00000000,0.00000000,0.00000000,0.13392653,0.00000000,0.00000000,0.00000000,0.00000000,0.00000000,0.00000000,0.00000000,0.00000000,0.00000000,0.00000000,0.04683208,0.00000000,0.00000000,0.00000000,0.00000000,0.00000000,0.01505914,0.00000000,0.00000000,0.00000000,0.00000000,0.00000000,0.00586193,0.01981844,0.00000000,0.00000000,0.00428796,0.00000000,0.00000000,0.00000000,0.00000000,0.00000000,0.00000000,0.00000000,0.00000000,0.00000000,0.00000000,0.00000000,0.00000000,0.00000000,0.00000000,0.00000000,0.00000000,0.00000000,0.00000000,0.00000000,0.00000000,0.00191744,0.00000000,0.00000000,0.00000000,0.02073572,0.00000000,0.00000000,0.00000000,0.00000000,0.00000000,0.00000000,0.00000000,0.00211302,0.00000000,0.00000000,0.00000000,0.00000000,0.00000000,0.00000000,0.00000000,0.00000000,0.00000000,0.00000000,0.00000000,0.00000000,0.00000000,0.00000000,0.00000000,0.00000000,0.00000000,0.00000000,0.00000000,0.00000000,0.00000000,0.00137044,0.00000000,0.00000000,0.00000000,0.00431793,0.00000000,0.00000000,0.00000000,0.00000000,0.00000000,0.00000000,0.00000000,0.00000000,0.00000000,0.00000000,0.00000000,0.00000000,0.00000000,0.01740301,0.00000000,0.00000000,0.00000000,0.00125312,0.00000000,0.00000000,0.00000000,0.00278302,0.00000000,0.00000000,0.00000000,0.00000000,0.00000000,0.00000000,0.00000000,0.00000000,0.00000000,0.00000000,0.00000000,0.00281926,0.41870070,0.00000000,0.00000000,0.00000000,0.00000000,0.00000000,0.00000000,0.00000000,0.00000000,0.00000000,0.00000000,0.00000000,0.00000000,0.00000000,0.00000000,0.00000000,0.00000000,0.00000000,0.00300465,0.00000000,0.00000000,0.00148893,0.00000000,0.00000000,0.00128345,0.00000000,0.00000000,0.00000000,0.00393831,0.05028448,0.00000000,0.00000000,0.00000000,0.00000000,0.00000000,0.00000000,0.00000000,0.08415422,0.00000000,0.00000000,0.00000000,0.00000000,0.00000000,0.00000000,0.00000000,0.00000000,0.00000000,0.00000000,0.00000000,0.00000000,0.00000000,0.00000000,0.00000000,0.00000000,0.00000000,0.00000000,0.00000000,0.00000000,0.00000000,0.00000000,0.00000000,0.00000000,0.00000000,0.00000000,0.08979258,0.00000000,0.00000000,0.00000000,0.00000000,0.00000000,0.00000000,0.00000000,0.01432331,0.00000000,0.00000000,0.00000000,0.09784909,0.00000000,0.00000000,0.00000000,0.00000000,0.00000000,0.00000000,0.00000000,0.00109851,0.00000000,0.00000000,0.00000000,0.00000000,0.00807552,0.00000000,0.00000000,0.11691084,0.00000000,0.00000000,0.00000000,0.00000000,0.00000000,0.00000000,0.00000000,0.00000000,0.00000000,0.00000000,0.00000000,0.00000000,0.00000000,0.00000000,0.00000000,0.00000000,0.00000000,0.00000000,0.00000000,0.00000000,0.00000000,0.00000000,0.00000000,0.00000000,0.01511610,0.00000000,0.00000000,0.00000000,0.00000000,0.00000000,0.00000000,0.00000000,0.00000000,0.00000000,0.00000000,0.00000000,0.00000000,0.00000000,0.02027805,0.00000000,0.00000000,0.00000000,0.00000000,0.00000000,0.00000000,0.02515522,0.00297531,0.00158576,0.00000000,0.00000000,0.00000000,0.00000000,0.00000000,0.00000000,0.00000000,0.00000000,0.00000000,0.00000000,0.00000000,0.00000000,0.00000000,0.00000000,0.00000000,0.00000000,0.00000000,0.00139529,0.00000000,0.00514775,0.00000000,0.00000000,0.00000000,0.00000000,0.00000000,0.00000000,0.00000000,0.00000000,0.00000000,0.00346024,0.00000000,0.00000000,0.00000000,0.00000000,0.00302482,0.00000000,0.00000000,0.00000000,0.00000000,0.00000000,0.00000000,0.00000000,0.00000000,0.00000000,0.00000000,0.00000000,0.00000000,0.00000000,0.00000000,0.00000000,0.00000000,0.00000000,0.00592702,0.00000000,0.00000000,0.00000000,0.00000000,0.01901669,0.00984560,0.00000000,0.00000000,0.01417764,0.00000000,0.00000000,0.00000000,0.00000000,0.00000000,0.00000000,0.00000000,0.00000000,0.00000000,0.00000000,0.00000000,0.00000000,0.00000000,0.00000000,0.00000000,0.00000000,0.00000000,0.00000000,0.00103534,0.00000000,0.00000000,0.00000000,0.00158326,0.00000000,0.00451929,0.00000000,1.08833460,0.00000000,0.00000000,0.00763715,0.00000000,0.00000000,1.06418112,0.00000000,0.00100818,0.00000000,0.00000000,0.00000000,0.00000000,0.00000000,0.00618418,0.00000000,0.00000000,0.00000000,0.00846060,0.00000000,0.00000000,0.00000000,0.03102572,0.00706323,0.00000000,0.00000000,0.00000000,0.01614189,0.00000000,0.00276485,0.00000000,0.01873616,0.00000000,0.00000000,0.00000000,0.00000000,0.00000000,0.00000000,0.00000000,0.00000000,0.00000000,0.00000000,0.00000000,0.00000000,0.00000000,0.00000000,0.00000000,0.02322967,0.00000000,0.00229239,0.00000000,0.00000000,0.00000000,0.00000000,0.00000000,0.00000000,0.00000000,0.76178675,0.00000000,0.00000000,0.00000000,0.00000000,0.00087047,0.00000000,2.61790559,0.00000000,0.00000000,0.00000000,0.00000000,0.00000000,0.00000000,0.00000000,0.00000000,0.00000000,0.00000000,0.00497924,0.00000000,0.00000000,0.00000000,0.00000000,0.00000000,0.00000000,0.00000000,0.00000000,0.00000000,0.00122001,0.00000000,0.00000000,0.00556927,0.00550963,0.00000000,0.00772830,0.00000000,0.00000000,0.00000000,0.00000000,0.00000000,0.00000000,0.00000000,0.03779729,0.00000000,0.00000000,0.00000000,0.00000000,0.00000000,0.00000000,0.00000000,0.00000000,0.00000000,0.00000000,0.00000000,0.00348591,0.00000000,0.00000000,0.00000000,0.00000000,0.00000000
0.02723328,0.00000000,0.00000000,0.41715713,0.00000000,0.00000000,0.00000000,0.00000000,0.00000000,0.00000000,0.00000000,0.00000000,0.00886522,0.00000000,0.00000000,0.00450147,0.00000000,0.00000000,0.00000000,0.00000000,0.08026782,0.00000000,0.00000000,0.00000000,0.01113031,0.00000000,0.08589728,0.00000000,0.00000000,0.00289042,0.00000000,0.01012317,0.00000000,0.00000000,0.00000000,0.00000000,0.00000000,0.00000000,0.00000000,0.00000000,0.00000000,0.00000000,0.00000000,0.99686539,0.16571952,0.00000000,0.00000000,0.17807366,0.02966209,0.00580418,0.00286435,0.00000000,0.26909629,0.00000000,0.00000000,0.00000000,0.00000000,0.01542641,0.00000000,0.00000000,0.00529159,0.00000000,0.00000000,0.00000000,0.00310670,0.00000000,0.00000000,0.00000000,0.00000000,0.00000000,0.00000000,0.00000000,0.00000000,0.00000000,0.00000000,0.00000000,0.00000000,0.00000000,0.00000000,0.00724089,0.00000000,0.00285449,0.00000000,0.00000000,0.00000000,0.00000000,0.00000000,0.00000000,0.00000000,0.00000000,0.00000000,0.00000000,0.00000000,0.00132679,0.00000000,0.00000000,0.00000000,0.00000000,0.00223433,0.00000000,0.00000000,0.00337233,0.00000000,0.00000000,0.00000000,0.00000000,0.00000000,0.00000000,0.01354398,0.00000000,0.00000000,0.00104017,0.00000000,0.00000000,0.00000000,0.00000000,0.00000000,0.01742126,0.00000000,0.00000000,0.00000000,0.00000000,0.00000000,0.00000000,0.00000000,0.01552702,0.00000000,0.00000000,0.00000000,0.00000000,0.00000000,0.00000000,0.00000000,0.00000000,0.00000000,0.00000000,0.00000000,0.00000000,0.00000000,0.00000000,0.00000000,0.00000000,0.00000000,0.00000000,0.00000000,0.00000000,0.00000000,0.00000000,0.02765660,0.00000000,0.00000000,0.00000000,0.00000000,0.00460690,0.00000000,0.00000000,0.00000000,0.00469195,0.00000000,0.00000000,0.00000000,0.00000000,0.00000000,0.00000000,0.00000000,0.00000000,0.00000000,0.00000000,0.00000000,0.00000000,0.00000000,0.00000000,0.00000000,0.00000000,0.00000000,0.00000000,0.00812345,0.00000000,0.00000000,0.00000000,0.00000000,0.00000000,0.00000000,0.00000000,0.00000000,0.00000000,0.09007959,0.00000000,0.00000000,0.00000000,0.00605570,0.00000000,0.00000000,0.00000000,0.00000000,0.00000000,0.00000000,0.00000000,0.00000000,0.00000000,0.00000000,0.00000000,0.00000000,0.00000000,0.00745182,0.00000000,0.00000000,0.00000000,0.00000000,0.00000000,0.05117128,0.00000000,0.00000000,0.00000000,0.00000000,0.00000000,0.00000000,0.00000000,0.00000000,0.00000000,0.00000000,0.00000000,0.68523081,0.00000000,0.00000000,0.00000000,0.00000000,0.02830171,0.00000000,0.00000000,0.00000000,0.00000000,0.00000000,0.00000000,0.00000000,0.00000000,0.00000000,0.00000000,0.00000000,0.00000000,0.00000000,0.00000000,0.00000000,0.00000000,0.00000000,0.00000000,0.00000000,0.00000000,0.00000000,0.00000000,0.00000000,0.00000000,0.00000000,0.00000000,0.00000000,0.00000000,0.03169720,0.00000000,0.00730043,0.00000000,0.00000000,0.00000000,0.00000000,0.00000000,0.00000000,0.00000000,0.00000000,0.00000000,0.00238388,0.00000000,0.00000000,0.01271060,0.00000000,0.00000000,0.06640845,0.00000000,0.00000000,0.00000000,0.00000000,0.00000000,0.00000000,0.00000000,0.00000000,0.00000000,0.00669971,0.00000000,0.00000000,0.00000000,0.00000000,0.07516889,0.02452036,0.00000000,0.00000000,0.00000000,0.00000000,0.00000000,0.00000000,0.00000000,0.00000000,0.00000000,0.00000000,0.45769122,0.06468501,0.00589423,0.00000000,0.00000000,0.00000000,0.00000000,0.00000000,0.00000000,0.00000000,0.00000000,0.00000000,0.02483785,0.00000000,0.00000000,0.00000000,0.00000000,0.00000000,0.00000000,0.00000000,0.00000000,0.00000000,0.00000000,0.00000000,0.02930680,0.00000000,0.00000000,0.00000000,0.00000000,0.00000000,0.00000000,0.00000000,0.00000000,0.00000000,0.00000000,0.00000000,0.00000000,0.01042033,0.00479820,0.00000000,0.00000000,0.00000000,0.00000000,0.00000000,0.00000000,0.00000000,0.00000000,0.00000000,0.00000000,0.00000000,0.00000000,0.00000000,0.00000000,0.00000000,0.00000000,0.00000000,0.00000000,0.00000000,0.00000000,0.00000000,0.00000000,0.00000000,0.00000000,0.00000000,0.00000000,0.00000000,0.00000000,0.00000000,0.00000000,0.00000000,0.00000000,0.00000000,0.00000000,0.00000000,0.00000000,0.00000000,0.00397256,0.00000000,0.00000000,0.00000000,0.00000000,0.00000000,0.00000000,0.00000000,0.00000000,0.00000000,0.00246433,0.00000000,0.00000000,0.00000000,0.00000000,0.00000000,0.00000000,0.01696287,0.00000000,0.75464692,0.00000000,0.00629018,0.00000000,0.00000000,0.00000000,0.00000000,0.00000000,0.00000000,0.00000000,0.00000000,0.00000000,0.00000000,0.00000000,0.00000000,0.00000000,0.04061874,0.00000000,0.00000000,0.00000000,0.00000000,0.00000000,0.01565037,0.00000000,0.00000000,0.00000000,0.00086874,0.00716367,0.00000000,0.00000000,0.00000000,0.00000000,0.00378129,0.00000000,0.00717708,0.00000000,0.00361338,0.00000000,0.00000000,0.00000000,0.00000000,0.60131032,0.00000000,0.00000000,0.00000000,0.00784671,0.00000000,0.00000000,0.00161127,0.00000000,0.00000000,0.00245358,0.00000000,0.00000000,0.00000000,0.00000000,0.00000000,0.00205240,0.00000000,0.00000000,0.00000000,0.00000000,0.00000000,0.00000000,0.00000000,0.00000000,0.00000000,0.00000000,0.00000000,0.02194004,0.00000000,0.00000000,0.00000000,0.00000000,0.00000000,0.00000000,0.00000000,0.00548791,0.00000000,0.00000000,0.00000000,0.02993224,0.00000000,0.00000000,0.00000000,0.00000000,0.00000000,0.00000000,0.00000000,0.00000000,0.00494392,0.00092324,0.00000000,0.00000000,0.00000000,0.00000000,0.00000000,0.00000000,0.00000000,0.00000000,0.00000000,0.00000000,0.00000000,0.00000000,0.00072980,0.00000000,0.00000000,0.00000000,0.00000000,0.00000000,0.00000000,0.00000000,0.00000000,0.00000000,0.00115032,0.00000000,0.00000000,0.00000000,0.00000000,0.00000000,0.00000000,0.00000000,0.00000000,0.00000000,0.00000000,0.00000000,0.00000000,0.00000000,0.00799823,0.00000000,0.00000000,0.00000000,0.00000000,0.00000000,0.00000000,0.00000000,0.00000000,0.02480553,0.00000000,0.00000000,0.00000000,0.11931466,0.00000000,0.00000000,0.00000000,0.00000000,0.00000000,0.00000000,0.00000000,0.00000000,0.00226576,0.00000000,0.00000000,0.00000000,0.00000000,0.00000000,0.00145481,0.00000000,0.00000000,0.00000000,0.00000000,0.00191379,0.00000000,0.00000000,0.00000000,0.00000000,0.17629994,0.00000000,0.00000000,0.00000000,0.00000000,0.00000000,0.00000000,0.00000000,0.00000000,0.00000000,0.00000000,0.00000000,0.00000000,0.00000000,0.00000000,0.01059847,0.00644884,0.00000000,0.00000000,0.00000000,0.00000000,0.00494160,0.00000000,0.01493956,0.00000000,0.00000000,0.00000000,0.96151891,0.00000000,0.00200231,0.00000000,0.00000000,0.00000000,0.00000000,0.00000000,0.00000000,0.00000000,0.00000000,0.00000000,0.00000000,0.00000000,0.00396786,0.00000000,0.00000000,0.00000000,0.00000000,0.09178332,0.00000000,0.01539402,0.00000000,0.00000000,0.21793044,0.01717044,0.00000000,0.00000000,0.00113402,0.00000000,0.00000000,0.00000000,0.00000000,0.00000000,0.00000000,0.00000000,0.00000000,0.00000000,0.00000000,0.00000000,0.00000000,0.00000000,0.00000000,0.00000000,0.00000000,0.00000000,0.00000000,0.00000000,0.00077761,0.00000000,0.00000000,0.00000000,0.00000000,0.00000000,0.00000000,0.00000000,0.00000000,0.00000000,0.00543082,0.00000000,0.00000000,0.00000000,0.00000000,0.00000000,0.00000000,0.00000000,0.00000000,0.00000000,0.00000000,0.00000000,0.00000000,0.00000000,0.01870290,0.04522951,0.00000000,0.00000000,0.00000000,0.00000000,0.00000000,0.00000000,0.00000000,0.00000000,0.00000000,0.00000000,0.00000000,0.00000000,0.00000000,0.00000000,0.00000000,0.00000000,0.00000000,0.00000000,0.00000000,0.00000000,0.00000000,0.00000000,0.00000000,0.00000000,0.00000000,0.00000000,0.00000000,0.00000000,0.00708766,0.00000000,0.00000000,0.00000000,0.00000000,0.00000000,0.00000000,0.00000000,0.00000000,0.00000000,0.00000000,0.00491360,0.00000000,0.01659067,0.00000000,0.00000000,0.00000000,0.01974141,0.00000000,0.00000000,0.00000000,0.00000000,0.00000000,0.00000000,0.00000000,0.00080998,0.00312108,0.00000000,0.00000000,0.21945447,0.00171390,0.00000000,0.00000000,0.00000000,0.00000000,0.00000000,0.00000000,0.00000000,0.00000000,0.00000000,0.00000000,0.00000000,0.00000000,0.00000000,0.00000000,0.00000000,0.00000000,0.00956759,0.00000000,0.00000000,0.00000000,0.00000000,0.00000000,0.00000000,0.00000000,0.00000000,0.00000000,0.00000000,0.00000000,0.00000000,0.00000000,0.00000000,0.00000000,0.00000000,0.00000000,0.00000000,0.00000000,0.00000000,0.00000000,0.00000000,0.00000000,0.00000000,0.00000000,0.00000000,0.00000000,0.00000000,0.00000000,0.00000000,0.00000000,0.00000000,0.00000000,0.00000000,0.00000000,0.00000000,0.00000000,0.00000000,0.03173080,0.00000000,0.00000000,0.00000000,0.00000000,0.00000000,0.00981729,0.00654302,0.00000000,0.00000000,0.00000000,0.00000000,0.00000000,0.00000000,0.00000000,0.00000000,3.56695060,0.00000000,0.00000000,0.00000000,0.00000000,0.00000000,0.02836166
0.00000000,0.00000000,0.00000000,0.00468050,0.00877636,0.00000000,0.00000000,0.00000000,0.02331110,0.00000000,0.01717700,0.00000000,0.00270487,0.00000000,0.01902186,0.00000000,0.00000000,0.00000000,0.00000000,0.02471488,0.00000000,0.00000000,0.00000000,0.00000000,0.00000000,0.00000000,0.00000000,0.00000000,0.00000000,0.00000000,0.00000000,0.00000000,0.00000000,0.00000000,0.00000000,0.00000000,0.00000000,0.00000000,0.00000000,0.00000000,0.00000000,0.00000000,0.00000000,0.02469664,0.00000000,0.00000000,0.00000000,0.00000000,0.00000000,0.00000000,0.00000000,0.00000000,0.00000000,0.00000000,0.00000000,0.03545620,0.00000000,0.00000000,0.00000000,0.00453401,0.00000000,0.00456218,0.00000000,0.00000000,0.01463568,0.00000000,0.00000000,0.00000000,0.00000000,0.00000000,0.00000000,0.00431059,0.00000000,0.00000000,0.00000000,0.00000000,0.00000000,0.00000000,0.00000000,0.00000000,0.00000000,0.00000000,0.00000000,0.00000000,0.00000000,0.00000000,0.00000000,0.00214754,0.00000000,0.00000000,0.00000000,0.00000000,0.05263727,0.00000000,0.00000000,0.00000000,0.00000000,0.00000000,0.00000000,0.00000000,0.00000000,0.00000000,0.00000000,0.00000000,0.00000000,0.00000000,0.00943741,0.00000000,0.00000000,0.00000000,0.00000000,0.01650282,0.00000000,0.00000000,0.00374789,0.00000000,0.00000000,0.00000000,0.00000000,0.00543771,0.00000000,0.00000000,0.00558133,0.00000000,0.00000000,0.00000000,0.00000000,0.00000000,0.00000000,0.00000000,0.00000000,0.00000000,0.00000000,0.01976518,0.00000000,0.00000000,0.00000000,0.00000000,0.00000000,0.00000000,0.00267003,0.00000000,0.00000000,0.00000000,0.00000000,0.00000000,0.00000000,0.00000000,0.00618419,0.00000000,0.00000000,0.00000000,0.00000000,0.00000000,0.00352515,0.00403821,0.00000000,0.00622213,0.00000000,0.00000000,0.00000000,0.00000000,0.00000000,0.00000000,0.00000000,0.00000000,0.00000000,0.00000000,0.00000000,0.00000000,0.00000000,0.00000000,0.00000000,0.00000000,0.00000000,0.00000000,0.00000000,0.00000000,0.00000000,0.00000000,0.00124735,0.00902829,0.00000000,0.00000000,0.00000000,0.00000000,0.03002899,0.00000000,0.00000000,0.00000000,0.00000000,0.01368798,0.00000000,0.69370590,0.00000000,0.00000000,0.00000000,0.05263242,0.00000000,0.00000000,0.00000000,0.00000000,0.00000000,0.00000000,0.00000000,0.05013617,0.00000000,0.00000000,0.00000000,0.00000000,0.00000000,0.02165255,0.00000000,0.00000000,0.00000000,0.00000000,0.00317937,0.00000000,0.00000000,0.00000000,0.00000000,0.01530231,0.00123519,0.00000000,0.00000000,0.00000000,0.00000000,0.00000000,0.00000000,0.00000000,0.00000000,0.00000000,0.00000000,0.00000000,0.00000000,0.00000000,0.00689188,0.00000000,0.00000000,0.00000000,0.00000000,0.00000000,0.04691233,0.00000000,0.00000000,0.00000000,0.00000000,0.07059768,0.00000000,0.00000000,0.00000000,0.00231151,0.00000000,0.00000000,0.00000000,0.00000000,0.00000000,0.00000000,0.00000000,0.00000000,0.00000000,0.00000000,0.00000000,0.00000000,0.00000000,0.00000000,0.02757772,0.00000000,0.00077368,0.00000000,0.01846638,0.00000000,0.03535399,0.00000000,0.00000000,0.00000000,0.00000000,0.00000000,0.00000000,0.00000000,0.01851273,0.00000000,0.00000000,0.00000000,0.00000000,0.22904305,0.00000000,0.00000000,0.00000000,0.00000000,0.00000000,0.00000000,0.00000000,0.00000000,0.00000000,0.00841918,0.00224151,0.00000000,0.00000000,0.00000000,0.01356110,0.00000000,0.00465410,0.00000000,0.00000000,0.00000000,0.00000000,0.00000000,0.00000000,0.00000000,0.00000000,0.00000000,0.00000000,0.00000000,0.00000000,0.00000000,0.00000000,0.02537723,0.02654233,0.00000000,0.00000000,0.00000000,0.00000000,0.00000000,0.00000000,0.00136575,0.03738527,0.00000000,0.00575052,0.00000000,0.00000000,0.00000000,0.00000000,0.00000000,0.00000000,0.00000000,0.00000000,0.00000000,0.00000000,0.00000000,0.00000000,0.00000000,0.00000000,0.00000000,0.01030819,0.00000000,0.00000000,0.00000000,0.00000000,0.00000000,0.00000000,0.00000000,0.00524758,0.00000000,0.00000000,0.00000000,0.00000000,0.00000000,0.00000000,0.00000000,0.00000000,0.00000000,0.00000000,0.00000000,0.00000000,0.00000000,0.00000000,0.00000000,0.00000000,0.00000000,0.00000000,0.00000000,0.20649468,0.00000000,0.00000000,0.00000000,0.00000000,0.00000000,0.00000000,0.04959427,0.00000000,0.00000000,0.00000000,0.00000000,0.00000000,0.00000000,0.00000000,0.00000000,0.00000000,0.00000000,0.00000000,0.00000000,0.00000000,0.00000000,0.00000000,0.00000000,0.00000000,0.00000000,0.00000000,0.00000000,0.00000000,0.00000000,0.00000000,0.00000000,0.00000000,0.00840494,0.00000000,0.00000000,0.00000000,0.00000000,0.09254413,0.00000000,0.00000000,0.00000000,0.00000000,0.00000000,0.00000000,0.00000000,0.00207826,0.00000000,0.00000000,0.01963807,0.00000000,0.00000000,0.00000000,0.00000000,0.00000000,0.00000000,0.00000000,0.00000000,0.00000000,0.00000000,0.08967949,0.00000000,0.00000000,0.00000000,0.00000000,0.00000000,0.00000000,0.00000000,0.00000000,0.00000000,0.13413713,0.00000000,0.00000000,0.00000000,0.00000000,0.00000000,0.00000000,0.00000000,0.00000000,0.00698829,0.00000000,0.00000000,0.00000000,0.00000000,0.00000000,0.00000000,0.00000000,0.00000000,0.00000000,0.06307458,0.00000000,0.00000000,0.00000000,0.45698721,0.00000000,0.00000000,0.00000000,0.00000000,0.00000000,0.00000000,0.00778686,0.01165798,0.00000000,0.00000000,0.00000000,0.00000000,0.00000000,0.00000000,0.00000000,0.00000000,0.00000000,0.00000000,0.00000000,0.00000000,0.00000000,0.00328413,0.00000000,0.00000000,0.00000000,0.00000000,0.00000000,0.00000000,0.00000000,0.00000000,0.00000000,0.00000000,2.58015601,0.00000000,0.00000000,0.02027554,0.00000000,0.00000000,0.00000000,0.00000000,0.00000000,0.00000000,0.00000000,0.00000000,0.00000000,0.00000000,0.00000000,0.00000000,0.00000000,0.00000000,0.00000000,0.00000000,0.00000000,0.02147471,0.00000000,0.00000000,0.00000000,0.00000000,0.00000000,0.00000000,0.00000000,0.00000000,0.00000000,0.00000000,0.00000000,0.00000000,0.00000000,0.00000000,0.00000000,0.00000000,0.00000000,0.00000000,0.00000000,0.00000000,0.00000000,0.00000000,0.00000000,0.00000000,0.00000000,0.00000000,0.00000000,0.00000000,0.00000000,0.00000000,0.00000000,0.00000000,0.00000000,0.00000000,0.00000000,0.00485144,0.00000000,0.00000000,0.00000000,0.00767862,0.00000000,0.00230809,0.00000000,0.00000000,0.00000000,0.00000000,0.00000000,0.00000000,0.00000000,0.00000000,0.00000000,0.00000000,0.00000000,0.00000000,0.00000000,0.00000000,0.00334768,0.00000000,0.00000000,0.00000000,0.00000000,0.00152732,0.00000000,0.00000000,0.00000000,0.00000000,0.00000000,0.00000000,0.00125216,0.00000000,0.00000000,0.00000000,0.00000000,0.00000000,0.01750748,0.00000000,0.00000000,0.00000000,0.00000000,0.00000000,0.00000000,0.00000000,0.00000000,0.00000000,0.00000000,0.00000000,0.05888747,0.00268375,0.00000000,0.00000000,0.00000000,0.00000000,0.00000000,0.00000000,0.00000000,0.31707780,0.01273698,0.00000000,0.00000000,0.00000000,0.00000000,0.00000000,0.00000000,0.00000000,0.00000000,0.00000000,0.00000000,0.00000000,0.00000000,0.00000000,0.00000000,0.72799342,0.00000000,0.02300474,0.00000000,0.00000000,0.00000000,0.00000000,0.00000000,0.00000000,0.00000000,0.00000000,0.00000000,0.00000000,0.11042831,0.00000000,0.00000000,0.00000000,0.00000000,0.02536765,0.00000000,0.00000000,0.00000000,0.00000000,0.00000000,0.00000000,0.00000000,0.00000000,0.00000000,0.00000000,0.00000000,0.00000000,0.00000000,0.00000000,0.01920140,0.00000000,0.00000000,0.00000000,0.00000000,0.00000000,0.00000000,0.00000000,0.00000000,0.01018256,0.06183573,0.00000000,0.03489390,0.00000000,0.00000000,0.00000000,0.00000000,0.00000000,0.03696616,0.00000000,0.00000000,0.00154230,0.00000000,0.00000000,0.00000000,0.00000000,0.00000000,0.00615963,0.00000000,0.00402104,0.00000000,0.00000000,0.00000000,0.00254721,0.00000000,0.02962990,0.00000000,0.00000000,0.00000000,0.00119175,0.00000000,0.00000000,0.00000000,0.00000000,0.00000000,0.00000000,0.00000000,0.00119549,0.00000000,0.00000000,0.00000000,0.00000000,0.00000000,0.00000000,0.00000000,0.00000000,0.00000000,0.00000000,0.00000000,0.00000000,0.00000000,0.00000000,0.00000000,0.00000000,0.00000000,0.00000000,0.00000000,0.00485628,0.00000000,0.00000000,0.00000000,0.00000000,0.00000000,0.00000000,0.00000000,0.00000000,0.00000000,0.00000000,0.00000000,0.00078020,0.00000000,0.04217477,0.00000000,0.00000000,0.00000000,0.00000000,0.00000000,0.00000000,0.00000000,0.00000000,0.00000000,0.00000000,0.00000000,0.00194595,0.00000000,0.00000000,0.00000000,0.00710481,0.00000000,0.00000000,0.00000000,0.00000000,0.00000000,0.00000000,0.00000000,0.00000000,0.00000000,0.00000000,0.00000000,0.00000000,0.00000000,0.00000000,0.00000000,0.00397644,0.00000000,0.00413015,0.00000000,0.00000000,0.00000000,0.00293914,0.00000000,0.00000000,0.01126804,0.00000000,0.09149877,0.00000000,0.00000000,0.00000000,0.00405031,0.00000000,0.00000000,0.02262512,0.00000000,0.00000000,0.00000000,0.00000000
0.00000000,0.00000000,0.00000000,0.00000000,0.00000000,0.00689332,0.00000000,0.00000000,0.04432473,0.00000000,0.00000000,0.00000000,0.00000000,0.01614443,0.00000000,0.00000000,0.00000000,0.00000000,0.00000000,0.00000000,0.00000000,0.00000000,0.00000000,0.00000000,0.00000000,0.00000000,0.00000000,0.00000000,0.00000000,0.00000000,0.00000000,0.00000000,0.00000000,0.00000000,0.00000000,0.00000000,0.00000000,0.00000000,0.00000000,0.00242595,0.00000000,0.01054094,0.00420169,0.00000000,0.00000000,0.02258563,0.00000000,0.00000000,0.00000000,0.00000000,0.00000000,0.00000000,0.00000000,0.00000000,0.01256672,0.00000000,0.00000000,0.00000000,0.00000000,0.00000000,0.00000000,0.00000000,0.00000000,0.00291872,0.00000000,0.00000000,0.00000000,0.00000000,0.00000000,0.00000000,0.00000000,0.00000000,0.00000000,0.00000000,0.00000000,0.00000000,0.00000000,0.00000000,0.00000000,0.00000000,0.00000000,0.19652196,0.00000000,0.00000000,0.00000000,0.00000000,0.00000000,0.00000000,3.48117119,0.00000000,0.01666239,0.00000000,0.00000000,0.00000000,0.00000000,0.00000000,0.00770973,0.00000000,0.00102488,0.00000000,0.00000000,0.00000000,0.00000000,0.00000000,0.00000000,0.00000000,0.00146160,0.00000000,0.00000000,0.00000000,0.00000000,0.00000000,0.00000000,0.00000000,0.00000000,0.00000000,0.00000000,0.00000000,0.00687599,0.00259425,0.00000000,0.00000000,0.00000000,0.00000000,0.00000000,0.00000000,0.00000000,0.00645653,0.00000000,0.00000000,0.00788298,0.00000000,0.00000000,0.00000000,0.00000000,0.40158235,0.00000000,0.00000000,0.00000000,4.90260592,0.00000000,0.00000000,0.00000000,0.00000000,0.00000000,0.00000000,0.00379039,0.00000000,0.00000000,0.00000000,0.00000000,0.00000000,0.00000000,0.00000000,0.00000000,0.00000000,0.00000000,0.02197571,0.00000000,0.00000000,0.00000000,0.00000000,0.01090925,0.00000000,0.00000000,0.00000000,0.17106852,0.00000000,0.00000000,0.00000000,0.00000000,0.01242139,0.00000000,0.00000000,0.00000000,0.00000000,0.00000000,0.00000000,0.00000000,0.00000000,0.00000000,0.00000000,0.00000000,0.00000000,0.00000000,0.02525468,0.00000000,0.00000000,0.00000000,0.00000000,0.00000000,0.00000000,0.00000000,0.00000000,0.00000000,0.00000000,1.02169222,0.00000000,0.00000000,0.00000000,0.00000000,0.00000000,0.00000000,0.01683887,0.00000000,0.00000000,0.00000000,0.00000000,0.00000000,0.00000000,0.00000000,0.00000000,0.00000000,0.00819150,0.00000000,0.00000000,0.00000000,0.00000000,0.00000000,0.00000000,0.00106903,0.00000000,0.00000000,0.00000000,0.00000000,0.00000000,0.00000000,0.00000000,0.00000000,0.00000000,0.05084855,0.05304854,0.00000000,0.00000000,0.00000000,0.00000000,0.00000000,0.00000000,0.00000000,0.01695564,0.00000000,0.00000000,0.00000000,0.00000000,0.00000000,0.00000000,0.01691785,0.00000000,0.00000000,0.00000000,0.00000000,0.00000000,0.00000000,0.00000000,0.00000000,0.00000000,0.00000000,0.00000000,0.00000000,0.00000000,0.00000000,0.00000000,0.00000000,0.00000000,0.00000000,0.00000000,0.00000000,0.00000000,0.00000000,0.00124876,0.00000000,0.00000000,0.00000000,0.00000000,0.00000000,0.00000000,0.00400468,0.00000000,0.00000000,0.00000000,0.00000000,0.00000000,0.00000000,0.00000000,0.00000000,0.00000000,0.00000000,0.00000000,0.00000000,0.00000000,0.00163430,0.00000000,0.00000000,0.00000000,0.00000000,0.00000000,0.00000000,0.00000000,0.00000000,0.00000000,0.00000000,0.00000000,0.00000000,0.00000000,0.88720345,0.00000000,0.00000000,0.00000000,0.00000000,0.00473206,0.00206932,0.00000000,0.00000000,0.00000000,0.00000000,0.00000000,0.00000000,0.18819929,0.00000000,0.00000000,0.00404993,0.00000000,0.00000000,0.00000000,0.00000000,0.00000000,0.00000000,0.00000000,0.10462177,0.00000000,0.00302394,0.00000000,0.00000000,0.00000000,0.00000000,0.00000000,0.00000000,0.00000000,0.00000000,0.00000000,0.00000000,0.00000000,0.00000000,0.00000000,0.00000000,0.00000000,0.00000000,0.00000000,0.01041895,0.00000000,0.00000000,0.00000000,0.00000000,0.00000000,0.00000000,0.00000000,0.00000000,0.00000000,0.00000000,0.00000000,0.00000000,0.00000000,0.00000000,0.00000000,0.00000000,0.00000000,0.00000000,0.00000000,0.00000000,0.00000000,0.00000000,0.00000000,0.00000000,0.00000000,0.00000000,0.00000000,0.00000000,0.00000000,0.00000000,0.02654243,0.00000000,0.00000000,2.08740663,0.00214843,0.34958863,0.00000000,0.00000000,0.00000000,0.00000000,0.00000000,0.00000000,0.00000000,0.00000000,0.00000000,0.00000000,0.00000000,0.00095108,0.00488339,0.00000000,0.00384063,0.00000000,0.08771138,0.00000000,0.00000000,0.00887367,0.00000000,0.00000000,0.00000000,0.00000000,0.00000000,0.00459203,0.00000000,0.00975440,0.00000000,0.00000000,0.00000000,0.00849665,0.00000000,0.00000000,0.00000000,0.00000000,0.00000000,0.00000000,0.00000000,0.00000000,0.11021866,0.00000000,0.00429671,0.00000000,0.00000000,0.00000000,0.00000000,0.00000000,0.00000000,0.00000000,0.00186474,0.00000000,0.00000000,0.00000000,0.00000000,0.00000000,0.03821067,0.00000000,0.00000000,0.00000000,0.00000000,0.00000000,0.00000000,0.00000000,0.00000000,0.00000000,0.00000000,0.00000000,0.00000000,0.00546995,0.00511435,0.00000000,0.00000000,0.00000000,0.00000000,0.00000000,0.00000000,0.00000000,0.00000000,0.00000000,0.00213973,0.00000000,0.00000000,0.00000000,0.00000000,0.00000000,0.00000000,0.00000000,0.00000000,0.00000000,0.00000000,0.00000000,0.00000000,0.00000000,0.00000000,0.00000000,0.00000000,0.00000000,0.00000000,0.00000000,0.00000000,0.00000000,0.00000000,0.00000000,0.00000000,0.00000000,0.00000000,0.00000000,0.00459075,0.00000000,0.00000000,0.00000000,0.00000000,0.00000000,0.00000000,0.16911572,0.03168059,0.00000000,0.00000000,0.00000000,0.00000000,0.00000000,0.00000000,0.00000000,0.00000000,0.00000000,0.00000000,0.00000000,0.00000000,0.00000000,0.00000000,0.00000000,0.00000000,0.00000000,0.00000000,0.00000000,0.00000000,0.00000000,0.01675354,0.00000000,0.00000000,1.97173999,0.00000000,0.00000000,0.00000000,0.00000000,0.00416543,0.00000000,0.00000000,0.00000000,0.00000000,0.03408605,0.00000000,0.00000000,0.00000000,0.00000000,0.00000000,0.01080400,0.00000000,0.05445399,0.00000000,0.00000000,0.00000000,0.00000000,0.00000000,0.00000000,0.00000000,0.00000000,0.00081287,0.01360882,0.00000000,0.01394917,0.00000000,0.00000000,0.00000000,0.00000000,0.00000000,0.13174197,0.00000000,0.00000000,0.00000000,0.00000000,0.00000000,0.00000000,0.00000000,0.00000000,0.00505610,0.00000000,0.00000000,0.00000000,0.00000000,0.00571639,0.00000000,0.00000000,0.00000000,0.00000000,0.00000000,0.00000000,0.00000000,0.00000000,0.00000000,0.00000000,0.00000000,0.00000000,0.00000000,0.00000000,0.00617763,0.00000000,0.00000000,0.00000000,0.00000000,0.00000000,0.00000000,0.00000000,0.00000000,0.00000000,0.00000000,0.00000000,0.00000000,0.00000000,0.00000000,0.00000000,0.00000000,0.00000000,0.00000000,0.00000000,0.00000000,0.00000000,0.00000000,0.01073880,0.00000000,0.00000000,0.00000000,0.00000000,0.00000000,0.00000000,0.00000000,0.00000000,0.00000000,0.00000000,0.00000000,0.00000000,0.00000000,0.00000000,0.00000000,0.00000000,0.00000000,0.06899109,0.00000000,0.00000000,0.02815233,0.00000000,0.00000000,0.00000000,0.00328362,0.00000000,0.00000000,0.00000000,0.00000000,0.00000000,0.00000000,0.00000000,0.00000000,0.00000000,0.00000000,0.00000000,0.00000000,0.00000000,0.00401692,0.04568955,0.00000000,0.07294632,0.00115995,0.00000000,0.00000000,0.00000000,0.00000000,0.00000000,0.00000000,0.00000000,0.00000000,0.05369504,0.00000000,0.00000000,0.00000000,0.00000000,0.00000000,0.00000000,0.00000000,0.00576654,0.00000000,0.00000000,0.00000000,0.00000000,0.00000000,0.00000000,0.02732419,0.07148449,0.00000000,0.00000000,0.00000000,0.00764845,0.00000000,0.00000000,0.00000000,0.00000000,0.00395407,0.03743757,0.00000000,0.00000000,0.00000000,0.19571376,0.00000000,0.00000000,0.00000000,0.00000000,0.00000000,0.00000000,0.00000000,0.00000000,0.00000000,0.06263624,0.00000000,0.00000000,0.00000000,0.00000000,0.00604223,0.00000000,0.00517506,0.01020898,0.00000000,0.00000000,0.02014339,0.00000000,0.00000000,0.00000000,0.00241789,0.00000000,0.00000000,0.00000000,0.00000000,0.00000000,0.00000000,0.00000000,0.00000000,0.01287743,0.00000000,0.00000000,0.00000000,0.00000000,0.00000000,0.00000000,0.00811623,0.00000000,0.00000000,0.00000000,0.00000000,0.00000000,0.00958137,0.00000000,0.00000000,0.00000000,0.00000000,0.00000000,0.00301710,0.02017968,0.00000000,0.00000000,0.00000000,0.03067567,0.00000000,0.00000000,0.00000000,0.00000000,0.00000000,0.00000000,0.00390719,0.00000000,0.00000000,0.00000000,0.00000000,0.00000000,0.00930664,0.00000000,0.00000000,0.00000000,0.00000000,0.00000000,0.00000000,0.00000000,0.00000000,0.00000000,0.00342508,0.00000000,0.00000000,0.00000000,0.00000000,0.00000000,0.00000000,0.00000000,0.00000000,0.00000000,0.00000000,0.00000000,0.01781850,0.00000000,0.00000000,0.00000000,0.00000000,0.00000000,0.00000000,0.00000000,0.00198533,0.00000000,0.00000000
0.00525044,0.00000000,0.00481667,0.00000000,0.00000000,0.00000000,0.00000000,0.00000000,0.00000000,0.00000000,0.00000000,0.05853760,0.00000000,0.00000000,0.00000000,0.00000000,0.01342051,0.00000000,0.00000000,0.00000000,0.00000000,0.00000000,0.00000000,0.00847289,0.00000000,0.00000000,0.00000000,0.00771991,0.00000000,0.00000000,0.00000000,0.00000000,0.00000000,0.00000000,0.00000000,1.24409084,0.00000000,0.00000000,0.00000000,0.00000000,0.00000000,0.00000000,0.00642339,0.00000000,0.00000000,0.00000000,0.00000000,0.00000000,0.00000000,0.05130115,0.00000000,0.00000000,0.00000000,0.00000000,0.00000000,0.00000000,0.10746901,0.00000000,0.00000000,0.00000000,0.00000000,0.00000000,0.00000000,0.00000000,0.00973274,0.00000000,0.07077407,0.00000000,0.00000000,0.00000000,0.00000000,0.00000000,0.00000000,0.00518928,0.00000000,0.00000000,0.00000000,0.00000000,0.00000000,0.00000000,0.00000000,0.00000000,0.00000000,0.00000000,0.00000000,0.00000000,0.00000000,0.00000000,0.00000000,0.00000000,0.00144189,0.00000000,0.05227310,0.00000000,0.00000000,0.00192462,0.00800879,0.00000000,0.00000000,0.00000000,0.00000000,0.00000000,0.00293973,0.00000000,0.00000000,0.00000000,0.00000000,0.00736328,1.54407705,0.00000000,0.00000000,0.00000000,0.00000000,0.00000000,0.00000000,0.00287422,0.00000000,0.00000000,0.00000000,0.00000000,0.00000000,0.00000000,0.00000000,0.00000000,0.00478510,0.00000000,0.00000000,0.00000000,0.00000000,0.00000000,0.00000000,0.00000000,0.00000000,0.00000000,0.00000000,0.00000000,0.00000000,0.00415931,0.00000000,0.00000000,0.00000000,0.00000000,0.00000000,0.00000000,0.00000000,0.00000000,0.00000000,0.00000000,0.00498025,0.00000000,0.00000000,0.00000000,0.00000000,0.00000000,0.00000000,0.00000000,0.00000000,0.00000000,0.00000000,0.00000000,0.00000000,0.00000000,0.00000000,0.00000000,0.00590232,0.00000000,0.00000000,0.00000000,0.00364165,0.00000000,0.00000000,0.00404696,0.00000000,0.00000000,0.00000000,0.00000000,0.00000000,0.00000000,0.00000000,0.00000000,0.00000000,0.00000000,0.00000000,0.00000000,0.00000000,0.20187414,0.00000000,0.00000000,0.00000000,0.00000000,0.00000000,0.00000000,0.00000000,0.00000000,0.00000000,0.05161677,0.00000000,0.00000000,0.00000000,0.00000000,0.00000000,0.00000000,0.00000000,0.00000000,0.00000000,0.00454867,0.00000000,0.00464915,0.00461018,0.00000000,0.01031904,0.00000000,0.00356708,0.00000000,0.00000000,0.00000000,0.00000000,0.00000000,0.00000000,0.04008288,0.00000000,0.00000000,0.00448158,0.00635362,0.00000000,0.00000000,0.01075930,0.00000000,0.00000000,0.02125759,0.00000000,0.00000000,0.00000000,0.00000000,0.00000000,0.00000000,0.00000000,0.13426394,0.00000000,0.00000000,0.00000000,0.00210899,0.00739678,0.00000000,0.00000000,0.00000000,0.00000000,0.00100087,0.00000000,0.00000000,0.04215488,0.00000000,0.00000000,0.00000000,0.00000000,0.00000000,0.00000000,0.00000000,0.00000000,0.00000000,0.00000000,0.00000000,0.00000000,0.00000000,0.00000000,0.00000000,0.00000000,0.00000000,0.00000000,0.00000000,0.00000000,0.00000000,0.00000000,0.00000000,0.00000000,0.00000000,0.00000000,0.00000000,0.00000000,0.00000000,0.00000000,0.00000000,0.00000000,0.00000000,0.02583198,0.00000000,0.00000000,0.00000000,0.00000000,0.00000000,0.00000000,0.02939901,0.00000000,0.01941277,0.00000000,0.09211734,0.00000000,0.00000000,0.00000000,0.00000000,0.00000000,0.00000000,0.00000000,0.00327858,0.00000000,0.00000000,0.00000000,0.00000000,0.00473206,0.00000000,0.00000000,0.00000000,0.00000000,0.00000000,0.00374715,0.00000000,0.00000000,0.00000000,0.00000000,0.00000000,0.00000000,0.00000000,0.00000000,0.00515559,0.00000000,0.00000000,0.00000000,0.00000000,0.00000000,0.00000000,0.00000000,0.00000000,0.00152671,0.00000000,0.00000000,0.00000000,0.00000000,0.00000000,0.00000000,0.00000000,0.00000000,0.00000000,0.00000000,0.00000000,0.00000000,0.00000000,0.00000000,0.00761724,0.00000000,0.00000000,0.00000000,0.00000000,0.00000000,0.00000000,0.00000000,0.00000000,0.00000000,0.00000000,0.00000000,0.00000000,0.00000000,0.00000000,0.00000000,0.00000000,0.00000000,0.00000000,0.00000000,0.00000000,0.03137943,0.00000000,0.00504005,0.00000000,0.00000000,0.00000000,0.00000000,0.00000000,0.00000000,0.00000000,0.00000000,0.00000000,0.00000000,0.00000000,0.02155596,0.00000000,0.03501553,0.01732526,0.00000000,0.00000000,0.00000000,0.00488828,0.00000000,0.00000000,0.06263263,0.00000000,0.00000000,0.00000000,0.00000000,0.00000000,0.00252485,0.00000000,0.00000000,0.00000000,0.01566998,0.00000000,0.00000000,0.00000000,0.00000000,0.00000000,0.20570730,0.00000000,0.00000000,0.00000000,0.00000000,0.00000000,0.00000000,0.00000000,0.00000000,0.00000000,0.00000000,0.00000000,0.00000000,0.00461148,0.00000000,0.00000000,0.00000000,0.00000000,0.01350194,0.00000000,0.00000000,0.02470098,0.00000000,0.00000000,0.00000000,0.00000000,0.00000000,0.00000000,0.00000000,0.00061956,0.00000000,0.00000000,0.00000000,0.00000000,0.00000000,0.00000000,0.00000000,0.00000000,0.13979721,0.00000000,0.00000000,0.00000000,0.00000000,0.00000000,0.00000000,0.00000000,0.00000000,0.00000000,0.00000000,0.02030527,0.00085711,0.00000000,0.13642367,0.00000000,0.00129661,0.00000000,0.00000000,0.00000000,0.10656281,0.00000000,0.00000000,0.00000000,0.00000000,0.00000000,0.00000000,0.00000000,0.00000000,0.00000000,0.00000000,0.00336893,0.00000000,0.00000000,0.00000000,0.00000000,0.00000000,0.00000000,0.00000000,0.00000000,0.00000000,0.00000000,0.00000000,0.00000000,0.00000000,0.30058663,0.00000000,0.00000000,0.00000000,0.00000000,0.00000000,0.00000000,0.00000000,0.00000000,0.00000000,0.00916414,0.00000000,0.00000000,0.00000000,0.00000000,0.03769879,0.00000000,0.00000000,0.00000000,0.00000000,0.00000000,0.00000000,0.00000000,0.00000000,0.00000000,0.00000000,0.00000000,0.00000000,0.00000000,0.00000000,0.00000000,0.00000000,0.00000000,0.00000000,0.00000000,0.00000000,0.00000000,0.00000000,0.00000000,0.00000000,0.00000000,0.00000000,0.00000000,0.00000000,0.00000000,0.00000000,0.00000000,0.00000000,0.00000000,0.01373961,0.00000000,0.00098678,0.00000000,0.00000000,0.00000000,0.00000000,0.00774882,0.00810991,0.00000000,0.00000000,0.00000000,0.00000000,0.02281330,0.01052735,0.00000000,0.00000000,0.00000000,0.00000000,0.00000000,0.00000000,0.00000000,0.00000000,0.00000000,0.00000000,0.00000000,0.01397603,0.00000000,0.00000000,0.00000000,0.00164981,0.00000000,0.00000000,0.00000000,0.00000000,0.00000000,0.00000000,0.00000000,0.00000000,0.00000000,0.00000000,0.00000000,0.00000000,0.01308384,0.00000000,0.00569154,0.00000000,0.00000000,0.00000000,0.00000000,0.00000000,0.22147897,0.00000000,0.00000000,0.00000000,0.00539725,0.00000000,0.00000000,0.00000000,0.03352602,0.00000000,0.00000000,0.00000000,0.00000000,0.00000000,0.00000000,0.00163271,0.00000000,0.00000000,0.00000000,0.00000000,0.00000000,0.00000000,0.00000000,0.00000000,0.71043419,0.00000000,0.00000000,0.00000000,0.00000000,0.00000000,0.00000000,0.00000000,0.00000000,0.00000000,0.00000000,0.00000000,0.00000000,0.00000000,0.00000000,0.00000000,0.00000000,1.94927699,0.00000000,0.00000000,0.00000000,0.00000000,0.00000000,0.00000000,0.00000000,0.00000000,0.00000000,0.00000000,0.00000000,0.00000000,0.00000000,0.00000000,0.00000000,0.00000000,0.00000000,0.03670938,0.00000000,0.00000000,0.00000000,0.00000000,0.00000000,0.00211034,0.00000000,0.00000000,0.00000000,0.00000000,0.00000000,0.00000000,0.00000000,0.00000000,0.00000000,0.00000000,0.00000000,0.00000000,0.00000000,0.00000000,0.00000000,0.00000000,0.00000000,0.00000000,0.00000000,0.00000000,0.00000000,0.00000000,0.00000000,0.00000000,0.00000000,0.00000000,0.00000000,0.00000000,0.00000000,0.00000000,0.00000000,0.00317281,0.00000000,0.00000000,0.00000000,0.31693553,0.00567995,0.00000000,0.00000000,0.00000000,0.00000000,0.00000000,0.00000000,0.00000000,0.00000000,0.00000000,0.00000000,0.00000000,0.00000000,0.00000000,0.00000000,0.00000000,0.00460442,0.00000000,0.00000000,0.00000000,0.00000000,0.00000000,0.00000000,0.00000000,0.00144657,0.01424929,0.00000000,0.00000000,0.00000000,0.00000000,0.00000000,0.00000000,0.00000000,0.00000000,0.00000000,0.00000000,0.00000000,0.00000000,0.00000000,0.00000000,0.01181563,0.00000000,0.00190106,0.00000000,0.00000000,0.06183710,0.00000000,0.00000000,0.00000000,0.00000000,0.00000000,0.00000000,0.00000000,0.00000000,0.01164775,0.00000000,0.00000000,0.00000000,0.00000000,0.05303944,0.00000000,0.00000000,0.00000000,0.00000000,0.00000000,0.00000000,0.00000000,0.00000000,0.00000000,0.00000000,0.00000000,0.00000000,0.00000000,0.00000000,0.00000000,0.00000000,0.00000000,0.00330176,0.00000000,0.00000000,0.00279145,0.00000000,0.00083148,0.00000000,0.00000000,0.00000000,0.00000000,0.00000000,0.00000000,0.00000000,0.00000000,0.00100071,0.00000000,0.00000000,0.00000000,0.00000000,0.00000000,0.00000000,0.00000000,0.00000000,0.00000000,0.00134938,0.00000000,0.00157278,0.00000000,0.00000000,0.00112521
0.00000000,0.00000000,0.00000000,0.00387240,0.01093430,0.00000000,0.01617296,0.00000000,0.00000000,0.00000000,0.08911567,0.07353092,0.00430136,0.00000000,0.00000000,0.06711872,0.00000000,0.00000000,0.00000000,0.00000000,0.00000000,0.00000000,0.00000000,0.00000000,0.00000000,0.00000000,0.00000000,0.00000000,0.00000000,0.00000000,0.00000000,0.00000000,0.00000000,0.00000000,0.00000000,0.00000000,0.00000000,0.00121435,0.00000000,0.00231998,0.00000000,0.00000000,0.00000000,0.00000000,0.00000000,0.00000000,0.00000000,0.03391362,0.00000000,0.00000000,0.00000000,0.00000000,0.00000000,0.00000000,0.00000000,0.00000000,0.00000000,0.00000000,0.00451405,0.00000000,0.00000000,0.00000000,0.00000000,0.00000000,0.00000000,0.00000000,0.00000000,0.00000000,0.00000000,0.00000000,0.00000000,0.00000000,0.00408887,0.00096891,0.00000000,0.00000000,0.00000000,0.00000000,0.00000000,0.00000000,0.00000000,0.00000000,0.00000000,0.00000000,0.00000000,0.00000000,0.00000000,0.00000000,0.00000000,0.00000000,0.00000000,0.00000000,0.00000000,0.00000000,0.00000000,0.00000000,0.00000000,0.00507055,0.00000000,0.00000000,0.00000000,0.00000000,0.00000000,0.00000000,0.00000000,0.00000000,0.00000000,0.00000000,0.00097370,0.00000000,0.00000000,0.00000000,0.04561115,0.00000000,0.00000000,0.06235751,0.00000000,0.00000000,0.00000000,0.00000000,0.00000000,0.00000000,0.00000000,0.00000000,0.00000000,0.00000000,0.00000000,0.00000000,0.00000000,0.20307761,0.00000000,0.00000000,0.00000000,0.00000000,0.03434683,0.00000000,0.00000000,0.01224077,0.00000000,0.00000000,0.00000000,0.00780124,0.00437044,0.00000000,0.00000000,0.00000000,0.00000000,0.01268523,0.00000000,0.00000000,0.00000000,0.00000000,0.01780066,0.00000000,0.00000000,0.00000000,0.00000000,0.00000000,0.00559608,0.00000000,0.00000000,0.00000000,0.00000000,0.00000000,0.00981919,0.00000000,0.00000000,0.00000000,0.00000000,0.00528453,0.00000000,0.00000000,0.03636423,0.00000000,0.00000000,0.00000000,1.29884184,0.00000000,0.00000000,0.00000000,0.00000000,0.00701176,0.00000000,0.00000000,0.00150908,0.00000000,0.00000000,0.00000000,0.00000000,0.00000000,0.00000000,0.00000000,0.00000000,0.00000000,0.00088698,0.00000000,0.00000000,0.00000000,0.00000000,0.00000000,0.00647086,0.00000000,0.01192266,0.00000000,0.00000000,0.00000000,0.09411858,0.00000000,0.00000000,0.01883721,0.00000000,0.01172634,0.06134898,0.00000000,0.00000000,0.00000000,0.00000000,0.00000000,0.00000000,0.00000000,0.01326945,0.00000000,0.00000000,0.00000000,0.00000000,0.00000000,0.00000000,0.00000000,0.00000000,0.00000000,0.00000000,0.00000000,0.00000000,0.00000000,0.00000000,0.00000000,0.00000000,0.00789047,0.00000000,0.00000000,0.00000000,0.00000000,0.00000000,0.00000000,0.05601737,0.00000000,0.00000000,0.01529762,0.00000000,0.00000000,0.00000000,0.00000000,0.00000000,0.00000000,0.00000000,0.00000000,0.00000000,0.00246060,0.00000000,0.00000000,0.00000000,0.00000000,0.00750319,0.05276769,0.14231365,0.00000000,0.00000000,0.00000000,0.00000000,0.00000000,0.00092666,0.00909660,0.00000000,0.00000000,0.00000000,0.00000000,0.02101666,0.00000000,0.00000000,0.00000000,0.00000000,0.00000000,0.00000000,0.00157357,0.00000000,0.00000000,0.00000000,0.00219841,0.00123278,0.00000000,0.00000000,0.00000000,0.00000000,0.00000000,0.00000000,0.00000000,0.00000000,0.00000000,0.00915639,0.00000000,0.05627974,0.00000000,0.00000000,0.01051873,0.00000000,0.00000000,0.00000000,0.00000000,0.00206932,0.00000000,0.00000000,0.00000000,0.00519376,0.00000000,0.03460822,0.00000000,0.00000000,0.00000000,0.00000000,0.10172382,0.00000000,0.00000000,0.00000000,0.00000000,0.00000000,0.00000000,0.00000000,0.00000000,0.00000000,0.02997125,0.00000000,0.00000000,0.00000000,0.00226107,0.00000000,0.00204271,0.00000000,0.00000000,0.00000000,0.00000000,0.00000000,0.00000000,0.00000000,0.00000000,0.00000000,0.00000000,0.00000000,0.00000000,0.00957704,0.00000000,0.00000000,0.00000000,0.00000000,0.00000000,0.00000000,0.00000000,0.00000000,0.00207688,0.00000000,0.00000000,0.00000000,0.00000000,0.00000000,0.00000000,0.00000000,0.00000000,0.00000000,0.00000000,0.00000000,0.00000000,0.00000000,0.00000000,0.00000000,0.00000000,0.00000000,0.00000000,0.00000000,0.00000000,0.00000000,0.00000000,0.00000000,0.00000000,0.00435062,0.00000000,0.00000000,0.00000000,0.00000000,0.00000000,0.00000000,0.00000000,0.02965366,0.00000000,0.00000000,0.00000000,0.00000000,0.00000000,0.00000000,0.00000000,0.00000000,0.02172172,0.00000000,0.00000000,0.00000000,0.00000000,0.00000000,0.00000000,0.00000000,0.00506547,0.02008463,1.35740551,0.00000000,0.00000000,0.00000000,0.00000000,0.00000000,0.00000000,0.00000000,0.00000000,0.00000000,0.00000000,0.00000000,0.00000000,0.00000000,0.00000000,0.00000000,0.00000000,0.00000000,0.00482981,0.00000000,0.00000000,0.00000000,0.00000000,0.00000000,0.00000000,0.01510620,0.00000000,0.00000000,0.00000000,0.00000000,0.00000000,0.00000000,0.00000000,0.00000000,0.00000000,0.00000000,0.00000000,0.00000000,0.00000000,0.00000000,0.00000000,0.00000000,0.00000000,0.04643418,0.01249752,0.00000000,0.00000000,0.00000000,0.00000000,0.00000000,0.00000000,0.00000000,0.00000000,0.00000000,0.00000000,0.00000000,0.00000000,0.00000000,0.00000000,0.00000000,0.00551021,0.00000000,0.03940694,0.00000000,0.00000000,0.04454238,0.00000000,0.00000000,0.00000000,0.00000000,0.00000000,0.00000000,0.00000000,0.00000000,0.00000000,0.00000000,0.00000000,0.00000000,0.00430318,0.00000000,0.00000000,0.00000000,0.00000000,0.00000000,0.00000000,0.00000000,0.00000000,0.00000000,0.00000000,0.00000000,0.00000000,0.00000000,0.04151604,0.00000000,0.00000000,0.00000000,0.00000000,0.00000000,0.00000000,0.00000000,0.00000000,0.00000000,0.00000000,0.00000000,0.00000000,0.00000000,0.00000000,0.00000000,0.00000000,0.00000000,0.00000000,0.00000000,0.01300866,0.00000000,0.00060305,0.00000000,0.00000000,0.00000000,0.00000000,0.00189736,0.00264014,0.00000000,0.00000000,0.00000000,0.00000000,0.00000000,0.00000000,0.00000000,0.00000000,0.00000000,0.00000000,0.00000000,0.00000000,0.00000000,2.52916134,0.00000000,0.00000000,0.00000000,0.00000000,0.00401933,0.00000000,0.00000000,0.00000000,0.00000000,0.00000000,0.00000000,0.00000000,0.00000000,0.00000000,0.00000000,0.00000000,0.00000000,0.00000000,0.00000000,0.00000000,0.00000000,0.00000000,0.00000000,0.00000000,0.00000000,0.00000000,0.00000000,0.00000000,0.00000000,0.00781356,0.00000000,0.00000000,0.01758194,0.00000000,0.00000000,0.00000000,0.00000000,0.00660727,0.00000000,0.00000000,0.00000000,0.01423291,0.00000000,0.00000000,0.00000000,0.00000000,0.00000000,0.00000000,0.00000000,0.00000000,0.00000000,0.00000000,0.00000000,0.02410491,0.00000000,0.00000000,0.00421902,0.00000000,0.00000000,0.00000000,0.00000000,0.00427185,0.00000000,0.00000000,0.00000000,0.22359378,0.04186940,0.00000000,0.00000000,0.00000000,0.00000000,0.00884669,0.00000000,0.00000000,0.00000000,0.00000000,0.00000000,0.00000000,0.00000000,0.01160432,0.00000000,0.00000000,0.00000000,0.00000000,0.00000000,0.00000000,0.00000000,0.00000000,0.00000000,0.00000000,0.00000000,0.00000000,0.00000000,0.00000000,0.00000000,0.00000000,0.00000000,0.00000000,0.00000000,0.92711802,0.00000000,0.00000000,0.02210357,0.00000000,0.00000000,0.00000000,0.00000000,0.00000000,0.00000000,0.00000000,0.00000000,0.00000000,0.00000000,0.00000000,0.00000000,0.00000000,0.00000000,0.00425376,0.00000000,0.00000000,0.00000000,0.00000000,0.00000000,0.00000000,0.00000000,0.00000000,0.00000000,0.00000000,0.00000000,0.00000000,0.02484610,0.00000000,0.00000000,0.00000000,0.00000000,0.00736655,0.11731033,0.00000000,0.00000000,0.00000000,0.00000000,0.00000000,0.00000000,0.00000000,0.00000000,0.00000000,0.00000000,0.00000000,0.00000000,0.00000000,0.00000000,0.00000000,0.00000000,0.00000000,0.00000000,0.00480132,0.00000000,0.00000000,0.00000000,0.00000000,0.00534190,0.00000000,0.00000000,0.00000000,0.00000000,0.00000000,0.00713895,0.00000000,0.00000000,0.00000000,0.00000000,0.02106138,0.00000000,0.00000000,0.00000000,0.00000000,0.00000000,0.00000000,0.00000000,0.00000000,0.00000000,0.00190165,0.00000000,0.00000000,0.00000000,0.00293021,0.00000000,0.00000000,0.00000000,0.00000000,0.00000000,0.00000000,0.00000000,0.00000000,0.00000000,0.00000000,0.00000000,0.00000000,0.00000000,0.00000000,0.00000000,0.00000000,0.00000000,0.00000000,0.00000000,0.01732018,0.00000000,0.07432354,0.00000000,0.00000000,0.00074522,0.00000000,0.00000000,0.00000000,0.00000000,0.00000000,0.00000000,0.00000000,0.00000000,0.00000000,0.00000000,0.01926770,0.00000000,0.00000000,0.00000000,0.00000000,0.00000000,0.00000000,0.00000000,0.00000000,0.00000000,0.00000000,0.00000000,0.00000000,0.00000000,0.00000000,0.00000000,0.00000000,0.02093745,0.00000000,0.00000000,0.00000000,0.00000000,0.00000000,0.00000000,0.00000000,0.00000000,0.00000000,0.01575506,0.00000000,0.00000000,0.00000000,0.00000000,0.00000000,0.00000000,0.00000000
0.00000000,0.00000000,0.00000000,0.00000000,0.00000000,0.00000000,0.00000000,0.00000000,0.00000000,0.00000000,0.00000000,0.00000000,0.00000000,0.00000000,0.00000000,0.00000000,0.00000000,0.00000000,0.00000000,0.05880013,0.00000000,0.01415968,0.00610998,0.00000000,0.00000000,0.00000000,0.00000000,0.00000000,0.00000000,0.00000000,0.03030151,0.00000000,0.00000000,0.00000000,0.00000000,0.00000000,0.00000000,0.00000000,0.00000000,0.00000000,0.00527083,0.02616475,0.00000000,0.00000000,0.00000000,0.00000000,0.00000000,0.00000000,0.00000000,0.00000000,0.00000000,0.00000000,0.00000000,0.00000000,0.00000000,0.00000000,0.00000000,0.00000000,0.00000000,0.08059089,0.00000000,0.00343711,0.00000000,0.00000000,0.00376958,0.00000000,0.00000000,0.00000000,0.00000000,0.00000000,0.11770857,0.00000000,0.00000000,0.00854733,0.00000000,0.00000000,0.00000000,0.00099492,0.00000000,0.00291390,0.00000000,0.00000000,0.00000000,0.00000000,0.00000000,0.00000000,0.00000000,0.00000000,0.00000000,0.00000000,0.00000000,0.00000000,0.00000000,0.00000000,0.00000000,0.00000000,0.00000000,0.00000000,0.00000000,0.00000000,0.00000000,0.00242264,0.00000000,0.00000000,0.00000000,0.00000000,0.00000000,0.00000000,0.00000000,0.00000000,0.00000000,0.00000000,0.00000000,0.00000000,0.00000000,0.00411496,0.00000000,0.00000000,0.00000000,0.00000000,0.01068578,0.00000000,0.00000000,0.00000000,0.00000000,0.00000000,0.00000000,0.00000000,0.00000000,0.00000000,0.00000000,0.00000000,0.00000000,0.00000000,0.00000000,0.00000000,0.00000000,0.00000000,0.00000000,0.00000000,0.00000000,0.00000000,0.00000000,0.00000000,0.00000000,0.00114931,0.00000000,0.00325751,0.00000000,0.00000000,0.00000000,0.00000000,0.00000000,0.00879691,0.01664674,0.00000000,0.00097125,0.00000000,0.00193155,0.00000000,0.00000000,0.00000000,0.00844019,0.00000000,0.00000000,0.00000000,0.00000000,0.00000000,0.00000000,0.00140060,0.00000000,0.00000000,0.00000000,0.00460519,0.00000000,0.00000000,0.05515861,0.00000000,0.00000000,0.00000000,0.00000000,0.00000000,0.00000000,0.00000000,0.04246654,0.01257077,0.00000000,0.00000000,0.00000000,0.00000000,0.00000000,0.00348456,0.00000000,0.00000000,0.00000000,0.00000000,0.00000000,0.00000000,0.00000000,0.00438830,0.00548317,0.00000000,0.00000000,0.00000000,0.00000000,0.00000000,0.00000000,0.00000000,0.00000000,0.00000000,0.00000000,0.00000000,0.00000000,0.00000000,0.00000000,0.00000000,0.00000000,0.00000000,0.00000000,0.00000000,0.00537609,0.00000000,0.00000000,0.00000000,0.03884690,0.00000000,0.00000000,0.00000000,0.00000000,0.87852302,0.00000000,0.00000000,0.01123406,0.00000000,0.00000000,0.00000000,0.00000000,0.00000000,0.00000000,0.00660125,0.00141835,0.00000000,0.00000000,0.00000000,0.00000000,0.00000000,0.04371328,0.01635628,0.00000000,0.00000000,0.00000000,0.00000000,0.00000000,0.00000000,0.00000000,0.00000000,0.00000000,0.00374026,0.00000000,0.00721997,0.00704910,0.00000000,0.00000000,0.00000000,0.00000000,0.00317191,0.00000000,0.09433946,0.00000000,0.00000000,0.01216522,0.00000000,0.00000000,0.00000000,0.00000000,0.00000000,0.00000000,0.00000000,0.00663957,0.00000000,0.00000000,0.00000000,0.06180583,0.00000000,0.00000000,0.00000000,0.02490036,0.00000000,0.00000000,0.00000000,0.00000000,0.00000000,0.00000000,0.00000000,0.00000000,0.00000000,0.00000000,0.00000000,0.00000000,0.00000000,0.00000000,0.00000000,0.00000000,0.00000000,0.00000000,0.00000000,0.00000000,0.00000000,0.00000000,0.00000000,0.00000000,0.00000000,0.00000000,0.00000000,0.00000000,0.00000000,0.00000000,0.00000000,0.00000000,0.00000000,0.00000000,0.00000000,0.00000000,0.00414279,0.00000000,0.00000000,0.00000000,0.00000000,0.02185108,0.00000000,0.00000000,0.00000000,0.00000000,0.00000000,0.00000000,0.00000000,0.00000000,0.00782181,0.00000000,0.00000000,0.00000000,0.00000000,0.00000000,0.00351699,0.00000000,0.00000000,0.00000000,0.00000000,0.02084292,0.00000000,0.00000000,0.00000000,0.00000000,0.00000000,0.00000000,0.00000000,0.00000000,0.00000000,0.00000000,0.00000000,0.00000000,0.00000000,0.00000000,0.00000000,0.00000000,0.00000000,0.00000000,0.00000000,0.00000000,0.00000000,0.00000000,0.00000000,0.00000000,0.00000000,0.00000000,0.00000000,0.00000000,0.00000000,0.00000000,0.00000000,0.00000000,0.00000000,0.00000000,0.00000000,0.00000000,0.00000000,0.00000000,0.00000000,0.00000000,0.00000000,0.00000000,0.00000000,0.00000000,0.00000000,0.00000000,0.00000000,0.00000000,0.01818235,0.00000000,0.00000000,0.00185453,0.00000000,0.00000000,0.00000000,0.00000000,0.00000000,0.00000000,0.00000000,0.00000000,0.00000000,0.00000000,0.00000000,0.00000000,0.00000000,0.00000000,0.00000000,0.00000000,0.00000000,0.02512144,0.00000000,0.00000000,0.01180374,0.00000000,0.00123064,0.00000000,0.00000000,0.00000000,0.00000000,0.00000000,0.00000000,0.00635558,0.00000000,0.00000000,0.36634076,0.00000000,0.00000000,0.00000000,0.00000000,0.00000000,0.00000000,0.00000000,0.00000000,0.00000000,0.00000000,0.00000000,0.00000000,0.00141584,0.00000000,0.00321233,0.00000000,0.00000000,0.00000000,0.00000000,0.00000000,0.00000000,0.00000000,0.00000000,0.00000000,0.00000000,0.00000000,0.00000000,0.00000000,0.00734923,0.00000000,0.00000000,0.00000000,0.00000000,0.00000000,0.00000000,0.00000000,0.00000000,0.00000000,0.00000000,0.00113626,0.00000000,0.00000000,0.00000000,0.00000000,0.00000000,0.00000000,0.00000000,0.00000000,0.00000000,0.00055594,0.00000000,0.00000000,0.00000000,0.00000000,0.00000000,0.00000000,0.00000000,0.00000000,0.00000000,0.00000000,0.00000000,0.00000000,0.00000000,0.00000000,0.00000000,0.00000000,0.00000000,0.00000000,0.00000000,0.00000000,0.00000000,0.01167518,0.00000000,0.00000000,0.00000000,0.00371517,0.00000000,0.00000000,0.00579095,0.00000000,0.05837019,0.00000000,0.00000000,0.00000000,0.00000000,0.00000000,0.02309095,0.00000000,0.00000000,0.00000000,0.00000000,0.00000000,0.00000000,0.00000000,0.00000000,0.00000000,0.00000000,0.00000000,0.00000000,2.55649115,0.00453801,0.00000000,0.00000000,0.00000000,0.00846101,0.00000000,0.00111058,0.00000000,0.00000000,0.00000000,0.00000000,0.00095526,0.00000000,0.00000000,0.00000000,0.00000000,0.00000000,0.00000000,0.00000000,0.00000000,0.00000000,0.01236146,0.18439522,0.00000000,0.00000000,0.00000000,0.00351300,0.00000000,0.23237320,0.00000000,0.00000000,0.01742111,0.00000000,0.00000000,0.00000000,0.00000000,0.00000000,0.00000000,0.00000000,0.00000000,0.00000000,0.00000000,0.00000000,0.00000000,0.00000000,0.00000000,0.00000000,0.00000000,0.00000000,0.00000000,0.24400823,0.00718708,0.00590112,0.00000000,0.00000000,0.00000000,0.00000000,0.00000000,0.00000000,0.00000000,0.00000000,0.00000000,0.00000000,0.00000000,0.00000000,0.00000000,0.01541363,0.00000000,0.00000000,0.00000000,0.00000000,0.00000000,0.00000000,0.00000000,0.00000000,0.00000000,0.10568383,0.00000000,0.01088366,0.00000000,0.01141595,0.00000000,0.01406224,0.00000000,0.00000000,0.00000000,0.00000000,0.00000000,0.01136355,0.00000000,0.00000000,0.00000000,0.00000000,0.96990655,0.00000000,0.00000000,0.00000000,0.00000000,0.00000000,0.00000000,0.00000000,0.00000000,0.00000000,0.00000000,0.00000000,0.00918405,0.00000000,0.00000000,0.00000000,0.00000000,0.00000000,0.00000000,0.00000000,0.00000000,0.20879458,0.00000000,0.00000000,0.00000000,0.00000000,0.00000000,0.01894922,0.00000000,0.00000000,0.06125705,0.00000000,0.00000000,0.29467439,0.00000000,0.00000000,0.00000000,0.00000000,0.00000000,0.00000000,0.00000000,0.00000000,0.00000000,0.00000000,0.00000000,0.00000000,0.00000000,0.00000000,0.00000000,0.00000000,0.00000000,0.00000000,0.00000000,0.00000000,0.00000000,0.00000000,0.01008600,0.00000000,0.00211262,0.00000000,0.00000000,0.00000000,0.00000000,0.00000000,0.00224329,0.00000000,0.00000000,0.00000000,0.00000000,0.00000000,0.00545922,0.00000000,0.00000000,0.00000000,0.00000000,0.00000000,0.00000000,0.00000000,0.00162690,0.00000000,0.00000000,0.00000000,0.00000000,0.00000000,0.00000000,0.00000000,0.00000000,0.00000000,0.00000000,0.00000000,0.00000000,0.00000000,0.00000000,0.00000000,0.00000000,0.00000000,0.00000000,0.00000000,0.00000000,0.00000000,0.00000000,0.00233557,0.00000000,0.00000000,0.00538691,0.00000000,0.00000000,0.00000000,0.00000000,0.04131816,0.00000000,0.00000000,0.00219943,0.00000000,0.00000000,0.00000000,0.00739073,0.00000000,0.00000000,0.00000000,0.00000000,0.00000000,0.00000000,0.00000000,0.00000000,0.00000000,0.04481015,0.00000000,0.00000000,0.00000000,0.00000000,0.00730189,0.00391166,0.00000000,0.00000000,0.00000000,0.00000000,0.00072433,0.00000000,0.00000000,0.00000000,0.00000000,0.00674222,0.00000000,0.00000000,0.00000000,0.00000000,0.00000000,0.00000000,0.00000000,0.00000000,0.00000000,0.00000000,0.00000000,0.00070667,0.00751190,0.00000000,0.00000000,0.00000000,0.00000000,0.00000000,0.00000000,0.00000000,0.00000000,0.00000000,0.00000000,0.00195250,0.00000000,0.01314413,0.00000000,0.00000000,0.00000000,0.00000000
0.00000000,0.00000000,0.00000000,0.00000000,0.00000000,0.00000000,0.00000000,0.00268454,0.00000000,0.01400221,0.00000000,0.00000000,0.00000000,0.00000000,0.00000000,0.00000000,0.00000000,0.00000000,0.00000000,0.00000000,0.00000000,0.00000000,0.00000000,0.00446254,0.00000000,0.00000000,0.00000000,0.00000000,0.00000000,0.00000000,0.00000000,0.00000000,0.03623462,0.00000000,0.00000000,0.00240786,0.00000000,0.00000000,0.00000000,0.00000000,0.02772886,0.00000000,0.00000000,0.00000000,0.00989414,0.00000000,0.00000000,0.00000000,0.00000000,0.00000000,0.00000000,0.00000000,0.00150743,0.07863610,0.00000000,0.00000000,0.00000000,0.00000000,0.00000000,0.00000000,0.00000000,1.49252047,0.00000000,0.00000000,0.00000000,0.00000000,0.00000000,0.00000000,0.00000000,0.00587027,0.00000000,0.00000000,0.00000000,0.00000000,0.00000000,0.00000000,0.00000000,0.00000000,0.00000000,0.02588206,0.00000000,0.00000000,0.00000000,0.00276982,0.00000000,0.00000000,0.00000000,0.00243513,0.00000000,0.00000000,0.00000000,0.00296786,0.00000000,0.00000000,0.00000000,0.00000000,0.00000000,0.00000000,0.00000000,0.00000000,0.00000000,0.00000000,0.04715960,0.00000000,0.00000000,0.00408486,0.00000000,0.00000000,0.00185341,0.00000000,0.00000000,0.00000000,0.00000000,0.00000000,0.00398309,0.00000000,0.00000000,0.28470604,0.01920757,0.01304700,0.00000000,0.00000000,0.00000000,0.01745676,0.00000000,0.00000000,0.00775243,0.00000000,0.00000000,0.00000000,0.00000000,0.00000000,0.00000000,0.00000000,0.00000000,0.00000000,0.00000000,0.00000000,0.00000000,0.00000000,0.00000000,0.00000000,0.01074467,0.00000000,0.00000000,0.00239084,0.00000000,0.00000000,0.00000000,0.00000000,0.00000000,0.00000000,0.03448106,0.00000000,0.00000000,0.00000000,0.02690932,0.00000000,0.00196452,0.00000000,0.01937034,0.00000000,0.00000000,0.00000000,0.00000000,0.00000000,0.00000000,0.00000000,0.00000000,0.00000000,0.00000000,0.00000000,0.00000000,0.00000000,0.00000000,0.00000000,0.00000000,0.00559164,0.00000000,0.00000000,0.00000000,0.00000000,0.00000000,0.00000000,0.00407198,0.00000000,0.00000000,0.00000000,0.00000000,0.00000000,0.00000000,0.00000000,0.00355570,0.00000000,0.00000000,0.00000000,0.00000000,0.00000000,0.00000000,0.00356374,0.00000000,0.00000000,0.00000000,0.00000000,0.00000000,0.00000000,0.00000000,0.00000000,0.00000000,0.00000000,0.00898662,0.00000000,0.00000000,0.00906411,0.00000000,0.00000000,0.00000000,0.00000000,0.00000000,0.00000000,0.00000000,0.00000000,0.00164787,0.00000000,0.00000000,0.00000000,0.00687749,0.00000000,0.00000000,0.00000000,0.00000000,0.00000000,0.00000000,0.00000000,0.00000000,0.00977930,0.00000000,1.27709613,0.00000000,0.00000000,0.00000000,0.02699419,0.00000000,0.00000000,0.00223759,0.00000000,0.00000000,0.00000000,0.00000000,0.00000000,0.01094725,0.00000000,0.00000000,0.00000000,0.00000000,0.00000000,0.00000000,0.00000000,0.00000000,0.00000000,0.00000000,0.00000000,0.00000000,0.00000000,0.00949818,0.00336328,0.00000000,0.02241820,0.00000000,0.00000000,0.88312040,0.00000000,0.00000000,0.00000000,0.00374385,0.00707737,0.00000000,0.00000000,0.00000000,0.00000000,0.00000000,0.00000000,0.00000000,0.00000000,0.00000000,0.00000000,0.00000000,0.00000000,0.00000000,0.00000000,0.00000000,0.00000000,0.00000000,0.00000000,0.00000000,0.00000000,0.00000000,0.00259738,0.00000000,0.00000000,0.00000000,0.00000000,0.01417190,0.02347105,0.00000000,0.00000000,0.00000000,0.00000000,0.00000000,0.00000000,0.00519376,0.00000000,0.00000000,0.00000000,0.01970648,0.00000000,0.00000000,0.00000000,0.00000000,0.00000000,0.00000000,0.00000000,0.00281155,0.00189016,0.00000000,0.00953047,0.00000000,0.00000000,0.00225993,0.00000000,0.00000000,0.00000000,0.00000000,0.00686471,0.00000000,0.00000000,0.00000000,0.00000000,0.00000000,0.00000000,0.00000000,0.00000000,0.00000000,0.00000000,0.00000000,0.00000000,0.00000000,0.00000000,0.00000000,0.00000000,0.00000000,0.00000000,0.00000000,0.00000000,0.00000000,0.00000000,0.00000000,0.00000000,0.00000000,0.00000000,0.00000000,0.00000000,0.00000000,0.00000000,0.00000000,0.00000000,0.00000000,0.00000000,0.00000000,0.00000000,0.00000000,0.00000000,0.00000000,0.00000000,0.00000000,0.00000000,0.00000000,0.00000000,0.00000000,0.00000000,0.34989326,0.00000000,0.00000000,0.00000000,0.00000000,0.00000000,0.00000000,0.00000000,0.00000000,0.00000000,0.01072881,0.00000000,0.00000000,0.00000000,0.00000000,0.00000000,0.00000000,0.00000000,0.00000000,0.00000000,0.00000000,0.00000000,0.00538359,0.00000000,0.00000000,0.00000000,0.00000000,0.00000000,0.00000000,0.00000000,0.00219931,0.00000000,0.00000000,0.25763081,0.00000000,0.01655418,0.00000000,0.27387470,0.02507141,0.00000000,0.00000000,0.00000000,0.00000000,0.00000000,0.00000000,0.00000000,0.00000000,0.00000000,0.00000000,0.00000000,0.00000000,0.00000000,0.00000000,0.00000000,0.00000000,0.00000000,0.00000000,0.00000000,0.00000000,0.00000000,0.00000000,0.00049495,0.00000000,0.00000000,0.02986846,0.00000000,0.00000000,0.00000000,0.00000000,0.00000000,0.00000000,0.00000000,0.00000000,0.00000000,0.00000000,0.00000000,0.00000000,0.00000000,0.00000000,0.00231140,0.00000000,0.00000000,0.00000000,0.00000000,0.00000000,0.00000000,0.00000000,0.00000000,0.00000000,0.00000000,0.13137195,0.00000000,0.00000000,0.00000000,0.00000000,0.00000000,0.00000000,0.00000000,0.00000000,0.00000000,0.00000000,0.00000000,0.00000000,0.00000000,0.00000000,0.00000000,0.00000000,0.00000000,0.01934679,0.00000000,0.00000000,0.00408048,0.01244713,0.00000000,0.00000000,0.00000000,0.00874023,0.00000000,0.00000000,0.00404073,0.00000000,0.00000000,0.00000000,1.74227383,0.00000000,0.00000000,0.00000000,0.00000000,0.00000000,0.00000000,0.00000000,0.01882353,0.00000000,0.00000000,0.00364372,0.00000000,0.00000000,0.00000000,0.00000000,0.00266050,0.00000000,0.00000000,0.00000000,0.00000000,0.00000000,0.00000000,0.00000000,0.00000000,0.00000000,0.00000000,0.00000000,0.00000000,0.00000000,0.21415158,0.00000000,0.00000000,0.00000000,0.00000000,0.00502703,0.00000000,0.00000000,0.00630890,0.00000000,0.00000000,0.10974759,0.00000000,0.00000000,0.00000000,0.00000000,0.00252379,0.00000000,0.00000000,0.00000000,0.00000000,0.00000000,0.00000000,0.00102280,0.00000000,0.00000000,0.00371610,0.00000000,0.00000000,0.00000000,0.00000000,0.00000000,0.00000000,0.00000000,0.00000000,0.00000000,0.00090725,0.00000000,0.00000000,0.00000000,0.00000000,0.00000000,0.00000000,0.00431818,0.00000000,0.00000000,0.00097845,0.00000000,0.00000000,0.00000000,0.00000000,0.00000000,0.00000000,0.00000000,0.00000000,0.00000000,0.00000000,0.00000000,0.00000000,0.00000000,0.07450891,0.00000000,0.00000000,0.00000000,0.00000000,0.00000000,0.00000000,0.00000000,0.00000000,0.00000000,0.00000000,0.00000000,0.00000000,0.00000000,0.00000000,0.00000000,0.00000000,0.00000000,0.00000000,0.00000000,0.00000000,0.00000000,0.00000000,0.03474097,0.00000000,0.00000000,0.00000000,0.01040180,0.00000000,0.00000000,0.00319894,0.00000000,0.00000000,0.00000000,0.02539017,0.00000000,0.00000000,0.00000000,0.00180057,0.00000000,0.00000000,0.00000000,0.00000000,0.00000000,0.00000000,0.00000000,0.00000000,0.00000000,0.00000000,0.00000000,0.00000000,0.00000000,0.00000000,0.00000000,0.00000000,0.00000000,0.00000000,0.00000000,0.00000000,0.00000000,0.00000000,0.00000000,0.00000000,0.00000000,0.00000000,0.00000000,0.00000000,0.00000000,0.00000000,0.00000000,0.00000000,0.00109904,0.00000000,0.00000000,0.00000000,0.00000000,0.00633811,0.00000000,0.00000000,0.00000000,0.00000000,0.00000000,0.00000000,0.00000000,0.00000000,0.03911449,0.00000000,0.00000000,0.00000000,0.00000000,0.00325074,0.00000000,0.00000000,0.00000000,0.00000000,0.00000000,0.00000000,0.00000000,0.00000000,0.00000000,0.00000000,0.00000000,0.00000000,0.00000000,0.00000000,0.00000000,0.00000000,0.00000000,0.00371894,0.00750289,0.00000000,0.00000000,0.00000000,0.00000000,0.00000000,0.00000000,0.00000000,0.00000000,0.00000000,0.04361544,0.00000000,0.00000000,0.00000000,0.00000000,0.00000000,0.00000000,0.00000000,0.00000000,0.00000000,0.00000000,0.00000000,0.00000000,0.00000000,0.01366737,0.00000000,0.00000000,0.00000000,0.00000000,0.00383807,0.00833116,0.00000000,0.00000000,0.00000000,0.00000000,0.00000000,0.00000000,0.00000000,0.00000000,0.00000000,0.00000000,0.00000000,0.00000000,0.00000000,0.00000000,0.00000000,0.00000000,0.00976581,0.00000000,0.00000000,0.00000000,0.00000000,0.00000000,0.00000000,0.00000000,0.00000000,0.00000000,0.00000000,0.00000000,0.00000000,0.00000000,0.00000000,0.00000000,0.00000000,0.00695514,0.05147842,0.00087096,0.00000000,0.00000000,0.00000000,0.00000000,0.00000000,0.00000000,0.00000000,0.00000000,0.00000000,0.00309067,0.00000000,0.00000000,0.00000000,0.00000000,0.37134556,0.00000000,0.00000000,0.00000000,0.00000000,0.00000000,0.02617381,0.00000000,0.00000000,0.00350985,0.00000000,0.00000000,0.00000000,0.00000000,0.00000000,0.00000000,0.00000000
0.00000000,0.00000000,0.00790786,0.00000000,0.00000000,0.00000000,0.00000000,0.00000000,0.00000000,0.00000000,0.00000000,0.00000000,0.00000000,0.00000000,0.00000000,0.00000000,0.00000000,0.00000000,0.00000000,0.00000000,0.00000000,0.00000000,0.00000000,0.00000000,0.00000000,0.00000000,0.00000000,0.00474124,0.00000000,0.00000000,0.00000000,0.00000000,0.00544241,0.00000000,0.00000000,0.00000000,0.00000000,0.00000000,0.00000000,0.00000000,0.00000000,0.00000000,0.00000000,0.00000000,0.00000000,0.00000000,0.00000000,0.00246981,0.00000000,0.00000000,0.00000000,0.00000000,0.00000000,0.00000000,0.00000000,0.00000000,0.00000000,0.00000000,0.00000000,0.00000000,0.00000000,0.00000000,0.00000000,0.00000000,0.00000000,0.00000000,0.00000000,0.00000000,0.00000000,0.00000000,0.00000000,0.00000000,0.00149533,0.00000000,0.00000000,0.01516751,0.00588189,0.00000000,0.00000000,0.00000000,0.00000000,0.00000000,0.00000000,0.00000000,0.00000000,0.00000000,0.00000000,0.00000000,0.00000000,0.00000000,0.00000000,0.00000000,0.00000000,0.00000000,0.00513114,0.00182228,0.00000000,0.00000000,0.00000000,0.00000000,0.00000000,0.00581841,0.00000000,0.00000000,0.02473634,0.00000000,0.00000000,0.00000000,0.00766728,0.00000000,0.00000000,0.00000000,0.00000000,0.00000000,0.00000000,0.00000000,0.00000000,0.00000000,0.00000000,0.00000000,0.00000000,0.00000000,0.00107889,0.00000000,0.00000000,0.04790027,0.00000000,0.00000000,0.07295428,0.00000000,0.00000000,0.00000000,0.00000000,0.00000000,0.00000000,0.00000000,0.00000000,0.00000000,0.00253664,0.00000000,0.00000000,0.00000000,0.00000000,0.00000000,0.00000000,0.00000000,0.00000000,0.00000000,0.01795860,0.00000000,0.00000000,0.00000000,0.00000000,0.00000000,0.00000000,0.00000000,0.00000000,0.01290081,0.00000000,0.00000000,0.00000000,0.01381332,0.01014248,0.00000000,0.00000000,0.00000000,0.00000000,0.00000000,0.00000000,0.00000000,0.00000000,0.00000000,0.03265227,0.00000000,0.00091431,0.00000000,0.03238141,0.00000000,0.00000000,0.00000000,0.00000000,0.00387603,0.00000000,0.00000000,0.00000000,0.00000000,0.00000000,0.00000000,0.00000000,0.00797838,0.00000000,0.00177142,0.12473751,0.00297441,0.00000000,0.00432920,0.00000000,0.02664716,0.00000000,0.00000000,0.00000000,0.00000000,0.00000000,0.00000000,0.00522299,0.00000000,0.00000000,0.00000000,0.00000000,0.00711433,0.00000000,0.00000000,0.00000000,0.00000000,0.00000000,0.00000000,0.00000000,0.00000000,0.00000000,0.00000000,0.00000000,0.00000000,0.03389089,0.00000000,0.00000000,0.00000000,0.00000000,0.00155874,0.00407975,0.00000000,0.00000000,0.00419272,0.00000000,0.00000000,0.00000000,0.00000000,0.00000000,0.00000000,0.00000000,0.00000000,0.00000000,0.00000000,0.00000000,0.00000000,0.00000000,0.00000000,0.00000000,0.00000000,0.00000000,0.00000000,0.00000000,0.00000000,0.00568193,0.00000000,0.00000000,0.00000000,0.00000000,0.00000000,0.00000000,0.00762156,0.00000000,0.00000000,0.02339895,0.00138839,0.00000000,0.00000000,0.00000000,0.00000000,0.00000000,0.00000000,0.01499483,0.00000000,0.00000000,0.00000000,0.00000000,0.00000000,0.00000000,0.02416475,0.00000000,0.00000000,0.00000000,0.00000000,0.00000000,0.00000000,0.00000000,0.00000000,0.00000000,0.00000000,0.00000000,0.00000000,0.00000000,0.00000000,0.00000000,0.88809941,0.00000000,0.00000000,0.00000000,0.00000000,0.00000000,0.00000000,0.00000000,0.00000000,0.00000000,0.00000000,0.00000000,0.00266522,0.02483785,0.00000000,0.00000000,0.00000000,0.00000000,0.00000000,0.00000000,0.00000000,0.00000000,0.00000000,0.00000000,0.00000000,0.00625110,0.00000000,0.00000000,0.00000000,0.00000000,0.00000000,0.00000000,0.01697879,0.00000000,0.00076656,0.00000000,0.00327629,0.00000000,0.00000000,0.00000000,0.00000000,0.01361055,0.00000000,0.00000000,0.00000000,0.00000000,0.00000000,0.00000000,0.00000000,0.00000000,0.00613914,0.00000000,0.00000000,0.00000000,0.00399814,0.00000000,0.00000000,0.00000000,0.01178327,0.00113072,0.00000000,0.00000000,0.00000000,0.00000000,0.00000000,0.00000000,0.00000000,0.00000000,0.00000000,0.00000000,0.00000000,0.00000000,0.00000000,0.00000000,0.01230296,0.04031573,0.00000000,0.00000000,0.00126111,0.00000000,0.00000000,0.00000000,0.00000000,0.00000000,0.05084070,0.00000000,0.00000000,0.00000000,0.00000000,0.00000000,0.00000000,0.00000000,0.00000000,0.00000000,0.00000000,0.00000000,0.00000000,0.00000000,0.03214657,0.00000000,0.00000000,0.00000000,0.00000000,0.00000000,0.00000000,0.00000000,0.00000000,0.00000000,0.00000000,0.00000000,0.06924598,0.00000000,0.00000000,0.00000000,0.00000000,0.00000000,0.00000000,0.01343616,0.00000000,0.00088459,0.00000000,0.00000000,0.00000000,0.00000000,0.00000000,0.00000000,0.00156518,0.00000000,0.00000000,0.00000000,0.00000000,0.00000000,0.00667270,0.00000000,0.00000000,0.00000000,0.00000000,0.00000000,0.15084760,0.00000000,0.00000000,0.00000000,0.00000000,0.00000000,0.00000000,0.00000000,0.00000000,0.00000000,0.00000000,0.00000000,0.00000000,0.00000000,0.00000000,0.00000000,0.00564779,0.00000000,0.00000000,0.00088951,0.00000000,0.00000000,0.00000000,0.00000000,0.00000000,0.00000000,0.03730083,0.00000000,0.00000000,0.00000000,0.02758631,0.03635059,0.00000000,0.00000000,0.00000000,0.00000000,0.00000000,0.02310419,0.00000000,0.00000000,0.00000000,0.00000000,0.00000000,0.00000000,0.00000000,0.00000000,0.00000000,0.00000000,0.00116287,0.00000000,0.00000000,0.00000000,0.00000000,0.00249723,0.00000000,0.00000000,0.00000000,0.00000000,0.00000000,0.00000000,0.00000000,0.00000000,0.00316332,0.00000000,0.00000000,0.00000000,0.00000000,0.00000000,0.00000000,0.00000000,0.00000000,0.00000000,0.00000000,0.00000000,0.00402884,0.00000000,0.00000000,0.00000000,0.00000000,0.00294960,0.00300029,0.00000000,0.00000000,0.00000000,0.00000000,0.00000000,0.04690595,0.00000000,0.07057569,0.00269779,0.00000000,0.00000000,0.00000000,0.00000000,0.00000000,0.00000000,0.00000000,0.00000000,0.00000000,0.01327030,0.00000000,0.00000000,0.00000000,0.00000000,0.00000000,0.00000000,0.00000000,0.00000000,0.00000000,0.00000000,0.00000000,0.00000000,0.00000000,0.00000000,0.00000000,0.00000000,0.00000000,0.00000000,0.00000000,0.00000000,0.00000000,0.02487997,0.00000000,0.00000000,0.00000000,0.00000000,0.01113005,0.00000000,0.00000000,0.00000000,0.00000000,0.00000000,0.00000000,0.00000000,0.00000000,0.00000000,0.00000000,0.00000000,0.00151109,0.00000000,0.40614465,0.00000000,0.00000000,0.00000000,0.00000000,0.00117936,0.00000000,0.00000000,0.00000000,0.00000000,0.00000000,0.00000000,1.21379678,0.00000000,0.00000000,0.00000000,0.00000000,0.00000000,0.00000000,0.00000000,0.00000000,0.09383793,0.00000000,0.00000000,0.00000000,0.00000000,0.00000000,0.00000000,0.00000000,0.00000000,0.00000000,1.45202858,0.00335995,0.00000000,0.00000000,0.00000000,0.00138534,0.00000000,0.00000000,0.00000000,0.00000000,0.00000000,0.00000000,0.00000000,0.00000000,0.00000000,0.00000000,0.00000000,0.18272584,0.00000000,0.00000000,0.00000000,0.03258143,0.00000000,0.00000000,0.00000000,0.01810790,0.94821458,0.00000000,0.00000000,0.00000000,0.00000000,0.00000000,0.00000000,0.00000000,0.00000000,0.00000000,0.00000000,0.00000000,0.00000000,0.01035504,0.00000000,0.00000000,0.00795329,0.00000000,0.00000000,0.00000000,0.00000000,0.00000000,0.00000000,0.00000000,0.00000000,0.00000000,0.00000000,0.00000000,0.00000000,0.00000000,0.00000000,0.00238373,0.00000000,0.00000000,0.00000000,0.00000000,0.00000000,0.00000000,0.00000000,0.00000000,0.00000000,0.00000000,0.00000000,0.00000000,0.00000000,0.00000000,0.00000000,0.00000000,0.00000000,0.00000000,0.00000000,0.00000000,0.00000000,0.00000000,0.00000000,0.00000000,0.00834683,0.00000000,0.00000000,0.00000000,0.00000000,0.00000000,0.00000000,0.00000000,0.00000000,0.01055696,0.00000000,0.00000000,0.10392544,0.00000000,0.00000000,0.00000000,0.00000000,0.00000000,0.00000000,0.00000000,0.00000000,0.00000000,0.01826133,0.00000000,0.00000000,0.00000000,0.00466966,1.40190416,0.00000000,0.00000000,0.00000000,0.00000000,0.00000000,0.00000000,0.00000000,0.00328458,0.07087540,0.00000000,0.00000000,0.00000000,0.00000000,0.00000000,0.00000000,0.00000000,0.00000000,0.00000000,0.00000000,0.01488929,0.00000000,0.00000000,0.00000000,0.00000000,0.00000000,0.00000000,0.00000000,0.00000000,0.00000000,0.00000000,0.00000000,0.00000000,0.00326611,0.00000000,0.00000000,0.00000000,0.00000000,0.00000000,0.00000000,0.00000000,0.00000000,0.00000000,0.00000000,0.00802975,0.00000000,0.00000000,0.00000000,0.00000000,0.00000000,0.04051203,0.00000000,0.00000000,0.00000000,0.00000000,0.00000000,0.00000000,0.00000000,0.00000000,0.00000000,0.00000000,0.00000000,0.00000000,0.00000000,0.00000000,0.00000000,0.00000000,0.00000000,0.00000000,0.00000000,0.00000000,0.00000000,0.00000000,0.03865292,0.00000000,0.00000000,0.00000000,0.01172215,0.00000000,0.00000000,0.00000000,0.00108538,0.00000000,0.00000000,0.00000000,0.00000000,0.00000000,0.01070278,0.00000000
0.00000000,0.00000000,0.00767391,0.00000000,0.00000000,0.00000000,0.00000000,0.00000000,0.00000000,0.00000000,0.00000000,0.00000000,0.00000000,0.00000000,0.00509622,0.00000000,0.00778984,0.01645686,0.00000000,0.00806361,0.00000000,0.00000000,0.00000000,0.00000000,0.00000000,0.00000000,0.00000000,0.00000000,0.00000000,0.00000000,0.04774342,0.00000000,0.00000000,0.00000000,0.00000000,0.00000000,0.00000000,0.00000000,0.05930632,0.00000000,0.00000000,0.10897100,0.00000000,0.00000000,0.00000000,0.00000000,0.00000000,0.00000000,0.00000000,0.00000000,0.00000000,0.00000000,0.00000000,0.00000000,0.00000000,0.00000000,0.00000000,0.00000000,0.00000000,0.00000000,0.00000000,0.00953115,0.00000000,0.00000000,0.00000000,0.00962516,0.00573807,0.00000000,0.00000000,0.00000000,0.00000000,0.00000000,0.00000000,0.00246935,0.00000000,0.00000000,0.00000000,0.00000000,0.01159003,0.00000000,0.00000000,0.00000000,0.00000000,0.00000000,0.00000000,0.00000000,0.00000000,0.00000000,0.00000000,0.00000000,0.00000000,0.00000000,0.00000000,0.00000000,0.00000000,0.00000000,0.00000000,0.00000000,0.00000000,0.00000000,0.00950483,0.01913029,0.00000000,0.00000000,0.00000000,0.03995489,0.00000000,0.00000000,0.26528604,0.00000000,0.00000000,0.00000000,0.00000000,0.00000000,0.00000000,0.00000000,0.00000000,0.00000000,0.00000000,0.00000000,0.00000000,0.00000000,0.00000000,0.00671753,0.00000000,0.00000000,0.00000000,0.00000000,0.00000000,0.00000000,0.00000000,0.00054798,0.00000000,0.00105433,0.00000000,0.00000000,0.00000000,0.00000000,0.00000000,0.00000000,0.00000000,0.00216997,0.00000000,0.00000000,0.00000000,0.00071077,0.00000000,0.00000000,0.00000000,0.00000000,0.00000000,0.00000000,0.00000000,0.00000000,0.00000000,0.00000000,0.00000000,0.00000000,0.00000000,0.00000000,0.00000000,0.00000000,0.00000000,0.00000000,0.00000000,0.00000000,0.00000000,0.00000000,0.00000000,0.00000000,0.00000000,0.00000000,0.00000000,0.00000000,0.00000000,0.00351221,0.00000000,0.00000000,0.00000000,0.00000000,0.00000000,0.00000000,0.00000000,0.00000000,0.00562183,0.00000000,0.00000000,0.00000000,0.00000000,0.00000000,0.00000000,0.00000000,0.00000000,0.00000000,0.00000000,0.00000000,0.00000000,0.00000000,0.00000000,0.00000000,0.00000000,0.00000000,0.00000000,0.00000000,0.00183520,0.00357813,0.00000000,0.33682349,0.00000000,0.00000000,0.00000000,0.00000000,0.00000000,0.00000000,0.00000000,0.00195272,0.00000000,0.00000000,0.00000000,0.00000000,0.00000000,0.00000000,0.00000000,0.00121332,0.00000000,0.00000000,0.00000000,0.00000000,0.00000000,0.00000000,0.00000000,0.00000000,0.01324557,0.00083686,0.00000000,0.00000000,0.00504686,0.00368205,0.03416712,0.00000000,0.00000000,0.00000000,0.00000000,0.00000000,0.00000000,0.00000000,0.00000000,0.00000000,0.00000000,0.00000000,0.01022706,0.00624127,0.00000000,0.00000000,0.00000000,0.00000000,0.00000000,0.00000000,0.00000000,0.00000000,0.00000000,0.00000000,0.00000000,0.00000000,0.00000000,0.00000000,0.00344632,0.00732944,0.00000000,0.00000000,0.00000000,0.00000000,0.00087650,0.00000000,0.00000000,0.00000000,0.00000000,0.00000000,0.00000000,0.00000000,0.00000000,0.00000000,0.00000000,0.00000000,0.00000000,0.00000000,0.00000000,0.00000000,0.00000000,0.00000000,0.00000000,0.00000000,0.00000000,0.00489231,0.00000000,0.00000000,0.00000000,0.00000000,0.00000000,0.00000000,0.00357567,0.00000000,0.00000000,0.00000000,0.00000000,0.00000000,0.00000000,0.00000000,0.00000000,0.00374715,0.03460822,0.00000000,0.01970648,0.00000000,0.00000000,0.00000000,0.00000000,0.00000000,0.00000000,0.00000000,0.00000000,0.00000000,0.00320635,0.00000000,0.03791463,0.00000000,0.00000000,0.00000000,0.03174185,0.00578999,0.00000000,0.00000000,0.00000000,0.00000000,0.00000000,0.00987260,0.00000000,0.00000000,0.00000000,0.00000000,0.00000000,0.00000000,0.00000000,0.03881317,0.00000000,0.00000000,0.00000000,0.00000000,0.00000000,0.00000000,0.00000000,0.04210758,0.00000000,0.00000000,0.00000000,0.00000000,0.00000000,0.00000000,0.00000000,0.00000000,0.00338642,0.00000000,0.01154196,0.00000000,0.00000000,0.00000000,0.00000000,0.00235566,0.01854695,0.00000000,0.00000000,0.02443224,0.00000000,0.01804091,0.00000000,0.00000000,0.00000000,0.01298153,0.00000000,0.00000000,0.00205543,0.00000000,0.00000000,0.00000000,0.01341553,0.00000000,0.00000000,0.00382074,0.00000000,0.00000000,0.00000000,0.00000000,0.00595981,0.00000000,0.00000000,0.00000000,0.00000000,0.00000000,0.00000000,0.00000000,0.00000000,0.01094249,0.00000000,0.00000000,0.00924985,0.00000000,0.00000000,0.00000000,0.00000000,0.00000000,0.00000000,0.00000000,0.01066806,0.00000000,0.00000000,0.00000000,0.00000000,0.00000000,0.00000000,0.00000000,0.00000000,0.00618373,0.07990949,0.00000000,0.00000000,0.00000000,0.00000000,0.00000000,0.00000000,0.00000000,0.00000000,0.00405477,0.00000000,0.00000000,0.00000000,0.00000000,0.00000000,0.00000000,0.00000000,0.00000000,0.02202165,0.00000000,0.00000000,0.00000000,0.00000000,0.00000000,0.00000000,0.00000000,0.00000000,0.00000000,0.00000000,0.00000000,0.00850333,0.00000000,0.00000000,0.03872210,0.00131576,0.00000000,0.02419083,0.00000000,0.00000000,0.00000000,0.00000000,0.00000000,0.00000000,0.00000000,0.00000000,0.00000000,0.00000000,0.00000000,0.00559899,0.00000000,0.00000000,3.17053636,0.00000000,0.00000000,0.00000000,0.00961069,0.06918525,0.00000000,0.00000000,0.01689629,0.00073943,0.00000000,0.00000000,0.00000000,0.00000000,0.00000000,0.00000000,0.01385171,0.00000000,0.00000000,0.00000000,0.00000000,0.00119600,0.00000000,0.00000000,0.00262593,0.00000000,0.00000000,0.00000000,0.00000000,0.00000000,0.00000000,0.00000000,0.00000000,0.00000000,0.00000000,0.00000000,0.00000000,0.00000000,0.00000000,0.00000000,0.00000000,0.00000000,0.00000000,0.00000000,0.00000000,0.00000000,0.00000000,0.00000000,0.00000000,0.00000000,0.00000000,0.00000000,0.00000000,0.00000000,0.01204411,0.00000000,0.00000000,0.00000000,0.00000000,0.00000000,0.05242873,0.00000000,0.00000000,0.00000000,0.00000000,0.00000000,0.02189562,0.00000000,0.00000000,0.00000000,0.00000000,0.00940644,0.00000000,0.00000000,0.00000000,0.00000000,0.00787095,0.00000000,0.00000000,0.00000000,0.00000000,0.03432285,0.00000000,0.00000000,0.00000000,0.00000000,0.00000000,0.00000000,0.00000000,0.00000000,0.00000000,0.00000000,0.00000000,0.00113297,0.00000000,0.00000000,0.00000000,0.00105401,0.00000000,0.00493517,0.00000000,0.00000000,0.00000000,0.00000000,0.00000000,0.00000000,0.00000000,0.00000000,0.00000000,0.00000000,0.00000000,0.00000000,0.00000000,0.00000000,0.00000000,0.00000000,0.00000000,0.00000000,0.00000000,0.00000000,0.00000000,0.00000000,0.00000000,0.00000000,0.00690917,0.32647687,0.00000000,0.00000000,0.00000000,0.00000000,0.00000000,0.00000000,0.00610320,0.00000000,0.00000000,0.00000000,0.00000000,0.00000000,0.00000000,0.00000000,0.00000000,0.00000000,0.00000000,0.00000000,0.00000000,0.00117049,0.00000000,0.00149685,0.00000000,0.00000000,0.00000000,0.00000000,0.00000000,0.00000000,0.00000000,0.00000000,0.02547416,0.00000000,0.00000000,0.00000000,0.00000000,0.00000000,0.00000000,0.00000000,0.00000000,0.00000000,0.00000000,0.00000000,0.00507843,0.00000000,0.00000000,0.00000000,0.00000000,0.00000000,0.00000000,0.00000000,0.00000000,0.00000000,0.00000000,0.00000000,0.00000000,0.00000000,0.00000000,0.00000000,0.00000000,0.00000000,0.00000000,0.00000000,0.00000000,0.00000000,0.00000000,0.00000000,0.00000000,0.00000000,0.00000000,0.00000000,0.00000000,0.00000000,0.01778757,0.00000000,0.00000000,0.00000000,0.00000000,0.00000000,0.00000000,0.00000000,0.00000000,0.00143896,0.00000000,0.00000000,0.00000000,0.00000000,0.00000000,0.00000000,0.03223056,0.00000000,0.00000000,0.00000000,0.00000000,0.00000000,0.00000000,0.00000000,0.00000000,0.00000000,0.00000000,0.00000000,0.00000000,0.00000000,0.00000000,0.00000000,0.00000000,0.00000000,0.00000000,0.00000000,0.00000000,0.00000000,0.00000000,0.00000000,0.01767827,0.06428843,0.00000000,0.00000000,0.00000000,0.00000000,0.00000000,0.00093470,0.00000000,0.00000000,0.00000000,0.00000000,0.00000000,0.00000000,0.00000000,0.00000000,0.00000000,0.00000000,0.00000000,0.00000000,0.00000000,0.00000000,0.00000000,0.00000000,0.00000000,0.00000000,0.00000000,0.00000000,0.00000000,0.00000000,0.00000000,0.00000000,0.00000000,0.00000000,0.00000000,0.00000000,0.00000000,0.00000000,0.00207103,0.00000000,0.00000000,0.00000000,0.00000000,0.00000000,0.00000000,0.00000000,0.00000000,0.00000000,0.00000000,0.00000000,0.01417710,0.00000000,0.00000000,0.02939336,0.00000000,0.00000000,0.00000000,0.00000000,0.00000000,0.00316626,0.00517402,0.06434373,0.00000000,0.00000000,0.00000000,0.00000000,0.00000000,0.00000000,0.00000000,0.00000000,0.00000000,0.00000000,0.00527092,0.00000000,0.00000000,0.00523351,0.00000000,0.00000000,0.00000000,0.00000000,0.00000000,0.00000000,0.00000000,0.00000000,0.00837629,0.07342401,0.00000000,0.00000000,0.00000000
0.00000000,0.00000000,0.00000000,0.00000000,0.00000000,0.00000000,0.00000000,0.00000000,0.00000000,0.00000000,0.00000000,0.00000000,0.00000000,0.00000000,0.00000000,0.00000000,0.00000000,0.00000000,0.00000000,0.00000000,0.00000000,0.00000000,0.00000000,0.00000000,0.00000000,0.00203012,0.00000000,0.00000000,0.00000000,0.00000000,0.00000000,0.00000000,0.00000000,0.00000000,0.02671317,0.00000000,0.00000000,0.00000000,0.00000000,0.00000000,0.00000000,0.04307938,0.00000000,0.00000000,0.00000000,0.00000000,0.00000000,1.24486371,0.00000000,0.00000000,0.00000000,0.00000000,0.03817115,0.00000000,0.00000000,0.00000000,0.00000000,0.01337765,0.00000000,0.00000000,0.00000000,0.00000000,0.00000000,0.00657454,0.00000000,0.00000000,0.00000000,0.00451781,0.00000000,0.00000000,0.03435069,0.00000000,0.00000000,0.00000000,0.00421248,0.00000000,0.00000000,0.00000000,0.00000000,0.00000000,0.00000000,0.00000000,0.00000000,0.00000000,0.00000000,0.00089809,0.00000000,0.00000000,0.00000000,0.00000000,0.00000000,0.00000000,0.00000000,0.13697718,0.01632391,0.00349538,0.00000000,0.00000000,0.00000000,0.00000000,0.00000000,0.00000000,0.00000000,0.00000000,0.00000000,0.00000000,0.00000000,0.00000000,0.00000000,0.00000000,0.00000000,0.00000000,0.00000000,0.00000000,0.00000000,0.00000000,0.00000000,0.00000000,0.03861771,0.00000000,0.00000000,0.02153436,0.00000000,0.00000000,0.00000000,0.00000000,0.00000000,0.00000000,0.00105111,0.00000000,0.00000000,0.00000000,0.00000000,0.00000000,0.00000000,0.00000000,0.00000000,0.00000000,1.87342378,0.03325831,0.01102203,0.00000000,0.00000000,0.01059367,0.00000000,0.00465753,0.00000000,0.00000000,0.01235969,0.00000000,0.00000000,0.00000000,0.00000000,0.00000000,0.00000000,0.00000000,0.00000000,0.00000000,0.00000000,0.00000000,0.00335699,0.00000000,0.00000000,0.00424481,0.00000000,0.00000000,0.00000000,0.00000000,0.00000000,0.00000000,0.00000000,0.00000000,0.00000000,0.00000000,0.00000000,0.00000000,0.00000000,0.00000000,0.01733802,0.00000000,0.00000000,0.00000000,0.00000000,0.00076505,0.00000000,0.00000000,0.00000000,0.00000000,0.00000000,0.00000000,0.34062155,0.00000000,0.00000000,0.00000000,0.00000000,1.64243519,0.00000000,0.00000000,0.00000000,0.00000000,0.00000000,0.00000000,0.00000000,0.00000000,0.00186665,0.00000000,0.00000000,0.00000000,0.00000000,0.00000000,0.00000000,0.00000000,0.00000000,0.00000000,0.00000000,0.00000000,0.00000000,0.00000000,0.36722151,0.00000000,0.00000000,0.00000000,0.00000000,0.00000000,0.00000000,0.00000000,0.00255635,0.00000000,0.00000000,0.00000000,0.00000000,0.00000000,0.00000000,0.00000000,0.00000000,0.00000000,0.00000000,0.00000000,0.00000000,0.00000000,0.00000000,0.00000000,0.00000000,0.00000000,0.00000000,0.00000000,2.19296948,0.00000000,0.00000000,0.00000000,0.00000000,0.00906672,0.00000000,0.00000000,0.00000000,0.00000000,0.00000000,0.00000000,0.00000000,0.00000000,0.00000000,0.00000000,0.00000000,0.04283238,0.00000000,0.04337799,0.00000000,0.00000000,0.00000000,0.00000000,0.00000000,0.00000000,0.00000000,0.00000000,0.00000000,0.00000000,0.00000000,0.00000000,0.00000000,0.00000000,0.00000000,0.00000000,0.00000000,0.00000000,0.00000000,0.00000000,0.00000000,0.00000000,0.00369748,0.00000000,0.00000000,0.00000000,0.00000000,0.00077125,0.00159910,0.00000000,0.00000000,0.00000000,0.00000000,0.00000000,0.00000000,0.00000000,0.01988613,0.00000000,0.00000000,0.00000000,0.00000000,0.00000000,0.00000000,0.00000000,0.00000000,0.00000000,0.00000000,0.00000000,0.00000000,0.00000000,0.00000000,0.00752461,0.00000000,0.00000000,0.00000000,0.00000000,0.00000000,0.00000000,0.00404120,0.00000000,0.00000000,0.00000000,0.00000000,0.00000000,0.00000000,0.00000000,0.00000000,0.00000000,0.00000000,0.00288020,0.00000000,0.00000000,0.00000000,0.00000000,0.00000000,0.00000000,0.01295995,0.00000000,0.00000000,0.00000000,0.00000000,0.00000000,0.00000000,0.00000000,0.00000000,0.00000000,0.00000000,0.00000000,0.00000000,0.00000000,0.00000000,0.00000000,0.00000000,0.00000000,0.00000000,0.00000000,0.00000000,0.00000000,0.00000000,0.00000000,0.00000000,0.00000000,0.00000000,0.00000000,0.00000000,0.00000000,0.00000000,0.00000000,0.00000000,0.14451695,0.00000000,0.00000000,0.00000000,0.00000000,0.00000000,0.00000000,0.00000000,0.00000000,0.00000000,0.00000000,0.00000000,0.05804591,0.00000000,0.00000000,0.00267264,0.00000000,0.00000000,0.00000000,0.00000000,0.00000000,0.00000000,0.00000000,0.00000000,0.00000000,0.00000000,0.00000000,0.00000000,0.00113764,0.00000000,0.00000000,0.00000000,0.00000000,0.00000000,0.00000000,0.00000000,0.00000000,0.00000000,0.00000000,0.00000000,0.12061446,0.00000000,0.00000000,0.00000000,0.00000000,0.00000000,0.00000000,0.00000000,0.00000000,0.00000000,0.00000000,0.00000000,0.01725200,0.00364945,0.00000000,0.00000000,0.00000000,0.00000000,0.00000000,0.00000000,0.00000000,0.00000000,0.00000000,0.00000000,0.00000000,0.00000000,0.10524202,0.00000000,0.00000000,0.00000000,0.00000000,0.00000000,0.00000000,0.00000000,0.00000000,0.00820257,0.00000000,0.00000000,0.00000000,0.01146994,0.00000000,0.00000000,0.00000000,0.00000000,0.00187892,0.00000000,0.00328732,0.00000000,0.00000000,0.00000000,0.00000000,0.00000000,0.00000000,0.00000000,0.00000000,0.00000000,0.00000000,0.02876043,0.00000000,0.00000000,0.00893694,0.00000000,0.00000000,0.00000000,0.00000000,0.00000000,0.12223914,0.00000000,0.00000000,0.09907462,0.00000000,0.00000000,0.00256114,0.00000000,0.00000000,0.00000000,0.00000000,0.00000000,0.01153482,0.00000000,0.03564164,0.00000000,0.00000000,0.00000000,0.00000000,0.00000000,0.00501085,0.00231735,0.00000000,0.00300029,0.00618395,0.00277483,0.00000000,0.00000000,0.00000000,0.00000000,0.00000000,0.00000000,0.00261278,0.00000000,0.00000000,0.00000000,0.00000000,0.00000000,0.00828358,0.00000000,0.00827234,0.00000000,0.00000000,0.00000000,0.00000000,0.00000000,0.00000000,0.00000000,0.01022640,0.00000000,0.00000000,0.00000000,0.00314786,0.00000000,0.00000000,0.00000000,0.02097919,0.00000000,0.00000000,0.00000000,0.02629447,0.00173560,0.00000000,0.00000000,0.00000000,0.00000000,0.00000000,0.00000000,0.00000000,0.00000000,0.00000000,0.00491070,0.00000000,0.00000000,0.03650530,0.00000000,0.00000000,0.00000000,0.00000000,0.00000000,0.00000000,0.00000000,0.00738762,0.00000000,0.00000000,0.00000000,0.00000000,0.00000000,0.00000000,0.00000000,0.00000000,0.00000000,0.00000000,0.00000000,0.00161939,0.00000000,0.00000000,0.00000000,0.00000000,0.00000000,0.00000000,0.00000000,0.00000000,0.00000000,0.00000000,0.00000000,0.00000000,0.00000000,0.00000000,0.00000000,0.13692136,0.00514176,0.00000000,0.00000000,0.00000000,0.00000000,0.00000000,0.00000000,0.00000000,0.00000000,0.00000000,0.00000000,0.00000000,0.00000000,0.00000000,0.00000000,0.00000000,0.00000000,0.00096273,0.00000000,0.00000000,0.00000000,0.00000000,0.00000000,0.00000000,0.00000000,0.00000000,0.00000000,0.00000000,0.14216202,0.00000000,0.00000000,0.00000000,0.00000000,0.00000000,0.00000000,0.00000000,0.00000000,0.00416879,0.00000000,0.00000000,0.00000000,0.00514380,0.00000000,0.00000000,0.00506754,0.00000000,0.00000000,0.00000000,0.00000000,0.00000000,0.00000000,0.02430327,0.00000000,0.00000000,0.00000000,0.01206308,0.00000000,0.00000000,0.00130646,0.00000000,0.00000000,0.00139237,0.00000000,0.00000000,0.00000000,0.00000000,0.00000000,0.00089325,0.00000000,0.00000000,0.04425210,0.00000000,0.00000000,0.00000000,0.00000000,0.00000000,0.00000000,0.00000000,0.00000000,0.00000000,0.00000000,0.00000000,0.00000000,0.00000000,0.00000000,0.00000000,0.00000000,0.00000000,0.01215283,0.00000000,0.00000000,0.00000000,0.00000000,0.00000000,0.00000000,0.00000000,0.00000000,0.00000000,0.01430347,0.00000000,0.00000000,0.00000000,0.00000000,0.00184989,0.00423693,0.00000000,0.00000000,0.00000000,0.00000000,0.00000000,0.00000000,0.00000000,0.00000000,0.00000000,0.01236573,0.00000000,0.00000000,0.00000000,0.00159728,0.00000000,0.00000000,0.00000000,0.38585623,0.00000000,0.00000000,0.00000000,0.00000000,0.00000000,0.00000000,0.00000000,0.00000000,0.00000000,0.00364398,0.22253269,0.00000000,0.00000000,0.00000000,0.00000000,0.00000000,0.00000000,0.00000000,0.00000000,0.00000000,0.00000000,0.00000000,0.00082101,0.00000000,0.00000000,0.00000000,0.00000000,0.00000000,0.00000000,0.00177222,0.33491703,0.00000000,0.00000000,0.00000000,0.00000000,0.00000000,0.00000000,0.00000000,0.00000000,0.12527150,0.07835124,0.00000000,0.00000000,0.00000000,0.00000000,0.00000000,0.00000000,0.00000000,0.00000000,0.00000000,0.00000000,0.00000000,0.01234579,0.00000000,0.00000000,0.00000000,1.26686613,0.00000000,0.00000000,0.00389285,0.00825149,0.00000000,0.00000000,0.00000000,0.00000000,0.00701153,0.00000000,0.00208995,0.00000000,0.00000000,0.00000000,0.00000000,0.00000000,0.00000000,0.00771256,0.00000000,0.00000000,0.00000000,0.00000000,0.00000000,0.00000000,0.00000000,0.00000000,0.00000000,0.00000000
0.00000000,0.00000000,0.00931264,0.00000000,0.00000000,0.00000000,0.00000000,0.00000000,0.00000000,0.00000000,0.00000000,0.00000000,0.00000000,0.00000000,0.00000000,0.00000000,0.00000000,0.00000000,0.00000000,0.00000000,0.01555841,0.00000000,0.00000000,0.00000000,0.00000000,0.00000000,0.00000000,0.00163878,0.00000000,0.00000000,0.00000000,0.00000000,0.00000000,0.00000000,0.00875555,0.00000000,0.00000000,0.00000000,0.00000000,0.00000000,0.00000000,0.00000000,0.00000000,0.00000000,0.00000000,0.00000000,0.00000000,0.00000000,0.00000000,0.00000000,0.00000000,0.00000000,0.00000000,0.00000000,0.00686467,0.00000000,0.00000000,0.00000000,0.00000000,0.00000000,0.00000000,0.00000000,0.00000000,0.05257757,0.00000000,0.00000000,0.01733141,0.00000000,0.00000000,0.01387147,0.00000000,0.00000000,0.00000000,0.00000000,0.00000000,0.06068014,0.00000000,0.00000000,0.00000000,0.00000000,0.00000000,0.00000000,0.00000000,0.00000000,0.00000000,0.00000000,0.00000000,0.00000000,0.00000000,0.00000000,0.00000000,0.00000000,0.04029891,0.00451305,0.00000000,0.00293385,0.00000000,0.00000000,0.00000000,0.00000000,0.00000000,0.00000000,0.00000000,0.00000000,0.00000000,0.00000000,0.00000000,0.00000000,0.00173827,0.00000000,0.00599015,0.00000000,0.00000000,0.00000000,0.00000000,0.00000000,0.00000000,0.00000000,0.00000000,0.00000000,0.00000000,0.00000000,0.00000000,0.00000000,0.00000000,0.00000000,0.00000000,0.00000000,0.00000000,0.00000000,0.00000000,0.00000000,0.00000000,0.01211623,0.00000000,0.00000000,0.00000000,0.00000000,0.00000000,0.00000000,0.00000000,0.00000000,0.00000000,0.00770265,0.00000000,0.00000000,0.00000000,0.00000000,0.00000000,0.00000000,0.00000000,0.00000000,0.00000000,0.00000000,0.00000000,0.00000000,0.00000000,0.00000000,0.00000000,0.00869629,0.00000000,0.00549628,0.00811657,0.00000000,0.00000000,0.00000000,0.00000000,0.00000000,0.00000000,0.00000000,0.00000000,0.00000000,0.00000000,0.00000000,0.00000000,0.00000000,0.00000000,0.00000000,0.00000000,0.00000000,0.00000000,0.00000000,0.00000000,0.00000000,0.00000000,0.00000000,0.00000000,0.00000000,0.00000000,0.00000000,0.00000000,0.00000000,0.01379442,0.00000000,0.00000000,0.00000000,0.00000000,0.00000000,0.00000000,0.00000000,0.00000000,0.00000000,0.00000000,0.00000000,0.00000000,0.00000000,0.02107952,0.00000000,0.00555826,0.00000000,0.01207957,0.00000000,0.00000000,0.00000000,0.00000000,0.00000000,0.00000000,0.00000000,0.00000000,0.00000000,0.00000000,0.00000000,0.00000000,0.00000000,0.00000000,0.00000000,0.00000000,0.00889648,0.00000000,0.00000000,0.00427061,0.00000000,0.03480227,0.05451643,0.00000000,0.00000000,0.00000000,0.00000000,0.07981515,0.00000000,0.00000000,0.00000000,0.00000000,0.00000000,0.00257929,0.00000000,0.00000000,0.00000000,0.00000000,0.00000000,0.03359618,0.00000000,0.00000000,0.00000000,0.00000000,0.00000000,0.00000000,0.00000000,0.00000000,0.00000000,0.00000000,0.00000000,0.00000000,0.00000000,0.00000000,0.00000000,0.00000000,0.00000000,0.00000000,0.00000000,0.00000000,0.00000000,0.01338903,0.00000000,0.00000000,0.00000000,0.00000000,0.00000000,0.00000000,0.00000000,0.00000000,0.00000000,0.00000000,0.00000000,0.00000000,0.09371058,0.00081232,0.00000000,0.00359765,0.00300906,0.00000000,0.00000000,0.00000000,0.04274656,0.00000000,0.00000000,0.00000000,0.00000000,0.00000000,0.00000000,0.00000000,0.00000000,0.00000000,0.00000000,0.00000000,0.11053561,0.00000000,0.00000000,0.00000000,0.00000000,0.00000000,0.00000000,0.00000000,0.00000000,0.00000000,0.00000000,0.00000000,0.00000000,0.00000000,0.00000000,0.00223878,0.01091414,0.00000000,0.00000000,0.00000000,0.00000000,0.00000000,0.00000000,0.00000000,0.00000000,0.00000000,0.00000000,0.00000000,0.17337420,0.00000000,0.00000000,0.00000000,0.00000000,0.00000000,0.00180228,0.00000000,0.00000000,0.00000000,0.00000000,0.00000000,0.00000000,0.00000000,0.01313314,0.00000000,0.00000000,0.00000000,0.03453165,0.00000000,0.00000000,0.00000000,0.00000000,0.00000000,0.00000000,0.00000000,0.00000000,0.00304720,0.00000000,0.00000000,0.00000000,0.00000000,0.00000000,0.00000000,0.00000000,0.00000000,0.00000000,0.00000000,0.00000000,0.00000000,0.00000000,0.00000000,0.00000000,0.00000000,0.00000000,0.00000000,0.00000000,0.00000000,0.00000000,0.00000000,0.00000000,0.00000000,0.00000000,0.00000000,0.00000000,0.00000000,0.00000000,0.00000000,0.00000000,0.00000000,0.00000000,0.00000000,0.00295839,0.00000000,0.00568096,0.24801262,0.00000000,0.00000000,0.00736594,0.00000000,0.00000000,0.00000000,0.00000000,0.00000000,0.00000000,0.00000000,0.02099612,0.00000000,0.00000000,0.00000000,0.00476480,0.00000000,0.00000000,0.00000000,0.00000000,0.00000000,0.00000000,0.00000000,0.00000000,1.25371925,0.00000000,0.00000000,0.00000000,0.00133882,0.00141450,0.00000000,0.00000000,0.00000000,0.12265994,0.00000000,0.00000000,0.00426507,0.00000000,0.00000000,0.00000000,0.00000000,0.00000000,0.00000000,0.00000000,0.00431417,0.00000000,0.00000000,0.00206100,0.00000000,0.00000000,0.00000000,0.00000000,0.00000000,0.00000000,0.00000000,0.00000000,0.00000000,0.00000000,0.00000000,0.00000000,0.00000000,0.00000000,0.00000000,0.00000000,0.00000000,0.00167517,0.00000000,0.00000000,0.00000000,0.00000000,0.00000000,0.00500968,0.00000000,0.00000000,0.00000000,0.00000000,0.00000000,0.00000000,0.00000000,0.00000000,0.00000000,0.00000000,0.00000000,0.00000000,0.00097361,0.03904553,0.00000000,0.00000000,0.00000000,0.00000000,0.00000000,0.00000000,0.00000000,0.00000000,0.00000000,0.00000000,0.00000000,0.00000000,0.00000000,0.00000000,0.00000000,0.00000000,0.00076173,0.00133562,0.00000000,0.00000000,0.00000000,0.00000000,0.01285804,0.00000000,0.01528303,0.00000000,0.00000000,0.00844574,0.00000000,0.00448336,0.01188352,0.00000000,0.00000000,0.00000000,0.05332246,0.00000000,0.00000000,0.00000000,0.00000000,0.00251303,0.00000000,0.00000000,0.00000000,0.00000000,0.00000000,0.00000000,0.00000000,0.00000000,0.00316813,0.00000000,0.00000000,0.00000000,0.00243485,0.00000000,0.00000000,0.00594252,0.00000000,0.00000000,0.00000000,0.00000000,0.00416788,0.00000000,0.00360926,0.00000000,0.00000000,0.00000000,0.00000000,0.00000000,0.00000000,0.00000000,0.00000000,0.00000000,2.77546544,0.00000000,0.00000000,0.00000000,0.00394457,0.00000000,0.00000000,0.00000000,0.00000000,0.00000000,0.00000000,0.00345084,0.00000000,0.00000000,0.00000000,0.00000000,0.00000000,0.00000000,0.00000000,0.00000000,0.00000000,0.00000000,0.00000000,0.00000000,0.00000000,0.00000000,0.00000000,0.00000000,0.00000000,0.00000000,0.00000000,0.00000000,0.00000000,0.00000000,0.00104485,0.00000000,0.00000000,0.00000000,0.00000000,0.00000000,0.00000000,0.00000000,0.00000000,0.00306890,0.00000000,0.00000000,0.00000000,0.00000000,0.00000000,0.00000000,0.00000000,0.00000000,0.00000000,0.00715963,0.03224858,0.00000000,0.00000000,0.00000000,0.05631273,0.00228102,0.00000000,0.00000000,0.00000000,0.00000000,0.00092547,0.00000000,0.00000000,0.01257499,0.00000000,0.00000000,0.00000000,0.00000000,0.00000000,0.00000000,0.00000000,0.00000000,0.00000000,0.00000000,0.00000000,0.00000000,0.00000000,0.00000000,0.00000000,0.00000000,0.00000000,0.00000000,0.00000000,0.00000000,0.00000000,0.00000000,0.59756564,0.00000000,0.00000000,0.03873039,0.08026852,0.00000000,0.00000000,0.00290293,0.00131705,0.00000000,0.00000000,0.00000000,0.00000000,0.00000000,0.00072080,0.00000000,0.00000000,0.00000000,0.00000000,0.00000000,0.00000000,0.00000000,0.00000000,0.00000000,0.00000000,0.00000000,0.00000000,0.00000000,0.00000000,0.00000000,0.00000000,0.00000000,0.00000000,0.00000000,0.00000000,0.00000000,0.00000000,0.00000000,0.00138990,0.06905133,0.01741968,0.00000000,0.00000000,0.00000000,0.00000000,0.00000000,0.00000000,0.00049804,0.00000000,0.00000000,0.00000000,0.12652909,0.02588754,0.00000000,0.00000000,0.00000000,0.00000000,0.00000000,0.29813745,0.00000000,0.00000000,0.00000000,0.00000000,0.00000000,0.00000000,0.00000000,0.00000000,0.01154438,0.00000000,0.00000000,0.01689688,0.00000000,0.00000000,0.00000000,0.00000000,0.00000000,0.00000000,0.00000000,0.00000000,0.00000000,0.00000000,0.00676249,0.00000000,0.00000000,0.00000000,0.00000000,0.00000000,0.48943761,0.00000000,0.00000000,0.00000000,0.00651286,0.00000000,0.00000000,0.00000000,0.00000000,0.00000000,0.00000000,0.00000000,0.00000000,0.00000000,0.05824946,0.00000000,0.00000000,0.04645820,0.00000000,0.00000000,0.00000000,0.02595185,0.00000000,0.00272694,0.00000000,0.00524980,0.00000000,0.00000000,0.00000000,0.00000000,0.00000000,0.00000000,0.39139192,0.00000000,0.00290115,0.00000000,0.00000000,0.00000000,0.00000000,0.00000000,0.00000000,0.00000000,0.00000000,0.00000000,0.00000000,0.00000000,0.00000000,0.00000000,0.00000000,0.00000000,0.00000000,0.00000000,0.00000000,0.00000000,0.00000000,0.00000000,0.00560858,0.00000000,0.00000000,0.00000000,0.00000000,0.00000000,0.00000000,0.01187971,0.01162393,0.00000000,0.00000000
0.00000000,0.00616104,0.00000000,0.00000000,0.00000000,0.00000000,0.01071678,0.00000000,0.00000000,0.00000000,0.00000000,0.01001512,0.00000000,0.00000000,0.00000000,0.00000000,0.00000000,0.00000000,0.00000000,0.00267110,0.00000000,0.00000000,0.00000000,0.00000000,0.00000000,0.00000000,0.00000000,0.00000000,0.00000000,0.00000000,0.00997507,0.00000000,0.00000000,0.00000000,0.00000000,0.01712491,0.00749733,0.00000000,0.00000000,0.00000000,0.00000000,0.00000000,0.00000000,0.00000000,0.00000000,0.00000000,0.00000000,0.00000000,0.00000000,0.00000000,0.23561299,0.00000000,0.00000000,0.00000000,0.00000000,0.00000000,0.00000000,0.00162543,0.08738444,0.00000000,0.00000000,0.00000000,0.00000000,0.00000000,0.00000000,0.00000000,0.00000000,0.00000000,0.00000000,0.00000000,0.00000000,0.00000000,0.00000000,0.00000000,0.01377309,0.00000000,0.00000000,0.07933082,0.00000000,0.00000000,0.00000000,0.00000000,0.02555152,0.00194349,0.00000000,0.00000000,0.00000000,0.00000000,0.00000000,0.00000000,0.00000000,0.00000000,0.00000000,0.00000000,0.00000000,0.00375543,0.13690450,0.00000000,0.00493234,0.00000000,0.08277652,0.00000000,0.00000000,0.00000000,0.00000000,1.93759103,0.00000000,0.00000000,0.00000000,0.00000000,0.00000000,0.00000000,0.00000000,0.00000000,0.00000000,0.00000000,0.00000000,0.00000000,0.00000000,0.00000000,0.85420878,0.00000000,0.00000000,0.00000000,0.00000000,0.03804267,0.00000000,0.00000000,0.00000000,0.00000000,0.00000000,0.00000000,0.00000000,0.00000000,0.00000000,0.00000000,0.00000000,0.00000000,0.00000000,0.00000000,0.00000000,0.00000000,0.00000000,0.00000000,0.00000000,0.00890280,0.00000000,0.00000000,0.00000000,0.00000000,0.04462022,0.00000000,0.00000000,0.00000000,0.00000000,0.00000000,0.00000000,0.00000000,0.00000000,0.00000000,0.00000000,0.00000000,0.00000000,0.00000000,0.01932554,0.00000000,0.00000000,0.00640927,0.00000000,0.00000000,0.00475910,0.41532044,0.00391157,0.00000000,0.00000000,0.00589946,0.00000000,0.00000000,0.00000000,0.00000000,0.00000000,0.00000000,0.00000000,0.00000000,0.00000000,0.00000000,0.00000000,0.00000000,0.00000000,0.00000000,0.00000000,0.00000000,0.00000000,0.00000000,0.00000000,0.00000000,0.00000000,0.00000000,0.00000000,0.00000000,0.00000000,0.00000000,0.00000000,0.00000000,0.00000000,0.00000000,0.00000000,0.00000000,0.04347998,0.00000000,0.00000000,0.00000000,0.00000000,0.00095043,0.00000000,0.00000000,0.00000000,0.01891239,0.00000000,0.00000000,0.00000000,0.00136082,1.01735627,0.00000000,0.00000000,0.00000000,0.00000000,0.00000000,0.00000000,0.00000000,0.00000000,0.00000000,0.00000000,0.00000000,0.00000000,0.00000000,0.00482619,0.00000000,0.01553462,0.00000000,0.00000000,0.00000000,0.00000000,0.00000000,0.00000000,0.00000000,0.00000000,0.00000000,0.00000000,0.00000000,0.04978644,0.00000000,0.00000000,0.00000000,0.00000000,0.00000000,0.00000000,0.00000000,0.00574911,0.00000000,0.00000000,0.00000000,0.00000000,0.00000000,0.00000000,0.00318783,0.00000000,0.00000000,0.00000000,0.00000000,0.00000000,0.00000000,0.00360761,0.00000000,0.00000000,0.00000000,0.01637998,0.00000000,0.00000000,0.00000000,0.00000000,0.00381344,0.00000000,0.00000000,0.00465666,0.00000000,0.00000000,0.00000000,0.00000000,0.00000000,0.00000000,0.00000000,0.00000000,0.00000000,0.00000000,0.00000000,0.00000000,0.00000000,0.02126662,0.00000000,0.00000000,0.00000000,0.00000000,0.00000000,0.00000000,0.00000000,0.00000000,0.02537723,0.18819929,0.00000000,0.00000000,0.00000000,0.00000000,0.00000000,0.00000000,0.00752461,0.00000000,0.00000000,0.00000000,0.00000000,0.00000000,0.00000000,0.00000000,0.00000000,0.00368426,0.00000000,0.00000000,0.00000000,0.00000000,0.02543165,0.00000000,0.00000000,0.00000000,0.00000000,0.00000000,0.00540921,0.00000000,0.00000000,0.00000000,0.00111956,0.00000000,0.00569797,0.00000000,0.01132166,0.00000000,0.00000000,0.00317306,0.00000000,0.00000000,0.00000000,0.00000000,0.03215182,0.00000000,0.00000000,0.00000000,0.00000000,0.04374145,0.00000000,0.00000000,0.00000000,0.00000000,0.00372598,0.00000000,0.00000000,0.03704676,0.00000000,0.00000000,0.73869314,0.00000000,0.00000000,0.00000000,0.00000000,0.00000000,0.00000000,0.00000000,0.00000000,0.00000000,0.00000000,0.00000000,0.00000000,0.00000000,0.00000000,0.83281461,0.00000000,0.00000000,0.00000000,0.00000000,0.00000000,0.00000000,0.00000000,0.00000000,0.00000000,0.00000000,0.00000000,0.00000000,0.00000000,0.00000000,0.00000000,0.00000000,0.00000000,0.00000000,0.00000000,0.00000000,0.00000000,0.00000000,0.00000000,0.00000000,0.00000000,0.00000000,0.01457857,0.00000000,0.00000000,0.00000000,0.00000000,0.00000000,0.00000000,0.00000000,0.00000000,0.00000000,0.00245647,0.00000000,0.00000000,0.00000000,0.00000000,0.00000000,0.00252374,0.00000000,0.00000000,0.00000000,0.00000000,0.00000000,0.00000000,0.00000000,0.00000000,0.00000000,0.00000000,0.00000000,0.00000000,0.00000000,0.00000000,0.00000000,0.00297021,0.00000000,0.00602543,0.00000000,0.00000000,0.00000000,0.00000000,0.00000000,0.00000000,0.00000000,0.00000000,0.00000000,0.00000000,0.00000000,0.00578071,0.00000000,0.00000000,0.00000000,0.00000000,0.00729091,0.01231379,0.00000000,0.00408066,0.00000000,0.00000000,0.00000000,0.00000000,0.00000000,0.00000000,0.00000000,0.00000000,0.00433501,0.00000000,0.00000000,0.00000000,0.00095666,0.00000000,0.00000000,0.00000000,0.00000000,0.00000000,0.00000000,0.00000000,0.00000000,0.00000000,0.00000000,0.00000000,0.00228062,0.00000000,0.00000000,0.00000000,0.00000000,0.00000000,0.21271719,0.00000000,0.00000000,0.00000000,0.00000000,0.00000000,0.00000000,0.00000000,0.00000000,0.00000000,0.05589550,0.00000000,0.00543207,0.00000000,0.00000000,0.00000000,0.00000000,0.00000000,0.00000000,0.00000000,0.00000000,0.00000000,0.00000000,0.00000000,0.00000000,0.00000000,0.00000000,0.00000000,0.00000000,0.00000000,0.02567253,0.00000000,0.00000000,0.00000000,0.00000000,0.00000000,0.01013342,0.00000000,0.00000000,0.00000000,0.00000000,0.00000000,0.00000000,0.00000000,0.00000000,0.00000000,0.00000000,0.00000000,0.00000000,0.00000000,0.00000000,0.00000000,0.00000000,0.00000000,0.00000000,0.00000000,0.00000000,0.00000000,0.00000000,0.00000000,0.00000000,0.22947621,0.00747785,0.00000000,0.00000000,0.00000000,0.00000000,0.00000000,0.00000000,0.00000000,0.00000000,0.00449269,0.00000000,0.00000000,0.00000000,0.00000000,0.00447960,0.00000000,0.00000000,0.00000000,0.00529768,0.00000000,0.00000000,0.00000000,0.00000000,0.00000000,0.00000000,0.00000000,0.02134534,0.00000000,0.00000000,0.00327603,0.00000000,0.00000000,0.00000000,0.00000000,0.00000000,0.00000000,0.00000000,0.00000000,0.00000000,0.00000000,0.00000000,0.00000000,0.00000000,0.00000000,0.00000000,0.00000000,0.00000000,0.00000000,0.00000000,0.00000000,0.00000000,0.00000000,0.00000000,0.00879105,0.00000000,0.00000000,0.00262056,0.00332461,0.00000000,0.00000000,0.00000000,0.00000000,0.00000000,0.00000000,0.00000000,0.00000000,0.00365049,0.00000000,0.00721568,0.00000000,0.00000000,0.00000000,0.16983104,0.00000000,0.00000000,0.00000000,0.00000000,0.01438052,0.00000000,0.00000000,0.00000000,0.01733440,0.00000000,0.00000000,0.00000000,0.00000000,0.00000000,0.01688337,0.00000000,0.00000000,0.02047567,0.00000000,0.00302592,0.00410304,0.00000000,0.01444220,0.00000000,0.00000000,0.00000000,0.00000000,0.00000000,0.00000000,0.00000000,0.00000000,0.00000000,0.00000000,0.00000000,0.00000000,0.00000000,0.00000000,0.00000000,0.00000000,0.00000000,0.00000000,0.03547664,0.00000000,0.00000000,0.00376108,0.00000000,0.00000000,0.00000000,0.00000000,0.00000000,0.00000000,0.00000000,0.02633693,0.00000000,0.00000000,0.00000000,0.00000000,0.00000000,0.00000000,0.00000000,0.00500109,0.00000000,0.00000000,0.00000000,0.00000000,0.00000000,0.00000000,0.00000000,0.00000000,0.00000000,0.00000000,0.00000000,0.00000000,0.00000000,0.00000000,0.00000000,0.00068884,0.00000000,0.00000000,0.00000000,0.00000000,0.00000000,0.00000000,0.00000000,0.00242087,0.00000000,0.00000000,0.00052579,0.00000000,0.00000000,0.00000000,0.00000000,0.01778900,0.00000000,0.00000000,0.00000000,0.00000000,0.00378725,0.00000000,0.00000000,0.00000000,0.00000000,0.00000000,0.00000000,0.00000000,0.00079135,0.00000000,0.00000000,0.00000000,0.00000000,0.00000000,0.00000000,0.00000000,0.00000000,0.00000000,0.00000000,0.00000000,0.00000000,0.00000000,0.00000000,0.00167302,0.00000000,0.00000000,0.00000000,0.00000000,0.00000000,0.00000000,0.00000000,0.00487811,0.00000000,0.00000000,0.00000000,0.00000000,0.00000000,0.05733471,0.00000000,0.00000000,0.00000000,0.00000000,0.00000000,0.00627912,0.00000000,0.00000000,0.00000000,0.00000000,0.00000000,0.00000000,0.00000000,0.00000000,0.00000000,0.00000000,0.00000000,0.00360960,0.00000000,0.00000000,0.00000000,0.00000000,0.00000000,0.00000000,0.00000000,0.00000000,0.00000000,0.00000000,0.07887116,0.00000000,0.00000000,0.00000000,0.00000000,0.00000000,0.00000000,0.05745765
0.00000000,0.00000000,0.00000000,0.00000000,0.00420631,0.00000000,0.00000000,0.00000000,0.00000000,0.00000000,0.00000000,0.00000000,0.00000000,0.00000000,0.00000000,0.00000000,0.00000000,0.00000000,0.00000000,0.00000000,0.02050904,0.00000000,0.03089944,0.00000000,0.00000000,0.00000000,0.00000000,0.00000000,0.00280162,0.00000000,0.03120384,0.00000000,0.00000000,0.00000000,0.00000000,0.04421007,0.00000000,0.00000000,0.00000000,0.00000000,0.00000000,0.00000000,0.00000000,0.00000000,0.00000000,0.00000000,0.01923029,0.00000000,0.00000000,0.00000000,0.00000000,0.00000000,0.00531294,2.67966453,0.00000000,0.00904288,0.00128502,0.00000000,0.00000000,0.00000000,0.48339101,0.00000000,0.00000000,0.00000000,0.00000000,0.00000000,0.00000000,0.00000000,0.00000000,0.00000000,0.00000000,0.00450222,0.00000000,0.00000000,0.00000000,0.00000000,0.00000000,0.02716534,0.00000000,0.00000000,0.01074724,0.01273177,0.00000000,0.00000000,0.00000000,0.00000000,0.03461648,0.00000000,0.42433995,0.00000000,0.00000000,0.05179434,0.06470792,0.00000000,0.00000000,0.00000000,0.00393949,0.00000000,0.00000000,0.00000000,0.00000000,0.00000000,0.00000000,0.00000000,0.00384810,0.00000000,0.00000000,0.00000000,0.00000000,0.00000000,0.00000000,0.00000000,0.00000000,0.00000000,0.01416694,0.00000000,0.00000000,0.00000000,0.00000000,0.00000000,0.00000000,0.00000000,0.00000000,0.00000000,0.00000000,0.00140223,0.00000000,0.00000000,0.00000000,0.00000000,0.00000000,0.00000000,0.00000000,0.00000000,0.00000000,0.00000000,0.00000000,0.00000000,0.00000000,0.00000000,0.00000000,0.00000000,0.00000000,0.00000000,0.00000000,0.00000000,0.00148790,0.00000000,0.00000000,0.00000000,0.00831956,0.00000000,0.00000000,0.00000000,0.00000000,0.00000000,0.00000000,0.00000000,0.00000000,0.00412776,0.00000000,0.00000000,0.00000000,0.00000000,0.00000000,0.01127660,0.00000000,0.00000000,0.00000000,0.00000000,0.00000000,0.00220172,0.00000000,0.00175083,0.00000000,0.00000000,0.19406332,0.00000000,0.00000000,0.00000000,0.00000000,0.00000000,0.00000000,0.00000000,0.00000000,0.00000000,0.00000000,0.01298523,0.00000000,0.00000000,0.00000000,0.00000000,0.00000000,0.00000000,0.00238773,0.00000000,0.00000000,0.02173346,0.00000000,0.00000000,0.00000000,0.15590650,0.00000000,0.00000000,0.00000000,0.00000000,0.00000000,0.00000000,0.00000000,0.00000000,0.00000000,3.73507355,0.00000000,0.00000000,0.00000000,0.00000000,0.00000000,0.00000000,0.00875500,0.00000000,0.00193821,0.00000000,0.00000000,0.00000000,0.00000000,0.03429591,0.00000000,0.00000000,0.00000000,0.00000000,0.00621476,0.00000000,0.00173472,0.00000000,0.00000000,0.00000000,0.00000000,0.00000000,0.00000000,0.00000000,0.00000000,0.00000000,0.00000000,0.00000000,0.00000000,0.00000000,0.00000000,0.00000000,0.00000000,0.00000000,0.00000000,0.00000000,0.00320151,0.00000000,0.00844228,0.00000000,0.00000000,0.01593880,0.00000000,0.00000000,0.00000000,0.00000000,0.00000000,0.00000000,0.00000000,0.01093207,0.00000000,0.00000000,0.00000000,0.00000000,0.00000000,0.00000000,0.00000000,0.00000000,0.00000000,0.00000000,0.00000000,0.52799462,0.00000000,0.00000000,0.00000000,0.00000000,0.00000000,0.00000000,0.00819888,0.00000000,0.31080022,0.00000000,0.00000000,0.00000000,0.00000000,0.00000000,0.00000000,0.00000000,0.00000000,0.00554482,0.00000000,0.00000000,0.00000000,0.00000000,0.00000000,0.00000000,0.00000000,0.00000000,0.00000000,0.00000000,0.00000000,0.02654233,0.00000000,0.00000000,0.00000000,0.00000000,0.00000000,0.00625110,0.00000000,0.00000000,0.00000000,0.00000000,0.00000000,0.00000000,0.00000000,0.02121610,0.00000000,0.00000000,0.00000000,0.00000000,0.00000000,0.00000000,0.00000000,0.00000000,0.00000000,0.00000000,0.00157076,0.00000000,0.00000000,0.00000000,0.00000000,0.00000000,0.00102075,0.00000000,0.00000000,0.00000000,0.00000000,0.00000000,0.00000000,0.01303761,0.00000000,0.00000000,0.00000000,0.00000000,0.07876052,0.17246166,0.00000000,0.00000000,0.00000000,0.00000000,0.00000000,0.00000000,0.00000000,0.00000000,0.00275074,0.00000000,0.00000000,0.00000000,0.00000000,0.00000000,0.01083083,0.00000000,0.00000000,0.00000000,0.00000000,0.00000000,0.00000000,0.00000000,0.00000000,0.00000000,0.00000000,0.00000000,0.00000000,0.00000000,0.00000000,0.00000000,0.00000000,0.00000000,0.00765269,0.00000000,0.00000000,0.00000000,0.00000000,0.00096518,0.00000000,0.00000000,0.00000000,0.00000000,0.00000000,0.00000000,0.00000000,0.00000000,0.00000000,0.00000000,0.00000000,0.00000000,0.00000000,0.00000000,0.00000000,0.00000000,0.00000000,0.00000000,0.00000000,0.00000000,0.00000000,0.00187719,0.00000000,0.00000000,0.00000000,0.00000000,0.00000000,0.00000000,0.00000000,0.00401576,0.00000000,0.00000000,0.00000000,0.04075078,0.00000000,0.00000000,0.00000000,0.00000000,0.00000000,0.00000000,0.00000000,0.00000000,0.01550365,0.00000000,0.00078054,0.00000000,0.00000000,0.00129974,0.00000000,0.00000000,0.00000000,0.03045533,0.00385738,0.00000000,0.00000000,0.00000000,0.00000000,0.00000000,0.00000000,0.00000000,0.00000000,0.00000000,0.00000000,0.00000000,0.00000000,0.00000000,0.00000000,0.00000000,0.00000000,0.00000000,0.00000000,0.00000000,0.00000000,0.00000000,0.00434691,0.00000000,0.00000000,0.00000000,0.00000000,0.00000000,0.01725430,0.00000000,0.00000000,0.00000000,0.00000000,0.00000000,0.00000000,0.00000000,0.00000000,0.00000000,0.00000000,0.00000000,0.00000000,0.00000000,0.05356831,0.00000000,0.00641960,0.00000000,0.00000000,0.00000000,0.00000000,0.00000000,0.00000000,0.00000000,0.00000000,0.00000000,0.00973815,0.00000000,0.00000000,0.00000000,0.00000000,0.00000000,0.00000000,0.00000000,0.00000000,0.00000000,0.00000000,0.00000000,0.00000000,0.01269261,0.00000000,0.00000000,0.01439894,0.00000000,0.00000000,0.02336748,0.00000000,0.00297996,0.00000000,0.00000000,0.00000000,0.00000000,0.00000000,0.00000000,0.00000000,0.00000000,0.00000000,0.00000000,0.00000000,0.00143025,0.00000000,0.00000000,0.00000000,0.00000000,0.00000000,0.00000000,0.00000000,0.00000000,0.00000000,0.00000000,0.00000000,0.00000000,0.00000000,0.00000000,0.00000000,0.00000000,0.00000000,0.00000000,0.00000000,0.00068385,0.00000000,0.00000000,0.00000000,0.05576406,0.00000000,0.00000000,0.00000000,0.00000000,0.00000000,0.00000000,0.00000000,0.00000000,0.00000000,0.00000000,0.00000000,0.00000000,0.00000000,0.00000000,0.00000000,0.00000000,0.00000000,0.00000000,0.00000000,0.00000000,0.00000000,0.00000000,0.00000000,0.00000000,0.00000000,0.00000000,0.00000000,0.00000000,0.00000000,0.00000000,0.00000000,0.00000000,0.00000000,0.00000000,0.00000000,0.00000000,0.00000000,0.00315593,0.00000000,0.01104324,0.00000000,0.00000000,0.00667735,0.00000000,0.00000000,0.00000000,0.00313981,0.00000000,0.00000000,0.00000000,0.00162883,0.00000000,0.00000000,0.00000000,0.00000000,0.01948079,0.00000000,0.00000000,0.00275267,0.00898487,0.00000000,0.00000000,0.00000000,0.00000000,0.00329660,0.00000000,0.00000000,0.00000000,0.00000000,0.00637768,0.00274957,0.00000000,0.00000000,0.00000000,0.00000000,0.00000000,0.12793605,0.00000000,0.00000000,0.00000000,0.60076380,0.00000000,0.00000000,0.00000000,0.00000000,0.00000000,0.00000000,0.00143407,0.00000000,0.00000000,0.00000000,0.00000000,0.00000000,0.00000000,0.00000000,0.00000000,0.00000000,0.00000000,0.00000000,0.00000000,0.00087329,0.00000000,0.00000000,0.00000000,0.00000000,0.00000000,0.00000000,0.00000000,0.00000000,0.00000000,0.00000000,0.00000000,0.00000000,0.00000000,0.00000000,0.00000000,0.00000000,0.00000000,0.00000000,0.00000000,0.00000000,0.00000000,0.00190028,0.00530229,0.00000000,0.00000000,0.00000000,0.00000000,0.00000000,0.00000000,0.00000000,0.00000000,0.00000000,0.00000000,0.00000000,0.00000000,0.00000000,0.00000000,0.00000000,0.00000000,0.00000000,0.00000000,0.00000000,0.00000000,0.03619043,0.00000000,0.00000000,0.00000000,0.00000000,0.00000000,0.00000000,0.00260114,0.02915410,0.00000000,0.00000000,0.00000000,0.00000000,0.00000000,0.00000000,0.00000000,0.00000000,0.00000000,0.00000000,0.00000000,0.00000000,0.00000000,0.00000000,0.00000000,0.00000000,0.00000000,0.00000000,0.00000000,0.00000000,0.00000000,0.00000000,0.00000000,0.00000000,0.00000000,0.00286318,0.00000000,0.00000000,0.00000000,0.00000000,0.00000000,0.00000000,0.00000000,0.00000000,0.00091393,0.00000000,0.00000000,0.00000000,0.00000000,0.00000000,0.00000000,0.00000000,0.00000000,0.00000000,0.00000000,0.00000000,0.00000000,0.00000000,0.02715198,0.00000000,0.01454064,0.00805219,0.00000000,0.00715450,0.00000000,0.00000000,0.00000000,0.00000000,0.00000000,0.00000000,0.00000000,0.00000000,0.00000000,0.00000000,0.00000000,0.00000000,0.00078142,0.00000000,0.00000000,0.00305232,0.00000000,0.02965915,0.00000000,0.00000000,0.00418939,0.00000000,0.00000000,0.00000000,0.00000000,0.00000000,0.00000000,0.00000000,0.00080666,0.00000000,1.64555883,0.00000000,0.00000000,0.00361735,0.00000000,0.00000000,0.00000000,0.00000000,0.00000000
0.00000000,0.00666372,0.00000000,0.00000000,0.00000000,0.00000000,0.00000000,0.00000000,0.00000000,0.00000000,0.00000000,0.00000000,0.00000000,0.00000000,0.00000000,0.00000000,0.00000000,0.00000000,0.33991952,0.00000000,0.00000000,0.00000000,0.00000000,0.00160356,0.00000000,0.00000000,0.00000000,0.00000000,0.00000000,0.00000000,0.00000000,0.00000000,0.00151925,0.00000000,0.09546687,0.00000000,0.00000000,0.00000000,0.00000000,0.00000000,0.00000000,0.00000000,0.00000000,0.00000000,0.00000000,0.00000000,0.00108945,0.00000000,0.00000000,0.00357392,0.00000000,0.00000000,0.00000000,0.00000000,0.00000000,0.00000000,0.00543967,0.00000000,0.00000000,0.00000000,0.00000000,0.00000000,0.00000000,0.00000000,0.00000000,0.00000000,0.00000000,0.00000000,0.78512984,0.00000000,0.00000000,0.00000000,0.00000000,0.00000000,0.00000000,0.01173661,0.00000000,0.00000000,0.00000000,0.00000000,0.00147761,0.00611090,0.00000000,0.00000000,0.00000000,0.00000000,0.00000000,0.00000000,0.00000000,0.00395106,0.00000000,0.08126335,0.00000000,0.00000000,0.00000000,0.00970103,0.00000000,0.02593058,0.00000000,0.00000000,0.00000000,0.00000000,0.00000000,0.00000000,0.00595472,0.00000000,0.00000000,0.00000000,0.00000000,0.00000000,0.00000000,0.00000000,0.00000000,0.00000000,0.00000000,0.00000000,0.00000000,0.00000000,0.00000000,0.00000000,0.00000000,0.00157960,0.00000000,0.00000000,0.00000000,0.00000000,0.00000000,0.00000000,0.00000000,0.00247228,0.00000000,0.00195395,0.00677804,0.00000000,0.00142974,0.00000000,0.00000000,0.00000000,0.00000000,0.00000000,0.00000000,0.00361309,0.00000000,0.00000000,0.00000000,0.00000000,0.00000000,0.00000000,0.01228213,0.00000000,0.00000000,0.00000000,0.00000000,0.00000000,0.00000000,0.00000000,0.00000000,0.02806288,0.00000000,0.00000000,0.00000000,0.00000000,0.00000000,0.00000000,0.00000000,0.00000000,0.00000000,0.00000000,0.00000000,0.00000000,0.01131204,0.00000000,0.02622534,0.00000000,0.00000000,0.00000000,0.00000000,0.00000000,0.00000000,0.00000000,0.00000000,0.16448511,0.00000000,0.00000000,0.00000000,0.00000000,0.00000000,0.00000000,0.00000000,0.00000000,0.00000000,0.00000000,0.00000000,0.00000000,0.05251918,0.00000000,0.00000000,0.02004325,0.00644617,0.00000000,0.00000000,0.00000000,0.00000000,0.01226593,0.00000000,0.00065912,0.00000000,0.00000000,0.00000000,0.00000000,0.04697672,0.00000000,0.00000000,0.02851430,0.01866629,0.00000000,0.00000000,0.02510475,0.04225347,0.00201355,0.00456027,0.00000000,0.00000000,0.00000000,0.00000000,0.00000000,0.00000000,0.00000000,0.00000000,0.00000000,0.01838820,0.00000000,0.00000000,0.00000000,0.00000000,0.00000000,0.00000000,0.00000000,0.00000000,0.00000000,0.00000000,0.00000000,0.00000000,0.00000000,0.00000000,0.00477300,0.00169026,0.00000000,0.00000000,0.00000000,0.00000000,0.00000000,0.00000000,0.00000000,0.00000000,0.00000000,0.17648252,0.00000000,0.00000000,0.06564907,0.00000000,0.00000000,0.00000000,0.00659942,0.00000000,0.00000000,0.00000000,0.00000000,0.00000000,0.00209237,0.00000000,0.00000000,0.00000000,0.00000000,0.00000000,0.00000000,0.00000000,0.00000000,0.00000000,0.00000000,0.00000000,0.00000000,0.00000000,0.00000000,0.00000000,0.00000000,0.00000000,0.00000000,0.00000000,0.00000000,0.00000000,0.00000000,0.00000000,0.00000000,0.00000000,0.00000000,0.00000000,0.08813355,0.00000000,0.00000000,0.00000000,0.00000000,0.00624763,0.00735521,0.00105430,0.00000000,0.00000000,0.00000000,0.00000000,0.00000000,0.10172382,0.00000000,0.00000000,0.00000000,0.00000000,0.00000000,0.00000000,0.00000000,0.00000000,0.00000000,0.00000000,0.00000000,0.00000000,0.00000000,0.00000000,0.00000000,0.00000000,0.00000000,0.00000000,0.00000000,0.00000000,0.00000000,0.00000000,0.00000000,0.00392454,0.19929022,0.00000000,0.00000000,0.00000000,0.00000000,0.00000000,0.00000000,0.00000000,0.00000000,0.00000000,0.00000000,0.00000000,0.00000000,0.00000000,0.00000000,0.00000000,0.00000000,0.00000000,0.00000000,0.00000000,0.00000000,0.00000000,0.00000000,0.00000000,0.00000000,0.00000000,0.00000000,0.00000000,0.00000000,0.00000000,0.26326191,0.00000000,0.00000000,0.00000000,0.00000000,0.00000000,0.00000000,0.00000000,0.00160374,0.00000000,2.79395045,0.00000000,0.00000000,0.00000000,0.00000000,0.00000000,0.00000000,0.00000000,0.00000000,0.00000000,0.00000000,0.00000000,0.00000000,0.00164508,0.00000000,0.00000000,0.03997660,0.00000000,0.00000000,0.00000000,0.00000000,0.00000000,0.16090256,0.00000000,0.00000000,0.00000000,0.00000000,0.00000000,0.00000000,0.00000000,0.00000000,0.02922171,0.00000000,0.12920797,0.00000000,0.00000000,0.00000000,0.00000000,0.00000000,0.00000000,0.00000000,0.00000000,0.00000000,0.00000000,0.00000000,0.00000000,0.00000000,0.00000000,0.00000000,0.00000000,0.00000000,0.00000000,0.00000000,0.00000000,0.00000000,0.00000000,0.00000000,0.00000000,0.00554268,0.00000000,0.00000000,0.00000000,0.00000000,0.00000000,0.00000000,0.00000000,0.00166349,0.01299837,0.00000000,0.00000000,0.00000000,0.00000000,0.00153962,0.00000000,0.00000000,0.00000000,0.00000000,0.00000000,0.00000000,0.00000000,0.00000000,0.00000000,0.00000000,0.00000000,0.00000000,0.00000000,0.00000000,0.01204515,0.00000000,0.00000000,0.00000000,0.00000000,0.00000000,0.00000000,0.00000000,0.00000000,0.00000000,0.00000000,0.01574759,0.00000000,0.00000000,0.00000000,0.00000000,0.00000000,0.00000000,0.00000000,0.00000000,0.09821991,0.00000000,0.00000000,0.01242267,0.00000000,0.00000000,0.00755375,0.00000000,0.00647098,0.00000000,0.00000000,0.00000000,0.00000000,0.00000000,0.00683560,0.00391292,0.00000000,0.00000000,0.00000000,0.00000000,0.00000000,0.00000000,0.00000000,0.00000000,0.00000000,0.00000000,0.00000000,0.00000000,0.00000000,0.09181180,0.00000000,0.00000000,0.00000000,0.00000000,0.00000000,0.00000000,0.00000000,0.00000000,0.00000000,0.00000000,0.00251425,0.00000000,0.05233141,0.00000000,0.00000000,0.00000000,0.00000000,0.10274628,0.00000000,0.00000000,0.00000000,0.00000000,0.00000000,0.00000000,0.05641487,0.00000000,0.00000000,0.00000000,0.00000000,0.00000000,0.00000000,0.00000000,0.00000000,0.00000000,0.00000000,0.00000000,0.00000000,0.00000000,0.00000000,0.00000000,0.00000000,0.00000000,0.01771420,0.00000000,0.00238523,0.00000000,0.00000000,0.00000000,0.00000000,0.00000000,0.00000000,0.00000000,0.00000000,0.00618890,0.00000000,0.00213201,0.00000000,0.00000000,0.00000000,0.00000000,0.00000000,0.00000000,0.00000000,0.00000000,0.00000000,0.00000000,0.00000000,0.00000000,0.00000000,0.00000000,0.00000000,0.00000000,0.00000000,0.00391335,0.00000000,0.00000000,0.00000000,0.00000000,0.00000000,0.00000000,0.00000000,0.00000000,0.00000000,0.00000000,0.00000000,0.00000000,0.00000000,0.00000000,0.00000000,0.00178998,0.00323480,0.00000000,0.00000000,0.00000000,0.00000000,0.00000000,0.00000000,0.00000000,0.01102901,0.00000000,0.00000000,0.00000000,0.00000000,0.00000000,0.00000000,0.00000000,0.00000000,0.00000000,0.00000000,0.00000000,0.00000000,0.00000000,0.00000000,0.00397065,0.00000000,0.00000000,0.00000000,0.00000000,0.00546541,0.00000000,0.00000000,0.00000000,0.00000000,0.00000000,0.00000000,0.00000000,0.00000000,0.00000000,0.04471188,0.00000000,0.01925900,0.00000000,0.00000000,0.00000000,0.00000000,0.00000000,0.00000000,0.00000000,0.00409900,0.00000000,0.00000000,0.00000000,0.00000000,0.00000000,0.00000000,0.00000000,0.01007411,0.00000000,0.00000000,0.00000000,0.00000000,0.00000000,0.00000000,0.00000000,0.00000000,0.00000000,0.00000000,0.00000000,0.00076870,0.00000000,0.00000000,0.00000000,0.00000000,0.00000000,0.01643486,0.00000000,0.00000000,0.00000000,0.00000000,0.00000000,0.00000000,0.00545881,0.00000000,0.00000000,0.00000000,0.00000000,0.00000000,0.00000000,0.00000000,0.00000000,0.00000000,0.00000000,0.01057392,0.00000000,0.00000000,0.00000000,0.00000000,0.00537127,0.00000000,0.00000000,0.00000000,0.00000000,0.00000000,0.00000000,0.01733829,0.00000000,0.12484635,0.00000000,0.00000000,0.00309851,0.00000000,0.00000000,0.00000000,0.00000000,0.00000000,0.00000000,0.05854189,0.00000000,0.00000000,0.00000000,0.00000000,0.00000000,0.00000000,0.00000000,0.00000000,0.00000000,0.01109625,0.00000000,0.00000000,0.06412236,0.00000000,0.13536152,0.00000000,0.00000000,0.00000000,0.00352356,0.00000000,0.00000000,0.00000000,0.00000000,0.00000000,0.00000000,0.01702110,0.01111578,0.04299396,0.00000000,0.00000000,0.00000000,0.00000000,0.00000000,0.00000000,0.00000000,0.00000000,0.00000000,0.00000000,0.00000000,0.00000000,0.00000000,0.00000000,0.00000000,0.00000000,0.00000000,0.00000000,0.00000000,0.00138473,0.00000000,0.00000000,0.00000000,0.00000000,0.00000000,0.00413291,0.00000000,0.00000000,0.09667347,0.00000000,0.00000000,0.00000000,0.00000000,0.00000000,0.00000000,1.34662290,0.00000000,0.00000000,0.00000000,0.00000000,0.00000000,0.00000000,0.00000000,0.00000000,0.00000000,0.00000000,0.00000000,0.00000000,0.00000000,0.00000000,0.00000000,0.25399359,0.00000000
0.00000000,0.00000000,0.00000000,0.00813284,0.00000000,0.00000000,0.00000000,0.00000000,0.00000000,0.00000000,0.00000000,0.00000000,0.00000000,0.00000000,0.00000000,0.00000000,0.00000000,0.00000000,0.00000000,0.00000000,0.00000000,0.00532118,0.00000000,0.01826327,0.00000000,0.00000000,0.00000000,0.01556929,0.00000000,0.00000000,0.00000000,0.00000000,0.00000000,0.00000000,0.00000000,0.00000000,0.00000000,0.00746832,0.00000000,0.00000000,0.00000000,0.00000000,0.00000000,0.00000000,0.00000000,0.00850517,0.00196143,0.00000000,0.00000000,0.00000000,0.00000000,0.01120090,0.00000000,0.00000000,0.00000000,0.00210991,0.00000000,0.00000000,0.00076936,0.07979834,0.00000000,0.00000000,0.00000000,0.00000000,0.00106646,0.02795557,0.00000000,0.00000000,0.00000000,0.00000000,0.00000000,0.00000000,0.00000000,0.00000000,0.00000000,0.00000000,0.00000000,0.00000000,0.00000000,0.00000000,0.00000000,0.00000000,0.01355625,0.00000000,0.03669612,0.00000000,0.00000000,0.00000000,0.00000000,0.00450268,0.00000000,0.00000000,0.00000000,0.00000000,0.00000000,0.00000000,0.00000000,0.00113072,0.00000000,0.00000000,0.00506994,0.00000000,0.00356105,0.00000000,0.00000000,0.00000000,0.00000000,0.00000000,0.00000000,0.00000000,0.00000000,0.00000000,0.00000000,0.00690031,0.00000000,0.00000000,0.00000000,0.00000000,0.00000000,0.00000000,0.00000000,0.00000000,0.00000000,0.00000000,0.00199383,0.00000000,0.00000000,0.00000000,0.00000000,0.00000000,0.00000000,0.00000000,0.00000000,0.00000000,0.00000000,0.00000000,0.00000000,0.00000000,0.00000000,0.00000000,0.00000000,0.00000000,0.00000000,0.08132447,0.00000000,0.00000000,0.00000000,0.07165177,0.00000000,0.00000000,0.00000000,0.00000000,0.00000000,0.00000000,0.00000000,0.00000000,0.00000000,0.00000000,0.00000000,0.00398594,0.00000000,0.00000000,0.00000000,0.00000000,0.00000000,0.00000000,0.23919510,0.00000000,0.00000000,0.00000000,0.00000000,0.00000000,0.00000000,0.00000000,0.00510251,0.00000000,0.00000000,0.00000000,0.00000000,0.00000000,0.00000000,0.00000000,0.00324071,0.00000000,0.00000000,0.00000000,0.00000000,0.00000000,0.00000000,0.00000000,0.00000000,0.00000000,0.00000000,0.00000000,0.00000000,0.00000000,0.00000000,0.00000000,0.00000000,0.00000000,0.00589422,0.00000000,0.00000000,0.00000000,0.00000000,0.00000000,0.00000000,0.00000000,0.00000000,0.00000000,0.19152704,0.00000000,0.00000000,0.00000000,0.01983764,0.00000000,0.00000000,0.00000000,0.00000000,0.00000000,0.03910091,0.00000000,0.00000000,0.00000000,0.00101078,0.00824398,0.04671544,0.00000000,0.02928779,0.00000000,0.00000000,0.00000000,0.00000000,0.00000000,0.00000000,0.00000000,0.00000000,0.00000000,0.00633764,0.01056836,0.00000000,0.00000000,0.00000000,0.00196496,0.00000000,0.00000000,0.08637401,0.00000000,0.00000000,0.00000000,0.00000000,0.00303359,0.00000000,0.00318830,0.00000000,0.08769528,0.00000000,0.00000000,0.00000000,0.00000000,0.00000000,0.00000000,0.00000000,0.90522584,0.00000000,0.00235711,0.00000000,0.00000000,0.00000000,0.00000000,0.00000000,0.00000000,0.00000000,0.00000000,0.00000000,0.00000000,0.00000000,0.00000000,0.00000000,0.00000000,0.00000000,0.00000000,0.00000000,0.00000000,0.00000000,0.01214890,0.00000000,0.00300595,0.00000000,0.00000000,0.00000000,0.00000000,0.00000000,0.00000000,0.00000000,0.00000000,0.00000000,0.00000000,0.00000000,0.00000000,0.00000000,0.06746867,0.00000000,0.00000000,0.00000000,0.02596873,0.00000000,0.00000000,0.00404993,0.00000000,0.00000000,0.00000000,0.00000000,0.00000000,0.00000000,0.00000000,0.00223878,0.00000000,0.00000000,0.00000000,0.00000000,0.00000000,0.01681588,0.00711509,0.00000000,0.00000000,0.01852843,0.00000000,0.00000000,0.00000000,0.00000000,0.00000000,0.00000000,0.00000000,0.00000000,0.00000000,0.00000000,0.00000000,0.00000000,0.00000000,0.00000000,0.00000000,0.00174661,0.00000000,0.16969931,0.00000000,0.00000000,0.00000000,0.00000000,0.00000000,0.00000000,0.00000000,0.00000000,0.00000000,0.00000000,0.00000000,0.00000000,0.00000000,0.00000000,0.00000000,0.00000000,0.00000000,0.00000000,0.00000000,0.00000000,0.00000000,0.00000000,0.00000000,0.00000000,0.00000000,0.00000000,0.00000000,0.00000000,0.00000000,0.00000000,0.00000000,0.00000000,0.00000000,0.00000000,0.00000000,0.00000000,0.00000000,0.00000000,0.00000000,0.00000000,0.00000000,0.00000000,0.00000000,0.00000000,0.00000000,0.00000000,0.00000000,0.00000000,0.00000000,0.00000000,0.00000000,0.00000000,0.00000000,0.00000000,0.00104444,2.70068940,0.00000000,0.00000000,0.00916722,0.00000000,0.00000000,0.00000000,0.00000000,0.00000000,0.00382194,0.00000000,0.00000000,0.00000000,0.00000000,0.00000000,1.28641656,0.00000000,0.00000000,0.00000000,0.00000000,0.00000000,0.00000000,0.00000000,0.00000000,0.00000000,0.00000000,0.00000000,0.00000000,0.00000000,0.00000000,0.01981830,0.00000000,0.00000000,0.00000000,0.00000000,0.00000000,0.00000000,0.00000000,0.00000000,0.00000000,0.00000000,0.00000000,0.00000000,0.00000000,0.00502205,0.00321404,0.00321950,0.00000000,0.00000000,0.00000000,0.00000000,0.00000000,0.00000000,0.00087092,0.00000000,0.00000000,0.00000000,0.00000000,0.00000000,0.00000000,0.00000000,0.00000000,0.00000000,0.00000000,0.00000000,0.00000000,0.00000000,0.00000000,0.00000000,0.00750295,0.00000000,0.00000000,0.00000000,0.00000000,0.00000000,0.00000000,0.00000000,0.00000000,0.00254035,0.00497562,0.00000000,0.00000000,0.10043845,0.00000000,0.00000000,0.00000000,0.00000000,0.00144350,0.00000000,0.00000000,0.00000000,0.00000000,0.00000000,0.00000000,0.11888323,0.00000000,0.00000000,0.00000000,0.00000000,0.00000000,0.00373392,0.00000000,0.00000000,0.00000000,0.00863841,0.00000000,0.00000000,0.00000000,0.00000000,0.00000000,0.00000000,0.00000000,0.00000000,0.02018764,0.00000000,0.00000000,0.01071794,0.00000000,0.00000000,0.03702986,0.00000000,0.00000000,0.00000000,0.00000000,0.00000000,0.00000000,0.00000000,0.00312697,0.00000000,0.00000000,0.00000000,0.00000000,0.00000000,0.00000000,0.00000000,0.00000000,0.00000000,0.00000000,0.00000000,0.00000000,0.07721633,0.00000000,0.00000000,0.00000000,0.00000000,0.00000000,0.03633521,0.75538611,0.00000000,0.00000000,0.00000000,0.00000000,0.00000000,0.02026130,0.00000000,0.00000000,0.00000000,0.00000000,0.00000000,0.00000000,0.00000000,0.00000000,0.03900651,0.00000000,0.00000000,0.00000000,0.00000000,0.00000000,0.00000000,0.00000000,0.00000000,0.00580239,0.03111306,0.00182014,0.00000000,0.00305447,0.00000000,0.00000000,0.00000000,0.00000000,0.00000000,0.00000000,0.03437631,0.00000000,0.00000000,0.00000000,0.00000000,0.00000000,0.00000000,0.00000000,0.00000000,0.00000000,0.00000000,0.00000000,0.00000000,0.00000000,0.00000000,0.00000000,0.03828922,0.00000000,0.00000000,0.00000000,0.00000000,0.00000000,0.00844955,0.00000000,0.00000000,0.00000000,0.01221431,0.03099378,0.00000000,0.00000000,0.00000000,0.00000000,0.00000000,0.00000000,0.00000000,0.00000000,0.00000000,0.02809882,0.00000000,0.00000000,0.00000000,0.00000000,0.00000000,0.00000000,0.00000000,0.00000000,0.00000000,0.00000000,0.00000000,0.01642784,0.00000000,0.00000000,0.00000000,0.00000000,0.00000000,0.10496590,0.00000000,0.00000000,0.00000000,0.00000000,0.00000000,0.00000000,0.00000000,0.04790241,0.00537003,0.00000000,0.00000000,0.00000000,0.00395739,0.00000000,0.00000000,0.00000000,0.00000000,0.00000000,0.00000000,0.00000000,0.00000000,0.00000000,0.00000000,0.00000000,0.00000000,0.00000000,0.00000000,0.00000000,0.00105408,0.00000000,0.00999370,0.00000000,0.06026566,0.00000000,0.00000000,0.00000000,0.00000000,0.00000000,0.00000000,0.00000000,0.00000000,0.00000000,0.00000000,0.00000000,0.00000000,0.00000000,0.00000000,0.00000000,0.37941186,0.00000000,0.00000000,0.00000000,0.00422278,0.00000000,0.00000000,0.00000000,0.00000000,0.00000000,0.00000000,0.00000000,0.00000000,0.00000000,0.00000000,0.00000000,0.00000000,0.00000000,0.00000000,0.00000000,0.00000000,0.00000000,0.00000000,0.00000000,0.00000000,0.00000000,0.00000000,0.00000000,0.00000000,0.00000000,0.00000000,0.00000000,0.00000000,0.00000000,0.00656023,0.00000000,0.00000000,0.00687353,0.00000000,0.00000000,0.00000000,0.00000000,0.00000000,0.00000000,0.00000000,0.00000000,0.00000000,0.00000000,0.00462767,0.00000000,0.00000000,0.00000000,0.00000000,0.00000000,0.00000000,0.00000000,0.00000000,0.00000000,0.00000000,0.02821252,0.00000000,0.00000000,0.00000000,0.00000000,0.00000000,3.08835407,0.00000000,0.00000000,0.00000000,0.00000000,0.00000000,0.00641918,0.00000000,0.00000000,0.00000000,0.00000000,0.00000000,0.00000000,0.00000000,0.01415334,0.00000000,0.01779593,0.00000000,0.00000000,0.00000000,0.01507373,0.00000000,0.00000000,0.00000000,0.00000000,0.00000000,0.00000000,0.00000000,0.00000000,0.01634820,0.00000000,0.00000000,0.00000000,0.00940762,0.00000000,0.00000000,0.00000000,0.00000000,0.00000000,0.00000000,0.00000000,0.79018862,0.00000000,0.00000000,0.00000000,0.00000000,0.00000000,0.00000000,0.00000000
0.00000000,0.00000000,0.00000000,0.00000000,0.00000000,0.00000000,0.00712956,0.00000000,0.00575668,0.00593241,0.00000000,0.00590511,0.00000000,0.00195733,0.00000000,0.00000000,0.00000000,0.00000000,0.00000000,0.00000000,0.00000000,0.00000000,0.00000000,0.00000000,0.00000000,0.00000000,0.00000000,0.00000000,0.00000000,0.00000000,0.00000000,0.00000000,0.00000000,0.00000000,0.00000000,0.00000000,0.00000000,0.00000000,0.00000000,0.00000000,0.00000000,0.00000000,0.00000000,0.00000000,0.00000000,0.00000000,0.00000000,0.00000000,0.00000000,0.00000000,0.00000000,0.00000000,0.02810510,0.00000000,0.00000000,0.00000000,0.00000000,0.00000000,0.00000000,0.00514252,0.00455049,0.00000000,0.04118024,0.00000000,0.00000000,0.00000000,0.00254792,0.00000000,0.00000000,0.00000000,0.00000000,0.00000000,0.00000000,0.00000000,0.00000000,0.00000000,0.00000000,0.00000000,0.00000000,0.00000000,0.00000000,0.00000000,0.00000000,0.00000000,0.00000000,0.00000000,0.00000000,0.00000000,0.00000000,0.00000000,0.01666577,0.00000000,0.00000000,0.00000000,0.00000000,0.00000000,0.00000000,0.00000000,0.00000000,0.00000000,0.00000000,0.00000000,0.00383242,0.00000000,0.00194086,0.00000000,0.00000000,0.00000000,0.00000000,0.00000000,0.00000000,0.00000000,0.00000000,0.00000000,0.00000000,0.00000000,0.00000000,0.00000000,0.00000000,0.00000000,0.00134301,0.00000000,0.00000000,0.00000000,0.00000000,0.00000000,0.00000000,0.00000000,0.00000000,0.00217196,0.00503518,0.00000000,0.00000000,0.00000000,0.00358504,0.00297580,0.00000000,0.00000000,0.00000000,0.00000000,0.00000000,0.00000000,0.00000000,0.00000000,0.00143682,0.00000000,0.00000000,0.00316450,0.01124767,0.00000000,0.00000000,0.00000000,0.00471569,0.00000000,0.00000000,0.00201960,0.00000000,0.00180185,0.00000000,0.00000000,0.00000000,0.03397162,0.00000000,0.00000000,0.00000000,0.00000000,0.05124408,0.00000000,0.02975765,0.00000000,0.01784740,0.00000000,0.00000000,0.00000000,0.00000000,0.00000000,0.00000000,0.00000000,0.00000000,0.00000000,0.00000000,0.00000000,0.00000000,0.00000000,0.00000000,0.00000000,0.00000000,0.00000000,0.00000000,0.00000000,0.00000000,0.00000000,0.00000000,0.00000000,0.00000000,0.00436065,0.00000000,0.00000000,0.00000000,0.00000000,0.00000000,0.00000000,0.00374228,0.00000000,0.00302987,0.00000000,0.07957420,0.01470876,0.00000000,0.00000000,0.02316773,0.00000000,0.00000000,0.00000000,0.00000000,0.00000000,0.00000000,0.00000000,0.00000000,0.00000000,0.00000000,0.00000000,0.00000000,0.00000000,0.00000000,0.00000000,0.00000000,0.00000000,0.00000000,0.00000000,0.00000000,0.00000000,0.00000000,0.00000000,0.00000000,0.01633149,2.29155942,0.00000000,0.00000000,0.00000000,0.00000000,0.00000000,0.00000000,0.00000000,0.00000000,0.00000000,0.00000000,0.00000000,0.00000000,0.00000000,0.00000000,0.00000000,0.00000000,0.00147611,0.00000000,0.00000000,0.01143040,0.01703299,0.03239962,0.00000000,0.00000000,0.00000000,0.00081856,0.00000000,0.00000000,0.00000000,0.07104514,0.00000000,0.00162454,0.00000000,0.00000000,0.00000000,0.00000000,0.00157762,0.00000000,0.00000000,0.00000000,0.00000000,0.00000000,0.00000000,0.00098889,0.00059515,0.00062807,0.00000000,0.00000000,0.00000000,0.00000000,0.00000000,0.00000000,0.00000000,0.00000000,0.00545149,0.00000000,0.00000000,0.00000000,0.00000000,0.00000000,0.00000000,0.08407638,0.00000000,0.00000000,0.00000000,0.00000000,0.00000000,0.00000000,0.00000000,0.00000000,0.00000000,0.00000000,0.00000000,0.00000000,0.00000000,0.00000000,0.00000000,0.00000000,0.00000000,0.01091414,0.00000000,0.02121610,0.00000000,0.00000000,0.00000000,0.00000000,0.00000000,0.00187267,0.00000000,0.00000000,0.00000000,0.00000000,0.00000000,0.00000000,0.00000000,0.00000000,0.00000000,0.00547872,0.00552140,0.00000000,0.00000000,0.00000000,0.00000000,0.16998837,0.00000000,0.00000000,0.00000000,0.00000000,0.00000000,0.00000000,0.00000000,0.00000000,0.00099674,0.03533699,0.00000000,0.00000000,0.00000000,0.00000000,0.00000000,0.00000000,0.00000000,0.00000000,0.00000000,0.00000000,0.00000000,0.00000000,0.00000000,0.00000000,0.00000000,0.00000000,0.00000000,0.00000000,0.00000000,0.00000000,0.01107834,0.00000000,0.00000000,0.00000000,0.00000000,0.00000000,0.00000000,0.00000000,0.00000000,0.00927051,0.01010870,0.00000000,0.00000000,0.00000000,0.00000000,0.00000000,0.00000000,0.00000000,0.00000000,0.00000000,0.00000000,0.00000000,0.00000000,0.00000000,0.00000000,0.00000000,0.00000000,0.00161038,0.00000000,0.00000000,0.00000000,0.00000000,0.00000000,0.00000000,0.00665037,0.00000000,0.00000000,0.00000000,0.00000000,0.00000000,0.00000000,0.00000000,0.00000000,0.00000000,0.00000000,0.00000000,0.00000000,0.00000000,0.00000000,0.00000000,0.00000000,0.03152711,0.00000000,0.00000000,0.00000000,0.00000000,0.00000000,0.00000000,0.00000000,0.00000000,0.00000000,0.00000000,0.00000000,0.01808889,0.00000000,0.00131556,0.00000000,0.00000000,0.00000000,0.00000000,0.00000000,0.00000000,0.00000000,0.00000000,0.00000000,0.00000000,0.00000000,0.00000000,0.00000000,0.00000000,0.00000000,0.00000000,0.00886975,0.00000000,0.00000000,0.00000000,0.00000000,0.11728567,0.00000000,0.00000000,0.00000000,0.00000000,0.00000000,0.00000000,0.00000000,0.00000000,0.00000000,0.00000000,0.00000000,0.00945321,0.00000000,0.00000000,0.00000000,0.00000000,0.00000000,0.00000000,0.03207120,0.00000000,0.00000000,0.00000000,0.00000000,0.00000000,0.00000000,0.00000000,0.00000000,0.00000000,0.00000000,0.00000000,0.00000000,0.00000000,0.01136065,0.00000000,0.00000000,0.00075134,0.00000000,0.00000000,0.00000000,0.00505420,0.00000000,0.00000000,0.66252239,0.00000000,0.00000000,0.00000000,0.00000000,0.00000000,0.00000000,0.00000000,0.00000000,0.00000000,0.00000000,0.00000000,0.00000000,0.00000000,0.00000000,0.00000000,0.00000000,0.00000000,0.01050167,0.00000000,0.53036161,0.00000000,0.00000000,0.00000000,0.00000000,0.00190420,0.00000000,0.00000000,0.00000000,0.00000000,0.00000000,0.00000000,0.00000000,0.00000000,0.00000000,0.00000000,0.00000000,0.00000000,0.00000000,0.00000000,0.00000000,0.00000000,0.00318573,0.00000000,0.00000000,0.05632159,0.00000000,0.00000000,0.00000000,0.00000000,0.00000000,0.00000000,0.00000000,0.00000000,0.00000000,3.21927590,0.00000000,0.00000000,0.00000000,0.00000000,0.00232457,0.00599291,0.00000000,0.00000000,0.01883542,0.00000000,0.00000000,0.00000000,0.00000000,0.00000000,0.00190028,0.00000000,0.00000000,0.00000000,0.00000000,0.00000000,0.00000000,0.00000000,0.00000000,0.00000000,0.00000000,0.00000000,0.00000000,0.00000000,0.00000000,0.00000000,0.00000000,0.00274463,0.00000000,0.00000000,0.00000000,0.00295084,0.00000000,0.00203814,0.00000000,0.09778515,0.01167806,0.00000000,0.00000000,0.00000000,0.00000000,0.00000000,0.00000000,0.00000000,0.00176072,0.00000000,0.00000000,0.00000000,0.00000000,0.00000000,0.00000000,0.00000000,0.00000000,0.00000000,0.00000000,0.00000000,0.06550113,0.10726235,0.00000000,0.00096437,0.00000000,0.00000000,0.00000000,0.01016066,0.00000000,0.00000000,0.00000000,0.00000000,0.00000000,0.00000000,0.00000000,0.00000000,0.00000000,0.00000000,0.00000000,0.00000000,0.00000000,0.00000000,0.00000000,0.00000000,0.00000000,0.00000000,0.00000000,0.00000000,0.00000000,0.00000000,0.00000000,0.00000000,0.02404603,0.00645586,0.00791982,0.00000000,0.00000000,0.00000000,0.00141758,0.00000000,0.00000000,0.00000000,0.00000000,0.00000000,0.00000000,0.00000000,0.00000000,0.00000000,0.00000000,2.27934815,0.00000000,0.00000000,0.00000000,0.00000000,0.00000000,0.00000000,0.00000000,0.00000000,0.01591164,0.00000000,0.00000000,0.00000000,0.00000000,0.00000000,0.00000000,0.00000000,0.00000000,0.00362729,0.00000000,0.00093040,0.00000000,0.00000000,0.00000000,0.00000000,0.00000000,0.00000000,0.04387420,0.00000000,0.00000000,0.00000000,0.00000000,0.00000000,0.00000000,0.00000000,0.00000000,0.00000000,0.00000000,0.00000000,0.00000000,0.00000000,0.00000000,0.00000000,0.00000000,0.00000000,0.00000000,0.00000000,0.00000000,0.00000000,0.00000000,0.00000000,0.00000000,0.00000000,0.00539978,0.00000000,0.00000000,0.00000000,0.02546694,0.00000000,0.00000000,0.00000000,0.00000000,0.00000000,0.00000000,0.00000000,0.00000000,0.00000000,0.33008558,0.00000000,0.00000000,0.00000000,0.00000000,0.00000000,0.00000000,0.00000000,0.00000000,0.00000000,0.00000000,0.00000000,0.00000000,0.00000000,0.00000000,0.00000000,0.00000000,0.04141582,0.00000000,0.00000000,0.00000000,0.00000000,0.00242354,0.00000000,0.00000000,0.01541594,0.01940470,0.00000000,0.00000000,0.00000000,0.00000000,0.00000000,0.00000000,0.00000000,0.00000000,0.00000000,0.00000000,0.00000000,0.00000000,0.00000000,0.00258023,0.00000000,0.00000000,0.00000000,0.01069871,0.00000000,0.00000000,0.00000000,0.00000000,0.00000000,0.00000000,0.00000000,0.00000000,0.00000000,0.00000000,0.00097756,0.00000000,0.00000000,0.00000000,0.00000000,0.00000000,0.00000000,0.00000000,0.00277354,0.00266207,0.00000000,0.00000000
0.00000000,0.01837694,0.00000000,0.00000000,0.00000000,0.09408534,0.02398326,0.15132614,0.00000000,0.00000000,0.00000000,0.00000000,0.00000000,0.00000000,0.00000000,0.00000000,0.00000000,0.00000000,0.00000000,0.00000000,0.00000000,0.00000000,0.00000000,0.00000000,0.00000000,0.00000000,0.00000000,0.00000000,0.00000000,0.00000000,0.00000000,0.00000000,0.00000000,0.01706447,0.00000000,0.00000000,0.16299507,0.00000000,0.00000000,0.00278515,0.00000000,0.01989438,0.00000000,0.00000000,0.00778521,0.00000000,0.00000000,0.00000000,0.00000000,0.00000000,0.00000000,0.00000000,0.00616986,0.00000000,0.00000000,0.00000000,0.00000000,0.00000000,0.00000000,0.00000000,0.00000000,0.00000000,0.00000000,0.00454346,0.00000000,0.00000000,0.00000000,0.00000000,0.00000000,0.00000000,0.04313285,0.00000000,0.00000000,0.00000000,0.00000000,0.00000000,0.06106292,0.00000000,0.00000000,0.00000000,0.00000000,0.00000000,0.00000000,0.00000000,0.00100179,0.00000000,0.00152481,0.00000000,0.00000000,0.00000000,0.00000000,0.00000000,0.01870883,0.00000000,0.00000000,0.00000000,0.00000000,0.00000000,0.00000000,0.00000000,0.00000000,0.00000000,0.00000000,0.00000000,0.00000000,0.02122577,0.00000000,0.00000000,0.00000000,0.00000000,0.00000000,0.00000000,0.00000000,0.00767400,0.00000000,0.00000000,0.00000000,0.00000000,0.00000000,0.00000000,0.00000000,0.00000000,0.00000000,0.00000000,0.00000000,0.00000000,0.00000000,0.02236176,0.00000000,0.00000000,0.00000000,0.02568237,0.00000000,0.00000000,0.00000000,0.00000000,0.00000000,0.00000000,0.00000000,0.00000000,0.00000000,0.00000000,0.00000000,0.01920782,0.00000000,0.00000000,0.00078527,0.00000000,0.00000000,0.00000000,0.00000000,0.00000000,0.00000000,0.00000000,0.00000000,0.00000000,0.00000000,0.00000000,0.00000000,0.00000000,0.00000000,0.00000000,0.00000000,0.00714896,0.00204828,0.00000000,0.00000000,0.00000000,0.00000000,0.00000000,0.00000000,0.02531704,0.00429975,0.00000000,0.00000000,0.48906307,0.00000000,0.00000000,0.00000000,0.00000000,0.00603722,0.00000000,0.00000000,0.00000000,0.00000000,0.00000000,0.00000000,0.00127504,0.00000000,0.00000000,0.00000000,0.00000000,0.00000000,0.00000000,0.00000000,0.00000000,0.02525111,0.00000000,0.00000000,0.00000000,0.00000000,0.00000000,0.00000000,0.00146566,0.00000000,0.00000000,0.00000000,0.00302143,0.00000000,0.00000000,0.00000000,0.00000000,0.00000000,0.00000000,0.00000000,0.00000000,0.00000000,0.00000000,0.00000000,0.00000000,0.00000000,0.00000000,0.02732825,0.00110538,0.00000000,0.00000000,0.00000000,0.00000000,0.00444832,0.01695585,0.00194613,0.00000000,0.00000000,0.04831883,0.00129897,0.00000000,0.00000000,0.00000000,0.00000000,0.00000000,0.00000000,0.00000000,0.00000000,0.00000000,0.00000000,0.00000000,0.00000000,0.00000000,0.00000000,0.00000000,0.00474505,0.00000000,0.00000000,0.00000000,0.00000000,0.00000000,0.00000000,0.00000000,0.00000000,0.00000000,0.00000000,0.00000000,0.00000000,0.00000000,0.00000000,0.00000000,0.00000000,0.00000000,0.00000000,0.00000000,0.00000000,0.00077874,0.00653797,0.00000000,0.00000000,0.15461800,0.00000000,0.00000000,0.00000000,0.00000000,0.00000000,0.00000000,0.00000000,0.05817957,0.00000000,0.00000000,0.00000000,0.00000000,0.00000000,0.00000000,0.00000000,0.00000000,0.00000000,0.00000000,0.00000000,0.00000000,0.01178506,0.00521999,0.00000000,0.00000000,0.00521054,0.00000000,0.00000000,0.00000000,0.00000000,0.00000000,0.00000000,0.00000000,0.00000000,0.00000000,0.00000000,0.00000000,0.00281155,0.00000000,0.00320635,0.00000000,0.00000000,0.00000000,0.00000000,0.00000000,0.01681588,0.00000000,0.00000000,0.00000000,0.00000000,0.00000000,0.00000000,0.00000000,0.00000000,0.00000000,0.00000000,0.00000000,0.00286856,0.00000000,0.00000000,0.00000000,0.00000000,0.00000000,0.00000000,0.00000000,0.00000000,0.00000000,0.00000000,0.01378497,0.00000000,0.00000000,0.00000000,0.00000000,0.00000000,0.01603098,0.00736287,0.00000000,0.00000000,0.00000000,0.00000000,0.00000000,0.00000000,0.00000000,0.00000000,0.00118902,0.00000000,0.01853265,0.00000000,0.00000000,0.00000000,0.00000000,0.00000000,0.00696655,0.00000000,0.00108710,0.00122625,0.00000000,0.00000000,0.00000000,0.00000000,0.00000000,0.00000000,0.00000000,0.00000000,0.00000000,0.00000000,0.00000000,0.00000000,0.00000000,0.01008306,0.00000000,0.00000000,0.00000000,0.00000000,0.00000000,0.00000000,0.00000000,0.10186239,0.00000000,0.00000000,0.00000000,0.00000000,0.00000000,0.00000000,0.00000000,0.00454398,0.00000000,0.00000000,0.01541755,0.00000000,0.00000000,0.00000000,0.00000000,0.00000000,0.00000000,0.00000000,0.00000000,0.00000000,0.00495895,0.00000000,0.00000000,0.00000000,0.00000000,1.21080679,0.00000000,0.00000000,0.00000000,0.00000000,0.00000000,0.00000000,0.00000000,0.00000000,0.00368170,0.00000000,0.00000000,0.00000000,0.00316749,0.00000000,0.00000000,0.00000000,0.00000000,0.00000000,0.00000000,0.00000000,0.00000000,0.00000000,0.00000000,0.00000000,0.00000000,0.00000000,0.00000000,0.00085592,0.00000000,0.00000000,0.00000000,0.00000000,0.00000000,0.00000000,0.00000000,0.00000000,0.00000000,0.01176393,0.00000000,0.00000000,0.00000000,0.00000000,0.01953170,0.00000000,0.00000000,0.00000000,0.01428157,0.00197679,0.00000000,0.00000000,0.00000000,0.00000000,0.00000000,0.00000000,0.00000000,0.00000000,0.00000000,0.00000000,0.01775949,0.00000000,0.00000000,0.00000000,0.00000000,0.00000000,0.00000000,0.00000000,0.00000000,0.00000000,0.00000000,0.00000000,0.00000000,0.00000000,0.00000000,0.00000000,0.00000000,0.00000000,0.00000000,0.00000000,0.20738047,0.00313854,0.00000000,0.00000000,0.00000000,0.00000000,0.00000000,0.00000000,0.00000000,0.00000000,0.00000000,0.00000000,0.00000000,0.00000000,0.00000000,0.00000000,0.00000000,0.00000000,0.00000000,0.00000000,0.00000000,0.00000000,0.00000000,0.00000000,0.00000000,0.00000000,0.00151558,0.00000000,0.00000000,0.00000000,0.00000000,0.00000000,0.00000000,0.00000000,0.00000000,0.00000000,0.00000000,0.05005843,0.00000000,0.00000000,0.00000000,0.00000000,0.17396119,0.00318992,0.00000000,0.00000000,0.00000000,0.00000000,0.01515289,0.00000000,0.01403758,0.00000000,0.00000000,0.00000000,2.31088084,0.00000000,0.00077537,0.00000000,0.00000000,0.00240272,0.00000000,0.00000000,0.00000000,0.00000000,0.00000000,0.00000000,0.00000000,0.00000000,0.00000000,0.00000000,0.11405493,0.00000000,0.00000000,0.00253349,0.00000000,0.00000000,0.00000000,0.00000000,0.00000000,0.00000000,0.00000000,0.00000000,0.00000000,0.00000000,0.01615716,0.00000000,0.00000000,0.00000000,0.00000000,0.00000000,0.00000000,0.00000000,0.00000000,0.00000000,0.00000000,0.00000000,0.00000000,0.00000000,0.00276591,0.01618629,0.00000000,0.00000000,0.00000000,0.00000000,0.00000000,0.00000000,0.00000000,0.00000000,0.00000000,0.00000000,0.00000000,0.00000000,0.00000000,0.00000000,0.00000000,0.01655966,0.00000000,0.00000000,0.00000000,0.01358251,0.00000000,0.00000000,0.00000000,0.00000000,0.00000000,0.00000000,0.00000000,0.00000000,0.03685925,0.00000000,0.00000000,0.00000000,0.00000000,0.00000000,0.00000000,0.01095332,0.00000000,0.00000000,0.00000000,0.00000000,0.00000000,0.00000000,0.00000000,0.00000000,0.00000000,0.00000000,0.00917292,0.00000000,0.00000000,0.00000000,0.00000000,0.00000000,0.00871491,0.00000000,0.00000000,0.00000000,0.00000000,0.00000000,0.00000000,0.00000000,0.00000000,0.00000000,0.04655000,0.00000000,0.00000000,0.00000000,0.09343002,0.00000000,0.00000000,0.00000000,0.00000000,0.00000000,0.00000000,0.00000000,0.00000000,0.00000000,0.00233693,0.00000000,0.00000000,0.00597088,0.00960327,0.01131506,0.00000000,0.00277365,0.00000000,0.00000000,0.00000000,0.00000000,0.00000000,0.00000000,0.00000000,0.00301404,0.00000000,0.00000000,0.00000000,0.00000000,0.01608514,0.00080436,0.00000000,0.00000000,0.00000000,0.00000000,0.00000000,0.00000000,0.00000000,0.00000000,0.00000000,0.00000000,0.42667972,0.00000000,0.00000000,0.00000000,0.00000000,0.00000000,0.00000000,0.46474928,0.00000000,0.00000000,0.00000000,0.00000000,0.04919693,0.00998252,0.00000000,0.00000000,0.00000000,0.00000000,0.00000000,0.00000000,0.00000000,0.00000000,0.00000000,0.00000000,0.00000000,0.00000000,0.00000000,0.00000000,0.00000000,0.00000000,0.00000000,0.00000000,0.00293725,0.00000000,0.00000000,0.00000000,0.00000000,0.00000000,0.00000000,0.00000000,0.00000000,0.00000000,0.00000000,0.00000000,0.00000000,0.00000000,0.00000000,0.00000000,0.00000000,0.00000000,0.00000000,0.00000000,0.00000000,0.00000000,0.00000000,0.00000000,0.00000000,0.00000000,0.00000000,0.00000000,0.00000000,0.00000000,0.00000000,0.00000000,0.00000000,0.00000000,0.00000000,0.00000000,0.00000000,0.00000000,0.00495534,0.00000000,0.00000000,0.00000000,0.00000000,2.16526146,0.00000000,0.00000000,0.00000000,0.00000000,0.00000000,0.00000000,0.00000000,0.00000000,0.00000000,0.30121592,0.00000000,0.00000000,0.00000000,0.00000000,0.00000000,0.00000000,0.00000000,0.00000000,0.02603235
0.00000000,0.00000000,0.00000000,0.00000000,0.00000000,0.00399661,0.00000000,0.00000000,0.00000000,0.00000000,0.00000000,0.00000000,0.00520915,0.00000000,0.00000000,0.00678676,0.00000000,0.00000000,0.00000000,0.00000000,0.00000000,0.00000000,0.00000000,0.00000000,0.00000000,0.00659141,0.00000000,0.00000000,0.00000000,0.00000000,0.00000000,0.00000000,0.00000000,0.00000000,0.00000000,0.00667656,0.44429232,0.00000000,0.00000000,0.00000000,0.00000000,0.00000000,0.00000000,0.00000000,0.00000000,0.00000000,0.00366585,0.00079113,0.00000000,0.00000000,0.00000000,0.00000000,0.00000000,0.00000000,0.00000000,0.00000000,0.00000000,0.01262353,0.00000000,0.00000000,0.00000000,0.00000000,0.00000000,0.00000000,0.00000000,0.00000000,0.00208923,0.00000000,0.00000000,0.00000000,0.00000000,0.00000000,0.00000000,0.00000000,0.00000000,0.00000000,0.00000000,0.00000000,0.00148648,0.00000000,0.00000000,0.00000000,0.00000000,0.00000000,0.00000000,0.00000000,0.00000000,0.00000000,0.00356610,0.00000000,0.00379683,0.00438767,0.00000000,0.00000000,0.00000000,0.00000000,0.00000000,0.03642822,0.00000000,0.85794011,0.00000000,0.00000000,0.00000000,0.00000000,0.00000000,0.00000000,0.09235171,0.03498692,0.19534441,0.00000000,0.00000000,0.00000000,0.00000000,0.00000000,0.00223071,0.00000000,0.00000000,0.00000000,0.00000000,0.00000000,0.00000000,0.00000000,0.00601761,1.46291552,0.00000000,0.00000000,0.00000000,0.00000000,0.00000000,0.00000000,0.00000000,0.07222413,0.00000000,0.00000000,0.00409036,0.00360750,0.00000000,0.00000000,0.00000000,0.00000000,0.00000000,0.00000000,0.00000000,0.00000000,0.00000000,0.00000000,0.00000000,0.00000000,0.00000000,0.00000000,0.00000000,0.00000000,0.31230353,0.00000000,0.00000000,0.00000000,0.00000000,0.00000000,0.00000000,0.00000000,0.00000000,0.00000000,0.00000000,0.00000000,0.00000000,0.00000000,0.00000000,0.00000000,0.00000000,0.00000000,0.00000000,0.12950621,0.00000000,0.00000000,0.01501520,0.00000000,0.01424555,0.00000000,0.00000000,0.00000000,0.00000000,0.00000000,0.00000000,0.00000000,0.00000000,0.00000000,0.00000000,0.00000000,0.00000000,0.00000000,0.00000000,0.00000000,0.00000000,0.00000000,0.00000000,0.00465338,0.00000000,0.00000000,0.00000000,0.00000000,0.00000000,0.00000000,0.00000000,0.00000000,0.00000000,0.00000000,0.00000000,0.00415403,0.00000000,0.00000000,0.08195675,0.00000000,0.00000000,0.00000000,0.00000000,0.00000000,0.00000000,0.00000000,0.00000000,0.00000000,0.00000000,0.00000000,0.00000000,0.00000000,0.00000000,0.00000000,0.00000000,0.00000000,0.00000000,0.00000000,0.00000000,0.00000000,0.01063644,0.00000000,0.00000000,0.07581164,0.00000000,0.00000000,0.00000000,0.00000000,0.00000000,0.00000000,0.00000000,0.00000000,0.00685446,0.00000000,0.00000000,0.00000000,0.00000000,0.00000000,0.00426257,0.00000000,0.00000000,0.00000000,0.00808589,0.00331856,0.01758892,0.00000000,0.00000000,0.01561454,0.00000000,0.00000000,0.00000000,0.00000000,0.00000000,0.00000000,0.00000000,0.00000000,0.00000000,0.00000000,0.00000000,0.00000000,0.00000000,0.00000000,0.00000000,0.00000000,0.00000000,0.00000000,0.00000000,0.00000000,0.02945448,0.00000000,0.00000000,3.90366788,0.00000000,0.00000000,0.11742365,0.00000000,0.00000000,0.02252456,0.00000000,0.00000000,0.00161514,0.00000000,0.00000000,0.00000000,0.00000000,0.00000000,0.00000000,0.00000000,0.00000000,0.00000000,0.00000000,0.00651344,0.00000000,0.00000000,0.00000000,0.00000000,0.00000000,0.00515559,0.00000000,0.00414279,0.00189016,0.00000000,0.00000000,0.00000000,0.00000000,0.00000000,0.00000000,0.00000000,0.00711509,0.00000000,0.00000000,0.00000000,0.00000000,0.00000000,0.00000000,0.00813454,0.00000000,0.04355510,0.00000000,0.00000000,0.00000000,0.00000000,0.00547358,0.00000000,0.00000000,0.00000000,0.00279234,0.00000000,0.03424042,1.98012336,0.00000000,0.00000000,0.00000000,0.00000000,0.00000000,0.00000000,0.00000000,0.00000000,0.00000000,0.00000000,0.04191275,0.00000000,0.00000000,0.00000000,0.00000000,0.00000000,0.00000000,0.00000000,0.00000000,0.00000000,0.00000000,0.00000000,0.00000000,0.00000000,0.00000000,0.00000000,0.06304230,0.00000000,0.00309421,0.00000000,0.00000000,0.00000000,0.00000000,0.00000000,0.00000000,0.00000000,0.00000000,0.00000000,0.00000000,0.00000000,0.00000000,0.00000000,0.00000000,0.00000000,0.00000000,0.00000000,0.00000000,0.00000000,0.00000000,0.00000000,0.00000000,0.00000000,0.00000000,0.00000000,0.00000000,0.00808592,0.00000000,0.00000000,0.00000000,0.00000000,0.00000000,0.02982739,0.00000000,0.00000000,0.00000000,0.00000000,0.00000000,0.00000000,0.00000000,0.00000000,0.00000000,0.00000000,0.00000000,0.00000000,0.00523137,0.00735611,0.00000000,0.00000000,0.00000000,0.00000000,0.02325526,0.00000000,0.00000000,0.00000000,0.00000000,0.00000000,0.00000000,0.00000000,0.00000000,0.00000000,0.00408185,0.00963809,0.00000000,0.00000000,0.10199575,0.00000000,0.00000000,0.00000000,0.00000000,0.00000000,0.00000000,0.00000000,0.00000000,0.00000000,0.00000000,0.00000000,0.00000000,0.00000000,0.00000000,0.00000000,0.00000000,0.00000000,0.00000000,0.00855912,0.00000000,2.54075350,0.00893184,0.00000000,0.00000000,0.00000000,0.00000000,0.00000000,0.00000000,0.00000000,0.00000000,0.00000000,0.00000000,0.00000000,0.00000000,0.16404369,0.00000000,0.00000000,0.00000000,0.00000000,0.00000000,0.00000000,0.00000000,0.00459783,0.00209663,0.00000000,0.00000000,0.00000000,0.00000000,0.02067146,0.00000000,0.00000000,0.01756988,0.00000000,0.00000000,0.00000000,0.00216309,0.00000000,0.00000000,0.00000000,0.00000000,0.00000000,0.00000000,0.00000000,0.00000000,0.00000000,0.00000000,0.00000000,0.00000000,0.00000000,0.00000000,0.00000000,0.00000000,0.00000000,0.00000000,0.00000000,0.00000000,0.00000000,0.00000000,0.58449698,0.00000000,0.00000000,0.00000000,0.00000000,0.00000000,0.00000000,0.00000000,0.00000000,0.00375744,0.00000000,0.00000000,0.00000000,0.00000000,0.00000000,0.00000000,0.00000000,0.00000000,0.00000000,0.00000000,3.45497736,0.00000000,0.00000000,0.00000000,0.00000000,0.00000000,0.00000000,0.00000000,0.00000000,0.00000000,0.00000000,0.00000000,0.02102220,0.00000000,0.00519848,0.00000000,0.00000000,0.00000000,0.00000000,0.00000000,0.00000000,0.00000000,0.00000000,0.00000000,0.00759683,0.00000000,0.45768546,0.00000000,0.00000000,0.00000000,0.00000000,0.00000000,0.01120046,0.00000000,0.00000000,0.00000000,0.00000000,0.00000000,0.00000000,0.00000000,0.00000000,0.00000000,0.00000000,0.00000000,0.00000000,0.00000000,0.00747835,0.00872337,0.00000000,0.00000000,0.00000000,0.00000000,0.00000000,0.00000000,0.03044141,0.00000000,0.00000000,0.00000000,0.00000000,0.00000000,0.00000000,0.00000000,0.04163478,0.00000000,0.00000000,0.00000000,0.00000000,0.00000000,0.00000000,0.00000000,0.00000000,0.00000000,0.00000000,0.00000000,0.00000000,0.00000000,0.00393261,0.00000000,0.00000000,0.00000000,0.00000000,0.00000000,0.00000000,0.00000000,0.00000000,0.00000000,0.00000000,0.00000000,0.00000000,0.00000000,0.00264580,0.00000000,0.00000000,0.00000000,0.02120625,0.00000000,0.00000000,0.00000000,0.00000000,0.00000000,0.00000000,0.00000000,0.00000000,0.00000000,0.00000000,0.00000000,0.00137358,0.00000000,0.00951737,0.01576000,0.00000000,0.00233792,0.00000000,0.00000000,0.00090333,0.00000000,0.00000000,0.00000000,0.00000000,0.00000000,0.00000000,0.00000000,0.00000000,0.00000000,0.00000000,0.00000000,0.00000000,0.06992551,0.00000000,0.00000000,0.00000000,0.00000000,0.00000000,0.00000000,0.00000000,0.00000000,0.00000000,0.01390486,0.00000000,0.01676899,0.00000000,0.00000000,0.00000000,0.00000000,0.00000000,0.00000000,0.00000000,0.23233217,0.00000000,0.00000000,0.24087966,0.00000000,0.00000000,0.00000000,0.00000000,0.00000000,0.00000000,0.00000000,0.00000000,0.00000000,0.00000000,0.00000000,0.00000000,0.00000000,0.00000000,0.00000000,0.00000000,0.00000000,0.00000000,0.00000000,0.00000000,0.00000000,0.00000000,0.00000000,0.00000000,0.00000000,0.00000000,0.00000000,3.19241574,0.00000000,0.00000000,0.00000000,0.00000000,0.00000000,0.00000000,0.16817088,0.00000000,0.00000000,0.00000000,0.00392228,0.12483762,0.00000000,0.00000000,0.01336261,0.00000000,0.00000000,0.00000000,0.00000000,0.00000000,0.00000000,0.00000000,0.00000000,0.00000000,0.00367609,0.00000000,0.00000000,0.00000000,0.00254640,0.00000000,0.00000000,0.00000000,0.01935444,0.00000000,0.00000000,0.00000000,0.00000000,0.00000000,1.06121146,0.00000000,0.00000000,0.00000000,0.00000000,0.00000000,0.00000000,0.15946039,0.00000000,0.00000000,0.00000000,0.00000000,0.00000000,0.00000000,0.00000000,0.00000000,0.01071001,0.00000000,0.00000000,0.00000000,0.00000000,0.00000000,0.00000000,0.00000000,0.00000000,0.00000000,0.00117956,0.00000000,0.00000000,0.00000000,0.00000000,0.00000000,0.00000000,0.00000000,0.00000000,0.00000000,0.00000000,0.00000000,0.00231174,0.00000000,0.00000000,0.00000000,0.00000000,0.00000000,0.00000000,0.00000000,0.00000000,0.00000000
0.00000000,0.00000000,0.00000000,0.00000000,0.00000000,0.00000000,0.00000000,0.01459275,0.00000000,0.00000000,0.00000000,0.00000000,0.00000000,0.00000000,0.00000000,0.00000000,0.00000000,0.31352886,0.00000000,0.00000000,0.00000000,0.00000000,0.00000000,0.00150392,0.00000000,0.00000000,0.00364303,0.00000000,0.00000000,0.00000000,0.00000000,0.00000000,0.00000000,0.00000000,0.00000000,0.00000000,0.00000000,0.00000000,0.01476456,0.00000000,0.00000000,0.00000000,0.00000000,0.00000000,0.00308823,0.00054514,0.00194389,0.01697199,0.00000000,0.00000000,0.00000000,0.00000000,0.00000000,0.00000000,0.02531747,0.00000000,0.00000000,0.00000000,0.00000000,0.00000000,0.00000000,0.01404656,0.00000000,0.00000000,0.00000000,0.00000000,0.00000000,0.00000000,0.00000000,0.00000000,0.00000000,0.00451207,0.00000000,0.00000000,0.00000000,0.00000000,0.00000000,0.00000000,0.00000000,0.00000000,0.00000000,0.00000000,0.00000000,0.00000000,0.00000000,0.00000000,0.00000000,0.00000000,0.00000000,0.00000000,0.00000000,0.00000000,0.00000000,0.00339849,0.00000000,0.00000000,0.00000000,0.00000000,0.00109268,0.00060757,0.00000000,0.00000000,0.00000000,0.00000000,0.00000000,0.00000000,0.00000000,0.05192737,0.00000000,0.00000000,0.00000000,0.30310424,0.00000000,0.02408827,0.00000000,0.00000000,0.04854400,0.00000000,0.00618598,0.00969252,0.00000000,0.00000000,0.00000000,0.01848462,0.00000000,0.00000000,0.00000000,0.00000000,0.02040580,0.00000000,0.00000000,0.00000000,0.00452775,0.00000000,0.00000000,0.00000000,0.00000000,0.00000000,0.00000000,0.00000000,0.00000000,0.00000000,0.00000000,0.00000000,0.00000000,0.00000000,0.00291824,0.00000000,0.00000000,0.00000000,0.00000000,0.00000000,0.00823528,0.00000000,0.00000000,0.00000000,0.00000000,0.00000000,0.00000000,0.00000000,0.00000000,0.00000000,0.00000000,0.00000000,0.00000000,0.00000000,0.00000000,0.00000000,0.00000000,0.00000000,0.03639215,0.00000000,0.01248927,0.00000000,0.00205130,0.00000000,3.14879715,0.00000000,0.00000000,0.00000000,0.00000000,0.00000000,0.00000000,0.00000000,0.00000000,0.00000000,0.00000000,0.00000000,0.00000000,0.00000000,0.00000000,0.00000000,0.00000000,0.00000000,0.00000000,0.00000000,0.01462927,0.00000000,0.00000000,0.00000000,0.00000000,0.00320872,0.00000000,0.00000000,0.00000000,0.00000000,0.00184595,0.00000000,0.00000000,0.00270817,0.00000000,0.00000000,0.00229999,0.00000000,0.02723744,0.00000000,0.00000000,0.00000000,0.00000000,0.00000000,0.09844598,0.00000000,0.00000000,0.00000000,0.00000000,0.00451669,0.00000000,0.00000000,0.00000000,0.00000000,0.00000000,0.00000000,0.00000000,0.01422450,0.00000000,0.00000000,0.00000000,0.00000000,0.01033216,0.00000000,0.00000000,0.00771361,0.00000000,0.00153272,0.00000000,0.00000000,0.00000000,0.00938062,0.00000000,0.00000000,0.00000000,0.00000000,0.00000000,0.00000000,0.00000000,0.00000000,0.00260663,0.00000000,0.00000000,0.00653892,0.00000000,0.00000000,0.00000000,0.00000000,0.02132994,0.00000000,0.03127023,0.00207169,0.00000000,0.00000000,0.00000000,0.00000000,0.00000000,0.00000000,0.00000000,0.00000000,0.00000000,0.00000000,0.00000000,0.00000000,0.00000000,0.00000000,0.00000000,0.00000000,0.00000000,0.00000000,0.00000000,0.00000000,0.00000000,0.00000000,0.00000000,0.00000000,0.00000000,0.00000000,0.00000000,0.00000000,0.00000000,0.00000000,0.01233027,0.00090246,0.00000000,0.00000000,0.00000000,0.00000000,0.00000000,0.00000000,0.00000000,0.00000000,0.00000000,0.00000000,0.00000000,0.00000000,0.00000000,0.00000000,0.03791463,0.00404120,0.00000000,0.00368426,0.00000000,0.00000000,0.00000000,0.00187267,0.00000000,0.00000000,0.00000000,0.00000000,0.00000000,0.00000000,0.00000000,0.00195883,0.00000000,0.00000000,0.00000000,0.00000000,0.00000000,0.00000000,0.00000000,0.00000000,0.00000000,0.00000000,0.00000000,0.00000000,0.86592458,0.00000000,0.00000000,0.00000000,0.00000000,0.25226018,0.00000000,0.00000000,0.00000000,0.00000000,0.00000000,0.00000000,0.00000000,0.00000000,0.00000000,0.00000000,0.00631072,0.00000000,0.00000000,0.00000000,0.00000000,0.00000000,0.00000000,0.00000000,0.00000000,0.00000000,0.00000000,0.00000000,0.00000000,0.00000000,0.00000000,0.00000000,0.00000000,0.00000000,0.00702349,0.00000000,0.00000000,0.00000000,0.00000000,0.00000000,0.00000000,0.00000000,0.00000000,0.00000000,0.00000000,0.00000000,0.00000000,0.00000000,0.00000000,0.00000000,0.00000000,0.00000000,0.00000000,0.00000000,0.00000000,0.00000000,0.00000000,0.00000000,0.00000000,0.00000000,0.00000000,0.00000000,0.00000000,0.00000000,0.00000000,0.00000000,0.00000000,0.00000000,0.00000000,0.00596781,0.00360487,0.00150665,0.00000000,0.00000000,0.00000000,0.00000000,0.01775041,0.00000000,0.00000000,0.00000000,0.00000000,0.00000000,0.00000000,0.00000000,0.00000000,0.00000000,0.00000000,0.00000000,0.00000000,0.00000000,0.00000000,0.00000000,0.00000000,0.00000000,0.00000000,0.00000000,0.00000000,0.00226876,0.00000000,0.00000000,0.00000000,0.00000000,0.00000000,0.00000000,0.00000000,0.00000000,0.00000000,0.00000000,0.06285693,0.00000000,1.43375275,0.00000000,0.00376968,0.00000000,0.00000000,0.00000000,0.33677846,0.00000000,0.00000000,0.00000000,0.00000000,0.00000000,0.00000000,0.00000000,0.00000000,0.00000000,0.02915421,0.05606431,0.00000000,0.00000000,0.00000000,0.00133793,0.00101683,0.00343690,0.00000000,0.00000000,0.00090526,0.20328356,0.00000000,0.00000000,0.00000000,0.00000000,0.00120400,0.00000000,0.00000000,0.00382544,0.00000000,0.00000000,0.00000000,0.00000000,0.00000000,0.00935744,0.00000000,0.00000000,0.00000000,0.01753179,0.00000000,0.00000000,0.00000000,0.00000000,0.00000000,0.00000000,0.00000000,0.00000000,0.00000000,0.00000000,0.00000000,0.00000000,0.02326138,0.00000000,0.00000000,0.00000000,0.00485239,0.00000000,0.00000000,0.00000000,0.00000000,0.01851600,0.39093269,0.00000000,0.00000000,0.00000000,0.00491338,0.00000000,0.00000000,0.00000000,0.00000000,0.00000000,0.00000000,0.00937493,0.00000000,0.00000000,0.00000000,0.00000000,0.00000000,0.00138798,0.00000000,0.00000000,0.00000000,0.00000000,0.00000000,0.00000000,0.00000000,0.00000000,0.00000000,0.00000000,0.00000000,0.00000000,0.00000000,0.00000000,0.00000000,0.00000000,0.00000000,0.00000000,0.00000000,0.00000000,0.00000000,0.00000000,0.00000000,0.00000000,0.00000000,1.42672368,0.67207953,0.00000000,0.00000000,0.00000000,0.00000000,0.00000000,0.00000000,0.00000000,0.00000000,0.00000000,0.00000000,0.00000000,0.00000000,0.00000000,0.00000000,0.00000000,0.00000000,0.00000000,0.00000000,0.00000000,0.00000000,0.00000000,0.00203246,0.00000000,0.00000000,0.00000000,0.00110608,0.19628358,0.00000000,0.00000000,0.00580428,0.00000000,0.00000000,0.00000000,0.00000000,0.00000000,0.00000000,0.00000000,0.00000000,0.00000000,0.04652056,0.00000000,0.00000000,0.01451081,0.00239631,0.00000000,0.00000000,0.00000000,0.00000000,0.00000000,0.00000000,0.00000000,0.00000000,0.00000000,0.00000000,0.00000000,0.00000000,0.00000000,0.00622092,0.00000000,0.01504024,3.71037209,0.00000000,0.00000000,0.00000000,0.00000000,0.00000000,0.00000000,0.00000000,0.00000000,0.00000000,0.00000000,0.00000000,0.00000000,0.00383520,0.00000000,0.00000000,0.00000000,0.00000000,0.00000000,0.00000000,0.00000000,0.00000000,0.00000000,0.00000000,0.00000000,0.00000000,0.00000000,0.00000000,0.00000000,0.00000000,0.00000000,0.00000000,0.00000000,0.00000000,0.00000000,0.00000000,0.00000000,0.00000000,0.00000000,0.00000000,0.00000000,0.00000000,0.00000000,0.00000000,0.00000000,0.00000000,0.00000000,0.01741201,0.00798114,0.00000000,0.00000000,0.00000000,0.00000000,0.00000000,0.00184200,0.02883309,0.00000000,0.00000000,0.00000000,0.00000000,0.00000000,0.00000000,0.00000000,0.00000000,0.00000000,0.00000000,0.00000000,0.00000000,0.00000000,0.00000000,0.00000000,0.00000000,0.00000000,0.00000000,0.00000000,0.00000000,0.00000000,0.00000000,0.00000000,0.00000000,0.00000000,0.00000000,0.00000000,0.00000000,0.01514042,0.01633298,0.00000000,0.00000000,0.00000000,0.02761572,0.00000000,0.01692853,0.00420608,0.00000000,2.18945086,0.00000000,0.00000000,0.00000000,0.00000000,0.00000000,0.00000000,0.00000000,0.00000000,0.00000000,0.00000000,0.00000000,0.00000000,0.00000000,0.00000000,0.00000000,0.00000000,0.00000000,0.00419831,0.00000000,0.00000000,0.00000000,0.00000000,0.00000000,0.00000000,0.00000000,0.00000000,0.00000000,0.00000000,0.00000000,0.00000000,0.00000000,0.00000000,0.00000000,0.00000000,0.00000000,0.00000000,0.00000000,0.00000000,0.00000000,0.00000000,0.00000000,0.00000000,0.00000000,0.00000000,0.00962654,0.00000000,0.00000000,0.00000000,0.00000000,0.00000000,0.00000000,0.00000000,0.00000000,0.00000000,0.00000000,0.00000000,0.00000000,0.00000000,0.00000000,0.00000000,0.00000000,0.00000000,0.00000000,0.00000000,0.00000000,0.00000000,0.00000000,0.00000000,0.00000000,0.00000000,0.06740748,0.00000000,0.00000000,0.00000000,0.00000000,0.04642613,0.00000000,0.01021985,0.00000000,0.00000000
0.00000000,0.00000000,0.00000000,0.00000000,0.00000000,0.03259835,0.00000000,0.00000000,0.00000000,0.00000000,0.00000000,0.00000000,0.00000000,0.00000000,0.00000000,0.00000000,0.01458404,0.00000000,0.00000000,0.00000000,0.00000000,0.00000000,0.00000000,0.00000000,0.00000000,0.00000000,0.00000000,0.00000000,0.00000000,0.00000000,0.00000000,0.00000000,0.00000000,0.00000000,0.00000000,0.01675955,0.00000000,0.00000000,0.00000000,0.00000000,0.00098478,0.00000000,0.03850302,0.00000000,0.00000000,0.00000000,0.00000000,0.01023814,0.00785689,0.00000000,0.00000000,0.00000000,0.00000000,0.00000000,0.00000000,0.00000000,0.00000000,0.00000000,0.00000000,0.00000000,0.00000000,0.00000000,0.00000000,0.00000000,0.00000000,0.00000000,0.00000000,0.00000000,0.00000000,0.00000000,0.00000000,0.00000000,0.00000000,0.00000000,0.00000000,0.00000000,0.00000000,0.00000000,0.00000000,0.00000000,0.01895131,0.00000000,0.00000000,0.00000000,0.00000000,0.00000000,0.00000000,0.02251334,0.00000000,0.00000000,0.00000000,0.00000000,0.01466842,0.00000000,0.00000000,0.00000000,0.00000000,0.00000000,0.02311452,0.00000000,0.00486681,0.00000000,0.00000000,0.00225547,0.02600380,0.00000000,0.00181143,0.00000000,0.00000000,0.00000000,0.00087983,0.00000000,0.00000000,0.00000000,0.00000000,0.00000000,0.00000000,0.00000000,0.00000000,0.00000000,0.00000000,0.01469432,0.00000000,0.00000000,0.00000000,0.00000000,0.00000000,0.00082314,0.00000000,0.00000000,0.00000000,0.00000000,0.00000000,0.00000000,0.00000000,0.00000000,0.12192547,0.00000000,0.13130923,0.00000000,0.00000000,0.00000000,0.00093803,0.00000000,0.00000000,0.00000000,0.00000000,0.00000000,0.00000000,0.00000000,0.00000000,0.00000000,0.00000000,0.00000000,0.00000000,0.00000000,0.00000000,0.00000000,0.00000000,0.00000000,0.00000000,0.00000000,0.00465221,0.00000000,3.12704497,0.00000000,0.00000000,0.00000000,0.02027925,0.00000000,0.00000000,0.00000000,0.00000000,0.00000000,0.00494064,0.00000000,0.00477158,0.00000000,0.00000000,0.00000000,0.00000000,0.00000000,0.00000000,0.00000000,0.00000000,0.00000000,0.00000000,0.00000000,0.00000000,0.00000000,0.00000000,0.00000000,0.00000000,0.02625545,0.00000000,0.00000000,0.00000000,0.00000000,0.00000000,0.00000000,0.00000000,0.00000000,0.00000000,0.00000000,0.00000000,7.00905728,0.00000000,0.00000000,0.00000000,0.00000000,0.00000000,0.00000000,0.00000000,0.00000000,0.00069547,0.00000000,0.00000000,0.00000000,0.00000000,0.00000000,0.00000000,0.00000000,0.00000000,0.00000000,0.00000000,0.00000000,0.00000000,0.00000000,0.00000000,0.02194728,0.00000000,0.00000000,0.00000000,0.00000000,0.01157016,0.00872574,0.00000000,0.01354119,0.00885096,1.69678788,0.00000000,0.00000000,0.00000000,0.02333037,0.00000000,0.00000000,0.00000000,0.00000000,0.00000000,0.00000000,0.00000000,0.00000000,0.00000000,0.00000000,0.00000000,0.00000000,0.00000000,0.00000000,0.00000000,0.00000000,0.00000000,0.00000000,0.00000000,0.00000000,0.00000000,0.00000000,0.00000000,0.00000000,0.00000000,0.00000000,0.00000000,0.00000000,0.00000000,0.00000000,0.01679311,0.00000000,0.01900262,0.00000000,0.00000000,0.00000000,0.00000000,0.00000000,0.00000000,0.00000000,0.00000000,0.00000000,0.00000000,0.00000000,0.00000000,0.00000000,0.00000000,0.00000000,0.00000000,0.00000000,0.00000000,0.00000000,0.00000000,0.00000000,0.07963594,0.00000000,0.00000000,0.00000000,0.00000000,0.00000000,0.00000000,0.00000000,0.02930680,0.00136575,0.00000000,0.00000000,0.00000000,0.00000000,0.00953047,0.01697879,0.00000000,0.00000000,0.00000000,0.00000000,0.00000000,0.00000000,0.00000000,0.00000000,0.00000000,0.00000000,0.00000000,0.00000000,0.00000000,0.00000000,0.00000000,0.00000000,0.00000000,0.00000000,0.00000000,0.00000000,0.00000000,0.00000000,0.00000000,0.00000000,0.00000000,0.00000000,0.00000000,0.00000000,0.00000000,0.00000000,0.00727145,0.00000000,0.01363401,0.00000000,1.98131468,0.00000000,0.00000000,0.00000000,0.00000000,0.00000000,0.10745730,0.00000000,0.00000000,0.00000000,0.00000000,0.00000000,0.00000000,0.00000000,0.00000000,0.00693608,0.00000000,0.00000000,0.00000000,0.00000000,0.00000000,0.00000000,0.00000000,0.00000000,0.00122799,0.00000000,0.00440733,0.00000000,0.00000000,0.00000000,0.00000000,0.00584528,0.00000000,0.00311658,0.00000000,0.00236331,0.00000000,0.00000000,0.00000000,0.00000000,0.00000000,0.00000000,0.00000000,0.00000000,0.00000000,0.00000000,0.00000000,0.00000000,0.00098883,0.00000000,0.00000000,0.00000000,0.00000000,0.00000000,0.00000000,0.00000000,0.00000000,0.00000000,0.00000000,0.00000000,0.00000000,0.00000000,0.00000000,0.03091266,0.00000000,0.00000000,0.00000000,0.00000000,0.00000000,0.00000000,0.00000000,0.00000000,0.00000000,0.00000000,0.00000000,0.00000000,0.00000000,0.00000000,0.00000000,0.00000000,0.00000000,0.01713514,0.00000000,0.00000000,0.00497015,0.00000000,0.00000000,0.00000000,0.03882964,0.00308206,0.00000000,0.00000000,0.00270350,0.11769670,0.00000000,0.00000000,0.00000000,0.00000000,0.00000000,0.00000000,0.00000000,0.00000000,0.00000000,0.00000000,0.00000000,3.75882655,0.06404503,0.00000000,0.03822589,0.00000000,0.00000000,0.00000000,0.00000000,0.00000000,0.00000000,0.00000000,0.00000000,0.00000000,0.00000000,0.00000000,0.00000000,0.00000000,0.00000000,0.01875521,0.00000000,0.00000000,0.02358823,0.00000000,0.00000000,0.00000000,0.00000000,0.00000000,0.00000000,0.00000000,0.00000000,0.00000000,0.00000000,0.00000000,0.00000000,0.00000000,0.00000000,0.00000000,0.00292755,0.01062775,0.00000000,0.00000000,0.00000000,0.00000000,0.00137549,0.00000000,0.00000000,0.00000000,0.00000000,0.00000000,0.00000000,0.00000000,0.00000000,0.00000000,0.00000000,0.00213410,0.00000000,0.00000000,0.00000000,0.00000000,0.01516048,0.00000000,0.00000000,0.00000000,3.55573424,0.00000000,0.00000000,0.00000000,0.02555031,0.00000000,0.00000000,0.00000000,0.00000000,0.00000000,0.00000000,0.00000000,0.00000000,0.29929771,0.00000000,0.00000000,0.00000000,0.00000000,0.00000000,0.00000000,0.00000000,0.00000000,0.00000000,0.00000000,0.00000000,0.00000000,0.00106359,0.00000000,0.00000000,0.00000000,0.00000000,0.00000000,0.00000000,0.00000000,0.00000000,0.00000000,0.00000000,0.00000000,0.00000000,0.00000000,0.00000000,0.00000000,0.00000000,0.00000000,0.00000000,0.00000000,0.00536200,0.00000000,0.00071041,0.02028398,0.00000000,0.00000000,0.00000000,0.00000000,0.00000000,0.00000000,0.00000000,0.00000000,0.00000000,0.00000000,0.00000000,0.00000000,0.00000000,0.00000000,0.00000000,0.00000000,0.00000000,0.00000000,0.00994133,0.00538179,0.00000000,0.00195100,0.00000000,0.00000000,0.00895018,0.00000000,0.00000000,0.00000000,0.00000000,0.00000000,0.00000000,0.00000000,0.00000000,0.00000000,0.00000000,0.00000000,0.00000000,0.00000000,0.00000000,0.00000000,0.00000000,0.00257408,0.00000000,0.00000000,0.00000000,0.00000000,0.00653866,0.00000000,0.00000000,0.00000000,0.01175403,0.00000000,0.00000000,0.00000000,0.00177327,0.00000000,0.00000000,0.00000000,0.00000000,0.00000000,0.00092533,0.00000000,0.00000000,0.00000000,0.00368622,0.00000000,0.00000000,0.00000000,0.06165111,0.00000000,0.00000000,0.00000000,0.00000000,0.00000000,0.00000000,0.00000000,0.00000000,0.00000000,0.00323553,0.00000000,0.00000000,0.00000000,0.00000000,0.00000000,0.02183300,0.00000000,0.00147112,0.00000000,0.00244694,0.00000000,0.00000000,0.00000000,0.00000000,0.00000000,0.05756624,0.00530902,0.00000000,0.00000000,0.00000000,0.00000000,0.00000000,0.00000000,0.00000000,0.00000000,0.00000000,0.00000000,0.00000000,0.00000000,0.00000000,0.00000000,0.00000000,0.00000000,0.00000000,0.00000000,0.00000000,0.00000000,0.00000000,0.00000000,0.00000000,0.00000000,0.06384550,0.00000000,0.00000000,0.00000000,0.00000000,0.00000000,0.00000000,0.00000000,0.00000000,0.00000000,0.00000000,0.00690206,0.00000000,0.00000000,0.00000000,0.00000000,0.00000000,0.00000000,0.00000000,0.00000000,0.00000000,0.00000000,0.00000000,0.00000000,0.00222020,0.00000000,0.00000000,0.39055981,0.00000000,0.00000000,0.24964655,0.00000000,0.00000000,0.00093696,0.00000000,0.00000000,0.00000000,0.00000000,0.00000000,1.92658164,0.00000000,0.00000000,0.00000000,0.00000000,0.00000000,0.02909233,0.00000000,0.00000000,0.00000000,0.00000000,0.00000000,0.00000000,0.00000000,0.10523866,0.00000000,0.00000000,0.00000000,0.00000000,0.00731627,0.00000000,0.02193884,0.00000000,0.00000000,0.00000000,0.00000000,0.00000000,0.00000000,0.03030919,0.00000000,0.00979162,0.00000000,0.00000000,0.00000000,0.00000000,0.00131666,0.00000000,0.01640696,0.00000000,0.00000000,0.00000000,0.00000000,0.00000000,0.00000000,0.03482654,0.00000000,0.54309414,0.00000000,0.00000000,0.00000000,0.00000000,0.00000000,0.00000000,0.00000000,0.00000000,0.00000000,0.00000000,0.00000000,0.00000000,0.00000000,0.00000000,0.00000000,0.00000000,0.76714526,0.00000000,0.00000000,0.00000000,0.00000000,0.00000000,0.03803518,0.00000000,0.00000000,0.00000000,0.00000000,0.00000000
0.00000000,0.00363873,0.00000000,0.00000000,0.00000000,0.00000000,0.00000000,0.00000000,0.00000000,0.00000000,0.00000000,0.00000000,0.00000000,0.00000000,0.00000000,0.00000000,0.00000000,0.00000000,0.00000000,0.00000000,0.00000000,0.01195594,0.00000000,0.00000000,0.00000000,0.18287580,0.00000000,0.00000000,0.00000000,0.00000000,0.00000000,0.00000000,0.00000000,0.04687008,0.00000000,0.00000000,0.00000000,0.00000000,0.00000000,0.00000000,0.00000000,0.00000000,0.00207048,0.00000000,0.00000000,0.00000000,0.00000000,0.00000000,0.00000000,0.03090090,0.00000000,0.00000000,0.00000000,0.00000000,0.00000000,0.00000000,0.00000000,0.00000000,0.00000000,0.00000000,0.00000000,0.00000000,0.00543642,0.00000000,0.00000000,0.00000000,0.00000000,0.00000000,0.00000000,0.00000000,0.00000000,0.00000000,0.00000000,0.00000000,0.00000000,0.00000000,0.00000000,0.00000000,0.00000000,0.00000000,0.00000000,0.07113702,0.00000000,0.00000000,0.00000000,0.00000000,0.00000000,0.00000000,0.00996206,0.00000000,0.00000000,0.00000000,0.00000000,0.00000000,0.01322438,0.00000000,0.00000000,0.00000000,0.00000000,0.00000000,0.00000000,0.00000000,0.00000000,0.00000000,0.00000000,0.00000000,0.01922735,0.00000000,0.00000000,0.13138194,0.00000000,0.00000000,0.00000000,0.00000000,0.00000000,0.00000000,0.00000000,0.00000000,0.00000000,0.00000000,0.00000000,0.00000000,0.00000000,0.00000000,0.00000000,0.00000000,0.00000000,0.00000000,0.27433638,0.00000000,0.00000000,0.00404013,0.00000000,0.00533152,0.00911905,0.00000000,0.00000000,0.00000000,0.00000000,0.00000000,0.00000000,0.00000000,0.00000000,0.00000000,0.00000000,0.00000000,0.00000000,0.00522866,0.00000000,0.00000000,0.00000000,0.00000000,0.00000000,0.00000000,0.00000000,0.02030045,0.00000000,0.00000000,0.00000000,0.00000000,0.00000000,0.00000000,0.00000000,0.10501994,0.00000000,0.00169693,0.00000000,0.00000000,0.00000000,0.00000000,0.00000000,0.00269780,0.00000000,0.00000000,0.00000000,0.00000000,0.00000000,0.00000000,0.00000000,0.00000000,0.00000000,0.00000000,0.00000000,0.00000000,0.62283215,0.16472144,0.02792611,0.00000000,0.00000000,0.00000000,0.00000000,0.00000000,0.00000000,0.00000000,0.00000000,0.00079007,0.00000000,0.01474468,0.00000000,0.00000000,0.00000000,0.00000000,0.00000000,0.00000000,0.00000000,0.00000000,0.00000000,0.00000000,0.00000000,0.00000000,0.00695959,0.00000000,0.00000000,0.00000000,0.00000000,0.00000000,0.00000000,0.00000000,0.00000000,0.00000000,0.00000000,0.00000000,0.00000000,0.00000000,0.00932505,0.00000000,0.00000000,0.00000000,0.00000000,0.00000000,0.00000000,0.00000000,0.00000000,0.00000000,0.00000000,0.00000000,0.00000000,0.00000000,0.00000000,0.00000000,0.00000000,0.00000000,0.00000000,0.00000000,0.00000000,0.06767065,0.00557451,0.00000000,0.00000000,0.00000000,0.00000000,0.00000000,0.00000000,0.00000000,0.00000000,0.00911841,0.00000000,0.00000000,0.00000000,0.00751354,0.00223081,0.00000000,0.00000000,0.00000000,0.00000000,0.00000000,0.00000000,0.00000000,0.05405449,0.00000000,0.00000000,0.01320246,0.00000000,0.00000000,0.00000000,0.00066796,0.00000000,0.00000000,0.03329739,0.00000000,0.00000000,0.00000000,0.00000000,0.00000000,0.00000000,0.00000000,0.50637425,0.00000000,0.00000000,0.00000000,0.00000000,0.00000000,0.00000000,0.00000000,0.00000000,0.00000000,0.00000000,0.00000000,0.00000000,0.90056373,0.00000000,0.00000000,0.00000000,0.00307446,0.00000000,0.00424700,0.00000000,0.03738527,0.00000000,0.00000000,0.00000000,0.00000000,0.00000000,0.00000000,0.00000000,0.00000000,0.00000000,0.00000000,0.00000000,0.00000000,0.01852843,0.00000000,0.00000000,0.00000000,0.00000000,0.00000000,0.00000000,0.00000000,0.00000000,0.00000000,0.00000000,0.00000000,1.66087043,0.00000000,0.40989436,0.00000000,0.00000000,0.00000000,0.00000000,0.00000000,0.00000000,0.00478366,0.00000000,0.00000000,0.00000000,0.00000000,0.00000000,0.00000000,0.00000000,0.03173176,0.00000000,0.00000000,0.00000000,0.00000000,0.00000000,0.00000000,0.02434932,0.00000000,0.00000000,0.00000000,0.00000000,0.00000000,0.00000000,0.00000000,0.00000000,0.00000000,0.00093901,0.00000000,0.00000000,0.00000000,0.00000000,0.00000000,0.00000000,0.01195657,0.00000000,0.00000000,0.00000000,0.00203965,0.00000000,0.00000000,0.00000000,0.00000000,0.00000000,0.00000000,0.00000000,0.00000000,0.00000000,0.00000000,0.00000000,0.00000000,0.00000000,0.00000000,0.00000000,0.00000000,0.06009682,0.00000000,0.00000000,0.00000000,0.05041363,0.00000000,0.00492376,0.11728678,0.00000000,0.00000000,0.00000000,0.00000000,0.00075272,0.00000000,0.00000000,0.00000000,0.00000000,0.00000000,0.00000000,0.00000000,0.00000000,0.00125823,0.00000000,0.00374661,0.00000000,0.00000000,0.00000000,0.00000000,0.00000000,0.00000000,0.00000000,0.00000000,0.01783898,0.00000000,0.00000000,0.00693765,0.00444871,0.00000000,0.00000000,0.00716507,0.00000000,0.00799793,0.00000000,0.02312138,0.00915357,0.00000000,0.00000000,0.00220288,0.00000000,0.00000000,0.00000000,0.00146470,0.00000000,0.00917236,0.00000000,0.00000000,0.00000000,0.00000000,0.01952077,0.00000000,0.00000000,0.00000000,0.00000000,0.00000000,0.00000000,0.00000000,0.00302633,0.00000000,0.00000000,0.00000000,0.00000000,0.00000000,0.00000000,0.00000000,0.00000000,0.00000000,0.00749570,0.00000000,0.00000000,0.00000000,0.02370963,0.00000000,0.00000000,0.00000000,0.00000000,0.01722168,0.00878621,0.00000000,0.00000000,0.00000000,0.00000000,0.00000000,0.00000000,0.00000000,0.00000000,0.00000000,0.00000000,0.00204556,0.00000000,0.00000000,0.00000000,0.00000000,0.00000000,0.00000000,0.00000000,0.00000000,0.00000000,0.00000000,0.00000000,0.01900761,0.00000000,0.00000000,0.00000000,0.00000000,0.00000000,0.18964629,0.00000000,0.00000000,0.00000000,0.00000000,0.00000000,0.00000000,0.00000000,0.00000000,0.00167616,0.00000000,0.85097776,0.00000000,0.00000000,0.00000000,0.00000000,0.09339114,0.00000000,0.00000000,0.00000000,0.01553302,0.00000000,0.00000000,0.00000000,0.00000000,0.00000000,0.00000000,0.00000000,0.00483671,0.00000000,0.00000000,0.00000000,0.00000000,0.00000000,0.00000000,0.00000000,0.13657447,0.00000000,0.00000000,0.00000000,0.00571314,0.00000000,0.00000000,0.01500932,0.00000000,0.00000000,0.00000000,0.00000000,0.00000000,0.00000000,0.00815068,0.00162172,0.00000000,0.00000000,0.00609619,0.00000000,0.00000000,0.00000000,0.00000000,0.00373423,0.00000000,0.00000000,0.00000000,0.00000000,0.02609737,0.00000000,0.00000000,0.00000000,0.00000000,0.00000000,0.00000000,0.00000000,0.00000000,0.02239014,0.01309835,0.00000000,0.00000000,0.00000000,0.00000000,0.00000000,0.00000000,0.00000000,0.00000000,0.00000000,0.00000000,0.00000000,0.00000000,0.00000000,0.00000000,0.00000000,0.00000000,0.00000000,0.00000000,0.00000000,0.00000000,0.00000000,0.00000000,0.00000000,0.00000000,0.00000000,0.00000000,0.00000000,0.00000000,0.00000000,0.00000000,0.00000000,0.00000000,0.00000000,0.00000000,0.00000000,0.00000000,0.00000000,0.00000000,0.00000000,0.00000000,0.00000000,0.00000000,0.00000000,0.00000000,0.00000000,0.00000000,0.00000000,0.00000000,0.00000000,0.00000000,0.00000000,0.00000000,0.00000000,0.00000000,0.00000000,0.00000000,0.00000000,0.12508682,0.00000000,0.00000000,0.00759340,1.31281526,0.00000000,0.00000000,0.00000000,0.00000000,0.00000000,0.00000000,0.00000000,0.00000000,0.00000000,0.00000000,0.00000000,0.00000000,0.00000000,0.00000000,0.00000000,0.00000000,0.00000000,0.00000000,0.00000000,0.00000000,0.00000000,0.00000000,0.00000000,0.00000000,0.00000000,0.00000000,0.00000000,0.00000000,0.00000000,0.00000000,0.09917569,0.00000000,0.00000000,0.00000000,0.05002951,0.00000000,0.00000000,0.00000000,0.00000000,0.00000000,0.00000000,0.00000000,0.00000000,0.00142113,0.00731797,0.00000000,0.00419857,0.00293950,0.00000000,0.00000000,0.01245678,0.00000000,0.00964474,0.00000000,0.00000000,0.01210565,0.00000000,0.00000000,0.01377589,0.01245474,0.00000000,0.00000000,0.00000000,0.01824867,0.00000000,0.42897077,0.00000000,0.00000000,0.00000000,0.00000000,0.00000000,0.00000000,0.00000000,0.00000000,0.00000000,0.00000000,0.00453693,0.00000000,0.00000000,0.00000000,0.02083509,0.00000000,0.00000000,0.00000000,0.00000000,0.00000000,0.00000000,0.00000000,0.00000000,0.00908629,0.00000000,0.00000000,0.00000000,0.00000000,0.00000000,0.00000000,0.00000000,0.00390110,0.00000000,0.00000000,0.00000000,0.00000000,0.00000000,0.00000000,0.00000000,0.00000000,0.00000000,0.00118797,0.00000000,0.00000000,0.00000000,0.00000000,0.00109126,0.00000000,0.00000000,0.00000000,0.00000000,0.00000000,0.00000000,0.00000000,0.00000000,0.00000000,0.00000000,0.00000000,0.00000000,0.00000000,0.00000000,0.00000000,0.00000000,0.00000000,0.00000000,0.00000000,0.00000000,0.00000000,0.00000000,0.00000000,0.00000000,0.00000000,0.00000000,0.00000000,0.00000000,0.00000000,0.00000000,0.00000000,0.00000000,0.00000000,0.00000000,0.00000000,0.00000000,0.00000000,0.00000000,0.00000000,0.00000000,0.00000000
0.00000000,0.00000000,0.00000000,0.00000000,0.00000000,0.00000000,0.01167294,0.00000000,0.00280684,0.00078444,0.00000000,0.00000000,0.00000000,0.00000000,0.00000000,0.00000000,0.00000000,0.00000000,0.00000000,0.00000000,0.00000000,0.00000000,0.00000000,0.00000000,0.00000000,0.00000000,0.00000000,0.00000000,0.00000000,0.00000000,0.00000000,0.00000000,0.00000000,0.00000000,0.00000000,0.00000000,0.00000000,0.00980164,0.00000000,0.00000000,0.02427202,0.00000000,0.00000000,0.00000000,0.00000000,0.00000000,0.00000000,0.00000000,0.00000000,0.00000000,0.00000000,0.00000000,0.00000000,0.00000000,0.00000000,0.00145243,0.00000000,0.00000000,0.01275659,0.00000000,0.00000000,0.00000000,0.00000000,0.00000000,0.00000000,0.00000000,0.00000000,0.00000000,0.00000000,0.00000000,0.00395423,0.00000000,0.00000000,0.00547939,0.00000000,0.00000000,0.00000000,0.00000000,0.00000000,0.00205058,0.00000000,0.00000000,0.00000000,0.00000000,0.00000000,0.00000000,0.00000000,0.00000000,0.00000000,0.00000000,0.00000000,0.00000000,0.00000000,0.00626859,0.00000000,0.00000000,0.00000000,0.00000000,0.00000000,0.00000000,0.00000000,0.02803192,0.08295257,0.00000000,0.00000000,0.03985857,0.00000000,0.00333701,0.00000000,0.01316348,0.00000000,0.00000000,0.00000000,0.00000000,0.00000000,0.00000000,0.00000000,0.00000000,0.00000000,0.00000000,0.00000000,0.00111651,0.00000000,0.00000000,0.00000000,0.00000000,0.00352843,0.00000000,0.00000000,0.00000000,0.00000000,0.00000000,0.00000000,0.00000000,0.00000000,0.00000000,0.01346820,0.06598526,0.00000000,0.00413674,0.00000000,0.00000000,0.00000000,0.00000000,0.00000000,0.00000000,0.00000000,0.00351744,0.00000000,0.12017136,0.00000000,0.00000000,0.00000000,0.00000000,0.00000000,0.00000000,0.00000000,0.00000000,0.00000000,0.00000000,0.00000000,0.00000000,0.04490304,0.00000000,0.00000000,0.00000000,0.00000000,0.00000000,0.00000000,0.00000000,0.00000000,0.00000000,0.00885088,0.00000000,0.00000000,0.03663534,0.02389571,0.00000000,0.00000000,0.00000000,0.00000000,0.00000000,0.00000000,0.00000000,0.00000000,0.00000000,0.00000000,0.04451495,0.00000000,0.00000000,0.00000000,0.00000000,0.00073878,0.00000000,0.00000000,0.00000000,0.00000000,0.00000000,0.00000000,0.00000000,0.00000000,0.00000000,0.00000000,0.00000000,0.00000000,0.00000000,0.00000000,0.00345914,0.00000000,0.00000000,0.00000000,0.00000000,0.00000000,0.00000000,0.00000000,0.00000000,0.00000000,0.00000000,0.00000000,0.02161283,0.00000000,0.00000000,0.00000000,0.00000000,0.00000000,0.00000000,0.00000000,0.07690488,0.00000000,0.00000000,0.00000000,0.00000000,0.00000000,0.00000000,0.00000000,0.00000000,0.00000000,0.00000000,0.00000000,0.00000000,0.00000000,0.00000000,0.00000000,0.00000000,0.02679917,0.00000000,0.00000000,0.00000000,0.00000000,0.00000000,0.00000000,0.00000000,0.00000000,0.00000000,0.01514160,0.01047911,0.00000000,0.00000000,0.00000000,0.00000000,0.00000000,0.00000000,0.00000000,0.00259927,0.00000000,0.00000000,0.00000000,0.00000000,0.00000000,0.00000000,0.00000000,0.00000000,0.00000000,0.00000000,0.00000000,0.00000000,0.00000000,0.00000000,0.00000000,0.00000000,0.00000000,0.00000000,0.00000000,0.08384926,0.06856216,0.00000000,0.00000000,0.00000000,0.00000000,0.00000000,0.00000000,0.00000000,0.00000000,0.00000000,0.00000000,0.00000000,0.03759936,0.00000000,0.00000000,0.00000000,0.00200920,0.00000000,0.00331275,0.00000000,0.00000000,0.00000000,0.00000000,0.00000000,0.00000000,0.00000000,0.00000000,0.00000000,0.00000000,0.00076656,0.00000000,0.00000000,0.00000000,0.00000000,0.00000000,0.00000000,0.00000000,0.00000000,0.00000000,0.00813454,0.00000000,0.00000000,0.00000000,0.00000000,0.00000000,0.00000000,0.00000000,0.00000000,0.00467023,0.00000000,0.00000000,0.00000000,0.00000000,0.00000000,0.00000000,0.00000000,0.00000000,0.03307460,0.00000000,0.00000000,0.00000000,0.00000000,0.00000000,0.00000000,0.00000000,0.00000000,0.00000000,0.00453254,0.00000000,0.01164781,0.00000000,0.00000000,1.77393998,0.00000000,0.01312324,0.00000000,0.00000000,0.00000000,0.00000000,0.00000000,0.00000000,0.00000000,0.00000000,0.00000000,0.00000000,0.00000000,0.00000000,0.00000000,0.00000000,0.00000000,0.00000000,0.00000000,0.00000000,0.00000000,0.00606345,0.00000000,0.00000000,0.00977887,0.00000000,0.00000000,0.00000000,0.00000000,0.00000000,0.00325581,0.00000000,0.00131811,0.00000000,0.00000000,0.00000000,0.00000000,0.00000000,0.00000000,0.00000000,0.00965310,0.00000000,0.00000000,0.00000000,0.00000000,0.00000000,0.00000000,0.00000000,0.00000000,0.00080034,0.02494464,0.00000000,0.00000000,0.00000000,0.00000000,0.00000000,0.00000000,0.00000000,0.06353173,0.01958942,0.01447864,0.00000000,0.00000000,0.00000000,0.00000000,0.01187913,0.00000000,0.00000000,0.00000000,0.00000000,0.00000000,0.00000000,0.00000000,0.00000000,0.00000000,0.00332726,0.00000000,0.00000000,0.00000000,0.00000000,0.00000000,0.02691220,0.00000000,0.09399186,0.00000000,0.00000000,0.00000000,0.00000000,0.00000000,0.00000000,0.00000000,0.07349081,0.00000000,0.00000000,0.00000000,0.00000000,0.00000000,0.00000000,0.00000000,0.00000000,0.00000000,0.00000000,0.00000000,1.26564806,0.00000000,0.20537089,0.00000000,0.00000000,0.00000000,0.00000000,0.00000000,0.01509372,0.02378572,0.00000000,0.00000000,0.09262033,0.01272547,0.00000000,0.00000000,0.00000000,0.00000000,0.01263375,0.00000000,0.00000000,0.00000000,0.00000000,0.00000000,0.00000000,0.00000000,0.00000000,0.00000000,0.00000000,0.00000000,0.00000000,0.00215083,0.00000000,0.00000000,0.00000000,0.00000000,0.00000000,0.00000000,0.00000000,0.00000000,0.00000000,0.00578106,0.00000000,0.00363760,0.00000000,0.00000000,0.00000000,0.00263349,0.00000000,0.00000000,0.00000000,0.00134025,0.00000000,0.00000000,0.00000000,0.00000000,0.21155856,0.00113421,0.00000000,0.00000000,0.00000000,0.00000000,0.01011847,0.04906768,0.00000000,0.00000000,0.00000000,0.00000000,0.00000000,0.00000000,0.00000000,0.00000000,0.00000000,0.00000000,0.00000000,0.00000000,0.00000000,0.00000000,0.00000000,0.00000000,0.00000000,0.02716534,0.00000000,0.00000000,0.00000000,0.00000000,0.00000000,0.00000000,0.00000000,0.00000000,0.00000000,0.07487934,0.00000000,0.00000000,0.00124515,0.00884185,0.00000000,0.00000000,0.00000000,0.00000000,0.00000000,0.00317600,0.00000000,0.00000000,0.00000000,0.00000000,0.00000000,0.00000000,0.00000000,0.00000000,0.00000000,0.42433995,0.00000000,0.00000000,0.00000000,0.00000000,0.00000000,0.00000000,0.00000000,0.00000000,0.00000000,0.00000000,0.00000000,0.00000000,0.01145323,0.00000000,0.00866440,0.00000000,0.00000000,0.00000000,0.00000000,0.00000000,0.00000000,0.00325382,0.00000000,0.00000000,0.00000000,0.00000000,0.00000000,0.01680720,0.00000000,0.00000000,0.00000000,0.00000000,0.00000000,0.00000000,0.00000000,0.00000000,0.00000000,0.00000000,1.91754209,0.00000000,0.00000000,0.00000000,0.00000000,0.00076565,0.00479649,0.00000000,0.00000000,0.00608962,0.00000000,0.00000000,0.00000000,0.00000000,0.00000000,0.00000000,0.00000000,0.00000000,0.00000000,0.00000000,0.00000000,0.00000000,0.00000000,0.00000000,0.00000000,0.00000000,0.00000000,0.00064878,0.00000000,0.00773480,0.00000000,0.03781918,0.00000000,0.00000000,0.00000000,0.00000000,0.00000000,0.00000000,0.00000000,0.00000000,0.00000000,0.00000000,0.01409584,0.00000000,0.00000000,0.00000000,0.00000000,0.02314711,0.00000000,0.07778620,0.00000000,0.00000000,0.00000000,0.00000000,0.00000000,0.00000000,0.00000000,0.00000000,0.00000000,0.00000000,0.00000000,0.00000000,0.00000000,0.00000000,0.00000000,0.00000000,0.00000000,0.00000000,0.00000000,0.00000000,0.00000000,0.00781169,0.00000000,0.00000000,0.00000000,0.00000000,0.00000000,0.00000000,0.00000000,0.00000000,0.00000000,0.00000000,0.00000000,0.00000000,0.01507647,0.00000000,0.01192924,0.00000000,0.00145720,0.00000000,0.00000000,0.00000000,0.00000000,0.00000000,0.00000000,0.00000000,0.00000000,0.00000000,0.00000000,0.00000000,0.00000000,0.00000000,0.01680449,0.00000000,0.00000000,0.00000000,0.00000000,0.00000000,0.00000000,0.00000000,0.00000000,0.00325651,0.00000000,0.00000000,0.00000000,0.00000000,0.00000000,0.00000000,0.00000000,0.00000000,0.00000000,0.00000000,0.00000000,0.00262631,0.00000000,0.00000000,0.00000000,0.00000000,0.00000000,0.00000000,0.00000000,0.00000000,0.00000000,0.00000000,0.00000000,0.00000000,0.00000000,0.01538966,0.00000000,0.00000000,0.00000000,0.00000000,0.00000000,0.00000000,0.00000000,0.00000000,0.00000000,0.00979370,0.00000000,0.00000000,0.00000000,0.00000000,0.00000000,0.00000000,0.00000000,0.00000000,0.00000000,0.00000000,0.00000000,0.00000000,0.00000000,0.00000000,0.00000000,0.00000000,0.00000000,0.00000000,0.00000000,0.00000000,0.00000000,0.01184836,0.00000000,0.00000000,0.00000000,0.01712227,0.00000000,0.00000000,0.00000000,0.00257270,0.00000000,0.00000000,0.00000000,0.00000000,0.00823569,0.00000000,0.00000000,0.02505850,0.00000000,0.00000000,0.00000000,0.00000000
0.00000000,0.00000000,0.00976536,0.00000000,0.00000000,0.00000000,0.00000000,0.00000000,0.00000000,0.00000000,0.00000000,0.00000000,0.01342070,0.00000000,0.00000000,0.00000000,0.00000000,0.00000000,0.00000000,0.00000000,0.00000000,0.00000000,0.00000000,0.00000000,0.00000000,0.00000000,0.00051348,0.00000000,0.00000000,0.00000000,0.00000000,0.00000000,0.00306536,0.00000000,0.00000000,0.00000000,0.00000000,0.00771104,0.00000000,0.00000000,0.00000000,0.00000000,0.00000000,0.00000000,0.00000000,0.00000000,0.00000000,0.04505720,0.00000000,0.00000000,0.00000000,0.00000000,0.00000000,0.00000000,0.00000000,0.00333457,0.00000000,0.00000000,0.00000000,0.00000000,0.03997055,0.00000000,0.00000000,0.00000000,0.00000000,0.00000000,0.00000000,0.00000000,0.00000000,0.00000000,0.00000000,0.00000000,0.00716689,0.00000000,0.00000000,0.00000000,0.00000000,0.00000000,0.00000000,0.00000000,0.00000000,0.00000000,0.00000000,0.00000000,0.00000000,0.03258391,0.00000000,0.00000000,0.00000000,0.00000000,0.00000000,0.00000000,0.32417006,0.00000000,0.00000000,0.00000000,0.00000000,0.00069256,0.00000000,0.00000000,0.00000000,0.00000000,0.00000000,0.00000000,0.00000000,0.00000000,0.00000000,0.00000000,0.00000000,0.00000000,0.00000000,0.00000000,0.00000000,0.00000000,0.00000000,0.00000000,0.00000000,0.00000000,0.00000000,0.00000000,0.00000000,0.00000000,0.00000000,0.00000000,0.00000000,0.00000000,0.00000000,0.00000000,0.00000000,0.00000000,0.00000000,0.00000000,0.00000000,0.00000000,0.00000000,0.00000000,0.00000000,0.00000000,0.00000000,0.00000000,0.00000000,0.00092791,0.00000000,0.00000000,0.00000000,0.00000000,0.00000000,0.00000000,0.00000000,0.00000000,0.00000000,0.00000000,0.00000000,0.00000000,0.00000000,0.00452640,0.00000000,0.00000000,0.00000000,0.00000000,0.00000000,0.00000000,0.00000000,0.00000000,0.00000000,0.00000000,0.00000000,0.00000000,0.00000000,0.00000000,0.00000000,0.00000000,0.00000000,0.00000000,0.00000000,0.00000000,0.00000000,0.00558358,0.01117378,0.00000000,0.00000000,0.00000000,0.00000000,0.00000000,0.00234177,0.07369462,0.00000000,0.00000000,0.00000000,0.00000000,0.00254138,0.00000000,0.00000000,0.00000000,0.00000000,0.00000000,0.00000000,0.03888078,0.00000000,0.00000000,0.00622640,0.00000000,0.00000000,0.00000000,0.00000000,0.00000000,0.00000000,0.00000000,0.00000000,0.00000000,0.00000000,0.00000000,0.00000000,0.00000000,0.00000000,0.00000000,0.00000000,0.02828406,0.00245429,0.00000000,0.00000000,0.53252805,0.00000000,0.00000000,0.00000000,0.00000000,0.00000000,0.00538169,0.00000000,0.00000000,0.00000000,0.00000000,0.00448638,0.00000000,0.00000000,0.00000000,0.00000000,0.00000000,0.01392372,0.00000000,0.00000000,0.00000000,0.00000000,0.00000000,0.00000000,0.00000000,0.00000000,0.00000000,0.00000000,0.00000000,0.00000000,0.00000000,0.00000000,0.00185285,0.00000000,0.00000000,0.00000000,0.00000000,0.00000000,0.00000000,0.00000000,0.00000000,0.00000000,0.00504503,0.00000000,0.00000000,0.00000000,0.00000000,0.00000000,0.00000000,0.00000000,0.00100122,0.00000000,0.00000000,0.00000000,0.00000000,0.00000000,0.36462463,0.00000000,0.02000428,0.00000000,0.00000000,0.00000000,0.03473829,0.00000000,0.15912218,0.00000000,0.00000000,0.00000000,0.00000000,0.00000000,0.00000000,0.00179768,0.00000000,0.00000000,0.00000000,0.00000000,0.00000000,0.00000000,0.00000000,0.00000000,0.00000000,0.00000000,0.00000000,0.00000000,0.02224198,0.00000000,0.00575052,0.10462177,0.00000000,0.00000000,0.02185108,0.00225993,0.00000000,0.03174185,0.00000000,0.00000000,0.00000000,0.00000000,0.00000000,0.00000000,0.00000000,0.00000000,0.00000000,0.00000000,0.00000000,0.00000000,0.00000000,0.00000000,0.03058530,0.01506969,0.00000000,0.00000000,0.00000000,0.00000000,0.00000000,0.00000000,0.00000000,0.00000000,0.00000000,0.00000000,0.00913849,0.00000000,0.00000000,0.00000000,0.02041630,0.00000000,0.00000000,0.00000000,0.00000000,0.00000000,0.00000000,0.00000000,0.00000000,0.00000000,0.00000000,0.00000000,0.00848973,0.00000000,0.00000000,0.08258527,0.00000000,0.00000000,0.00000000,0.00000000,0.00507099,0.00000000,0.00000000,0.01169653,0.00000000,0.00000000,0.00000000,0.00000000,0.00000000,0.00000000,0.00000000,0.02388446,1.47991701,0.00000000,0.00000000,0.00202708,0.00000000,0.00000000,0.00000000,0.00000000,0.00000000,0.00000000,0.00649591,0.00000000,0.00000000,0.00506932,0.00328925,0.00000000,0.00000000,0.00379572,0.00000000,0.00000000,0.00000000,0.00000000,0.00000000,2.11769254,0.00000000,0.00000000,0.00000000,0.00000000,0.01483773,0.00357240,0.00000000,0.00074863,0.00000000,0.00000000,0.00000000,0.00000000,0.00000000,0.00801840,0.00000000,0.00000000,0.00000000,0.00000000,0.00000000,0.00000000,0.00000000,0.00000000,0.00000000,0.00000000,0.00000000,0.00000000,0.00000000,0.00000000,0.00000000,0.00000000,0.07402148,0.00000000,0.00000000,0.00000000,0.02696226,0.00000000,0.00000000,0.00000000,0.00000000,0.00000000,0.00000000,0.00000000,0.00000000,0.00000000,0.00000000,0.00000000,0.00000000,0.00000000,0.00000000,0.00000000,0.00000000,0.02381054,0.00000000,0.00000000,0.00000000,0.00661338,0.00000000,0.00188696,0.00000000,0.00000000,0.00367608,0.00000000,0.00000000,0.00000000,0.00000000,0.01343512,0.00000000,0.00968023,0.00000000,0.00000000,0.00000000,0.00000000,0.00000000,0.00000000,0.00000000,0.00000000,0.00000000,0.00000000,0.00000000,0.00000000,0.00000000,0.00000000,0.00000000,0.00000000,0.00000000,0.00000000,0.00000000,0.00000000,0.00000000,0.00000000,0.00000000,0.00000000,0.26185016,0.00000000,0.00000000,0.00000000,0.00000000,0.00000000,0.00000000,0.00000000,0.00000000,0.00000000,0.00000000,0.00000000,0.00000000,0.00000000,0.00000000,0.00000000,0.00000000,0.02894544,0.00000000,0.00000000,0.00000000,0.00505386,0.00000000,0.00000000,0.00000000,0.00000000,0.00000000,0.00811814,0.00000000,0.00000000,0.00000000,0.00000000,0.00000000,0.00000000,0.00000000,0.00000000,0.00000000,0.00000000,0.00000000,0.01060522,0.00000000,0.00000000,0.00000000,0.00000000,0.00000000,0.00000000,0.00000000,0.00000000,0.00000000,0.00000000,0.03634789,0.04475768,0.00000000,0.00000000,0.00000000,0.00000000,0.00000000,0.00000000,0.00000000,0.00000000,0.00000000,0.00000000,0.00483892,0.00000000,0.00000000,0.00000000,0.00000000,0.00000000,0.01370575,0.00000000,0.00000000,0.00000000,0.00000000,0.00000000,0.00000000,0.04754155,0.18643332,0.00000000,0.00000000,0.00000000,0.00000000,0.00000000,0.00000000,0.00347366,0.00000000,0.00000000,0.00000000,0.00000000,0.00889541,0.00000000,0.00000000,0.00000000,0.00000000,0.00000000,0.00000000,0.00000000,0.00147180,0.00000000,0.00000000,0.00000000,0.00000000,0.00000000,0.00000000,0.00000000,0.00000000,0.00000000,0.00000000,0.00000000,0.00000000,0.00000000,0.00000000,0.00000000,0.00000000,0.00000000,0.00000000,0.00000000,0.00000000,0.00000000,0.00487728,0.00000000,0.00000000,0.00000000,0.00000000,0.00000000,0.00000000,0.00000000,0.00362833,0.09961505,0.00000000,0.00000000,0.00000000,0.00000000,0.00000000,0.00000000,0.00000000,0.00551103,0.00000000,0.00000000,0.00000000,0.00000000,0.00000000,0.00000000,0.00000000,0.00000000,0.00000000,0.01696128,0.23096914,0.00000000,0.00000000,0.00000000,0.00000000,0.00770529,0.00000000,0.03093028,0.01281901,0.00000000,0.00000000,0.00000000,0.00000000,0.00000000,0.00000000,0.00000000,0.00000000,0.41574187,0.00000000,0.00000000,0.00000000,0.00000000,0.00000000,0.00000000,0.00000000,0.00000000,0.00000000,0.00335231,0.00000000,0.02809167,0.00246674,0.00000000,0.00000000,0.00000000,0.00000000,0.00000000,0.00000000,0.00000000,0.00000000,0.00000000,0.00000000,0.00000000,0.10333544,0.00000000,0.00000000,0.00000000,0.00000000,0.00000000,0.00000000,0.00000000,0.00000000,0.00000000,0.00088267,0.00000000,0.00000000,0.00000000,0.00299292,0.00000000,0.01664905,0.00052836,0.00000000,0.00000000,0.00000000,0.08205273,0.00000000,0.00000000,0.00000000,0.00000000,0.31776599,2.43565854,0.00000000,0.00000000,0.00000000,0.00000000,0.00000000,0.00000000,0.00000000,0.00000000,0.00000000,0.00000000,0.00000000,0.00000000,0.00000000,0.00000000,0.00000000,0.00000000,0.00000000,0.00000000,0.00000000,0.00000000,0.00000000,0.00000000,0.00000000,0.04978704,0.00000000,0.00000000,0.00000000,0.00000000,0.00100217,0.00000000,0.00000000,0.00000000,0.00000000,0.00000000,0.00000000,0.00000000,0.00000000,0.00000000,0.00000000,0.00453492,0.00000000,0.00000000,0.00000000,0.00000000,0.00000000,0.00000000,0.00000000,0.00082919,0.00000000,0.00000000,0.00000000,0.00000000,0.00000000,0.00000000,0.00000000,0.00000000,0.00000000,0.00000000,0.00000000,0.00000000,0.00000000,0.00000000,0.00000000,0.00000000,0.00000000,0.00000000,0.00584372,0.00000000,0.00000000,0.00000000,0.00000000,0.00000000,0.00000000,0.02941861,0.00000000,0.00000000,0.00000000,0.00000000,0.00000000,0.00000000,0.08187474,0.00000000,0.00000000,0.00000000,0.01263830,0.00342277,0.01256353,0.00000000,0.00000000,0.00000000,0.00000000
0.00000000,0.00000000,0.00000000,0.00299897,0.00000000,0.02732238,0.00000000,0.00000000,0.00000000,0.00000000,0.00000000,0.00000000,0.00000000,0.00000000,0.00000000,0.00000000,0.00000000,0.00000000,0.00000000,0.00000000,0.00000000,0.00000000,0.00000000,0.00000000,0.00000000,0.00000000,0.00000000,0.00000000,0.01340619,0.00000000,0.00000000,0.00000000,0.00000000,0.00000000,0.00000000,0.00000000,0.00000000,0.00499127,0.00000000,0.00000000,0.00000000,0.00116338,0.00145589,0.00000000,0.00000000,0.00000000,0.00000000,0.00000000,0.00000000,0.00000000,0.00000000,0.00000000,0.00000000,0.00000000,0.00000000,0.00000000,0.00000000,0.00000000,0.00451758,0.00000000,0.00000000,0.00246030,0.00000000,0.00000000,0.00000000,0.00000000,0.05628585,0.00000000,0.00000000,0.00000000,0.00000000,0.00000000,0.00000000,0.00000000,0.00000000,0.00128465,0.00266410,0.00000000,0.01543708,0.00000000,0.00000000,0.00000000,0.00000000,0.00626273,0.14357571,0.00000000,0.00000000,0.01242805,0.00000000,0.00000000,0.00457933,0.02952278,0.00000000,0.00000000,0.00000000,0.00000000,0.00000000,0.00000000,0.00000000,0.00000000,0.00000000,0.00000000,0.00000000,0.00000000,0.08670587,0.05759183,0.00152103,0.00000000,0.00000000,0.00000000,0.00000000,0.00248928,0.00000000,0.00000000,0.00071714,0.00000000,0.00000000,0.00000000,0.00000000,0.00000000,0.00000000,0.00000000,0.00000000,0.00000000,0.00000000,0.00000000,0.00000000,0.00000000,0.00000000,0.00000000,0.00000000,0.13388358,0.00000000,0.00707791,0.02288211,0.00000000,0.00150005,0.00000000,0.00000000,0.00000000,0.00000000,0.00171291,0.00000000,0.00000000,0.00000000,0.00000000,0.00000000,0.00000000,0.00000000,0.00000000,0.00000000,0.00000000,0.00000000,0.00000000,0.00000000,0.00000000,0.00000000,0.00000000,0.00000000,0.00000000,0.00000000,0.00000000,0.00000000,0.00000000,0.00000000,0.00000000,0.00000000,0.00000000,0.00000000,0.00000000,0.00000000,0.03729511,0.00000000,0.00000000,0.00000000,0.00000000,0.00000000,0.00000000,0.00000000,0.00000000,0.00000000,0.00000000,0.00000000,0.00000000,0.00681925,0.00000000,0.00000000,0.00000000,0.00000000,0.00000000,0.02743317,0.00000000,0.00000000,0.00000000,0.00000000,0.00000000,0.00000000,0.00000000,0.00000000,0.00000000,0.00000000,0.00000000,0.00000000,0.00000000,0.00000000,0.00000000,0.00000000,0.00000000,0.00000000,0.00000000,0.00000000,0.00000000,0.00000000,0.00000000,0.00000000,0.00000000,0.00000000,0.00000000,0.03136763,0.00000000,0.00000000,0.00000000,0.00000000,0.00000000,0.00000000,0.00220893,1.38347689,0.00000000,0.00000000,0.00000000,0.00000000,0.00000000,0.00000000,0.00000000,0.00000000,0.00230304,0.00000000,0.00000000,0.00000000,0.00000000,0.03789631,0.00000000,0.00000000,0.00000000,0.00000000,0.00000000,0.00000000,0.00000000,0.01064050,0.00000000,0.00000000,0.00000000,0.00000000,0.00000000,0.00000000,0.00000000,0.00000000,0.00542912,0.00000000,0.00000000,0.00000000,0.00000000,0.01018623,0.00000000,0.01796653,0.02262071,0.03515327,0.00000000,0.00000000,0.00000000,0.00000000,0.00000000,0.00000000,0.00000000,0.00000000,0.00000000,0.00000000,0.01188692,0.00000000,0.00000000,0.00000000,0.00000000,0.00000000,0.00000000,0.00400505,0.00000000,0.00232955,0.00000000,0.00000000,0.00000000,0.00000000,0.00000000,0.00000000,0.00257875,0.00000000,0.00000000,0.00000000,0.00000000,0.00000000,0.01019924,0.00000000,0.00000000,0.00000000,0.00000000,0.00000000,0.00000000,0.00000000,0.00000000,0.00000000,0.00000000,0.02997125,0.00000000,0.00000000,0.00327629,0.00578999,0.00000000,0.00000000,0.02543165,0.00000000,0.00000000,0.00000000,0.00000000,0.00000000,0.04355510,0.00195883,0.00000000,0.00000000,0.00000000,0.03058530,0.00000000,0.84030922,0.00000000,0.01066227,0.00000000,0.00000000,0.00000000,0.00755990,0.00000000,0.00000000,0.00000000,0.00000000,0.00000000,0.00000000,0.00000000,0.00000000,0.00000000,0.00000000,0.00000000,0.00000000,0.00000000,0.00000000,0.00000000,0.00000000,0.00000000,0.00000000,0.00000000,0.00000000,0.00000000,0.00000000,0.00000000,0.00000000,0.00000000,0.00000000,0.00000000,0.00000000,0.00000000,0.00000000,0.00000000,0.00000000,0.00334903,0.11461015,0.00000000,0.00086481,0.00372919,0.00000000,0.00000000,0.98420659,0.00000000,0.00000000,0.00000000,0.00000000,0.00000000,0.00000000,0.00000000,0.00000000,0.00000000,0.00000000,0.00000000,0.00000000,0.00347690,0.01331010,1.61601393,0.00000000,0.00000000,0.00000000,0.00000000,0.00223261,0.00000000,0.03038191,0.00000000,0.00000000,0.00743091,0.00000000,0.00000000,0.00000000,0.00000000,0.00000000,0.00000000,0.00000000,0.00000000,0.00000000,0.00000000,0.00000000,0.00000000,0.00000000,0.00000000,0.00000000,0.00000000,0.00000000,0.00000000,0.00000000,0.00000000,0.00000000,0.00612541,0.00000000,0.00000000,0.00136001,0.00000000,0.00000000,0.00000000,0.00000000,0.00000000,0.00000000,0.00000000,0.00000000,0.00000000,0.00000000,0.00000000,0.00000000,0.00129862,0.00000000,0.00000000,0.00000000,0.00000000,0.00000000,0.00000000,0.00000000,0.00000000,0.00000000,0.00000000,0.00000000,0.00000000,0.00000000,0.00000000,0.00000000,0.00000000,0.00000000,0.00000000,0.00000000,0.00000000,0.00000000,0.00000000,0.00000000,0.00000000,0.00000000,0.00000000,0.00000000,0.01383161,0.00000000,0.00000000,0.00000000,0.00000000,0.00000000,0.00000000,0.00000000,0.00000000,0.00000000,0.00000000,0.00000000,0.00000000,0.00818414,0.00216001,0.00000000,0.00000000,0.00000000,0.00000000,0.00000000,0.00000000,0.00000000,0.00000000,0.00000000,0.00000000,0.00383130,0.00000000,0.00000000,0.00000000,0.00208611,0.00000000,0.00000000,0.00000000,0.00000000,0.00000000,0.03373997,0.00000000,0.00000000,0.00000000,0.00000000,0.00000000,0.00000000,0.00000000,0.00000000,0.00000000,0.00000000,0.00000000,0.00000000,0.00000000,0.00066545,0.00000000,0.00000000,0.00000000,0.00000000,0.00000000,0.00000000,0.00000000,0.00000000,0.00851555,0.00000000,0.00000000,0.00000000,0.00000000,0.00000000,0.00000000,0.00000000,0.00000000,0.00000000,0.00000000,0.00000000,0.00000000,0.00076554,0.00000000,0.00000000,0.00000000,0.00000000,0.00000000,0.00000000,0.00000000,0.00539077,0.00000000,0.04256412,0.00000000,0.00765191,0.00000000,0.00000000,0.00000000,0.00000000,0.00000000,0.00000000,0.00000000,0.00000000,0.27942973,0.00000000,0.00000000,0.00000000,0.00000000,0.00000000,0.00000000,0.00000000,0.00000000,0.00000000,0.00000000,0.00000000,0.02757463,0.00000000,0.00000000,0.00000000,0.00000000,0.00000000,0.00000000,0.00000000,0.00000000,0.00000000,0.00000000,0.00199031,1.64577959,0.00000000,0.00000000,0.06248553,0.00000000,0.00000000,0.00000000,0.00000000,0.00000000,0.00000000,0.00000000,0.00000000,0.00000000,0.00000000,0.00000000,0.00000000,0.00000000,0.00000000,0.00000000,0.00000000,0.00000000,0.00000000,0.00000000,0.00000000,0.00000000,0.00000000,0.02934007,0.00000000,0.00000000,0.00000000,0.00000000,0.00110009,0.00000000,0.00000000,0.00000000,0.00724350,0.00000000,0.00000000,0.00000000,0.00000000,0.00000000,0.00000000,0.00000000,0.00000000,0.00000000,0.02050824,0.00000000,0.00000000,0.00000000,0.00000000,0.00000000,0.00000000,0.00000000,0.00000000,0.00000000,0.00000000,0.00000000,0.00000000,0.00000000,0.00000000,0.00000000,0.00000000,0.00000000,0.00000000,0.00000000,0.00000000,0.00000000,0.00000000,0.00000000,0.00000000,0.00380186,0.00000000,0.00000000,0.00000000,0.00000000,0.00000000,0.00000000,0.02666200,0.00000000,0.00341663,0.00000000,0.00000000,0.00000000,0.00000000,0.00000000,0.00000000,0.00000000,0.00000000,0.01691467,0.00000000,0.00000000,0.00000000,0.00000000,0.00000000,0.24662599,0.00000000,0.01332119,0.00000000,0.00000000,0.00000000,0.00847466,0.00000000,0.00000000,0.41660521,0.00000000,0.00000000,0.00000000,0.00000000,0.00000000,0.00000000,0.00000000,0.00000000,0.00000000,0.00000000,0.00437982,0.00000000,0.00000000,0.00000000,0.00000000,0.00000000,0.00000000,0.00000000,0.00000000,0.00000000,0.00000000,0.00000000,0.00000000,0.00000000,0.00181579,0.00000000,0.00000000,0.00000000,0.00000000,0.00000000,0.00000000,0.00000000,0.00000000,0.00000000,0.00000000,0.00000000,0.00000000,0.00000000,0.13150938,0.00000000,0.00000000,0.00000000,0.00454323,0.00000000,0.00000000,0.01958225,0.00000000,0.00000000,0.00000000,0.00000000,0.00000000,0.00000000,0.01362831,0.00000000,0.00000000,0.00000000,0.00000000,0.00000000,0.00000000,0.00000000,0.00000000,0.00000000,0.00000000,0.07089010,0.00000000,0.03178282,0.00000000,0.00000000,0.00000000,0.00000000,0.00000000,0.00000000,0.00000000,0.03838809,0.00000000,0.00292481,0.00000000,0.00000000,0.00000000,0.00000000,0.00000000,0.00000000,0.00000000,0.00000000,0.00808220,0.00000000,0.00000000,0.00000000,0.95360699,0.00000000,0.00000000,0.00906779,0.00000000,0.00000000,0.00000000,0.00000000,0.00000000,0.00000000,0.00000000,0.00000000,0.00000000,0.00000000,0.00184382,0.00000000,0.00000000,0.00000000,0.00000000,0.00000000,0.00000000,0.01160987,0.00000000,0.00000000,0.00000000
0.00563682,0.00000000,0.00000000,0.00000000,0.00000000,0.00000000,0.00000000,0.00000000,0.00000000,0.00000000,0.00000000,0.00000000,0.00000000,0.00000000,0.00097823,0.00000000,0.00000000,0.00000000,0.00000000,0.00000000,0.01780448,0.04184173,0.00000000,0.00000000,0.00000000,0.00000000,0.00000000,0.00000000,0.00000000,0.00000000,0.00000000,0.00000000,0.00406948,0.00000000,0.00000000,0.00000000,3.81516959,0.00000000,0.04928867,0.00000000,0.00000000,0.00000000,0.00532769,0.00000000,0.00000000,0.00000000,0.00000000,0.00000000,0.00000000,0.00000000,0.00000000,0.00284817,0.00994199,0.00000000,0.00000000,0.00000000,0.00000000,0.00000000,0.00000000,0.00000000,0.00250752,0.00000000,0.00000000,0.00000000,0.00000000,0.00000000,0.00000000,0.00000000,0.00000000,0.00000000,0.04172297,0.00000000,0.00000000,0.00000000,0.00000000,0.00000000,0.00000000,0.01173661,0.00000000,0.00000000,0.00000000,0.00000000,0.00000000,0.00748048,0.00000000,0.00498681,0.00000000,0.03164432,0.00566802,0.00000000,0.00127070,0.00000000,0.00000000,0.00624912,0.00000000,0.00000000,0.00000000,0.00000000,0.00000000,0.00000000,0.00000000,0.00000000,0.00000000,0.00000000,0.00000000,0.48132649,0.00000000,0.03066033,0.00000000,0.00000000,0.00000000,0.00000000,0.00000000,0.00000000,0.00000000,0.00000000,0.00000000,0.00000000,0.00000000,0.00000000,0.00000000,1.84794058,0.00000000,0.00000000,0.00000000,0.00000000,0.00000000,0.00000000,0.00000000,0.00000000,0.00000000,0.03458716,0.00000000,0.00000000,0.03060720,0.00000000,0.00000000,0.00453944,0.00000000,0.00000000,0.00000000,0.00180323,0.00000000,0.00249401,0.00000000,0.00000000,0.00000000,0.00000000,0.00000000,0.00000000,0.00000000,0.00000000,0.00000000,0.00000000,0.00000000,0.00000000,0.00000000,0.00000000,0.00000000,0.02222035,0.00000000,0.16382055,0.00000000,0.00000000,0.00000000,0.00000000,0.00000000,0.00000000,0.00000000,0.00000000,0.00000000,0.00000000,0.00000000,0.00000000,0.00000000,0.00000000,0.00000000,0.00000000,0.00000000,0.00000000,0.00000000,0.00000000,0.01868066,0.00000000,0.00222910,0.00000000,0.00365615,0.00000000,0.01024247,0.00000000,0.00000000,0.00000000,0.00000000,0.00000000,0.00000000,0.00000000,0.00000000,0.00000000,0.00000000,0.00000000,0.00000000,0.00000000,0.00000000,0.02840391,0.00000000,0.00000000,0.00000000,0.00000000,0.00000000,0.00000000,0.00000000,0.00000000,0.00000000,0.00000000,0.00000000,0.00000000,0.00000000,0.00000000,0.00000000,0.00000000,0.00000000,0.00970843,0.00000000,0.01496910,0.00000000,0.00000000,0.00000000,0.01934572,0.00000000,0.04633777,0.00000000,0.00000000,0.00000000,0.00000000,0.00000000,0.00000000,0.00000000,0.00000000,0.00000000,0.00000000,0.00612793,0.00401965,0.00000000,0.00276181,0.00098556,0.00000000,0.00000000,0.00000000,0.00000000,0.00000000,0.00000000,0.00000000,0.00000000,0.00000000,0.00000000,0.00000000,0.00000000,0.00000000,0.00000000,0.00197080,0.00000000,0.00000000,0.00000000,0.00000000,0.39683148,0.00000000,0.00000000,0.00000000,0.00000000,0.00000000,0.00000000,0.00000000,0.00000000,0.00000000,0.00000000,0.00000000,0.00000000,0.00000000,0.00000000,0.00000000,0.00000000,0.00000000,0.00000000,0.00000000,0.00000000,0.00000000,0.00000000,0.00000000,0.00000000,0.00454931,0.12291278,0.00000000,0.00000000,0.00000000,0.00000000,0.00000000,0.00000000,0.00000000,0.00000000,0.00000000,0.00000000,0.00000000,0.00000000,0.00000000,0.00000000,0.00000000,0.00000000,0.00000000,0.00302394,0.00000000,0.00000000,0.00000000,0.00000000,0.00000000,0.00000000,0.00000000,0.00000000,0.00000000,0.00000000,0.00000000,0.00000000,0.00000000,0.00000000,0.00000000,0.00000000,0.00000000,0.00000000,0.00000000,0.01506969,0.84030922,0.00000000,0.00000000,0.00000000,0.00000000,0.00000000,0.00000000,0.00000000,0.00000000,0.00000000,0.00000000,0.00000000,0.00000000,0.00000000,0.00000000,0.00000000,0.00234642,0.00000000,0.00000000,0.00569727,0.00895913,0.00000000,0.00000000,0.00000000,0.00000000,0.00000000,0.00000000,0.00000000,0.00000000,0.00000000,0.00000000,0.00000000,0.00000000,0.13075169,0.00000000,0.00000000,0.00000000,0.00000000,0.00414306,0.00079627,0.00000000,0.00000000,0.02333394,0.00000000,0.00000000,0.15000174,0.00000000,0.00000000,0.00000000,0.00000000,0.00000000,0.00000000,0.13553235,0.00000000,0.00000000,0.00000000,0.00000000,0.00000000,0.00000000,0.00000000,0.00145151,2.20262730,0.00000000,0.00373184,0.00000000,0.00000000,0.00000000,0.00000000,0.00000000,0.00000000,0.00000000,0.00000000,0.00000000,0.00000000,0.00000000,0.00000000,0.00000000,0.00000000,0.00000000,0.00000000,0.01367898,0.00000000,0.00000000,0.00000000,0.01793365,0.00000000,0.00000000,0.00000000,0.00000000,0.00000000,0.00000000,0.00000000,0.00000000,0.00000000,0.00000000,0.00620559,0.00000000,0.00000000,0.00000000,0.00000000,0.00000000,0.00000000,0.74593733,0.00000000,0.00000000,0.00000000,0.00000000,0.00000000,0.00000000,0.00628105,0.00000000,0.00000000,0.00000000,0.00510415,0.00000000,0.00000000,0.00000000,0.00000000,0.09117212,0.00000000,0.02607641,0.00000000,0.00000000,0.01035628,0.00000000,0.00000000,0.00000000,0.00000000,0.00000000,0.00000000,0.00000000,0.00348581,0.00000000,0.00000000,0.35125846,0.00000000,0.00000000,0.00000000,0.01125098,0.00000000,0.00000000,0.00337083,0.00000000,0.00000000,0.00000000,0.00000000,0.10051305,0.00630380,0.00000000,0.00000000,0.02362477,0.00000000,0.00000000,0.11493359,0.00000000,0.00000000,0.00000000,0.00000000,0.00000000,0.00000000,0.04699086,0.00000000,0.00000000,0.00000000,0.00000000,0.00000000,0.00000000,0.00000000,0.00000000,0.00000000,0.00000000,0.00000000,0.00000000,0.00000000,0.00000000,0.00000000,0.00000000,0.00000000,0.00000000,0.00000000,0.00000000,0.00000000,0.00000000,0.00000000,0.00000000,0.00000000,0.00000000,0.00000000,0.00000000,0.00000000,0.00000000,0.00000000,0.00000000,0.00000000,0.00000000,0.00000000,0.00000000,0.00000000,0.00000000,0.01002459,0.00000000,0.00000000,0.00000000,0.00000000,0.00000000,0.00000000,0.00000000,0.00000000,0.00000000,0.00000000,0.00000000,0.00000000,0.00000000,0.00000000,0.00000000,0.00000000,0.00000000,0.00000000,0.00000000,0.00000000,0.00000000,0.00000000,0.00000000,0.01966872,0.00000000,0.00000000,0.00274742,0.00000000,0.00000000,0.00000000,0.00000000,0.00253245,0.00000000,0.00000000,0.00000000,0.00000000,0.00000000,0.00000000,0.00000000,0.00000000,0.00000000,0.01132910,0.00000000,0.00000000,0.00000000,0.00000000,0.00000000,0.00000000,0.00000000,0.00000000,0.00352683,0.00000000,0.00000000,0.00000000,0.00000000,0.00000000,0.00000000,0.00000000,0.00000000,0.00000000,0.00000000,0.00000000,0.00000000,0.00000000,0.00000000,0.00000000,0.00000000,0.48101572,0.00000000,0.05548168,0.00000000,0.00000000,0.00430246,0.00000000,0.00000000,0.00000000,0.00000000,0.00000000,0.00000000,0.00000000,0.00193424,0.02955485,0.00000000,0.00000000,0.00000000,0.00000000,0.00000000,0.00000000,0.00000000,0.00000000,0.00000000,0.00000000,0.00000000,0.04784614,0.00000000,0.00000000,0.00000000,0.00000000,0.00000000,0.00000000,0.00000000,0.00000000,0.00253218,0.00000000,0.00000000,0.00000000,0.00000000,0.75099701,0.00000000,0.00000000,0.00000000,0.00000000,0.00000000,0.00000000,0.00000000,0.00847046,0.00000000,0.00000000,0.00000000,0.00000000,0.00000000,0.00000000,0.00000000,0.00000000,0.00000000,0.00000000,0.00000000,0.00000000,0.00000000,0.00000000,0.00000000,0.00135630,0.00000000,0.00000000,0.00000000,0.00000000,0.00000000,0.05947606,0.00000000,0.00000000,0.00000000,0.00000000,0.00000000,0.00000000,0.01081990,0.00000000,0.52542518,0.00000000,0.00000000,0.00000000,0.00000000,0.00000000,0.00000000,0.00000000,0.00000000,0.00000000,0.27388401,0.00360744,0.00000000,0.00093384,0.00000000,0.00000000,0.00000000,0.00000000,0.00000000,0.00000000,0.00000000,0.00000000,0.00000000,0.00000000,0.00000000,0.00000000,0.00000000,0.00000000,0.00000000,0.00000000,0.00000000,0.03507864,0.96849693,0.00399703,0.00000000,0.00000000,0.08110589,0.00000000,0.09088664,0.00000000,0.00000000,0.00000000,0.00000000,0.00000000,0.00000000,0.00000000,0.00000000,0.00000000,0.00000000,0.00000000,0.00000000,0.00000000,0.00000000,0.00848640,0.00000000,0.00189355,0.04029260,0.00000000,0.00000000,0.00000000,0.00000000,0.00000000,0.00000000,0.00000000,0.00000000,0.00000000,0.00000000,0.00270788,0.00000000,0.00000000,0.00000000,0.00000000,0.00000000,0.00000000,0.00000000,0.00000000,0.00000000,0.00000000,0.00000000,0.00000000,0.00000000,0.00000000,0.00000000,0.00000000,0.00000000,0.00000000,0.00000000,0.00000000,0.00000000,0.00000000,0.01221104,0.00000000,0.00000000,0.00000000,0.00000000,0.00000000,0.00000000,0.00000000,0.00000000,0.00674842,0.00595934,0.00000000,0.00000000,0.00000000,0.00000000,0.00000000,0.00000000,0.00000000,0.00000000,0.00000000,0.00000000,0.00000000,0.00000000,0.00000000,0.00000000,0.00000000,0.00000000,0.00000000,0.00000000,0.01505464,0.00000000,0.00000000,0.00000000,0.00000000,0.00000000
0.01332722,0.00000000,0.00000000,0.00000000,0.00000000,0.07639012,0.00000000,0.00000000,0.00000000,0.00000000,0.00000000,0.00000000,0.00000000,0.00000000,0.00000000,0.00097756,0.00000000,0.00000000,0.00000000,0.00000000,0.00000000,0.00000000,0.00000000,0.00000000,0.00000000,0.00000000,0.00000000,0.00000000,0.00000000,0.00000000,0.01257155,0.00000000,0.03029628,0.00000000,0.00000000,0.00000000,0.00000000,0.00000000,0.00000000,0.00000000,0.00000000,0.00000000,0.00000000,0.00000000,0.01031892,0.00000000,0.00000000,0.00000000,0.00000000,0.00000000,0.00000000,0.00000000,0.00000000,0.00000000,0.01194192,0.00000000,0.00000000,0.00000000,0.00000000,0.00000000,0.00000000,0.00000000,0.00042679,0.00000000,0.00000000,0.00000000,0.00000000,0.00000000,0.00000000,0.03588229,0.00000000,0.00000000,0.00000000,0.03651094,0.00000000,0.00838120,0.00000000,0.00101196,0.00000000,0.00000000,0.00000000,0.00000000,0.00000000,0.00000000,0.00226666,0.00000000,0.00000000,0.00000000,0.00000000,0.00000000,0.00000000,0.00000000,0.00000000,0.00000000,0.00000000,0.00000000,0.00000000,0.00000000,0.00000000,0.00000000,0.00000000,0.00085328,0.00000000,0.00000000,0.01025757,0.00000000,0.00000000,0.00000000,0.00000000,0.00105360,0.00000000,0.00000000,0.00000000,0.00000000,0.00000000,0.00000000,0.00000000,0.00000000,0.00000000,0.00000000,0.00000000,0.00000000,0.00000000,0.00000000,0.00000000,0.00000000,0.00000000,0.00973459,0.00000000,0.00000000,0.00000000,0.00000000,0.00000000,0.09745667,0.01025231,0.00000000,0.00000000,0.00000000,0.00455348,0.00000000,0.00000000,0.00000000,0.04620431,0.00173241,0.03799233,0.00000000,0.00000000,0.00000000,0.00000000,0.00000000,0.00000000,0.04368209,0.06587195,0.00788943,0.00000000,0.00000000,0.01139001,0.00000000,0.00000000,0.00000000,0.00000000,0.00000000,0.00000000,0.00000000,0.00000000,0.00000000,0.00000000,0.00000000,0.00000000,0.00000000,0.00000000,0.00000000,0.00000000,0.00000000,0.00000000,0.00000000,0.00000000,0.00133932,0.00000000,0.00000000,0.00000000,0.00000000,0.00000000,0.00000000,0.00000000,0.00000000,0.00000000,0.00000000,0.00000000,0.00000000,0.00000000,0.00000000,0.00000000,0.00000000,0.00000000,0.00000000,0.00790341,0.00000000,0.00000000,0.23965761,0.00000000,0.00000000,0.00000000,0.02629304,0.00000000,0.00000000,0.00000000,0.00000000,0.00000000,0.00000000,0.00000000,0.00000000,0.00000000,0.00000000,0.00000000,0.00000000,0.00000000,0.00000000,0.00000000,0.00000000,0.00000000,0.00000000,0.00442285,0.00000000,0.00000000,0.00000000,0.00000000,1.60743497,0.00000000,0.00000000,0.00000000,0.00000000,0.00000000,0.00000000,0.00000000,0.04416878,0.00000000,0.00000000,0.00000000,0.00000000,0.00000000,0.03758977,0.00000000,0.00984547,0.00953070,0.00000000,0.00000000,0.00407516,0.00663723,0.00000000,0.00000000,0.00000000,0.00000000,0.00000000,0.00000000,0.00255425,0.00000000,0.00909660,0.00000000,0.00000000,0.00000000,0.00000000,0.00000000,0.00000000,0.00000000,0.00557432,0.00000000,0.00474257,0.00000000,0.00000000,0.00000000,0.00000000,0.00000000,0.00000000,0.00000000,0.00000000,0.00000000,0.00000000,0.00000000,0.00000000,0.01282710,0.00000000,0.00000000,0.00508191,0.00000000,0.00000000,0.00000000,0.00000000,0.00000000,0.00000000,0.00000000,0.00000000,0.00000000,1.20542893,0.00000000,0.00000000,0.00000000,0.00000000,0.00601558,0.00605647,0.00000000,0.00000000,0.00000000,0.00000000,0.00000000,0.00000000,0.00000000,0.00000000,0.00000000,0.00000000,0.00000000,0.00000000,0.00000000,0.00000000,0.00000000,0.00000000,0.00000000,0.00000000,0.00000000,0.00000000,0.00000000,0.00000000,0.00000000,0.00000000,0.00000000,0.00000000,0.00000000,0.00000000,0.00000000,0.00000000,0.00000000,0.00000000,0.00000000,0.00000000,0.00000000,0.00000000,0.00000000,0.00000000,0.00000000,0.00000000,0.00000000,0.00000000,0.00000000,0.00000000,0.00000000,0.00000000,0.00000000,0.00644773,0.00000000,0.00000000,0.00000000,0.00000000,0.00404993,0.00000000,0.00000000,0.00159124,0.00000000,0.00000000,0.00000000,0.00000000,0.00000000,0.00000000,0.00000000,0.00485143,0.00000000,0.00000000,0.00000000,0.00443326,0.14155715,0.00000000,0.30882831,0.00000000,0.00183751,0.00000000,0.00000000,0.00000000,0.00000000,0.00000000,0.00000000,0.00000000,0.00000000,0.78971810,0.00000000,0.00000000,0.00000000,0.00000000,0.00000000,0.00000000,0.00000000,0.00000000,0.00000000,3.27833143,0.00000000,0.00000000,0.00000000,0.00000000,0.00000000,0.00000000,0.00000000,0.00000000,0.00000000,0.00000000,0.00000000,0.00000000,0.00000000,0.00000000,0.00000000,0.00000000,0.00000000,0.00000000,0.00000000,0.00000000,0.00000000,0.00000000,0.00000000,0.00000000,0.00000000,0.01171996,0.26968437,0.00000000,0.00000000,0.00000000,0.00000000,0.00000000,0.00000000,0.00000000,0.05131875,0.00000000,0.00000000,0.00000000,0.00000000,0.00000000,0.00000000,0.00000000,0.00000000,0.00127734,0.00441813,0.00000000,0.00000000,0.00000000,0.00000000,0.00000000,0.00000000,0.00000000,0.00000000,0.00000000,0.00000000,0.00000000,0.00000000,0.00000000,0.00000000,0.04169492,0.00000000,0.00000000,0.00000000,0.00000000,0.00000000,0.00184566,0.00000000,0.00000000,0.00000000,0.00000000,0.00000000,0.00000000,0.00352996,0.00000000,0.02707373,0.00000000,0.00000000,0.14408274,0.13009390,0.00000000,0.00000000,0.00000000,0.12183788,0.00000000,0.00211733,0.00000000,0.00000000,0.00000000,0.00144214,0.00000000,0.00000000,0.00124607,0.01328525,0.00000000,0.00000000,0.00000000,0.00000000,0.00000000,0.00000000,0.00000000,0.00000000,0.00000000,0.00000000,0.01212635,0.00000000,0.00000000,0.00000000,0.00000000,0.00000000,0.01029102,0.00000000,0.00000000,0.00000000,0.00000000,0.00000000,0.00000000,0.00000000,0.00000000,0.00000000,0.00000000,0.00000000,0.00000000,0.00000000,0.00000000,0.00000000,0.00000000,0.00000000,0.00362601,0.00000000,0.00000000,0.00000000,0.00000000,0.00000000,0.00000000,0.00000000,0.00000000,0.00000000,0.00000000,0.00000000,0.00000000,0.00000000,0.00465173,0.00000000,0.00000000,0.00000000,0.00000000,0.00000000,0.02708782,0.00000000,0.00000000,0.00348983,0.00000000,0.00000000,0.00000000,0.00000000,0.00000000,0.00000000,0.00000000,0.00000000,0.04721561,0.00000000,0.00000000,0.00000000,0.00269687,0.00000000,0.00000000,0.00000000,0.00000000,0.00000000,0.00000000,0.00000000,0.00000000,0.00000000,0.00000000,0.00000000,0.00000000,0.00000000,0.00000000,0.00000000,0.00000000,0.00394678,0.00000000,0.00000000,0.02555518,0.00000000,0.00402522,0.00000000,0.00000000,0.00000000,0.00000000,0.01887009,0.00000000,0.00000000,0.00000000,0.00000000,0.00000000,0.00000000,0.00462513,0.00000000,0.00000000,0.00000000,0.00000000,0.00000000,0.00000000,0.00000000,0.00000000,0.05118425,0.00000000,0.01603335,0.00000000,0.00551866,0.00000000,0.00000000,0.00000000,0.00000000,0.00000000,0.00000000,0.00000000,0.00000000,0.00000000,0.30446978,0.00000000,0.00000000,0.00000000,0.00000000,0.00000000,0.00000000,0.00000000,0.00000000,0.00000000,0.00000000,0.00000000,0.00000000,0.00000000,0.00000000,0.00000000,0.00000000,0.00754421,0.00000000,0.00000000,1.20863932,0.03403456,0.00000000,0.01668483,0.01456778,0.00000000,0.00000000,0.00360350,0.00000000,0.00000000,0.00000000,0.00000000,0.00000000,0.00000000,0.00000000,0.77913879,0.00000000,0.00000000,0.00000000,0.00000000,0.00000000,0.00102902,0.00000000,0.00000000,0.00000000,0.00000000,0.00000000,0.00000000,0.00205315,0.00000000,0.00000000,0.00000000,0.00000000,0.00000000,0.00000000,0.00000000,0.00000000,0.00000000,0.00000000,0.00810781,0.00000000,0.00000000,0.00000000,0.00000000,0.00000000,0.00000000,0.00000000,0.00426749,0.00000000,0.00000000,0.00000000,0.00000000,0.00000000,0.00000000,0.00000000,0.00000000,0.01500880,0.00000000,0.00189264,0.00000000,0.00000000,0.00000000,0.00000000,0.00000000,0.00594850,0.00000000,0.00000000,0.00000000,0.03829201,0.00000000,0.00000000,0.00000000,0.00000000,0.00000000,0.00000000,0.00000000,0.00000000,0.00000000,0.00000000,0.00000000,0.00000000,0.00000000,0.01004216,0.00000000,0.00000000,0.00000000,0.00000000,0.00000000,0.00000000,0.27376762,0.00000000,0.00000000,0.00000000,0.00000000,0.00000000,0.00000000,0.00000000,0.01312177,0.00000000,0.00000000,0.00000000,0.00000000,0.00000000,0.00264839,0.00000000,0.00000000,0.00000000,0.00000000,0.00000000,0.00000000,0.00000000,0.00000000,0.00000000,0.00000000,0.00000000,0.00000000,0.00000000,0.00000000,0.00000000,0.00000000,0.00000000,0.00000000,0.00000000,0.00000000,0.00000000,0.00000000,0.00000000,0.00000000,0.00455348,0.00000000,0.00000000,0.00000000,0.00000000,0.00398854,0.00000000,0.00000000,0.00000000,0.00000000,0.00000000,0.00677504,0.00000000,0.00000000,0.00000000,0.00000000,0.00000000,0.00000000,0.00000000,0.00000000,0.00000000,0.00000000,0.00000000,0.00000000,0.00000000,0.00000000,0.00000000,0.00000000,0.00000000,0.00000000,0.00000000,0.00000000,0.00000000,0.00000000,0.00000000,0.00000000,0.00000000,0.02506772,0.00000000,0.00000000
0.00000000,0.00000000,0.00000000,0.00000000,0.00000000,0.00000000,0.00000000,0.00000000,0.00000000,0.00000000,0.00000000,0.00000000,0.00000000,0.00000000,0.00000000,0.00000000,0.00000000,0.00000000,0.00000000,0.00000000,0.01635772,0.00000000,0.00000000,0.00000000,0.00000000,0.01105049,0.00000000,0.00000000,0.00000000,0.00000000,0.00000000,0.00000000,0.00000000,0.00000000,0.00000000,0.00000000,0.00854735,0.00000000,0.00461904,0.00000000,0.00000000,0.00000000,0.00000000,0.00000000,0.00000000,0.00000000,0.00000000,0.00000000,0.10679890,0.00000000,0.00000000,0.00000000,0.00000000,0.00000000,0.00000000,0.00000000,0.00000000,0.00000000,0.00000000,0.00000000,0.00000000,0.00000000,0.00000000,0.00000000,0.00000000,0.00000000,0.00000000,0.00000000,0.00000000,0.00000000,0.00000000,0.00601447,0.00000000,0.00000000,0.00000000,0.00000000,0.00288339,0.00418918,0.00000000,0.00000000,0.00000000,0.00000000,0.00000000,0.00000000,0.00000000,0.00000000,0.00000000,0.00000000,0.00000000,0.00000000,0.00000000,0.00000000,0.00000000,0.00000000,0.00000000,0.00000000,0.00000000,0.00000000,0.00000000,0.00929945,0.00000000,0.00000000,0.00000000,0.00000000,0.00000000,0.00000000,0.00201791,0.00000000,0.00000000,0.00000000,0.00000000,0.00000000,0.00000000,0.00000000,0.00000000,0.00000000,0.00000000,0.00000000,0.00000000,0.00000000,0.00000000,0.00000000,0.00000000,0.00000000,0.00000000,0.00000000,0.00000000,0.00000000,0.00000000,0.00000000,0.00000000,0.00000000,0.00000000,0.00000000,0.04036320,0.00000000,0.00000000,0.00000000,0.00000000,0.00000000,0.00000000,0.00903059,0.00000000,0.00000000,0.00000000,0.00000000,0.00000000,0.00000000,0.00000000,0.00078129,0.00118281,0.00000000,0.00000000,0.00000000,0.00000000,0.00000000,0.00000000,0.00000000,0.00000000,0.00000000,0.00000000,0.00000000,0.00000000,0.00000000,0.00000000,0.00000000,0.00000000,0.00000000,0.00000000,0.00000000,0.00000000,0.00000000,0.00000000,0.00000000,0.04089153,0.00000000,0.00000000,0.00000000,0.00828038,0.11120727,0.00000000,0.00000000,0.00000000,0.00000000,0.00000000,0.01106107,0.02283955,0.00000000,0.00000000,0.00000000,0.00000000,0.00000000,0.00000000,0.00000000,0.00000000,0.00000000,0.00000000,0.00000000,0.00000000,0.00000000,0.31981948,0.00000000,0.00000000,0.00000000,0.00000000,0.00000000,0.00199888,0.00617246,0.00058208,0.00000000,0.00000000,0.00000000,0.00000000,0.00000000,0.00000000,0.00000000,0.00000000,0.00000000,0.00000000,0.00000000,0.00000000,0.00000000,0.00000000,0.00000000,0.00000000,0.00000000,0.00000000,0.00000000,0.00000000,0.00000000,0.00000000,0.00000000,0.00000000,0.00000000,0.00541944,0.00000000,0.00000000,0.00000000,0.00000000,0.00000000,0.00000000,0.00000000,0.00000000,0.00000000,0.00000000,0.00000000,0.00000000,0.00000000,0.00000000,0.04764909,0.00000000,0.00000000,0.00000000,0.00000000,0.00000000,0.00000000,0.00000000,0.00000000,0.00000000,0.00000000,0.00000000,0.00000000,0.00770269,0.00000000,0.00513480,0.00000000,0.00000000,0.00000000,0.00000000,0.00549475,0.00256512,0.00487102,0.00000000,0.00000000,0.00000000,0.00000000,0.00000000,0.00000000,0.00000000,0.00099986,0.00000000,0.00000000,0.00000000,0.00000000,0.00000000,0.00000000,0.00000000,0.00000000,0.00000000,0.00000000,0.00000000,0.00000000,0.00000000,0.00000000,0.00000000,0.00000000,0.00000000,0.00000000,0.00000000,0.00000000,0.00000000,0.00000000,0.00000000,0.00179824,0.00280302,0.00000000,0.00000000,0.00000000,0.00000000,0.00152671,0.00000000,0.00000000,0.00000000,0.00000000,0.00000000,0.00000000,0.00000000,0.00000000,0.00157076,0.00000000,0.00000000,0.00000000,0.00286856,0.00000000,0.00000000,0.00000000,1.66087043,0.00467023,0.00000000,0.01066227,0.00000000,0.00000000,0.00000000,0.00000000,0.00945777,0.00000000,0.00000000,0.00000000,0.02786604,0.00000000,0.00000000,0.00000000,0.00000000,0.00000000,0.00000000,0.00000000,0.00000000,0.00000000,0.00000000,0.00000000,0.00309551,0.14914865,0.00000000,0.04117401,0.00000000,0.00000000,0.00000000,0.00000000,0.00000000,0.02645134,0.00000000,0.00000000,0.00816651,0.00000000,0.00000000,2.46778405,0.00000000,0.00000000,0.00000000,0.00000000,0.00000000,0.00000000,0.00000000,0.00519395,0.00000000,0.01063776,0.00000000,0.00000000,0.13839629,0.00000000,0.00000000,0.00000000,0.00000000,0.00000000,0.00000000,0.00000000,0.00000000,0.00000000,0.00000000,0.00083242,0.00000000,0.00000000,0.00000000,0.00000000,0.00000000,0.00000000,0.00000000,0.00000000,0.00000000,0.00000000,0.00000000,0.00191685,0.00000000,0.00000000,0.00000000,0.00000000,0.00339418,0.00105785,0.00000000,0.00000000,0.00000000,0.00000000,0.00000000,0.00000000,0.00000000,0.00189904,0.00000000,0.00519877,0.00000000,0.00000000,0.00000000,0.00000000,0.00000000,0.00000000,0.00000000,0.00000000,0.00000000,0.00000000,0.00000000,0.00000000,0.00000000,0.00198798,0.00000000,0.00000000,0.00000000,0.00198876,0.02502756,0.00297069,0.00000000,0.00000000,0.00000000,0.00000000,0.00000000,0.00000000,0.00000000,0.00187625,0.02567408,0.00000000,0.00000000,0.00000000,0.00000000,0.00000000,0.00000000,0.00000000,0.00000000,0.15094258,0.04875519,0.00000000,0.00000000,0.00000000,0.00000000,0.00000000,0.00000000,0.00000000,0.00000000,0.00000000,0.00000000,0.00000000,0.00146133,0.00000000,0.00000000,0.00000000,0.00000000,0.00000000,0.00000000,0.00000000,0.00000000,0.00000000,0.00000000,0.00000000,0.00087236,0.11294220,0.00000000,0.00000000,0.00000000,0.00000000,0.51659537,0.00000000,0.00000000,0.00000000,0.00000000,0.00000000,0.00342428,0.00000000,0.00000000,0.00000000,0.00000000,0.00000000,0.00000000,0.00000000,0.00000000,0.00000000,0.00000000,0.00000000,0.00000000,0.00000000,0.00000000,0.00000000,0.00000000,0.00000000,0.00000000,3.23465885,0.07016345,0.00000000,0.01232620,0.00406000,0.00000000,0.00000000,0.00000000,0.00433701,0.00000000,0.00000000,0.00000000,0.00000000,0.00000000,0.00000000,0.00000000,0.00000000,0.00000000,0.00000000,0.00000000,0.00000000,0.09269418,0.03226130,0.00000000,0.00000000,0.00000000,0.00000000,0.00000000,0.00000000,0.00000000,0.00000000,0.00000000,0.00000000,0.00000000,0.00000000,0.00000000,0.00000000,0.00000000,0.00000000,0.12267163,0.02123651,0.00000000,0.00000000,0.04741623,0.00000000,0.00000000,0.00000000,0.00000000,0.00000000,0.00000000,0.00000000,0.00000000,0.00000000,0.02256524,0.00000000,0.00000000,0.00000000,0.00227665,0.00000000,0.00000000,0.00000000,0.00000000,0.00000000,0.00000000,0.00000000,0.00000000,0.00000000,0.00000000,0.00000000,0.00209299,0.00000000,0.00000000,0.00000000,0.00000000,0.00000000,0.00000000,0.00000000,0.00000000,0.00000000,0.00000000,0.00000000,0.00000000,0.00000000,0.00000000,0.00000000,0.00000000,0.00330502,0.00000000,0.01309422,0.00000000,0.00000000,0.01851737,0.00000000,0.00000000,0.00000000,0.00000000,0.00000000,0.00000000,0.00000000,0.00000000,0.00000000,0.00000000,0.00000000,0.00000000,0.00000000,0.00000000,0.00000000,0.00000000,0.00000000,0.00000000,0.00000000,0.00000000,0.00000000,0.00000000,0.00000000,0.02279851,0.00000000,0.21453769,0.00000000,0.00000000,0.00000000,0.00000000,0.00000000,0.00625403,0.74781777,0.00000000,0.00437748,0.00000000,0.00000000,0.00000000,0.00000000,0.00000000,0.02893005,0.00745396,0.00000000,0.00000000,0.00000000,0.00000000,0.00000000,0.00000000,0.00000000,0.00247693,0.00000000,0.00000000,0.01373568,0.00000000,0.00000000,0.00000000,0.00000000,0.00000000,0.00108141,0.00000000,0.00000000,0.00000000,0.00000000,0.00000000,0.00847679,0.00000000,0.00000000,0.00000000,0.00000000,0.00350791,0.00000000,0.00000000,0.01598938,0.00000000,0.00000000,0.00000000,0.00000000,0.01102396,0.00826468,0.00000000,0.00000000,0.00000000,0.00064680,0.00000000,0.00000000,0.00000000,0.00119159,0.00000000,0.00000000,0.00000000,0.00000000,0.00000000,0.00000000,0.00000000,0.00000000,0.00000000,0.00000000,0.00000000,0.00000000,0.00000000,0.00000000,0.00000000,0.00000000,0.00000000,0.00000000,0.00000000,0.00000000,0.00000000,0.00000000,0.00000000,0.00765789,0.00000000,0.00000000,0.00000000,0.00000000,0.00000000,0.00000000,0.00000000,0.00000000,0.00000000,0.00000000,0.00000000,1.00946661,1.90323162,0.00000000,0.00000000,0.00000000,0.00000000,0.05258720,0.00000000,0.00000000,0.00000000,0.00000000,0.00000000,0.00000000,0.00000000,0.00422334,0.00000000,0.00000000,0.00000000,0.00000000,0.00000000,0.00000000,0.00000000,0.00000000,0.00000000,0.00000000,0.00000000,0.00000000,0.00000000,0.00000000,0.00000000,0.00000000,0.00000000,0.00000000,0.00391557,0.00000000,0.00000000,0.00120189,0.00000000,0.00000000,0.01539066,0.00000000,0.00000000,0.00000000,0.00000000,0.00000000,0.00000000,0.00000000,0.00000000,0.31331922,0.00000000,0.00000000,0.00000000,0.00000000,0.00000000,0.00000000,0.00000000,0.00224616,0.00000000,0.00000000,0.00000000,0.01146542,0.00000000,0.00000000,0.00000000,0.00000000,0.00000000,0.00000000,0.00000000,0.00000000,0.00000000,0.00000000,0.00000000,0.00433958,0.00000000,0.00000000
0.00000000,0.00000000,0.00000000,0.04637155,0.00727446,0.00000000,0.02932606,0.00000000,0.00000000,0.00000000,0.00000000,0.00000000,0.00000000,0.00000000,0.00000000,0.00000000,0.00000000,0.00000000,0.00000000,0.00000000,0.00000000,0.00000000,0.00000000,0.00000000,0.00000000,0.00000000,0.00000000,0.00000000,0.00000000,0.02037069,0.00000000,0.00000000,0.00000000,0.00000000,0.00000000,0.04082297,0.00000000,0.00292974,0.56934684,0.00230379,0.00000000,0.00000000,0.00256547,0.00000000,0.00000000,0.00000000,0.00000000,0.00000000,0.00000000,0.00000000,0.00000000,0.00000000,0.00000000,2.04344707,0.00000000,0.00000000,0.00000000,0.00000000,0.00000000,0.00000000,0.00000000,0.00000000,0.01254653,0.00000000,0.00000000,0.00000000,0.01003219,0.00000000,0.00000000,0.00000000,0.00000000,0.00000000,0.00000000,0.01179380,0.00000000,0.00000000,0.00000000,0.00000000,0.00000000,0.00000000,0.00000000,0.00000000,0.00000000,0.00256497,0.00000000,0.00000000,0.00000000,0.00000000,0.00000000,0.00000000,0.00000000,0.00000000,0.00000000,0.00000000,0.00000000,0.00000000,0.00086465,0.00000000,0.00000000,0.00000000,0.00000000,0.00000000,0.00000000,0.00000000,0.00000000,0.00000000,0.00000000,0.00000000,0.00000000,0.48291361,0.00756712,0.01461681,0.00000000,0.00000000,0.00000000,0.00000000,0.00000000,0.00000000,0.00613670,0.00000000,0.00000000,0.00000000,0.00000000,0.00000000,0.00000000,0.00000000,0.00000000,0.00236954,0.00000000,0.00000000,0.00000000,0.35761444,0.00000000,0.00000000,0.00000000,0.00000000,0.00000000,0.01311192,0.00000000,0.00000000,0.00000000,0.00000000,0.00000000,0.00000000,0.00000000,0.00000000,0.00000000,0.00000000,0.00000000,0.00000000,0.00000000,0.00000000,0.00000000,0.00000000,0.00000000,0.00000000,0.00000000,0.00000000,0.00000000,0.00000000,0.00000000,0.00000000,0.00000000,0.00000000,0.00000000,0.00000000,0.00000000,0.00000000,0.00000000,0.00000000,0.00000000,0.00000000,0.01795227,0.00132035,0.00000000,0.00000000,0.00582521,0.03477524,0.00000000,0.00000000,0.00000000,0.00000000,0.00000000,0.00000000,0.00000000,0.00000000,0.00000000,0.00000000,0.00000000,0.00000000,0.00000000,0.00000000,0.00000000,0.00000000,0.00000000,0.00000000,0.00770173,0.00000000,0.00000000,0.14447976,0.00000000,0.00000000,0.00000000,0.00000000,0.00000000,0.00000000,0.00000000,0.00000000,0.00000000,0.00725796,0.00000000,0.00000000,0.00108064,0.06627855,0.00000000,0.00000000,0.00000000,1.30466297,0.00000000,0.01249633,0.00000000,0.00000000,0.58817147,0.00394590,0.00000000,0.00000000,0.00000000,0.00000000,0.00000000,0.00000000,0.00103408,0.00000000,0.00000000,0.00000000,0.00470232,0.00000000,0.00000000,0.00000000,0.00000000,0.00000000,0.00000000,0.00000000,0.00000000,0.00000000,0.00000000,0.00000000,0.00000000,0.00000000,0.00000000,0.00000000,0.00000000,0.00000000,0.01247315,0.00000000,0.00000000,0.00000000,0.00000000,0.00000000,0.00000000,0.00000000,0.00000000,0.00000000,0.04565151,0.00000000,0.00000000,0.00000000,0.00000000,0.00000000,0.00000000,0.00000000,0.00000000,0.00000000,0.00000000,0.00000000,0.00000000,0.00000000,0.00000000,0.00076865,0.00000000,0.00000000,0.00000000,0.00000000,0.00000000,0.00000000,0.00000000,0.01719892,0.00222662,0.00000000,0.00000000,0.00201012,0.00000000,0.00000000,0.00080575,0.00000000,0.00000000,0.00000000,0.00000000,0.00000000,0.00000000,0.00125972,0.00000000,0.00000000,0.00000000,0.00000000,0.00000000,0.13392653,0.00000000,0.00000000,0.00000000,0.00000000,0.00226107,0.00000000,0.00686471,0.00000000,0.00000000,0.00000000,0.17337420,0.00000000,0.00000000,0.00000000,0.00000000,0.00000000,0.00000000,0.00000000,0.00000000,0.00000000,0.00000000,0.00000000,0.00000000,0.00000000,0.00000000,0.00000000,0.00000000,0.00000000,0.00000000,0.00000000,0.00000000,0.00000000,0.00000000,0.00574148,3.40909984,0.01787092,0.00000000,0.00000000,0.00000000,0.00498140,0.00000000,0.00000000,0.00000000,0.00000000,0.00000000,0.00000000,0.00000000,0.00922132,0.00000000,0.00239950,0.00000000,0.07838120,0.00000000,0.00000000,0.00000000,0.00000000,0.00000000,0.00000000,0.00000000,0.00000000,0.00000000,0.00000000,0.00000000,0.00000000,0.00000000,0.00000000,0.00000000,0.00000000,0.00856056,0.00000000,0.00000000,0.00363324,0.01262504,0.00000000,0.00000000,0.00000000,0.00000000,0.01142053,0.00000000,0.16225371,0.00000000,0.00000000,0.00000000,0.00000000,0.00000000,0.00000000,0.00000000,0.00000000,0.00000000,0.00000000,0.00000000,0.00000000,0.00000000,0.00586356,0.00000000,0.00000000,0.02593058,0.00000000,0.00000000,0.00000000,0.00452915,0.00000000,0.00000000,0.01688778,0.00000000,0.00000000,0.00000000,0.00000000,0.00000000,0.02637692,0.00000000,0.00000000,0.00000000,0.00000000,0.00000000,0.00000000,0.00000000,0.00000000,0.00000000,0.00000000,0.00000000,0.00000000,0.00000000,0.00000000,0.00000000,0.00000000,0.00000000,0.00000000,0.00000000,0.00290516,0.00000000,0.00000000,0.00512821,0.00000000,0.00000000,0.00000000,0.00000000,0.00000000,0.00000000,0.00000000,0.00000000,0.00000000,0.00000000,0.00000000,0.00000000,0.00447476,0.00000000,0.00000000,0.00000000,0.00000000,0.00000000,0.00350863,0.00000000,0.00000000,0.00000000,0.00000000,0.00000000,0.00000000,0.00000000,0.00000000,0.00309368,0.00000000,0.00000000,0.00000000,0.00000000,0.00000000,0.00165129,0.00000000,0.00000000,0.00000000,0.02407666,0.00000000,0.00000000,0.01031902,0.00000000,0.00000000,0.00223511,0.00000000,0.00000000,0.00000000,0.00169624,0.00000000,0.00000000,0.00000000,0.00000000,0.00000000,0.00000000,0.00391425,0.00000000,0.00000000,0.00000000,0.00000000,0.00000000,0.00000000,0.00000000,0.00000000,0.00000000,0.00746717,0.00000000,0.00000000,0.00000000,0.06078359,0.01567570,0.00000000,0.00000000,0.00000000,0.00000000,0.00000000,0.00000000,0.00000000,0.00000000,0.00000000,0.00000000,0.57765191,0.00000000,0.00000000,0.00000000,0.00000000,0.00000000,0.00000000,0.00000000,0.00000000,0.00000000,0.00000000,0.00000000,0.00000000,0.00000000,0.00000000,0.00243657,0.00000000,0.00000000,0.00000000,0.00174092,0.00000000,0.00000000,0.00000000,0.00000000,0.00000000,0.00000000,0.00000000,0.00000000,0.00000000,0.00000000,0.00000000,0.00000000,0.00000000,0.00000000,0.00000000,0.00000000,0.00065075,0.00000000,0.00000000,0.00000000,0.00000000,0.00367892,0.00000000,0.00000000,0.00000000,0.00000000,0.00000000,0.00000000,0.00000000,0.00000000,0.02704860,0.00000000,0.00000000,0.00000000,0.00000000,0.00000000,0.00000000,0.00000000,0.00000000,0.00000000,0.00000000,0.00000000,0.00000000,0.00000000,0.00000000,0.00000000,0.00000000,0.00000000,0.00000000,0.00000000,0.00000000,0.00000000,0.00000000,0.00000000,0.00000000,0.00000000,0.00000000,0.00277296,0.00000000,0.00000000,0.00000000,0.00000000,0.00000000,0.00000000,0.00000000,0.00000000,0.00000000,0.00000000,0.00000000,0.00000000,0.00000000,0.00000000,0.00000000,0.00000000,0.00000000,0.02436241,0.00000000,0.00000000,0.00000000,0.00753662,0.00000000,0.00000000,0.00000000,0.00000000,0.00000000,0.00000000,0.00000000,0.00000000,0.00330697,0.00000000,0.00000000,0.00000000,0.00000000,0.00000000,0.00000000,0.00000000,0.00000000,0.00000000,0.00000000,0.00000000,0.00000000,0.00000000,0.03056985,0.00000000,0.00000000,0.00000000,0.00620272,0.00000000,0.00000000,0.00000000,0.00000000,0.00000000,0.00000000,0.00000000,0.00000000,0.00000000,0.00000000,0.00000000,0.00000000,0.00000000,0.00000000,0.00000000,0.00000000,0.00000000,0.00000000,0.00000000,0.00000000,0.00000000,0.01648002,0.00000000,0.00000000,0.00000000,0.00000000,0.00000000,0.00000000,0.02063129,0.00063294,0.00000000,0.00000000,0.00000000,0.00000000,0.00000000,0.00451110,0.03001821,0.00000000,0.00000000,0.00000000,0.00000000,0.00000000,0.02508108,0.00000000,0.00000000,0.00000000,0.00000000,0.00000000,0.00000000,0.00000000,0.00000000,0.00000000,0.00000000,0.01387474,0.00000000,0.21626536,0.00000000,0.00000000,0.07497091,0.00000000,0.00000000,0.00000000,0.00000000,0.00000000,2.95651736,0.00000000,0.00222358,0.00000000,0.00000000,0.00000000,0.00229312,0.00000000,0.05589550,0.02917162,0.00000000,0.00000000,0.00000000,0.01032449,0.02020655,0.32759416,0.00000000,0.00273928,0.00000000,0.00000000,0.00000000,0.00000000,0.00000000,0.00000000,0.00000000,0.00000000,0.00000000,0.00000000,0.00000000,0.00000000,0.00000000,0.00000000,0.00000000,0.00000000,0.00000000,0.00000000,0.00000000,0.00000000,0.00000000,0.00000000,0.00000000,0.00462541,0.00000000,0.00000000,0.00000000,0.00000000,0.00000000,0.00000000,0.00000000,0.00000000,0.00000000,0.00000000,0.00000000,0.00000000,0.00000000,0.00000000,0.00000000,0.00000000,0.00000000,0.00000000,0.00000000,0.00000000,0.00000000,0.00000000,0.00000000,0.00000000,0.00000000,0.01108579,0.00000000,0.00251728,0.00000000,0.00000000,0.00000000,0.00000000,0.00000000,0.00000000,0.00000000,0.00000000,0.00000000,0.00000000,0.00000000,0.00000000,0.00068565,0.00000000,0.00000000,0.00000000,0.00000000,0.00000000,0.00000000,0.00000000
0.00000000,0.00000000,0.00000000,0.02102527,0.00000000,0.00000000,0.00000000,0.00000000,0.00000000,0.00000000,0.00000000,0.00000000,0.00000000,0.00000000,0.00000000,0.00000000,0.00000000,0.00000000,0.00000000,0.00000000,0.00000000,0.00000000,0.00000000,0.00000000,0.00000000,0.00000000,0.00000000,0.00000000,0.00000000,0.00000000,0.00000000,0.00000000,0.00000000,0.00000000,0.00000000,0.03421005,0.00000000,0.00000000,0.00809057,0.00000000,0.00000000,0.00000000,0.00000000,0.00000000,0.00979102,0.00000000,0.00000000,0.02892613,0.00000000,0.00773088,0.00000000,0.00000000,0.00000000,0.00000000,0.00000000,0.00000000,0.00000000,0.00000000,0.00000000,0.00000000,0.00000000,0.00000000,0.00000000,0.00105841,0.03129190,0.00000000,0.00478302,0.00000000,0.00000000,0.00000000,0.00000000,0.00000000,0.00000000,0.00000000,0.00000000,0.00000000,0.00000000,0.00000000,0.00000000,0.00000000,0.00000000,0.00000000,0.01258572,0.00000000,0.00000000,0.00000000,0.00000000,0.00000000,1.27906723,0.00000000,0.00000000,0.00000000,0.00793370,0.00708823,0.00176263,0.00000000,0.00000000,0.00000000,0.00000000,0.00000000,0.00000000,0.00000000,0.00000000,0.00000000,0.00000000,0.00000000,0.00000000,0.00000000,0.00000000,0.00000000,0.00000000,0.00000000,0.00000000,0.00000000,0.00000000,0.00000000,0.00000000,0.00000000,0.00000000,0.00000000,0.00000000,0.00000000,0.00000000,0.00000000,0.00000000,0.00000000,0.00000000,0.00000000,0.00000000,0.00000000,0.00000000,0.00000000,0.03343104,0.00000000,0.00000000,0.00000000,0.00000000,0.00000000,0.00000000,0.00000000,0.00000000,0.00000000,0.00000000,0.00308122,0.00000000,0.10237305,0.01567856,0.00933968,0.00000000,0.00000000,0.00000000,0.11443279,0.00000000,0.00000000,0.00000000,0.00000000,0.00000000,0.00000000,0.00000000,0.00000000,0.00000000,0.00000000,0.00000000,0.00000000,0.00000000,0.00000000,0.01540302,0.00000000,0.00000000,0.00000000,0.00000000,0.00000000,0.01846174,0.00000000,0.00000000,0.00000000,0.01687627,0.00000000,0.00000000,0.00000000,0.00000000,0.00000000,0.00000000,0.00000000,0.00000000,0.00000000,0.00000000,0.00000000,0.01436668,0.00000000,0.00000000,0.00000000,0.00000000,0.00000000,0.00000000,0.01488056,0.00000000,0.00000000,0.00000000,0.00000000,0.01596122,0.00000000,0.00000000,0.00000000,0.00000000,0.00000000,0.00000000,0.00000000,0.00000000,0.00000000,0.00000000,0.00000000,0.00000000,0.00000000,0.00000000,0.00000000,0.00000000,0.00000000,0.00000000,0.00000000,0.00000000,0.00000000,0.00000000,0.22165997,0.00000000,0.00000000,0.00000000,0.00000000,0.00000000,0.00000000,0.00000000,0.00000000,0.00000000,0.00000000,0.00000000,0.00000000,0.02247950,0.00000000,0.00000000,0.00000000,0.00000000,0.00000000,0.00000000,0.00000000,0.00000000,0.00000000,0.00000000,0.00000000,0.00000000,0.00000000,0.02228768,0.03659191,0.00000000,0.69277442,0.00000000,0.00537205,0.00000000,0.00000000,0.00000000,0.00000000,0.00000000,0.00000000,0.00000000,0.00000000,0.00000000,0.00000000,0.00000000,0.00000000,0.00000000,0.00000000,0.00000000,0.00500489,0.00000000,0.00000000,0.00000000,0.00000000,0.00000000,0.00000000,0.00000000,0.00089592,0.00000000,0.00000000,0.00000000,0.00000000,0.00000000,0.00457083,0.00062232,0.00000000,0.00000000,0.00473816,0.00000000,0.00000000,0.00000000,0.00000000,0.00000000,0.00000000,0.00000000,0.00000000,0.00000000,0.01738839,0.02636120,0.00000000,0.00000000,0.00000000,0.00000000,0.00000000,0.00000000,0.00000000,0.00000000,0.00000000,0.00000000,0.00000000,0.00000000,0.01361055,0.00000000,0.00000000,0.00000000,0.00000000,0.00000000,0.00392454,0.00000000,0.00547872,0.00000000,0.00547358,0.00000000,0.00000000,0.40989436,0.00000000,0.00000000,0.00000000,0.00000000,0.00000000,0.00945777,0.00000000,0.00000000,0.00000000,0.00150585,0.00000000,0.00000000,0.00000000,0.00000000,0.00000000,0.00000000,0.00000000,0.00142128,0.00000000,0.00000000,0.00398637,0.04333765,0.00000000,0.03889906,0.00000000,0.00000000,0.00000000,0.00464596,0.00093180,0.00000000,0.00000000,0.00000000,0.00000000,0.00000000,0.00000000,0.00000000,0.00643311,0.00000000,0.00000000,0.01112621,0.00000000,0.00000000,0.00000000,0.00000000,0.00000000,0.00000000,0.00000000,0.00000000,0.00000000,0.00000000,0.00000000,0.00000000,0.00000000,0.00000000,0.00000000,0.00000000,0.00000000,0.00000000,0.00000000,0.00000000,0.00000000,0.00000000,0.00000000,0.00000000,0.00000000,0.00000000,0.00000000,0.00687667,0.00000000,0.00000000,0.00000000,0.00000000,0.00000000,0.00000000,0.00000000,0.00000000,0.00000000,0.00000000,0.00000000,0.00000000,0.00000000,0.00000000,0.00000000,0.00000000,0.00000000,0.00000000,0.00000000,0.00000000,0.00000000,0.00000000,0.00000000,0.00180623,0.00000000,0.00000000,0.00000000,0.00000000,0.00000000,0.00000000,0.00000000,0.00000000,0.00000000,0.00000000,0.00000000,0.00000000,0.00000000,0.00000000,0.00000000,0.00000000,0.00000000,0.00000000,0.00000000,0.00000000,0.01294671,0.00000000,0.00000000,0.00000000,0.00000000,0.00000000,0.00000000,2.72692925,0.00132464,0.00000000,0.00000000,0.00000000,0.00000000,0.00000000,0.00000000,0.00000000,0.00000000,0.00557896,0.00000000,0.00000000,0.00000000,0.00000000,0.00000000,0.00000000,0.00000000,0.00000000,0.00000000,0.00000000,0.00000000,0.00000000,0.00000000,0.00000000,0.00000000,0.00000000,0.00179141,0.00000000,0.00000000,0.67520995,0.00000000,0.46720252,0.00000000,0.00000000,0.00000000,0.00000000,0.00000000,0.00000000,0.00000000,0.00000000,0.00000000,0.00000000,0.00000000,0.00000000,0.00867401,0.00000000,0.00000000,0.00000000,0.00000000,0.00000000,0.00000000,0.00000000,0.00000000,0.00000000,0.00000000,0.00000000,0.00000000,0.00000000,0.00000000,0.00000000,0.00000000,0.00000000,0.00088761,0.00000000,0.00000000,0.00000000,0.00000000,0.00000000,0.01456103,0.00293520,0.00000000,0.00000000,0.00000000,0.00000000,0.00000000,0.00702908,0.00000000,0.00687161,0.00000000,0.00256591,0.00498930,0.00000000,0.00000000,0.00000000,0.00000000,0.00000000,0.00000000,0.00000000,0.00000000,0.01845594,0.00000000,0.00000000,0.00000000,0.00000000,0.00000000,0.00138486,0.00000000,0.00000000,0.00000000,0.00000000,0.00000000,0.00465238,0.00000000,0.00000000,0.00000000,0.00000000,0.00000000,0.00000000,0.00000000,0.11085423,0.00000000,0.00000000,0.00000000,0.00000000,0.00000000,0.00000000,0.00000000,0.00000000,0.00000000,0.00000000,0.00000000,0.00000000,0.00000000,0.00135077,0.00000000,0.00000000,2.00768514,0.00000000,0.11168090,0.00000000,0.00000000,0.00000000,0.00000000,1.40312251,0.00000000,0.00000000,0.00000000,0.00000000,0.00000000,0.00711929,0.00000000,0.00000000,0.19232195,0.00000000,0.00000000,0.00000000,0.00000000,0.00992806,0.00000000,0.00000000,0.06856073,0.00000000,0.06707098,0.00000000,0.00000000,0.00000000,0.06715226,0.00000000,0.00000000,0.00000000,0.00000000,0.00000000,0.09804603,0.00000000,0.00000000,0.00000000,0.00000000,0.00000000,0.00227346,0.00000000,0.00516772,0.00000000,0.01399936,0.00000000,0.00000000,0.00000000,0.00000000,0.01464364,0.00000000,0.00000000,1.51455277,0.00000000,0.00000000,0.00000000,0.00000000,0.00000000,0.00000000,0.00921260,0.00000000,0.00000000,0.00000000,0.00000000,0.00000000,0.00737711,0.00764934,0.00000000,0.00000000,0.00000000,0.00000000,0.00000000,0.00000000,0.00000000,0.04870827,0.00551094,0.00000000,0.00000000,0.00000000,0.00000000,0.00000000,0.00000000,0.00000000,0.00000000,0.00000000,0.00000000,0.00000000,0.00000000,0.00000000,0.00000000,0.00000000,0.00315655,0.00000000,0.00000000,0.00000000,0.00151845,0.00000000,0.58628917,0.00000000,0.02444790,0.00000000,0.02006101,0.00000000,0.03359704,0.00000000,0.00750295,0.00000000,0.00000000,0.00000000,0.00000000,0.00000000,0.00000000,0.00000000,0.00000000,0.00000000,0.00000000,0.00000000,0.00000000,0.00000000,0.00000000,0.00000000,0.00000000,0.00000000,0.00000000,0.03816053,0.00000000,0.00000000,0.00000000,0.00000000,0.00000000,0.00000000,0.00000000,0.00000000,0.00000000,0.00000000,0.02754696,0.00000000,0.00000000,0.00000000,0.00000000,0.00000000,0.00000000,0.00000000,0.00000000,0.00296439,0.00000000,0.00000000,0.00597876,0.00000000,0.00074004,0.00000000,0.00000000,0.00000000,0.00000000,0.00000000,0.16110978,0.00000000,0.00000000,0.00000000,0.00000000,0.00000000,0.00000000,0.00985940,0.00000000,0.00000000,0.00000000,0.00000000,0.00000000,0.00000000,0.00000000,0.00000000,0.46751918,0.00000000,0.00000000,0.00000000,0.00000000,0.00000000,0.00000000,0.00000000,0.00000000,0.00000000,0.00000000,0.00000000,0.00000000,0.00000000,0.00000000,0.00000000,0.00000000,0.00000000,0.00000000,0.00000000,0.00000000,0.00000000,0.00000000,0.00000000,0.00000000,0.00000000,0.00000000,0.00000000,0.00000000,0.00000000,0.03788142,0.00000000,0.00000000,0.00000000,0.00000000,0.00000000,0.00000000,0.00000000,0.00000000,0.00000000,0.00369710,0.00000000,0.00000000,0.00000000,0.00000000,0.00091113,0.00000000,0.00000000,0.00000000,0.00000000,0.00000000,0.00000000,0.00000000,0.00000000
0.00000000,0.00000000,0.00000000,0.00000000,0.00000000,0.00000000,0.00497518,0.00000000,0.00000000,0.00000000,0.02342889,0.02937260,0.00000000,0.00000000,0.00000000,0.00000000,0.00000000,0.01492250,0.01280743,0.00000000,0.00000000,0.00000000,0.06195587,0.00000000,0.02898084,0.00000000,0.00000000,0.00000000,0.00000000,0.00000000,0.00000000,0.00000000,0.00000000,0.00000000,0.31147829,0.00000000,0.00000000,0.00000000,0.00347695,0.00000000,0.00000000,0.00000000,0.00000000,0.00000000,0.00000000,0.00000000,0.00000000,0.00000000,0.00000000,2.04734127,0.00657206,0.00000000,0.00000000,0.00000000,0.00000000,0.00000000,0.00000000,0.00000000,0.00000000,0.00000000,0.00000000,0.00000000,0.90942496,0.00000000,0.02050643,0.00000000,0.00358044,0.00000000,0.00000000,0.00000000,0.00000000,0.00000000,0.00000000,0.00000000,0.00000000,0.12277580,0.00000000,0.00000000,0.00000000,0.00000000,0.00000000,0.00000000,0.00758024,0.00000000,0.00000000,0.00000000,0.23705535,3.86281944,0.00000000,0.00000000,0.00000000,0.00000000,0.00000000,0.00000000,0.00000000,0.00000000,0.13510225,0.00000000,0.00000000,0.00000000,0.00000000,0.00000000,0.00000000,0.00000000,0.00000000,0.00000000,0.00000000,0.00000000,0.00000000,0.00000000,0.00000000,0.00000000,0.00678246,0.00000000,0.00000000,0.00000000,0.02395583,0.00000000,0.00000000,0.00000000,0.00415195,0.00000000,0.00000000,0.00000000,0.00000000,0.00000000,0.14872085,0.00000000,0.00000000,0.00000000,0.01630127,0.04483028,0.00000000,0.00000000,0.00000000,0.00000000,0.00000000,0.00000000,0.00000000,0.00000000,0.00000000,0.00000000,0.00000000,0.00000000,0.00000000,0.00000000,0.00363335,0.00338904,0.01902718,0.00000000,0.00000000,0.00000000,0.00000000,0.00000000,0.00000000,0.00000000,0.00508106,0.02838069,0.00000000,0.00000000,0.00000000,0.00000000,0.00000000,0.00000000,0.00000000,0.00000000,0.00000000,0.00000000,0.00000000,0.00000000,0.00000000,0.00000000,0.00000000,0.00000000,0.00000000,0.00000000,0.00000000,0.00100450,0.00000000,0.00613151,0.00000000,0.00000000,0.00000000,0.00000000,0.00000000,0.00000000,0.00000000,0.00000000,0.01677431,0.05819126,0.00000000,0.00000000,0.01234359,0.00000000,0.00000000,0.00000000,0.00000000,0.00000000,0.00000000,0.00000000,0.00000000,0.00000000,0.00565684,0.00000000,0.00000000,0.00000000,0.00000000,0.00353395,0.01672426,0.00000000,0.00000000,0.00000000,0.00000000,0.00000000,0.00000000,0.00000000,0.00000000,0.00000000,0.00000000,0.00199443,0.00000000,0.00474364,0.00000000,0.00000000,0.09703383,0.00000000,0.10345022,0.00000000,0.00000000,0.00000000,0.00000000,0.00000000,0.00000000,0.00000000,0.00000000,0.00000000,0.00000000,0.00000000,0.00000000,0.00000000,0.00000000,0.00000000,0.00000000,0.00000000,0.00000000,0.00000000,0.00000000,0.00000000,0.00000000,0.00000000,0.00000000,0.00000000,0.00514403,0.00000000,0.00000000,0.00000000,0.00000000,0.00000000,0.00000000,0.00000000,0.00000000,0.00000000,0.02004085,0.00089956,0.01083628,0.00319009,0.00000000,0.00000000,0.00000000,0.00000000,0.00000000,0.00000000,0.00000000,0.00000000,0.00000000,0.00000000,0.00000000,0.00000000,0.02390098,0.00166159,0.00000000,0.00000000,0.00000000,0.00000000,0.00000000,0.00000000,0.00072724,0.00000000,0.00000000,0.00000000,0.00911229,0.00000000,0.00000000,0.00000000,0.00000000,0.00000000,0.00000000,0.00000000,0.00000000,0.00000000,0.00000000,0.11060412,0.00000000,0.00000000,0.00000000,0.00000000,0.00000000,0.00000000,0.00000000,0.00000000,0.00204271,0.00000000,0.00000000,0.00000000,0.00987260,0.00288020,0.00000000,0.00540921,0.00000000,0.19929022,0.00000000,0.00552140,0.00000000,0.00000000,0.00000000,0.00000000,0.00000000,0.00000000,0.00000000,0.00000000,0.00000000,0.00000000,0.00000000,0.00000000,0.00000000,0.00000000,0.00000000,0.00000000,0.00000000,0.00000000,0.00000000,0.00000000,0.00000000,0.00000000,0.00000000,0.00000000,0.00000000,0.00000000,0.00000000,0.00000000,0.00000000,0.00000000,0.00000000,0.00482217,1.11622235,0.00000000,0.00000000,0.00000000,0.00000000,0.00000000,0.00000000,0.00000000,0.00000000,0.00000000,0.00370515,0.00000000,0.00000000,0.00000000,0.00000000,0.00000000,0.00645968,0.00000000,0.00000000,0.00000000,0.00000000,0.00000000,0.00000000,0.00000000,0.00000000,0.00000000,0.00000000,0.00000000,0.00185577,0.00000000,0.00000000,0.00000000,0.00000000,0.00000000,0.00000000,0.00000000,0.00230759,0.00000000,0.00000000,0.00000000,0.00000000,0.00000000,0.00000000,0.00000000,0.00000000,0.01081402,0.00000000,0.00000000,0.00000000,0.00000000,0.00000000,0.00000000,0.00000000,0.00000000,0.00087679,0.00652194,0.00000000,0.00000000,0.00000000,0.00000000,0.00000000,0.00000000,0.00000000,0.00180282,0.00000000,0.00000000,0.17032114,0.00000000,0.00000000,0.00000000,0.00000000,0.12560961,0.00000000,0.00000000,0.00000000,0.00000000,0.00000000,0.00000000,0.00000000,0.00000000,0.00000000,0.00400282,0.00000000,0.00000000,0.00369051,0.00000000,0.00000000,0.00000000,0.02709540,0.00000000,0.00000000,0.00000000,0.00000000,0.00000000,0.00000000,0.00000000,0.00000000,0.00000000,0.00000000,0.00000000,0.00000000,0.00000000,0.00592633,0.00000000,0.00000000,0.00000000,0.00000000,0.00000000,0.00000000,0.00000000,0.00000000,0.00000000,0.00000000,0.00125756,0.00000000,0.00000000,0.00000000,0.00000000,0.00000000,0.00000000,0.00000000,0.00000000,0.00000000,0.00000000,0.00000000,0.00000000,0.00000000,0.00000000,0.00000000,0.00000000,0.00000000,0.00000000,0.00000000,0.00000000,0.00000000,0.00000000,0.00000000,0.00000000,0.00000000,0.00000000,0.00000000,0.00000000,0.00000000,0.00000000,0.00000000,0.00000000,0.00000000,0.00000000,0.00000000,0.00000000,0.00000000,0.00000000,0.00000000,0.00000000,0.00000000,0.00000000,0.00000000,0.00000000,0.00000000,0.00000000,0.00000000,0.00000000,0.00772906,0.00000000,0.00000000,0.00000000,0.00000000,0.00000000,0.00000000,0.00000000,0.00000000,0.00945806,0.00000000,0.00000000,0.00000000,0.00000000,0.00000000,0.00000000,0.00000000,0.00000000,0.00423386,0.00000000,0.00000000,0.00000000,0.00000000,0.00000000,0.00058017,0.00000000,0.00000000,0.00000000,0.00338340,0.00000000,0.00000000,0.00000000,0.00000000,0.00000000,0.00000000,0.29957227,0.00000000,0.00000000,0.00000000,0.00000000,0.00000000,0.00000000,0.00845343,0.00000000,0.00000000,0.00000000,0.00000000,0.00000000,0.00000000,0.01276199,0.00000000,0.00000000,0.08150943,0.00000000,0.00000000,0.00000000,0.00000000,0.00000000,0.00000000,0.00000000,0.00000000,0.00000000,0.14972458,0.00141563,0.00000000,0.00046503,0.00000000,0.00000000,0.00000000,0.00000000,0.00000000,0.00000000,0.00000000,0.00000000,0.00000000,0.00000000,0.00000000,0.00000000,0.00000000,0.00000000,0.00000000,0.00000000,0.00000000,0.00000000,0.00000000,0.03492819,0.00000000,0.00000000,0.00000000,0.00711631,0.00000000,0.00184417,0.00000000,0.00000000,0.00000000,0.00000000,0.01740773,0.00000000,0.00000000,0.00000000,0.00000000,0.00000000,0.00000000,0.00000000,0.00000000,0.00000000,0.00000000,0.00000000,0.00000000,0.00000000,0.00000000,0.00000000,0.00000000,0.00000000,0.00000000,0.00000000,0.00572781,0.00000000,0.00000000,0.00000000,0.00462619,0.00000000,0.00000000,0.00000000,0.00000000,0.00000000,0.00000000,0.00000000,0.00000000,0.00000000,0.00000000,0.00000000,0.00000000,0.00000000,0.00000000,0.00000000,0.00000000,0.00000000,0.00000000,0.00000000,0.00000000,0.00000000,0.00000000,0.00000000,0.02847154,0.00000000,0.00000000,0.00000000,0.00000000,0.00000000,0.00445787,0.00000000,0.00000000,0.00000000,0.00000000,0.00000000,0.00000000,0.00749644,0.00000000,0.00000000,0.00295784,0.00000000,0.00000000,0.00000000,0.00000000,0.00394355,0.02582806,0.00000000,0.00000000,0.01723215,0.00000000,0.00000000,0.00000000,0.00000000,0.00000000,0.00000000,0.00960730,0.00000000,0.00000000,0.00000000,0.00000000,0.00000000,0.00000000,0.15713450,0.00000000,0.00000000,0.00000000,0.00000000,0.03754804,0.00000000,0.00000000,0.00000000,0.00000000,0.00000000,0.00000000,0.00000000,0.00000000,0.00000000,0.00372630,0.00000000,0.00000000,0.00000000,0.00000000,0.00000000,0.00000000,0.00000000,0.00000000,0.00000000,0.00000000,0.00000000,0.00301922,0.00000000,0.00000000,0.00000000,0.00000000,0.00000000,0.00000000,0.00000000,0.00000000,0.00000000,0.00000000,0.00000000,0.00000000,0.00000000,0.00000000,0.00000000,0.00000000,0.00000000,0.00276498,0.00000000,0.00000000,0.01051105,0.00000000,0.00251884,0.00000000,0.00000000,0.00000000,0.01901260,0.06317713,0.00000000,0.00000000,0.00000000,0.00000000,0.00000000,0.00000000,0.00000000,0.00000000,0.00000000,0.00000000,0.03315110,0.00000000,0.02864389,0.00000000,0.00000000,0.00000000,0.00000000,0.00000000,0.00000000,0.00000000,0.00000000,0.00000000,0.00627724,0.00000000,0.01131144,0.00000000,0.00000000,0.00000000,0.00000000,0.00000000,0.00000000,0.00000000,0.00000000,0.00000000,0.00000000,0.00000000,0.00000000,0.00000000,0.00000000,0.00000000,0.00000000,0.00000000,0.00000000,0.00000000,0.00000000
0.00000000,0.00000000,0.00000000,0.00000000,0.00000000,0.00000000,0.00000000,0.00000000,0.00000000,0.00000000,0.00000000,0.00000000,0.00000000,0.00000000,0.00000000,0.00000000,0.00000000,0.07996408,0.00000000,0.00332834,0.00000000,0.00000000,0.00000000,0.00804849,0.00000000,0.00000000,0.00000000,0.00000000,0.00000000,0.00685128,0.00000000,0.00000000,0.00000000,0.00681156,0.00908623,0.00000000,0.00000000,0.00000000,0.00000000,0.00000000,0.00000000,0.00000000,0.00000000,0.00000000,0.00000000,0.00000000,0.00000000,0.00000000,0.00000000,0.00621397,0.00000000,0.00000000,0.00000000,0.06378886,0.00000000,0.00000000,0.10688947,0.00000000,0.00000000,0.00000000,0.00766263,0.00000000,0.00000000,0.01428519,0.00000000,0.00000000,0.00000000,0.00000000,0.00000000,0.00000000,0.00000000,0.00000000,0.00000000,0.00000000,0.00000000,0.00000000,0.00082128,0.00000000,0.00000000,0.00000000,0.00000000,0.00000000,0.00000000,0.00000000,0.00000000,0.00638579,0.00000000,0.00000000,0.00000000,0.00000000,0.00000000,0.00000000,0.00000000,0.00000000,0.00634885,0.00000000,0.00000000,0.00000000,0.00000000,0.00000000,0.00000000,0.00000000,0.00000000,0.00000000,0.00000000,0.00000000,0.00000000,0.00163090,0.00000000,0.00000000,0.00000000,0.00000000,0.00000000,0.00000000,0.00000000,0.00000000,0.00000000,0.00000000,0.00000000,0.00000000,0.00000000,0.00000000,0.00000000,0.00000000,0.00000000,0.00000000,0.00000000,0.00000000,0.00000000,0.00000000,0.00000000,0.00000000,0.00126622,0.00000000,0.00000000,0.00000000,0.00393255,0.00000000,0.00000000,0.00000000,0.00000000,0.00000000,0.00000000,0.00000000,0.00000000,0.00000000,0.00000000,0.00000000,0.00996140,0.03681781,0.00000000,0.00000000,0.00000000,0.00000000,0.00493777,0.00000000,0.00000000,0.01105092,0.00000000,0.00000000,0.00000000,0.00325918,0.00000000,0.00000000,0.00346534,0.00000000,0.00000000,0.00000000,0.00000000,0.00000000,0.00000000,0.00000000,0.00070651,0.00000000,0.00000000,0.02753454,0.00000000,0.00000000,0.00000000,0.00000000,0.00324792,0.00000000,0.00000000,0.00000000,0.00000000,0.00000000,0.00000000,0.00000000,0.01713737,0.00000000,0.00000000,0.00000000,0.00000000,0.00000000,0.00000000,0.00000000,0.00000000,0.00090470,0.00000000,0.00000000,0.00000000,0.00000000,0.00000000,0.00000000,0.00188521,0.00000000,0.00000000,0.00000000,0.00000000,0.03600607,0.00000000,0.00000000,0.00000000,0.00000000,0.00000000,0.00000000,0.00000000,0.00000000,0.00000000,0.00000000,0.00000000,0.00000000,0.00000000,0.00000000,0.00000000,0.00000000,0.00000000,0.00618772,0.00000000,0.00755338,0.00000000,0.00000000,0.00000000,0.00000000,0.00000000,0.00683981,0.00000000,0.00000000,0.00000000,0.00000000,0.00000000,0.00000000,0.00478818,0.00000000,0.00000000,0.00236699,0.00000000,2.25034737,0.00000000,0.00000000,0.00000000,0.00000000,0.00000000,0.00000000,0.00000000,0.00000000,0.00248579,0.00000000,0.00000000,0.00000000,0.00000000,0.00000000,0.00071504,0.03848324,0.00000000,0.00138143,0.03116018,0.00000000,0.00000000,0.00000000,0.00000000,0.00851233,0.00000000,0.00000000,0.00000000,0.00000000,0.00000000,0.00000000,0.00000000,0.00000000,0.00000000,0.00000000,0.00000000,0.00000000,0.00000000,0.00000000,0.00000000,0.00000000,0.00000000,0.00000000,0.00000000,0.00767826,0.00000000,0.00000000,0.00000000,0.00000000,0.00000000,0.00000000,0.00000000,0.00000000,0.00147902,0.00000000,0.00000000,0.00000000,0.00000000,0.00000000,0.00000000,0.00000000,0.00000000,0.00000000,0.00000000,0.00000000,0.00000000,0.00000000,0.00000000,0.00000000,0.00000000,0.00000000,0.00000000,0.00000000,0.00000000,0.00000000,0.00000000,0.00000000,0.00000000,0.00000000,0.00000000,0.00000000,0.00000000,0.00755990,0.00000000,0.00000000,0.00000000,0.00000000,0.00150585,0.00000000,0.00000000,0.00000000,0.00298877,0.00000000,0.00187948,0.00000000,0.00000000,0.00000000,0.00649770,0.00000000,0.00000000,0.00000000,0.00640251,0.00199294,0.00000000,0.00000000,0.00000000,0.00947710,0.00000000,0.00000000,0.42195507,0.00000000,0.00000000,0.00000000,0.00000000,1.65617346,0.00000000,0.00000000,0.00000000,0.00000000,0.00000000,0.00000000,0.00000000,0.00000000,0.00000000,0.00000000,0.00000000,0.00000000,0.02856389,0.00000000,0.00000000,0.00000000,0.00000000,0.00000000,0.00000000,0.13826761,0.00000000,0.00000000,0.00000000,0.00000000,0.00000000,0.04751914,0.00077181,0.00000000,0.00000000,0.00000000,0.00000000,0.00000000,0.01658864,0.00000000,0.00386541,0.00000000,0.00000000,0.00451131,0.00000000,0.00388603,0.00000000,0.00000000,0.00000000,0.00000000,0.00000000,0.00000000,0.00228829,0.00000000,0.00000000,0.00000000,0.00000000,0.34127390,0.00000000,0.00000000,0.00000000,0.00000000,0.00000000,0.00000000,0.06145887,0.00000000,0.00000000,0.00000000,0.00000000,0.00000000,0.00000000,0.00000000,0.00000000,0.05064204,0.00212284,0.00000000,0.00000000,0.00000000,0.00000000,0.00000000,0.00000000,0.00000000,0.00000000,0.00000000,0.06824815,0.00000000,0.02038976,0.00000000,0.25972316,0.00000000,0.00000000,0.00000000,0.00000000,0.00000000,0.00000000,0.00000000,0.00000000,0.00000000,0.00239189,0.00000000,0.00000000,0.00000000,0.02203086,0.00000000,0.00000000,0.00000000,0.00776120,0.00000000,0.00000000,0.00000000,0.00000000,0.00000000,0.00000000,0.03037254,0.04730109,0.00000000,0.00000000,0.00000000,0.00000000,0.00000000,0.00154911,0.00000000,0.00000000,0.00000000,0.00000000,0.00000000,0.00000000,0.00000000,0.00000000,0.00205756,0.00000000,0.00000000,0.00000000,0.00000000,0.00000000,0.00000000,0.00000000,0.00000000,0.00000000,0.00000000,0.00000000,0.00000000,0.00000000,0.00796774,0.00000000,0.00000000,0.00000000,0.00000000,0.00000000,0.00000000,0.00000000,0.00000000,0.00000000,0.00000000,0.01560279,0.00000000,0.00000000,0.00000000,0.00000000,0.00000000,0.00351118,0.00000000,0.00000000,0.00000000,0.00000000,0.00000000,0.00000000,0.00000000,0.00000000,0.00000000,0.00000000,0.00000000,0.00000000,0.00000000,0.00000000,0.00000000,0.03348428,0.00000000,0.00000000,0.00000000,0.00000000,0.00000000,0.03742023,0.00000000,0.00000000,0.00000000,0.00410666,0.00000000,0.00000000,0.00627476,0.00567879,0.00000000,0.00000000,0.00353664,0.00000000,0.00000000,0.00000000,0.00000000,0.00000000,0.00000000,0.00000000,0.00661588,0.00000000,0.00000000,0.00000000,0.00000000,0.00000000,0.00000000,0.00000000,0.00000000,0.00000000,0.00805107,0.00000000,0.00000000,0.00000000,0.02991236,0.00000000,0.00000000,0.00000000,0.00000000,0.00000000,0.00000000,0.00000000,0.00000000,0.00000000,0.00000000,0.00000000,0.00000000,0.00000000,0.00000000,0.00000000,0.00000000,0.00000000,0.00000000,0.00000000,0.00000000,0.00088877,0.00000000,0.00000000,0.00000000,0.00000000,0.00000000,0.00000000,0.00255379,0.00000000,0.00000000,0.00000000,0.00000000,0.00000000,0.00000000,0.00000000,0.00000000,0.00000000,0.00000000,0.00099236,0.00000000,0.00000000,0.00000000,0.00000000,0.00000000,0.15013076,0.00000000,0.00000000,0.00000000,0.00000000,0.00570897,0.03469308,0.00000000,0.00000000,0.00690015,0.00000000,0.00000000,0.00000000,0.00000000,0.00000000,0.00000000,0.01049153,0.00000000,0.00000000,0.00000000,0.00000000,0.00000000,0.00000000,0.00000000,0.00000000,0.00238426,0.00000000,0.00000000,0.18726262,0.00000000,0.00000000,0.00000000,0.00000000,0.00109323,0.00000000,0.00000000,0.00000000,0.00000000,0.00000000,0.00000000,0.00000000,0.00000000,0.00000000,0.00000000,0.00000000,0.00000000,0.00000000,0.00000000,0.00000000,0.00000000,0.00000000,0.00000000,0.00000000,0.00000000,0.00000000,0.00000000,0.00000000,0.00000000,0.00000000,0.00000000,0.04326092,0.00000000,0.00000000,0.00000000,0.00000000,0.00000000,0.00000000,0.00000000,0.00000000,0.00000000,0.00000000,0.00000000,0.00000000,0.00000000,0.06349924,0.00000000,0.00000000,0.00000000,0.00437675,0.00000000,0.02621570,0.00000000,0.00000000,0.00000000,0.00000000,0.00000000,0.01132607,0.00842362,0.00000000,0.00000000,0.00000000,0.00000000,0.00000000,0.00000000,0.00000000,0.00000000,0.00000000,0.02196479,0.00000000,0.00000000,0.00000000,0.00000000,0.00000000,0.00124745,0.00000000,0.00000000,0.00000000,0.00000000,0.00000000,0.00000000,0.00000000,0.00000000,0.00000000,0.00000000,0.02919377,0.00000000,0.00000000,0.00000000,0.00000000,0.00000000,0.00000000,0.00000000,0.00000000,0.00348162,0.00000000,0.00000000,0.00000000,0.00000000,0.00000000,0.00000000,0.00000000,0.00000000,0.00000000,0.00000000,0.00000000,0.00000000,0.00000000,0.02977294,0.00320940,0.00000000,0.00000000,0.00000000,0.00000000,0.00000000,0.00000000,0.00000000,0.00000000,0.00000000,0.00000000,0.00000000,0.00000000,0.00000000,0.00000000,0.00000000,0.00000000,0.00000000,0.00000000,0.03243015,0.00000000,0.00000000,0.00000000,0.00000000,0.00000000,0.00000000,0.00000000,0.00000000,0.00000000,0.00000000,0.00000000,0.00000000,0.00305844,0.00000000,0.00000000,0.00000000,0.00000000,0.00000000,0.00000000,0.00000000,0.00000000,0.00000000,0.00000000,0.00000000,0.00000000,0.00000000
0.00000000,0.00000000,0.00000000,0.00000000,0.00085005,0.00000000,0.00936823,0.00000000,0.00000000,0.00000000,0.00000000,0.00000000,0.00000000,0.00000000,0.00000000,0.20415440,0.00000000,0.00538438,0.00000000,0.00000000,0.00000000,0.00000000,0.00000000,0.00000000,0.00000000,0.00000000,0.00000000,0.00000000,0.00000000,0.00000000,0.00000000,0.00091966,0.00916137,0.00000000,0.00000000,0.43448962,0.00000000,0.04041530,0.00000000,0.00167180,0.00000000,0.00000000,0.00000000,0.00705362,0.00000000,0.00000000,0.00000000,0.00412750,0.00339497,0.00000000,0.00249937,0.00000000,0.00000000,0.00000000,0.00000000,0.00000000,0.00000000,0.00000000,0.00000000,0.00000000,0.00749187,0.00000000,0.00000000,1.69243239,0.00000000,0.00000000,0.00000000,0.00000000,0.00000000,0.00000000,0.00000000,0.00000000,0.00000000,0.00000000,0.00000000,1.16791985,0.00000000,0.00000000,0.00000000,0.00000000,0.00000000,0.00000000,0.02456675,0.00000000,0.00000000,0.00000000,0.00000000,0.00000000,0.00000000,0.00114929,0.00000000,0.00000000,0.00000000,0.00000000,0.00000000,0.00000000,0.00000000,0.00000000,0.00000000,0.00000000,0.00000000,0.00000000,0.00000000,0.05498085,0.00000000,0.00000000,0.00000000,0.00000000,0.00000000,0.00000000,0.00058719,0.00000000,0.00000000,0.00000000,0.00000000,0.00000000,0.00000000,0.00000000,0.00000000,0.00000000,0.00218652,0.00000000,0.01499978,0.00000000,0.00000000,0.00000000,0.00000000,0.00000000,0.00000000,0.00000000,0.00000000,0.00000000,0.00000000,0.00000000,0.00000000,0.00000000,0.00919663,0.00000000,0.00000000,0.00000000,0.00000000,0.00000000,0.00000000,0.00000000,0.00653923,0.00000000,0.00000000,0.00000000,0.00000000,0.00000000,0.01482699,0.00000000,0.00000000,0.00000000,0.00000000,0.00000000,0.00000000,0.00000000,0.00000000,0.00000000,0.00000000,0.00000000,0.00000000,0.00000000,0.00000000,0.02658939,0.00000000,0.00000000,0.00000000,0.00000000,0.00000000,0.00000000,0.00000000,0.00000000,0.00000000,0.00000000,0.00000000,0.00000000,1.11581397,0.00000000,0.00145842,0.00655515,0.03639206,0.00000000,0.00000000,0.00000000,0.00000000,0.00000000,0.00000000,0.17433421,0.00000000,0.00000000,0.00000000,0.00000000,0.00086953,0.00000000,0.00000000,0.00000000,0.00000000,0.00000000,0.00342815,0.00000000,0.00000000,0.00000000,0.00000000,0.00000000,0.00000000,0.00000000,0.00000000,0.00000000,0.00000000,0.00000000,0.00000000,0.00000000,0.00000000,0.00000000,0.00000000,0.00924410,0.00000000,0.00000000,0.00000000,0.00000000,0.00000000,0.00000000,0.00000000,0.00000000,0.00000000,0.00000000,0.17475309,0.00000000,0.00000000,0.00000000,0.00000000,0.00000000,0.00000000,0.00000000,0.00000000,0.01683549,0.00000000,0.00000000,0.00000000,0.00000000,0.00000000,0.00684875,0.00000000,0.00000000,0.00000000,0.00000000,0.00000000,0.00000000,0.00000000,0.00000000,0.00000000,0.00000000,0.00000000,0.00000000,0.00000000,0.00000000,0.00000000,0.00000000,0.00000000,0.00000000,0.00000000,0.00000000,0.00000000,0.00000000,0.00000000,0.00000000,0.00000000,0.00000000,0.00000000,0.00000000,0.01820820,0.00920522,0.01279713,0.00000000,0.00000000,0.00000000,0.00000000,0.00000000,0.00000000,0.00000000,0.00649599,0.00000000,0.00000000,0.01040870,0.02200649,0.00000000,0.00000000,0.00000000,0.00000000,0.00000000,0.00000000,0.00000000,0.00000000,0.00000000,0.00000000,0.00807175,0.00000000,0.00000000,0.01074574,0.00000000,0.00000000,0.00172115,0.00000000,0.00000000,0.00000000,0.00000000,0.00000000,0.00000000,0.00000000,0.00782181,0.00000000,0.00000000,0.00000000,0.00000000,0.00000000,0.00000000,0.00000000,0.00000000,0.00000000,0.00000000,0.00000000,0.00000000,0.00000000,0.00000000,0.00000000,0.00000000,0.00000000,0.00000000,0.00000000,0.00000000,0.00000000,0.00000000,0.00000000,0.00000000,0.00000000,0.00000000,0.00000000,0.00000000,0.00000000,0.00000000,0.00000000,0.00000000,0.00000000,0.00000000,0.00000000,0.00000000,0.00000000,0.02238162,0.00000000,0.00310750,0.02189848,0.00481335,0.00000000,0.00000000,0.00000000,0.00133030,0.00000000,0.00000000,0.01685152,0.00000000,0.00000000,0.00000000,0.00000000,0.00380505,0.00000000,0.00000000,0.00000000,0.00000000,0.00000000,0.00000000,0.00000000,0.00000000,0.00000000,0.00000000,0.01090918,0.00000000,0.00000000,0.00000000,0.00000000,0.00000000,0.00000000,0.00000000,0.00000000,0.00000000,0.00000000,0.00000000,0.00000000,0.02549742,0.00000000,0.00000000,0.00000000,0.00000000,0.00000000,0.00000000,0.00000000,0.00000000,0.00000000,0.00000000,0.12324714,0.00000000,0.00807244,0.00000000,0.00000000,0.00000000,0.00000000,0.00000000,0.00000000,0.00000000,0.00000000,0.00000000,0.01646671,0.00000000,0.03504327,0.00000000,0.01855432,0.00000000,0.00000000,0.00247378,0.00000000,0.00000000,0.00000000,0.00000000,0.00687881,0.39912646,0.00000000,0.00000000,0.00000000,0.00000000,0.00000000,0.00000000,0.00000000,0.00000000,0.00000000,0.00000000,0.00000000,0.00000000,0.01718501,0.00000000,0.00000000,0.00856651,0.00000000,0.00000000,0.00000000,0.00098724,0.00217553,0.00000000,0.00000000,0.00000000,0.00000000,0.00000000,0.00000000,0.00000000,0.03551840,0.00000000,0.00000000,0.00000000,0.00000000,0.01183736,0.00000000,0.00690751,0.00000000,0.00000000,0.00000000,0.00000000,0.00000000,0.00000000,0.00000000,0.00712766,0.00000000,0.00000000,0.00000000,0.00000000,0.00000000,0.00000000,0.00000000,0.00000000,0.00000000,0.01221427,0.00000000,0.00000000,0.00000000,0.00000000,0.00000000,0.00000000,0.00000000,0.00000000,0.00000000,0.00000000,0.00000000,0.00000000,0.00000000,0.00000000,0.00000000,0.00000000,0.00000000,0.00000000,0.00000000,0.00000000,0.00000000,0.00000000,0.00000000,0.00000000,0.00000000,0.00000000,0.00000000,0.00000000,0.00000000,0.00000000,0.00000000,0.09953512,0.00000000,0.00000000,0.00000000,0.00000000,0.00000000,0.00000000,0.00000000,0.00000000,0.00000000,0.00000000,0.00000000,0.00000000,0.00000000,0.00000000,0.00000000,0.00000000,0.00000000,0.00000000,0.00000000,0.00000000,0.42581926,0.00000000,0.00000000,0.00415589,0.00000000,0.01364397,0.00000000,0.00000000,0.00000000,0.00000000,0.00000000,0.00000000,0.00000000,0.00000000,0.00000000,0.00000000,0.00000000,0.00000000,0.00000000,0.00000000,0.00000000,0.00000000,0.00000000,0.00000000,0.00000000,0.00000000,0.00000000,0.00263406,0.00000000,0.00000000,0.00000000,0.00000000,0.00000000,0.00000000,0.00000000,0.00000000,0.00000000,0.00000000,0.00000000,0.00000000,0.00000000,0.00000000,0.00000000,0.00000000,0.00000000,0.00000000,0.00000000,0.00000000,0.00000000,0.00000000,0.00000000,0.01073853,0.00000000,0.00000000,0.00000000,0.00000000,0.00972129,0.02683508,0.06785345,0.00000000,0.00000000,0.00000000,0.00000000,0.00000000,0.00000000,0.00000000,0.01035801,0.00000000,0.00000000,0.00000000,0.00000000,0.00000000,0.00000000,0.00000000,0.00000000,0.00000000,0.00000000,0.00000000,0.00000000,0.00000000,0.00000000,0.00000000,0.00000000,0.00000000,0.00000000,0.00000000,0.00000000,0.00000000,0.00000000,0.00000000,0.00000000,0.00000000,0.00000000,0.00000000,0.00000000,0.53094710,0.06310715,0.02582300,0.00000000,0.00000000,0.00087501,0.00530386,0.00000000,0.00000000,0.00000000,0.00000000,0.00000000,0.00000000,0.00000000,0.00000000,0.00000000,0.00000000,0.01435743,0.00000000,2.89122666,0.00000000,0.00000000,0.00000000,0.00000000,0.00000000,0.00000000,0.00000000,0.00000000,0.00000000,0.00000000,0.00000000,0.00000000,0.00699892,0.00000000,0.00867219,0.00000000,0.00000000,0.00000000,0.00000000,0.00000000,0.00000000,0.07063218,0.00000000,0.00000000,0.00000000,0.00000000,0.00462528,0.02209984,0.00000000,0.00000000,0.00000000,0.00000000,0.00000000,0.00000000,0.00000000,0.00000000,0.00000000,0.00000000,0.00000000,0.00000000,0.00000000,0.00000000,0.00195578,0.00000000,0.00000000,0.00000000,0.00205685,0.00000000,0.00000000,0.00000000,0.00000000,0.00000000,0.00000000,0.00000000,0.02261878,0.00000000,0.00000000,0.00000000,0.00000000,0.00000000,0.00000000,0.00000000,0.00000000,0.00000000,0.00000000,0.00000000,0.00000000,0.00000000,0.00000000,0.00000000,0.02548555,0.00000000,0.00000000,0.00000000,0.00000000,0.00000000,0.00520594,0.00000000,0.00000000,0.00000000,0.00000000,0.00000000,0.00000000,0.00000000,0.00000000,0.00000000,0.00189604,0.00092110,0.00000000,0.00000000,0.00000000,0.00000000,0.00000000,0.00000000,0.00000000,0.00000000,0.00000000,0.00000000,0.00000000,0.00000000,0.00000000,0.00340392,1.12642137,0.00000000,0.00000000,0.00000000,0.00000000,0.00000000,0.00000000,0.00000000,0.00000000,0.00099810,0.08141600,0.06464161,0.00000000,0.00000000,0.00000000,0.00000000,0.00000000,0.00719735,0.00000000,0.00000000,0.00260507,0.00000000,0.00000000,0.00000000,0.00000000,0.00000000,0.00000000,0.00000000,0.00000000,0.00000000,0.00000000,0.00000000,0.00000000,0.00000000,0.19272946,0.00000000,0.00000000,0.03718714,0.00000000,0.00000000,0.00000000,0.00000000,0.00000000,0.00000000,0.00000000,0.00000000,0.02641144,0.00271638,0.00000000,0.00000000,0.00437574
0.00000000,0.00000000,0.00000000,0.09949707,0.00000000,0.00000000,0.00000000,0.00000000,0.00101375,0.00188851,0.00000000,0.00000000,0.00257458,0.02228916,0.00000000,0.00000000,0.00000000,0.01639565,0.00000000,0.00000000,0.00749278,0.00000000,0.00000000,0.07033792,0.00000000,0.00000000,0.00000000,0.00000000,0.00000000,0.00000000,0.00000000,0.10803455,0.00000000,0.00000000,0.00000000,0.00000000,0.32346898,0.00172552,0.00000000,0.00000000,0.00171495,0.00000000,0.00000000,0.00000000,0.00000000,0.00000000,0.00000000,0.00000000,0.00179615,0.00000000,0.00000000,0.00000000,0.00000000,0.00000000,0.00000000,0.00000000,0.02244931,0.00000000,0.00000000,0.03051441,0.00000000,0.00000000,0.02124502,0.00000000,0.00000000,0.00000000,0.00000000,0.00000000,0.00000000,0.00644367,0.00000000,0.00000000,0.00000000,0.00000000,0.00000000,0.00000000,0.00000000,0.00000000,0.00000000,0.00306947,0.00000000,0.00000000,0.00000000,0.00000000,0.00000000,0.00000000,0.00000000,0.00000000,0.00000000,0.00000000,0.00000000,0.00000000,0.00000000,0.00405479,0.00000000,0.00000000,0.00000000,0.00000000,0.00000000,0.00000000,0.00000000,0.00000000,0.00000000,0.00000000,0.00000000,0.00000000,0.00000000,0.00000000,0.00000000,0.00000000,0.00000000,0.00000000,0.00000000,0.00000000,0.00000000,0.00000000,0.00372832,0.00000000,0.00649379,0.00000000,0.00000000,0.00000000,0.00000000,0.00000000,0.00000000,0.00000000,0.00000000,0.00000000,0.00000000,0.00000000,0.00264259,0.00000000,0.00350632,0.00000000,0.00000000,0.00000000,0.00000000,0.00000000,0.00000000,0.00000000,0.00000000,0.00000000,0.00000000,0.00000000,0.00000000,0.00000000,0.00000000,0.00000000,0.00000000,0.00000000,0.00000000,0.00000000,0.00000000,0.01070061,0.18891899,0.00000000,0.00000000,0.00000000,0.00000000,0.00000000,0.00000000,0.00000000,0.00000000,0.00000000,0.00000000,0.00000000,0.00000000,0.00000000,0.00000000,0.00000000,0.00000000,0.00000000,0.00000000,0.00000000,0.00000000,0.00000000,0.00000000,0.01926283,0.00000000,0.00000000,0.00000000,0.00000000,0.00100399,0.00000000,0.00000000,0.00000000,0.00000000,0.00000000,0.00000000,0.00000000,0.00000000,0.00000000,0.00000000,0.00000000,0.00000000,0.00000000,0.00000000,0.00000000,0.00000000,0.18985929,0.00000000,0.00000000,0.00000000,0.00000000,0.00000000,0.00000000,0.00000000,0.00000000,0.01101033,0.00000000,0.00000000,0.00000000,0.00000000,0.00000000,0.00536059,0.00000000,0.00000000,0.00000000,0.00000000,0.00000000,0.03261310,0.00000000,0.00000000,0.00000000,0.00000000,0.00243717,0.00000000,0.00000000,0.00000000,0.00000000,0.00000000,0.00000000,0.00000000,0.00000000,0.00000000,0.00000000,0.00000000,0.00000000,0.03487907,0.00000000,0.01551373,0.00000000,0.00000000,0.00258480,0.00000000,0.00000000,0.00000000,0.00000000,0.00000000,0.00470735,0.00000000,0.00189154,0.00000000,0.00000000,0.00540363,0.00000000,0.00000000,0.00000000,0.00094581,0.00000000,0.00000000,0.00000000,0.00000000,0.00000000,0.00000000,0.00138712,0.00000000,0.00000000,0.00000000,0.00000000,0.00000000,0.00153834,0.00701988,0.00000000,0.00000000,0.00000000,0.00000000,0.00000000,0.00000000,0.00830231,0.00000000,0.00000000,0.00000000,0.00000000,0.00000000,0.00000000,0.00000000,0.00000000,0.00000000,0.00000000,0.00000000,0.00000000,0.00000000,0.00000000,0.00000000,0.00000000,0.00000000,0.00000000,0.00000000,0.00000000,0.00000000,0.00000000,0.00000000,0.00000000,0.00000000,0.00000000,0.01042033,0.00000000,0.00000000,0.00000000,0.00000000,0.00000000,0.00000000,0.00000000,0.00000000,0.00000000,0.00000000,0.00000000,0.00102075,0.00000000,0.00000000,0.00000000,0.00000000,0.00279234,0.00000000,0.00000000,0.00000000,0.00000000,0.00000000,0.00000000,0.00000000,0.00000000,0.02786604,0.00000000,0.00000000,0.00000000,0.00298877,0.00000000,0.00000000,0.00000000,0.00000000,0.00000000,0.00000000,0.00000000,0.00000000,0.00000000,0.00000000,0.01974667,0.00000000,0.00000000,0.04134789,0.00000000,0.00000000,0.00000000,0.00000000,0.00000000,0.00109477,0.00000000,0.00000000,0.00000000,0.00000000,0.00000000,0.00000000,0.00000000,0.00000000,0.00000000,0.00454479,0.00000000,0.00000000,0.00000000,0.00000000,0.00000000,0.00000000,0.01577417,0.00000000,0.00000000,0.01885709,0.00000000,0.00000000,0.00000000,0.00000000,0.00000000,0.00000000,0.00000000,0.00000000,0.00000000,0.00100876,0.00000000,0.00000000,0.00000000,0.00000000,0.00000000,0.00000000,0.00000000,0.00000000,0.00000000,0.00000000,0.00000000,0.00000000,0.00000000,0.00000000,0.00000000,0.00000000,0.00000000,0.03418603,0.00000000,0.00000000,0.00000000,0.00513868,0.00000000,0.00000000,0.00000000,0.00000000,0.00000000,0.00000000,0.00000000,0.00000000,0.00000000,0.00000000,0.00000000,0.00000000,0.00000000,0.00000000,0.00000000,0.08574481,0.00000000,0.00000000,0.00216688,0.00000000,0.00000000,0.00000000,0.00000000,0.00000000,0.00000000,0.00000000,0.00000000,0.00000000,0.00000000,0.00000000,0.00000000,0.00000000,0.00000000,0.00000000,0.00000000,0.00000000,0.00000000,0.00688227,0.00239929,0.00000000,0.00000000,0.00000000,0.00000000,0.00000000,0.00000000,0.00000000,0.00000000,0.00000000,0.00000000,0.00000000,0.00000000,0.00000000,0.00000000,0.01748194,0.00000000,0.00000000,0.00000000,0.00000000,0.00000000,0.00000000,0.00000000,0.00000000,0.00000000,0.00000000,0.00000000,0.00000000,0.00000000,0.00000000,0.00000000,0.00000000,0.00000000,0.00000000,0.01794084,0.00000000,0.00000000,0.00000000,0.00000000,0.00000000,0.00000000,0.00000000,0.00000000,0.00000000,0.00000000,0.00000000,0.00000000,0.00128846,0.00000000,0.00000000,0.03394403,0.00000000,0.00000000,0.00000000,0.00000000,0.00000000,0.00000000,0.38724156,0.00000000,0.00000000,0.00000000,0.00000000,0.00000000,0.00000000,0.00000000,0.00000000,0.00000000,0.00000000,0.00000000,0.00000000,0.00000000,0.00000000,0.00000000,0.00000000,0.00537269,0.00000000,0.00000000,0.00000000,0.00000000,0.00000000,0.00000000,0.00000000,0.00000000,0.00000000,0.08172854,0.38550311,0.00000000,0.00000000,0.00000000,0.00000000,0.00000000,0.00000000,0.00000000,0.02619809,0.00000000,0.00000000,0.00000000,0.00000000,0.00000000,0.00000000,0.00000000,0.00000000,0.00000000,0.00000000,0.00000000,0.02613054,0.00000000,1.76132300,0.00000000,0.00000000,0.00000000,0.00000000,0.00000000,0.00000000,0.00000000,1.88225930,0.01463884,0.00000000,0.00000000,0.00000000,0.00000000,0.00000000,0.09190019,0.00000000,0.00000000,0.00000000,0.00765276,0.00000000,0.00000000,0.00360472,0.00000000,0.00000000,0.00337277,0.00000000,0.00000000,0.00274578,0.04177869,0.00000000,0.00000000,0.00000000,0.00000000,0.00000000,0.00000000,0.00000000,0.00000000,0.00000000,0.05680329,0.00000000,0.00000000,0.00000000,0.00000000,0.00000000,0.00000000,0.00000000,0.00000000,0.00000000,0.00000000,0.14080739,0.00000000,0.00000000,0.00000000,0.00000000,0.00000000,0.00000000,0.00000000,0.00000000,0.00000000,0.27638551,0.00000000,0.00000000,0.00000000,0.07259745,0.00000000,0.01270984,0.00000000,0.00000000,0.00000000,0.00000000,0.00000000,0.00000000,0.00000000,0.00818623,0.00000000,0.00000000,0.00000000,0.00000000,0.00000000,0.00000000,0.00000000,0.00000000,0.00204232,0.00000000,0.00000000,0.01863188,0.00000000,0.00000000,0.00000000,0.00267958,0.00000000,0.00000000,0.00000000,0.00000000,0.00000000,0.00000000,0.00000000,0.00000000,0.00000000,0.00000000,0.11635575,0.00000000,0.00000000,0.00000000,0.00000000,0.00000000,0.00000000,0.00634331,0.00000000,0.00000000,0.00000000,0.00000000,0.00000000,0.00000000,0.00000000,0.00000000,0.00000000,0.00000000,0.00080688,0.00000000,0.00000000,0.00000000,0.00000000,0.00000000,0.00000000,0.00000000,0.00000000,0.00794739,0.00000000,0.00000000,0.00000000,0.00000000,0.00000000,0.00000000,0.00000000,0.00061582,0.00000000,0.00000000,0.00000000,0.00181633,0.01416781,0.02620457,0.00000000,0.00960057,0.00116097,0.00000000,0.02165980,0.00000000,0.02315419,0.00519328,0.00000000,0.00000000,0.00000000,0.00000000,0.00000000,0.00000000,0.00000000,0.00000000,0.00000000,0.00000000,0.00986779,0.00000000,0.00000000,0.00000000,0.00000000,0.00000000,0.00000000,0.00000000,0.00000000,0.00000000,0.00860749,0.00000000,0.03046179,0.00000000,0.03441855,0.00000000,0.00000000,0.00000000,0.09195255,0.00000000,0.00000000,0.00000000,0.00000000,0.00000000,0.00000000,0.00000000,0.00000000,0.00000000,0.00000000,0.00000000,0.00576930,0.00000000,0.00454814,0.00000000,0.00000000,0.00000000,0.00000000,0.00000000,0.00000000,0.00000000,0.00000000,0.00000000,0.00000000,0.00000000,0.00000000,0.00000000,0.00381559,0.00000000,0.00000000,0.00000000,0.01884612,0.00000000,0.00000000,0.00000000,0.00000000,0.00000000,0.00000000,0.00000000,0.00000000,0.03853476,0.00000000,0.00000000,0.00000000,0.00000000,0.00000000,0.00000000,4.15878404,0.00000000,0.00000000,0.00000000,0.00000000,0.00000000,0.00000000,0.00886105,0.00000000,0.00000000,0.00000000,0.00000000,0.00000000,0.00000000,0.00000000,0.00000000,0.00000000,0.00000000,0.00000000
0.00000000,0.00000000,0.00000000,0.00000000,0.00000000,0.00000000,0.00000000,0.02264484,0.00831315,0.00000000,0.01410313,0.00000000,0.00285235,0.01917469,0.00000000,0.00000000,0.00000000,0.00000000,0.00000000,0.01993083,0.00000000,0.00000000,0.00000000,0.00000000,0.00000000,0.00000000,0.00000000,0.00000000,0.00000000,0.00000000,0.00000000,0.00000000,0.00000000,0.00000000,0.00000000,0.00000000,0.00000000,0.00000000,0.00000000,0.00000000,0.00000000,0.00000000,0.80778892,0.00000000,0.00000000,0.00000000,0.00000000,0.00000000,0.00000000,0.00000000,0.00000000,0.00000000,0.00000000,0.00000000,0.00000000,0.00000000,0.01584549,0.00000000,0.00000000,0.00000000,0.02027352,0.00000000,0.00000000,0.00000000,0.00000000,0.00000000,0.00000000,0.00000000,0.00000000,0.05992291,0.00000000,0.00000000,0.00000000,0.00628636,0.00000000,0.00000000,0.00000000,0.00000000,0.00402331,0.00000000,0.05564741,0.00000000,0.00000000,0.00000000,0.00000000,0.00000000,0.00000000,0.00000000,0.00000000,0.00242463,0.00181254,0.00000000,0.00000000,0.00000000,0.00000000,0.00000000,0.00000000,0.00000000,0.00986881,0.00000000,0.00000000,0.00000000,0.00000000,0.00000000,0.04530651,0.00000000,0.00000000,0.00000000,0.00000000,0.00000000,0.00000000,0.00000000,0.00000000,0.00000000,0.00000000,0.00000000,0.00000000,0.00000000,0.00000000,0.00000000,0.00000000,0.06727502,0.00000000,0.00000000,0.00000000,0.00000000,0.00000000,0.00438305,0.00000000,0.00283696,0.00000000,0.00000000,0.00000000,0.00000000,0.00000000,0.00000000,0.00000000,0.00000000,0.00000000,0.00000000,0.00000000,0.00000000,0.00000000,0.05392488,0.00000000,0.00000000,0.00000000,0.00000000,0.00000000,0.00000000,0.00000000,0.00000000,0.00000000,0.00865958,0.00000000,0.00000000,0.00000000,0.00788455,0.00000000,0.00000000,0.00000000,0.00000000,0.00446772,0.00000000,0.00000000,0.00000000,0.00000000,0.00000000,0.00000000,0.00267299,0.00000000,0.00000000,0.00000000,0.00000000,0.00000000,0.00908793,0.00000000,0.00000000,0.00000000,0.00000000,0.00712478,0.00000000,0.00000000,0.00205654,0.00000000,0.00831560,0.00000000,0.00000000,0.00000000,0.01440822,0.00000000,0.01412873,0.00000000,0.00000000,0.00000000,0.00000000,0.03206960,0.00116681,0.00000000,0.00000000,0.00000000,0.16498021,0.00000000,0.00000000,0.00000000,0.00000000,0.00000000,0.00000000,0.00000000,0.01031906,0.00000000,0.00000000,0.00000000,0.00000000,0.00000000,0.00000000,0.00000000,0.00000000,0.00000000,0.00000000,0.00000000,0.00000000,0.00000000,0.00000000,0.00000000,0.00000000,0.00000000,0.00000000,0.00000000,0.00000000,0.00000000,0.00000000,0.00000000,0.00000000,0.00000000,0.00000000,0.01856352,0.00000000,0.00000000,0.00000000,0.00421395,0.00000000,0.00000000,0.00000000,0.00000000,0.00465832,0.00000000,0.00000000,0.00000000,0.00000000,0.00000000,0.26194189,0.00000000,0.00000000,0.00000000,0.00000000,0.00000000,0.00000000,0.00000000,0.00149650,0.00000000,0.00000000,0.00000000,0.00000000,0.00000000,0.00373440,0.00000000,0.00000000,0.00000000,0.00000000,0.00000000,0.00000000,0.00000000,0.00000000,0.82442452,0.00000000,0.07507535,2.19878470,0.00000000,0.00000000,0.00000000,0.00000000,0.00000000,0.00000000,0.00000000,0.00000000,0.00000000,0.00069089,0.00000000,0.00000000,0.00000000,0.00000000,0.05488591,0.00000000,0.00000000,0.00000000,0.00000000,0.00000000,0.00000000,0.00000000,0.00000000,0.00000000,0.00000000,0.03565004,0.00000000,0.00000000,0.00479820,0.00000000,0.00000000,0.00000000,0.00000000,0.00000000,0.00000000,0.00000000,0.00000000,0.00000000,0.00180228,0.00111956,0.00000000,0.00000000,0.00000000,0.00000000,0.00000000,0.00000000,0.00000000,0.00000000,0.00000000,0.00000000,0.00000000,0.00000000,0.00000000,0.00000000,0.00000000,0.00574148,0.00000000,0.00000000,0.00000000,0.00000000,0.00000000,0.00000000,0.00000000,0.00000000,0.00000000,0.00000000,0.00000000,0.00000000,0.00000000,0.00000000,0.00000000,0.00000000,0.00000000,0.00000000,0.00000000,0.00000000,0.00000000,0.00000000,0.00000000,0.00000000,0.02241671,0.00000000,0.00000000,0.00000000,0.00000000,0.00000000,0.00000000,0.00000000,0.00000000,0.00000000,0.00000000,0.00000000,0.00000000,0.00000000,0.00000000,0.00000000,0.00000000,0.00000000,0.09944571,0.01359951,0.00000000,0.00000000,0.00000000,0.00000000,0.00000000,0.00000000,0.00000000,0.00000000,0.00000000,0.00182805,0.00000000,0.00000000,0.00000000,0.00000000,0.00493924,0.00000000,0.00000000,0.00000000,0.00000000,0.00000000,0.03628140,0.00000000,0.00000000,0.00285452,0.64315561,0.00157253,0.00000000,0.00000000,0.00000000,0.00303166,0.00000000,0.00000000,0.00000000,0.03933935,0.00000000,0.00000000,0.00000000,0.00000000,0.00000000,0.00000000,0.00000000,0.00000000,0.59295742,0.00000000,0.00673392,0.00000000,0.00000000,0.00000000,0.00000000,0.00000000,0.00000000,0.00000000,0.00000000,0.00193940,0.00000000,0.00000000,0.00000000,0.00000000,0.00000000,0.00000000,0.00000000,0.00000000,0.00000000,0.00000000,0.00000000,0.00000000,0.00000000,0.00000000,0.00000000,0.00000000,0.00000000,0.04655122,0.00000000,0.00000000,0.00000000,0.00000000,0.00000000,0.00000000,0.00000000,0.00000000,0.00000000,0.02198566,0.00000000,0.00000000,0.00000000,0.00000000,0.00000000,0.01121477,0.00082043,0.00000000,0.00000000,0.00000000,0.00000000,0.00000000,0.00000000,0.00000000,0.00000000,0.00000000,0.00000000,0.00000000,0.00000000,0.00000000,0.00000000,0.00000000,0.00000000,0.10632628,0.00000000,0.00000000,0.00000000,0.00000000,0.00000000,0.00000000,0.00000000,0.00000000,0.00000000,0.00000000,0.00000000,0.00000000,0.00000000,0.00000000,0.00000000,0.00000000,0.00000000,0.00463235,0.00000000,0.00000000,0.00000000,0.00000000,0.00000000,0.00000000,0.00000000,0.00000000,0.00000000,0.00000000,0.00000000,0.00000000,0.00000000,0.00000000,0.00000000,0.00000000,0.00000000,0.00000000,0.00000000,0.00000000,0.00000000,0.00000000,0.00000000,0.00000000,0.00000000,0.00000000,0.00000000,0.00000000,0.00000000,0.06971863,0.00000000,0.00000000,0.00000000,0.00000000,0.00000000,0.00000000,0.00000000,0.00000000,0.00000000,0.00000000,0.00000000,0.00000000,0.00000000,0.00000000,0.00000000,0.00000000,0.00000000,0.00577870,0.00000000,0.00000000,0.00000000,0.00000000,0.00000000,0.00000000,0.00000000,0.00000000,0.00000000,0.00000000,0.00000000,0.00000000,0.00000000,0.00000000,0.00000000,0.00000000,0.00000000,0.00000000,0.00744159,0.00000000,0.00000000,0.00000000,0.14798100,0.00000000,0.00000000,0.00000000,0.00000000,0.00000000,0.00000000,0.00000000,0.00000000,0.00000000,0.00000000,0.00000000,0.00000000,0.00000000,0.00000000,0.00000000,0.00000000,0.00000000,0.00123092,0.00000000,0.00000000,0.33082988,0.00462313,0.00000000,0.00000000,0.00000000,0.00000000,0.00648678,0.00000000,0.00000000,0.00000000,0.00868637,0.00000000,0.00000000,0.00000000,0.00726987,0.00000000,0.00000000,0.00000000,0.00000000,0.00000000,0.00000000,0.00000000,0.00000000,0.00000000,0.00000000,0.00000000,0.00000000,0.00000000,0.00000000,0.00000000,0.00000000,0.06726587,0.00000000,0.00000000,0.00000000,0.00000000,0.00522014,0.00000000,0.00000000,0.00000000,0.00000000,0.00000000,0.00000000,0.00000000,0.00000000,0.00000000,0.00000000,0.07313490,0.01021995,0.00091138,0.00000000,0.01488097,0.00000000,0.00000000,0.00209629,0.00000000,0.00000000,0.00000000,0.00000000,0.00000000,0.00440546,0.04491900,0.00000000,0.00000000,0.00909098,0.00000000,0.00000000,0.00000000,0.00000000,0.00000000,0.00000000,0.00000000,0.00155471,0.00659380,0.00000000,0.02011505,0.00000000,0.00000000,0.31288734,0.00000000,0.00000000,0.00000000,0.00637458,0.00000000,0.00000000,0.00949018,0.00000000,0.00000000,0.00000000,0.00000000,0.00000000,0.00000000,0.00000000,0.00000000,0.00000000,0.00990834,0.00000000,0.00000000,1.12605633,0.00000000,0.00000000,0.00000000,0.00000000,0.00000000,0.00000000,0.00000000,0.00000000,0.00000000,0.00000000,0.00000000,0.00000000,0.00000000,0.00000000,0.00000000,0.00000000,0.00000000,0.00000000,0.00000000,0.00000000,0.00459426,0.00000000,0.00000000,0.00126972,0.00000000,0.00000000,0.00000000,0.00000000,0.01568271,0.00000000,0.00000000,0.00311931,0.00000000,0.00000000,0.00000000,0.00000000,0.00000000,0.00000000,0.00000000,0.00000000,0.00000000,0.00000000,0.00000000,0.00000000,0.02409435,0.00000000,0.00000000,0.00000000,0.00000000,0.00000000,0.00161473,0.00000000,0.00000000,0.00000000,0.00000000,0.00000000,0.02051343,0.00000000,0.00356213,0.00000000,0.00000000,0.00857703,0.00000000,0.00000000,0.00000000,0.00000000,0.00000000,0.00000000,0.01169486,0.00183025,0.00000000,0.00000000,0.00000000,0.01643979,0.00000000,0.00000000,0.00000000,0.00000000,0.00000000,0.00000000,0.00000000,0.00000000,0.00000000,0.00000000,0.00000000,0.00000000,0.00000000,0.01855627,0.00000000,0.00000000,0.00000000,0.18512322,0.00000000,0.00000000,0.00000000,0.00000000,0.00000000,0.00000000,0.00000000,0.87390240,0.00000000,0.00000000,0.00000000,0.00000000,0.00000000,0.00000000,0.00000000,0.00000000
0.00000000,0.00000000,0.00000000,0.00000000,0.00302018,0.00000000,0.00000000,0.00000000,0.00580182,0.00711031,0.00000000,0.00000000,0.00000000,0.00000000,0.00000000,0.00000000,0.00000000,0.00000000,0.00000000,0.00000000,0.00000000,0.00000000,0.00000000,0.00000000,0.00000000,0.00000000,0.00000000,0.00000000,0.00000000,0.00000000,0.00000000,0.00000000,0.00000000,0.02944158,0.00000000,0.00114006,0.00000000,0.00000000,0.00000000,0.00000000,0.00000000,0.00000000,0.00000000,0.00000000,0.00000000,0.00000000,0.01923553,0.00203761,0.00000000,0.00000000,3.53848854,0.00000000,0.00000000,0.00000000,0.00000000,0.00000000,0.00000000,0.00000000,0.00000000,0.00000000,0.00000000,0.00000000,0.00000000,0.00000000,0.00000000,0.00000000,0.00000000,0.00000000,0.00000000,0.00000000,0.00000000,0.00000000,0.00739299,0.00000000,0.00000000,0.00000000,0.00000000,0.00000000,0.00000000,0.00000000,0.00845680,0.00000000,0.00000000,0.00091024,0.00000000,0.00000000,0.00000000,0.00000000,0.01200603,0.00000000,0.00000000,0.00863174,0.00000000,0.00000000,0.00000000,0.00000000,0.00000000,0.00000000,0.00000000,0.00000000,0.00000000,0.05596166,0.00000000,0.00000000,0.00000000,0.00000000,0.00000000,0.00000000,0.11648678,0.00000000,0.00000000,0.00000000,0.00000000,0.00000000,0.00000000,0.00000000,0.00000000,0.00000000,0.00000000,0.00000000,0.00000000,0.00154292,0.00000000,0.04296164,0.00000000,0.00000000,0.00000000,0.00000000,0.00000000,0.01488431,0.00586984,0.00000000,0.00000000,0.00000000,0.00000000,0.00577539,0.00000000,0.00000000,0.01598156,0.00000000,0.00000000,0.00000000,0.00000000,0.03034886,0.00000000,0.00000000,0.24607655,0.00000000,0.00000000,0.00000000,0.00000000,0.00218103,0.00000000,0.00000000,0.00000000,0.00000000,0.00000000,0.00000000,0.00000000,0.00000000,0.00000000,0.00000000,0.00000000,0.00000000,0.03234441,0.00000000,0.00000000,0.00000000,0.00000000,0.00000000,0.00107257,0.00000000,0.00000000,0.00000000,0.00000000,0.00000000,0.00000000,0.00000000,0.00000000,0.00000000,0.00000000,0.00000000,0.00000000,0.00000000,0.00000000,2.26647565,0.00000000,0.00000000,0.00000000,0.00000000,0.00000000,0.00000000,0.00000000,0.00000000,0.00000000,0.00000000,0.00000000,0.00000000,0.00000000,0.00000000,0.00000000,0.00000000,0.00000000,0.01706673,0.00000000,0.00000000,0.00000000,0.00000000,0.00000000,0.00000000,0.00000000,0.00000000,0.00000000,0.00000000,0.00000000,0.00000000,0.00000000,0.00094704,0.00000000,0.00000000,0.00000000,0.00000000,0.00000000,0.00000000,0.00000000,0.00000000,0.00000000,0.00000000,0.00000000,0.00000000,0.00114484,0.00000000,0.00000000,0.00000000,0.00000000,0.00000000,0.00000000,0.00000000,0.00000000,0.00000000,0.00000000,0.00000000,0.00000000,0.00000000,0.00000000,0.00000000,0.00000000,0.00299755,0.00000000,0.00000000,0.00000000,0.01622288,0.00000000,0.00000000,0.00000000,0.00000000,0.00560628,0.00000000,0.00000000,0.00000000,0.17023266,0.00000000,0.01144406,0.00000000,0.00000000,0.00000000,0.00000000,0.00000000,0.00000000,0.00000000,0.00000000,0.00000000,0.00000000,0.04146016,0.00981192,0.00000000,0.00000000,0.00000000,0.00000000,0.00000000,0.00000000,0.00000000,0.00000000,0.00000000,0.00000000,0.00000000,0.00000000,0.00228213,0.00000000,0.00000000,0.00000000,0.00000000,0.00000000,0.09424538,0.00000000,0.00000000,0.00000000,0.00000000,0.00000000,0.00000000,0.00000000,0.00000000,0.00000000,0.00000000,0.00000000,0.00000000,0.00000000,0.00000000,0.00000000,0.00000000,0.00000000,0.00000000,0.00000000,0.00000000,0.00000000,0.00000000,0.00000000,0.00000000,0.00000000,0.00000000,0.00000000,0.16998837,0.00000000,0.03424042,0.00000000,0.00000000,0.00000000,0.00000000,0.00000000,0.00000000,0.00000000,0.00000000,0.00000000,3.40909984,0.00000000,0.00000000,0.00187948,0.00000000,0.00000000,0.00000000,0.00000000,0.00000000,0.00000000,0.00000000,0.00000000,0.00000000,0.05413362,0.00000000,0.00000000,0.00000000,0.00000000,0.00000000,0.00000000,0.28718367,0.00000000,0.00000000,0.00000000,0.00000000,0.00000000,0.00000000,0.00000000,0.00301322,0.00000000,0.00140329,0.00325600,0.00000000,0.07525117,0.00000000,0.03259900,0.00000000,0.00000000,0.00723162,0.42200273,0.00000000,0.00000000,0.00000000,0.00000000,0.00000000,0.00000000,0.00000000,0.00000000,0.02151725,0.00000000,0.00000000,0.00000000,0.00000000,0.00000000,0.00000000,0.00000000,0.00000000,0.00113851,0.00000000,0.00000000,0.00000000,0.00000000,0.00000000,0.00000000,0.00000000,0.00000000,0.00000000,0.00000000,0.00000000,0.00000000,0.00000000,0.00000000,0.81502515,0.00000000,0.00000000,0.00524356,0.00000000,0.00000000,0.00000000,0.00000000,0.00000000,0.00000000,0.00000000,0.00000000,0.00000000,0.00000000,0.00000000,0.00000000,0.00000000,0.00574692,0.00000000,0.25673010,0.00957240,0.00000000,0.00000000,0.00000000,0.00000000,0.00000000,0.00000000,0.00000000,0.00000000,0.00000000,0.00000000,0.00000000,0.00000000,0.00000000,0.00000000,0.00000000,0.01416624,0.00000000,0.17249509,0.04193827,0.00000000,0.00000000,0.00000000,0.14742501,0.00000000,0.00000000,0.00000000,0.00000000,0.00000000,0.00000000,0.00000000,0.00000000,0.00000000,0.00000000,0.03234612,0.00000000,0.00000000,0.06050407,0.00000000,0.00000000,0.01367344,0.00000000,0.00000000,0.00102056,0.00000000,0.00000000,0.00000000,0.00000000,0.00000000,0.00000000,0.00000000,0.00000000,0.02624042,0.00000000,0.00000000,0.00000000,0.07234452,0.02321768,0.00000000,0.00000000,0.00000000,0.00000000,0.00000000,0.00000000,0.00000000,0.00000000,0.00000000,0.00000000,0.00000000,0.00000000,0.00000000,0.00000000,0.00000000,0.00000000,0.00000000,0.00000000,0.00000000,0.00000000,0.02208856,0.01788040,0.00000000,0.00000000,0.00000000,0.00000000,0.00212302,0.00000000,0.00000000,0.00000000,0.00000000,0.00000000,0.00000000,0.00000000,0.00456670,0.00151516,0.00000000,0.00000000,0.00000000,0.00000000,0.00000000,0.00000000,0.00000000,0.00000000,0.00000000,0.00000000,0.00000000,0.00000000,0.00000000,0.00000000,0.00000000,0.00000000,0.00000000,0.01315600,0.00000000,0.01768378,0.00000000,0.00000000,0.00000000,0.00000000,0.00000000,0.00000000,0.00000000,0.00000000,0.00000000,0.00000000,0.00000000,0.00737279,0.00617121,0.00000000,0.00000000,0.02644560,0.00000000,0.00000000,0.00000000,0.00000000,0.00000000,0.00000000,0.00000000,0.00000000,0.00000000,0.00119474,0.00000000,0.00000000,0.00000000,0.00000000,0.00000000,0.00000000,0.00000000,0.00000000,0.00000000,0.00000000,0.00000000,0.00000000,0.00000000,0.00000000,0.00000000,0.00000000,0.00919673,0.00000000,0.09956826,0.00000000,0.00000000,0.00000000,0.00045329,0.00000000,0.00000000,0.00000000,0.00000000,0.00000000,0.00000000,0.00290646,0.07617303,0.00000000,0.00000000,0.00000000,0.00000000,0.03079855,0.00000000,0.00211269,0.00000000,0.00000000,0.00757509,0.00000000,0.00000000,0.02963453,0.00000000,0.00000000,0.00000000,0.00000000,0.00000000,0.00000000,0.00000000,0.77278199,0.00404300,0.00420246,0.00000000,0.00306546,0.00000000,0.00000000,0.00000000,0.00000000,0.00000000,0.00000000,0.00000000,0.00516611,0.00000000,0.00000000,0.01713584,0.00000000,0.00000000,0.00000000,0.00000000,0.01682952,0.00000000,0.00000000,0.00000000,0.00000000,0.00000000,0.00000000,0.00000000,0.00000000,0.00000000,0.41607386,0.00000000,0.00000000,0.00000000,0.00000000,0.00000000,0.00000000,0.00000000,0.00000000,0.00000000,0.00000000,0.00000000,0.00000000,0.00221474,0.00000000,0.00000000,0.00000000,0.00000000,0.00000000,0.00000000,0.00000000,0.00000000,0.00000000,0.00000000,0.00000000,0.00000000,0.00000000,0.00000000,0.00000000,0.00000000,0.00000000,0.00000000,0.00000000,0.00000000,0.00000000,0.00000000,0.00000000,0.00000000,0.00000000,0.00000000,0.00000000,0.00000000,0.00448003,0.00000000,0.00000000,0.00000000,0.00000000,0.00000000,0.00000000,0.00000000,0.00000000,0.00000000,0.00000000,0.00000000,0.00000000,1.50359599,0.00000000,0.00000000,0.00000000,0.00000000,0.00000000,0.00000000,0.00000000,0.00000000,0.00000000,0.00000000,0.00000000,0.00000000,0.00000000,0.00988259,0.00000000,0.00000000,0.00000000,0.00000000,0.00000000,0.00000000,0.00000000,0.00000000,0.00000000,0.00000000,0.00000000,0.00250774,0.00000000,0.00078992,0.00000000,0.00000000,0.00000000,0.00000000,0.00000000,0.02178254,0.00066550,0.00000000,0.00000000,0.00000000,0.00000000,0.00000000,0.00000000,0.00117017,0.00000000,0.00000000,0.00000000,0.00000000,0.00000000,0.00000000,0.00000000,0.00079632,0.00000000,0.00000000,0.00601149,0.00000000,0.00201240,0.00000000,0.00000000,0.00000000,0.00000000,0.00000000,0.00000000,0.00132151,0.00000000,0.00000000,0.00000000,0.00000000,0.00000000,0.00000000,0.00000000,0.00000000,0.00000000,0.00000000,0.00000000,0.00000000,0.00000000,0.00000000,0.00000000,0.00169720,0.00000000,0.00000000,0.00832223,0.00000000,0.00000000,0.00000000,0.00000000,0.00000000,0.00000000,0.00000000,0.00000000,0.00000000,0.00000000,0.00000000,0.00000000,0.00000000,0.00000000,0.00453367,0.00000000,0.00000000
0.00000000,0.00000000,0.00000000,0.00000000,0.00000000,0.00000000,0.00000000,0.00000000,0.00000000,0.00000000,0.00000000,0.00000000,0.00000000,0.01484141,0.00000000,0.00000000,0.00000000,0.00000000,0.08991775,0.00000000,0.00000000,0.00000000,0.00000000,0.00000000,0.00000000,0.00000000,0.00000000,0.00000000,0.00000000,0.00000000,0.00000000,0.00000000,0.00000000,0.00000000,0.00000000,0.02203086,0.00000000,0.00672319,0.00000000,0.01398994,0.00145403,0.07690488,0.00000000,0.00000000,0.00000000,0.00000000,0.00000000,0.00000000,0.00530709,0.08584717,0.00000000,0.00000000,0.00000000,0.01590156,0.00000000,0.00000000,0.08508567,0.00000000,0.00905032,0.00000000,0.00000000,0.00000000,0.00000000,0.00000000,0.00000000,0.00751972,0.00000000,0.00000000,0.00000000,0.01015586,0.00000000,0.00000000,0.00000000,0.00000000,0.00000000,0.01533260,0.00000000,0.00000000,0.00000000,0.00000000,0.00000000,0.00000000,0.00000000,0.00000000,0.00000000,0.00000000,0.00000000,0.00000000,0.02310350,0.00000000,0.00000000,0.00000000,0.00000000,0.00000000,0.00000000,0.00000000,0.00000000,0.00000000,0.00000000,0.00000000,0.00000000,0.00000000,0.00000000,0.00000000,0.00000000,0.00000000,0.00000000,0.00000000,0.00000000,0.00000000,0.00000000,0.00000000,0.00000000,0.00000000,0.00000000,0.00000000,0.00000000,0.00000000,0.00000000,0.00000000,0.00000000,0.00000000,0.00000000,0.00515955,0.00000000,0.00000000,0.00000000,0.00000000,0.00000000,0.00000000,0.00000000,0.00000000,0.00000000,0.00000000,0.00000000,0.00000000,0.00000000,0.00000000,0.03770674,0.00000000,0.00000000,0.00000000,0.00667909,0.00000000,0.00000000,0.00000000,0.00000000,0.00000000,0.00000000,0.01424780,0.00000000,0.00000000,0.00000000,0.00000000,0.00000000,0.00000000,0.00000000,0.00000000,0.00000000,0.00000000,0.00000000,0.00000000,0.00000000,0.00000000,0.00000000,0.00000000,0.00000000,0.00000000,0.00000000,0.05060372,0.00000000,0.00000000,0.00000000,0.00000000,0.00000000,0.00000000,0.00000000,0.00250355,0.00000000,0.00000000,0.00000000,0.00000000,0.00000000,0.00000000,0.00000000,0.00000000,0.00000000,0.00000000,0.00000000,0.00000000,0.00000000,0.00000000,0.00000000,0.00000000,0.00000000,0.00000000,0.00000000,0.00000000,0.00000000,0.00000000,0.00000000,0.00000000,0.00000000,0.00000000,0.04906768,0.00000000,0.00000000,0.00000000,0.00000000,0.00000000,0.00000000,0.16632609,0.00000000,0.00000000,0.00000000,0.00000000,0.01865982,0.00000000,0.00000000,0.00000000,0.01255971,0.00000000,0.00000000,0.00000000,0.00000000,0.00000000,0.28272206,0.00000000,0.00000000,0.00000000,0.00000000,0.00000000,0.00000000,0.00000000,0.00000000,0.00000000,0.00000000,0.00000000,0.00000000,0.00000000,0.00000000,0.00000000,0.00000000,0.00000000,0.00000000,0.00000000,0.00000000,0.00000000,0.30210505,0.00000000,0.00000000,0.00000000,0.00249863,0.00000000,0.00000000,0.00000000,0.00000000,0.00000000,0.00000000,0.00000000,0.00000000,0.00000000,0.00000000,0.00000000,0.00000000,0.00524794,0.00000000,0.00000000,0.00000000,0.00000000,0.00362526,0.00000000,0.00000000,0.00000000,0.00000000,0.00000000,0.00000000,0.10091200,0.00000000,0.00000000,0.00918665,0.00000000,0.02010187,0.02657076,0.00000000,0.00000000,0.00212825,0.00000000,0.00000000,0.00000000,0.00000000,0.00000000,0.00000000,0.00227406,0.00000000,0.00000000,0.00000000,0.02781469,0.00000000,0.00000000,0.08201996,0.05806814,0.00000000,0.00000000,0.00000000,0.00000000,0.00000000,0.00000000,0.00000000,0.00000000,0.00000000,0.00000000,0.00000000,0.00000000,0.00000000,0.00000000,0.00000000,0.00569797,0.00000000,0.00000000,0.00000000,0.00000000,0.00000000,1.98012336,0.00000000,0.00000000,0.00478366,0.03307460,0.00913849,0.00000000,0.00000000,0.00000000,0.00000000,0.01787092,0.00000000,0.00000000,0.00000000,0.00000000,0.00000000,0.00000000,0.00000000,0.00000000,0.00000000,0.00000000,0.00000000,0.00000000,0.00000000,0.00000000,0.00000000,0.00618772,0.00000000,0.01240807,0.00000000,0.00063072,0.00000000,0.00639406,0.00000000,0.00000000,0.00000000,0.00000000,0.00000000,0.00160282,0.00000000,0.00217892,0.00000000,0.00000000,0.00000000,0.00000000,0.00000000,0.00000000,0.00000000,0.00000000,0.00000000,0.00000000,0.00954013,0.00000000,0.00000000,0.00000000,0.00000000,0.00000000,0.00000000,0.00000000,0.00000000,0.00280114,0.00000000,0.01603248,0.00000000,0.00000000,0.00000000,0.00000000,0.00000000,0.00000000,0.00000000,0.00000000,0.00000000,0.00000000,0.00000000,0.00000000,0.00000000,0.00000000,0.00000000,0.00000000,0.00000000,0.00000000,0.00000000,0.00000000,0.00000000,0.00000000,0.00000000,0.02952278,0.00000000,0.00000000,0.14117975,0.00000000,0.00000000,0.00000000,0.00000000,0.00000000,0.00000000,0.00000000,0.00000000,0.00000000,1.43906044,0.00000000,0.00000000,0.00000000,0.00000000,0.00000000,0.01405206,0.00000000,0.00000000,0.00431158,0.00000000,0.00000000,0.00000000,0.16563575,0.00000000,0.00000000,0.00000000,0.00000000,0.00000000,0.00000000,0.00000000,0.00000000,0.00000000,0.01157343,0.00000000,0.00000000,0.17654698,0.00000000,0.00000000,0.00000000,0.00000000,0.00000000,0.00000000,0.00000000,0.00000000,0.00000000,0.00000000,0.00000000,0.00000000,0.00000000,0.00000000,0.00000000,0.00000000,0.00243399,0.00000000,0.00000000,0.00000000,0.00000000,0.05414839,0.00000000,0.00000000,0.00000000,0.00000000,0.00000000,0.00000000,0.00000000,0.00000000,0.00000000,0.00000000,0.00640296,0.00000000,0.00000000,0.00000000,0.00000000,0.00000000,0.00000000,0.00000000,0.00000000,0.00000000,0.00000000,0.00000000,0.00000000,0.00273350,0.00000000,0.00000000,0.00544095,0.00000000,0.00000000,0.00000000,0.00000000,0.00000000,0.00000000,0.00000000,0.00000000,0.00000000,0.00000000,0.00000000,0.00000000,0.00000000,0.00922753,0.00000000,0.00000000,0.10930376,0.00980921,0.00000000,0.00000000,0.00000000,0.06107260,0.00000000,0.00000000,0.00000000,0.00000000,0.00000000,0.00000000,0.00000000,0.00000000,0.00000000,0.00000000,0.00000000,0.00000000,0.00000000,0.08804987,0.00000000,0.00000000,0.00000000,0.01545949,0.00000000,0.00000000,0.01012031,0.00000000,0.00000000,0.00000000,0.00000000,0.00000000,0.00984970,0.08126335,0.00000000,0.00000000,0.00000000,0.00000000,0.00000000,0.00000000,0.00000000,0.01721827,0.00000000,0.00000000,0.00000000,0.00000000,0.00000000,0.00000000,0.00000000,0.00000000,0.00000000,0.00000000,0.00000000,0.00000000,0.00000000,0.00000000,0.00000000,0.00000000,0.00000000,0.00741392,0.04520483,0.00000000,0.00000000,0.00000000,0.00000000,0.00000000,0.00000000,0.00000000,0.00000000,0.00000000,0.00000000,0.00000000,0.00000000,0.00073992,0.00000000,0.00000000,0.00000000,0.00000000,0.00000000,0.00000000,0.00000000,0.00283396,0.00000000,0.00000000,0.00000000,0.00000000,0.00000000,0.00000000,0.00089358,0.00000000,0.00000000,0.00000000,0.00000000,0.00000000,0.00000000,0.00000000,0.00000000,0.00000000,0.00000000,0.04225550,0.00000000,0.00000000,0.00000000,0.00000000,0.00000000,0.00000000,0.00000000,0.00000000,0.00000000,0.02417413,0.00000000,0.00000000,0.00000000,0.00000000,0.00000000,0.00000000,0.00000000,0.00000000,0.00000000,0.00000000,0.00000000,0.00000000,0.00000000,0.00000000,0.00000000,0.00000000,0.00000000,0.00000000,0.00000000,0.00000000,0.00000000,0.00261054,0.00690413,0.00000000,0.00000000,0.00000000,0.00000000,0.00000000,0.04494121,0.00709696,0.00000000,0.00162291,0.00000000,0.00684877,0.00000000,0.00000000,0.00000000,0.01133460,0.00000000,0.00000000,0.00000000,0.00000000,0.00000000,0.00000000,0.00000000,0.00000000,0.00000000,0.00000000,0.00000000,0.00000000,0.00000000,0.00000000,0.00424023,0.00000000,0.00000000,0.00000000,0.00000000,0.00000000,0.00000000,0.01970725,0.00000000,0.00000000,0.00000000,0.01528263,0.00000000,0.00000000,0.00000000,0.00000000,0.00000000,0.00000000,0.00000000,0.00000000,0.00000000,0.10248462,0.00000000,0.00505557,0.03232964,0.00000000,0.00000000,0.00000000,0.00000000,0.00000000,0.00236584,0.00617119,0.00171235,0.00000000,0.00000000,0.00155874,0.00000000,0.00000000,0.00000000,0.00000000,0.00000000,0.00000000,0.00000000,0.00000000,0.00000000,0.00000000,0.00000000,0.00000000,0.00482576,0.00000000,0.00000000,0.00000000,0.00000000,0.00000000,0.00000000,0.00000000,0.00000000,0.00000000,0.00000000,0.00000000,0.00000000,0.00000000,0.00000000,0.00000000,0.00099310,0.00000000,0.00000000,0.00000000,0.00000000,0.00000000,0.04662003,0.00000000,0.00000000,0.00000000,0.01713737,0.00000000,0.00000000,0.00000000,0.00266021,0.00000000,0.00000000,0.00000000,0.00000000,0.00000000,0.00000000,0.00000000,0.00000000,0.00000000,0.00500784,0.00090786,0.00000000,0.00000000,0.00000000,0.00000000,0.00000000,0.00000000,0.00000000,0.00000000,0.00000000,0.00000000,0.00000000,0.02380458,0.00000000,0.00000000,0.00273261,0.00000000,0.00000000,0.00000000,0.00000000,0.00000000,0.00000000,0.00000000,0.00409925,0.00000000,0.00000000,0.00000000,1.60743497,0.00000000,0.00000000,0.00000000,0.00983989,0.00000000,0.00000000,0.00000000
0.00000000,0.00000000,0.00000000,0.00000000,0.00695780,0.00000000,0.00000000,0.00000000,0.00000000,0.00000000,0.00000000,0.00000000,0.00000000,0.00000000,0.00000000,0.01386751,0.00000000,0.00000000,0.00000000,0.00123030,0.00000000,0.00000000,0.00000000,0.00000000,0.00000000,0.00364361,0.00000000,0.00000000,0.00000000,0.00000000,0.00000000,0.00000000,0.00000000,0.00000000,0.00693366,0.00000000,0.00000000,0.02519036,0.00000000,0.00000000,0.00000000,0.00233461,0.00000000,0.00000000,0.00000000,0.00000000,0.00000000,0.00000000,0.00000000,0.00325261,0.00000000,0.00000000,0.00000000,0.00272257,0.00000000,0.00000000,0.00000000,0.00000000,0.00000000,0.00000000,0.00000000,0.00000000,0.00000000,0.00000000,0.00000000,0.00000000,0.00000000,0.00000000,0.00000000,0.00695096,0.00000000,0.00000000,0.00000000,0.00000000,0.00000000,0.00000000,0.00000000,0.00000000,0.00000000,0.01502007,0.00000000,0.00000000,0.00000000,0.00113416,0.00000000,0.00000000,0.00000000,0.00000000,0.00000000,0.00000000,0.00000000,0.00000000,0.00000000,0.01815400,0.00000000,0.00000000,0.00000000,0.00000000,0.00000000,0.00000000,0.03062249,0.00352358,0.08107741,0.00000000,0.00501082,0.00000000,0.00000000,0.00000000,0.01196525,0.00000000,0.00000000,0.00000000,0.00000000,0.00000000,0.00000000,0.00000000,0.00000000,0.11949308,0.00000000,0.00000000,0.00000000,0.00000000,0.00000000,0.00000000,0.00000000,0.00000000,0.00495766,0.00000000,0.00000000,0.00000000,0.00000000,0.00000000,0.00000000,0.00000000,0.00000000,0.00000000,0.00000000,0.00000000,0.00000000,0.00000000,0.00000000,0.00000000,0.00000000,0.01733562,0.00000000,0.00000000,0.00000000,0.00000000,0.00104659,0.00000000,0.00000000,0.00000000,0.00000000,0.00000000,0.00000000,0.00000000,0.00767048,0.00000000,0.00000000,0.05653117,0.00000000,0.00000000,0.00000000,0.00000000,0.00000000,0.00000000,0.09247325,0.01321215,0.00000000,0.00000000,0.00645753,0.00098929,0.01050154,0.02042658,0.00000000,0.01244260,0.00000000,0.00000000,0.00000000,0.00000000,0.00000000,0.00000000,0.00000000,0.00000000,0.00000000,0.00000000,0.00000000,0.00484822,0.00236382,0.00000000,0.00000000,0.00474020,0.00000000,0.00000000,0.00000000,0.00000000,0.00000000,0.00000000,0.00000000,0.00000000,0.00000000,0.00000000,0.00000000,0.00000000,0.00000000,0.00000000,0.00000000,0.00000000,0.00000000,0.01617086,0.00000000,0.00000000,0.00000000,0.00000000,0.00000000,0.00000000,0.00000000,0.00000000,0.02204871,0.00000000,0.00000000,0.00000000,0.00000000,0.00140521,0.00000000,0.00000000,0.00000000,0.00000000,0.00000000,0.00000000,0.00000000,0.00000000,0.00000000,0.01278759,0.00000000,0.00443072,0.00000000,0.00531919,0.00000000,0.00000000,0.00000000,0.00000000,0.00000000,0.00000000,0.00000000,0.00000000,0.18314385,0.00864606,0.10233210,0.00000000,0.00000000,0.00198582,0.00000000,0.00000000,0.02323240,0.00000000,0.00000000,0.00000000,0.00000000,0.00000000,0.00000000,0.00000000,0.00000000,0.00000000,0.00000000,0.04650233,0.00599508,0.00000000,0.07503602,0.00000000,0.00000000,0.00000000,0.00382905,0.00000000,0.00000000,0.00000000,0.00000000,0.00000000,0.00000000,0.00000000,0.02512426,1.26110288,0.00000000,0.00000000,0.00000000,0.00000000,0.00000000,0.00000000,0.00000000,0.00000000,0.00000000,0.00000000,0.20664847,0.00000000,0.00000000,0.00000000,0.00000000,0.00000000,0.00000000,0.00000000,0.00000000,0.00000000,0.00000000,0.00000000,0.00000000,0.00000000,0.00000000,0.00000000,0.00000000,0.00000000,0.00000000,0.00000000,0.00000000,0.00000000,0.00000000,0.01295995,0.00000000,0.00000000,0.00000000,0.00000000,0.00174661,0.00000000,0.00000000,0.00000000,0.86592458,0.00000000,0.00000000,0.00000000,0.00000000,0.00000000,0.00000000,0.00000000,0.00000000,0.00000000,0.00000000,0.00000000,0.00000000,0.00000000,0.00000000,0.00000000,0.00000000,0.00000000,0.00000000,0.00000000,0.00000000,0.00000000,0.00000000,0.00000000,0.00000000,0.00000000,0.00000000,0.00000000,0.00000000,0.02134576,0.00000000,0.00000000,0.00000000,0.00000000,0.00000000,0.00000000,0.00000000,0.00000000,0.00000000,0.00000000,0.00000000,0.00000000,0.00604000,0.00000000,0.00270698,0.00000000,0.00000000,0.00000000,0.00000000,0.00000000,0.00000000,0.00000000,0.00000000,0.00000000,0.00000000,0.00000000,0.00000000,0.00000000,0.00000000,0.00000000,0.00000000,0.00000000,0.00000000,0.00000000,0.00000000,0.00000000,0.00000000,0.00100725,0.00000000,0.00000000,0.00000000,0.00000000,0.00000000,0.00000000,0.00000000,0.00000000,0.00000000,0.00000000,0.00000000,0.00000000,0.00000000,0.00000000,0.00000000,0.00000000,0.00000000,0.00000000,0.00000000,0.00000000,0.00000000,0.00000000,0.00000000,0.00000000,0.00000000,0.00000000,0.00903597,0.02214418,0.00000000,0.00000000,0.00000000,0.00000000,0.00000000,0.00000000,0.01417262,0.00000000,0.00100463,0.00000000,0.00000000,0.00000000,0.00000000,0.00000000,0.00000000,0.00000000,0.00000000,0.00000000,0.00000000,0.00000000,0.00000000,0.00000000,0.00000000,0.00000000,0.00000000,0.00000000,0.00388564,0.00000000,0.00000000,0.00000000,0.00000000,0.00000000,0.00000000,0.00000000,0.00000000,0.00000000,0.00000000,0.00000000,0.00000000,0.00000000,0.00000000,0.00000000,0.00000000,0.00000000,0.00000000,0.00000000,0.00821512,0.00000000,0.00000000,0.05585481,0.00000000,0.00000000,0.00000000,0.00000000,0.00000000,0.00000000,0.00000000,0.00000000,0.00000000,0.00000000,0.00000000,0.00000000,0.00000000,0.00000000,4.64484148,0.00000000,0.00000000,0.01826752,0.00000000,0.00000000,0.08052434,0.00000000,0.00000000,0.00000000,0.00000000,0.00000000,0.00000000,0.00000000,0.00000000,0.00224885,0.00113806,0.00000000,0.00000000,0.00000000,0.00000000,0.00000000,0.00000000,0.00000000,0.00000000,0.00000000,0.00000000,0.00000000,0.00000000,0.00000000,0.00000000,0.00000000,0.00000000,0.00000000,0.00000000,0.00000000,0.00000000,0.00000000,0.00000000,0.00000000,0.02347065,0.03719704,0.00000000,0.00000000,0.00000000,0.00000000,0.00000000,0.00000000,0.00000000,0.00000000,0.02076641,0.00000000,0.00000000,0.00000000,0.00000000,0.00000000,0.00000000,0.00292079,0.00000000,0.00000000,0.00000000,0.00000000,0.00000000,0.00000000,0.00000000,0.00000000,0.00120776,0.00000000,0.00000000,0.00000000,0.00000000,0.07870965,0.00598077,0.00000000,0.00779581,0.00598215,0.00000000,0.00000000,0.00000000,0.00207103,0.00000000,0.06047109,0.08592292,0.00000000,0.00000000,0.01322941,0.00718263,0.00000000,0.00000000,0.00000000,0.00000000,0.00000000,0.00000000,0.00000000,0.00525799,0.00000000,0.00000000,0.00000000,0.00000000,0.00000000,0.00334685,0.00000000,0.00000000,0.00000000,0.00000000,0.00000000,0.00000000,0.00000000,0.00000000,0.00000000,0.01538669,0.00000000,0.00000000,0.00000000,0.00000000,0.00000000,0.00000000,0.00000000,0.00000000,0.00156514,6.80482149,0.00000000,0.00000000,0.00000000,0.00000000,0.00000000,0.00000000,0.00000000,0.00000000,0.00000000,0.00000000,0.00000000,0.00000000,0.00000000,0.00261320,0.04000108,0.00000000,0.00000000,0.00000000,0.00391134,0.00000000,0.00000000,0.00000000,0.00000000,0.00000000,0.00000000,0.00000000,0.00000000,0.00000000,0.00000000,0.00000000,0.00000000,0.00000000,0.00000000,0.00000000,0.00000000,0.00000000,0.00000000,0.00000000,0.00000000,0.00000000,0.00000000,0.00000000,0.00000000,0.00000000,0.00000000,0.00000000,0.00000000,0.00000000,0.00000000,0.00000000,0.00000000,0.00000000,0.00000000,0.00000000,0.00000000,0.00000000,0.00000000,0.00000000,0.00000000,0.00000000,0.00000000,0.00000000,0.00000000,0.00000000,0.00000000,0.00285553,0.00085704,0.00127125,0.00970260,0.00000000,0.00000000,0.00424004,0.00000000,0.00000000,0.00000000,0.00000000,0.00000000,0.00131713,0.00000000,0.00000000,0.00000000,0.00000000,0.00000000,0.00000000,0.00000000,0.00000000,0.03620977,0.00000000,0.00000000,0.00000000,0.00000000,0.00000000,0.00000000,0.00099578,0.00000000,0.00000000,0.00000000,0.00000000,0.00000000,0.00000000,0.00000000,0.00000000,0.00000000,0.00000000,0.02407557,0.00000000,0.00000000,0.00000000,0.00000000,0.00000000,0.00000000,0.00294004,0.00000000,0.00000000,0.00000000,0.02887399,0.08568016,0.00477104,0.00000000,0.00000000,0.00000000,0.00000000,0.00071424,0.00000000,0.00000000,0.00000000,0.00000000,0.00000000,0.00000000,0.00000000,0.01318086,0.00000000,0.00000000,0.00000000,0.00000000,0.00000000,0.00000000,0.00000000,0.00000000,0.00000000,0.00000000,0.01564803,0.00000000,0.00000000,0.00000000,0.00549856,0.00000000,0.00000000,0.00000000,0.00000000,0.00000000,0.00000000,0.00000000,0.00000000,0.00000000,0.00000000,0.00000000,0.00000000,0.00000000,0.00000000,0.00000000,0.00000000,0.01284889,0.00000000,0.00000000,0.00000000,0.00000000,0.00000000,0.00000000,0.00000000,0.00000000,0.19983468,0.00000000,0.00000000,0.00000000,0.00000000,0.00000000,0.00000000,0.00066505,0.00000000,0.00000000,0.00000000,0.00000000,0.00171893,0.00000000,0.00000000,0.00000000,0.00000000,0.00000000,0.00000000,0.00000000,0.00000000,0.00000000,0.00000000,0.00000000
0.00000000,0.00000000,0.00000000,0.00000000,0.00000000,0.00000000,0.00000000,0.00000000,0.00000000,0.01573233,0.00000000,0.00000000,0.00087125,0.00000000,0.00000000,0.00000000,0.02322901,0.00000000,0.00000000,0.00000000,0.00000000,0.00000000,0.00000000,0.00000000,0.00000000,0.00000000,0.00000000,0.00579719,0.00535610,0.00000000,0.00000000,0.00000000,0.00000000,0.00169867,0.02245916,0.00000000,0.00000000,0.00000000,0.00000000,0.00000000,0.00000000,0.00000000,0.00000000,0.00723526,0.00460874,0.00000000,0.00000000,0.00000000,0.00000000,0.00000000,0.00000000,0.00000000,0.00000000,0.00000000,0.00000000,0.00000000,0.00000000,0.00000000,0.00000000,0.01050162,0.00000000,0.00000000,0.00000000,0.00000000,0.00000000,0.00000000,0.00000000,0.00000000,0.00000000,0.00000000,0.00000000,0.00000000,0.00000000,0.00000000,0.00000000,0.00000000,0.00000000,0.00000000,0.00000000,0.00000000,0.00000000,0.00000000,0.00000000,0.00000000,0.00000000,0.00000000,0.00000000,0.00000000,0.00000000,0.00055823,0.00000000,0.00000000,0.00000000,0.00000000,0.00000000,0.00500232,0.00000000,0.00000000,0.00000000,0.00000000,0.01221743,0.00000000,0.00000000,0.00000000,0.00000000,0.00000000,0.00000000,0.00000000,0.00000000,0.02444408,0.00000000,0.00000000,0.00000000,0.00000000,0.00000000,0.00000000,0.00000000,0.00000000,0.00000000,0.03646908,0.00000000,0.01923983,0.00000000,0.00000000,0.00000000,0.00000000,0.00000000,0.00000000,0.00000000,0.00000000,0.00161108,0.00000000,0.00248438,0.00000000,0.00734971,0.00000000,0.00000000,0.00000000,0.00000000,0.00000000,0.00000000,0.00000000,0.00000000,0.00000000,0.00000000,0.00000000,0.00000000,0.00000000,0.00000000,0.00000000,0.00000000,0.00243928,0.00000000,0.00000000,0.00000000,0.00000000,0.00000000,0.00000000,0.00000000,0.00000000,0.00000000,0.00000000,0.00000000,0.00000000,0.00000000,0.66382131,0.00000000,0.00000000,0.00000000,0.00000000,0.00000000,0.00000000,0.00000000,0.00000000,0.00000000,0.00000000,0.00000000,0.00000000,0.00000000,0.00000000,0.01109341,0.00000000,0.00000000,0.00000000,0.00000000,0.00240812,0.00000000,0.00000000,0.00000000,0.00000000,0.00000000,0.00676508,0.00000000,0.00000000,0.00000000,0.00000000,0.00000000,0.00000000,0.00000000,0.00000000,0.00000000,0.00000000,0.00000000,0.00000000,0.00000000,0.00502067,0.00000000,0.00000000,0.00000000,0.00000000,0.00000000,0.00000000,0.00000000,0.00000000,0.00000000,0.00000000,0.00000000,0.00000000,0.00000000,0.00000000,0.01060743,0.00000000,0.00000000,0.00000000,0.00000000,0.19747895,0.00000000,0.00252856,0.00000000,0.00000000,0.00000000,0.00000000,0.00000000,0.00000000,0.00000000,0.00000000,0.00094462,0.00000000,0.02950547,0.00000000,0.00000000,0.00000000,0.00000000,0.00000000,0.00000000,0.00000000,0.00000000,0.00000000,0.00000000,0.00000000,0.00000000,0.00000000,0.00000000,0.00000000,0.01707364,0.00000000,0.00000000,0.00000000,0.00000000,0.00000000,0.00000000,0.00000000,0.00000000,0.00137319,0.00000000,0.00000000,0.00000000,0.00000000,2.99118729,0.00000000,0.00000000,0.00000000,0.00000000,0.00000000,0.00000000,0.00000000,0.00000000,0.00000000,0.00000000,0.00000000,0.00000000,0.00000000,0.00000000,0.00637144,0.00000000,0.00000000,0.00000000,0.00000000,0.00000000,0.00000000,0.00000000,0.00000000,0.00526814,0.00000000,0.00000000,0.00000000,0.00000000,0.00000000,0.00000000,0.00000000,0.00555279,0.00000000,0.00000000,0.00000000,0.00000000,0.00000000,0.00000000,0.00000000,0.00000000,0.00000000,0.00000000,0.00351699,0.00000000,0.00613914,0.03881317,0.00000000,0.00000000,0.01132166,0.00000000,0.00000000,0.00000000,0.00000000,0.01378497,0.00000000,0.00000000,0.00000000,0.00000000,0.00000000,0.00000000,0.00000000,0.00000000,0.00000000,0.00000000,0.00000000,0.00000000,0.00000000,0.00000000,0.00000000,0.00000000,0.00000000,0.00000000,0.00000000,0.00000000,0.00000000,0.00000000,0.00111028,0.00954398,0.00000000,0.00000000,0.00000000,0.00000000,0.05139588,0.00795263,2.79376854,0.00000000,0.00000000,0.00000000,0.00000000,0.00000000,0.00000000,0.00000000,0.00000000,0.00000000,0.00000000,0.00326849,0.00000000,0.00000000,0.00000000,0.00000000,0.06460456,0.00000000,0.00000000,0.00000000,0.01308201,0.01234629,0.00000000,0.00000000,0.00000000,0.00000000,0.00000000,0.00000000,0.06726220,0.00818581,0.01585182,0.00000000,0.00000000,0.00000000,0.00000000,0.02296011,0.00000000,0.00000000,0.01120981,0.00279582,0.00000000,0.00000000,0.00000000,0.00000000,0.00000000,0.00000000,0.00000000,0.00000000,0.00000000,0.00000000,0.00000000,0.00175843,0.00000000,0.00000000,0.00000000,0.00000000,0.00000000,0.00000000,0.00000000,0.00000000,0.00000000,0.02509185,0.04749557,0.00000000,0.00000000,0.00000000,0.00000000,0.00000000,0.00000000,0.00000000,0.00000000,0.00000000,0.00000000,0.00000000,0.00000000,0.00479167,0.00000000,0.00000000,0.00000000,0.00000000,0.00000000,0.00000000,0.00000000,0.00000000,0.00000000,0.00000000,0.08329264,0.00000000,0.00000000,0.00000000,0.00000000,0.00387276,0.00000000,0.00403298,0.00000000,0.00000000,0.00000000,0.00000000,0.00000000,0.00000000,0.00000000,0.00000000,0.00000000,0.03307430,0.00000000,0.00000000,0.00000000,0.00000000,0.00000000,0.00000000,0.00000000,0.00112354,0.01606966,0.00000000,0.00000000,0.00192532,0.00389972,0.00000000,0.00000000,0.00000000,0.00857436,0.00000000,0.00000000,0.00000000,0.00000000,0.00000000,0.00000000,0.00000000,0.00000000,0.00000000,0.00000000,0.00000000,0.00000000,0.00000000,0.00000000,0.00000000,0.00000000,0.00000000,0.00000000,0.02452400,0.00000000,0.00258458,0.00000000,0.00000000,0.00000000,0.02046380,0.00000000,0.00000000,0.00000000,0.00000000,0.00000000,0.00235667,0.00000000,0.00000000,0.00000000,0.00000000,0.00000000,0.00000000,0.00000000,0.00000000,0.00000000,0.00000000,0.00000000,0.00000000,0.00000000,0.00000000,0.00000000,0.00000000,0.00000000,0.00000000,0.01122382,0.00000000,0.00000000,0.00000000,0.00000000,0.01191147,0.00000000,0.01547863,0.00000000,0.00000000,0.00000000,0.00000000,0.00104773,0.00000000,0.00000000,0.00000000,0.00000000,0.00000000,0.00000000,0.00000000,0.00000000,0.00215250,0.00000000,0.00000000,0.00000000,0.00000000,0.00278928,0.00000000,0.00000000,0.00000000,0.00000000,0.00000000,0.00000000,0.00000000,0.00000000,0.00405479,0.00000000,0.00435884,0.00000000,0.00000000,0.00000000,0.00733911,0.00000000,0.00000000,0.00000000,0.38093329,0.00000000,0.00000000,0.00000000,0.00000000,0.00000000,0.00000000,0.12942264,0.00000000,0.00000000,0.00000000,0.00000000,0.00293438,0.00000000,0.00000000,0.00000000,0.00000000,0.00000000,0.00518614,0.00069588,0.00108726,0.00000000,0.00000000,0.00000000,0.00000000,0.00000000,0.00000000,0.00000000,0.00000000,0.00000000,0.00000000,0.00000000,0.00000000,0.00000000,0.00000000,0.00000000,0.00000000,0.00000000,0.00000000,0.00000000,0.01707435,0.00794840,0.00000000,0.00000000,0.03976903,0.00000000,0.00000000,0.00000000,0.00594730,0.00000000,0.00000000,0.00000000,0.00000000,0.00000000,0.00000000,0.00000000,0.00000000,0.00259247,0.00000000,0.00000000,0.00000000,0.00000000,0.00000000,0.01843329,0.00000000,0.00146013,0.00306049,0.00000000,0.00000000,0.00000000,0.00000000,0.00000000,0.00000000,0.00000000,0.00000000,0.00000000,0.00000000,0.00140871,0.05266596,0.00000000,0.00000000,0.00000000,0.00000000,0.00000000,0.00000000,0.00000000,0.00000000,0.00000000,0.00000000,0.00000000,0.00000000,0.00000000,0.00740304,0.00000000,0.00000000,0.00000000,0.00000000,0.00000000,0.00000000,0.00000000,0.00000000,0.01331821,0.00000000,0.00000000,0.00000000,0.00000000,0.00000000,0.00000000,0.00000000,0.00000000,0.00000000,0.00000000,0.00000000,0.00000000,0.06300387,0.01013935,0.00000000,0.00000000,0.00000000,0.00000000,0.00000000,0.00000000,0.00000000,0.00000000,0.00000000,0.00000000,0.00000000,0.00000000,0.00000000,0.00000000,0.00000000,0.00000000,0.00000000,0.00000000,0.00000000,0.00000000,0.00000000,0.00000000,0.00179304,0.01088172,0.00000000,0.00000000,0.00000000,0.00000000,0.00000000,0.00000000,0.00000000,0.00000000,0.00000000,0.26836210,0.00000000,0.01023095,0.00000000,0.00000000,0.00000000,0.00000000,0.00000000,0.00000000,0.00000000,0.00000000,0.00000000,0.00000000,0.00351063,0.00000000,0.00000000,0.00000000,0.00000000,0.00000000,0.00000000,0.00000000,0.00404785,0.00000000,0.00000000,0.00000000,0.00000000,0.00000000,0.00000000,0.00000000,0.00000000,0.00000000,0.00000000,0.00000000,0.00000000,0.00000000,0.00000000,0.03605438,0.00000000,0.00000000,0.00000000,0.00000000,0.00000000,0.00000000,0.01577928,0.00000000,0.00000000,0.00000000,0.00000000,0.00000000,0.35479931,0.00000000,0.00000000,0.00091424,0.00000000,0.00000000,0.00000000,0.00000000,0.00000000,0.00000000,0.00000000,0.00000000,0.00000000,0.00000000,0.00000000,0.01380609,0.00000000,0.00000000,0.00000000,0.00000000,0.00000000,0.00000000,0.00000000,0.00000000,0.00000000,0.00000000,0.00000000,0.00000000,0.00000000,0.00000000,0.00000000,0.07184197,0.00000000,0.00000000
0.00000000,0.00000000,0.00000000,0.00000000,0.00000000,0.00000000,0.02637607,0.00000000,0.00000000,0.00000000,1.58471955,0.00000000,0.00000000,0.00000000,0.00000000,0.00000000,0.00000000,0.00000000,0.00000000,0.00000000,0.04419828,0.00000000,0.00000000,0.00588265,0.00000000,0.00000000,0.00358638,0.70840561,0.05937949,0.01058306,0.00000000,0.00000000,0.00000000,0.02775760,0.00000000,0.00846129,0.00000000,0.00000000,0.02041871,0.00000000,0.00000000,0.00000000,0.00000000,0.00000000,0.00000000,0.00000000,0.00000000,0.00000000,0.00000000,0.00000000,0.00000000,0.00000000,0.00000000,0.00000000,0.00000000,0.00000000,0.00000000,0.00000000,0.00000000,0.00000000,0.00000000,0.00000000,0.00000000,0.00348270,0.00000000,0.00098490,0.00000000,0.00000000,0.00000000,0.00000000,0.00000000,0.00000000,0.35223509,0.01369890,0.00000000,0.00000000,0.00000000,0.00000000,0.00000000,0.00352192,0.00000000,0.00000000,0.00000000,0.00000000,0.00000000,0.10762395,0.00000000,0.00000000,0.00000000,0.00000000,0.00000000,0.00000000,0.00000000,0.00000000,0.00559656,0.01219999,0.00000000,0.00000000,0.00000000,0.00000000,0.00000000,0.00000000,0.00000000,0.01664783,0.00000000,0.00000000,0.00000000,0.00000000,0.00000000,0.00000000,0.00000000,0.00000000,0.00000000,0.00000000,0.00000000,0.00000000,0.00000000,0.00000000,0.00000000,0.00000000,0.00000000,0.00000000,0.15677619,0.00000000,0.00268299,0.00000000,0.00000000,0.00000000,0.00000000,0.00000000,0.00000000,0.00000000,0.00000000,0.00000000,0.00000000,0.00000000,0.00000000,0.00000000,0.00000000,0.00000000,0.00000000,0.00000000,0.00000000,0.00000000,0.00000000,0.00000000,0.00000000,0.00000000,0.00000000,0.00000000,0.00000000,0.00000000,0.00000000,0.00000000,0.00000000,0.00000000,0.06299248,0.00000000,0.00000000,0.00000000,0.00000000,0.00000000,0.00000000,0.00000000,0.00837338,0.00000000,0.00000000,0.00000000,0.00000000,0.00000000,0.00000000,0.00000000,0.00000000,0.00000000,0.00000000,0.00000000,0.00000000,0.00000000,0.00000000,0.00000000,0.00000000,0.00000000,0.00000000,0.00000000,0.00891413,0.00000000,0.00000000,0.00710786,0.00000000,0.00000000,0.00000000,0.00000000,0.00000000,0.00000000,0.00000000,0.00000000,0.00000000,0.00000000,0.00000000,0.00000000,0.00000000,0.00606603,0.00000000,0.00000000,0.00000000,0.00000000,0.00000000,0.00000000,0.00000000,0.00943060,0.00000000,0.83391128,0.01821971,0.00000000,0.00000000,0.03079768,0.00000000,0.02439055,0.00000000,0.00000000,0.00000000,0.00000000,0.00000000,0.00000000,0.00000000,0.00000000,0.00000000,0.00000000,0.00612290,0.00000000,0.00000000,0.00000000,0.00000000,0.00000000,0.00000000,0.00000000,0.00000000,0.00000000,0.00000000,0.00000000,0.39077295,0.00000000,0.00000000,0.02708427,0.00000000,0.00000000,0.00000000,0.00000000,0.00000000,0.00000000,0.00000000,0.00000000,0.00000000,0.00000000,0.00093566,0.00000000,0.00000000,0.00000000,0.00000000,0.00000000,0.00000000,0.00000000,0.00000000,0.00000000,0.00000000,0.00000000,0.00000000,0.00000000,0.00000000,0.00000000,0.01082537,0.00000000,0.00000000,0.00000000,0.00000000,0.00000000,0.00000000,0.00846587,0.00000000,0.00000000,0.00000000,0.00000000,0.00000000,0.00000000,0.00000000,0.00000000,0.00000000,0.00000000,0.00000000,0.00000000,0.00000000,0.00000000,0.00000000,0.00000000,0.00000000,0.00000000,0.00000000,0.00000000,0.01876186,0.00000000,0.00000000,0.07265196,0.03749409,0.00000000,0.00251185,0.04683208,0.00000000,0.01030819,0.00000000,0.00000000,0.00000000,0.00000000,0.00000000,0.00000000,0.00000000,0.00000000,0.00000000,0.00000000,0.00000000,0.00000000,0.16969931,0.00000000,0.00000000,0.00000000,0.00000000,0.00727145,0.00000000,0.00000000,0.00000000,0.00000000,0.00000000,0.00000000,0.00000000,0.00000000,0.00142128,0.00000000,0.00649770,0.00000000,0.00000000,0.00000000,0.00000000,0.00000000,0.00000000,0.00000000,0.00000000,0.00000000,0.00000000,0.00000000,0.00000000,0.00000000,0.00000000,0.00000000,0.00000000,0.00000000,0.00000000,0.50590584,0.00970119,0.00000000,0.00000000,0.00000000,0.00000000,0.00000000,0.00000000,0.00000000,0.00000000,0.00000000,0.00000000,0.00000000,0.00267436,0.00000000,0.00000000,0.00000000,0.00000000,0.00000000,0.00000000,0.00000000,0.00000000,0.00000000,0.00000000,0.00000000,0.00000000,0.00000000,0.00000000,0.00000000,0.00000000,0.00000000,0.00000000,0.00000000,0.00000000,0.00000000,0.00000000,0.00000000,0.00000000,0.00503114,0.00000000,0.00000000,0.00000000,0.00000000,0.00000000,0.00099841,0.00000000,0.00000000,0.00000000,0.00000000,0.00245446,0.00000000,0.00000000,0.00000000,0.00072718,0.00000000,0.02207505,0.00513805,0.00000000,0.00000000,0.00000000,0.00000000,0.00000000,0.02542520,0.00000000,0.00000000,0.00000000,0.00000000,0.00000000,0.00000000,0.00000000,0.00000000,0.00000000,0.00000000,0.00681817,0.00000000,0.00000000,0.00562673,0.00000000,0.00000000,0.00000000,0.00000000,0.00000000,0.00000000,0.00000000,0.00000000,0.00000000,0.00230130,0.00000000,0.00000000,0.00000000,0.00000000,0.00000000,0.00000000,0.00000000,0.00000000,0.00000000,0.04974133,0.00000000,0.00000000,0.00000000,0.00000000,0.00000000,0.00000000,0.00000000,0.00000000,0.00000000,0.00000000,0.00000000,0.00000000,0.00452155,0.01382592,0.00000000,0.00000000,0.00100618,0.00000000,0.00000000,0.00000000,0.00456806,0.00000000,0.00313376,0.00000000,0.00000000,0.00000000,0.00000000,0.00000000,0.00000000,2.44045911,0.01468378,0.00000000,0.00000000,0.00000000,0.00000000,0.00000000,0.00000000,0.00000000,0.00000000,0.00000000,0.00000000,0.00000000,0.00000000,0.00000000,0.00000000,0.00000000,0.00000000,0.00000000,0.00000000,0.00000000,0.00000000,0.00000000,0.00000000,0.00000000,0.00000000,0.00000000,0.00000000,0.00000000,0.00000000,0.00000000,0.00000000,0.00000000,0.00000000,0.00000000,0.00000000,0.00000000,0.00000000,0.00000000,0.00000000,0.00000000,0.00000000,0.00000000,0.01325726,0.00000000,0.00000000,0.00000000,0.00000000,0.00000000,0.00135474,0.00000000,0.00000000,0.00562089,0.00000000,0.00000000,0.00000000,0.00000000,0.00000000,0.00000000,0.00000000,0.00000000,0.00000000,0.05379485,0.00000000,0.00000000,0.00901475,0.00000000,0.00000000,0.00377929,0.00000000,0.00000000,0.08825649,0.00000000,0.00000000,0.00000000,0.00390249,0.00000000,0.04170933,0.00000000,0.00000000,0.01173080,0.00000000,0.00000000,0.00000000,0.00000000,0.00000000,0.00000000,0.00000000,0.10385472,0.00000000,0.00000000,0.00000000,0.00000000,0.00000000,0.00000000,0.01552403,0.00174661,0.00000000,0.00179498,0.00000000,0.00000000,0.00000000,0.00000000,0.00000000,0.00000000,0.00000000,0.00000000,0.00342823,0.00000000,0.00000000,0.00000000,0.00000000,0.00000000,0.00000000,0.00000000,0.00000000,0.00000000,0.00000000,0.00000000,0.00000000,0.00000000,0.00000000,0.00000000,0.00000000,0.01830603,0.00000000,0.00000000,0.00000000,0.00000000,0.00000000,0.00000000,0.00000000,0.00000000,0.00000000,0.00000000,0.00000000,0.00000000,0.00000000,0.00000000,0.00000000,0.00000000,0.00000000,0.00000000,0.00000000,0.00000000,0.00000000,0.00000000,0.00000000,0.00000000,0.11169694,0.00000000,0.00000000,0.00000000,0.00434085,0.00000000,0.00351868,0.00000000,0.00000000,0.00000000,0.00000000,0.00000000,0.00000000,0.00000000,0.00000000,0.00000000,0.00000000,0.36649288,0.00920760,0.00179276,0.00000000,0.00000000,0.00000000,0.05103720,0.00000000,0.00189162,0.00000000,0.00000000,0.00000000,0.00000000,0.00000000,0.00000000,0.00193423,0.00000000,0.00000000,0.00000000,0.00000000,0.00000000,0.00000000,0.00000000,0.00467706,0.00000000,0.00000000,0.00000000,0.00000000,0.02585960,0.00000000,0.00000000,0.00000000,0.00000000,0.00381819,0.00283290,0.00000000,0.00000000,0.00000000,0.00000000,0.00000000,0.04341175,0.00000000,0.00000000,0.00000000,0.00000000,0.02106462,0.00000000,0.00000000,0.01446688,0.00000000,0.00000000,0.00000000,0.00000000,0.24505534,0.00000000,0.00000000,0.00000000,0.00000000,0.00000000,0.01533174,0.00000000,0.00000000,0.00000000,0.00000000,0.00000000,0.00000000,0.00000000,0.00000000,0.00000000,0.00244186,0.00000000,0.00000000,0.00000000,0.00448054,0.00000000,0.00000000,0.00000000,0.00000000,0.00000000,0.02351679,0.00000000,0.00000000,0.00000000,0.00000000,0.00000000,0.00657232,0.00000000,0.00000000,0.00000000,0.00000000,0.00000000,0.00000000,0.00000000,0.00000000,0.00000000,0.00000000,0.00000000,0.01029430,0.00152055,0.00000000,0.00000000,0.00313352,0.00000000,0.00000000,0.00000000,0.00000000,0.00000000,0.00000000,0.00000000,0.00000000,0.07694986,0.00000000,0.00000000,0.00000000,0.00000000,0.00000000,0.00000000,0.00604458,0.00000000,0.00000000,0.00000000,0.00000000,0.00000000,0.00000000,0.04273075,0.00000000,0.00000000,0.00000000,0.00000000,0.00000000,0.00000000,0.00000000,0.00000000,0.00000000,0.00000000,0.00852702,0.00000000,0.00000000,0.00000000,0.00000000,0.00000000,0.00000000,0.00000000,0.00000000,0.00000000,0.00000000,0.00000000,0.00000000,0.00000000,0.00000000,0.00000000,0.00000000,0.00000000
0.00000000,0.00000000,0.00000000,0.00000000,0.00000000,0.00071774,0.00000000,0.00000000,0.00000000,0.00000000,0.00000000,0.00000000,0.00000000,0.00000000,0.00000000,0.00000000,0.00000000,0.00000000,0.00000000,0.00000000,0.00000000,0.00000000,0.00000000,0.00000000,0.00000000,0.00000000,0.00000000,0.00000000,0.00000000,0.00000000,0.00000000,0.00000000,0.15306267,0.00000000,0.00000000,0.00000000,0.02510796,0.00000000,0.00000000,0.00000000,0.01002195,0.00000000,0.00000000,0.00000000,0.00000000,0.00000000,0.00000000,0.00000000,0.00371664,0.00000000,0.00000000,0.00000000,0.00000000,0.00000000,0.00000000,0.00000000,0.00000000,0.00000000,0.00000000,0.00000000,0.00000000,0.00000000,0.00000000,0.00000000,0.00000000,0.00000000,0.00000000,0.00000000,0.00000000,0.00000000,0.00000000,0.00000000,0.00000000,0.00000000,0.00000000,0.00000000,0.00000000,0.00262953,0.00000000,0.00000000,0.00000000,0.00000000,0.00000000,0.00000000,0.00000000,0.00513653,0.00000000,0.00000000,0.00000000,0.00000000,0.00000000,0.00000000,0.00000000,0.00000000,0.00000000,0.00379393,0.00116151,0.00000000,0.00000000,0.35446312,0.00000000,0.00000000,0.02553291,0.00000000,0.00000000,0.00465519,0.00000000,0.00000000,0.00000000,0.00000000,0.00000000,0.00000000,0.00000000,0.04370405,0.00000000,0.00000000,0.00000000,0.00000000,0.00000000,0.00000000,0.00000000,0.00000000,0.00000000,0.00000000,0.00000000,0.00000000,0.00000000,0.07510763,0.00000000,0.00000000,0.00000000,0.00000000,0.00000000,0.00000000,0.00000000,0.00000000,0.00000000,0.00000000,0.00000000,0.00000000,0.00000000,0.00000000,0.00000000,0.01986112,0.00000000,0.00000000,0.00000000,0.00000000,0.00000000,0.00000000,0.00000000,0.00000000,0.00000000,0.00000000,0.01128232,0.00000000,0.00000000,0.15882531,0.00000000,0.00000000,0.00417579,0.00000000,0.00000000,0.00000000,0.00000000,0.00000000,0.00000000,0.00000000,0.08313477,0.00000000,0.00000000,0.00430972,0.01595394,0.00000000,0.00000000,0.00000000,0.00334773,0.26877402,0.00000000,0.01266901,0.00000000,0.00000000,0.00000000,0.00000000,0.00120922,0.00000000,0.00000000,0.00000000,0.00000000,0.00000000,0.00000000,0.02157414,0.00000000,0.00000000,0.00000000,0.00000000,0.00000000,0.03835540,0.02143401,0.00000000,0.00000000,0.00371284,0.00000000,0.00429227,0.00000000,0.00642482,0.00000000,0.00000000,0.00000000,0.00000000,0.00000000,0.00000000,0.00665009,0.00000000,0.00000000,0.00000000,0.00000000,0.00000000,0.00000000,0.00000000,0.00000000,0.00000000,1.37402929,0.00000000,0.00000000,0.00000000,0.00000000,0.00000000,0.00000000,0.00000000,0.00000000,0.00000000,0.00000000,0.00000000,0.00000000,0.00000000,0.04752973,0.00596895,0.00000000,0.00000000,0.00000000,0.00000000,0.00000000,0.17526272,0.00000000,0.00000000,0.00000000,0.00000000,0.00000000,0.00000000,0.00000000,0.00000000,0.00000000,0.00000000,0.00000000,0.00000000,0.00000000,0.00000000,0.00000000,0.00000000,0.00000000,0.00000000,0.00000000,0.00000000,0.00000000,0.00000000,0.00000000,0.00000000,0.00000000,0.00583466,0.02659395,0.00000000,0.11922604,0.00000000,0.00000000,0.02309339,0.00000000,0.00000000,0.00000000,0.00000000,0.00000000,0.00000000,0.00000000,0.00196261,0.00000000,0.00000000,0.00000000,0.00000000,0.00000000,0.00000000,0.00000000,0.00000000,0.00000000,0.00000000,0.00201527,0.00000000,0.00000000,0.01756676,0.00000000,0.00000000,0.00000000,0.00000000,0.07352650,0.00000000,0.00000000,0.00000000,0.00000000,0.00000000,0.00000000,0.00000000,0.00000000,0.00000000,0.00000000,0.00000000,0.00000000,0.00000000,0.00000000,0.00000000,0.01303761,0.00000000,0.00000000,0.00000000,0.00000000,0.00000000,0.00000000,0.00000000,0.00000000,0.00000000,0.02041630,0.00000000,0.00234642,0.00000000,0.00000000,0.00498140,0.00000000,0.00000000,0.00000000,0.00000000,0.00000000,0.00000000,0.00000000,0.00000000,0.00000000,0.00111028,0.00000000,0.00000000,0.00000000,0.00000000,0.00000000,0.00000000,0.00000000,0.00000000,0.00000000,0.00000000,0.01497019,0.00000000,0.00000000,0.00000000,0.00769695,0.00000000,0.00000000,0.00621467,0.35422808,0.00381639,0.00000000,0.00000000,0.00000000,0.01021975,0.00000000,0.00000000,0.00000000,0.00000000,0.00000000,0.00000000,0.00000000,0.00000000,0.00000000,0.00000000,0.00000000,0.00000000,0.00000000,0.00000000,0.01213722,0.00000000,0.00000000,0.00000000,0.00000000,0.00000000,0.00000000,0.00000000,0.00000000,0.00315424,0.00181497,0.00094738,0.00000000,0.00000000,0.00000000,0.00000000,0.00000000,0.00000000,0.00000000,0.00314468,0.00000000,0.00000000,0.00000000,0.00000000,0.00000000,0.00000000,0.00000000,0.00000000,0.00000000,0.00740305,0.00162310,0.00000000,0.00000000,0.27351181,0.00000000,0.00000000,0.00000000,0.00000000,0.00000000,0.00000000,0.00000000,0.00000000,0.00000000,0.00000000,0.00000000,0.00000000,0.00000000,0.00000000,0.00000000,0.00000000,0.00000000,0.00000000,0.00000000,0.00000000,0.00000000,0.00000000,0.00000000,0.00000000,0.00000000,0.00000000,0.00000000,0.00000000,0.00000000,0.00000000,0.00000000,0.00000000,0.00000000,0.00000000,0.00000000,0.04932562,0.00000000,0.00000000,0.00000000,0.00000000,0.00000000,0.00000000,0.00000000,0.00000000,0.00000000,0.00000000,0.00465759,0.00000000,0.00000000,0.00000000,0.00000000,0.00000000,0.00000000,0.01499121,0.00000000,0.00000000,0.00000000,0.00000000,0.00000000,0.00000000,0.00000000,0.00000000,0.00000000,0.00000000,0.00000000,0.00000000,0.00000000,0.00000000,0.00000000,0.00000000,0.00000000,0.00000000,0.01373732,0.00092966,0.00000000,0.00000000,0.00000000,0.00000000,0.00000000,0.00286607,0.03200595,0.00000000,0.00078745,0.00000000,0.00000000,0.00000000,0.00000000,0.00000000,0.00000000,0.00000000,0.00000000,0.00000000,0.00000000,0.00000000,0.03976729,0.00000000,0.00000000,0.00000000,0.00000000,0.00000000,0.01167370,0.00000000,0.00000000,0.00000000,0.00000000,0.00000000,0.00000000,0.00000000,0.00000000,0.00000000,0.00000000,0.00000000,0.00000000,0.00127503,0.00000000,0.00000000,0.00000000,0.00000000,0.00000000,0.00000000,0.00085221,0.00000000,0.00000000,0.74074890,0.00000000,0.00000000,0.00000000,0.00000000,0.00000000,0.00000000,0.00000000,0.00000000,0.00000000,0.00000000,0.00000000,0.00000000,0.03438659,0.00000000,0.00748459,0.00000000,0.00000000,0.00138884,0.00000000,0.00000000,0.00000000,0.00703625,0.00000000,0.00000000,0.00000000,0.00000000,0.00000000,0.00000000,0.00000000,0.00000000,0.00000000,0.00493153,0.00000000,0.00000000,0.00000000,0.00000000,0.00000000,0.01510564,0.04057789,0.00000000,0.00000000,0.00000000,0.00000000,0.00000000,0.00000000,0.00000000,0.00000000,0.00000000,0.00000000,0.00000000,0.00000000,0.00000000,0.00000000,0.00000000,0.00000000,0.00000000,0.00000000,0.00000000,0.00000000,0.00000000,0.00000000,0.01944088,0.00000000,0.00000000,0.00000000,0.02995663,0.00000000,0.00557072,0.19567525,0.00000000,0.00000000,0.00000000,0.00000000,0.00000000,0.00000000,0.00000000,0.00000000,0.00000000,0.00000000,0.00000000,0.00000000,0.00000000,0.00000000,0.00000000,0.00000000,0.00000000,0.00000000,0.00000000,0.01257720,0.00000000,0.00000000,0.00000000,0.00000000,0.00000000,0.00000000,0.00000000,0.00000000,0.00000000,0.00000000,0.00820493,0.00000000,0.00000000,0.00000000,0.00000000,0.00000000,0.00000000,0.00000000,0.00000000,0.00000000,0.00000000,0.00000000,0.24925432,0.00000000,0.00000000,0.00000000,0.00000000,0.00000000,0.00000000,0.00000000,0.00000000,0.00000000,0.01114639,0.00000000,0.00000000,0.00000000,0.00000000,0.00000000,0.00000000,0.00000000,0.08368004,0.00000000,0.00000000,0.00000000,0.00000000,0.00000000,0.00000000,0.04298909,0.02534982,0.00000000,0.00000000,0.00000000,0.00000000,0.00000000,0.00000000,0.00000000,0.00000000,0.00000000,0.00000000,0.00000000,0.00000000,0.00000000,0.00000000,0.00000000,0.00000000,0.00415181,0.00000000,0.00000000,0.00000000,0.00000000,0.00721867,0.00000000,0.00000000,0.00000000,0.00000000,0.00122965,0.00319753,0.00000000,0.00000000,0.00000000,0.00000000,0.00000000,0.00000000,0.00000000,0.00000000,0.00094104,0.00000000,0.00000000,0.00000000,0.01855502,0.00000000,0.00000000,0.00000000,0.00000000,0.00211420,0.00000000,0.00000000,0.00000000,0.00000000,0.00000000,0.00000000,0.00000000,0.03886579,0.00000000,0.00000000,0.00000000,0.00000000,0.00336172,0.00000000,0.01249543,0.00000000,0.00000000,0.00407513,0.00701950,0.00000000,0.00000000,0.00000000,0.00000000,0.00000000,0.00000000,0.00000000,0.05872352,0.00000000,0.00000000,0.00000000,0.00000000,0.00000000,0.02865069,0.00000000,0.00000000,0.00000000,0.00000000,0.00000000,0.00936881,0.00000000,0.00000000,0.00207330,0.00000000,0.00000000,0.00000000,0.00000000,0.00000000,0.09645399,0.00000000,0.00000000,0.00000000,0.00000000,0.00000000,0.00000000,0.00000000,0.00000000,0.00000000,0.00000000,0.00000000,0.00000000,0.00000000,0.00740960,0.00000000,0.00000000,0.00000000,0.00000000,0.00000000,0.00000000,0.01353280,0.00000000,0.01843641,0.00000000,0.00000000,0.00000000,0.00000000,0.00000000
0.00000000,0.00000000,0.00000000,0.00000000,0.00000000,0.00000000,0.00000000,0.00000000,0.00000000,0.00000000,0.00000000,0.00000000,0.00000000,0.00000000,0.20301276,0.00000000,0.00000000,0.00000000,0.00000000,0.00000000,0.00000000,0.00000000,0.00000000,0.00000000,0.00000000,0.00000000,0.00000000,0.01432827,0.00000000,0.22229551,0.00080170,0.00000000,0.00000000,0.00000000,0.00000000,0.00000000,0.00000000,0.00000000,0.00000000,0.00000000,0.00000000,0.00000000,0.00000000,0.00000000,0.00000000,0.00000000,0.00000000,0.00000000,0.00000000,0.00000000,0.00000000,0.00000000,0.00000000,0.00000000,0.00000000,0.00000000,0.00000000,0.00000000,0.00000000,0.00000000,0.00000000,0.00000000,0.00000000,0.00000000,0.00000000,0.00000000,0.00000000,0.00000000,0.00000000,0.00138349,0.00000000,0.00000000,0.00203938,0.00000000,0.00000000,0.00000000,0.00000000,0.00000000,0.00000000,0.00000000,0.00000000,0.00000000,0.00000000,0.00000000,0.00000000,0.00000000,0.00000000,0.00000000,0.00937273,0.00000000,0.00000000,0.00208542,0.00000000,0.00000000,0.00000000,0.00000000,0.00000000,0.00000000,0.00000000,0.00000000,0.01740980,0.00000000,0.00000000,0.00000000,0.00000000,0.00000000,0.00580129,0.00000000,0.00220616,0.00000000,0.00000000,0.00000000,0.00000000,0.00000000,0.00000000,0.00000000,0.00000000,0.00000000,0.00000000,0.00000000,0.00000000,0.00000000,0.00000000,0.00000000,0.00000000,0.00000000,0.01745483,0.00000000,0.00000000,0.00000000,0.00000000,0.00000000,0.00000000,0.00000000,0.00000000,0.00000000,0.00000000,0.00000000,0.00000000,0.00821154,0.00000000,0.00000000,0.19732434,0.00000000,0.00000000,0.00000000,0.00000000,0.00000000,0.13904832,0.20152437,0.00000000,0.00000000,0.00000000,0.00000000,0.00000000,0.00000000,0.00000000,0.00000000,0.00000000,0.00000000,0.00000000,0.00000000,0.00000000,0.00000000,0.05530015,0.00564810,0.00000000,0.00000000,0.00000000,0.00000000,0.00000000,0.00000000,0.00000000,0.14687077,0.00000000,0.00000000,0.00000000,0.00000000,0.00000000,0.00000000,0.00000000,0.00000000,0.00000000,0.00000000,0.00000000,0.00000000,0.00000000,0.00000000,0.00909870,0.00000000,0.00000000,0.00000000,0.00000000,0.00000000,0.00000000,0.00000000,0.00473838,0.00000000,0.00000000,0.00000000,0.00000000,0.00000000,0.00000000,0.00000000,0.00000000,0.00000000,0.00000000,0.00000000,0.00000000,0.00000000,0.00000000,0.00000000,0.00074199,0.01543642,0.00000000,0.00494525,0.00000000,0.00000000,0.00000000,0.00000000,0.00000000,0.00000000,0.00321338,0.00000000,0.00145246,0.00000000,0.00000000,0.00000000,0.00000000,0.00000000,0.00000000,0.00000000,0.00000000,0.21678031,0.00000000,0.00000000,0.00000000,0.01966961,0.02615763,0.00000000,0.00000000,0.00000000,0.00000000,0.00000000,0.00000000,0.00374264,0.00000000,0.00000000,0.00000000,0.00000000,0.00000000,0.00000000,0.00966368,0.00000000,0.00000000,0.00000000,0.00000000,0.00000000,0.00000000,0.00000000,0.00000000,0.00000000,0.00000000,0.00000000,0.00000000,0.06431166,0.00000000,0.01026081,0.00000000,0.00000000,0.00000000,0.00000000,0.00000000,0.00000000,0.26921012,0.00000000,0.00000000,0.00000000,0.00000000,0.00000000,0.08361291,0.00000000,0.00377788,0.00000000,0.00000000,0.00220452,0.00000000,0.00000000,0.00000000,0.00000000,0.00000000,0.00000000,0.00000000,0.00000000,0.00000000,0.00000000,0.00000000,0.00000000,0.00000000,0.00000000,0.00000000,0.00000000,0.00000000,0.00000000,0.06094746,0.00000000,0.00000000,0.00000000,0.00000000,0.00000000,0.00000000,0.00000000,0.00000000,0.00000000,0.00000000,0.00000000,0.00000000,0.00317306,0.00000000,0.00000000,0.00000000,0.00000000,0.00000000,0.00000000,0.00000000,0.01363401,0.00000000,0.00000000,0.00000000,0.00000000,0.00000000,0.00000000,0.00000000,0.00000000,0.00000000,0.00000000,0.00000000,0.00000000,0.00000000,0.00000000,0.05413362,0.00000000,0.00000000,0.00954398,0.00000000,0.00000000,0.00000000,0.00000000,0.00000000,0.00000000,0.00000000,0.00000000,0.00000000,0.00393269,0.00000000,0.00000000,0.00000000,0.00000000,0.00000000,0.01553883,0.00000000,0.00000000,0.00000000,0.00000000,0.00000000,0.00000000,0.00000000,0.00000000,0.00000000,0.60693090,0.00000000,0.01678950,0.03094006,0.00000000,0.00000000,0.00000000,0.00000000,0.00000000,0.02609357,0.00000000,0.00000000,0.00000000,0.00000000,0.00000000,0.00000000,0.00000000,0.44644984,0.00000000,0.00895694,0.00000000,0.14190473,0.00000000,0.00000000,0.01027330,0.00259397,0.04016305,0.03571525,0.00000000,0.00000000,0.00000000,0.00000000,0.00000000,0.00000000,0.00926134,0.00000000,0.00000000,0.00000000,0.00000000,0.00000000,0.00000000,0.00000000,0.00000000,0.00000000,0.00000000,0.00000000,0.00000000,0.00174190,0.00000000,0.00000000,0.00000000,0.00000000,0.00000000,0.00000000,0.00000000,0.01876308,0.00526109,0.00000000,0.00000000,0.00000000,0.17508278,0.00000000,0.00000000,0.00000000,0.00000000,0.00000000,0.00000000,0.00000000,0.00451070,0.00512194,0.00000000,0.00000000,0.01493421,0.00000000,0.00000000,0.00000000,0.00000000,0.00000000,0.00000000,0.00376594,0.00000000,0.00000000,0.00000000,0.00000000,0.00435977,0.00000000,0.00442921,2.27335220,0.00000000,0.00919993,0.00000000,0.00000000,0.00000000,0.00000000,0.00000000,0.00000000,0.00000000,0.00000000,0.00000000,0.00151696,0.00000000,0.13497768,0.01430437,0.00000000,0.00000000,0.00000000,0.00000000,0.00000000,0.01940874,0.00000000,0.00000000,0.00337074,0.00000000,0.00000000,0.00000000,0.00000000,0.00000000,0.00000000,0.00000000,0.00000000,0.00000000,0.00000000,0.00000000,0.00000000,0.00000000,0.00000000,0.00000000,0.00000000,0.00000000,0.00000000,0.00000000,0.00000000,0.03021465,0.00000000,0.00000000,0.00000000,0.00000000,0.03319914,0.00000000,0.00000000,0.00000000,0.00000000,0.00000000,0.00635422,0.00273333,0.00000000,0.00000000,0.00000000,0.00000000,0.00000000,0.00000000,0.00000000,0.00000000,0.00000000,0.00000000,0.00000000,0.00980975,0.02424857,0.00000000,0.00000000,0.00000000,0.00000000,0.00000000,0.00000000,0.01184817,0.00000000,0.00000000,0.00000000,1.21785035,0.00000000,0.00139078,0.00000000,0.00000000,0.01287278,0.00000000,0.00000000,0.00000000,0.00000000,0.00000000,0.00000000,0.00000000,3.63738771,0.00147480,0.00000000,0.00000000,0.00000000,0.00366285,0.00000000,0.00000000,0.00000000,0.00000000,0.00000000,0.00000000,0.00000000,0.00000000,0.00000000,0.00000000,0.00000000,0.00000000,0.00000000,0.00149743,0.00000000,0.00000000,0.00000000,0.00790409,0.00000000,0.00000000,0.00000000,0.00000000,0.00000000,0.00000000,0.00000000,0.00000000,0.00000000,0.00000000,0.00000000,0.00777988,0.00000000,0.00000000,0.00083639,0.00000000,0.00000000,0.00000000,0.00000000,0.00000000,0.00000000,0.00000000,0.00000000,0.00000000,0.00000000,0.00000000,0.00000000,0.00000000,0.00000000,0.00000000,0.00000000,0.00000000,0.00000000,0.00000000,0.00000000,0.00000000,0.00000000,0.00000000,0.00000000,0.00000000,0.00000000,0.00000000,0.04400258,0.00000000,0.00000000,0.00000000,0.03542045,0.00000000,0.00000000,0.00000000,0.00000000,0.00000000,0.00000000,0.00000000,0.00000000,0.00000000,0.08068525,0.00000000,0.00000000,0.01146173,0.03151722,0.00000000,0.00000000,0.00000000,0.00000000,0.00000000,0.00000000,0.00000000,0.00000000,0.00000000,0.00000000,0.00000000,0.00000000,0.00000000,0.00000000,0.00000000,0.00000000,0.00000000,0.00000000,0.00000000,0.00000000,0.00000000,0.00000000,0.00000000,0.00000000,0.00000000,0.00000000,0.01608652,0.00000000,0.00000000,0.00000000,0.00000000,0.00000000,0.00000000,0.00000000,0.00577133,0.00000000,0.00000000,0.00000000,0.00789441,0.00221193,0.00000000,0.00000000,0.00543308,0.00000000,0.00000000,0.00000000,0.00000000,0.00000000,0.00000000,0.00000000,0.00000000,0.00000000,0.00000000,0.00000000,0.01536333,0.00000000,0.00000000,0.00000000,0.00000000,0.00000000,0.00000000,0.00000000,0.00000000,0.00000000,0.00000000,0.00000000,0.00000000,0.00000000,0.00000000,0.00000000,0.00000000,0.00000000,0.00000000,0.00000000,0.00000000,0.00000000,0.00000000,0.00000000,0.00000000,0.00000000,0.00458682,0.00000000,0.00000000,0.00000000,0.00000000,0.00000000,0.00000000,0.00000000,0.00000000,0.00000000,0.00538043,0.00000000,0.01676610,0.00000000,0.00000000,0.00000000,0.01874051,0.01825551,0.00000000,0.00000000,0.00000000,0.00000000,0.00000000,0.00252850,0.00000000,0.05937949,0.00000000,0.00000000,0.00000000,0.00000000,0.00000000,0.00000000,0.00000000,0.00000000,0.00000000,0.00000000,0.00000000,0.00000000,0.00000000,0.01170710,0.00000000,0.00000000,0.00000000,0.00000000,0.00000000,0.00000000,0.00000000,0.00000000,0.00000000,0.00000000,0.00000000,0.00000000,0.00000000,0.00000000,0.00000000,0.00000000,0.00000000,0.00000000,0.00000000,0.00000000,0.00000000,0.00000000,0.00000000,0.00000000,0.00000000,0.00326783,0.00000000,0.00000000,0.00000000,0.00000000,0.00241705,0.02567819,0.00000000,0.00000000,1.80140294,0.00000000,0.00000000,0.00000000,0.00000000,0.00000000,0.00000000,0.00000000,0.02069554,0.00000000,0.00000000
0.00000000,0.00000000,0.00000000,0.00000000,0.00000000,0.00000000,0.00000000,0.00000000,0.00000000,0.00000000,0.00000000,0.00000000,0.00000000,0.00000000,0.00000000,0.00000000,0.00000000,0.00000000,0.00000000,0.00000000,0.00000000,0.00000000,0.00000000,0.00000000,0.00000000,0.00000000,0.00000000,0.00000000,0.00000000,0.00000000,0.00000000,0.00000000,0.00000000,0.00000000,0.00000000,0.00000000,0.00000000,0.00000000,0.00000000,0.00000000,0.00000000,0.00000000,0.00000000,0.00000000,0.00000000,0.00000000,0.00000000,0.00000000,0.00000000,0.00000000,0.00000000,0.00316424,0.00000000,0.00000000,0.00000000,0.00000000,0.00000000,0.00000000,0.00310870,0.00000000,0.00000000,0.00000000,0.00162040,0.00000000,0.00000000,0.00000000,0.00000000,0.00000000,0.00000000,0.00000000,0.00000000,0.00000000,0.00000000,0.00000000,0.00000000,0.00000000,4.70143250,0.00000000,0.55885853,0.00000000,0.00000000,0.00000000,0.01046465,0.00000000,0.00000000,0.02522894,0.00000000,0.00000000,0.00000000,0.00000000,0.00000000,0.00000000,0.00000000,0.00000000,0.00000000,0.00000000,0.00000000,0.00000000,0.00000000,0.00000000,1.76521909,0.00000000,0.00145595,0.00000000,0.00000000,0.00000000,0.00000000,0.00000000,0.00000000,0.00000000,0.00000000,0.00000000,0.00000000,0.01073834,0.07437371,0.00000000,0.00000000,0.02204122,0.00000000,0.00000000,0.00000000,0.00000000,0.00000000,0.00000000,0.00000000,0.00000000,0.00000000,0.00000000,0.04682945,0.00406108,0.00000000,0.00000000,0.00000000,0.00000000,0.00000000,0.00000000,0.00000000,0.00000000,0.00000000,0.00000000,0.00000000,0.00000000,0.00000000,0.00000000,0.00000000,0.75868715,0.00000000,0.00000000,0.00000000,0.00000000,0.00000000,0.00000000,0.00000000,0.00000000,0.00000000,0.00000000,0.00000000,0.02725148,0.00180953,0.00000000,0.00000000,0.00000000,0.00000000,0.00000000,0.00000000,0.00385902,0.00000000,0.00000000,0.00000000,0.00000000,0.00000000,0.00895084,0.00000000,0.00000000,0.00000000,0.00148163,0.00279884,0.00000000,0.00715879,0.00000000,0.00000000,0.00000000,0.00000000,0.00000000,0.00000000,0.00000000,0.00000000,0.00000000,0.00000000,0.00000000,0.06840060,0.00000000,0.00000000,0.00000000,0.00000000,0.00000000,0.00000000,0.00000000,0.00000000,1.37417620,0.00000000,0.00000000,0.00000000,0.00000000,0.00000000,0.00000000,0.00000000,0.01121987,0.00000000,0.00287760,0.02057815,0.00000000,0.00000000,0.00000000,0.00066673,0.00000000,0.01271741,0.00000000,0.00000000,0.00000000,0.00440447,0.00000000,0.00000000,0.00000000,0.00000000,0.00192307,0.00000000,0.00000000,0.00000000,0.00000000,0.00000000,0.00000000,0.00000000,0.00000000,0.00000000,0.00000000,0.00000000,0.00000000,0.00000000,0.00000000,0.00000000,0.00000000,0.00000000,0.00000000,0.00000000,0.00000000,0.00295330,0.00000000,0.00000000,0.00000000,0.00677442,0.00000000,0.00000000,0.01261050,0.00000000,0.00000000,0.00000000,0.00000000,0.00000000,0.01383906,0.00000000,0.00000000,0.00343682,0.00000000,0.11871078,0.04311841,0.00000000,0.00000000,0.00000000,0.00000000,0.00000000,0.00000000,0.00000000,0.00000000,0.00000000,0.00000000,0.00000000,0.00000000,0.00245041,0.00000000,0.00518696,0.00000000,0.00000000,0.00000000,0.00000000,0.00000000,0.09284159,0.00000000,0.00000000,0.00000000,0.00000000,0.00000000,0.00000000,0.00000000,0.00145336,0.00000000,0.00000000,0.00148108,0.00000000,0.00000000,0.00000000,0.00702969,0.00000000,0.00000000,0.00000000,0.00000000,0.00000000,0.00000000,0.00000000,0.00761724,0.00000000,0.00000000,0.00000000,0.00399814,0.00000000,0.00000000,0.01313314,0.00000000,0.00000000,0.00000000,0.00000000,0.00000000,0.00000000,0.00000000,0.25226018,0.00000000,0.00000000,0.00000000,0.00000000,0.00000000,0.00000000,0.00644773,0.00000000,0.00000000,0.00398637,0.00000000,0.00000000,0.00000000,0.01974667,0.00000000,0.00000000,0.00000000,0.00000000,0.00000000,0.00000000,0.00000000,0.00000000,0.00000000,0.00000000,0.00000000,0.00115673,0.00000000,0.00941705,0.00000000,0.00000000,0.00000000,0.00000000,0.00000000,0.00887124,0.00000000,0.06543446,0.00000000,0.00000000,0.00925034,0.00000000,0.00000000,0.00000000,0.00000000,0.00000000,0.00000000,0.00000000,0.00000000,0.00000000,0.00000000,0.00000000,0.00000000,0.00126421,0.00000000,0.00000000,0.00000000,0.00000000,0.00000000,0.00000000,0.04241061,0.00000000,0.00000000,0.00000000,0.00000000,0.10264453,0.00000000,0.00000000,0.00000000,0.00000000,0.00000000,0.00000000,0.00000000,0.00000000,0.00000000,0.00000000,0.00000000,0.00000000,0.01747365,0.00000000,0.00000000,0.00000000,0.00000000,0.00000000,0.00000000,0.00000000,0.00941619,0.00000000,0.00000000,0.00000000,0.00000000,0.23844577,0.00000000,0.00000000,0.00000000,0.00000000,0.00000000,0.00000000,0.00000000,0.00000000,0.00000000,0.00000000,0.00000000,0.00000000,0.00000000,0.00000000,0.00000000,0.00566729,0.00000000,0.00000000,0.00000000,0.00000000,0.00000000,0.00000000,0.00000000,0.00000000,0.00000000,0.00000000,0.00000000,0.00000000,0.00000000,0.00000000,0.00000000,0.00000000,0.00000000,0.00000000,0.00000000,0.00000000,0.00000000,0.00123764,0.00000000,0.16629210,0.00000000,0.00000000,0.00000000,0.00000000,0.00000000,0.00000000,0.00000000,0.00000000,0.00000000,0.00000000,0.00000000,0.00000000,0.00000000,0.00000000,0.01170244,0.00000000,0.00000000,0.00000000,0.00000000,0.00000000,0.00000000,0.00000000,0.00000000,0.00000000,0.00000000,0.00000000,0.01898499,0.00000000,0.00501617,0.01101022,0.00949796,0.00000000,0.00000000,0.00000000,0.00000000,0.00000000,0.00000000,0.00000000,0.03504704,0.00659040,0.00246311,0.00344685,0.00000000,0.00163142,0.00000000,0.00716705,0.00304424,0.00166278,0.17281828,0.00000000,0.01579291,0.00000000,0.00000000,0.00058613,0.00000000,0.00000000,0.00000000,0.00000000,0.00000000,0.00000000,0.00000000,0.00000000,0.02670136,0.05038702,0.00000000,0.00000000,1.28463585,0.00000000,0.00000000,0.00000000,0.00000000,0.00000000,0.00000000,0.00000000,0.00000000,0.00000000,0.00000000,0.00000000,0.00000000,0.00000000,0.00426117,0.00000000,0.00000000,0.00000000,0.00000000,0.00000000,0.00000000,0.00000000,0.00000000,0.00000000,0.00000000,0.00000000,0.00000000,0.00000000,0.00000000,0.00000000,0.00000000,0.00000000,0.00000000,0.00000000,0.00000000,0.00000000,0.00000000,0.00000000,0.00000000,0.00000000,0.00000000,0.00000000,0.00000000,0.00000000,0.00000000,0.00577343,0.00000000,0.00000000,0.00000000,0.00000000,0.00000000,0.00000000,0.00424927,0.00000000,0.00000000,0.00000000,0.00000000,0.00000000,0.00000000,0.00084662,0.00000000,0.00000000,0.00000000,0.00000000,0.00000000,0.00000000,0.02774450,0.00000000,0.00000000,0.00000000,0.00000000,0.00000000,0.00264726,0.00000000,0.00000000,0.00000000,0.00000000,0.00529906,0.00000000,0.00000000,0.00000000,0.00000000,0.00000000,0.00000000,0.00000000,0.29769215,0.00000000,0.00000000,0.00000000,0.00000000,0.00000000,0.00000000,0.00000000,0.00000000,0.00000000,0.00000000,0.00000000,0.00000000,0.00000000,0.00000000,0.00000000,0.00000000,0.02629037,0.00000000,0.00000000,0.00000000,0.00000000,0.00000000,0.00000000,0.00000000,0.00000000,0.00000000,0.00000000,0.00000000,0.00000000,0.00000000,0.00000000,0.00000000,0.00000000,0.00000000,0.00000000,0.00000000,0.00000000,0.00000000,0.00000000,0.00000000,0.00078970,0.00000000,0.00000000,0.00000000,0.00000000,0.00000000,0.06177752,0.00000000,0.00000000,0.04711067,0.00000000,0.00000000,0.00000000,0.09923887,0.00000000,0.00607738,0.00881885,0.01430996,0.00000000,0.00000000,0.00000000,0.00000000,0.00000000,0.00000000,0.00000000,0.00000000,0.00000000,0.00000000,0.00000000,0.00000000,0.00303187,0.00000000,0.00000000,0.00000000,0.00000000,0.00000000,0.00000000,0.00000000,0.00000000,0.00000000,0.00000000,0.00000000,0.00000000,0.00000000,0.00000000,0.00000000,0.00000000,0.00000000,0.00000000,0.00000000,0.00000000,0.00000000,0.00000000,0.00000000,0.00000000,0.00000000,0.00000000,0.00000000,0.00000000,0.00000000,0.00495007,0.00000000,0.00000000,0.00000000,0.00000000,0.00000000,0.00000000,0.00000000,0.00000000,0.00000000,0.00000000,0.00000000,0.00000000,0.16861793,0.00000000,0.03288778,0.00000000,0.00000000,0.01285957,0.00000000,0.00000000,0.00000000,0.00000000,0.00000000,0.00000000,0.00000000,0.00000000,0.00121504,0.00000000,0.00000000,0.00000000,0.00000000,1.17609087,0.00000000,0.00000000,0.00000000,0.00000000,0.00000000,0.00000000,0.86179702,0.00000000,0.00000000,0.00000000,0.00000000,0.00000000,0.00000000,0.00000000,0.00000000,0.00000000,0.00000000,0.05589429,0.00000000,0.00000000,0.00280423,0.00155113,0.00000000,0.00000000,0.00000000,0.00000000,0.00000000,0.14137307,0.00000000,0.00000000,0.00000000,0.00000000,0.00000000,0.00000000,0.00480185,0.00000000,0.00000000,0.00000000,0.00000000,0.00000000,0.00000000,0.00000000,0.00000000,0.00000000,0.00000000,0.00950372,0.00000000,0.00000000,0.00000000,0.00000000,0.00000000,0.00000000,0.00000000,0.00000000,0.00000000,0.00000000,0.00000000,0.00000000,0.00000000,0.00000000
0.00000000,0.00000000,0.00000000,0.00000000,0.00000000,0.01172505,0.00000000,0.00000000,0.00000000,0.00000000,0.00000000,0.00000000,0.00000000,0.00000000,0.00000000,0.00000000,0.00000000,0.00000000,0.00000000,0.02191688,0.00000000,0.00000000,0.00000000,0.00000000,0.00000000,0.00000000,0.00000000,0.00000000,0.00000000,0.00000000,0.00000000,0.00000000,0.00061932,0.00000000,0.00000000,0.00000000,0.00000000,0.00000000,0.00000000,0.00000000,0.00000000,0.00000000,0.00000000,0.00787989,0.00000000,0.04240364,0.00000000,0.00000000,0.00440733,0.00000000,0.00978792,0.00000000,0.00000000,0.07716642,0.00000000,0.00561210,0.00000000,0.00000000,0.05980807,0.00000000,0.00000000,0.00000000,0.00000000,0.00000000,0.00000000,0.00000000,0.00000000,0.00000000,0.00000000,0.00000000,0.00000000,0.00000000,0.00000000,0.00722134,0.00000000,0.00000000,0.00000000,0.00000000,0.00000000,0.00000000,0.00298670,0.00000000,0.00000000,0.00000000,0.00000000,0.00000000,0.00000000,0.00000000,0.00000000,0.00000000,0.00000000,0.00000000,0.00000000,0.00000000,0.00000000,0.00000000,0.00000000,0.00000000,0.00000000,0.00000000,0.00783136,0.00263108,0.01620587,0.00000000,0.00000000,0.00000000,0.00000000,0.04313453,0.00000000,0.00195059,0.00000000,0.00000000,0.00000000,0.00427696,0.00000000,0.00000000,0.00000000,0.00000000,0.00000000,0.00000000,0.00000000,0.00520704,0.00000000,0.00000000,0.00000000,0.00000000,0.00000000,0.00000000,1.78709324,0.00000000,0.00000000,0.00000000,0.00000000,0.00000000,0.00000000,0.00000000,0.00000000,0.00000000,0.00000000,0.00000000,0.00000000,0.00000000,0.00000000,0.01148049,0.00000000,0.00000000,0.00000000,0.00000000,0.00000000,0.00000000,0.00000000,0.00000000,0.00000000,0.01162383,0.00000000,0.05058599,0.00000000,0.00000000,0.00000000,0.00000000,0.00000000,0.00000000,0.00000000,0.00000000,0.29626491,0.00000000,0.00000000,0.00000000,0.00000000,0.00000000,0.00369825,0.00336493,0.00000000,0.01895163,0.00000000,0.00000000,0.00000000,0.00000000,0.00000000,0.00000000,0.00000000,0.00000000,0.00000000,0.00000000,0.00000000,0.00000000,0.00000000,0.00000000,0.00000000,0.00000000,0.00000000,0.00000000,0.00000000,0.00000000,0.00000000,0.00000000,0.00000000,0.00290121,0.00000000,0.00172296,0.00000000,0.00000000,0.00000000,0.00000000,0.00000000,0.00000000,0.00000000,0.00000000,0.00000000,0.04796671,0.00000000,0.00000000,0.00000000,0.00000000,0.04835441,0.00000000,0.00000000,0.00000000,0.00000000,0.00000000,0.00000000,0.00000000,0.00000000,0.00000000,0.00000000,0.00000000,0.00000000,0.00000000,0.00573178,0.00000000,0.00000000,0.00000000,0.00000000,0.00000000,0.00000000,0.00000000,0.00000000,0.00000000,0.00000000,0.00000000,0.00000000,0.00000000,0.00000000,0.00000000,0.00000000,0.00000000,0.00305156,0.00000000,0.00000000,0.00000000,0.00000000,0.00000000,0.00000000,0.00000000,0.00000000,0.00000000,0.00000000,0.04244838,0.00000000,0.00000000,0.00000000,0.00000000,0.00000000,0.00000000,0.00000000,0.00000000,0.00000000,0.00000000,0.00000000,0.00000000,0.01993731,0.00000000,0.00230918,0.00000000,0.00000000,0.00000000,0.00000000,0.00000000,0.00930137,0.34513295,0.01901742,0.00088965,0.00000000,0.00000000,0.00000000,0.00000000,0.00000000,0.00000000,0.00000000,0.00222800,0.00000000,0.00000000,0.11683711,0.00000000,0.00151819,0.02505821,0.00000000,0.00000000,0.00000000,0.00000000,0.00000000,0.00000000,0.00000000,0.00000000,0.00000000,0.00000000,0.00000000,0.00000000,0.01041895,0.00000000,0.00957704,0.02084292,0.00000000,0.00000000,0.00000000,0.00000000,0.00000000,0.00000000,0.00000000,0.00000000,0.00000000,0.00000000,0.00000000,0.00000000,0.00000000,1.98131468,0.00000000,0.00000000,0.00000000,0.00000000,0.00569727,0.00000000,0.00000000,0.00000000,0.04333765,0.00000000,0.00640251,0.00000000,0.00000000,0.00000000,0.00000000,0.00000000,0.00000000,0.00000000,0.00000000,0.00000000,0.00000000,0.00000000,0.00000000,0.00000000,0.00000000,0.00000000,0.00000000,0.00000000,0.00000000,0.00000000,0.00000000,0.00000000,0.00000000,0.00000000,0.00000000,0.00000000,0.00000000,0.01038477,0.00000000,0.00000000,0.00000000,0.00000000,0.00000000,0.00000000,0.00000000,0.00000000,0.00000000,0.00000000,0.18672508,0.00000000,0.00000000,0.00000000,0.00000000,0.00000000,0.00000000,0.00000000,0.00000000,0.00000000,0.00000000,0.00000000,0.00000000,0.00000000,0.00000000,0.00000000,0.00000000,0.00000000,0.00000000,0.00000000,0.00000000,0.00000000,0.00173603,0.00000000,0.16168454,0.00312751,0.00000000,0.00149716,0.00000000,0.01196904,0.00490279,0.00000000,0.00000000,0.00735883,0.00000000,0.00000000,0.00487456,0.00000000,0.00099827,0.00000000,0.00000000,0.00000000,0.00000000,0.00000000,0.00595376,0.00150039,0.00766187,0.00000000,0.00000000,1.06056834,0.00000000,0.00000000,0.00000000,0.00000000,0.00672411,0.00686765,0.00000000,0.01138781,0.00000000,0.00000000,0.00000000,0.00000000,0.00903085,0.00000000,0.00000000,0.00000000,0.00000000,0.00000000,0.00000000,0.00000000,0.00000000,0.00000000,0.00000000,0.00000000,0.00000000,0.00000000,0.00000000,0.00000000,0.00000000,0.00000000,0.00000000,0.00000000,0.00000000,0.00000000,0.00000000,0.00000000,0.00000000,0.00000000,0.00000000,0.00000000,0.00000000,0.01438443,0.00000000,0.00325647,0.00000000,0.00000000,0.00000000,0.01102323,0.00000000,0.00000000,0.00000000,0.00000000,0.00000000,0.00000000,0.14989488,0.00000000,0.00000000,0.00000000,0.00000000,0.00000000,0.00000000,0.00000000,0.00000000,0.00255153,0.00000000,0.00000000,0.00000000,0.00000000,0.00000000,0.02913515,0.00000000,0.00000000,0.00000000,0.00000000,0.03753479,0.00000000,0.00000000,0.00000000,0.00000000,0.00000000,0.00000000,0.00000000,0.00000000,0.00000000,0.00000000,0.00000000,0.00000000,0.00000000,0.00000000,0.00000000,0.00000000,0.00000000,0.00000000,0.00000000,0.00000000,0.00000000,0.00000000,0.00000000,0.00172857,0.00000000,0.00744456,0.00000000,0.00000000,0.00000000,0.00000000,0.00000000,0.00000000,0.00000000,0.16491147,0.00000000,0.00000000,0.00000000,0.00242678,0.00000000,0.00000000,0.00000000,0.00000000,0.00000000,0.00000000,0.00000000,0.00000000,0.00000000,0.00000000,0.00000000,0.00000000,0.00000000,0.00000000,0.00000000,0.00000000,0.00255034,0.00000000,0.00000000,0.00000000,0.00000000,0.00000000,0.00000000,0.00000000,0.00000000,0.00000000,0.00000000,0.00000000,0.00000000,0.00117957,0.00000000,0.00000000,0.00000000,0.00000000,0.00000000,0.00000000,0.00000000,0.01023270,0.00000000,0.00000000,0.00000000,0.00000000,0.00000000,0.00000000,0.00000000,0.00000000,0.00356387,0.00000000,0.00000000,0.00000000,0.00000000,0.00000000,0.00000000,0.00000000,0.00000000,0.00000000,0.00000000,0.00000000,0.04578664,0.00000000,0.00000000,0.00000000,0.00000000,0.00000000,0.00000000,0.00000000,0.00000000,0.00682419,0.00000000,0.00487971,0.00000000,0.00000000,0.00366517,0.00000000,0.00000000,1.44103389,0.00000000,0.00000000,0.00000000,0.00000000,0.00000000,0.00000000,0.00000000,0.00000000,0.00000000,0.00000000,0.00000000,0.00000000,0.01537804,0.00000000,0.00000000,0.00000000,0.00000000,0.00000000,0.00000000,0.00000000,0.00000000,0.00000000,0.00000000,0.00000000,0.00000000,0.00000000,0.01337213,0.00000000,0.00000000,0.00076568,0.00000000,0.02555619,0.00000000,0.00000000,0.00000000,0.02090780,0.00000000,0.00000000,0.01063738,0.00000000,0.00000000,0.00000000,0.04095365,0.00000000,0.00000000,0.00207268,0.05749664,0.00915974,0.00000000,0.00000000,0.00000000,0.00000000,0.00000000,0.00000000,0.00000000,0.00000000,0.00000000,0.00000000,0.18582725,0.00000000,0.00000000,0.00000000,0.00000000,0.00000000,0.02039306,0.00000000,0.00000000,0.00000000,0.00000000,0.00000000,0.00000000,0.00000000,0.00000000,0.00000000,0.00000000,0.00000000,0.00000000,0.00000000,0.00000000,0.00000000,0.00000000,0.00000000,0.07589945,0.00000000,0.00297450,0.00000000,0.00000000,0.00000000,0.00000000,0.00000000,0.00000000,0.00360822,0.00000000,0.00000000,0.00000000,0.00000000,0.00000000,0.00000000,0.00000000,0.00000000,0.00000000,0.00000000,0.00000000,0.00000000,0.00000000,0.00000000,0.00000000,0.00000000,0.00000000,0.00365630,0.00000000,0.00000000,0.00000000,0.00000000,0.00000000,0.00000000,0.00000000,0.00000000,0.00000000,0.02116593,0.00000000,0.00000000,0.00000000,0.00000000,0.00000000,0.00000000,0.00000000,0.00000000,0.00000000,0.00000000,0.00000000,0.00951053,0.00000000,0.00000000,0.00000000,0.00000000,0.00000000,0.00000000,0.00000000,0.00000000,0.00000000,0.00000000,0.00000000,0.00000000,0.00000000,0.00000000,0.00000000,0.00313465,0.01411444,0.00000000,0.00000000,0.00000000,0.01361360,0.03922365,0.00000000,0.00000000,0.00000000,0.00000000,0.00000000,0.00000000,0.00000000,0.00000000,0.00000000,0.00000000,0.00000000,0.00215220,0.00000000,0.00000000,0.00000000,0.00000000,0.00000000,0.00000000,0.00000000,0.00000000,0.06430728,0.00000000,0.00000000,0.00000000,0.00000000,0.00000000,0.00000000,0.00000000,0.00000000,0.00000000,0.00000000,0.00000000,0.00000000
0.00000000,0.00000000,0.00000000,0.00000000,0.00000000,0.00000000,0.00000000,0.00000000,0.00000000,0.00000000,0.00239377,0.00000000,0.00000000,0.00000000,0.00000000,0.00536296,0.00000000,0.00000000,0.00000000,0.00000000,0.00000000,0.00000000,0.00000000,0.00000000,0.00000000,0.75411255,0.00000000,0.00000000,0.00000000,0.00000000,0.00000000,0.00000000,0.00000000,0.00000000,0.14883310,0.00000000,0.00000000,0.00000000,0.00000000,0.00000000,0.00000000,0.00000000,0.00000000,0.00000000,0.00000000,0.00000000,0.21639219,0.00338268,0.00000000,0.00000000,0.00000000,0.00000000,0.00810039,0.00000000,0.00370193,0.00000000,0.00000000,0.00068731,0.00000000,0.00000000,0.00000000,0.00000000,0.00000000,0.08522786,0.00000000,0.00000000,0.00000000,0.00000000,0.00000000,0.00000000,0.00000000,0.00000000,0.00000000,0.00148115,0.00000000,0.00000000,0.00000000,0.00000000,0.00000000,0.00000000,0.00000000,0.00000000,0.81868676,0.00000000,0.00477384,0.00000000,0.00000000,0.00000000,0.00428591,0.00000000,0.00000000,0.00000000,0.00000000,0.00000000,0.00000000,0.03641832,0.00000000,0.00000000,0.00000000,0.00000000,0.00000000,0.00000000,0.00000000,0.00000000,0.00128749,0.00000000,0.00000000,0.00000000,0.00000000,0.00000000,0.00000000,0.00000000,0.00000000,0.00754278,0.00000000,0.00000000,0.00082275,0.00000000,0.00000000,0.00000000,0.00000000,0.00479559,0.00000000,0.00338958,0.00000000,0.00000000,0.01865386,0.00448481,0.00000000,0.00000000,0.00000000,0.00000000,0.01808378,0.01487739,0.00000000,0.00000000,0.00000000,0.00000000,0.00000000,0.00000000,0.00000000,0.00000000,0.00000000,0.00000000,0.00000000,0.00000000,2.42720519,0.00000000,0.00000000,0.01533525,0.00000000,0.00000000,0.00000000,0.00927064,0.00000000,0.00000000,0.00000000,0.00000000,0.00579776,0.00000000,0.00000000,0.00000000,0.00091822,0.00000000,0.00000000,0.00000000,0.00000000,0.00000000,0.54253899,0.03329213,0.00000000,0.00000000,0.00000000,0.00000000,0.00000000,0.00000000,0.00000000,0.00000000,0.00000000,0.03724171,0.00000000,0.00000000,0.00000000,0.00000000,0.00000000,0.00000000,0.00000000,0.00000000,0.00000000,0.00000000,0.00000000,0.00000000,0.00000000,0.00000000,0.00000000,0.00000000,0.00000000,0.00000000,0.00000000,0.00000000,0.00000000,0.00000000,0.00000000,0.00000000,0.00000000,0.00000000,0.00000000,0.00000000,0.00000000,0.07783210,0.00000000,0.00000000,0.00000000,0.00000000,0.00000000,0.08004729,0.00000000,0.00000000,0.00000000,0.00000000,0.00000000,0.00000000,0.00000000,0.00000000,0.00000000,0.00000000,0.00000000,0.00000000,0.00000000,0.00000000,0.00000000,0.00000000,0.00000000,0.00000000,0.00000000,0.00000000,0.00000000,0.00000000,0.00000000,0.00000000,0.00000000,0.00000000,0.00192513,0.00499379,0.00000000,0.00000000,0.00000000,0.00000000,0.00000000,0.00000000,0.00417374,0.00000000,0.00000000,0.00000000,0.00000000,0.00490486,0.00000000,0.00000000,0.00000000,0.00000000,0.02050341,0.03665771,0.00000000,0.00000000,0.00000000,0.00000000,0.00000000,0.00000000,0.00000000,0.00000000,0.00000000,0.00000000,0.00000000,0.00000000,0.00000000,0.00000000,0.00000000,0.00000000,0.00000000,0.00000000,0.02196119,0.00000000,0.00000000,1.39672467,0.00156230,0.00000000,0.00000000,0.00000000,0.00000000,0.00000000,0.00000000,0.00000000,0.00000000,0.00000000,0.00000000,0.00000000,0.00000000,0.00000000,0.00641753,0.00000000,0.00000000,0.00000000,0.00000000,0.00000000,0.00000000,0.00000000,0.00000000,0.00000000,0.00000000,0.00000000,0.00000000,0.00000000,0.00000000,0.00000000,0.00000000,0.00000000,0.00000000,0.00000000,0.00000000,0.00000000,0.00000000,0.00099674,0.01603098,0.00000000,0.00000000,0.00000000,0.03173176,0.00000000,0.00000000,0.00000000,0.00895913,0.00000000,0.00000000,0.00000000,0.00000000,0.00000000,0.00199294,0.02238162,0.00000000,0.00000000,0.00000000,0.00618772,0.00000000,0.00000000,0.00000000,0.00000000,0.00000000,0.00000000,0.00000000,0.00000000,0.00000000,0.00000000,0.00000000,0.00000000,0.00000000,0.05142408,0.00238415,0.00000000,0.00000000,0.00000000,0.00000000,0.00302742,0.00000000,0.00000000,0.00000000,0.00000000,0.00000000,0.00000000,0.00000000,0.00000000,0.00000000,0.00000000,0.00000000,0.00171348,0.00000000,0.00000000,0.00385483,0.00000000,0.00000000,0.00000000,0.00000000,0.00000000,0.00000000,0.00000000,0.00000000,0.00000000,0.00000000,0.00000000,0.00000000,0.00000000,0.00426929,0.00000000,0.00000000,0.01844030,0.00000000,0.00892257,0.00000000,0.00000000,0.00000000,0.00000000,0.00000000,0.51030596,0.00000000,0.00000000,0.00000000,0.00000000,0.00000000,0.02705743,0.00000000,0.00000000,0.00000000,0.00000000,0.00000000,0.00000000,0.00000000,0.00000000,0.00000000,0.09925572,0.00000000,0.00000000,0.03086427,0.00000000,0.00000000,0.00000000,0.02321413,0.00000000,0.00000000,0.00000000,0.00000000,0.00000000,0.00000000,0.00000000,0.00000000,0.00000000,0.00000000,0.00000000,0.00000000,0.00000000,0.00000000,0.00000000,0.00204763,0.00000000,0.00000000,0.00000000,0.00000000,0.00000000,0.00000000,0.00000000,0.00000000,0.00000000,0.00000000,0.00000000,0.00000000,0.00000000,0.00000000,0.00000000,0.00000000,0.00000000,0.00000000,0.00000000,0.00000000,0.00000000,0.00235408,0.00000000,0.00000000,0.00000000,0.00000000,0.00000000,0.00000000,0.00000000,0.00000000,0.00000000,0.00000000,0.00000000,0.00000000,0.00000000,0.00000000,0.00000000,0.00000000,0.00000000,0.00467609,0.00000000,0.00000000,0.00000000,0.00000000,0.00000000,0.00000000,0.00000000,0.00000000,0.00746774,0.00000000,0.00000000,0.00000000,0.00000000,0.00000000,0.00000000,1.37970792,0.00000000,0.00000000,0.00000000,0.00000000,0.00000000,0.00000000,0.00000000,0.00000000,0.00000000,0.00000000,0.00000000,0.00000000,0.00000000,0.00000000,0.00000000,0.00000000,0.00000000,0.02336155,0.00000000,0.00237427,0.00000000,0.00000000,0.00000000,0.00000000,0.00000000,0.00000000,0.00000000,0.00000000,0.00000000,0.00000000,0.00615483,0.00000000,0.00000000,0.01994627,0.00000000,0.02954870,0.00000000,0.00000000,0.01110764,0.00000000,0.00000000,0.00000000,0.00000000,0.00000000,0.00000000,0.00000000,0.00000000,0.00148551,0.00000000,0.00000000,0.00000000,0.00274048,0.00000000,0.00000000,0.00000000,0.00000000,0.00000000,0.00000000,0.00000000,0.00000000,0.00000000,0.00000000,0.00000000,0.00000000,0.00000000,0.00000000,0.00000000,0.00000000,0.00751530,0.00000000,0.00000000,0.00000000,0.00000000,0.00000000,0.00000000,0.00398318,0.02168565,0.00506016,0.00288064,0.00000000,0.00000000,0.00000000,0.00000000,0.00000000,0.00000000,0.00000000,0.00000000,0.00000000,0.00000000,0.00000000,0.02093318,0.00000000,0.00000000,0.00000000,0.00000000,0.00000000,0.00000000,0.00000000,0.00000000,0.00000000,0.00000000,0.00000000,0.00000000,0.01682058,0.00178686,0.00204535,0.00000000,0.00000000,0.00000000,0.00000000,0.00000000,0.00000000,0.00000000,0.00000000,0.00000000,0.00000000,0.00000000,0.03691925,0.00000000,0.00000000,0.02135231,0.00000000,0.00000000,0.00000000,0.00000000,0.00000000,0.00000000,0.00000000,0.00000000,0.00000000,0.00000000,0.00000000,0.00000000,0.00000000,0.00000000,0.00000000,0.00000000,0.00090998,0.00000000,0.00000000,0.00000000,0.00000000,0.00000000,0.00000000,0.00000000,0.00000000,0.00000000,0.00000000,0.00000000,0.00000000,0.00000000,0.00000000,0.00000000,0.06040564,0.00000000,0.00000000,0.00000000,0.01787508,0.00000000,0.00000000,0.00000000,0.00000000,0.00000000,0.00000000,0.00000000,0.00000000,0.00000000,0.00000000,0.00000000,0.00000000,0.00000000,0.00000000,0.00000000,0.00000000,0.00000000,0.00000000,0.00000000,0.00000000,0.00000000,0.00000000,0.00000000,0.00000000,0.00000000,0.00000000,0.00000000,0.00000000,0.00000000,0.10822559,0.03502167,0.00000000,0.00000000,0.00180463,0.00000000,0.00000000,0.00000000,0.00000000,0.00000000,0.04412305,0.00000000,0.00000000,0.00000000,0.00000000,0.00000000,0.00912215,0.00383790,0.00000000,0.00000000,0.00297932,0.00000000,0.00000000,0.00000000,0.00000000,0.00000000,0.00000000,0.00675862,0.00000000,0.00000000,0.00000000,0.00000000,0.02965863,0.00000000,0.00000000,0.00000000,0.00000000,0.00244353,0.00000000,0.00000000,0.00000000,0.00000000,0.00000000,0.01136735,0.00000000,0.00000000,0.00000000,0.00000000,0.00000000,0.00000000,0.00000000,0.00000000,0.00000000,0.00000000,0.00000000,0.00000000,0.00000000,0.00000000,0.00000000,0.00000000,0.00000000,0.00848296,0.00000000,0.00000000,0.00000000,0.00000000,0.00000000,0.00000000,0.00000000,0.11459539,0.00000000,0.00000000,0.00000000,0.02666701,0.00272055,0.00000000,0.00000000,0.00000000,0.00000000,0.00000000,0.00000000,0.00290652,0.02072669,0.00000000,0.00573637,0.00000000,0.00000000,0.00000000,0.00000000,0.00000000,0.00000000,0.00000000,0.02611801,0.00000000,0.00000000,0.00000000,0.00000000,0.00000000,0.00000000,0.00000000,0.00000000,0.00000000,0.00000000,0.00000000,0.00000000,0.00000000,0.05378472,0.00000000,0.00990970,0.00915110,0.00000000,0.00000000,0.00000000,0.00000000,0.00000000,0.24202931
0.00000000,0.00000000,0.00000000,0.00000000,0.00000000,0.00000000,0.00000000,0.00000000,0.00000000,0.00000000,0.00981814,0.00000000,0.00000000,0.00000000,0.00000000,0.00000000,0.19611608,0.00648168,0.00000000,0.00938943,0.00000000,0.00000000,0.00000000,0.00000000,0.00000000,0.07375533,0.00000000,0.00000000,0.00000000,0.00000000,0.00000000,0.00000000,0.00000000,0.00000000,0.00000000,0.00112494,0.00000000,0.00000000,0.00000000,0.00000000,0.00000000,0.00000000,0.00000000,0.00516157,0.00000000,0.00000000,0.00000000,0.00000000,0.00000000,2.23763387,0.00000000,0.00000000,0.00000000,0.00000000,0.00000000,0.00000000,0.00000000,0.00000000,0.02032901,0.00000000,0.00000000,0.00000000,0.00000000,0.00000000,0.00000000,0.00000000,0.00000000,0.00000000,0.00149014,0.00000000,0.00000000,0.00000000,0.00000000,0.00000000,0.00000000,0.00000000,0.00000000,0.00000000,0.00000000,0.01382418,0.00768684,0.00000000,0.00000000,0.00000000,0.00000000,0.00301274,0.06215057,0.00000000,0.00000000,0.00000000,0.00000000,0.00000000,0.00000000,0.00000000,0.00000000,0.19949862,0.00000000,0.00000000,0.00000000,0.00000000,0.00000000,0.00000000,0.00000000,0.00000000,0.00000000,0.00000000,0.60108196,0.00000000,0.02578650,0.00000000,0.00000000,0.00000000,0.00000000,0.00000000,0.00000000,0.00000000,0.00000000,0.00000000,0.00000000,0.00000000,0.00000000,0.00000000,0.00000000,0.00000000,0.00000000,0.00000000,0.00000000,0.00000000,0.00000000,0.00000000,0.00000000,0.00000000,0.00881185,0.00091095,0.00000000,0.00000000,0.00000000,0.00000000,0.00000000,0.00000000,0.00000000,0.00000000,0.00000000,0.00000000,0.00000000,0.00000000,0.00000000,0.00000000,0.01151852,0.00000000,0.00000000,0.00000000,0.00000000,0.00000000,0.00000000,0.00000000,0.00000000,0.00000000,0.00000000,0.00000000,0.00000000,0.00000000,0.00000000,0.00000000,0.00000000,0.00000000,0.00000000,0.00000000,0.00000000,0.00000000,0.00000000,0.00000000,0.00000000,0.00000000,0.00000000,0.00247123,0.00000000,0.00000000,0.00000000,0.00000000,0.00000000,0.00000000,0.00000000,0.00000000,0.00000000,0.00000000,0.00000000,0.00000000,0.00000000,0.00000000,0.00000000,0.00000000,0.00100217,0.00000000,0.00000000,0.00000000,0.00000000,0.00000000,0.00000000,0.00000000,0.00000000,0.00000000,0.00000000,0.00000000,0.00000000,0.00000000,0.00000000,0.00000000,0.00000000,0.00000000,0.00000000,0.00000000,0.00000000,0.00000000,0.00000000,0.00000000,0.00000000,0.00000000,0.00000000,0.00000000,0.00000000,0.00000000,0.00207208,0.00000000,0.00000000,0.00000000,0.00000000,0.00000000,0.00000000,0.00000000,0.00580474,0.00000000,0.00385416,2.24475311,0.00000000,0.00000000,0.00000000,0.00000000,0.00000000,0.00000000,0.00000000,0.00000000,0.00000000,0.00000000,0.00000000,0.29768280,0.20532131,0.00583950,0.00000000,0.00000000,0.00205782,0.00000000,0.00000000,0.00000000,0.00000000,0.00000000,0.00000000,0.00000000,0.00360376,0.00000000,0.00000000,0.00000000,0.00000000,0.00000000,0.00000000,0.00000000,0.00000000,0.00680215,0.00000000,0.00348894,0.00000000,0.02690932,0.00000000,0.00000000,0.05912382,0.00000000,0.00000000,0.00000000,0.00000000,0.00743605,0.00000000,0.00000000,0.00000000,0.00000000,0.00000000,0.00000000,0.00000000,0.00000000,0.00000000,0.00000000,0.00000000,0.00000000,0.00000000,0.00000000,0.00000000,0.00000000,0.00000000,0.00000000,0.00000000,0.00000000,0.00000000,0.04785722,0.00000000,0.00000000,0.00000000,0.01505914,0.00000000,0.00000000,0.00000000,0.00000000,0.00000000,0.00000000,0.00000000,0.00000000,0.00000000,0.00000000,0.00000000,0.00000000,0.07876052,0.00000000,0.00000000,0.03533699,0.00736287,0.00000000,0.00000000,0.00000000,0.00000000,0.00000000,0.00000000,0.00000000,0.00000000,0.00000000,0.00309551,0.00000000,0.03889906,0.00000000,0.00000000,0.00000000,0.04134789,0.00000000,0.00000000,0.00000000,0.00000000,0.00000000,0.00000000,0.00000000,0.00000000,0.00115673,0.00000000,0.00000000,0.00000000,0.00000000,0.00087092,0.00653576,0.00000000,0.03272464,0.00000000,0.00000000,0.00000000,0.00000000,0.00000000,0.06675079,0.00000000,0.00000000,0.00000000,0.00000000,0.00000000,0.00000000,0.00000000,0.08945243,0.00000000,0.00000000,0.00000000,0.00000000,0.00000000,0.00000000,0.00000000,0.00755448,0.05340410,0.00000000,0.00000000,0.00433280,0.00000000,0.00000000,0.00000000,0.00000000,0.01314729,0.00000000,0.00000000,0.03098101,0.00000000,0.00000000,0.00000000,0.00000000,0.00000000,0.00000000,0.00000000,0.00000000,0.00000000,0.00000000,0.00000000,0.00000000,0.00000000,0.00000000,0.00000000,0.00000000,0.00000000,0.01742946,0.01245976,0.00000000,0.00000000,0.00000000,0.00000000,0.00000000,0.00000000,0.00000000,0.00000000,0.00000000,0.00000000,0.00000000,0.00000000,0.00000000,0.00000000,1.38783838,0.00000000,0.08967949,0.00000000,0.00000000,0.00000000,0.00000000,0.00000000,0.00000000,0.08557645,0.00000000,0.00000000,0.00000000,0.00000000,0.00000000,0.00000000,0.00000000,0.00000000,0.00098873,0.00000000,0.00000000,0.00000000,0.01864504,0.00000000,0.02657754,0.00000000,0.00000000,0.00000000,0.00000000,0.00000000,0.00000000,0.00000000,0.00000000,0.00340523,0.00493627,0.00000000,0.00000000,0.00000000,0.00000000,0.00000000,0.00000000,0.00000000,0.00000000,0.00000000,0.00000000,0.01526576,0.00000000,0.00000000,0.00402777,0.00000000,0.00000000,0.00000000,0.00000000,0.00000000,0.21732138,0.00110143,0.00000000,0.00000000,0.00000000,0.00000000,0.00000000,0.00000000,0.00000000,0.00000000,0.00000000,0.00000000,0.00700498,0.00000000,0.00000000,0.00000000,0.00074092,0.00000000,0.00000000,0.00000000,0.00000000,0.00000000,0.00000000,0.00000000,0.00000000,0.01231502,0.00000000,0.00000000,0.00000000,0.00540092,0.00000000,0.00000000,0.00000000,0.00000000,0.00000000,0.02601020,0.00000000,0.00000000,0.00000000,0.00000000,0.00000000,0.00000000,0.00155710,0.02208654,0.00000000,0.00000000,0.00000000,0.00000000,0.00000000,0.00000000,0.00000000,0.01590156,0.00000000,0.00000000,0.00000000,0.00000000,0.00000000,0.00000000,0.00000000,0.00000000,0.00000000,0.00000000,0.00000000,0.00000000,0.00000000,0.00000000,0.02117363,0.00000000,0.00000000,0.00000000,0.00000000,0.00000000,0.00000000,0.00000000,0.00000000,0.00000000,0.00000000,0.00494810,0.03150951,0.00294179,0.00000000,0.00000000,0.00000000,0.08077927,0.00000000,0.00000000,0.00000000,0.00000000,0.00000000,1.09216950,0.00000000,0.00000000,0.00000000,0.00000000,0.00000000,0.05875943,0.00000000,0.00000000,0.02154474,0.00000000,0.00000000,0.00000000,0.00000000,0.00000000,0.00000000,0.00000000,0.00000000,0.00786906,0.00000000,0.00000000,0.00000000,0.00000000,0.00000000,0.00000000,0.00000000,0.00000000,0.00000000,0.00000000,0.00161828,0.00000000,0.00000000,0.00000000,0.00000000,0.00000000,0.00000000,0.00000000,0.00000000,0.02477088,0.00000000,0.00000000,0.00000000,0.01953681,0.00000000,0.00000000,0.00000000,0.00000000,0.00000000,0.00000000,0.00000000,0.00000000,0.00000000,0.00000000,0.00000000,0.01006736,0.00000000,0.00000000,0.00000000,0.00000000,0.00000000,0.00000000,0.00000000,0.00000000,0.00000000,0.00000000,0.00109301,0.00000000,0.00000000,0.00000000,0.00000000,0.00000000,0.00000000,0.00000000,0.00000000,0.00000000,0.00000000,0.00000000,0.00097652,0.00000000,0.00000000,0.00000000,0.00000000,0.00000000,0.00000000,0.00000000,0.01145696,0.00178216,0.00000000,0.00000000,0.00000000,0.00000000,0.00000000,0.00000000,0.00000000,0.01301858,0.00000000,0.00000000,0.00000000,0.00000000,0.00000000,0.00000000,0.00190642,0.03628689,0.00000000,0.00316761,0.00000000,0.00000000,0.00000000,0.00000000,0.01238876,0.03179264,0.00000000,0.00000000,0.01395789,0.00000000,0.00000000,0.00000000,0.00000000,0.00000000,0.00000000,0.00000000,0.00000000,0.00000000,0.00000000,0.00000000,0.00000000,0.00000000,0.00000000,0.00000000,0.00000000,0.00000000,0.01276008,0.00265104,0.00000000,0.00000000,0.00000000,0.00000000,0.00000000,0.00658559,0.00000000,0.00000000,0.00000000,0.00000000,0.00000000,0.00000000,0.00000000,0.00000000,0.00000000,0.00000000,0.00000000,0.00000000,0.00000000,0.00000000,0.00364083,0.00000000,0.00000000,0.00000000,0.00000000,0.00000000,0.00000000,0.00000000,0.00000000,0.00000000,0.00000000,0.00000000,0.00000000,0.00000000,0.00000000,0.00000000,0.00000000,0.00000000,0.00000000,0.00000000,0.00000000,0.00754421,0.05422934,0.00000000,0.00000000,0.00000000,0.00596963,0.00000000,0.00000000,0.00000000,0.00000000,0.00000000,0.00000000,0.00000000,0.00000000,0.00000000,0.00000000,0.01624377,0.00000000,0.00000000,0.00000000,0.00000000,0.00000000,0.00000000,0.00000000,0.00000000,0.00000000,0.01217192,0.00000000,0.00928427,0.31523758,0.00000000,0.00000000,0.00936616,0.00000000,0.00000000,0.00000000,0.00000000,0.00000000,0.00000000,0.00000000,0.00000000,0.00000000,0.00000000,0.00000000,0.00000000,0.00000000,0.00000000,0.00000000,0.00000000,0.00000000,0.00000000,0.00000000,0.00000000,0.00000000,0.00000000,0.00000000,0.00000000,0.02222690,0.00000000,0.00000000
0.00000000,0.00000000,0.00000000,0.00000000,0.00000000,0.00000000,0.00000000,0.00000000,0.00000000,0.00000000,0.00000000,0.00000000,0.00000000,0.00000000,0.00147288,0.00210149,0.00000000,0.00000000,0.00000000,0.00000000,0.00000000,0.00000000,0.00000000,0.00000000,0.00000000,0.00000000,0.00000000,0.00000000,0.00000000,0.00000000,0.00000000,0.00000000,0.00000000,0.00000000,0.40757195,0.00000000,0.00000000,0.00000000,0.01087811,0.00000000,0.00000000,0.00000000,0.00000000,0.00000000,0.00000000,0.00000000,0.00000000,3.45818102,0.00000000,0.00000000,0.00000000,0.00000000,0.00406067,0.02096137,0.00000000,0.00000000,0.00000000,0.00000000,0.00000000,0.00000000,0.00000000,0.00000000,0.00000000,0.00000000,0.00000000,0.00000000,0.00000000,0.00000000,0.00000000,0.00000000,0.00000000,0.00000000,0.00000000,0.00000000,0.28271741,0.00000000,0.00214292,0.00000000,0.00000000,0.01605909,0.00000000,0.00000000,0.00227801,0.01689233,0.00521216,0.00000000,0.01154821,0.00000000,0.00000000,0.00740632,0.05708603,0.02608001,0.00000000,0.00000000,0.00000000,0.00000000,0.00000000,0.00000000,0.00801964,0.00000000,0.00000000,0.00000000,0.00000000,0.02389526,0.00000000,0.00000000,0.00000000,0.00000000,0.04333715,0.00000000,0.00000000,0.00000000,0.00000000,0.01483418,0.00000000,0.00000000,0.00000000,0.00000000,0.00000000,0.11775594,0.00000000,0.00000000,0.00000000,0.00000000,0.00000000,0.00000000,0.00000000,0.00000000,0.00000000,0.00000000,0.00000000,0.00000000,0.00000000,0.00000000,0.00000000,0.00000000,0.00000000,0.00000000,0.00000000,0.00000000,0.00000000,0.00000000,0.00000000,0.00000000,0.00269665,0.00000000,0.00000000,0.00000000,0.00000000,0.00000000,0.02802442,0.00000000,0.00000000,0.00000000,0.00000000,0.00000000,0.00000000,0.00000000,0.00000000,0.00000000,0.00000000,0.00955254,0.00000000,0.00000000,0.00000000,0.00000000,0.00000000,0.00199522,0.00000000,0.00000000,0.00000000,0.05812403,0.00000000,0.00000000,0.00000000,0.00000000,0.00000000,0.00000000,0.00000000,0.00375012,0.46962473,0.00000000,0.00000000,0.00000000,0.00071433,0.00000000,0.00000000,0.00000000,0.00000000,0.01690871,0.00000000,0.00000000,0.00000000,0.00000000,0.00000000,0.00000000,0.00000000,0.00000000,0.00000000,0.00000000,0.00000000,0.00000000,0.00000000,0.00000000,0.00000000,0.00000000,0.01438788,0.00000000,0.08395317,0.00000000,0.00000000,0.00000000,0.00000000,0.00000000,0.00000000,0.00000000,0.00000000,0.09350699,0.00156008,0.00000000,0.02211900,0.00000000,0.00354999,0.00000000,0.00046510,0.00000000,0.00000000,0.00000000,0.00000000,0.00000000,0.00000000,0.01031849,0.00000000,0.00000000,0.00000000,0.01163439,0.00000000,0.00000000,0.00000000,0.01059854,0.00000000,0.00000000,0.00000000,0.00000000,0.00000000,0.00000000,0.00000000,0.00000000,0.00000000,0.00000000,0.00000000,0.00000000,0.00000000,0.00000000,0.00000000,0.00000000,0.00000000,0.00000000,0.00000000,0.00000000,0.00000000,0.00000000,0.00000000,0.03251469,0.00000000,0.00947339,0.01276101,0.00000000,0.00000000,0.02979229,0.00000000,0.00000000,0.00000000,0.00000000,0.00000000,0.00000000,0.00000000,0.00000000,0.00127439,0.00000000,0.00000000,0.00229742,0.00000000,0.00000000,0.12892513,0.00000000,0.00000000,0.00000000,0.00000000,0.00000000,0.00000000,0.00000000,0.00000000,0.00000000,0.00000000,0.00000000,0.00000000,0.00000000,0.00000000,0.00000000,0.00000000,0.02163020,0.00000000,0.00000000,0.00000000,0.00000000,0.00000000,0.00000000,0.00000000,0.00000000,0.00000000,0.00000000,0.00000000,0.01178327,0.04210758,0.00000000,0.03453165,0.03215182,0.17246166,0.00000000,0.00000000,0.00000000,0.00000000,0.00000000,0.00000000,0.00000000,0.00000000,0.00453254,0.00000000,0.00000000,0.00000000,0.00000000,0.14914865,0.00000000,0.00000000,0.00000000,0.00000000,0.00310750,0.00000000,0.00000000,0.00000000,0.01240807,0.00000000,0.05139588,0.00000000,0.00000000,0.00000000,0.00000000,0.00000000,0.00000000,0.00000000,0.00000000,0.00000000,0.00000000,0.00000000,0.00000000,0.00000000,0.00000000,0.00000000,0.00000000,0.04908297,0.00000000,0.00000000,0.00000000,0.00000000,0.00000000,0.00000000,0.00000000,0.00000000,0.00000000,0.00000000,0.00000000,0.00000000,0.00000000,0.00000000,0.00000000,0.00000000,0.00000000,0.00000000,0.00000000,0.00000000,0.00000000,0.00000000,0.00000000,0.02623759,0.00000000,0.14878005,0.00000000,0.00000000,0.00000000,0.00000000,0.00000000,0.01773192,0.00000000,0.00000000,0.00000000,0.00000000,0.00000000,0.00000000,0.00000000,0.00000000,0.00000000,0.00000000,0.00000000,0.00000000,0.00000000,0.00000000,0.00000000,0.00000000,0.00000000,0.00000000,0.00000000,0.02204847,0.00000000,0.00000000,0.00000000,1.39192708,0.00000000,0.00000000,0.00000000,0.00000000,0.00000000,0.00000000,0.02681767,0.00000000,0.00000000,0.00000000,0.00000000,0.00000000,0.00000000,0.00000000,0.00000000,0.00000000,0.00000000,0.00000000,0.00000000,0.00093287,0.00000000,0.00000000,0.00000000,0.00000000,0.00000000,0.00000000,0.00000000,0.00000000,0.00000000,0.03259651,0.00737368,0.00000000,0.00000000,0.02312078,0.00000000,0.00000000,0.00000000,0.03515620,0.00000000,0.00000000,0.00000000,0.00000000,0.00000000,0.00000000,0.00000000,0.00000000,0.00000000,0.00000000,0.00000000,0.00000000,0.00000000,0.00000000,0.00000000,0.00000000,0.00000000,0.00176748,0.00000000,0.00000000,0.00000000,0.00000000,0.00000000,0.00000000,0.00000000,0.00000000,0.00000000,0.01762602,0.00000000,0.13834948,0.00000000,0.00000000,0.00000000,0.22047212,0.00000000,0.00825154,0.00000000,0.00000000,0.01816277,0.00000000,0.00000000,0.00000000,0.00000000,0.00000000,0.00000000,0.00961660,0.00000000,0.00000000,0.00000000,0.00000000,0.00000000,0.00000000,0.00000000,0.00000000,0.00000000,0.00000000,0.00000000,0.00000000,0.00000000,0.00000000,0.94679941,0.00000000,0.00000000,0.08106054,0.00000000,0.00665372,0.00000000,0.00000000,0.00000000,0.00000000,0.00000000,0.00000000,0.00000000,0.00000000,0.00000000,0.00000000,0.00000000,0.00000000,0.00000000,0.00000000,0.00000000,0.00000000,0.00000000,0.00000000,0.00000000,0.00000000,0.00000000,0.00000000,0.00000000,0.00000000,0.00000000,0.00000000,0.00000000,0.00000000,0.00000000,0.00000000,0.00000000,0.00000000,0.00000000,0.00000000,0.56552077,0.00000000,0.00000000,0.00000000,0.00000000,0.00000000,0.00534813,0.00000000,0.00452561,0.00000000,0.00000000,0.00000000,0.00000000,0.00000000,0.00000000,0.00303596,0.00000000,0.00000000,0.00000000,0.00000000,0.00000000,0.00000000,0.00000000,0.00000000,0.00000000,0.11284223,0.00000000,0.00000000,0.00000000,0.00000000,0.65771833,0.00000000,0.00000000,0.00000000,0.00000000,0.00000000,0.00175797,0.08028644,0.00000000,0.00000000,0.00000000,0.00000000,0.00000000,0.00133731,0.00000000,0.00000000,0.00000000,0.00000000,0.00000000,0.00000000,0.00000000,0.00000000,0.00000000,0.00000000,0.00000000,0.00000000,0.00000000,0.00000000,0.00000000,0.00000000,0.00000000,0.00000000,0.00000000,0.00000000,0.00000000,0.00000000,0.00000000,0.00000000,0.00000000,0.00000000,0.00000000,0.00000000,0.00000000,0.00000000,0.00000000,0.00197378,0.00000000,0.00000000,0.00000000,0.00000000,0.00000000,0.00000000,0.00000000,0.08517524,0.00000000,0.00000000,0.00000000,0.00000000,0.01464847,0.00745109,0.00000000,0.00415512,0.00000000,0.00000000,0.00000000,0.00000000,0.00000000,0.00000000,0.00000000,0.00287689,0.00268658,0.07400062,0.00000000,0.00000000,0.00000000,0.00000000,0.00000000,0.00000000,0.00000000,0.00000000,0.00000000,0.00132885,0.00000000,0.00000000,0.00000000,0.00000000,0.00000000,0.02685911,0.44244021,0.00000000,0.00000000,0.00000000,0.00000000,0.00000000,0.00000000,0.00000000,0.00000000,0.00000000,0.00000000,0.00000000,0.00000000,0.00000000,0.00000000,0.00000000,0.00000000,0.00000000,0.00000000,0.00000000,0.00000000,0.00000000,0.00000000,0.00000000,0.00000000,0.00000000,0.00000000,0.00000000,0.00000000,0.00000000,0.00000000,0.00259062,0.15177871,0.00000000,0.00000000,0.02334517,0.00000000,0.00000000,0.00000000,0.00341457,0.13227684,0.00000000,0.00000000,0.00000000,0.00000000,0.00000000,0.00000000,0.00000000,0.00000000,0.00000000,0.00000000,0.01101809,0.00000000,0.00000000,0.00000000,0.00818231,0.00000000,0.00000000,0.00000000,0.00000000,0.02751816,0.00000000,0.00000000,0.00000000,0.00000000,0.00000000,0.00000000,0.00000000,0.00000000,0.00000000,3.69735716,0.00000000,0.00000000,0.00000000,0.00000000,0.00000000,0.00000000,0.00000000,0.00000000,0.00000000,0.00000000,0.00000000,0.00000000,0.00000000,0.00000000,0.00000000,0.00000000,0.00000000,0.00000000,0.00000000,0.00000000,0.00000000,0.00000000,0.00000000,0.00000000,0.00000000,0.00000000,0.00000000,0.00000000,0.00000000,0.00000000,0.00000000,0.00000000,0.00000000,0.00000000,0.00000000,0.00000000,0.00000000,0.00000000,0.00000000,0.01306963,0.00000000,0.00079042,0.00000000,0.00000000,0.00000000,0.00000000,0.00000000,0.00000000,0.00000000,0.00000000,0.07255307,0.00000000,0.00000000,0.00626916,0.00000000,0.00000000
0.00000000,0.00134033,0.00112892,0.00000000,0.00000000,0.00000000,0.00000000,0.00000000,0.00000000,0.00000000,0.00000000,0.01193661,0.00000000,0.00000000,0.00000000,0.00000000,0.00000000,0.00000000,0.00000000,0.00000000,0.00000000,0.00000000,0.00000000,0.00000000,0.00000000,0.03633521,0.00000000,0.00000000,0.00000000,0.00000000,0.01659042,0.01170265,0.00000000,0.00000000,0.16366613,0.00000000,0.00341426,0.00000000,0.00000000,0.00000000,0.00000000,0.00000000,0.00000000,0.00000000,0.00000000,0.00545197,0.00000000,0.00000000,0.00000000,0.00000000,0.00000000,0.00000000,0.00000000,0.00000000,0.00000000,0.00000000,0.00223878,0.00000000,0.00000000,0.00000000,0.00000000,0.00000000,0.00000000,0.00000000,0.00000000,0.08164368,0.00000000,0.01141320,0.00000000,0.00000000,0.00000000,0.00000000,0.00000000,0.00000000,0.00000000,0.00000000,0.00000000,0.00846621,0.00000000,0.00000000,0.00000000,0.00000000,0.00000000,0.00000000,0.00000000,0.00000000,0.00000000,0.19200037,0.00000000,0.00000000,0.00000000,0.00000000,0.00000000,0.00000000,0.00000000,0.00000000,0.00000000,0.00000000,0.00000000,0.00000000,0.00000000,0.00000000,0.00000000,0.00000000,0.00000000,0.00000000,0.00000000,0.00000000,0.00000000,0.00000000,0.00000000,0.00000000,0.00000000,0.00000000,0.00000000,0.00000000,0.00000000,0.00000000,0.00000000,0.02481861,0.00000000,0.00000000,0.00000000,0.00000000,0.00000000,0.00000000,0.00000000,0.00000000,0.00000000,0.01144932,0.00000000,0.00000000,0.00362104,0.00000000,0.00000000,0.00000000,0.24320573,0.00000000,0.00000000,0.00000000,0.00000000,0.00000000,0.00000000,0.00000000,0.00000000,0.00000000,0.00000000,0.00000000,0.00000000,0.00000000,0.00000000,0.00000000,0.00000000,0.00000000,0.00000000,0.00000000,0.00000000,0.00000000,0.00437094,0.00250377,0.00000000,0.00000000,0.00000000,0.00000000,0.00000000,0.00000000,0.00000000,0.00000000,0.00000000,0.00000000,0.00000000,0.00000000,0.00000000,0.00000000,0.01716398,0.00000000,0.00000000,0.00000000,0.00000000,0.00000000,0.00626802,0.07979834,0.00000000,0.00000000,0.00000000,0.00000000,0.00000000,2.70068940,0.00000000,0.00000000,0.00999370,0.00000000,0.00000000,0.00000000,0.00000000,0.00580239,0.00000000,0.00000000,0.00000000,0.00000000,0.00000000,0.00000000,0.00000000,1.26713999,0.00000000,0.00000000,0.00000000,0.01220026,0.00000000,0.00000000,0.00000000,0.00000000,0.00000000,0.00000000,0.00000000,0.01768406,0.00000000,0.00000000,0.00000000,0.00000000,0.00000000,0.00000000,0.00779164,0.00450268,0.00000000,0.00000000,0.00000000,0.00000000,0.00000000,0.00000000,0.00000000,0.00000000,0.00000000,0.00000000,0.00000000,0.01047173,0.00000000,0.00000000,0.00000000,0.00000000,0.00000000,0.00000000,0.00000000,0.00000000,0.00000000,0.00000000,0.00000000,0.00000000,0.00000000,0.00000000,0.00000000,0.00000000,0.00000000,0.05339878,0.00000000,0.00000000,0.00000000,0.00000000,0.00000000,0.00000000,0.00000000,0.00000000,0.00000000,0.34605148,0.00341652,0.00750295,0.00000000,0.00000000,0.00000000,0.00324071,0.00000000,0.00102493,0.00000000,0.00339071,0.00000000,0.00000000,0.00000000,0.00000000,0.00000000,0.00000000,0.00000000,0.00000000,0.00000000,0.00000000,0.00000000,0.00000000,0.00000000,0.00000000,0.03669612,0.00000000,0.00000000,0.00000000,0.00000000,0.00000000,0.00477688,0.00000000,0.00000000,0.00000000,0.00000000,0.00000000,0.00000000,0.00000000,0.00747885,0.00000000,0.00000000,0.00000000,0.00000000,0.00524758,0.00000000,0.00000000,0.00000000,0.00000000,0.00000000,0.00113072,0.00000000,0.00000000,0.00000000,0.00000000,0.00000000,0.00000000,0.00000000,0.00000000,0.00000000,0.04191275,0.00000000,0.00000000,0.00000000,0.00000000,0.00000000,0.00000000,0.00000000,0.00404993,0.00000000,0.00000000,0.00000000,0.00000000,0.00000000,0.02189848,0.00000000,0.00000000,0.00000000,0.00000000,0.00000000,0.00795263,0.00000000,0.00000000,0.00000000,0.00941705,0.00000000,0.00000000,0.00087092,0.00000000,0.00000000,0.00000000,0.00000000,0.00000000,0.00000000,0.00000000,0.00000000,0.06997905,0.00000000,0.00000000,0.18545509,0.00000000,0.00000000,0.00000000,0.00000000,0.00000000,0.00144078,0.00000000,0.00000000,0.00000000,0.00000000,0.00000000,0.00805107,0.00000000,0.00000000,0.01169836,0.00000000,0.00000000,0.00000000,0.00000000,0.00000000,0.00000000,0.00000000,0.00000000,0.00000000,0.10230320,0.00000000,0.00000000,1.05453153,0.00000000,0.00000000,0.11329363,0.00000000,0.00293203,0.00000000,0.00000000,0.00000000,0.01268391,0.00000000,0.00000000,0.00000000,0.00000000,0.00000000,0.00000000,0.00000000,0.00000000,0.00000000,0.00000000,0.01610241,0.00000000,0.00000000,0.00000000,0.00000000,0.00000000,0.00000000,0.00000000,0.00000000,0.00000000,0.00000000,0.00000000,0.00000000,0.00000000,0.00000000,0.00000000,0.00385902,0.00000000,0.00000000,0.00000000,0.00000000,0.00000000,0.00000000,0.00000000,0.00000000,0.00000000,0.00000000,0.00000000,0.00000000,0.00000000,0.00305447,0.00000000,0.00570783,0.00000000,0.00000000,0.04758776,0.00000000,0.00000000,0.00000000,0.00000000,0.00000000,0.00000000,0.00000000,0.00000000,1.15670803,0.00000000,0.00076033,0.00000000,0.00690031,0.00000000,0.00000000,0.00000000,0.00000000,0.00000000,0.00000000,0.00000000,0.00000000,0.00000000,0.00000000,0.00000000,0.00000000,0.00000000,0.00000000,0.00000000,0.01125174,0.00000000,0.00711509,0.00641918,0.03245557,0.00000000,0.00000000,0.00000000,0.00000000,0.00000000,0.00000000,0.13801580,0.00000000,0.00000000,0.00000000,0.00000000,0.00000000,0.00000000,0.00000000,0.00000000,0.00000000,0.00000000,0.00000000,0.00000000,0.00000000,0.00000000,0.00000000,0.00000000,0.00000000,0.00000000,0.00000000,0.00000000,0.00000000,0.00000000,0.00000000,0.00000000,0.00000000,0.02821252,0.00000000,0.00000000,0.00196143,0.00000000,0.00000000,0.00000000,0.00000000,0.01077115,0.00000000,0.00245012,0.00000000,0.00000000,0.00000000,0.00921227,0.00000000,0.07215937,0.00000000,0.00000000,0.00000000,0.00000000,0.00350835,0.00000000,0.00000000,0.00000000,0.00000000,0.00000000,0.00000000,0.00000000,0.00000000,0.00000000,0.00000000,0.00000000,0.00000000,0.00000000,0.00000000,0.00000000,0.00000000,0.00000000,0.00000000,0.00000000,0.00000000,0.00000000,0.00000000,0.00000000,0.00689354,0.00000000,0.00477833,0.00000000,0.01522542,0.00000000,0.00000000,0.00000000,0.01951786,0.00000000,0.00000000,0.00000000,0.00157130,0.00000000,0.00000000,0.00000000,0.00000000,0.00000000,0.00000000,0.00412669,0.00000000,0.00000000,0.00766814,0.00000000,0.00000000,0.00000000,0.00000000,0.00000000,0.00000000,0.00000000,0.00000000,0.00000000,0.00000000,0.00000000,0.00000000,0.00000000,0.00000000,0.00000000,0.00000000,0.00000000,0.00000000,0.00000000,0.00000000,0.00000000,0.01708021,0.00000000,0.00000000,0.00000000,0.00000000,0.00000000,0.00000000,0.00000000,0.00000000,0.00000000,0.00000000,0.00000000,0.00000000,0.00000000,0.00000000,0.00000000,0.00000000,0.00000000,0.00000000,0.00000000,0.00000000,0.00000000,0.00292962,0.00000000,0.00000000,0.00000000,0.00000000,0.00000000,0.00000000,0.00000000,0.00000000,0.05053939,0.00000000,0.00000000,0.00000000,0.00000000,0.00000000,0.00000000,0.00000000,0.00000000,0.00000000,0.00093372,0.00000000,0.00000000,0.00000000,0.00000000,0.00000000,0.00000000,0.00000000,0.00000000,0.00000000,0.00000000,0.00000000,0.00000000,0.00000000,0.38789381,0.00000000,0.00000000,0.00000000,0.00000000,0.00000000,0.00000000,0.00000000,0.00000000,0.00000000,0.00000000,0.00000000,0.00000000,0.00000000,0.00000000,0.00000000,0.00331289,0.04380177,0.00000000,0.00000000,0.00000000,0.00321404,0.01794922,0.00000000,0.00000000,0.01919296,0.00000000,0.00000000,0.00000000,0.00000000,0.00000000,0.00000000,0.00000000,0.00000000,0.00318830,0.23649009,0.00096956,0.00000000,0.00000000,0.00117629,0.00000000,0.00000000,0.00000000,0.00000000,0.00266675,0.00000000,0.00000000,0.00000000,0.00000000,0.00000000,0.00000000,0.00000000,0.00000000,0.00000000,0.00144707,0.00000000,0.00000000,0.00000000,0.00000000,0.00000000,0.00000000,0.00589422,0.00000000,0.00000000,0.00000000,0.00000000,0.00000000,0.00000000,0.00000000,0.00196496,0.00000000,0.00324615,0.00000000,0.00000000,0.00000000,0.00000000,0.00000000,0.00000000,0.00000000,0.00000000,0.00000000,0.01769298,0.00000000,0.00000000,0.00000000,0.00000000,0.03249334,0.00000000,0.00000000,0.00000000,0.00000000,0.00000000,0.00000000,0.00000000,0.00000000,0.00000000,0.00000000,0.00000000,0.00000000,0.00000000,0.00000000,0.03036249,0.00000000,0.00000000,0.00000000,0.00000000,0.00000000,0.00000000,0.00000000,0.00000000,0.00000000,0.00000000,0.08348350,0.00000000,0.00000000,0.00000000,0.00000000,0.00000000,0.00000000,0.00000000,0.00000000,0.00000000,0.00000000,0.00000000,0.01214890,0.00000000,0.00303679,0.00000000,0.00000000,0.00000000,0.00000000,0.00000000,0.00000000,0.00000000,0.00000000,0.00000000,0.00532118,0.00000000,0.00000000,0.00000000,0.00000000,0.00000000,0.00547158,0.00000000,0.00000000
0.08206305,0.00304596,0.00000000,0.00000000,0.00000000,0.00000000,0.00000000,0.00000000,0.00114669,0.00000000,0.01632021,0.00000000,0.00000000,0.00000000,0.00000000,0.00000000,0.00000000,0.00000000,0.00000000,0.00000000,0.00000000,0.00000000,0.02738106,0.00000000,0.00308262,0.00000000,0.00000000,0.00000000,0.00253151,0.00000000,0.02181588,0.00000000,0.00000000,0.00000000,0.00000000,0.00000000,0.00000000,0.00000000,0.00000000,0.00000000,0.00000000,0.02147052,0.00000000,0.00000000,0.00000000,0.00000000,0.00000000,0.00000000,0.00000000,0.00000000,0.00000000,0.00108948,0.00000000,0.00000000,0.00000000,0.00000000,0.00400499,0.00000000,0.00000000,0.00000000,0.00000000,0.00000000,0.00000000,0.00000000,0.00000000,0.00000000,0.00000000,0.00000000,0.00000000,0.01794785,0.00000000,0.00000000,0.00000000,0.00000000,0.00000000,0.00000000,0.00000000,0.00000000,0.00000000,0.00000000,0.00000000,0.00000000,0.00000000,0.00000000,0.00074575,0.00000000,0.00000000,0.00000000,0.00000000,0.00000000,0.00000000,0.00000000,0.00000000,0.00000000,0.00000000,0.00000000,0.00000000,0.00786942,0.00000000,0.00000000,0.00000000,0.00000000,0.00000000,0.00000000,0.00000000,0.00000000,0.00000000,0.00000000,0.01155825,0.00000000,0.00000000,0.03955166,0.00000000,0.00000000,0.00000000,0.00000000,0.00000000,0.00984958,0.00000000,0.00000000,0.00000000,0.00000000,0.00000000,0.00000000,0.00000000,0.00000000,0.00462252,0.00000000,0.00000000,0.00000000,0.01260905,0.00000000,0.00000000,0.00000000,0.00000000,0.64813345,0.00000000,0.00000000,0.00000000,0.00000000,0.00000000,0.00000000,0.00000000,0.00000000,0.00000000,0.00000000,0.00367431,0.00000000,0.00000000,0.00000000,0.00000000,0.00000000,0.00000000,0.00000000,0.00000000,0.00000000,0.00917669,0.00000000,0.00000000,0.00000000,0.00000000,0.00000000,0.00000000,0.00000000,0.00000000,0.00000000,0.00000000,0.00000000,0.00000000,0.00953120,0.00000000,0.00000000,0.00000000,0.00000000,0.00000000,0.00000000,0.00000000,0.00000000,0.00000000,0.00000000,0.00000000,0.00000000,0.00000000,0.00000000,0.00000000,0.00000000,0.00000000,0.00000000,0.00000000,0.01377175,0.00000000,0.00000000,0.02852778,0.00000000,0.00000000,0.00422225,0.00000000,0.00000000,0.00000000,0.00000000,0.00000000,0.00000000,0.00000000,0.00000000,0.00000000,0.00000000,0.00192431,0.00000000,0.00000000,0.00000000,0.00000000,0.00000000,0.00000000,0.00000000,0.00000000,0.00000000,0.00000000,0.00000000,0.00242150,0.00000000,0.00000000,0.00000000,0.00000000,0.00000000,0.00000000,0.00000000,0.00000000,0.01012031,0.00000000,0.00000000,0.00000000,0.00000000,0.00000000,0.00000000,0.00000000,0.00000000,0.00000000,0.00000000,0.00000000,0.00064498,0.00000000,0.00000000,0.00000000,0.00000000,0.00627469,0.00000000,0.00000000,0.00000000,0.00945501,0.00000000,0.00000000,0.00000000,0.00000000,0.00000000,0.00000000,0.00000000,0.00000000,0.62015658,0.00000000,0.00000000,0.00000000,0.00000000,0.00000000,0.00000000,0.00000000,0.00000000,0.00000000,0.00000000,0.00000000,0.00000000,0.00000000,0.00000000,0.00000000,0.13994223,0.00000000,0.00000000,0.00000000,0.00000000,0.00000000,0.00000000,0.00000000,0.00000000,0.00000000,0.00000000,0.00000000,0.00000000,0.00000000,0.00000000,0.00000000,0.00000000,0.00000000,2.05149944,0.00000000,0.15877832,0.02082188,0.00000000,0.00000000,0.00000000,0.00000000,0.00235444,0.00880119,0.00000000,0.00000000,0.00000000,0.00000000,0.00000000,0.00000000,0.00000000,0.00000000,0.00000000,0.00000000,0.00000000,0.00000000,0.00000000,0.00000000,0.00000000,0.00000000,0.00000000,0.00000000,0.00000000,0.00000000,0.00000000,0.00000000,0.00000000,0.00000000,0.00000000,0.00000000,0.01164781,0.00000000,0.00000000,0.00000000,0.00000000,0.04117401,0.00922132,0.00000000,0.00482217,0.00947710,0.00481335,0.00000000,0.00000000,0.28718367,0.00063072,0.02134576,2.79376854,0.00000000,0.00000000,0.00393269,0.00000000,0.00000000,0.00000000,0.00653576,0.00000000,0.00000000,0.00000000,0.00000000,0.00000000,0.00000000,0.00000000,0.00000000,0.00000000,0.00000000,0.00000000,0.00000000,0.00000000,0.00000000,0.00000000,0.00000000,0.00000000,0.01673212,0.00000000,0.00000000,0.00000000,0.00000000,0.00000000,0.00000000,0.00000000,0.00000000,0.00000000,0.00000000,0.00000000,0.00000000,0.00000000,0.00000000,0.00000000,0.00000000,0.00000000,0.00000000,0.00768879,0.00000000,0.00000000,0.00525568,0.00000000,0.00000000,0.00000000,0.00000000,0.00709614,0.00000000,0.00000000,0.00000000,0.00000000,0.00000000,0.00000000,0.00000000,0.22762789,0.00000000,0.00000000,0.00000000,0.00000000,0.00000000,0.00000000,0.00000000,0.00000000,0.00000000,0.00000000,0.00000000,0.00000000,0.00000000,0.01399402,0.00347786,0.00000000,0.00538714,0.00000000,0.00000000,0.00000000,0.00000000,0.00421866,0.00438775,0.00000000,0.00000000,0.00000000,0.00000000,0.00000000,0.00000000,0.00000000,0.00000000,0.00000000,0.00000000,0.00000000,0.00000000,0.00000000,0.00000000,0.00000000,0.00088356,0.00000000,0.00000000,0.02409159,0.00000000,0.00000000,0.00000000,0.00000000,0.00000000,0.00000000,0.00000000,0.00000000,0.00000000,0.00287771,0.00000000,0.00000000,0.00000000,0.00000000,0.00000000,0.00000000,0.00000000,0.00000000,0.00000000,0.13168382,0.00000000,0.00000000,0.00000000,0.00000000,0.00000000,0.00000000,0.00000000,0.00000000,0.00000000,0.01219457,0.00000000,0.00000000,0.00000000,0.00000000,0.15531005,0.00000000,0.00000000,0.01324491,0.00000000,0.00000000,0.00000000,0.00000000,0.00000000,0.00000000,0.00000000,0.00000000,0.00000000,0.00000000,0.00000000,0.00000000,0.00000000,0.00000000,0.00000000,0.00000000,0.00130163,0.00000000,0.00000000,0.00000000,0.00000000,0.00000000,0.00000000,0.00147591,0.00000000,0.00000000,0.00000000,0.00000000,0.00000000,0.00000000,0.00000000,0.00165386,0.00000000,0.00000000,0.00000000,0.00000000,0.00000000,0.00000000,0.00000000,0.00000000,0.00000000,0.00000000,0.00000000,0.00000000,0.00000000,0.00000000,0.06463089,0.00689804,0.01052943,0.00000000,0.00419831,0.00000000,0.00891237,0.00000000,0.00000000,0.00000000,0.00000000,0.00000000,0.00000000,0.00000000,0.00000000,0.00000000,0.00000000,0.00000000,0.00734738,0.00000000,0.00000000,0.00000000,0.00240049,0.00000000,0.00000000,0.00000000,0.00000000,0.00000000,0.00000000,0.00000000,0.00000000,0.00652912,0.00000000,0.00000000,0.00000000,0.00000000,0.00000000,0.00000000,0.00000000,0.00000000,0.00000000,0.00000000,0.00000000,0.00000000,0.00000000,0.00000000,0.02498786,0.00000000,0.00000000,0.00000000,0.00000000,0.00000000,0.00000000,0.00815258,0.00000000,0.00000000,0.00000000,0.00000000,0.13600125,0.01292318,0.00000000,0.00000000,0.00000000,0.00000000,0.00000000,0.00000000,0.00000000,0.00000000,0.00000000,0.00000000,0.00000000,0.00000000,0.00000000,0.00000000,0.00000000,0.00000000,0.00000000,0.00000000,0.00000000,0.00000000,0.00000000,0.00000000,0.00000000,0.00000000,0.00000000,0.00000000,0.00000000,0.00000000,0.00000000,0.00495979,0.00000000,0.00000000,0.00000000,0.00000000,0.00000000,0.00000000,0.00550792,0.02543356,0.00803164,0.00000000,0.00000000,0.00000000,0.00000000,0.00000000,0.00000000,0.00094917,0.01404580,0.00206885,0.00000000,0.00000000,0.00000000,0.02515951,0.00000000,0.00000000,0.00000000,0.14980988,0.00000000,0.00000000,0.00987445,0.00000000,0.00000000,0.02852311,0.00000000,0.00000000,0.00000000,0.00000000,0.00000000,0.00000000,0.00000000,0.00000000,0.00000000,0.00000000,0.00000000,0.00000000,0.00000000,1.10097709,0.01925084,0.00000000,0.00000000,0.00000000,0.00000000,0.00000000,0.00000000,0.00000000,0.00000000,0.00000000,0.00189553,0.00000000,0.00000000,0.00000000,0.00000000,0.00000000,0.00000000,0.00000000,0.00000000,0.00000000,0.00224989,0.02149670,0.00000000,0.01000442,0.00000000,0.00000000,0.00000000,0.24731484,0.00000000,0.00000000,0.03076847,0.00000000,0.00000000,0.00000000,0.00000000,0.00000000,0.00000000,0.00000000,0.00000000,0.00000000,0.00000000,0.00000000,0.00000000,0.00000000,0.00000000,0.00000000,0.00000000,0.00000000,0.00000000,0.00000000,0.00000000,0.00000000,0.00000000,0.00000000,0.00000000,0.00000000,0.00000000,0.00000000,0.00000000,0.00000000,0.00000000,0.00000000,0.00000000,0.00000000,0.00000000,0.00000000,0.00000000,0.00801386,0.00000000,0.00000000,0.00000000,0.00434988,1.36603360,0.00000000,0.00000000,0.00000000,0.00000000,0.00000000,0.00000000,0.00000000,0.00000000,0.00000000,0.00000000,0.00000000,0.00000000,0.00000000,0.00000000,0.00000000,0.00000000,0.00000000,0.00000000,0.00000000,0.00000000,0.00000000,0.10659547,0.00000000,0.13750603,0.03910091,0.00000000,0.00000000,0.00000000,0.00000000,0.00367338,0.00000000,0.00000000,0.00000000,0.00000000,0.00000000,0.00059186,0.00000000,0.00000000,0.00000000,0.01949601,0.00000000,0.00000000,0.00000000,0.03925964,0.00000000,0.00000000,0.00000000,0.00266226,0.00000000,0.03091533,0.00000000,0.00000000,0.00000000,0.00000000,0.00000000,0.00000000,0.00000000,0.00000000,0.00000000,0.00000000,0.00000000
0.00000000,0.00000000,0.00000000,0.00000000,0.00000000,0.00000000,0.00000000,0.00703317,0.00000000,0.04582604,0.00000000,0.00000000,0.00000000,0.00000000,0.00000000,0.00000000,0.00000000,0.07862279,0.00000000,0.00000000,0.00000000,0.18155904,0.00000000,0.00000000,0.00000000,0.00000000,0.00000000,0.00000000,0.00000000,0.05400156,0.00000000,0.00000000,0.00000000,0.00000000,0.00000000,0.00000000,0.00000000,0.00000000,0.00000000,0.00000000,0.00000000,0.00000000,0.00000000,0.00000000,0.00000000,0.00398413,0.00000000,0.00000000,0.01458112,0.00000000,0.00000000,0.00499234,0.00383788,0.00000000,0.00000000,0.00147076,0.00000000,0.00000000,0.00000000,0.00000000,0.17038331,0.00582872,0.00000000,0.00000000,0.00000000,0.00782602,0.00000000,0.00000000,0.00000000,0.00000000,0.00000000,0.00000000,0.00000000,0.00000000,0.00000000,0.00000000,0.00000000,0.00000000,0.00000000,0.00000000,0.00000000,0.00000000,0.00000000,0.00000000,0.00000000,0.00000000,0.00452059,0.00000000,0.00000000,0.00000000,0.30503088,0.09186828,0.00000000,0.00000000,0.00000000,0.00000000,0.00000000,0.00000000,0.00000000,0.00000000,0.00000000,0.00000000,0.00000000,0.00000000,0.00000000,0.00000000,0.00000000,0.00000000,0.00000000,0.00599163,0.00000000,0.00000000,0.00000000,0.00062243,0.00000000,0.00000000,0.00000000,0.00000000,0.00000000,0.00000000,0.00000000,0.00000000,0.00000000,0.00000000,0.00145810,0.00000000,0.00000000,0.00772015,0.00000000,0.00000000,0.00000000,0.00483147,0.00000000,0.00000000,0.00000000,1.57273383,0.00000000,0.00000000,0.00000000,0.00000000,0.00000000,0.00000000,0.00000000,0.00000000,0.00000000,0.00000000,0.00000000,0.00000000,0.00000000,0.00000000,0.00000000,0.00000000,0.11452647,0.00000000,0.00000000,0.00000000,0.00812855,0.00000000,0.00236832,0.00000000,0.00000000,0.00000000,0.00000000,0.00000000,0.00000000,0.00000000,0.00000000,0.00000000,0.00000000,0.00000000,0.00000000,0.00000000,0.00000000,0.00000000,0.00000000,0.00000000,0.00000000,0.00000000,0.00000000,0.00185952,0.00000000,0.00000000,0.00000000,0.00000000,0.00000000,0.00000000,0.00000000,0.00000000,0.00000000,0.23749838,0.00000000,0.00000000,0.00000000,0.00000000,0.00000000,0.00000000,0.00000000,0.00000000,0.00000000,0.00000000,0.01115927,0.00000000,0.00000000,0.00000000,0.00000000,0.00000000,0.00000000,0.00000000,0.00000000,0.00000000,0.00000000,0.00000000,0.00000000,0.00000000,0.00000000,0.00000000,0.00000000,0.03100488,0.00000000,0.00000000,0.00000000,0.00000000,0.00000000,0.00000000,0.00000000,0.00000000,0.00000000,0.00000000,0.00000000,0.00000000,0.00000000,0.00000000,0.00000000,0.00000000,0.01313840,0.00000000,0.00000000,0.00000000,0.00000000,0.00000000,0.00000000,0.00557766,0.00000000,0.00000000,0.00131381,0.00000000,0.00000000,0.00000000,0.00000000,0.02474495,0.00000000,0.00000000,0.00000000,0.00000000,0.02759182,0.00000000,0.00000000,0.00000000,0.00000000,0.00128351,0.00000000,0.00000000,0.00276293,0.00000000,0.00000000,0.00000000,0.00000000,0.00000000,0.00000000,0.00000000,0.00000000,0.00000000,0.00000000,0.00000000,0.00000000,0.00000000,0.00638597,0.00000000,0.00000000,0.00000000,0.00000000,0.00105876,0.00000000,0.00000000,0.00000000,0.00000000,0.00000000,0.02019682,0.00000000,0.00000000,0.00851127,0.00000000,0.05760210,0.00000000,0.00400379,0.00000000,0.34166102,0.00000000,0.00000000,0.08161385,0.01432237,0.00000000,0.00325928,0.00000000,0.00000000,0.00000000,0.00000000,0.00000000,0.00000000,0.00000000,0.00000000,0.00000000,0.00000000,0.00000000,0.00000000,0.00000000,0.00000000,0.00000000,0.00000000,0.00000000,0.00000000,0.00000000,0.00000000,0.00000000,0.00000000,0.10745730,0.00000000,0.00000000,0.00000000,0.00000000,0.00000000,0.00000000,0.00000000,0.00000000,0.00464596,1.11622235,0.00000000,0.00000000,0.00000000,0.00000000,0.00000000,0.00000000,0.00000000,0.00000000,0.00000000,0.01497019,0.00000000,0.00000000,0.00000000,0.00000000,0.00000000,0.00000000,0.00000000,0.00000000,0.00000000,0.00000000,0.00000000,0.00000000,0.21503310,0.00000000,0.00000000,0.00230648,0.00000000,0.00000000,0.00000000,0.00000000,0.00000000,0.00000000,0.00000000,0.00000000,0.00000000,0.00000000,0.00000000,0.00000000,0.00000000,0.00000000,0.00000000,0.00000000,0.00000000,0.00000000,0.00000000,0.00000000,0.00000000,0.00000000,0.00000000,0.00725965,0.00000000,0.00657487,0.00000000,0.00000000,0.00776672,0.00000000,0.00000000,0.00000000,0.00000000,0.00000000,0.00000000,0.00000000,0.00000000,0.00175908,0.06102429,0.00000000,0.00000000,0.00000000,0.00000000,0.00000000,0.00000000,0.00000000,0.00000000,0.00000000,0.00000000,0.00000000,0.00000000,0.00000000,0.00000000,0.00000000,0.00000000,0.00604046,0.00000000,0.00000000,0.00000000,0.00000000,0.00000000,0.00119659,0.00400752,0.00000000,0.00000000,0.04170464,0.00000000,0.00000000,0.00000000,0.00000000,0.00000000,0.00000000,0.00000000,0.00000000,0.00000000,0.00000000,0.00000000,0.00000000,0.00000000,0.00000000,0.00000000,0.00000000,0.15483761,0.00000000,0.00000000,0.01187097,0.00000000,0.01244519,0.00000000,0.00000000,0.00000000,0.00000000,0.00000000,0.56121118,0.00000000,0.00000000,0.00860303,0.00000000,0.00000000,0.00000000,0.00000000,0.00000000,0.00000000,0.00000000,0.00000000,0.00000000,0.00000000,0.00000000,0.01985144,0.00000000,0.00000000,0.00000000,0.00000000,0.00000000,0.00000000,0.00000000,0.03418526,0.00000000,0.00417634,0.00000000,0.00000000,0.00000000,0.00000000,0.00000000,0.00000000,1.86459211,0.00548925,0.00000000,0.00000000,0.00000000,0.00000000,0.00000000,0.00000000,0.00000000,0.08248745,0.00000000,0.00000000,0.00000000,0.00504059,0.00000000,0.00000000,0.00000000,0.00116375,0.00000000,0.00000000,0.00000000,0.00000000,0.00000000,0.00000000,0.00000000,0.00000000,0.00000000,0.00000000,0.00000000,0.00000000,0.00076568,0.00000000,0.00000000,0.00000000,0.00000000,0.00100436,0.00000000,0.00000000,0.00000000,0.00000000,0.00000000,0.00000000,0.00000000,0.00216987,0.00000000,0.00000000,0.00000000,0.00000000,0.01604311,0.00000000,0.00000000,0.02788589,0.00000000,0.00000000,0.00000000,0.00000000,0.00384450,0.00000000,0.00000000,0.00000000,0.00000000,0.00000000,0.00000000,0.00000000,0.00000000,0.00000000,0.00000000,0.00000000,0.00000000,1.27241130,0.00000000,0.00000000,0.00000000,0.00000000,0.00000000,0.00000000,0.00000000,0.00000000,0.00000000,0.00000000,0.00000000,0.00000000,0.00000000,0.00000000,0.00000000,0.00000000,0.00000000,0.00000000,0.00000000,0.00000000,0.00000000,0.00000000,0.00000000,0.00000000,0.00000000,0.00000000,0.00000000,0.00000000,0.00000000,0.00000000,0.00264156,0.00000000,0.00230157,0.00516008,0.02052295,0.00666383,0.00000000,1.40238186,0.00000000,0.00000000,0.00000000,0.00000000,0.00000000,0.00000000,0.00164399,0.00000000,0.00000000,0.00000000,0.00000000,0.00000000,0.00000000,0.00000000,0.00000000,0.00000000,0.00000000,0.00688095,0.00000000,0.00000000,0.00000000,0.00000000,0.00000000,0.00000000,0.00000000,0.00000000,0.00000000,0.00000000,0.00000000,0.00000000,0.07051613,0.00000000,0.14112249,0.00434687,0.00000000,0.00000000,0.00000000,0.00000000,0.00000000,0.00000000,0.00000000,0.00000000,0.00000000,0.00000000,0.00000000,0.00000000,0.00000000,0.01069833,0.20728415,0.00000000,0.00000000,0.00000000,0.00000000,0.00000000,0.00000000,0.00000000,0.00000000,0.00000000,0.00000000,0.00000000,0.00221215,0.00000000,0.00000000,0.00000000,0.00163373,0.00000000,0.00000000,0.00000000,0.00000000,0.00000000,0.00000000,0.00000000,0.00000000,0.00000000,0.00000000,0.00000000,0.00959695,0.00000000,0.00224885,0.00000000,0.00000000,0.00000000,0.00000000,0.00000000,0.00000000,0.00000000,0.00000000,0.00000000,0.00000000,0.01678320,0.00000000,0.00000000,0.03468809,0.00000000,0.00000000,0.00000000,0.02790702,0.00000000,0.00000000,0.00000000,0.00000000,0.00000000,0.00000000,0.00000000,0.00000000,0.00000000,0.00000000,0.00000000,0.00659760,0.00000000,0.03806315,0.00000000,0.00000000,0.00000000,0.00000000,0.00000000,0.00000000,0.00000000,0.00000000,0.00000000,0.00000000,0.00000000,0.00000000,0.00000000,0.00000000,0.00000000,0.00000000,0.00000000,0.00000000,0.00000000,0.00000000,0.00000000,0.00000000,0.00000000,0.00000000,0.00000000,0.00000000,0.00000000,0.00000000,0.00000000,0.00000000,0.00000000,0.00000000,0.00000000,0.00000000,0.00000000,0.00000000,0.00000000,0.00000000,0.00000000,0.00000000,0.00000000,0.00000000,0.00000000,0.00000000,0.00000000,0.00000000,0.00000000,0.00000000,0.10065065,0.02737063,0.00000000,0.00000000,0.00000000,0.00000000,0.00107203,0.00092155,0.00000000,0.00000000,0.00481170,0.00000000,0.00373805,0.00000000,0.02402480,0.00210308,0.00000000,0.00000000,0.00000000,0.00000000,0.00000000,0.00000000,0.00000000,0.00000000,0.03307574,0.00000000,0.00000000,0.00000000,0.00000000,0.00000000,0.16763526,0.00000000,0.02608324,0.00000000,0.00000000,0.00000000,0.00000000,0.00000000,0.00000000,0.00000000,0.00000000,0.00000000,0.00000000,0.00000000,0.00000000,0.00000000
0.00000000,0.00000000,0.00000000,0.00000000,0.05996126,0.00000000,0.00000000,0.00000000,0.00000000,0.00000000,0.00000000,0.00000000,0.00000000,0.00000000,0.00000000,0.00000000,0.00000000,0.00000000,0.00000000,0.00000000,0.00000000,0.00000000,0.00000000,0.00000000,0.00000000,0.03954153,0.00000000,0.00000000,0.00000000,0.00000000,0.00000000,0.00000000,0.00000000,0.00000000,0.00000000,0.00000000,0.00000000,0.00000000,0.00000000,0.01147466,0.00000000,0.00000000,0.03659100,0.00272093,0.00000000,0.00000000,0.00000000,0.00000000,0.00000000,0.00000000,0.01222191,0.00000000,0.00000000,0.00000000,0.00000000,0.00000000,0.00000000,0.00000000,0.00000000,0.00000000,0.16005276,0.00000000,0.00000000,0.00000000,0.00000000,0.00000000,0.00000000,0.00000000,0.00000000,0.00000000,0.01215988,0.00000000,0.00000000,0.00000000,0.00000000,0.00000000,0.00000000,0.00000000,0.07186073,0.00000000,0.00000000,0.01017818,0.00000000,0.00000000,0.00000000,0.00000000,0.00000000,0.00000000,0.00000000,0.00000000,0.00000000,0.00000000,0.00000000,0.00000000,0.00244961,0.00000000,0.00000000,0.00000000,0.00000000,0.00000000,0.00000000,0.00000000,0.00000000,0.00000000,0.00000000,0.00000000,0.00000000,0.00000000,0.00083745,0.00000000,0.00000000,0.00000000,0.00000000,0.00000000,0.00000000,0.01497780,0.00000000,0.00000000,0.00000000,0.00000000,0.00000000,0.00000000,0.00000000,0.00000000,0.00000000,0.00000000,0.00000000,0.00194066,0.00000000,0.00000000,0.00000000,0.00000000,0.00000000,0.00000000,0.00000000,0.00175692,0.00000000,0.00000000,0.00000000,0.00000000,0.00000000,0.00000000,0.00000000,0.00000000,0.00000000,0.00000000,0.00000000,0.01089098,0.00000000,0.11035396,0.00000000,0.00000000,0.00000000,0.01222425,0.00000000,0.00000000,0.00000000,0.00000000,0.00000000,0.00000000,0.00000000,0.00000000,0.00000000,0.00000000,0.02461127,0.00000000,0.00000000,0.00165168,0.00000000,0.00000000,0.00000000,0.00000000,0.00000000,0.00000000,0.00000000,0.00000000,0.00000000,0.00000000,0.00000000,0.00000000,0.00000000,0.00712306,0.00000000,0.00000000,0.02247559,0.00000000,0.00000000,0.00000000,0.00000000,0.00000000,0.00079525,0.00000000,0.00000000,0.00000000,0.00000000,0.00000000,0.00000000,0.00000000,0.00000000,0.00000000,0.00000000,0.00932593,0.00000000,0.00000000,0.03045417,0.00000000,0.00000000,0.00000000,0.00000000,0.00000000,0.00000000,0.88441100,0.00000000,0.09019802,0.00000000,0.00000000,0.00000000,0.00000000,0.00000000,0.00000000,0.00000000,0.00000000,0.00000000,0.00453746,0.06412236,0.00000000,0.03162451,0.00000000,0.00000000,0.00000000,0.00000000,0.00000000,0.00000000,0.00000000,0.00000000,0.00670623,0.00000000,0.00000000,0.00000000,0.00000000,0.00000000,0.00000000,0.00000000,0.00000000,0.00000000,0.00000000,0.00000000,0.00000000,0.00000000,0.00000000,0.00000000,0.00000000,0.01729512,0.00000000,0.00000000,0.00000000,0.00000000,0.00000000,0.00000000,0.00406302,0.00000000,1.01110871,0.00000000,0.00603332,0.00000000,0.00266291,0.00000000,0.00000000,0.00000000,0.00000000,0.00000000,0.00000000,0.00000000,0.00000000,0.00272141,0.01817534,0.00000000,0.00000000,0.00000000,0.00000000,0.00000000,0.00000000,0.00000000,0.00000000,0.00000000,0.00000000,0.00318012,0.00240341,0.00000000,0.00000000,0.00000000,0.00000000,0.00000000,0.00000000,0.00000000,0.00000000,0.00112176,0.00000000,0.00000000,0.01594391,0.00000000,0.00000000,0.00000000,0.00000000,0.01127697,0.00000000,0.00000000,0.00000000,0.00000000,0.00000000,0.00000000,0.00000000,0.00000000,0.00000000,0.00000000,0.00000000,0.00000000,0.00000000,0.00000000,0.00000000,0.00000000,0.00000000,0.00000000,0.00000000,0.00000000,0.00000000,0.00000000,0.00000000,0.00000000,0.00000000,0.00000000,0.00159124,0.00000000,0.00239950,0.00093180,0.00000000,0.00000000,0.00000000,0.00000000,0.00000000,0.00000000,0.00639406,0.00000000,0.00000000,0.50590584,0.00000000,0.00000000,0.00000000,0.00000000,0.05142408,0.03272464,0.00000000,0.00000000,0.00000000,0.00000000,0.00000000,0.00000000,0.00000000,0.00000000,0.00000000,0.00000000,0.00000000,0.00000000,0.03214770,0.00000000,0.00000000,0.00000000,0.00000000,0.00000000,0.00000000,0.00000000,0.00000000,0.24466439,0.00000000,0.00000000,0.00000000,0.00000000,0.00000000,0.00000000,0.00000000,0.01201795,0.00000000,0.00000000,0.00000000,0.00000000,0.00000000,0.00000000,0.00000000,0.00000000,0.00000000,0.00000000,0.00000000,0.00000000,0.00000000,0.00000000,0.00000000,0.00000000,0.00000000,0.00000000,0.00000000,0.00000000,0.00000000,0.00000000,0.00000000,0.00000000,0.00000000,0.00000000,0.00183763,0.00000000,0.00000000,0.00000000,0.00000000,0.00000000,0.07684452,0.00000000,0.00000000,0.00000000,0.00000000,0.00000000,0.00000000,0.00000000,0.00000000,0.00000000,0.00000000,0.00000000,0.00000000,0.00000000,0.00000000,0.00000000,0.00000000,0.00000000,0.00000000,0.00000000,0.00000000,0.00346593,0.00000000,0.00000000,0.00000000,0.00000000,0.00000000,0.00000000,0.00000000,0.00000000,0.00000000,0.00000000,0.00000000,0.00000000,0.00000000,0.00000000,0.00000000,0.00571614,0.00000000,0.00000000,0.00000000,0.00000000,0.00000000,0.00000000,0.00152542,0.00000000,0.00399779,0.00000000,0.00000000,0.00000000,0.00000000,0.00000000,0.00000000,0.02221641,0.00000000,0.00000000,0.00000000,0.00000000,0.00000000,0.00000000,0.00000000,0.00000000,0.00000000,0.00000000,0.00000000,0.00209316,0.00000000,0.00000000,0.00000000,0.00000000,0.00000000,0.00000000,0.00000000,0.00000000,0.00000000,0.00000000,0.00000000,0.00368299,0.00000000,0.00000000,0.00000000,0.00267521,0.01037523,0.00000000,0.00000000,0.00000000,0.00000000,0.00000000,0.00636701,0.00000000,0.00000000,0.00000000,0.00000000,0.00000000,0.00000000,0.00000000,0.00000000,0.00000000,0.00518299,0.00000000,0.00161596,0.00000000,0.00000000,0.00000000,0.00000000,0.00000000,0.00000000,0.00090345,0.00173057,0.00000000,0.01526948,0.00000000,0.00000000,0.00000000,0.00000000,0.00000000,0.00000000,0.00000000,0.00000000,0.00000000,0.03521901,0.00000000,0.00000000,0.00000000,0.00205369,0.00000000,0.02121195,0.00000000,0.15903400,0.00000000,0.00000000,0.00000000,0.00000000,0.00000000,0.00000000,0.00000000,0.00000000,0.00000000,0.00000000,0.00000000,0.00158129,0.00000000,0.00000000,0.00000000,0.00000000,0.00000000,0.01847203,0.00000000,0.00000000,0.00000000,0.00000000,0.00000000,0.00000000,0.00000000,0.00000000,0.00000000,0.00000000,0.00000000,0.00000000,0.00000000,0.00000000,0.00000000,0.00000000,0.00000000,0.00000000,0.00000000,0.00000000,0.00000000,0.00000000,0.00000000,0.00103716,0.00000000,0.00000000,0.00000000,0.09343796,0.00000000,0.00000000,0.00000000,0.01551609,0.00000000,0.00000000,0.00000000,0.00000000,0.00000000,0.00000000,1.76560637,0.00000000,0.00000000,0.00157802,0.00000000,0.03925129,0.00000000,0.00000000,0.54332361,0.00000000,0.00000000,0.00000000,0.00000000,0.00000000,0.00000000,0.02083173,0.00000000,0.00000000,0.01296838,0.00969120,0.00000000,0.00000000,0.00000000,0.00000000,0.00000000,0.00000000,0.00000000,0.00000000,0.00000000,0.00000000,0.00000000,0.00000000,0.00000000,0.00000000,0.00000000,0.00000000,0.00000000,0.00000000,0.00000000,0.00000000,0.00000000,0.00000000,0.00166770,0.00000000,0.00000000,0.00204559,0.00000000,0.00000000,0.03564303,0.00000000,0.00000000,0.00000000,0.00000000,0.00000000,0.00000000,0.00000000,0.00000000,0.00000000,0.00000000,0.00000000,0.00000000,0.00000000,0.00483125,0.00000000,0.00000000,0.01216109,0.00622008,0.00000000,0.00000000,0.00000000,0.00000000,0.00000000,0.00000000,0.00000000,0.00000000,0.00000000,0.00000000,0.00000000,0.00000000,0.00000000,0.00547285,0.00000000,0.00000000,0.00000000,0.00000000,0.00000000,0.00000000,0.00384626,0.00296257,0.00158070,0.00000000,0.00000000,0.00000000,0.00000000,0.11478348,0.00000000,0.00000000,0.00000000,0.00000000,0.00454294,0.00000000,0.00000000,0.00000000,0.00353288,0.00000000,0.00000000,0.00000000,0.00000000,0.00000000,0.00000000,0.00112469,0.00000000,0.00000000,0.00102704,0.01932929,0.00000000,0.00000000,0.00000000,0.00000000,0.01449811,0.00000000,0.00000000,0.00000000,0.00000000,0.00000000,0.00000000,0.00000000,0.01067646,0.00000000,0.00000000,0.00000000,0.00000000,0.01266270,0.00000000,0.00000000,0.00000000,0.00000000,0.00000000,0.00000000,0.00000000,0.00000000,0.00000000,0.00000000,0.00000000,0.00000000,0.00000000,0.00000000,0.00000000,0.00000000,0.00352748,0.00000000,0.00000000,0.00000000,0.00404149,0.00000000,0.00000000,0.00000000,0.00000000,0.00000000,0.00000000,0.09072033,0.00000000,0.00000000,0.00000000,0.00000000,0.00841647,0.00000000,0.09471844,0.00000000,0.00000000,0.00000000,0.00000000,0.00000000,0.00000000,0.01362824,0.00000000,0.00000000,0.01442027,0.00000000,0.00000000,0.00000000,0.00000000,0.00000000,0.00000000,0.00000000,0.00000000,0.00620527,0.00000000,0.00000000,0.00000000,0.00000000,0.46678610,0.00000000,0.00000000,0.00000000,0.00000000,0.00000000,0.00000000,0.00000000,0.00000000,0.00000000,0.00000000
0.00000000,0.00000000,0.00000000,0.00000000,0.00000000,0.00000000,0.00443336,0.00000000,0.00000000,0.00000000,0.00000000,0.00000000,0.00000000,0.00000000,0.00000000,0.00000000,0.00000000,0.00000000,0.00000000,0.00000000,0.00000000,0.00000000,0.00000000,0.00000000,0.00000000,0.00000000,0.00000000,0.00000000,0.00000000,0.00000000,0.00000000,0.00330873,0.00000000,0.06440513,0.00000000,0.00000000,0.00000000,0.00000000,0.00000000,0.00000000,0.00220715,0.00000000,0.00000000,0.00000000,0.00000000,0.00000000,0.00000000,0.00000000,0.00000000,0.00000000,0.11053595,0.00000000,0.00000000,0.00000000,0.00000000,0.00000000,0.00000000,0.00000000,0.00000000,2.40977211,0.00000000,0.00000000,0.00000000,0.13604868,0.00000000,0.00000000,0.00000000,0.00000000,0.00000000,0.00000000,0.00000000,0.00000000,0.00000000,0.00000000,0.00000000,0.00000000,0.00000000,0.02327790,0.00000000,0.00000000,0.00000000,0.00000000,0.00000000,0.56656410,0.00000000,0.01704999,0.00000000,0.00000000,0.00000000,0.00000000,0.00000000,0.02904763,0.00000000,0.00000000,0.00000000,0.00000000,0.00708231,0.00000000,0.01183609,0.00463931,0.00000000,0.00000000,0.00000000,0.00000000,0.00000000,0.00000000,0.01353953,0.00000000,0.01241838,0.01493163,0.00000000,0.01013360,0.00000000,0.00000000,0.00000000,0.00000000,0.00000000,0.00000000,0.00000000,0.00000000,0.00000000,0.00000000,0.00000000,0.00000000,0.00000000,0.00000000,0.00477942,0.00000000,0.00000000,0.00000000,0.00000000,0.00000000,0.00000000,0.24895278,0.00000000,0.00000000,0.00000000,0.00000000,0.00000000,0.00000000,0.02016918,0.00000000,0.00000000,0.00000000,0.00000000,0.11354816,0.02160365,0.00000000,0.00000000,0.00000000,0.00000000,0.01588773,0.00605550,0.00000000,0.00000000,0.00000000,0.00000000,0.01337219,0.00000000,0.00000000,0.00000000,0.00000000,0.00000000,0.00000000,0.00000000,0.00000000,0.00000000,0.00000000,0.00000000,0.00000000,0.00000000,0.00000000,0.00000000,0.00000000,0.00000000,0.00000000,0.00000000,0.00000000,0.00000000,0.00000000,0.00000000,0.00000000,0.00000000,0.00000000,0.00000000,0.00000000,0.00000000,0.34014670,0.00000000,0.00000000,0.05310127,0.00000000,0.00000000,0.00104055,0.00000000,0.00000000,0.01402845,0.89016042,0.00000000,0.00000000,0.00000000,0.00000000,0.00000000,0.00000000,0.00219747,0.00000000,0.00000000,0.00000000,0.00368117,0.00000000,0.00000000,0.00000000,0.00000000,0.00000000,0.00094116,0.01316358,0.00000000,0.01688719,0.00000000,0.00000000,0.00000000,0.00000000,0.00000000,0.00000000,0.00000000,0.00000000,0.00000000,0.00000000,0.00000000,0.01483848,0.00000000,0.00000000,0.00000000,0.00000000,0.00000000,0.00000000,0.00000000,0.00000000,0.00000000,0.00000000,0.00000000,0.00000000,0.00000000,0.00000000,0.00000000,0.00000000,0.00000000,0.00000000,0.00000000,0.00000000,0.00000000,0.00000000,0.01371656,0.00000000,0.00000000,0.00000000,0.00000000,0.00000000,0.00000000,0.00000000,0.00000000,0.00000000,0.00000000,0.76326849,0.00000000,0.00435776,0.00140297,0.00000000,0.00000000,0.00000000,0.00000000,0.06349924,0.00000000,0.00000000,0.00000000,0.00000000,0.00000000,0.00000000,0.00000000,0.00000000,0.01282637,0.00000000,0.00000000,0.00000000,0.00000000,0.00000000,0.00000000,0.00000000,0.00000000,0.00000000,0.00000000,0.00000000,0.00000000,0.00000000,0.00000000,0.00000000,0.00000000,0.00000000,0.00000000,0.00000000,0.01539561,0.00000000,0.03133296,0.00000000,0.48588133,0.00586193,0.00000000,0.00000000,0.00000000,0.00000000,0.00000000,0.00000000,0.00000000,0.00000000,0.00000000,0.00000000,0.00000000,0.04374145,0.00000000,0.00000000,0.00000000,0.00000000,0.00000000,0.00000000,0.00000000,0.00000000,0.02434932,1.77393998,0.00000000,0.00000000,0.00000000,0.00000000,0.00000000,0.00000000,0.00000000,0.00000000,0.42195507,0.00000000,0.00109477,0.00000000,0.00000000,0.00000000,0.00000000,0.00000000,0.00970119,0.00000000,0.00000000,0.00000000,0.00000000,0.00238415,0.00000000,0.00000000,0.00000000,0.00000000,0.00000000,0.00000000,0.00000000,0.01204286,0.00000000,0.00000000,0.00000000,0.00000000,0.00000000,0.00231994,0.00000000,0.00000000,0.00000000,0.00557079,0.00810551,0.00000000,0.00000000,0.00000000,0.01721857,0.00000000,0.00000000,0.00000000,0.00000000,0.00000000,0.00000000,0.00347093,0.00000000,0.00000000,0.00776931,0.00000000,0.00000000,0.00000000,0.00000000,0.00000000,0.00000000,0.00000000,0.00000000,0.00000000,0.00000000,0.00000000,0.00336161,0.00000000,0.00000000,0.00000000,0.00000000,0.00747524,0.00000000,0.00000000,0.18036433,0.00000000,0.00000000,0.00000000,0.00000000,0.00000000,0.00000000,0.00000000,0.00360065,0.00000000,0.00000000,0.00000000,0.00000000,0.00000000,0.00000000,0.00000000,0.00000000,0.00000000,0.00000000,0.12559431,0.00000000,0.00000000,0.00754988,0.00000000,0.00000000,0.00000000,0.00000000,0.00000000,0.00000000,1.74204784,0.00000000,0.00000000,0.00000000,0.00000000,0.00109186,0.00000000,0.00000000,0.00000000,0.00000000,0.00000000,0.00726884,0.00000000,0.00192493,0.00000000,0.00000000,0.00000000,0.00000000,0.00360892,0.00000000,0.00000000,0.00000000,0.00000000,0.00000000,0.00000000,0.00000000,0.00000000,0.00000000,0.00000000,0.00000000,0.00000000,0.00000000,0.00000000,0.00000000,0.00000000,0.00000000,0.00000000,0.00000000,0.00000000,0.00000000,0.00000000,0.00000000,0.00000000,0.00000000,0.00000000,0.00000000,0.00000000,0.00000000,0.00000000,0.00187941,0.00000000,0.00000000,0.00000000,0.03053904,0.00000000,0.00000000,0.00267306,0.00000000,0.00000000,0.00000000,0.00000000,0.00000000,0.00000000,0.00000000,0.00000000,0.00000000,0.00000000,0.00000000,0.00000000,0.00000000,0.00000000,0.00000000,0.00000000,0.00000000,0.00000000,0.00746132,0.00000000,0.00000000,0.00000000,0.00000000,0.00000000,0.00381523,0.00000000,0.00000000,0.00000000,0.00000000,0.01232760,0.00000000,0.00000000,0.00000000,0.00000000,0.00000000,0.00000000,0.00000000,0.00000000,0.00000000,0.00000000,0.00000000,0.00000000,0.00000000,0.00796051,0.00000000,0.00000000,0.00000000,0.00000000,0.00000000,0.00000000,0.00000000,0.00000000,0.00000000,0.01452438,0.00000000,0.00000000,0.00000000,0.00000000,0.00000000,0.00000000,0.00000000,0.00134109,0.00000000,0.00000000,0.00000000,0.00000000,0.01805242,0.00000000,0.00000000,0.00000000,0.00000000,0.00000000,0.00000000,0.00000000,0.00000000,0.00000000,0.00000000,0.00000000,0.00000000,0.00000000,0.00000000,0.00261968,0.00000000,0.00000000,0.00408426,0.00000000,0.00000000,0.00128912,0.00000000,0.00000000,0.00000000,0.00000000,0.01318337,0.00000000,0.00000000,0.00000000,0.00000000,0.00000000,0.00000000,0.00000000,0.00000000,0.00000000,0.00000000,0.00000000,0.00000000,0.00000000,0.00244689,0.00000000,0.00000000,0.00493946,0.03358837,0.00000000,0.00000000,0.00000000,0.00000000,0.00000000,0.00000000,0.00000000,0.00000000,0.00000000,0.00000000,0.00000000,0.00000000,0.00000000,0.00000000,0.00000000,0.00000000,0.00000000,0.00390728,0.00000000,0.00000000,0.00000000,0.00000000,0.00000000,0.00316408,0.00000000,0.00000000,0.00000000,0.00000000,0.03178700,0.00000000,0.00000000,0.00000000,0.00000000,0.00000000,0.00000000,0.00000000,0.00243187,0.00000000,0.00000000,0.00000000,0.00000000,0.00000000,0.00000000,0.00000000,0.00000000,0.00000000,0.00000000,0.00000000,0.00000000,0.00000000,0.01743566,0.00000000,0.00000000,0.00000000,0.00000000,0.00000000,0.00000000,0.03399258,0.00000000,0.00000000,0.00000000,0.00000000,0.00000000,0.00000000,0.00000000,0.00000000,0.00000000,0.00000000,0.00390433,0.00000000,0.00000000,0.00000000,0.00000000,0.00000000,0.00000000,0.00000000,0.00000000,0.00000000,0.00000000,0.00000000,0.00000000,0.00000000,0.00000000,0.00465520,0.00000000,0.00000000,0.00000000,0.01508154,0.00000000,0.00000000,0.00000000,0.02020091,0.00000000,0.00000000,0.00000000,0.00000000,0.00000000,0.00000000,0.00000000,0.00000000,0.00000000,0.00000000,0.00000000,0.00000000,0.00000000,0.00000000,0.00498438,0.00000000,0.00000000,0.00000000,0.00000000,0.00000000,0.00605174,0.00000000,0.00000000,0.00000000,0.00000000,0.00000000,0.00000000,0.00000000,0.00000000,0.00297698,0.00000000,0.04993628,0.00000000,0.00000000,0.00000000,0.13625666,0.00000000,0.00000000,0.00000000,0.00000000,0.00622543,0.00000000,0.00272746,0.00000000,0.00000000,0.55833818,0.00000000,0.00000000,0.00000000,0.00000000,0.00000000,0.00000000,0.00000000,0.00000000,0.00090354,0.00000000,0.00000000,0.00000000,0.00000000,0.00000000,0.00000000,0.00000000,0.00000000,0.00000000,0.00000000,0.00000000,0.00386745,0.00000000,0.00000000,0.00000000,0.00000000,0.00000000,0.00000000,0.00000000,0.00345436,0.00000000,0.13270741,0.00000000,0.00000000,0.00000000,0.00000000,0.00000000,0.07529181,0.00000000,0.00000000,0.00000000,0.00000000,0.00000000,0.00000000,0.00000000,0.00000000,0.00000000,0.00000000,0.00000000,0.00184539,0.00000000,0.00000000,0.00000000,2.44007174,0.00000000,0.00000000,0.00000000,0.00000000,0.00000000,0.00000000,0.00000000,0.00000000,0.00000000,0.00000000
0.00352352,0.00000000,0.00000000,0.00000000,0.00000000,0.00000000,0.00000000,0.00000000,2.03647447,0.00000000,0.00000000,0.00000000,0.00000000,0.00408800,0.00000000,0.00000000,0.00000000,0.00000000,0.00522654,0.00000000,0.00000000,0.00000000,0.00000000,0.00000000,0.00000000,0.00000000,0.00000000,0.03539625,0.00000000,0.00000000,0.00000000,0.00000000,0.00000000,0.00000000,0.00000000,0.00000000,0.00000000,0.00000000,0.00000000,0.00000000,0.00000000,0.00000000,0.00000000,0.00000000,0.00000000,0.00000000,0.00000000,0.00000000,0.00000000,0.00437142,0.00000000,0.00000000,0.00000000,0.00000000,0.00000000,0.00000000,0.00000000,0.00000000,0.00000000,0.00000000,0.00000000,0.00730615,0.00000000,0.00000000,0.00000000,0.00000000,0.00000000,0.00000000,0.00000000,0.00000000,0.00000000,0.00000000,0.00000000,0.00000000,0.00000000,0.00000000,0.00000000,0.01080202,0.00225480,0.05222367,0.00000000,0.00000000,0.00000000,0.00000000,0.00268242,0.00000000,0.00000000,0.00000000,0.00000000,0.00000000,0.00000000,0.00000000,0.00000000,0.00000000,0.00000000,0.00000000,0.00807311,0.00314318,0.00000000,0.00000000,0.00000000,0.00000000,0.00000000,0.00000000,0.00000000,0.00000000,0.00000000,0.00534171,0.02509489,0.00000000,0.00000000,0.00000000,0.00000000,0.00000000,0.00000000,0.00000000,0.00986387,0.00000000,0.00000000,0.00000000,0.00000000,0.00000000,0.00000000,0.00000000,0.00000000,0.00000000,0.00000000,0.00000000,0.00000000,0.02112286,0.00000000,0.00000000,0.18793184,0.00000000,0.00000000,0.00000000,0.00000000,0.00317830,0.00000000,0.00000000,0.00000000,0.00000000,0.00000000,0.00000000,0.00884362,0.00000000,0.12488700,0.00000000,0.00000000,0.00000000,0.00876320,0.00000000,0.00000000,0.00000000,0.00000000,0.00000000,0.00000000,0.00000000,0.00000000,0.00000000,0.00000000,0.00000000,0.00000000,0.00000000,0.00000000,0.00000000,0.00000000,0.00000000,0.00000000,0.00000000,0.00000000,0.33874887,0.00000000,0.00000000,0.00000000,0.00000000,0.00000000,0.00000000,0.00000000,0.00977222,0.00000000,0.00000000,0.00367067,0.00000000,0.00000000,0.00000000,0.01524811,0.00000000,0.00000000,0.00000000,0.00000000,0.00000000,0.00000000,0.00000000,0.00000000,0.00000000,0.01665297,0.00000000,0.00000000,0.00000000,0.00000000,0.00000000,0.00000000,0.00000000,0.00000000,0.00000000,0.00000000,0.00000000,0.00000000,0.00000000,0.00000000,0.00000000,0.03035777,0.00000000,0.00000000,0.00000000,0.00000000,0.00000000,0.00000000,0.00000000,0.00000000,0.00000000,0.00000000,0.01940320,0.00000000,0.00000000,0.00000000,0.00000000,0.01934463,0.00000000,0.00000000,0.00000000,0.00000000,0.00000000,0.00000000,0.77886155,0.00000000,0.00000000,0.00000000,0.00991562,0.02547401,0.00000000,0.00000000,0.00000000,0.00000000,0.00000000,0.00402298,0.00000000,0.00000000,0.01397069,0.00000000,0.00000000,0.00000000,0.00000000,0.00000000,0.00779034,0.00000000,0.00000000,0.00000000,0.00000000,0.00000000,0.00000000,0.00000000,0.00000000,0.00290950,0.00000000,0.10199801,0.00000000,0.06875259,0.00000000,0.00000000,0.00000000,0.00000000,0.00000000,0.00000000,0.00000000,0.00000000,0.00000000,0.00000000,0.24277213,0.00000000,0.00000000,0.00000000,0.00000000,0.00000000,0.00000000,0.00000000,0.00000000,0.00000000,0.00000000,0.00000000,0.00000000,0.00000000,0.00000000,0.00000000,0.00000000,0.00000000,0.00000000,0.05305303,0.00000000,0.00000000,0.00000000,0.00000000,0.01218634,0.00000000,0.01981844,0.00000000,0.00000000,0.00000000,0.00000000,0.00207688,0.00000000,0.00000000,0.00000000,0.00000000,0.00000000,0.00000000,0.00000000,0.00000000,0.00000000,0.00000000,0.00000000,0.00000000,0.00000000,0.00000000,0.00000000,0.00000000,0.00000000,0.00848973,0.00000000,0.00000000,0.00000000,0.00000000,0.07838120,0.00000000,0.00000000,0.00000000,0.00133030,0.00000000,0.00000000,0.00000000,0.00000000,0.00000000,0.00000000,0.00000000,0.00000000,0.00000000,0.00000000,0.00000000,0.00000000,0.00000000,0.00000000,0.00000000,0.00000000,0.00000000,0.00000000,0.01204286,0.00000000,0.00000000,0.00000000,0.00000000,0.00000000,0.00000000,0.00000000,0.00000000,0.00000000,0.00000000,0.00000000,0.00000000,0.00000000,0.00000000,0.00000000,0.00000000,0.20204292,0.00000000,0.00000000,0.00622490,0.00000000,0.00000000,0.00446694,0.00000000,0.00000000,0.00000000,0.37543656,0.00000000,0.00000000,0.00000000,0.00000000,0.00000000,0.00000000,0.00000000,0.00000000,0.48494480,0.00000000,0.00000000,0.00000000,0.00000000,0.00000000,0.00000000,0.00000000,0.00000000,0.00000000,0.00000000,0.00000000,0.00000000,0.00000000,0.00000000,0.00000000,0.00000000,0.00000000,0.00000000,0.00000000,0.00000000,0.00000000,0.01109321,0.02061793,0.00000000,0.00000000,0.00000000,0.00000000,0.00000000,0.00000000,0.00000000,0.00000000,0.00000000,0.00000000,0.00000000,0.00000000,0.00000000,0.00000000,0.00000000,0.00000000,0.00000000,0.00000000,0.00000000,0.00000000,0.00000000,0.00000000,0.00000000,0.02628237,0.00000000,0.01385985,0.00000000,0.00000000,0.00000000,0.00000000,0.00000000,0.00000000,0.00000000,0.03051961,0.00000000,0.00000000,0.00000000,0.00000000,0.00000000,0.00000000,0.00000000,0.00000000,0.00000000,0.01163872,0.00000000,0.00000000,0.00000000,0.00000000,0.00000000,0.00000000,0.00000000,0.00000000,0.00000000,0.00000000,0.00000000,0.00000000,0.00000000,0.00000000,0.00000000,0.00000000,0.00000000,0.00000000,0.00000000,0.00000000,0.00000000,0.00000000,0.00663947,0.00000000,0.00000000,0.00000000,0.00000000,0.00000000,0.00000000,0.00000000,0.00000000,0.00259391,0.00000000,0.00000000,0.00000000,0.00000000,0.00000000,0.00000000,0.01245314,0.00000000,0.00000000,0.00000000,0.00000000,0.00000000,0.00365836,0.00000000,0.06400419,0.00000000,0.00695785,0.00000000,0.00877214,0.00000000,0.00000000,0.00000000,0.00000000,0.00402095,0.00298361,0.00000000,0.00049376,0.00000000,0.00144493,0.00000000,0.00000000,0.00000000,0.00000000,0.00000000,1.28623483,0.00000000,0.00000000,0.00000000,0.04717538,0.00000000,0.00000000,0.00128380,0.00000000,0.00000000,0.00000000,0.00000000,0.00000000,0.00000000,0.00000000,0.40578560,0.00000000,0.00000000,0.00000000,0.00000000,0.00000000,0.00000000,0.00000000,0.00000000,0.00000000,0.00000000,0.00000000,0.00000000,0.03080728,0.00000000,0.00000000,0.00000000,0.00000000,0.00431373,0.00000000,0.00000000,0.00000000,0.00000000,0.00000000,0.06832141,0.00000000,0.00000000,0.00000000,0.00076146,0.00000000,0.00973815,0.00000000,0.00000000,0.00000000,0.00000000,0.00000000,0.04605219,0.07026544,0.06860054,0.00000000,0.00080540,0.01546804,0.00000000,0.00000000,0.00000000,0.00000000,0.00000000,0.00000000,0.00917751,0.00000000,0.00000000,0.00000000,0.00000000,0.00000000,0.01281398,0.00000000,0.00000000,0.00000000,0.00000000,0.00000000,0.00000000,0.00000000,0.00000000,0.00000000,0.00000000,0.13168306,0.00000000,0.00000000,0.00000000,0.00771215,0.00000000,0.00000000,0.00000000,0.00000000,0.00000000,0.00000000,0.01806444,0.00000000,0.00000000,0.01016712,0.00000000,0.00000000,0.00000000,0.00000000,0.00000000,0.00000000,0.00000000,0.00000000,0.00000000,0.00000000,0.00000000,0.00000000,0.00000000,0.00000000,0.00580487,1.36717663,0.00000000,0.00000000,0.00000000,0.00000000,0.00000000,0.00382144,0.00000000,0.00000000,0.00000000,0.00000000,0.00000000,0.00000000,0.00000000,0.00000000,0.00000000,0.00000000,0.00000000,0.00000000,0.00000000,0.00000000,0.00111417,0.00000000,0.00000000,0.00000000,0.00000000,0.00000000,0.00000000,0.00000000,0.00000000,0.00000000,0.00000000,0.00000000,0.00000000,0.00000000,0.00000000,0.00000000,0.00000000,0.00000000,0.00000000,0.00000000,0.00000000,0.00000000,0.07652601,0.00000000,0.00000000,0.00000000,0.00000000,0.00000000,0.00000000,0.00000000,0.00000000,0.02157339,0.00000000,0.03597174,0.00000000,0.00000000,0.00000000,0.00000000,0.00000000,0.00000000,0.00000000,0.00000000,0.00000000,0.00000000,0.00000000,0.00000000,0.00000000,0.00514852,0.04664985,0.00000000,0.03280517,0.00000000,0.00000000,0.00000000,0.00000000,0.01132841,0.00000000,0.09969760,0.00000000,0.00000000,0.00000000,0.00000000,0.00000000,0.00000000,0.00000000,0.00142897,0.00000000,0.00000000,0.00000000,0.00000000,0.00000000,0.00570045,0.00000000,0.00000000,0.00000000,0.00000000,0.00000000,0.08361468,0.00000000,0.00000000,0.00000000,0.00000000,0.00000000,0.00000000,0.00000000,0.00000000,0.00000000,0.03816421,0.00000000,0.00000000,0.00000000,0.00000000,0.00000000,0.00000000,0.00000000,0.00593205,0.00000000,0.00000000,0.00000000,0.00837039,0.00000000,0.00000000,0.00000000,0.12569321,0.00000000,0.00000000,0.00000000,0.00000000,0.00000000,0.00000000,0.00000000,0.00000000,0.00948512,0.00000000,0.00000000,0.02476605,0.00000000,0.00000000,0.00000000,0.00210308,0.00000000,0.00000000,0.00000000,0.00000000,0.00000000,0.00000000,0.00000000,0.01922016,0.00000000,0.00000000,0.00000000,0.00000000,0.00000000,0.00000000,0.00000000,0.00000000,0.00000000,0.00000000,0.00169883,0.00000000,0.00000000,0.00000000,0.00000000
0.00000000,0.00000000,0.00000000,0.00000000,0.00000000,0.00000000,0.00000000,0.00000000,0.00000000,0.00000000,0.00000000,0.00931046,0.00000000,0.00000000,0.00000000,0.05659331,0.00000000,0.00000000,0.00000000,0.00000000,0.00000000,0.20203263,0.00000000,0.00000000,0.00000000,0.00000000,0.00000000,0.00000000,0.00000000,0.00128712,0.00000000,0.00000000,0.00000000,0.02363550,0.00000000,0.00000000,0.00000000,0.00000000,0.00000000,0.00000000,0.00000000,0.00000000,0.15918006,0.00000000,0.00000000,0.00000000,0.00000000,0.00000000,0.00000000,0.00000000,0.00000000,0.00000000,0.00000000,0.00000000,0.00000000,0.00000000,0.00000000,0.00000000,0.00000000,0.00000000,0.00000000,0.00000000,0.00000000,0.00000000,0.00000000,0.00000000,0.00000000,0.00000000,0.00000000,0.00725368,0.00000000,0.00000000,0.00483881,0.00000000,0.00000000,0.00538587,0.00376356,0.00000000,0.00000000,0.00000000,0.00000000,0.00000000,0.00000000,0.00000000,0.00000000,0.00000000,0.00000000,0.00000000,0.00000000,0.00000000,0.00000000,0.01072329,0.05970960,0.00000000,0.00000000,0.00000000,0.00000000,0.00000000,0.00000000,0.00000000,0.00732071,0.00000000,0.00000000,0.00000000,0.00000000,0.00000000,0.00000000,0.00000000,0.00000000,0.00000000,0.00000000,0.00638012,0.00000000,0.00000000,0.00000000,0.00000000,0.00139761,0.00000000,0.00000000,0.00000000,0.00397422,0.00000000,0.00000000,0.00000000,0.00000000,0.00000000,0.00000000,0.00000000,0.00306759,0.10013382,0.00000000,0.00185991,0.00000000,0.00000000,0.00000000,0.00000000,0.00268298,0.00000000,0.00000000,0.00000000,0.00000000,0.00398847,0.00000000,0.01091042,0.00000000,0.00000000,0.00671500,0.00000000,0.00000000,0.00000000,0.00000000,0.00000000,0.00000000,0.00000000,0.00000000,0.00000000,0.00000000,0.00000000,0.00000000,0.00238545,2.20433623,0.00000000,0.00000000,0.00000000,0.00000000,0.00000000,0.00000000,0.00000000,0.00000000,0.00000000,0.00000000,0.00000000,0.03401522,0.00000000,0.00000000,0.00000000,0.00000000,0.00000000,0.00000000,0.00000000,0.00000000,0.00000000,0.00000000,0.00000000,0.00000000,0.00000000,0.00000000,0.00000000,0.00000000,0.00000000,0.00000000,0.01665734,0.00000000,0.00000000,0.00000000,0.00000000,0.00000000,0.00000000,0.00000000,0.00000000,0.00000000,0.00000000,0.00000000,0.36829064,0.00000000,0.00000000,0.00349805,0.00000000,0.00000000,0.00000000,0.02555701,0.00000000,0.00000000,0.00000000,0.00000000,0.00000000,0.00000000,0.00000000,0.00000000,0.00000000,0.00000000,0.00000000,0.00000000,0.00000000,0.00000000,0.00000000,0.00000000,0.00000000,0.00000000,0.00000000,0.00000000,0.00000000,0.00000000,0.00000000,0.00000000,0.00000000,0.00000000,0.00000000,0.00838160,0.00000000,0.00000000,0.00000000,0.00000000,0.00000000,0.00000000,0.00148354,0.00000000,0.00000000,0.00000000,0.00000000,0.00365697,0.00000000,0.00389649,0.00000000,0.00069804,0.00000000,0.00000000,0.00000000,0.00000000,0.00000000,0.00000000,0.00000000,0.00000000,0.00000000,0.00000000,0.00000000,0.00000000,0.00000000,0.00000000,0.00000000,0.00000000,0.00000000,0.01013644,0.00000000,0.00000000,0.00000000,0.00000000,0.00000000,0.00000000,0.00000000,0.00000000,0.00000000,0.00399617,0.00000000,0.00407380,0.00000000,0.00000000,0.00000000,0.00000000,0.00000000,0.00000000,0.00000000,0.00000000,0.00000000,0.00000000,0.00000000,0.00000000,0.00000000,0.00000000,0.00000000,0.00000000,0.00000000,0.00000000,0.00000000,0.00000000,0.00000000,0.00000000,0.00000000,0.00000000,0.00000000,0.00000000,0.00000000,0.00000000,0.00000000,0.00000000,0.00000000,0.00000000,0.00000000,0.00000000,0.00000000,0.00000000,0.00000000,0.00000000,0.00000000,0.00631072,0.00000000,0.00000000,0.01312324,0.00000000,0.00000000,0.00000000,0.00000000,0.00000000,0.00000000,0.00000000,0.00000000,0.00000000,0.00000000,0.00000000,0.02241671,0.00000000,0.00000000,0.00000000,0.00000000,0.00000000,0.00769695,0.00000000,0.00887124,0.00000000,0.00000000,0.00000000,0.00000000,0.00000000,0.00000000,0.21503310,0.00000000,0.00000000,0.00000000,0.00000000,0.00592864,0.00000000,0.00382634,0.00000000,0.00000000,0.00000000,0.00000000,0.00000000,0.00000000,0.00000000,0.00000000,0.00515500,0.00000000,0.00000000,0.00000000,0.00000000,0.00000000,0.00000000,0.00288743,0.00000000,0.00000000,0.00000000,0.00000000,0.00000000,0.00000000,0.05054430,0.00000000,0.00000000,0.00000000,0.00000000,0.00000000,0.00000000,0.00000000,0.00000000,0.00000000,0.26305280,0.00000000,1.84805670,0.00000000,0.00000000,0.00000000,0.00000000,0.00000000,0.00000000,0.00000000,0.00000000,0.00000000,0.00000000,0.00000000,0.00213312,0.00000000,0.00000000,0.05642897,0.00000000,0.00000000,0.00000000,0.00000000,0.00000000,0.00000000,0.00000000,0.00000000,0.00000000,0.00000000,0.00000000,0.00000000,0.00000000,0.00392485,0.00000000,0.00000000,0.00000000,0.00000000,0.00000000,0.00638987,0.00000000,0.00000000,0.00000000,0.00000000,0.00000000,0.00000000,0.00000000,0.00374885,0.00000000,0.00213831,0.00000000,0.00000000,0.00000000,0.00000000,0.00000000,0.00000000,0.00000000,0.00000000,0.00000000,0.00000000,0.00000000,0.00463799,0.00764687,0.00000000,0.00000000,0.00000000,0.00000000,2.08430090,0.00000000,0.00000000,0.00107099,0.00000000,0.00000000,0.00000000,0.01509423,0.00000000,0.00000000,0.00000000,0.00000000,0.00000000,0.00000000,0.00000000,0.00000000,0.00000000,0.00000000,0.00000000,0.00000000,0.00000000,0.00000000,0.00000000,0.00000000,0.00000000,0.00000000,0.00000000,0.00000000,0.00000000,0.00000000,0.00000000,0.00000000,0.00000000,0.00000000,0.00000000,0.00000000,0.00000000,0.00000000,0.00000000,0.00000000,0.00000000,0.00000000,0.01130949,0.05779694,0.00000000,0.01707224,0.00000000,0.00000000,0.00000000,0.00000000,0.00280289,0.00000000,0.00566738,0.00573791,0.00000000,0.00569527,0.00000000,0.00000000,0.00000000,0.00000000,0.00000000,0.00000000,0.00000000,0.00000000,0.00000000,0.00000000,0.00000000,0.00000000,0.00000000,0.00000000,0.00000000,1.49501978,0.00000000,0.00000000,0.00000000,0.00000000,0.00000000,0.00000000,0.00000000,0.00000000,0.00000000,0.00000000,0.00000000,0.00000000,0.00000000,0.00000000,0.00000000,0.00000000,0.00000000,0.00000000,0.12390506,0.00000000,0.00000000,0.00000000,0.00000000,0.00000000,0.00000000,0.00000000,0.00000000,0.00000000,0.00000000,0.00000000,0.00000000,0.00000000,0.00000000,0.00000000,0.00000000,0.00572662,0.00000000,0.00000000,0.00000000,0.00000000,0.00000000,0.00000000,0.00000000,0.00000000,0.00864483,0.00000000,0.01228974,0.00000000,0.00000000,0.00000000,0.00000000,0.00000000,0.00000000,0.00000000,0.00000000,0.00000000,0.02159225,0.00000000,0.02660557,0.00000000,0.00000000,0.00000000,0.00000000,0.00000000,0.00000000,0.00000000,0.00000000,0.00000000,0.01019563,0.00000000,0.00000000,0.00000000,0.00000000,0.00000000,0.00000000,0.00000000,0.00000000,0.00000000,0.00000000,0.00000000,0.00000000,0.02062312,0.20195945,0.00000000,0.00000000,0.00000000,0.00000000,0.00000000,0.00000000,0.00000000,0.00000000,0.00000000,0.00000000,0.00000000,0.00685313,0.00000000,0.01375742,0.00000000,0.10014290,0.00000000,0.02325406,0.00000000,0.22700881,0.00000000,0.00000000,0.00000000,0.00000000,0.00000000,0.29587556,0.02515779,0.00000000,0.00000000,0.00000000,0.00000000,0.00000000,0.00000000,0.00000000,0.00000000,0.00000000,0.00000000,0.00000000,0.00000000,0.00000000,0.00000000,0.00000000,0.00000000,0.00000000,2.03859495,0.00000000,0.00000000,0.02843802,0.00000000,0.00000000,0.00000000,0.00000000,0.00000000,0.00000000,0.00000000,0.00000000,0.00000000,0.00000000,0.00000000,0.00000000,0.00000000,0.00000000,0.00073766,0.00000000,0.00000000,0.00000000,0.00000000,0.00855181,0.00000000,0.00000000,0.00000000,0.00000000,0.00000000,0.00000000,0.00000000,0.00000000,0.00000000,0.00000000,0.25174350,0.00000000,0.00000000,0.00000000,0.00000000,0.00000000,0.00000000,0.00000000,0.00000000,0.00000000,0.00000000,0.00000000,0.00000000,0.00000000,0.10147525,0.00345533,0.00000000,0.00000000,0.00000000,0.00000000,0.00000000,0.00000000,0.00000000,0.00000000,0.00000000,0.02012504,0.14042934,0.00000000,0.00000000,0.01420949,0.00000000,0.00000000,0.00000000,0.00000000,0.00000000,0.00000000,0.00000000,0.01715537,0.00000000,0.00080511,0.01314190,0.00000000,0.08077997,0.00711321,0.00000000,0.00000000,0.00000000,0.00000000,0.00000000,0.00000000,0.00000000,0.00000000,0.00000000,0.00000000,0.00000000,0.00000000,0.00000000,0.00000000,0.00000000,0.00000000,0.00000000,0.00000000,0.00000000,0.00000000,0.00000000,0.00000000,0.00000000,0.00668553,0.00000000,0.08373405,0.00000000,0.00000000,0.00000000,0.00000000,0.04823972,0.00000000,0.00340318,0.00000000,0.00266608,0.00000000,0.00997056,0.00000000,0.00000000,0.00000000,0.00000000,0.00979788,0.01976640,0.00000000,0.00000000,0.00000000,0.00000000,0.00000000,0.00000000,0.00000000,0.08343152,0.04720102,0.01108823,0.00000000,0.03373046,0.00000000,0.00000000,0.00000000,0.00000000,0.00877661,0.00000000,0.00000000,0.00000000,0.00000000
0.05454775,0.00000000,0.02766834,0.00000000,0.00000000,0.02935590,0.00000000,0.00000000,0.00000000,0.00209014,0.00000000,0.00000000,0.00000000,0.00000000,0.00000000,0.00000000,0.00000000,0.00557432,0.00000000,0.00000000,0.00000000,0.00000000,0.00000000,0.00000000,0.00000000,0.00000000,0.00000000,0.00000000,0.00000000,0.00000000,0.00000000,0.00000000,0.00000000,0.00000000,0.00000000,0.00000000,0.00000000,0.00000000,0.02972953,0.81607996,0.00000000,0.00377346,0.00000000,0.00000000,0.00000000,0.00000000,0.00000000,0.00000000,0.00925297,0.00000000,0.00000000,0.00000000,0.00000000,0.00253329,0.00000000,0.00000000,0.00000000,0.00000000,0.00000000,0.08064873,0.00000000,0.01017684,0.00000000,0.02439561,0.00000000,0.00000000,0.00000000,0.00000000,0.01176508,0.00000000,0.00000000,0.00000000,0.00000000,0.00000000,0.00658884,0.00000000,0.00000000,0.00000000,0.00000000,0.00000000,0.00000000,0.00000000,0.00000000,0.00000000,0.00000000,0.01686769,0.00867634,0.00000000,0.00000000,0.06114396,0.00000000,0.00000000,0.00000000,0.00000000,0.00000000,0.00000000,0.00000000,0.00000000,0.00000000,0.00000000,0.00000000,0.00088746,0.00000000,0.00000000,0.00000000,0.00000000,0.00000000,0.00000000,0.00000000,0.00000000,0.00000000,0.02196479,0.00000000,0.00000000,0.00000000,0.00000000,0.00000000,0.00000000,0.00000000,0.00543758,0.00000000,0.00000000,0.00000000,0.00000000,0.00000000,0.00000000,0.00000000,0.00000000,0.00000000,0.00000000,0.02386385,0.00000000,0.00000000,0.00138143,0.00000000,0.00000000,0.00000000,0.00000000,0.00000000,0.00000000,0.00000000,0.00000000,0.00000000,0.00000000,0.00000000,0.04782036,0.02680132,0.00000000,0.00348527,0.00000000,0.00000000,0.00000000,0.00000000,0.00000000,0.00000000,0.00000000,0.00000000,0.00000000,0.00000000,0.00000000,0.00000000,0.00000000,0.00000000,0.00000000,0.00000000,0.00000000,0.00000000,0.00000000,0.00000000,0.00000000,0.00000000,0.00000000,0.00000000,0.00000000,0.00000000,0.00000000,0.00000000,0.00000000,0.00000000,0.00000000,0.01276051,0.00176570,0.00000000,0.00000000,0.00000000,0.00000000,0.00000000,0.00000000,1.16345238,0.00000000,0.00000000,0.00000000,0.00000000,0.00000000,0.00000000,0.00000000,0.00000000,0.00000000,0.00000000,0.00000000,0.00000000,0.00000000,0.00000000,0.00000000,0.08139813,0.00000000,0.00000000,0.00000000,0.00000000,0.00000000,0.00000000,0.00000000,0.00000000,0.00000000,0.05047757,0.00000000,0.00000000,0.00000000,0.00000000,0.00000000,0.00000000,0.00000000,0.00000000,0.00000000,0.00000000,0.00000000,0.00000000,0.00000000,0.00000000,0.00000000,0.00000000,0.00000000,0.00000000,0.00000000,0.00000000,0.00000000,0.00000000,0.00000000,0.00000000,0.00203300,0.00000000,0.00728910,0.00000000,0.00000000,0.00000000,0.00000000,0.00000000,0.00000000,0.00694526,0.00000000,0.00000000,0.00000000,0.00000000,0.00000000,0.00000000,0.00000000,0.00201043,0.00000000,0.00000000,0.01484257,0.00523754,0.00000000,0.00084078,0.00000000,0.00000000,0.01809173,0.00000000,0.00217244,0.00000000,0.00000000,0.00000000,0.00000000,0.00000000,0.00000000,0.00000000,0.00000000,0.00000000,0.00000000,0.00000000,0.00000000,0.00000000,0.00000000,0.00000000,0.00000000,0.00000000,0.00000000,0.00000000,0.02262071,0.00000000,0.00000000,0.00000000,0.01383696,0.00000000,0.20198851,0.00000000,0.00000000,0.00000000,0.00153453,0.00000000,0.01674471,0.00287549,0.01851384,0.00000000,0.00439130,0.00000000,0.00000000,0.00000000,0.00000000,0.00000000,0.00000000,0.00000000,0.00000000,0.00000000,0.00000000,0.00000000,0.00000000,0.00000000,0.00000000,0.00000000,0.00000000,0.00000000,0.00000000,0.00118902,0.00000000,0.00000000,0.00000000,0.00000000,0.00000000,0.00000000,0.00000000,0.00000000,0.00000000,0.02645134,0.00000000,0.00000000,0.00000000,0.00000000,0.00000000,0.00000000,0.00000000,0.00000000,0.00000000,0.00000000,0.00000000,0.00000000,0.00000000,0.01553883,0.00000000,0.00000000,0.00000000,0.00000000,0.00000000,0.06997905,0.00000000,0.00000000,0.00000000,0.00000000,0.00000000,0.00592864,0.00000000,0.04165687,0.00000000,0.00000000,0.00000000,0.00000000,0.00000000,0.00000000,0.00000000,0.00000000,0.00000000,0.00000000,0.00000000,0.00000000,0.05182925,0.00000000,0.00000000,0.00000000,0.00000000,0.00000000,0.00177363,0.00000000,0.00000000,0.00000000,0.00000000,0.00000000,0.00372297,0.00000000,0.00000000,0.00199182,0.00000000,0.00000000,0.00558009,0.00000000,0.00000000,0.00000000,0.00000000,0.00000000,0.00000000,0.00000000,0.00000000,0.00000000,0.00000000,0.00000000,0.00000000,0.00000000,0.00000000,0.00000000,0.00000000,0.00000000,0.00000000,0.00000000,0.00000000,0.00000000,0.00000000,0.00000000,0.00000000,0.00000000,0.00000000,0.00000000,0.00000000,0.00000000,0.00000000,0.01357184,0.41931009,0.00664460,0.00000000,0.00000000,0.00000000,0.00000000,0.00000000,0.00294132,0.00000000,0.08381798,0.00000000,0.00000000,0.00000000,0.01930723,0.03208716,0.00000000,0.00000000,0.00000000,0.00000000,0.00000000,0.00000000,0.00000000,0.00000000,0.00000000,0.00000000,0.00000000,0.00000000,0.00000000,0.00000000,0.00000000,0.00000000,0.00000000,0.00000000,0.00000000,0.00000000,0.00000000,0.15248818,0.00000000,0.00000000,0.00000000,0.00000000,0.01345200,0.00000000,0.00000000,0.00000000,0.00000000,0.03301233,0.00000000,0.00000000,0.00000000,0.00000000,0.00000000,0.00000000,0.00000000,0.00000000,0.01903633,0.00000000,0.00212438,0.04270433,0.00000000,0.00000000,0.00000000,0.00000000,0.00000000,0.00000000,0.00000000,0.00000000,0.00000000,0.00000000,0.00000000,0.00000000,0.00000000,0.00000000,0.00102074,0.00000000,0.00269331,0.00000000,0.00000000,0.00000000,0.00000000,0.00000000,0.00000000,0.00000000,0.00000000,0.00000000,0.00000000,0.00000000,0.00197232,0.04432931,0.00000000,0.00000000,0.00000000,0.00000000,0.00000000,0.00303991,0.00000000,0.00000000,0.00000000,0.00000000,0.00000000,0.00000000,0.00234437,0.00000000,0.00000000,0.00000000,0.00000000,0.00000000,0.02731678,0.00000000,0.00000000,0.00000000,0.00000000,0.00000000,0.00000000,0.00000000,0.00000000,0.00000000,0.00000000,0.00000000,0.00000000,0.00000000,0.00000000,0.00000000,0.02898991,0.00000000,0.00000000,0.00000000,0.00000000,0.00000000,0.00000000,0.00000000,0.74066415,0.00000000,0.00172088,0.00000000,0.00000000,0.00000000,0.00000000,0.00000000,0.00000000,0.00000000,0.00000000,0.00000000,0.00000000,0.00000000,0.00000000,0.08945243,0.00000000,0.00000000,0.00000000,0.00000000,0.00000000,0.00000000,0.00000000,0.00000000,0.00000000,0.00000000,0.00000000,0.00000000,0.00000000,0.00000000,0.00000000,0.00000000,0.00000000,0.35187506,0.01093207,0.00000000,0.00000000,0.00000000,0.00000000,0.00413071,0.00000000,0.00000000,0.00000000,0.00000000,0.00000000,0.00000000,0.00000000,0.00000000,0.00000000,0.00000000,0.03437057,0.00000000,0.00000000,0.00000000,0.00000000,0.00000000,0.00000000,0.00000000,0.00000000,0.00000000,0.00000000,0.00000000,0.00000000,0.00000000,0.00000000,0.00000000,0.00000000,0.00000000,0.00000000,0.00000000,0.00000000,0.00000000,0.00000000,0.14152662,0.00000000,0.01503468,0.36646884,0.00000000,0.00000000,0.02208682,0.00000000,0.00000000,0.00000000,0.00434280,0.00000000,0.00000000,0.00000000,0.00000000,0.00000000,0.00000000,0.00000000,0.01375186,0.00000000,0.00000000,0.02993962,0.00000000,0.00000000,0.00000000,0.00000000,0.00000000,0.00000000,0.00000000,0.00000000,0.00000000,0.00000000,0.00000000,0.00000000,0.01318169,0.00000000,0.00000000,0.00832731,0.00000000,0.00000000,0.00000000,0.00000000,0.00000000,0.00000000,0.00000000,0.00000000,0.00000000,0.00000000,0.00000000,0.00000000,0.00000000,0.00000000,0.00000000,0.00000000,0.00000000,0.00000000,0.00405906,0.00000000,0.00000000,0.00000000,0.00000000,0.00000000,0.00000000,0.00000000,0.00000000,0.00000000,0.01002146,0.00000000,0.00334903,0.00000000,0.00000000,0.00000000,0.00000000,0.03403456,0.00000000,0.00000000,0.00000000,0.00000000,0.00000000,0.00000000,0.00000000,0.00373471,0.00000000,0.00000000,0.00000000,0.01184836,0.00000000,0.00000000,0.00000000,0.00000000,0.00000000,0.00000000,0.00000000,0.00000000,0.02576315,0.00000000,0.00000000,0.00000000,0.00000000,0.23139971,0.00000000,0.00000000,0.00000000,0.16051246,0.00000000,0.00000000,0.00000000,0.00000000,0.00000000,0.00000000,0.00000000,0.00000000,0.00000000,0.00000000,0.00000000,0.00000000,0.00000000,0.01023992,0.00000000,0.00000000,0.00000000,0.00000000,0.00000000,0.00000000,0.00000000,0.00409205,0.00000000,0.00293372,0.02766646,0.00000000,0.00000000,0.00000000,0.00000000,0.00000000,0.00658437,0.09005138,0.00000000,0.00000000,0.00000000,0.00000000,0.00000000,0.00000000,0.00000000,0.00000000,0.00000000,0.00000000,0.00000000,0.02354072,0.00000000,0.00000000,0.00000000,0.00000000,0.00000000,0.00000000,0.00000000,0.00000000,0.00000000,0.00000000,0.00000000,0.00000000,0.00000000,0.00000000,0.00000000,0.00000000,0.02562807,0.00000000,0.00000000,0.00000000,0.00000000,0.01227640,0.00000000,0.00000000,0.00000000
0.00000000,0.00000000,0.00000000,0.00000000,0.00000000,0.00000000,0.00000000,0.00000000,0.00000000,0.00000000,0.00249690,0.00000000,0.00000000,0.00000000,0.00838838,0.00000000,0.00635567,0.00000000,0.00000000,0.00000000,0.00000000,0.00000000,0.00000000,0.00000000,0.00000000,0.06123986,0.00000000,0.00000000,0.00000000,0.00000000,0.00000000,0.00000000,0.00577894,0.22886846,0.00303548,0.00000000,0.00000000,0.00000000,0.00000000,0.00000000,0.00000000,0.00000000,0.00000000,0.00000000,0.07288875,0.00000000,0.00000000,0.00000000,0.00000000,0.00000000,0.00000000,0.00000000,0.00000000,0.00000000,0.00000000,0.00000000,0.00000000,0.00000000,0.00000000,0.00000000,0.00582067,3.37103534,0.00000000,0.00000000,0.00000000,0.00000000,0.00000000,0.00000000,0.02106257,0.00000000,0.00000000,0.00000000,0.00000000,0.00000000,0.00000000,0.00000000,0.00000000,0.00000000,0.00000000,0.04357663,0.00000000,0.00000000,0.00000000,0.00000000,0.00418671,0.00000000,0.00000000,0.00000000,0.00000000,0.00419874,0.00000000,0.00000000,0.01491316,0.00000000,0.00000000,0.00000000,0.00000000,0.00000000,0.00000000,0.00000000,0.00000000,0.00000000,0.00000000,0.00000000,0.00000000,0.00000000,0.00000000,0.00000000,0.02446844,0.00000000,0.01660336,0.00000000,0.00000000,0.00000000,0.00000000,0.00000000,0.00000000,0.00000000,0.00000000,0.00000000,0.00000000,0.00000000,0.00000000,0.00000000,0.00000000,0.32149098,0.00227713,0.00000000,0.00000000,0.00000000,0.00000000,0.00796774,0.00000000,0.00000000,0.00000000,0.00681399,0.00000000,0.00000000,0.00000000,0.00000000,0.04185729,0.00000000,0.00000000,0.00651286,0.00000000,0.00000000,0.00000000,0.00000000,0.00000000,0.00000000,0.00000000,0.00000000,0.00000000,0.00000000,0.00000000,0.00000000,0.00000000,0.00000000,0.00000000,0.00085481,0.00000000,0.00000000,0.00000000,0.00000000,0.00000000,0.00000000,0.00000000,0.00000000,0.00000000,0.00000000,0.00000000,0.00000000,0.00000000,0.00000000,0.00000000,0.00000000,0.00000000,0.02009995,0.00000000,0.00000000,0.00000000,0.00839972,0.00000000,0.00000000,0.00000000,0.00000000,0.00000000,0.00000000,0.00000000,0.00000000,0.00000000,0.00000000,0.00000000,0.00000000,0.00000000,0.00000000,0.00000000,0.00000000,0.00000000,0.00000000,0.00000000,0.00000000,0.00000000,0.00000000,0.00000000,0.00000000,0.00000000,0.00000000,0.00000000,0.02032226,0.00000000,0.00000000,0.00000000,0.00000000,0.00000000,0.00000000,0.00000000,0.00000000,0.00000000,0.00000000,0.00000000,0.02242124,0.00000000,0.00000000,0.00000000,0.00000000,0.00000000,0.00000000,0.00000000,0.00245037,0.00000000,0.00000000,0.04702169,0.00000000,0.00000000,0.00586111,0.40902054,0.00000000,0.00000000,0.00000000,0.00000000,0.00000000,0.00000000,0.00403948,0.00000000,0.00107580,0.00000000,0.00000000,0.00000000,0.00000000,0.00000000,0.00000000,0.01027258,0.00409228,0.02662795,0.00000000,0.00000000,0.00000000,0.00000000,0.00000000,0.00000000,0.00000000,0.00000000,0.00000000,0.01050274,0.00000000,0.00000000,0.00000000,0.00000000,0.00000000,0.00000000,0.00000000,0.00000000,0.00000000,0.00000000,0.00627880,0.00000000,0.00000000,0.00000000,0.00000000,0.00000000,0.00081276,0.09863169,0.00000000,0.01989055,0.00000000,0.00000000,0.00000000,0.00000000,0.00000000,0.00000000,0.00000000,0.00000000,0.00000000,0.00000000,0.00000000,0.00000000,0.00000000,0.00000000,0.00000000,0.00000000,0.00000000,0.00000000,0.00000000,0.00000000,0.00428796,0.00000000,0.00000000,0.00000000,0.00000000,0.00000000,0.00000000,0.00000000,0.00000000,0.00338642,0.00000000,0.00304720,0.00000000,0.00275074,0.00000000,0.00000000,0.00000000,0.00000000,0.00000000,0.00000000,0.00000000,0.00000000,0.00000000,0.08258527,0.00000000,0.00000000,0.00000000,0.00000000,0.00000000,0.00000000,0.00000000,0.00000000,0.01685152,0.00000000,0.00000000,0.00000000,0.00000000,0.00000000,0.00000000,0.00000000,0.00000000,0.00000000,0.06543446,0.00000000,0.00000000,0.00000000,0.04908297,0.00000000,0.00000000,0.00000000,0.00000000,0.00000000,0.00000000,0.00000000,0.04165687,0.00000000,0.00000000,0.09369582,0.00000000,0.00000000,0.00065894,0.00000000,0.00000000,0.00585164,0.00000000,0.00000000,0.00000000,0.00000000,0.00000000,0.00000000,0.00000000,0.00279188,0.00000000,0.00000000,0.00000000,0.00000000,0.00000000,0.00000000,0.00000000,0.00000000,0.00000000,0.00000000,0.00000000,0.00000000,0.00000000,0.00000000,0.00000000,0.00000000,0.00000000,0.00000000,0.00000000,0.00000000,0.00000000,0.00000000,0.00000000,0.00000000,0.00807244,0.00000000,0.00215340,0.00000000,0.00000000,0.00000000,0.00000000,0.00000000,0.00000000,0.00000000,0.04661871,0.00000000,0.00000000,0.00000000,0.00000000,0.00000000,0.00000000,0.00000000,1.01587657,0.00000000,0.00000000,0.00000000,0.07908830,0.00000000,0.00000000,0.00000000,0.00000000,0.00000000,0.00000000,0.00000000,0.00000000,0.00000000,0.00000000,0.00000000,0.00000000,0.00000000,0.00000000,0.00000000,0.00000000,0.00359862,0.00000000,0.00000000,0.00000000,0.00000000,0.00000000,0.07028723,0.00000000,0.00000000,0.00000000,0.00000000,0.00000000,0.00000000,0.00000000,0.00000000,0.00000000,0.00000000,0.00000000,0.00000000,0.00000000,0.00000000,0.00710109,0.00000000,0.00000000,0.00000000,0.00000000,0.00000000,0.00000000,0.00000000,0.00000000,0.00000000,0.00000000,0.00000000,0.00000000,0.00000000,0.00000000,0.00000000,0.00000000,0.00000000,0.00000000,0.00000000,0.00000000,0.00000000,0.00000000,0.00000000,0.00000000,0.00000000,0.00000000,0.00000000,0.00000000,0.00422552,0.00988828,0.01246876,0.00000000,0.00000000,0.00000000,0.00000000,0.00000000,0.00139669,0.00000000,0.00000000,0.00000000,0.00000000,0.00000000,0.00439249,0.00000000,0.00000000,0.00000000,0.00000000,0.00000000,0.00000000,0.00000000,0.00000000,0.00000000,0.00000000,0.00000000,0.00000000,0.00319513,0.00000000,0.00000000,0.00000000,0.00739394,0.00171136,0.00000000,0.00000000,0.24911814,0.00000000,0.00824025,0.03232964,0.00000000,0.00000000,0.00000000,0.04111497,0.00000000,0.00000000,0.00000000,0.00000000,0.00000000,0.00160512,0.00814941,0.00000000,0.00000000,0.00000000,0.00000000,0.00000000,0.00000000,0.00000000,0.00000000,0.00000000,0.00000000,0.00000000,0.00600030,0.00000000,0.00000000,0.00000000,0.64984607,0.00000000,0.00000000,0.00000000,0.00000000,0.00000000,0.00000000,0.00000000,0.00000000,0.00000000,0.00364600,0.00000000,0.00000000,0.00000000,0.00000000,0.00000000,0.00000000,0.00000000,0.00000000,0.00000000,0.00000000,0.00000000,0.00000000,0.00000000,0.00000000,0.00000000,0.00000000,0.00000000,0.00000000,0.00000000,0.00000000,0.00000000,0.00000000,0.00000000,0.00000000,0.00000000,0.00352917,0.00966348,0.00000000,0.00000000,0.00000000,0.00514384,0.00000000,0.00000000,0.00000000,0.00000000,0.00205649,0.00000000,0.00000000,0.00000000,0.00000000,0.01125664,0.00000000,0.00000000,0.00000000,0.00000000,0.00000000,0.00000000,0.00000000,0.00000000,0.00000000,0.11056140,0.00000000,0.00418496,0.00000000,0.00000000,0.00000000,0.00000000,0.00000000,0.00000000,0.01062112,0.00000000,0.00000000,0.00000000,0.00000000,0.00000000,0.00000000,0.04210448,0.00000000,0.00000000,0.00000000,0.00000000,0.00120112,0.00000000,0.00000000,0.00000000,0.00000000,0.69130416,0.26142604,0.00000000,0.00000000,0.00000000,0.00000000,0.01272479,0.00000000,0.00000000,0.00000000,0.00000000,0.00000000,0.00000000,0.00000000,0.00000000,0.00000000,0.00000000,0.00000000,0.00000000,0.00000000,0.00000000,0.00000000,0.00000000,0.00000000,0.00000000,0.00000000,0.00000000,0.01260312,0.00000000,0.00000000,0.00000000,0.00000000,0.00000000,0.00000000,0.00164583,0.00000000,0.00000000,0.01763933,0.00000000,0.00000000,0.00000000,0.00000000,0.00000000,0.00000000,0.00000000,0.00000000,0.00000000,0.00000000,0.00000000,0.14131292,0.00000000,0.00000000,0.00000000,0.00000000,0.00000000,0.00000000,0.00000000,0.00000000,0.00000000,0.14043074,0.05541474,0.00000000,0.00000000,0.00000000,0.00000000,0.00000000,0.00000000,0.00214222,0.00000000,0.00000000,0.00000000,0.00293372,0.00000000,0.00000000,0.00000000,0.00000000,0.00000000,0.00000000,0.00000000,0.00000000,0.00000000,0.00000000,0.00000000,0.00000000,0.00000000,0.00000000,0.00000000,0.00000000,0.00000000,0.00000000,0.00000000,0.00381404,0.00000000,0.49246562,0.00000000,0.00870307,0.00000000,0.00000000,0.00000000,0.00000000,0.00000000,0.00000000,0.00000000,0.00000000,0.13600125,0.00000000,0.00000000,0.00000000,0.00000000,0.00000000,0.00000000,0.00000000,0.00000000,0.00000000,0.00000000,0.00000000,0.00000000,0.07632618,0.00000000,0.00000000,0.00303980,0.00000000,0.00000000,0.00000000,0.00000000,0.00000000,0.00000000,0.00925487,0.00591262,0.00000000,0.00000000,0.00000000,0.00852678,0.00000000,0.02026203,0.00000000,0.00000000,0.00000000,0.00000000,0.00000000,0.07739875,0.00000000,0.00000000,0.00000000,0.00000000,0.08036339,0.00000000,0.00000000,0.00000000,0.00000000,0.00000000,0.01614626,0.00000000,0.00000000,0.00000000,0.00000000,0.00000000,0.00000000
0.00000000,0.00000000,0.00000000,0.00886908,0.00000000,0.00000000,0.00150829,0.00000000,0.00000000,0.00000000,0.00000000,0.00000000,0.00000000,0.00000000,0.00000000,0.00000000,0.00000000,0.00000000,0.00000000,0.00000000,0.00000000,0.00000000,0.01387735,0.00000000,0.00000000,0.00000000,0.12612429,0.00000000,0.00000000,0.00000000,0.00415522,0.00000000,0.00248770,0.00968403,0.00000000,0.00000000,0.00000000,0.96236972,0.00000000,0.00000000,0.00000000,0.00000000,0.00000000,0.00000000,0.00000000,0.00000000,0.06155834,0.00000000,0.00000000,0.00000000,0.00000000,0.00000000,0.00000000,0.00000000,0.00131005,0.00000000,0.00000000,0.00000000,0.00000000,0.00000000,0.00000000,0.00000000,0.00000000,0.00000000,0.00000000,0.00590955,0.00000000,0.00000000,0.00000000,0.00000000,0.00000000,0.00000000,0.00000000,0.00000000,0.00000000,0.00000000,0.00000000,0.00401576,0.00000000,0.00000000,0.00000000,0.00000000,0.00446723,0.00000000,0.00000000,0.00000000,0.00000000,0.03183534,0.00000000,0.00000000,0.07148137,0.00000000,0.00000000,0.00000000,0.00000000,0.00478592,0.01471045,0.00000000,0.00000000,0.00000000,0.00134099,0.00000000,0.00000000,0.00000000,0.00000000,0.00000000,0.00000000,0.00000000,0.00000000,0.00000000,0.02733947,0.00000000,0.00000000,0.00000000,0.00000000,0.00000000,0.00000000,0.00000000,0.00000000,0.00000000,0.00000000,0.00000000,0.00561481,0.00000000,0.00000000,0.00000000,0.00000000,0.00000000,0.00000000,0.00000000,0.00000000,0.00000000,0.00000000,0.00000000,0.00667351,0.00000000,0.06438302,0.00000000,0.00000000,0.00000000,0.00394366,0.00000000,0.00000000,0.00000000,0.00000000,0.00000000,0.00000000,0.00000000,0.00000000,0.00441440,0.00000000,0.00000000,0.00000000,0.00000000,0.00426608,0.00000000,0.00000000,0.00000000,0.00000000,0.00000000,0.00000000,0.10284467,0.00000000,0.00000000,0.00000000,0.00000000,0.00000000,0.00000000,0.00000000,0.00000000,0.00000000,0.00000000,0.00000000,0.00000000,0.01540286,0.00000000,0.00000000,0.00000000,0.00000000,0.00000000,0.00000000,0.00000000,0.00322422,0.00000000,0.00000000,0.00000000,0.00000000,0.00000000,0.00000000,0.00000000,0.00000000,0.00000000,0.00000000,0.00000000,0.00294232,0.00000000,0.00000000,0.00000000,0.00000000,0.00000000,0.00000000,0.00000000,0.00000000,0.00000000,0.00000000,0.00000000,0.00000000,0.00617374,0.00000000,0.00000000,0.00000000,0.01012126,0.00000000,0.00000000,0.00000000,0.00000000,0.00000000,0.00000000,0.00000000,0.00000000,0.00000000,0.00000000,0.00000000,0.00000000,0.00000000,0.00000000,0.00000000,0.00000000,0.00000000,0.00000000,0.00000000,0.00000000,0.00000000,0.00000000,0.00000000,0.00000000,0.00000000,0.00000000,0.00000000,0.00000000,0.00000000,0.00000000,0.00000000,0.37336241,0.00000000,0.00000000,0.00000000,0.00000000,0.01824879,0.00000000,0.00000000,0.00000000,0.00307411,0.00000000,0.00000000,0.00000000,0.00000000,0.00000000,0.00000000,0.00000000,0.00000000,0.00000000,0.00067457,0.00486982,0.00000000,0.00000000,0.01161424,0.00000000,0.00000000,0.00000000,0.00206891,0.00000000,0.00000000,0.02682641,0.00000000,0.00000000,0.00871367,0.00000000,0.11507150,0.00000000,0.00000000,0.00000000,0.00000000,0.00000000,0.00000000,0.00000000,0.00000000,0.00000000,0.00000000,0.00000000,0.00000000,0.00000000,0.00000000,0.00000000,0.00000000,0.00000000,0.00000000,0.00000000,0.00000000,0.00000000,0.00000000,0.00000000,0.00000000,0.00000000,0.00000000,0.00000000,0.00000000,0.00000000,0.00000000,0.00000000,0.00000000,0.00000000,0.00000000,0.00000000,0.00000000,0.00000000,0.00000000,0.00372598,0.00000000,0.00000000,0.00000000,0.00000000,0.01853265,0.00000000,0.00000000,0.00000000,0.00000000,0.00000000,0.00000000,0.00000000,0.00000000,0.00000000,0.00000000,0.00000000,0.00000000,0.00000000,1.65617346,0.00000000,0.00000000,0.00000000,0.00301322,0.00160282,0.00000000,0.00000000,0.00000000,0.00621467,0.00000000,0.00000000,0.00000000,0.00302742,0.06675079,0.00000000,0.00000000,0.00000000,0.00230648,0.00000000,0.00000000,0.00000000,0.00382634,0.00000000,0.00000000,0.00000000,0.00000000,0.00000000,0.00000000,0.00000000,0.00364222,0.01511625,0.00000000,0.00135766,0.00000000,0.00000000,0.00000000,0.00000000,0.00000000,0.00000000,0.00000000,0.00000000,0.01426288,0.00000000,0.00000000,0.00000000,0.00000000,0.00000000,0.00000000,0.00000000,0.00000000,0.00000000,0.00000000,0.00000000,0.00000000,0.00000000,0.00000000,0.00000000,0.00000000,0.00000000,0.00000000,0.00322060,0.00000000,0.00000000,0.00000000,0.00000000,0.00000000,0.00000000,0.00000000,0.00000000,0.01170962,0.05281257,0.00000000,0.00000000,0.00000000,0.00000000,0.00000000,0.00000000,0.00000000,0.00000000,0.00000000,0.00000000,0.00000000,0.00000000,0.00000000,0.00000000,0.00000000,0.00000000,0.00000000,0.00000000,0.00000000,0.00000000,0.00000000,0.00000000,0.00000000,0.00000000,0.00000000,0.00000000,0.00000000,0.00000000,0.00000000,0.00000000,0.00000000,0.00000000,0.00000000,0.00000000,0.00000000,0.00000000,0.01369255,0.00000000,0.00000000,0.00000000,0.00000000,0.00000000,0.00000000,0.00000000,0.00631870,0.00000000,0.00000000,0.02808872,0.00000000,0.00000000,0.06696106,0.00000000,0.00000000,0.00000000,0.00000000,0.00000000,0.00000000,0.00000000,0.00000000,0.00393021,0.00000000,0.00000000,0.00000000,0.01582230,0.00000000,0.00000000,0.00000000,0.00000000,0.00000000,0.00000000,0.00000000,0.00000000,0.02503221,0.00452188,0.00000000,0.00000000,0.00000000,0.00000000,0.00000000,0.00000000,0.00000000,0.00000000,0.00000000,0.00000000,0.00000000,0.00000000,0.00458702,0.00000000,0.00000000,0.00000000,0.00000000,0.00226394,0.00000000,0.00000000,0.00000000,0.00000000,0.00000000,0.00000000,0.00000000,0.00000000,0.00000000,0.00236313,0.00000000,0.00000000,0.00000000,0.06849095,0.00000000,0.00000000,0.00420046,0.00000000,0.00266676,0.00384988,0.00000000,0.00000000,0.00000000,0.00000000,0.00000000,0.00000000,0.00000000,0.00000000,0.00000000,0.00000000,0.00000000,0.00000000,0.00000000,0.00000000,0.00000000,1.96288673,0.00000000,0.00000000,0.00000000,0.00595457,0.00000000,0.00000000,0.00000000,0.00000000,1.39966525,0.00000000,0.00000000,0.00000000,0.00000000,0.00000000,0.00000000,0.00000000,0.00000000,0.00000000,0.00000000,0.00000000,0.00000000,0.00000000,0.00000000,0.00000000,0.00000000,0.00000000,0.00000000,0.00359357,0.00000000,0.00000000,0.00000000,0.00000000,0.00000000,0.00000000,0.00050431,0.00000000,0.00698744,0.00000000,0.00000000,0.00000000,0.00000000,0.00000000,0.00000000,0.00000000,0.00000000,0.01061987,0.00190872,0.00000000,0.00000000,0.00000000,0.00000000,0.00000000,0.00000000,0.00000000,0.00000000,0.00000000,0.00000000,0.00000000,0.00000000,0.00000000,0.00000000,0.00000000,0.00000000,0.00000000,0.49547706,0.00000000,0.00000000,0.00075602,0.00000000,0.00000000,0.03495951,0.00000000,0.00000000,0.00000000,0.01400312,0.00000000,0.00000000,0.00000000,0.00000000,0.00000000,0.00000000,0.00000000,0.00110997,0.00000000,0.00000000,0.00000000,0.00000000,0.00000000,0.03660156,0.00000000,0.00177094,0.00000000,0.00000000,0.00000000,0.00000000,0.00000000,0.00000000,0.00000000,0.00000000,0.00000000,0.00000000,0.12143716,0.00000000,0.00334229,0.00000000,0.00000000,0.00000000,0.00000000,0.00963795,0.00000000,0.00000000,0.00000000,0.00771000,0.00000000,0.02307359,0.00000000,0.00000000,0.00000000,0.00000000,0.00000000,0.00000000,0.00768135,0.00000000,0.00000000,0.00000000,0.01281266,0.00000000,0.00000000,0.00000000,0.00438966,0.00000000,0.00000000,0.00000000,0.00000000,0.00573992,0.00000000,0.00000000,0.00000000,0.00000000,0.00442044,0.00000000,0.00000000,0.00000000,0.00000000,0.00000000,0.00000000,0.01029266,0.00000000,0.00000000,0.00000000,0.00000000,0.00000000,0.00000000,0.00000000,0.00000000,0.00000000,0.00000000,0.00000000,0.00000000,0.00000000,0.00000000,0.00000000,0.00000000,0.00000000,0.00000000,0.00000000,0.00000000,0.00000000,0.00000000,0.00000000,0.00000000,0.00000000,0.01356566,0.00000000,0.00000000,0.00000000,0.00000000,0.00000000,0.00000000,0.00000000,0.00000000,0.00000000,0.00000000,0.00000000,0.00000000,0.00000000,0.00000000,0.00000000,0.00000000,0.00857682,0.00000000,0.00056801,0.00000000,0.00000000,0.00000000,0.00000000,0.00000000,0.00000000,0.00000000,0.00000000,0.00000000,0.01949601,0.00000000,0.00000000,0.00000000,0.00000000,0.00000000,0.00000000,0.00000000,0.00000000,0.00000000,0.00191933,0.00000000,0.00000000,0.00000000,0.00000000,0.00000000,0.00000000,0.00000000,0.00000000,0.00000000,0.00401359,0.00000000,0.00000000,0.00000000,0.00227286,0.00000000,0.00000000,0.00000000,0.00000000,0.00000000,0.00000000,0.00000000,0.00000000,0.00000000,0.00000000,0.00000000,0.00000000,0.00000000,0.19424374,0.00218790,0.00000000,0.00000000,0.00000000,0.00528397,0.00000000,0.00000000,0.00000000,0.00000000,0.00000000,0.00000000,0.00000000,0.00000000,0.00000000,0.12766850,0.00000000,0.00528305,0.00000000,0.00000000,0.00000000,0.09665591,0.00055793,0.00000000,0.01414895
0.00000000,0.00000000,0.00000000,0.00000000,0.00000000,0.00000000,0.00460653,0.00000000,2.91377128,0.00000000,0.00000000,0.00000000,0.00000000,0.00000000,0.00000000,0.00000000,0.01525126,0.00000000,0.00652980,0.00351894,0.00000000,0.00000000,0.00000000,0.00000000,0.00000000,0.00414509,0.00000000,0.00125027,0.00000000,0.00000000,0.00000000,0.00000000,0.03615334,0.00000000,0.00748857,0.00000000,0.00000000,0.00000000,0.00000000,0.00000000,0.00000000,0.00000000,0.00000000,0.00000000,0.00000000,0.00000000,0.00000000,0.00000000,0.00000000,0.00000000,0.00000000,0.00000000,0.00000000,0.00000000,0.08943113,0.00000000,0.00000000,0.00000000,0.00000000,0.00000000,0.19109754,0.00000000,0.00000000,0.00000000,0.00000000,0.00000000,0.00000000,0.00000000,0.00000000,0.00000000,0.00000000,0.00000000,0.00000000,0.00000000,0.00000000,0.00000000,0.00000000,0.00000000,0.00000000,0.00000000,0.00000000,0.00000000,0.00000000,0.00000000,0.00000000,0.00000000,0.02297728,0.00000000,0.00000000,0.00000000,0.00000000,0.00000000,0.00000000,0.00000000,0.00000000,0.00000000,0.00000000,0.00000000,0.01941694,0.00000000,0.00000000,0.00000000,0.00000000,0.00000000,0.00274830,0.00000000,0.00000000,0.08348682,0.00770403,0.00000000,0.00000000,0.00000000,0.00000000,0.00000000,0.00000000,0.00000000,0.00000000,0.00510230,0.00000000,0.00000000,0.00000000,0.00000000,0.00134699,0.00000000,0.00382009,0.00000000,0.00000000,0.00352305,0.00000000,0.00000000,0.00000000,0.00000000,0.00000000,0.00000000,0.00000000,0.00000000,0.00677758,0.00000000,0.00000000,0.00000000,0.03839732,0.01106833,0.00000000,0.00000000,0.01628421,0.00044911,0.00000000,0.00000000,0.00000000,0.02468833,0.00000000,0.00000000,0.00000000,0.00000000,0.01445655,0.00000000,0.00000000,0.00000000,0.00000000,0.00000000,2.92250174,0.00000000,0.00000000,0.00000000,0.00000000,0.00000000,0.00000000,0.00000000,0.00000000,0.00000000,0.00000000,0.00000000,0.00000000,0.00000000,0.00000000,0.00000000,0.00000000,0.00000000,0.00000000,0.00000000,0.00000000,0.00000000,0.00000000,0.00000000,0.00000000,0.00000000,0.00000000,0.00366405,0.00000000,0.00000000,0.00206071,0.00000000,0.00000000,0.00808051,0.00000000,0.00130437,0.00000000,0.00000000,0.00000000,0.00000000,0.08800728,0.00000000,0.00000000,0.00000000,0.00000000,0.00000000,0.10278664,0.00000000,0.00000000,0.00000000,0.00000000,0.00000000,0.00000000,0.00000000,0.00000000,0.03821332,0.00000000,0.00000000,0.00000000,0.00000000,0.00048526,0.00000000,0.00000000,0.00000000,0.00000000,0.00000000,0.00848868,0.00000000,0.00000000,0.00107747,0.00000000,0.00000000,0.00365095,0.00000000,0.00000000,0.00000000,0.00000000,0.00000000,0.01147702,0.00000000,0.00000000,0.00000000,0.00000000,0.00000000,0.01443243,0.00000000,0.00725319,0.00000000,0.00000000,0.00000000,0.00000000,0.00000000,0.00000000,0.00000000,0.00000000,0.00000000,0.02987596,0.00000000,0.00000000,0.00000000,0.53685069,0.00000000,0.00000000,0.00000000,0.00000000,0.33700809,0.00169506,0.00000000,0.00130020,0.27369754,0.00000000,0.00000000,0.00736100,0.00000000,0.00000000,0.00000000,0.00000000,0.00000000,0.00000000,0.00000000,0.00000000,0.00000000,0.00000000,0.00000000,0.00170158,0.00000000,0.00000000,0.00000000,0.00000000,0.00000000,0.00000000,0.00000000,0.00000000,0.04475530,0.00000000,0.00000000,0.00000000,0.00000000,0.00219331,0.00000000,0.00000000,0.00000000,0.00000000,0.00000000,0.00000000,0.00000000,0.00000000,0.00000000,0.00000000,0.00000000,0.00000000,0.00000000,0.00000000,0.00000000,0.01154196,0.00000000,0.00000000,0.00000000,0.00000000,0.00000000,0.00000000,0.00000000,0.00000000,0.00000000,0.00000000,0.00000000,0.00000000,0.00000000,0.00000000,0.00000000,0.13075169,0.00000000,0.00816651,0.00000000,0.00000000,0.00000000,0.00000000,0.00000000,0.00000000,0.00000000,0.00000000,0.00000000,0.00000000,0.00000000,0.00000000,0.35422808,0.00000000,0.00000000,0.00000000,0.00000000,0.00000000,0.00000000,0.18545509,0.00000000,0.00000000,0.00000000,0.00000000,0.00000000,0.00000000,0.00000000,0.09369582,0.00000000,0.00000000,0.00000000,0.00000000,0.00000000,0.00000000,0.00000000,0.00000000,0.00000000,0.00000000,0.00000000,0.00000000,0.00000000,0.00000000,0.00000000,0.00000000,0.00000000,0.00000000,0.00000000,0.00000000,0.00000000,0.07519656,0.00000000,0.00000000,0.00000000,0.00000000,0.00000000,0.00000000,0.00271557,0.00000000,0.00000000,0.00000000,0.12948478,0.00000000,0.00000000,0.00000000,0.00000000,0.00000000,0.00000000,0.00000000,0.00000000,0.00000000,0.00000000,0.00000000,0.00000000,0.00000000,0.00000000,0.05214893,0.00000000,0.00000000,0.00000000,0.00000000,0.00000000,0.07199055,0.00000000,0.00000000,0.00000000,0.00000000,0.00000000,0.00000000,0.00000000,0.00000000,0.00000000,0.00000000,0.00000000,0.00000000,0.00000000,0.00000000,0.00000000,0.00000000,0.00000000,0.00000000,0.00626907,0.00000000,0.00000000,0.00000000,0.00000000,0.00000000,0.00000000,0.00000000,0.00000000,0.00000000,0.00000000,0.00000000,0.00000000,0.00000000,0.00000000,0.01142876,0.00259868,0.00000000,0.00000000,0.02064715,0.00000000,0.35704385,0.00000000,0.00000000,0.00000000,0.00000000,0.00000000,0.00000000,0.00000000,0.00631234,0.00000000,0.00000000,0.00000000,0.00289032,0.00473235,0.00000000,0.00000000,0.00000000,0.00000000,0.00000000,0.00000000,0.00000000,0.04160839,0.00200760,0.00000000,0.00000000,0.00000000,0.00510612,0.03774708,0.00000000,0.00000000,0.00000000,0.00000000,0.00188789,0.00149920,0.02213121,0.00000000,0.00000000,0.00000000,0.00000000,0.00000000,0.00000000,0.00000000,0.00000000,0.00939398,0.00000000,0.00000000,0.00000000,0.00000000,0.00000000,0.00457612,0.00000000,0.00000000,0.00000000,0.00000000,0.00000000,0.00000000,0.00000000,0.00000000,0.00000000,0.00000000,0.00000000,0.00000000,0.00000000,0.00000000,0.00000000,0.00000000,0.00000000,0.00000000,0.00000000,0.00000000,0.00000000,0.00000000,0.00000000,0.00000000,0.00000000,0.01924531,0.00000000,0.04534725,0.00522529,0.01567908,0.00000000,0.00000000,0.00545754,0.00000000,0.00000000,0.00000000,0.32348375,0.00000000,0.00000000,0.00000000,0.00000000,0.00000000,0.00000000,0.00000000,0.00000000,0.00000000,0.00000000,0.00000000,0.00000000,0.00000000,0.00000000,0.00000000,0.00000000,0.00000000,1.41943957,0.00094341,0.03217282,0.00000000,0.00000000,0.00000000,0.00000000,0.00000000,0.00000000,0.00000000,0.00000000,0.00000000,0.00000000,0.00000000,0.00000000,0.00000000,0.00000000,1.35634658,0.00000000,0.00000000,0.00000000,0.00810247,0.00143141,0.00000000,0.00000000,0.00000000,0.00000000,0.00000000,0.00000000,0.00000000,0.00000000,0.00000000,0.00000000,0.00000000,0.00000000,0.00000000,0.00000000,0.00000000,0.00000000,0.00000000,0.00000000,0.00000000,0.00000000,0.00000000,0.00000000,0.03435773,0.00000000,0.00000000,0.00000000,0.00000000,0.00000000,0.00000000,0.00697670,0.00000000,0.01395417,0.00000000,0.00000000,0.00000000,0.06049907,0.00000000,0.00000000,0.00000000,0.04176259,0.00000000,0.00000000,0.00000000,0.00000000,0.00000000,0.00000000,0.00040566,0.00000000,0.00000000,0.00000000,0.00000000,0.00101603,0.00000000,0.00000000,0.00000000,0.00000000,0.00000000,0.00000000,0.00000000,0.00000000,0.00000000,0.00000000,0.00000000,0.00480861,0.00000000,0.00000000,0.17972770,0.00000000,0.00000000,0.00000000,0.00000000,0.00000000,0.00000000,0.00000000,0.00000000,0.00000000,0.00000000,0.00000000,0.00000000,0.00000000,0.00000000,0.00000000,0.00000000,0.00000000,0.00442807,0.00000000,0.00000000,0.00000000,0.00000000,0.00000000,0.00000000,0.00000000,0.00000000,0.00000000,0.00000000,0.00000000,0.00000000,0.00000000,0.00000000,0.00000000,0.00000000,0.00000000,0.00000000,0.00000000,0.00000000,0.01021587,0.00000000,0.00000000,0.00000000,0.00000000,0.00000000,0.00000000,0.00000000,0.00000000,0.00000000,0.00000000,0.00000000,0.00000000,0.00000000,0.00954435,0.00000000,0.00000000,0.00000000,0.00000000,0.00000000,0.00112468,0.00000000,0.00000000,0.00000000,0.03586047,0.00000000,0.00000000,0.00000000,0.00000000,0.00000000,0.00000000,0.00000000,0.00000000,0.00000000,0.00000000,0.00000000,0.00000000,0.00000000,0.00000000,0.00000000,0.00000000,0.00056009,0.00142868,0.00000000,0.00000000,0.00000000,0.00000000,0.00000000,0.00000000,2.23576924,0.00000000,0.03076847,0.00000000,0.00000000,0.00000000,0.00000000,0.00000000,0.00000000,0.00000000,0.00000000,0.00000000,0.00000000,0.00000000,0.00000000,0.00000000,0.00000000,0.00000000,0.00000000,0.00000000,0.00000000,0.00000000,0.00000000,0.00000000,0.02174165,0.00000000,0.00000000,0.00000000,0.00000000,0.00000000,0.00000000,0.00000000,0.00000000,0.00000000,0.00000000,0.00136723,0.00000000,0.00000000,0.00000000,0.00000000,0.00000000,0.00000000,0.00000000,0.00000000,0.00000000,0.00000000,0.00000000,0.00000000,0.17687550,0.00000000,0.00000000,0.00000000,0.00000000,0.00000000,0.00000000,0.00000000,0.00000000,0.00000000,0.00000000,0.00000000,0.00421995,0.00000000,0.00000000,0.00000000,0.00000000
0.00000000,0.00000000,0.00000000,0.00000000,0.00000000,0.00000000,0.00000000,0.00000000,0.00000000,0.00000000,0.00000000,0.00528453,0.00000000,0.00000000,0.00000000,0.00000000,0.00000000,0.00000000,0.00072648,0.00131162,0.00000000,0.00000000,0.00000000,0.09271514,0.00000000,0.00000000,0.00000000,0.00000000,0.00000000,0.00313721,0.00000000,0.00000000,0.00000000,0.00000000,0.00000000,0.00000000,0.00000000,0.00000000,0.00000000,0.00000000,0.00000000,0.00000000,0.00000000,0.04806434,0.00000000,0.00000000,0.00000000,0.00000000,0.00265795,2.29689116,0.00000000,0.00000000,0.00000000,0.00000000,0.00000000,0.00000000,0.00000000,0.00000000,0.00000000,0.00000000,0.00000000,0.00000000,0.00000000,0.00000000,0.00000000,0.00000000,0.00000000,0.00000000,0.00000000,0.00000000,0.00000000,0.00000000,0.00687216,0.00000000,0.00000000,0.00000000,0.00000000,0.00000000,0.00000000,0.00000000,0.00000000,0.00000000,0.00000000,0.31784909,0.00000000,0.01474968,0.00000000,0.00000000,0.00000000,0.00000000,0.00000000,0.00000000,0.00000000,0.00000000,0.00000000,0.00000000,0.00000000,0.00287195,0.00000000,0.00000000,0.00432666,0.00000000,0.00000000,0.00486715,0.00000000,0.00000000,0.13999809,0.00000000,0.00000000,0.00000000,0.00000000,0.00000000,0.00000000,0.00000000,0.00000000,0.05258482,0.00000000,0.00000000,0.01962317,0.00529969,0.01194356,1.30709999,0.00000000,0.00000000,0.00000000,0.00000000,0.00000000,0.00000000,0.00000000,0.00000000,0.00000000,0.00000000,0.00000000,0.00000000,0.00000000,0.00000000,0.00000000,0.00000000,0.00000000,0.00000000,0.00000000,0.00000000,0.01772803,0.00000000,0.00000000,0.00000000,0.00000000,0.00000000,0.00000000,0.00232236,0.00000000,0.00000000,0.00000000,0.00000000,0.00000000,0.00000000,0.00000000,0.00000000,0.04923491,0.00000000,0.02061043,0.00000000,0.00000000,0.00000000,0.00807202,0.00340107,0.00000000,0.01194581,0.00137701,0.00000000,0.00000000,0.00000000,0.00000000,0.00000000,0.00000000,0.00000000,0.00000000,0.00000000,0.00071410,0.00000000,0.00000000,0.00000000,0.00000000,0.00000000,0.00000000,0.00253173,0.00342691,0.00000000,0.00000000,0.00000000,0.00000000,0.00000000,0.00000000,0.00000000,0.00000000,0.00000000,0.00000000,0.00000000,0.00000000,0.00000000,0.00000000,0.00000000,0.00000000,0.00000000,0.00000000,0.00000000,0.00000000,0.00842891,0.00000000,0.00000000,0.00000000,0.00000000,0.00000000,0.00000000,0.00000000,0.00000000,0.00000000,0.00000000,0.00000000,0.00000000,0.14597250,0.00510094,0.00000000,0.00853101,0.00000000,0.00370573,0.00000000,0.00000000,0.00000000,0.00523122,0.00000000,0.00000000,0.00000000,0.00000000,0.05638384,0.00000000,0.00000000,0.00000000,0.00316493,0.00000000,0.00000000,0.00000000,0.00000000,0.00000000,0.00000000,0.00000000,0.00000000,0.00000000,0.00000000,0.00000000,0.00000000,0.00000000,0.00000000,0.00000000,0.00000000,0.00000000,0.00000000,0.00000000,0.00000000,0.00000000,0.00000000,0.00000000,0.00000000,0.00000000,0.00116443,0.00000000,0.06121253,0.00000000,0.01178442,0.00000000,0.00000000,0.00000000,0.00000000,0.00000000,0.00000000,0.01174789,0.00229225,0.00000000,0.00000000,0.00000000,0.00000000,0.00000000,0.00749330,0.00000000,0.00000000,0.00000000,0.03612448,0.00000000,0.00000000,0.00000000,0.00000000,0.00000000,0.00000000,0.00000000,0.01731411,0.00000000,0.00000000,0.00000000,0.00000000,0.00412040,0.00000000,0.00000000,0.00000000,0.00000000,0.00000000,0.00000000,0.00000000,0.00000000,0.00000000,0.00000000,0.00000000,0.00000000,0.00000000,0.00000000,0.00000000,0.00000000,0.00000000,0.00000000,0.00000000,0.00000000,0.00000000,0.00000000,0.00000000,0.00000000,0.00000000,0.00693608,0.00000000,0.00000000,0.00000000,0.00000000,0.00000000,0.00485143,0.00000000,0.00000000,0.00643311,0.00000000,0.00000000,0.00000000,0.00000000,0.00000000,0.00140329,0.00217892,0.00000000,0.00000000,0.00000000,0.00381639,0.00000000,0.00925034,0.01038477,0.00000000,0.00000000,0.00000000,0.00000000,0.00000000,0.00000000,0.03214770,0.00231994,0.00000000,0.00000000,0.00000000,0.00000000,0.00000000,0.00000000,0.00000000,0.00000000,0.00000000,0.00000000,0.00000000,0.00000000,0.00000000,0.00000000,0.00000000,0.00000000,0.00000000,0.00000000,0.00000000,0.00000000,0.00000000,0.00000000,0.00000000,0.00000000,0.00000000,0.00000000,0.00000000,0.00000000,0.00000000,1.16341373,0.00000000,0.00725309,0.00000000,0.00000000,0.00000000,0.00000000,0.00000000,0.00000000,0.00000000,0.00000000,0.00000000,0.00000000,0.00000000,0.00532809,0.00000000,0.00000000,0.01657761,0.00000000,0.00000000,0.00000000,0.00000000,0.00000000,0.00000000,0.00000000,0.00000000,0.00000000,0.00000000,0.00000000,0.00988157,0.00000000,0.00000000,0.00828085,0.00552238,0.00000000,0.03634682,0.00000000,0.00000000,0.00000000,0.00000000,0.00000000,0.00000000,0.00000000,0.00000000,0.00000000,0.01072891,0.00000000,0.00000000,0.00000000,0.00000000,0.01640307,0.00000000,0.00000000,0.00000000,0.00000000,0.00000000,0.00000000,0.00000000,0.00000000,0.00000000,0.00000000,0.00000000,0.00000000,0.00000000,0.00000000,0.00000000,0.00000000,0.00000000,0.00000000,0.00000000,0.00000000,0.07934102,0.00000000,0.00000000,0.00000000,0.01278401,0.00000000,0.00000000,0.00000000,0.00000000,0.00000000,0.00000000,0.00000000,0.00000000,0.00000000,0.00000000,0.00000000,0.01961339,0.00000000,0.00124917,0.00000000,0.00000000,0.00000000,0.00000000,0.00000000,0.00000000,0.00000000,0.00000000,0.00000000,0.00000000,0.00000000,0.00000000,0.00000000,0.00000000,0.00000000,0.00000000,0.00000000,0.00000000,0.00000000,0.44210239,0.00000000,0.12252959,0.00000000,0.00000000,0.00000000,0.00000000,0.00000000,0.00000000,0.00000000,0.00000000,0.00000000,0.00000000,0.00000000,0.00000000,0.00000000,0.00000000,0.00000000,0.00000000,0.00000000,0.00000000,0.00000000,0.00000000,0.00000000,0.03087894,0.00000000,0.00000000,0.00000000,0.00000000,0.00000000,0.00000000,0.00000000,0.00641134,0.00000000,0.00000000,0.00000000,0.00000000,0.00000000,0.00000000,0.00000000,0.00000000,0.00000000,0.00000000,0.00000000,0.00000000,0.00000000,0.00000000,0.00000000,0.00000000,0.00000000,0.00000000,0.00000000,0.00000000,0.00000000,0.00000000,0.00000000,0.00000000,0.00000000,0.00000000,0.00000000,0.00664622,0.00000000,0.00000000,0.00000000,0.00000000,0.00000000,0.00000000,0.00000000,0.00000000,0.00000000,0.00000000,0.00000000,0.00000000,0.00000000,0.00000000,0.00000000,0.00000000,0.00000000,0.00000000,0.00000000,0.00000000,0.00000000,0.00000000,0.00000000,0.03602641,0.00000000,0.00000000,0.00000000,0.00000000,0.00000000,0.00000000,0.00000000,0.00599152,0.00000000,0.00000000,0.00000000,0.00104294,0.00000000,0.00000000,0.00000000,0.00000000,0.00000000,0.00000000,0.00000000,0.00000000,0.00000000,0.00000000,0.00000000,0.00000000,0.00583605,0.07097055,0.00000000,0.00000000,0.00000000,0.00577307,0.00000000,0.00000000,0.02881500,0.00000000,0.00000000,0.00000000,0.00000000,0.00000000,0.00000000,0.00000000,0.12541585,0.00000000,0.00000000,0.00000000,0.00000000,0.00000000,0.00000000,0.00000000,0.00000000,0.00000000,0.00355110,0.34493728,0.00000000,0.00000000,0.00000000,0.00000000,0.00000000,0.00000000,0.01360343,0.00000000,0.00000000,0.00000000,0.00000000,0.00000000,0.00000000,0.00000000,0.00199114,0.00000000,0.00000000,0.00000000,0.00000000,0.00000000,0.00000000,0.00000000,0.00000000,0.00000000,0.00000000,0.00000000,0.00149341,0.00560465,0.00000000,0.00000000,0.00000000,0.00000000,0.00393544,0.00000000,0.00000000,0.01181243,0.00000000,0.00000000,0.00000000,0.00000000,0.00413442,0.00000000,0.00000000,0.00000000,0.00000000,0.00000000,0.00000000,0.00000000,0.00000000,0.00178844,0.00000000,0.00247071,0.00000000,0.01925577,0.00000000,0.00000000,0.00000000,0.00000000,0.00000000,0.00000000,0.00000000,0.00513847,0.00000000,0.00000000,0.00000000,0.00000000,0.00000000,0.00000000,0.00000000,0.00000000,0.00000000,0.00000000,0.00000000,0.00000000,0.00000000,0.00000000,0.03094963,0.00000000,0.00000000,0.00000000,0.00000000,0.00000000,0.00455507,0.14119285,0.00000000,0.00000000,0.00000000,0.00000000,0.00000000,0.00000000,0.00000000,0.00000000,0.00000000,0.00000000,0.00000000,0.00000000,0.00000000,0.00000000,0.00000000,0.00000000,0.00000000,0.00000000,0.00000000,0.00000000,0.03732085,0.00000000,0.00000000,0.00000000,0.00000000,0.07550166,1.63285696,0.00000000,0.00000000,0.00000000,0.00000000,0.00000000,0.00000000,0.00000000,0.00000000,0.00000000,0.00385722,0.00000000,0.00330174,0.00000000,0.01978299,0.00000000,0.00000000,0.00000000,0.00000000,0.00000000,0.00000000,0.00000000,0.00000000,0.00000000,0.00098121,0.00000000,0.00000000,0.00000000,0.00200403,0.00000000,0.00000000,0.00000000,0.00000000,0.00000000,0.00000000,0.03670769,0.00000000,0.00835241,0.00000000,0.00000000,0.00000000,0.00000000,0.00000000,0.00000000,0.00822214,0.01366072,0.00000000,0.00107434,0.00000000,0.00000000,0.00000000,0.00000000,0.00000000,0.00000000,0.00000000,0.00000000,0.00000000,0.00000000
0.00000000,0.00000000,0.00000000,0.04348786,0.00000000,0.00000000,0.00000000,0.00000000,0.00000000,0.00000000,0.00000000,0.00000000,0.00000000,0.00000000,0.00000000,0.00482996,0.00000000,0.00000000,0.00164594,0.00000000,0.00000000,0.00000000,0.00000000,0.00000000,0.00000000,0.00000000,0.00000000,0.00000000,0.00000000,0.00000000,0.00000000,0.00000000,0.00000000,0.02945067,0.00000000,0.00000000,0.02128006,0.00000000,0.00000000,0.00000000,0.00000000,0.00000000,0.00000000,0.00000000,0.00000000,0.00000000,0.00000000,0.00000000,0.15040874,0.01013784,0.00000000,0.00000000,0.00000000,0.00000000,0.00000000,0.00000000,0.00000000,0.00000000,0.00000000,0.00000000,0.00000000,0.00000000,0.00000000,0.00000000,0.00000000,0.00000000,0.00077892,0.00000000,0.00000000,0.00000000,0.00000000,0.00000000,0.00000000,0.00000000,0.00000000,0.00000000,0.00000000,0.00000000,0.00000000,0.00000000,0.01058612,0.00239580,0.01536209,0.00000000,0.00000000,0.00000000,0.00000000,0.00000000,0.00000000,0.00000000,0.00000000,0.00000000,0.00000000,0.00000000,0.00000000,0.00000000,0.00000000,0.01542441,0.00000000,0.00000000,0.00000000,0.00000000,0.00116375,0.00000000,0.00000000,0.00000000,0.00000000,0.00000000,0.00000000,0.00000000,0.00000000,0.00000000,0.00000000,0.00000000,0.04157477,0.00000000,0.00000000,0.00000000,0.00000000,0.00000000,0.00000000,0.00000000,0.00000000,0.00000000,0.00000000,0.00000000,0.00000000,0.00000000,0.00000000,0.00000000,0.00000000,0.00000000,0.00000000,0.00000000,0.00000000,0.00000000,0.00000000,0.00000000,0.00000000,0.00000000,0.00000000,0.12178123,0.00000000,0.00000000,0.00000000,0.03342256,0.00000000,0.00424517,0.00000000,0.00000000,0.00000000,0.00000000,0.00000000,0.00000000,0.02606799,0.00000000,0.00000000,0.00000000,0.00000000,0.00000000,0.00000000,0.00000000,0.00000000,0.00000000,0.00000000,0.00561642,0.00513446,0.00000000,0.00000000,0.00359452,0.00000000,0.00000000,0.00000000,0.00000000,0.00000000,0.00000000,0.00000000,0.07451299,0.00000000,0.00000000,0.00000000,0.00000000,0.00000000,0.00000000,0.00000000,0.00000000,0.00000000,0.10590159,0.00000000,0.00088034,0.00000000,0.00000000,0.00000000,0.00000000,0.00358915,0.00000000,0.00000000,0.00000000,0.00000000,0.00000000,0.00000000,0.00000000,0.00000000,0.00000000,0.00000000,0.00000000,0.00000000,0.00000000,0.00000000,0.00000000,0.00098398,0.00000000,2.26568389,0.00000000,0.00000000,0.00000000,0.00000000,0.00000000,0.00000000,0.00000000,0.00000000,0.00000000,0.00000000,0.00000000,0.00000000,0.00000000,0.00000000,0.00000000,0.00000000,0.00000000,0.00000000,0.00000000,0.00000000,0.00757557,0.00000000,0.00000000,0.00000000,0.00355138,0.00235689,0.00000000,0.00000000,0.00000000,0.00000000,0.00000000,0.00000000,0.00000000,0.00000000,0.80599815,0.00000000,0.00000000,0.00000000,0.00000000,0.00000000,0.00000000,0.05618224,0.00000000,0.00566639,0.00000000,0.00000000,0.00000000,0.00355995,0.00000000,0.00000000,0.00000000,0.00000000,0.00000000,0.00000000,0.00000000,0.00000000,0.00000000,0.00000000,0.00000000,0.00000000,0.00000000,0.01515381,0.00000000,0.00000000,0.00000000,0.00000000,0.00000000,0.00000000,0.00000000,0.00492258,0.00000000,0.00000000,0.00000000,0.00000000,0.00000000,0.00000000,0.00000000,0.00000000,0.00000000,0.00000000,0.00000000,0.00000000,0.00000000,0.00000000,0.00000000,0.00000000,0.00000000,0.00000000,0.00000000,0.00000000,0.00543319,0.00000000,0.00000000,0.00000000,0.00000000,0.00000000,0.00000000,0.00000000,0.00000000,0.00000000,0.00000000,0.00000000,0.00000000,0.00000000,0.03704676,0.00000000,0.00000000,0.00000000,0.00000000,0.00000000,0.00000000,0.00000000,0.00000000,0.00000000,0.00000000,0.00000000,0.00000000,0.00000000,0.00000000,0.00000000,0.00000000,0.00000000,0.00370515,0.00000000,0.00000000,0.00000000,0.00000000,0.00325600,0.00000000,0.00000000,0.00326849,0.00000000,0.00000000,0.00000000,0.00000000,0.00000000,0.00000000,0.00000000,0.00000000,0.00000000,0.00000000,0.00000000,0.00000000,0.00000000,0.00000000,0.00000000,0.00000000,0.00000000,0.00000000,0.00000000,0.00000000,0.00000000,0.00000000,0.00000000,0.00000000,0.00000000,0.00000000,0.00000000,0.00000000,0.00335631,0.00000000,0.00000000,0.00118910,0.00000000,0.00000000,0.00000000,0.00343159,0.00000000,0.00000000,0.00000000,0.00439249,0.00000000,0.00927337,0.00000000,0.04171165,0.00000000,0.00000000,0.00000000,0.00000000,0.00000000,0.00000000,0.00841540,0.00000000,0.00000000,0.00000000,0.00000000,0.00000000,0.00000000,0.00000000,0.00000000,0.00000000,0.00000000,0.00507858,0.00000000,0.00083374,0.00000000,0.00000000,0.00000000,0.00000000,0.00000000,0.00000000,0.00000000,0.00000000,0.01706742,0.00000000,0.00000000,0.26429814,0.00000000,0.00000000,0.00000000,0.00000000,0.00000000,0.00000000,0.00000000,0.00000000,0.00000000,0.01249075,0.00000000,0.00000000,0.00000000,0.00000000,0.00000000,0.01623830,0.00000000,0.00000000,0.00000000,0.00000000,1.84617208,0.00000000,0.92786760,0.00000000,0.00000000,0.01464499,0.00000000,0.00000000,0.00000000,0.00000000,0.00000000,0.00330113,0.00000000,0.00000000,0.00000000,0.00000000,0.00000000,0.00000000,0.00000000,0.00000000,0.00000000,0.00000000,0.00000000,0.00000000,0.00591575,0.00000000,0.00000000,0.04205797,0.00569989,0.00000000,0.00000000,0.00000000,0.00000000,0.00000000,0.00000000,0.00000000,0.00000000,0.00000000,0.00000000,0.00000000,0.02251207,0.00084648,0.03241184,0.00000000,0.00000000,0.00000000,0.00000000,0.02808118,0.00000000,0.00000000,0.00000000,0.02746211,0.00000000,0.00000000,0.00000000,0.00000000,0.00000000,0.00000000,0.00000000,0.00000000,0.00000000,0.00000000,0.00000000,0.00000000,0.00000000,0.00000000,0.00000000,0.00345527,0.30282828,0.00000000,0.00000000,0.00000000,0.00000000,0.00000000,0.00000000,0.00000000,0.00000000,0.00450988,0.00000000,0.00000000,0.00000000,0.00000000,0.00000000,0.00000000,0.00000000,0.03651878,0.00000000,0.00000000,0.00000000,0.00000000,0.00000000,0.00000000,0.00715318,0.00000000,0.00000000,0.00000000,0.00000000,0.00000000,0.00000000,0.00000000,0.00000000,0.00000000,0.00000000,0.00341741,0.00000000,0.06241974,0.03921293,0.00000000,0.00000000,0.00000000,0.00000000,0.00000000,0.00000000,0.00000000,0.00000000,0.00000000,0.00000000,0.00000000,0.00553031,0.00000000,0.00000000,0.00000000,0.03738505,0.00000000,1.34822462,0.00000000,0.00000000,0.00000000,0.00000000,0.00000000,0.00000000,2.67966453,0.00000000,0.00000000,0.00777262,0.00000000,0.00000000,0.00098836,0.00517103,0.00000000,0.00000000,0.00000000,0.00000000,0.00000000,0.00000000,0.00000000,0.02497949,0.00000000,0.00000000,0.00000000,0.00000000,0.00000000,0.00000000,0.00570362,0.00000000,0.00000000,0.00000000,0.00000000,0.00000000,0.00781056,0.00000000,0.00000000,0.00000000,0.00000000,0.00000000,0.00000000,0.00000000,0.00000000,0.00000000,0.00000000,0.00695508,0.00000000,0.00000000,0.00000000,0.00221660,0.00000000,0.52743945,0.00000000,0.00000000,0.00000000,0.00000000,0.00000000,0.00000000,0.00000000,0.00000000,0.00000000,0.00000000,0.00000000,0.00000000,0.00000000,0.00712078,0.00000000,1.20859295,0.00000000,0.00000000,0.00000000,0.00000000,0.00000000,0.00927239,0.00000000,0.00000000,0.00000000,0.01239309,0.00000000,0.00000000,0.00000000,0.00000000,0.00000000,0.00290678,0.00000000,0.00000000,0.00000000,0.00000000,0.00000000,0.01784178,0.00000000,0.00000000,0.01257662,0.00000000,0.00000000,0.00000000,0.00000000,0.00000000,0.00000000,0.02491286,0.00000000,0.00000000,0.00000000,0.02340434,0.00000000,0.00000000,0.00000000,0.00000000,0.00000000,0.00000000,0.00000000,0.00000000,0.00000000,0.00000000,0.00000000,0.03860640,0.00000000,0.00000000,0.00000000,0.00000000,0.00000000,0.00000000,0.00000000,0.00000000,0.00000000,0.00000000,0.00000000,0.00000000,0.00000000,0.00000000,0.01760282,0.00000000,0.00000000,0.00000000,0.00000000,0.00000000,0.00000000,0.00000000,0.00000000,0.00000000,0.00000000,0.00000000,0.00000000,0.00000000,0.00000000,0.00000000,0.00000000,0.00000000,0.00000000,0.00000000,0.00000000,0.00000000,0.00000000,0.00000000,0.00000000,0.00000000,0.00000000,0.00319598,0.00000000,0.00000000,0.00000000,0.00000000,0.00000000,0.00000000,0.00000000,0.00000000,0.00000000,0.00000000,0.00000000,0.00000000,0.00000000,1.44103389,0.00000000,0.00000000,0.01888183,0.00000000,0.00000000,0.00000000,0.00000000,0.00000000,0.01738673,0.00000000,0.00000000,0.00000000,0.00000000,0.00000000,0.01994448,0.00000000,0.00000000,0.00000000,0.00472333,0.00000000,0.00000000,0.00000000,0.00000000,0.00369825,0.00000000,0.00000000,0.00321950,0.00000000,0.02688555,1.19665837,0.00000000,0.00000000,0.08026055,0.00000000,0.00000000,0.00000000,0.00000000,0.00000000,0.00000000,0.00000000,0.07344177,0.00000000,0.00000000,0.00000000,0.00000000,0.00354821,0.00000000,0.00000000,0.00000000,0.00000000,0.00000000,0.00000000,0.00000000,0.00000000,0.00000000,0.00000000,0.00000000,0.00338739,0.00276832,0.00225636,0.00000000,0.00000000,0.00000000
0.00000000,0.00000000,0.00000000,0.00000000,0.00000000,0.00000000,0.00948654,0.00000000,0.00000000,0.00000000,0.00000000,0.00000000,0.00000000,0.00000000,0.00000000,0.00000000,0.03415730,0.00000000,0.00000000,0.00647184,0.00000000,0.00000000,0.00185487,0.00000000,0.00000000,0.00000000,0.00000000,0.00000000,0.00000000,0.00000000,0.00000000,0.00000000,0.00000000,0.00000000,0.00000000,0.00000000,0.00000000,0.00000000,0.01206530,0.00000000,0.00000000,0.00000000,0.00000000,0.00000000,0.00000000,0.00000000,0.00000000,0.00000000,0.00000000,0.00000000,0.00000000,0.00654873,0.00000000,0.00000000,0.00000000,0.00000000,0.00000000,0.00000000,0.00000000,0.00000000,0.00000000,0.01278971,0.00000000,0.00000000,0.00454934,0.00000000,0.00000000,0.02001496,0.00000000,0.00206370,0.00331555,0.00000000,0.00000000,0.00000000,0.00500938,0.00000000,0.05267391,0.00000000,0.01801556,0.00000000,0.00000000,0.00000000,0.00000000,0.00000000,0.00000000,0.00000000,0.00000000,0.00000000,0.00000000,0.00000000,0.00000000,0.00000000,0.00000000,0.00193092,0.00000000,0.00000000,0.00000000,0.19216302,0.00000000,0.00000000,0.00000000,0.00677314,0.00000000,0.00000000,0.00000000,0.00000000,0.00000000,0.00000000,0.00000000,0.00000000,0.00000000,0.00000000,0.00000000,0.00000000,0.00000000,0.00000000,0.00000000,0.00000000,0.00000000,0.00000000,0.00000000,0.00572981,0.00000000,0.00000000,0.00000000,0.00000000,0.00000000,0.00000000,0.00000000,0.00000000,0.00000000,0.00000000,0.00000000,0.00000000,0.00000000,0.00000000,0.00000000,0.00000000,0.00000000,0.00000000,0.00000000,0.00000000,0.00000000,0.00000000,0.00000000,0.00000000,0.00072141,0.00000000,0.00000000,0.00000000,0.00000000,0.00000000,0.00000000,0.00755077,0.00145029,0.00000000,0.01026980,0.00000000,0.00000000,0.00000000,0.03320693,0.00000000,0.00000000,0.00000000,0.00000000,0.00000000,0.00000000,0.00000000,0.00000000,0.00000000,0.26252931,0.00000000,0.00000000,0.00000000,0.00000000,0.00000000,0.00000000,0.00463446,0.00000000,0.17165514,0.00000000,0.00000000,0.00000000,0.00000000,0.00000000,0.00000000,0.00000000,0.00000000,0.00000000,0.00000000,0.00167832,0.00000000,0.00000000,0.00000000,0.00000000,0.00000000,0.00000000,0.00000000,0.00000000,0.00000000,0.00000000,0.00000000,0.00000000,0.00353053,0.00000000,0.00000000,0.00000000,0.00000000,0.00000000,0.00000000,0.02079278,0.00000000,0.00000000,0.00000000,0.00141775,0.03372720,0.00000000,0.00000000,0.00000000,0.00000000,0.00000000,0.00000000,0.00000000,0.00000000,0.00000000,0.00000000,0.68014449,0.00000000,0.00181750,0.00000000,0.00000000,0.00000000,0.00000000,0.00000000,0.00000000,0.00000000,0.00000000,0.00425964,0.00000000,0.00000000,0.00000000,0.00000000,0.00000000,0.00000000,0.00000000,0.00000000,0.00000000,0.00000000,0.00000000,0.00000000,0.00000000,0.00000000,0.00000000,0.03263766,0.00000000,0.00000000,0.00000000,0.00000000,0.00000000,0.00000000,0.00000000,0.01734579,0.00000000,0.00000000,0.00000000,0.00000000,0.00250868,0.00000000,0.00000000,0.00000000,0.00000000,0.00000000,0.00000000,0.00000000,0.00000000,0.00000000,0.00000000,0.00000000,0.03101303,0.00000000,0.00000000,0.00565167,0.00000000,0.00000000,0.00000000,0.00000000,0.00000000,0.00000000,0.00000000,0.00360749,0.00000000,0.00000000,0.00000000,0.00000000,0.00425809,0.00000000,0.00101095,0.00000000,0.00000000,0.00000000,0.00000000,0.00000000,0.00000000,0.00000000,0.00174300,0.00000000,0.00000000,0.00000000,0.00000000,0.00000000,0.00000000,0.00000000,0.00000000,0.00000000,0.00000000,0.00000000,0.00000000,0.00000000,0.00000000,0.26326191,0.00000000,0.00000000,0.00000000,0.00000000,0.00000000,0.00000000,0.00000000,0.00000000,0.00507099,0.00000000,0.00000000,0.00000000,2.46778405,0.00000000,0.00000000,0.00000000,0.00000000,0.00380505,0.00000000,0.00000000,0.00000000,0.00000000,0.00000000,0.00000000,0.00000000,0.00000000,0.00000000,0.00000000,0.00000000,0.00000000,0.00000000,0.00000000,0.00000000,0.00000000,0.00000000,0.00000000,0.00000000,0.00000000,0.00000000,0.00000000,0.00065894,0.00000000,0.00000000,0.00000000,0.00000000,0.00000000,0.00000000,0.00000000,0.00000000,0.00000000,0.00000000,0.00000000,0.00000000,0.00000000,0.00000000,0.00000000,0.00000000,0.00000000,0.00000000,0.00000000,0.00000000,0.00000000,0.00000000,0.00000000,0.00000000,0.00000000,0.00000000,0.00000000,0.00000000,0.00000000,0.00000000,0.00000000,0.00000000,0.00000000,0.00000000,0.00000000,0.00000000,0.00000000,0.00000000,0.00000000,0.00000000,0.00000000,0.00000000,0.00000000,0.00000000,0.00000000,0.00000000,0.00000000,0.00000000,0.00000000,0.00000000,0.00000000,0.00000000,0.00000000,0.00155205,0.00000000,0.00000000,0.00000000,0.00000000,0.00000000,0.00000000,0.00000000,0.00000000,0.00093354,0.00000000,0.01429513,0.00000000,0.00000000,0.00000000,0.00000000,0.00000000,0.00000000,0.00288073,0.00000000,0.00000000,0.00000000,0.00892490,0.00000000,0.00000000,0.03986500,0.00000000,0.00000000,0.00000000,0.00000000,0.00000000,0.00975532,0.00000000,0.00000000,0.00000000,0.00000000,0.00000000,0.00000000,0.00000000,0.00000000,0.00000000,0.00000000,0.00000000,0.00639170,0.00000000,0.00000000,0.00000000,0.00000000,0.00000000,0.01953532,0.00000000,0.00000000,0.00000000,0.00000000,0.00000000,0.00530416,0.00000000,0.00000000,0.00336367,0.01794492,0.00000000,0.00000000,0.00000000,0.00000000,0.00000000,0.00000000,0.00355361,0.00000000,0.00000000,0.00000000,0.01146680,0.16047808,0.00000000,0.00000000,0.00000000,0.00000000,0.00000000,0.00000000,0.00000000,0.00000000,0.00000000,0.00000000,0.01481627,0.00000000,0.00000000,0.00000000,0.00000000,0.00000000,0.00000000,0.00000000,0.00000000,0.00000000,0.00000000,0.00000000,0.00000000,0.00000000,0.00000000,0.00000000,0.00000000,0.00000000,0.00000000,0.00119287,0.00000000,0.08666977,0.00000000,0.00000000,0.00000000,0.00000000,0.00000000,0.01494720,0.00000000,0.00000000,0.00000000,0.00000000,0.00000000,0.00000000,0.00228483,0.00000000,0.00000000,0.00000000,0.00000000,0.00000000,0.00000000,0.00000000,0.00000000,0.00000000,0.00000000,0.00430348,0.00000000,0.00098891,0.00000000,0.00000000,0.00142834,0.00000000,0.00000000,0.00000000,0.00000000,0.00000000,0.00000000,0.00000000,0.00000000,0.00000000,0.00000000,0.00000000,0.00000000,0.00000000,0.00000000,0.00834068,0.00000000,0.00000000,0.00000000,0.00000000,0.00000000,0.00000000,0.00000000,0.00000000,0.00000000,0.00000000,0.00579208,0.00000000,0.00000000,0.00000000,0.00000000,0.00000000,3.46315826,0.00000000,0.04697073,0.00000000,0.00000000,0.00824710,0.00000000,0.00000000,0.00000000,0.00000000,0.00000000,0.00000000,0.00000000,0.00000000,0.00000000,0.00000000,0.00000000,0.00000000,0.00565230,0.00000000,0.21852515,0.00000000,0.00000000,0.00553886,0.00000000,0.00000000,0.00000000,0.00000000,0.00000000,0.00000000,0.01628477,0.00000000,0.00000000,0.00000000,0.00000000,0.00000000,0.00000000,0.00000000,0.00000000,0.00000000,0.01361320,0.00000000,0.00333389,0.00000000,0.00000000,0.00000000,0.00000000,0.00000000,0.00000000,0.00000000,0.00000000,0.00000000,0.00000000,0.00000000,0.00000000,0.00000000,0.00000000,0.00000000,0.00000000,0.00000000,0.00000000,0.00000000,0.06821472,0.00000000,0.00000000,0.00000000,0.00000000,0.00174392,0.00000000,0.01223295,0.00000000,0.02476443,0.00000000,0.00357991,0.00000000,0.00000000,0.00000000,0.00000000,0.00000000,0.00000000,0.00000000,0.00000000,0.00000000,0.00000000,0.00000000,0.00000000,0.00000000,0.00000000,0.00000000,0.00000000,0.00000000,0.00000000,0.06217582,0.00000000,0.00000000,0.00000000,0.00000000,0.00000000,0.00000000,0.00539347,0.00000000,0.00000000,0.00000000,0.00000000,0.00679539,0.00000000,0.00000000,0.00000000,0.00000000,0.00000000,0.00300728,0.00000000,0.00000000,0.00000000,0.00000000,0.00000000,0.00000000,0.00000000,0.00000000,0.00000000,0.00000000,0.00000000,0.00000000,0.00000000,0.00000000,0.00000000,0.00000000,0.00000000,0.00000000,0.00000000,0.00000000,0.00000000,0.00000000,0.00000000,0.00519997,0.00000000,0.00000000,0.00000000,0.00000000,0.00000000,0.00090152,0.00000000,0.00000000,0.00000000,0.00000000,0.00000000,0.00000000,0.00000000,0.00000000,0.06777221,0.00000000,0.00000000,0.00000000,0.00000000,0.01050415,0.00000000,0.00000000,0.00000000,0.00000000,0.00000000,0.19260325,0.01017374,0.00000000,0.00346539,0.00000000,0.02846814,0.00000000,0.00000000,0.00000000,0.00000000,0.00000000,0.00215291,0.00000000,0.00000000,0.00000000,0.00000000,0.00000000,0.03000942,0.00000000,0.00446979,0.00000000,0.00000000,0.00000000,0.00000000,0.00000000,0.04280716,0.00398010,0.00000000,0.00000000,0.00000000,0.00000000,0.22507583,0.00000000,0.00000000,0.00202800,0.00000000,0.10457658,0.03291620,0.00932836,0.04189205,0.00000000,0.00000000,0.05810387,0.00000000,0.00000000,0.00000000,0.00000000,0.00000000,0.00000000,0.02140527,0.00000000,0.00000000,0.00000000,0.01154599,0.00000000,0.00000000,0.00000000,0.00000000,0.00402522,0.00000000,0.00000000,0.00000000
0.00000000,0.00000000,0.00000000,0.00000000,0.00000000,0.00000000,0.00000000,0.00574649,0.00000000,0.00000000,0.03933455,0.00000000,0.00000000,0.00000000,0.36321124,0.00000000,0.00000000,0.00000000,0.00000000,0.00000000,0.00000000,0.00000000,0.00000000,0.00000000,0.00000000,0.01241839,0.00000000,0.00000000,0.00000000,0.00979118,0.00000000,0.00000000,0.00000000,0.00000000,0.02916239,0.00000000,0.00000000,0.00000000,0.00000000,0.00000000,0.00000000,0.00000000,0.00000000,0.00000000,0.16853856,0.00000000,0.00000000,0.00000000,0.00000000,0.00000000,0.00000000,0.00000000,0.00000000,0.00000000,0.00000000,0.00000000,0.00000000,0.00439417,0.00000000,0.00000000,0.00000000,0.00236985,0.00000000,0.00000000,0.00000000,0.00000000,0.00000000,0.00000000,0.00000000,0.00000000,0.00000000,0.00000000,0.00000000,0.11746598,0.00000000,0.00000000,0.00000000,0.00000000,0.00000000,0.00000000,0.00000000,0.00000000,0.00289728,0.00000000,0.00204307,0.00000000,0.00000000,0.00000000,0.00325415,0.00000000,0.00000000,0.00000000,0.04483179,0.00000000,0.00000000,0.00000000,0.00000000,0.00000000,0.00000000,0.00000000,0.01622496,0.00000000,0.00000000,0.00000000,0.00000000,0.00000000,0.00000000,0.00000000,0.00000000,0.00425673,0.00000000,0.48206346,0.00000000,0.00000000,0.00000000,0.00000000,0.00000000,0.00000000,0.00000000,0.00179262,0.01082671,0.00000000,0.00000000,0.00208574,0.00000000,0.00000000,0.00000000,0.00000000,0.00000000,0.00000000,0.00000000,0.00155407,0.17721710,0.01257876,0.00343369,0.00000000,0.00000000,0.00000000,0.00000000,0.00000000,0.00000000,0.00000000,0.00000000,0.01216753,0.00000000,0.07735244,0.00000000,0.00000000,0.00000000,0.00000000,0.00000000,0.00000000,0.00000000,0.00000000,0.00000000,0.00000000,0.00000000,0.00000000,0.00000000,0.00091528,0.00000000,0.00000000,0.00000000,0.00000000,0.00000000,0.00419431,0.00000000,0.03092001,0.00000000,0.01220991,0.00000000,0.00000000,0.00000000,0.00000000,0.00000000,0.00000000,0.00000000,0.00000000,0.00000000,0.00000000,0.00087509,0.00000000,0.00000000,0.00000000,0.00000000,3.20583109,0.00000000,0.00000000,0.00000000,0.00000000,1.93123239,0.00000000,0.00000000,0.00000000,0.00000000,0.00198567,0.01356009,0.00000000,0.00000000,0.00000000,0.00340546,0.00000000,0.00000000,0.00000000,0.00000000,0.00000000,0.00000000,0.00202618,0.00000000,0.00000000,0.00000000,0.00000000,0.00000000,0.00000000,0.00000000,0.00000000,0.00000000,0.00555783,0.00204419,0.00000000,0.00000000,0.00563991,0.00000000,0.00000000,0.00000000,0.00000000,0.00000000,0.00000000,0.00000000,0.01451847,0.00000000,0.00777651,0.00000000,0.00000000,0.00000000,0.00000000,0.00000000,0.00000000,0.00000000,0.00000000,0.00000000,0.00000000,0.00000000,0.00000000,0.00000000,0.00000000,0.00000000,0.00000000,0.00000000,0.00000000,0.00000000,0.00000000,0.00000000,0.00000000,0.00000000,0.00000000,0.00000000,0.00000000,0.00000000,0.00000000,0.00000000,0.00000000,0.00077382,0.00000000,0.00382182,0.00000000,0.00286690,0.00000000,0.00157601,0.01004486,0.00997289,0.01425744,0.00000000,0.00000000,0.00000000,0.00000000,0.00000000,0.00000000,0.00000000,0.00000000,0.00000000,0.00000000,0.00000000,0.00000000,0.00262261,0.00150291,0.00000000,0.00000000,0.00000000,0.00000000,0.00000000,0.00000000,0.00000000,0.00000000,0.00000000,0.00000000,0.00436167,0.01006689,0.00000000,0.00743480,0.00000000,0.00000000,0.00000000,0.00000000,0.00000000,0.00000000,0.00000000,0.00000000,0.00000000,0.00000000,0.00000000,0.00000000,0.00000000,0.00000000,0.00000000,0.00000000,0.00000000,0.00000000,0.01083083,0.00000000,0.00000000,0.00000000,0.00000000,0.00000000,0.00000000,0.00000000,0.00093901,0.00000000,0.00000000,0.00000000,0.00000000,0.00000000,0.00000000,0.00000000,0.01112621,0.00000000,0.00000000,0.00000000,0.00454479,0.00000000,0.07525117,0.00000000,0.00604000,0.00000000,0.00000000,0.00000000,0.00000000,0.00000000,0.00000000,0.00000000,0.00000000,0.00000000,0.00000000,0.00000000,0.00000000,0.00000000,0.00000000,0.00000000,0.00000000,0.00000000,0.00000000,0.00364222,0.00000000,0.00000000,0.00000000,0.00000000,0.00000000,0.00000000,0.00000000,1.18413337,0.02971384,0.00000000,0.00000000,0.00000000,0.00000000,0.00000000,0.00000000,0.00000000,0.00000000,0.00000000,0.00498369,0.00000000,0.00000000,0.00000000,0.00000000,0.03621557,0.00000000,0.00000000,0.00000000,0.00000000,0.00000000,0.00000000,0.00000000,0.00000000,0.00000000,0.00000000,0.02535470,0.00000000,0.00000000,0.00000000,0.00000000,0.00860997,0.00000000,0.00000000,0.00409189,0.00000000,0.00000000,0.00000000,0.00873393,0.00000000,0.00000000,0.00000000,0.00000000,0.00000000,0.00000000,0.00722678,0.12539077,0.00000000,0.00000000,0.00000000,0.00000000,0.00000000,0.00000000,0.00000000,0.00000000,0.00000000,0.01498558,0.00000000,0.00000000,0.00000000,0.03142848,0.00000000,0.03799267,0.00000000,0.00000000,0.00000000,0.00000000,0.00000000,0.00000000,0.00000000,0.00000000,0.00000000,0.00000000,0.00000000,0.00000000,0.00000000,0.00000000,0.00000000,0.00000000,0.00000000,0.00000000,0.00000000,0.00000000,0.00000000,0.00000000,0.00000000,0.00000000,0.00000000,0.00000000,0.00000000,0.00379747,0.00000000,0.01002068,0.00000000,0.00000000,0.00000000,0.00000000,0.00000000,2.68380763,0.00000000,0.00000000,0.00000000,0.00000000,0.00000000,0.00000000,0.04084604,0.00000000,0.00000000,0.00000000,0.00000000,0.00000000,0.00000000,0.00000000,0.00000000,0.00000000,0.00000000,0.00000000,0.00000000,0.00000000,0.00627389,0.00000000,0.00000000,0.00000000,0.00000000,0.00000000,0.00000000,0.00000000,0.00000000,0.00000000,0.00000000,0.00000000,0.00000000,0.00000000,0.00000000,0.00000000,0.00000000,0.00000000,0.00000000,0.00000000,0.00000000,0.00000000,0.93520093,0.00000000,0.00000000,0.00000000,0.00000000,0.00000000,0.00000000,0.00000000,0.00000000,0.04122843,0.00000000,0.00000000,0.00000000,0.00000000,0.00000000,0.00000000,0.00000000,0.00000000,0.00000000,0.00000000,0.00000000,0.00000000,0.00849338,0.00000000,0.00000000,0.00000000,0.00000000,0.00000000,0.00000000,0.00000000,0.00000000,0.00000000,0.00000000,0.00000000,0.00000000,0.00000000,0.00000000,0.00000000,0.00000000,0.00000000,0.00000000,0.00000000,0.00000000,0.00000000,0.00000000,0.00495118,0.00000000,0.00000000,0.00000000,0.00000000,0.00000000,0.00000000,0.00000000,0.00221833,0.00000000,0.00000000,0.00000000,0.00000000,0.00000000,0.00000000,0.00000000,0.00000000,0.00000000,0.00466279,0.00000000,0.00000000,0.00000000,0.00000000,0.00000000,0.00000000,0.00000000,0.00353517,0.00000000,0.00000000,0.00000000,0.00000000,0.00000000,0.00000000,0.00000000,0.00000000,0.00000000,0.00000000,0.00000000,0.00000000,0.00000000,0.00573839,0.00000000,0.00000000,0.00000000,0.00441071,0.00000000,0.00000000,0.00000000,0.00000000,0.00000000,0.00000000,0.00000000,0.00000000,0.00000000,0.00000000,0.00000000,0.00000000,0.00000000,0.00000000,0.00000000,0.00791308,0.00000000,0.00000000,0.00000000,0.00000000,0.00000000,0.00000000,0.00000000,0.00000000,0.00000000,0.03745328,0.00075201,0.00000000,0.00000000,0.00000000,0.00000000,0.00000000,0.00000000,0.00000000,0.00482618,0.08473599,0.00000000,0.00000000,0.00000000,0.00000000,0.00000000,0.00000000,0.00241470,0.00000000,0.00000000,0.00000000,0.00000000,0.00000000,0.00000000,0.00000000,0.00000000,0.00000000,0.00000000,0.00189513,0.00000000,0.00000000,0.00000000,0.12576690,0.00000000,0.00000000,0.00000000,0.00000000,0.00000000,0.00000000,0.00000000,0.00000000,0.00000000,0.00000000,0.00000000,0.00000000,0.31186632,0.00000000,0.00000000,0.00000000,0.00000000,0.00000000,0.00000000,0.00000000,0.00000000,0.00000000,0.00537706,0.00000000,0.00000000,0.00000000,0.00000000,0.00000000,0.00000000,0.00000000,0.00000000,0.00000000,0.00000000,0.00000000,0.00000000,0.00000000,0.00000000,0.00000000,0.00000000,0.00000000,0.00000000,0.00000000,0.00000000,0.00000000,0.00155130,0.00000000,0.00000000,0.00000000,0.00436368,0.00000000,0.00000000,0.00000000,0.00000000,0.00000000,0.00230324,0.00000000,0.00000000,0.00000000,0.00000000,0.00000000,0.00000000,0.00000000,0.00000000,0.00000000,0.00000000,0.00155205,0.00000000,0.00000000,0.00000000,0.00000000,0.00000000,0.00000000,0.00000000,0.00000000,0.00000000,0.02188681,0.00000000,0.62307936,0.00000000,0.00000000,0.00000000,0.00784774,0.00000000,0.00472884,0.00555690,0.00000000,0.00000000,0.00000000,0.00000000,0.00000000,0.00000000,0.00000000,0.00000000,0.00000000,0.00000000,0.00000000,0.00000000,0.00000000,0.00000000,0.00000000,0.00111199,0.00000000,0.00000000,0.00000000,0.00623024,0.00000000,0.00101753,0.00000000,0.00000000,0.00000000,0.00401157,0.00409280,0.00000000,0.00000000,0.00000000,0.00000000,0.00000000,0.00107580,0.00000000,0.00000000,0.00000000,0.00000000,0.00000000,0.00000000,0.00000000,0.00000000,0.00000000,0.00000000,0.00000000,0.00000000,0.00000000,0.00000000,0.00000000,0.00000000,0.00000000,0.00000000,0.03417657,0.00000000,0.00000000,0.00000000,0.00000000
0.00000000,0.00000000,0.00000000,0.00000000,0.00000000,0.00000000,0.00000000,0.00000000,0.00000000,0.00000000,0.00000000,0.00000000,0.00000000,0.00000000,0.00000000,0.00000000,0.00000000,0.02494748,0.00000000,0.00000000,0.00000000,0.00000000,0.00000000,0.00000000,0.00000000,0.00000000,0.00447617,0.00163396,0.00000000,0.00000000,0.00000000,0.00000000,0.00000000,0.00000000,0.00000000,0.00165574,0.00000000,0.00000000,0.13000770,0.86150639,0.00000000,0.00000000,0.00336071,0.00000000,0.00000000,0.00000000,0.00846566,0.00000000,0.01364174,0.00000000,0.00000000,0.00000000,0.00000000,0.00000000,0.00000000,0.00000000,0.00000000,0.00000000,0.00000000,0.00000000,0.00000000,0.00000000,0.00000000,0.00000000,0.00000000,0.00000000,0.00000000,0.00000000,0.00000000,0.00000000,0.00000000,0.00000000,0.00000000,0.00000000,0.00000000,0.00000000,0.00000000,0.00000000,0.00000000,0.00000000,0.00000000,0.00000000,0.00000000,0.00000000,0.00000000,0.00000000,0.00000000,0.00000000,0.00000000,0.00000000,0.00000000,0.00000000,0.00000000,0.00000000,0.00000000,0.00413505,0.01682843,0.00000000,0.00000000,0.00000000,0.00000000,0.00000000,0.00000000,0.00000000,0.00000000,0.00107487,0.00000000,0.00000000,0.00000000,0.00000000,0.00000000,0.00000000,0.00000000,0.00000000,0.00000000,0.00000000,0.00000000,0.00000000,0.00954621,0.00000000,0.00000000,0.00000000,0.00000000,0.00000000,0.00851014,0.00000000,0.00194715,0.00000000,0.00000000,0.00000000,0.00000000,0.00000000,0.00000000,0.00000000,0.00000000,0.00000000,0.00000000,0.02835707,0.00368690,0.00000000,0.00000000,0.00000000,0.00000000,0.00000000,0.00000000,0.00000000,0.00196647,0.00000000,0.00000000,0.00000000,0.04549971,0.00000000,0.00000000,0.00000000,0.00000000,0.00000000,0.00000000,0.00000000,0.00000000,0.00000000,0.00000000,0.00000000,0.00000000,0.00000000,0.00166986,0.20757485,0.00000000,0.00000000,0.00000000,0.00000000,0.00399453,0.00000000,0.00000000,0.00000000,0.00000000,0.00000000,0.00510499,0.00000000,0.00000000,0.00000000,0.00000000,0.00000000,0.00000000,0.00000000,0.00000000,0.00000000,0.00000000,0.00000000,0.00000000,0.00000000,0.00000000,0.00854774,0.00000000,0.00000000,0.00000000,0.00000000,0.00000000,0.00000000,0.00000000,0.00000000,0.00000000,0.00000000,0.00000000,0.00000000,0.00000000,0.00000000,0.00000000,0.00000000,0.00000000,0.05295395,0.00000000,0.00172940,0.00000000,0.00000000,0.00000000,0.00000000,0.00000000,0.08098186,0.00000000,0.00118041,0.00000000,0.00000000,0.00000000,0.00000000,0.00000000,0.00000000,0.00000000,0.00000000,0.00000000,0.00000000,0.00000000,0.00000000,0.00000000,0.00416178,0.00000000,0.00000000,0.00000000,0.01991541,0.00000000,0.00000000,0.00000000,0.00000000,0.00000000,0.00476570,0.00000000,0.00000000,0.00000000,0.00000000,0.00000000,0.00000000,0.00000000,0.01089571,0.00000000,0.00000000,0.00000000,0.00000000,0.04983603,0.00000000,0.00000000,0.00000000,0.00000000,0.00000000,0.00559065,0.00000000,0.00000000,0.00000000,0.00000000,0.00000000,0.00000000,0.00364560,0.00000000,0.00000000,0.00000000,0.00000000,0.00000000,0.00000000,0.00000000,0.00000000,0.00000000,0.00000000,0.00000000,0.00000000,0.00000000,0.00000000,0.00000000,0.00000000,0.00000000,0.00000000,0.00000000,0.00863359,0.00000000,0.00000000,0.00000000,0.00000000,0.00611675,0.00000000,0.00000000,0.00000000,0.00000000,0.00000000,0.00000000,0.00000000,0.00000000,0.00590970,0.00129248,0.00000000,0.00000000,0.00000000,0.00000000,0.00000000,0.00000000,0.00000000,0.00000000,0.01230296,0.00235566,0.00000000,0.00000000,0.73869314,0.00000000,0.00000000,0.00000000,0.00000000,0.00696655,0.00000000,0.00000000,0.00000000,0.00000000,0.00000000,0.00000000,0.00000000,0.00414306,0.00443326,0.00000000,0.00000000,0.00000000,0.00000000,0.00000000,0.00000000,0.00000000,0.00000000,0.00000000,0.00000000,0.00000000,0.00000000,0.00000000,0.01021975,0.00000000,0.00000000,0.00000000,0.00000000,0.00000000,0.00000000,0.00000000,0.00000000,0.00000000,0.00000000,0.00557079,0.00000000,0.00000000,0.00000000,0.00000000,0.01511625,0.00000000,0.00000000,0.00000000,0.00000000,0.00000000,0.00000000,0.00000000,0.01516703,0.00000000,0.00000000,0.00000000,0.00000000,0.10075844,0.00000000,0.00000000,0.00000000,0.00000000,0.00000000,0.00000000,0.00000000,0.00000000,0.00000000,0.00000000,0.01131975,0.00000000,0.00000000,0.00914643,0.01803156,0.01164254,0.00547057,0.00000000,0.00000000,0.00000000,0.00000000,0.00000000,0.00000000,0.00000000,0.00000000,0.00000000,0.00000000,0.00000000,0.00000000,0.00000000,0.00000000,0.00000000,0.00000000,0.00312154,0.00000000,0.00387583,0.00000000,0.00000000,0.00000000,0.53031169,0.00000000,0.00000000,0.00000000,0.00000000,0.00000000,0.00000000,0.00000000,0.00000000,0.03831588,0.05166866,0.00000000,0.00000000,0.77091256,0.00000000,0.00000000,0.00187386,0.00367560,0.00000000,0.00000000,0.00000000,0.00000000,0.00000000,0.00000000,0.00000000,0.04511980,0.00000000,0.00000000,0.00063567,0.00000000,0.00000000,0.00000000,0.00558317,0.03009401,0.00380199,0.00000000,0.00000000,0.00000000,0.00000000,0.00000000,0.00000000,0.00000000,0.02314224,0.00000000,0.28264798,0.00000000,0.00000000,0.00000000,0.00000000,0.00000000,0.00000000,0.00000000,0.00000000,0.00000000,0.02955901,0.00000000,0.00000000,0.00000000,0.00000000,0.00000000,0.00382869,0.00000000,0.00000000,0.00000000,0.00000000,0.00000000,0.00000000,0.00000000,0.00000000,0.00000000,0.00000000,0.00000000,0.03608170,0.00000000,0.00000000,0.00000000,0.00000000,0.00000000,0.00000000,0.00000000,0.00000000,0.00000000,0.00000000,0.00000000,0.00000000,0.00000000,0.00000000,0.00000000,0.00000000,0.00000000,0.00000000,0.03969534,0.00000000,0.00000000,0.00000000,0.12635919,0.00000000,0.00000000,0.00000000,0.00000000,0.00000000,0.00000000,0.00000000,0.00000000,0.00000000,0.00000000,0.00000000,0.00000000,0.00000000,0.00000000,0.00000000,0.00000000,0.00000000,0.00314026,0.00000000,0.00000000,0.00000000,0.00000000,0.00000000,0.00000000,0.00000000,0.00000000,2.84423132,0.00000000,0.00000000,0.00000000,0.00000000,0.00000000,0.00000000,0.00000000,0.00000000,0.00188894,0.00000000,0.00000000,0.00000000,0.00000000,0.00000000,0.00000000,0.00000000,0.00000000,0.00000000,0.00000000,0.00000000,0.00146330,0.00000000,0.00000000,0.00000000,0.00000000,0.00000000,0.00504886,0.00000000,0.00000000,0.00000000,0.00000000,0.00000000,0.00000000,0.00000000,0.00457111,0.00000000,0.00000000,0.00000000,0.00000000,0.00000000,0.00075907,0.00000000,0.00000000,0.00485397,2.68607920,0.00000000,0.00000000,0.00000000,0.00000000,0.00000000,0.00000000,0.00000000,0.07494790,0.00000000,0.00000000,0.00000000,0.00684356,0.00000000,0.00000000,0.00000000,0.00000000,0.00000000,0.00096475,0.00000000,0.00000000,0.00322554,0.00000000,0.00228013,0.00000000,0.00000000,0.00000000,0.00549181,0.01197986,0.00000000,0.00000000,0.07719567,0.00000000,0.00000000,0.00000000,0.00000000,0.00000000,0.00000000,0.00000000,0.00000000,0.00000000,0.00000000,0.00000000,0.00792781,0.00000000,0.00000000,0.00000000,0.00000000,0.00000000,0.00000000,0.00000000,0.00000000,0.16148807,0.00000000,0.00000000,0.00000000,0.00000000,0.00910247,0.00000000,0.00000000,0.00000000,0.00000000,0.00000000,0.00000000,0.00000000,0.00000000,0.00000000,0.01605483,0.00000000,0.00000000,0.00000000,0.00000000,0.00000000,0.00000000,0.00000000,0.00000000,0.00000000,0.00000000,0.00000000,0.12758749,0.00126108,0.00000000,0.00000000,0.00000000,0.00000000,0.00000000,0.56151189,0.00000000,0.00000000,0.00000000,0.00000000,0.00000000,0.00000000,0.00000000,0.00000000,0.00000000,0.00000000,0.00000000,0.00624305,0.00000000,0.00000000,0.00000000,0.00000000,0.00969671,0.00085352,0.00000000,0.00000000,0.00000000,0.00000000,0.00000000,0.01413798,0.00000000,0.00000000,0.00000000,0.00000000,0.00000000,0.00000000,0.00000000,0.00000000,0.00000000,0.00000000,0.00000000,0.00000000,0.00000000,0.00000000,0.00801461,0.00000000,0.00000000,0.00000000,0.00000000,0.00000000,0.00000000,0.00000000,0.00000000,0.00000000,0.00000000,0.00000000,0.00000000,0.00000000,0.00000000,0.00000000,0.00000000,0.00000000,0.00000000,0.00000000,0.00000000,0.00000000,0.00000000,0.00000000,0.00519253,0.00000000,0.00000000,0.00000000,0.00000000,0.00000000,0.02267585,0.01315893,0.00000000,0.00000000,0.00000000,0.00000000,0.00000000,0.05325971,0.00000000,0.00000000,0.00000000,0.00000000,0.00000000,0.00000000,0.00000000,0.00000000,0.00000000,0.00000000,0.00000000,0.00000000,0.00000000,0.00000000,0.00367454,0.00000000,0.00145286,0.00000000,1.17461769,0.00000000,0.00000000,0.00000000,0.00000000,0.00000000,0.00156952,0.00000000,0.00000000,0.00000000,0.00239841,0.00000000,0.00000000,0.00000000,0.00000000,0.00000000,0.00000000,0.00000000,0.00000000,0.00000000,0.00000000,0.00000000,0.00000000,0.00000000,0.13758584,0.00000000,0.00000000,0.00000000,0.00000000,0.00000000,0.00000000,0.00000000,0.00000000,0.00000000,0.00000000,0.00000000,0.00000000,0.00000000
0.00000000,0.00000000,0.00685541,0.00000000,0.00000000,0.11746004,0.00000000,0.00000000,0.00000000,0.00000000,0.00000000,0.00000000,0.00000000,0.00258928,0.00000000,0.00000000,0.00000000,0.00000000,0.00000000,0.00000000,0.00000000,0.00000000,0.00947261,0.00000000,0.00000000,0.00771479,0.00430248,0.01796275,0.00634297,0.00000000,0.00000000,0.00000000,0.00000000,0.00000000,0.00000000,0.00000000,0.00000000,0.00000000,0.00000000,0.00000000,0.00000000,0.00000000,0.00000000,0.00000000,0.00000000,0.00000000,0.00000000,0.00000000,0.00000000,0.00000000,0.00000000,0.02397806,0.00000000,0.35941042,0.00000000,0.00000000,0.05570953,0.00000000,0.00000000,0.00000000,0.00000000,0.00000000,0.00333574,0.00000000,0.00486434,0.00000000,0.00000000,0.00000000,0.00000000,0.00000000,0.00000000,0.00000000,0.00000000,0.00000000,0.00000000,0.00000000,0.00000000,0.00000000,0.00000000,0.00000000,0.00000000,0.00000000,0.00000000,0.00000000,0.00000000,0.00000000,0.00000000,0.00000000,0.00000000,0.00000000,0.04060369,0.00000000,0.00000000,0.00000000,0.00307280,0.00000000,0.00000000,0.00000000,0.03345722,0.00000000,0.00000000,0.00000000,0.00000000,0.00000000,0.00000000,0.00000000,0.00000000,0.00000000,0.00000000,0.00062350,0.00000000,0.01070810,0.00000000,0.00000000,0.00000000,0.00000000,0.00000000,0.00000000,0.00000000,0.00000000,0.00000000,0.00000000,0.00000000,0.00000000,0.00000000,0.00000000,0.00740872,0.00000000,0.00000000,0.00000000,0.00000000,0.00000000,0.00000000,1.40709996,0.00000000,0.00000000,0.00000000,0.00338290,0.00000000,0.00000000,0.00000000,0.00000000,0.00000000,0.00000000,0.00000000,0.00411556,0.00000000,0.00000000,0.00000000,0.00000000,0.00000000,0.00000000,0.00000000,0.00958553,0.00000000,1.56670785,0.00000000,0.00000000,0.00000000,0.00000000,0.00000000,0.00000000,0.00000000,0.00000000,0.00000000,0.00000000,0.00000000,0.00524897,0.00000000,0.00000000,0.00000000,0.00000000,0.00000000,0.00000000,0.00000000,0.00000000,0.00000000,0.00000000,0.00000000,0.00000000,0.00000000,0.00375614,0.00000000,0.00000000,0.00000000,0.00000000,0.00000000,0.00000000,0.00000000,0.00000000,0.00000000,0.00000000,0.00394676,0.00000000,0.00000000,0.00000000,0.00000000,0.00000000,0.00000000,0.00000000,0.00000000,0.00000000,0.00000000,0.00000000,0.00259001,0.00000000,0.00000000,0.00000000,0.00000000,0.01272052,0.00110886,0.00403024,0.00000000,0.00000000,0.00000000,0.00000000,0.00000000,0.00000000,0.00000000,0.00000000,0.00000000,0.00578697,0.00965475,0.00000000,0.00549808,0.00000000,0.00000000,0.00000000,0.00000000,0.00000000,0.00000000,0.00000000,0.00000000,0.00000000,0.00000000,0.00000000,0.00000000,0.00000000,0.00000000,0.00000000,0.00000000,0.00000000,0.00000000,0.00000000,0.00000000,0.00000000,0.00000000,0.00000000,0.00000000,0.00000000,0.00879417,0.02375260,0.00000000,0.00265281,0.00753083,0.00000000,0.00000000,0.00000000,0.00000000,0.00000000,0.00101333,0.00000000,0.00000000,0.00000000,0.00000000,0.00000000,0.00000000,0.00000000,0.08660863,0.00000000,0.00000000,0.00000000,0.00000000,0.00000000,0.00000000,0.01062120,0.00000000,0.00000000,0.00000000,0.06156964,0.00000000,0.00000000,0.00000000,0.00000000,0.00000000,0.00000000,0.00000000,1.40907208,0.00000000,0.00000000,0.03193110,0.00000000,0.00000000,0.00000000,0.00000000,0.00000000,0.00126675,0.00000000,0.00000000,0.00000000,0.00000000,0.00000000,0.00000000,0.00000000,0.00000000,0.00000000,0.00000000,0.00000000,0.00000000,0.03137943,0.00000000,0.00000000,0.00000000,0.04031573,0.01854695,0.00000000,0.00000000,0.00000000,0.00000000,0.00000000,0.00000000,0.00000000,0.00000000,0.06304230,0.00000000,0.00000000,0.00000000,0.00000000,0.01169653,0.00000000,0.00079627,0.14155715,0.00000000,0.00000000,0.00000000,0.00000000,0.00000000,0.00000000,0.00000000,0.00000000,0.03259900,0.00000000,0.00270698,0.00000000,0.00267436,0.00000000,0.00000000,0.00000000,0.00000000,0.00000000,0.00000000,0.00000000,0.00144078,0.01673212,0.00000000,0.00000000,0.00810551,0.00000000,0.00000000,0.00000000,0.00585164,0.00000000,0.00000000,0.00000000,0.00000000,0.00000000,0.00000000,0.00000000,0.00000000,0.00000000,0.00000000,0.00000000,0.00000000,0.00000000,0.00000000,0.00000000,0.00000000,0.00000000,0.00000000,0.00000000,0.00000000,0.00000000,0.00000000,0.00000000,0.01045463,0.00000000,0.00000000,0.00000000,0.00000000,0.00000000,0.00000000,0.00781262,0.00000000,0.00000000,0.00000000,0.00000000,0.00000000,0.00000000,0.00000000,0.00981102,0.00000000,0.00000000,0.00000000,0.00000000,0.00000000,0.00000000,0.57020966,0.00000000,0.00000000,0.00000000,0.00000000,0.00000000,0.00000000,0.00000000,0.00000000,0.00000000,0.00000000,0.00000000,0.00108654,0.00000000,0.00000000,0.02825987,0.00000000,0.00000000,0.00000000,0.00000000,0.00531133,0.00000000,0.00000000,0.00000000,0.00000000,0.00000000,0.00000000,0.00000000,0.00000000,0.00000000,0.00000000,0.00000000,0.00000000,0.00000000,0.00000000,0.00000000,0.00000000,0.00000000,2.00274735,0.00000000,0.00000000,2.01391519,0.00000000,0.00000000,0.00000000,0.00000000,0.00000000,0.00000000,0.00000000,0.00000000,0.00000000,0.00000000,0.00000000,0.00000000,0.00000000,0.00000000,0.00501773,0.00000000,0.00000000,0.00451849,0.00000000,0.00000000,0.00000000,0.00000000,0.00000000,0.00243887,0.00000000,0.00000000,0.00000000,0.00000000,0.00000000,0.00000000,0.00000000,0.00000000,0.00000000,0.00000000,0.00000000,0.04127091,0.00000000,0.00000000,0.00000000,0.00000000,0.00000000,0.00000000,0.00000000,0.00000000,0.00000000,0.00000000,0.00000000,0.00000000,0.00000000,0.00000000,0.00000000,0.00000000,0.00000000,0.00000000,0.00000000,0.00000000,0.00887302,0.00275690,0.00000000,0.00000000,0.00000000,0.00000000,0.00000000,0.00000000,0.00000000,0.00000000,0.00000000,0.00000000,0.00000000,0.00000000,0.00000000,0.01372146,0.00000000,0.00000000,0.00000000,0.00000000,0.00000000,0.00000000,0.00000000,0.00000000,0.00000000,0.00000000,0.00000000,0.00297056,0.00000000,0.00000000,0.00000000,0.00000000,0.00000000,0.00000000,0.00000000,0.00221779,0.00000000,0.00000000,0.01624668,0.00000000,0.00000000,0.00000000,0.00000000,0.00000000,0.00000000,0.01489443,0.00215534,0.00000000,0.00000000,0.00000000,0.00000000,0.00000000,0.00000000,0.00000000,0.00000000,0.00000000,0.00000000,0.00000000,0.01043577,0.00000000,0.00000000,0.00000000,0.00000000,0.00000000,0.00000000,0.00000000,0.00000000,0.00000000,0.00000000,0.00000000,0.00000000,0.00000000,0.00000000,0.02764596,0.00000000,0.00000000,0.00000000,0.00000000,0.01013567,0.00000000,0.00000000,0.00000000,0.00000000,0.00000000,0.00000000,0.00000000,0.00000000,0.00000000,0.00724343,0.00000000,0.00000000,0.00000000,0.00000000,0.00000000,0.00000000,0.00000000,0.00000000,0.00000000,0.00000000,0.00000000,0.00000000,0.00000000,0.00000000,0.00000000,0.00000000,0.00000000,0.00000000,0.00000000,0.00000000,0.00000000,0.00000000,0.01440984,0.02006533,0.00000000,0.00000000,0.00000000,0.00000000,0.00000000,0.00000000,0.00000000,0.00000000,0.00000000,0.00000000,0.03279180,0.00000000,0.01916767,0.00000000,0.00000000,0.00000000,0.00852810,0.00000000,0.00000000,0.00000000,0.05645976,0.00000000,0.00000000,0.00000000,0.00000000,0.00000000,0.00000000,0.00000000,0.00341455,0.00903127,0.00122118,0.00000000,0.00000000,0.00000000,0.00000000,0.00000000,0.00000000,0.00000000,0.00000000,0.00000000,0.00000000,0.06355794,0.00000000,0.00000000,0.00000000,0.00000000,0.00000000,0.00000000,0.00000000,0.00084146,0.00000000,0.00000000,0.00000000,0.00000000,0.00000000,0.00000000,0.00000000,0.00000000,0.00000000,0.00000000,0.00000000,0.00000000,0.00000000,0.00000000,0.00000000,0.00000000,0.00000000,0.00000000,0.00000000,0.00000000,0.00068268,0.00000000,0.01220982,0.00319879,0.00000000,0.00000000,0.00000000,0.00000000,0.00000000,0.00659712,0.00000000,0.00348593,0.00000000,0.00000000,0.00000000,0.00000000,0.00534389,0.00000000,0.00000000,0.00000000,0.00000000,0.00000000,0.00000000,0.00000000,0.00000000,0.00000000,0.00000000,0.00000000,0.01473639,0.00000000,0.00000000,0.00000000,0.00000000,0.00000000,0.00000000,0.00000000,0.00141454,0.00824829,0.03981141,0.00000000,0.00000000,0.00000000,0.00000000,0.04283521,0.00000000,0.00000000,0.00000000,0.00000000,0.00000000,0.00000000,0.00000000,0.00000000,0.00000000,0.01714149,0.00000000,0.00000000,0.00000000,0.00000000,0.01768115,0.01273177,0.00000000,0.00086592,0.00000000,0.00000000,0.00000000,0.24601755,0.00000000,0.00539266,0.00000000,0.00000000,0.00000000,0.00000000,0.00000000,0.00000000,0.00000000,0.00000000,0.00000000,0.00000000,0.00000000,0.00000000,0.00000000,0.00000000,0.00000000,0.00000000,0.00000000,0.00000000,0.00000000,0.00000000,0.00000000,0.00000000,0.00000000,0.00000000,0.00000000,0.00912226,0.00000000,0.00000000,0.00000000,0.00000000,0.00000000,0.00000000,0.00000000,0.00000000,0.14059563,0.00000000,0.00000000,0.00000000,0.00000000,0.00000000,0.00000000,0.00000000,0.00000000,0.00000000,0.00000000
0.00000000,0.00000000,0.00000000,0.00000000,0.00000000,0.01020724,0.00348527,0.00000000,0.00000000,0.00000000,0.00000000,0.00000000,0.00000000,0.00000000,0.00000000,0.00000000,0.00000000,0.00000000,0.00051588,0.00000000,0.00000000,0.01171087,0.00000000,0.00000000,0.00000000,0.00000000,0.00000000,0.00348458,0.00000000,0.00000000,0.00000000,0.00000000,0.00000000,0.02931234,0.00000000,0.21237317,0.00000000,0.00722819,0.00000000,0.00000000,0.01309204,0.00000000,0.00000000,0.00000000,0.00413071,0.00433523,0.20198851,0.00000000,0.00000000,0.00000000,0.00161689,0.00000000,0.00000000,0.00000000,0.00000000,0.00000000,0.00000000,0.02809882,0.00161058,0.00000000,0.00000000,0.00000000,0.00000000,0.01716986,0.00000000,0.00000000,0.00000000,0.00000000,0.00000000,0.00000000,0.00000000,0.00000000,0.00000000,0.00000000,0.00000000,0.00000000,0.00000000,0.00000000,0.00000000,0.00000000,0.00000000,0.00000000,0.00000000,0.00284487,0.00000000,0.00000000,0.00000000,0.00000000,0.00000000,0.00000000,0.00000000,0.00000000,0.00000000,0.00000000,0.00000000,0.00000000,0.00000000,0.00000000,0.00000000,0.00000000,0.00000000,0.00000000,0.00000000,0.00000000,0.00000000,0.00000000,0.01632134,0.00000000,0.00000000,0.00000000,0.00000000,0.00000000,0.00000000,0.00000000,0.00000000,0.00000000,0.00000000,0.00856886,0.00000000,0.00000000,0.00000000,0.00000000,0.00000000,0.00000000,0.00000000,0.00000000,0.00000000,0.00000000,0.00000000,0.00000000,0.03400657,0.00000000,0.00000000,0.00000000,0.00000000,0.00000000,0.00000000,0.00000000,0.00000000,0.00000000,0.81607996,0.00000000,0.01638652,0.00000000,0.00000000,0.00000000,0.00000000,0.00000000,0.01009046,0.00287549,0.00000000,0.00000000,0.00000000,0.00000000,0.00713717,0.00000000,0.00000000,0.00000000,0.00000000,0.00000000,0.00000000,0.00000000,0.00000000,0.00000000,0.00000000,0.00000000,0.02253799,0.00000000,0.00000000,0.00000000,0.00000000,0.00000000,0.00000000,0.00729171,0.00000000,0.00000000,0.00000000,0.00000000,0.00000000,0.00000000,0.00000000,0.00409205,0.00000000,0.00986338,0.00000000,0.00294132,0.00000000,0.00000000,0.00000000,0.00000000,0.00000000,0.00000000,0.00000000,0.00000000,0.00000000,0.36646884,0.00270959,0.00000000,0.00000000,0.00901210,0.00000000,0.00000000,0.00000000,0.00000000,0.00000000,0.00000000,0.00000000,0.00000000,0.00000000,0.00000000,0.00000000,0.00000000,0.00000000,0.00000000,0.02238862,0.00000000,0.00000000,0.00000000,0.05260570,0.00000000,0.00000000,0.01851621,0.00000000,0.00000000,0.00000000,0.00000000,0.00000000,0.01176508,0.00000000,0.00000000,0.00000000,0.00000000,0.01111569,0.00000000,0.00000000,0.00000000,0.00281067,0.00000000,0.00000000,0.00943803,0.00000000,0.00000000,0.00000000,0.00000000,0.00000000,0.00000000,0.00000000,0.00000000,0.00000000,0.00000000,0.00000000,0.00000000,0.02189776,0.00000000,0.00000000,0.00000000,0.00000000,0.00000000,0.00000000,0.00000000,0.00000000,0.00000000,0.00792418,0.00830436,0.06417502,0.00000000,0.00000000,0.00000000,0.00000000,0.00000000,0.00000000,0.00000000,0.00000000,0.00000000,0.00404877,0.00000000,0.00000000,0.00000000,0.00000000,0.00268713,0.00000000,0.00000000,0.00000000,0.00000000,0.00000000,0.00000000,0.00000000,0.00000000,0.00000000,0.00000000,0.00000000,0.00000000,0.00000000,0.00000000,0.00000000,0.00000000,0.00000000,0.00000000,0.00000000,0.00000000,0.00000000,0.00000000,0.00000000,0.00208247,0.00000000,0.00000000,0.00000000,0.00000000,0.00000000,0.00000000,0.00000000,0.00000000,0.00000000,0.00000000,0.00000000,0.00000000,0.00000000,0.00000000,0.00000000,0.00000000,0.00000000,0.00000000,0.00108710,0.00000000,0.00000000,0.00000000,0.00000000,0.00000000,0.00000000,0.00334903,0.00000000,0.00000000,0.00000000,0.00000000,0.00000000,0.00000000,0.00000000,0.00000000,0.00000000,0.00000000,0.00000000,0.00000000,0.00000000,0.06460456,0.00000000,0.00000000,0.60693090,0.00000000,0.00000000,0.00000000,0.08945243,0.00000000,0.00000000,0.00000000,0.00000000,0.00000000,0.00000000,0.00000000,0.00000000,0.00000000,0.00000000,0.00135766,0.00000000,0.00000000,0.00000000,0.00000000,1.18413337,0.01516703,0.00000000,0.00000000,0.00000000,0.00000000,0.00000000,0.00700260,0.00000000,0.00000000,0.00000000,0.00000000,0.00000000,0.00000000,0.00000000,0.00000000,0.04311983,0.00000000,0.00102074,0.00000000,0.00000000,0.00000000,0.00000000,0.00000000,0.00000000,0.00000000,0.00000000,0.01200480,0.00000000,0.00000000,0.09113374,0.00000000,0.00000000,0.00000000,0.00000000,0.00000000,0.00000000,0.00000000,0.00000000,0.00000000,0.00000000,0.01781958,0.00000000,3.19417477,0.00000000,0.00000000,0.00000000,0.00000000,0.00988177,0.00000000,0.00070256,0.00000000,0.00000000,0.00000000,0.01231727,0.00000000,0.00000000,0.00000000,0.00000000,0.00000000,0.06469534,0.00000000,0.00000000,0.00000000,0.00000000,0.00000000,0.00068528,1.34958489,0.00000000,0.00000000,0.00000000,0.00000000,0.00000000,0.00000000,0.00000000,0.00000000,0.00000000,0.00234437,0.00000000,0.01478043,0.00000000,0.00000000,0.00000000,0.00000000,0.00000000,0.00000000,0.00000000,0.00000000,0.00000000,0.00000000,0.00000000,0.00000000,0.00867634,0.00320675,0.00322082,0.00000000,0.00000000,0.00000000,0.00000000,0.00000000,0.04335850,0.00000000,0.00000000,0.00000000,0.00000000,0.00000000,0.00000000,0.00000000,0.00000000,0.00000000,0.00000000,0.00000000,0.00000000,0.00000000,0.00000000,0.00000000,0.00000000,0.00000000,0.00000000,0.00000000,0.00000000,0.00087632,0.00772933,0.00000000,0.00000000,0.00000000,0.00000000,0.00000000,0.00000000,0.00000000,0.00000000,0.04308890,0.00000000,0.00000000,0.00000000,0.00000000,0.00000000,0.00000000,0.00000000,0.00000000,0.00000000,0.00203300,0.00000000,0.00000000,0.00000000,0.03549788,0.00000000,0.00000000,0.00000000,0.00000000,0.00000000,0.00000000,0.00000000,0.00000000,0.00000000,0.00000000,0.00000000,0.00000000,0.00000000,0.00000000,0.00000000,0.00000000,0.00000000,0.00000000,0.00000000,0.05454775,0.00000000,0.00000000,0.00000000,0.00000000,0.00000000,0.01089065,0.00000000,0.00000000,0.00000000,1.41150306,0.00000000,0.00000000,0.00000000,0.00000000,0.19349378,0.00000000,0.00000000,0.00000000,0.02972953,0.00000000,0.00201910,0.00000000,0.00000000,0.00000000,0.00000000,0.00000000,0.00000000,0.00000000,0.00000000,0.00257535,0.04517888,0.00000000,0.00000000,0.00000000,0.00000000,0.00000000,0.00387465,0.00000000,0.00000000,0.00000000,0.00000000,0.00000000,0.00000000,0.00000000,0.00000000,0.00000000,0.00212481,0.00000000,0.00000000,0.00000000,0.00000000,0.00000000,0.00000000,0.00000000,0.00000000,0.00000000,0.00000000,0.00000000,0.00000000,0.00000000,0.00000000,0.00000000,0.00000000,0.00000000,0.00000000,0.00000000,0.00000000,0.00000000,0.00000000,0.00000000,0.00809759,0.00000000,0.00000000,0.00000000,0.00000000,0.00000000,0.00000000,0.00000000,0.00678052,0.00000000,0.00000000,0.00000000,0.00000000,0.00000000,0.00000000,0.00000000,0.00000000,0.00000000,0.00000000,0.00000000,0.00000000,0.00000000,0.00000000,0.00000000,0.00000000,0.00000000,0.00508754,0.00000000,0.00000000,0.00103689,0.00752082,0.00000000,0.00000000,0.00000000,0.00000000,0.00000000,0.00000000,0.00000000,0.04321877,0.00388082,0.00000000,0.00000000,0.00000000,0.00000000,0.01017684,0.00000000,0.08002581,0.00000000,0.00000000,0.00000000,0.00000000,0.00000000,0.00521966,0.00000000,0.00000000,0.00000000,0.02701982,0.00000000,0.00000000,0.00000000,0.00000000,0.00000000,0.00000000,0.00000000,0.00000000,0.00000000,0.00000000,1.51831069,0.00000000,0.00000000,0.00000000,0.00000000,0.00000000,0.00000000,0.00405906,0.36343704,0.02680132,0.00000000,0.00000000,0.00000000,0.00000000,0.00000000,0.00000000,0.00000000,0.00000000,0.00000000,0.15248818,0.00000000,0.00000000,0.00000000,0.00000000,0.00000000,0.01947123,0.00000000,0.00000000,0.00000000,0.02994657,0.00000000,0.00000000,0.00000000,0.00000000,0.00000000,0.00000000,0.00000000,0.00000000,0.00000000,0.00000000,0.00315143,0.00000000,0.00000000,0.00000000,0.00000000,0.00000000,0.00000000,0.00000000,0.00000000,0.00000000,0.00000000,0.00000000,0.00000000,0.00000000,0.00000000,0.00000000,0.00000000,0.00000000,0.00000000,0.00000000,0.00000000,0.00000000,0.00000000,0.00000000,0.00000000,0.00000000,0.00000000,0.00000000,0.00000000,0.00000000,0.00000000,0.00000000,0.00000000,0.00000000,0.00000000,0.00000000,0.00000000,0.00000000,0.02997195,0.00000000,0.00000000,0.00000000,1.88714130,0.00000000,0.00000000,0.00000000,0.00000000,0.00451490,0.00000000,0.00000000,0.00000000,0.00000000,0.00171040,0.00000000,0.00000000,0.00000000,0.00000000,0.00000000,0.00000000,0.00000000,0.00000000,0.00000000,0.00000000,0.00000000,0.00000000,0.00000000,0.04304645,0.00000000,0.00000000,0.00000000,0.00000000,0.00000000,0.00000000,0.00000000,0.00000000,0.00000000,0.00000000,0.00000000,0.00000000,0.00000000,0.00000000,0.00000000,0.00084078,0.00000000,0.00000000,0.00000000,0.00000000,0.00000000,0.00000000,0.00000000,0.00000000
0.73592602,0.00000000,0.00000000,0.00000000,0.00000000,0.00344663,0.00000000,0.00000000,0.00000000,0.00393878,0.00000000,0.00000000,0.00000000,0.00000000,0.00709464,0.00000000,0.00000000,0.14715202,0.00308045,0.00275334,0.00000000,1.19335055,0.00000000,0.00000000,0.00000000,0.00000000,0.00000000,0.00000000,0.00000000,0.00000000,0.00000000,0.00139841,0.00000000,0.00000000,0.00000000,0.01047503,0.00000000,0.00000000,0.00000000,0.00000000,0.00000000,0.00000000,0.00000000,0.01762458,0.00000000,0.00000000,0.00000000,0.00000000,0.00000000,0.00000000,0.00000000,0.00000000,0.00000000,0.00074867,0.00000000,0.00166498,0.00000000,0.00000000,0.00000000,0.00000000,0.00000000,0.00000000,0.00000000,0.00000000,0.01923229,0.00000000,0.00000000,0.00000000,0.00000000,0.00000000,0.00095478,0.00000000,0.00000000,0.05489223,0.00000000,0.00000000,0.00000000,0.00000000,0.00000000,0.00213918,0.00000000,0.00335422,0.00000000,0.00000000,3.16908083,0.00000000,0.00000000,0.00000000,0.00000000,0.00000000,0.00584764,0.00000000,0.00000000,0.00000000,0.00000000,0.00000000,0.00000000,0.00000000,0.00000000,0.00000000,0.00000000,0.00000000,0.00000000,0.00000000,0.00000000,0.00000000,0.00000000,0.00000000,0.00148934,0.00000000,0.00000000,0.00000000,0.00000000,0.00000000,0.00000000,0.00000000,0.00000000,0.00000000,0.00000000,0.00000000,0.00000000,0.00000000,0.00000000,0.00842086,0.03383311,0.00000000,0.00000000,0.00855470,0.00000000,0.00000000,0.00000000,0.00000000,0.00000000,0.00000000,0.00000000,0.00683169,0.00121173,0.00000000,0.00000000,0.06432720,0.00000000,0.00000000,0.00489644,0.00000000,0.00000000,0.00099824,0.00000000,0.00000000,0.00000000,0.00000000,0.00000000,0.03026055,0.00000000,0.00000000,0.00000000,0.00000000,0.00000000,0.01291432,0.00000000,0.00000000,0.00000000,0.00000000,0.00000000,0.00000000,0.00000000,0.00000000,0.00000000,0.00000000,0.00000000,0.00000000,0.00000000,0.00000000,0.00000000,0.00329929,0.00000000,0.29033234,0.00000000,0.00000000,0.00000000,0.00000000,0.00000000,0.00000000,0.00000000,0.00000000,0.00000000,0.00000000,0.00000000,0.00000000,0.00000000,0.00000000,0.00796955,0.00000000,0.00072954,0.00000000,0.00000000,0.00000000,0.00000000,0.00000000,0.00000000,0.00000000,0.00000000,0.00000000,0.00000000,0.00000000,0.00000000,0.00000000,0.00000000,0.00000000,0.00000000,0.00000000,0.00000000,0.16628301,0.00000000,0.00000000,0.00000000,0.00000000,0.00000000,0.00000000,0.00000000,0.00000000,0.00000000,0.00000000,0.00000000,0.00000000,0.00000000,0.00000000,0.00172860,0.00000000,0.00962419,0.00000000,0.00000000,0.69553055,0.00000000,0.00000000,0.00000000,0.00000000,0.00489312,0.00000000,0.00000000,0.00000000,0.00000000,0.00000000,0.00000000,0.01468390,0.00000000,0.00000000,0.02329589,0.00000000,3.03970117,0.00000000,0.00000000,0.00000000,0.00367322,0.00000000,0.00000000,0.00000000,0.00000000,0.00000000,0.00000000,0.00543516,0.00000000,0.00000000,0.00000000,0.00000000,0.00000000,0.00000000,0.00000000,0.00000000,0.00000000,0.00818433,0.00000000,0.00000000,0.00000000,0.00000000,0.00000000,0.00000000,0.00502197,0.00000000,0.00000000,0.00000000,0.00000000,0.00000000,0.02192757,0.00000000,0.00000000,0.00000000,0.00000000,0.00000000,0.00000000,0.00000000,0.00000000,0.00000000,0.00000000,0.00000000,0.00000000,0.00000000,0.00000000,0.00000000,0.00000000,0.00000000,0.00000000,0.00000000,0.02132020,0.00000000,0.00000000,0.00000000,0.00000000,0.00000000,0.00000000,0.00504005,0.00000000,0.00000000,0.00000000,0.00000000,0.00000000,0.00000000,0.00000000,0.00000000,0.00000000,0.00000000,0.00000000,0.00000000,0.00122625,0.00309421,0.00000000,0.00000000,0.00000000,0.00000000,0.00000000,0.11461015,0.00000000,0.30882831,0.00000000,0.00000000,0.00000000,0.00645968,0.00000000,0.00000000,0.00000000,0.00000000,0.00000000,0.00000000,0.00000000,0.00000000,0.00000000,0.00000000,0.00000000,0.00000000,0.00000000,0.00000000,0.00000000,0.00000000,0.00000000,0.00000000,0.00000000,0.00000000,0.00000000,0.00000000,0.00515500,0.00000000,0.00000000,0.00000000,0.00000000,0.00000000,0.00000000,0.00000000,0.02971384,0.00000000,0.00000000,0.00000000,0.00000000,0.00000000,0.00000000,0.00000000,0.00000000,0.00000000,0.00000000,0.00000000,0.00000000,0.00000000,0.09544221,0.00000000,0.00000000,0.00000000,0.00000000,0.16713052,0.00000000,0.00000000,0.00000000,0.00918821,0.00000000,0.00000000,0.00000000,0.00000000,0.00000000,0.00000000,0.00000000,0.00000000,0.00000000,0.00000000,0.00000000,0.00000000,0.00000000,0.00674722,0.00000000,0.00000000,0.00000000,0.00000000,0.00000000,0.00000000,0.00000000,0.00000000,0.00000000,0.00000000,0.00000000,0.00000000,0.00000000,0.00000000,0.11507034,0.00000000,0.00000000,0.00000000,0.00000000,0.00000000,0.00000000,0.00000000,0.00000000,0.17423806,0.01260033,0.00000000,0.00000000,0.00000000,0.00000000,0.00753734,0.00000000,0.00000000,0.00000000,0.00000000,0.00000000,0.00000000,0.00000000,0.00000000,0.00000000,0.00000000,0.00000000,0.00000000,0.00000000,0.00000000,0.00000000,0.00000000,0.00000000,0.00000000,0.00000000,0.00000000,0.00000000,0.00000000,0.00000000,0.00000000,0.00000000,0.00000000,0.00000000,0.00000000,0.00000000,0.00000000,0.03602176,0.00000000,0.00000000,0.01205281,0.00000000,0.00000000,0.01908845,0.00000000,0.00000000,0.00000000,0.00000000,0.00000000,0.00000000,0.00000000,0.00000000,0.00367474,0.00000000,0.00000000,0.00000000,0.00000000,0.00000000,0.00000000,0.00000000,0.00000000,0.00694638,0.00000000,0.00000000,0.00000000,0.00000000,0.00000000,0.00000000,0.00000000,0.00000000,0.00000000,0.00000000,0.00000000,0.00000000,0.00000000,0.00000000,0.02756552,0.00000000,0.00185981,0.00000000,0.00000000,0.00000000,0.00000000,0.00000000,0.00000000,0.00000000,0.02370582,0.00000000,0.00261959,0.00000000,0.00000000,0.00000000,0.00134530,0.00000000,0.26835432,0.00000000,0.00000000,0.00280876,0.00000000,0.00000000,0.00000000,0.00000000,0.00000000,0.00000000,0.99956674,0.00000000,0.00000000,0.00000000,0.00000000,0.00000000,0.00000000,0.05161858,0.00000000,0.02634553,0.00000000,0.00000000,0.00000000,0.00000000,0.00000000,0.00000000,0.00000000,0.00000000,0.00000000,0.00000000,0.00000000,0.00000000,0.00000000,0.00000000,0.00000000,0.00000000,0.04174902,0.00000000,0.00270127,0.00000000,0.00000000,0.00106277,0.00000000,0.00000000,0.00000000,0.00000000,0.00000000,0.00000000,0.00000000,0.00000000,0.00000000,0.00000000,0.00000000,0.00000000,0.00000000,0.00000000,0.00194863,0.00000000,0.00000000,0.00000000,0.00000000,0.00000000,0.00000000,0.00000000,0.00000000,0.00000000,0.00000000,0.00000000,0.00000000,0.00000000,0.00000000,0.00000000,0.00000000,0.00000000,0.00000000,0.00000000,0.00000000,0.00000000,0.00000000,0.00000000,0.00000000,0.00978166,0.00000000,0.00000000,0.00000000,0.00000000,0.00000000,0.00000000,0.00000000,0.00000000,0.00000000,0.00000000,0.00000000,0.00000000,0.00000000,0.00000000,0.00000000,0.00000000,0.00000000,0.00720881,0.00000000,0.00000000,0.00000000,0.00000000,0.00000000,0.00000000,0.00000000,0.00000000,0.00000000,0.00000000,0.00476710,0.00000000,0.00449583,0.00000000,0.00000000,0.07497382,0.00000000,0.00000000,0.00000000,0.00537653,0.00000000,0.00000000,0.00000000,0.00000000,0.00000000,0.00000000,0.00000000,0.00149566,0.00000000,0.01151601,0.00000000,0.01648255,0.00000000,0.00000000,0.00000000,0.00000000,0.00000000,0.00000000,0.01095327,0.00000000,0.00000000,0.00000000,0.00000000,0.00000000,0.00000000,0.00000000,0.00000000,0.00000000,0.00000000,0.00000000,0.00000000,0.00000000,0.00000000,0.00235989,0.00000000,0.00000000,0.02884970,0.00000000,0.00000000,0.00000000,0.00000000,0.00000000,0.00000000,0.00000000,0.00000000,0.00000000,0.00000000,0.00000000,0.00000000,0.00000000,0.00000000,0.00000000,0.00000000,0.00000000,0.00162479,0.00000000,0.00481305,0.00000000,2.09196670,0.00282520,0.00000000,0.00000000,1.36678798,0.00000000,0.00000000,0.00000000,0.00000000,0.00000000,0.00000000,0.12849885,0.00000000,0.00000000,0.00000000,0.00000000,0.01529377,0.00000000,0.00000000,0.00000000,0.00000000,0.00332834,0.00000000,0.00000000,0.00000000,0.00000000,0.00000000,0.00000000,0.00077140,0.00000000,0.00000000,0.00519404,0.01800661,0.00000000,0.06156307,0.00000000,0.00000000,0.00177675,0.00000000,0.00421303,0.00000000,0.00000000,0.00978130,0.00000000,0.00000000,0.00000000,0.00000000,0.00000000,0.00000000,0.00000000,0.00000000,0.00000000,0.00133762,0.00000000,0.00000000,0.00000000,0.00000000,0.00000000,0.00000000,0.00000000,0.00000000,0.00000000,0.00000000,0.05948342,0.00000000,0.00000000,0.00000000,0.00000000,0.00000000,0.00000000,0.00000000,0.00000000,0.00000000,0.00000000,0.00000000,0.00000000,0.00000000,0.00000000,0.06555213,0.00000000,0.00000000,0.00000000,0.00000000,0.00000000,0.00000000,0.00000000,0.00000000,0.00000000,0.00000000,0.00000000,0.00000000,0.00000000,0.00000000,0.00000000,0.00000000,0.00000000,0.00000000,0.00000000,0.00000000,0.00000000,0.00000000
0.00000000,0.00000000,0.00000000,0.00000000,0.00000000,0.00000000,0.00000000,0.00000000,0.00000000,0.00000000,0.00000000,0.00000000,0.00000000,0.00380056,0.00000000,0.00000000,0.00000000,0.00000000,0.00000000,0.00000000,0.00000000,0.00000000,0.01213300,0.00000000,0.00000000,0.00000000,0.11153597,0.59370306,0.00000000,0.00000000,0.00000000,0.00000000,0.00000000,0.00000000,0.00000000,0.00384062,0.00000000,0.00000000,0.00000000,0.00000000,0.00000000,0.00000000,0.00000000,0.00000000,0.00000000,0.00000000,0.00000000,0.00000000,0.00000000,0.00000000,0.00000000,0.00000000,0.00000000,0.00000000,0.00000000,0.00000000,0.00000000,0.00000000,0.00000000,0.00243180,0.00000000,0.00000000,0.00000000,0.00000000,0.00000000,0.00000000,0.00000000,0.03283641,0.00000000,0.00000000,0.00000000,0.00000000,0.00000000,0.00000000,0.00766110,0.00000000,0.00000000,0.00272280,0.00000000,0.00000000,0.00000000,0.00000000,0.00000000,0.00000000,0.00000000,0.00000000,0.00000000,0.00000000,0.03546949,0.00000000,0.00000000,0.00000000,0.02067703,0.00000000,0.00000000,0.00000000,0.00000000,0.00000000,0.00362269,0.00000000,0.04397506,0.00000000,0.00000000,0.00000000,0.00000000,0.00000000,0.00000000,0.00000000,0.00000000,0.00000000,0.00000000,0.00000000,0.01204377,0.00000000,0.00000000,0.00000000,0.00000000,0.00000000,0.00000000,0.00000000,0.00000000,0.00000000,0.00000000,0.00000000,0.00000000,0.00000000,0.01960350,0.00000000,0.33653404,0.00361343,0.00000000,0.00000000,0.00000000,0.00460111,0.00000000,0.00000000,0.00000000,0.00000000,0.00000000,0.00000000,0.00000000,0.00000000,0.17101146,0.00000000,0.00000000,0.00000000,0.00000000,0.00575527,0.00000000,0.00000000,0.00000000,0.00000000,0.00457040,0.00519467,0.00000000,0.03662921,0.00000000,0.00000000,0.00000000,0.00318634,0.00517289,0.01864184,0.00000000,0.00000000,0.00000000,0.00000000,0.00000000,0.10140551,0.41760574,0.00000000,0.00000000,0.00000000,0.00399139,0.00000000,0.00000000,0.00812645,0.00000000,0.00000000,0.00000000,0.00000000,0.00683148,0.00000000,0.00000000,0.00000000,1.32785196,0.00000000,0.00000000,0.00000000,0.00000000,0.04240101,0.00000000,0.00975311,0.00000000,0.00000000,0.00000000,0.00000000,0.00000000,0.00000000,0.00000000,0.00000000,0.00000000,0.00000000,0.00000000,0.00000000,0.00207686,0.00000000,0.00000000,0.00000000,0.00000000,0.00000000,0.00000000,0.00000000,0.00000000,0.00000000,0.00000000,0.00700435,0.00000000,0.00000000,0.00000000,0.00000000,0.00000000,0.00000000,0.00000000,0.00000000,0.00494857,0.00000000,0.04659785,0.00000000,0.00000000,0.00000000,0.00673936,0.00000000,0.00000000,0.00000000,0.00000000,0.00000000,0.00000000,0.01741875,2.13856228,0.00000000,0.00000000,0.06017390,0.00000000,0.00000000,0.00000000,0.00000000,0.00000000,0.00000000,0.00000000,0.00073516,0.00000000,0.00840834,0.00000000,0.00000000,0.00000000,0.00000000,0.00000000,0.00000000,0.00000000,0.00000000,0.00000000,0.00000000,0.00000000,0.03680565,0.00000000,0.00000000,0.00000000,0.00000000,0.00000000,0.00000000,0.00000000,0.00000000,0.00000000,0.00000000,0.00000000,0.00000000,0.06803873,0.00000000,0.00000000,0.00000000,0.00000000,0.00000000,0.00210027,0.00000000,0.07173556,0.00000000,0.00000000,0.00000000,0.21674083,0.00000000,0.00000000,0.00000000,0.00000000,0.00000000,0.00000000,0.00874762,0.00000000,0.05002679,0.00000000,0.00000000,0.00000000,0.00000000,0.00000000,0.00000000,0.00000000,0.00000000,0.00000000,0.00000000,0.00000000,0.00000000,0.00000000,0.00000000,0.00000000,0.00126111,0.02443224,0.00000000,0.00000000,0.00000000,0.00000000,0.00000000,0.00000000,0.01107834,0.00000000,0.00000000,0.00000000,0.00000000,0.00000000,0.00000000,0.00000000,0.00000000,0.02333394,0.00000000,0.00000000,0.00000000,0.00000000,0.00000000,0.00000000,0.00000000,0.00000000,0.00000000,0.00723162,0.00000000,0.00000000,0.00000000,0.00000000,0.00000000,0.01678950,0.00000000,0.00000000,0.00000000,0.00000000,0.00000000,0.00000000,0.00000000,0.00000000,0.00000000,0.00000000,0.00000000,0.00000000,0.00000000,0.00000000,0.00000000,0.00000000,0.00000000,0.00000000,0.00000000,0.00000000,0.00000000,0.00000000,0.00000000,0.00000000,0.00000000,0.00000000,0.00000000,0.00000000,0.00000000,0.00000000,0.00000000,0.00000000,0.00000000,0.00000000,0.00000000,0.00000000,0.01678556,0.00000000,0.00000000,0.00000000,0.00000000,0.00476428,0.00000000,0.00000000,0.00000000,0.00000000,0.00000000,0.00000000,0.00000000,0.42053686,0.00000000,0.00167313,0.00000000,0.00000000,0.00000000,0.00000000,0.00000000,0.00000000,0.00000000,0.00000000,0.00000000,0.00000000,0.00000000,0.00000000,0.00000000,0.00000000,0.00327625,0.00000000,0.00000000,0.00000000,0.00000000,0.00000000,0.00000000,0.00000000,0.00000000,0.00111547,0.00000000,0.00000000,0.00000000,0.00000000,0.00000000,0.00000000,0.09493547,0.00000000,0.00000000,0.00000000,0.00000000,0.00000000,0.00000000,0.00000000,0.01679477,0.00000000,0.00000000,0.00000000,0.00000000,0.00000000,0.00000000,0.00000000,0.00000000,0.00000000,0.00279300,0.00000000,0.00000000,0.00000000,0.00000000,0.00000000,0.00000000,0.09034473,0.00000000,0.00000000,0.00000000,0.00000000,0.00000000,0.00000000,0.00000000,0.00000000,0.00000000,0.00000000,0.00000000,0.00000000,0.00000000,0.00000000,0.00000000,0.00000000,0.00000000,0.00000000,0.00000000,0.00000000,0.00000000,0.00000000,0.00000000,0.01158950,0.00000000,0.00000000,0.00774474,0.00000000,0.00000000,0.00000000,0.00000000,0.00000000,0.00000000,0.00000000,0.00000000,0.00000000,0.00000000,0.00000000,0.00000000,0.00952932,0.00000000,0.01226919,0.00000000,0.00000000,0.00133865,0.00000000,0.20261598,0.00243543,0.00000000,0.00000000,0.00000000,0.00000000,0.00000000,0.00000000,0.00000000,0.00000000,0.00000000,0.00000000,0.00000000,0.00000000,0.00000000,0.00000000,0.00000000,0.00000000,0.00000000,0.00000000,0.00000000,0.00000000,0.00000000,0.00000000,0.00000000,0.00541661,0.00000000,0.00000000,0.00000000,0.01499075,0.00000000,0.00888674,0.00000000,0.00000000,0.00000000,0.00000000,0.00000000,0.00000000,0.00000000,0.00000000,0.00195845,0.00000000,0.00000000,0.00000000,0.00000000,0.00000000,0.09175343,0.00000000,0.00000000,0.00000000,0.00000000,0.00000000,0.02474013,0.00000000,0.00000000,0.00000000,0.00000000,0.00000000,0.00000000,0.00000000,0.00000000,0.00000000,0.00000000,0.00000000,0.00000000,0.28991077,0.00000000,0.00000000,0.00000000,0.00000000,0.00000000,0.00000000,0.00000000,0.00000000,0.01380053,0.00000000,0.00000000,0.00000000,0.00000000,0.00000000,0.00000000,0.00000000,0.00000000,0.00000000,0.00239994,0.00995960,0.00000000,0.00000000,0.00614876,0.00000000,0.00000000,0.00000000,0.00000000,0.00000000,0.00000000,0.00000000,0.00000000,0.00000000,0.00743201,0.00000000,0.00000000,0.00000000,0.00000000,0.00000000,0.00000000,0.00000000,0.00000000,0.03237709,0.00000000,0.30270424,0.00000000,0.00000000,0.00000000,0.00000000,0.00000000,0.00000000,0.00000000,0.00000000,0.00000000,0.00000000,0.00000000,0.00000000,0.00000000,0.00000000,0.00000000,0.00000000,0.00000000,0.00000000,0.00000000,0.00000000,0.00000000,0.00000000,0.00000000,0.00000000,0.00000000,0.00000000,0.00000000,0.04726900,0.00000000,0.00000000,0.00000000,0.00000000,0.00000000,0.00000000,0.00000000,0.00000000,0.00000000,0.00320928,0.00000000,0.00000000,0.00000000,0.00000000,2.18247960,0.00000000,0.00000000,0.00000000,0.00000000,0.00725746,0.00000000,0.00000000,0.00000000,0.00000000,0.00000000,0.00000000,0.00000000,0.00000000,0.00000000,0.00128813,0.00000000,0.01121220,0.06520294,0.00000000,0.00173365,0.00000000,0.00000000,0.00000000,0.00000000,0.00000000,0.00000000,0.00000000,0.00000000,0.00000000,0.00000000,0.00000000,0.00000000,0.00000000,0.00000000,0.00000000,0.00000000,0.00000000,0.06125606,0.00000000,0.00000000,0.00000000,0.00000000,0.00000000,0.00000000,0.00000000,0.00000000,0.00000000,0.00000000,0.00000000,0.00000000,0.00000000,0.00000000,0.00000000,0.01299324,0.00000000,0.01760646,0.00062119,0.00000000,0.00000000,0.00000000,0.00000000,0.00000000,0.00000000,0.00000000,0.00000000,0.00000000,0.00000000,0.00000000,0.00000000,0.00000000,0.00000000,0.00000000,0.00000000,0.07107323,0.03625245,0.00000000,0.00000000,0.00000000,0.00000000,0.00000000,0.00000000,0.00000000,0.00000000,0.00000000,0.00000000,0.00000000,0.00000000,0.00000000,0.00000000,0.00000000,0.00000000,0.00000000,0.09471307,0.00000000,0.00000000,0.11958392,0.00000000,0.00000000,0.00000000,0.00758442,0.00000000,0.00443295,0.00000000,0.00000000,0.00000000,0.00000000,0.00000000,0.00983172,0.00000000,0.00000000,0.00391232,0.00000000,0.00000000,0.00000000,0.00000000,0.05110368,0.00000000,0.00000000,0.00000000,0.00000000,0.00000000,0.00000000,0.00000000,0.00000000,0.00000000,0.00000000,0.00000000,0.00211863,0.00000000,0.00000000,0.00000000,0.00414112,0.00000000,0.00438744,0.00000000,0.00000000,0.00000000,0.00000000,0.01158479,0.00000000,0.00000000,0.00000000,0.00600232,0.00000000,0.00000000,0.00000000
0.00000000,0.00000000,0.00000000,0.00000000,0.00000000,0.00000000,0.00000000,0.00000000,0.00000000,0.00000000,0.00000000,0.00000000,0.00000000,0.00000000,0.00000000,0.00000000,0.00000000,0.00000000,0.00000000,0.00000000,0.00000000,0.00000000,0.00000000,0.00000000,0.00000000,0.00000000,0.00000000,0.00000000,0.00222487,0.00000000,0.00000000,0.00000000,0.39316963,0.00000000,0.00000000,0.00000000,0.00000000,0.00000000,0.00000000,0.00000000,0.00000000,0.00000000,0.00000000,0.00000000,0.01557694,0.00000000,0.00000000,0.00000000,0.00000000,0.00000000,0.00000000,0.00869252,0.00000000,0.00000000,0.00000000,0.00000000,0.00000000,0.00000000,0.00000000,0.00000000,0.00000000,0.00000000,0.00000000,0.00000000,0.00000000,0.00000000,0.00000000,0.00461878,0.00000000,0.00000000,0.00145190,0.00369037,0.00000000,0.00000000,0.00000000,0.00000000,0.00000000,0.00000000,0.00000000,0.00000000,0.00000000,0.00000000,0.00000000,0.00000000,0.00000000,0.00000000,0.00099492,0.00000000,0.00000000,0.00000000,0.00000000,0.00000000,0.00000000,0.00000000,0.00000000,0.00000000,0.00000000,0.00158043,0.00000000,0.00000000,0.00000000,0.00000000,0.00000000,0.00000000,0.00000000,0.00000000,0.00000000,0.00000000,0.00000000,0.00000000,0.00000000,0.00000000,0.00000000,0.00000000,0.00000000,0.00000000,0.15359767,0.00000000,0.00000000,0.00000000,0.00000000,0.00000000,0.00000000,0.00000000,0.00000000,0.00000000,0.00000000,0.00677570,0.00000000,2.30863470,0.00000000,0.00000000,0.00000000,0.00000000,0.02009617,0.00439218,0.00000000,0.00000000,0.00000000,0.00000000,0.00000000,0.00097263,0.00000000,0.04234080,0.00000000,0.00000000,0.00000000,0.00000000,0.00000000,0.00000000,0.00000000,0.00000000,0.00000000,0.00000000,0.00000000,0.00000000,0.00387419,0.00000000,0.00000000,0.01461096,0.00000000,0.00000000,0.00000000,0.00000000,0.00000000,0.00000000,0.00000000,0.00000000,0.00000000,0.00000000,0.00000000,0.00000000,0.00000000,0.00000000,0.00000000,0.00221101,0.00000000,0.00000000,0.00000000,0.00000000,0.00000000,0.00000000,0.00000000,0.00000000,0.00000000,0.00000000,0.00000000,0.00000000,0.00000000,0.00000000,0.00000000,0.00000000,0.00644271,0.00000000,0.00000000,0.00000000,0.00000000,0.00000000,0.00000000,0.00000000,0.00140182,0.00000000,0.00000000,1.24630108,0.00000000,0.00000000,0.00000000,0.00000000,0.00000000,0.00000000,0.00000000,0.00000000,0.00000000,0.00000000,0.00000000,0.00000000,0.00000000,0.00000000,0.00000000,0.00000000,0.00000000,0.00000000,0.00000000,0.00000000,0.00000000,0.01056703,0.00000000,0.00000000,0.00000000,0.00000000,0.00000000,0.00000000,0.00000000,0.00000000,0.00000000,0.00000000,0.00000000,0.01419875,0.00000000,0.00000000,0.00000000,0.00000000,0.00000000,0.00000000,0.00000000,0.00000000,0.00000000,0.00000000,0.03540788,0.01191003,0.00000000,0.00000000,0.00000000,0.00000000,0.00000000,0.00000000,0.00000000,0.00000000,0.00000000,0.00000000,2.68795608,0.00917198,0.00000000,0.00000000,0.00000000,1.84801859,0.00000000,0.00000000,0.00000000,0.00000000,0.00000000,0.00000000,0.00000000,0.00000000,0.00000000,0.00000000,0.00000000,0.00000000,0.02285119,0.00000000,0.00000000,0.00000000,0.00000000,0.00000000,0.00000000,0.00000000,0.00000000,0.00000000,0.00000000,0.00000000,0.00000000,0.00000000,0.00000000,0.00000000,0.00000000,0.00000000,0.00000000,0.00000000,0.00000000,0.00000000,0.00247443,0.00000000,0.00000000,0.00000000,0.09655616,0.00000000,0.00000000,0.20649468,0.00000000,0.00000000,0.00000000,0.00000000,0.00000000,0.00000000,0.00000000,0.00000000,0.00000000,0.00000000,0.00000000,0.00000000,0.00000000,0.00000000,0.00000000,0.00000000,0.00000000,0.00122799,0.00000000,0.00000000,0.00000000,0.00086481,0.00000000,0.00183751,0.00000000,0.00000000,0.00000000,0.00000000,0.00000000,0.00000000,0.00000000,0.00000000,0.42200273,0.00000000,0.00000000,0.00000000,0.00000000,0.00000000,0.03094006,0.00000000,0.00000000,0.00000000,0.00000000,0.00000000,0.00000000,0.00000000,0.00000000,0.24466439,0.01721857,0.00000000,0.00000000,0.00000000,0.00000000,0.00000000,0.00000000,0.00000000,0.00335631,0.00000000,0.00000000,0.00000000,0.00000000,0.00000000,0.00000000,0.00000000,0.00000000,0.00000000,0.00000000,0.00000000,0.00000000,0.00000000,0.00000000,0.00000000,0.00000000,0.00000000,0.00000000,0.00000000,0.00000000,0.00000000,0.00000000,0.00000000,0.64889170,0.00000000,0.00000000,0.00000000,0.00000000,0.05102576,0.00000000,0.00000000,0.00000000,0.00000000,0.00000000,0.00140498,0.00000000,0.00000000,0.00000000,0.02944861,0.00000000,0.00000000,0.00000000,0.00000000,0.00000000,0.00000000,0.00000000,0.00000000,0.00000000,0.00000000,0.00000000,0.00000000,0.00000000,0.00000000,0.00000000,0.49540982,0.00000000,0.00942185,0.00000000,0.00000000,0.00233272,0.00000000,0.00000000,0.00000000,0.00000000,0.00000000,0.00000000,0.00000000,0.00000000,0.00000000,0.00000000,0.00000000,0.00000000,0.01156487,1.63405927,0.00000000,0.00000000,0.05303183,0.00000000,0.01442808,0.00000000,0.00000000,0.00000000,0.00000000,0.00000000,0.64165195,0.00000000,0.00000000,0.05848870,0.00000000,0.01071201,0.00000000,0.00000000,0.00000000,0.00000000,0.02606471,0.00937378,0.00000000,0.01453207,0.00000000,0.00000000,0.00000000,0.00000000,0.00000000,0.00000000,0.00000000,0.00000000,0.00000000,0.00000000,0.04345532,0.00000000,0.00000000,0.00000000,0.00000000,0.00000000,0.00000000,0.00522627,0.00000000,0.00000000,0.00000000,0.00000000,0.00000000,0.00000000,0.00000000,0.00695754,0.01262656,0.00000000,0.00000000,0.00000000,0.00300906,0.00000000,0.00000000,0.00000000,0.00000000,0.00000000,0.00000000,0.00000000,0.00000000,0.00000000,0.00000000,0.00000000,0.00000000,0.00000000,0.00000000,0.00000000,0.00000000,0.00000000,0.00000000,0.00000000,0.00000000,1.09654445,0.00000000,0.00000000,0.00000000,0.00000000,0.00000000,0.00000000,0.01055954,0.00000000,0.00884309,0.00000000,0.00000000,0.00000000,0.00000000,0.01723410,0.00000000,0.00000000,0.00000000,0.00089203,0.00000000,0.00000000,0.00000000,0.00000000,0.00000000,0.00000000,0.00000000,0.00000000,0.00123272,0.00000000,0.00000000,0.00000000,0.00000000,0.00000000,0.00000000,0.00000000,0.00000000,0.00000000,0.00228426,0.00000000,0.00336028,0.00000000,0.00000000,0.01160201,0.00231657,0.00000000,0.00000000,0.00000000,0.00000000,0.00737745,0.00000000,0.00617648,0.00527358,0.00000000,0.00000000,0.00900836,0.00000000,0.00000000,0.00000000,0.00000000,0.00000000,0.00213736,0.00000000,0.04300341,0.00000000,0.00229714,0.00000000,0.00000000,0.00000000,0.00000000,0.00000000,0.00000000,0.00000000,0.00887302,0.00000000,0.00000000,0.00000000,0.00000000,0.00000000,0.00000000,0.00000000,0.00000000,0.00000000,0.00000000,0.00000000,0.00000000,0.00000000,0.00000000,0.03364304,0.00000000,0.00000000,0.00000000,0.00000000,0.00000000,0.00000000,0.00000000,0.00000000,0.00000000,0.01077188,0.02921520,0.00000000,0.00593834,0.00000000,0.00000000,0.00000000,0.00000000,0.00000000,0.00000000,0.00000000,0.00000000,0.01140426,0.00000000,2.93578847,0.00000000,0.01206696,0.00000000,0.00000000,0.00248128,0.00000000,0.00000000,0.00000000,0.00000000,0.00000000,0.00763649,0.00000000,0.00000000,0.00000000,0.00000000,0.00000000,0.00000000,0.00000000,0.00000000,0.00000000,0.00000000,0.00536105,0.97387396,0.00933920,0.00000000,0.00000000,0.00000000,0.00000000,0.00000000,0.00000000,0.00000000,0.00000000,0.00000000,0.01714494,0.00000000,0.02538716,0.00000000,0.00000000,0.01873750,0.00000000,0.00000000,0.00760457,0.00000000,0.00000000,0.00000000,0.00000000,0.00000000,0.00000000,0.00000000,0.00000000,0.00000000,0.00000000,0.00000000,0.00000000,0.00000000,0.00000000,0.00000000,0.00000000,0.00000000,0.00000000,0.00000000,0.00000000,0.00000000,0.00000000,0.00000000,0.00000000,0.01575282,0.00000000,0.00000000,0.00000000,0.00235667,0.00000000,0.00000000,0.00000000,0.00000000,0.00000000,0.00000000,0.02081006,0.00000000,0.12525817,0.00000000,0.00000000,0.00000000,0.00000000,0.00000000,0.00000000,0.00000000,0.00000000,0.03865004,0.00000000,0.07905824,0.00000000,0.00000000,0.00000000,0.00000000,0.00000000,0.00000000,0.00000000,0.00000000,0.00000000,0.05373764,0.00000000,0.00000000,0.00000000,0.00000000,0.00000000,0.00000000,0.00946938,0.03940308,0.07691210,0.00000000,0.00000000,0.00000000,0.00000000,0.97111250,0.00000000,0.00000000,0.00000000,0.00000000,0.00000000,0.00000000,0.00000000,0.00000000,0.00000000,0.00000000,0.00000000,0.00000000,0.00000000,0.00761817,0.00248332,0.00000000,0.00000000,0.00000000,0.00000000,0.00000000,0.00000000,0.00000000,0.00076936,0.00000000,0.00000000,0.00000000,0.00000000,0.00000000,0.00000000,0.00779944,0.00000000,0.00000000,0.00000000,0.00000000,0.00000000,0.00000000,0.00000000,0.00000000,0.00000000,0.00000000,0.00000000,0.00000000,0.00000000,0.00000000,0.00877290,0.00000000,0.00000000,0.00000000,0.00000000,0.00000000,0.00000000,0.00000000,0.00000000,0.00000000,0.00000000,0.00000000,0.00000000,0.00000000,0.03446072
0.00000000,0.00000000,0.05944684,0.00000000,0.00000000,0.00000000,0.00000000,0.00796702,0.00000000,0.00000000,0.00000000,0.00355387,0.00000000,0.00000000,0.00000000,0.00000000,0.00071659,0.00000000,0.00000000,0.00000000,0.00000000,0.00000000,0.00000000,0.00000000,0.00000000,0.00000000,0.00000000,3.21680049,0.00000000,0.00000000,0.00000000,0.00000000,0.00000000,0.00000000,0.00000000,0.00000000,0.00000000,0.00000000,0.01706186,0.00000000,0.00000000,0.00000000,0.00000000,0.00000000,0.00000000,0.00000000,0.00000000,0.00000000,0.00000000,0.00000000,0.00000000,0.00000000,0.00403111,0.00000000,0.00000000,0.00000000,0.00000000,0.00000000,0.00000000,0.00000000,0.00000000,0.00000000,0.00000000,0.00000000,0.00000000,0.00000000,0.00000000,0.00000000,0.00000000,0.00000000,0.00000000,0.00000000,0.00000000,0.00000000,0.00000000,0.00000000,0.00000000,0.00000000,0.00000000,0.00000000,0.00000000,0.00000000,0.00000000,0.00000000,0.00000000,0.00000000,0.00000000,0.00000000,0.00000000,0.01585949,0.00000000,0.00000000,0.00000000,0.00000000,0.00000000,0.00000000,0.00000000,0.00000000,0.00000000,0.00000000,0.00000000,0.00000000,0.00000000,0.00000000,0.00000000,0.00000000,0.00000000,0.00000000,0.00000000,0.00000000,0.06522224,0.00000000,0.00000000,0.00000000,0.00000000,0.00000000,0.00000000,0.00000000,0.00000000,0.00000000,0.00176383,0.00000000,0.00000000,0.00000000,0.00000000,0.00000000,0.00000000,0.00000000,0.00000000,0.00000000,0.00000000,0.00000000,0.11817302,0.00090834,0.00000000,0.00000000,0.00000000,0.01460182,0.00000000,0.00000000,0.00000000,0.00000000,0.00000000,0.00000000,0.00000000,0.00000000,0.00000000,0.00000000,0.00000000,0.00000000,0.00617449,0.00000000,0.00000000,0.00000000,0.00000000,0.00000000,0.00000000,0.00000000,0.00000000,0.00000000,0.00000000,0.02850396,0.00000000,0.01584251,0.00000000,0.00000000,0.00000000,0.01030954,0.00000000,0.00000000,0.00000000,0.00000000,0.00000000,0.00000000,0.00000000,0.00810752,0.00000000,0.00000000,0.00000000,0.00000000,0.00090152,0.00000000,0.00000000,0.00000000,0.00000000,0.00000000,0.00000000,0.00000000,0.00000000,0.13454671,0.00000000,0.00000000,0.00000000,0.00000000,0.00000000,0.00000000,0.00000000,0.21659979,0.00759008,0.00000000,0.00000000,0.00000000,0.08084356,0.00000000,0.00000000,0.00000000,0.00000000,0.00000000,0.00000000,0.00000000,0.00000000,0.00000000,0.00000000,0.00000000,0.00242178,0.00000000,0.00000000,0.00000000,0.00000000,0.00612057,0.00000000,0.00095457,0.01198226,0.00000000,0.00000000,0.00000000,0.00000000,0.00000000,0.00000000,0.00000000,0.00000000,0.00000000,0.00000000,0.00000000,0.00000000,0.00000000,0.00000000,0.00000000,0.00000000,0.00000000,0.00403618,0.00000000,0.10275507,0.00000000,0.00000000,0.01083808,0.00000000,0.00000000,0.00000000,0.00980605,0.00000000,0.00000000,0.02190184,0.00000000,1.79210754,0.00000000,0.00000000,0.00000000,0.00476783,0.00000000,0.00000000,0.00000000,0.00000000,0.00000000,0.00076279,0.00000000,0.00142407,0.01459764,0.00242582,0.00791570,0.00287183,0.00000000,0.00000000,0.00000000,0.00000000,0.00793982,0.00000000,0.00000000,0.00000000,0.04684782,0.00000000,0.00000000,0.00000000,0.00000000,0.02531118,0.00000000,0.00000000,0.00000000,0.00000000,0.00000000,0.00000000,0.00000000,0.00000000,0.00000000,0.00138314,0.00980851,0.00000000,0.00000000,0.00000000,0.00000000,0.00000000,0.00000000,0.00000000,0.00000000,0.00000000,0.00000000,0.00000000,0.00000000,0.00000000,0.00000000,0.00000000,0.00000000,0.00000000,0.00000000,0.01804091,0.00000000,0.00000000,0.00000000,0.00000000,0.00160374,0.00000000,0.00000000,0.00000000,0.00000000,0.00000000,0.00000000,0.01195657,0.00000000,0.00000000,0.00372919,0.00000000,0.00000000,0.00519395,0.00000000,0.00000000,0.00000000,0.00000000,0.00000000,0.01577417,0.00000000,0.00000000,0.00000000,0.00000000,0.01308201,0.00000000,0.00000000,0.00000000,0.00000000,0.00000000,0.00171348,0.00000000,0.00000000,0.00000000,0.00000000,0.00000000,0.00000000,0.00000000,0.20204292,0.00000000,0.05182925,0.00000000,0.00000000,0.00000000,0.00000000,0.00000000,0.00000000,0.00000000,0.00000000,0.00000000,0.00700260,0.00000000,0.00000000,0.00000000,0.00000000,0.00000000,0.00113986,0.00000000,0.00853985,0.00000000,0.00000000,0.00000000,0.00000000,0.00000000,0.00000000,0.00000000,0.00000000,0.00000000,0.00000000,0.00000000,0.00000000,0.00000000,0.00000000,0.43154543,0.00000000,0.06751497,0.00000000,0.00000000,0.00000000,0.00000000,0.00000000,0.00000000,0.00000000,0.01653247,0.00000000,0.00000000,0.02382884,0.00000000,0.00000000,0.00000000,0.20368620,0.00000000,0.00000000,0.00000000,0.00000000,0.00000000,0.00000000,0.09542378,0.00000000,0.00000000,0.00000000,0.00000000,0.00000000,0.00000000,0.00000000,0.00000000,0.00000000,0.00000000,0.00000000,0.00000000,0.00000000,0.00000000,0.00000000,0.04225874,0.00000000,0.01781566,0.00000000,0.00000000,0.00000000,0.14634524,0.00000000,0.00000000,0.00000000,0.00122483,0.00000000,0.00000000,0.00000000,0.00000000,0.00000000,0.00000000,0.00000000,0.00723903,0.00000000,0.00094110,0.00000000,0.00000000,0.00000000,0.00000000,0.00000000,0.00000000,0.00000000,0.00077086,0.00000000,0.00000000,0.00000000,0.00000000,0.00000000,0.00000000,0.00000000,0.00000000,0.00000000,0.00000000,0.00000000,0.00521692,0.00000000,0.00000000,0.00000000,0.00000000,0.00000000,0.00000000,0.00000000,0.00000000,0.00000000,0.00000000,0.00000000,0.00000000,0.00000000,0.00000000,0.00000000,0.00000000,0.00000000,0.00000000,0.00000000,0.00693448,0.00000000,0.00000000,0.15220120,0.00000000,0.00000000,0.00000000,0.00000000,0.00000000,0.00000000,0.00893495,0.00000000,0.00000000,0.00000000,0.00000000,0.00000000,0.00000000,0.00000000,0.03184105,0.00000000,0.00000000,0.00000000,0.00000000,0.00000000,0.00000000,0.00159821,0.00000000,0.00000000,0.00000000,0.00000000,0.00000000,0.00000000,0.00000000,0.00000000,0.00000000,0.00000000,0.00769880,0.00000000,0.00000000,0.00108282,0.00000000,0.00000000,0.00000000,0.00000000,0.00000000,0.00000000,0.00000000,0.00000000,0.00000000,0.00934147,0.00000000,0.00000000,0.00000000,0.00000000,0.00000000,0.06410787,0.00000000,0.00000000,0.00000000,0.00171552,0.00000000,0.83953972,0.00000000,0.00000000,0.00000000,0.00000000,0.00000000,0.00161804,0.00000000,0.00309325,0.00000000,0.00000000,0.00000000,0.00000000,0.00000000,0.00000000,0.12174833,0.00000000,0.00000000,0.00000000,0.00000000,0.00000000,0.00000000,0.00000000,0.00000000,0.00000000,0.00000000,0.00000000,0.00000000,0.00000000,0.00000000,0.00356730,0.00073852,0.00000000,0.00000000,0.00000000,0.00000000,0.00000000,0.00084542,0.00000000,0.00000000,0.00000000,0.02683046,0.00000000,0.00000000,0.00000000,0.00000000,0.00000000,0.00000000,0.00000000,0.00000000,0.00000000,0.00000000,0.00000000,0.00000000,0.00000000,0.00000000,0.00000000,0.00000000,0.00000000,0.00000000,0.00000000,0.00000000,0.00000000,0.00000000,0.00000000,0.00000000,0.00000000,0.00000000,0.00000000,0.00000000,0.00000000,0.00000000,0.02814157,0.00000000,0.00270190,0.00000000,0.00000000,0.00181049,0.00000000,0.00000000,0.00277844,0.00000000,0.00000000,0.00000000,0.00000000,0.00000000,0.00000000,0.00000000,0.00000000,0.00000000,0.00000000,0.00000000,0.00000000,0.00000000,0.00000000,0.00000000,0.00000000,0.00000000,0.00000000,0.00000000,0.00000000,0.00000000,0.00000000,0.01014498,0.00000000,0.00201490,0.00000000,0.00000000,0.00000000,0.00000000,0.00000000,0.00422642,0.00000000,0.00000000,0.00000000,0.00199027,0.00000000,0.00000000,0.00000000,0.00000000,0.00000000,0.00000000,0.00000000,0.00000000,0.00000000,0.00000000,0.00000000,0.00971172,0.00000000,0.00000000,0.00000000,0.00000000,0.00000000,0.00000000,0.00000000,0.00000000,0.00000000,0.00000000,0.00000000,0.00000000,0.00000000,0.03611738,0.00000000,0.00000000,0.00000000,0.00000000,0.00000000,0.00000000,0.01004130,0.00334907,0.00000000,0.00000000,0.00000000,0.00000000,0.00000000,0.00000000,0.00000000,0.00000000,0.00000000,0.01778182,0.00000000,0.00000000,0.00308225,0.00000000,0.00000000,0.00000000,0.00000000,0.00000000,0.05356759,0.00000000,0.00000000,0.00000000,0.00000000,0.00000000,0.03440601,0.00000000,0.00000000,0.00000000,0.00000000,0.00000000,0.00000000,0.00000000,0.00000000,0.00000000,0.00000000,0.00000000,0.00000000,0.00000000,0.00000000,0.08294590,0.00000000,0.00000000,0.00000000,0.00000000,0.00000000,0.00000000,0.01617226,0.00000000,0.00000000,0.00000000,0.00000000,0.00000000,0.12795484,0.00000000,0.00000000,0.00000000,0.00000000,0.00000000,0.00000000,0.00000000,0.00000000,0.00000000,0.00000000,0.00000000,0.00000000,0.00000000,0.00000000,0.00000000,0.00000000,0.00000000,0.00000000,0.00000000,0.00259337,0.00000000,0.00000000,0.00848731,0.00000000,0.00000000,0.00093182,0.00000000,0.00000000,0.00000000,0.00000000,0.00000000,0.00000000,0.00000000,0.00000000,0.00000000,0.00000000,0.00000000,0.00000000,0.00000000,0.00000000,1.14732377,0.00000000,0.00623716,0.00000000
0.00000000,0.00000000,0.00000000,0.00442028,0.00755990,0.15013076,0.00000000,0.00000000,0.00000000,0.00000000,0.01014365,0.00000000,0.00000000,0.00000000,0.00000000,0.00000000,0.00000000,0.00000000,0.02131145,0.00000000,0.00782497,0.00000000,0.00000000,0.00000000,0.00000000,0.00000000,0.00323230,0.00000000,0.04326092,0.00000000,0.00000000,0.00000000,0.00000000,0.00000000,0.00000000,0.00000000,0.00154911,0.00000000,0.00000000,0.00000000,0.00000000,0.00000000,0.00000000,0.00000000,0.00000000,0.00000000,0.00000000,0.00000000,0.00000000,0.00000000,0.00000000,0.14059381,0.00000000,0.00000000,0.00000000,0.00000000,0.00000000,0.00000000,0.00000000,0.00000000,0.00000000,0.00000000,0.00000000,0.00000000,0.00000000,0.00000000,0.00000000,0.00000000,0.00000000,0.00000000,0.00283290,0.00000000,0.00000000,0.00000000,0.00000000,0.00000000,0.00000000,0.00000000,0.00000000,0.00000000,0.00000000,0.00000000,0.00000000,0.00000000,0.00000000,0.00000000,0.00000000,0.00000000,0.00000000,0.00000000,0.00000000,0.00000000,0.00000000,0.00000000,0.00000000,0.00000000,0.00000000,0.00000000,0.00000000,0.00000000,0.00000000,0.00000000,0.00000000,0.00000000,0.00000000,0.00000000,0.00000000,0.00000000,0.00000000,0.00295451,0.00282979,0.00000000,0.00000000,0.00464495,0.00000000,0.00000000,0.00000000,0.00000000,0.00000000,0.00000000,0.00000000,0.00000000,0.00000000,0.00000000,0.00000000,0.00000000,0.00000000,0.00000000,0.00000000,0.00000000,0.01944460,0.00000000,0.09372356,0.00000000,0.00000000,0.00000000,0.00000000,0.00000000,0.00000000,0.00000000,0.00000000,0.00000000,0.00000000,0.00000000,0.00000000,0.00000000,0.00000000,0.00000000,0.00000000,0.00000000,0.00000000,0.00000000,0.00000000,0.00000000,0.00000000,0.00000000,0.00000000,0.00000000,0.00000000,0.00000000,0.00640251,0.00000000,0.02108500,0.00000000,0.00000000,0.00000000,0.00000000,0.00000000,0.00000000,0.00000000,0.00000000,0.00000000,0.00000000,0.00000000,0.00000000,0.00755338,0.00000000,0.00000000,0.00000000,0.00000000,0.00647874,0.00000000,0.00000000,0.00835743,0.00000000,0.00000000,0.00000000,0.00000000,0.00000000,0.00000000,0.00000000,0.00000000,0.00000000,0.00000000,0.00610166,0.00000000,0.00000000,0.00000000,0.00000000,0.00000000,0.00000000,0.00000000,0.00000000,0.00000000,0.00000000,0.00000000,0.00649770,0.00703878,0.00000000,0.00000000,0.00000000,0.00000000,0.01081347,0.00000000,0.00000000,0.00000000,0.00000000,0.00000000,0.00000000,0.00000000,0.00000000,0.00000000,0.00000000,0.00000000,0.00000000,0.00000000,0.00000000,0.00068130,0.00000000,0.00000000,0.00000000,0.00000000,0.00000000,0.00000000,0.00000000,0.00054425,0.00000000,0.00000000,0.00000000,0.00000000,0.00000000,0.00000000,0.00000000,0.00000000,0.03706176,0.00000000,0.00000000,0.00000000,0.00000000,0.00000000,0.00382299,0.00000000,0.00000000,0.13950371,0.00000000,0.00000000,0.00000000,1.09723719,0.00000000,0.00000000,0.00000000,0.00000000,0.00000000,0.00000000,0.00000000,0.00000000,0.00000000,0.00000000,0.00000000,0.00000000,0.00000000,0.00000000,0.00000000,0.00000000,0.00000000,0.00000000,0.00000000,0.00000000,0.00000000,0.00000000,0.00000000,0.07189132,0.00000000,0.00000000,0.00000000,0.00000000,0.00000000,0.02336823,0.00000000,0.00000000,0.00000000,0.00000000,0.00000000,0.00000000,0.00000000,0.00000000,0.00000000,0.00000000,0.00478818,0.00000000,0.00000000,0.00000000,0.01289245,0.00000000,0.00000000,0.00000000,0.00000000,0.00000000,0.00000000,0.00000000,0.00000000,0.00000000,0.00000000,0.00000000,0.00000000,0.00000000,0.00000000,0.00000000,0.00000000,0.00000000,0.00000000,0.00000000,0.00000000,0.00000000,0.00000000,0.00440733,0.00000000,0.00000000,0.00000000,0.00000000,0.15000174,0.00000000,0.00000000,0.00856056,0.00000000,0.00000000,0.02856389,0.00000000,0.00000000,0.00000000,0.00000000,0.00954013,0.00000000,0.01234629,0.00000000,0.00000000,0.00000000,0.00000000,0.18672508,0.00000000,0.00000000,0.00000000,0.00805107,0.00000000,0.00000000,0.00000000,0.00000000,0.00000000,0.00000000,0.00000000,0.00000000,0.00000000,0.00000000,0.00000000,0.00000000,0.00000000,0.00000000,0.10075844,0.00000000,0.00000000,0.00000000,0.00000000,0.00000000,0.00000000,0.00000000,0.00458595,0.00000000,0.00000000,0.00000000,0.00000000,0.00000000,0.00000000,0.00000000,0.00000000,0.00000000,0.00000000,0.00000000,0.00138988,0.00000000,0.00000000,0.00000000,0.00000000,0.00000000,0.00000000,0.00000000,0.00000000,0.00000000,0.00000000,0.00000000,0.00000000,0.00000000,0.00000000,0.00000000,0.00000000,0.00000000,0.00000000,0.00000000,0.00000000,0.00000000,0.41660521,0.00000000,0.00000000,0.05346173,0.00000000,0.00000000,0.00000000,0.00000000,0.00000000,0.00000000,0.00000000,0.00000000,0.00686782,0.00842362,0.00000000,0.00000000,0.00000000,0.00000000,0.01223131,0.00000000,0.00000000,0.00172121,0.00000000,0.00000000,0.03904011,0.00000000,0.00000000,0.01060674,0.04870212,0.00000000,0.00000000,0.00000000,0.00000000,0.00000000,0.05902780,0.00000000,0.00000000,0.00000000,0.00000000,0.00000000,0.00000000,0.00000000,0.00000000,0.00000000,0.00000000,0.00000000,0.06215057,0.00000000,0.00000000,0.00000000,0.00000000,0.00000000,0.00000000,0.00000000,0.00000000,0.00000000,0.00000000,0.00000000,0.00000000,0.00000000,0.00000000,0.00000000,0.00000000,0.00000000,0.00115934,0.00000000,0.00000000,0.00000000,0.00000000,0.00662057,0.00000000,0.00000000,0.00000000,0.00000000,0.00000000,0.00000000,0.00000000,0.04037577,0.00000000,0.00000000,0.00000000,0.00000000,0.00000000,0.01500880,0.00000000,0.00000000,0.00000000,0.00000000,0.00000000,0.00000000,0.00000000,0.00000000,0.00000000,0.00000000,0.00000000,0.00000000,0.00000000,0.00000000,0.00000000,0.00000000,0.00000000,0.00000000,0.00000000,0.00000000,0.00000000,1.78709324,0.00000000,0.00000000,0.00000000,0.00000000,0.00000000,0.00000000,0.00000000,0.01438443,0.00000000,0.01823537,0.00000000,0.00000000,0.00000000,0.00132945,0.00000000,0.00083722,0.00000000,0.00000000,0.02858098,0.24892476,0.00461628,0.07266553,0.00000000,0.00000000,0.00000000,0.00530945,0.00000000,0.00000000,0.00000000,0.00000000,0.00000000,0.00000000,0.00000000,0.00000000,0.00000000,0.00000000,0.00000000,0.01105092,0.28429640,0.00000000,0.00000000,0.00000000,0.00000000,0.04577761,0.00000000,0.01063926,0.00000000,0.00000000,0.00000000,0.00000000,0.00000000,0.00000000,0.00000000,0.00000000,0.00433791,0.00000000,0.00000000,0.00000000,0.00000000,0.00000000,0.00000000,0.00000000,0.00000000,0.00000000,0.00000000,0.33332947,0.00000000,0.00000000,0.00000000,0.00000000,0.00000000,0.00000000,0.00000000,0.00000000,0.00000000,0.00000000,0.00000000,0.00000000,0.00000000,0.00000000,0.00000000,0.00000000,0.00000000,0.00000000,0.00122364,0.00000000,0.00839529,0.00000000,0.00000000,0.00124357,0.00000000,0.06321384,0.01038478,0.00000000,0.00000000,0.00000000,0.00000000,0.00000000,0.00000000,0.00000000,0.00000000,0.00000000,0.00000000,0.00000000,0.00000000,0.00000000,0.00000000,0.00000000,0.00000000,0.00000000,0.00000000,0.00000000,0.00652143,0.00000000,0.00000000,0.00000000,0.00000000,0.00000000,0.00000000,0.00000000,0.00000000,0.00915974,0.00000000,0.00000000,0.05637356,0.00000000,0.00000000,0.00000000,0.00000000,0.07716642,0.00000000,0.00000000,0.00000000,0.00000000,0.00000000,0.00000000,0.00000000,0.00000000,0.00000000,0.00000000,0.00000000,0.01624710,0.01448920,0.00000000,0.00000000,0.00000000,0.00406470,0.00000000,0.00000000,0.00000000,0.00000000,0.00000000,0.00000000,0.00000000,0.00000000,0.03373997,0.00000000,0.00000000,0.01162383,0.00000000,0.00000000,0.00000000,0.00000000,0.00000000,0.00000000,0.00000000,0.00000000,0.00000000,0.00000000,0.00000000,0.00000000,0.00000000,0.00000000,0.00000000,0.00000000,0.00000000,0.00000000,0.00000000,0.00000000,0.00000000,0.00000000,0.00000000,0.00233187,0.06378886,0.09492371,0.00000000,0.00000000,0.00000000,0.00000000,0.00000000,0.00000000,0.00000000,0.00000000,0.00000000,0.00000000,0.00000000,0.00000000,0.00000000,0.00000000,0.02621570,0.00000000,0.00000000,0.00000000,0.00000000,0.00000000,0.00000000,0.00263349,0.00000000,0.00000000,0.00000000,0.00000000,0.00000000,0.01231502,0.00509121,0.00225279,0.30339672,0.00000000,0.00000000,0.00000000,0.00000000,0.00000000,0.00000000,0.00113767,0.00000000,0.10688947,0.02096080,0.00000000,0.00000000,0.00000000,0.00000000,0.00000000,0.05352958,0.05756043,0.00000000,0.00000000,0.00000000,0.00000000,0.00000000,0.00000000,0.00000000,0.00767826,0.00000000,0.00000000,0.00487971,0.00000000,0.00000000,0.00000000,0.00000000,0.00000000,0.00000000,0.00000000,0.00000000,0.00364395,0.00000000,0.00000000,0.00657269,0.00000000,0.00438717,0.00781169,0.00000000,0.00419359,0.00000000,0.00000000,0.00000000,0.00000000,0.00000000,0.00000000,0.00000000,0.00000000,0.00000000,0.00000000,0.00000000,0.00000000,0.00000000,0.00186006,0.00000000,0.00000000,0.00000000,0.00000000,0.00000000,0.00000000,0.00000000,0.00000000,0.00000000,0.01288538
0.00770651,0.00000000,0.00000000,0.00000000,0.00000000,0.00000000,0.00000000,0.00000000,0.00000000,0.00367770,0.00000000,0.00000000,0.00000000,0.00000000,0.00000000,0.00000000,0.00000000,0.00000000,0.00000000,0.01227403,0.00000000,0.00000000,0.00000000,0.00000000,0.00054642,0.00000000,0.00429276,0.00000000,0.00000000,0.00000000,0.00000000,0.00000000,0.02395916,0.00000000,0.00000000,0.00000000,0.00000000,0.00000000,0.00000000,0.00000000,0.01556065,0.00000000,0.00000000,0.00000000,0.00000000,0.02358163,0.00000000,0.00000000,0.00000000,0.00000000,0.00000000,0.00313456,0.00000000,0.00000000,0.00000000,0.00000000,0.00896544,0.00637645,0.10503183,0.00000000,0.03505101,0.00000000,0.00000000,0.01662255,0.00000000,0.00000000,0.61820036,0.00529358,0.00000000,0.00000000,0.00000000,0.00000000,0.00000000,0.00000000,0.00000000,0.00000000,0.00000000,0.00000000,0.00000000,0.00000000,0.00000000,0.00000000,0.00000000,0.09427688,0.00000000,0.00000000,0.00000000,0.00000000,0.00000000,0.00000000,0.00000000,0.00000000,0.00000000,0.00000000,0.00000000,0.00988080,0.00000000,0.00000000,0.00000000,0.00000000,0.02426077,0.00000000,0.00585762,0.00000000,0.00351659,0.00000000,0.00000000,0.00000000,0.00000000,0.00000000,0.00000000,0.00000000,0.00000000,0.00000000,0.00000000,0.00000000,0.00000000,0.00000000,0.00000000,0.00000000,0.00000000,0.00000000,0.00000000,0.00000000,0.00000000,0.00000000,0.00000000,0.00000000,0.00397314,0.00000000,0.00306061,0.00000000,0.00000000,0.00000000,0.00118578,0.00352069,0.00000000,0.00439860,0.00000000,0.00000000,0.00000000,0.00000000,0.00000000,0.00000000,0.00000000,0.00000000,0.00000000,0.00000000,0.01435963,0.00000000,0.00000000,0.06718047,0.00000000,0.00000000,0.00000000,0.00000000,0.00000000,0.00000000,0.00000000,0.00000000,0.00000000,0.00000000,0.00000000,0.00000000,0.00000000,0.00000000,0.00000000,0.00000000,0.00000000,0.00000000,0.00000000,0.00000000,0.00000000,0.00000000,0.00000000,0.00071126,0.00000000,0.00000000,0.00133614,0.00000000,0.00000000,0.00000000,0.00000000,0.00000000,0.00000000,0.00000000,0.00000000,0.00000000,0.00000000,0.00000000,0.00000000,0.00000000,0.00000000,0.00000000,0.00000000,0.00000000,0.00000000,0.00000000,0.00000000,0.00000000,0.00000000,0.01085513,0.05413190,0.00000000,0.00000000,0.00000000,0.00000000,0.00000000,0.00000000,0.00000000,0.00000000,0.00000000,0.00000000,0.00459328,0.01712950,0.00000000,0.01548545,0.00000000,0.00000000,0.00000000,0.00000000,0.01205683,0.00000000,0.00000000,0.00000000,0.00000000,0.00000000,0.00000000,0.00000000,0.00000000,0.00000000,0.00000000,0.00000000,0.00000000,0.00000000,0.00086208,0.01010088,0.00000000,0.00000000,0.00000000,0.00000000,0.00000000,0.00000000,0.00000000,0.17528577,0.00000000,0.00000000,0.00000000,0.00000000,0.00000000,0.00000000,0.00000000,0.00000000,0.00000000,0.00000000,0.00000000,0.00000000,0.00000000,0.00000000,0.00000000,0.00000000,0.00000000,0.00000000,0.00000000,0.00000000,0.00000000,0.00000000,0.00000000,0.00000000,0.00000000,0.00000000,0.00000000,0.00000000,0.00000000,0.00000000,0.00000000,0.00000000,0.00000000,0.00000000,0.00496848,0.00000000,0.00174560,0.00000000,0.00000000,0.00000000,0.00000000,0.00000000,0.00000000,0.00000000,0.00000000,0.00000000,0.00000000,0.00000000,0.00000000,0.00000000,0.00000000,0.00000000,0.00000000,0.00000000,0.00000000,0.00000000,0.00000000,0.00000000,0.00000000,0.00000000,0.00000000,0.00000000,0.00000000,0.00000000,0.00000000,0.00000000,0.00000000,0.00000000,0.00000000,0.00000000,0.14451695,0.00000000,0.00000000,0.00000000,2.79395045,0.00000000,0.00000000,0.00000000,0.00000000,0.00000000,0.00000000,0.00000000,0.00000000,0.00000000,0.00000000,0.00000000,0.00000000,0.01063776,0.00000000,0.00000000,0.00000000,0.00000000,0.00000000,0.00000000,0.00000000,0.00000000,0.00000000,0.00000000,0.00000000,0.00000000,0.00000000,0.00000000,0.00000000,0.00000000,0.00000000,0.00000000,0.00000000,0.00000000,0.00000000,0.00000000,0.00000000,0.00000000,0.00000000,0.00000000,0.00000000,0.00000000,0.00000000,0.00000000,0.00000000,0.00118910,0.00000000,0.00000000,0.00000000,0.00000000,0.00000000,0.00000000,0.00000000,0.00000000,0.00113986,0.00458595,0.00000000,0.00000000,0.00000000,0.01725175,0.00000000,0.00000000,0.00000000,0.00000000,0.00000000,0.00000000,0.00000000,0.00000000,0.00000000,0.00271709,0.00000000,0.00982386,0.00000000,0.00000000,0.00000000,0.00000000,0.05169944,0.00000000,0.00000000,0.00000000,0.00000000,0.00000000,0.00000000,0.00000000,0.00000000,1.10590507,0.00000000,0.00000000,0.00000000,0.00000000,0.00000000,0.00000000,0.00000000,0.00000000,0.00000000,0.00000000,0.01783162,0.00000000,0.00000000,0.00000000,0.00000000,0.25119327,0.00000000,0.00262632,0.00000000,0.00000000,0.00000000,0.00000000,0.00000000,0.00000000,0.00246177,0.00307505,0.00000000,0.00000000,0.00000000,0.00000000,0.00000000,0.00000000,0.00000000,0.00000000,0.00000000,0.00000000,0.00000000,0.00000000,0.00000000,0.00000000,0.01511655,0.00000000,0.00000000,0.00000000,0.00084852,0.00000000,0.00000000,0.00000000,0.00000000,0.00000000,0.00000000,0.00000000,0.00000000,0.61372856,0.00000000,0.00000000,0.00000000,0.00000000,0.00000000,0.00098366,0.00000000,0.00000000,0.00000000,0.00000000,0.00000000,0.00000000,0.00000000,0.00000000,0.00000000,0.00000000,0.00000000,0.00000000,0.10213339,0.00000000,0.00416945,0.00000000,0.00000000,0.00000000,0.00000000,0.00000000,0.00000000,0.00000000,0.00000000,0.00000000,0.00467470,0.00000000,0.00000000,0.00000000,0.00226114,0.00000000,0.00000000,0.01443398,0.00000000,0.00000000,0.00000000,0.00859222,0.00000000,0.00000000,0.00000000,0.00000000,0.04725503,0.00000000,0.00000000,0.00000000,0.00000000,0.00291074,0.03316542,0.00000000,0.00000000,0.00000000,0.00000000,0.00000000,0.00000000,0.00000000,0.00000000,0.00000000,0.00000000,0.00000000,0.00000000,0.00000000,0.00000000,0.00000000,0.00000000,0.00000000,0.00000000,0.00000000,0.00000000,0.00000000,0.00000000,0.00000000,0.00000000,0.00000000,0.00000000,0.00000000,0.00000000,0.00000000,0.00000000,0.00000000,0.00000000,0.00000000,0.00000000,0.00000000,0.00000000,0.00000000,0.00000000,0.00000000,0.00000000,0.00000000,0.00000000,0.00000000,0.00000000,0.00000000,0.00000000,0.00000000,0.00000000,0.00000000,0.00059071,0.00000000,0.00000000,0.00000000,0.00000000,0.00000000,0.00000000,0.00000000,0.01926123,0.00334729,0.00168206,0.00000000,0.00158290,0.00000000,0.00000000,0.00000000,0.00728025,0.00000000,0.00000000,0.00000000,0.00000000,0.00000000,0.00142184,0.00085729,0.00000000,0.00000000,0.00000000,0.01549605,0.00000000,0.00000000,0.00000000,0.00000000,0.00000000,0.00000000,0.00000000,0.00000000,0.00000000,0.00000000,0.00000000,0.00000000,0.01561670,0.00000000,0.00000000,0.00200869,0.00000000,0.00000000,0.00000000,0.00000000,0.00000000,0.00000000,0.00000000,0.01572618,0.00000000,0.00000000,0.00000000,0.00000000,0.06536475,0.20522289,0.00000000,0.00000000,0.00000000,0.00000000,0.00000000,0.05949894,0.00000000,0.02245533,0.01683618,0.00000000,0.00000000,0.00000000,0.00000000,0.00000000,0.00000000,0.00000000,0.00000000,0.00000000,0.00000000,0.01100311,0.00000000,0.01841328,0.00000000,0.00000000,0.01349968,0.00000000,0.00216389,0.00000000,0.00000000,0.00000000,0.00000000,0.00000000,0.00000000,0.00000000,0.00000000,0.00000000,0.00000000,0.00000000,0.00000000,0.00000000,0.00000000,0.00000000,0.00000000,0.00102412,0.00000000,0.00000000,0.00205982,0.00372547,0.00000000,0.00000000,0.00000000,0.02452351,0.00000000,0.00000000,0.00000000,0.00000000,0.00000000,0.00000000,0.00000000,0.00000000,0.12398924,0.00000000,0.03897828,0.00000000,0.00809898,0.00000000,0.00000000,0.00000000,0.02883789,0.00000000,0.00000000,0.00000000,0.03721334,0.00000000,0.00000000,0.00000000,0.00000000,0.01635692,0.00000000,0.00000000,0.00000000,0.00000000,0.00000000,0.00000000,0.00000000,0.00000000,0.00997515,0.00000000,0.00000000,0.00000000,0.00000000,0.00000000,0.00000000,0.00000000,0.00000000,0.00000000,0.00000000,0.00000000,0.00000000,0.00678906,0.00000000,0.00000000,0.00000000,0.00000000,0.00000000,0.00000000,0.00000000,0.00000000,0.00358468,0.00000000,0.00542607,0.00000000,0.00000000,0.00000000,0.01245148,0.00000000,0.00000000,0.00000000,0.00000000,0.00000000,0.00102903,0.00000000,0.00000000,0.00000000,0.00000000,0.00000000,0.00000000,0.00000000,0.00000000,0.00000000,0.01014710,0.00000000,0.00000000,0.00000000,0.00000000,0.00000000,0.00000000,0.00000000,0.00684584,0.00000000,0.00960325,0.00000000,0.00000000,0.00000000,0.00000000,0.00000000,0.00000000,0.00000000,0.00000000,0.01104906,0.00000000,0.00000000,0.00000000,0.00000000,0.01732249,0.00000000,0.00000000,0.00000000,0.00000000,0.00000000,0.00000000,0.00665171,0.00000000,0.00000000,0.00000000,0.00000000,0.00000000,0.01832003,0.00000000,0.00000000,0.00000000,0.00000000,0.00000000,0.00000000,0.00000000,0.00000000,0.00000000,0.00000000,0.00000000,0.00000000,0.00000000
0.00897991,0.00000000,0.00000000,0.00000000,0.00000000,0.00000000,0.00000000,0.00441039,0.00000000,0.00000000,0.00000000,0.10534972,0.00000000,0.00000000,0.00000000,0.00000000,0.00000000,0.00000000,0.00000000,0.00000000,0.00000000,0.00000000,0.00000000,0.00000000,0.00000000,0.00000000,0.00000000,0.00000000,0.00000000,0.00000000,0.00000000,0.00000000,0.00000000,0.00000000,0.00000000,0.00000000,0.00581866,0.00000000,0.00000000,0.00000000,0.00000000,0.00000000,0.00000000,0.00000000,0.00000000,0.00000000,0.00000000,0.00000000,0.00000000,0.00160790,0.00000000,0.00000000,0.00000000,0.00000000,0.00000000,0.00842234,0.00000000,0.00000000,0.00000000,0.00000000,0.00000000,0.00000000,0.00000000,0.00000000,0.00000000,0.00000000,0.00000000,0.00000000,0.00000000,0.00000000,0.00000000,0.00000000,0.00000000,0.00000000,0.00429350,0.00000000,0.04324249,0.00000000,0.00000000,0.00000000,0.00000000,0.00000000,0.00000000,0.08514213,0.00000000,0.00000000,0.00061759,0.00000000,0.00000000,0.00000000,0.00000000,0.00000000,0.00000000,0.00000000,0.00000000,0.00000000,0.04138575,0.00000000,0.00840520,0.03677381,0.00337120,0.00000000,0.00000000,0.00000000,0.00000000,0.00000000,0.00000000,0.00000000,0.00000000,0.00000000,0.00000000,0.00000000,0.00000000,0.00000000,0.00000000,0.00000000,0.00000000,0.00000000,0.00000000,0.00000000,0.00000000,0.00000000,0.00000000,0.00000000,0.00000000,0.00000000,0.00000000,0.00000000,0.00000000,0.00000000,0.01512935,0.00000000,0.00000000,0.00000000,0.03613556,0.00000000,0.00000000,0.00000000,0.00000000,0.00000000,0.00000000,0.00000000,0.00061575,0.00000000,0.00000000,0.00000000,0.00000000,0.00000000,0.00000000,0.00000000,0.00000000,0.00000000,0.00000000,0.00000000,0.00819682,0.00000000,0.00000000,0.03216194,0.00000000,0.00000000,0.00000000,1.56130930,0.77571359,0.00000000,0.00000000,0.00000000,0.00000000,0.00000000,0.00000000,0.00000000,0.00000000,0.00000000,0.00000000,0.00000000,0.00000000,0.00000000,0.00000000,0.00000000,0.00000000,0.00000000,0.00000000,0.00000000,0.00000000,0.00000000,0.00000000,0.00000000,0.00000000,0.00000000,0.00000000,0.00000000,0.00000000,0.00000000,0.00000000,0.00605780,0.00000000,0.00000000,0.00000000,0.00000000,0.00000000,0.00000000,0.00314154,0.00000000,0.00000000,0.00000000,0.00116086,0.00000000,0.00000000,0.00000000,0.00000000,0.00000000,0.00000000,0.00096940,0.00000000,0.00000000,0.01640500,0.00000000,0.00000000,0.00000000,0.00000000,0.00000000,0.00000000,0.00000000,0.00000000,0.00000000,0.00000000,0.00000000,0.00000000,0.00000000,0.00000000,0.00000000,0.00000000,0.00000000,0.00000000,0.00000000,0.00000000,0.00000000,0.00000000,0.00000000,0.00000000,0.00000000,0.00000000,0.00000000,0.00000000,0.00000000,0.00000000,0.00000000,0.00000000,0.96248471,0.00503199,0.15432521,0.01615426,0.00000000,0.00000000,0.00726684,0.00000000,0.00000000,0.00000000,0.00000000,0.00000000,0.00000000,0.00000000,0.00000000,0.06413609,0.00000000,0.00194270,0.00000000,0.00000000,0.01374064,0.00000000,0.00000000,0.00000000,0.00000000,0.00000000,0.00000000,0.00000000,0.00622215,0.00000000,0.00000000,0.00000000,0.00000000,0.00000000,0.00000000,0.00000000,0.00000000,0.00000000,0.01687645,0.00000000,0.00000000,0.00000000,0.00000000,0.00000000,0.91869963,0.08595613,0.00000000,0.00000000,0.00000000,0.00000000,0.00000000,0.00000000,0.00000000,0.00000000,0.00000000,0.00000000,0.00000000,0.00000000,0.00000000,0.00000000,0.00000000,0.00000000,0.00000000,0.00000000,0.00000000,0.00000000,0.00000000,0.00000000,0.00000000,0.00000000,0.00000000,0.00000000,0.00000000,0.00000000,0.00000000,0.00000000,0.00000000,0.00702349,0.00000000,0.00000000,0.00000000,0.02388446,0.98420659,0.00000000,0.00000000,0.00000000,0.00000000,0.00000000,0.00000000,0.00000000,0.01090918,0.01885709,0.09944571,0.00000000,0.00000000,0.00000000,0.00000000,0.00000000,0.00000000,0.00000000,0.00126421,0.00000000,0.00385483,0.00000000,0.00000000,0.00000000,0.00000000,0.00000000,0.00000000,0.00000000,0.00622490,0.00000000,0.00000000,0.00279188,0.00000000,0.00000000,0.00000000,0.00000000,0.00000000,0.00000000,0.00000000,0.00000000,0.00000000,0.00000000,0.00000000,0.00000000,0.00000000,0.00000000,0.00000000,0.00000000,0.00000000,0.00000000,0.00000000,0.00000000,0.00000000,0.00000000,0.00000000,0.00000000,0.00000000,0.00256093,0.00000000,0.00000000,0.00000000,0.00000000,0.00000000,0.00000000,0.00277674,0.00000000,0.00000000,0.00000000,0.03691503,0.62549852,0.00000000,0.00123668,0.00515574,0.00000000,0.00000000,0.00000000,0.00000000,0.00119498,0.00000000,0.00000000,0.00000000,0.00000000,0.00000000,0.00000000,0.00000000,0.00000000,0.00000000,0.00000000,0.00000000,0.07021483,0.00702391,0.00000000,0.00000000,0.12659674,0.00000000,0.00000000,0.00659124,0.00000000,0.00000000,0.00000000,0.00000000,0.00000000,0.02077660,0.00000000,0.00000000,0.00000000,0.00000000,0.00000000,0.00000000,0.00000000,0.00000000,0.00000000,0.00000000,0.00000000,0.00000000,0.00000000,0.00000000,0.00000000,0.00000000,0.01687627,0.00000000,0.00000000,0.00000000,0.00000000,0.00000000,0.00000000,0.00000000,0.00000000,0.00000000,0.00000000,0.00000000,0.00000000,0.00111535,0.00000000,0.00000000,0.00000000,0.00000000,0.00000000,0.00000000,0.00000000,0.00000000,0.00279960,0.00000000,0.00000000,0.00000000,0.00000000,0.00000000,0.00000000,0.00000000,0.00000000,0.00000000,0.00000000,0.00000000,0.00000000,0.00000000,0.00812437,0.00000000,0.00000000,0.00000000,0.00000000,0.00000000,0.10624341,0.00000000,0.00000000,0.00000000,0.00000000,0.00000000,0.00000000,0.00000000,0.00000000,0.00000000,0.00076734,0.00000000,0.00000000,0.00000000,0.00000000,0.02697058,0.00000000,0.00000000,0.00000000,0.00000000,0.00000000,0.00000000,0.00000000,0.00000000,0.00000000,0.00000000,0.00000000,0.00000000,0.00000000,0.00000000,0.00000000,0.00000000,1.66116636,0.00000000,0.00000000,0.00000000,0.00000000,0.00000000,0.00000000,0.00000000,0.00000000,0.00000000,0.00000000,0.01195201,0.00000000,0.00000000,0.00000000,0.00000000,0.00000000,0.01998628,0.01174294,0.08151965,0.00000000,0.00000000,0.00772866,0.00000000,0.00196909,0.00000000,0.00000000,0.00000000,0.00000000,0.00000000,0.00000000,0.00000000,0.00000000,0.00000000,0.00000000,0.00000000,0.00000000,0.00000000,0.00000000,0.00000000,0.00000000,0.00000000,0.00000000,0.00000000,0.00000000,0.00000000,0.00000000,0.00000000,0.00767261,0.00000000,0.00000000,0.00000000,0.00000000,0.00000000,0.00000000,0.00000000,0.00000000,0.00000000,0.00000000,0.00000000,0.00000000,0.00000000,0.00000000,0.00000000,0.00000000,0.00000000,0.00000000,0.00000000,0.00000000,0.01024930,0.00000000,0.00000000,0.00000000,0.00476193,0.00000000,0.00000000,0.00000000,0.00000000,0.00000000,0.00000000,0.00000000,0.00000000,0.89327178,0.69896885,0.00000000,0.00000000,0.00000000,0.00000000,0.00000000,0.00000000,0.00000000,0.00000000,0.02028582,0.00000000,0.00000000,0.00000000,0.00000000,0.00000000,0.00000000,0.00000000,0.00045333,0.00000000,0.00000000,0.00000000,0.00000000,0.00000000,0.00000000,0.00000000,0.00000000,0.00585589,0.00000000,0.00000000,0.00000000,0.00000000,0.00000000,0.01925059,0.00000000,0.00000000,0.00000000,0.00000000,0.00000000,0.00000000,0.01764167,0.00000000,0.05205932,0.00000000,0.00000000,0.00000000,0.00000000,0.00000000,0.65349792,0.00000000,0.00000000,0.00000000,0.00000000,0.00000000,0.00837124,0.00000000,0.00000000,0.00000000,0.00000000,0.00114533,0.00000000,0.00314413,0.00000000,0.00000000,0.00000000,0.00244210,0.00000000,0.00000000,0.00000000,0.00000000,0.00535683,0.00000000,0.04275941,0.00000000,0.00000000,0.06583065,0.00000000,0.00000000,0.51728962,0.00000000,0.00000000,0.00000000,0.00000000,0.00096323,0.00000000,0.00000000,0.00000000,0.00000000,0.00000000,0.00000000,0.00000000,0.00000000,0.00000000,0.00000000,0.00000000,0.00209865,0.00000000,0.00000000,0.00000000,0.00000000,0.00000000,0.00000000,0.00000000,0.00000000,0.00000000,0.00000000,0.00000000,0.00000000,0.09908494,0.00000000,0.00000000,0.00000000,0.00000000,0.00000000,0.00000000,0.00000000,0.00887734,0.00000000,0.00000000,0.00000000,0.00000000,0.00000000,0.00000000,0.00000000,0.00000000,0.00000000,0.00788271,0.00000000,0.00000000,0.00000000,0.00000000,0.00000000,0.00000000,0.01148049,0.00000000,0.00000000,0.00000000,0.00000000,1.56214882,0.00000000,0.00000000,0.01457733,0.01003032,0.00234114,0.00000000,0.00000000,0.00000000,0.00000000,0.08071289,0.00581595,0.00000000,0.03941867,0.00000000,0.00699420,0.00000000,0.00000000,0.00000000,0.00000000,0.00000000,0.00000000,0.00000000,0.00000000,0.00000000,0.36890267,0.00289505,0.00000000,0.00000000,0.00000000,0.00000000,0.00000000,0.00000000,0.00000000,0.00000000,0.00000000,0.00000000,0.00000000,0.00000000,0.00000000,0.27160752,0.00329935,0.00000000,0.00000000,0.00000000,0.00000000,0.00000000,0.00173776,0.02647087,0.00000000,0.00000000,0.00000000,0.00000000,0.00000000,0.00000000,0.00000000,0.00000000,0.00000000
0.00000000,0.00000000,0.00000000,0.00000000,0.00000000,0.00175370,0.17297226,0.00000000,0.00000000,0.00000000,0.00000000,0.00000000,0.00000000,0.00319412,0.00000000,0.00000000,0.00000000,0.00000000,0.00000000,0.00681289,0.00000000,0.00000000,0.04945946,0.00000000,0.00000000,0.00000000,0.00000000,0.00000000,0.00000000,0.00000000,0.00000000,0.00346537,0.00848824,0.00000000,0.00000000,0.00000000,0.00000000,0.00355858,0.00000000,0.00000000,0.00439877,0.00000000,0.00000000,0.00000000,0.00000000,0.00000000,0.00000000,0.00000000,0.00000000,0.00000000,0.00000000,0.00000000,0.00000000,0.00000000,0.00000000,0.00000000,0.03626820,0.00000000,0.00000000,0.00000000,0.00000000,0.00000000,0.00000000,0.00000000,0.00000000,0.00000000,0.00000000,0.00000000,0.00000000,0.00000000,0.00000000,0.00000000,0.00000000,0.00000000,0.00000000,0.00000000,0.00000000,0.00000000,0.00000000,0.00000000,0.00000000,0.00000000,0.00000000,1.75609142,0.00000000,0.00000000,0.00944775,0.00000000,0.00000000,0.04578664,0.00000000,0.00000000,0.00000000,0.00799110,0.00000000,0.00000000,0.00000000,0.00000000,0.00000000,0.00000000,0.00000000,0.00000000,0.00704395,0.00000000,0.06609530,0.00000000,0.00000000,0.00000000,0.00000000,0.00000000,0.00000000,0.00234824,0.00000000,0.00000000,0.00000000,0.00000000,0.00000000,0.00000000,0.00000000,0.00000000,0.00000000,0.00000000,0.15310900,0.00589293,0.00000000,0.00000000,0.00000000,0.00000000,0.00240182,0.00659459,0.00000000,0.00000000,0.00000000,0.00000000,0.00000000,0.00000000,0.00000000,0.00000000,0.00000000,0.00506549,0.00000000,0.00000000,0.00000000,0.00000000,0.00000000,0.00000000,0.00000000,0.00000000,0.00000000,0.00000000,0.00000000,0.00000000,0.00000000,0.00000000,0.00000000,0.00000000,0.00000000,0.00000000,0.00000000,0.00000000,0.00000000,0.00000000,0.00000000,0.02944482,0.00110556,0.00000000,0.04395448,0.00000000,0.00000000,0.00000000,0.00000000,0.00000000,0.00000000,0.00000000,0.00000000,0.00000000,0.00000000,0.00000000,0.00000000,0.00000000,0.00000000,0.00000000,0.00000000,0.00000000,0.00000000,0.00000000,0.00000000,0.00000000,0.03055135,0.00158468,0.00000000,0.00000000,0.00000000,0.00000000,0.00000000,0.00000000,0.00000000,0.00000000,0.00000000,0.00000000,0.00000000,0.00000000,0.00000000,0.00220621,0.00000000,0.00000000,0.00000000,0.00000000,0.00000000,0.00000000,0.00000000,0.00000000,0.00000000,0.00232336,0.00000000,0.00000000,0.00000000,0.00454461,0.00000000,0.00000000,0.00000000,0.00000000,0.00000000,0.00165754,0.00000000,0.00000000,0.00000000,0.00000000,0.00000000,0.00000000,0.02792353,0.00000000,0.00000000,0.00000000,0.00000000,0.00000000,0.00000000,0.00000000,0.00000000,0.00000000,0.00000000,0.00000000,0.00339769,0.00000000,0.00000000,0.00000000,0.00000000,0.00000000,0.00000000,0.05223095,0.00000000,0.01608050,0.00000000,0.00000000,0.00000000,0.00000000,0.00000000,0.00000000,0.00456908,0.00000000,0.00000000,0.00000000,0.00000000,0.00000000,0.00000000,0.00900081,0.00000000,0.00000000,0.00000000,0.00000000,0.00000000,0.00000000,0.00000000,0.00000000,0.00000000,0.00000000,0.00000000,0.00000000,0.00000000,0.00000000,0.00000000,0.00000000,0.00000000,0.10246113,0.00119472,0.00000000,0.00000000,0.00000000,0.00000000,0.02624910,0.00000000,0.00000000,0.00000000,0.00000000,0.01079348,0.03280349,0.00000000,0.00000000,0.00000000,0.00000000,0.00000000,0.00000000,0.00000000,0.00000000,0.00000000,0.00000000,0.00397256,0.00000000,0.00000000,0.00000000,0.00000000,0.00000000,0.00000000,0.05084070,0.01298153,0.00000000,0.00000000,0.00000000,0.00000000,0.00000000,0.00000000,0.00000000,0.00000000,0.00000000,0.00000000,0.00000000,0.00203965,0.00000000,1.47991701,0.00000000,0.00000000,0.00000000,0.00000000,0.00363324,0.00000000,0.00000000,0.00000000,0.00000000,0.00000000,0.01359951,0.00000000,0.00000000,0.00000000,0.00000000,0.00000000,0.00000000,0.00000000,0.00000000,0.00000000,0.00000000,0.00755448,0.00000000,0.01169836,0.00000000,0.00000000,0.00000000,0.00000000,0.00000000,0.00288743,0.00000000,0.00000000,0.00000000,0.00000000,0.00000000,0.00000000,0.00000000,0.00000000,0.00000000,0.00000000,0.00000000,0.00000000,0.00000000,0.00000000,0.00853985,0.00000000,0.00000000,0.00000000,0.00000000,0.00000000,0.00000000,0.00000000,0.00000000,0.00000000,0.00000000,0.00000000,0.00000000,0.00000000,0.00000000,0.00000000,0.00000000,0.00000000,0.00000000,0.00000000,0.00000000,0.00000000,0.00000000,0.00000000,0.00653789,0.00000000,0.00000000,0.00000000,0.00000000,0.00000000,0.00000000,0.00000000,0.00000000,0.00000000,0.00000000,0.00000000,0.00000000,0.00000000,0.00172840,0.00000000,0.00000000,0.00000000,0.00000000,0.00000000,0.00000000,0.00000000,0.00000000,0.00000000,0.00000000,0.00000000,0.00000000,0.00000000,0.00000000,0.00000000,0.00000000,0.00000000,0.00000000,0.10943851,0.00000000,0.00000000,0.00000000,0.00000000,0.00322692,0.00000000,0.00000000,0.00000000,0.00000000,0.00000000,0.00000000,0.00000000,0.08435257,0.00469836,0.00000000,0.02237525,0.00000000,0.00000000,0.00000000,0.00000000,0.00000000,0.03063583,0.00000000,0.00000000,0.00000000,0.00000000,0.00000000,0.00000000,0.00000000,0.00000000,0.00276822,0.00000000,0.00000000,0.00000000,0.00000000,0.00000000,0.07034114,0.00000000,0.00000000,0.00000000,0.00000000,0.00000000,0.00000000,0.01152368,0.01950602,0.00212805,0.00000000,0.00000000,0.00000000,0.00000000,0.00000000,0.00616079,0.00000000,0.00000000,2.16665772,0.00000000,0.00000000,0.00000000,0.00000000,1.19232256,0.00000000,0.00000000,0.00000000,0.00000000,0.00000000,0.00000000,1.71103924,0.00000000,0.00000000,0.00000000,0.00000000,0.00000000,0.00000000,0.00000000,0.00000000,0.00000000,0.00411112,0.00000000,0.00000000,0.00000000,0.00000000,0.00000000,0.01063078,0.00000000,0.00000000,1.91768402,0.00000000,0.00000000,0.01248025,0.00000000,0.00000000,0.00000000,0.00000000,0.00000000,0.00000000,0.00000000,0.00000000,0.00000000,0.01687346,0.00085232,0.00000000,0.00000000,0.00000000,0.01012843,0.00000000,0.00000000,0.01192498,0.00000000,0.00000000,0.00791065,0.00000000,0.00000000,0.00000000,0.00000000,0.00000000,0.00000000,0.01449918,0.00000000,0.00000000,0.17168559,0.00000000,0.00000000,0.36450693,0.00000000,0.00386039,0.00000000,0.00000000,0.00000000,0.00000000,0.00000000,0.00000000,0.00000000,0.00000000,0.00000000,0.00000000,0.00000000,0.00000000,0.00000000,0.00000000,0.00000000,0.00821637,0.00000000,0.00000000,0.00000000,0.00000000,0.00000000,0.00000000,0.00000000,0.00000000,0.00000000,0.00000000,0.00000000,0.00000000,0.00000000,0.00000000,0.00000000,0.00000000,0.00000000,0.00000000,0.00000000,0.00000000,0.00246655,0.00000000,0.00000000,0.02635855,0.00000000,0.00000000,0.00000000,0.00000000,0.00000000,0.00000000,0.00000000,0.00000000,0.00000000,0.00000000,0.00000000,0.00000000,0.00000000,0.00000000,0.01774978,0.00000000,0.00000000,0.00000000,0.00000000,0.00000000,0.00000000,0.00000000,0.00000000,0.00000000,0.00000000,0.00000000,0.00000000,0.00000000,0.00000000,0.00000000,0.00000000,0.00000000,0.00000000,0.00000000,0.00000000,0.00000000,0.00000000,0.00000000,0.00000000,0.00000000,0.00000000,0.00000000,0.00000000,0.00000000,0.00000000,0.00000000,0.00000000,0.00962922,0.00000000,0.00000000,0.00000000,0.06499764,0.00000000,0.00000000,0.00000000,0.00000000,0.00000000,0.00000000,0.00000000,0.00000000,0.00000000,0.00000000,0.00000000,0.00000000,0.00137886,0.00000000,0.00000000,0.00000000,0.00000000,0.00000000,0.00272941,0.00000000,2.40757816,0.10021908,0.00000000,0.00226336,0.00000000,0.00000000,0.00000000,0.00000000,0.00000000,0.00000000,0.00000000,0.00951706,0.00000000,0.00000000,0.00000000,0.00000000,0.00139768,0.00000000,0.00000000,0.00000000,0.01046516,0.00000000,0.00000000,0.00000000,0.00000000,0.00000000,0.00000000,0.00000000,0.00000000,0.00000000,0.00000000,0.00000000,0.00000000,0.00000000,0.00000000,0.00000000,0.00000000,0.00110673,0.00000000,0.00000000,0.00000000,0.00000000,0.00000000,0.75370101,0.00000000,0.00000000,0.00000000,0.00000000,0.00000000,0.00000000,0.00000000,0.00000000,0.00000000,0.00000000,0.00855372,0.00000000,0.01052381,0.00000000,0.00000000,0.00000000,0.00000000,0.00000000,0.00000000,0.00000000,0.00000000,0.00000000,0.00000000,0.00000000,0.00000000,0.00000000,0.01615986,0.00000000,0.00066641,0.00768044,0.00000000,0.00000000,0.00567390,0.00000000,0.00000000,0.00000000,0.00000000,0.00000000,0.00000000,0.00000000,0.00000000,0.00000000,0.00000000,0.00450600,0.00000000,0.00000000,0.00000000,0.00000000,0.00000000,0.00953791,0.00000000,0.02969690,0.00000000,0.00000000,0.00000000,0.00381975,0.00000000,0.00000000,0.00000000,0.00000000,0.00000000,0.00000000,0.00000000,0.00000000,0.00000000,0.00000000,0.00000000,0.00000000,0.00000000,0.00000000,0.00000000,0.00000000,0.00000000,0.20398455,0.00000000,0.81628982,0.02736698,0.17818496,0.00000000,0.00000000,0.00000000,0.00000000,0.00000000,0.00402177,0.00000000,0.00000000,0.00000000,0.00000000
0.00000000,0.00099456,0.00000000,0.00059094,0.00000000,0.07057979,0.00000000,0.00000000,0.00000000,0.00000000,0.05986994,0.00000000,0.00000000,0.00000000,0.00000000,0.00000000,0.00000000,0.00000000,0.00000000,0.00000000,0.00000000,0.00000000,0.00000000,0.00648721,0.00000000,0.00000000,0.00000000,0.00000000,0.00000000,0.00000000,0.00548503,0.00000000,0.00000000,0.00179065,0.00000000,0.00000000,0.00000000,0.00693652,0.00000000,0.00000000,0.00000000,0.00951247,0.00000000,0.00243096,0.00000000,0.00529641,0.00000000,0.00487758,0.00080001,0.00000000,0.00666049,0.00000000,0.00000000,0.00000000,0.00000000,0.00000000,0.00000000,0.00000000,0.00000000,0.00000000,0.00000000,0.00000000,0.00000000,0.00000000,0.00000000,0.00000000,0.00000000,0.00000000,0.00052602,0.00000000,0.00000000,0.00000000,0.00000000,0.00000000,0.00000000,0.00000000,0.00000000,0.08089999,0.00000000,0.00000000,0.00000000,0.00000000,0.00000000,0.00000000,0.00000000,0.00000000,0.00000000,0.00000000,0.00000000,0.00000000,0.00000000,0.00000000,0.00000000,0.00000000,0.00000000,0.00000000,0.00000000,0.00779808,0.00000000,0.00000000,0.00000000,0.00000000,0.01399287,0.00493318,0.00000000,0.00000000,0.34626834,0.00000000,0.00000000,0.00000000,0.00000000,0.00000000,0.00000000,0.00000000,0.00000000,0.00000000,0.00000000,0.00000000,0.04530986,0.00000000,0.00000000,0.00000000,0.00000000,0.00000000,0.00000000,0.00849909,0.00000000,0.00000000,0.00000000,0.00000000,0.00000000,0.00000000,0.02126407,0.00000000,0.00000000,0.04778291,0.00223375,0.00000000,0.01725638,0.00000000,0.00000000,0.00000000,0.00000000,0.00000000,0.00000000,0.00000000,0.00000000,0.00000000,0.00000000,0.00000000,0.00000000,0.00000000,0.00000000,0.00000000,0.00000000,0.00000000,0.00000000,0.00000000,0.00000000,0.00000000,0.00000000,0.00000000,0.00000000,0.00000000,0.00000000,0.00000000,0.00000000,0.00000000,0.00000000,0.00000000,0.00000000,0.00000000,0.00141420,0.00000000,0.00000000,0.00000000,0.00000000,0.00000000,0.00000000,0.00000000,0.00000000,0.00000000,0.00000000,0.00000000,0.00000000,0.00000000,0.00000000,0.00668160,0.00460027,0.00000000,0.00000000,0.00000000,0.00000000,0.00000000,0.00000000,0.00000000,0.00000000,0.00000000,0.00000000,0.00000000,0.00000000,0.00000000,0.00000000,0.01096599,0.00000000,0.00000000,0.00000000,0.00000000,0.00000000,0.00000000,0.00000000,0.00000000,0.00000000,0.00000000,0.00000000,0.00000000,0.00000000,0.00000000,0.00000000,0.00000000,0.00000000,0.00000000,0.00000000,0.00000000,0.00000000,0.00000000,0.00000000,0.00000000,0.00000000,0.00000000,0.00000000,0.00000000,0.00000000,0.00000000,0.00000000,0.00000000,0.00000000,0.00000000,0.00000000,0.00000000,0.01723928,0.00000000,0.00000000,0.00000000,0.00000000,0.00000000,0.00000000,0.00000000,0.00000000,0.00000000,0.00000000,0.00000000,0.00000000,0.00424919,0.00000000,0.00000000,0.00000000,0.00000000,0.00000000,0.00341476,0.00000000,0.01004040,0.00000000,0.00000000,0.00000000,0.00000000,0.00000000,0.00000000,0.00000000,0.00000000,0.00000000,0.00000000,0.03213846,0.00000000,0.00000000,0.00000000,0.01693919,0.00000000,0.00000000,0.00000000,0.00000000,0.00000000,0.00000000,0.00284760,0.00366248,0.00000000,0.03915983,0.00000000,0.00000000,0.00000000,0.00000000,0.00000000,0.03127589,0.00000000,0.00309474,0.00000000,0.00000000,0.00000000,0.00000000,0.00000000,0.00000000,0.00890810,0.00000000,0.00000000,0.00000000,0.00000000,0.00000000,0.00000000,0.00000000,0.00000000,0.00000000,0.00000000,0.00000000,0.00000000,0.00000000,0.00000000,0.00000000,0.00000000,0.00000000,0.00000000,0.00000000,0.00000000,0.00000000,0.00000000,0.00000000,0.00000000,0.00000000,0.00606345,0.00000000,0.00000000,0.00000000,0.00000000,0.13839629,0.01262504,0.00000000,0.00000000,0.00000000,0.00000000,0.00000000,0.00000000,0.00000000,0.00000000,0.00000000,0.00000000,0.00000000,0.00000000,0.02609357,0.00000000,0.00000000,0.00000000,0.05340410,0.00000000,0.00000000,0.00000000,0.00000000,0.00000000,0.00000000,0.00000000,0.00000000,0.00000000,0.00000000,0.01426288,0.00000000,0.00000000,0.00000000,0.00000000,0.00000000,0.00000000,0.00000000,0.00000000,0.00000000,0.00000000,0.00000000,0.00000000,0.00000000,0.01725175,0.00000000,0.00000000,0.00000000,0.00000000,0.00000000,0.00000000,0.00000000,0.08442905,0.00000000,0.00000000,0.00000000,0.00000000,0.00000000,0.00000000,0.02169597,0.00000000,0.00000000,0.00222170,0.05027294,0.00000000,0.00000000,0.00000000,0.00484349,0.00000000,0.00000000,0.00000000,0.00000000,0.00000000,0.00000000,0.00000000,0.00000000,0.00243886,0.00000000,0.00000000,0.00000000,0.00000000,3.58704692,0.00000000,0.00000000,0.00000000,0.00000000,0.00000000,0.00000000,0.00208030,0.00000000,0.00000000,0.00000000,0.00000000,0.00000000,0.00000000,0.00000000,0.00000000,0.00000000,0.00000000,0.00000000,0.00000000,0.00000000,0.01118358,0.00000000,0.00000000,0.00000000,0.00000000,0.00000000,0.00000000,0.00000000,0.00000000,0.00000000,0.00438364,0.00000000,0.00000000,0.00000000,0.00000000,0.00000000,0.00000000,0.00000000,0.00000000,0.00000000,0.00000000,0.00000000,0.00000000,0.00000000,0.00000000,0.00000000,0.00522380,0.00000000,0.00000000,0.00000000,0.00000000,0.00000000,0.00000000,0.00000000,0.00000000,0.00000000,0.00000000,0.01621419,0.00000000,0.00000000,0.00328013,0.00000000,0.00000000,0.00000000,0.00000000,0.00000000,0.02115208,0.00000000,0.00000000,0.00000000,0.00000000,0.00552112,0.00525236,0.01222449,0.00000000,0.00000000,0.00000000,0.00000000,0.00000000,0.00000000,0.00000000,0.00000000,0.00000000,0.00727448,0.01354343,0.00000000,0.00000000,0.00000000,0.00000000,0.00000000,0.00000000,0.00000000,0.00000000,0.00000000,0.00000000,0.01188255,0.00000000,0.00000000,0.00000000,0.00000000,0.00000000,0.00000000,0.00000000,0.00000000,0.00000000,0.00000000,0.00000000,0.00000000,0.00000000,0.00000000,0.00000000,0.00395679,0.00000000,0.01979821,0.00000000,0.00000000,0.00000000,0.00000000,0.00000000,0.01196856,0.00000000,0.00000000,0.00000000,0.00000000,0.00000000,0.00000000,0.00000000,0.00130859,0.00000000,0.00000000,0.00000000,0.00000000,0.00000000,0.00000000,0.00000000,0.00000000,0.00000000,0.00250395,0.00000000,0.00000000,0.00000000,0.00000000,0.00564939,0.00000000,0.00000000,0.00000000,0.00000000,0.12385123,0.00000000,0.06417092,0.00000000,0.00000000,0.00275916,0.00000000,0.00000000,0.00000000,0.00000000,0.00444757,0.00000000,0.00724139,0.00000000,0.00000000,0.00000000,0.00000000,0.00000000,0.00000000,0.00000000,0.00000000,0.00000000,0.00661675,0.00000000,0.00000000,0.00000000,0.00000000,0.00000000,0.00000000,0.00000000,0.00433981,0.00000000,0.00000000,0.00208218,0.00000000,0.00000000,0.00000000,0.00144229,0.00000000,0.00413145,0.00000000,0.00000000,0.00000000,0.00000000,0.00000000,0.00000000,0.00000000,0.00000000,0.00000000,0.00000000,0.00000000,0.00000000,0.00000000,0.00000000,0.00000000,0.00000000,0.00000000,0.01083983,0.00000000,0.00000000,0.00000000,0.49256644,0.00000000,0.00150047,0.00000000,0.00000000,0.00000000,0.00000000,0.11943435,0.00000000,0.00451901,0.00000000,0.00255830,0.00000000,0.00000000,0.00000000,0.00000000,0.00000000,0.00000000,0.00000000,0.00000000,0.00000000,0.00000000,0.01525581,0.00000000,0.00000000,0.00000000,0.00000000,0.00000000,0.00000000,0.00000000,0.00510528,0.00474345,0.00000000,0.00000000,0.00000000,0.00000000,0.01651511,0.00000000,0.00000000,0.00108539,0.00000000,0.00000000,0.00000000,0.00000000,0.00000000,0.00000000,0.00000000,0.00000000,0.00000000,0.00000000,0.00000000,0.00000000,0.00000000,0.00000000,0.00000000,0.04371063,0.00000000,0.00000000,0.00000000,0.06046768,0.00000000,0.00000000,0.00000000,0.00000000,0.00000000,0.00000000,0.00000000,0.00000000,0.00000000,0.00000000,0.00112704,0.00000000,0.00000000,0.00239945,1.77529531,0.00000000,0.00000000,0.00000000,0.00000000,0.00000000,0.00000000,0.00000000,0.00000000,0.37846468,0.00000000,0.00000000,0.00000000,0.00000000,0.00102456,0.00000000,0.00000000,0.00000000,0.00000000,0.00000000,0.00000000,0.00000000,0.00120247,0.00000000,0.00000000,0.00000000,0.00000000,0.00000000,0.01733013,0.00000000,0.00181587,0.00000000,0.00000000,0.00000000,0.01562625,0.00000000,0.00000000,0.00000000,0.00000000,0.00000000,0.00000000,0.00000000,0.00000000,0.00000000,0.00000000,0.00000000,0.00000000,0.00000000,0.00000000,0.00000000,0.00264137,0.00000000,0.00000000,0.00000000,0.00000000,0.00000000,0.00000000,0.00000000,0.00000000,0.00000000,0.00000000,0.00000000,0.00000000,0.00805718,0.00000000,0.00000000,0.00000000,0.00000000,0.00000000,0.00000000,0.00000000,0.00000000,0.00000000,0.00000000,0.00000000,0.00000000,0.00000000,0.00000000,0.00000000,0.00000000,0.00000000,0.01540816,0.00000000,0.00000000,0.00000000,0.00000000,0.00000000,0.00000000,0.04633464,0.00000000,0.00000000,0.00000000,0.00000000,0.00000000,0.00000000,0.00427608,0.00855346,0.00000000,0.00000000,0.00000000,0.00000000,0.00000000,0.00000000,0.00000000,0.03992970
0.00000000,0.03647955,0.00000000,0.00000000,0.00000000,0.00000000,0.00000000,0.00000000,0.00000000,0.00000000,0.00000000,0.00000000,0.00308350,0.00000000,0.00000000,0.00000000,0.00000000,0.00000000,0.00000000,0.00000000,0.00000000,0.00000000,0.00000000,0.02716971,0.01298360,0.00000000,0.00997454,0.00000000,0.00811803,0.00243192,0.00000000,0.00000000,0.00000000,0.00000000,0.03014630,0.00000000,0.00000000,0.00000000,0.00000000,0.00000000,0.00000000,0.00000000,0.00000000,0.00523219,0.00000000,0.00000000,0.00320020,0.00000000,0.00000000,0.00000000,0.00000000,0.00000000,0.00000000,0.00000000,0.00000000,0.04073457,0.00000000,0.02764701,0.04042630,0.00000000,0.00000000,0.00057600,0.00000000,0.00000000,0.00000000,0.00000000,0.05187815,0.00000000,0.00000000,0.04614740,0.00000000,0.00000000,0.00000000,0.00000000,0.00184713,0.00323323,0.00000000,0.00000000,0.00000000,0.00000000,0.00000000,0.00000000,0.00000000,0.00000000,0.00000000,0.00000000,0.00200915,0.00000000,0.00000000,0.00000000,0.00000000,0.00000000,0.00000000,0.00000000,0.00000000,0.00000000,0.00000000,0.00000000,0.00000000,0.00000000,0.00000000,0.00000000,0.04971451,0.00000000,0.00000000,0.00822657,0.00000000,0.00000000,0.00000000,0.00000000,0.00231544,0.00000000,0.00000000,0.00000000,0.00000000,0.00000000,0.00000000,0.00000000,0.00000000,0.00000000,0.00000000,0.00000000,0.02454506,0.00000000,0.00000000,0.00000000,0.00000000,0.03906322,0.00000000,0.00000000,0.00000000,0.00000000,0.00000000,0.00000000,0.00000000,0.00000000,0.00000000,0.00000000,0.00000000,0.00000000,0.00000000,0.00000000,0.00000000,0.00000000,0.00000000,0.00000000,0.00000000,0.00000000,0.00000000,0.00000000,0.00000000,0.01050732,0.00000000,0.00000000,0.00000000,0.00000000,0.00000000,0.00000000,0.00000000,0.00000000,0.00144436,0.00000000,0.00000000,0.00315645,0.00000000,0.00000000,0.00000000,0.00931223,0.00000000,0.00000000,0.00000000,0.00000000,0.00000000,0.00000000,0.00000000,0.00000000,0.00000000,0.00000000,0.00000000,0.01356128,0.00000000,0.00000000,0.00000000,0.03391755,0.00000000,0.00000000,0.00000000,0.00000000,0.00000000,0.00000000,0.00000000,0.00000000,0.00000000,0.00000000,0.00000000,0.00000000,0.00000000,0.00000000,0.00000000,0.00000000,0.00000000,0.00000000,0.00628812,0.00000000,0.00000000,0.00000000,0.00550581,0.01390364,0.00938399,0.00000000,0.00000000,0.07996669,0.00741619,0.00000000,0.00000000,0.00000000,0.00000000,0.00000000,0.00000000,0.00000000,0.02515312,0.00000000,0.00000000,0.00000000,0.00000000,0.00000000,0.00000000,0.00000000,0.03920199,0.00000000,0.00286081,0.00000000,0.00213137,0.00000000,0.00000000,0.00000000,0.00000000,0.00000000,0.00000000,0.00000000,0.00000000,0.00000000,0.00000000,0.00566794,0.00000000,0.00000000,0.00182926,0.00000000,0.00000000,0.00000000,0.00000000,0.00000000,0.00000000,0.00000000,0.00000000,0.00000000,0.00000000,0.00000000,0.00000000,0.00000000,0.00000000,0.00000000,0.00080273,0.00000000,0.00000000,0.00000000,0.00000000,0.00000000,0.00000000,0.00000000,0.00000000,0.00000000,0.00000000,0.00000000,0.00000000,0.00000000,0.00000000,1.01619545,0.00000000,0.00000000,0.00000000,0.00000000,0.00000000,0.00000000,0.00000000,0.00000000,0.00000000,0.00564355,0.00000000,0.05824538,0.00000000,0.00000000,0.00000000,0.00217491,1.45018862,0.00818680,0.00000000,0.00000000,0.00000000,0.00000000,0.00000000,0.01032047,2.29974309,0.00000000,0.00000000,0.00000000,0.00000000,0.04959427,0.02654243,0.00000000,0.00000000,0.00000000,0.00000000,0.00000000,0.00000000,0.00000000,0.00000000,0.00000000,0.00000000,0.00000000,0.00000000,0.00000000,0.00000000,0.00000000,0.00000000,0.00584528,0.00000000,0.00000000,0.00000000,0.00000000,0.00000000,0.00000000,0.00000000,0.00000000,0.00000000,0.00000000,0.00000000,0.00000000,0.00000000,0.00000000,0.00000000,0.00000000,0.00000000,0.00000000,0.00000000,0.00000000,0.00000000,0.00000000,0.00000000,0.00000000,0.00000000,0.00000000,0.00000000,0.00000000,0.00000000,0.00000000,0.00347093,0.00446694,0.00000000,0.00177363,0.00000000,0.00000000,0.00000000,0.00000000,0.00343159,0.00000000,0.00000000,0.00000000,0.00000000,0.00000000,0.00000000,0.00000000,0.00000000,0.00000000,0.00000000,0.00000000,0.00000000,0.00000000,0.00000000,0.00000000,0.00000000,0.00000000,0.00000000,0.00000000,0.00000000,0.00000000,0.00000000,0.00000000,0.00000000,0.00000000,0.00000000,0.00000000,0.00000000,0.00000000,0.00000000,0.00000000,0.00000000,0.00000000,0.00000000,0.00000000,0.00000000,0.00000000,0.00000000,0.00000000,0.00000000,0.00000000,0.00000000,1.59468334,0.00000000,0.00000000,0.00000000,0.00000000,0.00000000,0.00000000,0.00478535,0.00000000,0.00065753,0.00315450,0.01277666,0.00000000,0.00000000,0.00000000,0.00000000,0.00214971,0.00000000,0.00000000,0.00000000,0.00000000,0.00000000,0.00000000,0.00000000,0.00000000,0.00000000,0.00000000,0.00000000,0.00000000,0.00000000,0.00000000,0.00000000,0.00000000,0.00000000,0.00000000,0.00000000,0.00000000,0.00000000,0.00000000,0.00000000,0.00000000,0.02787952,0.00000000,0.00000000,0.00000000,0.00000000,0.00000000,0.01665114,0.00000000,0.00000000,0.00000000,0.00000000,0.00000000,0.00000000,0.00000000,0.00473183,0.01935727,0.00000000,0.00000000,0.00000000,0.00000000,0.00000000,0.00000000,0.00391724,0.00000000,0.00000000,0.00000000,0.00090132,0.00000000,0.00000000,0.00000000,0.00000000,0.00000000,0.00000000,0.00000000,0.00000000,0.00000000,0.00000000,0.00000000,0.00000000,0.00000000,0.00000000,0.00000000,0.03838381,0.00640314,0.00000000,0.00000000,0.00000000,0.00000000,0.00000000,0.00000000,0.00000000,0.00000000,0.00000000,0.00000000,0.00000000,0.00000000,0.00000000,0.00000000,0.00000000,0.00000000,0.00000000,0.00000000,0.00000000,0.00000000,0.00525968,0.00000000,0.00000000,0.00274211,0.00000000,0.00000000,0.00000000,0.00000000,0.00000000,0.00000000,0.00000000,0.00000000,0.00000000,0.00000000,0.00000000,0.00000000,0.00000000,0.00000000,0.00000000,0.00000000,0.00000000,0.00000000,0.00000000,0.00000000,0.00000000,0.00000000,0.00000000,0.00093064,0.00000000,0.00000000,0.00000000,0.00000000,0.00000000,0.00000000,0.00000000,0.00000000,0.01008898,0.00000000,0.00000000,0.00000000,0.00000000,0.00000000,0.00000000,0.00000000,0.00524986,0.00000000,0.00000000,0.00000000,0.00000000,0.00000000,0.00627448,0.04306485,0.00000000,0.00000000,0.00000000,0.00000000,0.00000000,0.00438003,0.00000000,0.00000000,0.00243323,0.00000000,0.00000000,0.00000000,0.00000000,0.00000000,0.00000000,0.00000000,0.02025930,0.00000000,0.00000000,0.00000000,0.09851655,0.00000000,0.00000000,0.00000000,0.00000000,0.09871044,0.00000000,0.00000000,0.00000000,0.00000000,0.00000000,0.00000000,1.53870480,0.00000000,0.00000000,0.00000000,0.00000000,0.00000000,0.00000000,0.00000000,0.00000000,0.00000000,0.00000000,0.00000000,0.02242856,0.00073472,0.00000000,0.00000000,0.00000000,0.01151550,0.00000000,0.00000000,0.00000000,0.00000000,0.00000000,0.00000000,0.00704973,0.00000000,0.01132930,0.05195434,0.00000000,0.00000000,0.00000000,0.00000000,0.00171914,0.00000000,0.00327305,0.00000000,0.00000000,0.00000000,0.00000000,0.00202737,0.00000000,0.00000000,0.00000000,0.00000000,0.00000000,0.00000000,0.00000000,0.00000000,0.00000000,0.00000000,0.00000000,0.00000000,0.01839314,0.00000000,0.00000000,0.00000000,0.00000000,0.00276010,0.00000000,0.00574053,0.00000000,0.00000000,0.00000000,0.00939179,0.00000000,0.00000000,0.00000000,0.00000000,0.00000000,0.00000000,0.00000000,0.00000000,0.00000000,0.00000000,0.00000000,0.00176478,0.00000000,0.00000000,0.00000000,0.00000000,0.00000000,0.00000000,0.00000000,0.00000000,0.00000000,0.00000000,0.00000000,0.00000000,0.00000000,0.00000000,0.00000000,0.00000000,0.00000000,0.00000000,0.00000000,0.00000000,0.39513970,0.00000000,0.00000000,0.00000000,0.01182854,0.00000000,0.00000000,0.05270923,0.00000000,0.00000000,0.00000000,0.00000000,0.00000000,0.00000000,0.01027735,0.00000000,0.00000000,0.00000000,0.00000000,0.00000000,0.00000000,0.15137662,0.00342090,0.02235134,0.00000000,0.00000000,0.00000000,0.00000000,0.00128742,0.00000000,0.00000000,0.41517161,0.00000000,0.00000000,0.00000000,0.00000000,0.00000000,0.00000000,0.00000000,0.00623232,0.00000000,0.00000000,0.00000000,0.00000000,0.00000000,0.00000000,0.00000000,0.00000000,0.00000000,0.00000000,0.00000000,0.00000000,0.00000000,0.00000000,0.00000000,0.00000000,0.00000000,0.00000000,0.00000000,0.00000000,0.00000000,0.00000000,0.00000000,0.00000000,0.00000000,0.00000000,0.00000000,0.00214003,0.00000000,0.00000000,0.00000000,0.00000000,0.00073804,0.00000000,0.00000000,0.00000000,0.00000000,0.00000000,0.00000000,0.00000000,0.00000000,0.00000000,0.00000000,0.00000000,0.00000000,0.00000000,0.00000000,0.00498376,0.00000000,0.00000000,0.00000000,0.00000000,0.00000000,0.00000000,0.00000000,0.00000000,0.00000000,0.00000000,0.00000000,0.00000000,0.00000000,0.00000000,0.00000000,0.00000000,0.00896621,0.01652931,0.00000000,0.00000000
0.02046514,0.02723311,0.00630958,0.00000000,0.00000000,0.00000000,0.00000000,0.00000000,1.12770412,0.00000000,0.00000000,0.00137816,0.00000000,0.00000000,0.00000000,0.00000000,0.02067766,0.00000000,0.00372169,0.00000000,0.00000000,0.00000000,0.00000000,0.00000000,0.00000000,0.00000000,0.00000000,0.00000000,0.00000000,0.00000000,0.00000000,0.00000000,0.00000000,0.00083591,0.00000000,0.00000000,0.00000000,0.00000000,0.28657780,0.01365945,0.00000000,0.00000000,0.00000000,0.00000000,0.00000000,0.00000000,0.00000000,0.00000000,0.00000000,0.02687943,0.00000000,0.00000000,0.00000000,0.00000000,0.00000000,0.00000000,0.00000000,0.00000000,0.00000000,0.00000000,0.00000000,0.00000000,0.00000000,0.00000000,0.00000000,0.00000000,0.00000000,0.00000000,0.00000000,0.00000000,0.00000000,0.00000000,0.00000000,0.00000000,0.00288073,0.00000000,0.00000000,0.00000000,0.00142229,0.00000000,0.00101865,0.00000000,1.30459554,0.00000000,0.00000000,0.00000000,0.00000000,0.00000000,0.00000000,0.00000000,0.00000000,0.00000000,0.00000000,0.00000000,0.00841395,0.00000000,0.00000000,0.00000000,0.00000000,0.00000000,0.00000000,0.00000000,0.00561597,0.00447178,0.00000000,0.00000000,0.00000000,0.00000000,0.00000000,0.00000000,0.00000000,0.00000000,0.00000000,0.00000000,0.01885056,0.00000000,0.08941591,0.00000000,0.00000000,0.00000000,0.00000000,0.00000000,0.00000000,0.00000000,0.00000000,0.00000000,0.00000000,0.00000000,0.00000000,0.00000000,0.00000000,0.00000000,0.00000000,0.00000000,0.00000000,0.00000000,0.00000000,0.00843468,0.00000000,0.00000000,0.00000000,1.05118778,0.00000000,0.00000000,0.00000000,0.00000000,0.00000000,0.00000000,0.00000000,0.00000000,0.00000000,0.00000000,0.00000000,0.00000000,0.00000000,0.00000000,0.00000000,0.00000000,0.00000000,0.00000000,0.00000000,0.00000000,0.00000000,0.00000000,0.00000000,0.00516655,0.00000000,0.00000000,0.00000000,0.13450434,0.04201401,0.01321568,0.00000000,0.00000000,0.02150716,0.00000000,0.00000000,0.00000000,0.00000000,0.00000000,0.00000000,0.00000000,0.00000000,0.00000000,0.02627232,0.00000000,0.00000000,0.03799267,0.00000000,0.00436914,0.00000000,0.00000000,0.00000000,0.00000000,0.00000000,0.00000000,0.00000000,0.00000000,0.00000000,0.00000000,0.00000000,0.00000000,0.00000000,0.00108773,0.00000000,0.00000000,0.00000000,0.00000000,0.04225874,0.00000000,0.01695412,0.00000000,0.00000000,0.00000000,0.00000000,0.00000000,0.00000000,0.00000000,0.00000000,0.09542109,0.00000000,0.00000000,0.00000000,0.00000000,0.00000000,0.00000000,0.00000000,0.00000000,0.00000000,0.00000000,0.00000000,0.00000000,0.00000000,0.00515177,0.00000000,0.00000000,0.00000000,0.00000000,0.00000000,0.00678849,0.00000000,0.00000000,0.00000000,0.00000000,0.00000000,0.00000000,0.00000000,0.00000000,0.00000000,0.01127476,0.03283772,0.00000000,0.00000000,0.00000000,0.03441130,0.00000000,0.00000000,0.00000000,0.00000000,0.00000000,0.00161015,0.18823181,0.00000000,0.00000000,0.00000000,0.00000000,0.00000000,0.00000000,0.00000000,0.00000000,0.00000000,0.00000000,0.00000000,0.00000000,0.00000000,0.00000000,0.00000000,0.00000000,0.00000000,0.00000000,0.00000000,0.00000000,0.00268236,0.00000000,0.00000000,0.00508811,0.00000000,0.00000000,0.00000000,0.00000000,0.00000000,0.00000000,0.00000000,0.00000000,0.00000000,0.00000000,0.00000000,0.00000000,0.00000000,0.00000000,0.00000000,0.00000000,0.00000000,0.00000000,0.00000000,0.00000000,0.00000000,0.00000000,0.00000000,0.00000000,0.00000000,0.00000000,0.34989326,0.00000000,0.00205543,0.00000000,0.00000000,0.00000000,0.00000000,0.00000000,0.00000000,0.00927051,0.00000000,0.00000000,0.00000000,0.00000000,0.00000000,0.00000000,0.00202708,0.00000000,0.00000000,0.00000000,0.00000000,0.00000000,0.00000000,0.00000000,0.00000000,0.00000000,0.00000000,0.00000000,0.00000000,0.00000000,0.00000000,0.00000000,0.00000000,0.00000000,0.00000000,0.00000000,0.00000000,0.00000000,0.00000000,0.00000000,0.00000000,0.00000000,0.00000000,0.01201795,0.00000000,0.00000000,0.00000000,0.00000000,0.00000000,0.00000000,0.00000000,0.00000000,0.00000000,0.00000000,0.00498369,0.00000000,0.00000000,0.00000000,0.09544221,0.00000000,0.00000000,0.00000000,0.00000000,0.00000000,0.00000000,0.00000000,0.00000000,0.00000000,0.00000000,0.00000000,0.00000000,0.00000000,0.00475041,0.00000000,0.00671970,0.00000000,0.00000000,0.00000000,0.00000000,0.00000000,0.00000000,0.00444331,0.65459309,0.00000000,0.00000000,0.00000000,0.00000000,0.00000000,0.00205374,0.00000000,0.00000000,0.00000000,0.00000000,0.00000000,0.00000000,0.00000000,0.09792176,0.00000000,0.00000000,0.00000000,0.00346056,0.00000000,0.00000000,0.00000000,0.00000000,0.00000000,0.00188661,0.00000000,0.00000000,0.00000000,0.00000000,0.06662247,0.00000000,0.00497578,0.06881676,0.00000000,0.00691030,0.00000000,0.00000000,0.00000000,0.00000000,0.00000000,0.00112629,0.00000000,0.00000000,0.00000000,0.00000000,0.00000000,0.00000000,0.00000000,0.00000000,0.00565739,0.00000000,0.00000000,0.00000000,0.00000000,0.00000000,0.00000000,0.00000000,0.00000000,0.00000000,0.00000000,0.00000000,0.00000000,0.00000000,0.00000000,0.00000000,0.17787327,0.00000000,0.00000000,0.00000000,0.00000000,0.00000000,0.00000000,0.00000000,0.00146926,0.00000000,0.00000000,0.00000000,0.00000000,0.00757180,0.00000000,0.00000000,0.00000000,0.16182052,0.00000000,0.00000000,0.00000000,0.00000000,0.00000000,0.00000000,0.00000000,0.00000000,0.00000000,0.00000000,0.00000000,0.00000000,0.00260013,0.00000000,0.00000000,0.00000000,0.00000000,0.08619676,0.79758158,0.00000000,0.00000000,0.00000000,0.00000000,0.00000000,0.00000000,0.00000000,0.00000000,0.00000000,0.00000000,0.00000000,0.00000000,0.00000000,0.00000000,0.00000000,0.00000000,0.00560294,0.00000000,0.00000000,0.00000000,0.00000000,0.51281688,0.00680137,0.00000000,0.00000000,0.00000000,0.00000000,0.00000000,0.00000000,0.00000000,0.00000000,0.00000000,0.00929918,0.00000000,0.00000000,0.00000000,0.00000000,0.01693974,0.00919363,0.00000000,0.00000000,0.00000000,0.00000000,0.00000000,0.00000000,0.00000000,0.00000000,0.00000000,0.00000000,0.00000000,0.00000000,0.00000000,0.00109887,0.00000000,0.00000000,0.00000000,0.00000000,0.00000000,0.00000000,0.00000000,0.00000000,0.00000000,0.00269223,0.00000000,0.00000000,0.00000000,0.00000000,0.01094098,0.00000000,0.00000000,0.00171772,0.00000000,0.00000000,0.00000000,0.00000000,0.00441145,0.00000000,0.00000000,0.00000000,0.00000000,0.00000000,0.01019083,0.00000000,0.00000000,0.00206912,0.00849782,0.00000000,0.00000000,0.00000000,0.00000000,0.00000000,0.00000000,0.00000000,0.00000000,0.00000000,0.00000000,0.00000000,0.00000000,0.00000000,0.00000000,0.00000000,0.00000000,0.00000000,0.00000000,0.00000000,0.00000000,0.00000000,0.00000000,0.00000000,0.00000000,0.00000000,0.00000000,0.00000000,0.00000000,0.00000000,0.00000000,0.00000000,0.00000000,0.00000000,0.00000000,0.00436196,0.00000000,0.00876098,0.00000000,0.00000000,0.00000000,0.00000000,0.00000000,0.00346557,0.00000000,0.00000000,0.00000000,0.00000000,0.00000000,0.00000000,0.00000000,0.00202511,0.00000000,0.00000000,0.00183063,0.00000000,0.00000000,0.00000000,0.00000000,0.00000000,0.00000000,0.00000000,0.00000000,0.00000000,0.11766066,0.00000000,0.00000000,0.00325243,0.00000000,0.00000000,0.00000000,0.00000000,0.00000000,0.00000000,0.00000000,0.00000000,0.00000000,0.00000000,0.00000000,0.00000000,0.00000000,0.00000000,0.00000000,0.00000000,0.00000000,0.00000000,0.00000000,0.00000000,0.48401792,0.00000000,0.00000000,0.00000000,0.00000000,0.00000000,0.00000000,0.00000000,0.00258918,0.00000000,0.00000000,0.00000000,0.00000000,0.00000000,0.00824725,0.00000000,0.00000000,0.00000000,0.00000000,0.00000000,0.00000000,0.00000000,0.00000000,0.00000000,0.00000000,0.00000000,0.00000000,0.00000000,0.02585863,0.17502156,0.00000000,0.00000000,0.00000000,0.00000000,0.12194825,0.00000000,0.00000000,0.00000000,0.00000000,0.00000000,0.00000000,0.00000000,0.00000000,0.33732460,0.04165687,0.00000000,0.00000000,0.00000000,0.00000000,0.00000000,0.00000000,0.00000000,0.06557948,0.17693874,0.01770851,0.00000000,0.00000000,0.00000000,0.00303697,0.00000000,0.00000000,0.00000000,0.00000000,0.00000000,0.00000000,0.00000000,0.00000000,0.00000000,0.00000000,0.00000000,0.00000000,0.00000000,0.01082273,0.01071794,0.00000000,0.00000000,0.00996270,0.00000000,0.00000000,0.00000000,0.00000000,0.00000000,0.00000000,0.00000000,0.00000000,0.00000000,0.00000000,0.00255860,0.00000000,0.00000000,0.00000000,0.00000000,0.00000000,0.00000000,0.00000000,0.00000000,0.00412361,0.00000000,0.00000000,0.00000000,0.00000000,0.00459724,0.00000000,0.00000000,0.00000000,0.00000000,0.00000000,0.00000000,0.93272005,0.00000000,0.01851384,0.00000000,0.00000000,0.00000000,0.00000000,0.00000000,0.00000000,0.00000000,0.00000000,0.00000000,0.00000000,0.00000000,0.00786907,0.00000000,0.00000000,0.00000000,0.00000000,0.36328891,0.00000000,0.00000000,0.00000000
0.00000000,0.00000000,0.00000000,0.00000000,0.00000000,0.00000000,0.00000000,0.00000000,0.00000000,0.00000000,0.00115542,0.00000000,0.00000000,0.00637769,0.00965098,0.00000000,0.00661604,0.00000000,0.00000000,0.00000000,0.01032591,0.00000000,0.00000000,0.00000000,0.00000000,0.00000000,0.00000000,0.00000000,0.00000000,0.00000000,0.00000000,0.00000000,0.00000000,0.00000000,0.00000000,0.04906130,0.00000000,0.00000000,0.26492642,0.01969405,0.00000000,0.00000000,0.00000000,0.00000000,0.00000000,0.00000000,0.00000000,0.00284764,0.00000000,0.00000000,0.00000000,0.00000000,0.00000000,0.00000000,0.00000000,0.07540647,0.00000000,0.00000000,0.01713482,0.00000000,0.00000000,0.00000000,0.00785639,0.00000000,0.00000000,0.00000000,0.00000000,0.00000000,0.00000000,0.00000000,0.00000000,0.00000000,0.00000000,0.00000000,0.00000000,0.00620808,0.00737862,0.00000000,0.00077956,0.00000000,0.00000000,0.00000000,0.00000000,0.00000000,0.02093477,0.00000000,0.00000000,0.00000000,0.00000000,0.00000000,0.00000000,0.00000000,0.00000000,0.00000000,0.00000000,0.04923375,0.00000000,0.00000000,0.00000000,1.07759429,0.00000000,0.00000000,0.00000000,0.00000000,0.00000000,0.00000000,0.00000000,0.00000000,0.00000000,0.00000000,0.00000000,0.00000000,0.00000000,0.00000000,0.00000000,0.00000000,0.00000000,0.00000000,0.00000000,0.00000000,0.00000000,0.00000000,0.00000000,0.00000000,0.00000000,0.00000000,0.00403397,0.00000000,0.00000000,0.00000000,0.00000000,0.00000000,0.00000000,0.00000000,0.00000000,0.00000000,0.00000000,0.00000000,0.00000000,0.00304405,0.00000000,0.00000000,0.00000000,0.00000000,0.00000000,0.00252252,0.00000000,0.00000000,0.00000000,0.00113661,0.01020258,0.00000000,0.00000000,0.00172290,0.00000000,0.00000000,0.00000000,0.00000000,0.00000000,0.00000000,0.00000000,0.00000000,0.00000000,0.00000000,0.00000000,0.00000000,0.00000000,0.06894523,0.00382662,0.00000000,0.00000000,0.00000000,0.00000000,0.00000000,0.00000000,0.00000000,0.00000000,0.01622085,0.00000000,0.00000000,0.00000000,0.00000000,0.00000000,0.00000000,0.00000000,0.00000000,0.00000000,0.00000000,0.00000000,0.00000000,0.00000000,0.00000000,0.00000000,0.00000000,0.00000000,0.00000000,0.00000000,0.00000000,0.00000000,0.00655199,0.00000000,0.00000000,0.00000000,0.00528182,0.00000000,0.00000000,0.00000000,0.00000000,0.00000000,0.00000000,0.08762965,0.00000000,0.00000000,0.00000000,0.00000000,0.00000000,0.00583071,0.00000000,0.00000000,0.00000000,0.00000000,0.00000000,0.00000000,0.00000000,0.00000000,0.00000000,0.00000000,0.00000000,0.00930494,0.00000000,0.00000000,0.00000000,0.00000000,0.00000000,0.00000000,0.00000000,0.00000000,0.00000000,0.00000000,0.04370785,0.00000000,0.00000000,0.00000000,0.00000000,0.21179577,0.00000000,0.00000000,0.00075779,0.05563077,0.03386669,0.00091836,0.00000000,0.00000000,0.00000000,0.00000000,0.00000000,0.00000000,0.00000000,0.00000000,0.00000000,0.00000000,0.00000000,0.00000000,0.00000000,0.00000000,0.00131169,0.00000000,0.00000000,0.00000000,0.00000000,0.00000000,0.00000000,0.00000000,0.00000000,0.00000000,0.00334494,0.00000000,0.00000000,0.00000000,0.19193631,0.00000000,0.00000000,0.00000000,0.01126756,0.00000000,0.00000000,0.00000000,0.00000000,0.00000000,0.00814039,0.00048566,0.00000000,0.00000000,0.00000000,0.00000000,0.00000000,0.00000000,0.00105758,0.00000000,0.00000000,0.00000000,0.00000000,0.00000000,0.00000000,0.00000000,0.00191744,0.00000000,0.00000000,0.00000000,0.00000000,0.00000000,0.00000000,0.00000000,0.00000000,0.00000000,0.00000000,0.00000000,0.00000000,0.00000000,0.00000000,0.00000000,0.01010870,0.00000000,0.00000000,0.00000000,0.00311658,0.00000000,0.00977887,0.00000000,0.00000000,0.13553235,0.78971810,0.00000000,0.00000000,0.00000000,0.00000000,0.13826761,0.00000000,0.00000000,0.00000000,0.02151725,0.00000000,0.00000000,0.06726220,0.00000000,0.00000000,0.00000000,0.00000000,0.00000000,0.00000000,0.00433280,0.00000000,0.00000000,0.00000000,0.00000000,0.00000000,0.00000000,0.00000000,0.00000000,0.00000000,0.00000000,0.00000000,0.00000000,0.00000000,0.00000000,0.00000000,0.00000000,0.00000000,0.00000000,0.00000000,0.00000000,0.00000000,0.00000000,0.00000000,0.00000000,0.00000000,0.00000000,0.00000000,0.00000000,0.00000000,0.00000000,0.00000000,0.00093962,0.00000000,0.00000000,0.00000000,0.00000000,0.00000000,0.01248286,0.00000000,0.00000000,0.00000000,0.00000000,0.00000000,0.00000000,0.00000000,0.00000000,0.00000000,0.00000000,0.01887360,0.00000000,0.00373795,0.00000000,0.00000000,0.00000000,0.00000000,0.01401939,0.00000000,0.00000000,0.00000000,0.00000000,0.00000000,0.00000000,0.00000000,0.00000000,0.00000000,0.00000000,0.00000000,0.00000000,0.00000000,0.00000000,0.00000000,0.00000000,0.00000000,0.00000000,0.00000000,0.00000000,0.16690420,0.00000000,0.00000000,0.00000000,0.00000000,0.00000000,0.00115942,0.00000000,0.00621134,0.00000000,0.00000000,0.03507838,0.00000000,0.00000000,0.00000000,0.00000000,0.00000000,0.00000000,0.00000000,0.00284538,0.00000000,0.00000000,0.00000000,1.45503928,0.00150702,0.00000000,0.00000000,0.00000000,0.00000000,0.00000000,0.00000000,0.02678472,0.00000000,0.00000000,0.02487890,0.00000000,0.00000000,0.00000000,0.00000000,0.00000000,0.00000000,0.00000000,0.00000000,0.00000000,0.00000000,0.00000000,0.00000000,0.04705464,0.00000000,0.00000000,0.00000000,0.00000000,0.00000000,0.00000000,0.00000000,0.00588289,0.00000000,0.00000000,0.00000000,0.00000000,0.00000000,0.00000000,0.00000000,0.00000000,0.00000000,0.00000000,0.00000000,0.00000000,0.00000000,0.00547896,0.00000000,0.00000000,0.00000000,0.00000000,0.00000000,0.00000000,0.00000000,0.00000000,0.00000000,0.00000000,0.00184134,0.00000000,0.00000000,0.00000000,0.00000000,0.00000000,0.00000000,0.00000000,0.09414082,0.00000000,0.00337363,0.00000000,0.01682545,0.00000000,0.00000000,0.00000000,0.27959699,0.00000000,0.00000000,0.00000000,0.00000000,0.00000000,0.00418823,0.00000000,0.00000000,0.00000000,0.00000000,0.00000000,0.00000000,0.00000000,0.00000000,0.00000000,0.01269572,0.00154534,0.00000000,0.00000000,0.00000000,0.00000000,0.00000000,0.00000000,0.00000000,0.00000000,0.00126796,0.00000000,0.00000000,0.00000000,0.00000000,0.00000000,0.00000000,0.01477874,0.00000000,0.00000000,0.00000000,0.00000000,0.00667469,0.00000000,0.00000000,0.01380325,0.00000000,0.00000000,0.00000000,0.00000000,0.00000000,0.00000000,0.00000000,0.00000000,0.00000000,0.00000000,0.00000000,0.00000000,0.00000000,0.00000000,0.00000000,0.00000000,0.00000000,0.00000000,0.00000000,0.00000000,0.00000000,0.00000000,0.00000000,0.00178893,0.00551851,0.00000000,0.00000000,0.00000000,0.00000000,0.00000000,0.00000000,0.00000000,0.00000000,0.00000000,0.00000000,0.00097956,0.00000000,0.00000000,0.00000000,0.00000000,0.00000000,0.00000000,0.00000000,0.00000000,0.00000000,0.00000000,0.01477259,0.00000000,0.00000000,0.00000000,0.00000000,0.00000000,0.00000000,0.00000000,0.00000000,0.00000000,0.00000000,0.00000000,0.00000000,0.00000000,0.00000000,0.00000000,0.00000000,0.00000000,0.00000000,0.00000000,0.00000000,0.00000000,0.00000000,0.00000000,0.00000000,0.00000000,0.00000000,0.00000000,0.00000000,0.00000000,0.00000000,0.00843557,0.00000000,0.00000000,0.00000000,0.00000000,0.00000000,0.00865803,0.00000000,0.00000000,0.00000000,0.00000000,0.00000000,0.00000000,0.14504703,0.00000000,0.00000000,0.00000000,0.01269221,0.00000000,0.00000000,0.00000000,0.00000000,0.00000000,0.00000000,0.00000000,0.00000000,0.00000000,0.00000000,0.00621064,0.00000000,0.00000000,0.62510147,0.00000000,0.00000000,0.00000000,0.00000000,0.00000000,0.01948435,0.00000000,0.00000000,0.00000000,0.00000000,0.00000000,0.00000000,0.00000000,0.00000000,0.00000000,0.00000000,0.01443265,0.00000000,0.00000000,0.00000000,0.00000000,0.00000000,0.00529821,0.00190883,0.00000000,0.00665459,0.00000000,0.00000000,0.02396730,0.00000000,0.00000000,0.00000000,0.01915369,0.00000000,0.00000000,0.00000000,0.00000000,0.00000000,0.00674339,0.00000000,0.01638572,0.00000000,0.00000000,0.00000000,0.00000000,0.00000000,0.00000000,0.00000000,0.00000000,0.00000000,0.01414904,0.00000000,0.40219853,0.00000000,0.00000000,0.00000000,0.00000000,0.00308786,0.00000000,0.04882260,0.00000000,0.00000000,0.00000000,0.00000000,0.00000000,0.00000000,0.01836926,0.00000000,0.00000000,0.00000000,0.00000000,0.00000000,0.00000000,0.00000000,0.00000000,0.00000000,0.00000000,0.01375642,0.00000000,0.00000000,0.00000000,0.00081807,0.00000000,0.00000000,0.00000000,0.00000000,0.00000000,1.36196148,0.00000000,0.00000000,0.00000000,0.00000000,0.00000000,0.00000000,0.00000000,0.00000000,0.00089167,0.00000000,0.00000000,0.00000000,0.00000000,0.00000000,0.00000000,0.00000000,0.00000000,0.00000000,0.00000000,0.01060080,0.00000000,0.00000000,0.00000000,0.00000000,0.00000000,0.00000000,0.00000000,0.00000000,0.00000000,0.00000000,0.00000000,0.00000000,0.02426667,0.00000000,0.00000000,0.00000000,0.00000000,0.00000000
0.00000000,0.00000000,0.00000000,0.00000000,0.00000000,0.00000000,0.00000000,0.00000000,0.00000000,0.00000000,0.00000000,0.00000000,0.06109580,0.02808578,0.00000000,0.01058005,0.00000000,0.00000000,0.00000000,0.00000000,0.00262572,0.00000000,0.01343358,0.00000000,0.00000000,0.00000000,0.00000000,0.00000000,11.78534778,0.00000000,0.00000000,0.00000000,0.00000000,0.00173900,0.00000000,0.00000000,0.00000000,0.00097539,0.00000000,0.00000000,0.01040514,0.00000000,0.00000000,0.01149640,0.00000000,0.00000000,0.00000000,0.00000000,0.00000000,0.00000000,0.00000000,0.00000000,0.00000000,0.00000000,0.00000000,0.00000000,0.00000000,0.00000000,0.03920322,0.00000000,0.00000000,0.00000000,0.00000000,0.00000000,0.01046072,0.00000000,0.00000000,0.00000000,0.00552259,0.00000000,0.00000000,0.00217096,0.00000000,0.00000000,0.02530527,0.00000000,0.00000000,0.00000000,0.00000000,0.00000000,0.00000000,0.00000000,0.00000000,0.00000000,0.02226104,0.00000000,0.00000000,0.00000000,0.00000000,0.00000000,0.00000000,0.00000000,0.00000000,0.00000000,0.00000000,0.00000000,0.00360635,0.00000000,0.00000000,0.01090946,0.00000000,0.00000000,0.00000000,0.00000000,0.00000000,0.00000000,0.00000000,0.00000000,0.00000000,0.01250440,0.00000000,0.00000000,0.00000000,0.00000000,0.00000000,0.00000000,0.00310985,0.00000000,0.00064279,0.00000000,0.00000000,0.00000000,0.00000000,0.00000000,0.00000000,0.00000000,0.00000000,0.00000000,0.00000000,0.00000000,0.00000000,0.00000000,0.00000000,0.00000000,0.00000000,0.00000000,0.00000000,0.00000000,0.00893490,0.00000000,0.00000000,0.01112177,0.00000000,0.00000000,0.00000000,0.00000000,0.00000000,0.00000000,0.00000000,0.00000000,0.00000000,0.00000000,0.00296782,0.00000000,0.00000000,0.00000000,0.00000000,0.00000000,0.00000000,0.00000000,0.00000000,0.00000000,0.00000000,0.00000000,0.00000000,0.00000000,0.00000000,0.00000000,0.00000000,0.00455613,0.00000000,0.00232109,0.00631288,0.00000000,0.00000000,0.00000000,0.00000000,0.00000000,0.00000000,0.00000000,0.00000000,0.00000000,0.05098569,0.00000000,0.00000000,0.00000000,0.00000000,0.00000000,0.00000000,0.00000000,0.00000000,0.00116309,0.00000000,0.00000000,0.00000000,0.00000000,0.00000000,0.00000000,0.00000000,0.00000000,0.00000000,0.00000000,0.00000000,0.00000000,0.00000000,0.00000000,0.00000000,0.00000000,0.00000000,0.00000000,0.00000000,0.00000000,0.00000000,0.00000000,0.00000000,0.00000000,0.00000000,0.00000000,0.00467347,0.00000000,0.00931773,0.00000000,0.00000000,0.09630861,0.00229724,0.00000000,0.00000000,0.00000000,0.00000000,0.00000000,0.00000000,0.00000000,0.00982645,0.00000000,0.00000000,0.00000000,0.00000000,0.00000000,0.00000000,0.00000000,0.00000000,0.00000000,0.00000000,0.00000000,0.00000000,0.00000000,0.00000000,0.00000000,0.00000000,0.00000000,0.00000000,0.00000000,0.00000000,0.00000000,0.00000000,0.00000000,0.00000000,0.00000000,0.00000000,0.00000000,0.00000000,0.00000000,0.00363826,0.00000000,0.00000000,0.00000000,0.00000000,0.00000000,0.00000000,0.00000000,0.00128533,0.00000000,0.00000000,0.00000000,0.00000000,0.00000000,0.00000000,0.00000000,0.00000000,0.00000000,0.00000000,0.00000000,0.00000000,0.00000000,0.01280768,0.02450999,0.00000000,0.00000000,0.00000000,0.00000000,0.00000000,0.00000000,0.02093255,0.00341904,0.01851162,0.00000000,0.00000000,0.02015679,0.00000000,0.00000000,0.00000000,0.00000000,0.00000000,0.00000000,0.00000000,0.00000000,0.00000000,0.00000000,2.08740663,0.02155596,0.00435062,0.00000000,0.00000000,0.00000000,0.00000000,0.00000000,0.00000000,0.83281461,0.00000000,0.00000000,0.00000000,0.00000000,0.00000000,0.00000000,0.00000000,0.00000000,0.00000000,0.00000000,0.00000000,0.00000000,0.00000000,0.00000000,0.00000000,0.00000000,0.00000000,0.00185577,0.00000000,0.00000000,0.00000000,0.00000000,0.00000000,0.00000000,0.00000000,0.00818581,0.00000000,0.01213722,0.00000000,0.00000000,0.00000000,0.00000000,0.00000000,0.00000000,0.00000000,0.00000000,0.00000000,0.00000000,0.00776931,0.00000000,0.00000000,0.00000000,0.00000000,0.00000000,0.07519656,0.00000000,0.00000000,0.00000000,0.00000000,0.00000000,0.00000000,0.04311983,0.00000000,0.00000000,0.00000000,0.00000000,0.00000000,0.00000000,0.00000000,0.00000000,0.00000000,0.00000000,0.00000000,0.00093962,0.00000000,0.00000000,0.01663674,0.00000000,0.00000000,0.00000000,0.00000000,0.00000000,0.00000000,0.00000000,0.00342971,0.00000000,0.00000000,0.00095515,0.00264898,0.00000000,0.00000000,0.00000000,0.00000000,0.34561868,0.00000000,0.00211227,0.00000000,0.00000000,0.00000000,0.00000000,0.00000000,0.00000000,0.00000000,0.00000000,0.00000000,0.00000000,0.00000000,0.00000000,0.00000000,0.00000000,0.00000000,0.00000000,0.00000000,0.00118374,0.00000000,0.00000000,0.00000000,0.36211751,0.00000000,0.00113098,0.00000000,0.00000000,0.02908988,0.00000000,0.00162796,0.00000000,0.00000000,0.00000000,0.00000000,0.00000000,0.00000000,0.06949127,0.00000000,0.00000000,0.00000000,0.00000000,0.00000000,0.00000000,0.00000000,0.00473781,0.00000000,0.00000000,0.00528912,0.00000000,0.00000000,0.00000000,0.00000000,0.00000000,0.00000000,0.00000000,0.00000000,0.00000000,0.09306653,0.00000000,0.00000000,0.00000000,0.00000000,0.00000000,0.00000000,0.00000000,0.00000000,0.00000000,0.00646669,0.00000000,0.00000000,0.00000000,0.00000000,0.00000000,0.00000000,0.00000000,0.00000000,0.00000000,0.00000000,0.00000000,0.00000000,0.00000000,0.00000000,0.00000000,0.01709310,0.00000000,0.00000000,0.00000000,0.00000000,0.00649239,0.00000000,0.00000000,0.00000000,0.00000000,0.00000000,0.00000000,0.00000000,0.00000000,0.04176264,0.00000000,0.00000000,0.00000000,0.00000000,0.00000000,0.00476942,0.00103192,0.00000000,0.01574742,0.00000000,0.02153019,0.00000000,0.00000000,0.00000000,0.00000000,0.00000000,0.00000000,0.00000000,0.00000000,0.00000000,0.00000000,0.00000000,0.00000000,0.00000000,0.05838350,0.00000000,0.00000000,0.00000000,0.00000000,0.00000000,0.00000000,0.00000000,0.00000000,0.00000000,0.02874958,0.00000000,0.00000000,0.00000000,0.00000000,0.00089969,0.00000000,0.00000000,0.00000000,0.00000000,0.00000000,0.00000000,0.00000000,0.00000000,0.00000000,0.00000000,0.00000000,0.00000000,0.00000000,0.00000000,0.00000000,0.00000000,0.00000000,0.00187400,0.00000000,0.00000000,0.00000000,0.00000000,0.00000000,0.00000000,0.00000000,0.00000000,0.00000000,0.00000000,0.00000000,0.00000000,0.00193821,0.00690161,0.00000000,0.00000000,0.00000000,0.01451952,0.00000000,0.00000000,0.00320980,0.00000000,0.00000000,0.00000000,0.00000000,0.00000000,0.03075008,0.00194287,0.00000000,0.00929113,0.00000000,0.00000000,0.00649994,0.00000000,0.00000000,0.01384463,0.00165603,0.00000000,0.00000000,0.00000000,0.00000000,0.00000000,0.00000000,0.00000000,0.00000000,0.00000000,0.00000000,0.00000000,0.00000000,0.00000000,0.00000000,0.00000000,0.00000000,0.03834143,0.00000000,0.00000000,0.00000000,0.00000000,0.00000000,0.00000000,0.00000000,0.00000000,0.00000000,0.00000000,0.03874839,0.00000000,0.00000000,0.00000000,0.00000000,0.00000000,0.00000000,0.01500155,0.00000000,0.00000000,0.00000000,0.00000000,0.00000000,0.00000000,0.00000000,0.00000000,0.00000000,0.01988718,0.00000000,0.00000000,0.00000000,0.00000000,0.00000000,0.00000000,0.00000000,0.00000000,0.00000000,0.72278164,0.00000000,0.00000000,0.00000000,0.00000000,0.00769300,0.00181058,0.00000000,0.00000000,0.00000000,0.00000000,0.00000000,0.00000000,0.00000000,0.02108712,0.00000000,0.00000000,0.00000000,0.00000000,0.00000000,0.00000000,0.00000000,0.00000000,0.00000000,0.00000000,0.00580188,0.00000000,0.00000000,0.00000000,0.00000000,0.00000000,0.00000000,0.00000000,0.03187712,0.00000000,0.00000000,0.00000000,0.00000000,0.00000000,0.00000000,0.00000000,0.00000000,0.00423841,0.00096117,0.00000000,0.00000000,0.00000000,0.02636484,0.00000000,0.00000000,0.00000000,0.00000000,0.00000000,0.00000000,0.00000000,0.00000000,0.00000000,0.00000000,0.00000000,0.00000000,0.00000000,0.00000000,0.00000000,0.00000000,0.00000000,0.00000000,0.00000000,0.00000000,0.00000000,0.00000000,0.00000000,0.00000000,0.00000000,0.00000000,0.00000000,0.00000000,0.00000000,0.00000000,0.00000000,0.00000000,0.00000000,0.00000000,0.00000000,0.00000000,0.00000000,0.00000000,0.01148074,0.00000000,0.00000000,0.00000000,0.00000000,0.03228555,0.00000000,0.01109486,0.00000000,0.00000000,0.00123566,0.00000000,0.00000000,0.00000000,0.00000000,0.00000000,0.00000000,0.00000000,0.00830665,0.00000000,0.00110464,0.00000000,0.00000000,0.00000000,0.00000000,0.00000000,0.00000000,0.00000000,0.00000000,0.00000000,0.00000000,0.00000000,0.00000000,0.00000000,0.00000000,0.00000000,0.01665215,0.00000000,0.00000000,0.00000000,0.00000000,0.00216809,0.00000000,0.00000000,0.00000000,0.00000000,0.00000000,0.01188900,0.00000000,0.00000000,0.00000000,0.00000000,0.00000000,0.10753152,0.00000000,0.00000000,0.00000000,0.00000000,0.00000000,0.00000000,0.00000000,0.00244142,0.00000000,0.00000000
0.00000000,0.00000000,0.00000000,0.00000000,0.00000000,0.00000000,0.00000000,0.02141055,0.00000000,0.00000000,0.00000000,0.00000000,0.00000000,0.00000000,0.00000000,0.30844427,0.00000000,0.00000000,0.00000000,0.00000000,0.00000000,0.00000000,0.00000000,0.00000000,0.00000000,0.00000000,0.00000000,0.00000000,0.00000000,0.01139194,0.00000000,0.00000000,0.00000000,0.00000000,0.03423277,0.00000000,0.00077828,0.00000000,0.00000000,0.00000000,0.00000000,0.00000000,0.00000000,0.00920546,0.00000000,0.81911477,0.02120942,0.00000000,0.00000000,0.00000000,0.00000000,0.00000000,0.00000000,0.00000000,0.00000000,0.00000000,0.03260303,0.01642784,0.00000000,0.00000000,0.00000000,0.00729796,0.00743244,0.00000000,0.00000000,0.06161740,0.00000000,0.00000000,0.00000000,0.00000000,0.00000000,0.00434139,0.00000000,0.00000000,0.00000000,0.00285022,0.00000000,0.00838120,0.00000000,0.00000000,0.00000000,0.00000000,0.02577461,0.00000000,0.00000000,0.00000000,0.00000000,0.00000000,0.00000000,0.00000000,0.00000000,0.00000000,0.00000000,0.00000000,0.00000000,0.00000000,0.00000000,0.00000000,0.00000000,0.00000000,0.00000000,0.00000000,0.00801141,0.00000000,0.00155045,0.00044725,0.00000000,0.00000000,0.00000000,0.00000000,0.00145938,0.00000000,0.00000000,0.00000000,0.00000000,0.00000000,0.00000000,0.00000000,1.03656061,0.00000000,0.00000000,0.00000000,0.01121569,0.00000000,0.00000000,0.00000000,0.00000000,0.00000000,0.00000000,0.00000000,0.00000000,0.00000000,0.00190170,0.00000000,0.00000000,0.00000000,0.00000000,0.00000000,0.00000000,0.00000000,0.00000000,0.00000000,0.02427657,0.00000000,0.00000000,0.00000000,0.00000000,0.00000000,0.00000000,0.00000000,0.00000000,0.00000000,0.00000000,0.00000000,0.00210631,0.08804278,0.00000000,0.00000000,0.00000000,0.00000000,0.00000000,0.00000000,0.00353182,0.00000000,0.12567692,0.00000000,0.00000000,0.00000000,0.00000000,0.00000000,0.00000000,0.01475246,0.00000000,0.00000000,0.00000000,0.00000000,0.00000000,0.00000000,0.00000000,0.00000000,0.00000000,0.00000000,0.00000000,0.00000000,0.00000000,0.00000000,0.00000000,0.00000000,0.00000000,0.00000000,0.00000000,0.00000000,0.00000000,0.00000000,0.00000000,0.00000000,0.00000000,0.00000000,0.00562711,0.01620644,0.00000000,0.00000000,0.00000000,0.00000000,0.00000000,0.00000000,0.00000000,0.00000000,0.00000000,0.00000000,0.00326348,0.00000000,0.00000000,0.00000000,0.00000000,0.00000000,0.00000000,0.00000000,0.00000000,0.00000000,0.00000000,0.00000000,0.00000000,0.00000000,0.00000000,0.00000000,0.00000000,0.00000000,0.00000000,0.00000000,0.00000000,0.00000000,0.00000000,0.00000000,0.00000000,0.00000000,0.00000000,0.00000000,0.00000000,0.00000000,0.00505829,0.00000000,0.00000000,0.00000000,0.00000000,0.00000000,0.02623273,0.00000000,0.00000000,0.00000000,0.00000000,0.00000000,0.00000000,0.00000000,0.00000000,0.00000000,0.00089574,0.00000000,0.04003424,0.00000000,0.00527416,0.00000000,0.00000000,0.00000000,0.00000000,0.00000000,0.00000000,0.00000000,0.00000000,0.00000000,0.00000000,0.00000000,0.00000000,0.01121262,0.00157421,0.00000000,0.00000000,0.00000000,0.00000000,0.00000000,0.00000000,0.00000000,0.03004016,0.00233264,0.00000000,0.00000000,0.00000000,0.00000000,0.00585989,0.00000000,0.03046501,0.00000000,0.20756448,0.00000000,0.00000000,0.00000000,0.00000000,0.02626562,0.00000000,0.00000000,0.00200253,0.00000000,0.00000000,0.00000000,0.00000000,0.00000000,0.00000000,0.00000000,0.00214843,0.00000000,0.00000000,0.00000000,0.00000000,0.00000000,0.00000000,0.00000000,0.00000000,0.00000000,0.00000000,0.00000000,0.00000000,0.00000000,0.00000000,0.00000000,0.00000000,0.00236331,0.00000000,0.00000000,0.00000000,0.00000000,0.00000000,0.00000000,0.00000000,0.01142053,0.00000000,0.00000000,0.00000000,0.00000000,0.00000000,0.00000000,0.00000000,0.00280114,0.00000000,0.01585182,0.00000000,0.00000000,0.00000000,0.04241061,0.00000000,0.00000000,0.00000000,0.00000000,0.00000000,0.00000000,0.00000000,0.00000000,0.00000000,0.37543656,0.00000000,0.00000000,0.00000000,0.00000000,0.00000000,0.00000000,0.00439249,0.00000000,0.00000000,0.00000000,0.00000000,0.00000000,0.00000000,0.01678556,0.00000000,0.00000000,0.00000000,0.00000000,0.00000000,0.00000000,0.08442905,0.00000000,0.00000000,0.00000000,0.00000000,0.00000000,0.18422102,0.00000000,0.00000000,0.00000000,0.00000000,0.00000000,0.00000000,0.00000000,0.00000000,0.00000000,0.00000000,0.00000000,0.00000000,0.00996587,0.00000000,0.00000000,0.00000000,0.00000000,0.00000000,0.00000000,0.00000000,0.00000000,0.00000000,0.00000000,0.00000000,0.00000000,0.00237690,0.00000000,0.00000000,0.00000000,0.00000000,0.00000000,0.00000000,0.00000000,0.00000000,0.00000000,0.00000000,0.00000000,0.00000000,0.00000000,0.00000000,0.00000000,0.00000000,0.00000000,0.00000000,0.00000000,0.00000000,0.00000000,0.00000000,0.00000000,0.00000000,0.00000000,0.00000000,0.00000000,0.00000000,0.00000000,0.00000000,0.00000000,0.00000000,0.19556780,0.05618327,0.00000000,0.00000000,0.00000000,0.00000000,0.00000000,0.00000000,0.00000000,0.00000000,0.00000000,0.00000000,0.02184430,0.00000000,2.83933052,0.00000000,0.00000000,0.00000000,0.00000000,0.00000000,0.00000000,0.00000000,0.73347141,0.00125515,0.00000000,0.00000000,0.00000000,0.00000000,0.00000000,0.00000000,0.00000000,0.00000000,0.00000000,0.00000000,0.00000000,0.00000000,0.00000000,0.00000000,0.00000000,0.00000000,0.00000000,0.00763626,0.00000000,0.00000000,0.00000000,0.00000000,0.00000000,0.00000000,0.00000000,0.00000000,0.00000000,0.00000000,0.00000000,0.00000000,0.00000000,0.00000000,0.00000000,0.00000000,0.01490255,0.01063926,0.00000000,0.00000000,0.00000000,0.00000000,0.00000000,0.00000000,0.00000000,0.00000000,0.00000000,0.00000000,0.00000000,0.03037250,0.00000000,0.00000000,0.00000000,0.01310965,0.00000000,0.00000000,0.00000000,0.00000000,0.00000000,0.00000000,0.00000000,0.00000000,0.00000000,0.00000000,0.01489831,0.00000000,0.00000000,0.00000000,0.08593842,0.00351711,0.00000000,0.00000000,0.00000000,0.00000000,0.00000000,0.00000000,0.00000000,0.00000000,0.00000000,0.00000000,0.00000000,0.00233341,0.00000000,0.00000000,0.00000000,0.00000000,0.00000000,0.00000000,0.00000000,0.00000000,0.00000000,0.00143910,0.00000000,0.00000000,0.00000000,0.00000000,0.66371591,0.00000000,0.00103339,0.00000000,0.00000000,0.00000000,0.00000000,0.00590938,0.00000000,0.00000000,0.00000000,0.00000000,0.00142123,0.00000000,0.00000000,0.00000000,0.00863841,0.03908861,0.00000000,0.00000000,0.00000000,0.00000000,0.00000000,0.00000000,0.00000000,0.00000000,0.00000000,0.00000000,0.00000000,0.00000000,0.00000000,0.00000000,0.00000000,0.00000000,0.00000000,2.11023496,0.00000000,0.00000000,0.00000000,0.00000000,0.00000000,0.00085687,0.00000000,0.00000000,0.00000000,0.00000000,0.00000000,0.00000000,0.00000000,0.02950956,0.00000000,0.00000000,0.00000000,0.00000000,0.00000000,0.00000000,0.00154038,0.00000000,0.00000000,0.00000000,0.00000000,0.00506415,0.00000000,0.00000000,0.00000000,0.03678663,0.00000000,0.00000000,0.00000000,0.00000000,0.00000000,0.00000000,0.00000000,0.00000000,0.00000000,0.00000000,0.00000000,0.00000000,0.00000000,0.00000000,0.00000000,0.00000000,0.00000000,0.00000000,0.00000000,0.00000000,0.00000000,0.00000000,0.00000000,0.00000000,0.00000000,0.00000000,0.00128144,0.00124420,0.33850821,0.00000000,0.00000000,0.00000000,0.00000000,0.00000000,0.01166220,0.00000000,0.00419239,0.00000000,0.00689826,0.13661006,0.00000000,0.03054176,0.00518725,0.98802047,0.00000000,0.00000000,0.00000000,0.00386073,0.00000000,0.00000000,0.00000000,0.00000000,0.00000000,0.00000000,0.00000000,0.01442482,0.00000000,0.00000000,0.00000000,0.00000000,0.00000000,0.00000000,0.00000000,0.00000000,0.00000000,0.00000000,0.00987280,0.00000000,0.00000000,0.07691951,0.00000000,0.00000000,0.00000000,0.00000000,0.00000000,0.00743776,0.00000000,0.00000000,0.00000000,0.00000000,0.00000000,0.00000000,0.00441097,0.00000000,0.00000000,0.00000000,0.35187506,0.00000000,0.00000000,0.00000000,0.00840541,0.00000000,0.00000000,0.22050960,0.00000000,0.00000000,0.00000000,0.00000000,0.00000000,0.00000000,0.00000000,0.00000000,0.00000000,0.01202135,0.00000000,0.00000000,0.00000000,0.00000000,0.00000000,0.01843968,0.00000000,0.00000000,0.00000000,0.00000000,0.00000000,0.00000000,0.00000000,0.00000000,0.00000000,0.00000000,0.00000000,0.00000000,0.00000000,0.00000000,0.00000000,0.00000000,0.00000000,0.00000000,0.00000000,0.00798194,0.00000000,0.00334262,0.00000000,0.00000000,0.00000000,0.00000000,0.00000000,0.00000000,0.00000000,0.00000000,0.00000000,0.00000000,0.00000000,0.00000000,0.00000000,0.00000000,0.10955526,0.00000000,0.00000000,0.00000000,0.00000000,0.00000000,0.00000000,0.00000000,0.00000000,0.00000000,0.00000000,0.00000000,0.00000000,0.00000000,0.00000000,0.00000000,0.00000000,0.00157614,0.00000000,0.00000000,0.00000000,0.00000000,0.00387344,0.00000000,0.00000000,0.00000000,0.00000000
0.00168261,0.00000000,0.00000000,0.00000000,0.00000000,0.00000000,0.00000000,0.00000000,0.00000000,0.00000000,0.00000000,0.16405611,0.00000000,0.00000000,0.00000000,0.00000000,0.00000000,0.02370957,0.00000000,0.00000000,0.00000000,0.00000000,0.17381629,0.00000000,0.02960491,0.01529396,0.00000000,0.00000000,0.00000000,0.00000000,0.00000000,0.00000000,0.00000000,0.00000000,0.00000000,0.00000000,0.00110176,0.00000000,0.00000000,0.00000000,0.00000000,0.00000000,0.00000000,0.00109399,0.00000000,0.01854228,0.00000000,0.00000000,0.00000000,0.00000000,0.00000000,0.00000000,0.00000000,0.00186408,0.00000000,0.00000000,0.00000000,0.00000000,0.00000000,0.00000000,0.00000000,0.00000000,0.00000000,0.00000000,0.00000000,0.00000000,0.00000000,0.00000000,0.00000000,0.00000000,0.00000000,0.00000000,0.00000000,0.00000000,0.12837443,0.00000000,0.00000000,0.00000000,0.00000000,0.00000000,0.00000000,0.00000000,0.00000000,0.00000000,0.00000000,0.00000000,0.00000000,0.00000000,0.00000000,0.00000000,0.00000000,0.00000000,0.00614236,0.00000000,0.00000000,0.00000000,0.00000000,0.00000000,0.00418666,0.00000000,0.00000000,0.00000000,0.00000000,0.00000000,0.00000000,0.00000000,0.00000000,0.00000000,0.00000000,0.00000000,0.00000000,0.00000000,0.00000000,0.00000000,0.00000000,0.00000000,0.00000000,0.00663704,0.00000000,0.00000000,0.00000000,0.00000000,0.00000000,0.00000000,0.00000000,0.00000000,0.00000000,0.00000000,0.00000000,0.00000000,0.00000000,0.00000000,0.00000000,0.17262588,0.00656340,0.00000000,0.00000000,0.00000000,0.00000000,0.00000000,0.00000000,0.00000000,0.00000000,0.00000000,0.00000000,0.00000000,0.00000000,0.00000000,0.00000000,0.00000000,0.00000000,0.00000000,0.00000000,0.00000000,0.00424750,0.00000000,0.00000000,0.00000000,0.00475579,0.00000000,0.00000000,0.00000000,0.00000000,0.00000000,0.00000000,0.00000000,0.05352860,0.00000000,0.00000000,0.00000000,0.12961254,0.00261702,0.00000000,0.00000000,0.00000000,0.00000000,0.00000000,0.00000000,0.00000000,0.00165628,0.02001164,0.00000000,0.01077492,0.00000000,0.00000000,0.02308674,0.04049889,0.00000000,0.00000000,0.00000000,0.00000000,0.00000000,0.00000000,0.00000000,0.00000000,0.01777244,0.00000000,0.00000000,0.00000000,0.00000000,0.00000000,0.02284748,0.00000000,0.00000000,0.00000000,0.00000000,0.00000000,0.00000000,0.00000000,0.00000000,0.00000000,0.00000000,0.00000000,0.00000000,0.00000000,0.00000000,0.00000000,0.00000000,0.00000000,0.00000000,0.00000000,0.00329619,0.01059366,0.00000000,0.00000000,0.00000000,0.00000000,0.00000000,0.00170754,0.00000000,0.00000000,0.00000000,0.00000000,0.00271599,0.00000000,0.00000000,0.00000000,0.00000000,0.00000000,0.00860042,0.00000000,0.00000000,0.00000000,0.00633323,0.00000000,0.00000000,0.00000000,0.00000000,0.05962145,0.00000000,0.02639955,0.00000000,0.00000000,0.00000000,0.00000000,0.00000000,0.00000000,0.00000000,0.00000000,0.00000000,0.00198104,0.15255988,0.00000000,0.00000000,1.08550704,0.00000000,0.00000000,0.00000000,0.00000000,0.00505610,0.00000000,0.00000000,0.00000000,0.00000000,0.00000000,0.39763558,0.00000000,0.00000000,0.00000000,0.00000000,0.00000000,0.00000000,0.00000000,0.00000000,0.00000000,0.00000000,0.00000000,0.00000000,0.00000000,0.00249654,0.00000000,0.00000000,0.02685344,0.00000000,0.00000000,0.00000000,0.00000000,0.00000000,0.00000000,0.00000000,0.00000000,0.00000000,0.00879440,0.00000000,0.00000000,0.00000000,0.00000000,0.00000000,0.34958863,0.03501553,0.00000000,0.00000000,0.00000000,0.00000000,0.01341553,0.00000000,0.00000000,0.00000000,0.00765269,0.00000000,0.00000000,0.00000000,0.01008306,0.00000000,0.00000000,0.00000000,0.00000000,0.00000000,0.00000000,0.00000000,0.00000000,0.00000000,0.00000000,0.00000000,0.00000000,0.00000000,0.00000000,0.00000000,0.00000000,0.00000000,0.00000000,0.00000000,0.00000000,0.00000000,0.00000000,0.00000000,0.00000000,0.00000000,0.00000000,0.00000000,0.00000000,0.02623759,0.00000000,0.00000000,0.00000000,0.00000000,0.00000000,0.00000000,0.05054430,0.00000000,0.00000000,0.00000000,0.00000000,0.00000000,0.00000000,0.00000000,0.00000000,0.00000000,0.01045463,0.00102074,0.00000000,0.00000000,0.00000000,0.00000000,0.00000000,0.00000000,0.00000000,0.00000000,0.00000000,0.00000000,0.00475041,0.00000000,0.01663674,0.18422102,0.00000000,0.04632810,0.00000000,0.00000000,0.00000000,0.00000000,0.00000000,0.00000000,0.00000000,0.00000000,0.00000000,0.00000000,0.00000000,0.00000000,0.00000000,0.00000000,0.00000000,0.00000000,0.00000000,0.00000000,0.00000000,0.00000000,0.00640448,0.00000000,1.39126938,0.00000000,0.00103793,0.00000000,0.00000000,0.00237398,0.00000000,0.00000000,0.00000000,0.00000000,0.00000000,0.00000000,0.00000000,0.00000000,0.00000000,0.00639900,0.00000000,0.00000000,0.00000000,0.00000000,0.00000000,0.00000000,0.00000000,0.00000000,0.00363411,0.00000000,0.00000000,0.00000000,0.00000000,0.00000000,0.00000000,0.00000000,0.00000000,0.00969068,0.00153148,0.00000000,0.01630858,0.00000000,0.00000000,0.00000000,0.00000000,0.00933178,0.00000000,0.03168229,0.00000000,0.00000000,0.00000000,0.00000000,0.00000000,0.00000000,0.00000000,0.00000000,0.00000000,0.00000000,0.00000000,0.00000000,0.02024989,0.00000000,0.00000000,0.00000000,0.00000000,0.00000000,0.00000000,0.00000000,0.00000000,0.00334634,0.00000000,0.00000000,0.00000000,0.00000000,0.00000000,0.00000000,0.00000000,0.00000000,0.00000000,0.00000000,0.00000000,0.00000000,0.00000000,0.00000000,0.00000000,0.00951623,0.00000000,0.00000000,0.00000000,1.92075135,0.00000000,0.00000000,0.00000000,0.00000000,0.03416780,0.00000000,0.00000000,0.00000000,0.00000000,0.00000000,0.00000000,0.00000000,0.00000000,0.00000000,0.00000000,0.00000000,0.00000000,0.00000000,0.00000000,0.00000000,0.00000000,0.00000000,0.00000000,0.00000000,0.00289151,0.00000000,0.00000000,0.00000000,0.00000000,0.00000000,0.00000000,0.01634763,0.00000000,0.00000000,0.00000000,0.00000000,0.00000000,0.00000000,0.00975040,0.00000000,0.00000000,0.00000000,0.00000000,0.00000000,0.00000000,0.08520092,0.00000000,0.00212068,0.00000000,0.00000000,0.00000000,0.00000000,0.00000000,0.00000000,0.00000000,0.00201680,0.00000000,0.00000000,0.00059839,0.03655093,0.00000000,0.00000000,0.00000000,0.00227677,0.00000000,0.00000000,0.00000000,0.00000000,0.00000000,0.00538658,0.00000000,0.00000000,0.00000000,0.00000000,0.00000000,0.00000000,0.00000000,0.00000000,0.00000000,0.00000000,0.00000000,0.00653750,0.00000000,0.00000000,0.00000000,0.00000000,0.00000000,0.00320651,0.00000000,0.00000000,0.00000000,0.00000000,0.00000000,0.00000000,0.00203303,0.00000000,0.01010820,0.00000000,0.00000000,0.00000000,0.02326369,0.00000000,3.88410678,0.00000000,0.00000000,0.00000000,0.00000000,0.00772884,0.00000000,0.00000000,0.00000000,0.00000000,0.00000000,0.00000000,0.00000000,0.00000000,0.04387155,0.00000000,1.36645721,0.00000000,0.00000000,0.00000000,0.00000000,0.00000000,0.00000000,0.00000000,0.00000000,0.00000000,0.00000000,0.00000000,0.00000000,0.00000000,0.01108633,0.00000000,0.00000000,0.00000000,0.00000000,0.00000000,0.00000000,0.74066415,0.00000000,0.00000000,0.00000000,0.00000000,0.00000000,0.00000000,0.00000000,0.00000000,0.00000000,0.00000000,0.00000000,0.00463156,0.00000000,0.00000000,0.00000000,0.00000000,0.00000000,0.00000000,0.00000000,0.00000000,0.00000000,0.00000000,0.00000000,0.00000000,0.00000000,0.00000000,0.00000000,0.00000000,0.00170115,0.00000000,0.00000000,0.00000000,0.00000000,0.00000000,0.00000000,0.00000000,0.00000000,0.00000000,0.00000000,0.00382105,0.00000000,0.00000000,0.00000000,0.00000000,0.00000000,0.00000000,0.00000000,0.00000000,0.00000000,0.00000000,0.00000000,0.00000000,0.00000000,0.00000000,0.00000000,0.00000000,0.00000000,0.00000000,0.00000000,0.19160966,0.00262132,0.00000000,0.00000000,0.00000000,0.00000000,0.00000000,0.00000000,0.00000000,0.00000000,0.00000000,0.00000000,0.00000000,0.00000000,0.00000000,0.00000000,0.00000000,0.00928236,0.00000000,0.00304915,0.02993962,0.00000000,0.00000000,0.00000000,0.00000000,0.00000000,0.00000000,0.00000000,0.00000000,0.00000000,0.00000000,0.00000000,0.00000000,0.00000000,0.00000000,0.00000000,0.00000000,0.00000000,0.00265865,0.00000000,2.64422984,0.00239315,0.00000000,0.00000000,0.00000000,0.00000000,0.00000000,0.00000000,0.00000000,0.37941186,0.00781727,0.01328386,0.00000000,0.00000000,0.01558121,0.00000000,0.00000000,0.00000000,0.00000000,0.00000000,0.00000000,0.00000000,0.00000000,0.00000000,0.00000000,0.01896896,0.00000000,0.00000000,0.00000000,0.00000000,0.00000000,0.00000000,0.00000000,0.00085713,0.00000000,0.00000000,0.00000000,0.00000000,0.00000000,0.00000000,0.00000000,0.00000000,0.00000000,0.00000000,0.00000000,0.00687216,0.00000000,0.17753594,0.00000000,0.00000000,0.00000000,0.00000000,0.00000000,0.00000000,0.00000000,0.00000000,0.00000000,0.00000000,0.00000000,0.00000000,0.00000000,0.01245525,0.00000000,0.00000000,0.00000000,0.00000000,0.00000000
0.00000000,0.00000000,0.00000000,0.00000000,0.00000000,0.00000000,0.00000000,0.00000000,0.00000000,0.00000000,0.03125955,0.00000000,0.00000000,0.00000000,0.00000000,0.00000000,0.00000000,0.00000000,0.00000000,0.01384271,0.00000000,0.01206630,0.00000000,0.00000000,0.00000000,0.00000000,0.00000000,0.00000000,0.00000000,0.00000000,0.00000000,0.00000000,0.00000000,0.00646294,0.00000000,0.00000000,0.00133597,0.00000000,0.00000000,0.00000000,0.00000000,0.00000000,0.00000000,0.00000000,0.00000000,0.00000000,0.00000000,0.00000000,0.00000000,0.00000000,0.00000000,0.01758638,0.00000000,0.00000000,0.00000000,0.00000000,0.00000000,0.00000000,0.00000000,1.19358559,0.00000000,0.00000000,0.00000000,0.00000000,0.00291624,0.00000000,0.00000000,0.00000000,0.00000000,0.00000000,0.00000000,0.00000000,0.00000000,0.00000000,0.00000000,0.00000000,0.00000000,0.00000000,0.00000000,0.00000000,0.00000000,0.00000000,0.00000000,0.00000000,0.00000000,0.00000000,0.00000000,1.56326791,0.00000000,0.00000000,0.00000000,0.00000000,0.00000000,0.00000000,0.03623606,0.00000000,0.00000000,0.00000000,0.00000000,0.00000000,0.00000000,0.00000000,0.00000000,0.00000000,0.00000000,0.00000000,0.00000000,0.00000000,0.00000000,0.00000000,0.01440182,0.00000000,0.00000000,0.00000000,0.00422691,0.00105279,0.00000000,0.00000000,0.00000000,0.00000000,0.00000000,0.00000000,0.00000000,0.00000000,0.00000000,0.00000000,0.00000000,0.00000000,0.00000000,0.00000000,0.00000000,0.07301594,0.00000000,0.00630879,0.00000000,0.00000000,0.00000000,0.00000000,0.00000000,0.00000000,0.00000000,0.00000000,0.00000000,0.00000000,0.00000000,0.00000000,0.00000000,0.00000000,0.00000000,0.00000000,0.00189713,0.00000000,0.01377000,0.02217779,0.00000000,0.00000000,0.00000000,0.00209785,0.00000000,0.00000000,0.02360763,0.00772013,0.06381216,0.00000000,0.00000000,0.00000000,0.00000000,0.00000000,0.00000000,0.00000000,0.00000000,0.00000000,0.00000000,0.00271584,0.00000000,0.00000000,0.13202308,0.00000000,0.00000000,0.00000000,0.00000000,0.00000000,0.00000000,0.00000000,0.00000000,0.00000000,0.00000000,0.00000000,0.00212312,0.03131323,0.00000000,0.00000000,0.00000000,0.00225772,0.00000000,0.00000000,0.00000000,0.00000000,0.02888807,0.00196947,0.00000000,0.00000000,0.02031432,0.00000000,0.00000000,0.00000000,0.00000000,0.00000000,0.00000000,0.00000000,0.00000000,0.00000000,0.00000000,0.00000000,0.00000000,0.00000000,0.02047261,0.00000000,0.00000000,0.00000000,0.01899650,0.00000000,0.00000000,0.00000000,0.00000000,0.00000000,0.00000000,2.49629372,0.05261811,0.00000000,0.00000000,0.00000000,0.00000000,0.00000000,0.00000000,0.00000000,0.00775374,0.00000000,0.00000000,0.00000000,0.00000000,0.00000000,0.00000000,0.00000000,0.00000000,0.00000000,0.00213748,0.00000000,0.00000000,0.00000000,0.00000000,0.00344311,0.00222599,0.00000000,0.00000000,0.00000000,0.00000000,0.00000000,0.00000000,0.00000000,0.00400117,0.00000000,0.00000000,0.00000000,0.00000000,0.01803619,0.07997715,0.00000000,0.00000000,0.03594859,0.00000000,0.00000000,0.00000000,0.00000000,0.00000000,0.00000000,0.00000000,0.00000000,0.00000000,0.00000000,0.00000000,0.00000000,0.00000000,0.00000000,0.00000000,0.00484274,0.01032563,0.00000000,0.00883680,0.00000000,0.00000000,0.00000000,0.00000000,0.00218707,0.00000000,0.00000000,0.00000000,0.00000000,0.00000000,0.00000000,0.00000000,0.00000000,0.00000000,0.00000000,0.00000000,0.02073572,0.00000000,0.00000000,0.00000000,0.01732526,0.00000000,0.00000000,0.00000000,0.00000000,0.00000000,0.00000000,0.00000000,0.00000000,0.00000000,0.00000000,0.00000000,0.00000000,0.00000000,0.00000000,0.00000000,0.00000000,0.00000000,0.00000000,0.00000000,0.00000000,0.00000000,0.00000000,0.00000000,0.16225371,0.00000000,0.00000000,0.00000000,0.00000000,0.00000000,0.00000000,0.00000000,0.01603248,0.00000000,0.00000000,0.00000000,0.00000000,0.00000000,0.00000000,0.00000000,0.00000000,0.00000000,0.00000000,0.00000000,0.00000000,0.00725965,0.00000000,0.00000000,0.00000000,0.00000000,0.00372297,0.00000000,0.00000000,0.00000000,0.00000000,0.00927337,0.00000000,0.03621557,0.01131975,0.00000000,0.00000000,0.16713052,0.00000000,0.00000000,0.00000000,0.00000000,0.00000000,0.00000000,0.00000000,0.00000000,0.00000000,0.00000000,0.00000000,0.00000000,0.00000000,0.04632810,0.00000000,0.00000000,0.00000000,0.00000000,0.00000000,0.00000000,0.00000000,0.00000000,0.00000000,0.00000000,0.00000000,0.07716040,0.00627320,0.00000000,0.00000000,0.00000000,0.00000000,0.00000000,0.00000000,0.00000000,0.00000000,0.00377268,0.01283207,0.00000000,0.00000000,0.00000000,0.00000000,0.00000000,0.00000000,0.00000000,0.00000000,0.00000000,0.00000000,0.00000000,0.00000000,0.00000000,0.00000000,0.00000000,0.00000000,0.00000000,0.00000000,0.09699180,0.00000000,0.00000000,0.00000000,0.00000000,0.00183240,0.00000000,0.00000000,0.00000000,0.00000000,0.00000000,0.00000000,0.00000000,0.00000000,0.00000000,0.00000000,0.01361162,0.00000000,0.00000000,0.00000000,0.00000000,0.00095305,0.03122554,0.00000000,0.00000000,0.00000000,0.01081313,0.00000000,0.00209818,0.00000000,0.00000000,0.00441871,0.00000000,0.00000000,0.00000000,0.07411789,0.00635736,0.00000000,0.00000000,0.00000000,0.00000000,0.00000000,0.24179377,0.00158629,0.02692187,0.00000000,0.00000000,0.00000000,0.00000000,0.00000000,0.00000000,0.00000000,0.00000000,0.00000000,0.00000000,0.00000000,0.00000000,0.00000000,0.00000000,0.00000000,0.00000000,0.00000000,0.00000000,0.00000000,0.00000000,0.00000000,0.00000000,0.39396574,0.00624097,0.00304609,0.00000000,0.00000000,0.00364673,0.00000000,0.00000000,0.00000000,0.00000000,0.00000000,0.00000000,0.00000000,0.00000000,0.00000000,0.00000000,0.00000000,0.00000000,0.00000000,0.00000000,0.00000000,0.00000000,0.00000000,0.00000000,0.00067422,0.01074614,0.00000000,0.00000000,0.00000000,0.00000000,0.02180912,0.00000000,0.00000000,0.00000000,0.00000000,0.00000000,0.00000000,0.02705305,0.00000000,0.00000000,0.00000000,0.00000000,0.00000000,0.00000000,0.00000000,0.00000000,0.00000000,0.00000000,0.00000000,0.00000000,0.00000000,0.00144468,0.00000000,0.00000000,0.00000000,0.00000000,0.00000000,0.00000000,0.00000000,0.00000000,0.00000000,0.00000000,0.00000000,0.02564269,0.00299029,0.00000000,0.00000000,0.00695723,0.00000000,0.00000000,0.00000000,0.00000000,0.00484315,0.00000000,0.00000000,0.00000000,0.00000000,0.00000000,0.00000000,0.00000000,0.00000000,0.00000000,0.00000000,0.00000000,0.00000000,0.00000000,0.00000000,0.00000000,0.02650472,0.00415049,0.00000000,0.00000000,0.00000000,0.00948201,0.00000000,0.00000000,0.00000000,0.00000000,0.00196776,0.00000000,0.00000000,0.00000000,0.00000000,0.00000000,0.03124798,0.00000000,0.00000000,0.00000000,0.00000000,0.00000000,0.05247510,0.00000000,0.00000000,0.00000000,0.00000000,0.00000000,0.00000000,0.00000000,0.00000000,0.00000000,0.00000000,0.00000000,0.00000000,0.00000000,0.00152414,0.01591436,0.02078526,0.00000000,0.00000000,0.00000000,0.00000000,0.00000000,0.00000000,0.00000000,0.00000000,0.00000000,0.00000000,0.00000000,0.00000000,0.00000000,0.00000000,0.00000000,0.00000000,0.00000000,0.00000000,0.00294763,0.00000000,0.03419292,0.00000000,0.10131890,0.00000000,0.00000000,0.00000000,0.00000000,0.00000000,0.00000000,0.00000000,0.00000000,0.00792521,0.05344451,0.00230651,0.00000000,0.00000000,0.00000000,0.00000000,0.00000000,0.00000000,0.00000000,0.00000000,0.01905463,0.00000000,0.02227891,0.00000000,0.00000000,0.00000000,0.00000000,0.00000000,0.00000000,0.00000000,0.00000000,0.00000000,0.00000000,0.00000000,0.00000000,0.00000000,0.00000000,0.00000000,0.00000000,0.00176936,0.00000000,0.00000000,0.00000000,0.00000000,0.00000000,0.00000000,0.00000000,0.00000000,0.00000000,0.00000000,0.00000000,0.00000000,0.00879583,0.00000000,0.00000000,0.00000000,0.00000000,0.00000000,0.00451086,0.00000000,0.00000000,0.00000000,0.00000000,0.03023422,0.00000000,0.00000000,0.00000000,0.00000000,0.00000000,0.00000000,0.00000000,0.00000000,0.02339783,0.00000000,0.00000000,0.00000000,0.00000000,0.00000000,0.00000000,0.00000000,0.00000000,0.00000000,0.00000000,0.00000000,0.00000000,0.00000000,0.00000000,0.00000000,0.00000000,0.00000000,0.00000000,0.00000000,0.00000000,0.39174499,0.00000000,0.00000000,0.00000000,0.00000000,0.00000000,0.00000000,0.00000000,0.00000000,0.00000000,0.00000000,0.00000000,0.00000000,0.00000000,0.00000000,0.00000000,0.00000000,0.00000000,0.00000000,0.00000000,0.00000000,0.00000000,0.00000000,0.00000000,0.00000000,0.00000000,0.00000000,0.00000000,0.00000000,0.01522017,0.00000000,0.00000000,0.00000000,0.00000000,0.00000000,0.00000000,0.00000000,0.00000000,0.00000000,0.00000000,0.00000000,0.00000000,0.00138648,0.00000000,0.00000000,0.00000000,0.00000000,0.00000000,0.00000000,0.00577248,0.00000000,0.00000000,0.00000000,0.00000000,0.01956837,0.00000000,0.00000000,0.00000000,0.00000000,0.00000000,0.00000000,0.00000000,0.00000000,0.00000000,0.00000000
0.00000000,0.00000000,0.75078058,0.00000000,0.00000000,0.00270786,0.00000000,0.00000000,0.00000000,0.00000000,0.00000000,0.00000000,0.00000000,0.00000000,0.00000000,0.00000000,0.00137201,0.00000000,0.00000000,0.00959952,0.00000000,0.00000000,0.00000000,0.00000000,0.00000000,0.00000000,0.00000000,0.00000000,0.00000000,0.00000000,0.19222820,0.00000000,0.00000000,0.00000000,0.00000000,0.00000000,0.00000000,0.00337672,0.00000000,0.00000000,0.00000000,0.00000000,0.00000000,0.00000000,0.00000000,0.00000000,0.00000000,0.00000000,0.00000000,0.00000000,0.00000000,0.00000000,0.00000000,0.00000000,0.00000000,0.00000000,0.00000000,0.07605752,0.00867082,0.00000000,0.00699667,0.00000000,0.00000000,0.00000000,0.00000000,0.00000000,0.00000000,0.00000000,0.00371106,0.00000000,0.00000000,0.00000000,0.02430428,0.00000000,0.00000000,0.00000000,0.00000000,0.00572507,0.00000000,0.00000000,0.00000000,0.00000000,0.00000000,0.01986815,0.00000000,0.00000000,0.00000000,0.00000000,0.00000000,0.00000000,0.00000000,0.09085174,0.00074774,0.00000000,0.00000000,0.00000000,0.00000000,0.00740750,0.00000000,0.00000000,0.00000000,0.00000000,0.00000000,0.00000000,0.00000000,0.00000000,0.00000000,0.00271389,0.00000000,0.00000000,0.00000000,0.00000000,0.00000000,0.00097094,0.00000000,0.00000000,0.00000000,0.00000000,0.00000000,0.00740356,0.00000000,0.00000000,0.00000000,0.00000000,0.00000000,0.00000000,0.00000000,0.00000000,0.00000000,0.00000000,0.00000000,0.00000000,0.00000000,0.00762550,0.00000000,0.00000000,0.06456308,0.00000000,0.00000000,0.00000000,0.00000000,0.00000000,0.00000000,0.00000000,0.00000000,0.00000000,0.00000000,0.00000000,0.00000000,0.00000000,0.00000000,0.00000000,0.00000000,0.04753044,0.00000000,0.00000000,0.00763215,0.00000000,0.00000000,0.00000000,0.00000000,0.00000000,0.00000000,0.00000000,0.00000000,0.00000000,0.00000000,0.00000000,0.00000000,0.00000000,0.00000000,0.00000000,0.00000000,0.00000000,0.00000000,0.00000000,0.00000000,0.00000000,0.00000000,0.00000000,0.00000000,0.00000000,0.00000000,0.00000000,0.00000000,0.00000000,0.00000000,0.00000000,0.11442682,0.00000000,0.00000000,0.00000000,0.00000000,0.00000000,0.00000000,0.00000000,0.00524609,0.00000000,0.00000000,0.00000000,0.00000000,0.00000000,0.00254767,0.00000000,0.00000000,0.00000000,0.06894390,0.00000000,0.00108849,0.00000000,0.05129248,0.00000000,0.00000000,0.00000000,0.03314533,0.00000000,0.00000000,0.00000000,0.00210437,0.00000000,0.00000000,0.00000000,0.00000000,0.00000000,0.00000000,0.00000000,0.00000000,0.00000000,0.00000000,0.00000000,0.00000000,0.00000000,0.00000000,0.00000000,0.00812838,0.00402993,0.00000000,0.00000000,0.00300402,0.00000000,0.00000000,0.00000000,0.00000000,0.00000000,0.00369987,0.00000000,0.00000000,0.01517010,0.00000000,0.00000000,0.00000000,0.00000000,0.00000000,0.00000000,0.00000000,0.00223320,0.00000000,0.00000000,0.00000000,0.00000000,0.00000000,0.00000000,0.00000000,0.00000000,0.00000000,0.00000000,0.00000000,0.00000000,0.00000000,0.00288430,0.00000000,0.00131136,0.00000000,0.00000000,0.00000000,0.00000000,0.14830559,0.00000000,0.00000000,0.00000000,0.00470963,0.00000000,0.00000000,0.00000000,0.00000000,0.00000000,0.00000000,0.00000000,0.00000000,0.00000000,0.34095074,0.00000000,0.00374077,0.00000000,0.00678923,0.00000000,0.00000000,0.00000000,0.00000000,0.00000000,0.00000000,0.00000000,0.01300749,0.00000000,0.00000000,0.00000000,0.00000000,0.00000000,0.00000000,0.00000000,0.00000000,0.00000000,0.00000000,0.00000000,0.00000000,0.00000000,0.00000000,0.00000000,0.00000000,0.00000000,0.00000000,0.00000000,0.00000000,0.00000000,0.00000000,0.00000000,0.00000000,0.00000000,0.00000000,0.00000000,0.00000000,0.00000000,0.00000000,0.00000000,0.00000000,0.00000000,0.00000000,0.00000000,0.00100876,0.00000000,0.00000000,0.00000000,0.00000000,0.00000000,0.00000000,0.00000000,0.44644984,0.00000000,0.00000000,0.00000000,0.01314729,0.14878005,0.00000000,0.00000000,0.00000000,0.00000000,0.00000000,0.00000000,0.00000000,0.00000000,0.00000000,0.00000000,0.00000000,1.16341373,0.00000000,0.00000000,0.00000000,0.00000000,0.00000000,0.00000000,0.00000000,0.00000000,0.00000000,0.00000000,0.00000000,0.00000000,0.00256093,0.00000000,0.00000000,0.00000000,0.00671970,0.00000000,0.00000000,0.00000000,0.00000000,0.00000000,0.00000000,0.00000000,0.00000000,0.00000000,0.00000000,0.00000000,0.00212064,0.00811605,0.00000000,0.00000000,0.00000000,0.00463900,0.00000000,0.00000000,0.00000000,0.00000000,0.00000000,0.00000000,0.00000000,0.00000000,0.00000000,0.00000000,0.00000000,0.00000000,0.00000000,0.24303058,0.00153630,0.00000000,0.00000000,0.00000000,0.00000000,0.00000000,0.00000000,0.00000000,0.00000000,0.00000000,0.03737617,0.00000000,0.00795714,0.00000000,0.02243555,0.00000000,0.00000000,0.00000000,0.00000000,0.00000000,0.00000000,0.00000000,0.00000000,0.00000000,0.00000000,0.00000000,0.00000000,0.00000000,0.00000000,0.00000000,0.00000000,0.00000000,0.00000000,0.00000000,0.00000000,0.00000000,0.00122351,0.00000000,0.00000000,0.00612342,0.00000000,0.00000000,0.00000000,0.00000000,0.00000000,0.00695065,0.00000000,0.07916249,0.00000000,0.00000000,0.00000000,0.00000000,0.00000000,0.00000000,0.00000000,0.00000000,0.48160370,0.00186426,0.00000000,0.00000000,0.00000000,0.00000000,0.00000000,0.00000000,0.00000000,0.00000000,0.00000000,0.00000000,0.00000000,0.00000000,0.00000000,0.00000000,0.00000000,0.00000000,0.00000000,0.00000000,0.00218152,0.00000000,0.00000000,0.00000000,0.00000000,0.00000000,0.00000000,0.00000000,0.00000000,0.00711285,0.00000000,0.00000000,0.00000000,0.00000000,0.00000000,0.00000000,0.00000000,0.00801182,0.00000000,0.00000000,0.00000000,0.00558900,0.00000000,0.00000000,0.00000000,0.00000000,0.00000000,0.00000000,0.00000000,0.00000000,0.18695076,0.00000000,0.00000000,0.00000000,0.00000000,0.00000000,0.00000000,0.00000000,0.00000000,0.00000000,0.00000000,0.00000000,0.00000000,0.00000000,0.00000000,0.00000000,0.00000000,0.00000000,0.00000000,0.00000000,0.00000000,0.00000000,0.00000000,0.03833953,0.00000000,0.00000000,0.00000000,0.00000000,0.00063969,0.00000000,0.13816320,0.00000000,0.00000000,0.00000000,0.00000000,0.00000000,0.00000000,0.00000000,0.00000000,0.00000000,0.00000000,0.00426812,0.00000000,0.00000000,0.00000000,0.00000000,0.00000000,0.00000000,0.00000000,0.00000000,0.00000000,0.00000000,0.00000000,0.00442965,0.00000000,0.00000000,0.03851886,0.01190625,0.00000000,0.00000000,0.00000000,0.00000000,0.00000000,0.00000000,0.00000000,0.00000000,0.00472079,0.00000000,0.00000000,0.00000000,0.00000000,0.00000000,0.00000000,0.00000000,0.00000000,0.00000000,0.02546458,0.00000000,0.00000000,0.00000000,0.00000000,0.00000000,0.00000000,0.00000000,0.00000000,0.00000000,0.00000000,0.00000000,0.00000000,0.00000000,0.00000000,0.00000000,0.00000000,0.00000000,0.00000000,0.00000000,0.00000000,0.00000000,0.00000000,0.00000000,0.00000000,0.00000000,0.00000000,0.00000000,0.22477517,0.00000000,0.00000000,0.00000000,0.00000000,0.00000000,0.00000000,0.00000000,0.00000000,0.00000000,0.00000000,0.00000000,0.00000000,0.00000000,0.00000000,0.00000000,0.08593842,0.00000000,0.00000000,0.00000000,0.00000000,0.00000000,0.00000000,0.92612611,0.00000000,0.00000000,0.00000000,0.01143735,0.05053146,0.00000000,0.00000000,0.00000000,1.07239843,0.00000000,0.00000000,1.24917895,0.02526818,0.00000000,0.00000000,0.00000000,0.00000000,0.00000000,0.00709998,0.00973638,0.01016845,0.00000000,0.00000000,0.00000000,0.00000000,0.00000000,0.00000000,0.00379458,0.00000000,0.00000000,0.00000000,0.00000000,0.00000000,0.00286518,0.00000000,0.00000000,0.00112019,0.02697598,0.00000000,0.00000000,0.00000000,0.00000000,0.00000000,0.00000000,0.00000000,1.36533867,0.00000000,0.00000000,0.00000000,0.00000000,0.00000000,0.00000000,0.00000000,0.00000000,0.00000000,0.00282273,0.00000000,0.00000000,0.00000000,0.00000000,0.00000000,0.00000000,0.02765426,0.00000000,0.00000000,0.00000000,0.00000000,0.00000000,0.00000000,0.02082238,0.00000000,0.00000000,0.00000000,0.00000000,0.00000000,0.26694873,0.00000000,0.00185769,0.00000000,0.00102788,0.00000000,0.00000000,0.00134472,0.00000000,0.00000000,0.00229724,0.00000000,0.00000000,0.01662292,0.15659827,0.00000000,0.00000000,0.00000000,0.01366920,0.00000000,0.00000000,0.00000000,0.00000000,0.00000000,0.00000000,0.00000000,0.00000000,0.00000000,0.14406532,0.00000000,0.00571568,0.00000000,0.00351492,0.00000000,0.00000000,0.00000000,0.00000000,0.00000000,0.00000000,0.00000000,0.40075424,0.00466787,0.00000000,0.00000000,0.00000000,0.00000000,0.00000000,0.31028252,0.00000000,0.00000000,0.00000000,0.00000000,0.00000000,0.00000000,0.00000000,0.00000000,0.00000000,0.00000000,0.00000000,0.00000000,0.00000000,0.00000000,0.00000000,0.00000000,0.00956156,0.00000000,0.00000000,0.00000000,0.00000000,0.00000000,0.00000000,0.00000000,0.00000000,0.00000000,0.00000000,0.00000000,0.00000000,0.00000000,0.00000000
0.00577658,0.00000000,0.00000000,0.00000000,0.00000000,0.00000000,0.00000000,0.00000000,0.04634618,0.00000000,0.00000000,0.00000000,0.10512212,0.00000000,0.00000000,0.00000000,0.00570169,0.00000000,0.00000000,0.00000000,0.00000000,0.00000000,0.00000000,0.00000000,0.00188263,0.00000000,0.00000000,0.00000000,0.00000000,0.00000000,0.00236403,0.00000000,0.00000000,0.00000000,0.00000000,0.00000000,0.00000000,0.00000000,0.00000000,0.00000000,0.00000000,0.00000000,0.00000000,0.00000000,0.00000000,0.00000000,0.00448460,0.00000000,0.01902830,0.00000000,0.00000000,0.00000000,0.00000000,0.00000000,0.00081460,0.00000000,0.00000000,0.00000000,0.00000000,0.00000000,0.00000000,0.00000000,0.00000000,0.00000000,0.00000000,0.00000000,0.00000000,0.00000000,0.01097313,0.00000000,0.00425100,0.00000000,0.00000000,0.00000000,0.00000000,0.00000000,0.00471421,0.00000000,0.00185658,0.00000000,0.00352400,0.00000000,0.00000000,0.00000000,0.00000000,0.00534575,0.00000000,0.00000000,0.00000000,0.00461954,0.00000000,0.00000000,0.00000000,0.00000000,0.00000000,0.00000000,0.00000000,0.00000000,0.00000000,0.00000000,0.00000000,0.01521117,0.00000000,0.00000000,0.01604896,0.00000000,0.00000000,0.00000000,0.00000000,0.00000000,0.00000000,0.00000000,0.00000000,0.00000000,0.00000000,0.00000000,0.00000000,0.00000000,0.00000000,0.00531872,0.00000000,0.00000000,0.00000000,0.00000000,0.00000000,0.00000000,0.00000000,0.00000000,0.00000000,0.00000000,0.00000000,0.00000000,0.00000000,0.00000000,0.00000000,0.00000000,0.00000000,0.00000000,0.00000000,0.00000000,0.00000000,0.01117148,0.00103488,0.00000000,0.00000000,0.00000000,0.00000000,0.00000000,0.00000000,0.00000000,0.00000000,0.00000000,0.00000000,0.00000000,0.00000000,0.00000000,0.00662007,0.00000000,0.00000000,0.00000000,0.00000000,0.00000000,0.00000000,0.00000000,0.00234617,0.00000000,0.00000000,0.00000000,0.00000000,0.00000000,0.00000000,0.00000000,0.00000000,0.00000000,0.00000000,0.00000000,0.00000000,0.00000000,0.04844920,0.00000000,0.00000000,0.00000000,0.00000000,0.00000000,0.00000000,0.00000000,0.00000000,0.00000000,0.00000000,0.00000000,0.00000000,0.00000000,0.00000000,0.00000000,0.00841778,0.00000000,0.00000000,0.00000000,0.00000000,0.00000000,0.00000000,0.00000000,0.00000000,0.00000000,0.00000000,0.00000000,0.00000000,0.00000000,0.00000000,0.00000000,0.00000000,0.00000000,0.00000000,0.00000000,0.00000000,0.00000000,0.00000000,0.00000000,0.00000000,0.00000000,0.00000000,0.00000000,0.00000000,0.00000000,0.00000000,0.00000000,0.00000000,0.00000000,0.00000000,0.00000000,0.00000000,0.00000000,0.00000000,0.01113296,0.00000000,0.00000000,0.00000000,0.00000000,0.00000000,0.00000000,0.00000000,0.00000000,0.00000000,0.00000000,0.00000000,0.00000000,0.00000000,0.00000000,0.00679504,0.00000000,0.01923548,0.00000000,0.00000000,0.00000000,0.00000000,0.00000000,0.00000000,0.00000000,0.00000000,0.00000000,0.00000000,0.00118013,0.00000000,0.00000000,0.00000000,0.00000000,0.00000000,0.00000000,0.00000000,0.00417160,0.00000000,0.00000000,0.00000000,0.00000000,0.00000000,0.00000000,0.00000000,0.00000000,0.00000000,0.00000000,0.00218895,0.00000000,0.00000000,0.00000000,0.00000000,0.00000000,0.00000000,0.00000000,0.00557086,0.00000000,0.02574108,0.00000000,0.00000000,0.00000000,0.00000000,0.00000000,0.00000000,0.00000000,0.00000000,0.03693178,0.00000000,0.00840624,0.00000000,0.00000000,0.00840230,0.00000000,0.00246433,0.00000000,0.00000000,0.00000000,0.00000000,0.00000000,0.00000000,0.00000000,0.00382074,0.05804591,0.00000000,0.00000000,0.00000000,0.00000000,0.00000000,0.00000000,0.00000000,0.00000000,0.00000000,0.00000000,0.00000000,0.00325581,0.00649591,0.00000000,0.00000000,0.00000000,0.00000000,0.00000000,0.00000000,0.00000000,0.04751914,0.00000000,0.00000000,0.00182805,0.00000000,0.00000000,0.00000000,0.00000000,0.00000000,0.00000000,0.00000000,0.00000000,0.00000000,0.00000000,0.00000000,0.00000000,0.10230320,0.00768879,0.00657487,0.00000000,0.00000000,0.00000000,0.00000000,0.00000000,0.00000000,0.00000000,0.00000000,0.00000000,0.04171165,0.00000000,0.00000000,0.00000000,0.00000000,0.00000000,0.00000000,0.00000000,0.00000000,0.00000000,0.00138988,0.00000000,0.00000000,0.00000000,0.00000000,0.00000000,0.00000000,0.00000000,0.00000000,0.00000000,0.00000000,0.00000000,0.00000000,0.00000000,0.00000000,0.00000000,0.00000000,0.03218045,0.00000000,0.00000000,0.00000000,0.06348313,0.00000000,0.00000000,0.02014030,0.00000000,0.00532825,0.00000000,0.00000000,0.00000000,0.00000000,0.00000000,0.00000000,0.00000000,0.00000000,0.00000000,0.00000000,0.00000000,0.00000000,0.00000000,0.00000000,0.00000000,0.00000000,0.04285935,0.00000000,0.00000000,0.00000000,0.00000000,0.00000000,0.00430287,0.00000000,0.00000000,0.11598978,0.00000000,0.00000000,0.00000000,0.00000000,0.00000000,0.00000000,0.00000000,0.00000000,0.00000000,0.00000000,0.00000000,0.00000000,0.01308846,0.00000000,0.00000000,0.00000000,0.00000000,0.00000000,0.00000000,0.00000000,0.00000000,0.00000000,0.00339877,0.00000000,0.00000000,0.00000000,0.00100606,0.00000000,0.00000000,0.00000000,0.00000000,0.00000000,0.00000000,0.00000000,0.00653162,0.00000000,0.00000000,0.00497358,0.00000000,0.00000000,0.00000000,0.22777647,0.00000000,0.00000000,0.00000000,0.00000000,0.00000000,0.00000000,0.00000000,0.00000000,0.00000000,0.00000000,0.00000000,0.00000000,0.00000000,0.00000000,0.00000000,0.00000000,0.00000000,0.00000000,0.00089828,0.01253598,0.00000000,0.01025268,0.00000000,0.00458263,0.00000000,0.00619317,0.00000000,0.89737014,0.00000000,0.00000000,0.00000000,0.00000000,0.00000000,0.00000000,0.00000000,0.00000000,0.00000000,0.00000000,0.00000000,0.00000000,0.00000000,0.00000000,0.00000000,0.00000000,0.00000000,0.00000000,0.00000000,0.00000000,0.00000000,0.00000000,0.00186363,0.68345305,0.00000000,0.00000000,0.00000000,0.00000000,0.00000000,0.00000000,0.00000000,0.00000000,0.00573770,0.00000000,0.00000000,0.00000000,0.00000000,0.00000000,0.00000000,0.00000000,0.00000000,0.00000000,0.00000000,0.00000000,0.00000000,0.00000000,0.00000000,0.00000000,0.01346371,0.00000000,0.00000000,0.00000000,0.00000000,0.00000000,0.00000000,0.00000000,0.00000000,0.00000000,0.00000000,0.00000000,0.00000000,0.00000000,0.00000000,0.00000000,0.00000000,0.00355323,0.00139455,0.04058702,0.00412551,0.00260907,0.00000000,0.00000000,0.00000000,0.00000000,0.00000000,0.00000000,0.00000000,0.00000000,0.00000000,0.00000000,0.00000000,0.00000000,0.00000000,0.00000000,0.00000000,0.00000000,0.00000000,0.00000000,0.00000000,0.00000000,0.00564715,0.00000000,0.03766622,0.00000000,0.00000000,0.00000000,0.02905071,0.00000000,0.00000000,0.00000000,0.01902163,0.00000000,0.00000000,0.00000000,0.00394749,0.00644924,0.06859132,0.00000000,0.00000000,0.00000000,0.00000000,0.00000000,0.00000000,0.00000000,0.00138884,0.00000000,0.00000000,0.09573575,0.00000000,0.00000000,0.00000000,0.00000000,0.00000000,0.00231016,0.00635534,0.07654728,0.00000000,0.38582341,0.00000000,0.00000000,0.00000000,0.00000000,0.00000000,0.00000000,0.00000000,0.00000000,0.00000000,0.00000000,0.00000000,0.00000000,0.00000000,0.00000000,0.02217942,0.00000000,0.00000000,0.00000000,0.00000000,0.00000000,0.00000000,0.00000000,0.00000000,0.00000000,0.00000000,0.00000000,0.00000000,0.00000000,0.00000000,0.00000000,0.00000000,0.00000000,0.00000000,0.00000000,0.00000000,0.00000000,0.00000000,0.00000000,0.00000000,0.00000000,0.00569634,0.00000000,0.00000000,0.00000000,0.00000000,0.00000000,0.00000000,0.00000000,0.00000000,0.00623298,0.00731868,0.00000000,0.00000000,0.00000000,0.00000000,0.00000000,0.00000000,0.00000000,0.05597548,0.00000000,0.00697727,0.00000000,0.00579801,0.00000000,0.00000000,0.00000000,0.00000000,0.00000000,0.00000000,0.00000000,0.00000000,0.00000000,0.00000000,0.00000000,0.00417342,0.00000000,0.14698169,0.00000000,0.00000000,0.00437442,0.00000000,0.00000000,0.00000000,0.00000000,0.00000000,0.00000000,0.00000000,0.00327822,0.00350053,0.01185483,0.00000000,0.00000000,0.00000000,0.00000000,0.01751405,0.09846851,0.00000000,0.01903522,0.00000000,0.00000000,0.00000000,0.00000000,0.00000000,0.00000000,0.00000000,0.00000000,0.00000000,0.00000000,0.00000000,0.00000000,0.00000000,0.00000000,0.00000000,0.00000000,0.00000000,0.00000000,0.00000000,0.00000000,0.00000000,0.00000000,0.00000000,0.00000000,0.00000000,0.00000000,0.00000000,0.00779449,0.00000000,0.00000000,0.00000000,0.00000000,0.53572223,0.00000000,0.00000000,0.29110426,0.00000000,0.00000000,0.00000000,0.00000000,0.00000000,0.00000000,0.00000000,0.00000000,0.00000000,0.00000000,0.00000000,0.00000000,0.00000000,0.00000000,0.00000000,0.09254196,0.00000000,0.00000000,0.00000000,0.01740447,0.00000000,0.00000000,0.00367409,0.00994828,0.00000000,0.00517536,0.00000000,0.00000000,0.00000000,0.00000000,0.00000000,0.00000000,0.00000000,0.00000000,0.00000000,0.00000000,0.00000000,0.00000000,0.00084468,0.00000000,0.00000000
0.00000000,0.00115386,0.00000000,0.00000000,0.00400649,0.01071052,0.00000000,0.00000000,0.01292648,0.00000000,0.01819665,0.00000000,0.00000000,0.00000000,0.00000000,0.00000000,0.00000000,0.00000000,0.00000000,0.00000000,0.00000000,0.00000000,0.00000000,0.00000000,0.00000000,0.00000000,0.00000000,0.00000000,0.00000000,0.00000000,0.00000000,0.00000000,0.00000000,0.00000000,0.00000000,0.00000000,0.00000000,0.01192554,0.00000000,0.00000000,0.00363146,0.00216723,0.00000000,0.00000000,0.00000000,0.00000000,0.00000000,0.00000000,0.00000000,0.00000000,0.00000000,0.00000000,0.00000000,0.00000000,0.00000000,0.00000000,0.00000000,0.00000000,0.00000000,0.00000000,0.00677363,0.00000000,0.00000000,0.00000000,0.00000000,0.00000000,0.00000000,0.01643992,0.00000000,0.00000000,0.00000000,0.00000000,0.00000000,0.00000000,0.00000000,0.00084593,0.00000000,0.00000000,0.00000000,0.00000000,0.00000000,0.00000000,0.00000000,0.00000000,0.00000000,0.00000000,0.00745887,0.00000000,0.00000000,0.03264049,0.05691423,0.00000000,0.00000000,0.00000000,0.00000000,0.00000000,0.00000000,0.00000000,0.00000000,0.00000000,0.00000000,0.00350472,0.00000000,0.00000000,0.00000000,0.00245389,0.00000000,0.00000000,0.00000000,0.00000000,0.00000000,0.00000000,0.00000000,0.00000000,0.00000000,0.00000000,0.00000000,0.00000000,0.00000000,0.00000000,0.00000000,0.00000000,0.00000000,0.00000000,0.00000000,0.00000000,0.00000000,0.00000000,0.00000000,0.00000000,0.00000000,0.00000000,0.09313415,0.00000000,0.00000000,0.00000000,0.00884455,0.00000000,0.00000000,0.00000000,0.00000000,0.00000000,0.00000000,0.00000000,0.00745750,0.00000000,0.00000000,2.26292153,0.00000000,0.00393917,0.00000000,0.00000000,0.00000000,0.00000000,0.00846408,0.00310574,0.00000000,0.00000000,0.00000000,0.00000000,0.00000000,0.00000000,0.00000000,0.00000000,0.00000000,0.00000000,0.00000000,0.00000000,0.00000000,0.00000000,0.00000000,0.00000000,0.00000000,0.01647541,0.01503323,0.01630210,0.00000000,0.00000000,0.00000000,0.00000000,0.00000000,0.00000000,0.00000000,0.00000000,0.00000000,0.00000000,0.00000000,0.00000000,0.00000000,0.00000000,0.00000000,0.00000000,0.00000000,0.35162279,0.00000000,0.00000000,0.00000000,0.00000000,0.00000000,0.00549542,0.00000000,0.00000000,0.00000000,0.00000000,0.00000000,0.00000000,0.00000000,0.07966156,0.00000000,0.00000000,0.00000000,0.00000000,0.00000000,0.00000000,0.00544195,0.00000000,0.00000000,0.00000000,0.00000000,0.00000000,0.00000000,0.00000000,0.00000000,0.00000000,0.00297391,0.13743172,0.00000000,0.00000000,0.00000000,0.00000000,0.00000000,0.00000000,0.00000000,0.00364932,0.00000000,0.00000000,0.00000000,0.00000000,0.01247740,0.00000000,0.00000000,0.00000000,0.00000000,0.00000000,0.00669935,0.00162112,0.00000000,0.00000000,0.00945837,0.00000000,0.00000000,0.00000000,0.00000000,0.00000000,0.00000000,0.00000000,0.00000000,0.00000000,0.00000000,0.00000000,0.00000000,0.00000000,0.00000000,0.00623927,0.00000000,0.00000000,0.00000000,0.00000000,0.00000000,0.02773174,0.00000000,0.00000000,0.00000000,0.02947978,0.00000000,0.00000000,0.00339959,0.00000000,1.80835213,0.00000000,0.00000000,0.00000000,0.00000000,0.00000000,0.00000000,0.00506452,0.00000000,0.00000000,0.00000000,0.00000000,0.00000000,0.00000000,0.00000000,0.00000000,0.01559742,2.71122268,0.00000000,0.00000000,0.00000000,0.04842595,0.00000000,0.00000000,0.00000000,0.00000000,0.00000000,0.00000000,0.00000000,0.00000000,0.00000000,0.00000000,0.00000000,0.00000000,0.00000000,0.00000000,0.00000000,0.00000000,0.00000000,0.00000000,0.00000000,0.00164508,0.00000000,0.00000000,0.00000000,0.00000000,0.00000000,0.00000000,0.00000000,0.00000000,0.00000000,0.00000000,0.00000000,0.00000000,0.00000000,0.00000000,0.00000000,0.00000000,0.00077181,0.00000000,0.00000000,0.00000000,0.00000000,0.00000000,0.00000000,0.02296011,0.00000000,0.00000000,0.00895694,0.10264453,0.00000000,0.00000000,0.00000000,0.00000000,0.00000000,0.00000000,0.00000000,0.00000000,0.00000000,0.00000000,0.00000000,0.00199182,0.00000000,0.00000000,0.00000000,0.00725309,0.00000000,0.00000000,0.00000000,0.00914643,0.00000000,0.00000000,0.00000000,0.00476428,0.64889170,0.00000000,0.00000000,0.00271709,0.00000000,0.00000000,0.00000000,0.00000000,0.00000000,0.01248286,0.00000000,0.00000000,0.00000000,0.00000000,0.00000000,0.00000000,0.00000000,0.00000000,0.00571795,0.00000000,0.00892183,0.00000000,0.00000000,0.00000000,0.00000000,0.00000000,0.00000000,0.00000000,0.00000000,0.04263490,0.00000000,0.00000000,0.00000000,0.00000000,0.00000000,0.00000000,0.00525530,0.00000000,0.00000000,0.00000000,0.00000000,0.00000000,0.13310175,0.00000000,0.00000000,0.00000000,0.00394243,0.00000000,0.00000000,0.05005748,0.00000000,0.00000000,0.01177883,0.02439927,0.00000000,0.00000000,0.00000000,0.00000000,0.00000000,0.00000000,0.00000000,0.00000000,0.00000000,0.00000000,0.00000000,0.00000000,0.12027859,0.00000000,0.00000000,0.00000000,0.95833311,0.00000000,0.00000000,0.00000000,0.00000000,0.00000000,0.37407407,0.00000000,0.00000000,0.00905113,0.01406640,0.00000000,0.00000000,0.00000000,0.00000000,0.00000000,0.00501342,0.00000000,0.00000000,0.00000000,0.00000000,0.00000000,0.00000000,0.00000000,0.00000000,0.00000000,0.00000000,0.00000000,0.00000000,0.01044801,0.00000000,0.07206784,0.00000000,0.00000000,0.00000000,0.00000000,0.00000000,0.00000000,0.00000000,0.00000000,0.00000000,0.00000000,0.00758218,0.00000000,0.00000000,0.00000000,0.00000000,0.01218819,0.00000000,0.00000000,0.00000000,0.00000000,0.00000000,0.00000000,0.00000000,0.00781727,0.00000000,0.00000000,0.00445759,0.00000000,0.00000000,0.00000000,0.00000000,0.00000000,0.00000000,0.00000000,0.00000000,0.00724868,0.00000000,0.00000000,0.00000000,0.00000000,0.00000000,0.00745027,0.00000000,0.00000000,0.00000000,0.00000000,0.00000000,0.00000000,0.00000000,0.00000000,0.00000000,0.00000000,0.00000000,0.00000000,0.00000000,0.00000000,0.00112489,0.12632454,0.00000000,0.00000000,0.00000000,0.02420766,0.00000000,0.02474624,0.01318352,0.00000000,0.00000000,0.00000000,0.00000000,0.00000000,0.00000000,0.00000000,0.00000000,0.00000000,0.00000000,0.00000000,0.00000000,0.00000000,0.00000000,0.00000000,0.00000000,0.00000000,0.00000000,0.00000000,0.00000000,0.00000000,0.00000000,0.00000000,0.00000000,0.00000000,0.00000000,0.00000000,0.00000000,0.00000000,0.00542193,0.00652508,0.00708984,0.00000000,0.00000000,0.00000000,0.00000000,0.00000000,0.00000000,0.00000000,1.07558832,0.00000000,0.00000000,0.00000000,0.00000000,0.00000000,0.00000000,0.00000000,0.00000000,0.00000000,0.01892797,0.00430240,0.00000000,0.00429489,0.00000000,0.00000000,0.00000000,0.00000000,0.00000000,1.03946946,0.00000000,0.00000000,0.00000000,0.00000000,0.00000000,0.00000000,0.00000000,0.00000000,0.00000000,0.00000000,0.00000000,0.00000000,0.00000000,0.00000000,0.00000000,0.00000000,0.00000000,0.00000000,0.00000000,0.00000000,0.00000000,0.00000000,0.00000000,0.00000000,0.00000000,0.03449584,0.00000000,0.00000000,0.00000000,0.00000000,0.00000000,0.00000000,0.00000000,0.00000000,0.00000000,0.00000000,0.00000000,0.00000000,0.00000000,0.00000000,0.00000000,0.00000000,0.00000000,0.00000000,0.00000000,0.00000000,0.00000000,0.00000000,0.00000000,0.00000000,0.00000000,0.00000000,0.00000000,0.00000000,0.00000000,0.00000000,0.00000000,0.00000000,0.01381185,0.00000000,0.00000000,0.00802370,0.00000000,0.00000000,0.00000000,0.00000000,0.00000000,0.00000000,0.00000000,0.00000000,0.00000000,0.00000000,0.00000000,0.00000000,0.00000000,0.00000000,0.00000000,0.00000000,0.00000000,0.00000000,0.00000000,0.00000000,0.00000000,0.00000000,0.00000000,0.00000000,0.00000000,0.00000000,0.00000000,0.02134376,0.00000000,0.00000000,0.00000000,0.00000000,0.00000000,0.00000000,0.00000000,0.00000000,0.00000000,0.01338763,0.01259082,0.00000000,0.00000000,0.00000000,0.00000000,0.00000000,0.00000000,0.00000000,0.00000000,0.00000000,0.00000000,0.00000000,0.00000000,0.00000000,0.00000000,0.00000000,0.00000000,0.00000000,0.00000000,0.00000000,0.00000000,0.00000000,0.00000000,0.00000000,0.00000000,0.00000000,0.00000000,0.00000000,0.00000000,0.00112822,0.00000000,0.00000000,0.00000000,0.00000000,0.00000000,0.00000000,0.00000000,0.00000000,0.00000000,0.00000000,2.57668782,1.35033747,0.10783054,0.00000000,0.00000000,0.00000000,0.00000000,0.00000000,0.00000000,0.00000000,0.00000000,0.00000000,0.00589078,0.00000000,0.00000000,0.00000000,0.00000000,0.00000000,0.00000000,0.00000000,0.00000000,0.00000000,0.00000000,0.00443983,0.00000000,0.00000000,0.00000000,0.00000000,0.00000000,0.00000000,0.00000000,0.00902480,0.00000000,0.00000000,0.00000000,0.01024727,0.00000000,0.00000000,0.00000000,0.00000000,0.00000000,0.00577183,0.00000000,0.00000000,0.01133529,0.00000000,0.00000000,0.00200409,0.00000000,0.00000000,0.00000000,0.00000000,0.00265926,0.00000000,0.00000000,0.00000000,0.00000000,0.00000000,0.00000000,0.00709929,0.00000000,0.01542461
0.00000000,0.00000000,0.00000000,0.00000000,0.00000000,0.00000000,0.00000000,0.00096407,0.00000000,0.00348921,0.16127951,0.00000000,0.00000000,0.00000000,0.00000000,0.00000000,0.00000000,0.00775208,0.00000000,0.00000000,0.00000000,0.00000000,0.00000000,0.00000000,0.00000000,0.09587559,0.00000000,0.00000000,0.00000000,0.00000000,0.01812132,0.00000000,0.00000000,0.00000000,0.00000000,0.00000000,0.00000000,0.00000000,0.00000000,0.00000000,0.00000000,0.00535348,0.00094516,0.00000000,0.00000000,0.00000000,0.00000000,0.00000000,0.00000000,0.00000000,0.00000000,0.00000000,0.00000000,0.00000000,0.00000000,0.00000000,0.00000000,0.00912983,0.01540244,0.00000000,0.00162159,0.00000000,0.00000000,0.00000000,0.00141860,0.00000000,0.00000000,0.00000000,0.00000000,0.00000000,0.00000000,0.00674711,0.00000000,0.00000000,0.00000000,0.00000000,0.00000000,0.00000000,0.00000000,0.84898134,0.00000000,0.00000000,0.00000000,0.00000000,0.00000000,0.00000000,0.00000000,0.00000000,0.00000000,0.00173152,0.02719748,0.00000000,0.00000000,0.00000000,0.00000000,0.00000000,0.00000000,0.00000000,0.00000000,0.00000000,0.00000000,0.00000000,0.00000000,0.00780158,0.00000000,0.00000000,0.00000000,0.00000000,0.00000000,0.00000000,0.00000000,0.00000000,0.00000000,3.29659554,0.00583221,0.00000000,0.00000000,0.00000000,0.00000000,0.00000000,0.00000000,0.00000000,0.00000000,0.00000000,0.03103147,0.00000000,0.00000000,0.00000000,0.00000000,0.00000000,0.00000000,0.00000000,0.06855642,0.00000000,0.00000000,0.00000000,0.00000000,0.00000000,0.00000000,0.68101569,0.00000000,0.00678200,0.00000000,0.00000000,0.00000000,0.00000000,0.00000000,0.00000000,0.00000000,0.00000000,0.00000000,0.00000000,0.00000000,0.00173860,0.00000000,0.00000000,0.00000000,0.00000000,0.00000000,0.00000000,0.00000000,0.00000000,0.00000000,0.00000000,0.01206519,0.00286972,0.00000000,0.00000000,0.00000000,0.00000000,0.00000000,0.00000000,0.00000000,0.00000000,0.00000000,0.00146168,0.00686710,0.00000000,0.00000000,0.00000000,0.00000000,0.00000000,0.00079258,0.00000000,0.00000000,0.00000000,0.00000000,0.00000000,0.00688983,0.00000000,0.00000000,0.00000000,0.00000000,0.00000000,0.00000000,0.00000000,0.03592218,0.00000000,0.00000000,0.00000000,0.00000000,0.00000000,0.00000000,0.00000000,0.00000000,0.00000000,0.00000000,0.00000000,0.00000000,3.47152476,0.00000000,0.00641719,0.00000000,0.00000000,0.00000000,0.00000000,0.00000000,0.00000000,0.00000000,0.00000000,0.00000000,0.01381779,0.00000000,0.00000000,0.00000000,0.00000000,0.00825749,0.00000000,0.00000000,0.00000000,0.00000000,0.00000000,0.00000000,0.00000000,0.00000000,0.00000000,0.00000000,0.00000000,0.00000000,0.00000000,0.05871127,0.00000000,0.01955009,0.00000000,0.00000000,0.00000000,0.00000000,0.00000000,0.00000000,0.00000000,0.00000000,0.00000000,0.00000000,0.00000000,0.00000000,0.00000000,0.00000000,0.00000000,0.00000000,0.00000000,0.00000000,0.00000000,0.00000000,0.00000000,0.00000000,0.00000000,0.00000000,0.00000000,0.00000000,0.00000000,0.00000000,0.00000000,0.00000000,0.00000000,0.00000000,0.00053066,0.00000000,0.00000000,0.00000000,0.00000000,0.00000000,0.00000000,0.00000000,0.00000000,0.00000000,0.00000000,0.02879523,0.00000000,0.00000000,0.00000000,0.00000000,0.00193482,0.00000000,0.00000000,0.00000000,0.00000000,0.00000000,0.00000000,0.00000000,0.00000000,0.00000000,0.00000000,0.00000000,0.00000000,0.00000000,0.00000000,0.00000000,0.00000000,0.00000000,0.00488828,0.00000000,0.00000000,0.00000000,0.00000000,0.00000000,0.00000000,0.00000000,0.00000000,0.00096518,0.00000000,0.00000000,0.00000000,0.00000000,0.00000000,0.00000000,0.00000000,0.00000000,0.00131811,0.00000000,0.00347690,0.00145151,0.00000000,0.00083242,0.00000000,0.00000000,0.00000000,0.00000000,0.02549742,0.00000000,0.00000000,0.00000000,0.00000000,0.00000000,0.00000000,0.00000000,0.00000000,0.00000000,0.00000000,0.00000000,0.00000000,0.03098101,0.00000000,0.00000000,0.00000000,0.00000000,0.00000000,0.00000000,0.00000000,0.00000000,0.00000000,0.00000000,0.00000000,0.00271557,0.00000000,0.00000000,0.00000000,0.00000000,0.01803156,0.00000000,0.00000000,0.00918821,0.00000000,0.00000000,0.00000000,0.00000000,0.00000000,0.00000000,0.00000000,0.00000000,0.00000000,0.00000000,0.00000000,0.00000000,0.00000000,0.00000000,0.00000000,0.00000000,0.00000000,0.00000000,0.00000000,0.00000000,0.00000000,0.00000000,0.00000000,0.03034452,0.00000000,0.00000000,0.00000000,0.00000000,0.00000000,0.00000000,0.00000000,0.00000000,0.00000000,0.05776748,0.00000000,0.00000000,0.02412777,0.00000000,0.05292189,0.00000000,0.00000000,0.00000000,0.00000000,0.00000000,0.00000000,0.00000000,0.00000000,0.00650355,0.00000000,0.00000000,0.00000000,0.01334032,0.00000000,0.00000000,0.00000000,0.00000000,0.00000000,0.00000000,0.00000000,0.00000000,0.00000000,0.06662247,0.18172496,0.00000000,0.02788228,0.00526336,0.00000000,0.22004063,0.00000000,0.00000000,0.00000000,0.02835694,0.00000000,0.00131838,0.00000000,0.00000000,0.00000000,0.01115607,0.00000000,0.00000000,0.02432524,0.00000000,0.00000000,0.00000000,0.00000000,0.00000000,0.00000000,0.00000000,2.79424048,0.00000000,0.00000000,0.00000000,0.00000000,0.00000000,0.01316971,0.00000000,0.00881362,0.00111570,0.00913809,0.00000000,0.00000000,0.00434404,0.00000000,0.00000000,0.00000000,0.00000000,0.00000000,0.00000000,0.00081807,0.00000000,0.00000000,0.00000000,0.00000000,0.00000000,0.00000000,0.00000000,0.00000000,0.00000000,0.00000000,0.00000000,0.00000000,0.00000000,0.00000000,0.00000000,0.00000000,0.00000000,0.00000000,0.00000000,0.00000000,0.00000000,0.05750190,0.00000000,0.02883047,0.01567570,0.00000000,0.00000000,0.00000000,0.00000000,0.00340877,0.75874498,0.00000000,0.00000000,0.00000000,0.00000000,0.00000000,0.00000000,0.00000000,0.00000000,0.00000000,0.00000000,0.00000000,0.00000000,0.00000000,0.00000000,0.00000000,0.00000000,0.00000000,0.00000000,0.00000000,0.00000000,0.00000000,0.00000000,0.03152188,0.00000000,0.00000000,0.00000000,0.00000000,0.00000000,0.00000000,0.00000000,0.00000000,0.00547318,0.00000000,0.00000000,0.00000000,0.00000000,0.00000000,0.00000000,0.00000000,0.00000000,0.00000000,0.00000000,0.00000000,0.00000000,0.00000000,0.00000000,0.00000000,0.00000000,0.00000000,0.00000000,0.00000000,0.00000000,0.00000000,0.00000000,0.00000000,0.00000000,0.00000000,0.06411083,0.00185511,0.00000000,0.00000000,0.00000000,0.00000000,0.05098117,0.01095878,0.00000000,0.00981412,0.00000000,0.01961900,0.00000000,0.00000000,0.00000000,0.16891313,0.00000000,0.00000000,0.00000000,0.00000000,0.00527334,0.00000000,0.00000000,0.00000000,0.00000000,0.00000000,0.00000000,0.00000000,0.00000000,0.00000000,0.00000000,0.00000000,0.00000000,0.00000000,0.00000000,0.00000000,0.00000000,0.19460731,0.00000000,0.00000000,0.40131405,0.00000000,0.00000000,0.00000000,0.00000000,0.00000000,0.00000000,0.00000000,0.00000000,0.00050739,0.07010138,0.00000000,0.00000000,0.00000000,0.00000000,0.04884142,0.00000000,0.00000000,0.00000000,0.00000000,0.00000000,0.00000000,0.00389321,0.00000000,0.00000000,0.00000000,0.00000000,0.00000000,0.00000000,0.00000000,0.00000000,0.00000000,0.00000000,0.00000000,0.00000000,0.00000000,0.00000000,0.00000000,0.00000000,0.00000000,0.00517446,0.00000000,0.00000000,0.00000000,0.00000000,0.00000000,0.00000000,0.00000000,0.00000000,0.00000000,0.00000000,0.00000000,0.00000000,0.00000000,0.00000000,0.00000000,0.00000000,0.00890090,0.00000000,0.00000000,0.05597104,0.00467207,0.00000000,0.00824920,0.00000000,0.00000000,0.00000000,0.00000000,0.00000000,0.00000000,0.00000000,0.00000000,0.00000000,0.00000000,0.00000000,0.00000000,0.00000000,0.00070028,0.00981506,0.00000000,0.00000000,0.00000000,0.09252540,0.00000000,0.00000000,0.00000000,0.00000000,0.00000000,0.00000000,0.00000000,0.00000000,0.00000000,0.00000000,0.00000000,0.00000000,0.00000000,0.00000000,0.00000000,0.00000000,0.00000000,0.00000000,0.00000000,0.01405517,0.00000000,0.01321177,0.00000000,0.00000000,0.00000000,0.00000000,0.00300396,0.00000000,0.01788557,0.02433389,0.00000000,0.09164000,0.00524707,0.00000000,0.00000000,0.00000000,0.00000000,0.00000000,0.00000000,0.00000000,0.00000000,0.00703492,0.00000000,0.00000000,0.00000000,0.00000000,0.00000000,0.00000000,0.00000000,0.00000000,0.00000000,0.00000000,0.00000000,0.00000000,0.00000000,0.00000000,0.00000000,0.00000000,0.00000000,0.00000000,0.00000000,0.00000000,0.00000000,0.00000000,0.00000000,0.00000000,0.00000000,0.00000000,0.00000000,0.00000000,0.00000000,0.00000000,0.00000000,0.00000000,0.00000000,0.00000000,0.00000000,0.00000000,0.00000000,0.00000000,0.01882903,0.00000000,0.00000000,0.00000000,0.00000000,0.00000000,0.00000000,0.00000000,0.00000000,0.00000000,0.00000000,0.00000000,0.00546134,0.00000000,0.00000000,0.00336707,0.00000000,0.00000000,0.00000000,0.00000000,0.00000000,0.00000000,0.00000000,0.00000000,0.00000000,0.00000000,0.00000000,0.00000000,0.06857452
0.00000000,0.00000000,0.00000000,0.00000000,0.00000000,0.00000000,0.00000000,0.00000000,0.00000000,0.00000000,0.00000000,0.00000000,0.00000000,0.00514586,0.00000000,0.01919400,0.00000000,0.00000000,0.00000000,0.00000000,0.00000000,0.00000000,0.00000000,0.00000000,0.00000000,0.00000000,0.00000000,0.00000000,0.00000000,0.00000000,0.00000000,0.00000000,0.00000000,0.00000000,0.00000000,0.00380717,0.00000000,0.00273490,0.01227856,0.00000000,0.00000000,0.00000000,0.00294252,0.00000000,0.00000000,0.00000000,0.00000000,0.00000000,0.00000000,0.00000000,0.00000000,0.00000000,0.00000000,0.00000000,0.00000000,0.00000000,0.00000000,0.00000000,0.00000000,0.00000000,0.00000000,0.00000000,0.00000000,0.00000000,0.00000000,0.01912105,0.00000000,0.00000000,0.03565546,0.00000000,0.00082005,0.00097496,0.00000000,0.00000000,0.00000000,0.00000000,0.00000000,0.00000000,0.00000000,0.00393868,0.00000000,0.00000000,0.00000000,0.00000000,0.00000000,0.00000000,0.00000000,0.00000000,0.00000000,0.00000000,0.00000000,0.00000000,0.01283311,0.00000000,0.00000000,0.00000000,0.00000000,0.00000000,0.00000000,0.00000000,0.00000000,0.00000000,0.00000000,0.00000000,0.00000000,0.00000000,0.00000000,0.00000000,0.00000000,0.00000000,0.00000000,0.00000000,0.00000000,0.00000000,0.00000000,0.00000000,0.00000000,0.07245767,0.00000000,0.00000000,0.00154823,0.00000000,0.00000000,0.00000000,0.00000000,0.01936937,0.00000000,0.00000000,0.01579548,0.00000000,0.00000000,0.00000000,0.00000000,0.00000000,0.00752106,0.00000000,0.01922283,0.00000000,0.00000000,0.01417054,0.00000000,0.00000000,0.00498248,0.00000000,0.00000000,0.00000000,0.00000000,0.00000000,0.00000000,0.00000000,0.00000000,0.00000000,0.00135087,0.00000000,0.00000000,0.00000000,0.00000000,0.02653626,0.00000000,0.00000000,0.00000000,0.00000000,0.00000000,0.00557170,0.00000000,0.00000000,0.00000000,0.00000000,0.00000000,0.00000000,0.00000000,0.00772838,0.00000000,0.00000000,0.00000000,0.00000000,0.00000000,0.00000000,0.00000000,0.00000000,0.00000000,0.00000000,0.00000000,0.00000000,0.00000000,0.00000000,0.00728543,0.00000000,0.00000000,0.00000000,0.00000000,0.07515365,0.00000000,0.00746734,0.04430369,0.00000000,0.00000000,0.00000000,0.00926799,0.03083915,0.00000000,0.00000000,0.00000000,0.00000000,0.00000000,0.00748144,0.00274965,0.00000000,0.00000000,0.00000000,0.00000000,0.00000000,0.00000000,0.02861033,0.00000000,0.00000000,0.00000000,0.03876193,0.00000000,0.00000000,0.00000000,0.00000000,0.00000000,0.00000000,0.00234092,0.00000000,0.00000000,0.00462168,0.00000000,0.00000000,0.00000000,0.00000000,0.00000000,0.00078492,0.00000000,0.00126661,0.00000000,0.00000000,0.00000000,0.00000000,0.00000000,0.00000000,0.00000000,0.00000000,0.00153175,0.00000000,0.00000000,0.00000000,0.00000000,0.00000000,0.00000000,0.00000000,0.00000000,0.00000000,0.00344060,0.00000000,0.00000000,0.00000000,0.00000000,0.00000000,0.00000000,0.00000000,0.00000000,0.01097184,0.00000000,0.00000000,0.00859554,0.00000000,0.00000000,0.00000000,0.00000000,0.00000000,0.00000000,0.00000000,0.00000000,0.00000000,0.00000000,0.00000000,0.00000000,0.00000000,0.00000000,0.00000000,0.00068766,0.00000000,0.00000000,0.00000000,0.00000000,0.00000000,0.00000000,0.00000000,0.00000000,0.02502558,0.00000000,0.00000000,0.00000000,0.00000000,0.00000000,0.00000000,0.00000000,0.00000000,0.63382203,0.00000000,0.00000000,0.00000000,0.00000000,0.00000000,0.00000000,0.00000000,0.00000000,0.00000000,0.02965366,0.00000000,0.01072881,0.00000000,0.00000000,0.00267264,0.00000000,0.00000000,0.00000000,0.00000000,0.00000000,0.00000000,0.00000000,0.00000000,0.00000000,0.00000000,0.00000000,0.00000000,0.00506932,0.01331010,2.20262730,0.00000000,0.00000000,0.00000000,0.00000000,0.00230759,0.00000000,0.00000000,0.00000000,0.00000000,0.00113851,0.00000000,0.00000000,0.00000000,0.00000000,0.00000000,0.14190473,0.00000000,0.00000000,0.00426929,0.00000000,0.00000000,1.05453153,0.00525568,0.00776672,0.00000000,0.00000000,0.00000000,0.00000000,0.00000000,0.00000000,0.00000000,0.00000000,0.00000000,0.00000000,0.00000000,0.00000000,0.01164254,0.00000000,0.00000000,0.00000000,0.00000000,0.00000000,0.00000000,0.00000000,0.00982386,0.00000000,0.00000000,0.02169597,0.00000000,0.00000000,0.00000000,0.00000000,0.00000000,0.00000000,0.00000000,0.00000000,0.00000000,0.00571795,0.00000000,0.00000000,0.00326401,0.00000000,0.01213745,0.00000000,0.00907923,0.00000000,0.00000000,0.00000000,0.00000000,0.00000000,0.00000000,0.00000000,0.00000000,0.00000000,0.00122161,0.00000000,0.00000000,0.00000000,0.00000000,0.00000000,0.00000000,0.00000000,2.34203615,0.00000000,0.00130935,0.00000000,0.00000000,0.02201228,0.00000000,0.00000000,0.00000000,0.00000000,0.00000000,0.00000000,0.00000000,0.00000000,0.00000000,0.00000000,0.00000000,0.00000000,0.00519791,0.00000000,0.00000000,0.00000000,0.00000000,0.00000000,0.00000000,0.00000000,0.00000000,0.00000000,0.00000000,0.00000000,0.00000000,0.00000000,0.00000000,0.00000000,0.00000000,0.00000000,0.00000000,0.02059977,0.00000000,0.00000000,0.00000000,0.00000000,0.00000000,0.00000000,0.00459659,0.00000000,0.00000000,0.00000000,0.00000000,0.00000000,0.00000000,0.00000000,0.00000000,0.00000000,0.00000000,0.00000000,0.00000000,0.00000000,0.00000000,0.00000000,0.00000000,0.00000000,0.00000000,0.00000000,0.00000000,0.00000000,0.00000000,0.00000000,0.03075008,0.00000000,0.00000000,0.00000000,0.00000000,0.00000000,0.00000000,0.00402670,0.00000000,0.00000000,0.00000000,0.00000000,0.00000000,0.00000000,0.00000000,0.00000000,0.00000000,0.00000000,0.00000000,0.10305948,0.00361650,0.00000000,0.01140697,1.84617208,0.00000000,0.00000000,0.00000000,0.01383362,0.00875118,0.00000000,0.00000000,0.00000000,0.00000000,0.04215835,0.00000000,0.00000000,0.00000000,0.00000000,0.00000000,0.08079954,0.00000000,0.00000000,0.00000000,0.00000000,0.00000000,0.02422505,0.00285641,0.00000000,0.00000000,0.00000000,0.00000000,0.00000000,0.00218996,0.00000000,0.00000000,0.00000000,0.01441270,0.01178818,0.00000000,0.00000000,0.00000000,0.00000000,0.00000000,0.07297220,0.00000000,0.00000000,0.00000000,0.00000000,0.00000000,0.00000000,0.00000000,0.00084944,0.00000000,0.00000000,0.00000000,0.00000000,0.00000000,0.00000000,0.00000000,0.00000000,0.00000000,0.00000000,0.00000000,0.00000000,0.00000000,0.00000000,0.00000000,0.00000000,0.00000000,0.00144133,0.00000000,0.00000000,0.00000000,0.00000000,0.00281306,0.01246250,0.00000000,0.00000000,0.00000000,0.00000000,0.00000000,0.00000000,0.00000000,0.01501055,0.00000000,0.00000000,0.00000000,0.00000000,0.00000000,0.00000000,0.00000000,0.00000000,0.00000000,0.00000000,0.00000000,0.00000000,0.00000000,0.00000000,0.00000000,0.00000000,0.00000000,0.02688436,0.00000000,0.00000000,0.00232580,0.00000000,0.00000000,0.00000000,0.00000000,0.00000000,0.00000000,0.00000000,0.00000000,0.00000000,0.00000000,0.00000000,0.00000000,0.00000000,0.00000000,0.02127629,0.00000000,0.00000000,0.00000000,0.00000000,0.00000000,0.00000000,0.00000000,0.00000000,0.00000000,0.00000000,0.00000000,0.00000000,0.00000000,0.00000000,0.00000000,0.15274230,0.00000000,0.00000000,0.00000000,0.00000000,0.00000000,0.00000000,0.00000000,0.00000000,0.00000000,0.00000000,0.00000000,0.00000000,0.00000000,0.00000000,0.00000000,0.00000000,0.00000000,0.00000000,0.00000000,0.00000000,0.00000000,1.23955555,0.00000000,0.00000000,0.00000000,0.00000000,0.00000000,0.00000000,0.00000000,0.00000000,0.00000000,0.00000000,0.01619761,0.00000000,0.00000000,0.00000000,0.00000000,0.00000000,0.00000000,0.00000000,0.00000000,0.00000000,0.00000000,0.00000000,0.00000000,0.00000000,0.00000000,0.00000000,0.02434791,0.00000000,0.00000000,0.00000000,0.00000000,0.00000000,0.00000000,0.04570194,0.00000000,0.00000000,0.00000000,0.00000000,0.00000000,0.00000000,0.00000000,0.09818568,0.00000000,0.00000000,0.00000000,0.00000000,0.00000000,0.00000000,0.00000000,0.00000000,0.00000000,0.00000000,0.00000000,0.00000000,0.00000000,0.00000000,0.00000000,0.00000000,0.00000000,0.00000000,0.00000000,0.00000000,0.00000000,0.00000000,0.00000000,0.00000000,0.02136920,0.00000000,0.00886103,0.00000000,0.00000000,0.00000000,0.00000000,0.00000000,0.00000000,0.02808959,0.00524756,0.00000000,0.00000000,0.00000000,0.13347471,0.00000000,0.00000000,0.00000000,0.00000000,0.00000000,0.00237074,0.00000000,0.00000000,0.00000000,0.00000000,0.00000000,0.00000000,0.00000000,0.00000000,0.00000000,0.00000000,0.01848761,0.00000000,0.01249489,0.00000000,0.00000000,0.00000000,0.00000000,0.00000000,0.00000000,0.00000000,0.00000000,0.00000000,0.00000000,0.00000000,0.00000000,0.00000000,0.00000000,0.00490848,0.00000000,0.00000000,0.00000000,0.00000000,0.00000000,0.00588468,0.00000000,0.00000000,0.00000000,0.00000000,0.00000000,0.00092622,0.00000000,0.00000000,0.00000000,0.00000000,0.00000000,0.00000000,0.00000000,0.00000000,0.00125211,0.00000000,0.00000000,0.00000000,0.00000000,0.00000000
0.00000000,0.00000000,0.00000000,0.00000000,0.00000000,0.00000000,0.00000000,0.00000000,0.00000000,0.00000000,0.00000000,0.00000000,0.00000000,0.00536762,0.00000000,0.00000000,0.00000000,0.00000000,0.00000000,0.00000000,0.00000000,0.01072365,0.00000000,0.00000000,0.00000000,0.01463418,0.00000000,0.00000000,0.00000000,0.00000000,0.00242094,0.00000000,0.00000000,0.00000000,0.00000000,0.00515567,0.00000000,0.00000000,0.00000000,0.00000000,0.00000000,0.00000000,0.00000000,0.00000000,0.00000000,0.00000000,0.00000000,0.00000000,0.00000000,0.00000000,0.00000000,0.00088893,0.00000000,0.00000000,0.00000000,0.00000000,0.00000000,0.00000000,0.00000000,0.00000000,0.00000000,0.00000000,0.00000000,0.00000000,0.00000000,0.00000000,0.00000000,0.04232420,0.00000000,0.00387687,0.01256123,0.00000000,0.00000000,0.00000000,0.00000000,0.00275183,0.00000000,0.00000000,0.00000000,0.00000000,0.00000000,0.00000000,1.62850650,0.00000000,0.00000000,0.00000000,0.00000000,0.00000000,0.00000000,0.00000000,0.00000000,0.00000000,1.97002019,0.00000000,0.00173840,0.00000000,0.00000000,0.00000000,0.00000000,0.00000000,0.00000000,0.00000000,0.00000000,0.00000000,0.00000000,0.00000000,0.00000000,0.00000000,0.00000000,0.00000000,0.00000000,0.00000000,0.00000000,0.00000000,0.00000000,0.00000000,0.00000000,0.00000000,0.00000000,0.00289589,0.00000000,0.00000000,0.00000000,0.00000000,0.00000000,0.00000000,0.00000000,0.00000000,0.00000000,0.00000000,0.00000000,0.00000000,0.00000000,0.00000000,0.00000000,0.00000000,0.00000000,0.00000000,0.09925275,0.00000000,0.00000000,0.00000000,0.00000000,0.00000000,0.00000000,0.00000000,0.00000000,0.00000000,0.00000000,0.00000000,0.00000000,0.00000000,0.00000000,0.00000000,0.00000000,0.00000000,0.00000000,0.00423840,0.00000000,0.01984920,0.00000000,0.00348103,0.00000000,0.02665686,0.00000000,0.00000000,0.00000000,0.00000000,0.00000000,0.00000000,0.00000000,0.00000000,0.00000000,0.00000000,0.00000000,0.00000000,0.00000000,0.00000000,0.00000000,0.00000000,0.00099618,0.04083359,0.00000000,0.00000000,0.01542259,0.00000000,0.00000000,0.00000000,0.00000000,0.00000000,0.00000000,0.00000000,0.00000000,0.00000000,0.00000000,0.00000000,0.00000000,0.00000000,0.00000000,0.00000000,0.00000000,0.00000000,0.00000000,0.13669118,0.00000000,0.00000000,0.00000000,0.00000000,0.00000000,0.00000000,0.00000000,0.00000000,2.15970406,0.00000000,0.00000000,0.00000000,0.00564405,0.00000000,0.00000000,0.00000000,0.00000000,0.00164757,0.00000000,0.00000000,0.00265865,0.00000000,0.00000000,0.11622343,0.00000000,0.00000000,0.08885921,0.00000000,0.00000000,0.00000000,0.00000000,0.00769137,0.00000000,0.00000000,0.00000000,0.00000000,0.00000000,0.00000000,0.00000000,0.00000000,0.00000000,0.00000000,0.00000000,0.00000000,0.00000000,0.00000000,0.00000000,0.00000000,0.00000000,0.00000000,0.00000000,0.00000000,0.00000000,0.00000000,1.04339026,0.00000000,0.00000000,0.00000000,0.00904850,0.00000000,0.00000000,0.00000000,0.00000000,0.00000000,0.00000000,0.00000000,0.00000000,0.00000000,0.00000000,0.00000000,0.00000000,0.00000000,0.00000000,0.00000000,0.00000000,0.00000000,2.74932196,0.00000000,0.00000000,0.00000000,0.00000000,0.02468186,0.00000000,0.00000000,0.00000000,0.00000000,0.38922929,0.00000000,0.00000000,0.00000000,0.00000000,0.00000000,0.00075310,0.00000000,0.00000000,0.00000000,0.00000000,0.00000000,0.00000000,0.00000000,0.00000000,0.00000000,0.00000000,0.00000000,0.00000000,0.00000000,0.00000000,0.00000000,0.00000000,0.03214657,0.00000000,0.00000000,0.00000000,0.00000000,0.00000000,0.03997660,0.00000000,0.00000000,0.00000000,0.00000000,0.00000000,0.00000000,0.00000000,0.00000000,0.00328925,1.61601393,0.00000000,3.27833143,0.00000000,0.00000000,0.00000000,0.00000000,0.00000000,0.00000000,0.00000000,0.00000000,0.00000000,0.00000000,0.00100725,0.01120981,0.00000000,0.00315424,0.00000000,0.00000000,0.00000000,0.00000000,0.00000000,0.00000000,0.00000000,0.00000000,0.00000000,0.00000000,0.00000000,0.00000000,0.00000000,0.00558009,0.00000000,0.00000000,0.00000000,0.00000000,0.00000000,0.00000000,0.00000000,0.00547057,0.00781262,0.00000000,0.00000000,0.00000000,0.00000000,0.00000000,0.00000000,0.00000000,0.00000000,0.00000000,0.00000000,0.00000000,0.00000000,0.00000000,0.00000000,0.00000000,0.00000000,0.00000000,0.00000000,0.03218045,0.00000000,0.00000000,0.00326401,0.00000000,0.00000000,0.00000000,0.00000000,0.00000000,0.00548426,0.00000000,0.00000000,0.01286187,0.00000000,0.00000000,0.00105876,0.00000000,0.00000000,0.00000000,0.00000000,0.00000000,0.00000000,0.00000000,0.00000000,0.00105402,0.00915120,0.10839658,0.00000000,0.00000000,0.01270652,0.00000000,0.00000000,0.00000000,0.00000000,0.00000000,0.00000000,0.00000000,0.00000000,0.00215377,0.00000000,0.00000000,0.00412952,0.00000000,0.00000000,0.00000000,0.00297996,0.00000000,0.00000000,0.01903234,0.00000000,0.00000000,0.00000000,0.00000000,0.00000000,0.00000000,0.00000000,0.00000000,0.00000000,0.00225009,0.00000000,0.00000000,0.00000000,0.00000000,0.00000000,0.49459766,0.00000000,0.00000000,0.00000000,0.00000000,0.00000000,0.00000000,0.00000000,0.00000000,0.00247095,0.00000000,0.00000000,0.00000000,0.00000000,0.00000000,0.00000000,0.00000000,0.00000000,0.00000000,0.00000000,0.00000000,0.00000000,0.00000000,0.00919877,0.00000000,0.00000000,0.00000000,0.00000000,0.00000000,0.00000000,0.00000000,0.00000000,0.00000000,0.00000000,0.00000000,0.00000000,0.00000000,0.00000000,0.00323165,0.00000000,0.00000000,0.00000000,0.00000000,0.00000000,0.00000000,0.00000000,0.00000000,0.00000000,0.00000000,0.00000000,0.00000000,0.00000000,0.00000000,0.00000000,0.00000000,0.00411893,0.00000000,0.00000000,0.00000000,0.00000000,0.00000000,0.00000000,0.00000000,0.00000000,0.00000000,0.00000000,0.00000000,0.00000000,0.00000000,0.00000000,0.00000000,0.00000000,0.01988142,0.02552891,0.00000000,0.00000000,0.00000000,0.00000000,0.00000000,0.00000000,0.00000000,0.08490428,0.00000000,0.00000000,0.01226848,0.00000000,0.00000000,0.08272024,0.00000000,0.00000000,0.00000000,0.00000000,0.00000000,0.00000000,0.01007397,0.00000000,0.00000000,0.00000000,0.00000000,0.00000000,0.00000000,0.00000000,0.00000000,0.01187318,0.00000000,0.00000000,0.00000000,0.00000000,0.00000000,0.00000000,2.26433179,0.00000000,0.00000000,0.00000000,0.00000000,0.00000000,0.00000000,0.00000000,0.00000000,0.01237532,0.00000000,0.00000000,0.00000000,0.00000000,0.00000000,0.00000000,0.00000000,0.00127858,0.00000000,0.00000000,0.00000000,0.00000000,0.00000000,0.00000000,0.00000000,0.00000000,0.00000000,0.00000000,0.00000000,0.00000000,0.00000000,0.00225858,0.03528767,0.00000000,0.00000000,0.00364755,0.00211631,0.00000000,0.00000000,0.00000000,0.00000000,0.00312009,0.00000000,0.00000000,0.00000000,0.00775267,0.00000000,0.00000000,0.00000000,0.00000000,0.00000000,0.00000000,0.00000000,0.00000000,0.00000000,0.00000000,0.00000000,0.00000000,0.00000000,0.00000000,0.00000000,0.00000000,0.00000000,0.00587499,0.01627325,0.00000000,0.00000000,0.00000000,0.00000000,0.00000000,0.00000000,0.00000000,0.00000000,0.00000000,0.05480366,0.00000000,0.00000000,0.00151560,0.00000000,0.00000000,0.00000000,0.00000000,0.00000000,0.00000000,0.00000000,0.00389823,0.00000000,0.00096620,0.00000000,0.00000000,0.00000000,0.00000000,0.00000000,0.00000000,0.00000000,0.00000000,0.00055755,0.00000000,0.00000000,0.00000000,0.00000000,0.00000000,0.00000000,0.00000000,0.00393530,0.00000000,0.00000000,0.00000000,0.00000000,0.00323077,0.00000000,0.00000000,0.02229658,0.05197868,0.00246416,0.00000000,0.00000000,0.00000000,0.00000000,0.00236098,0.00000000,0.00000000,0.19825500,0.00342930,0.00153868,0.00000000,0.00000000,0.00000000,0.00000000,0.00000000,0.00000000,0.00000000,0.00000000,0.00000000,0.00000000,0.00000000,0.05152455,0.00000000,0.00000000,0.00000000,0.00000000,0.00000000,0.00000000,0.00000000,0.00095272,0.00581485,0.00000000,0.00000000,0.00000000,0.00000000,0.00111000,0.00000000,0.00000000,0.00000000,0.00000000,0.00000000,0.00000000,0.00000000,0.00000000,0.00000000,0.00000000,0.00000000,0.94016897,0.00000000,0.00000000,0.00000000,0.00000000,0.00000000,0.00000000,0.00000000,0.00000000,0.00000000,0.00000000,0.00000000,0.00000000,0.06724343,0.00000000,0.00000000,0.00000000,0.00211733,0.00000000,0.00000000,0.00000000,0.00000000,0.00000000,0.00000000,0.00000000,0.00398836,0.00000000,0.00141826,0.00000000,0.00000000,0.01348669,0.00000000,0.00000000,0.00000000,0.00000000,0.13623962,0.00000000,0.00000000,0.00000000,0.00000000,0.00000000,0.00000000,0.00000000,0.00000000,0.00000000,0.00000000,0.00000000,0.00176144,0.00000000,0.00000000,0.00000000,0.00000000,0.00000000,0.00000000,0.02252062,0.00000000,0.00000000,0.02035816,0.00000000,0.00000000,0.00000000,0.00000000,0.00000000,0.00000000,0.07267680,0.00000000,0.00000000,0.00000000,0.00000000,0.00000000,0.00000000,0.00000000,0.00000000,0.00000000,0.00000000,0.00000000,0.01575565
0.00000000,0.00000000,0.00000000,0.00000000,0.00000000,0.00000000,0.00000000,0.00000000,0.00225086,0.00000000,0.00000000,0.00000000,0.00000000,0.00000000,1.16099390,0.00000000,0.00000000,0.00000000,0.00000000,0.00000000,0.00000000,0.00000000,0.00000000,0.00000000,0.00000000,0.00000000,0.00000000,0.00000000,0.00000000,0.00000000,0.00000000,0.00000000,0.00117908,0.00000000,0.00000000,0.00000000,0.00000000,0.00000000,0.00000000,0.00000000,0.00000000,0.00000000,0.00000000,0.00000000,0.00000000,0.00000000,0.00000000,0.00000000,0.00000000,0.00000000,0.00000000,0.00000000,0.00000000,0.01170683,0.03984616,0.00000000,0.00000000,0.00000000,0.00000000,0.00000000,0.00000000,0.00703619,0.00000000,0.00000000,0.00000000,0.00000000,0.00092996,0.00000000,0.00000000,0.00000000,0.00000000,0.00000000,0.00000000,0.00000000,0.00000000,0.00083726,0.00000000,0.00000000,0.00251369,0.00000000,0.00000000,0.00000000,0.00723483,0.00000000,0.00000000,0.02282385,0.00000000,0.00000000,0.00000000,0.00000000,0.00000000,0.00000000,0.00000000,0.00000000,0.01373061,0.00000000,0.00000000,0.00000000,0.00000000,0.00000000,0.00000000,0.00000000,0.00000000,0.00000000,0.00000000,0.00000000,0.00000000,0.26916441,0.00000000,0.00000000,0.00000000,0.00000000,0.00000000,0.00000000,0.00000000,0.00000000,0.00000000,0.00000000,0.00265480,0.00873111,0.00000000,0.00000000,0.00000000,0.00000000,0.00000000,0.00000000,0.00000000,0.00533891,0.78121783,0.00000000,0.46588231,0.00000000,0.00000000,0.00000000,0.00000000,0.00000000,0.00000000,0.00000000,0.00000000,0.00000000,0.20400764,0.00000000,0.00000000,0.00000000,0.00000000,0.00000000,0.00000000,0.00000000,0.00000000,0.00000000,0.00000000,0.00000000,0.00483970,0.00000000,0.00000000,0.00000000,0.00000000,0.00000000,0.00000000,0.00000000,0.00000000,0.00000000,0.00000000,0.00000000,0.02488649,0.00000000,0.00000000,0.00000000,0.00000000,0.00000000,0.00000000,0.00000000,0.00000000,0.00240203,0.00000000,0.00000000,0.00000000,0.00000000,0.00000000,0.02646022,0.00000000,0.00000000,0.00000000,0.00477385,0.00000000,0.00000000,0.00000000,0.00000000,0.00000000,0.00000000,1.90050570,0.00000000,0.00000000,0.00108192,0.00000000,0.00000000,0.00000000,0.00000000,0.00000000,0.01048656,0.00000000,0.00000000,0.00475165,0.00000000,0.00000000,0.00000000,0.00000000,0.00000000,0.00000000,0.00000000,0.00364236,0.00000000,0.04217687,0.00000000,0.00000000,0.01290361,0.00000000,0.00000000,0.00000000,0.00000000,0.00000000,0.00000000,0.00000000,0.00000000,0.00000000,0.00180626,0.00000000,0.03601409,0.04972714,0.00000000,0.00000000,0.00000000,0.00000000,0.00299475,0.00000000,0.00000000,0.00000000,0.00000000,0.00000000,0.00000000,0.00000000,0.00000000,0.00000000,0.00000000,0.00000000,0.01180376,0.00000000,0.00000000,0.00000000,0.00000000,0.00000000,0.00000000,0.00000000,0.00000000,0.00000000,0.00000000,0.00000000,0.00000000,0.01110165,0.00000000,0.02285993,0.00194907,0.07967672,0.00000000,0.00000000,0.01061197,0.00000000,0.00563644,0.00000000,0.00000000,0.00000000,0.04244838,0.00000000,0.00000000,0.03581717,0.00000000,0.00000000,0.00000000,0.00000000,0.00000000,0.00000000,0.00000000,0.00000000,0.00000000,0.00351878,0.00000000,0.00000000,0.00000000,0.00000000,0.00000000,0.00000000,0.00000000,0.00000000,0.00000000,0.00000000,0.00000000,0.00000000,0.00000000,0.00000000,0.00000000,0.00000000,0.00000000,0.03576850,0.00841843,0.00000000,0.00000000,0.00000000,0.00000000,0.00000000,0.06263263,0.00000000,0.00000000,0.00000000,0.00000000,0.00595981,0.00000000,0.00000000,0.00000000,0.00000000,0.00000000,0.00000000,0.00000000,0.10186239,0.00000000,0.00000000,0.00000000,0.00000000,0.00000000,0.00000000,0.00000000,0.00373184,0.00000000,0.00000000,0.00000000,0.00000000,0.00000000,0.00000000,0.00000000,0.00000000,0.00493924,0.00000000,0.00000000,0.00000000,0.00279582,0.00000000,0.00181497,0.00000000,0.00000000,0.00000000,0.00000000,0.00000000,0.01773192,0.00000000,0.00000000,0.00000000,0.00000000,0.00000000,0.48494480,0.00000000,0.00000000,0.00000000,0.00000000,0.00000000,0.00000000,0.00000000,0.00000000,0.00000000,0.00000000,0.00000000,0.00000000,0.00000000,0.00000000,0.00000000,0.43154543,0.00000000,0.00000000,0.00000000,0.00000000,0.00000000,0.00000000,0.00000000,0.00000000,0.00342971,0.00000000,0.00000000,0.00000000,0.00212064,0.00000000,0.00892183,0.00000000,0.00000000,0.00000000,0.00000000,0.01250495,0.01605676,0.00000000,0.00000000,0.00000000,0.00252244,0.00000000,0.00000000,0.00000000,0.00000000,0.00000000,0.00000000,0.00000000,0.00000000,0.00000000,0.00000000,0.00000000,0.00000000,0.00000000,0.00181416,0.00000000,0.00000000,0.00000000,0.00000000,0.00000000,0.00000000,0.00000000,0.00000000,0.00000000,0.00000000,0.00000000,0.00000000,0.00000000,0.00000000,0.00000000,0.00000000,0.00000000,0.01742423,0.00000000,0.00000000,0.00000000,0.02133165,0.00000000,0.00000000,0.00000000,0.00000000,0.00000000,0.00510327,0.00000000,0.00000000,0.00000000,0.00000000,0.00000000,0.01345374,0.00000000,0.00000000,0.00000000,0.02129296,0.00000000,0.00000000,0.00000000,0.00000000,0.00000000,0.00000000,0.00000000,0.00000000,0.00000000,0.00359543,0.02079028,0.00513590,0.00000000,0.00894615,0.00000000,0.00000000,0.00000000,0.00000000,0.00000000,0.00000000,0.01077678,0.00000000,0.00000000,0.00000000,0.00000000,0.00000000,0.00000000,0.00000000,0.00000000,0.00000000,0.00000000,0.00000000,0.00000000,0.00000000,0.00000000,0.00000000,0.00000000,0.00000000,1.46674549,0.00000000,0.00000000,0.00000000,0.01475487,0.00000000,0.02223850,0.00000000,0.00000000,0.00000000,0.00000000,0.00000000,0.00000000,0.00000000,0.00000000,0.02081006,0.00000000,0.00000000,0.00000000,0.01880935,0.00000000,0.00000000,0.00000000,0.00064716,0.00000000,0.00473742,0.00000000,0.00000000,0.00000000,0.02404480,0.00000000,0.00000000,0.00000000,0.00000000,0.00000000,0.00000000,0.00000000,0.00000000,0.00000000,0.00000000,0.00000000,0.00000000,0.00000000,0.00000000,0.00000000,0.00000000,0.00000000,0.00000000,0.00000000,0.00000000,0.00000000,0.00000000,0.00000000,0.00000000,0.00000000,0.00000000,0.00000000,0.00000000,0.00000000,0.00000000,0.00362762,0.00000000,0.00000000,0.00000000,0.00758572,0.00000000,0.00000000,0.03726666,0.00000000,0.04166737,0.00000000,0.00000000,0.00000000,0.04486799,0.00000000,0.00000000,0.06696716,0.00000000,0.00000000,0.00000000,0.00000000,0.00000000,0.00077803,0.00000000,0.00000000,0.00000000,0.00000000,0.00000000,0.00000000,0.00000000,0.00000000,0.00000000,0.00000000,0.00000000,0.00000000,0.00000000,0.00000000,0.00000000,0.00000000,0.00000000,0.00000000,0.00000000,0.00000000,0.00000000,0.00778954,0.00268532,0.00000000,0.00000000,0.00000000,0.00000000,0.00000000,0.00000000,0.00000000,0.00000000,0.00000000,0.00000000,0.00209498,0.00000000,0.00000000,0.00000000,0.00000000,0.00000000,0.00000000,0.00000000,0.00000000,0.00000000,0.00000000,0.00000000,0.02980268,0.00000000,0.00000000,0.00000000,0.00000000,0.00000000,0.00000000,0.00000000,0.00000000,0.00000000,0.00000000,0.00000000,0.00102497,0.97492899,0.00000000,0.00000000,0.00000000,0.00000000,0.00000000,0.00000000,0.00000000,0.00000000,0.00000000,0.00000000,0.00000000,0.00000000,0.00000000,0.00000000,0.00164126,0.00000000,0.00000000,0.02075585,0.00000000,0.00000000,0.00000000,0.00000000,0.00000000,0.00000000,0.00000000,0.00000000,0.00000000,0.00000000,0.00000000,0.00000000,0.00000000,0.00000000,0.00000000,0.00000000,0.00000000,0.00000000,0.00000000,0.00000000,0.00000000,0.00000000,0.00000000,0.00000000,0.00000000,0.00974372,0.00000000,0.00000000,0.00000000,0.00979972,0.00000000,0.00000000,0.00000000,0.00000000,0.00000000,0.00000000,0.00000000,0.00000000,0.00393427,0.00000000,0.00000000,0.00000000,0.00486861,0.00000000,0.02112338,0.00000000,0.00000000,0.00000000,0.00000000,0.00000000,0.00000000,0.00000000,0.00000000,0.00000000,0.00000000,0.00000000,0.00000000,0.00000000,0.00000000,0.00000000,0.01008928,0.00000000,0.00000000,0.00000000,0.00000000,0.00000000,0.00000000,0.00000000,0.00000000,0.00752288,0.00000000,0.00000000,0.00000000,0.00000000,0.00000000,0.00000000,0.00000000,0.00000000,0.00115582,0.00000000,0.00000000,0.00000000,0.00000000,0.00000000,0.00000000,0.00171900,0.00000000,0.00000000,0.00382134,0.00000000,0.00000000,0.00000000,0.00000000,0.01140588,0.00000000,0.00000000,0.00000000,0.00000000,0.00000000,0.00000000,0.00000000,0.00000000,0.01694983,0.00000000,0.00000000,0.00000000,0.01027504,0.00000000,0.00000000,0.00000000,0.00000000,0.00000000,0.00000000,0.00000000,0.00000000,0.00000000,0.00000000,0.00000000,0.00000000,0.00000000,0.00000000,0.00000000,0.00000000,0.00000000,0.00000000,0.00000000,0.00000000,0.00000000,0.00000000,0.00000000,0.00000000,0.00000000,0.00000000,0.00000000,0.00892899,0.00000000,0.00000000,0.00000000,0.00000000,2.73370115,0.03397451,0.00000000,0.00000000,0.00000000,0.00000000,0.00000000,0.00000000,0.00000000,0.00000000,0.00428218,0.00000000
0.00440592,0.00000000,0.00000000,0.00000000,0.00000000,0.00000000,0.00000000,0.00000000,0.00000000,0.00381336,0.00000000,0.00000000,1.00807196,0.00000000,0.00000000,0.00000000,0.00000000,0.00000000,0.00000000,0.00000000,0.00000000,0.00000000,0.00000000,0.00478208,0.00000000,0.00000000,0.00000000,0.00000000,0.00000000,0.00000000,0.00000000,0.00000000,0.00000000,0.00000000,0.00000000,0.00000000,0.00000000,0.00000000,0.00000000,0.00000000,0.00000000,0.00000000,0.00381771,0.00000000,0.00000000,0.00000000,0.00000000,0.00000000,0.00000000,0.00000000,0.74581411,0.00000000,0.00000000,0.01463824,0.00000000,0.00000000,0.00000000,0.00000000,0.00000000,0.01115985,0.00000000,0.00000000,0.00000000,0.00000000,0.00000000,0.00000000,0.00000000,0.02622566,0.00000000,0.00000000,0.00000000,0.00000000,0.00000000,0.00000000,0.00000000,0.00000000,0.00000000,0.00000000,0.00000000,0.00000000,0.00000000,0.00000000,0.00000000,0.00000000,0.00000000,0.00000000,0.00000000,0.00000000,0.00000000,0.00000000,0.00000000,0.00000000,0.00000000,0.00000000,0.00000000,0.02099480,0.00000000,0.00000000,0.02125271,0.08821162,0.00000000,0.00354541,0.00000000,0.00000000,0.00000000,0.00000000,0.00000000,0.00000000,0.00233569,0.01160405,0.00000000,0.01938264,0.00000000,0.00000000,0.00000000,0.00000000,0.00000000,0.00000000,0.00000000,0.00000000,0.00000000,0.00620257,0.00000000,0.00409839,0.00000000,0.00000000,0.00256428,0.00000000,0.00000000,0.00000000,0.00000000,0.00096335,0.00000000,0.00000000,0.00000000,0.00000000,0.00000000,0.00000000,0.00000000,0.00000000,0.00000000,0.00000000,0.00000000,0.00000000,0.00000000,0.00000000,0.00000000,0.00000000,0.00000000,0.00000000,0.00000000,0.00000000,0.00000000,0.00577736,0.00000000,0.00000000,0.00000000,0.00000000,0.00000000,0.00000000,0.00000000,0.00000000,0.00000000,0.00000000,0.00000000,0.00000000,0.00000000,0.00000000,0.00000000,0.00000000,0.00000000,0.00000000,0.00000000,0.00000000,0.16665770,0.00000000,0.00000000,0.00000000,0.02220457,0.00000000,0.00000000,0.00000000,0.00000000,0.00000000,0.00000000,0.00000000,0.00000000,0.00000000,0.00000000,0.00000000,0.00000000,0.00000000,0.00000000,0.00000000,0.00000000,0.00000000,0.00000000,0.00000000,0.00000000,0.00000000,0.00000000,0.00000000,0.00000000,0.00000000,0.00000000,0.00000000,0.00000000,0.00000000,0.00000000,0.00000000,0.00000000,0.00000000,0.00000000,0.00000000,0.00000000,0.00000000,0.00000000,0.00000000,0.00000000,0.00000000,0.03864571,0.00000000,0.00000000,0.00443799,0.00000000,0.00000000,0.00000000,0.00000000,0.00000000,0.00000000,0.00215981,0.00000000,0.00000000,0.00000000,0.00000000,0.00000000,0.00000000,0.01515552,0.00500921,0.00000000,0.00000000,0.00000000,0.00000000,0.00000000,0.00000000,0.00000000,0.00000000,0.00000000,0.00000000,0.00000000,0.00000000,0.00710523,0.00909861,0.00000000,0.00000000,0.00458188,0.00000000,0.00000000,0.00000000,0.00000000,0.03275877,0.00000000,0.00000000,0.00000000,0.00000000,0.00000000,0.00000000,0.00000000,0.00631934,0.00000000,0.00000000,0.00000000,0.00000000,0.00000000,0.01384558,0.00000000,0.00000000,0.00000000,0.00000000,0.00676382,0.00000000,0.00000000,0.00000000,0.00000000,0.00000000,0.00000000,0.00000000,0.00000000,0.00192571,0.00000000,0.00084953,0.00000000,0.00000000,0.00000000,0.00000000,0.00000000,0.00000000,0.00000000,0.00000000,0.00721931,0.00000000,0.00000000,0.00000000,0.00000000,0.00000000,0.00211302,0.00000000,0.00000000,0.00000000,0.00000000,0.00000000,0.00000000,0.00000000,0.00000000,0.00000000,0.00000000,0.00000000,0.00000000,0.00000000,0.00000000,0.00000000,0.00000000,0.00000000,0.00000000,0.00000000,0.00000000,0.00000000,0.00000000,0.00000000,0.00000000,0.00000000,0.00000000,0.00000000,0.00000000,0.00000000,0.00000000,0.00000000,0.00000000,0.00000000,0.00000000,0.00000000,0.00000000,0.00000000,0.00000000,0.00503114,0.00094738,0.01027330,0.00000000,0.00000000,0.01844030,0.00000000,0.00000000,0.11329363,0.00000000,0.00000000,0.00000000,0.00000000,0.00000000,0.00000000,0.00000000,0.00000000,0.00000000,0.12948478,0.00000000,0.00000000,0.00000000,0.00000000,0.00000000,0.00000000,0.01200480,0.00000000,0.00000000,0.05102576,0.00000000,0.00000000,0.00000000,0.00277674,0.00000000,0.00222170,0.00000000,0.00444331,0.00000000,0.00000000,0.00000000,0.00000000,0.00000000,0.00811605,0.00000000,0.00000000,0.00000000,0.01213745,0.00000000,0.01250495,0.00000000,0.00000000,0.00000000,0.00000000,0.35308062,0.00000000,0.00000000,0.00000000,0.00000000,0.00000000,0.00000000,0.00000000,0.00000000,0.00000000,0.00000000,0.00000000,0.00000000,1.57092637,0.00000000,0.00000000,0.00000000,0.05519342,0.00000000,0.00000000,0.00000000,0.00000000,0.00000000,0.00000000,0.00000000,0.00000000,0.00000000,0.00000000,0.00000000,0.00000000,0.00000000,0.00000000,0.00000000,0.00000000,0.00000000,0.00000000,0.00000000,0.00486446,0.00000000,0.01250378,0.00000000,0.00000000,0.00000000,0.00000000,0.00000000,0.00000000,0.00000000,0.00000000,0.00000000,0.00818284,0.00846756,0.00000000,0.00883883,0.00000000,0.00000000,0.00000000,0.04221192,0.00000000,0.93346264,0.00802196,0.00501693,0.00000000,0.00000000,0.00000000,0.00000000,0.00000000,0.00000000,0.00000000,0.00000000,0.00000000,0.00000000,0.00000000,0.00000000,0.01684727,0.00000000,0.00000000,0.04288620,0.00000000,0.00425386,0.00000000,0.00000000,0.00000000,0.00489897,0.00000000,0.00000000,0.00000000,0.00000000,0.00000000,0.00000000,0.00000000,0.00000000,0.00000000,0.00000000,0.00282986,0.00000000,0.00000000,0.00000000,0.00000000,0.00000000,0.00000000,0.00000000,0.00000000,0.00000000,0.00000000,0.00000000,0.00483859,0.00000000,0.00000000,0.00000000,0.02175795,0.00000000,0.00000000,0.00000000,0.00000000,0.00000000,0.00000000,0.00000000,0.00000000,0.00000000,0.00000000,0.00000000,0.00000000,0.00000000,0.00000000,0.00000000,0.00000000,0.14308515,0.00000000,0.00000000,0.00000000,0.00000000,0.00000000,0.19462685,0.00000000,0.00000000,0.00000000,0.00000000,0.00000000,0.00000000,0.00000000,0.00000000,0.00000000,0.00000000,0.01466382,0.00000000,0.00000000,0.00000000,0.00000000,0.00000000,0.00000000,0.00000000,0.00000000,0.00000000,0.00000000,0.00000000,0.00000000,0.00000000,0.00000000,0.00000000,0.00000000,0.00000000,0.00000000,0.00269518,0.00000000,0.00000000,0.00000000,0.00000000,0.00630630,0.00000000,0.00000000,0.00000000,0.00000000,0.00000000,0.00000000,0.00000000,0.00000000,0.00442426,0.00000000,0.00000000,0.00000000,0.00000000,0.00000000,0.00000000,0.00000000,0.00000000,0.00000000,0.00000000,0.00000000,0.00000000,0.00000000,0.00000000,0.00000000,0.00000000,0.00000000,0.00000000,0.00000000,0.00000000,0.00000000,0.00000000,0.00000000,0.00000000,0.00000000,0.00000000,0.00000000,0.00449973,0.00000000,0.04512404,0.00000000,0.00000000,0.00000000,0.00000000,0.00000000,0.00000000,0.00000000,0.00000000,0.01364486,0.00000000,0.00000000,0.00000000,0.00000000,0.00000000,0.03854902,0.00000000,0.00440066,0.00000000,0.00000000,0.00000000,0.00000000,0.00000000,0.00000000,0.00000000,0.00000000,0.00000000,0.00000000,0.00000000,0.00225788,0.00000000,0.00000000,0.00000000,0.00000000,0.00000000,0.01413239,0.00119477,0.00000000,0.00289219,0.00000000,0.00000000,0.00306216,0.00000000,0.00000000,0.00000000,0.00000000,0.00000000,0.00000000,0.00000000,0.00000000,0.00000000,0.00000000,0.00230983,0.00000000,0.00000000,0.01495093,0.00000000,0.00000000,0.00000000,0.00000000,0.00000000,0.00000000,0.00000000,0.00000000,0.00085113,0.00000000,0.00000000,0.00105459,0.00478082,0.00000000,0.00724882,0.00000000,0.42385695,0.00000000,0.00000000,0.00000000,0.00000000,0.00000000,0.00000000,0.00000000,0.00000000,0.00000000,0.00000000,0.00000000,0.00000000,0.00000000,0.00000000,0.00000000,0.01025168,0.00000000,0.00000000,0.03286498,0.00000000,0.00000000,0.00072586,0.00000000,0.00291132,0.00000000,0.00000000,0.00082833,0.00000000,0.00000000,0.00000000,0.00000000,0.00059344,0.00000000,0.00000000,0.00000000,0.00000000,0.00000000,0.00000000,0.00000000,0.00000000,0.00000000,0.01250622,0.00000000,0.00000000,0.00000000,0.00000000,0.00000000,0.00212018,0.00000000,0.00000000,0.00000000,0.00000000,0.00000000,0.00000000,0.00000000,0.00000000,0.01871199,0.00000000,0.00000000,0.00000000,0.00000000,0.00801141,0.00000000,0.00000000,0.00000000,0.00000000,0.00000000,0.00000000,0.00066245,0.00000000,0.00000000,0.00000000,0.00525023,0.00000000,0.00000000,0.00000000,0.00000000,0.00000000,0.00000000,0.00000000,0.00000000,0.00000000,0.00000000,0.00000000,0.00000000,0.00000000,0.00000000,0.00000000,0.00000000,0.00000000,0.00000000,0.00000000,0.00000000,0.00000000,0.00000000,0.00000000,0.00315941,0.00000000,0.00000000,0.00000000,0.00296786,0.00000000,0.00000000,0.00000000,0.00173693,0.00000000,0.00000000,0.00000000,0.00000000,0.00000000,0.05168043,0.00186086,0.00000000,0.00000000,0.00489029,0.00000000,0.00000000,0.00000000,0.00000000,0.00000000,0.00000000,0.00000000,0.00000000,0.00107312
0.00000000,0.00000000,0.00376146,0.00000000,0.00000000,0.00000000,0.00000000,0.06087610,0.00000000,0.00386869,0.00000000,0.00000000,0.00000000,0.00000000,0.00000000,0.00000000,0.00595323,0.00000000,0.00000000,0.00000000,0.00000000,0.00000000,0.00000000,0.00221815,0.00000000,0.00000000,0.00000000,0.00000000,0.00000000,0.00000000,0.00000000,0.00000000,0.00000000,0.00000000,0.00281595,0.00000000,0.00000000,0.00000000,0.00000000,0.00000000,0.00000000,0.00000000,0.00000000,0.00000000,0.00000000,0.00000000,0.00000000,0.00000000,0.00000000,0.00503381,0.00000000,0.00000000,0.00000000,0.00335308,0.00000000,0.00000000,0.00000000,0.00000000,0.00000000,0.00000000,0.00000000,0.00000000,0.00000000,0.00000000,0.07221206,0.00000000,0.00000000,0.00000000,0.00000000,0.00000000,0.00000000,0.00000000,0.00138009,0.00000000,0.00518485,0.00000000,0.00000000,0.00302245,0.00000000,0.00000000,0.00000000,0.00000000,0.00000000,0.00855675,0.00000000,0.00000000,0.00000000,0.00000000,0.00000000,0.00000000,0.00000000,0.00000000,0.00000000,0.00000000,0.00000000,0.00000000,0.00000000,0.00000000,0.00330099,0.00000000,0.00000000,0.00000000,0.00000000,0.00000000,0.01370002,0.00000000,0.04726746,0.00000000,0.00000000,0.00000000,0.08853890,0.00000000,0.00000000,0.00000000,0.00000000,0.00000000,0.00000000,0.00000000,0.00000000,0.00000000,0.00000000,0.00000000,0.00000000,0.00000000,0.00000000,0.00000000,0.00000000,0.00000000,0.00943245,0.01153268,0.00000000,0.00000000,0.00000000,0.00817913,0.00000000,0.00574352,0.00000000,0.00000000,0.00000000,0.00000000,0.00000000,0.02431519,0.00000000,0.00000000,0.00000000,0.00000000,0.00000000,0.00000000,0.14954402,0.00000000,0.00000000,0.00000000,0.00000000,0.00000000,0.00000000,0.00000000,0.00000000,0.00000000,0.00000000,0.00000000,0.00000000,0.00000000,0.00000000,0.00000000,0.00000000,0.00000000,0.00000000,0.00000000,0.00000000,0.00000000,0.00000000,0.00000000,0.00000000,0.00000000,0.00000000,0.00000000,0.00000000,0.00000000,0.00000000,0.00000000,0.00000000,0.00000000,0.00000000,0.00000000,0.00000000,0.00000000,0.00000000,0.01085201,0.00000000,0.00000000,0.00000000,0.00000000,0.00000000,0.00000000,0.00000000,0.00182631,0.00000000,0.00000000,0.00000000,0.04124287,0.00330730,0.00000000,0.00000000,0.00000000,0.00423975,0.00000000,0.00000000,0.00000000,0.00000000,0.00000000,0.00000000,0.00000000,0.00000000,0.00000000,0.00000000,0.00000000,0.00574849,0.00000000,0.00000000,0.00000000,0.00000000,0.00000000,0.00000000,0.00000000,0.00000000,0.00000000,0.00000000,0.00000000,0.00000000,0.00000000,0.00000000,0.00000000,0.00000000,0.00000000,0.00000000,0.00000000,0.00000000,0.00000000,0.00000000,0.00000000,0.00823437,0.00000000,0.00000000,0.00000000,0.00000000,0.00000000,0.00960862,0.00000000,0.00000000,0.00000000,0.00000000,0.00000000,0.00000000,0.00505380,0.00000000,0.00000000,0.00000000,0.00000000,0.00000000,0.00000000,0.00000000,0.00000000,0.00000000,0.00000000,0.00000000,0.00000000,0.00000000,0.00000000,0.00000000,0.00000000,0.00000000,0.00000000,0.00000000,0.00000000,0.00000000,0.00000000,0.00000000,0.00000000,0.00000000,0.00000000,0.00000000,0.00000000,0.00000000,0.00000000,0.00000000,0.00000000,0.00000000,0.00000000,0.00000000,0.01437319,0.00000000,0.00000000,0.02383178,0.00000000,0.00314369,0.00000000,0.00000000,0.00000000,0.00000000,0.00000000,0.00000000,0.00000000,0.00000000,0.00000000,0.00000000,0.00000000,0.01696287,0.00000000,0.00000000,0.00000000,0.00000000,0.00000000,0.00000000,0.00000000,0.00000000,0.00000000,0.00000000,0.00000000,0.00000000,0.00000000,0.00000000,0.00000000,0.00000000,0.00000000,0.00000000,0.00000000,0.06009682,0.00000000,0.00379572,0.00000000,0.00000000,0.00000000,0.00000000,0.00000000,0.00687667,0.00000000,0.01658864,0.00000000,0.00000000,0.00000000,0.00000000,0.00000000,0.00000000,0.00000000,0.00000000,0.00000000,0.00259397,0.00000000,0.00000000,0.00000000,0.00000000,0.00000000,0.00000000,0.00000000,0.00000000,0.00000000,0.00336161,0.00000000,0.26305280,0.00000000,0.00000000,0.00000000,0.00000000,0.00000000,0.00841540,0.00000000,0.00000000,0.00000000,0.00000000,0.00000000,0.00000000,0.00000000,0.00000000,0.06751497,0.00000000,0.00000000,0.00000000,0.00000000,0.05027294,0.00000000,0.65459309,0.00000000,0.00000000,0.00000000,0.00000000,0.00000000,0.00000000,0.00000000,0.00000000,0.03034452,0.00000000,0.00000000,0.01605676,0.00000000,0.00000000,0.00000000,0.00000000,0.00039249,0.43456726,0.00000000,0.00272327,0.00000000,0.00000000,0.00000000,0.00000000,0.00000000,0.00000000,0.00000000,0.00000000,0.00000000,0.00000000,0.00000000,0.00000000,0.00000000,0.00000000,0.00000000,0.00370175,0.00000000,0.00000000,0.00000000,0.00000000,0.00000000,0.00000000,0.00000000,0.00000000,0.00000000,0.00000000,0.00000000,0.00000000,0.00000000,0.00000000,0.00000000,0.00000000,0.00000000,0.00000000,0.00000000,0.00666859,0.00000000,0.00000000,0.00261682,0.00000000,0.00305464,0.00000000,0.00000000,0.00000000,0.00000000,0.00000000,0.00000000,0.00607310,0.00000000,0.00000000,0.00000000,0.00000000,0.00000000,0.00000000,0.00000000,0.00000000,0.00587344,0.00000000,0.00000000,0.00000000,0.00000000,0.00000000,0.01268528,0.00000000,0.02921489,0.00000000,0.00000000,0.00000000,0.00000000,0.00000000,0.00000000,0.00000000,0.00000000,0.00000000,0.00000000,0.00000000,0.00000000,0.00319228,0.00000000,0.00000000,0.00000000,0.00000000,0.00000000,0.00000000,0.00256474,0.00084610,0.00000000,0.00000000,0.00103397,0.00000000,0.00000000,0.00000000,0.21731966,0.00000000,0.00000000,0.00000000,0.00000000,0.00000000,0.00000000,0.00295115,0.00000000,0.00000000,0.00000000,0.00113642,0.00000000,0.00000000,0.00000000,0.00000000,0.00085606,0.00000000,0.00000000,0.00000000,0.00000000,0.00000000,0.00000000,0.00000000,0.00000000,0.00000000,0.00000000,0.00000000,0.00000000,0.00000000,0.00000000,0.00000000,0.31783498,0.00000000,0.00000000,0.00000000,0.00000000,0.00000000,0.02937163,0.01095557,0.00000000,0.00102330,0.00987358,0.00000000,0.00219657,0.00000000,0.00000000,0.00000000,0.00000000,0.00000000,0.00000000,0.00000000,0.00000000,0.00694582,0.00000000,0.00000000,0.00000000,0.00000000,0.00000000,0.00000000,0.00000000,0.00000000,0.00000000,0.00000000,0.00000000,0.00000000,0.00000000,0.00000000,0.00000000,0.00000000,0.00000000,0.01221789,0.00000000,0.00000000,0.00000000,0.00000000,0.01285086,0.00000000,0.00000000,0.00000000,0.00000000,0.00000000,0.00000000,0.00000000,0.00000000,0.00000000,0.00000000,0.00000000,0.00000000,0.00000000,0.00000000,0.00000000,0.00000000,0.00000000,0.00000000,0.00000000,0.00000000,0.00000000,0.00000000,0.05193535,0.00000000,0.00000000,0.00643836,0.00000000,0.00000000,0.00000000,0.00000000,0.00000000,0.00000000,0.00000000,0.00000000,0.00000000,0.00000000,0.00000000,0.00000000,0.00000000,0.00333038,0.00000000,0.00000000,0.00000000,0.71749831,0.00079193,0.00568281,0.00000000,0.00000000,0.00000000,0.00000000,0.00000000,0.00000000,0.00000000,0.00000000,0.00000000,0.00000000,0.00000000,0.00000000,0.00000000,0.00000000,0.00000000,0.00000000,0.00000000,0.00000000,0.00000000,0.00000000,0.00000000,0.00000000,0.00000000,0.00000000,0.00000000,0.00000000,0.00000000,0.00000000,0.00216426,0.00000000,0.00000000,0.00000000,0.00000000,0.00000000,0.00000000,0.00000000,0.00000000,0.00000000,0.00000000,0.00000000,0.00000000,0.00000000,0.02683178,0.00000000,0.00000000,0.00743714,0.00000000,0.00000000,0.00000000,0.00000000,0.00000000,0.00000000,0.00000000,0.00000000,0.00000000,0.00000000,0.00000000,0.00000000,0.00000000,0.00000000,0.00000000,0.00000000,0.00000000,0.00000000,0.00000000,0.00000000,0.00000000,0.00000000,0.13266894,0.00000000,0.00000000,0.00000000,0.00000000,0.00000000,0.00000000,0.00000000,0.00000000,0.00000000,0.00000000,0.00000000,0.00801939,0.00213184,0.00000000,0.00000000,0.01664724,0.00505160,0.00000000,0.00000000,0.00000000,0.02430412,0.00000000,0.00000000,0.00000000,0.00000000,0.00000000,0.00000000,0.00000000,0.00625262,0.00000000,0.00000000,0.00000000,0.00000000,0.00000000,0.00000000,0.00000000,0.00000000,0.00000000,0.00697275,0.04639699,0.00000000,0.00000000,0.00000000,0.00000000,0.00000000,0.00000000,0.00000000,0.00000000,0.00000000,0.00000000,0.00000000,0.00000000,0.00000000,0.00722418,0.12593159,0.00000000,0.02099898,0.00000000,0.01411050,0.00000000,0.00068548,0.00000000,0.00000000,0.00000000,0.00000000,0.00000000,0.03490226,0.00000000,0.00000000,0.00000000,0.00000000,0.00000000,0.02493083,1.17856211,0.00000000,0.00000000,0.00097173,0.00000000,0.00000000,0.00000000,0.00000000,0.00000000,0.00000000,0.00000000,0.00000000,0.00000000,0.00000000,0.00000000,0.00000000,0.00000000,0.01705898,0.00000000,0.01090191,0.00000000,0.00782281,0.00083729,0.00000000,0.01194592,0.00000000,0.02823165,0.00000000,0.00000000,0.00203184,0.00000000,0.00000000,0.00111738,0.00000000,0.00000000,0.00000000,0.00000000,0.00000000,0.00234725,0.00000000,0.03016786,0.00000000
0.00000000,0.00000000,0.00000000,0.00000000,0.00000000,0.00000000,0.00000000,0.00000000,0.00000000,0.00000000,0.00000000,0.00000000,0.00000000,0.00000000,0.00000000,0.00000000,0.00000000,0.00000000,0.00000000,0.00000000,0.00000000,0.00185049,0.00113906,0.00000000,0.00000000,0.00000000,0.00000000,0.00000000,0.00000000,0.00000000,0.00000000,0.00444006,0.00000000,0.00000000,0.00000000,0.00000000,0.00000000,0.00556324,0.00000000,0.00000000,0.03149033,0.00000000,0.00000000,0.00000000,0.00000000,0.00383377,0.00000000,0.01043698,0.00784024,0.00000000,0.00000000,0.00000000,0.00000000,0.00000000,0.00000000,0.00000000,0.00000000,0.00000000,0.00000000,0.00000000,0.00000000,0.00000000,0.00000000,0.00000000,0.00000000,0.00000000,0.00000000,0.04132295,0.02477115,0.00000000,0.00000000,0.01780153,0.00000000,0.00000000,0.00000000,0.00000000,0.00000000,0.00000000,0.00000000,0.00000000,0.00000000,0.00000000,0.00000000,0.00000000,0.00000000,0.00000000,0.00000000,0.00234571,0.00000000,0.00000000,0.00000000,0.21095332,0.00496555,0.00000000,0.00000000,0.00000000,0.02802014,0.00000000,0.01758270,0.00000000,0.00756866,0.00000000,0.00000000,0.00000000,0.00000000,0.00000000,0.00000000,0.00000000,0.00216899,0.00000000,0.00000000,0.00000000,0.00000000,0.00000000,0.00000000,0.00000000,0.00000000,0.00000000,0.00000000,0.00000000,0.00000000,0.00000000,0.00000000,1.09827492,0.00000000,0.00000000,0.00000000,0.00000000,0.00273202,0.00000000,0.00000000,0.00000000,0.00000000,0.00000000,0.00000000,0.00000000,0.00000000,0.00000000,0.00000000,0.00000000,0.00000000,0.00379622,0.00000000,0.01747286,0.00000000,0.00000000,0.00000000,0.00000000,0.00000000,0.00000000,0.00000000,0.00000000,0.00000000,0.00000000,0.00000000,0.00000000,0.00000000,0.00000000,0.04488077,0.00000000,0.00000000,0.00000000,0.01375261,0.00000000,0.00000000,0.00000000,0.00000000,0.00000000,0.00158514,0.00000000,0.00000000,0.00000000,0.00000000,0.00000000,0.00000000,0.00000000,0.00000000,0.00000000,0.00000000,0.00000000,0.02178847,0.00000000,0.00000000,0.00000000,0.00000000,0.05115396,0.00000000,0.00091668,0.00456479,0.00000000,0.00000000,0.00000000,0.00000000,0.00738793,0.13317923,0.00000000,0.00254972,0.00000000,0.00000000,0.00000000,0.00000000,0.00000000,0.00316837,0.00000000,0.00000000,0.00000000,0.00000000,0.00000000,0.00000000,0.00000000,0.00000000,0.00000000,0.00139734,0.00000000,0.00170035,0.00000000,0.00000000,0.00000000,0.00000000,0.00000000,0.00000000,0.03673293,0.00000000,0.00000000,0.00000000,0.01771751,0.00000000,0.00000000,0.00000000,0.00000000,0.00000000,0.00000000,0.00000000,0.00000000,0.00000000,0.00000000,0.00000000,0.00000000,0.00000000,0.00000000,0.00000000,0.00000000,0.00000000,0.03688188,0.00000000,0.00000000,0.00000000,0.00000000,0.00000000,0.00000000,0.00000000,0.00000000,0.00000000,0.00446421,0.00000000,0.86959600,0.00000000,0.00000000,0.00000000,0.00000000,0.00000000,0.00000000,0.00000000,0.00000000,0.00000000,0.00000000,0.00000000,0.00150397,0.00000000,0.00000000,0.00000000,0.00000000,0.00000000,0.00000000,0.02588820,0.00000000,0.00772674,0.00000000,0.00177722,0.00000000,0.00000000,0.00000000,0.00000000,0.00000000,0.00000000,0.00000000,0.00000000,0.00000000,0.00000000,0.00000000,0.00000000,0.06147046,0.00000000,0.00091699,0.00000000,0.00000000,0.00000000,0.00000000,0.00000000,0.00000000,0.00000000,0.00000000,0.00000000,0.00000000,0.00000000,0.00000000,0.00000000,0.00000000,0.00000000,0.00000000,0.00000000,0.00000000,0.00000000,0.00000000,0.00000000,0.00000000,0.00295839,0.00000000,0.00000000,0.00000000,0.00000000,0.00000000,0.00000000,0.00000000,0.00000000,0.00000000,0.00000000,0.00000000,0.00000000,0.00000000,0.00000000,0.00000000,0.00000000,0.00000000,0.00000000,0.00000000,0.00000000,0.00000000,0.00000000,0.00000000,0.00000000,0.00000000,0.00000000,0.00000000,0.00000000,0.00000000,0.04016305,0.00000000,0.00000000,0.00892257,0.00000000,0.00000000,0.00293203,0.00709614,0.00000000,0.00000000,0.00000000,0.00000000,0.00000000,0.00000000,0.00000000,0.00000000,0.00000000,0.00000000,0.00000000,0.00000000,0.00000000,0.00000000,0.00000000,0.00000000,0.00000000,0.00000000,0.00000000,0.00000000,0.00000000,0.05169944,0.00000000,0.00000000,0.00000000,0.00000000,0.00000000,0.00000000,0.00095515,0.00000000,0.00000000,0.00000000,0.00000000,0.06348313,0.00000000,0.00000000,0.00907923,0.00000000,0.00000000,0.00000000,0.00000000,0.00000000,0.00522515,0.00000000,0.04698781,0.00000000,0.00000000,0.00000000,0.00000000,0.00000000,0.00000000,0.00000000,0.00000000,0.00000000,0.00000000,0.00000000,0.00000000,0.00000000,0.00000000,0.00000000,0.34238748,0.00000000,0.00000000,0.00000000,0.00000000,0.00123196,0.00000000,0.00000000,0.00000000,0.00000000,0.00000000,0.00000000,0.00000000,0.00000000,0.00000000,0.00869683,0.00000000,0.00000000,0.00565739,0.00000000,0.00000000,0.00000000,0.00000000,0.00000000,0.00000000,0.00000000,0.00000000,0.00000000,0.00000000,0.00000000,0.00000000,0.00000000,0.00000000,0.00000000,0.00000000,0.00000000,0.00000000,0.00000000,4.81500958,0.00000000,0.54154128,0.00000000,0.00000000,0.00313302,0.00000000,0.00000000,0.01842024,0.00000000,0.00000000,0.00000000,0.00000000,0.00000000,0.00000000,0.00000000,0.00000000,0.00000000,0.00000000,0.00000000,0.00000000,0.00000000,0.00000000,0.00000000,0.00993275,0.00000000,0.00000000,0.00000000,0.00000000,0.17757705,0.00000000,0.00000000,0.00000000,0.00000000,0.00000000,0.00388711,0.00000000,0.00000000,0.00000000,0.01355630,0.00000000,0.00000000,0.00000000,0.00000000,0.00000000,0.00574970,0.00000000,0.00000000,0.00000000,0.00000000,0.00206769,0.00000000,0.00000000,0.00000000,0.00000000,0.00000000,0.00000000,0.00000000,0.00000000,0.00000000,0.00000000,0.00000000,0.00000000,0.00000000,0.00000000,0.00000000,0.00000000,0.00000000,0.00000000,0.00000000,0.00000000,0.00575292,0.00000000,0.00000000,0.02694193,0.00000000,0.00000000,0.00000000,0.00000000,0.00000000,0.00000000,0.00000000,0.00000000,0.00000000,0.00889802,0.00000000,0.00000000,0.00000000,0.00000000,0.00000000,0.00000000,0.00000000,0.00000000,0.00000000,0.00000000,0.00000000,0.00000000,0.00000000,0.01462487,0.00000000,0.00000000,1.05589702,0.00000000,0.00000000,0.00000000,0.00000000,0.00000000,0.00000000,0.00000000,0.00000000,0.00000000,0.00000000,0.00000000,0.00000000,0.17776169,0.00000000,0.00000000,0.00000000,0.00000000,0.00000000,0.00435662,0.00000000,0.00000000,0.00302272,0.00000000,0.00143147,0.00000000,0.00000000,0.00000000,0.01093102,0.00000000,0.00000000,0.00000000,0.00000000,0.00000000,0.00000000,0.00000000,0.00000000,0.00000000,0.00000000,0.00000000,0.00000000,0.00000000,0.00000000,0.00000000,0.00000000,0.00000000,0.01021928,0.00897613,0.00000000,0.00000000,0.00000000,0.00000000,0.00000000,0.00000000,0.00000000,0.00810469,0.00000000,0.00000000,0.00000000,0.00000000,0.00000000,0.02891545,0.00000000,0.00000000,0.00000000,0.00000000,0.00000000,0.00000000,0.00000000,0.00000000,0.00000000,0.00000000,0.03886706,0.00000000,0.00000000,0.00000000,0.00000000,0.00000000,0.00000000,0.00000000,0.00000000,0.00000000,0.00000000,0.00000000,0.00000000,0.00000000,0.00000000,0.00000000,0.00000000,0.00000000,0.00000000,0.00000000,0.00000000,0.00000000,0.00000000,0.00000000,0.00000000,0.00000000,0.00845507,0.00000000,0.00000000,0.00000000,0.00263775,0.26030963,0.00000000,0.00000000,0.00000000,0.00000000,0.00000000,0.00000000,0.00000000,0.01230041,0.00000000,0.00000000,0.00000000,0.00601296,0.00000000,0.01054575,0.01395797,0.00000000,0.00000000,0.00000000,0.00000000,0.00000000,0.00000000,0.00000000,0.03915241,0.00000000,0.00000000,0.00000000,0.00000000,0.00000000,0.00000000,0.00000000,0.00000000,0.00000000,0.00000000,0.00000000,0.00000000,0.00000000,0.00000000,0.00000000,0.00000000,0.00000000,0.00000000,0.00000000,0.00000000,0.00000000,0.00000000,0.00000000,0.00000000,0.00364315,0.00000000,0.00000000,0.00000000,0.01796341,0.00000000,0.00000000,0.00665349,0.00000000,0.00000000,0.00000000,0.00164888,0.00000000,0.00000000,0.00000000,0.00000000,0.00116703,0.00000000,0.00000000,0.00000000,0.00000000,0.00000000,0.00000000,0.00000000,0.00000000,0.00000000,0.00000000,0.00000000,0.00000000,0.00000000,0.00000000,0.00000000,0.00000000,0.00000000,0.00000000,0.00000000,0.00000000,0.02731505,0.00000000,0.00000000,0.00000000,0.00000000,1.26564806,3.54860589,0.00000000,0.00000000,0.47196077,0.00000000,0.00000000,0.00000000,0.00066259,0.00000000,0.00000000,0.00722838,0.00000000,0.00000000,0.00000000,0.00000000,0.00000000,0.07411432,0.00987657,0.00000000,0.00202865,0.00000000,0.00000000,0.00000000,0.01869492,0.00000000,0.00418552,0.00000000,0.00000000,0.00000000,0.00000000,0.00000000,0.00000000,0.00210130,0.00000000,0.00000000,0.00000000,0.00000000,0.00000000,0.00283659,0.00000000,0.00000000,0.00000000,0.00147019,0.00000000,0.00000000,0.00000000,0.00000000,0.00000000,0.00000000,0.00428315,0.00000000,0.00000000,0.00000000
0.00143403,0.00988594,0.00000000,0.00000000,0.00000000,0.00000000,0.00000000,0.00000000,0.00000000,0.00000000,0.00000000,0.00000000,0.00000000,0.00000000,0.00000000,0.00000000,0.00000000,0.00000000,0.00000000,0.00000000,0.00000000,0.00116652,0.00000000,0.00000000,0.00000000,0.00000000,0.00000000,0.00000000,0.00000000,0.00000000,0.00000000,0.00000000,0.00000000,0.00899099,0.01319118,0.00000000,0.00000000,0.00000000,0.00000000,0.00000000,0.00000000,0.00000000,0.00293216,0.00000000,0.00000000,0.00000000,0.00000000,0.00000000,0.00000000,0.00000000,0.00000000,0.00505761,0.00000000,0.00000000,0.00000000,0.00000000,0.00000000,0.00000000,0.00000000,0.00000000,0.00000000,0.00000000,0.00000000,0.00000000,0.00000000,0.00000000,0.00000000,0.00442939,0.00000000,0.00000000,0.00000000,0.00000000,0.00000000,0.00000000,0.00000000,0.00000000,0.00000000,0.00000000,0.00000000,0.00000000,0.00000000,0.00000000,0.00000000,0.00000000,0.00000000,0.00000000,0.00000000,0.00695469,0.00000000,0.00000000,0.00000000,0.00000000,0.00000000,0.00000000,0.00000000,0.00000000,0.00000000,0.00000000,0.01693580,0.00000000,0.00000000,0.00000000,0.00000000,0.00000000,0.00000000,0.00000000,0.00000000,0.00000000,0.00416294,0.04262536,3.63168170,0.31970244,0.00000000,0.01127685,0.00000000,0.00000000,0.00000000,0.00000000,0.00000000,0.00000000,0.00000000,0.00000000,0.00000000,0.18018917,0.00000000,0.00000000,0.00000000,0.00000000,0.00000000,0.00000000,0.00000000,0.00000000,0.00000000,0.00000000,0.00000000,0.00000000,0.00000000,0.00000000,0.00000000,0.00000000,0.00000000,0.00000000,0.00000000,0.00000000,0.00000000,0.00000000,0.00377709,0.00805678,0.00000000,0.00000000,0.00000000,0.00000000,0.00000000,0.00000000,0.00000000,0.00000000,0.00000000,0.00000000,0.00000000,0.00000000,0.00000000,0.00000000,0.00000000,0.00000000,0.00000000,0.00000000,0.00000000,0.00000000,0.00000000,0.00000000,0.00000000,0.00000000,0.00000000,0.00000000,0.00460071,0.00000000,0.00000000,0.00000000,0.00000000,0.00000000,0.00000000,0.00117828,0.00000000,0.00718385,0.00000000,0.00689090,0.02227136,0.00000000,0.00000000,0.00000000,0.00000000,0.00000000,0.00000000,0.00000000,0.00000000,0.00000000,0.00000000,0.00000000,0.00000000,0.00000000,0.00469984,0.00000000,0.00000000,0.00000000,0.00000000,0.00284519,0.00000000,0.00000000,0.00000000,0.00000000,0.00000000,0.00000000,0.00000000,0.00079182,0.00000000,0.00000000,0.00000000,0.00000000,0.00000000,0.00484402,0.00000000,0.00000000,0.00000000,0.00000000,0.00000000,0.00000000,0.00000000,0.00000000,0.00000000,0.00000000,0.00580608,0.00000000,0.00000000,0.00000000,0.00000000,0.00000000,0.00000000,0.00000000,0.00355697,0.00076314,0.03257167,0.00000000,0.00000000,0.00000000,0.00000000,0.00000000,0.00000000,0.00000000,0.00000000,0.00076297,0.00000000,0.00000000,0.00815239,0.00000000,0.00000000,0.00000000,0.00000000,0.00000000,0.00000000,0.00000000,0.00462783,0.52121070,0.00000000,0.00000000,0.00000000,0.00000000,0.00528466,0.00000000,0.00000000,0.00000000,0.00000000,0.00000000,0.00000000,0.00000000,0.00000000,0.00000000,0.00000000,0.00000000,0.00000000,0.00000000,0.00000000,0.00000000,0.00000000,0.00000000,0.31234267,0.00000000,0.00000000,0.00000000,0.00000000,0.00000000,0.00000000,0.00000000,0.00000000,0.00000000,0.00000000,0.00000000,0.01655663,0.00000000,0.00588489,0.00000000,0.00000000,0.03246333,0.00000000,0.00000000,0.00925516,0.00000000,0.75464692,0.00000000,0.00095108,0.00000000,0.00000000,0.00000000,0.00000000,0.00000000,0.00000000,0.00000000,0.00000000,0.00000000,0.00000000,0.00000000,0.00000000,0.00000000,0.00000000,0.00000000,0.00000000,0.00098883,0.00000000,0.00000000,0.00000000,0.00223261,0.00000000,0.00000000,0.00000000,0.00000000,0.00000000,0.00000000,0.00386541,0.00000000,0.00000000,0.00000000,0.00000000,0.00000000,0.00000000,0.00000000,0.00000000,0.00000000,0.03571525,0.00000000,0.00173603,0.00000000,0.00000000,0.00000000,0.00000000,0.00000000,0.00000000,0.00000000,0.00000000,0.00000000,1.84805670,0.00000000,0.00000000,0.00000000,0.00000000,0.00000000,0.00000000,0.00000000,0.02535470,0.00000000,0.00000000,0.09113374,0.00000000,0.42053686,0.00000000,0.00000000,0.00000000,0.00000000,0.00000000,0.00000000,0.00000000,0.00000000,0.00000000,0.00000000,0.00264898,0.00000000,0.00000000,0.07716040,0.00000000,0.00000000,0.00000000,0.00000000,0.00000000,0.00548426,0.00000000,0.00000000,0.00000000,0.00522515,0.00000000,0.00000000,0.00000000,0.00000000,0.00063461,0.00000000,0.00000000,0.00000000,0.02254487,0.00000000,0.00000000,0.00000000,0.00000000,0.00000000,0.00000000,0.00000000,0.00000000,0.00000000,0.00000000,0.00000000,0.00963671,0.00000000,0.00000000,0.00000000,0.00000000,0.00080443,0.00000000,0.00000000,0.00000000,0.00000000,0.02425468,0.00000000,0.00000000,0.00303985,0.00000000,0.00000000,0.00000000,0.00000000,0.00000000,0.00000000,0.25517843,0.00000000,0.00000000,0.00000000,0.00000000,0.00000000,0.00000000,0.00000000,0.00000000,0.00000000,0.00642389,0.02889439,0.04276171,0.00000000,0.00000000,0.00000000,0.00000000,0.00000000,0.09989900,0.00000000,0.00296244,0.00000000,0.00000000,0.00000000,0.00000000,0.00000000,0.00000000,0.00358774,0.00000000,0.00000000,0.00000000,0.00000000,0.00000000,0.00000000,0.00000000,0.00000000,0.00000000,0.00000000,0.00000000,0.00000000,0.00000000,0.00000000,0.00000000,0.00000000,0.00000000,0.00155388,0.00000000,0.00000000,0.00000000,0.00000000,0.00846945,0.00000000,0.15917933,0.00000000,0.00000000,0.04056186,0.00000000,0.00000000,0.00000000,0.00000000,0.00000000,0.00000000,0.00000000,0.00000000,0.00000000,0.00000000,0.06664376,0.00000000,0.02508108,0.00000000,0.00000000,0.00000000,0.00000000,0.00000000,0.00000000,0.00000000,0.00000000,0.00000000,0.00000000,0.00000000,0.01282842,0.00000000,0.00000000,0.00000000,0.00000000,0.00000000,0.00000000,0.00000000,0.00000000,0.00000000,0.00000000,0.00000000,0.00000000,0.00000000,0.00000000,0.00000000,0.00000000,0.00117842,0.00000000,0.00000000,0.00000000,0.00000000,0.00000000,0.00000000,0.04059496,0.00000000,0.00000000,0.00000000,0.00000000,0.00000000,0.00000000,0.00000000,0.00000000,0.00000000,0.00000000,0.00000000,0.00000000,0.00000000,0.00000000,0.00000000,0.00000000,0.00000000,0.01445385,0.00000000,0.00000000,0.00000000,0.00000000,0.00000000,0.00000000,0.00000000,0.02339033,0.00000000,0.00000000,0.00000000,0.00000000,0.00000000,0.00000000,0.00000000,0.00000000,0.00000000,0.00656956,0.00389474,0.00000000,0.00000000,0.00000000,0.00000000,0.00000000,0.00000000,0.00000000,0.00000000,0.00000000,0.00000000,0.00000000,0.01026169,0.00000000,0.00000000,0.00000000,0.00000000,0.05037269,0.00000000,0.00000000,0.00000000,0.00000000,0.00000000,0.00000000,0.00000000,0.00000000,0.00000000,2.33265209,0.00000000,0.00000000,0.00000000,0.00000000,0.00000000,0.00000000,0.00000000,0.01603335,0.00000000,0.00000000,0.00000000,0.02916247,0.01076338,0.00000000,0.00000000,0.00000000,0.00000000,0.00000000,0.00000000,0.00000000,0.00000000,0.00000000,0.00500119,0.03030367,0.00000000,0.00000000,0.00000000,0.00000000,0.00000000,0.00000000,0.00000000,0.00000000,0.00000000,0.00000000,0.00550337,0.00000000,0.00000000,0.00000000,0.00000000,0.00000000,0.00000000,0.00000000,0.00000000,0.04973236,0.00000000,0.00000000,0.00000000,1.08638593,0.00000000,0.00000000,0.00000000,0.00000000,0.02147480,0.00000000,0.00000000,0.00000000,0.00000000,0.00000000,0.00000000,0.00000000,0.00000000,0.00000000,0.00000000,0.00000000,0.00000000,0.00000000,0.09087877,0.00000000,0.00000000,0.00000000,0.00000000,0.00000000,0.00000000,0.00000000,0.00000000,0.00000000,0.00743444,0.00000000,0.00000000,0.01881523,0.00000000,0.00000000,2.74307581,0.00000000,0.00000000,0.00000000,0.00000000,0.00000000,0.00277256,0.00378794,0.00000000,0.00000000,0.00000000,0.07217381,0.00000000,0.01310759,0.00000000,0.00000000,0.00000000,0.00000000,0.00000000,0.00000000,0.00000000,0.00000000,0.00000000,0.00000000,0.00000000,0.00000000,0.00000000,0.00000000,0.00000000,0.00000000,0.00000000,0.00000000,0.00000000,0.00000000,0.00800040,0.00000000,0.00000000,0.00000000,0.00000000,0.00000000,0.00000000,0.00000000,0.00670615,0.00000000,0.00000000,0.00549601,0.00000000,0.00000000,0.00000000,0.00000000,0.00000000,0.00000000,0.00000000,0.00000000,0.00000000,0.00000000,0.00000000,0.00000000,0.00000000,0.00000000,0.00000000,0.04090836,0.00000000,0.00000000,0.00000000,0.00583305,0.00000000,0.00000000,0.00000000,0.00610684,0.00000000,0.14363181,0.00000000,0.00000000,0.00000000,0.00000000,0.00000000,0.00000000,0.00000000,0.00000000,0.30515621,0.00000000,0.00000000,0.00000000,0.00000000,0.00000000,0.00000000,0.00000000,0.00000000,0.00000000,0.01390246,0.00000000,0.00000000,0.00000000,0.00000000,0.00000000,0.00000000,0.00000000,0.00000000,0.00000000,0.00000000,0.16213119,0.00000000,0.00000000,0.00000000,0.00000000,0.00000000,0.00000000,0.06994496,0.00000000,0.00000000,0.02049770,0.00000000
0.00365538,0.00000000,0.00000000,0.00000000,0.00000000,0.00000000,0.00000000,0.00382740,0.00000000,0.00000000,0.00000000,0.00000000,0.00199419,0.07448729,0.00000000,0.00000000,0.00000000,0.00000000,3.09956890,0.00000000,0.00000000,0.00000000,0.00359583,0.00000000,0.00000000,0.00000000,0.00000000,0.00000000,0.00000000,0.00000000,0.01208793,0.00000000,0.00000000,0.00000000,0.00000000,0.00000000,0.00000000,0.00000000,0.03479544,0.00000000,0.00000000,0.00000000,0.00000000,0.00000000,0.00000000,0.00000000,0.00000000,0.00000000,0.00000000,0.00000000,0.00000000,0.00000000,0.00430975,0.00000000,0.00000000,0.00516446,0.00000000,0.00000000,0.00000000,0.00100979,0.00000000,0.00000000,0.00000000,0.00000000,0.00000000,0.00000000,0.09019997,0.00000000,0.83263124,0.00000000,0.00000000,0.00000000,0.00000000,0.00000000,0.00000000,0.00000000,0.00000000,0.00000000,0.00000000,0.00000000,0.00000000,0.00000000,0.00623144,0.00000000,0.00000000,0.00000000,0.00000000,0.00000000,0.00000000,0.00000000,0.00000000,0.00000000,0.01505405,0.00000000,0.00340385,0.00000000,0.00000000,0.00000000,0.00000000,0.00000000,0.00621701,0.00000000,0.00000000,0.00000000,0.00000000,0.00000000,0.00000000,0.00000000,0.02581516,0.00000000,0.00000000,0.00000000,0.00000000,0.00000000,0.00000000,0.00000000,0.00000000,0.00000000,0.01359627,0.00000000,0.00000000,0.00000000,0.00000000,0.00000000,0.00000000,0.00000000,0.00000000,0.00000000,0.00000000,0.00000000,0.00000000,0.74999054,0.00000000,0.00102617,0.00000000,0.00000000,0.00000000,0.00000000,0.00000000,0.00000000,0.00000000,0.00000000,0.00000000,0.00000000,0.00000000,0.00000000,0.00000000,0.00000000,0.00000000,0.00000000,0.01207332,0.00000000,0.00000000,0.00000000,0.00000000,0.00000000,0.00000000,0.00000000,0.00000000,0.06130635,0.00000000,0.00000000,0.00000000,0.00000000,0.00000000,0.00000000,0.00000000,0.00000000,0.00000000,0.00000000,0.00000000,0.00000000,0.00000000,0.00802863,0.00097607,0.00000000,0.00000000,0.00000000,0.00000000,0.00000000,0.00000000,0.00000000,0.00000000,0.00000000,0.00000000,0.00000000,0.00000000,0.00000000,0.00179958,0.00000000,0.00000000,0.00000000,0.00000000,0.00000000,0.00000000,0.00000000,0.00000000,0.00000000,0.00000000,0.00000000,0.00000000,0.00000000,0.00000000,0.00000000,0.00000000,0.00000000,0.00000000,0.00000000,0.00000000,0.00000000,0.00000000,0.00000000,0.00000000,0.00000000,0.00000000,0.00000000,0.00000000,0.00000000,0.00000000,0.00000000,0.00000000,0.00000000,0.00000000,0.00000000,0.04276400,0.10641769,0.00000000,0.00000000,0.00000000,0.00000000,0.00000000,0.00000000,0.00000000,0.00000000,0.00000000,0.01671291,0.00000000,0.00000000,0.00000000,0.00000000,0.00000000,0.00000000,0.00000000,0.00000000,0.00000000,0.00000000,0.00338257,0.00000000,0.00000000,0.00000000,0.00000000,0.72079852,0.00000000,0.00000000,0.00000000,0.00000000,0.00000000,0.01623679,0.00000000,0.00000000,0.00000000,0.00000000,0.00000000,0.00000000,0.00000000,0.00000000,0.02662555,0.00000000,0.00000000,0.00000000,0.00000000,0.00000000,0.00000000,0.00000000,0.00066275,0.00000000,0.00000000,0.00000000,0.00000000,0.00000000,0.00000000,0.00000000,0.00000000,0.00000000,0.00000000,0.00172747,0.00000000,0.00000000,0.00000000,0.00000000,0.00000000,0.00000000,0.00000000,0.00000000,0.00321597,0.00000000,0.00000000,0.00000000,0.00000000,0.00000000,0.00000000,0.00000000,0.00000000,0.00000000,0.00000000,0.00000000,0.00000000,0.00000000,0.00488339,0.00000000,0.00000000,0.01818235,0.00000000,0.00000000,0.00000000,0.00000000,0.00568096,0.00000000,0.00000000,0.16090256,0.00000000,0.00000000,0.00000000,0.00808592,0.00000000,0.00000000,0.00000000,0.00965310,0.00000000,0.00000000,0.00000000,0.00000000,0.00000000,0.00000000,0.00000000,0.00000000,0.00000000,0.00000000,0.00000000,0.00000000,0.00000000,0.00000000,0.00000000,0.00000000,0.00000000,0.00000000,0.00000000,0.00000000,0.00000000,0.00000000,0.00000000,0.00000000,0.00000000,0.00000000,0.00000000,0.00000000,0.00000000,0.00000000,0.00000000,0.00000000,0.00000000,0.00322060,0.00000000,0.00000000,0.00000000,0.00000000,0.00000000,0.00000000,0.00000000,0.00000000,0.00000000,0.00000000,0.00000000,0.00000000,0.00000000,0.00000000,0.03691503,0.00653789,0.00000000,0.00000000,0.00000000,0.00000000,0.00000000,0.00996587,0.00000000,0.00627320,0.00463900,0.00000000,0.00000000,0.00000000,0.00000000,0.00000000,0.00000000,0.35308062,0.00039249,0.00000000,0.00000000,0.00000000,0.00000000,0.13786664,0.00000000,0.00591562,0.00000000,0.00532210,0.00000000,0.00000000,0.00000000,0.00000000,0.00000000,0.00000000,0.00000000,0.00000000,0.00000000,0.00167493,0.00000000,0.00000000,0.00000000,0.00000000,0.00000000,0.00000000,0.00000000,4.90851570,0.00000000,0.00000000,0.00000000,0.00000000,0.00000000,0.00000000,0.00000000,0.00000000,0.00000000,0.00394306,0.00000000,0.00000000,0.06556992,0.01280375,0.00000000,0.00000000,0.00000000,0.00000000,0.00000000,0.00000000,0.00000000,0.00000000,0.00000000,0.00000000,0.00000000,0.00000000,0.01041331,0.00000000,0.00000000,0.00000000,0.00000000,0.00000000,0.00000000,0.00000000,0.00000000,0.00000000,0.00000000,0.03112521,0.00000000,0.00000000,0.00000000,0.06164948,0.00000000,0.00000000,0.00000000,0.00000000,0.00000000,0.00000000,0.00000000,0.00000000,0.00000000,0.00000000,0.00000000,0.00000000,0.00000000,0.00000000,0.00000000,0.00000000,0.00000000,0.00000000,0.00000000,0.00000000,0.00000000,0.00000000,0.00000000,0.00000000,0.00000000,0.00000000,0.00000000,0.00190971,0.00000000,0.00000000,0.00000000,0.00000000,0.00000000,0.00000000,0.00000000,0.00000000,0.27078719,0.00000000,0.00000000,0.07824393,0.00000000,0.00000000,0.00000000,0.00000000,0.00000000,0.00000000,0.14658190,0.00000000,0.00000000,0.00000000,0.00000000,0.00000000,0.00000000,0.00000000,0.00000000,0.00000000,0.00000000,0.00000000,0.00000000,0.00000000,0.00138852,0.00000000,0.07858607,0.00000000,0.00000000,0.01309819,0.00000000,0.00000000,0.00000000,0.00000000,0.00000000,0.00000000,0.00000000,0.00000000,0.00000000,0.00000000,0.00000000,0.00000000,0.00000000,0.00000000,0.00000000,0.00000000,0.00000000,0.00000000,0.00495636,0.00000000,0.00000000,0.00000000,0.00000000,0.00000000,0.00000000,0.00000000,0.00000000,0.00000000,0.00073345,0.00000000,0.00000000,0.00000000,0.00000000,0.93861359,0.00780332,0.00000000,0.00000000,0.00000000,0.00000000,0.00000000,0.00000000,0.00000000,0.00000000,0.00000000,0.00760991,0.00000000,0.00000000,0.01009015,0.00000000,0.00000000,0.00000000,0.00000000,0.01052048,0.00000000,0.00000000,0.00000000,0.00000000,0.00000000,0.00000000,0.00000000,0.00000000,0.01239304,0.00000000,0.00000000,0.00000000,0.00000000,0.00000000,0.00000000,0.00000000,0.00829967,0.00000000,0.45145746,0.00079833,0.00000000,0.00000000,0.00000000,0.00000000,0.00339300,1.14840592,0.00000000,0.00504001,0.00000000,0.00392540,0.00000000,0.00000000,0.00000000,0.00000000,0.00000000,0.00000000,0.00000000,0.00000000,0.00000000,0.00000000,0.08854967,0.00000000,0.00000000,0.00000000,0.00000000,0.00000000,0.00000000,0.00000000,0.00000000,0.00000000,0.00000000,0.00000000,0.00000000,0.00000000,0.00000000,0.00687378,0.00000000,0.00000000,0.00000000,0.00000000,0.00000000,0.00000000,0.00000000,0.00000000,0.00000000,0.00000000,0.00000000,0.00000000,0.00000000,0.00000000,0.00000000,0.00000000,0.00000000,0.00000000,0.00000000,0.00000000,0.00941994,0.00000000,0.06979245,0.00000000,0.00289307,0.00000000,0.00000000,0.00000000,0.00000000,0.00000000,0.00000000,0.00000000,0.00000000,0.00000000,0.00640920,0.00000000,0.00000000,0.00000000,0.00000000,0.00000000,0.00000000,0.00000000,0.00000000,0.00000000,0.00000000,0.00262158,0.00000000,0.00000000,1.07762734,0.00000000,0.00000000,0.00000000,0.00000000,0.00000000,0.00000000,0.00000000,0.00000000,0.00000000,0.00000000,0.00000000,0.00000000,0.00000000,0.00000000,0.00000000,0.02851339,0.00000000,0.00000000,0.00000000,0.00000000,0.00000000,0.00230505,0.00000000,0.00000000,0.00302170,0.00000000,0.00000000,0.00000000,0.00000000,0.00000000,0.00959388,0.00217251,0.00000000,0.00000000,0.00000000,0.00000000,0.00000000,0.00000000,0.00000000,0.00000000,0.00000000,0.00000000,0.00000000,0.00000000,0.00000000,0.00000000,0.00000000,0.00000000,0.00000000,0.00000000,0.00000000,0.00000000,0.00000000,0.00363826,0.04633432,0.00000000,0.00000000,0.00000000,0.00000000,0.03578683,0.00000000,0.00000000,0.00000000,0.00000000,0.00358552,0.00000000,0.00000000,0.03183462,0.25843881,0.00000000,0.04182385,0.00000000,0.00000000,0.00000000,0.00000000,0.00000000,0.00000000,0.00000000,0.00000000,0.00000000,0.00000000,0.00000000,0.00000000,0.00000000,0.00000000,0.00388575,0.00000000,0.00000000,0.02500824,0.01261034,0.00765461,0.00000000,0.00309615,0.00000000,0.00000000,0.00000000,0.00103466,0.02239836,0.00000000,1.67387438,0.00000000,0.00000000,0.00000000,0.00000000,0.00144040,0.00000000,0.00000000,0.00000000,0.00000000,0.00178930,0.00100587,0.00000000
0.00000000,0.00000000,0.00000000,0.00000000,0.00000000,0.69989415,0.00000000,0.00000000,0.00000000,0.01279928,0.00000000,0.00000000,0.00000000,0.00000000,0.00000000,0.00000000,0.00000000,0.00000000,0.00000000,0.00000000,0.02479256,0.00000000,0.00000000,0.00000000,0.00000000,0.00000000,0.00000000,0.00000000,0.00000000,0.00000000,0.03261437,0.00000000,0.00000000,0.00000000,0.00000000,0.00000000,0.00000000,0.00000000,0.01961034,0.00000000,0.00186027,0.00000000,0.00000000,0.00000000,0.00000000,0.00000000,0.00000000,0.00000000,0.00000000,0.06277426,0.00000000,0.00000000,0.00000000,0.00000000,0.00000000,0.00000000,0.00000000,0.00000000,0.00000000,0.02262700,0.00000000,0.00000000,0.00000000,0.00000000,0.00000000,0.00000000,0.00000000,0.01913788,0.00000000,0.00000000,0.00000000,0.00000000,0.00000000,1.10314545,0.00000000,0.00336308,0.00000000,0.00000000,0.00000000,0.00000000,0.00000000,0.00000000,0.00000000,0.00000000,0.00000000,0.00000000,0.01466043,0.00000000,0.00239351,0.00000000,0.00000000,0.00000000,0.00000000,0.00000000,0.00000000,0.00000000,0.00171684,0.00000000,0.00000000,0.00000000,0.00000000,0.00000000,0.00000000,0.00000000,0.02779847,0.00000000,0.00000000,0.00000000,0.00000000,0.00000000,0.00000000,0.07046061,0.01281783,0.00000000,0.00000000,0.00000000,0.00000000,0.00000000,0.00000000,0.02143377,0.00000000,0.00000000,0.00000000,0.00000000,0.00572047,0.00000000,0.00000000,0.00000000,0.00000000,0.00000000,0.00000000,0.00000000,0.00000000,0.00000000,0.00189246,0.00000000,0.00000000,0.00000000,0.02965397,0.00000000,0.00000000,0.00000000,0.00297011,0.00000000,0.00000000,0.00000000,0.00000000,0.00000000,0.00000000,0.00000000,0.00000000,0.00000000,0.00000000,0.00000000,0.00000000,0.00000000,0.00000000,0.00000000,0.00000000,0.00000000,0.00000000,0.00000000,0.22625000,0.00000000,0.00000000,0.00000000,0.00000000,0.00000000,0.00000000,0.03248040,0.00000000,0.00000000,0.00000000,0.00000000,0.00000000,0.00000000,0.00000000,0.00000000,0.00000000,0.00000000,0.00000000,0.00000000,0.00000000,0.00000000,0.00000000,0.01048517,0.00000000,0.00000000,0.00000000,0.00000000,0.00000000,0.00000000,0.00000000,0.00000000,0.00000000,0.00000000,0.00000000,0.00000000,0.00000000,0.00000000,0.00000000,0.00000000,0.00000000,0.00000000,0.00000000,0.00000000,0.00000000,0.00000000,0.00000000,0.00000000,0.00000000,0.00000000,0.00000000,0.00000000,0.00000000,0.00000000,0.00000000,0.00000000,0.00000000,0.00000000,0.00000000,0.00000000,0.00000000,0.00000000,0.00000000,0.00000000,0.00077145,0.00000000,0.00000000,0.00000000,0.00000000,0.00000000,0.00000000,0.00000000,0.00000000,0.00000000,0.00000000,0.00000000,0.00000000,0.00000000,0.00000000,0.00619197,0.02441075,0.00000000,0.00000000,0.00000000,0.00277492,0.00000000,0.00000000,0.00000000,0.00179327,0.00000000,0.00000000,0.00000000,0.01107688,0.00000000,0.00000000,0.00000000,0.00000000,0.00000000,0.00000000,0.00000000,0.00000000,0.00000000,0.00000000,0.00000000,0.00000000,0.00000000,0.00000000,0.02602230,0.00000000,0.00000000,0.00000000,0.00000000,0.00000000,0.00000000,0.00000000,0.00193120,0.00000000,0.00000000,0.00000000,0.00000000,0.00000000,0.00000000,0.00358065,0.00000000,0.00000000,0.00000000,0.00000000,0.00000000,0.00000000,0.00000000,0.00000000,0.00000000,0.00000000,0.00000000,0.00000000,0.00000000,0.00304596,0.00000000,0.00000000,0.00000000,0.00000000,0.00000000,0.00000000,0.00000000,0.00629018,0.00000000,0.00000000,0.00252485,0.00000000,0.00000000,0.00000000,0.00000000,0.00000000,0.00000000,0.24801262,0.00000000,0.00000000,0.00000000,0.00000000,0.00161038,0.00000000,0.00000000,0.00000000,0.00000000,0.05041363,0.00000000,0.00000000,0.03038191,0.00000000,0.00000000,0.00000000,0.00000000,0.00000000,0.00000000,0.00000000,0.00000000,0.00000000,0.03628140,0.00000000,0.00000000,0.00000000,0.00000000,0.00000000,0.00000000,0.00000000,0.00000000,0.16168454,0.00000000,0.00000000,0.00000000,0.00000000,0.00000000,0.00000000,0.00000000,0.00000000,0.00000000,0.00000000,0.00000000,0.00000000,0.00000000,0.00000000,0.00000000,0.00000000,0.00000000,0.00000000,0.00000000,0.00000000,0.00000000,0.00000000,0.00167313,0.00000000,0.00000000,0.00000000,0.00000000,0.62549852,0.00000000,0.00484349,0.00000000,0.00000000,0.00000000,0.00000000,0.00000000,0.00000000,0.00000000,0.00000000,0.02014030,0.00000000,0.00000000,0.00000000,0.00000000,0.00252244,0.00000000,0.43456726,0.04698781,0.00000000,0.00000000,0.00000000,0.00000000,0.00557625,0.00000000,0.14348743,0.00000000,0.00000000,0.00000000,0.00000000,0.00000000,0.00000000,0.00000000,0.00000000,0.00000000,0.00000000,0.10973363,0.00000000,0.00543439,0.00000000,0.00000000,0.00000000,0.00000000,0.00000000,0.00000000,0.00000000,0.00000000,0.00000000,0.00000000,0.00000000,0.00000000,0.00518449,0.00627318,0.00000000,0.00000000,0.00000000,0.00000000,0.00000000,0.00000000,0.00000000,0.00000000,0.00649814,0.01558517,0.00000000,0.00000000,0.00000000,0.00000000,0.00000000,0.00000000,0.00000000,0.00000000,0.00000000,0.00000000,0.15598410,0.00000000,0.00000000,0.00000000,0.00000000,0.00000000,0.00000000,0.00000000,0.00000000,0.00000000,0.00000000,0.00000000,0.04124624,0.00663987,0.00000000,0.00000000,0.00000000,0.00000000,0.00000000,0.00000000,0.00000000,0.00058853,0.00000000,0.00000000,0.00000000,0.00000000,0.00000000,0.00000000,0.00000000,0.00195266,0.00000000,0.00000000,0.00000000,0.00000000,0.00000000,0.00000000,0.00000000,0.00000000,0.00000000,0.00000000,0.00000000,0.00000000,0.00000000,0.00183773,0.00000000,0.00000000,0.00000000,0.00000000,0.00000000,0.00000000,0.00000000,0.00000000,0.02095203,0.00000000,0.07691210,0.00000000,0.00000000,0.00000000,0.00000000,0.00000000,0.00554839,0.00000000,0.00000000,0.00000000,0.00000000,0.00322411,0.00000000,0.00000000,0.00000000,0.00000000,0.00000000,0.00000000,0.00000000,0.00000000,0.00000000,0.00000000,0.00000000,0.00000000,0.00000000,0.00000000,0.00000000,0.00000000,0.00000000,0.00000000,0.00349407,0.00269728,0.00321056,0.00000000,0.00000000,0.00000000,0.00000000,0.01348214,0.00000000,0.00000000,0.00903580,0.00000000,0.00000000,0.00000000,0.00000000,0.00000000,0.00000000,0.08285233,0.00000000,0.00000000,0.00000000,0.00000000,0.00000000,0.00000000,0.00000000,0.00000000,0.01298307,0.00000000,0.00000000,0.00000000,0.00000000,0.00000000,0.00000000,0.00000000,0.00000000,0.00000000,0.00000000,0.00000000,0.00000000,0.00000000,0.00000000,0.00000000,0.00000000,0.00000000,0.00149163,0.00000000,0.00000000,0.00000000,0.00000000,0.00000000,0.00000000,0.00000000,0.00000000,0.00000000,0.00000000,0.00000000,0.03049382,0.00000000,0.06120651,0.00000000,0.00317059,0.00000000,0.00000000,0.00000000,0.00000000,0.12209331,0.00000000,0.00000000,0.00000000,0.00000000,0.00000000,0.00000000,0.04437691,0.00000000,0.00000000,0.00000000,0.00000000,0.00000000,0.00000000,0.00000000,0.00000000,0.00000000,0.00000000,0.45593056,0.00000000,0.00000000,0.00000000,0.00000000,0.00000000,0.00000000,0.00000000,0.00000000,0.00000000,0.00000000,0.00000000,0.00668052,0.00000000,0.00000000,0.00000000,0.00000000,0.00000000,0.00000000,0.00791042,0.00000000,0.00000000,0.00000000,0.00000000,0.12345683,0.00000000,0.00000000,0.00000000,0.00000000,0.00000000,0.00000000,0.00000000,0.00000000,0.00333060,0.00000000,0.00000000,0.00304681,0.00000000,0.00000000,0.00000000,0.00000000,0.00000000,0.00000000,0.00000000,0.00000000,0.00000000,0.00000000,0.00000000,0.00000000,0.00000000,0.00000000,0.00000000,0.01092149,0.00000000,0.00000000,0.00000000,0.00000000,0.01753139,0.00000000,0.00000000,0.00000000,0.03911425,0.00000000,0.00000000,0.00000000,0.02220873,0.00000000,0.00000000,0.00000000,0.00000000,0.00000000,0.00000000,0.00000000,0.00000000,0.00000000,0.00000000,0.00000000,0.00000000,0.00000000,0.00282874,0.00000000,0.00000000,0.00000000,0.00000000,0.00000000,0.00000000,0.00213097,0.00000000,0.00000000,0.00000000,0.00000000,0.00000000,0.00069730,0.00097828,0.00000000,0.00000000,0.00151366,0.01418651,0.00000000,0.00159048,0.00000000,0.00000000,0.00779079,0.00000000,0.00000000,0.00000000,0.00000000,0.00556678,0.00000000,0.00000000,0.00427496,0.00000000,0.00000000,0.00000000,0.00000000,0.00000000,0.19776613,0.00000000,0.00000000,0.02391473,0.00000000,0.00000000,0.00300447,0.00000000,0.00000000,0.00000000,0.00000000,0.00000000,0.00000000,0.00000000,0.00000000,0.00000000,0.00000000,0.00000000,0.00000000,0.00000000,0.00000000,0.00000000,0.00000000,0.00000000,0.01720959,0.00881194,0.00075019,0.00000000,0.00000000,0.00291297,0.00377422,0.00000000,0.00000000,0.00000000,0.00000000,0.00000000,0.00000000,0.00077397,0.00000000,0.00000000,0.00425138,0.00000000,0.00000000,0.00000000,0.00000000,0.00082868,0.00388287,0.00000000,0.00000000,0.00732611,0.00000000,0.00000000,0.00000000,0.00000000,0.00000000,0.00000000,0.00000000,0.00000000,0.00000000,0.00000000,0.00000000,0.00000000,0.00000000,0.00000000,0.00000000,0.00000000,0.00000000
0.00000000,0.00000000,0.00000000,0.00000000,0.00000000,0.00000000,0.00000000,0.00000000,0.00000000,0.00000000,0.01160756,0.00000000,0.00182614,0.00000000,0.00000000,0.00000000,0.00000000,0.00000000,0.00000000,0.00000000,0.00000000,0.00516778,0.00000000,0.02811319,0.00000000,0.00000000,0.00000000,0.01703887,0.00000000,0.02589255,0.00000000,0.00000000,0.00000000,0.00000000,0.00000000,0.00000000,0.00000000,0.00000000,0.00000000,0.00000000,0.00000000,0.00000000,0.00000000,0.00000000,0.00544224,0.00000000,0.00000000,0.00000000,0.00000000,0.00000000,0.00000000,0.00000000,0.00000000,0.00000000,0.00000000,4.68932553,0.00000000,0.00000000,0.00000000,0.00000000,0.00000000,0.00000000,0.00000000,0.00000000,0.00000000,0.00000000,0.00000000,0.00000000,0.00000000,0.00000000,0.00000000,0.11303930,0.00303424,0.00000000,0.00000000,0.00000000,0.00000000,0.00000000,0.00000000,0.00000000,0.00651160,0.00263524,0.00000000,0.00000000,0.00000000,0.00000000,0.00283875,0.00000000,0.00000000,0.00000000,0.00000000,0.00000000,0.00000000,0.00000000,0.00000000,0.00000000,0.04253273,0.00000000,0.00000000,0.00000000,0.00000000,0.00000000,0.00000000,0.00000000,0.00000000,0.00000000,0.00000000,0.01913532,0.00000000,0.00000000,0.00000000,0.00000000,0.00000000,0.00000000,0.00000000,0.00000000,0.00000000,0.00000000,0.00000000,0.00000000,0.00000000,0.00000000,0.00000000,0.00000000,0.00000000,0.00921172,0.00000000,0.00208434,0.00000000,0.00000000,0.00000000,0.00000000,0.00000000,0.00000000,0.00000000,0.00000000,0.00000000,0.00000000,0.00000000,0.00087557,0.02095150,0.00000000,0.00000000,0.00000000,0.00000000,0.00000000,0.00000000,0.00000000,0.00000000,0.00000000,0.00000000,0.00000000,0.00000000,0.00486900,0.00000000,0.00000000,0.00000000,0.00000000,0.00000000,0.00439063,0.00000000,0.00000000,0.00000000,0.07331871,0.01591295,0.02571265,0.00000000,0.00000000,0.00000000,0.00000000,0.00000000,0.00000000,0.00232343,0.00000000,0.00000000,0.00000000,0.00000000,0.00000000,0.00000000,0.06602104,0.01945260,0.00000000,0.00000000,0.00000000,0.00436867,0.00000000,0.00000000,0.00000000,0.00000000,0.00279174,0.00000000,0.00000000,0.00000000,0.00000000,0.00000000,0.00000000,0.00000000,0.00000000,0.00000000,0.00000000,0.00000000,0.00000000,0.00000000,0.00000000,0.00000000,0.00000000,0.00000000,0.00000000,0.00000000,0.00000000,0.00376540,0.00337966,0.00000000,0.00000000,0.00000000,0.00000000,0.00000000,0.00000000,0.00000000,0.00000000,0.00000000,0.00000000,0.00000000,0.00000000,0.00000000,0.00000000,0.00000000,0.00000000,0.00000000,0.00000000,0.00000000,0.00000000,0.00000000,0.00000000,0.00000000,0.04350594,0.00000000,0.00000000,0.00000000,0.00000000,0.00000000,0.00000000,0.00000000,0.00934577,0.00451604,0.00000000,0.00000000,0.00000000,0.00000000,0.05653976,0.00546016,0.00000000,0.00000000,0.00000000,0.00000000,0.00000000,0.00000000,0.00000000,0.00000000,0.00000000,0.00000000,0.00000000,0.00000000,0.00000000,0.00000000,0.00000000,0.00000000,0.00000000,0.00000000,0.00000000,0.00000000,0.84062764,0.00000000,0.00000000,0.00000000,0.00000000,0.00000000,0.00000000,0.00000000,0.00000000,0.00000000,0.00000000,0.00000000,0.00000000,0.00000000,0.00000000,0.00000000,0.00000000,0.00000000,0.00000000,0.00000000,1.21458758,0.00000000,0.00000000,0.00530975,0.00000000,0.00368393,0.00000000,0.00000000,0.00000000,0.00000000,0.00000000,0.00000000,0.00000000,0.00000000,0.00000000,0.00000000,0.00000000,0.00384063,0.00000000,0.02172172,0.00000000,0.00000000,0.00000000,0.00000000,0.00000000,0.00000000,0.00000000,0.00000000,0.00000000,0.00104444,0.00000000,0.00000000,0.00000000,0.00000000,0.00000000,0.00000000,0.00000000,0.00000000,0.00000000,0.00000000,0.00000000,0.00000000,0.00586356,0.00000000,0.01081402,0.00451131,0.00000000,0.00000000,0.00000000,0.00000000,0.00000000,0.00000000,0.00000000,0.00099841,0.00000000,0.00000000,0.00000000,0.00312751,0.00000000,0.00000000,0.00000000,0.01268391,0.00000000,0.00175908,0.00000000,0.00747524,0.00000000,0.00000000,0.00000000,0.00000000,0.00000000,0.00000000,0.00000000,0.00000000,0.00000000,0.00000000,0.00000000,0.00981102,0.00000000,0.00000000,0.00000000,0.00140498,0.00000000,0.00000000,0.00000000,0.00000000,0.00000000,0.00000000,0.00000000,0.00000000,0.01887360,0.00000000,0.00000000,0.00000000,0.00000000,0.00000000,0.00000000,0.00000000,0.00000000,0.00000000,0.01286187,0.00000000,0.00000000,0.00000000,0.00000000,0.00000000,0.13786664,0.00000000,0.00000000,0.00000000,0.00000000,0.06939514,0.00366680,0.00000000,0.00000000,0.00324678,0.00000000,0.00000000,0.00000000,0.00000000,0.00324202,0.00000000,0.00000000,0.00000000,0.00000000,0.00000000,0.00000000,0.02388549,0.00000000,0.07090105,0.00000000,0.00000000,0.00000000,0.00000000,0.00000000,0.00000000,0.00000000,0.00000000,0.00000000,0.00000000,0.00000000,0.00000000,0.00000000,0.00000000,0.00000000,0.00000000,0.00000000,0.00000000,0.00533761,0.00000000,0.00000000,0.00000000,0.00000000,0.00000000,0.00000000,0.00000000,0.00064715,0.00000000,0.00000000,0.00445270,0.00000000,0.00000000,0.00000000,0.02330559,0.00000000,0.00000000,0.00000000,0.28948307,0.00000000,0.01603041,0.00000000,0.00000000,0.00000000,0.01632611,0.00000000,0.00000000,0.00000000,0.00000000,0.00000000,0.00000000,0.00000000,0.00000000,0.00000000,0.00000000,0.00000000,0.00000000,0.00000000,0.00000000,0.00000000,0.00000000,0.00000000,0.00000000,0.00000000,0.06922010,0.00000000,0.00000000,0.00000000,0.00000000,0.00215473,0.00000000,0.02896636,0.00000000,0.00000000,0.00000000,0.00000000,0.00000000,0.00000000,0.00000000,0.00000000,0.00000000,0.00000000,0.00000000,0.00000000,0.00000000,0.00000000,0.00000000,0.11472046,0.00000000,0.00000000,0.00000000,0.00000000,0.00000000,0.00000000,0.00000000,0.00000000,0.00000000,0.00000000,0.00000000,0.00000000,0.00000000,0.00000000,0.00672579,0.00000000,0.00000000,0.00000000,0.00000000,0.00000000,0.00000000,0.00000000,0.00000000,0.00000000,0.00000000,0.00000000,0.00000000,0.00000000,0.00000000,0.00000000,0.00000000,0.00291760,0.00000000,0.00000000,0.00184311,0.00000000,0.00000000,0.00000000,0.00000000,0.00000000,0.00000000,0.00000000,0.00000000,0.00000000,0.05954620,0.00000000,0.00091427,0.00000000,0.00000000,0.00000000,0.00000000,0.00000000,0.00000000,0.00000000,0.00000000,0.00000000,0.00381943,0.00000000,0.00000000,0.00245402,0.00000000,0.01776641,0.00000000,0.00000000,0.00000000,0.00000000,0.00000000,0.00000000,0.01377405,0.01515910,0.00000000,0.00000000,0.01081252,0.00000000,0.00000000,0.00848143,0.00193929,0.00000000,0.00000000,0.00000000,0.00807652,0.00000000,0.00000000,0.18382467,0.00000000,0.00000000,0.00000000,0.00000000,0.00262797,0.00000000,0.00000000,0.00000000,0.59656974,0.00000000,0.00000000,0.00000000,0.00000000,0.00656844,0.00000000,0.00000000,0.00000000,0.00000000,0.00000000,0.00000000,0.00000000,0.00000000,0.00000000,0.00000000,0.00000000,0.00499766,0.00000000,0.00000000,0.00000000,0.00000000,0.00460646,0.00566783,0.00000000,0.00237648,0.00000000,0.00000000,0.00000000,0.00000000,0.00000000,0.00000000,0.00000000,0.00000000,0.00000000,0.00000000,0.00000000,0.00000000,0.00000000,0.00908300,0.00000000,0.00000000,0.00000000,0.00000000,0.00000000,0.00000000,0.00000000,0.00123365,0.00000000,0.00000000,0.00000000,0.00000000,0.00000000,0.00000000,0.00000000,0.00000000,0.00000000,0.00460340,0.00085285,0.00214541,0.00000000,0.00000000,0.04004276,0.00000000,0.00000000,0.00000000,0.00000000,0.00000000,0.00000000,0.00000000,0.00000000,0.00000000,0.03050377,0.00000000,0.00000000,0.00000000,0.00000000,0.00000000,0.00000000,0.00000000,0.00000000,0.00000000,0.00000000,0.00000000,0.00000000,0.00000000,0.00000000,0.00000000,0.00000000,0.00000000,0.00000000,0.00000000,0.00000000,0.00000000,0.00000000,0.00000000,0.00000000,0.00000000,0.00000000,0.00000000,0.00000000,0.00000000,0.00000000,0.00000000,0.00000000,0.00000000,0.00000000,0.00000000,0.00000000,0.00000000,0.00000000,0.00000000,0.00000000,0.00000000,0.00000000,0.00000000,0.00000000,0.00000000,0.00000000,0.02461863,0.00000000,0.00000000,0.00000000,0.00000000,0.00000000,0.00000000,0.00000000,0.00000000,0.00000000,0.00000000,0.00000000,0.00000000,0.00000000,0.00000000,0.00000000,0.01718232,0.00000000,0.12643243,0.00000000,0.00000000,0.00000000,0.00000000,0.00000000,0.00422641,0.00000000,0.00252944,0.00000000,0.00000000,0.00000000,0.00000000,0.00000000,0.00000000,0.00000000,0.00000000,0.00000000,0.00000000,0.00000000,0.00000000,0.00569208,0.00000000,0.00000000,0.00000000,0.00000000,0.00000000,0.04254274,0.00000000,0.00000000,0.00000000,0.01056874,0.00000000,0.00000000,0.00000000,0.00000000,0.00140417,0.00000000,0.00000000,0.00000000,0.00000000,0.00000000,0.00000000,0.00000000,0.00000000,0.00000000,0.00000000,0.19770300,0.00000000,0.00000000,0.00000000,0.00000000,0.00000000,0.00000000,0.00000000,0.00000000,0.01265100,0.00000000,0.00000000,0.00112530,0.00000000,0.00000000,0.00000000
0.00000000,0.00000000,0.00000000,0.02024193,0.00000000,0.00216722,0.00076051,0.00000000,0.16714262,0.00000000,0.00000000,0.00000000,0.00000000,0.00000000,0.00269224,0.00000000,0.00000000,0.00000000,0.00000000,0.00000000,0.00216269,0.00000000,0.00000000,0.01436165,0.00000000,0.00000000,0.00000000,0.00000000,0.00000000,0.04208057,0.00000000,0.00000000,0.00000000,0.00000000,0.00000000,0.00000000,0.00000000,0.00000000,0.00000000,0.00000000,0.00000000,0.00000000,0.00000000,0.00000000,0.00000000,0.00000000,0.00000000,0.00000000,0.03400739,0.00000000,0.00000000,0.05418402,0.00000000,0.00000000,0.00000000,0.00000000,0.00212442,0.00000000,0.00000000,0.00000000,0.00000000,0.00000000,0.11056069,0.00000000,0.00000000,0.00000000,0.00000000,0.00000000,0.00000000,0.00000000,0.00000000,0.00000000,0.00000000,0.00000000,0.00000000,0.00000000,0.00000000,0.00000000,0.00000000,0.00000000,0.00000000,0.00000000,0.00000000,0.00000000,0.00000000,0.00000000,0.00000000,0.09175003,0.00000000,0.00000000,0.00000000,0.00000000,0.00000000,0.00000000,0.00000000,0.00000000,1.36750938,0.00000000,0.00000000,0.01768997,0.00000000,0.00000000,0.00000000,0.00000000,0.00000000,0.00085546,0.00355714,0.00000000,0.00000000,0.00000000,0.00000000,0.00000000,0.00000000,0.00000000,0.28648003,0.00000000,0.00000000,0.00000000,0.00000000,0.00000000,0.00000000,0.00000000,0.00000000,0.00000000,0.00000000,0.00000000,0.00000000,0.00000000,0.00000000,0.00000000,0.00000000,0.00000000,0.00000000,0.00000000,0.00000000,0.00000000,0.00000000,0.00000000,0.08803037,0.00000000,0.00000000,0.00000000,0.00000000,0.00000000,0.01647468,0.00000000,0.00000000,0.00000000,0.00000000,0.00000000,0.00000000,0.00000000,0.00000000,0.00000000,1.31383428,0.00000000,0.00000000,0.00000000,0.02086150,0.00450777,0.00000000,0.00000000,0.00000000,0.00000000,0.00000000,0.00000000,0.04805963,0.00000000,0.00000000,0.00000000,0.00000000,0.00000000,0.00000000,0.00000000,0.00000000,0.00000000,0.00000000,0.00000000,0.00000000,0.00000000,0.00000000,0.00000000,0.00000000,0.00000000,0.00000000,0.00000000,0.00000000,0.00395106,0.00000000,0.00000000,0.00000000,0.00000000,0.00785040,0.00000000,0.01987723,0.00000000,0.00000000,0.00000000,0.00000000,0.00000000,0.00000000,0.00000000,0.00516757,0.00000000,0.00000000,0.00000000,0.00000000,0.02134580,0.00000000,0.00000000,0.00000000,0.00000000,0.00000000,0.01910998,0.00000000,0.00000000,0.00095923,0.00000000,0.00000000,0.00000000,0.00000000,0.00000000,0.00000000,2.75911618,0.00000000,0.00347023,0.00000000,0.00913849,0.00000000,0.00000000,0.00000000,0.00000000,0.00000000,0.00000000,0.00000000,0.00000000,0.00000000,0.00000000,0.00000000,0.00000000,0.00391860,0.00000000,0.00000000,0.00000000,0.00000000,0.00000000,0.00102071,0.00183696,0.00000000,0.00000000,0.00000000,0.00000000,0.00000000,0.00000000,0.00000000,0.00000000,0.01235591,0.00000000,0.00000000,0.00000000,0.00000000,0.03823489,0.00000000,0.00000000,0.00000000,0.00000000,0.00000000,0.00000000,0.00000000,0.00000000,0.00000000,0.00000000,0.00000000,0.00000000,0.00000000,0.00000000,0.00000000,0.00000000,0.00000000,0.00000000,0.00000000,0.00000000,0.00000000,0.00323854,0.00000000,0.00000000,0.00000000,0.00000000,0.00000000,0.00000000,0.00000000,0.00000000,0.00000000,0.00000000,0.00000000,0.00000000,0.00000000,0.00000000,0.00000000,0.00000000,0.00000000,0.00000000,0.00000000,0.00000000,0.00000000,0.00000000,0.00000000,0.00000000,0.00000000,0.00000000,0.00000000,0.00185453,0.00000000,0.00000000,0.00000000,0.00000000,0.00000000,0.00000000,0.00000000,0.00000000,2.70068940,0.00000000,0.00454398,0.00000000,0.00000000,0.00000000,0.00492376,0.00000000,2.11769254,0.00000000,0.00000000,0.00000000,0.00000000,0.00000000,0.00000000,0.00000000,0.00000000,0.12324714,0.00000000,0.00000000,0.00000000,0.00000000,0.00000000,0.00000000,0.00000000,0.00000000,0.00000000,0.00000000,0.00000000,0.00000000,0.00000000,0.00000000,0.00000000,0.00000000,0.06102429,0.00000000,0.00000000,0.00000000,0.00000000,0.00000000,0.00000000,0.00000000,0.00000000,0.00532809,0.00000000,0.00000000,0.00000000,0.00000000,0.00000000,0.00000000,0.00000000,0.00000000,0.00000000,0.00000000,0.00000000,0.00000000,0.00123668,0.00000000,0.00000000,0.00000000,0.00205374,0.00000000,0.00000000,0.00000000,0.00000000,0.00000000,0.00000000,0.00532825,0.00000000,0.00000000,0.00000000,0.00000000,0.00000000,0.00000000,0.00272327,0.00000000,0.00063461,0.00000000,0.00557625,0.00000000,0.00000000,0.12907730,0.00000000,0.00992811,0.00000000,0.00000000,0.00437090,0.00000000,0.00000000,0.00000000,0.00274420,0.00000000,0.00000000,0.00000000,0.00000000,0.00000000,0.00000000,0.00422453,0.00938110,0.00000000,0.01321136,0.00557630,0.20022912,0.00000000,0.00000000,0.00000000,0.00000000,0.00000000,0.00000000,1.58474808,0.00000000,0.00000000,0.00000000,0.00000000,0.00000000,0.00000000,0.00000000,0.00000000,0.07242540,0.00000000,0.00000000,0.00000000,0.00000000,0.00000000,0.00000000,0.00000000,0.00000000,0.00000000,0.00000000,0.00000000,0.00000000,0.00000000,0.00000000,0.00000000,0.00000000,0.00000000,0.00000000,0.00000000,0.00000000,0.00811808,0.00000000,0.00000000,0.00000000,0.00000000,0.00000000,0.00000000,0.00000000,0.00000000,0.00000000,0.00088473,0.00000000,0.00000000,0.00000000,0.00000000,0.00000000,0.16787600,0.00000000,0.00000000,0.00000000,0.00000000,0.00000000,0.00000000,0.00000000,0.00000000,0.00000000,0.02672416,0.00000000,0.00000000,0.00000000,0.00000000,0.00000000,0.00000000,0.00186445,0.00000000,0.00000000,0.00000000,0.00000000,0.00000000,0.00141306,0.01361638,0.00000000,0.00000000,0.00000000,0.00000000,0.00000000,0.00000000,0.00324591,0.00000000,0.00000000,0.00000000,0.00000000,0.00000000,0.00089908,0.00162796,0.00000000,0.00000000,0.00000000,0.00000000,0.01629927,0.00000000,0.01610966,0.00000000,0.00000000,0.00000000,0.00000000,0.00000000,0.00000000,0.00000000,0.00000000,0.00000000,0.00000000,0.00000000,0.00000000,0.00000000,0.00000000,0.00000000,0.00000000,0.00000000,0.00000000,0.00000000,0.02874768,0.00000000,0.00000000,0.00000000,0.00000000,0.00000000,0.00000000,0.00000000,0.00000000,0.01535144,0.00000000,0.00000000,0.00000000,0.00000000,0.00124231,0.00000000,0.00000000,0.00000000,0.00000000,0.00000000,0.00000000,0.00000000,0.00000000,0.00219508,0.00000000,0.00000000,0.03839326,0.00282797,0.00000000,0.00000000,0.00000000,0.00000000,0.00055614,0.00483143,0.00000000,0.00134705,0.00000000,0.00000000,0.00000000,0.00000000,0.00000000,0.00000000,0.00000000,0.00000000,0.00000000,2.70152682,0.00000000,0.00000000,0.00000000,0.00000000,0.00643354,0.00000000,0.00000000,0.00000000,0.00000000,0.00000000,0.00000000,0.01035780,0.00000000,0.00000000,0.00000000,0.00000000,0.00000000,0.00000000,0.00000000,0.00000000,0.00000000,0.00000000,0.00000000,0.00000000,0.00000000,0.00000000,0.14684734,0.00000000,0.00000000,0.00123213,0.00000000,0.00000000,0.00240938,0.00000000,0.00000000,0.00000000,0.00000000,0.00000000,0.00000000,0.00000000,0.00000000,0.00000000,0.00000000,0.00000000,0.00000000,0.03726535,0.00000000,0.00000000,0.00000000,0.51614338,0.00000000,0.00000000,0.00000000,0.04403122,0.00000000,0.00000000,0.00000000,0.00000000,0.00000000,0.00000000,0.00000000,0.00000000,0.00000000,0.00000000,0.00000000,0.00000000,0.00000000,0.00000000,0.00000000,0.00000000,0.00000000,0.00000000,0.00000000,0.00000000,0.00000000,0.00000000,0.00000000,0.00000000,0.00000000,0.00454847,0.00000000,0.00000000,0.00000000,0.00000000,0.00000000,0.00000000,0.00000000,0.00000000,0.00000000,0.00000000,0.00000000,0.00000000,0.00000000,0.00000000,0.00000000,0.00000000,0.00095490,0.00000000,0.00000000,0.00000000,0.00000000,0.00268881,0.00355030,0.00000000,0.00000000,0.00000000,0.00000000,0.00000000,0.00000000,0.00000000,1.82231517,0.00490391,0.00000000,0.00000000,0.00000000,0.00000000,0.00000000,0.00000000,0.00000000,0.00000000,0.00143609,0.00000000,0.00000000,0.00419846,0.00000000,0.00000000,0.00000000,0.00000000,0.00000000,0.00000000,0.00000000,0.00000000,0.00000000,0.00000000,0.00608815,0.00000000,0.00000000,0.00000000,0.00000000,0.00000000,0.00000000,0.00000000,0.08459479,0.00000000,0.00000000,0.00000000,0.00000000,0.00000000,0.00000000,0.00000000,0.00000000,0.00000000,0.00000000,0.00000000,0.00000000,0.44351371,0.00000000,0.00000000,0.00000000,0.03744489,0.00000000,0.26551477,0.00000000,0.00000000,0.00000000,0.00000000,0.00847172,0.00000000,0.00000000,0.00000000,0.00000000,0.00000000,0.00000000,0.00000000,0.00000000,0.00000000,0.00000000,0.00000000,0.00238762,0.00000000,0.00000000,0.00000000,0.00000000,0.00000000,0.00000000,0.00000000,0.00000000,0.00000000,0.00000000,0.00000000,0.00000000,0.97111250,0.00000000,0.00000000,0.00000000,0.00000000,0.00000000,0.00000000,0.00000000,0.00000000,0.00000000,0.00000000,0.00000000,0.00000000,0.00000000,0.00000000,0.00000000,0.00000000,0.00152741,0.00000000,0.00000000,0.00000000,0.65642810,0.00458595
0.00000000,0.00000000,0.00000000,0.00000000,0.00323393,0.00000000,0.00000000,0.08704959,0.00000000,0.00000000,0.00190576,0.00000000,0.00000000,0.00000000,0.00812617,0.00000000,0.00000000,0.00000000,0.00000000,0.00000000,0.00000000,0.00000000,0.00277151,0.00000000,0.00000000,0.00538359,0.00576608,0.00885977,0.00000000,0.00359856,0.00000000,0.00000000,0.00549042,0.00000000,0.00000000,0.00000000,0.00000000,0.00000000,0.00000000,0.00000000,0.00000000,0.00000000,0.00058101,0.00000000,0.00000000,0.00000000,0.00000000,0.00000000,0.00000000,0.00000000,0.00000000,0.00000000,0.00000000,0.00000000,0.00000000,0.00000000,0.00000000,0.00000000,0.00000000,0.00000000,0.00000000,0.00000000,0.00000000,0.00000000,0.37295235,0.00000000,0.00000000,0.00000000,0.00000000,0.00000000,0.00000000,0.00000000,0.00000000,0.00000000,0.00682727,0.00000000,0.00000000,0.00000000,0.00771089,0.00000000,0.00000000,0.00000000,0.00000000,0.00000000,0.02057149,0.00000000,0.00000000,0.00000000,0.00000000,0.00000000,0.00000000,0.00000000,0.00000000,0.00000000,0.00000000,0.00000000,0.00000000,0.00000000,0.00000000,0.00000000,0.00000000,0.00000000,0.00000000,0.00000000,0.00000000,0.00000000,0.00000000,0.00000000,0.00000000,0.00000000,0.00000000,0.00000000,0.00000000,0.00000000,0.00000000,0.00000000,0.00000000,0.00000000,0.00000000,0.00000000,0.00096677,0.00000000,0.00000000,0.00000000,0.00000000,0.00000000,0.00000000,0.00000000,0.00000000,0.00000000,0.00000000,0.00000000,0.00000000,0.00000000,0.01357402,0.00000000,0.00000000,0.00000000,0.00000000,0.00000000,0.00000000,0.00000000,0.01011585,0.06939514,0.00000000,0.00000000,0.00000000,0.00000000,0.00000000,0.00000000,0.00315272,0.00000000,0.00000000,0.00000000,0.00000000,0.00000000,0.84062764,0.00000000,0.00000000,0.00000000,0.00000000,0.00000000,0.00000000,0.00000000,0.00000000,0.00000000,0.00000000,0.00000000,0.00134775,0.00000000,0.00000000,0.00000000,0.00000000,0.00000000,0.00000000,0.00000000,0.00000000,0.00142339,0.00000000,0.00000000,0.00837067,0.00000000,0.00000000,0.00000000,0.00000000,0.00000000,0.00000000,0.00000000,0.01711794,0.00000000,0.00000000,0.00000000,0.00000000,0.00000000,0.00000000,0.00000000,0.00000000,0.00000000,0.00000000,0.00000000,0.00000000,0.00000000,0.00000000,0.00000000,0.00000000,0.00000000,0.00000000,0.00000000,0.00235439,0.00000000,0.00000000,0.00000000,0.00000000,0.00000000,0.00000000,0.00000000,0.00000000,0.00000000,0.00000000,0.00000000,0.00000000,0.00000000,0.00000000,0.00000000,0.00000000,0.00000000,0.00000000,0.00000000,0.00000000,0.00000000,0.00000000,0.00000000,0.00000000,0.00000000,0.00000000,0.00000000,0.00000000,0.00000000,0.00000000,0.00000000,0.00000000,0.00000000,0.00000000,0.00000000,0.00000000,0.00000000,0.00000000,0.01607042,0.00410928,0.00000000,0.00000000,0.03315387,0.00468755,0.00000000,0.00000000,0.00000000,0.00000000,0.00000000,0.00000000,0.00000000,0.03104211,0.00000000,0.00000000,0.00000000,0.00000000,0.00377346,0.00000000,0.00000000,0.00000000,0.00000000,0.00000000,0.00562452,0.00000000,0.00000000,0.00495522,0.00000000,0.00000000,0.00000000,0.05463904,0.00000000,0.00000000,0.00000000,0.00000000,0.00000000,0.01133477,0.00000000,0.00000000,0.00000000,0.00000000,0.00000000,0.00000000,0.00000000,0.00000000,0.00000000,0.00219480,0.00000000,0.15520346,0.01320546,0.00000000,0.00000000,0.00000000,0.00000000,0.00000000,0.00000000,0.00000000,0.00000000,0.00000000,0.00000000,0.08771138,0.00000000,0.00000000,0.00000000,0.00000000,0.00000000,0.01094249,0.00000000,0.00736594,0.00000000,0.00000000,0.00000000,0.00000000,0.00000000,0.00000000,0.00000000,0.00000000,0.00000000,0.11728678,0.00000000,0.00000000,0.00743091,0.00000000,0.00000000,0.00191685,0.00000000,0.00000000,0.00000000,0.00388603,0.00000000,0.00000000,0.00285452,0.00000000,0.00000000,0.00000000,0.00000000,0.00000000,0.00314468,0.00000000,0.01747365,0.00149716,0.51030596,0.00000000,0.00000000,0.00000000,0.00000000,0.00000000,0.00000000,0.00000000,0.00000000,0.00000000,0.00000000,0.00807244,0.00000000,0.00000000,0.00000000,0.00000000,0.00000000,0.00860997,0.00000000,0.00000000,0.00000000,0.00000000,0.00000000,0.00000000,0.00000000,0.00000000,0.00000000,0.00515574,0.00000000,0.00000000,0.00000000,0.00000000,0.00373795,0.34561868,0.00000000,0.00000000,0.00000000,0.00000000,0.00000000,0.04263490,0.00000000,0.00000000,0.00000000,0.00000000,0.00000000,0.00000000,0.00000000,0.00000000,0.00591562,0.00000000,0.00000000,0.12907730,0.00000000,0.00000000,0.00000000,0.00000000,0.00000000,0.00000000,0.00000000,0.00000000,0.00000000,0.00000000,0.00000000,0.00000000,0.00000000,0.00000000,0.00000000,0.00000000,0.00000000,0.00000000,0.00000000,0.00000000,0.00664106,0.00000000,0.00000000,0.00420226,0.00000000,0.00000000,0.00000000,0.00000000,0.00000000,0.00000000,0.00000000,0.00000000,0.00000000,0.00000000,0.00000000,0.00000000,0.00000000,0.00000000,0.00000000,0.00000000,0.01035222,0.00000000,0.00000000,0.00000000,0.00000000,0.00106203,0.00000000,0.00000000,0.00000000,0.00000000,0.00000000,0.00000000,0.00000000,0.00000000,0.08692238,0.00000000,0.00000000,0.01546231,0.00000000,0.00000000,0.00000000,0.00279603,0.00000000,0.00000000,0.14348743,0.00000000,0.00000000,0.00000000,0.00000000,0.00000000,0.00000000,0.00000000,0.00000000,0.00000000,0.00000000,0.00000000,0.00000000,0.00000000,0.02917823,0.00000000,0.00491012,0.00000000,0.00000000,0.00000000,0.00000000,0.00000000,0.00000000,0.00000000,0.00111965,0.00000000,0.00000000,0.01048567,0.00000000,0.00416451,0.00000000,0.00000000,0.00000000,0.00000000,0.00000000,0.00000000,0.00000000,0.00000000,0.00000000,0.00248378,0.00000000,0.00000000,0.02615531,0.00000000,0.00000000,0.00000000,0.00000000,0.00000000,0.00000000,0.00000000,0.00000000,2.38815338,0.00000000,0.00000000,0.00534820,0.00078826,0.02229750,0.00000000,0.00000000,0.00000000,0.00000000,0.00000000,0.00354384,0.00000000,0.00000000,0.00000000,0.00000000,0.00000000,0.00000000,0.00000000,0.00000000,0.00000000,0.00000000,0.00000000,0.00000000,0.00000000,0.00000000,0.00000000,0.00000000,0.00000000,0.00000000,0.00000000,0.20808750,0.00000000,0.00000000,0.00000000,0.00000000,0.00000000,0.00000000,0.00000000,0.00000000,0.00000000,0.00000000,0.00000000,0.00714357,0.00298048,0.00000000,0.00000000,0.00000000,0.00518027,0.00000000,0.00000000,0.00000000,0.01624181,0.00000000,0.00000000,0.00000000,0.00000000,0.00000000,0.00000000,0.00868417,0.00000000,0.00000000,0.00000000,0.00000000,0.00000000,0.00000000,0.00000000,0.00000000,0.00000000,0.00000000,0.00000000,0.00000000,0.00000000,0.00000000,0.00000000,0.00000000,0.00000000,0.00000000,0.00000000,0.00000000,0.00000000,0.00000000,0.00000000,0.00000000,0.00000000,0.00109862,0.00000000,0.00000000,0.00000000,0.00000000,0.00000000,0.00000000,0.00000000,0.00000000,0.00000000,0.00000000,0.00000000,0.00000000,0.00000000,0.00000000,0.00000000,0.00000000,0.00000000,0.00000000,0.00000000,0.00000000,0.00377897,0.00000000,0.00000000,0.00000000,0.00000000,0.00000000,0.23161210,0.00000000,0.00000000,0.00000000,0.00000000,0.00000000,0.00000000,0.00000000,0.01220514,0.00000000,0.00000000,0.00000000,0.00000000,0.00000000,0.02465892,0.02129773,0.00000000,0.00000000,0.00000000,0.00000000,0.00000000,0.00217375,0.00000000,0.00170269,0.00000000,0.00102164,0.00000000,0.00000000,0.00000000,0.00000000,0.00000000,0.00000000,0.00000000,0.00000000,0.00000000,0.00000000,0.00000000,0.00000000,0.00000000,0.00000000,0.00000000,0.00000000,0.00000000,0.00000000,0.00199071,0.00000000,0.00000000,0.00000000,0.00000000,0.00000000,0.00000000,0.00000000,0.00000000,0.00000000,0.00000000,0.00000000,0.00000000,0.00000000,0.00000000,0.00000000,0.00000000,0.00000000,0.00000000,0.00000000,0.00124392,0.00000000,0.00000000,0.00000000,0.00000000,0.00000000,0.00000000,0.00000000,0.00000000,0.00000000,0.00000000,0.00000000,0.01614410,0.00000000,0.00000000,0.00000000,0.00000000,0.00000000,0.00098487,0.00000000,0.00000000,0.00000000,0.00000000,0.00000000,0.00000000,0.00000000,0.00000000,0.00000000,0.00000000,0.00111559,0.00000000,0.00000000,0.00000000,0.00000000,0.00000000,0.00000000,0.00000000,0.00872805,0.00000000,0.00000000,0.00000000,0.00000000,0.00000000,0.00000000,0.00000000,0.00000000,0.00000000,0.00134819,0.00000000,0.00000000,0.00000000,1.52564047,0.42212446,0.01153024,0.00000000,0.00000000,0.00000000,0.00105775,1.29481963,0.07335942,0.00000000,0.00401627,0.00000000,0.00000000,0.00000000,0.00000000,0.00000000,0.00000000,0.00000000,0.00000000,0.00000000,0.00000000,0.00000000,0.00000000,0.00000000,0.00677749,0.00000000,0.00000000,0.00000000,0.00000000,0.00000000,0.00000000,0.00000000,0.00000000,0.01115927,0.00000000,0.28064602,0.00000000,0.00000000,0.00000000,0.00000000,0.00484326,0.00000000,0.00000000,0.00000000,0.00000000,0.00000000,0.00000000,0.00000000,0.00000000,0.00000000,0.00512106,0.00310632,0.00000000,0.00000000,0.00000000,0.00000000,0.00000000
0.00000000,0.00000000,0.00000000,0.00000000,0.04368434,0.00000000,0.00000000,0.00000000,0.00000000,0.00000000,0.00000000,0.00000000,0.00000000,0.00000000,0.00000000,0.00000000,0.00000000,0.00000000,0.00000000,0.00000000,0.00000000,0.00000000,0.00000000,0.00000000,0.00000000,0.00000000,0.00000000,0.00000000,0.07089010,0.00000000,0.00000000,0.00137446,0.00000000,0.00000000,0.00000000,0.00000000,0.00000000,0.00000000,0.00000000,0.00000000,0.01067889,0.00000000,0.00000000,0.00000000,0.00000000,0.00000000,0.00000000,0.00000000,0.00000000,0.00000000,0.00000000,0.00000000,0.00000000,0.00000000,0.00000000,0.00000000,0.00000000,0.00000000,0.00000000,0.00000000,0.00000000,0.15505281,0.01036623,0.00000000,0.00000000,0.00000000,0.00000000,0.00000000,0.00000000,0.00000000,0.02684085,0.00000000,0.19140737,0.00000000,0.02358580,0.00338756,0.00000000,0.00000000,0.00000000,0.00000000,0.00000000,0.00000000,0.00000000,0.00000000,0.00000000,0.00000000,0.00000000,0.00000000,0.00000000,0.00000000,0.00000000,0.00081276,0.00000000,0.00000000,0.00000000,0.00000000,0.00000000,0.00000000,0.00000000,0.00000000,0.00000000,0.00000000,0.00000000,0.00000000,0.00000000,0.00000000,0.00000000,0.00000000,0.00000000,0.00000000,0.00000000,0.00000000,0.00000000,0.04753626,0.00000000,0.00000000,0.00000000,0.00528147,0.00000000,0.00000000,0.00000000,0.00000000,0.00000000,0.00000000,1.00986371,0.00000000,0.00000000,0.03543494,0.00000000,0.00000000,0.00000000,0.00000000,0.10186977,0.00000000,0.00000000,0.00000000,0.00000000,0.00000000,0.00000000,0.00000000,0.00000000,0.00000000,0.00000000,0.00000000,0.00000000,0.00000000,0.00000000,0.00000000,0.00000000,0.00000000,0.00000000,0.00000000,0.00000000,0.00000000,0.00000000,0.00000000,0.00000000,0.13001450,0.00000000,0.00000000,0.00386846,0.00000000,0.00000000,2.55170048,0.00000000,0.04010180,0.00000000,0.00000000,0.00000000,0.00000000,0.00000000,0.03572968,0.00000000,0.00388603,0.00105775,0.00000000,0.00000000,0.00000000,0.00000000,0.00000000,0.00000000,0.00000000,0.00210026,0.00000000,0.00000000,0.00000000,0.00000000,0.00000000,0.00000000,0.00000000,0.00000000,0.00000000,0.00000000,0.00000000,0.00000000,0.00000000,0.00000000,0.00000000,0.08083819,0.00000000,0.00000000,0.00000000,0.00000000,0.00682727,0.00000000,0.00000000,1.18694782,0.00000000,0.06267681,0.00000000,0.00000000,0.00000000,0.00000000,0.00000000,0.00000000,0.00000000,0.00000000,0.00000000,0.00229030,0.00000000,0.00000000,0.00000000,0.00000000,0.00000000,0.00000000,0.00000000,0.00000000,0.00000000,0.00000000,0.00000000,0.06550131,0.00000000,0.00000000,0.00000000,0.00000000,0.00000000,0.00000000,0.00000000,0.00088965,0.00000000,0.00000000,0.00000000,0.00868508,0.00000000,0.00000000,0.02615531,0.00000000,0.00000000,0.00000000,0.00095104,0.00000000,0.00000000,0.00000000,0.00000000,0.00000000,0.00000000,0.00000000,0.00000000,0.00000000,0.00000000,0.00000000,0.02868230,0.00284255,0.00000000,0.00000000,0.00000000,0.00000000,0.00000000,0.00000000,0.00000000,0.00000000,0.00000000,0.00000000,0.00000000,0.00000000,0.00000000,0.00000000,0.00000000,0.00000000,0.00000000,0.00000000,0.00000000,0.00000000,0.00000000,0.00000000,0.00000000,0.00000000,0.00058600,0.00000000,0.00000000,0.00000000,0.03327253,0.00000000,0.00000000,0.00000000,0.00246798,0.00000000,0.00000000,0.00000000,0.00000000,0.00000000,0.00000000,0.00000000,0.00000000,0.00000000,0.00000000,0.00000000,0.00000000,0.00000000,0.01566998,0.00000000,0.00000000,0.00538359,0.00000000,0.00000000,0.00000000,0.00000000,0.00000000,0.00000000,0.00000000,0.00000000,0.00000000,0.00000000,0.00000000,0.00000000,0.00000000,0.00000000,0.00000000,0.00000000,0.00000000,0.00000000,0.00000000,0.00000000,0.02593058,0.00000000,0.00000000,0.00000000,0.00807244,0.00000000,0.64315561,0.00000000,0.00000000,0.00000000,0.00000000,0.00000000,0.00000000,0.00000000,0.00000000,0.00000000,0.00000000,0.00000000,0.00000000,0.00000000,0.00000000,0.00000000,0.00000000,0.18036433,0.00000000,0.00000000,0.00000000,0.00000000,0.00000000,0.00000000,0.00000000,0.00000000,0.00000000,0.00000000,0.00000000,0.00000000,0.00000000,0.00000000,0.00000000,0.00000000,0.01653247,0.00000000,0.00000000,0.00000000,0.00000000,0.00000000,0.00000000,0.00000000,0.00000000,0.00000000,0.00000000,0.00000000,0.00000000,0.00000000,0.00000000,0.00000000,0.00000000,0.00000000,0.00105876,0.00000000,0.00000000,0.00000000,0.00000000,0.00000000,0.00000000,0.14348743,0.06939514,0.00000000,0.00000000,0.00000000,0.00000000,0.00000000,0.00000000,0.00000000,0.00000000,0.00000000,0.00000000,0.00000000,0.00000000,0.01180117,0.00000000,0.00000000,0.00233822,0.00000000,0.20808750,0.00227712,0.00621988,0.25091320,0.00000000,0.00000000,0.00000000,0.00487162,0.00000000,0.00000000,0.00000000,0.00201447,0.00000000,0.00000000,0.00000000,0.00000000,0.00000000,0.00000000,0.00000000,0.00000000,0.00145278,0.53674564,0.00000000,0.00000000,0.00000000,0.00000000,0.00000000,0.00000000,0.00000000,0.00259227,0.00000000,0.00000000,0.00000000,0.00000000,0.00000000,0.00000000,0.00000000,0.00000000,0.00000000,0.00000000,0.00000000,0.00000000,0.00000000,0.00000000,0.06389706,0.00000000,0.00000000,0.00000000,0.00000000,0.00000000,0.00000000,0.00000000,0.00000000,0.00149716,0.00904331,0.00000000,0.00000000,0.00000000,0.00000000,0.00574756,0.00000000,0.00743091,0.00000000,0.00000000,1.29481963,0.00000000,0.00355485,0.00000000,0.00000000,0.08692238,0.00000000,0.00124986,0.00000000,0.00000000,0.00000000,0.00000000,0.00000000,0.00000000,0.00000000,0.00000000,0.00000000,0.00000000,0.00000000,0.00000000,0.00000000,0.00000000,0.00000000,0.00000000,0.00000000,0.00000000,0.00000000,0.00000000,0.00000000,0.00000000,0.00111965,0.02610901,0.00000000,0.00000000,0.00000000,0.00000000,0.00000000,0.00000000,0.00000000,0.00000000,0.00000000,0.02970426,0.00000000,0.00000000,0.00000000,0.00000000,0.00000000,0.00786942,0.00608242,0.00000000,0.00000000,0.00000000,0.00000000,0.00000000,0.00000000,0.00000000,0.00000000,0.00000000,0.00000000,0.00000000,0.00000000,0.00000000,0.00000000,0.00000000,0.00953120,0.00000000,0.00000000,0.00000000,0.00063538,0.00000000,0.12907730,0.12767559,0.00000000,0.00000000,0.00000000,0.00000000,0.08441161,0.00000000,0.00000000,0.00000000,0.00000000,0.00000000,0.00000000,0.00000000,0.00772319,1.58840994,0.00000000,0.00000000,0.00000000,0.00000000,0.00000000,0.00000000,0.00000000,0.00000000,0.00000000,0.00000000,0.00000000,0.00000000,0.00000000,0.00000000,0.00000000,0.00000000,0.00000000,0.00000000,0.00000000,0.00000000,0.00000000,0.00000000,0.00000000,0.00715629,0.00000000,0.00000000,0.00000000,0.00000000,0.00000000,0.00000000,0.00505451,0.00071714,0.00000000,0.01711794,0.01053270,0.00000000,0.00000000,0.00000000,0.00000000,0.00000000,0.00000000,0.00000000,0.00000000,0.00000000,0.00000000,0.00000000,0.00000000,0.00188912,0.00136107,0.00920270,0.00000000,0.00000000,0.01921131,0.00000000,0.00000000,0.00000000,0.00000000,0.00000000,0.00000000,0.00000000,0.00000000,0.00000000,0.00000000,0.00000000,0.00000000,0.00000000,0.00000000,0.00000000,0.00000000,0.01076138,0.00000000,0.00000000,0.00000000,0.00000000,0.00000000,0.00000000,0.03500333,0.00000000,0.00000000,0.00000000,0.00000000,0.00000000,0.00000000,0.00000000,0.00167906,0.00000000,0.00000000,0.00511395,0.00300002,0.00000000,0.00000000,0.00000000,0.00000000,0.00000000,0.00000000,0.00169031,0.00692035,0.00000000,0.00000000,0.00000000,0.00000000,0.00000000,0.00000000,0.00683560,0.00000000,0.00000000,0.00000000,0.00000000,0.07092960,0.00000000,0.00000000,0.00000000,0.00000000,0.00000000,0.00000000,0.00000000,0.00000000,0.00000000,0.00000000,0.00000000,0.00000000,0.00000000,0.00000000,0.00000000,0.00000000,0.00000000,0.00000000,0.00000000,0.01216499,0.00000000,0.00000000,0.00000000,0.00000000,0.00000000,0.00161774,0.00000000,0.00000000,0.00000000,0.00000000,0.00000000,0.00000000,0.00000000,0.14183216,0.00000000,0.00000000,0.00000000,0.00464405,0.00000000,0.00000000,0.00000000,0.00000000,0.00000000,0.00000000,0.00000000,0.00000000,0.00000000,0.00000000,0.00000000,0.00000000,0.00000000,0.00000000,0.00000000,0.00000000,0.00000000,0.02826786,0.00000000,0.00000000,0.00235439,0.00000000,0.00000000,0.28648003,0.00000000,0.00000000,0.00000000,0.00000000,0.00000000,0.00000000,0.00000000,0.00000000,0.00000000,0.00167960,0.00000000,0.00000000,0.00000000,0.00000000,0.01236550,0.00000000,0.00000000,0.00000000,0.00000000,0.00000000,0.08355422,0.00000000,0.00000000,0.00000000,0.00000000,0.00000000,0.00000000,0.00000000,0.00000000,0.00000000,0.00000000,0.00000000,0.00000000,0.00000000,0.00000000,0.00000000,0.00000000,0.00000000,0.00000000,0.00000000,0.00000000,0.00000000,0.00000000,0.00000000,0.00390110,0.00000000,0.00000000,0.00000000,0.00000000,0.00124392,0.00000000,0.00000000,0.00000000,0.28064602,0.00000000,0.04354913,0.00000000,0.01546231,0.00000000,0.00000000,0.00000000,0.00000000
0.00000000,0.00000000,0.00000000,0.00000000,0.00000000,0.00000000,0.00000000,0.00000000,0.00000000,0.00000000,0.00000000,0.00000000,0.00000000,0.00788513,0.05538219,0.00000000,0.01095596,0.00000000,0.00000000,0.00000000,0.00000000,0.10684133,0.00000000,0.01620897,0.00000000,0.00298069,0.11177173,0.00000000,0.08395075,0.00000000,0.00000000,0.00000000,0.00000000,0.00000000,0.00629040,0.00000000,0.00000000,0.00000000,0.00000000,0.00000000,0.00000000,0.00000000,0.00000000,0.00000000,0.00000000,0.00744278,0.00000000,0.00000000,0.00000000,0.00000000,0.00000000,0.00000000,0.00515675,0.00000000,0.00000000,0.00000000,0.00000000,0.00000000,0.00000000,0.00000000,0.00000000,0.00000000,0.00441352,0.00000000,0.00000000,0.00000000,0.00000000,0.00000000,0.00000000,0.00000000,0.00410711,0.00000000,0.42781593,0.00000000,0.00000000,0.00000000,0.00000000,0.00000000,0.00000000,0.00000000,0.00000000,0.08384138,0.01522334,0.00000000,0.00000000,0.00000000,0.00336358,0.00000000,0.00000000,0.00000000,0.00000000,0.00361253,0.00000000,0.00000000,0.00000000,0.00000000,0.00000000,0.00000000,0.00000000,0.00000000,0.00000000,0.00000000,0.00000000,0.00350192,0.00000000,0.00396912,0.00000000,0.00000000,0.00000000,0.00000000,0.00000000,0.00000000,0.00000000,0.00000000,0.00000000,0.00000000,0.00000000,0.00000000,0.00000000,0.00000000,0.00000000,0.00000000,0.10758768,0.00136776,0.00000000,0.00000000,0.00000000,0.00000000,0.00000000,0.00000000,0.00000000,0.00000000,0.00311921,0.00619154,0.00000000,0.00000000,0.00000000,0.00000000,0.00000000,0.00000000,0.00000000,0.00000000,0.00000000,0.00000000,0.00000000,0.00000000,0.00000000,0.00000000,0.00785331,0.00000000,0.00000000,0.00000000,0.00000000,0.00000000,0.00000000,0.01866080,0.02430019,0.00000000,0.00000000,0.00000000,0.00000000,0.00000000,0.00000000,0.04118607,0.00000000,0.00000000,0.00000000,0.00000000,0.00000000,0.00000000,0.00000000,0.00000000,0.00000000,0.00174959,0.00000000,0.00000000,0.00000000,0.00000000,0.00000000,0.00000000,0.00000000,0.00000000,0.04277652,0.00000000,0.00000000,0.00077195,0.00000000,0.00000000,0.00000000,0.00000000,0.00000000,0.00577976,0.00000000,0.00501676,0.00000000,0.00000000,0.00000000,0.00000000,0.00000000,0.00000000,0.00000000,0.00000000,0.00851151,0.00000000,0.00000000,0.00000000,0.00000000,0.00000000,0.01260395,0.17227930,0.00000000,0.00000000,0.00000000,0.00000000,0.00000000,0.00172733,0.00000000,0.00000000,0.00000000,0.00000000,0.00000000,0.00000000,0.00000000,0.03861377,0.00000000,0.00000000,0.00000000,0.00000000,0.00000000,0.00000000,0.00710091,0.01673683,0.00000000,0.00000000,0.00000000,0.00000000,0.00000000,0.00000000,0.00000000,0.00000000,0.00000000,0.00000000,0.00000000,0.00000000,0.00000000,0.00000000,0.00000000,0.00000000,0.00000000,0.00000000,0.00000000,0.00000000,0.00000000,0.00000000,0.00000000,0.02468710,0.00000000,0.00000000,0.00000000,0.00000000,0.01157738,0.00000000,0.00000000,0.00000000,0.00000000,0.00000000,0.00000000,0.00000000,0.00000000,0.00000000,0.00000000,0.00000000,0.00000000,0.00000000,0.00000000,0.00000000,0.00000000,0.00000000,0.00000000,0.00000000,0.00000000,0.00000000,0.00000000,0.00000000,0.00000000,0.00263289,0.00000000,0.26226945,0.00230426,0.01903480,0.00000000,0.00000000,0.00000000,0.00000000,0.00000000,0.00000000,0.00000000,0.00000000,0.00000000,0.00122814,0.00000000,0.03230745,0.00000000,0.01104394,0.00000000,0.00000000,0.00000000,0.00000000,0.00000000,0.00000000,0.00000000,0.00000000,0.00000000,0.06924598,0.00000000,0.00113764,0.00000000,0.00000000,0.00000000,0.00000000,0.00916722,0.00000000,0.01541755,0.02982739,0.00000000,0.00000000,0.00000000,0.00000000,0.00000000,0.00000000,0.00000000,0.00000000,0.00000000,0.00000000,0.00000000,0.00000000,0.00000000,0.00000000,0.00000000,0.00157253,0.00000000,0.00000000,0.00000000,0.00000000,0.00000000,0.00000000,0.00926134,0.00000000,0.01196904,0.00000000,0.00000000,0.00000000,0.00000000,0.22762789,0.00000000,0.00000000,0.00000000,0.00000000,0.00000000,0.00000000,0.00215340,0.00000000,0.00000000,0.01657761,0.00000000,0.00000000,0.00000000,0.00000000,0.00000000,0.00000000,0.00674722,0.00000000,0.02944861,0.00000000,0.00000000,0.00000000,0.00000000,0.00000000,0.00000000,0.00000000,0.00000000,0.00000000,0.00211227,0.00000000,0.00000000,0.00000000,0.00000000,0.00000000,0.00000000,0.00000000,0.00000000,0.00000000,0.00000000,0.00000000,0.00000000,0.00000000,0.00000000,0.00532210,0.00000000,0.00366680,0.00992811,0.00000000,0.00000000,0.00000000,0.00000000,0.00000000,0.00000000,0.00000000,0.00000000,0.00000000,0.00000000,0.00000000,0.00000000,0.00000000,0.00000000,0.00000000,0.00000000,0.00000000,0.00000000,0.00000000,0.00000000,0.00000000,0.00000000,0.00000000,0.00000000,0.00000000,0.00000000,0.00000000,0.00000000,0.00000000,0.00000000,0.00000000,0.00000000,0.00000000,0.00000000,0.00000000,0.00000000,0.00530696,0.00000000,0.01213816,0.00000000,0.00164175,0.09898665,0.00000000,0.02587528,0.00000000,0.00000000,0.00000000,0.00000000,0.00000000,0.00000000,0.00000000,0.00000000,0.00000000,0.00000000,0.00000000,0.00000000,0.00000000,0.00965356,0.00000000,0.00000000,0.00000000,0.00000000,0.02985974,0.00000000,0.00000000,0.00000000,0.00000000,1.07094368,0.00000000,0.00000000,0.00000000,0.00000000,0.00000000,0.00637346,0.00000000,0.00000000,0.00000000,0.00000000,0.00000000,0.00000000,0.00000000,0.00000000,0.00000000,0.01253929,0.00000000,0.00000000,0.00000000,0.00000000,0.00000000,0.00000000,0.00603831,0.00000000,0.00000000,0.00187488,0.00000000,0.00000000,0.00000000,0.00000000,0.00000000,0.00000000,0.00000000,0.00000000,0.00000000,0.00000000,0.00250765,0.39821558,0.00000000,0.00000000,0.00000000,0.08208578,0.00000000,0.00000000,0.00000000,0.00000000,0.00000000,0.00000000,0.00000000,0.00000000,0.00000000,0.00000000,0.00000000,0.00517088,0.00000000,0.00000000,0.00000000,0.00000000,0.00000000,0.00000000,0.00000000,0.00000000,0.00000000,0.00000000,0.00000000,0.00000000,0.00000000,0.00000000,0.00000000,0.00000000,0.07819243,0.00000000,0.00000000,0.00000000,0.00000000,0.00000000,0.00000000,0.00000000,0.00000000,0.00000000,0.00000000,0.00000000,0.00000000,0.00000000,0.00000000,0.87155285,0.00000000,0.00000000,0.00000000,0.00000000,0.00000000,0.00000000,0.00000000,0.00000000,0.00000000,0.00000000,0.00000000,0.00000000,0.00000000,0.00000000,0.00000000,0.00000000,0.00000000,0.00000000,0.00000000,0.00000000,1.98009460,0.00000000,0.00000000,0.00000000,0.00000000,0.00000000,0.00000000,0.00000000,0.00000000,0.00000000,0.00000000,0.02162692,0.00000000,0.00000000,0.00000000,0.00000000,0.00000000,0.00000000,0.00000000,0.00000000,0.00000000,0.00000000,0.00000000,0.00000000,0.00000000,0.00000000,0.00000000,0.00000000,0.00000000,0.07070606,0.00000000,0.00000000,0.00000000,0.00000000,0.00000000,0.00264151,0.00000000,0.00000000,0.00000000,0.00000000,0.00000000,0.00000000,0.00000000,0.00000000,0.00000000,0.00000000,0.00000000,0.00000000,0.00000000,0.00000000,0.00000000,0.00000000,0.00000000,0.00000000,0.00000000,0.00000000,0.00000000,0.00000000,0.01417487,0.00000000,0.00000000,0.00000000,0.00000000,0.00000000,0.00000000,0.00000000,0.00000000,0.00000000,0.00000000,0.00000000,0.00000000,0.00000000,0.02885647,0.01320016,0.00000000,0.00000000,0.00000000,0.00000000,0.01961406,0.00000000,0.00000000,0.00000000,0.00000000,0.00000000,0.01078031,0.00000000,0.00000000,0.00000000,0.11432042,0.00000000,0.00000000,0.00000000,0.00000000,0.00000000,0.00000000,0.00000000,0.06578753,0.00000000,0.01571031,0.00000000,0.00000000,0.01240117,0.00000000,0.00000000,0.00000000,0.00000000,0.00000000,0.00000000,0.00000000,0.00000000,0.00000000,0.00000000,0.00000000,0.00000000,0.00000000,0.00000000,0.10310363,0.00000000,0.00000000,0.00000000,0.00000000,0.00000000,0.00000000,0.00000000,0.00000000,0.00000000,0.00000000,0.00000000,0.00000000,0.00000000,0.00000000,0.02124274,0.00000000,0.00000000,0.00000000,0.00000000,0.00000000,0.00000000,0.00000000,0.00000000,0.00000000,0.00000000,0.00000000,2.33864995,0.00000000,0.00000000,0.00000000,0.00000000,0.00000000,0.00000000,0.00000000,0.00000000,0.00000000,0.00000000,0.00000000,0.00000000,0.00363644,0.00000000,0.00160080,0.00000000,0.00000000,0.00146991,0.00000000,0.00000000,0.00000000,0.00000000,0.00000000,0.00000000,0.00000000,0.00323012,0.00882641,0.00000000,0.00000000,0.00000000,0.00000000,0.00000000,0.00000000,0.07329193,0.00000000,0.00000000,0.00000000,0.01382583,0.00000000,0.00000000,0.00000000,0.00000000,0.00000000,0.00000000,0.00000000,0.00000000,0.00000000,0.01622463,0.00000000,0.00000000,0.00000000,0.00000000,0.00000000,0.00000000,0.00000000,0.00000000,0.00558506,0.00000000,0.00000000,0.00000000,0.00000000,0.00000000,0.00000000,0.00000000,0.00000000,0.00000000,0.00363103,0.00000000,0.00000000,0.00000000,0.00000000,0.00155499,0.00213501,0.00000000,0.00000000,0.00000000,0.00000000,0.00000000,1.41734545,0.09802618,0.00000000
0.00000000,0.01706174,0.00000000,0.00000000,0.00000000,0.00000000,0.00000000,0.00501953,0.00000000,0.00000000,0.00000000,0.00000000,0.00000000,0.00000000,0.00000000,0.00000000,0.00000000,0.00000000,0.00000000,0.02266366,0.00484446,0.00000000,0.00000000,0.00000000,0.00000000,0.00445878,0.02709687,0.00000000,0.00000000,0.00000000,0.00000000,0.03597223,0.00000000,0.00000000,0.00000000,0.00000000,0.00000000,0.00000000,0.00000000,0.00000000,0.00000000,0.00000000,0.00132718,0.05165640,0.00000000,0.00000000,0.04872020,0.00000000,0.00000000,0.00000000,0.00000000,0.00000000,0.00000000,0.00000000,0.00000000,0.00000000,0.00000000,0.00000000,0.36583692,0.00000000,0.00000000,0.00000000,0.00000000,0.00000000,0.00000000,0.00000000,0.00000000,0.00000000,0.00000000,0.00000000,0.00000000,0.00000000,0.00000000,0.00000000,0.00000000,0.04648054,0.00000000,0.01122973,0.07093996,0.00000000,0.00000000,0.02522101,0.00000000,0.00000000,0.00000000,0.00000000,0.00000000,0.00000000,0.00000000,0.00000000,0.00000000,0.00000000,0.00000000,0.00000000,0.00000000,0.00000000,0.00000000,0.00000000,0.00521415,0.00000000,0.00000000,0.00241264,0.00000000,0.00000000,0.00000000,0.00000000,0.00000000,0.00000000,0.00280412,0.00000000,0.00000000,0.06056235,0.00000000,0.00000000,0.00000000,0.00000000,0.00000000,0.00000000,0.00000000,0.03881061,0.00000000,0.00000000,0.00000000,0.00000000,0.00357910,0.00000000,0.00000000,0.05150959,0.00000000,0.00000000,0.00000000,0.00000000,0.00000000,0.00000000,0.00000000,0.00000000,0.00000000,0.00000000,0.00000000,0.00000000,0.00000000,0.00000000,0.00000000,0.00000000,0.00000000,0.00000000,0.00000000,0.13288100,0.00000000,0.09710194,0.00440724,0.00000000,0.00000000,0.00000000,0.00000000,0.00000000,0.00000000,0.00000000,0.01062294,0.00000000,0.00000000,0.00000000,0.01347185,0.00000000,0.00000000,0.00000000,0.00000000,0.00000000,0.00000000,0.00000000,0.00000000,0.00000000,0.00000000,0.00000000,0.00000000,0.00000000,0.00000000,0.00000000,0.00000000,0.00000000,0.00000000,0.00000000,0.00000000,0.00302606,0.00000000,0.00000000,0.00000000,0.00000000,0.04033831,0.00000000,0.00000000,0.00192346,0.00000000,0.00000000,0.00000000,0.00000000,0.00000000,0.00367221,0.00000000,0.00000000,0.00000000,0.00000000,0.00456810,0.00000000,0.00383092,0.00000000,0.00000000,0.00000000,0.00000000,0.00000000,0.00000000,0.00000000,0.00787095,0.00000000,0.00000000,0.00000000,0.00000000,0.00000000,0.00000000,0.00000000,0.00000000,0.02199420,0.00000000,0.01111310,0.00000000,0.00000000,0.00000000,0.00000000,0.00000000,0.00000000,0.00000000,0.00000000,0.00000000,0.00000000,0.00000000,0.00000000,0.00000000,0.00000000,0.00000000,0.00000000,0.00000000,0.00000000,0.00000000,0.05256921,0.00000000,0.03101377,0.00000000,0.00000000,0.00000000,0.00000000,0.00339895,0.00000000,0.00000000,0.00087491,0.00000000,0.00000000,0.00000000,0.00000000,0.00000000,0.00000000,0.00000000,0.00000000,0.00000000,0.00000000,0.00000000,0.00000000,0.00000000,0.08440790,0.00000000,0.01167480,0.00000000,0.00000000,0.00000000,0.00000000,0.00000000,0.00000000,0.00000000,0.00000000,0.03334235,0.00000000,0.00000000,0.00082469,0.00000000,0.00000000,0.00000000,0.00000000,0.00000000,0.00000000,0.00000000,0.00000000,0.00000000,0.00000000,0.00000000,0.00000000,0.01827601,0.00000000,0.00000000,0.00000000,0.00212311,0.00000000,0.00234561,0.00000000,0.00000000,0.00000000,0.00000000,0.00000000,0.00000000,0.00000000,0.00887367,0.00000000,0.00000000,0.00000000,0.00000000,0.00000000,0.00924985,0.00000000,0.00000000,0.00000000,0.00000000,0.00000000,0.00000000,0.00000000,0.00000000,0.00000000,0.00000000,0.00000000,0.00000000,0.00000000,0.00000000,0.00000000,0.00000000,0.00000000,0.00000000,0.00000000,0.00000000,0.00000000,0.00000000,0.00000000,0.03418603,0.00000000,0.00000000,0.00000000,0.00000000,0.00175843,0.00245446,0.00000000,0.00000000,0.00000000,0.00490279,0.00000000,0.00000000,0.00000000,0.00000000,0.00000000,0.00000000,0.00000000,0.00000000,0.00000000,0.00000000,0.00000000,0.00000000,0.00000000,0.00000000,0.00000000,0.00000000,0.00000000,0.00409189,0.00000000,0.00000000,0.00000000,0.00000000,0.00000000,0.00000000,0.00000000,0.00000000,1.10590507,0.00000000,0.00000000,0.00000000,0.00000000,0.00000000,0.00000000,0.00000000,0.00000000,0.00000000,0.00000000,0.00000000,0.00000000,0.00000000,0.05776748,0.00000000,0.00000000,0.00000000,0.00000000,0.00000000,0.00000000,0.02254487,0.00000000,0.00000000,0.00000000,0.00000000,0.00000000,0.00000000,0.00000000,0.00000000,0.00193589,0.00000000,0.00000000,0.00000000,0.00000000,0.00000000,0.00267883,0.00892533,0.00000000,0.00000000,0.00000000,0.00000000,0.00000000,0.00000000,0.00000000,0.00000000,0.00217735,0.00000000,0.00000000,0.00822099,0.00000000,0.00000000,0.00000000,0.00000000,0.00000000,0.00000000,0.00000000,0.00000000,0.00000000,0.00499185,0.00000000,0.00000000,0.00000000,0.00000000,0.00000000,0.00000000,0.00224708,0.00000000,0.00000000,0.00000000,0.00000000,0.00000000,0.00000000,0.00000000,0.00000000,0.00000000,0.00000000,0.00000000,0.00000000,0.00542401,0.00000000,0.00000000,0.00000000,0.00000000,0.00000000,0.00000000,0.00720687,0.00000000,0.00000000,0.00000000,0.00000000,0.00000000,0.01438960,0.00000000,0.00000000,0.00521644,0.03625639,0.00000000,0.00000000,0.00000000,0.00000000,0.00000000,0.00000000,0.00000000,0.00000000,0.00000000,0.00073439,0.03043236,0.00000000,0.00000000,0.00000000,0.00000000,0.00000000,0.03146323,0.00000000,0.00000000,0.01368107,0.00199887,0.00000000,0.00000000,0.00000000,0.00000000,0.00000000,0.00000000,0.00000000,0.00000000,0.00000000,0.00000000,0.00000000,0.00000000,0.00000000,0.00000000,0.00000000,0.00000000,0.00000000,0.00000000,0.00000000,0.00000000,0.12986945,0.01961084,0.00489186,0.00490439,0.00000000,0.00000000,0.00000000,0.00000000,0.00000000,0.00000000,0.00000000,0.00000000,0.00000000,0.00000000,0.00000000,0.00000000,0.00000000,0.00000000,0.00000000,0.00000000,0.00000000,0.00000000,0.00000000,0.00000000,0.00000000,0.00000000,0.00000000,0.00000000,0.00000000,0.00000000,0.00000000,0.00000000,0.00503716,0.00000000,0.00348205,0.00000000,0.07379737,0.00000000,0.00000000,0.01806318,0.00000000,0.00000000,0.00000000,0.00000000,0.01003796,0.00000000,0.00000000,0.00000000,0.00000000,0.00000000,0.00000000,0.00000000,0.00181144,0.00000000,0.00000000,0.00000000,0.00000000,0.00000000,0.00000000,0.00000000,0.00000000,0.00000000,0.00000000,0.00000000,0.00000000,0.00000000,0.00000000,0.00000000,0.00000000,0.00000000,0.00000000,0.00000000,0.00000000,0.00788915,0.00000000,0.00000000,0.00876347,0.00000000,0.12063295,0.00094627,0.00000000,0.00000000,0.00000000,0.00000000,0.00000000,0.00000000,0.00000000,0.00000000,0.00000000,0.00000000,0.00000000,0.33314477,0.00000000,0.00000000,0.01964561,0.00000000,0.00000000,0.00000000,0.00000000,0.00000000,0.00000000,0.00000000,0.00000000,0.00000000,0.00000000,0.00000000,0.00000000,0.00000000,0.00000000,0.00000000,0.00000000,0.00000000,0.00000000,0.00000000,0.00000000,0.00000000,0.00000000,0.00000000,0.00000000,0.00000000,0.00000000,0.00000000,0.00000000,0.00000000,0.00000000,0.00000000,0.00000000,0.00000000,0.00000000,0.00000000,0.00000000,0.00000000,0.00000000,0.00000000,0.20134399,0.00000000,0.00000000,0.00000000,0.00000000,0.00000000,0.00000000,0.00000000,0.00000000,0.00000000,0.00000000,0.00000000,0.00000000,0.00000000,0.00000000,0.00000000,0.00237844,0.00000000,0.00000000,0.00000000,0.00000000,0.00000000,0.00000000,0.00000000,0.00000000,0.00000000,0.00000000,0.00000000,0.00000000,0.00000000,0.02509669,0.03112608,0.01154814,0.03531469,0.00000000,0.00000000,0.00000000,0.00000000,0.00000000,0.00000000,0.01840385,0.00000000,0.00000000,0.00000000,0.00380409,0.00000000,0.00000000,0.00000000,0.00000000,0.00000000,0.00000000,0.00000000,0.00000000,0.00000000,0.00000000,0.00000000,0.00000000,0.00000000,0.00000000,0.00000000,0.00000000,0.00000000,0.00000000,0.00000000,0.00000000,0.00000000,0.00000000,0.00000000,0.03152204,0.00000000,0.00000000,0.00000000,0.00000000,0.00000000,0.00000000,1.90439194,0.00000000,0.00000000,0.00000000,0.00093390,0.00000000,0.00000000,0.00000000,0.00000000,0.25371855,0.00000000,0.00000000,0.00000000,0.00000000,0.00000000,0.00000000,0.00000000,0.00000000,0.00000000,0.00000000,0.00000000,0.00000000,0.00000000,0.00000000,0.00000000,0.00000000,0.00000000,0.00000000,0.00000000,0.00000000,0.00000000,0.01504179,0.00000000,0.01409962,0.04703580,0.00759661,0.00000000,0.00000000,0.00000000,0.01844237,0.00000000,0.00000000,0.00000000,0.00000000,0.00000000,0.00000000,0.00000000,0.00000000,0.00000000,0.00000000,0.01561211,0.00000000,0.00000000,0.00000000,0.01247343,0.00000000,0.00000000,0.00000000,0.00000000,0.00000000,0.03216714,0.00000000,0.00000000,0.00000000,0.00000000,0.02835823,0.00000000,0.00000000,0.00000000,0.00000000,0.00000000,0.00000000,0.00794238,0.00000000,0.00116101,0.00719361,0.00000000,0.00000000
0.00000000,0.00000000,0.00000000,0.00777730,0.00000000,0.00732878,0.00000000,0.00000000,0.00815482,0.01362040,0.00000000,0.00000000,0.01288479,0.00000000,0.00420918,0.00000000,0.00000000,0.00000000,0.00000000,0.00000000,0.00000000,0.00000000,0.00000000,0.00000000,0.00000000,0.00000000,0.00000000,0.00000000,0.00000000,0.00000000,0.66521442,0.00538946,0.00393246,0.00000000,0.00000000,0.00000000,0.00341167,0.00000000,0.00000000,0.00000000,0.00000000,0.00000000,0.00000000,0.00000000,0.00000000,0.00000000,0.00000000,0.00461058,0.00000000,0.00000000,0.00000000,0.00000000,0.00000000,0.02732445,0.00000000,0.00000000,0.00000000,0.00000000,0.00000000,0.00000000,0.00000000,0.00000000,0.17221365,0.00000000,0.00000000,0.00000000,0.00205737,0.00000000,0.01764273,0.00000000,0.16275093,0.00000000,0.00000000,0.00000000,0.00000000,0.00208004,0.00000000,0.02116522,0.00132190,0.00000000,0.00000000,0.00517741,0.00145755,0.00000000,0.00000000,0.00000000,0.00000000,0.00000000,0.00000000,0.00000000,0.00000000,0.00000000,0.00000000,0.00000000,0.00000000,0.00000000,0.00000000,0.00000000,0.00000000,0.00000000,0.00000000,0.73859088,0.00000000,0.00000000,0.00000000,0.00000000,0.00000000,0.00000000,0.00000000,0.00444080,0.00000000,0.00000000,0.00000000,0.00000000,0.00000000,0.00177948,0.00000000,0.00000000,0.00000000,0.00000000,0.00000000,0.00000000,0.00000000,0.00000000,0.00000000,0.00672468,0.00076656,0.00000000,0.00000000,0.00000000,0.00537463,0.00000000,0.00000000,0.00000000,0.00000000,0.00000000,0.00000000,0.00000000,0.00000000,0.00000000,0.00215605,0.00000000,0.00000000,0.00000000,0.00000000,0.00000000,0.00000000,0.01438787,0.42579369,0.00000000,0.00000000,0.00000000,0.01223576,0.00327594,0.00000000,0.00000000,0.00000000,0.01135953,0.00000000,0.00000000,0.00352798,0.00000000,0.00000000,0.00000000,0.00000000,0.00000000,0.00351566,0.00000000,0.00000000,0.00000000,0.56424706,0.00832916,0.00000000,0.00000000,0.00000000,0.00000000,0.00324073,0.00000000,0.02501608,0.00000000,0.00000000,0.00000000,0.00000000,0.00000000,0.00000000,0.00000000,0.00477034,0.00000000,0.02274143,0.00000000,0.00000000,0.00000000,0.00000000,0.00000000,0.00000000,0.00000000,0.00000000,0.00000000,0.00000000,0.00000000,0.00000000,0.00000000,0.00000000,0.00000000,0.00000000,0.00000000,0.00000000,0.00000000,0.00000000,0.00000000,0.00000000,0.00000000,0.00165016,2.87651930,0.00000000,0.00000000,0.00000000,0.00000000,0.00000000,0.00000000,0.00000000,0.00000000,0.00000000,0.00000000,0.00000000,0.03591986,0.00000000,0.00000000,0.00000000,0.00000000,0.00000000,0.00000000,0.00000000,0.00000000,0.00154334,0.00000000,0.00000000,0.00000000,0.00000000,0.00000000,0.00000000,0.00000000,0.00000000,0.00785726,0.00000000,0.00000000,0.00000000,0.00000000,0.00000000,0.00000000,0.00000000,0.00000000,0.00000000,0.00000000,0.00000000,0.00000000,0.00949342,0.00380112,0.00000000,0.00000000,0.00000000,0.00000000,0.00000000,0.00000000,0.00000000,0.00000000,0.00000000,0.00000000,0.00000000,0.00000000,0.00000000,0.00000000,0.00687931,0.00000000,0.00000000,0.00000000,0.00000000,0.00000000,0.00137241,0.00000000,0.00000000,0.00000000,0.00000000,0.00000000,0.00000000,0.03911428,0.04518894,0.00000000,0.00000000,0.00000000,0.00000000,0.00000000,0.00000000,0.00000000,0.00000000,0.00000000,0.00000000,0.00000000,0.00000000,0.00000000,0.00000000,0.00000000,0.00000000,0.00000000,0.00000000,0.00000000,0.00000000,0.00840494,0.00000000,0.00000000,0.00000000,0.00000000,0.00000000,0.00000000,0.00000000,0.00000000,0.00000000,0.00000000,0.00000000,0.00000000,0.00000000,0.00665037,0.00000000,0.00000000,0.00000000,0.00000000,0.00000000,0.00000000,0.01483773,0.00000000,0.00000000,0.00000000,0.00000000,0.00000000,0.00000000,0.00000000,0.00000000,0.00000000,0.00000000,0.00000000,0.81502515,0.00000000,0.00000000,0.00000000,0.00000000,0.00000000,0.00000000,0.00000000,0.00000000,0.00000000,0.00000000,0.00000000,0.00000000,0.00000000,0.00000000,0.00000000,0.00000000,0.00000000,0.00000000,0.00000000,0.00000000,0.00000000,0.00000000,0.00000000,0.00507858,0.00000000,0.00000000,0.00000000,0.00000000,0.00000000,0.00000000,0.00000000,0.00000000,0.02382884,0.00000000,0.00000000,0.00000000,0.00000000,0.00000000,0.00000000,0.00000000,0.00000000,0.00000000,0.00000000,0.00000000,0.00000000,0.00000000,0.00000000,0.00000000,0.00000000,0.00122161,0.00000000,0.00000000,0.00000000,0.00000000,0.00000000,0.00000000,0.00000000,0.00000000,0.00000000,0.00000000,0.00000000,0.00000000,0.00000000,0.00193589,0.00000000,0.00000000,0.06412107,0.00546248,0.00000000,0.00000000,0.00000000,0.00000000,0.00000000,0.00000000,0.00000000,0.00000000,0.00000000,0.00000000,0.00000000,0.00000000,0.00000000,0.00000000,0.00000000,0.00000000,0.00000000,0.00000000,0.00000000,0.00000000,0.00000000,0.00000000,0.00000000,0.00000000,0.00000000,0.00000000,0.00000000,0.00536666,0.00000000,0.00000000,0.00000000,0.00000000,0.00000000,0.00000000,0.00000000,0.00000000,0.00000000,0.00000000,0.00000000,0.00000000,0.00000000,0.00717706,0.00000000,0.00000000,0.01947638,0.00000000,0.00000000,0.00000000,0.00000000,0.00000000,0.00000000,0.00000000,0.00000000,0.00000000,0.00000000,0.00582018,0.00000000,0.00000000,0.00000000,0.00000000,0.00000000,0.00000000,0.00000000,0.00000000,0.00000000,0.00000000,0.00000000,0.00340734,0.01948956,0.00000000,0.00000000,0.00000000,0.00000000,0.00000000,0.00000000,0.00000000,0.00000000,0.00681603,0.00000000,0.00000000,0.00000000,0.00000000,0.00000000,0.00000000,0.00083799,0.00000000,0.00000000,0.00000000,0.00000000,0.00000000,0.00000000,0.00000000,0.00000000,0.00000000,0.00000000,0.00000000,0.00000000,0.00000000,0.00000000,0.00000000,0.00000000,0.00000000,0.00899191,0.00000000,0.00000000,0.00000000,0.00000000,0.00090067,0.00000000,0.00000000,0.00000000,0.00000000,0.00000000,0.00000000,0.00000000,0.02912341,0.00000000,0.00562512,0.03612652,0.00439546,0.00000000,0.00000000,0.00000000,0.00000000,0.00000000,0.00000000,0.00000000,0.00000000,0.00000000,0.00000000,0.00000000,0.00000000,0.00000000,0.00000000,0.00000000,0.01638148,0.00000000,0.00000000,0.00000000,0.00000000,0.00000000,0.00000000,0.00000000,0.00000000,0.00181789,0.00000000,0.00000000,0.00000000,0.00000000,0.00000000,0.00000000,0.00000000,0.00000000,0.00616968,0.00000000,0.00000000,0.00000000,0.00391487,0.00000000,0.00000000,0.00000000,0.00000000,0.00000000,0.00000000,0.00000000,0.00000000,0.00000000,0.00000000,0.34965484,0.00000000,0.00000000,0.00000000,0.00000000,0.00000000,0.00000000,0.00000000,0.00000000,0.00000000,0.00000000,0.00000000,0.00000000,0.00000000,0.00000000,0.00000000,0.00000000,0.00000000,0.00000000,0.00000000,0.00000000,0.00000000,0.00000000,0.00000000,0.17234787,0.00000000,0.00000000,0.00000000,0.00000000,0.00000000,0.00000000,0.00000000,0.00000000,0.00000000,0.00000000,0.08886466,0.00000000,0.00000000,0.00953051,0.00000000,0.00000000,0.00000000,0.00977207,0.00000000,0.00000000,0.00000000,0.00000000,0.00000000,0.03632822,0.00000000,0.00000000,0.00000000,0.00000000,0.00509344,0.00000000,0.00000000,0.00000000,0.00000000,0.00000000,0.00000000,0.00000000,0.00000000,0.00000000,0.00000000,0.00000000,0.00000000,0.00000000,0.00000000,0.00000000,0.00000000,0.00000000,0.00000000,0.17572651,0.00000000,0.00000000,0.00000000,0.00000000,0.00000000,0.00000000,0.00000000,0.05525394,0.00000000,0.00000000,0.00000000,0.00000000,0.00000000,0.00000000,0.00000000,0.00000000,0.00000000,0.00216974,0.00000000,0.00000000,0.01803761,0.00000000,0.00000000,0.00000000,0.00000000,0.00000000,0.00000000,0.00000000,0.00000000,0.00000000,0.21276488,0.00000000,0.00000000,0.00000000,0.00000000,0.00000000,0.00000000,0.00000000,0.00580014,0.00000000,0.00000000,0.00000000,0.00000000,0.00000000,0.00000000,0.00095363,0.00258575,0.00000000,0.00000000,0.00000000,0.00000000,0.00000000,0.00000000,0.00525987,0.00067646,0.00000000,0.00000000,0.00374331,0.00000000,0.00000000,0.00000000,0.03296397,0.03157215,0.00000000,0.00000000,0.00000000,0.00000000,0.00000000,0.00000000,0.00000000,0.00000000,0.04135306,0.00000000,0.00000000,0.00000000,0.00000000,0.00000000,0.00000000,0.00000000,0.00000000,0.00000000,0.00336994,0.00000000,0.01338724,0.00000000,0.00000000,0.00000000,0.03491283,0.00000000,0.00000000,0.00000000,0.00000000,0.00000000,0.00000000,0.02236963,0.00000000,0.00611090,0.00000000,0.00000000,0.00000000,0.00000000,0.00000000,0.00000000,0.00000000,0.00000000,0.00000000,0.00000000,0.00000000,0.00000000,0.00162173,0.00622185,0.00000000,0.00000000,0.00000000,0.00000000,0.00619911,0.00000000,0.00125133,0.00000000,0.00000000,0.00000000,0.00000000,0.00000000,0.00000000,0.00000000,0.00000000,0.00000000,0.00000000,0.00000000,0.00000000,0.00000000,0.00000000,0.01849554,0.00000000,0.00000000,0.00000000,0.00000000,0.00000000,0.00000000,0.00000000,0.00375154,0.00000000,0.00000000,0.02457607,0.00000000,0.00000000,0.00000000,0.00000000,0.00000000,0.01985338
0.00000000,0.00216976,0.00459622,0.00000000,0.00000000,0.00000000,0.00000000,0.00000000,0.00000000,0.00385867,0.00000000,0.00000000,0.00000000,0.00000000,0.00000000,0.00000000,0.00000000,0.00000000,0.00000000,0.00000000,0.00000000,0.00000000,0.00000000,0.00000000,0.00000000,0.00198797,0.00000000,0.00000000,0.00000000,0.00000000,0.00000000,0.00053587,0.00000000,0.00000000,0.00000000,0.00000000,0.00000000,0.00000000,0.00000000,0.00076364,0.00000000,0.00000000,0.00000000,0.00000000,0.00000000,0.00000000,0.00000000,0.00000000,0.00000000,0.00000000,0.00000000,0.00000000,0.00000000,0.03455146,0.00000000,0.00000000,0.00000000,0.00000000,0.00000000,0.00000000,0.00000000,0.00000000,0.00000000,0.00979373,0.06142418,0.00000000,0.00000000,0.00000000,0.00000000,0.00000000,0.00000000,0.00000000,0.00000000,0.00196195,0.00000000,0.00000000,0.00000000,0.00000000,0.00000000,0.00000000,0.00000000,0.00000000,0.00000000,0.61350738,0.00230446,0.00889292,0.00000000,0.04025829,0.00000000,0.00000000,0.00000000,0.00000000,0.00000000,0.00000000,0.00000000,0.00000000,0.00000000,0.00000000,0.00401939,0.00000000,0.00000000,0.00000000,0.00000000,0.00000000,0.00000000,0.00000000,0.00000000,0.00000000,0.00000000,0.00000000,0.00000000,0.00000000,0.00265573,0.00000000,0.00000000,0.00441889,0.00000000,0.00000000,0.00000000,0.00000000,0.00000000,0.00000000,0.00000000,0.00000000,0.00000000,0.00000000,0.00000000,0.00000000,0.00000000,0.00000000,0.01255771,0.00000000,0.00000000,0.00931002,0.00000000,0.00000000,0.00000000,0.00000000,0.00000000,0.00000000,0.00657208,0.00000000,0.00000000,0.00108264,0.00000000,0.00000000,0.01382887,0.00000000,0.00000000,0.00000000,0.00922075,0.00000000,0.02098151,0.00000000,0.11044678,0.01321270,0.00000000,0.00000000,0.00000000,0.00000000,0.00441758,0.01373476,0.00000000,0.00281318,0.00000000,0.00000000,0.00079397,0.28505160,0.00000000,0.00000000,0.00000000,0.00000000,0.01031849,0.00000000,0.00000000,0.00285380,0.00000000,0.00000000,0.00000000,0.00000000,0.00000000,0.00000000,0.00000000,0.00000000,0.00000000,0.01499016,0.00000000,0.00000000,0.00757870,0.00000000,0.00000000,0.00000000,0.00000000,0.00000000,0.00000000,0.31368479,0.01817214,0.00000000,0.00000000,0.00000000,0.00000000,0.00000000,0.00000000,0.00000000,0.00075454,0.30588111,0.00000000,0.00000000,0.00000000,0.00000000,0.00000000,0.00000000,0.00000000,0.00000000,0.00000000,0.00000000,0.00000000,0.00000000,0.00000000,0.00000000,0.00000000,0.00000000,0.00000000,0.00000000,0.00000000,0.00000000,0.00000000,0.00000000,0.00000000,0.00000000,0.00000000,0.00000000,0.00000000,0.00000000,0.68919784,0.00000000,0.00000000,0.00000000,0.00000000,0.00000000,0.00531037,0.00000000,0.00000000,0.00000000,0.00000000,0.00000000,0.00000000,0.00000000,0.00000000,0.00000000,0.00000000,0.00000000,0.01059716,0.00000000,0.00000000,0.00000000,0.00000000,0.00000000,0.00000000,0.00000000,0.00000000,0.00000000,0.00000000,0.00532339,0.00000000,0.00000000,0.00000000,0.00000000,0.00000000,0.00242381,0.00000000,0.00000000,0.00000000,0.00544352,0.00000000,0.00000000,0.00000000,0.00000000,0.00000000,0.00000000,0.00000000,0.01533201,0.00000000,0.00000000,0.00000000,0.00000000,0.00000000,0.00000000,0.00000000,0.00000000,0.00000000,0.00000000,0.00000000,0.00000000,0.00000000,0.00000000,0.00000000,0.01085572,0.00000000,0.02387785,0.00000000,0.00159001,0.00000000,0.00000000,0.07923464,0.00000000,0.00000000,0.00000000,0.00000000,0.00000000,0.00000000,0.00000000,0.00000000,0.00000000,0.00000000,0.00000000,0.00000000,0.00000000,0.00000000,0.02922171,0.00000000,0.00000000,0.00000000,0.00000000,0.00000000,0.00000000,0.00075272,0.00080034,0.00357240,0.00000000,0.00000000,0.00000000,0.00339418,0.00452915,0.00000000,0.00000000,0.00000000,0.00000000,0.00000000,0.00000000,0.00000000,0.00000000,0.00000000,0.00000000,0.00000000,0.00000000,0.00000000,0.00000000,0.00000000,0.00000000,0.00000000,0.00000000,0.00000000,0.00000000,0.00000000,0.00000000,0.00000000,0.00000000,0.00000000,0.00000000,0.00000000,0.01170962,0.00000000,0.00000000,0.00000000,0.00000000,0.00000000,0.00000000,0.57020966,0.00000000,0.00000000,0.00000000,0.00000000,0.00000000,0.00000000,0.00000000,0.00119498,0.00000000,0.00000000,0.00000000,0.00000000,0.01401939,0.00000000,0.00000000,0.00640448,0.00377268,0.00000000,0.00000000,0.00000000,0.00000000,0.00000000,0.00000000,0.00000000,0.00000000,0.00000000,0.00000000,0.00000000,0.00000000,0.00000000,0.00324678,0.00437090,0.00000000,0.00000000,0.00000000,0.00000000,0.00000000,0.00000000,0.00000000,0.00000000,0.00000000,0.00000000,0.00168518,0.00000000,0.00000000,0.00000000,0.00000000,0.00000000,0.00000000,0.00000000,0.00000000,0.00000000,0.00000000,0.00000000,0.04027630,0.00000000,0.00000000,0.00000000,0.00000000,0.00000000,0.00000000,0.00000000,0.00401320,0.00000000,0.00000000,0.00642380,0.00466168,0.00000000,0.00000000,0.00000000,0.00000000,0.00000000,0.00000000,0.02599959,0.00093801,0.00000000,0.00000000,0.00000000,0.00000000,0.00000000,0.00000000,0.00000000,0.00000000,0.00072820,1.25228641,0.00000000,0.00000000,0.00695695,0.00000000,0.00000000,0.00663305,0.00000000,0.00000000,0.00000000,1.74390532,0.00000000,0.00000000,0.00000000,0.10353318,0.00000000,0.00000000,0.00000000,0.00000000,0.00000000,0.00000000,0.00000000,0.00000000,0.00000000,0.00000000,0.00000000,0.00000000,0.00000000,0.00000000,0.00000000,0.00000000,0.00000000,0.00000000,0.00000000,0.05034017,0.00000000,0.00000000,0.00000000,0.00000000,0.00000000,0.00000000,0.00000000,0.00000000,0.00000000,0.00000000,0.00000000,0.00000000,0.01168377,0.00000000,0.00000000,0.00000000,0.00000000,0.00236386,0.00000000,0.00000000,0.00000000,0.00000000,0.00000000,0.00000000,0.00000000,0.00000000,0.00000000,0.00000000,0.00000000,0.04659530,0.00115433,0.00000000,0.00000000,0.00000000,0.00000000,0.00000000,0.00000000,0.00000000,0.00000000,0.00000000,0.00000000,0.00000000,0.00000000,0.00000000,0.00000000,0.00000000,0.00000000,0.00000000,0.06565693,0.00000000,0.00000000,0.00249954,0.00000000,0.00000000,0.00000000,0.00339450,0.00000000,0.04549814,0.00000000,0.00000000,0.00000000,0.00000000,0.00000000,0.00000000,0.00000000,0.13741117,0.00000000,0.00000000,0.00000000,0.00000000,0.00000000,0.00000000,0.00000000,0.00000000,0.00000000,0.00257650,0.00000000,0.00000000,0.00000000,0.00000000,0.00000000,0.00000000,0.00000000,0.00000000,0.00000000,0.00000000,0.00000000,0.00000000,0.00000000,0.00000000,0.00000000,0.00000000,0.00000000,0.00000000,0.00327715,0.00000000,0.00000000,0.00000000,0.00000000,0.00000000,0.00203422,0.00000000,0.00000000,0.00000000,0.00000000,0.00000000,0.00000000,0.00000000,0.00000000,0.00000000,0.00000000,0.00000000,0.00000000,0.00000000,0.00000000,0.00000000,0.00000000,0.00000000,0.00000000,0.00000000,0.00000000,0.00000000,0.00000000,0.00000000,0.00000000,0.00000000,0.00000000,0.00000000,0.00000000,0.00000000,0.00000000,0.00000000,0.00000000,0.00000000,0.00000000,0.00000000,0.00000000,0.00000000,0.14057478,0.00000000,0.00125921,0.00722385,0.00000000,0.00000000,0.00000000,0.00000000,0.00000000,0.00000000,0.00000000,0.00000000,0.00000000,0.00000000,0.00000000,0.03168838,0.00000000,0.00000000,0.00000000,0.00000000,0.00000000,0.00000000,0.00000000,0.00000000,0.00000000,0.00000000,0.00000000,0.00000000,0.00000000,0.00000000,0.00000000,0.00000000,0.00000000,0.00000000,0.00000000,0.01179954,0.00000000,0.00000000,0.00000000,0.00000000,0.00000000,0.00000000,0.00000000,0.00000000,0.00000000,0.00000000,0.00000000,0.00822966,0.00903079,0.00000000,0.00000000,0.00000000,0.00000000,0.00000000,0.00000000,0.00000000,0.00201265,0.00000000,0.00000000,0.00000000,0.00000000,0.00000000,0.00000000,0.00000000,0.00000000,0.00000000,0.00000000,0.00000000,0.00000000,0.00000000,0.00000000,0.00000000,0.00000000,0.00791990,0.00000000,0.00000000,0.00000000,0.00000000,0.00000000,0.00000000,0.03853159,0.00000000,0.00000000,0.00000000,0.00000000,0.00000000,0.00000000,0.16181849,0.00174913,0.00000000,0.00000000,0.00000000,0.00000000,0.00000000,0.00000000,0.00000000,0.13755102,0.00000000,0.00864675,0.00000000,0.00000000,0.00000000,0.64505814,0.00000000,0.00000000,0.00000000,0.00000000,0.00000000,0.00000000,0.00000000,0.00000000,0.00000000,0.00000000,0.00000000,0.00000000,0.00000000,0.00000000,0.00102834,0.00000000,0.00000000,0.00000000,0.00000000,0.00000000,0.01047837,0.00000000,0.00000000,0.00000000,0.00000000,0.00000000,0.00000000,0.10036167,0.00000000,0.00000000,0.00000000,0.00000000,0.00000000,0.00000000,0.00000000,0.00527732,0.00000000,0.00000000,0.00000000,0.00000000,0.00761148,0.00000000,0.00000000,0.00000000,0.00000000,0.00000000,0.00000000,0.00000000,0.00000000,0.00000000,0.00000000,0.00000000,0.01812380,0.00000000,0.00000000,0.00000000,0.00109390,0.00000000,0.00000000,0.00000000,0.01585002,0.00000000,0.00198663,0.00000000,0.00000000,0.00000000,0.00000000,0.00000000,0.00000000,0.00000000,0.00000000
0.00000000,0.00000000,0.00000000,0.00000000,0.00000000,0.00000000,0.01101266,0.00000000,0.00000000,0.00000000,0.00000000,0.00000000,0.00000000,0.00000000,0.00000000,0.00000000,0.00000000,0.00000000,0.00000000,0.00000000,0.00000000,0.00000000,0.00000000,0.00000000,0.00000000,0.00000000,0.00184749,0.00000000,0.00000000,0.00000000,0.00000000,0.00000000,0.00000000,0.00000000,0.00000000,0.00813959,0.00000000,0.12811238,0.00000000,0.15451508,0.00000000,0.00000000,0.00000000,0.00000000,0.00732093,0.00000000,0.00000000,0.00000000,0.00000000,0.00000000,0.00000000,0.00000000,0.00000000,0.00000000,0.00000000,0.00000000,0.00000000,0.00000000,0.00000000,0.00000000,0.00000000,0.00000000,0.00000000,0.00000000,0.00000000,0.00000000,0.00000000,0.00000000,0.00000000,0.00413461,0.00179840,0.00000000,0.00650132,0.00220476,0.00000000,0.00000000,0.00000000,0.00000000,0.00000000,0.00000000,0.00000000,0.00000000,0.00000000,0.00000000,0.01745457,0.00000000,0.00000000,0.00000000,0.00511725,0.00000000,0.00000000,0.00000000,0.00000000,0.00000000,0.00000000,0.00000000,0.00000000,0.00000000,0.00000000,0.00000000,0.00711552,0.00000000,0.31014388,0.00532606,0.00000000,0.00000000,0.00000000,0.00000000,0.00000000,0.00000000,0.00000000,0.00000000,0.00000000,0.00000000,0.00000000,0.00000000,0.00000000,0.00000000,0.00000000,0.00000000,0.00000000,0.00000000,0.00000000,0.00087968,0.00000000,0.00000000,0.00000000,0.00000000,0.00000000,0.00000000,0.00724578,0.00000000,0.17328096,0.00000000,0.00000000,0.00000000,0.00000000,0.00000000,0.00748286,0.00000000,0.00232850,0.00000000,0.01731518,0.00000000,0.00000000,0.00000000,0.00000000,0.00000000,0.00000000,0.00000000,0.11845890,0.00000000,0.00000000,0.01553165,0.00000000,0.00360354,0.00000000,0.00000000,0.00000000,0.00000000,0.00000000,0.00000000,0.00000000,0.00000000,0.00000000,0.00000000,0.00000000,0.00000000,0.00000000,0.00466522,0.00000000,0.00000000,0.00000000,0.00000000,0.00000000,0.00000000,0.00000000,0.33453865,0.00000000,0.00000000,0.00000000,0.00000000,0.00000000,0.00000000,0.00000000,0.00000000,0.00000000,0.00000000,0.00000000,0.01276980,0.00000000,0.00000000,0.06588363,0.00000000,0.00000000,0.00328256,0.00000000,0.00000000,0.00000000,0.00000000,0.00296350,0.00000000,0.00000000,0.00000000,0.00000000,0.00074228,0.00000000,0.00100784,0.00000000,0.00000000,0.00000000,0.00000000,0.00000000,0.00000000,0.00000000,0.00000000,0.00000000,0.00000000,0.00000000,0.00000000,0.00000000,0.00000000,0.00000000,0.00000000,0.00000000,0.00000000,0.00000000,0.00000000,0.00000000,0.00000000,0.00000000,0.00000000,0.10927287,0.00000000,0.00000000,0.00000000,0.00000000,0.00000000,0.00000000,0.00000000,0.00000000,0.00000000,0.00919452,0.01580901,0.10971189,0.00071597,0.00000000,0.00000000,0.00000000,0.00000000,0.00000000,0.00000000,0.00000000,0.00000000,0.00000000,0.00000000,0.00000000,0.00075647,0.00000000,0.00000000,0.00839073,0.00000000,0.00000000,0.00000000,0.00000000,0.00000000,0.00000000,0.00000000,0.00000000,0.00000000,0.00000000,0.00000000,0.01190278,0.00000000,0.00000000,0.00000000,0.00000000,0.00000000,0.00000000,0.00000000,0.00000000,0.00000000,0.00000000,0.00214523,0.00000000,0.00000000,0.00000000,0.00000000,0.00000000,0.00000000,0.00000000,0.01024682,0.00000000,0.00000000,0.00000000,0.00000000,0.00000000,0.00000000,0.30778180,0.00000000,0.00000000,0.00000000,0.00000000,0.00466849,0.00000000,0.00000000,0.00000000,0.00000000,0.00000000,0.00000000,0.00506547,0.00000000,0.00000000,0.00000000,0.00000000,0.00000000,0.00000000,0.00000000,0.00000000,0.00000000,0.00000000,0.00000000,0.00000000,0.00000000,0.00000000,0.00000000,0.00000000,0.02494464,0.00000000,0.00000000,0.00000000,0.00000000,0.00105785,0.00000000,0.00000000,0.00000000,0.00000000,0.00000000,0.00000000,0.00303166,0.00000000,0.00000000,0.00000000,0.00000000,0.00000000,0.00000000,0.00000000,0.00000000,0.00735883,0.02705743,0.01742946,0.00000000,0.00000000,0.00000000,0.00000000,0.00183763,0.00000000,0.00000000,0.00000000,0.00000000,0.00000000,0.05281257,0.00000000,0.00000000,0.00083374,0.00000000,0.00000000,0.00000000,0.00000000,0.01781958,0.00000000,0.00000000,0.00000000,0.00000000,0.00000000,0.00000000,0.00000000,0.00000000,0.00243886,1.59468334,0.00000000,0.00000000,0.00000000,0.00000000,0.00000000,0.01283207,0.00000000,0.00000000,0.00000000,0.02412777,0.00000000,0.00000000,0.00000000,0.00000000,0.00000000,0.00000000,0.00000000,0.00000000,0.00000000,0.00000000,0.00000000,0.00000000,0.00000000,0.00000000,0.00000000,0.06412107,0.00000000,0.00000000,0.00000000,0.00000000,0.00000000,0.01632824,0.00000000,0.00000000,0.00000000,0.00000000,0.00000000,0.00000000,0.00000000,0.00000000,0.00000000,0.00000000,0.00000000,0.00000000,0.03071347,0.00000000,0.00000000,0.00000000,0.00000000,0.00000000,0.00000000,0.00000000,0.00552482,0.00000000,0.00000000,0.00000000,0.00000000,0.00342886,0.00000000,0.00000000,0.00000000,0.00000000,0.00000000,0.00000000,0.00000000,0.00000000,0.03342707,0.00000000,0.00000000,0.00000000,0.03235064,0.00222423,0.00000000,0.00000000,0.00000000,0.00000000,0.00000000,0.00000000,0.00000000,0.00000000,0.00000000,0.00000000,0.00000000,0.00000000,0.00745224,0.00000000,0.00000000,0.00000000,0.00000000,0.00000000,0.00000000,0.00223220,0.00000000,0.00000000,0.00721853,0.00000000,0.00000000,0.00000000,0.00000000,0.00000000,0.05507182,0.00000000,0.00000000,0.00000000,0.00433399,0.00000000,0.00000000,0.00000000,0.00000000,0.00000000,0.00000000,0.00000000,0.00000000,0.00000000,0.00000000,0.00000000,0.00000000,0.00000000,0.00000000,0.00000000,0.00000000,0.00000000,0.00000000,0.00000000,0.00000000,0.00000000,0.00000000,0.00000000,0.00000000,0.00000000,0.00000000,0.00000000,0.01328514,0.00000000,0.00000000,0.00000000,0.00196005,0.00000000,0.00000000,0.00382850,0.00820651,0.00000000,0.00313873,0.00000000,0.00474090,0.00358549,0.00000000,0.00000000,0.00442424,0.00000000,0.01243415,0.00712379,0.00000000,0.00000000,0.00000000,0.00000000,0.00000000,0.00000000,0.00000000,0.00000000,0.00000000,0.00000000,0.00000000,0.00000000,0.00000000,0.00000000,0.00000000,0.00000000,0.00000000,0.00000000,0.00000000,0.00000000,0.00000000,0.00896093,0.00339789,0.00000000,0.00402526,0.00000000,0.00000000,0.00000000,0.00000000,0.00000000,0.00000000,0.00000000,0.00000000,0.00000000,0.00000000,0.00000000,0.00000000,0.00000000,0.00000000,0.00000000,0.00000000,0.00000000,0.00000000,0.00000000,0.00000000,0.00000000,0.00000000,0.00179900,0.00000000,0.00264681,0.00000000,0.00000000,0.00000000,0.00000000,0.00000000,0.00096547,0.00000000,0.00000000,0.04066919,0.00000000,0.00000000,0.00000000,0.00000000,0.00000000,0.00000000,0.00000000,0.00000000,0.00000000,0.00000000,0.00158630,0.00000000,0.00000000,0.00000000,0.00630289,0.00000000,0.00000000,0.00000000,0.00000000,0.00000000,0.00000000,0.00000000,0.00000000,0.00000000,0.00000000,0.00000000,0.00000000,0.00000000,0.00000000,0.00715489,0.00000000,0.00000000,0.00000000,0.00000000,0.00000000,0.00000000,0.00000000,0.00000000,0.00000000,0.00000000,0.00000000,0.00000000,0.00000000,0.00000000,0.00000000,0.00000000,0.00000000,0.00000000,0.00000000,0.00000000,0.00000000,0.00000000,0.00000000,0.00000000,0.00000000,0.01013367,0.00683731,0.00000000,0.00000000,0.00000000,0.00000000,0.00000000,0.00000000,0.00000000,0.00000000,0.00000000,0.00000000,0.00000000,0.00000000,0.00000000,0.00125275,0.00000000,0.00000000,0.00000000,0.00000000,0.00000000,0.00000000,0.00000000,0.00000000,0.00000000,0.00000000,0.00000000,0.00125090,0.00216739,0.11164648,0.00000000,0.00000000,0.00000000,0.00000000,0.00000000,0.00000000,0.00000000,0.00000000,0.00000000,0.00945811,0.00000000,0.00000000,0.00000000,0.00000000,0.00000000,0.00000000,0.00000000,0.00000000,0.00000000,0.00000000,0.00000000,0.00000000,0.00000000,0.00000000,0.00000000,0.01542781,0.00000000,0.00000000,0.00138030,0.00000000,0.00000000,0.00000000,0.04230712,0.00000000,0.00000000,0.00000000,0.06597721,0.00000000,0.00000000,0.00000000,0.00000000,0.53081542,0.27247535,0.00000000,0.00000000,0.00000000,0.00370065,0.00000000,0.00000000,0.00000000,0.00000000,0.07260906,0.00000000,0.00000000,0.00000000,0.00000000,0.00000000,0.00000000,0.00000000,0.00000000,0.00000000,0.02757841,0.00000000,0.06586983,0.00000000,0.00000000,0.00000000,0.00000000,0.00000000,0.00000000,0.00000000,0.00000000,0.00000000,0.00000000,0.00000000,0.08597233,0.00000000,0.00000000,0.00000000,0.00000000,0.00000000,0.00000000,0.00076030,0.00000000,0.00000000,0.00000000,0.00000000,0.00000000,0.00000000,0.00000000,0.00000000,0.00000000,0.00000000,0.00000000,0.00000000,0.00000000,0.00000000,0.00000000,0.00000000,0.00000000,0.00000000,0.00000000,0.00000000,0.00000000,0.00000000,0.00000000,0.00000000,0.00000000,0.00000000,0.00000000,0.00068796,0.00000000,0.00000000,0.00000000,0.01466506,0.00000000,0.00000000,0.00000000,0.24879965,0.00000000,0.00000000,0.00000000,0.00000000,0.00000000
0.00000000,0.00000000,0.00000000,0.00000000,0.00000000,0.00000000,0.00000000,0.00000000,0.00000000,0.00000000,0.00000000,0.00000000,0.00000000,0.00000000,0.00000000,0.00000000,0.00000000,0.00000000,0.00000000,0.00540043,0.00000000,0.00000000,0.00000000,0.00000000,0.00000000,0.00000000,0.00000000,0.00000000,0.00000000,0.00000000,0.00739098,0.00000000,0.00000000,0.00000000,0.00000000,0.00000000,0.00000000,0.00423278,0.00000000,0.00000000,0.00172352,0.00000000,0.00000000,0.00000000,0.00000000,0.00000000,0.00000000,0.00000000,0.00000000,0.00000000,0.00000000,0.00000000,0.00000000,0.00000000,0.00000000,0.00000000,0.01724317,0.00000000,0.00000000,0.00197050,0.00785788,0.00000000,0.00563217,0.00000000,0.00000000,0.00000000,0.00000000,0.00000000,0.00000000,0.00000000,0.00658819,0.00000000,0.00000000,0.00000000,0.00000000,0.00000000,2.84322526,0.00000000,0.00000000,0.00000000,0.00000000,0.00000000,0.00000000,0.00000000,0.00875600,0.00000000,0.00000000,0.00000000,0.01125900,0.00000000,0.00000000,0.00000000,0.00000000,0.00000000,0.00000000,0.00089510,0.00000000,0.00000000,0.00000000,0.00000000,0.00000000,0.00000000,0.00000000,0.00000000,0.00000000,0.05043312,0.02800751,0.00000000,0.00000000,0.00000000,0.00000000,0.00000000,0.00000000,0.00000000,0.00000000,0.00102129,0.00000000,0.04619535,0.00000000,0.00000000,0.00000000,0.00000000,0.00000000,0.02329736,0.00000000,0.00000000,0.07151559,0.00000000,0.00000000,0.00000000,0.00000000,0.00000000,0.00000000,0.00000000,0.00000000,0.00000000,0.00000000,0.00000000,0.00000000,0.00000000,0.00000000,0.00000000,0.00000000,0.00000000,0.00000000,0.00000000,0.02638519,0.00000000,0.00000000,0.06107882,0.00000000,0.00000000,0.00000000,0.00000000,0.00000000,0.00000000,0.00000000,0.00000000,0.03323329,0.00000000,0.13555587,0.00000000,0.00000000,0.00000000,0.00000000,0.00000000,0.00000000,0.00000000,0.00000000,0.00000000,0.00000000,0.00000000,0.00000000,0.00000000,0.37474795,0.00000000,0.00000000,0.00000000,0.00000000,0.00000000,0.00000000,0.00000000,0.00000000,0.00000000,0.00000000,0.00000000,0.44014915,0.00144239,0.00000000,0.00000000,0.01044210,0.00000000,0.00000000,0.00000000,0.00000000,0.00000000,0.00000000,0.00000000,0.00000000,0.00000000,0.00000000,0.00000000,0.00000000,0.00471559,0.00000000,0.00000000,0.00000000,0.00562991,0.00000000,0.00000000,0.00000000,0.00000000,0.00000000,0.00000000,0.00000000,0.00000000,0.00000000,0.00000000,0.00000000,0.00000000,0.00000000,0.00000000,0.00000000,0.01177202,0.00900076,0.00632811,0.00000000,0.00000000,0.00000000,0.00000000,0.00391408,0.00000000,0.00000000,0.00000000,0.00000000,0.00000000,0.00000000,0.06933167,0.00000000,0.00000000,0.00233317,0.00000000,0.00877183,0.00000000,0.00000000,0.04552646,0.00000000,0.00000000,0.00000000,1.26564126,0.00000000,0.00000000,0.00000000,0.00000000,0.00000000,0.00000000,0.00000000,0.00000000,0.00000000,0.00000000,0.00000000,0.00000000,0.00000000,0.00000000,0.00000000,0.00000000,0.09236343,0.00000000,0.00000000,0.00000000,0.00000000,0.00000000,0.00000000,0.00000000,0.00000000,0.00000000,0.00000000,0.00000000,0.00000000,0.00000000,0.00000000,0.00000000,0.00000000,0.00000000,0.00000000,0.00000000,0.00000000,0.00000000,0.00000000,0.00932114,0.00000000,0.00000000,0.00397415,0.00000000,0.00000000,0.00000000,0.02322744,0.00000000,0.00000000,0.00000000,0.00000000,0.00000000,0.00185728,0.00000000,0.01536878,0.00000000,0.00000000,0.00000000,0.00000000,0.20570730,0.02008463,0.00000000,0.00000000,0.00000000,0.00000000,0.00000000,0.00000000,0.00000000,0.00000000,0.12920797,0.00000000,0.00000000,0.00000000,0.00000000,0.00000000,0.00000000,0.00000000,0.00000000,0.00074863,0.00000000,0.00000000,0.00000000,0.00000000,0.00000000,0.00000000,0.00087679,0.00228829,0.00000000,0.00513868,0.00000000,0.00524356,0.00000000,0.00000000,0.00000000,0.00072718,0.00000000,0.00000000,0.00000000,0.00000000,0.00000000,0.01245976,0.00000000,0.00000000,0.00000000,0.00000000,0.00000000,0.00000000,0.00000000,0.00213312,0.00000000,0.00000000,0.00000000,0.05214893,0.00000000,0.00000000,0.00000000,0.00873393,0.00312154,0.00000000,0.00000000,0.00000000,0.00000000,0.00000000,0.00000000,0.00000000,0.00000000,0.00000000,0.00000000,0.00000000,0.00000000,0.09792176,0.00000000,0.00000000,0.00000000,1.39126938,0.00000000,0.00000000,0.00000000,0.00525530,0.00000000,0.00000000,0.00000000,0.00000000,0.00000000,0.00000000,0.00000000,0.00000000,0.00000000,0.00000000,0.00000000,0.00000000,0.00000000,0.00000000,0.00000000,0.00000000,0.00546248,0.00000000,0.00000000,0.00000000,0.00000000,0.00000000,0.00254501,0.00000000,0.00000000,0.00000000,0.00000000,0.00000000,0.00000000,0.00000000,0.01185894,0.00000000,0.00000000,0.00000000,0.00000000,0.00000000,0.00000000,0.00000000,0.00000000,0.00000000,0.00000000,0.00000000,0.00000000,0.00000000,0.00137663,0.00000000,0.00000000,0.00288258,0.00000000,0.00000000,0.00000000,0.00000000,0.00000000,0.00000000,0.00000000,0.00000000,0.00000000,0.00000000,0.01803548,0.00000000,0.00000000,0.00000000,0.00000000,0.00000000,0.00000000,0.00000000,0.00000000,0.00000000,0.00000000,0.00000000,0.00000000,0.00357504,0.00000000,0.00000000,0.00000000,0.04276119,0.00000000,0.00000000,0.00000000,0.00000000,0.00000000,0.00000000,0.00420761,0.00000000,0.00000000,0.00000000,0.00000000,0.00000000,0.00000000,0.00000000,0.00000000,0.00000000,0.00000000,0.00000000,0.00000000,0.00000000,0.00223975,0.00000000,0.00000000,0.00000000,0.00000000,0.00000000,0.00000000,0.00000000,0.00000000,0.00000000,0.00000000,0.01703779,0.00000000,0.00000000,0.00000000,0.01011536,0.00000000,0.00000000,0.00000000,0.00000000,0.00000000,0.00000000,0.00000000,0.00000000,0.00000000,0.00133581,0.00000000,0.00000000,0.13728109,0.00000000,0.00000000,0.00291884,0.00000000,0.00000000,0.00000000,0.00000000,0.00000000,0.00000000,0.00000000,0.00000000,0.00000000,0.00000000,0.00000000,0.00000000,0.00000000,0.00000000,0.00000000,0.00000000,0.00000000,0.00090569,0.00000000,0.01411668,0.00000000,0.00000000,0.00000000,0.00000000,0.00000000,0.00000000,0.00000000,0.00000000,0.00000000,0.00000000,0.00000000,0.00000000,0.00000000,0.01574788,0.00000000,0.00000000,0.00000000,0.00000000,0.00000000,0.00000000,0.00000000,0.00000000,0.40313785,0.00000000,0.00000000,0.00000000,0.00000000,0.00000000,0.00000000,0.85261876,0.00000000,0.00000000,0.00444310,0.00000000,0.00000000,0.00000000,0.00000000,0.00000000,0.00000000,0.00000000,0.00000000,0.02341058,0.00000000,0.00000000,0.00000000,0.00915927,0.00000000,0.00000000,0.00285906,0.00000000,0.00000000,0.00000000,0.00000000,0.00000000,0.00000000,0.00000000,0.00000000,0.00863097,0.00000000,0.00121257,0.00000000,0.00099271,0.00000000,0.00000000,0.00000000,0.00000000,0.00546522,0.00000000,0.00000000,0.00000000,0.00066736,0.00413105,0.00000000,0.00000000,0.00000000,0.00000000,0.00000000,0.00000000,0.00000000,0.00000000,0.01175768,0.00377613,0.00000000,0.00000000,0.04575456,0.00000000,0.00000000,0.00000000,0.00000000,0.03307793,0.00000000,0.00000000,0.00000000,0.00000000,0.00000000,0.00000000,0.00000000,0.00000000,0.00000000,0.00000000,0.00000000,0.00000000,0.00000000,0.00000000,0.00000000,0.00000000,0.00452128,0.09337697,1.98123058,0.00000000,0.00000000,0.00000000,0.00000000,0.00000000,0.01149905,0.00000000,0.00000000,0.00000000,0.00000000,0.00602150,0.00000000,0.00000000,0.00000000,0.00251116,0.00000000,0.00077967,0.00000000,0.00000000,0.00000000,0.00000000,0.00000000,0.00000000,0.00000000,0.00000000,0.00000000,0.00767947,0.00000000,0.00000000,0.00000000,0.00000000,0.00000000,0.00000000,0.00000000,0.00000000,0.00000000,0.00000000,0.00000000,0.00000000,0.00000000,0.00317786,0.00000000,0.01278217,0.00000000,0.00000000,0.00000000,0.00123246,0.00000000,0.00000000,0.00000000,0.00000000,0.00000000,0.00000000,0.00360284,0.00000000,0.00000000,0.00000000,0.00000000,0.00000000,0.00000000,0.00000000,0.00000000,0.00000000,0.00000000,0.00000000,0.00000000,0.00000000,0.05367800,0.00000000,0.02020605,0.00000000,0.00000000,0.00000000,0.00000000,0.00000000,0.00000000,0.00000000,0.00000000,0.00000000,0.00000000,0.00000000,0.00000000,0.00000000,0.00000000,0.00000000,0.00000000,0.00000000,0.00358438,0.00000000,0.00000000,0.00000000,0.00000000,0.00000000,0.00000000,0.00000000,0.00000000,0.00000000,0.00000000,0.00000000,0.00000000,0.00000000,0.00000000,0.00000000,0.00000000,0.00000000,0.00000000,0.00000000,0.00000000,0.00000000,0.04152408,0.00000000,0.00000000,0.00000000,0.00000000,0.00000000,0.00000000,0.00000000,0.00000000,0.00000000,0.00000000,0.00000000,0.00000000,0.00000000,0.00000000,0.03703333,0.00000000,0.00076640,0.00000000,0.00000000,0.00000000,0.00000000,0.00000000,0.00000000,0.00000000,0.00000000,0.00000000,0.00000000,0.00000000,0.00000000,0.00000000,0.00000000,0.00000000,0.00000000,0.00516149,0.00000000,0.00000000,0.00000000,0.00000000,0.00000000,0.00000000,0.00000000,0.00000000,0.00000000,0.00000000
0.00675057,0.00000000,0.00000000,0.00000000,0.00000000,0.00000000,0.00000000,0.00000000,0.00000000,0.00000000,0.01827223,0.00000000,0.00000000,0.00000000,0.00000000,0.00000000,0.04977493,0.00000000,0.00000000,0.00000000,0.00000000,0.00000000,0.00000000,0.00000000,0.00000000,0.00000000,0.00000000,0.00000000,0.01764322,0.00000000,0.00000000,0.00000000,0.00000000,0.00000000,0.00168642,0.00000000,0.00000000,0.00000000,0.00000000,0.00000000,0.00000000,0.00000000,0.00000000,0.00000000,0.00000000,0.01237310,0.00000000,0.00000000,0.00000000,0.00000000,0.00000000,0.00000000,0.07727925,0.00000000,0.21789955,0.00000000,0.00000000,0.03005654,0.00000000,0.00000000,0.00000000,0.00000000,2.07454190,0.00000000,0.00000000,0.00116392,0.00000000,0.00000000,0.00000000,0.00710575,0.00000000,0.00628667,0.00000000,0.00190323,0.00000000,0.00000000,0.00000000,0.00000000,0.00000000,0.00000000,0.00372130,0.00000000,0.00000000,0.00000000,0.00000000,0.00845551,0.00000000,0.00000000,0.00000000,0.00000000,0.00000000,0.00000000,0.00000000,0.00000000,0.00000000,0.00000000,0.00000000,0.00000000,0.00000000,0.00000000,0.00000000,0.00000000,0.00110775,0.00000000,0.00462037,0.00000000,0.00000000,0.00000000,0.00000000,0.00000000,0.00000000,0.00000000,0.00182242,0.00000000,0.00000000,0.00000000,0.00000000,0.00000000,0.00000000,0.00000000,0.00000000,0.00000000,0.00000000,0.00229185,0.00000000,0.00000000,0.00327629,0.00000000,0.00000000,0.00000000,0.00000000,0.00000000,0.00000000,0.00000000,0.00000000,0.00000000,0.00000000,0.00699680,0.03050697,0.00000000,0.00000000,0.00000000,0.00000000,0.00000000,0.00000000,0.00000000,0.00000000,0.00000000,0.00000000,0.00000000,0.00000000,0.00000000,0.00000000,0.00000000,0.00397890,0.00000000,0.02865713,0.00000000,0.00000000,0.00000000,0.00000000,0.00000000,0.00000000,0.00000000,0.00000000,0.00000000,0.00000000,0.00000000,0.00000000,0.00000000,0.00000000,0.00000000,0.00000000,0.00000000,0.00000000,0.00000000,0.00000000,0.00000000,0.00000000,0.00000000,0.00000000,0.00000000,0.00000000,0.00000000,0.00000000,0.00000000,0.00000000,0.00000000,0.00000000,0.00000000,0.00000000,0.00000000,0.01531646,0.00000000,0.01686792,0.00000000,0.00000000,0.00000000,0.00212930,0.00000000,0.00000000,0.00000000,0.00000000,0.00000000,0.00000000,0.00000000,0.01778367,0.00000000,0.00000000,0.00000000,0.00557009,0.00982797,0.00000000,0.00000000,0.00000000,0.00000000,0.00000000,0.00000000,0.00000000,0.00000000,0.00000000,0.00000000,0.00000000,0.00000000,0.00000000,0.00000000,0.00000000,0.00245897,0.00000000,0.00000000,0.00000000,0.00000000,0.00000000,0.00000000,0.00000000,0.00000000,0.00000000,0.00000000,0.00000000,0.00000000,0.00000000,2.16739403,0.00000000,0.00000000,0.00000000,0.00000000,0.00000000,0.00000000,0.00529284,0.00000000,0.00000000,0.00000000,0.00000000,0.00000000,0.00000000,0.00000000,0.00000000,0.02993712,0.00000000,0.00000000,0.07634401,0.00000000,0.00000000,0.00000000,0.00000000,0.00000000,0.04713047,0.00000000,0.00000000,0.00000000,0.00000000,0.00000000,0.07723220,0.00000000,0.00000000,0.00000000,0.00000000,0.00000000,0.00000000,0.00000000,0.00000000,0.00000000,0.00000000,0.00000000,0.00000000,0.00000000,0.00000000,0.00000000,0.00000000,0.00000000,0.00000000,0.00000000,0.00000000,0.00000000,0.04575205,0.00000000,0.00000000,0.00000000,0.00000000,0.36125901,0.00000000,0.00000000,0.00000000,0.00000000,0.00000000,0.00000000,0.00000000,0.00000000,0.00000000,0.00000000,1.35740551,0.00000000,0.00000000,0.00000000,0.00000000,0.00000000,0.02099612,0.01457857,0.00000000,0.00000000,0.00382194,0.00000000,0.00000000,0.00000000,0.00000000,0.00000000,0.00000000,0.00000000,0.00000000,0.00000000,0.01367898,0.00000000,0.00000000,0.01688778,0.00000000,0.00652194,0.00000000,0.00000000,0.00000000,0.00000000,0.00000000,0.02952278,0.00000000,0.00000000,0.00000000,0.00000000,0.00000000,0.00941619,0.00000000,0.00000000,0.00000000,0.00000000,0.00000000,0.00000000,0.00000000,0.00000000,0.00000000,0.00000000,0.00000000,0.00000000,0.00000000,0.00000000,0.00000000,0.00000000,0.00000000,0.00000000,0.00000000,0.00000000,0.00000000,3.19417477,0.00000000,0.00000000,0.00000000,0.20368620,0.41660521,0.00000000,0.00000000,0.00000000,0.00000000,0.00000000,0.00000000,0.00000000,0.00000000,0.00000000,0.00000000,0.00000000,0.00000000,0.00000000,0.00000000,0.05292189,0.00000000,0.00000000,0.00000000,0.00000000,0.00000000,0.00000000,0.00000000,0.00000000,0.00000000,0.00000000,0.00000000,0.00000000,0.00000000,0.00000000,0.00000000,0.00000000,0.00000000,0.00000000,0.00000000,0.00000000,0.00000000,0.00379426,0.00000000,0.00048946,0.00000000,0.00000000,0.00000000,0.00000000,0.00000000,0.00000000,0.00429907,0.00000000,0.00000000,0.00803291,0.00000000,0.00000000,0.00000000,0.00000000,0.00000000,0.00000000,0.00000000,0.00000000,0.01205950,0.00000000,0.00000000,0.00000000,0.00000000,0.00211581,0.00000000,0.00000000,0.00000000,0.00000000,0.00000000,0.00000000,0.00000000,0.00000000,0.00000000,0.00000000,0.00353036,0.00861277,0.00000000,0.71427211,0.00000000,0.00000000,0.00000000,0.00000000,0.00000000,0.00000000,0.00000000,0.00000000,0.11388255,0.00000000,0.00000000,0.00000000,0.00000000,0.00000000,0.00000000,0.00000000,0.12125841,0.00000000,0.00000000,0.00000000,0.00000000,0.00000000,0.01184850,0.00000000,0.00000000,0.00000000,0.00000000,0.00000000,0.00000000,0.00000000,0.18680535,0.00000000,0.00000000,0.00000000,0.00000000,0.00000000,0.00000000,0.00000000,0.00000000,0.00000000,0.00000000,0.00000000,0.00000000,0.00000000,0.00000000,0.11048132,0.00000000,0.00659760,0.00310708,0.00000000,0.00000000,0.00000000,0.00000000,0.00000000,0.00000000,0.00000000,0.00000000,0.00000000,0.00000000,0.00000000,0.00000000,0.00000000,0.00000000,0.00000000,0.00000000,0.00000000,0.00000000,0.00000000,0.00000000,0.05631828,0.00000000,0.00000000,0.00000000,0.00000000,0.00000000,0.00000000,0.00000000,0.00000000,0.00000000,0.00000000,0.00237061,0.00000000,0.00085144,0.00000000,0.00000000,0.00000000,0.00000000,0.00000000,0.00000000,0.00000000,0.00311199,0.00000000,0.00000000,0.00000000,0.00000000,0.00153437,0.00215996,0.00000000,0.00000000,0.00000000,0.00000000,0.00000000,0.00000000,0.00000000,0.00000000,0.00117700,0.00000000,0.00000000,0.00000000,0.08792893,0.00104712,0.00000000,0.00000000,0.00000000,0.01432148,0.00000000,0.00055565,0.00000000,0.00000000,0.00000000,0.00000000,0.00000000,0.00000000,0.00000000,0.00000000,0.00000000,0.00000000,0.00000000,0.00000000,0.00000000,0.00000000,0.00000000,0.00000000,0.00324984,0.00000000,0.00000000,0.00000000,0.03618661,0.00306436,0.00000000,0.00000000,0.00000000,0.00000000,0.01818920,0.00000000,0.00000000,0.00000000,0.00000000,0.00902635,0.00000000,0.00180639,0.00000000,0.00000000,0.00000000,0.00000000,0.00000000,0.00000000,0.00000000,0.00000000,0.00000000,0.00000000,0.00000000,0.00000000,0.00000000,0.00000000,0.00000000,0.00000000,0.00000000,0.06010138,0.00000000,0.00000000,0.00000000,0.00000000,0.00000000,0.00000000,0.00000000,0.00000000,0.00000000,0.00000000,0.00000000,0.00000000,0.00000000,0.02129213,0.00000000,0.10078641,0.00000000,0.00000000,0.00000000,0.58614042,0.00000000,0.00000000,0.00000000,0.00000000,0.00000000,0.00000000,0.00512139,0.00000000,0.00000000,0.00000000,0.00000000,0.00000000,0.00000000,0.00000000,0.00000000,0.00000000,0.00000000,0.00000000,0.00000000,0.00000000,0.00000000,0.00000000,0.00000000,0.00000000,0.00000000,0.00000000,0.00606898,0.00000000,0.00000000,0.00000000,0.00000000,0.00000000,0.00000000,0.00000000,0.00000000,0.00000000,0.00000000,0.00000000,0.00000000,0.00000000,0.00000000,0.00000000,0.00000000,0.00000000,0.00000000,0.00977293,0.00000000,0.00000000,0.00000000,0.00000000,0.00000000,0.00000000,0.00000000,0.00000000,0.00000000,0.00000000,0.00000000,0.00000000,0.00000000,0.00000000,0.00000000,0.00000000,0.00000000,0.00000000,0.00000000,0.00832273,0.00552728,0.00000000,0.00000000,0.00000000,0.00000000,0.00000000,0.00000000,0.00000000,0.00000000,0.06938091,0.00000000,0.07884737,0.00000000,0.00000000,0.00000000,0.00000000,0.00000000,0.02100783,0.00000000,0.02406120,0.02418767,0.00000000,0.00000000,0.00000000,0.00000000,0.00000000,0.00000000,0.00000000,0.00428972,0.00000000,0.00000000,0.00000000,0.00000000,0.11741213,0.00246057,0.00000000,0.00000000,0.00000000,0.00000000,0.00000000,0.00000000,0.00000000,0.00000000,0.00000000,0.00000000,0.00000000,0.00000000,0.00000000,0.00000000,0.00000000,0.00000000,0.00000000,0.01369703,0.00217179,0.00000000,0.00000000,0.00000000,0.00000000,0.08243311,0.00000000,0.00000000,0.01286233,0.00000000,0.00000000,0.00000000,0.00000000,0.00000000,0.00000000,0.00000000,0.00406195,0.00000000,0.00000000,0.00000000,0.00000000,0.00000000,0.00000000,0.00000000,0.00000000,0.08932629,0.00000000,0.00000000,0.00000000,0.00581573,0.00000000,0.00000000,0.00432920,0.00000000,0.00000000,0.00000000,0.00551400,0.00000000,0.00771224,0.05340576
0.00000000,0.00000000,0.00000000,0.00000000,0.00000000,0.00000000,0.00000000,0.00339148,0.00788485,0.00000000,0.00000000,0.00000000,0.00000000,0.00217194,0.00000000,0.00000000,0.00000000,0.00000000,0.00000000,0.00445473,0.00000000,0.00000000,0.00000000,0.00000000,0.00000000,0.00383320,0.00000000,0.00000000,0.00000000,0.00000000,0.00000000,0.00000000,0.00000000,0.00164492,0.00099600,0.00000000,0.00000000,0.02818734,0.00000000,0.00000000,0.00000000,0.00000000,0.00483626,0.01498790,0.00000000,0.00000000,0.00000000,0.00000000,0.00000000,0.00000000,0.00000000,0.00000000,0.00000000,0.00000000,0.00000000,0.00000000,0.00000000,0.00000000,0.00221478,0.00000000,0.00000000,0.00000000,0.00000000,0.00000000,0.00000000,0.00000000,0.00329568,0.00000000,0.00000000,0.00000000,0.00571185,0.00000000,0.00000000,0.00374631,0.00092511,0.00000000,0.00000000,0.00000000,0.00000000,0.00000000,0.00000000,0.00000000,0.00000000,0.00000000,0.00335529,0.00631166,0.00000000,0.00000000,0.00000000,0.00000000,0.00000000,0.00000000,0.00000000,0.00000000,0.00000000,0.00000000,0.00000000,0.00000000,0.00000000,0.00735537,0.00000000,0.00000000,0.00000000,0.00000000,0.00000000,0.00000000,0.00000000,0.00000000,0.00000000,0.00000000,0.00000000,0.00000000,0.00000000,0.00000000,0.00000000,0.00000000,0.00000000,0.00000000,0.00000000,0.00000000,0.01026368,0.00000000,0.00000000,0.00000000,0.00000000,0.00000000,0.00000000,0.00000000,0.02046027,0.00000000,0.00000000,0.00000000,0.00000000,0.00000000,0.00000000,0.00000000,0.00000000,0.00603173,0.00000000,0.00000000,0.00000000,0.00000000,0.00000000,0.00000000,0.00000000,0.00000000,0.00000000,0.00000000,0.00000000,0.00000000,0.00000000,0.00000000,0.00000000,0.00000000,0.00000000,0.00000000,0.00000000,0.00000000,0.00000000,0.00000000,0.01869213,0.00000000,0.00000000,0.01325487,0.00000000,0.00000000,0.00000000,0.00000000,0.00000000,0.00000000,0.00000000,0.00157134,0.00000000,0.00000000,3.32045653,0.00000000,0.00000000,0.00000000,0.00000000,0.00202310,0.00000000,0.00000000,0.00000000,0.00000000,0.00000000,0.00000000,0.00000000,0.00000000,0.00000000,0.00000000,0.00000000,0.00000000,0.02414489,0.00000000,0.00000000,0.00000000,0.00000000,0.00000000,0.00000000,0.00000000,0.00000000,0.00000000,0.00000000,0.00000000,0.00000000,0.00000000,0.00000000,0.00000000,0.00000000,0.02416925,0.00000000,0.00000000,0.00000000,0.00000000,0.00000000,0.00000000,0.00962060,0.00000000,0.00000000,0.00000000,0.00235991,0.00000000,0.00750966,0.00000000,0.00000000,0.00000000,0.00000000,0.00000000,0.00000000,0.14837027,0.01809035,0.00000000,0.00000000,0.00000000,0.00000000,0.01154670,0.01366186,0.00000000,0.00000000,0.00000000,0.08124763,0.00000000,0.00000000,0.00000000,0.00000000,0.00000000,0.00000000,0.00000000,0.00145599,0.00000000,0.00000000,0.00000000,0.00000000,0.00000000,0.00000000,0.00000000,0.00000000,0.00000000,0.00000000,0.00157176,0.00000000,0.00000000,0.00000000,0.00000000,0.00000000,0.00000000,0.00722984,0.00000000,0.00000000,0.00379599,0.00000000,0.00000000,0.00000000,0.00000000,0.00000000,0.00000000,0.00000000,0.00000000,0.00000000,0.00000000,0.00000000,0.00182397,0.00000000,0.00000000,0.00000000,0.00000000,0.00000000,0.01824064,0.00262515,0.00000000,0.00000000,0.00000000,0.00000000,0.00000000,0.00000000,0.00000000,0.00000000,0.00000000,0.00000000,0.00000000,0.00000000,0.00000000,0.00000000,0.00000000,0.00000000,0.00000000,0.00000000,0.09254413,0.00459203,0.00000000,0.00000000,0.00000000,0.00219931,0.01343616,0.00000000,0.00000000,0.00000000,0.00000000,0.00000000,0.00000000,0.00000000,0.00000000,0.00000000,0.00000000,0.00000000,0.00000000,0.00000000,0.00000000,0.00000000,0.00000000,0.00000000,0.00000000,0.00000000,0.00000000,0.00000000,0.00000000,0.00000000,0.00000000,0.00000000,0.00000000,0.00000000,0.00000000,0.00000000,0.00000000,0.02207505,0.00000000,0.00000000,0.00000000,0.00487456,0.00000000,0.00000000,0.00000000,0.01610241,0.00000000,0.00000000,0.00000000,0.00360065,0.00000000,0.00000000,0.00000000,0.00000000,0.00000000,0.00000000,0.00000000,0.00000000,0.00000000,0.00000000,0.00387583,0.00000000,0.00000000,0.00000000,0.00000000,0.00000000,0.00000000,0.00000000,0.00000000,0.00000000,0.00000000,0.00000000,0.00000000,0.00000000,0.00000000,0.00000000,0.00237690,0.00103793,0.00000000,0.00000000,0.00000000,0.00000000,0.00000000,0.00000000,0.00000000,0.00000000,1.57092637,0.00000000,0.00000000,0.00000000,0.00000000,0.00000000,0.00000000,0.00274420,0.00000000,0.00000000,0.00000000,0.00000000,0.00000000,0.00000000,0.00000000,0.00000000,0.00000000,0.00000000,0.00000000,0.00000000,0.00000000,0.00000000,0.00000000,0.00000000,0.00000000,0.00000000,0.00000000,0.00000000,0.00000000,0.00000000,0.00000000,0.00000000,0.00000000,0.00000000,0.00000000,0.00000000,0.00000000,0.00000000,0.00000000,0.00000000,0.00000000,0.00000000,0.00000000,0.00000000,0.00000000,0.00000000,0.00000000,0.00000000,0.00644975,0.00000000,0.00000000,0.00000000,0.00000000,0.00000000,0.00000000,0.00000000,0.00000000,3.05902218,0.00000000,0.00000000,0.00000000,0.00000000,0.00000000,0.00000000,0.00000000,0.00000000,0.00492712,0.00000000,0.00000000,0.00000000,0.01718333,0.00693844,0.00000000,0.00000000,0.00000000,0.00000000,0.00000000,0.00000000,0.00000000,0.00000000,0.00000000,0.00000000,0.00052397,0.00000000,0.00000000,0.00000000,0.00540649,0.00000000,0.00000000,0.00000000,0.00000000,0.00000000,0.00000000,0.00000000,0.00000000,0.02235798,0.00000000,0.00000000,0.00000000,0.00000000,0.00000000,0.00000000,0.00000000,0.00000000,0.00000000,0.00000000,0.00000000,0.02663363,0.00000000,0.00000000,0.00170745,0.00000000,0.00271653,0.01235054,0.01238310,0.00000000,2.14493286,0.00000000,0.00000000,0.00000000,0.00000000,0.00000000,0.00654786,0.02056377,0.00000000,3.31600758,0.00000000,0.00000000,0.50243253,0.06206169,0.00000000,0.00000000,0.00000000,0.00000000,0.00000000,0.00000000,0.00000000,0.03552586,0.00000000,0.00000000,0.00000000,0.00000000,0.00000000,0.00000000,0.00000000,0.00000000,0.00000000,0.00000000,0.00000000,0.00000000,0.00000000,0.00000000,0.00000000,0.00000000,0.00000000,0.00000000,0.00000000,0.11314296,0.00000000,0.00000000,0.00000000,0.00000000,0.00000000,0.00000000,0.00000000,0.01618051,0.00000000,0.20872528,0.00000000,0.00000000,0.00000000,0.00000000,0.00801041,0.00000000,0.00000000,0.00000000,0.01658741,0.02619096,0.00000000,0.00000000,0.00000000,0.00000000,0.00000000,0.00000000,0.00000000,0.00000000,0.00000000,0.00000000,0.00000000,0.00000000,0.00000000,0.00000000,0.00000000,0.00000000,0.00000000,0.00000000,0.00335868,0.00000000,0.00000000,0.00000000,0.00096032,0.00149617,0.00000000,0.00000000,0.00000000,0.00000000,0.00000000,0.00000000,0.00000000,0.00000000,0.00000000,0.00000000,0.00000000,0.00000000,0.00000000,0.12271665,0.00000000,0.00000000,0.00000000,0.00000000,0.00000000,0.00000000,0.00000000,0.00000000,0.05940947,0.00000000,0.00000000,0.00000000,0.00000000,0.00000000,0.00000000,0.00000000,0.00000000,0.00000000,0.00000000,0.00000000,0.00000000,0.00000000,0.00000000,0.00000000,0.00000000,0.00000000,0.00000000,0.00000000,0.00000000,0.00000000,0.00632044,0.00000000,0.00000000,0.00000000,0.00000000,0.01929566,0.00000000,0.00000000,0.00000000,0.00000000,0.00000000,0.00000000,0.00000000,0.00000000,0.00000000,0.32170809,0.00000000,0.00000000,0.00000000,0.04883351,0.00000000,0.00000000,0.00000000,0.00000000,0.00000000,0.00000000,0.00000000,0.00000000,0.00000000,0.00000000,0.00000000,0.00000000,0.00000000,0.00000000,0.00000000,0.02899944,0.00000000,0.00000000,0.00000000,0.00000000,0.00000000,0.00000000,0.36374105,0.00000000,0.00000000,0.00000000,0.00000000,0.00000000,0.00000000,0.00000000,0.00000000,0.00000000,0.00080119,0.00000000,0.00644655,0.03303556,0.00766364,0.00135438,0.00000000,0.00000000,0.00000000,0.00000000,0.00000000,0.25320506,0.00000000,0.00000000,0.00747244,0.00000000,0.00332571,0.00000000,0.00000000,0.00000000,0.00000000,0.00000000,0.00000000,0.00000000,0.00000000,0.00000000,0.00000000,0.00000000,0.00000000,0.00000000,0.00000000,0.00000000,0.00000000,0.00000000,0.00000000,0.00000000,0.00000000,0.10264942,0.00000000,0.00000000,0.00000000,0.00000000,0.00000000,0.00000000,0.01496355,0.00000000,0.00253151,0.00000000,0.00000000,0.00000000,0.00000000,0.00000000,0.00000000,0.00000000,0.00973421,0.00000000,0.00000000,0.00000000,0.00000000,0.00000000,0.02275040,0.00000000,0.00000000,0.00000000,0.00000000,0.00000000,0.00000000,0.00000000,0.00000000,0.00000000,0.00000000,0.00000000,0.08423708,0.00471911,0.00000000,0.04318233,0.00000000,0.00000000,0.00000000,0.00000000,0.00000000,0.00000000,0.00000000,0.00000000,0.00000000,0.00000000,0.05772764,0.00000000,0.10110259,0.00000000,0.00000000,0.00000000,0.00955056,0.00000000,0.00000000,0.00000000,0.00000000,0.00000000,0.00000000,0.00604491,0.02269837,0.00000000,0.00000000,0.00000000,0.00000000,0.00000000,0.00000000,0.00000000,0.00000000
0.00000000,0.00000000,0.00000000,0.00000000,0.00000000,0.00000000,0.00000000,0.00962697,0.00000000,0.00000000,0.00000000,0.00677925,0.00211309,0.00000000,0.00000000,0.00000000,0.05055268,0.00000000,0.00000000,0.00000000,0.00928726,0.02227000,0.00291894,0.00000000,0.00000000,0.00000000,0.00000000,0.00000000,0.00000000,0.01893120,0.00000000,0.00000000,0.00000000,0.00000000,0.00000000,0.03185325,0.00000000,0.00000000,0.00227856,0.00000000,0.00000000,0.00721795,0.00000000,0.00000000,0.00100169,0.00000000,0.00000000,0.00000000,0.00000000,0.00000000,0.00000000,0.00000000,0.00000000,0.00000000,0.00000000,0.00000000,0.00000000,0.00000000,0.00658106,0.00696859,0.03971614,0.00000000,0.00000000,0.00000000,0.00000000,0.00000000,0.00000000,0.00000000,0.00000000,0.00000000,0.00378856,0.00000000,0.00000000,0.00000000,0.00000000,0.00000000,0.00000000,0.00000000,0.00000000,0.00000000,0.00000000,0.00000000,0.00000000,0.00000000,0.00000000,0.00000000,0.00000000,0.00000000,0.00000000,0.00000000,0.00657927,0.00000000,0.00000000,0.00000000,0.00000000,0.00000000,0.00000000,0.00220952,0.00000000,0.00000000,0.00000000,0.00000000,0.00000000,0.00000000,0.00000000,0.00000000,0.00000000,0.00000000,0.00000000,0.00000000,0.00000000,0.00000000,0.00385756,0.00000000,0.00000000,0.00000000,0.00000000,0.00000000,0.00000000,0.00000000,0.00000000,0.00000000,0.00000000,0.00000000,0.00000000,0.00000000,0.00000000,0.00000000,0.00000000,0.00000000,0.00000000,0.00000000,0.00000000,0.00000000,0.00000000,0.00000000,0.00000000,0.00000000,0.00000000,0.00000000,0.00000000,0.00000000,0.00000000,0.01096097,0.00730646,0.00000000,0.00000000,0.00000000,0.00000000,0.00000000,0.00000000,0.00000000,0.00000000,0.00000000,0.00000000,0.00000000,0.00000000,0.00000000,0.00000000,0.00000000,0.00000000,0.00000000,0.00000000,0.00228273,0.00000000,0.06932803,0.00000000,0.00000000,0.00000000,0.00000000,0.00000000,0.00000000,0.00000000,0.00000000,0.00000000,0.00000000,0.00000000,0.00000000,0.01278283,0.01049121,0.00000000,0.00000000,0.00000000,0.00000000,0.00000000,0.00000000,0.00000000,0.00000000,0.00000000,0.00000000,0.00765620,0.00000000,0.00000000,0.00000000,0.00000000,0.00000000,0.00000000,0.00000000,0.00000000,0.23320003,0.00000000,0.00000000,0.00000000,0.00000000,0.00000000,0.00000000,0.00000000,0.00000000,0.00000000,0.00000000,0.00000000,0.00000000,0.00000000,0.00000000,0.00000000,0.00000000,0.00000000,0.00000000,0.00000000,0.00000000,0.00000000,0.02279003,0.00000000,0.00000000,0.00000000,0.00000000,0.00000000,0.00000000,0.01620250,0.00000000,0.00000000,0.00000000,0.00000000,0.00000000,0.00000000,0.00000000,0.00000000,0.00000000,0.00555137,0.05080765,0.00000000,0.00000000,0.00000000,0.05743965,0.00000000,0.00000000,0.03455179,0.00000000,0.00000000,0.00000000,0.24892097,0.00000000,0.00000000,0.00000000,0.00000000,0.00000000,0.00000000,0.00000000,0.01273662,0.00000000,0.00000000,0.04834533,0.00000000,0.00000000,0.00000000,0.00000000,0.00000000,0.00000000,0.00000000,0.00000000,0.00000000,0.00000000,0.00000000,0.01405203,0.00000000,0.00000000,0.00000000,0.00000000,0.00000000,0.00000000,0.00000000,0.00000000,0.00000000,0.00000000,0.00000000,0.00000000,0.00000000,0.00280817,0.00000000,0.00000000,0.00000000,0.00000000,0.00000000,0.00000000,0.00000000,0.00000000,0.00000000,0.00000000,0.00000000,0.00155361,0.00000000,0.00000000,0.00236503,0.00000000,0.00000000,0.00000000,0.00000000,0.00000000,0.00000000,0.00000000,0.00000000,0.00000000,0.00000000,0.00000000,0.00000000,0.00000000,0.00000000,0.00000000,0.00187719,0.00000000,0.00000000,0.00000000,0.00000000,0.00000000,0.00596781,0.03091266,0.00000000,0.00000000,0.00000000,0.00000000,0.00000000,0.00000000,0.00000000,0.00000000,0.00000000,0.00000000,0.00000000,0.00000000,0.00000000,0.03933935,0.00000000,0.00000000,0.00000000,0.00000000,0.00513805,0.00740305,0.00000000,0.00000000,0.00000000,0.00000000,0.00000000,0.00000000,0.00000000,0.00000000,0.00000000,0.00000000,0.00000000,0.00000000,0.05642897,0.00000000,0.04661871,0.00000000,0.00000000,0.00000000,0.00000000,0.00000000,0.00000000,0.00000000,0.00000000,0.00000000,0.00000000,0.00000000,0.00000000,0.00000000,0.00000000,0.00000000,0.00000000,0.00172840,0.00000000,0.00000000,0.00000000,0.00000000,0.00000000,0.00000000,0.00000000,0.00000000,0.24303058,0.00000000,0.00000000,0.00000000,0.00000000,0.00105402,0.00000000,0.00000000,0.00000000,0.00000000,0.00000000,0.00000000,0.00000000,0.00324202,0.00000000,0.00000000,0.00000000,0.00000000,0.00267883,0.00000000,0.00168518,0.01632824,0.00254501,0.00379426,0.00000000,0.00000000,0.00000000,0.00736257,0.00000000,0.00000000,0.00000000,0.00000000,0.00000000,0.00000000,0.00000000,0.00000000,0.00000000,0.00000000,0.00000000,0.00000000,0.00000000,0.00000000,0.00999332,0.02005537,0.01081105,0.00000000,0.00000000,0.00000000,0.00246187,0.00000000,0.00000000,0.00000000,0.00000000,0.00000000,0.11354694,0.01433257,0.00000000,0.00641958,0.00000000,0.00000000,0.00000000,0.00000000,0.00000000,0.00000000,0.00000000,0.00000000,0.00000000,0.18699686,0.00000000,0.00000000,0.00000000,0.00000000,0.03178738,0.07510266,0.00000000,0.00000000,0.00000000,0.00000000,0.00000000,0.00000000,0.00000000,0.00000000,0.00000000,0.00000000,0.00000000,0.00000000,0.00316618,0.00000000,0.00000000,0.00684058,0.00000000,0.00000000,0.00000000,0.00145821,0.00000000,0.00000000,0.00982082,0.00000000,0.00265625,0.00000000,0.00000000,0.00000000,0.00000000,0.00000000,0.00000000,0.00000000,0.00000000,0.00000000,0.00000000,0.00000000,0.00000000,0.00000000,0.00000000,0.00000000,0.00000000,0.00000000,0.00000000,0.00000000,0.00000000,0.00000000,0.24999310,0.00000000,0.00000000,0.00000000,0.00245479,0.00000000,0.00000000,0.00000000,0.00000000,0.00000000,0.00000000,0.00000000,0.00000000,0.00000000,0.00000000,0.00000000,0.00000000,0.00000000,0.00000000,0.00000000,0.00000000,0.00375964,0.02099272,0.00000000,0.00000000,0.00829861,0.00111465,0.00000000,0.00000000,0.00000000,0.00000000,0.00000000,0.00000000,0.00088631,0.00000000,0.00000000,0.00585335,0.00000000,0.00000000,0.00000000,0.00000000,0.00154393,0.00000000,0.00000000,0.00000000,0.00000000,0.00000000,0.00000000,0.00000000,0.00000000,0.00000000,0.00000000,0.00000000,0.00000000,0.00000000,0.00000000,0.00000000,0.96352058,0.00000000,0.00000000,0.00000000,0.08428521,0.00000000,0.00000000,0.00000000,0.00000000,0.02291193,0.00074070,0.00000000,0.00000000,0.00000000,0.00000000,0.00000000,0.00000000,0.03776377,0.00000000,0.00000000,0.00000000,0.00000000,0.00000000,0.00000000,0.00000000,0.00000000,0.00000000,0.02522441,0.00000000,0.00000000,0.00000000,0.00000000,0.00000000,0.00000000,0.00000000,0.00000000,0.00363212,0.00000000,0.00000000,0.00000000,0.00000000,0.00651622,0.00000000,0.00000000,0.00000000,0.00000000,0.00000000,0.00000000,4.24173634,0.00000000,0.00000000,0.00000000,0.00000000,0.00000000,0.00000000,0.00000000,0.00000000,0.00000000,0.00000000,0.00000000,0.00000000,0.00000000,0.00147772,0.00000000,0.00000000,0.00000000,0.02137564,0.00000000,0.00000000,0.00000000,0.00000000,0.00000000,0.00000000,0.00000000,0.00000000,0.00000000,0.00000000,0.00000000,0.00000000,0.00000000,0.00000000,0.10106800,0.00000000,0.00000000,0.00000000,0.00000000,0.00000000,0.00000000,0.00000000,0.00000000,0.00000000,0.00000000,0.00000000,0.00000000,0.00000000,0.00000000,0.00615705,0.00000000,0.00000000,0.00000000,0.00000000,0.00000000,0.00388902,0.00000000,0.00521954,0.01482381,0.00000000,0.00000000,0.00000000,0.00000000,0.00000000,0.00000000,0.00432113,0.00000000,0.01125035,0.00000000,0.00000000,0.00000000,0.00000000,0.00000000,0.00000000,0.00000000,0.00000000,0.00000000,0.00000000,0.00000000,0.00000000,0.27661869,0.00000000,0.00000000,0.00000000,0.00000000,0.00428764,0.00000000,0.00000000,0.00000000,0.00000000,0.00000000,0.00304549,0.00000000,0.00000000,0.00000000,0.00000000,0.00000000,0.00000000,0.00000000,0.05188279,0.00000000,0.00000000,0.00000000,0.00000000,0.00000000,0.00000000,0.00000000,0.00000000,0.00000000,0.00000000,0.00000000,0.00000000,0.00000000,0.00000000,0.00000000,0.00000000,0.00000000,0.00000000,0.00000000,0.00000000,0.00303909,0.00000000,0.00000000,0.00000000,0.00000000,0.00000000,0.00000000,0.00872255,0.00000000,0.00000000,0.00000000,0.00000000,0.00000000,0.00000000,0.00000000,0.00000000,0.00000000,0.00000000,0.00000000,0.00000000,0.00000000,0.00000000,0.00000000,0.00000000,0.00000000,0.00000000,0.00000000,0.00000000,0.00000000,0.00000000,0.00000000,0.00000000,0.00333688,0.00000000,0.00418271,0.00000000,0.00000000,0.00000000,0.00000000,0.00000000,0.00000000,0.00000000,0.00000000,0.03383990,0.00000000,0.00000000,0.00000000,0.00000000,0.01658645,0.00000000,0.00000000,0.00000000,0.00000000,0.00000000,0.00000000,0.00000000,0.00000000,0.00000000,0.00000000,0.00232183,0.00305732,0.00000000,0.00000000,0.00000000,0.00744685,0.00761219,0.00000000,0.00000000,0.00000000,0.00000000
0.00000000,0.00000000,0.00000000,0.00000000,0.55676099,0.00000000,0.00000000,0.00000000,0.00000000,0.00000000,0.00000000,0.00000000,0.00000000,0.00000000,0.00000000,0.00000000,0.00000000,0.00000000,0.00000000,0.00000000,0.00000000,0.00000000,0.00000000,0.00000000,0.00000000,0.29941085,0.00000000,0.00000000,0.00000000,0.00000000,0.42241454,0.00000000,0.00000000,0.00000000,0.00000000,0.08135991,0.00616441,0.00000000,0.00000000,0.00000000,0.00000000,0.00000000,0.00000000,0.00000000,0.00555674,0.00000000,0.00000000,0.00000000,0.00000000,0.00000000,0.00000000,0.00000000,0.13410478,0.00000000,0.01066477,0.00000000,0.00000000,0.00000000,0.00000000,0.00000000,0.00000000,0.00000000,0.00000000,0.00000000,0.00000000,0.00000000,0.00000000,0.00000000,0.00000000,0.00000000,0.00000000,0.00000000,0.00000000,0.00000000,0.00000000,0.03841747,0.00000000,0.00000000,0.00000000,0.00000000,0.00000000,0.00000000,0.00000000,0.00000000,0.00000000,0.00000000,0.00985677,0.00000000,0.00323010,0.00000000,0.00000000,0.00000000,0.00000000,0.00000000,0.00144420,0.00000000,0.00000000,0.00000000,0.00000000,0.00000000,0.00000000,0.00000000,0.00000000,0.02798655,0.00000000,0.00000000,0.00000000,0.00000000,0.00000000,0.00000000,0.00000000,0.00000000,0.00171442,0.00000000,0.00000000,0.00000000,0.00000000,0.00000000,0.02888683,0.00000000,0.00000000,0.00000000,0.00186970,0.00000000,0.00000000,0.00000000,0.00000000,0.00000000,0.00000000,0.00000000,0.00000000,0.00000000,0.00000000,0.05386323,0.00000000,0.00000000,0.00705989,0.00000000,0.00000000,0.00174649,0.00000000,0.00493782,0.00000000,0.00000000,0.00000000,0.00000000,0.00000000,0.00117789,0.00000000,0.01767966,0.06797700,0.00000000,0.00000000,0.00000000,0.00000000,0.00000000,0.00000000,0.00000000,0.00794768,0.00000000,0.00000000,0.00000000,0.00000000,0.00000000,0.00000000,0.00000000,0.00000000,0.00000000,0.00000000,0.00000000,0.11777580,0.00000000,0.00000000,0.00000000,0.00000000,0.01993079,0.00000000,0.00000000,0.00000000,0.00000000,0.00000000,0.00000000,0.00000000,0.00000000,0.00000000,0.00000000,0.00000000,0.00777013,0.00000000,0.00000000,0.01054819,0.00000000,0.00000000,0.00000000,0.00000000,0.00000000,0.00000000,0.00149653,0.00000000,0.00000000,0.00000000,0.00853182,0.00000000,0.00000000,0.00000000,0.00000000,0.00000000,0.00000000,0.00000000,0.00000000,0.00000000,0.00000000,0.00000000,0.00000000,0.00000000,0.00000000,0.00000000,0.00707172,0.00000000,0.00000000,0.00202769,0.00000000,0.00000000,0.00000000,0.00000000,0.00000000,0.00000000,0.01106109,0.00000000,0.00000000,0.00000000,0.00000000,0.00000000,0.00000000,0.00000000,0.00000000,0.00000000,0.00000000,0.00000000,0.00000000,0.00000000,0.00000000,0.00000000,0.00859275,0.00000000,0.00000000,0.00000000,0.00000000,0.00000000,0.00000000,0.00000000,0.00000000,0.00000000,0.00000000,0.00000000,0.00000000,0.00000000,0.00000000,0.04584686,0.00705097,0.00000000,0.00000000,0.00000000,0.00000000,0.00000000,0.00000000,0.00000000,0.00000000,0.00000000,0.01092118,0.00000000,0.00000000,0.00000000,0.00000000,0.00992958,0.00000000,0.00000000,0.00000000,0.00524410,0.00000000,0.04243161,0.00000000,0.00000000,0.00000000,0.00000000,0.00000000,0.00000000,0.01694163,0.01663819,0.00000000,0.00000000,0.00000000,0.00000000,0.00000000,0.00000000,0.00000000,0.00000000,0.00000000,0.00000000,0.00000000,0.00000000,0.00000000,0.00000000,0.00000000,0.00000000,0.00000000,0.04061874,0.00000000,0.00975440,0.00000000,0.00000000,0.00000000,0.00000000,0.00088459,0.01066806,0.00000000,0.00000000,0.00000000,0.00000000,0.00000000,0.00000000,0.00000000,0.00000000,0.00000000,0.00360487,0.00000000,0.00000000,0.00000000,0.00000000,0.00000000,0.00000000,0.00000000,0.00000000,0.00000000,0.00000000,0.00000000,0.00000000,0.01646671,0.00000000,0.00000000,0.00000000,0.14117975,0.00000000,0.00000000,0.00000000,0.00162310,0.00000000,0.00000000,0.00099827,0.00000000,0.00000000,0.02204847,0.00000000,0.00000000,0.00000000,0.00000000,0.00000000,0.00000000,0.00000000,0.00000000,0.00000000,0.00000000,0.00000000,0.00000000,0.00000000,0.00000000,0.00000000,0.00000000,0.00000000,0.00000000,0.00000000,0.00000000,0.00000000,0.00000000,0.05346173,0.00000000,0.00000000,0.00000000,3.58704692,0.00000000,0.00346056,0.00000000,0.00000000,0.00000000,0.00000000,0.00000000,0.00153630,0.00000000,0.00000000,0.00000000,0.00000000,0.00915120,0.00181416,0.00000000,0.00000000,0.00000000,0.00000000,0.00000000,0.00000000,0.00000000,0.00000000,0.00000000,0.01180117,0.00000000,0.00892533,0.00000000,0.00000000,0.00000000,0.00000000,0.00000000,0.00000000,0.00000000,0.00000000,0.00000000,0.63600349,0.00093682,0.00000000,0.00675055,0.00000000,0.00000000,0.00000000,0.00000000,0.00000000,0.00000000,0.00000000,0.00000000,0.00000000,0.00000000,0.00000000,0.00000000,0.00000000,0.00000000,0.00000000,0.00000000,0.00000000,0.00000000,0.00000000,0.00000000,0.00000000,0.00000000,0.00000000,0.00000000,0.00000000,0.00000000,0.00000000,0.00000000,0.00000000,0.00000000,0.00000000,0.00000000,0.01065226,0.00000000,0.00000000,0.00000000,0.04139633,0.00886684,0.00610372,0.00000000,0.00000000,0.00000000,0.00000000,0.02456642,0.00000000,0.00000000,0.00000000,0.00000000,0.00000000,0.00000000,0.02539241,0.00000000,0.00194320,0.00000000,0.00000000,0.01799706,0.01378668,0.00000000,0.00000000,0.00000000,0.00000000,0.00000000,0.00000000,0.00000000,0.00449527,0.00000000,0.00000000,0.00000000,0.00000000,0.00000000,0.00000000,0.00786438,0.00000000,0.00000000,0.00000000,0.00000000,0.00000000,0.00000000,0.00000000,0.01201560,0.00000000,0.00185707,0.00000000,0.00000000,0.00000000,0.00000000,0.00000000,0.00000000,0.00000000,0.00000000,0.02934849,0.00000000,0.00000000,0.00000000,0.00000000,0.02425760,0.00000000,0.00000000,0.00000000,0.00000000,0.00224140,0.00000000,0.00000000,0.00000000,0.00000000,0.00000000,0.00000000,0.00000000,0.00000000,0.00000000,0.00000000,0.00000000,0.00000000,0.02420250,0.00000000,0.00000000,0.00000000,0.00000000,0.00000000,0.00000000,0.00000000,0.00000000,0.00000000,0.02027110,0.00000000,0.00000000,0.00000000,0.02515905,0.01226713,0.00000000,0.00000000,0.00000000,0.00000000,0.00000000,0.00000000,0.00000000,0.00000000,0.00000000,0.00000000,0.00000000,0.00000000,0.00000000,0.00000000,0.00000000,0.00000000,0.00000000,0.00000000,0.00000000,0.00000000,0.00000000,0.00696771,0.00000000,0.00000000,0.02715198,0.00000000,0.00000000,0.00261036,0.00000000,0.00000000,0.00000000,0.00000000,0.00000000,0.00000000,0.00000000,0.00210476,0.00000000,0.00000000,0.00000000,0.00000000,0.00000000,0.00000000,0.00000000,0.15227301,0.00000000,0.00000000,0.09571903,0.00000000,0.00000000,0.00854388,0.00000000,0.00000000,0.00000000,0.00000000,0.00000000,0.00000000,0.00000000,0.00000000,0.00000000,0.00000000,0.00000000,0.00000000,0.00000000,0.00000000,0.00383515,0.00000000,0.00000000,0.00000000,0.00000000,0.00000000,0.00000000,0.00000000,0.00000000,0.00000000,0.00000000,0.00000000,0.00000000,0.03086923,0.00000000,0.00000000,0.00000000,0.00000000,0.00000000,0.00000000,0.00000000,0.03274896,0.00000000,0.00000000,0.00000000,0.00000000,0.00000000,0.00000000,0.00000000,0.00000000,0.00000000,0.00000000,0.00000000,0.00000000,0.00000000,0.00000000,0.00000000,0.00000000,0.00000000,0.00000000,0.00000000,0.00000000,0.00000000,0.00000000,0.00000000,0.00000000,0.00000000,0.00099441,0.00000000,0.00000000,0.00000000,0.00000000,0.00000000,0.00000000,0.00000000,0.00000000,0.00062747,0.00000000,0.00000000,0.00000000,0.00320397,0.00000000,0.00000000,0.00000000,0.00000000,0.00000000,0.00000000,0.00000000,0.00000000,0.00000000,0.00000000,0.00000000,0.00000000,0.01506056,0.00000000,0.00000000,0.00000000,0.00000000,0.00000000,0.00000000,0.01167755,0.00000000,0.00000000,0.00000000,0.00000000,0.04308474,0.00000000,0.00000000,0.00000000,0.00000000,0.00000000,0.00000000,0.00000000,0.00000000,0.00000000,0.00000000,0.00000000,0.00000000,0.00539015,0.00000000,0.06464165,0.00000000,0.00000000,0.00000000,0.00075831,0.00000000,0.00157469,0.08799367,0.00000000,0.00000000,0.00000000,0.00000000,0.00000000,0.00000000,0.00000000,3.02472751,0.00000000,0.00000000,0.00000000,0.00000000,0.00000000,0.00723113,0.00000000,0.01155341,0.00000000,0.00000000,0.01048062,0.00000000,0.00000000,0.00000000,0.00000000,0.00474022,0.00000000,0.00000000,0.00000000,0.00000000,0.00000000,0.01247543,0.00000000,0.00000000,0.04199347,0.00156112,0.00248760,0.00000000,0.00000000,0.00000000,0.00000000,0.00000000,0.00000000,0.00000000,0.00000000,0.00000000,0.00000000,0.00000000,0.00000000,0.00000000,0.00000000,0.00000000,0.00000000,0.00000000,0.00000000,0.00000000,0.00000000,0.00000000,0.00000000,0.00000000,0.00000000,0.01528354,0.00000000,0.00000000,0.00000000,0.00000000,0.00000000,0.00000000,0.00000000,0.00000000,0.00000000,0.00000000,0.00000000,0.00000000,0.00000000,0.00000000,0.00000000,0.00000000,0.00000000,0.00000000,0.00000000,0.00000000,0.00000000
0.00000000,0.00000000,0.00000000,0.00000000,0.00000000,0.00000000,0.00000000,0.00000000,0.00000000,0.00000000,0.00000000,0.00000000,0.00000000,0.00000000,0.19809253,0.00000000,0.00000000,0.01767580,0.00084908,0.00000000,0.00000000,0.00000000,0.18205972,0.00000000,0.00474796,0.00000000,0.00000000,0.01026982,0.00000000,0.00000000,0.00000000,0.00000000,0.00000000,0.00000000,0.00000000,0.00000000,0.00000000,0.00000000,0.00000000,0.00000000,0.00000000,0.00000000,0.00000000,0.00000000,0.00000000,0.00000000,0.00000000,0.00000000,0.00000000,0.00000000,0.00000000,0.00000000,0.00000000,0.45208868,0.00000000,0.00000000,0.00000000,0.00000000,0.00000000,0.00000000,0.00000000,0.00000000,0.00000000,0.00000000,0.00000000,0.00000000,0.00000000,0.00000000,0.00000000,0.32715797,0.00000000,0.00000000,0.00000000,0.00000000,0.00000000,0.00671779,0.00286278,0.00000000,0.00000000,0.00000000,0.00000000,0.00000000,0.00000000,0.00000000,0.00000000,0.00000000,0.00000000,0.00000000,0.02601719,0.00000000,0.00525816,0.00000000,0.01124680,0.00000000,0.00000000,0.00000000,0.00000000,0.00000000,0.00000000,0.00000000,0.00000000,0.00000000,0.00133356,0.00000000,0.00000000,0.00000000,0.00000000,0.03304162,0.00000000,0.00000000,0.00000000,0.00000000,0.00000000,0.19713714,0.00000000,0.00000000,0.02153130,0.00000000,0.00000000,0.00000000,0.00000000,0.02010283,0.00000000,0.00000000,0.00000000,0.00000000,0.00000000,0.00000000,0.00000000,0.00000000,0.00000000,0.00000000,0.00000000,0.00000000,0.00000000,0.00000000,0.00000000,0.00000000,0.00000000,0.00000000,0.00000000,0.00000000,0.00000000,0.03794456,0.00000000,0.00000000,0.00000000,0.00000000,0.00000000,0.00000000,0.00000000,0.00830321,0.00000000,0.00000000,0.00000000,0.00000000,0.00000000,0.00000000,0.00000000,0.00000000,0.00000000,0.00000000,0.00000000,0.00000000,0.00000000,0.00000000,0.00000000,0.00000000,0.00240223,0.00000000,0.00000000,0.00000000,0.00148036,0.00000000,0.00000000,0.00000000,0.00000000,0.00000000,0.00000000,0.00000000,0.00000000,0.00000000,0.00000000,0.00000000,0.00000000,0.00000000,0.00000000,0.00000000,0.00000000,0.00000000,0.00000000,0.00000000,0.00000000,0.00000000,0.00000000,0.00000000,0.00000000,0.00000000,0.00000000,0.00000000,0.00000000,0.00000000,0.00000000,0.00000000,0.00000000,0.00000000,0.00000000,0.00000000,0.00000000,0.00000000,0.00000000,0.00000000,0.00000000,0.00000000,0.00000000,0.00249252,0.05805823,0.01266149,0.00436377,0.00000000,0.02309241,0.00078652,0.00000000,0.00000000,0.00000000,0.00000000,0.00119524,0.00000000,0.00000000,0.00000000,0.00000000,0.02226482,0.00000000,0.00000000,0.09034197,0.00574701,0.00000000,0.00000000,0.04168399,0.00000000,0.00000000,0.00000000,0.00000000,0.00000000,0.00375147,0.00000000,0.00000000,0.00000000,0.00000000,0.00000000,0.00000000,0.00000000,0.00000000,0.00000000,0.00000000,0.00000000,0.05866494,0.01141439,0.00000000,0.00000000,0.00000000,0.00000000,0.00000000,0.00000000,0.00000000,0.00000000,0.00000000,0.00000000,0.00000000,0.00000000,0.00000000,0.00000000,0.00000000,0.00000000,0.00000000,0.00000000,0.00000000,0.00000000,0.00000000,0.01298487,0.00000000,0.00000000,0.00000000,0.00000000,0.00000000,0.00000000,0.00000000,0.00000000,0.00000000,0.00000000,0.00000000,0.00000000,0.00000000,0.00000000,0.00000000,0.00000000,0.00000000,0.00000000,0.00000000,0.00000000,0.00000000,0.00000000,0.00000000,0.00000000,0.00000000,0.00000000,0.00000000,0.00000000,0.00000000,0.00000000,0.00000000,0.00000000,0.25763081,0.00000000,0.00000000,0.00000000,0.00476480,0.00000000,0.00000000,0.00000000,0.00000000,0.00000000,0.00495895,0.00000000,0.00150665,0.00000000,0.00000000,0.00000000,0.00000000,0.00000000,0.01793365,0.00000000,0.00000000,0.00000000,0.00000000,0.00000000,0.34127390,0.00000000,0.00000000,0.00000000,0.00000000,0.00000000,0.00000000,0.00000000,0.00000000,0.00000000,0.00000000,0.00000000,0.00000000,0.00000000,0.00000000,0.00000000,0.00000000,0.00000000,0.00000000,0.07684452,0.00000000,0.00000000,0.00000000,0.00000000,0.00000000,0.00000000,0.00000000,0.00000000,0.00000000,0.00000000,0.00000000,0.00000000,0.00000000,0.00000000,0.00000000,0.00327625,0.00000000,0.00000000,0.00000000,0.00000000,0.00000000,0.00000000,0.00000000,0.00000000,0.00000000,0.00000000,0.00000000,0.00000000,0.00237398,0.00000000,0.00000000,0.00000000,0.00000000,0.00000000,2.34203615,0.10839658,0.00000000,0.00000000,0.00000000,0.00000000,0.00000000,0.00167493,0.10973363,0.00000000,0.00000000,0.00000000,0.00000000,0.00000000,0.00000000,0.00000000,0.00000000,0.00000000,0.00000000,0.00048946,0.00000000,0.00736257,0.00000000,0.00000000,0.00000000,0.00000000,0.00000000,0.00000000,1.11233623,0.00000000,0.00000000,0.00000000,0.00000000,0.00136522,0.00000000,0.00000000,0.00000000,0.00000000,0.00000000,0.00000000,0.00000000,0.00000000,0.00000000,0.16851279,0.00000000,0.00000000,0.00000000,0.00256479,0.00000000,0.00000000,0.00248179,0.00000000,0.00000000,0.00000000,0.21148439,0.59383474,0.00000000,0.00000000,0.00000000,0.00000000,0.00723383,0.00000000,0.00000000,0.00000000,0.00000000,0.00000000,0.82143894,0.00000000,0.00000000,0.00000000,0.00000000,0.00000000,0.00000000,0.00000000,0.00000000,0.00000000,0.09251755,0.00000000,0.00000000,0.00000000,0.00000000,0.00000000,0.00000000,0.00000000,0.00504124,0.00000000,0.00000000,0.00000000,0.00209746,0.11628434,0.00000000,0.00000000,0.00000000,0.00000000,0.00000000,0.00000000,0.11209699,0.00000000,0.00000000,0.00000000,0.00000000,0.00000000,0.00162579,0.00000000,0.00000000,0.00000000,0.00000000,0.00000000,0.00000000,0.00000000,0.00000000,0.03604795,0.00000000,0.00000000,0.00000000,0.00000000,0.00000000,0.00000000,0.00000000,0.00000000,0.00000000,0.00000000,0.02015036,0.00000000,0.00000000,0.46124290,0.00000000,0.00000000,0.00000000,0.00000000,0.00000000,0.00567638,0.00000000,0.00000000,0.02133583,0.00000000,0.00000000,0.00000000,0.00000000,0.00000000,0.23097338,0.00000000,0.00000000,0.00000000,0.03792238,0.00000000,0.00000000,0.00000000,0.03650704,0.00000000,0.00000000,0.00000000,0.00000000,0.00000000,0.00000000,0.00000000,0.00000000,0.00000000,0.00000000,0.00000000,0.00000000,0.03092790,0.00240572,0.00000000,0.00000000,0.00000000,0.00000000,0.00000000,0.00130227,0.01331710,0.00000000,0.13294785,0.00000000,0.00000000,0.00000000,0.00000000,0.00000000,0.00000000,0.00000000,0.00000000,0.00000000,0.00000000,0.00000000,0.00000000,0.00000000,0.00000000,0.00882531,0.00000000,0.00000000,0.00000000,0.00000000,0.01152924,0.00000000,0.00000000,0.00000000,0.00000000,0.00000000,1.01535958,0.00000000,0.00000000,0.00000000,0.00000000,0.00000000,0.00000000,0.00000000,0.05718287,0.00000000,0.00000000,0.00000000,0.00000000,0.00000000,0.00000000,0.00000000,0.00000000,0.01863218,0.00000000,0.00000000,0.00000000,0.00000000,0.00000000,0.00000000,0.01108690,0.00000000,0.00000000,0.00000000,0.00000000,0.00000000,0.00000000,0.00000000,0.00000000,0.00050183,0.00922783,0.00000000,0.00838821,0.00000000,0.00000000,0.00000000,0.00000000,0.00000000,0.00000000,0.00000000,0.00000000,0.00000000,0.00000000,0.00000000,0.00000000,0.00000000,0.00000000,0.00000000,0.00000000,0.00000000,0.00000000,0.00341328,0.00000000,0.00000000,0.00000000,0.00000000,0.00000000,0.00000000,0.00000000,0.00000000,0.00000000,0.00000000,0.00000000,0.00000000,0.00000000,0.00000000,0.00000000,0.00000000,0.00000000,0.00000000,0.00000000,0.00000000,0.00000000,0.00000000,0.00000000,0.10727377,0.00000000,0.00000000,0.00000000,0.00000000,0.00498823,1.74760302,0.00000000,0.00000000,0.00500909,0.00673318,0.00000000,0.00671147,0.00000000,0.00649028,0.00000000,0.00000000,0.00000000,0.00000000,0.00000000,0.00000000,0.00000000,0.00972247,0.00000000,0.00000000,0.00000000,0.00000000,0.00982342,0.00000000,0.08747186,0.00000000,0.00000000,0.03227033,0.00000000,0.00000000,0.04218297,0.00000000,0.00000000,0.00000000,0.00000000,0.00000000,0.00000000,0.00000000,0.00000000,0.00000000,0.00000000,0.00000000,0.00000000,0.00000000,0.24367487,0.00000000,0.00000000,0.00000000,0.00000000,0.00000000,0.00000000,0.00000000,0.04852370,0.00000000,0.00000000,0.15109938,0.03290672,0.00000000,0.00000000,0.00000000,0.00000000,0.00000000,0.00000000,0.00000000,0.00000000,0.00000000,0.00000000,0.05154672,0.00000000,0.00000000,0.00000000,0.00000000,0.00000000,0.00150140,0.00000000,0.00000000,0.00000000,0.00000000,0.57553641,0.00000000,0.00000000,0.00000000,0.00000000,0.00000000,0.00000000,0.00000000,0.00000000,0.00000000,0.00413054,0.00000000,0.00000000,0.00000000,0.00000000,0.00000000,0.00000000,0.00000000,0.00000000,0.00000000,0.00590592,0.00000000,0.00000000,0.00000000,0.00000000,0.00000000,0.00000000,0.00000000,0.00000000,0.00000000,0.00000000,0.00299683,0.00000000,0.00000000,0.00000000,0.00000000,0.00000000,0.00000000,0.00000000,0.00349045,0.00000000,0.00000000,0.00000000,0.00000000,0.00281672,0.00000000,0.00000000,0.00000000,0.00000000,0.00000000,0.00000000
0.00000000,0.00000000,0.00000000,0.00000000,0.00000000,0.00000000,0.00000000,0.00000000,0.00000000,0.00000000,0.00000000,0.00000000,0.00000000,0.00000000,0.00000000,0.00000000,0.00000000,0.00000000,0.00000000,0.00000000,0.00000000,0.00000000,0.00000000,0.00000000,0.00000000,0.00000000,0.00000000,0.00000000,0.00000000,0.01250258,0.00000000,0.00738854,0.00000000,0.00000000,0.00000000,0.00000000,0.00000000,0.00000000,0.00000000,0.00136924,0.00000000,0.00000000,0.00000000,0.00000000,0.00000000,0.00000000,0.00224582,0.00000000,0.00000000,0.00000000,0.00000000,0.00000000,0.00000000,0.00000000,0.00000000,0.00000000,0.00000000,0.00000000,0.00000000,0.00000000,0.00000000,0.00000000,0.00000000,0.00000000,0.00000000,0.00000000,0.00000000,0.00000000,0.00000000,0.00000000,0.00000000,0.00000000,0.00000000,0.00000000,0.00000000,0.00000000,0.00000000,0.00000000,0.00000000,0.00000000,0.00000000,0.00000000,0.00000000,0.00000000,0.00000000,0.00000000,0.00000000,0.00000000,0.00000000,0.00000000,0.00000000,0.00709263,0.00000000,0.00000000,0.00000000,0.00000000,0.00000000,0.00000000,0.00000000,0.00000000,0.00000000,0.06620359,0.00000000,0.13394088,0.00000000,0.01639381,0.00000000,0.00886987,0.00000000,0.00000000,0.00000000,0.00771748,0.00000000,0.00000000,0.00000000,0.00000000,0.02943928,0.00000000,0.00160969,0.00000000,0.00000000,0.08204155,0.00000000,0.00000000,0.00000000,0.00000000,0.00000000,0.00000000,0.00000000,0.00000000,0.00000000,0.00000000,0.06907948,0.00000000,0.00000000,0.00000000,0.01952000,0.00000000,0.02999771,0.00289144,0.00000000,0.00000000,0.00000000,0.00000000,0.14960664,0.00329825,0.00628279,0.00000000,0.00000000,0.00884054,0.00000000,0.00359202,0.00000000,0.00000000,0.00000000,0.00000000,0.00000000,0.00000000,0.00000000,0.08175961,0.00000000,0.00000000,0.00000000,0.01265301,0.00000000,0.00000000,0.02243917,0.00000000,0.00000000,0.00000000,0.00000000,0.00477892,0.00000000,0.00000000,0.00000000,0.00000000,0.00000000,0.00000000,0.00000000,0.00000000,0.00000000,0.00000000,0.00000000,0.00000000,0.00000000,0.00000000,0.00000000,0.00000000,0.00000000,0.00341890,0.00000000,0.00000000,0.00000000,0.00000000,0.00000000,0.00000000,0.00000000,0.00000000,0.00000000,0.00000000,0.00000000,0.00000000,0.00000000,0.00506246,0.00000000,0.00000000,0.00000000,0.00000000,0.00000000,0.00000000,0.00000000,0.00000000,0.00000000,0.00000000,0.00000000,0.00107371,0.70117979,0.00134092,0.00000000,0.01033290,0.00000000,0.00000000,0.00000000,0.00000000,0.00000000,0.00000000,0.00000000,0.00000000,0.00000000,0.00000000,0.00000000,0.00000000,0.00000000,0.00000000,0.00000000,0.00000000,0.00000000,0.00000000,0.00000000,0.00000000,0.00000000,0.00000000,0.00000000,0.00000000,0.00000000,0.00000000,0.00000000,0.00000000,0.00747470,0.00000000,0.00000000,0.01333865,0.00000000,0.00000000,0.00000000,0.00995520,0.00000000,0.02950734,0.00000000,0.00000000,0.00000000,0.00000000,0.00000000,0.00000000,0.00000000,0.00000000,0.03103945,0.00000000,0.00000000,0.00000000,0.00000000,0.00000000,0.00000000,0.00000000,0.00000000,0.00000000,0.00000000,0.00000000,0.00506767,0.00000000,0.00000000,0.01050323,0.00000000,0.00000000,0.00000000,0.00000000,0.00000000,0.00000000,0.00000000,0.00000000,0.00000000,0.00688045,0.01599868,0.02225849,0.00000000,0.00000000,0.00000000,0.00000000,0.00000000,0.00000000,0.00217635,0.00000000,0.00000000,0.00068730,0.00000000,0.00000000,0.00000000,0.00000000,0.00000000,0.00000000,0.00000000,0.00000000,0.00000000,0.00000000,0.00000000,0.00000000,0.00000000,0.00000000,0.00000000,0.00000000,0.00000000,0.00000000,0.00000000,0.00000000,0.00000000,0.00000000,0.00000000,0.00000000,0.00801840,0.00000000,0.00000000,0.00000000,0.00000000,0.00000000,0.00000000,0.00000000,0.00000000,0.03504327,0.00000000,0.00000000,0.00000000,0.00000000,0.00000000,0.02509185,0.00000000,0.00000000,0.00000000,0.23844577,0.00000000,0.00000000,0.00000000,0.00000000,0.00000000,0.00000000,0.00000000,0.00000000,0.00000000,0.01109321,0.00000000,0.00000000,0.00000000,0.00000000,0.07199055,0.00000000,0.00000000,0.00155205,0.00000000,0.53031169,0.00000000,0.00988177,0.00000000,0.00000000,0.00000000,0.00000000,0.00000000,0.00000000,0.00000000,0.00000000,0.00000000,0.00478535,0.00000000,0.00000000,0.00000000,0.00000000,0.00000000,0.00000000,0.00000000,0.00000000,0.13310175,0.00000000,0.00000000,0.00000000,0.00000000,0.05519342,0.00000000,0.34238748,0.00000000,0.00000000,0.00000000,0.00000000,0.00000000,0.00000000,0.00000000,0.00000000,0.00000000,0.00000000,0.00000000,0.00000000,0.00000000,0.00000000,0.00000000,0.00000000,0.63600349,0.00000000,0.00000000,0.00000000,0.00000000,0.00000000,0.00000000,0.02219849,0.02337226,0.00000000,0.00000000,0.00000000,0.00000000,0.00000000,0.00000000,0.00000000,0.00000000,0.00000000,0.00000000,0.00000000,0.04151020,0.00000000,0.00000000,0.00000000,3.36740705,0.00000000,0.00000000,1.32257869,0.00000000,0.00000000,0.00000000,0.00000000,0.00000000,0.00000000,0.00000000,0.00000000,0.00000000,0.00000000,0.02332394,0.00000000,0.00000000,0.00000000,0.00000000,0.00000000,0.00000000,0.00000000,0.00000000,0.00000000,0.00000000,0.00000000,0.06176370,0.00000000,0.00000000,0.00000000,0.00000000,0.13131905,0.00000000,0.00000000,0.00000000,0.00000000,0.00000000,0.00000000,0.00000000,0.00000000,0.23039118,0.00000000,0.00494934,0.00000000,1.24874425,0.00000000,0.00000000,0.00000000,0.00474949,0.00000000,0.00000000,0.00000000,0.00000000,0.00000000,0.00000000,0.00000000,0.01281463,0.00000000,0.00000000,0.00000000,0.13451163,0.00000000,0.00000000,0.00000000,0.00000000,0.00000000,0.00000000,0.00969584,0.00000000,0.00000000,0.00000000,0.00000000,0.00000000,0.00000000,0.03932134,0.00000000,0.00000000,0.00000000,0.00000000,0.00000000,0.00000000,0.00000000,0.01193949,0.19621773,0.00000000,0.56423411,0.00000000,0.00000000,0.00000000,0.00000000,0.04003143,0.00000000,0.01278291,0.00000000,0.00793657,0.00000000,0.00000000,0.00000000,0.00000000,0.03222553,0.00000000,0.00000000,0.00000000,0.00000000,0.00564193,0.00000000,0.00277512,0.00000000,0.00000000,0.00000000,0.01486293,0.00000000,0.00000000,0.00000000,0.00000000,0.00000000,0.00000000,0.00000000,0.00000000,0.00000000,0.00000000,0.00142730,0.00000000,0.00000000,0.00000000,0.00650396,0.00000000,0.00000000,0.00000000,0.00000000,0.00000000,0.00000000,0.00000000,0.00000000,0.00000000,0.00000000,0.00000000,0.00000000,0.04324196,0.00000000,0.00000000,0.00000000,0.00239717,0.00000000,0.00000000,0.00000000,0.00266002,0.00000000,0.00000000,0.00000000,0.00000000,0.00000000,0.00000000,0.00000000,0.00000000,0.00000000,0.00000000,0.00000000,0.00000000,0.00000000,0.00000000,0.00000000,0.00000000,0.00000000,0.00000000,0.00000000,0.00000000,0.00000000,0.00000000,0.00000000,0.00000000,0.00000000,0.00000000,0.00000000,0.00998596,0.00000000,0.00000000,0.00000000,0.00000000,0.00000000,0.00000000,0.00000000,0.00000000,0.00000000,0.00000000,0.00000000,0.00000000,0.00000000,0.00000000,0.00000000,0.00000000,0.00000000,0.00000000,0.00000000,0.00000000,0.00000000,0.00000000,0.00000000,0.00000000,0.00000000,0.41248207,0.00000000,0.00000000,0.00000000,0.00000000,0.00000000,0.00000000,0.00000000,0.07535136,0.00000000,0.00000000,0.00000000,0.00000000,0.00000000,0.00000000,0.00000000,0.00000000,0.00000000,0.00000000,0.00000000,0.00183887,0.07073791,0.32922287,0.00000000,0.00000000,0.53469317,0.00000000,0.00000000,0.00000000,0.00000000,0.00000000,0.00000000,0.00705411,0.00000000,0.00000000,0.00000000,0.02581813,0.00000000,0.00000000,0.00000000,0.00000000,0.00000000,0.00000000,0.00000000,0.00000000,0.00000000,0.00079621,0.00000000,0.00000000,0.00000000,0.00000000,0.00000000,0.00000000,0.00000000,0.00000000,0.00000000,0.00000000,0.00000000,0.00000000,0.00000000,0.00000000,0.00000000,0.00000000,0.02909943,0.00000000,0.00000000,0.00000000,0.00000000,0.00000000,0.00000000,0.00000000,0.00000000,0.11193989,0.00000000,0.00000000,0.00000000,0.00000000,0.00000000,0.00000000,0.00000000,0.00000000,0.00000000,0.00000000,0.00000000,0.00000000,0.01323084,0.00000000,0.00000000,0.00000000,0.00000000,0.00000000,0.57332609,0.00000000,0.00000000,0.00000000,0.00000000,0.00000000,0.00000000,0.00000000,0.00634630,0.00000000,0.00000000,0.00000000,0.00000000,0.00000000,0.00000000,0.01109501,0.00000000,0.00000000,0.00116942,0.00000000,0.00000000,0.00000000,0.00000000,0.00000000,0.00000000,0.00000000,0.00000000,0.00000000,0.95016228,0.00087640,0.00807821,0.00000000,0.00000000,0.00000000,0.00000000,0.00981480,0.00000000,0.00000000,0.00000000,0.00000000,0.00000000,0.00000000,0.00000000,0.00000000,0.00000000,0.00000000,0.00000000,0.00000000,0.00293822,0.00220150,0.00000000,0.00000000,0.00000000,0.00000000,0.00000000,0.00000000,0.01933085,0.00000000,0.00000000,0.00000000,0.00000000,0.00000000,0.11139750,0.00000000,0.00000000,0.00000000,0.00000000,0.00000000,0.00000000,0.00000000,0.00000000,0.00000000,0.00000000
0.00000000,0.00000000,0.00000000,0.00000000,0.00107279,0.00000000,0.00000000,0.00000000,0.01181542,0.00000000,0.00000000,0.00000000,0.00000000,0.00000000,0.00000000,0.00000000,0.00000000,0.00000000,0.02772143,0.08171392,0.00000000,0.00000000,0.00000000,0.00000000,0.00000000,0.00000000,0.00000000,0.00000000,0.00000000,0.00000000,0.01263964,0.00634823,0.00000000,0.00000000,0.00000000,0.00000000,0.00669576,0.00000000,0.00000000,0.00000000,0.00000000,0.00000000,0.00000000,0.00000000,0.00000000,0.00000000,0.00000000,0.00000000,0.00000000,0.11762604,0.00000000,0.00000000,0.00000000,0.00000000,0.00000000,0.00000000,0.00000000,0.00000000,0.00000000,0.06017222,0.00000000,0.00000000,0.00000000,0.00000000,0.00000000,0.00000000,0.00000000,0.00000000,0.00096789,0.00000000,0.00000000,0.00000000,0.00360465,0.00000000,0.00000000,0.00000000,0.00000000,0.00000000,0.00000000,0.00000000,0.00000000,0.00000000,0.00000000,0.00000000,0.00000000,0.00000000,0.00000000,0.00000000,0.00000000,0.00000000,0.00000000,0.00000000,0.00000000,0.02175374,0.00000000,0.00000000,0.00000000,0.00000000,0.00000000,0.00000000,0.00000000,0.00000000,0.00000000,0.00000000,0.00000000,0.00000000,0.00000000,0.00000000,0.00000000,0.00000000,0.00000000,0.00000000,0.00000000,0.00000000,0.00000000,0.00000000,0.00000000,0.00000000,0.00000000,0.00000000,0.00000000,0.00000000,0.00000000,0.00000000,0.00000000,0.00000000,0.00000000,0.02185591,0.00000000,0.01181464,0.00000000,0.00000000,0.00213610,0.00000000,0.00000000,0.00000000,0.01190171,0.00000000,0.00000000,0.00000000,0.00000000,0.00574845,0.00000000,0.00000000,0.00069469,0.00192495,0.00000000,0.00356692,0.00000000,0.00394218,0.00000000,0.00000000,0.08017341,0.00000000,0.00000000,0.00000000,0.00000000,0.00000000,0.00000000,0.00000000,0.00000000,0.00000000,0.00000000,0.00281689,0.00000000,0.00000000,0.00000000,0.00000000,0.00000000,0.00000000,0.00000000,0.00000000,0.00000000,0.00000000,0.00000000,0.00000000,0.00000000,0.00000000,0.00000000,0.00000000,0.00000000,0.00000000,0.00000000,0.00000000,0.00000000,0.00000000,0.00000000,0.00000000,0.00000000,0.00000000,0.00000000,0.00000000,0.00000000,0.00000000,0.00000000,0.00000000,0.00000000,0.00000000,0.00000000,0.00000000,0.00000000,0.00000000,0.00000000,0.00000000,0.00000000,0.00000000,0.00000000,0.00000000,0.00000000,0.00000000,0.00000000,0.00000000,0.00000000,0.00000000,0.00000000,0.00000000,0.00000000,0.00000000,0.00000000,0.00000000,0.05943957,0.00000000,0.00000000,0.00000000,0.01022640,0.00000000,0.00000000,0.00000000,0.00000000,0.00000000,0.00000000,0.00000000,0.00163268,0.00000000,0.00000000,0.00000000,0.00000000,0.00000000,0.00000000,0.00000000,0.00000000,0.00000000,0.00000000,0.00000000,0.00709363,0.00000000,0.00000000,0.00000000,0.00000000,0.00000000,0.00000000,0.00000000,0.00000000,0.00000000,0.00000000,0.00000000,0.00000000,0.00000000,0.00000000,0.00000000,0.07743588,0.00000000,0.00000000,0.00000000,0.00000000,0.00000000,0.00000000,0.00000000,0.00976414,0.00000000,0.00000000,0.00000000,0.00000000,0.00501926,0.00371678,0.00000000,0.00000000,0.00000000,0.00000000,0.00000000,0.00000000,0.00000000,0.00000000,0.00000000,0.37404558,0.00000000,0.00000000,0.00000000,0.00000000,0.00000000,0.00000000,0.00000000,0.00000000,0.00000000,0.00000000,0.00000000,0.00000000,0.00000000,0.14753987,0.00000000,0.00000000,0.00000000,0.00000000,0.00528778,0.00000000,0.00137044,0.00000000,0.00000000,0.00000000,0.00000000,0.00000000,0.00000000,0.01655418,0.00000000,0.00000000,0.12061446,0.00000000,0.00000000,0.00000000,0.00000000,1.28641656,0.00000000,0.00000000,0.00000000,0.00000000,0.00000000,0.00125823,0.06353173,0.00000000,0.00000000,0.00000000,0.00000000,0.00189904,0.02637692,0.00000000,0.00000000,0.00000000,0.00000000,0.00000000,0.00000000,0.00000000,0.00000000,0.00000000,0.04749557,0.00000000,0.27351181,0.00000000,0.00000000,0.00000000,0.00000000,0.00000000,0.00000000,0.00000000,0.00000000,0.00000000,0.00000000,0.00000000,0.02061793,0.00000000,0.00000000,0.00000000,0.00000000,0.00000000,0.00988157,0.00000000,0.00000000,0.00722678,0.00000000,0.00000000,0.00000000,0.00000000,0.00000000,0.00000000,0.00000000,0.00000000,0.01783162,0.00000000,0.00000000,0.00000000,0.00000000,0.00000000,0.00000000,0.00000000,0.00000000,0.00000000,0.00000000,0.00000000,0.00000000,0.00000000,0.00000000,0.00130935,0.00000000,0.00000000,0.00000000,0.00000000,0.00000000,0.00000000,0.00000000,0.00543439,0.00000000,0.00000000,0.00000000,0.00233822,0.00000000,0.00000000,0.00000000,0.00000000,0.00000000,0.00000000,0.00000000,0.00000000,0.00000000,0.00093682,0.00000000,0.00000000,0.00000000,0.00000000,0.00000000,0.00957652,0.00000000,0.00000000,0.00000000,0.00000000,0.00000000,0.00000000,0.00797229,0.00000000,0.00000000,0.00188824,0.01385684,0.02293416,0.00000000,0.00000000,0.00000000,0.00000000,0.00000000,0.00000000,0.01003722,0.04144671,0.16762136,0.00000000,0.00000000,0.00000000,0.00000000,0.00000000,0.00000000,0.00000000,0.00000000,0.01732000,0.20753479,0.00000000,0.00000000,0.00000000,0.00088010,0.00000000,0.00000000,0.00000000,0.00000000,0.00000000,0.00000000,0.00000000,0.00000000,0.00000000,0.00000000,0.00000000,0.00000000,0.00000000,0.00000000,0.00740863,0.00000000,0.00000000,0.88659384,0.00000000,0.00000000,0.00000000,0.00000000,0.00000000,0.00204897,0.04933079,0.00000000,0.00000000,0.00203582,0.00000000,0.00000000,0.00000000,0.00000000,0.00000000,0.00000000,0.00000000,0.00000000,0.00000000,0.00000000,0.00000000,0.00000000,0.00000000,0.00000000,0.00000000,0.00000000,0.00000000,0.00000000,0.00000000,0.02395576,0.00000000,0.00333587,0.00000000,0.00000000,0.00472007,0.00000000,0.00000000,0.03760571,0.00000000,0.00000000,0.00000000,0.00000000,0.00000000,0.00000000,0.00000000,0.00000000,0.00000000,0.10375786,0.00000000,0.00000000,0.00000000,0.00000000,0.00000000,0.00521598,0.00000000,0.00000000,0.00000000,0.00000000,0.00000000,0.00000000,0.00000000,0.00000000,0.00000000,0.01383704,0.00000000,0.00000000,0.00000000,0.00000000,0.00000000,0.00000000,0.00000000,0.00000000,0.00000000,0.00000000,0.00000000,0.00000000,0.00000000,0.00000000,0.00000000,0.00000000,0.00225423,0.00000000,0.00000000,0.00000000,0.00000000,0.00000000,0.00000000,0.00000000,0.00000000,0.00246681,0.00134429,0.00000000,0.00000000,0.00000000,0.00000000,0.00000000,0.00000000,0.00000000,0.00000000,0.00000000,0.00000000,0.00000000,0.00000000,0.00000000,0.00000000,0.01657497,0.00000000,0.00000000,0.00942099,0.00000000,0.01523970,0.00000000,0.00000000,0.06836588,0.00000000,0.00000000,0.00000000,0.00000000,0.00000000,0.00492464,0.00000000,1.02752195,0.00000000,0.00000000,0.00000000,0.00075693,0.00000000,0.00000000,0.00000000,0.00000000,0.00000000,0.00000000,0.00000000,0.00000000,0.00000000,0.00000000,0.00000000,0.00000000,0.00000000,0.00000000,0.00000000,0.01431617,0.00000000,0.00000000,0.00000000,0.00000000,0.01022177,0.00000000,0.00000000,0.00000000,0.00000000,0.00000000,0.00000000,0.01006550,0.00000000,0.00000000,0.00269260,0.00000000,0.00000000,0.00000000,0.00000000,0.00000000,0.00077512,0.01080800,0.00000000,0.00346699,0.00276230,0.00000000,0.00000000,0.00000000,0.00000000,0.00238155,0.00000000,0.00000000,0.00678407,0.00000000,0.00000000,0.00000000,0.01273458,0.01202559,0.00000000,0.00000000,0.00000000,0.00000000,0.00000000,0.00000000,0.00000000,0.00000000,0.00000000,0.00000000,0.00000000,0.00000000,0.00125189,0.00000000,0.00316204,0.00000000,0.00000000,0.00000000,0.00000000,0.00000000,0.00000000,0.00000000,0.00000000,0.00000000,0.00000000,0.01578686,0.00000000,0.00000000,0.00000000,0.00000000,0.00000000,0.00000000,0.00000000,0.00000000,0.00000000,0.00000000,0.00000000,0.00074026,0.00000000,0.00000000,0.00000000,0.00000000,0.00000000,0.00000000,0.00000000,0.00000000,0.00000000,0.00000000,0.01283353,0.00000000,0.00000000,0.00000000,0.00000000,0.00000000,0.00000000,0.02796619,0.00000000,0.00805322,0.00000000,0.00000000,0.00000000,0.00000000,0.03074125,0.00000000,0.00000000,0.00000000,0.00000000,0.00000000,0.00000000,0.00000000,0.00000000,0.00000000,0.00000000,0.00000000,0.00000000,0.00000000,0.00000000,0.00000000,0.00000000,0.00000000,0.00000000,0.00000000,0.00000000,0.00000000,0.00000000,0.00000000,0.00000000,0.01114210,0.00000000,0.00000000,0.00000000,0.00000000,0.02038735,0.00000000,0.00000000,0.00000000,0.04783697,0.00000000,0.00000000,0.00931196,0.00000000,0.00000000,0.00000000,0.00000000,0.00000000,0.00000000,0.00000000,0.00000000,0.00000000,0.00000000,0.00000000,0.00000000,0.00000000,0.00000000,0.00000000,0.00000000,0.00000000,0.00000000,0.00000000,0.00000000,0.00000000,0.00000000,0.00000000,0.00000000,0.00000000,0.01149632,0.00000000,0.00000000,0.00000000,0.00000000,0.00000000,0.00000000,0.00000000,0.00000000,0.00000000,0.00000000,0.01526201,0.00000000,0.00000000,0.00000000,0.00000000,0.00000000,0.00000000,0.00677506,0.00000000,0.00000000,0.01230589,1.58842604
0.00000000,0.00000000,0.00000000,0.00000000,0.00000000,0.00000000,0.00291459,1.71186674,0.00000000,0.00000000,0.00000000,0.00000000,0.00000000,0.00267662,0.00000000,0.00000000,0.00000000,0.00166853,0.00000000,0.00000000,0.00000000,0.00000000,0.00126478,0.00000000,0.00000000,0.00000000,0.00000000,0.00000000,0.00000000,0.00000000,0.00000000,0.06583853,0.00000000,0.00000000,0.00675531,0.00569538,0.00000000,0.00000000,0.00000000,0.00000000,0.00000000,0.00000000,0.00000000,0.00000000,0.01615616,0.00000000,0.00000000,0.00000000,0.00000000,0.00000000,0.00000000,0.00000000,0.00000000,0.00000000,0.00000000,0.00000000,0.00000000,0.00000000,0.01256750,0.00000000,0.00000000,0.00000000,0.00000000,0.00000000,0.00000000,0.00000000,0.00000000,0.00000000,0.00000000,0.00000000,0.00000000,0.00000000,0.00000000,0.00000000,0.00000000,0.01165359,0.00000000,0.00000000,0.00000000,0.00000000,0.00000000,0.00000000,0.00000000,0.00000000,0.00000000,0.00000000,0.00000000,0.00000000,0.00000000,0.00000000,0.00661983,0.00000000,0.00000000,0.00000000,0.00000000,0.00000000,0.00000000,0.00000000,0.00000000,0.00000000,0.00000000,0.00316426,0.00000000,0.65884510,0.00000000,0.00000000,0.00000000,0.00000000,0.00000000,0.00000000,0.00000000,0.00000000,0.04354191,0.00000000,0.00000000,0.28041189,0.00000000,0.00000000,0.00000000,0.00000000,0.00000000,0.00000000,0.00000000,0.00000000,0.00000000,0.01973083,0.00000000,0.00000000,0.01770257,0.00000000,0.00000000,0.00000000,0.00000000,0.00000000,0.00000000,0.00000000,0.00000000,0.00000000,0.00000000,0.00000000,0.00000000,0.00000000,0.00000000,0.00000000,0.00000000,0.00000000,0.00000000,0.00000000,0.00000000,0.00000000,0.01152889,0.06060808,0.00000000,0.00000000,0.00000000,0.00000000,0.00000000,0.00000000,0.00000000,0.01035645,0.01570556,0.00000000,0.00000000,0.00000000,0.01274534,0.00000000,0.00000000,0.00000000,0.00000000,0.00000000,0.00000000,0.00000000,0.00000000,0.00000000,0.00000000,0.00000000,0.00000000,0.00000000,0.00000000,0.00563997,0.00000000,0.00000000,0.00000000,0.00000000,0.00000000,0.00000000,0.00000000,0.00000000,0.00000000,0.00000000,0.00000000,0.00000000,0.00000000,0.00000000,0.33445950,0.00000000,0.00546456,0.00000000,0.00000000,0.17610524,0.00000000,0.00000000,0.00000000,0.01173962,0.00000000,0.00000000,0.00000000,0.00000000,0.00000000,0.00000000,0.00000000,0.15464280,0.00000000,0.00000000,0.00000000,0.00000000,0.00000000,0.00000000,0.00000000,0.00000000,0.00000000,0.00000000,0.00000000,0.00000000,0.00000000,0.00000000,0.00000000,0.08345494,0.00000000,0.00000000,0.00000000,0.00000000,0.00000000,0.00000000,0.00000000,0.00000000,0.00000000,0.00000000,0.00000000,0.00000000,0.00000000,0.00000000,0.00132964,1.07836404,0.00000000,0.00000000,1.65003423,0.00000000,0.00000000,0.00000000,0.00000000,0.00000000,0.09742406,0.00000000,0.00000000,0.00188430,0.00000000,0.00789037,0.00000000,0.00000000,0.00000000,0.00000000,0.00000000,0.00000000,0.00000000,0.00000000,0.06253832,0.00000000,0.03056722,0.00000000,0.00000000,0.00248628,0.00000000,0.00000000,0.00000000,0.00000000,0.00000000,0.00000000,0.00000000,0.00000000,0.01662819,0.00000000,0.00000000,0.00000000,0.01037681,0.00000000,0.00000000,0.00000000,0.00000000,0.00000000,0.00000000,0.00082007,0.00000000,0.00000000,0.00000000,0.00000000,0.00000000,0.01183286,0.00000000,0.00000000,0.00000000,0.00000000,0.00000000,0.00000000,0.00253937,0.00000000,0.00000000,0.00000000,0.00849665,0.00000000,0.00000000,0.00000000,0.00000000,0.00000000,0.00000000,0.00000000,0.00000000,0.00000000,0.00000000,0.00000000,0.00000000,0.00000000,0.00000000,0.00523137,0.00000000,0.00000000,0.00000000,0.01958942,0.00000000,0.00000000,0.00000000,0.00000000,0.00000000,0.00000000,0.00000000,0.00000000,0.00000000,0.01855432,0.00000000,0.00000000,0.00000000,0.00000000,0.00000000,0.00000000,0.00000000,0.00000000,0.00174190,0.00000000,0.00000000,0.00000000,0.00000000,1.39192708,0.00000000,0.00000000,0.00000000,0.00000000,0.00000000,0.00000000,0.00000000,0.00000000,0.00000000,0.00000000,0.00000000,0.00000000,0.01706742,0.00000000,0.12539077,0.00000000,0.00000000,0.00070256,0.00000000,0.00000000,0.00000000,0.09542378,0.00000000,0.00000000,0.00000000,0.00000000,0.00000000,0.00065753,0.00000000,0.00000000,0.00000000,0.00000000,0.00000000,0.00000000,0.00000000,0.00000000,0.00000000,0.00000000,0.00000000,0.01270652,0.00000000,0.00000000,0.00370175,0.00000000,0.00963671,0.00000000,0.00000000,0.00000000,0.00000000,0.00000000,0.00000000,0.00000000,0.00000000,0.00000000,0.00000000,0.00000000,0.00000000,0.00000000,0.00000000,0.00000000,0.00000000,0.00000000,0.00000000,0.00000000,0.00000000,0.00000000,0.00000000,0.00000000,0.00000000,0.00000000,0.38059916,0.05778129,0.00000000,0.00000000,0.00000000,0.00000000,0.00000000,0.00000000,0.00455210,0.00000000,0.00000000,0.00000000,0.00370486,0.00000000,0.00000000,0.00000000,0.00000000,0.00677742,0.00000000,0.00000000,0.17306326,0.00000000,0.00000000,0.00000000,0.00000000,0.00000000,0.00959429,0.11188168,0.00000000,0.00000000,0.00374015,0.00000000,0.00000000,1.98355199,0.00000000,0.00000000,0.00000000,0.00000000,0.00000000,0.00000000,0.00000000,0.00000000,0.00000000,0.00000000,0.00000000,0.00000000,0.00000000,0.00000000,0.00221858,0.02452648,0.00000000,0.00000000,0.00000000,0.00000000,0.00000000,0.00000000,0.00000000,0.00000000,0.00341079,0.00253273,0.00000000,0.00888227,0.00000000,0.00229132,0.00000000,0.00000000,0.00000000,0.00000000,0.00000000,0.00000000,0.00000000,0.01672074,0.00000000,0.04266228,0.00000000,0.00000000,0.00000000,0.02022303,0.00000000,0.00000000,0.01662673,0.00000000,0.00000000,0.00000000,0.00160287,0.00000000,0.00000000,0.00000000,0.00000000,0.00717634,0.02690322,0.00503247,0.00000000,0.00000000,0.00000000,0.00000000,0.00000000,0.00000000,0.00000000,0.00000000,0.00000000,0.00000000,0.00000000,0.00000000,0.00000000,0.00000000,0.00000000,0.02118844,0.00000000,0.00000000,0.00000000,0.00000000,0.00326660,0.00404268,0.00000000,0.00000000,0.00000000,0.00000000,0.00000000,0.00000000,0.00000000,0.02747498,0.00000000,0.03582133,0.00000000,0.00000000,0.00000000,0.00000000,0.00481314,0.00000000,0.00000000,0.01376165,0.00000000,0.00000000,0.00000000,0.00000000,0.00000000,0.00000000,0.00000000,0.00000000,0.00000000,0.00000000,0.00000000,0.00000000,0.00000000,0.00000000,0.00000000,0.00000000,0.00000000,0.00000000,0.00000000,0.00000000,0.00000000,0.00530495,0.00000000,0.00000000,0.00000000,0.00000000,0.00114883,0.10618310,0.00000000,0.00000000,0.00000000,0.41235802,0.00000000,0.00000000,0.00000000,0.00000000,0.00000000,0.00000000,0.00000000,0.00000000,0.00000000,0.00000000,0.00000000,0.00000000,0.00000000,0.00000000,0.00000000,0.00000000,0.00000000,0.00000000,0.00000000,0.00156030,0.00000000,0.00000000,0.00000000,0.00000000,0.00000000,0.00000000,0.00148785,0.00000000,0.00000000,0.00000000,0.00000000,0.00000000,0.00000000,0.00123709,0.00000000,0.00000000,0.00000000,0.00000000,0.00000000,0.00000000,0.00000000,0.00000000,0.00000000,0.00000000,0.00000000,0.00000000,0.00000000,0.00000000,0.00000000,0.00000000,0.00000000,0.00000000,0.00000000,1.24264021,0.00000000,0.00000000,0.00000000,0.00232726,0.01074037,0.00000000,0.00000000,0.00000000,0.00000000,0.00000000,0.00000000,0.00000000,0.00000000,0.00000000,0.00000000,0.00000000,0.00000000,0.00000000,0.00000000,0.00000000,0.00000000,0.00000000,0.00000000,0.00000000,0.00000000,0.01087476,0.00114260,0.00000000,0.00000000,0.00000000,0.00000000,0.00000000,0.00000000,0.00000000,0.00000000,0.00000000,0.00000000,0.00000000,0.00000000,0.00000000,0.00000000,0.00000000,0.00000000,0.02227718,0.00000000,0.00000000,0.00000000,0.00000000,0.00000000,0.00000000,0.00000000,0.00000000,0.00000000,0.00000000,0.00000000,0.00000000,0.00000000,0.00000000,0.00000000,0.03995661,0.00000000,0.00000000,0.00000000,0.00000000,0.00000000,0.00000000,0.00000000,0.00000000,0.00000000,0.00000000,0.00000000,0.00000000,0.00000000,0.00172015,0.00000000,0.00000000,0.00000000,0.00000000,0.00000000,0.00000000,0.00000000,0.00000000,0.02392511,0.00000000,0.00000000,0.00055046,0.00000000,0.00000000,0.00000000,0.00619147,0.00000000,0.00000000,0.00407344,0.00000000,0.00000000,0.00000000,0.00000000,0.00000000,0.00000000,0.00000000,0.00000000,0.00000000,0.00460213,0.00000000,0.00000000,0.00071325,0.00000000,0.00000000,0.00000000,0.00000000,0.00000000,0.00300555,0.00000000,0.00000000,0.00000000,0.00000000,0.00000000,0.00000000,0.00000000,0.00000000,0.00000000,0.00000000,0.00000000,0.00323900,0.00000000,0.00000000,0.00000000,0.00000000,0.00000000,0.00000000,0.00000000,0.00000000,0.00000000,0.00078412,0.00000000,0.00000000,0.00000000,0.00000000,0.00000000,0.00000000,0.00000000,0.00000000,0.00000000,1.43545922,0.00000000,0.00000000,0.00000000,0.00000000,0.00000000,0.00000000,0.00000000,0.00000000,0.00000000,0.00000000,0.00000000,0.00000000,0.00000000,0.00000000,0.00000000,0.00000000
0.00000000,0.00434092,0.00000000,0.00000000,0.00000000,0.00000000,0.03080412,0.00000000,0.00000000,0.00000000,0.00000000,0.01209433,0.00000000,0.00000000,0.00000000,0.00000000,0.02438802,0.00000000,0.00000000,0.00000000,0.00000000,0.00000000,0.00000000,0.00000000,0.00000000,0.00000000,0.00000000,0.00000000,0.00000000,0.00000000,0.00000000,0.00000000,0.00000000,0.00000000,0.00000000,0.00000000,0.00000000,0.00000000,0.00000000,0.00000000,0.00000000,0.02443885,0.00000000,0.00000000,0.00000000,0.00000000,0.00000000,0.00000000,0.00000000,0.00000000,0.00000000,0.17217831,0.00000000,0.00000000,0.00209497,0.00000000,0.00000000,0.00000000,0.00000000,0.00107947,0.01920047,0.00000000,0.00000000,0.00000000,0.00288362,0.02455382,0.00000000,0.00000000,0.00000000,4.46144866,0.00000000,0.19092412,0.00000000,0.00000000,0.00000000,0.00000000,0.00000000,0.00000000,0.00000000,0.00000000,0.00000000,0.00000000,0.00000000,0.00000000,0.00000000,0.00000000,0.00000000,0.00107910,0.00000000,0.00000000,0.00000000,0.00000000,0.00000000,0.00000000,0.00000000,0.00180825,0.00000000,0.00000000,0.00000000,0.00000000,0.00000000,0.00000000,0.00123520,0.00000000,0.00000000,0.00000000,0.00000000,0.00469546,0.00000000,0.00000000,0.00000000,0.00000000,0.00000000,0.00000000,0.00737030,0.00000000,0.00000000,0.00000000,0.00000000,0.00841618,0.00000000,0.00000000,0.00263560,0.00000000,0.01477503,0.00000000,0.00000000,0.00000000,0.00000000,0.01928609,0.00000000,0.00000000,0.00000000,0.00129515,0.00000000,0.00000000,0.00000000,0.00000000,0.07101989,0.00000000,0.00000000,0.00000000,0.00000000,0.00000000,0.00000000,0.00089291,0.02980100,0.00000000,0.00000000,0.00000000,0.00000000,0.00000000,0.01771475,0.00000000,0.00000000,0.00000000,0.00000000,0.01694622,0.00000000,0.00000000,0.00000000,0.00000000,0.00000000,0.00000000,0.00000000,0.00000000,0.00000000,0.00000000,0.00000000,0.00000000,0.00000000,0.00000000,0.00000000,0.00000000,0.01148421,0.02339688,0.00000000,0.00000000,0.00138644,0.00000000,0.00000000,0.00000000,0.00000000,0.00000000,0.00797481,0.00634313,0.00000000,0.00000000,0.00000000,0.00360389,0.00000000,0.00000000,0.00000000,0.00000000,0.01333598,0.00918329,0.00000000,0.00000000,0.00000000,0.00000000,0.01105315,0.00000000,0.00000000,0.00000000,0.00000000,0.00000000,0.00000000,0.00000000,0.00000000,0.00541042,0.00364838,0.00000000,0.00000000,0.00000000,0.00000000,0.00000000,0.00000000,0.00000000,0.00000000,0.00000000,0.00000000,0.00342124,0.00000000,0.00000000,0.00000000,0.00000000,0.00000000,0.00000000,0.00000000,0.00000000,0.00000000,0.00000000,0.90705341,0.00000000,0.00575239,0.00000000,0.00000000,0.00000000,0.00000000,0.00000000,0.04888169,0.00000000,0.00000000,0.00000000,0.00000000,0.00000000,0.00000000,0.00000000,0.00000000,0.00000000,0.00000000,0.00000000,0.00991531,0.00000000,0.00000000,0.00000000,0.00000000,0.00000000,0.00000000,0.00421857,0.00000000,0.00000000,0.00000000,0.00000000,0.00000000,0.00000000,0.00000000,0.00000000,0.00000000,0.00000000,0.00988344,0.00000000,0.00000000,0.00000000,0.00000000,0.00000000,0.00000000,0.00000000,0.00000000,0.00000000,0.00000000,0.00000000,0.00000000,0.00000000,0.00000000,0.00000000,0.00000000,0.00000000,0.00000000,0.00000000,0.00000000,0.00000000,0.00000000,0.00000000,0.00000000,0.00365804,0.00000000,0.00000000,0.00000000,0.00000000,0.00000000,0.00000000,0.00000000,0.09437528,0.00000000,0.00000000,0.00000000,0.00000000,0.00000000,0.00000000,0.00000000,0.00000000,0.27387470,0.00000000,0.00000000,0.00000000,0.00000000,0.00000000,0.00000000,0.00000000,0.00000000,0.00000000,0.00000000,0.00735611,0.00000000,0.00000000,0.00374661,0.01447864,0.00000000,0.00000000,0.00000000,0.01171996,0.00519877,0.00000000,0.00000000,0.00180282,0.00000000,0.00000000,0.00000000,0.00000000,0.00000000,0.00000000,0.00000000,0.00000000,0.02542520,0.00000000,0.00000000,0.00000000,0.00000000,0.09925572,0.00000000,0.00000000,0.00000000,0.01399402,0.00604046,0.00000000,0.00000000,0.00000000,0.00000000,0.00000000,0.00000000,0.00000000,0.00000000,0.00000000,0.00000000,0.00000000,0.00000000,0.00000000,0.00000000,0.00000000,0.00000000,0.00000000,0.00000000,0.00000000,0.00000000,0.00000000,0.00000000,0.00000000,0.00000000,0.00315450,0.00000000,0.00000000,0.00000000,0.00000000,0.00000000,0.00000000,0.00000000,0.04285935,0.00000000,0.00000000,0.00000000,0.00000000,0.00000000,0.00000000,0.00000000,0.00000000,0.00000000,0.00000000,0.00000000,0.00000000,0.00422453,0.00000000,0.20808750,0.00000000,0.00000000,0.00000000,0.00000000,0.00000000,0.00000000,0.00000000,0.00000000,0.00000000,0.00675055,0.00000000,0.00000000,0.00000000,0.00000000,0.00000000,0.00000000,0.00000000,0.00000000,0.00000000,0.08583188,0.00243734,0.00000000,0.00000000,0.00000000,0.00000000,0.00000000,0.00000000,0.00000000,0.00000000,0.00000000,0.00000000,0.00000000,0.00000000,0.00000000,0.00000000,0.00000000,0.00000000,0.00000000,0.00000000,0.00000000,0.00000000,0.00000000,0.00000000,0.00000000,0.00000000,0.00239891,0.00000000,0.15650913,0.00000000,0.00000000,0.00000000,0.00000000,0.00000000,0.02517512,0.00000000,0.00000000,0.00000000,0.00000000,0.00000000,0.00000000,0.00304318,0.01168238,0.00000000,0.00000000,0.00000000,0.00000000,0.00000000,0.00000000,0.00000000,0.00000000,0.00000000,0.00000000,0.00000000,0.00000000,0.00000000,0.00000000,0.00000000,0.00000000,0.00000000,0.00000000,0.00000000,0.00000000,0.03711695,0.00000000,0.00000000,0.00000000,0.00000000,0.00000000,0.00000000,0.00000000,0.00726364,0.00000000,0.00000000,0.00000000,0.00000000,0.00000000,0.00000000,0.00653887,0.00000000,0.00000000,0.10539191,0.00000000,0.00000000,0.00000000,0.00000000,0.00000000,0.01747784,0.00000000,0.00000000,0.00000000,0.00000000,0.00000000,0.00000000,0.00000000,0.00000000,0.07968567,0.00000000,0.00000000,0.00603820,0.00000000,0.00000000,0.00000000,0.00000000,0.00000000,0.00000000,0.00000000,0.00000000,0.00000000,0.00000000,0.00000000,0.00000000,0.00000000,0.00000000,0.00000000,0.00000000,0.00000000,0.00000000,0.00000000,0.00000000,0.00000000,0.00000000,0.00000000,0.00874971,0.00133170,0.00000000,0.17468831,0.00000000,0.00000000,0.00000000,0.01556190,0.00000000,0.01716020,0.00000000,0.00000000,0.00000000,0.00000000,0.00000000,0.00000000,0.00000000,0.00000000,0.00795741,0.00000000,0.00000000,0.00000000,0.00000000,0.00000000,0.00000000,0.01297126,0.00000000,1.26642017,0.00724311,1.26733192,0.00000000,0.00000000,0.00000000,0.00000000,0.00000000,0.00000000,0.00000000,0.00000000,0.01007683,0.00000000,0.00000000,0.00000000,0.00000000,0.00000000,0.00000000,0.00000000,0.00000000,0.00000000,0.00000000,0.00000000,0.00000000,0.00000000,0.00000000,0.00000000,0.00000000,0.00000000,0.00000000,0.00000000,0.00000000,0.13945054,0.00000000,0.00000000,0.00000000,0.00855585,0.00000000,0.00000000,0.00000000,0.00000000,0.00000000,0.00000000,0.00000000,0.00000000,0.00000000,0.00000000,0.00000000,0.00000000,0.00000000,0.00000000,0.00000000,0.00000000,0.00000000,0.00000000,0.00000000,0.00000000,0.00000000,0.00000000,0.00000000,0.00000000,0.00000000,0.00000000,0.00000000,0.00000000,0.00000000,0.03621469,0.00000000,0.00000000,0.00000000,0.00000000,0.02770181,1.08127739,0.00000000,0.00000000,0.07120520,0.00000000,0.00000000,0.00000000,0.00000000,0.00000000,0.00000000,0.00000000,0.00000000,0.00391117,0.00000000,0.00000000,0.00000000,0.00000000,0.00000000,0.01664345,0.00000000,0.00000000,0.00000000,0.00000000,0.00000000,0.00000000,0.00000000,0.00000000,0.55351217,0.01095518,0.00000000,0.00000000,0.00000000,0.01591262,0.00000000,0.00000000,0.00000000,0.00000000,0.00000000,0.00000000,0.00000000,0.00000000,0.00000000,0.00000000,0.00000000,0.00000000,0.00000000,0.00319031,0.02875680,0.00506371,0.00000000,0.00000000,0.00000000,0.00000000,0.00000000,0.00000000,0.00000000,0.00000000,0.00000000,0.00000000,0.00000000,0.00000000,0.00000000,0.00000000,0.00000000,0.00288337,0.00000000,0.00000000,0.00000000,0.00000000,0.00000000,0.00000000,0.00000000,0.00000000,0.16403353,0.00000000,0.00000000,0.00000000,0.00000000,0.00000000,0.00000000,0.00000000,0.00000000,0.00000000,0.00000000,0.00000000,0.00271906,0.00000000,0.00000000,0.00000000,0.00000000,0.00000000,0.00000000,0.00000000,0.00000000,0.00000000,0.00000000,0.00000000,0.00000000,0.00000000,0.00000000,0.00000000,0.00000000,0.00000000,0.00000000,0.00000000,0.00000000,0.00000000,0.00000000,0.00000000,0.00000000,0.00000000,0.00000000,0.00000000,0.00000000,0.00000000,0.00000000,0.00000000,0.00441056,0.00000000,0.00000000,0.00000000,0.00000000,0.00000000,0.02315815,0.00000000,0.00000000,0.00153181,0.00000000,0.16831444,0.00000000,0.00000000,0.00000000,0.00000000,0.00000000,0.00000000,0.00000000,0.00000000,0.00000000,0.01605308,0.00000000,0.00000000,0.00000000,0.00000000,0.00000000,0.00000000,0.00000000,0.00438233,0.00156233,0.00000000,0.00000000,1.17579793,0.00000000,0.00000000,0.00000000,0.00000000,0.00000000
0.00227858,0.00000000,0.00000000,0.00000000,0.00000000,0.91666668,0.00000000,0.00000000,0.00000000,0.00000000,0.00000000,0.00253282,0.00000000,0.00000000,0.00218557,0.00000000,0.00000000,0.00000000,0.00000000,0.00000000,0.00000000,0.00000000,0.00000000,0.00000000,0.00000000,0.00000000,0.00000000,0.00000000,0.00000000,0.00000000,0.01185418,0.00000000,0.00000000,0.00000000,0.00000000,0.00000000,0.00000000,0.00000000,0.00000000,0.00126216,0.00000000,0.00000000,0.00000000,0.00000000,0.00000000,0.00000000,0.00000000,0.00000000,0.00000000,0.00000000,0.00000000,0.00000000,0.00000000,0.00000000,0.00000000,0.00000000,0.00000000,0.00000000,0.00000000,0.00000000,0.00000000,0.00916218,0.00000000,0.00000000,0.00000000,0.00000000,0.00000000,0.00000000,0.00310992,0.00657951,0.00000000,0.00000000,0.00506680,0.00000000,0.00000000,0.00000000,0.00000000,0.01763854,0.00000000,0.00503041,0.00000000,0.00000000,0.00000000,0.00000000,0.00000000,0.00000000,0.00000000,0.00000000,0.00000000,0.00000000,0.00000000,0.00000000,0.00000000,0.00000000,0.00000000,0.00000000,0.00000000,0.00000000,0.00000000,0.00000000,0.00000000,0.00000000,0.00000000,0.00000000,0.00000000,0.00000000,0.00000000,0.00000000,0.00000000,0.00000000,0.00000000,0.00000000,0.00000000,0.00000000,0.00000000,0.00000000,0.00000000,0.00539563,0.00000000,0.00000000,0.00000000,0.00000000,0.00000000,0.00000000,0.00000000,0.00000000,0.01463774,0.00162641,0.00000000,0.00000000,0.00000000,0.00000000,0.00000000,0.00000000,0.00000000,0.00000000,0.00000000,0.00000000,0.00000000,0.00000000,0.00163525,0.00000000,0.00000000,0.00000000,0.00000000,0.00168573,0.00000000,0.00000000,0.00000000,0.00000000,0.00000000,0.00000000,0.00000000,0.00000000,0.00000000,0.00000000,0.00000000,0.00000000,0.00000000,0.00000000,0.00000000,0.00000000,0.00000000,0.00000000,0.00000000,0.00000000,0.00000000,0.00000000,0.00000000,0.00000000,0.00000000,0.00000000,0.00000000,0.00000000,0.00000000,0.00000000,0.00000000,0.00000000,0.00000000,0.00000000,0.00000000,0.00000000,0.00000000,0.00402914,0.00000000,0.00000000,0.00000000,0.00000000,0.00000000,0.00000000,0.01482422,0.00000000,0.00000000,0.00000000,0.00000000,0.00000000,0.00000000,0.00000000,0.00000000,0.00000000,0.00000000,0.00000000,0.00000000,0.00000000,0.00000000,0.00000000,0.00000000,0.00000000,0.00000000,0.00000000,0.00000000,0.00000000,0.00000000,0.01941159,0.00000000,0.00214829,0.00000000,0.00000000,0.00471698,0.00000000,0.00000000,0.00000000,0.00000000,0.00000000,0.00000000,0.01293156,0.00000000,0.00000000,0.00000000,0.00000000,0.00000000,0.00000000,0.00866624,0.00000000,0.00000000,0.00000000,0.01204604,0.00000000,0.00000000,0.00000000,0.00000000,0.00000000,0.00000000,0.00000000,0.00000000,0.00000000,0.00000000,0.00424147,0.00000000,0.02691852,0.00000000,0.00000000,0.00000000,0.00000000,0.00000000,0.00000000,0.00000000,0.00000000,0.00000000,0.00000000,0.00000000,0.02798782,0.00000000,0.00626604,0.00000000,0.00204925,0.00000000,0.00000000,0.00000000,0.00000000,0.00000000,0.00000000,0.00000000,0.00000000,0.00000000,0.03955853,0.06766771,0.00000000,0.00000000,0.00000000,0.00000000,0.00000000,0.00000000,0.00644726,0.00000000,0.00000000,0.00000000,0.00000000,0.00000000,0.00000000,0.01170744,0.00000000,0.00000000,0.00000000,0.00000000,0.00000000,0.00000000,0.92624129,0.00000000,0.00000000,0.00000000,0.00000000,0.00000000,0.00000000,0.00000000,0.00000000,0.01565037,0.00207826,0.00000000,0.00000000,0.00000000,0.02512144,0.02507141,0.00000000,0.00000000,0.00000000,0.00000000,0.00000000,0.00000000,0.00000000,0.00000000,0.00000000,1.21080679,0.00000000,0.01775041,0.00000000,0.00000000,0.00000000,0.00000000,0.00000000,0.00000000,0.26968437,0.00000000,0.00000000,0.00180623,0.00000000,0.00000000,0.00000000,0.00000000,0.00000000,0.00000000,0.00000000,0.00903597,0.00000000,0.00000000,0.00000000,0.00000000,0.00000000,0.00595376,0.00000000,0.00000000,0.00000000,0.00000000,0.00347786,0.00000000,0.00000000,0.00000000,0.00000000,0.00000000,0.00000000,0.00000000,0.00000000,0.00000000,0.00828085,0.00000000,0.00000000,0.00000000,0.00000000,0.00108654,0.00000000,0.11507034,0.00000000,0.00000000,0.00000000,0.00000000,0.00000000,0.07021483,0.00000000,0.00000000,0.01277666,0.00188661,0.00000000,0.00000000,0.00000000,0.00000000,0.00000000,0.00000000,0.00000000,0.00394243,0.00650355,0.02201228,0.00000000,0.00000000,0.00000000,0.00000000,0.00000000,0.00000000,0.00000000,0.00000000,0.02388549,0.00938110,0.00000000,0.00227712,0.00000000,0.00000000,0.00000000,0.00000000,0.00000000,0.00000000,0.00000000,0.00000000,0.00000000,0.00000000,1.11233623,0.00000000,0.00957652,0.00000000,0.00000000,0.00000000,0.00000000,0.00000000,0.00000000,0.00000000,0.00000000,0.00000000,0.00000000,0.04440068,0.00000000,0.00000000,0.01237457,0.01186149,0.00000000,0.00000000,0.00000000,0.00000000,0.00000000,0.00000000,0.02935837,0.00000000,0.00000000,0.00000000,0.00000000,0.00000000,0.00000000,0.00000000,0.00000000,0.00000000,0.00000000,0.00424867,0.00000000,0.00000000,0.00228484,0.00000000,0.00512485,0.00000000,0.00831397,0.00000000,0.00000000,0.00000000,0.01619596,0.00000000,0.00000000,0.00000000,0.00000000,0.00000000,0.00000000,0.00000000,0.00000000,0.00781148,0.00781355,0.00000000,0.00000000,0.00000000,0.00000000,0.00000000,0.00000000,0.00000000,0.84285566,0.00985108,0.00000000,0.00000000,0.00000000,0.00000000,0.00000000,0.00000000,0.00000000,0.00000000,0.00000000,0.00000000,0.00000000,0.00000000,0.00000000,0.00000000,0.00000000,0.00000000,0.00000000,0.00549972,0.00000000,0.00000000,0.00000000,0.00000000,0.00000000,0.00000000,0.00000000,0.00000000,0.00000000,0.00000000,0.13780757,0.00000000,0.00000000,0.00000000,0.00000000,0.00000000,0.00000000,0.00340616,0.00966175,0.00000000,0.00000000,0.00000000,0.00000000,0.00000000,0.00000000,0.00000000,0.00000000,0.00000000,0.00000000,0.00000000,0.00000000,0.00000000,0.84393107,0.00000000,0.00000000,0.00000000,0.00000000,0.00000000,0.00000000,0.00000000,0.00000000,0.00000000,0.00000000,0.00000000,0.00000000,0.00000000,0.00000000,0.00000000,0.00000000,0.00000000,0.00000000,0.00000000,0.00000000,0.00000000,0.00000000,0.00000000,0.00000000,0.00086861,0.00000000,0.00000000,0.00000000,0.00000000,0.00000000,0.00000000,0.00000000,0.00000000,0.00000000,0.00000000,0.00000000,0.00000000,0.02422457,0.00000000,0.00000000,0.00000000,0.00000000,0.00000000,0.00000000,0.00000000,0.00000000,0.00000000,0.00000000,0.00563607,0.00000000,0.00000000,0.00000000,0.00000000,0.00000000,0.00000000,0.04051964,0.00000000,0.00000000,0.00000000,0.00000000,0.00000000,0.00000000,0.00000000,0.00000000,0.00000000,0.00000000,0.00000000,0.00000000,0.01403315,0.24198606,0.00951161,0.00000000,0.00000000,0.00000000,0.00000000,0.00000000,0.00970941,0.00000000,0.00000000,0.00000000,0.00000000,0.00000000,0.00000000,0.00000000,0.00000000,0.04494156,0.00000000,0.00000000,0.00000000,0.00000000,0.00000000,0.00000000,0.00000000,0.00000000,1.03317628,0.00000000,0.00000000,0.00000000,0.00000000,0.00000000,0.00000000,0.00000000,0.00000000,0.00000000,0.00000000,0.00000000,0.01795743,0.00000000,0.00000000,0.00000000,0.00000000,0.00000000,0.00283230,0.00000000,0.00000000,0.00000000,0.00000000,0.00000000,0.00000000,0.00000000,0.00000000,0.00000000,0.00000000,0.00206719,0.00000000,0.00000000,0.00000000,0.00000000,0.00000000,0.00000000,0.00000000,0.00000000,0.00000000,0.02961535,0.00000000,0.00000000,0.00492024,0.00000000,0.00000000,0.00000000,0.00000000,0.00000000,0.00000000,0.00000000,0.00000000,0.00000000,0.00000000,0.00113771,0.00000000,0.00000000,0.00000000,0.00000000,0.00000000,0.00000000,0.01452417,0.01241931,0.00000000,0.00000000,0.04890255,0.00000000,0.00000000,0.09060939,0.00000000,0.00000000,0.00000000,0.00000000,0.00000000,0.03215625,0.00000000,0.00000000,0.00000000,0.00000000,0.00493848,0.00000000,0.00000000,0.00000000,0.00000000,0.00000000,0.00000000,0.00000000,0.00000000,0.00000000,0.00000000,0.00000000,0.00000000,0.07179061,0.00000000,0.00000000,0.00000000,0.00000000,0.00000000,0.00000000,0.01266194,0.00000000,0.00000000,0.00000000,0.00000000,0.00000000,0.00000000,0.00000000,0.00000000,0.00000000,0.00000000,0.00000000,0.00000000,0.01232047,0.00000000,0.00000000,0.00000000,0.02406683,0.00000000,0.08464327,0.00000000,0.00000000,2.74671111,0.00000000,0.00000000,0.00000000,0.00000000,0.00000000,0.00000000,0.00000000,0.00000000,0.00000000,0.00000000,0.00000000,0.00141152,0.00000000,0.00000000,0.00000000,0.00000000,0.00000000,0.00000000,0.00000000,0.00672326,0.00000000,0.00140528,0.00000000,0.00000000,0.00000000,0.00000000,0.01987716,0.00000000,0.00000000,0.00000000,0.00248613,0.00000000,0.00000000,0.02220056,0.00000000,0.02161697,0.00000000,0.00000000,0.00000000,0.00000000,0.00000000,0.00000000,0.00000000,0.00000000,0.00000000,0.00000000,0.00000000,0.00000000,0.01577297,0.00000000,0.00000000,0.00000000,0.00000000,0.00000000,0.00000000
0.00000000,0.00000000,0.00000000,0.00000000,0.00000000,0.00000000,0.00000000,0.00000000,0.00000000,0.04031168,0.00000000,0.01672853,0.00000000,0.00269664,0.00975133,0.00000000,0.00000000,0.00000000,0.00000000,0.00000000,0.00000000,0.00302519,0.00000000,0.00000000,0.00000000,0.00000000,0.00000000,0.00000000,0.00000000,0.01057503,0.00000000,0.00000000,0.00000000,0.00000000,0.00000000,0.00000000,0.00000000,0.00000000,0.02602165,0.00000000,0.00000000,0.00000000,0.00188525,0.00000000,0.00000000,0.00000000,0.00000000,0.00000000,0.00104984,0.00000000,0.00094678,0.00000000,0.00000000,0.00000000,0.00000000,0.00000000,0.00000000,0.90522584,0.00000000,0.00000000,0.00000000,0.00000000,0.00000000,0.00000000,0.00000000,0.00000000,0.00000000,0.00000000,0.05519046,0.00420496,0.00000000,0.00000000,0.00000000,0.00000000,0.00000000,0.00000000,0.00000000,0.00000000,0.00000000,0.00000000,0.00582273,0.00000000,0.00000000,0.00000000,0.00000000,0.00000000,0.00000000,0.00000000,0.00000000,0.00000000,0.00000000,0.00000000,0.00000000,0.00000000,0.00000000,0.00000000,0.00141698,0.02948036,0.07000996,0.00000000,0.00000000,0.00000000,0.00000000,0.00000000,0.00000000,0.00539498,0.00000000,0.00000000,0.00286469,0.00000000,0.00000000,0.00000000,0.00000000,0.00000000,0.00000000,0.00000000,0.00000000,0.00000000,0.00000000,0.00490509,0.03464419,0.00000000,0.00000000,0.00218577,0.00000000,0.00000000,0.00000000,0.00000000,0.00876927,0.00000000,0.00000000,0.00000000,0.00000000,0.00000000,0.00000000,0.00000000,0.00000000,0.00000000,0.00000000,0.00000000,0.00000000,0.00000000,0.00000000,0.00000000,0.00000000,0.00000000,0.00000000,0.00000000,0.00000000,0.00000000,0.00000000,0.00000000,0.00000000,0.00000000,0.02125967,0.00000000,0.06127021,0.00000000,0.00000000,0.00000000,0.00000000,0.00681652,0.00000000,0.00000000,0.00922627,0.00000000,0.00000000,0.00000000,0.00000000,0.03302350,0.00000000,0.00843401,0.00000000,0.00000000,0.00000000,0.00000000,0.00000000,0.00000000,0.00000000,0.00000000,0.00000000,0.00000000,0.00000000,0.00000000,0.00000000,0.00000000,0.01274322,0.00000000,0.00000000,0.00000000,0.00000000,0.00000000,0.00000000,0.00000000,0.00000000,0.00000000,0.00000000,0.00000000,0.00000000,0.00000000,0.00000000,0.00000000,0.21995610,0.00000000,0.00000000,0.00000000,0.00000000,0.00000000,0.00000000,0.00000000,0.00000000,0.00000000,0.00000000,0.00000000,0.00500098,0.00000000,0.00000000,0.00000000,0.00000000,0.00000000,0.00000000,0.00000000,0.00000000,0.00000000,0.00000000,0.01012942,0.00000000,0.00000000,0.00000000,0.00000000,0.00000000,0.00000000,0.00000000,0.00000000,0.00000000,0.00000000,0.01811595,0.00000000,0.00000000,0.00000000,0.00000000,0.00000000,0.00000000,0.00748112,0.00000000,0.00000000,0.00000000,0.00000000,0.00000000,0.00000000,0.00000000,0.00000000,0.00000000,0.00000000,0.04526132,0.00000000,0.00000000,0.00000000,0.74101174,0.00000000,0.00000000,0.00000000,0.00000000,0.00000000,0.00000000,0.00000000,0.00000000,0.00000000,0.00288460,0.00000000,0.00000000,0.00000000,0.00000000,0.00000000,0.00000000,0.00000000,0.00000000,0.01664665,0.00000000,0.00000000,0.00000000,0.00000000,0.00000000,0.00000000,0.00000000,0.00000000,0.00000000,0.00000000,0.01080202,0.02116522,0.00000000,0.00000000,0.00000000,0.00000000,0.00000000,0.00000000,0.00000000,0.00000000,0.00000000,0.00000000,0.00000000,0.00000000,0.00000000,0.00000000,0.00000000,0.00431793,0.00000000,0.00000000,0.00000000,0.00000000,0.00000000,0.00000000,0.00000000,0.00156518,0.00000000,0.00000000,0.00000000,0.00245647,0.00401576,0.00000000,0.00000000,0.00000000,0.00000000,0.00000000,0.00000000,0.00000000,0.00000000,0.00000000,0.00000000,0.00000000,0.00000000,0.00000000,0.00000000,0.00000000,0.00000000,0.00000000,0.00000000,0.00247378,0.00000000,0.00000000,0.00000000,0.00000000,0.02214418,0.00000000,0.00000000,0.00000000,0.00000000,0.00000000,0.00150039,0.00000000,0.00000000,0.00000000,0.00000000,0.00000000,0.00000000,0.00000000,0.00000000,0.00000000,0.00000000,0.00000000,1.01587657,0.00000000,0.00000000,0.00552238,0.26429814,0.00000000,0.00000000,0.00000000,0.00000000,0.00000000,0.00000000,0.00000000,0.49540982,0.00000000,0.00000000,0.00000000,0.00702391,0.00000000,0.00208030,0.00000000,0.00000000,0.00000000,0.00000000,0.00000000,0.00000000,0.00000000,0.00000000,0.00000000,0.00000000,0.00000000,0.00000000,0.00000000,0.00000000,0.00000000,0.00000000,0.00123196,0.00000000,0.00000000,0.00000000,0.00000000,0.00000000,0.00000000,0.00621988,0.00000000,0.00000000,0.00000000,0.00000000,0.00000000,0.01185894,0.00000000,0.00000000,0.00000000,0.00000000,0.00000000,0.02219849,0.00000000,0.00000000,0.00000000,0.00000000,0.00000000,0.00000000,0.00000000,0.00000000,0.00000000,0.00000000,0.00000000,0.00000000,0.00413992,0.00000000,0.03808834,0.00000000,0.00000000,0.00000000,0.00000000,0.00000000,0.00193919,0.00000000,0.00000000,0.00000000,0.00000000,0.00433143,0.00000000,0.00000000,0.00000000,0.00000000,0.00000000,0.00000000,0.00000000,0.00000000,0.00000000,0.00000000,0.00000000,0.00000000,0.00000000,0.00000000,0.00000000,0.00000000,0.00000000,1.56058150,0.00000000,0.00000000,0.00893867,0.00000000,0.00000000,0.00000000,0.00000000,0.00000000,0.00000000,0.00000000,0.00000000,0.00000000,0.00000000,0.00810723,0.46238943,0.00000000,0.00000000,0.00000000,0.00000000,0.00000000,0.00000000,0.00000000,0.00000000,0.02183838,0.00000000,0.00000000,0.00000000,0.00776017,0.00000000,0.00000000,0.00000000,0.00000000,0.00968514,0.00000000,0.00000000,0.00000000,0.00000000,0.00000000,0.00000000,0.00000000,0.00000000,0.03093699,0.00000000,0.00000000,0.00000000,0.00000000,0.00000000,0.00000000,0.00000000,0.00000000,0.00000000,0.00000000,0.00000000,0.00000000,0.00000000,0.00000000,0.00000000,0.00000000,0.00000000,0.00000000,0.00000000,0.00000000,0.00000000,0.00000000,0.00572507,0.00000000,0.00000000,0.00000000,0.00000000,0.00000000,0.00000000,0.00000000,0.00000000,0.00000000,0.00000000,0.00000000,0.00000000,0.00000000,0.01140708,0.02263989,0.00000000,0.00472089,0.00000000,0.00000000,0.00000000,0.00000000,0.00071225,0.00000000,0.00262953,0.00000000,0.00000000,0.00000000,0.00000000,0.00000000,0.00000000,0.00000000,0.00000000,0.00000000,0.00000000,0.00000000,0.00000000,0.00000000,0.01747701,0.00000000,0.00000000,0.00464872,0.00000000,0.02137936,0.00000000,0.01533927,0.00000000,0.00000000,0.00000000,0.00000000,0.00000000,0.00000000,0.00176394,0.00000000,0.00000000,0.00000000,0.00000000,0.00000000,0.00517319,0.00000000,0.00000000,0.00000000,0.00000000,0.00000000,0.00000000,0.00000000,0.00000000,0.00000000,0.00000000,0.00000000,0.00000000,0.00000000,0.00000000,0.00395082,0.00000000,0.00000000,0.00000000,0.00000000,0.02451985,0.00000000,0.00000000,0.11493977,0.00000000,0.00000000,0.00000000,0.00000000,0.00000000,0.00000000,0.00000000,0.00000000,0.00000000,0.00877694,0.00000000,0.01763854,0.00000000,0.00000000,0.00000000,0.00000000,0.00000000,0.00000000,0.00000000,0.00000000,0.00000000,0.00000000,0.00000000,0.00537880,0.01413887,0.00000000,0.00000000,0.00000000,0.00302245,0.00000000,0.00000000,0.00000000,0.00000000,0.00164583,0.00000000,0.00000000,0.00000000,0.00000000,0.00000000,0.00000000,0.00000000,0.00000000,0.00000000,0.00000000,0.00000000,0.00000000,0.00635348,0.00000000,0.00000000,0.00000000,0.13179843,0.00000000,0.00000000,0.00000000,0.00000000,0.00000000,0.00000000,0.00000000,0.00000000,0.00000000,0.00000000,0.00648311,0.00000000,0.00000000,0.00000000,0.00000000,0.00000000,0.00000000,0.00000000,0.00000000,0.00439952,0.00000000,0.00000000,0.00000000,0.00000000,0.00000000,0.03219431,0.00000000,0.00000000,0.00000000,0.00000000,0.00000000,0.00000000,0.00000000,0.00000000,0.00000000,0.00000000,0.00000000,0.00000000,0.00000000,0.00000000,0.00000000,0.00000000,0.00000000,0.00000000,0.00000000,0.00000000,0.00000000,0.00000000,0.00000000,0.00000000,0.00000000,0.00000000,0.00000000,0.00000000,0.00000000,0.00000000,0.00000000,0.00000000,0.00000000,0.00000000,0.00000000,0.00000000,0.00000000,0.00000000,0.02730886,0.00000000,0.00000000,0.00000000,0.00245993,0.01169906,0.00000000,0.00000000,0.00352350,0.00000000,0.00908657,0.00000000,0.00000000,0.22880226,0.00000000,0.00000000,0.00000000,0.00230042,0.00000000,0.00000000,0.00000000,0.00000000,0.00000000,0.00000000,0.00000000,0.00000000,0.00494239,0.00091318,0.00000000,0.00000000,0.00000000,0.00000000,0.00000000,0.00000000,0.00000000,0.00000000,0.01887189,0.00000000,0.00000000,0.00000000,0.00000000,0.00000000,0.00000000,0.00000000,0.83963212,0.00000000,0.00000000,0.00000000,0.00456931,0.00000000,0.00000000,0.00000000,0.00861530,0.02169141,0.00000000,0.00000000,0.00000000,0.00000000,0.00000000,2.87300334,0.00288266,0.00000000,0.00000000,0.00000000,0.00000000,0.00000000,0.08807448,0.00000000,0.00000000,0.00000000,0.00000000,0.00000000,0.00000000,0.00000000,0.00000000,0.00000000,0.00000000,0.00000000,0.00000000,0.01972543
0.00000000,0.00000000,0.00000000,0.00000000,0.00000000,0.00000000,0.00000000,0.00000000,0.00000000,0.00000000,0.00000000,0.00000000,0.00000000,0.00000000,0.00000000,0.12049100,0.00000000,0.00000000,0.00202460,0.00000000,0.00000000,0.00000000,0.00000000,0.00000000,0.00000000,0.00000000,0.00000000,0.00000000,0.00000000,0.00000000,0.00000000,0.00297036,0.00000000,0.00000000,0.00000000,0.00000000,0.00000000,0.00000000,0.00000000,0.00000000,0.00000000,0.00000000,0.00000000,0.00000000,0.00224247,0.00000000,0.00000000,0.00000000,0.00000000,0.00000000,0.00000000,0.00000000,0.00000000,0.00000000,0.00000000,0.00000000,0.00000000,0.00000000,0.00000000,0.00000000,0.00000000,0.00000000,0.00000000,0.00000000,0.00000000,0.00000000,0.00000000,0.00000000,0.00000000,0.00000000,0.00000000,0.00000000,0.39763558,0.00000000,0.00000000,0.00000000,0.00000000,0.01957595,0.00000000,0.00000000,0.00000000,0.00000000,0.00361098,0.00000000,0.00000000,0.00000000,0.00381660,0.00000000,0.00000000,0.00000000,0.00000000,0.00000000,0.00000000,0.00000000,0.00000000,0.00000000,0.00000000,0.00000000,0.00000000,0.22035872,0.00000000,0.00000000,0.06795456,0.06657504,0.00000000,0.00000000,0.00000000,0.01780776,0.00000000,0.00000000,0.00000000,0.00000000,0.00000000,0.00000000,0.00000000,0.00000000,0.04434571,0.00000000,0.00000000,0.00134099,0.00000000,0.04190645,0.00180408,0.00000000,0.00000000,0.00000000,0.00000000,0.43440117,0.06343293,0.00000000,0.00000000,0.00000000,0.00000000,0.00000000,0.00000000,0.00000000,0.00000000,0.09307083,0.00000000,0.00000000,0.00000000,0.00000000,0.00000000,0.00000000,0.00000000,0.00486835,0.00000000,0.00472217,0.00000000,0.00000000,0.00000000,0.00000000,0.00000000,0.00000000,0.00000000,0.00000000,0.00000000,0.05786829,0.00000000,0.00000000,0.00000000,0.00000000,0.00000000,0.00000000,0.00000000,0.00000000,0.00000000,0.00000000,0.00000000,0.00000000,0.00255607,0.00000000,0.00000000,0.00000000,0.00000000,0.00000000,0.00672649,0.00000000,0.00000000,0.00000000,0.00000000,0.00000000,0.00000000,0.00000000,0.00000000,0.00000000,0.09893240,0.00000000,0.00000000,0.00000000,0.00000000,0.00000000,0.00000000,0.00000000,0.00000000,0.00000000,0.00000000,0.02076777,0.01346617,0.00000000,0.00000000,0.00000000,0.01018325,0.00000000,0.00000000,0.00000000,0.00000000,0.96627637,0.00000000,0.00000000,0.00133537,0.00000000,0.00000000,0.00000000,0.00000000,0.00000000,0.00000000,0.00000000,0.00000000,0.02230055,0.00000000,0.00000000,0.00000000,0.00000000,0.00000000,0.00000000,0.00000000,0.00000000,0.00000000,0.00000000,0.00520134,0.02752380,0.00000000,0.00000000,0.00000000,0.00000000,0.00614619,0.00000000,0.00000000,0.00000000,0.00000000,0.00000000,0.00000000,0.00000000,0.15649156,0.00000000,0.00056292,0.00000000,0.00000000,0.00000000,0.00000000,0.00000000,0.00000000,0.00000000,0.00000000,0.00000000,0.00000000,0.00000000,0.00000000,0.00617242,0.00000000,0.00000000,0.00000000,0.00000000,0.00000000,0.00000000,0.00000000,0.01399751,0.00000000,0.00000000,0.00000000,0.00000000,0.00000000,0.00000000,0.00000000,0.00000000,0.00000000,0.00646963,0.00000000,0.00000000,0.00000000,0.02418763,0.00000000,0.01248615,0.00000000,0.00000000,0.00000000,0.00000000,0.00000000,0.00000000,0.00000000,0.00000000,0.00000000,0.00000000,0.00000000,0.00000000,0.00000000,0.72903089,0.00000000,0.00000000,0.00000000,0.00000000,0.00000000,0.00000000,0.00350454,0.00000000,0.00000000,0.00000000,0.00000000,0.00000000,0.00000000,0.00000000,0.00000000,0.00000000,0.00000000,0.00000000,0.00000000,0.00000000,0.00000000,0.00000000,0.00000000,0.00000000,0.00000000,0.00000000,0.00000000,0.00000000,0.00000000,0.00000000,0.00000000,0.00000000,0.00000000,0.00000000,0.00000000,0.00000000,0.00000000,0.17032114,0.06145887,0.00000000,0.00000000,0.59295742,0.00000000,0.00000000,0.00000000,0.00000000,0.00000000,0.00000000,0.00000000,0.00000000,0.00766187,0.03086427,0.00000000,0.00000000,0.00000000,0.00538714,0.00000000,0.00000000,0.00000000,0.00000000,0.00000000,0.00000000,0.00000000,0.00000000,0.00000000,0.00000000,0.00000000,0.00000000,0.00000000,0.00000000,0.00000000,0.01231727,0.00000000,0.00000000,0.00000000,0.00000000,0.00000000,0.25119327,0.00000000,0.00000000,0.00000000,0.00000000,0.00000000,0.00000000,0.00000000,0.00000000,0.00000000,0.00000000,0.00000000,0.00000000,0.00000000,0.00000000,0.00000000,0.00000000,0.00000000,0.00000000,0.00000000,0.00000000,0.00000000,0.00000000,0.00000000,0.07090105,0.01321136,0.00000000,0.25091320,0.00000000,0.00000000,0.00000000,0.00000000,0.00000000,0.00000000,0.00429907,0.00000000,0.00000000,0.00000000,0.00000000,0.02337226,0.00000000,0.00000000,0.00000000,0.00000000,0.00000000,0.00000000,0.00000000,0.00000000,0.00000000,0.00000000,0.02004141,0.00351360,0.16347083,0.00000000,0.00000000,0.02513557,0.00000000,0.00000000,0.00000000,0.00000000,0.00000000,0.00000000,0.00000000,0.00000000,0.00000000,0.00000000,0.00347659,0.00000000,0.00000000,0.00000000,0.00000000,0.00000000,0.00099224,0.01155404,0.00000000,0.00000000,0.00000000,0.00000000,0.00000000,0.00000000,0.00000000,0.00000000,0.00000000,0.00000000,0.00000000,0.00000000,0.00000000,0.00000000,0.00000000,0.03530397,0.00000000,0.00000000,0.00000000,0.00894000,0.00239077,0.00000000,0.01008526,0.00000000,0.00000000,0.00000000,0.00000000,0.00000000,0.01831343,0.13821934,0.02662261,0.00414507,0.00000000,0.00000000,0.00000000,0.00000000,0.00000000,0.00000000,0.00000000,0.00000000,0.00000000,0.00000000,0.00000000,0.00000000,0.00000000,0.00000000,0.00000000,0.00000000,0.00000000,0.00000000,0.00000000,0.00000000,0.00000000,0.00367271,0.00000000,0.00000000,0.00899524,0.00000000,0.00000000,0.00000000,0.00000000,0.00000000,0.03183199,0.00000000,0.00000000,0.00000000,0.00000000,0.00000000,0.00000000,0.00000000,0.00000000,0.00000000,0.00000000,0.00000000,0.00000000,0.00000000,0.00000000,0.00000000,0.00000000,0.00920970,0.00000000,0.00000000,0.00000000,0.01794351,0.07692750,0.00000000,0.00000000,0.00000000,0.00000000,0.00000000,0.01083006,0.00000000,0.01393441,0.00000000,0.00000000,0.00000000,0.00000000,0.00000000,0.00000000,0.00267956,0.00000000,0.00000000,0.00000000,0.00000000,0.00000000,0.00000000,0.00000000,0.00000000,0.00000000,0.00000000,0.00000000,0.00000000,0.00831017,0.00000000,0.00000000,0.00000000,0.00000000,0.00000000,0.05385418,0.00000000,0.00000000,0.00000000,0.00000000,0.00000000,0.00000000,0.00000000,0.00117335,0.00000000,0.00000000,0.00000000,0.00000000,0.00000000,0.00000000,0.00000000,0.00000000,0.00000000,0.00000000,0.00000000,0.00000000,0.00000000,0.00817097,2.13288662,0.02218095,0.01729487,0.00000000,0.00000000,0.00104119,0.00000000,0.00000000,0.01181519,0.00000000,0.00000000,0.00000000,0.00000000,0.00000000,0.00000000,0.00000000,0.00000000,0.00000000,0.00228816,0.00000000,0.00000000,0.00000000,0.00000000,0.00000000,0.00000000,0.00000000,0.00000000,0.00000000,0.00000000,0.00000000,0.00947797,0.00000000,0.00000000,0.00000000,0.00000000,0.00000000,0.00000000,0.00000000,0.00000000,0.12208693,0.00000000,0.00000000,0.00000000,0.00142860,0.00000000,0.00000000,0.00000000,0.00000000,0.00000000,0.00000000,0.00000000,0.00000000,0.00000000,0.00000000,0.00000000,0.00000000,0.00000000,0.00000000,0.00000000,0.00000000,0.00000000,0.00000000,0.00000000,0.00000000,0.00000000,0.00000000,0.00000000,0.00301192,0.00000000,0.00000000,0.00000000,0.00000000,0.00000000,0.00000000,0.00000000,0.00000000,0.00000000,0.00000000,0.00000000,0.00000000,0.00160154,0.00000000,0.00000000,0.00000000,0.00000000,0.00000000,0.00000000,0.00000000,0.03340883,0.00000000,0.00000000,0.00000000,0.05430179,0.00000000,0.00000000,0.00000000,0.00000000,0.00000000,0.00000000,0.00000000,0.00000000,0.00000000,0.00000000,0.00000000,0.00000000,0.00000000,0.00000000,0.00981805,0.00000000,0.00000000,0.00000000,0.00000000,0.00000000,0.00000000,0.00000000,0.52343071,0.00000000,0.00000000,0.00000000,0.00799774,0.00000000,0.00000000,0.00000000,0.00000000,0.00000000,0.00000000,0.00000000,0.00000000,0.00000000,0.00000000,0.00000000,0.00000000,0.00000000,0.00000000,0.00000000,0.00000000,0.00385624,0.00000000,2.16029873,0.00748533,0.00000000,0.00000000,0.00000000,0.00000000,0.00000000,0.00000000,0.00858470,0.00189368,0.00000000,0.00000000,0.00000000,0.00766257,0.00000000,0.00000000,0.00000000,0.00000000,0.00284064,0.00000000,0.00000000,0.00000000,0.00000000,0.00000000,0.00000000,0.00000000,0.00000000,0.00000000,0.00000000,0.00000000,0.00000000,0.00000000,0.00000000,0.00000000,0.00000000,0.03808927,0.00000000,0.00000000,0.00000000,0.00000000,0.00000000,0.00000000,0.00000000,0.00000000,0.01720426,0.00000000,0.00000000,0.01340235,0.00000000,0.00000000,0.01939933,0.00000000,0.00000000,0.00000000,0.00000000,0.00000000,0.00000000,0.00000000,0.00000000,0.00284344,0.00000000,0.00000000,0.00000000,0.00000000,0.00000000,0.09531738,0.00000000,0.00000000,0.00000000,0.00159127,0.00000000,0.00000000
0.00000000,0.00000000,0.00103005,0.01707543,0.00000000,0.00000000,0.00000000,0.00000000,0.00000000,0.00000000,0.00000000,0.00000000,0.00000000,0.00000000,0.00245772,0.00000000,0.00334219,0.00000000,0.00807541,0.00000000,0.00000000,0.00000000,0.00000000,0.00000000,0.00000000,0.00000000,0.00000000,0.00000000,0.02004576,0.00000000,0.00000000,0.00313585,0.00000000,0.00000000,0.00000000,0.00000000,0.00000000,0.00000000,0.00000000,0.00000000,0.00301171,0.00000000,0.00000000,0.00000000,0.00000000,0.00000000,0.00000000,0.00196974,0.00677180,0.00000000,0.00000000,0.00000000,0.00379258,1.03730686,0.00000000,0.00000000,0.00000000,0.00000000,0.00000000,0.00000000,0.00000000,0.00000000,0.00000000,0.00000000,0.00000000,0.00000000,0.00000000,0.00000000,0.00000000,0.00000000,0.00000000,0.00000000,0.00000000,0.00000000,0.00000000,0.00000000,0.00000000,0.00000000,0.00000000,0.00000000,0.00000000,0.00000000,0.00000000,0.00000000,0.00245102,0.00000000,0.00000000,0.00000000,0.00000000,0.00000000,0.00000000,0.00000000,0.00000000,0.00000000,0.00000000,0.00348817,0.00000000,0.00000000,0.00000000,0.00685463,0.00000000,0.00000000,0.01228173,0.00000000,0.00000000,0.00000000,0.00000000,0.00000000,0.00000000,0.00000000,0.00000000,0.00000000,0.04200720,0.00000000,0.00000000,0.00000000,0.00000000,0.00000000,0.00000000,0.00000000,0.00000000,0.00000000,0.00000000,0.00000000,0.00000000,0.00000000,0.00000000,0.00941265,0.00807479,0.16633995,0.00000000,0.00000000,0.00000000,0.00000000,0.00000000,0.00000000,0.00000000,0.00000000,0.00000000,0.00000000,0.00000000,0.00819937,0.00191245,0.00000000,0.00000000,0.00000000,0.00000000,0.00000000,0.00000000,0.00000000,0.00204006,0.00000000,0.00000000,0.00000000,0.00000000,0.00000000,0.00000000,0.00000000,0.00000000,0.00000000,0.00000000,0.00000000,0.00000000,0.00000000,0.00000000,0.00000000,0.00131674,0.00000000,0.00000000,0.00491903,0.00226472,0.00427001,0.00704019,0.00000000,0.00000000,0.00000000,0.00000000,3.48476307,0.00000000,0.00000000,0.03700201,0.00000000,0.03344075,0.00000000,0.00000000,0.00000000,0.00000000,0.00000000,0.00000000,0.00000000,0.00000000,0.00298243,0.00000000,0.00000000,0.00000000,0.00000000,0.00000000,0.01548160,0.00000000,0.00000000,0.00000000,0.00000000,0.00000000,0.00000000,0.00139749,0.00000000,0.00000000,0.00000000,0.00000000,0.00000000,0.00000000,0.00000000,0.00000000,0.00000000,0.00000000,0.00000000,0.00000000,0.00000000,0.00000000,0.00000000,0.00000000,0.00000000,0.06121305,0.00000000,0.00000000,0.00000000,0.00000000,1.40447646,0.00000000,0.00000000,0.00000000,0.00000000,0.00000000,0.00000000,0.00000000,0.00000000,0.00000000,0.00000000,0.00000000,0.00000000,0.00000000,0.00374196,0.00000000,0.00000000,0.00000000,0.00000000,0.00000000,0.00000000,0.00000000,0.00000000,0.00000000,0.00000000,0.00000000,0.00000000,0.00000000,0.00000000,0.00000000,0.00000000,0.00613252,0.00000000,0.00000000,0.00000000,0.00000000,0.00000000,0.00000000,0.00180736,0.00000000,0.00000000,0.00000000,0.00000000,0.06410959,0.00000000,0.00000000,0.00000000,0.00000000,0.00000000,0.00000000,0.00000000,0.00000000,0.00000000,0.00000000,0.00000000,0.00000000,0.00000000,0.00000000,0.00331496,0.00000000,0.00000000,0.00000000,0.00000000,0.00000000,0.00000000,0.00000000,0.00000000,0.00000000,0.00000000,0.00000000,0.00000000,0.01317042,0.00000000,0.00000000,0.00000000,0.00000000,0.00000000,0.00000000,0.00000000,0.00000000,0.01963807,0.00000000,0.00461148,0.00000000,0.01180374,0.00000000,0.00000000,0.00618373,0.00000000,0.00000000,0.00000000,0.00000000,0.00000000,0.00000000,0.00000000,0.00000000,0.00000000,0.00000000,0.00000000,0.00000000,0.00000000,0.00000000,0.00000000,0.00000000,0.00000000,0.00000000,0.00000000,0.00000000,0.00000000,0.00000000,0.00000000,0.00000000,0.00000000,0.00000000,0.00000000,0.00000000,0.00000000,0.00000000,0.00000000,0.00000000,0.00000000,0.00000000,0.00000000,0.00000000,0.00000000,0.00000000,0.00000000,0.00000000,0.00000000,0.12559431,0.00000000,0.00000000,0.00000000,0.00000000,0.00000000,0.00000000,0.03634682,0.00000000,0.00000000,0.00000000,0.00000000,0.02825987,0.00000000,0.00000000,0.00000000,0.00942185,0.00000000,0.00686782,0.00000000,0.00000000,0.00000000,0.00000000,0.00000000,0.00000000,0.00000000,0.00118374,0.00000000,0.00000000,0.00000000,0.00000000,0.00000000,0.05005748,0.00000000,0.00000000,0.00000000,0.00000000,0.00000000,0.00000000,0.00000000,0.00080443,4.90851570,0.00000000,0.00000000,0.00557630,0.00664106,0.00000000,0.00000000,0.00217735,0.00000000,0.00000000,0.00000000,0.00000000,0.00000000,0.00000000,0.00000000,0.00000000,0.00000000,0.00000000,0.00000000,0.00000000,0.00000000,0.00000000,0.00000000,0.00000000,0.00000000,0.00000000,0.00000000,0.00000000,0.01601196,0.00000000,0.00000000,0.00000000,0.00000000,0.00000000,0.00000000,0.00000000,0.00000000,0.02932325,0.00000000,0.00000000,0.00000000,0.00000000,0.00000000,0.15558161,0.00000000,0.00000000,0.00000000,0.00000000,0.00251626,0.03101273,0.00663972,0.00908768,0.00000000,0.02975288,0.00000000,0.00000000,0.00000000,0.00000000,0.00000000,0.01149757,0.00440483,0.00000000,0.00000000,0.00000000,0.00000000,0.00000000,0.00000000,0.00000000,0.00771463,0.00000000,0.00000000,0.01145237,0.00000000,0.00000000,0.00000000,0.00000000,0.00000000,0.00000000,0.00000000,0.00901229,0.00000000,0.00000000,0.00000000,0.00047735,0.00000000,0.00000000,0.00000000,0.00000000,0.00000000,0.00184370,0.00000000,0.00000000,0.00000000,0.00000000,0.00000000,0.00000000,0.00000000,0.00000000,0.00000000,0.00000000,0.00000000,0.00000000,0.00000000,0.00000000,0.00000000,0.00000000,0.00000000,0.00000000,0.00000000,0.00000000,0.00000000,0.00000000,0.00000000,0.00000000,0.00000000,0.00714288,0.00232124,0.00000000,0.00000000,0.00000000,0.00000000,0.00000000,0.00000000,0.02689891,0.00000000,0.00000000,0.00000000,0.00000000,0.00000000,0.00000000,0.00000000,0.00000000,0.00000000,0.00924450,0.00000000,0.00000000,0.00000000,0.00000000,0.00000000,0.00000000,0.00000000,0.00000000,0.00000000,0.00000000,0.00000000,0.00000000,0.00000000,0.00000000,0.00000000,0.00000000,0.00000000,0.00748733,0.00000000,0.00000000,0.00000000,0.00000000,0.00000000,0.00000000,0.00000000,0.00000000,0.00466217,0.00000000,0.00000000,0.00000000,0.00000000,0.12552841,0.00000000,0.00000000,0.00465698,0.00000000,0.00000000,0.00000000,0.00000000,0.00000000,0.00000000,0.00000000,0.05057465,0.00000000,0.00000000,0.00000000,0.00000000,0.00000000,0.00000000,0.00000000,0.00000000,0.00000000,0.00000000,0.00000000,0.00000000,0.00000000,0.00000000,0.00000000,0.00000000,0.00000000,0.00000000,0.00000000,0.00000000,0.00000000,0.00000000,0.00000000,0.00145698,0.00499861,0.00000000,0.00000000,0.00000000,0.00000000,0.65680964,0.00000000,0.00000000,0.00000000,0.00000000,0.00000000,0.00000000,0.00000000,0.00000000,0.00000000,0.00000000,0.00000000,0.00000000,0.00000000,0.00000000,0.00000000,0.00000000,0.00000000,0.00000000,0.00000000,0.00000000,0.00000000,0.00000000,0.00000000,0.00000000,0.00000000,0.12884827,0.00000000,0.00000000,0.00159932,0.00000000,0.00000000,0.00000000,0.00000000,0.00123316,0.00000000,0.00000000,0.00000000,0.00000000,0.00000000,0.00000000,0.00000000,0.00000000,0.00000000,0.00000000,0.00000000,0.08997858,0.00000000,0.00000000,0.00000000,0.00000000,0.00000000,0.00000000,0.00000000,0.00000000,0.00000000,0.01652166,0.00000000,0.00000000,0.00000000,0.00000000,0.00000000,0.00000000,0.00000000,0.00000000,0.00000000,0.00801795,0.02615652,0.00000000,0.00000000,0.00000000,0.00000000,0.00000000,0.48546101,0.00000000,0.00000000,0.02677400,0.00353940,0.00000000,0.00000000,0.00724426,0.00000000,0.00000000,0.00000000,0.01165994,0.02815563,0.00000000,0.00000000,0.00000000,0.00000000,0.00000000,0.00000000,0.00000000,0.00000000,0.00000000,0.00000000,0.00000000,0.00000000,0.00000000,0.00000000,0.00000000,0.01804931,0.00000000,0.00000000,0.00000000,0.00000000,0.00000000,0.00000000,0.00000000,0.00844130,0.00000000,0.00328509,0.00000000,0.00000000,0.00000000,0.00065183,0.00000000,0.00000000,0.00000000,0.00000000,0.00767798,0.00000000,0.00000000,0.00000000,0.00000000,0.00000000,0.00000000,0.00000000,0.00000000,0.01270509,0.00000000,0.03325781,0.00000000,0.00000000,0.00000000,0.00000000,0.01401264,0.00000000,0.00000000,0.00000000,0.00000000,0.00000000,0.00000000,0.00000000,0.00000000,0.00000000,0.00000000,0.00000000,0.00000000,0.00000000,0.00000000,0.00000000,0.00000000,0.00000000,0.00000000,0.00000000,0.00000000,0.00000000,0.00000000,0.00000000,0.00000000,0.00000000,0.00000000,0.00000000,0.00000000,0.00000000,0.02342138,0.00000000,0.00000000,0.01511189,0.00000000,0.00000000,0.00000000,0.00000000,0.00000000,0.00000000,0.00305818,0.01814251,0.00000000,0.00000000,0.00000000,0.00000000,0.00000000,0.00000000,0.00000000,0.00218472,0.00000000,0.00402957,0.00000000,0.00382453,0.00000000,0.00000000,0.01209219,0.00000000,0.00000000,0.00000000,0.00000000
0.00000000,0.17857226,0.00000000,0.00000000,0.00000000,0.00000000,0.00000000,0.00000000,0.00000000,0.00000000,0.00000000,0.00000000,0.00000000,0.00148657,0.00000000,0.00000000,0.00000000,0.00000000,0.00000000,0.00000000,0.00000000,0.00000000,0.00000000,0.00000000,0.00000000,0.00000000,0.00000000,0.00000000,0.00000000,0.00000000,0.00000000,0.00000000,0.00000000,0.00000000,0.00000000,0.00000000,0.00000000,0.00000000,0.00000000,0.00000000,0.00000000,0.00000000,0.00000000,0.01744753,0.00000000,0.00000000,0.00000000,0.00246767,0.00000000,0.00918693,0.00000000,0.00000000,0.00000000,0.00000000,0.00000000,0.00000000,0.00000000,0.34276599,0.00000000,0.00000000,0.00000000,0.00000000,0.00000000,0.00000000,0.00000000,0.00000000,0.00000000,0.00000000,0.00000000,0.00000000,0.00000000,0.00000000,0.00000000,0.01146713,0.00000000,0.00000000,0.00000000,0.00000000,0.00000000,0.00000000,0.01060625,0.00334925,0.00000000,0.00000000,0.00000000,0.00000000,0.00000000,0.00000000,0.01576622,0.00000000,0.00000000,0.00000000,0.00000000,0.01786497,0.00000000,0.00000000,0.00000000,0.00000000,0.00000000,0.00000000,0.00000000,0.00000000,0.00000000,0.00000000,0.00000000,0.00000000,0.00000000,0.00000000,0.00000000,0.00639162,0.00000000,0.00000000,0.00000000,0.00000000,0.00228414,0.00000000,0.00000000,0.00000000,0.00407962,0.00000000,0.00000000,0.00000000,0.00000000,0.00000000,0.00000000,0.00000000,0.00000000,0.00118298,0.00000000,0.00000000,0.00000000,0.00000000,0.00000000,0.00000000,0.00000000,0.00000000,0.00000000,0.00000000,0.00410506,0.00200039,0.02685220,0.00000000,0.00000000,0.00000000,0.00000000,0.00000000,0.00000000,0.00000000,0.00000000,0.00000000,0.00000000,0.00565479,0.00000000,0.00000000,0.00000000,0.00000000,0.00000000,0.00000000,0.00000000,0.00000000,0.00000000,0.00000000,0.00000000,0.00000000,0.00626981,0.00000000,0.00000000,0.00000000,0.00000000,0.01890121,0.00000000,0.00000000,0.00000000,0.00347372,0.00000000,0.00000000,0.00000000,0.00000000,0.00000000,0.00000000,0.00000000,0.00000000,0.00000000,0.00000000,0.00000000,0.00000000,0.00000000,0.00000000,0.00000000,0.00000000,0.00000000,0.00000000,0.00400430,0.00000000,0.00000000,0.00959404,0.00000000,0.00343406,0.00000000,0.00000000,0.00000000,0.00000000,0.01325294,0.05665068,0.00000000,0.00000000,0.00000000,0.00000000,0.00000000,0.00000000,0.00106667,0.00068552,0.00000000,0.00000000,0.00000000,0.00000000,0.00000000,0.00000000,0.00000000,0.00000000,0.00000000,0.00000000,0.00000000,0.00000000,0.00000000,0.00000000,0.00000000,0.00000000,0.00000000,0.00000000,0.00000000,0.88122855,0.00000000,0.00000000,0.00000000,0.00525170,0.00000000,0.00000000,0.00000000,0.00000000,0.00000000,0.00000000,0.00000000,0.00000000,0.00000000,0.00000000,0.00000000,0.00000000,0.00093602,0.00000000,0.00000000,0.00000000,0.00000000,0.00000000,0.00000000,0.00000000,0.00000000,0.00000000,0.00000000,0.00118817,0.00598141,0.00000000,0.00000000,0.00000000,0.00000000,0.00000000,0.00000000,0.00000000,0.04878494,0.00000000,0.00000000,0.00000000,0.00000000,0.00000000,0.00000000,0.00000000,0.01194663,0.00000000,0.00000000,0.00000000,0.00000000,0.00000000,0.00000000,0.00000000,0.00000000,0.00000000,0.00000000,0.00000000,0.00754117,0.00000000,0.00353460,0.00000000,0.00000000,0.00000000,0.00000000,0.00000000,0.00000000,0.00000000,0.00000000,0.00000000,0.00000000,0.00000000,0.00000000,0.00000000,0.00000000,0.00000000,0.00086874,0.00000000,0.00000000,0.00000000,0.00000000,0.00000000,0.00000000,0.00000000,0.07990949,0.00000000,1.25371925,0.00000000,0.00000000,0.00000000,0.00000000,0.03152711,0.00000000,0.02325526,0.00000000,0.00000000,0.00000000,0.01187913,0.00000000,0.00000000,0.00000000,0.00000000,0.00000000,0.00000000,0.00000000,0.00000000,0.00000000,0.00000000,0.00000000,0.00673392,0.00574692,1.43906044,0.00000000,0.00000000,0.00000000,0.00000000,0.00000000,0.00000000,0.00000000,0.00000000,0.00000000,0.00000000,0.00000000,0.00000000,0.00000000,0.00000000,0.00000000,0.00000000,0.00000000,0.01357184,0.00000000,0.00000000,0.00000000,0.00000000,0.00000000,0.00000000,0.00000000,0.00000000,0.00000000,0.00000000,0.00000000,0.00111547,0.00000000,0.00000000,0.00842362,0.00262632,0.12659674,0.00000000,0.00000000,0.00000000,0.00000000,0.00000000,0.00000000,0.00000000,0.00000000,0.00000000,0.03737617,0.00000000,0.00000000,0.01334032,0.00000000,0.00000000,0.00000000,0.00000000,0.00000000,0.00000000,0.00000000,0.00000000,0.00000000,0.00000000,0.20022912,0.00000000,0.00000000,0.00000000,0.00000000,0.00000000,0.00000000,0.00000000,0.00000000,0.00000000,0.00000000,0.00000000,0.00000000,0.00000000,0.00000000,0.00000000,0.38059916,0.08583188,0.00000000,0.00000000,0.00000000,0.00000000,0.00000000,0.00000000,0.00000000,0.00000000,0.00000000,0.00000000,0.00000000,0.00000000,0.00000000,0.00000000,0.00000000,0.00000000,0.00000000,0.00000000,0.00000000,0.01057314,0.00000000,0.00000000,0.00000000,0.00000000,0.00000000,0.00000000,0.00000000,0.00000000,0.00000000,0.00000000,0.00000000,0.00000000,0.00000000,0.00000000,0.00000000,0.00000000,0.00000000,0.00000000,0.00000000,0.02651417,0.00296634,0.00000000,0.00000000,0.00000000,0.00000000,0.00000000,0.00000000,0.00000000,0.07644565,0.00000000,0.05078545,0.00000000,0.00000000,0.00000000,0.00000000,0.00000000,0.00000000,0.00000000,0.00000000,0.00000000,0.00000000,0.00000000,0.00000000,0.00000000,0.00000000,0.00000000,0.00722928,0.00000000,0.00000000,0.00000000,0.00000000,0.00000000,0.00000000,0.00000000,0.00000000,0.00000000,0.00571513,0.00000000,0.88948380,0.00000000,0.00000000,0.00000000,0.00000000,0.00000000,0.00283813,0.00000000,0.00000000,0.00000000,0.00000000,0.00000000,0.00000000,0.05414215,0.00000000,0.00864893,0.00000000,0.00000000,0.00000000,0.00000000,0.00000000,0.00000000,0.00000000,0.00000000,0.00000000,0.00304336,0.00000000,0.00000000,0.00000000,0.00206641,0.00000000,0.00000000,0.00000000,0.00000000,0.00000000,0.00000000,0.00000000,0.00000000,0.00000000,0.00000000,0.00000000,0.00000000,0.00000000,0.00000000,0.00000000,0.00000000,0.00000000,0.00000000,0.00000000,0.00824173,0.00000000,0.00725877,0.00000000,0.00000000,0.00000000,0.01649757,0.00000000,0.00000000,0.00239349,0.00000000,0.00000000,0.06988864,0.00000000,0.00000000,0.00000000,0.00000000,0.00000000,0.03547881,0.00000000,0.00000000,0.00000000,0.00000000,0.00000000,0.00000000,0.00000000,0.00000000,0.00000000,0.00000000,0.00000000,0.00000000,0.00000000,0.00000000,0.00000000,0.00000000,0.00000000,0.00000000,0.00000000,0.00000000,0.00000000,0.00000000,0.00000000,0.00000000,0.00000000,0.00000000,0.00000000,0.00703024,0.00000000,0.00000000,0.00000000,0.00000000,0.00000000,0.00000000,0.00000000,0.00000000,0.00000000,0.00000000,0.05781521,0.00000000,0.00000000,0.00000000,0.00000000,0.00000000,0.00000000,0.00000000,0.00000000,0.00000000,0.00000000,0.00000000,0.00000000,0.00000000,0.00000000,1.26681601,0.00000000,0.09535027,0.00000000,0.00464214,0.00227821,0.00000000,0.20440799,0.00000000,0.00000000,0.00000000,0.00000000,0.00000000,0.00000000,0.00000000,0.02584203,0.00367477,0.00000000,0.00000000,0.03858184,0.02625613,0.00000000,0.00000000,0.00000000,0.00000000,0.02472561,0.00000000,0.00000000,0.00000000,0.00000000,0.00000000,0.01021457,0.00000000,0.00000000,0.00000000,0.00000000,0.00000000,0.00000000,0.00000000,0.00000000,0.01233022,1.22867469,0.02878791,0.00000000,0.00000000,0.00000000,0.00000000,0.08401288,0.00000000,0.00000000,0.00000000,0.00000000,0.00000000,0.00000000,0.00000000,0.00000000,0.00000000,0.00000000,0.00000000,0.00000000,0.00000000,0.00000000,0.00000000,0.00000000,0.00000000,0.00000000,0.00000000,0.00000000,0.00000000,0.00000000,0.13092436,0.00000000,0.00000000,0.00000000,0.00000000,0.00000000,0.00000000,0.00000000,0.00000000,0.00000000,0.00000000,0.00000000,0.00000000,0.00000000,0.00000000,0.00426013,0.00000000,0.00000000,0.00227121,0.00000000,0.00000000,0.00000000,0.00000000,0.00400482,0.01843531,0.00000000,0.00000000,0.00000000,0.00272219,0.00000000,0.14025344,0.00000000,0.00000000,0.00000000,0.01453123,0.00000000,0.00000000,0.00000000,0.00000000,0.00000000,0.00000000,0.00000000,0.00000000,0.00000000,0.00000000,0.00000000,0.00000000,0.00000000,0.00000000,0.00000000,0.00215220,0.00000000,0.00000000,0.00000000,0.00287041,0.00000000,0.00000000,0.00000000,0.00000000,0.00000000,0.00000000,0.00000000,0.00000000,0.00174014,0.00000000,0.00000000,0.00000000,0.01376818,0.00000000,0.00000000,0.02581216,0.00000000,0.00000000,0.00000000,0.00000000,0.00000000,0.00686513,0.00000000,0.00000000,0.00000000,0.00000000,0.00000000,0.00000000,0.00000000,0.00000000,0.00000000,0.00000000,0.02821239,0.03792069,0.01807962,0.00000000,0.00000000,0.00000000,0.00000000,0.00000000,0.00794283,0.00000000,0.00000000,0.00000000,0.00327915,0.00000000,0.00000000,0.00000000,0.00000000,0.00000000,0.00000000,0.00000000,0.00000000,0.00000000,0.01010812,0.00000000,0.00000000,1.86378249
0.00000000,0.00000000,0.00000000,0.00419423,0.00000000,0.00000000,0.00000000,0.00000000,0.00000000,0.00000000,0.00000000,0.00378133,0.00000000,0.00000000,0.00000000,0.00000000,0.00000000,0.00000000,0.00000000,0.00000000,0.00000000,0.00897658,0.00000000,0.00550609,0.00000000,0.00000000,0.00000000,0.00000000,0.00000000,0.00000000,0.00000000,0.00516962,0.51670436,0.00000000,0.00000000,0.00000000,0.03231453,0.00000000,0.00000000,0.00000000,0.00000000,0.00000000,0.00314064,0.00000000,0.00000000,0.00000000,0.00000000,0.00000000,0.00000000,0.00000000,0.00494376,0.00342189,0.00000000,0.04936234,0.00000000,0.00000000,0.00000000,0.00000000,0.00000000,0.00000000,0.00000000,0.00000000,0.00000000,0.00000000,0.00000000,0.00165021,0.00000000,0.00387460,0.00000000,0.00000000,0.16356608,0.00000000,0.00000000,0.00000000,0.00000000,0.00000000,0.00000000,0.00000000,0.00000000,0.00000000,0.06739255,0.00000000,0.00285812,0.00000000,0.00000000,0.00000000,0.00000000,0.00000000,0.00000000,0.00000000,0.00000000,0.00000000,0.00000000,0.00000000,0.00000000,0.00000000,0.00378917,0.00000000,0.00000000,0.00000000,0.00000000,0.00000000,0.00000000,0.00000000,0.00000000,0.00000000,0.00000000,0.00000000,0.04271248,0.00000000,0.00000000,0.00000000,0.00000000,0.00000000,0.00000000,0.00000000,0.01123495,0.00000000,0.00000000,0.00000000,0.00000000,0.00646127,0.00000000,0.00000000,0.00000000,0.00000000,0.00000000,0.00000000,0.00000000,0.02807192,0.00000000,0.00000000,0.00000000,0.00000000,0.00000000,0.00289671,0.00000000,0.00000000,0.00000000,0.00000000,0.00000000,0.00000000,0.00191075,0.00000000,0.00000000,0.00000000,0.00000000,0.00000000,0.00000000,0.00000000,0.00000000,0.00000000,0.00000000,0.00000000,0.00000000,0.00000000,0.01475971,0.00000000,0.00000000,0.00304154,0.00316626,0.00000000,0.00135271,0.00000000,0.00813278,0.04548261,0.00000000,0.00000000,0.00000000,0.00000000,0.00000000,0.13600954,0.00000000,0.00095261,0.47523883,0.00000000,0.00000000,0.00000000,0.00000000,0.00000000,0.00000000,0.00000000,0.00000000,0.00000000,0.00000000,0.00000000,0.00000000,0.00000000,0.00000000,0.00118605,0.00651887,0.00000000,0.00000000,0.00000000,0.02100468,0.00000000,0.00000000,0.00000000,0.00000000,0.00000000,0.00000000,0.00000000,0.00000000,0.11069807,0.00000000,0.00000000,0.00000000,0.00000000,0.00000000,0.00000000,0.00000000,0.00000000,0.00000000,0.00000000,0.00000000,0.00000000,0.00000000,0.00000000,0.00000000,0.00000000,0.00000000,0.00000000,0.00000000,0.00000000,0.00000000,0.00000000,0.00000000,0.00000000,0.00000000,0.00604088,0.00000000,0.00000000,0.00000000,0.00000000,0.00069433,0.00000000,0.00000000,0.00165684,0.00000000,0.00000000,0.00000000,0.00528305,0.00000000,0.00000000,0.00000000,0.00000000,0.00000000,0.00000000,0.00000000,0.00000000,0.00000000,0.00000000,0.00000000,0.00000000,0.00000000,0.00000000,0.00000000,0.00108540,0.00000000,0.00076324,0.00000000,0.00000000,0.00000000,0.00000000,0.00000000,0.00000000,0.00000000,0.00000000,0.00000000,0.00000000,0.00000000,0.00000000,0.00000000,0.00000000,0.00000000,0.00000000,0.00000000,0.00000000,0.00000000,0.00000000,0.00000000,0.00000000,0.00000000,0.00000000,0.00000000,0.00000000,0.02996525,0.00000000,0.00000000,0.00000000,0.00000000,0.00000000,0.00000000,0.00000000,0.00000000,0.00000000,0.00000000,0.00000000,0.00000000,0.00000000,0.00000000,0.00000000,0.00000000,0.00000000,0.00000000,0.00000000,0.00716367,0.00000000,0.00000000,0.00000000,0.00000000,0.00123064,0.00000000,0.00000000,0.00000000,0.00000000,0.00000000,0.00000000,0.04075078,0.00000000,0.00000000,0.00000000,0.00000000,0.00000000,0.00000000,0.00000000,0.00000000,0.00000000,0.00000000,0.00612541,0.00000000,0.00000000,0.00000000,0.00000000,0.00000000,0.00000000,0.00000000,0.00000000,0.00000000,0.00000000,0.00000000,0.00000000,0.00000000,0.00000000,0.00000000,0.00000000,0.00000000,0.00000000,1.06056834,0.00000000,1.38783838,0.02681767,0.00000000,0.00000000,0.00119659,0.00000000,0.00000000,0.00000000,0.00000000,0.41931009,0.07908830,0.00000000,0.00000000,0.00000000,0.00000000,0.00093354,0.00000000,0.03831588,0.00000000,0.00000000,0.00000000,0.00000000,0.00000000,0.00000000,0.00000000,0.00000000,0.00000000,0.00000000,0.00000000,0.00214971,0.06662247,0.00000000,0.00000000,0.00000000,0.00639900,0.00000000,0.00000000,0.00430287,0.00000000,0.00000000,0.00000000,0.00000000,0.00000000,0.00000000,0.00000000,0.00000000,0.00000000,0.00000000,0.00000000,0.00000000,0.00000000,0.00000000,0.00000000,0.00000000,0.00000000,0.00000000,0.04027630,0.00000000,0.00000000,0.00803291,0.00000000,0.00000000,0.00000000,0.00136522,0.00000000,0.00000000,0.05778129,0.00243734,0.00000000,0.00000000,0.00000000,0.00000000,0.00000000,0.00000000,0.00000000,0.00000000,0.00000000,0.00000000,0.00000000,0.00000000,0.00000000,0.00000000,0.00000000,0.00000000,0.00000000,0.00000000,0.00000000,0.00000000,0.00000000,0.00000000,0.00000000,0.00000000,0.00000000,0.00000000,0.00000000,0.00000000,0.00000000,0.00000000,0.00000000,0.00000000,0.00000000,0.00000000,0.00000000,0.00000000,0.00000000,0.00000000,0.00000000,0.00000000,0.00000000,0.00000000,0.00000000,0.00000000,0.04769479,0.02282707,0.00000000,0.00000000,0.00000000,0.00000000,0.00000000,0.01988695,0.00000000,0.00000000,0.00000000,0.00406826,0.00000000,0.00000000,0.00000000,0.00000000,0.00000000,0.00000000,0.00000000,0.00000000,0.02087888,0.00000000,0.00000000,0.00000000,0.00000000,0.00000000,0.00000000,0.00000000,0.00000000,0.00000000,0.00000000,0.00000000,0.00000000,0.00000000,0.00000000,0.00000000,0.00000000,0.00000000,0.00000000,0.00000000,0.00000000,0.00000000,0.00000000,0.00297605,0.00000000,0.00497772,0.00108538,0.00000000,0.00000000,0.00000000,0.00000000,0.00000000,0.00000000,0.00000000,0.00000000,0.01855296,0.00000000,0.00176596,0.00000000,0.00000000,0.00000000,0.00000000,0.00248980,0.00000000,0.02569244,0.00411551,0.00000000,0.01811179,0.00395374,0.00000000,0.00000000,0.00000000,0.00000000,0.00000000,0.00000000,0.00000000,0.00000000,0.00000000,0.00000000,0.00000000,0.00000000,0.00000000,0.00000000,0.00000000,0.00000000,0.00000000,0.02425526,0.00000000,0.00000000,0.00000000,0.00000000,0.00000000,0.00000000,0.00000000,0.00000000,0.00811069,0.00000000,0.03393478,0.00000000,0.00000000,0.00000000,0.00000000,0.00000000,0.05413056,0.00000000,0.01505500,0.00000000,2.70250267,0.00000000,0.00000000,0.00000000,0.00000000,0.00000000,0.00000000,0.00000000,0.00000000,0.00000000,0.00000000,0.00000000,0.00000000,0.00000000,0.00000000,0.00000000,0.00000000,0.00789181,0.00639437,0.00000000,0.00081319,0.00000000,0.00000000,0.00000000,0.00000000,0.00000000,0.00000000,0.00000000,0.01122995,0.00000000,0.01842347,0.00000000,0.00000000,0.00000000,0.00000000,0.00000000,0.00000000,0.00000000,0.01340396,0.00000000,0.00000000,0.00000000,0.00000000,0.00000000,0.00573186,0.00000000,0.00000000,0.00000000,0.00000000,0.00000000,0.00000000,0.00000000,0.00000000,0.00000000,0.00000000,0.00000000,1.04263046,0.00000000,0.00000000,2.35582003,0.00000000,0.00000000,0.00000000,0.00000000,0.00000000,0.00000000,0.00000000,0.00000000,0.00000000,0.00000000,0.00000000,0.00000000,0.00000000,0.00000000,0.00000000,0.00000000,0.00000000,0.00467112,0.00000000,0.00000000,0.00000000,0.00546442,0.00000000,0.00000000,0.03482140,0.00000000,0.00000000,0.00000000,0.00000000,0.00000000,0.00000000,0.00247100,0.00000000,0.00000000,0.00000000,0.00000000,0.00000000,0.00000000,0.00624831,0.00695610,0.00000000,0.00000000,0.02103554,0.00000000,0.00000000,0.00000000,0.00000000,0.00000000,0.00000000,0.00000000,0.05823005,0.00000000,0.00000000,0.00000000,0.00000000,0.00000000,0.00000000,0.00000000,0.00000000,0.00000000,0.00000000,0.00000000,0.00000000,0.00000000,0.00000000,0.00000000,0.00000000,0.00000000,0.00000000,0.00000000,0.00000000,0.01287124,0.00000000,0.00000000,0.00000000,0.00000000,0.00000000,0.00000000,0.00000000,0.00000000,0.00000000,0.00000000,0.00000000,0.00000000,0.00000000,0.00000000,0.00000000,0.00000000,0.00000000,0.00382453,0.00000000,0.00000000,0.00000000,0.00000000,0.00000000,0.00000000,0.00000000,0.00000000,0.00261413,0.00000000,0.00000000,0.00000000,0.00000000,0.03249132,0.00000000,0.00000000,0.00000000,0.00711587,0.00000000,0.00000000,0.00000000,0.00000000,0.00000000,0.00000000,0.00000000,0.00000000,0.00000000,0.00000000,0.00000000,0.00000000,0.00000000,0.00000000,0.00000000,0.00000000,0.00000000,0.00200246,0.00000000,0.00000000,0.00000000,0.00174979,0.00000000,0.00000000,0.00000000,0.00000000,0.00000000,0.00000000,0.00000000,0.00000000,0.00000000,0.00000000,0.00000000,0.00000000,0.00000000,0.00000000,0.00000000,0.00000000,0.01379073,0.00000000,0.00138183,0.00000000,0.01023992,0.00000000,0.00667386,0.00000000,0.00000000,0.00000000,0.00000000,0.00000000,0.00000000,0.00000000,0.00000000,0.00267921,0.00000000,0.00000000,0.00000000,0.00000000,0.00000000,0.00000000,0.00000000,0.00000000,0.00000000
0.00000000,0.00271954,0.09462228,0.00000000,0.00000000,0.00000000,0.00000000,0.00000000,0.00000000,0.00000000,0.00000000,0.00000000,0.00000000,0.00000000,0.00000000,0.00000000,0.00000000,0.00000000,0.00000000,0.01197366,0.00000000,0.00000000,0.00000000,0.00864470,0.00000000,0.00000000,0.00000000,0.00000000,0.00000000,0.00000000,0.00000000,0.00000000,0.00000000,0.00395827,0.00000000,0.00000000,0.00000000,0.00000000,0.00000000,0.00000000,0.00000000,0.00000000,0.00000000,0.00223513,0.00000000,0.00000000,0.00000000,0.00000000,0.00000000,0.00000000,0.00000000,0.00000000,0.00000000,0.01511497,0.00000000,0.00000000,0.00000000,0.00509462,0.00000000,0.00000000,0.00000000,0.00000000,0.00000000,0.00000000,0.00519952,0.00000000,0.00000000,0.00000000,0.00000000,0.00000000,0.02601369,0.00000000,0.00000000,0.00000000,0.00000000,0.01089307,0.15287454,0.00000000,0.00000000,0.00000000,0.00000000,0.00000000,0.00000000,0.00000000,0.00000000,0.00000000,0.00000000,0.00336656,0.00000000,0.00000000,0.00000000,0.00000000,0.00000000,0.00000000,0.00000000,0.00000000,0.00885805,0.00208136,0.00000000,0.00000000,0.00000000,0.00000000,0.00000000,0.00000000,0.00000000,0.02844690,0.00000000,0.00000000,0.00000000,0.00000000,0.00000000,0.00000000,0.00000000,0.01686863,0.00329494,0.00000000,0.00000000,0.00000000,0.00000000,0.00000000,0.00508564,0.00000000,0.00000000,0.00000000,0.00000000,0.00000000,0.00000000,0.05267811,0.00000000,0.00000000,0.00000000,0.00000000,0.00000000,0.00000000,0.00000000,0.00657383,0.00000000,0.00000000,0.00000000,0.00000000,0.00000000,0.00000000,0.00187188,0.00000000,0.00000000,0.00000000,0.00000000,0.00000000,0.00000000,0.90159363,0.00000000,0.00000000,0.00000000,0.05966165,0.00000000,0.00000000,0.00000000,0.00000000,0.00000000,0.00000000,0.00000000,0.00000000,0.00000000,0.00000000,0.00000000,0.00000000,0.00000000,0.00000000,0.00000000,0.00000000,0.00000000,0.00000000,0.00000000,0.00000000,0.00000000,0.00000000,0.07505337,0.00000000,0.00000000,0.00000000,0.00000000,0.00000000,0.00000000,0.00644748,0.00000000,0.00000000,0.00000000,0.00000000,0.00000000,0.00000000,0.00000000,0.01325355,0.00000000,0.00000000,0.00000000,0.00000000,0.00000000,0.00000000,0.00000000,0.00000000,0.00000000,0.00000000,0.00000000,0.00000000,0.00000000,0.00000000,0.00000000,0.00000000,0.00000000,0.00000000,0.00000000,0.00000000,0.00000000,0.00000000,0.00000000,0.00000000,0.00000000,0.00000000,0.00000000,0.00000000,0.00000000,0.00000000,0.00461780,0.00000000,0.00000000,0.00000000,0.00000000,0.00000000,0.00000000,0.00932768,0.02081536,0.00000000,0.00000000,0.00000000,0.00000000,0.00000000,0.00000000,0.00000000,0.00622503,0.00000000,0.00677640,0.00000000,0.00000000,0.00000000,0.00000000,0.00000000,0.00000000,0.00978608,0.01591448,0.00000000,0.00000000,0.00000000,0.00000000,0.00000000,0.00000000,0.00000000,0.01521511,0.00000000,0.00000000,0.00000000,0.00000000,0.00000000,0.00000000,0.00000000,0.00000000,0.00000000,0.00000000,0.00000000,0.00000000,0.00000000,0.00000000,0.00000000,0.02086893,0.00000000,0.09455202,0.00000000,0.00000000,0.00000000,0.00603609,0.00000000,0.00000000,0.00000000,0.00000000,0.00000000,0.00000000,0.00000000,0.00000000,0.00000000,0.00000000,0.00000000,0.00000000,0.00000000,0.00000000,0.00000000,0.00000000,0.00000000,0.00000000,0.00000000,0.00000000,0.00000000,0.00000000,0.00000000,0.00000000,0.00000000,0.01447691,0.00000000,0.00000000,0.00000000,0.00000000,0.00000000,0.00000000,0.00000000,0.00000000,0.00000000,0.00000000,0.00000000,0.00000000,0.00000000,0.00000000,0.00000000,0.00000000,0.00000000,0.00000000,0.00000000,0.00000000,0.00000000,0.00000000,0.00000000,0.00000000,0.00000000,0.00620559,0.00000000,0.00000000,0.00000000,0.00000000,0.00000000,0.00000000,0.00687881,0.08574481,0.00000000,0.25673010,0.00000000,0.00000000,0.00000000,0.00000000,0.00000000,0.01876308,0.00000000,0.00000000,0.02321413,0.00000000,0.00000000,0.00000000,0.00000000,0.00400752,0.00000000,0.00754988,0.00000000,0.00000000,0.00664460,0.00000000,0.00000000,0.00000000,0.00000000,0.00000000,0.00000000,0.00000000,0.05166866,0.00000000,0.00000000,0.00000000,0.00000000,0.00233272,0.00000000,0.00000000,0.00000000,0.00000000,0.00000000,0.00000000,0.00000000,0.00000000,0.00000000,0.00000000,0.00000000,0.00000000,0.00000000,0.00795714,0.00000000,0.01177883,0.00000000,0.00000000,0.00000000,0.00000000,0.00000000,0.00000000,0.00000000,0.00000000,0.00000000,0.00000000,0.00000000,0.00000000,0.00420226,0.00487162,0.00000000,0.00822099,0.00000000,0.00000000,0.03071347,0.00000000,0.00000000,0.00000000,0.00000000,0.00000000,0.00000000,0.00000000,0.00000000,0.00000000,0.00000000,0.00000000,0.00000000,0.00000000,0.00000000,0.00000000,0.00000000,0.00000000,0.00000000,0.00088178,0.00000000,0.00000000,0.00000000,0.00000000,0.00000000,0.01566876,0.00000000,0.00000000,0.00000000,0.00000000,0.00000000,0.00238957,0.00000000,0.04575314,0.00000000,0.00000000,0.00000000,0.00000000,0.00000000,0.00000000,0.00000000,0.00000000,0.00000000,0.00000000,0.00000000,0.00000000,0.00000000,0.00000000,0.00000000,0.00000000,0.00000000,0.00186942,0.00000000,0.00000000,0.00000000,0.00000000,0.00000000,0.00000000,0.00000000,0.03639087,0.00000000,0.01681952,0.00000000,0.01268072,0.00000000,0.00000000,0.00000000,0.00000000,0.00000000,0.00000000,0.00000000,0.00000000,0.02299714,0.00000000,0.00000000,0.00000000,0.00000000,0.00000000,0.00000000,0.00000000,0.00000000,0.00000000,0.00000000,0.00000000,0.00000000,0.00000000,0.00000000,0.00000000,0.00000000,0.00000000,0.00000000,0.00000000,0.00000000,0.00000000,0.00000000,0.00000000,0.00000000,0.00000000,0.00000000,0.00000000,0.00000000,0.00000000,0.00000000,0.00934519,0.00000000,0.00000000,0.00000000,0.00000000,0.00000000,0.00000000,0.00000000,0.00000000,0.00000000,0.00000000,0.00000000,0.00139001,0.00000000,0.00000000,0.00000000,0.00000000,0.00000000,0.03987280,0.00000000,0.00000000,0.00000000,0.00000000,0.00000000,0.00000000,0.00000000,0.00000000,0.00000000,0.00000000,0.00000000,0.00000000,0.00000000,0.00826302,0.00000000,0.00000000,0.00000000,0.00000000,0.00000000,0.00000000,0.00000000,0.00000000,0.00000000,0.00000000,0.00000000,0.00000000,0.00000000,0.00000000,0.00000000,0.00000000,0.00000000,0.00000000,0.00000000,0.00000000,0.00000000,0.00000000,0.00000000,0.00000000,0.02313110,0.19741224,0.00000000,0.00000000,0.00000000,0.00000000,0.00000000,0.00000000,0.00000000,0.00856972,0.00000000,0.00000000,0.00000000,0.00000000,0.00758946,0.00000000,0.00000000,0.00000000,0.00000000,0.00000000,0.00000000,0.00194796,0.00000000,0.04119491,0.13258007,0.00000000,0.00000000,0.00617443,0.00000000,0.00516736,0.00570908,0.00000000,0.00000000,0.00000000,0.00000000,0.00000000,0.00000000,0.00000000,0.00182130,0.03126541,0.00000000,0.00000000,0.00000000,0.00000000,0.00550938,0.00000000,0.00000000,0.00000000,0.00000000,0.00000000,0.01021875,0.00000000,0.00000000,0.00000000,0.00000000,0.00000000,0.00000000,0.00000000,0.00000000,0.00000000,0.02146674,0.00000000,0.00000000,0.00000000,0.00000000,0.00000000,0.00000000,0.00000000,0.23187414,0.00000000,0.00000000,0.00000000,0.00000000,0.00000000,0.00000000,0.01218071,0.00000000,0.00000000,0.00000000,0.00000000,0.00000000,0.00000000,0.00000000,0.00000000,0.00000000,0.00000000,0.00000000,0.00000000,0.00366206,0.00000000,0.00000000,0.00000000,0.00000000,0.03045764,0.00000000,0.00000000,0.00000000,0.00000000,0.00000000,0.00000000,0.00000000,0.00605443,0.00000000,0.00160775,0.00000000,0.00000000,0.00613050,0.00000000,0.00000000,0.00000000,0.00000000,0.00000000,0.00000000,0.00000000,0.00000000,0.00000000,0.00000000,0.00240289,0.00000000,0.00000000,0.00000000,0.00000000,0.00000000,0.01633130,0.00000000,0.00000000,0.00000000,0.00805460,0.00000000,0.00000000,0.00816363,0.00000000,0.00000000,0.00000000,0.00000000,0.00000000,0.00000000,0.00000000,3.08029918,0.00000000,0.00000000,0.00000000,0.00000000,0.00000000,0.00000000,0.00000000,0.00000000,0.00000000,0.00000000,0.00000000,0.09633244,0.00000000,0.00000000,0.00000000,0.00000000,0.00000000,0.00000000,0.00000000,0.00136527,0.00000000,0.00000000,0.00000000,0.00000000,0.00000000,0.00000000,0.00000000,0.00000000,0.00000000,0.03836339,0.00077968,0.00000000,0.00663946,0.00000000,0.00000000,0.00477536,0.00000000,0.01326530,0.00000000,0.00000000,0.00000000,0.00000000,0.00263729,0.00000000,0.00000000,0.00000000,0.00000000,0.00000000,0.00000000,0.02902604,0.09976480,0.00000000,0.00000000,0.00000000,0.00000000,0.00000000,0.00000000,0.00000000,0.03196353,0.00000000,0.00212734,0.00000000,0.00000000,0.00000000,0.00000000,0.00000000,0.00000000,0.00000000,0.00000000,0.00000000,0.00000000,0.00000000,0.02157259,0.00000000,0.00000000,0.00000000,0.00367332,0.00000000,0.00267667,0.00000000,0.00000000,0.01340910,0.00000000,0.00073685,0.00000000,0.00000000,0.00000000,0.00000000,0.00000000,0.00000000,0.00000000,0.00000000,0.00000000,0.03152936
0.02842019,0.00000000,0.00000000,0.00000000,0.00000000,0.01691525,0.00000000,0.00000000,0.00000000,0.00000000,0.00000000,0.00000000,0.00000000,0.00000000,0.00000000,0.00000000,0.00000000,0.00000000,0.00000000,0.00000000,0.00000000,0.00000000,0.00000000,0.00000000,0.00000000,0.00000000,0.00000000,0.00000000,0.00000000,0.00000000,0.00000000,0.00000000,0.00000000,0.00000000,0.00000000,0.00000000,0.10155455,0.00000000,0.00000000,0.00000000,0.00000000,0.00000000,0.00000000,0.00000000,0.00000000,0.00000000,0.00000000,0.00000000,0.00000000,0.00000000,0.00088839,0.00000000,0.01016536,0.00000000,0.00000000,0.00286368,0.00000000,0.00000000,0.00000000,0.00000000,0.00000000,0.01513245,0.00138481,0.00000000,0.00000000,0.00000000,0.00000000,0.00000000,0.00000000,0.00000000,0.00000000,0.00424306,0.00000000,0.00000000,0.00000000,0.00000000,0.00000000,0.00000000,0.00000000,0.00000000,0.00000000,0.00188852,0.00000000,0.00000000,0.00000000,0.00000000,0.09585786,0.00000000,0.00000000,0.00000000,0.00308812,0.00000000,1.62937043,0.00000000,0.00000000,0.00000000,0.00000000,0.00000000,0.00000000,0.00000000,0.00000000,0.00000000,0.00000000,0.00000000,0.00000000,0.00000000,0.00000000,0.00492507,0.00000000,0.00000000,0.00876966,0.00000000,0.00000000,0.00000000,0.00000000,0.00000000,0.00000000,0.00000000,0.00000000,0.00000000,0.00000000,0.00000000,0.00000000,0.00000000,0.00000000,0.00000000,0.00000000,0.00000000,0.00497015,0.00000000,0.00000000,0.00000000,0.00000000,0.00000000,0.00000000,0.14901816,0.00000000,0.00000000,0.00000000,0.00000000,0.00000000,0.00000000,0.00000000,0.01205950,0.00000000,0.00464724,0.00000000,0.00000000,0.00000000,0.00000000,0.00281737,0.00000000,0.00000000,0.00000000,0.00244910,0.25714645,0.00000000,0.00000000,0.00000000,0.00000000,0.05845581,0.00000000,0.00000000,0.00000000,0.00000000,0.00000000,0.00000000,0.00000000,0.00000000,0.00000000,0.01877791,0.00000000,0.00000000,0.02291002,0.03924749,0.00000000,0.00000000,0.00000000,0.00000000,0.00000000,0.00000000,0.01505384,0.00918660,0.00000000,0.00000000,0.00000000,0.00000000,0.00000000,0.01223043,0.00000000,0.00000000,0.00000000,0.00000000,0.00000000,0.00000000,0.00000000,0.00000000,0.00000000,0.00000000,0.00000000,0.00000000,0.00000000,0.00000000,0.00000000,0.00000000,0.00000000,0.00798186,0.00000000,0.00000000,0.00000000,0.00000000,0.00000000,0.00000000,0.00000000,0.00000000,0.00000000,0.00000000,0.00000000,0.00000000,0.00000000,0.00000000,0.00000000,0.00000000,0.00000000,0.01588164,0.00000000,0.52120252,0.00697051,0.00000000,0.00000000,0.00000000,0.00000000,0.00000000,0.00000000,0.00000000,0.00000000,0.00000000,0.00000000,0.00000000,0.00000000,0.01060418,0.00000000,0.00899694,0.00000000,0.00000000,0.00000000,0.00000000,0.00000000,0.00000000,0.00000000,0.00000000,0.00000000,0.00000000,0.01461559,0.00000000,0.00000000,0.00000000,0.00000000,0.00000000,0.00000000,0.00000000,0.00000000,0.00000000,0.00000000,0.00000000,0.05182925,0.00673503,0.00000000,0.19036383,0.14983459,0.00000000,0.00000000,0.00224217,0.00000000,0.00000000,0.00000000,0.00000000,0.00000000,0.00000000,0.00000000,0.00000000,0.00000000,0.00000000,0.00000000,0.82024974,0.00000000,0.00000000,0.00000000,0.00000000,0.00000000,0.00000000,0.01518318,0.00000000,0.00000000,0.00000000,0.00000000,0.00000000,0.00000000,0.00000000,0.00000000,0.00000000,0.00000000,0.00000000,0.00000000,0.00332087,0.00000000,0.00000000,0.00000000,0.11021866,0.00000000,0.00000000,0.00000000,0.00000000,0.00667270,0.00000000,0.00000000,0.00000000,0.00252374,0.00000000,0.00000000,0.00000000,0.00000000,0.00000000,0.00000000,0.00000000,0.00000000,0.00000000,0.00000000,0.00000000,0.00000000,0.00000000,0.00000000,0.00000000,0.00000000,0.00000000,0.12560961,0.00000000,0.39912646,0.00000000,0.00000000,0.00957240,0.00000000,0.00000000,0.00000000,0.00000000,0.00000000,0.00526109,0.00000000,0.00000000,0.00000000,0.08967949,0.00000000,0.00000000,0.00421866,0.00000000,0.00000000,0.00000000,0.00000000,0.00392485,0.00000000,0.00000000,0.00000000,0.00000000,0.00000000,0.00000000,0.01429513,0.00000000,0.00000000,0.00000000,0.00000000,0.00000000,0.00000000,0.00000000,0.00000000,0.00000000,0.00000000,0.00659124,0.00000000,0.00000000,0.00000000,0.00497578,0.00000000,0.36211751,0.00000000,0.00000000,0.00000000,0.00000000,0.00000000,0.02439927,0.00000000,0.00000000,0.00215377,0.00000000,0.00000000,0.00000000,0.00000000,0.00000000,0.00000000,0.00000000,0.00000000,0.00000000,0.00000000,0.00000000,0.00000000,0.00000000,0.00000000,0.00000000,0.00000000,0.00000000,0.00000000,0.00000000,0.00000000,0.00000000,0.00000000,0.00000000,0.00797229,0.00000000,0.00000000,0.00000000,0.00000000,0.02004141,0.01601196,0.00000000,0.00000000,0.00000000,0.00000000,0.00000000,0.08858249,0.00000000,0.00000000,0.00081671,0.00000000,0.00000000,0.00000000,0.00000000,0.00000000,0.00000000,0.00000000,0.00000000,0.00000000,0.00000000,0.00000000,0.00000000,0.02013416,0.00409831,0.01816771,0.00000000,0.00000000,0.00000000,0.00000000,0.00000000,0.00000000,0.00000000,0.00000000,0.00000000,0.00000000,0.00000000,0.00000000,0.00000000,0.00000000,0.00000000,0.00000000,0.00000000,0.00000000,0.00000000,0.00000000,0.00288848,0.00000000,0.00000000,0.00000000,0.03661422,0.00000000,0.00000000,0.00000000,0.00000000,0.00000000,0.00000000,0.00000000,0.00000000,0.00000000,0.00000000,0.00000000,0.00000000,0.00255813,0.00000000,0.00000000,0.00000000,0.00000000,0.00000000,0.00000000,0.00000000,0.00000000,0.00000000,0.00000000,0.00632109,0.00000000,0.00091045,0.00000000,0.00000000,0.00000000,0.00147626,0.00000000,0.00000000,0.00000000,0.00000000,0.01502772,0.00000000,0.00000000,0.00000000,0.00666152,0.00000000,0.00000000,0.00822478,0.00000000,0.00000000,0.00000000,0.00000000,0.00189669,0.00000000,0.00000000,0.00000000,0.00000000,0.00000000,0.00000000,0.00000000,0.00000000,0.00000000,0.00000000,0.00000000,0.00000000,0.00000000,0.00000000,0.00000000,0.00000000,0.00000000,0.00000000,0.00000000,0.00000000,0.00000000,0.00000000,0.00000000,0.00000000,0.00000000,0.00000000,0.00000000,0.00000000,0.00000000,0.00000000,0.06664516,0.00000000,0.00000000,0.00000000,0.00000000,0.00000000,0.00000000,0.00000000,0.00000000,0.00000000,0.00000000,0.00000000,0.00445773,0.00000000,0.00000000,0.00000000,0.00429448,0.00000000,0.00000000,0.00000000,0.00000000,0.00000000,0.00000000,0.00000000,0.00000000,0.00000000,0.00000000,0.00000000,0.00000000,0.00000000,0.00000000,0.00000000,0.00000000,0.00000000,0.00000000,0.00000000,0.00000000,0.00000000,0.00000000,0.00000000,0.00000000,0.00000000,0.00333694,0.00000000,0.00000000,0.00000000,0.00000000,0.00068528,0.02637243,0.00000000,0.00473962,0.00000000,0.06706732,0.00000000,0.00000000,0.03847155,0.00000000,0.00000000,0.00000000,0.00000000,0.00359846,0.00000000,0.00000000,0.00000000,0.00000000,0.00000000,0.00000000,0.00000000,0.00000000,0.01133049,0.00000000,0.01566876,0.00000000,0.00000000,0.00000000,0.00000000,0.00348459,0.00169490,0.00000000,0.00000000,0.00000000,0.00000000,0.00000000,0.00000000,0.00000000,0.00000000,0.00000000,0.00000000,0.00000000,0.00000000,0.00000000,0.00000000,0.00000000,0.00000000,0.00000000,0.00000000,0.00000000,0.00000000,1.49343826,2.37484010,0.00000000,0.00000000,0.00000000,0.00000000,0.00000000,0.00000000,0.00000000,0.00000000,0.00000000,0.00059712,0.00000000,0.00000000,0.00000000,0.00000000,0.00881187,0.00000000,0.00000000,0.00000000,0.00000000,0.00000000,0.00000000,0.00000000,0.00000000,0.02157451,0.00000000,0.00000000,0.00000000,0.00000000,0.00000000,0.11891612,0.00000000,0.00000000,0.00000000,0.00000000,0.00000000,0.00000000,0.00461754,0.00000000,0.00000000,0.00000000,0.00000000,0.00000000,0.00000000,0.00000000,0.00000000,0.00000000,0.00000000,0.00000000,0.00000000,0.00000000,0.00000000,0.00000000,0.03640432,0.00000000,0.00000000,0.00126736,0.00000000,0.00000000,0.00000000,0.00000000,0.00000000,0.00000000,0.00000000,0.00000000,0.00000000,0.00000000,0.03439908,0.00000000,0.01070004,0.00000000,0.00000000,0.00000000,0.00000000,0.00000000,0.00000000,0.00000000,0.00000000,0.00143661,0.00000000,0.00000000,0.00000000,0.00000000,0.00000000,0.00000000,0.00000000,0.00000000,0.02513858,0.00000000,0.00000000,0.00000000,0.00000000,0.00000000,0.00000000,0.00000000,0.19152704,0.00000000,0.00000000,0.00000000,0.00000000,0.00000000,0.00000000,0.00000000,0.01550365,0.00000000,0.00000000,0.00000000,0.00000000,0.00000000,0.00000000,0.00000000,0.00000000,0.00000000,0.00000000,0.00000000,0.00651567,0.00000000,0.00000000,0.96845759,0.00000000,0.00000000,0.00000000,0.00000000,0.00524213,0.01007574,0.00000000,0.00758845,0.00000000,0.00000000,0.00000000,0.00000000,0.00000000,0.00000000,0.00000000,0.00000000,0.00000000,0.00000000,0.00000000,0.00000000,0.00181792,0.00000000,0.00000000,0.00000000,0.00000000,0.00000000,0.00000000,0.00213114,0.00000000,0.00000000,0.00000000,0.00000000,0.00000000,0.00000000
0.00000000,0.00000000,0.00000000,0.15839987,0.00000000,0.00000000,0.00000000,0.00000000,0.00000000,0.01583602,0.00000000,0.00000000,0.00000000,0.00000000,0.00000000,0.00516953,0.00644463,0.00000000,0.00000000,0.00000000,0.00000000,0.00000000,0.00000000,0.00000000,0.01587919,0.00000000,0.02708136,0.00000000,0.00000000,0.00000000,0.00000000,0.00000000,0.00706961,0.00230180,0.00000000,0.00000000,0.00000000,0.00000000,0.00000000,0.03270771,0.00000000,0.00000000,0.00272064,0.00000000,0.00611427,0.00000000,0.00000000,0.00000000,0.00000000,0.19676510,0.00000000,0.00000000,0.00000000,0.00000000,0.00000000,0.00000000,0.00000000,0.00000000,0.00000000,0.00000000,0.00000000,0.00000000,0.00000000,0.00000000,0.00000000,0.00000000,0.00000000,0.00000000,0.00000000,0.00000000,0.00000000,0.00000000,0.00000000,0.00000000,0.00000000,0.00000000,0.00000000,0.00000000,0.00000000,0.00000000,0.00000000,0.00000000,0.00000000,0.00000000,0.00000000,0.00000000,0.00000000,0.00000000,0.00000000,0.00000000,0.00000000,0.00000000,0.00000000,0.00000000,0.87823355,0.00000000,0.00000000,0.00000000,0.00000000,0.00000000,1.29482827,0.00000000,0.00465002,0.00647369,0.00000000,0.00000000,0.00000000,0.00000000,0.00000000,0.00000000,0.00000000,0.00000000,0.01511051,0.00000000,0.00000000,0.00000000,0.00000000,0.00000000,0.00000000,0.00000000,0.00000000,0.00000000,0.00000000,0.00000000,0.00000000,0.00291260,0.03522141,0.00000000,0.00000000,0.00000000,0.00000000,0.00000000,0.00000000,0.00000000,0.00000000,0.00000000,0.00000000,0.00000000,0.00000000,0.00000000,0.00000000,0.00000000,0.00000000,0.00000000,0.00000000,0.00000000,0.00000000,0.00000000,0.00000000,0.02010018,0.45742012,0.00000000,0.00000000,0.00000000,0.00000000,0.00000000,0.00297212,0.00000000,0.00000000,0.00000000,0.00000000,0.00000000,0.00000000,0.00000000,0.02496980,0.00610637,0.00000000,0.00000000,0.00000000,0.00000000,0.00000000,0.00000000,0.00000000,0.00000000,0.00000000,0.00000000,0.00000000,0.00000000,0.00000000,0.00000000,0.00000000,0.00000000,0.00000000,0.00318650,0.00000000,0.00000000,0.00000000,0.00000000,0.00000000,0.00000000,0.00000000,0.00390994,0.00000000,0.00000000,0.00000000,0.00000000,0.00000000,0.00000000,0.00000000,0.00000000,0.00000000,0.00000000,0.00000000,0.01576671,0.00000000,0.00000000,0.01492774,0.00000000,0.00000000,0.00000000,0.00374747,0.00000000,1.15999688,0.00000000,0.00000000,0.00000000,0.00000000,0.00000000,0.00000000,0.01454102,0.00000000,0.00000000,0.00000000,0.00000000,0.00000000,0.00000000,0.00000000,0.00000000,0.00207291,0.00000000,0.00000000,0.00000000,0.00000000,0.00000000,0.00000000,0.00000000,0.00000000,0.00000000,0.00000000,0.00000000,0.00000000,0.00000000,0.01994138,0.00000000,0.02171362,0.00000000,0.00000000,0.00000000,0.00000000,0.00000000,0.00264425,0.01370034,0.00000000,0.00000000,0.00000000,0.04256885,0.00000000,0.00000000,0.00000000,0.00000000,0.01221101,0.00000000,0.00000000,0.71230636,0.00000000,0.00000000,0.00000000,0.00000000,0.00000000,0.00000000,0.00000000,0.00000000,0.00000000,0.00000000,0.00000000,0.00000000,0.00000000,0.00000000,0.00000000,0.00000000,0.00000000,0.00000000,0.00000000,0.00000000,0.00533662,0.00000000,0.00000000,0.00000000,0.00257616,0.00000000,0.00000000,0.16429954,0.00000000,0.00000000,0.00000000,0.00000000,0.00298232,0.00884698,0.00000000,0.00000000,0.00000000,0.01133483,0.00000000,0.00000000,0.00366782,0.00000000,0.00000000,0.00000000,0.00000000,0.01350194,0.00000000,0.00000000,0.00000000,0.00000000,0.00000000,0.00000000,0.00133882,0.00000000,0.00000000,0.00000000,0.00000000,0.00000000,0.00000000,0.00000000,0.00000000,0.00000000,0.01783898,0.00000000,0.00000000,0.00136001,0.00000000,0.05131875,0.00000000,0.00000000,0.00000000,0.00000000,0.00000000,0.00000000,0.00000000,0.00000000,0.00000000,0.00000000,0.01417262,0.00000000,0.00000000,0.00000000,0.00000000,0.00000000,0.00000000,0.00000000,0.00000000,0.00000000,0.00385902,0.00438775,0.00000000,0.00000000,0.00000000,0.00000000,0.00000000,0.00000000,0.00000000,0.00000000,0.00000000,0.00000000,0.00000000,0.00000000,0.01498558,0.00000000,0.00531133,0.06469534,0.00000000,0.00000000,0.00000000,0.00000000,0.00000000,0.00000000,0.00000000,0.00000000,0.00000000,0.00000000,0.06881676,0.00000000,0.00000000,0.00000000,0.00000000,0.09699180,0.02243555,0.11598978,0.00000000,0.00000000,0.00000000,0.00000000,0.00000000,0.00000000,0.00000000,0.00000000,0.02425468,0.00000000,0.00000000,0.00000000,0.00000000,0.00000000,0.00000000,0.00000000,0.00000000,0.00000000,0.00000000,0.00000000,0.00000000,0.00000000,0.00000000,0.00000000,0.00000000,0.00000000,0.00000000,0.00000000,0.00000000,0.00000000,0.04440068,0.00000000,0.00351360,0.00000000,0.00000000,0.00000000,0.00088178,0.00000000,0.00000000,0.00000000,0.00000000,0.00000000,0.00000000,0.00000000,0.00561597,0.00000000,0.03186900,0.00000000,0.00064833,0.00000000,0.00000000,0.00000000,0.00000000,0.00000000,0.00000000,0.00000000,0.00313604,0.00000000,0.03176075,0.00000000,0.00690697,0.00000000,0.00000000,0.00000000,0.00000000,0.00000000,0.00000000,0.00000000,0.00000000,0.00000000,0.00000000,0.10427375,0.00000000,0.00000000,0.00000000,0.00000000,0.56959505,0.00000000,0.00000000,0.00000000,0.00000000,0.00000000,0.00949700,0.00000000,0.00000000,0.00000000,0.00000000,0.00000000,0.00653374,0.00000000,0.00000000,0.00000000,0.00000000,0.00823615,0.00000000,0.00000000,0.00000000,0.00000000,0.00568333,0.00000000,0.00000000,0.00000000,0.00000000,0.00000000,0.00000000,0.00000000,0.00000000,0.00000000,0.00000000,0.00000000,0.00000000,0.00000000,0.00000000,0.00000000,0.00000000,0.00000000,0.00000000,0.00000000,0.00000000,0.17080477,0.00262043,0.00000000,0.00000000,0.00000000,0.00000000,0.00000000,0.00000000,0.00000000,0.00000000,0.00000000,0.00000000,0.00000000,0.00000000,0.00408648,0.00000000,0.00000000,0.00000000,0.00000000,0.00000000,0.00000000,0.00000000,0.00000000,0.00000000,0.00000000,0.00000000,0.00000000,0.00000000,0.00225943,0.00000000,0.00000000,0.00000000,0.00000000,0.00000000,0.00000000,0.00000000,0.00000000,0.00000000,0.00000000,0.00000000,0.00000000,0.00000000,0.00000000,0.00000000,0.00000000,0.00000000,0.00000000,0.00000000,0.00000000,0.00000000,0.00000000,0.00000000,0.00000000,0.00000000,0.00000000,0.00000000,0.00000000,0.00000000,0.00000000,0.00000000,0.00000000,0.00000000,0.00000000,0.00000000,0.00000000,0.02901411,0.00000000,0.00000000,0.00000000,0.00000000,0.00000000,0.01074786,0.00000000,0.00000000,0.00000000,0.00000000,0.00000000,0.00000000,0.00000000,0.00000000,0.00000000,0.00000000,0.04427929,0.00000000,0.00000000,0.00000000,0.00000000,0.00000000,0.00000000,0.00000000,0.00000000,0.00000000,0.00000000,0.00000000,0.00000000,0.00000000,0.00000000,0.00000000,0.00000000,0.00000000,0.00000000,0.00000000,0.00000000,0.00063512,0.00000000,0.00000000,0.00000000,0.00000000,0.00000000,0.00063887,0.00000000,0.00000000,0.00000000,0.00000000,0.00000000,0.00000000,0.00075879,0.00000000,0.00267445,0.00000000,0.00000000,0.00000000,0.00000000,0.00000000,0.00000000,0.02223498,0.00000000,0.00000000,0.00000000,0.00000000,0.00000000,0.73347141,0.00000000,0.01337698,0.00000000,0.00000000,0.00000000,0.04012758,0.00665910,0.00000000,0.00000000,0.00000000,0.00000000,0.00000000,0.00000000,0.00907616,0.00000000,0.00000000,0.00000000,0.00000000,0.00000000,0.00000000,0.00000000,0.00000000,0.00000000,0.00000000,0.01921660,0.00000000,0.00000000,0.00000000,0.00000000,0.00000000,1.85166569,0.00000000,0.00000000,0.00000000,0.00000000,0.00000000,0.00132833,0.00000000,0.01107738,0.00000000,0.00000000,0.00000000,0.00000000,0.00000000,0.00000000,0.00000000,0.00000000,0.00000000,0.00000000,0.24652257,0.00000000,0.00000000,0.00000000,0.00000000,0.00000000,0.00000000,0.00000000,0.00000000,0.00000000,0.00000000,0.00000000,0.00000000,0.00000000,0.00000000,0.00000000,0.00000000,0.00000000,0.00000000,0.00000000,0.00000000,0.04485391,0.00000000,0.00166615,0.00000000,0.00000000,0.00000000,0.00000000,0.00000000,0.02833073,0.00000000,0.01012804,0.00000000,0.00000000,0.00659536,0.00000000,0.00500096,0.00000000,0.00000000,0.00000000,0.00000000,0.00000000,0.00000000,0.00000000,0.00000000,0.00000000,0.00369665,0.00000000,0.00109198,0.00000000,0.00000000,0.00000000,0.00000000,0.00000000,0.00000000,0.00000000,0.11256761,0.00000000,0.07761595,0.00000000,0.00000000,0.00000000,0.00000000,0.00000000,0.00000000,0.00000000,0.00000000,0.01809884,0.00218014,0.00000000,0.00000000,0.00000000,0.00255916,0.00000000,0.00131978,0.00000000,0.00000000,0.00000000,0.00000000,0.00000000,0.00000000,0.00000000,0.00000000,0.00000000,0.00000000,0.00000000,0.00000000,0.00000000,0.00000000,0.00000000,0.00000000,0.00000000,0.00000000,0.00000000,0.00000000,0.00000000,0.00000000,0.00000000,0.00000000,0.00000000,0.00000000,0.00000000,0.00000000,0.00000000,0.00434832,0.00000000,0.00000000,0.00000000,0.00000000,0.00000000,0.00000000,0.00000000
0.00000000,0.00000000,0.00746575,0.00000000,0.00000000,0.00000000,0.00000000,0.00000000,0.00000000,0.00000000,0.00000000,0.02016293,0.00000000,0.00000000,0.00000000,0.00000000,0.00000000,2.25993696,0.00000000,0.00000000,0.00165794,0.00000000,0.00000000,0.00000000,0.00000000,0.00000000,0.00000000,0.00386380,0.00000000,0.00883590,0.00000000,0.00000000,0.00000000,0.00000000,0.00000000,0.00000000,0.01454728,0.00000000,0.00000000,0.00000000,0.00000000,0.00000000,0.00000000,0.00000000,0.00000000,0.00000000,0.00000000,0.00000000,0.00000000,0.00000000,0.00000000,0.00000000,0.00927848,0.00000000,0.00000000,0.00000000,0.00000000,0.14356058,0.00000000,0.00000000,0.00000000,0.00000000,0.00000000,0.00000000,0.00000000,0.00000000,0.00000000,0.00000000,0.00000000,0.00000000,0.00000000,0.00000000,0.01977517,0.00000000,0.00000000,0.00000000,0.00000000,0.00000000,0.00000000,0.00000000,0.00000000,0.00000000,0.00000000,0.00000000,0.00000000,0.00236989,0.00000000,0.00000000,0.00000000,0.00000000,0.00000000,0.00000000,0.00000000,0.01470186,0.00000000,0.00000000,0.00000000,0.00000000,0.00000000,0.00000000,0.00000000,0.00000000,0.00000000,0.00000000,0.00000000,0.01668568,0.00000000,0.00000000,0.00000000,0.00000000,0.00000000,0.00000000,0.00000000,0.00000000,0.00000000,0.00000000,0.00000000,0.00000000,0.00000000,0.00000000,0.04146782,0.00000000,0.00000000,0.00000000,0.00000000,0.00000000,0.00000000,0.00000000,0.00000000,0.00000000,0.00000000,0.00000000,0.00419069,0.00000000,0.11812393,0.00000000,0.00000000,0.00000000,0.00000000,0.00000000,0.00000000,0.03959120,0.00000000,0.00000000,0.00000000,0.00000000,0.47558606,0.00000000,0.00539610,0.00000000,0.00000000,0.00000000,0.00000000,0.00000000,0.00000000,0.00000000,0.00000000,0.00000000,0.00000000,0.00000000,0.00000000,0.00000000,0.00000000,0.00000000,0.00000000,0.00000000,0.00000000,0.00000000,0.00000000,0.00000000,0.00000000,0.00000000,0.00000000,0.00000000,0.00000000,0.01145204,0.01917511,0.01329607,0.00000000,0.00000000,1.12705317,0.00000000,0.00000000,0.00000000,0.00000000,0.01029514,0.00000000,0.00000000,0.00000000,0.00000000,0.16864444,0.00000000,0.00000000,0.00000000,0.00000000,0.00000000,0.00000000,0.01218343,0.00000000,0.00000000,0.00000000,0.00000000,0.00000000,0.00000000,0.00000000,0.00000000,0.00000000,0.00000000,0.00000000,0.00000000,0.00000000,0.00000000,0.00000000,0.00000000,0.00000000,0.00000000,0.00496264,0.00472487,0.13485123,0.00000000,0.00000000,0.00000000,0.00000000,0.00000000,0.14406532,0.00000000,0.00000000,0.00000000,0.00000000,0.00000000,0.00000000,0.00000000,0.00000000,0.00000000,0.00000000,0.00000000,0.00000000,0.39557032,0.00328450,0.00000000,0.00000000,0.00000000,0.00000000,0.00000000,0.00000000,0.00000000,0.00000000,0.00000000,0.00000000,0.00000000,0.00000000,0.00000000,0.00000000,0.00000000,0.00000000,0.00000000,0.00000000,0.00000000,0.00000000,0.00000000,0.00000000,0.00000000,0.00000000,0.57155775,0.00000000,0.00000000,0.00000000,0.00000000,0.00000000,0.00000000,0.00000000,0.00000000,0.00000000,0.00155017,0.00000000,0.00000000,0.03048118,0.00000000,0.00000000,0.00371598,0.00000000,0.00000000,0.00000000,0.00000000,0.01129166,0.00474081,0.00000000,0.00000000,0.00000000,0.00000000,0.00000000,0.00000000,0.00000000,0.00000000,0.00000000,0.00304894,0.00000000,0.00000000,0.00000000,0.00000000,0.00000000,0.00000000,0.00000000,0.00000000,0.00000000,0.00000000,0.00000000,0.00000000,0.00429671,0.00000000,0.00482981,0.00000000,0.00000000,0.00000000,0.00000000,0.01725200,0.00141450,0.00000000,0.00000000,0.00000000,0.00000000,0.00000000,0.00368170,0.00000000,0.00000000,0.00000000,0.00000000,0.00000000,0.00000000,0.00000000,0.00000000,0.00000000,0.00000000,0.00000000,0.00000000,0.00000000,0.00000000,0.00000000,0.00216688,0.00000000,0.00000000,0.00000000,0.00000000,0.00000000,0.00000000,0.00000000,0.00000000,0.00000000,0.00000000,0.00000000,0.00000000,0.00000000,0.00000000,0.00000000,0.04170464,0.00000000,0.00000000,0.00000000,0.00000000,0.00000000,0.00000000,0.00000000,0.00000000,0.00000000,0.00000000,0.00000000,0.00000000,0.77091256,0.00000000,0.00000000,0.17423806,0.00000000,0.00000000,0.00000000,0.01223131,0.00000000,0.00000000,0.00000000,0.00000000,0.00000000,0.00000000,0.16690420,0.00113098,0.00000000,0.00000000,0.00000000,0.00000000,0.00000000,0.00000000,0.00000000,0.00000000,0.00000000,0.00000000,0.00000000,0.00000000,0.00000000,0.00000000,0.00000000,0.00000000,0.00000000,0.00000000,0.00000000,0.00000000,0.00000000,0.00000000,0.00000000,0.00000000,0.00000000,0.00000000,0.00000000,0.00000000,0.00000000,0.00000000,0.00000000,0.00000000,0.00000000,0.00000000,0.00000000,0.00000000,0.00413992,0.16347083,0.00000000,0.00000000,0.00000000,0.00000000,0.08858249,0.00000000,0.00000000,0.04126038,0.00000000,0.00000000,0.00000000,0.00000000,0.00000000,0.00000000,0.07213639,0.01022455,0.00000000,0.00000000,0.00000000,0.00000000,0.00000000,0.03523097,0.00000000,0.00000000,0.00000000,0.00000000,0.07857463,0.00000000,0.00000000,0.00000000,0.01788453,0.00000000,0.00000000,0.00000000,0.00000000,0.00000000,0.00000000,0.00000000,0.00000000,0.00000000,0.00000000,0.00000000,0.00000000,0.00000000,0.00000000,0.00000000,0.00000000,0.00000000,0.00000000,0.00000000,0.19334549,0.00000000,0.00000000,0.00615018,0.00000000,0.00000000,0.00000000,0.00000000,0.00000000,0.00000000,0.00000000,0.00000000,0.00000000,0.00000000,0.00989839,0.00000000,0.00000000,0.00000000,0.00000000,0.00540992,0.01687420,0.00000000,0.02386974,0.00000000,0.00000000,0.00000000,0.00000000,0.00000000,0.00252540,0.00000000,0.00000000,0.00000000,0.00000000,0.01835209,0.00000000,0.00000000,0.00121631,0.00000000,0.00000000,0.00000000,0.00000000,0.00000000,0.00000000,0.00000000,0.00000000,0.00549779,0.00000000,0.13382859,0.00000000,0.00000000,0.00000000,0.00000000,0.24504226,0.00000000,0.00000000,0.00000000,0.00000000,0.03528932,0.00000000,0.00000000,0.00000000,0.00000000,0.00000000,0.00000000,0.00278770,0.06925116,0.00000000,0.00000000,0.00000000,0.00000000,0.00000000,0.00000000,0.00000000,0.00000000,0.00000000,0.10231663,0.00000000,0.00000000,0.00000000,0.00000000,0.00000000,0.00000000,0.00000000,0.00000000,0.00000000,0.00000000,0.00000000,0.00000000,0.00000000,0.00000000,0.00000000,0.00000000,0.30502302,0.00221543,0.00000000,0.00461020,0.00000000,0.00000000,0.00000000,0.00000000,0.00000000,0.04002657,0.00000000,0.00000000,0.00000000,0.00000000,0.00000000,0.00000000,0.00000000,0.00000000,0.00000000,0.00000000,0.00000000,0.00000000,0.00000000,0.00000000,0.00000000,0.00000000,0.00000000,0.00235866,0.00000000,0.00637002,0.00000000,0.00000000,0.00000000,0.00000000,0.00000000,0.00000000,0.00000000,0.00000000,0.00000000,0.00000000,1.56002986,0.00000000,0.00000000,0.01514923,0.00000000,0.00000000,0.00000000,0.00198567,0.00000000,0.00000000,0.00161243,0.00000000,0.00000000,0.00000000,0.00000000,0.00000000,0.00000000,0.00000000,0.00000000,0.00000000,0.00000000,0.00000000,0.00000000,0.00000000,0.00000000,0.00000000,0.00558239,0.00000000,0.00249787,0.00000000,0.00000000,0.00000000,0.00000000,0.00000000,0.00000000,0.00000000,0.00000000,0.00000000,0.00000000,0.00000000,0.00000000,0.00279253,0.08335114,0.00000000,0.00000000,0.00177028,0.00000000,0.31316361,0.00000000,0.00000000,0.00000000,0.00000000,0.00000000,0.00000000,0.03234794,0.00000000,0.00000000,0.02183718,0.00000000,0.00000000,0.00000000,0.00000000,0.00000000,0.00000000,0.00000000,0.00000000,0.00000000,0.00000000,0.00000000,0.00000000,0.00000000,0.00000000,0.00105414,0.00000000,0.00000000,0.00000000,0.00000000,0.01431497,0.00000000,0.00000000,0.00000000,0.00000000,0.00000000,0.00000000,0.00000000,0.00000000,0.00000000,0.00000000,0.00000000,0.00000000,0.00931647,0.00000000,0.00000000,0.01125589,0.00000000,0.00000000,0.00000000,0.00000000,0.00000000,0.00000000,0.00000000,0.00000000,0.00000000,0.00322577,0.00993224,0.00000000,0.00000000,0.00000000,0.05075087,0.00000000,0.00000000,0.00000000,0.02777828,0.00881867,0.00000000,0.00000000,0.00000000,0.00000000,0.00000000,0.00000000,0.00000000,0.00000000,0.02356038,0.00000000,0.00000000,0.08001293,0.01848111,0.00000000,0.00319013,0.00000000,0.00000000,0.01547356,0.00284379,0.00000000,0.00000000,0.00000000,0.00000000,0.00000000,0.00000000,0.00000000,0.00000000,0.00000000,0.00000000,0.00000000,0.00000000,0.00000000,0.00000000,0.00000000,0.00000000,1.45357926,0.00000000,0.00000000,0.00000000,0.12833168,0.03231696,0.00000000,0.00000000,0.00000000,0.00000000,0.00000000,0.00000000,0.00000000,0.00000000,0.00000000,0.00000000,0.00000000,0.00000000,0.00000000,0.00000000,0.00000000,0.00000000,0.00000000,0.00000000,0.00000000,0.00000000,0.00000000,0.00000000,0.00000000,0.00000000,0.00000000,0.00000000,0.00000000,0.00000000,0.00000000,0.00000000,0.01578249,0.00000000,0.00000000,0.00000000,0.00000000,0.00000000,0.00000000,0.00000000,0.00175948,0.00000000,0.00000000,0.00000000
0.00000000,0.00000000,0.00000000,0.00000000,0.00000000,0.00000000,0.00000000,0.00000000,0.00000000,0.00000000,0.00000000,0.00000000,0.00000000,0.00000000,0.00000000,0.00000000,0.00000000,0.00000000,0.00000000,0.00000000,0.00000000,0.00116729,0.00000000,0.00000000,0.00000000,0.00461279,0.00000000,0.00000000,0.00000000,0.00000000,0.00000000,0.00000000,0.00000000,0.00000000,0.00000000,0.00000000,0.00000000,0.00000000,0.00000000,0.00000000,0.00000000,0.05261391,0.00000000,0.00000000,0.16538077,0.00000000,0.00000000,0.00000000,0.00000000,0.00000000,0.03981817,0.00000000,0.00000000,0.00000000,0.00000000,0.00000000,0.00000000,0.00000000,0.00516792,0.00000000,1.25112033,0.00000000,0.00551982,0.00000000,0.00000000,0.00000000,0.00000000,0.00000000,0.00087687,0.00000000,0.00000000,0.03322496,0.00000000,0.00000000,0.00000000,0.00000000,0.00000000,0.00360943,0.00000000,0.00000000,0.00000000,0.00000000,0.00000000,0.00000000,0.00000000,0.00000000,0.00000000,0.00000000,0.00596254,0.00000000,0.00000000,0.00000000,0.00000000,0.00000000,0.00000000,0.00059313,0.00000000,0.00000000,0.00000000,0.00462227,0.00000000,0.00000000,0.00000000,0.01394744,0.00000000,0.00000000,0.00000000,0.00000000,0.00000000,0.00000000,0.00000000,0.00000000,0.00000000,0.00000000,0.00000000,0.00000000,0.00000000,0.00000000,0.00000000,0.00464171,0.00000000,0.00000000,0.00000000,0.00000000,0.01735372,0.00000000,0.00000000,0.00000000,0.00198703,0.05684823,0.00000000,0.00000000,0.00228013,0.00000000,0.00000000,0.00000000,0.00000000,0.00000000,0.00000000,0.00000000,0.00000000,0.04430737,0.00270747,0.00000000,0.00000000,0.00000000,0.00000000,0.00000000,0.00000000,0.00000000,0.00000000,0.00000000,0.00000000,0.00000000,0.00000000,0.00000000,0.00000000,0.00000000,0.00000000,0.00000000,0.00000000,0.00000000,0.00000000,0.00000000,0.00000000,0.00000000,0.00000000,0.00000000,0.00682281,0.00000000,0.00000000,0.00000000,0.00000000,0.00000000,0.00000000,0.00000000,0.00000000,0.03324008,0.00781607,0.00876307,0.06203470,0.00000000,0.00000000,0.00000000,0.00000000,0.00000000,0.04699519,0.00000000,0.00000000,0.00000000,0.00000000,0.00000000,0.00000000,0.00000000,0.00000000,0.01222767,0.00000000,0.00000000,0.00000000,0.00893785,0.00000000,0.00000000,0.00000000,0.00000000,0.00000000,0.00000000,0.00000000,0.00000000,0.00000000,0.00000000,0.00000000,0.00000000,0.00000000,0.00000000,0.01314565,0.00000000,0.00000000,0.00000000,0.00000000,0.00000000,0.23818663,0.00000000,0.00000000,0.00000000,0.00000000,0.00000000,0.00000000,0.00000000,0.00000000,0.00000000,0.00000000,0.00000000,0.00000000,0.00000000,0.00475464,0.00000000,0.00000000,0.00000000,0.00000000,0.00000000,0.00000000,0.00000000,0.00000000,0.00000000,0.00000000,0.01668953,0.00000000,0.00000000,0.00676868,0.00000000,0.00000000,0.00000000,0.00000000,0.00000000,0.00000000,0.00000000,0.00000000,0.00000000,0.00085536,0.00000000,0.00000000,0.05485550,0.00000000,0.00000000,0.00000000,0.00000000,0.00000000,0.07449674,0.00480742,0.00000000,0.00000000,0.00000000,0.00000000,0.00000000,0.00000000,0.00000000,0.31420411,0.00418522,0.00000000,0.00000000,0.00000000,0.00000000,0.00183318,0.00000000,0.00000000,0.00000000,0.01414843,0.00000000,0.00000000,0.00000000,0.00000000,0.00000000,0.00000000,0.00000000,0.00000000,0.00000000,0.00152322,0.00000000,0.00000000,0.00000000,0.00000000,0.00000000,0.00000000,0.00000000,0.00000000,0.00000000,0.00378129,0.00000000,0.00000000,0.00000000,0.00000000,0.00000000,0.00000000,0.00000000,0.00000000,0.00364945,0.00000000,0.00000000,0.00000000,0.00000000,0.00000000,0.00000000,0.00000000,0.00000000,0.00000000,0.00000000,0.00000000,0.00000000,0.00000000,0.00000000,0.00000000,0.00000000,0.00000000,0.00000000,0.00000000,0.00000000,0.00000000,0.00000000,0.00000000,0.00000000,0.00000000,0.01405206,0.00100463,0.00479167,0.00681817,0.00000000,0.00000000,0.00000000,0.00672411,0.00000000,0.00000000,0.00000000,0.00000000,0.00000000,0.00000000,0.00000000,0.00000000,0.00000000,0.00000000,0.00000000,0.00000000,0.00000000,0.00000000,0.00000000,0.00000000,0.00000000,0.00000000,0.00000000,0.00000000,0.00000000,0.01260033,0.00000000,0.00000000,0.00000000,0.00000000,0.00000000,0.00000000,0.00000000,0.00000000,0.00000000,0.00691030,0.00000000,0.00000000,0.00000000,0.00000000,0.00000000,0.00000000,0.00000000,0.00000000,0.00000000,0.00000000,0.00412952,0.00000000,0.00000000,0.00000000,0.00000000,0.00000000,0.00000000,0.00518449,0.00000000,0.00000000,0.00000000,0.00201447,0.00000000,0.00000000,0.00000000,0.00000000,0.00000000,0.00000000,0.00000000,0.00000000,0.00999332,0.00000000,0.00000000,0.00000000,0.00188824,0.00000000,0.00000000,0.00000000,0.00000000,0.00000000,0.00000000,0.00000000,0.00000000,0.00000000,0.00000000,0.00000000,0.04126038,0.00000000,0.00798683,0.00000000,0.00000000,0.00000000,0.00000000,0.00000000,0.00000000,0.02015966,0.00000000,0.00000000,0.00000000,0.00084650,0.00000000,0.00000000,0.00000000,0.00000000,0.00000000,0.00000000,0.00000000,0.00000000,0.00000000,0.00000000,0.00000000,0.00000000,0.00000000,0.00000000,0.00000000,0.00000000,0.00000000,0.00000000,0.00000000,0.00000000,0.00000000,0.00000000,0.00000000,0.00097512,0.00000000,0.00000000,0.00000000,0.00000000,0.00000000,0.00000000,0.00000000,0.00000000,0.00000000,0.00000000,0.00000000,0.00000000,0.01958712,0.00000000,0.00000000,0.00000000,0.16261464,0.00000000,0.00000000,0.00000000,0.00000000,0.00000000,0.07328346,0.00000000,0.04175620,0.00000000,0.00000000,0.00359433,0.00000000,0.00000000,0.00000000,0.01936580,0.00000000,0.00739896,0.00000000,0.00000000,0.00000000,0.00000000,0.00000000,0.00222487,0.00000000,0.00000000,0.00000000,0.00000000,0.00000000,0.00597219,0.00000000,0.00000000,0.00000000,0.00000000,0.00000000,0.00000000,0.00000000,0.00000000,0.00000000,0.00000000,0.00393243,0.00000000,0.00000000,0.00000000,0.00000000,0.00000000,0.00000000,0.00000000,0.00401575,0.00000000,0.00000000,0.00000000,0.00000000,0.00322800,0.00000000,0.00000000,0.00000000,0.00000000,0.00000000,0.00000000,0.00000000,0.00000000,0.00000000,0.00000000,0.00000000,0.00000000,0.00000000,0.00000000,0.00000000,0.00000000,0.00000000,0.00000000,0.00098759,0.00000000,0.00000000,0.00000000,0.00000000,0.04292395,0.00000000,0.00000000,0.00000000,4.36510511,0.00000000,0.00000000,0.01056862,0.00000000,0.00000000,0.00000000,0.00000000,0.00000000,0.00000000,0.00000000,0.00000000,0.00000000,0.00000000,0.00000000,0.00000000,0.00000000,0.00000000,0.00000000,0.00000000,0.00000000,0.00000000,0.00000000,0.01047482,0.10326107,0.00000000,0.00000000,0.00000000,0.00000000,0.00000000,0.00000000,0.00000000,0.00000000,0.01913310,0.00000000,0.03120780,0.00000000,0.00000000,0.00000000,0.00000000,0.00000000,0.00000000,0.04757191,0.00000000,0.02429485,0.00000000,0.00000000,0.00000000,0.00000000,0.00000000,0.00000000,0.00000000,0.00000000,0.00000000,0.00000000,0.00000000,0.00000000,0.00000000,0.00000000,0.02589712,0.00000000,0.00000000,0.00000000,0.00000000,0.00000000,0.00000000,0.00000000,0.00000000,0.00000000,0.00000000,0.00000000,0.00000000,0.00000000,0.00000000,0.00000000,0.00517120,0.00000000,0.76063973,0.00000000,0.00000000,0.00000000,0.00000000,0.11238924,0.00000000,0.00000000,0.00000000,0.26989316,0.09448277,0.00000000,0.00554395,0.01086473,0.00000000,0.00000000,0.00000000,0.00000000,2.36414108,0.00000000,0.00000000,0.00000000,0.00000000,0.00000000,0.00000000,0.00000000,0.00000000,0.00000000,0.00000000,0.00373077,0.00000000,0.00000000,0.00000000,0.00000000,0.00000000,0.00000000,0.00000000,0.02691441,0.00000000,0.00145402,0.00000000,0.00000000,0.00000000,0.00000000,0.00000000,0.00000000,0.00000000,0.00000000,0.00000000,0.00000000,0.00000000,0.00000000,0.00000000,0.00000000,0.00150767,0.00000000,0.00000000,0.00000000,0.00000000,0.00000000,0.02448275,0.00000000,0.00724413,0.00000000,0.00000000,0.00000000,0.00000000,0.00000000,0.00595481,0.00000000,0.00000000,0.00815681,0.00000000,0.00000000,0.00000000,0.00000000,0.00000000,0.00000000,0.00000000,0.00000000,0.00000000,0.02138889,0.00000000,0.00000000,0.00000000,0.00000000,0.00000000,0.01822331,0.00000000,0.00000000,0.00000000,0.00000000,0.00000000,0.00000000,0.00000000,0.00000000,0.00000000,0.00263679,0.00000000,0.00000000,0.06534735,0.00000000,0.00320048,0.00000000,0.00000000,0.00000000,0.00000000,0.00000000,0.00000000,0.00486323,0.00000000,0.00000000,0.00000000,0.00000000,0.00000000,0.00000000,0.00000000,0.00000000,0.00000000,0.00000000,0.00000000,0.00000000,0.00000000,0.00000000,0.00000000,0.00000000,0.00000000,0.00877726,0.00000000,0.00000000,0.00000000,0.00935421,0.00724600,0.00000000,0.00000000,0.00000000,0.00000000,0.00000000,0.00000000,0.00000000,0.00000000,0.00000000,0.00000000,0.00000000,0.50371797,0.00000000,0.00000000,0.00000000,0.00000000,0.00000000,0.12446514,0.00000000,0.00000000,0.00000000,0.00000000,0.01087035,0.00000000,0.00000000,0.00000000,0.00000000,0.00000000
0.00000000,0.00000000,0.00000000,0.00000000,0.00000000,0.00000000,0.03470974,0.00000000,0.00000000,0.00667498,0.00000000,0.00000000,0.00000000,0.00000000,0.00000000,0.00000000,0.01510937,0.00762448,0.00000000,0.00000000,0.00000000,0.00000000,0.00000000,0.00000000,0.00000000,0.02200408,0.00000000,0.00000000,0.00000000,0.00000000,0.00000000,0.00000000,0.00000000,0.00000000,0.00000000,0.00343214,0.00000000,0.00134391,0.00000000,0.00000000,0.00000000,0.00000000,0.00000000,0.00000000,0.00000000,0.00530016,0.00000000,0.00000000,0.00000000,0.02548058,0.00000000,0.00000000,0.00000000,0.00415751,0.00000000,0.00000000,0.00000000,0.00000000,0.00000000,0.00000000,0.00000000,0.00000000,0.00000000,0.00000000,0.00000000,0.00000000,0.01003047,0.00000000,0.00698793,0.00441368,0.00000000,0.00000000,0.00000000,0.00000000,0.00000000,0.00385704,0.00000000,0.00000000,0.01069472,0.00000000,1.17186443,0.00000000,0.00000000,0.00000000,0.00000000,0.00102668,0.00000000,0.00000000,0.01164937,0.00000000,0.00000000,0.00000000,0.00000000,0.00000000,0.00000000,0.00000000,0.00000000,0.00540798,0.00000000,0.00000000,0.00000000,0.00000000,0.00000000,0.09635812,0.01090175,0.00000000,0.00000000,0.00000000,0.00000000,0.00572497,0.00000000,0.00000000,0.00000000,0.00000000,0.00000000,0.00000000,0.00000000,0.00000000,0.00000000,0.00000000,0.00000000,0.00000000,0.00000000,0.00000000,0.00000000,0.00000000,0.00000000,0.00152071,0.00000000,0.00000000,0.29105692,0.00000000,0.00000000,0.00000000,0.00000000,0.00000000,0.00000000,0.00000000,0.00374866,0.00000000,0.00000000,0.00000000,0.00000000,0.00000000,0.00000000,0.00000000,0.00000000,0.00000000,0.00000000,0.02755292,0.00000000,0.00000000,0.00000000,0.00000000,0.00000000,0.00000000,0.00000000,0.00000000,0.00000000,0.00000000,0.00000000,0.01910118,0.00000000,0.00000000,0.00000000,0.00000000,0.00000000,0.00000000,0.00000000,0.00000000,0.00000000,0.00000000,0.00000000,0.05333374,0.00000000,0.00229284,0.00000000,0.00000000,0.00000000,0.00000000,0.00000000,0.00000000,0.00000000,0.00000000,0.00000000,0.00342709,0.00000000,0.00000000,0.00000000,0.00000000,0.00000000,0.00000000,0.06064332,0.00000000,0.00000000,0.00000000,0.00000000,0.00000000,0.00000000,0.00000000,0.00000000,0.00000000,0.00000000,0.00000000,0.42779395,0.00000000,0.00000000,0.00000000,0.00000000,0.00000000,0.00000000,0.00000000,0.00000000,0.00000000,0.00000000,0.00000000,0.00000000,0.00000000,0.00000000,0.00000000,0.00000000,0.00000000,0.00000000,0.00000000,0.00000000,0.00000000,0.00504942,2.14946445,0.00000000,0.00000000,0.00000000,0.00000000,0.00000000,0.00000000,0.00229925,0.00000000,0.00000000,0.04879364,0.00000000,0.00000000,0.00631018,0.00828935,0.00000000,0.00000000,0.00000000,0.00000000,0.00000000,0.00855822,0.00000000,0.00000000,0.00000000,0.00000000,0.00000000,0.00000000,0.00160096,0.00000000,0.00000000,0.00000000,0.00000000,0.00000000,0.00000000,0.00653070,0.61248207,0.00000000,0.00000000,0.00000000,0.00000000,0.05708656,0.00000000,0.00000000,0.00000000,0.00000000,0.00000000,0.00000000,0.00000000,0.00000000,0.00000000,0.00234780,0.00000000,0.00000000,0.00000000,0.00000000,0.00000000,0.00000000,0.00000000,0.00000000,0.00000000,0.00000000,0.00264097,0.00000000,0.00000000,0.00000000,0.00000000,0.00000000,0.00000000,0.00000000,0.00000000,0.00000000,0.00000000,0.00000000,0.00000000,0.00000000,0.00000000,0.09570180,0.00000000,0.00000000,0.00000000,0.00000000,0.00000000,0.02470098,0.00000000,0.00000000,0.00000000,0.00000000,0.00000000,0.00000000,0.00000000,0.00000000,0.00000000,0.00000000,0.00000000,0.00000000,0.00000000,0.00000000,0.00000000,0.01713514,0.00693765,0.00000000,0.00000000,0.00000000,0.00000000,0.00000000,0.00000000,0.00000000,0.00000000,0.00000000,0.05064204,0.00000000,0.00000000,0.00000000,0.00000000,0.00000000,0.00000000,0.00000000,0.00000000,0.00000000,0.17508278,0.00000000,0.00686765,0.00000000,0.00000000,0.00000000,0.00000000,0.00000000,0.00000000,0.00000000,0.00000000,0.00000000,0.00000000,0.00000000,0.00000000,0.00000000,0.00000000,0.00000000,0.01249075,0.00000000,0.00000000,0.00000000,0.00000000,0.00000000,0.00000000,0.09493547,0.00000000,0.00000000,0.00000000,0.00246177,0.00000000,0.00000000,0.00000000,0.00000000,0.00000000,0.00000000,0.00000000,0.00000000,0.00000000,0.00000000,0.00000000,0.00000000,0.00000000,0.00000000,0.00000000,0.00000000,0.00000000,0.00000000,0.00000000,0.00869683,0.00303985,0.00000000,0.00627318,0.00000000,1.58474808,0.00000000,0.00000000,0.00000000,0.00000000,0.00000000,0.00000000,0.00000000,0.00000000,0.00000000,0.00000000,0.02005537,0.00000000,0.00000000,0.00000000,0.01385684,0.00000000,0.00000000,0.01237457,0.03808834,0.00000000,0.00000000,0.00000000,0.00000000,0.00000000,0.00000000,0.00000000,0.00000000,0.00798683,0.00000000,0.00000000,0.00783743,0.00000000,0.00000000,0.00000000,0.00000000,0.00000000,0.00000000,0.00000000,0.00000000,0.00000000,0.00000000,0.00000000,0.00000000,0.00000000,0.00000000,0.00000000,0.00000000,0.00000000,0.00000000,0.55975722,0.00000000,0.00000000,0.00000000,0.00000000,0.01142942,0.00000000,0.00000000,0.00000000,0.00000000,0.00000000,0.00000000,0.00000000,0.00000000,0.00000000,0.00000000,0.00478575,0.00075836,0.00000000,0.00000000,0.00000000,0.00000000,0.05262304,0.00305365,0.00000000,0.00000000,0.00000000,0.00000000,0.00000000,0.00000000,0.00000000,0.00000000,0.00000000,0.00774718,0.00000000,0.00000000,0.00000000,0.00000000,0.00000000,0.00000000,0.00000000,0.00000000,0.00548216,0.00402211,0.00000000,0.00000000,0.00000000,0.00000000,0.00000000,0.00000000,0.00905832,0.00000000,0.00000000,0.00000000,0.00000000,0.00285793,0.00817563,0.00000000,0.00000000,0.00000000,0.11503902,0.00000000,0.00000000,0.00000000,0.00000000,0.01023144,0.00000000,0.00000000,0.00000000,0.00000000,0.00000000,0.00000000,0.04270595,0.00000000,0.02063752,0.00000000,0.00000000,0.00000000,0.05235789,0.01016463,0.00000000,0.00000000,0.00000000,0.00000000,0.00000000,0.00000000,0.00000000,0.00000000,0.00000000,0.00000000,0.00000000,0.00000000,0.00000000,0.00000000,0.00000000,0.00000000,0.00000000,0.00000000,0.00000000,0.00000000,0.01684146,0.00000000,0.00000000,0.00000000,0.00000000,0.00000000,0.00000000,0.01364661,0.00000000,0.00000000,0.06392683,0.00000000,0.00000000,0.00000000,0.00000000,0.00000000,0.19204053,0.00000000,0.00000000,0.00000000,0.00000000,0.00695169,0.00000000,0.00000000,0.00000000,0.00000000,0.00000000,0.00000000,0.00000000,0.68673438,0.00000000,0.00000000,0.00000000,0.00000000,0.00000000,0.00000000,0.00000000,0.00000000,0.00000000,0.00000000,0.00000000,0.00226186,0.00000000,0.00000000,0.00000000,0.00000000,0.00000000,0.00000000,0.00000000,0.00000000,0.00000000,0.00000000,0.00000000,0.00000000,0.00000000,0.00000000,0.00000000,0.00000000,0.00000000,0.00000000,0.00000000,0.00000000,0.00000000,0.00000000,0.00189691,0.00104466,0.00358479,0.00000000,0.00000000,0.00000000,0.00000000,0.00000000,0.00374574,0.00000000,0.00000000,0.00000000,0.00142873,0.00000000,0.00000000,0.00000000,0.00000000,0.00000000,0.32507640,0.00000000,0.00000000,0.00000000,0.00000000,0.00117520,0.00000000,0.00000000,0.00000000,0.00000000,0.07602869,0.00000000,0.00000000,0.00000000,0.00000000,0.00000000,0.00000000,0.00000000,0.00000000,0.00000000,0.00000000,0.00000000,0.00000000,0.00000000,0.00000000,0.00000000,0.00000000,0.00000000,0.00000000,0.00000000,0.00144283,0.00000000,0.00071698,0.00000000,0.00000000,0.00000000,0.00000000,0.00000000,0.00000000,0.00000000,0.00000000,0.00000000,0.00000000,0.00000000,0.00000000,0.00000000,0.00000000,0.00321697,0.00000000,0.00000000,0.00000000,0.00000000,0.00000000,0.00000000,0.00000000,0.00443714,0.00000000,0.00000000,0.00000000,0.00000000,0.00000000,0.00000000,0.00000000,0.00000000,0.00000000,0.00000000,0.00000000,0.00000000,0.00000000,0.00000000,0.00000000,0.00000000,0.00000000,0.00000000,0.00000000,0.00000000,0.00000000,0.00000000,0.01886595,0.00000000,0.00000000,0.00000000,0.00000000,0.00000000,0.00000000,0.00965597,0.00425466,0.00000000,0.00000000,0.00000000,0.00000000,0.00000000,0.00000000,0.02951202,0.05279716,0.00000000,0.00000000,0.00000000,3.35224963,0.00000000,0.00000000,0.00000000,0.00000000,0.00000000,0.00000000,0.00000000,0.00000000,0.00000000,0.00000000,0.00000000,0.00000000,0.00000000,0.00000000,0.00000000,0.00000000,0.00000000,0.00000000,0.00000000,0.00000000,0.00000000,0.01872900,0.00000000,0.00000000,0.00000000,0.00000000,0.00000000,0.00000000,0.00000000,0.00000000,0.00000000,0.00000000,0.00000000,0.00000000,0.00000000,0.00000000,0.01074318,0.00000000,0.00000000,0.00000000,0.00000000,0.00000000,0.00000000,0.00000000,0.00000000,0.01987756,0.00000000,0.00000000,0.00000000,0.00000000,0.00000000,0.00000000,0.01917179,0.00000000,0.00000000,0.00317122,0.00000000,0.00000000,0.00000000,0.00000000,0.00000000,0.00000000,0.00000000,0.00113185,0.00000000,0.00000000,0.00000000,0.00000000,0.00000000
0.00000000,0.00000000,0.00000000,0.00000000,0.00000000,0.00000000,0.00000000,0.00000000,0.00000000,0.00000000,0.00000000,0.00000000,0.00000000,0.00000000,0.00000000,0.00000000,0.00000000,0.00000000,0.00000000,0.00000000,0.00000000,0.00000000,0.00000000,0.00000000,0.00000000,0.00000000,0.00000000,0.02638643,0.00000000,0.00438630,0.00000000,0.00000000,0.00664082,0.00000000,0.00000000,0.00000000,0.00000000,0.00000000,0.00000000,0.02481150,0.00000000,0.00000000,0.00836746,0.00527136,0.00000000,0.00541871,0.00000000,0.00000000,0.00000000,0.00000000,0.00000000,0.00000000,0.00000000,0.00000000,0.00000000,0.00000000,0.00302897,0.00000000,0.05029040,0.00000000,0.00000000,1.28417772,0.00000000,0.00000000,0.00000000,0.00000000,0.00000000,0.00000000,0.00000000,0.00000000,0.00000000,0.00000000,0.00000000,0.00000000,0.00000000,0.00000000,0.00000000,0.00000000,0.00000000,0.01988937,0.00000000,0.00000000,0.00000000,0.00000000,0.00000000,0.00000000,0.00000000,0.00000000,0.00000000,0.00000000,0.00000000,0.00000000,0.00000000,0.00000000,0.00000000,0.00000000,0.00000000,0.00000000,0.00086668,0.00000000,0.00000000,0.00000000,0.00000000,0.00000000,0.00000000,0.00000000,0.29841732,0.00000000,0.00000000,0.00000000,0.00000000,0.02212242,0.00000000,0.00000000,0.00000000,0.00000000,0.00000000,0.00000000,0.00000000,0.00000000,0.00000000,0.00000000,0.00560643,0.00000000,0.00000000,0.00330742,0.00000000,0.00000000,0.00000000,0.00000000,0.11768701,0.00000000,0.00000000,0.00163799,0.00000000,0.01650209,0.00000000,0.00000000,0.00000000,0.00000000,0.00000000,0.00175583,0.00000000,0.00000000,0.00000000,0.00000000,0.00000000,0.00000000,0.00000000,0.00000000,0.36301705,0.00000000,0.00000000,0.01144826,0.00000000,0.00000000,0.00000000,0.00267044,0.00000000,0.00000000,0.00082396,0.03335954,0.00156851,0.00000000,0.00000000,0.00000000,0.00000000,0.00000000,0.02564641,0.00000000,0.00000000,0.00000000,0.00000000,0.00000000,0.00000000,0.00000000,0.00000000,0.00000000,0.00000000,0.00000000,0.00000000,0.00000000,0.00000000,0.00000000,0.00000000,0.00000000,0.00000000,0.00000000,0.00000000,0.00000000,0.00000000,0.00000000,0.00000000,0.00000000,0.00000000,0.00000000,0.00000000,0.00000000,0.00000000,0.00000000,0.00000000,0.00000000,0.00000000,0.00264321,0.00000000,0.00000000,0.00000000,0.00000000,0.00000000,0.00000000,0.00000000,0.00000000,0.00000000,0.00000000,0.00000000,0.04774587,0.00000000,0.00000000,0.00000000,0.00000000,0.00000000,0.00000000,0.00000000,0.00000000,0.02951102,0.00000000,0.00000000,0.00271342,0.00000000,0.00000000,0.00000000,0.00000000,0.00000000,0.03335875,0.00000000,0.00000000,0.00000000,0.00000000,0.00000000,0.00000000,0.00000000,0.00000000,0.00000000,0.00000000,0.00000000,0.00000000,0.00000000,0.00000000,0.00561800,0.00000000,0.00000000,0.00000000,0.00000000,0.00000000,0.00000000,0.00485454,0.00000000,0.00000000,0.00076847,0.00000000,0.02632486,0.00000000,0.02242479,1.56709834,0.00000000,0.00000000,0.00000000,0.00000000,0.00000000,0.00000000,0.00000000,0.00000000,0.00000000,0.00000000,0.00000000,0.00000000,0.00000000,0.00000000,0.00000000,0.00000000,0.00000000,0.00000000,0.00000000,0.00000000,0.00000000,0.00000000,0.00000000,0.00161654,0.00000000,0.00000000,0.00000000,0.00895145,0.00404827,0.01485055,0.00000000,0.00000000,0.00000000,0.00211873,0.00000000,0.00000000,0.00000000,0.00000000,0.00000000,0.00000000,0.00000000,0.00000000,0.00717708,0.00000000,0.00000000,0.00000000,0.00000000,0.00635558,0.00000000,0.00000000,0.00000000,0.00000000,0.00000000,0.00000000,0.00000000,0.00000000,0.01981830,0.00000000,0.00000000,0.00000000,0.00000000,0.00000000,0.00444871,0.00000000,0.00000000,0.00000000,0.00000000,0.00000000,0.00000000,0.00000000,0.00000000,0.00000000,0.00212284,0.00000000,0.00000000,0.00000000,0.00000000,0.00000000,0.00000000,0.00000000,0.00000000,0.00000000,0.00000000,0.00566729,0.00000000,0.00000000,0.00000000,0.00000000,0.00000000,0.00000000,0.00000000,0.00000000,0.00000000,0.00000000,0.00000000,0.00294132,0.00000000,0.00000000,0.00000000,0.00000000,0.00000000,0.00000000,0.03142848,0.00187386,0.00000000,0.00000000,0.00000000,0.00000000,0.00000000,0.00000000,0.00172121,0.00307505,0.00000000,0.10943851,0.00000000,0.00000000,0.00000000,0.00000000,0.02908988,0.00000000,0.00000000,0.00000000,0.00000000,0.00000000,0.00000000,0.00000000,0.00000000,0.00000000,0.01742423,0.00000000,0.00000000,0.00000000,0.00000000,0.00000000,0.00000000,0.00000000,0.00000000,0.00000000,0.00000000,0.00000000,0.00000000,0.00000000,0.00000000,0.00000000,0.00000000,0.00000000,0.00000000,0.01081105,0.00000000,0.00000000,0.00000000,0.02293416,0.00455210,0.00000000,0.01186149,0.00000000,0.02513557,0.00000000,0.00000000,0.00000000,0.00000000,0.00081671,0.00000000,0.00000000,0.00000000,0.00000000,0.00000000,0.00316207,0.00000000,0.00000000,0.00000000,0.00000000,0.00000000,0.00000000,0.00000000,0.00000000,0.00000000,0.00000000,0.00000000,0.00000000,0.00000000,0.00000000,0.00000000,0.00000000,0.00359268,0.00000000,0.00117385,0.00000000,0.00000000,0.00117705,0.00000000,0.00000000,0.00000000,0.04575738,0.02282380,0.00000000,0.00000000,0.00000000,0.00000000,0.00000000,0.17129396,0.00000000,0.00000000,0.00000000,0.00543473,0.00000000,0.00000000,0.11992843,0.00000000,0.00000000,0.00000000,0.00000000,0.00000000,0.01559176,0.00000000,0.00000000,0.00000000,0.00000000,0.00000000,0.00000000,0.00000000,0.00000000,0.00238946,0.00000000,0.00000000,0.00000000,0.00252824,0.00000000,0.00000000,1.17944315,0.00000000,0.00107700,0.00000000,0.00000000,0.00000000,0.00000000,0.00000000,0.00000000,0.01137701,0.00207188,0.00000000,0.00000000,0.00806713,0.00409068,0.00000000,0.00000000,0.00000000,0.00000000,0.00000000,0.00000000,0.00000000,0.00000000,0.00000000,0.00000000,0.00000000,0.00000000,0.00000000,0.00453624,0.00000000,0.00000000,0.00000000,0.00000000,0.00000000,0.00000000,0.00000000,0.00000000,0.00000000,0.00000000,0.00000000,0.00000000,0.00000000,0.00000000,0.00000000,0.00000000,0.00000000,0.00000000,0.00000000,0.00000000,0.00000000,0.00831960,0.00000000,0.00000000,0.00000000,0.00000000,0.00946242,0.00000000,0.00000000,0.00000000,0.00000000,0.00000000,0.00000000,0.00000000,0.00000000,0.00000000,0.00000000,0.00000000,0.00000000,0.00000000,0.00000000,0.00000000,0.00000000,0.00000000,0.00000000,0.00000000,0.00000000,0.00000000,0.00000000,0.00000000,0.00000000,0.00000000,0.00000000,0.00000000,0.00000000,0.00000000,0.00000000,0.00000000,0.00000000,0.00000000,0.00000000,0.00000000,0.00000000,0.00000000,0.00000000,0.00000000,0.00000000,0.00000000,0.00000000,0.00000000,0.00000000,0.00000000,0.03838801,0.00000000,0.00000000,0.00000000,0.00000000,0.00000000,0.00000000,0.00000000,0.00000000,0.00000000,0.02066101,0.01137192,0.02183070,0.00000000,0.00000000,0.00000000,0.00000000,0.00000000,0.00000000,0.00000000,0.00000000,0.00000000,0.00000000,0.00000000,0.04302509,0.00000000,0.00000000,0.00000000,0.00000000,0.00000000,0.00000000,0.00000000,0.00000000,0.00000000,0.00000000,0.00000000,1.27519807,0.00000000,0.00000000,0.00000000,0.00000000,0.00095576,0.00000000,0.00000000,0.00000000,0.00000000,0.00000000,0.00841667,0.00000000,0.00000000,0.00000000,0.00000000,0.00104128,0.00000000,0.00000000,0.00000000,0.00000000,0.00000000,0.00000000,0.00730584,0.00716722,0.00000000,0.00000000,0.00000000,0.00000000,0.00806998,0.00000000,0.00800085,0.00000000,0.00000000,0.00000000,0.00000000,0.00000000,0.00000000,0.00000000,0.00000000,0.00000000,0.00000000,0.00000000,0.00000000,0.00000000,0.00000000,0.00000000,0.00000000,0.00455335,0.00000000,0.00000000,0.00000000,0.00000000,0.00000000,0.00000000,2.45634220,0.00000000,0.00000000,0.00000000,0.00000000,0.00000000,0.00000000,0.00000000,0.00000000,0.00000000,0.00000000,0.00870507,0.00243640,0.00000000,0.00000000,0.00000000,0.00000000,0.00000000,0.00000000,0.00145036,0.00000000,0.00000000,0.00000000,0.01404904,0.28791950,0.00867655,0.00000000,0.00000000,0.00000000,0.00000000,0.00000000,0.00000000,0.00000000,0.00000000,0.00000000,0.00000000,0.00000000,0.00000000,0.00000000,0.00000000,0.00000000,0.00155307,0.00000000,0.00000000,0.00000000,0.00000000,0.00000000,0.00000000,0.00000000,0.00000000,0.00000000,0.00000000,0.00000000,0.00000000,0.00000000,0.00000000,0.00000000,0.00000000,0.00000000,0.00066444,0.00000000,0.00000000,0.00000000,0.00419439,0.00000000,0.00000000,0.00000000,0.00000000,0.00000000,0.00000000,0.00000000,0.27507875,0.00000000,0.00200666,0.00000000,0.00000000,0.00062396,0.00000000,0.00000000,0.00000000,0.03629630,0.00000000,0.00717316,0.00000000,0.00000000,0.00000000,0.00000000,0.00000000,0.00000000,0.00000000,0.00792194,0.00000000,0.00000000,0.00000000,0.00000000,0.00000000,0.00000000,0.00000000,0.00000000,0.00000000,0.00000000,0.00000000,0.00000000,0.00000000,0.00000000,0.00000000,0.00000000,0.00000000,0.00000000,0.00000000,0.00000000,0.00000000,0.00000000,0.00000000,0.00000000
0.00000000,0.00594986,0.00000000,0.00000000,0.00000000,0.00000000,0.00000000,0.00000000,0.00000000,0.00000000,2.03178331,0.00000000,0.00000000,0.00000000,0.00000000,0.00000000,0.00000000,0.00000000,0.00000000,0.00000000,0.00000000,0.00000000,0.00000000,0.00000000,0.00000000,0.00000000,0.00000000,0.00000000,0.00340296,0.00000000,0.00383568,1.81762182,0.00000000,0.00000000,0.00000000,0.00000000,0.00000000,0.00000000,0.00000000,0.00000000,0.00000000,0.00000000,0.00336964,0.00000000,0.00000000,0.00000000,0.00000000,0.00000000,0.00000000,0.00000000,0.01219208,0.00000000,0.00000000,0.00000000,0.00000000,0.00000000,0.00000000,0.00000000,0.00000000,0.00000000,0.00000000,0.00000000,0.00000000,0.00000000,0.00000000,0.00000000,0.00000000,0.00000000,0.00000000,0.00000000,0.00000000,0.00000000,0.00439080,0.00000000,0.00000000,0.00000000,0.00000000,0.00000000,0.00249985,0.00000000,0.00667411,0.00000000,0.00000000,0.00000000,0.00000000,0.00000000,0.00000000,0.00000000,0.00117529,0.00000000,0.00000000,0.00000000,0.00000000,0.00000000,0.00000000,0.00000000,0.00000000,0.00000000,0.00000000,0.00000000,0.00000000,0.00000000,0.00000000,0.00000000,0.00000000,0.00000000,0.00000000,0.00000000,0.00282632,0.00000000,0.00000000,0.00385685,0.00000000,0.00000000,0.00637668,0.00000000,0.00000000,0.00000000,0.00000000,0.00000000,0.00000000,0.00000000,0.00000000,0.00000000,0.00000000,0.07016554,0.00788943,0.00000000,0.00000000,0.00000000,0.00000000,0.00000000,0.00000000,0.00000000,0.00000000,0.00000000,0.00000000,0.00000000,0.00000000,0.00000000,0.00435470,0.00000000,0.00000000,0.00000000,0.00000000,0.00000000,0.00000000,0.00000000,0.00000000,0.00000000,0.00000000,0.00221162,0.00498507,0.00000000,0.00000000,0.00000000,0.00000000,0.00000000,0.00000000,0.00373687,0.00000000,0.00151249,0.00000000,0.00000000,0.00000000,0.00000000,0.00000000,0.00000000,0.02141505,0.00000000,0.00000000,0.00000000,0.00000000,0.00000000,0.00000000,0.00000000,0.00000000,0.28490046,0.00000000,0.00000000,0.00326335,0.00000000,0.00000000,0.00000000,0.00000000,0.00000000,0.00000000,0.00000000,0.00000000,0.00000000,0.00000000,0.00000000,0.00000000,0.00000000,0.00000000,0.00000000,0.00000000,0.00000000,0.00000000,0.00000000,0.00000000,0.00687392,0.00000000,0.00000000,0.00000000,0.00000000,0.00000000,0.00673568,0.00000000,0.00000000,0.00000000,0.00000000,0.00000000,0.01237427,0.00754121,0.00000000,0.04387714,0.00000000,0.00000000,0.00000000,0.00000000,0.00000000,0.00000000,0.00000000,0.07605752,0.00000000,0.00000000,0.00000000,0.00000000,0.00000000,0.00000000,0.00000000,0.00000000,0.00000000,0.00000000,0.00000000,0.00000000,0.00000000,0.00000000,0.00000000,0.00000000,0.00000000,0.00000000,0.00000000,0.00000000,0.00000000,0.00000000,0.00000000,0.00000000,0.00000000,0.00132501,0.00000000,0.00000000,0.00000000,0.12982416,0.00000000,0.00000000,0.00000000,0.00000000,0.00000000,0.00000000,0.00000000,0.00000000,0.00000000,0.00000000,0.00000000,0.00000000,0.00000000,0.00000000,0.00268473,0.00000000,0.00000000,0.00000000,0.00000000,0.00000000,0.00000000,0.00000000,0.00000000,0.00317447,0.00000000,0.00000000,0.00000000,0.00000000,0.00000000,0.00000000,0.00000000,0.00000000,0.00000000,0.12167530,0.00000000,0.00324128,0.00000000,0.00000000,0.00000000,0.00787974,0.00000000,0.00000000,0.00000000,0.00000000,0.00000000,0.00428299,0.00000000,0.00000000,0.00000000,0.46469875,0.00000000,0.00000000,0.00000000,0.00000000,0.00000000,0.00000000,0.00000000,0.00000000,0.15084760,0.00405477,0.00000000,0.12265994,0.00000000,0.00000000,0.00000000,0.00000000,0.00000000,0.00316749,0.00000000,0.00000000,0.00000000,0.00000000,0.00000000,0.07402148,0.00000000,0.74593733,0.00000000,0.00198798,0.00000000,0.00000000,0.00000000,0.00000000,0.00000000,0.00000000,0.00193940,0.00000000,0.00431158,0.00000000,0.00000000,0.00562673,0.00000000,0.00000000,0.00000000,0.01138781,0.00000000,0.00000000,0.00000000,0.00000000,0.00000000,0.00000000,0.00000000,1.74204784,0.00000000,0.00638987,0.00000000,0.00000000,0.00000000,0.00000000,0.01072891,0.00000000,0.00000000,0.00000000,0.00367560,0.00000000,0.00000000,0.00000000,0.00000000,0.00000000,0.00000000,0.00000000,0.00000000,0.02077660,0.00000000,0.00000000,0.00000000,0.00000000,0.00000000,0.00000000,0.00000000,0.00000000,0.00183240,0.00000000,0.00000000,0.00000000,0.00000000,0.00519791,0.00000000,0.00000000,0.00000000,0.00000000,0.00000000,0.00000000,0.00394306,0.00000000,0.00000000,0.00000000,0.00000000,0.00000000,0.00000000,0.00000000,0.00000000,0.00401320,0.00000000,0.00000000,0.00000000,0.00000000,0.00000000,0.00000000,0.00000000,0.00000000,0.00000000,0.00000000,0.00000000,0.00000000,0.00000000,0.00000000,0.00000000,0.00000000,0.00000000,0.00000000,0.00000000,0.00000000,0.00000000,0.00000000,0.00783743,0.00316207,0.00000000,0.00000000,0.00000000,0.00000000,0.00000000,0.00000000,0.00000000,0.00000000,0.00000000,0.00000000,0.00000000,0.00000000,0.00000000,0.00000000,0.00000000,0.00000000,0.00000000,0.00000000,0.00000000,0.00000000,0.00000000,0.00000000,0.01542590,0.00000000,1.94007093,0.00000000,0.00000000,0.00000000,0.00000000,0.00000000,0.00000000,0.00964213,0.00000000,0.00000000,0.00000000,0.00000000,0.00000000,0.00872551,0.00000000,0.00000000,0.00000000,0.00000000,0.29154417,0.00000000,0.00000000,0.00000000,0.00000000,0.00000000,0.00000000,0.00000000,0.00000000,0.00000000,0.00000000,0.00000000,0.00000000,0.00000000,0.00000000,0.00000000,0.01143858,0.00000000,0.00000000,0.00000000,0.00000000,0.00000000,0.00000000,0.00000000,0.00000000,0.00000000,0.00000000,0.00000000,0.00000000,0.00000000,0.00000000,0.00000000,0.00000000,0.00000000,0.79826280,0.00000000,0.00000000,0.00000000,0.00000000,0.00000000,0.00000000,0.00287336,0.00000000,0.00000000,0.00000000,0.00000000,0.00000000,0.00000000,0.00000000,0.00000000,0.00000000,0.00000000,0.00000000,0.00000000,0.00000000,0.00000000,0.21633275,0.00000000,0.00000000,0.00000000,0.00000000,0.00000000,0.00000000,0.00000000,0.00000000,0.00000000,0.00000000,0.00000000,0.00000000,0.00000000,0.00000000,0.06741713,0.00000000,0.00000000,0.00437350,0.00000000,0.00000000,0.00000000,0.00000000,0.00000000,0.00000000,0.00000000,0.00401906,0.00000000,0.00000000,0.00000000,0.00000000,0.00000000,0.00000000,0.00000000,0.00082270,0.00000000,0.00000000,0.06206580,0.00000000,0.00000000,0.00000000,0.00000000,0.00000000,0.00000000,0.00000000,0.00000000,0.06406991,0.00000000,0.00782455,0.00000000,0.00865056,0.00000000,0.00000000,0.00000000,0.03109590,0.02031719,0.00000000,0.00000000,0.00000000,0.15922061,0.00349481,0.00000000,0.00000000,0.00000000,0.00000000,0.00000000,0.00000000,0.00000000,0.00000000,0.00000000,0.00000000,0.00000000,0.00273342,0.00000000,0.00000000,0.00000000,0.00000000,0.05120563,0.00000000,0.00000000,0.00000000,0.00000000,0.03954920,0.00000000,0.00099196,0.00000000,0.00000000,0.00000000,0.00000000,0.00000000,0.00000000,0.00000000,0.00000000,0.00000000,0.00000000,0.00000000,0.00000000,0.00000000,0.01767277,0.00000000,0.00000000,0.00000000,0.00000000,0.00000000,0.00000000,0.00000000,0.00000000,0.05308489,0.00000000,0.00682572,0.02247244,0.00000000,0.00000000,0.00000000,0.00000000,0.00000000,0.00000000,0.00000000,0.00000000,0.00743610,0.00000000,0.13001767,0.00930564,0.00000000,0.00000000,0.00000000,0.00000000,0.00000000,0.00000000,0.00000000,0.00000000,0.00000000,0.00000000,0.00000000,0.02312207,0.05198057,0.00000000,0.00000000,0.00000000,0.00000000,0.00000000,0.00000000,0.00706263,0.00000000,0.00000000,0.01083666,0.00000000,0.00000000,0.00000000,0.00000000,0.00000000,0.00000000,0.00000000,1.50761639,0.00000000,0.00000000,0.00000000,0.00000000,0.00000000,0.00000000,0.00000000,0.00000000,0.00000000,0.00000000,0.00000000,0.00000000,0.00000000,0.00000000,0.00000000,0.00000000,0.00000000,0.00770182,0.00000000,0.00103253,0.00000000,0.00000000,0.00000000,0.00000000,0.00000000,0.00768027,0.00000000,0.00000000,0.00000000,0.00000000,0.00000000,0.01481913,0.00000000,0.00000000,0.00000000,0.00000000,0.00000000,0.00000000,0.00000000,0.00000000,0.00575949,0.00000000,0.12071552,0.00000000,0.00000000,0.00000000,0.00000000,0.00000000,0.00646619,0.00000000,0.00000000,0.00000000,0.00000000,0.00000000,0.07038349,0.00000000,0.00000000,0.00000000,0.00000000,0.00000000,0.00087910,0.00000000,0.00000000,0.04621854,0.00000000,0.00000000,0.00000000,0.00000000,0.00236025,0.00000000,0.00000000,0.00000000,0.00000000,0.00000000,0.00000000,0.00632813,0.00000000,0.00000000,0.00000000,0.00000000,0.00000000,0.00000000,0.00000000,0.00000000,0.00000000,0.00359077,0.00000000,0.00000000,0.00000000,0.00000000,0.00000000,0.00000000,0.00000000,0.00000000,0.00000000,0.00000000,0.00000000,0.00000000,0.00000000,0.00000000,0.04894894,0.00000000,0.00000000,0.00000000,0.00000000,0.00000000,0.00000000,0.00000000,0.00000000,0.00000000,0.00000000,0.00298268,0.00000000,0.00000000,0.00087728,0.00000000,0.00000000
0.00000000,0.00000000,0.00000000,0.00272321,0.00000000,0.01657397,0.00000000,0.00475041,0.00000000,0.00797506,0.00000000,0.00000000,0.00000000,0.00000000,0.00000000,0.00000000,0.00000000,0.00000000,0.00000000,0.04690595,0.00000000,0.00000000,0.00000000,0.00000000,0.00000000,0.00774210,0.00000000,0.00000000,0.00000000,0.00000000,0.00000000,0.00000000,0.00000000,0.00271075,0.00000000,0.00000000,0.00000000,0.00000000,0.00000000,0.00000000,0.00000000,0.00000000,0.00000000,0.00000000,0.00000000,0.00000000,0.00091045,0.00000000,0.00000000,0.00000000,0.00000000,0.00000000,0.00000000,0.00000000,0.00000000,0.00000000,0.00000000,0.00000000,0.00000000,0.00000000,0.00134809,0.00000000,0.00000000,0.00000000,0.00000000,0.00000000,0.00000000,0.00000000,0.00000000,0.00000000,0.00293325,0.00000000,0.00000000,0.00113421,0.00189669,0.00000000,0.00000000,0.00000000,0.00000000,0.00000000,0.00000000,0.00000000,0.00000000,0.00000000,0.00000000,0.00000000,0.00000000,0.01196635,0.00000000,0.00000000,0.00000000,0.00000000,0.00000000,0.00000000,0.00000000,0.00000000,0.00000000,0.00000000,0.00000000,0.00000000,0.00000000,0.00000000,0.00000000,0.00000000,0.00000000,0.00000000,0.00000000,0.00000000,0.00000000,0.00205374,0.00000000,0.00000000,0.00000000,0.00000000,0.00000000,0.00000000,0.00000000,0.00000000,0.00000000,0.00000000,0.00000000,0.00000000,0.00000000,0.00000000,0.01505384,0.00000000,0.00000000,0.00483901,0.00000000,0.00000000,0.00000000,0.00000000,0.00000000,0.00000000,0.00000000,0.00000000,0.00000000,0.00836242,0.00000000,0.00000000,0.00000000,0.00000000,0.00000000,0.00000000,0.00000000,0.03473078,0.00000000,0.00000000,0.00000000,0.00000000,0.00000000,0.00000000,0.00278971,0.00000000,0.00000000,0.00000000,0.00000000,0.00000000,0.00000000,0.00000000,0.00000000,0.00000000,0.00000000,0.00000000,0.00000000,0.00000000,0.00000000,0.00000000,0.00000000,0.00236953,0.00000000,0.00680137,0.00422210,0.00000000,0.01531527,0.00927394,0.00000000,0.00000000,0.00000000,0.00000000,0.00000000,0.00504775,0.00000000,0.00000000,0.00000000,0.00000000,0.00000000,0.00497578,0.00000000,0.00000000,0.00000000,0.00000000,0.00000000,0.01223043,0.00000000,0.00000000,0.00000000,0.00000000,0.00000000,0.00000000,0.00000000,0.00000000,0.00000000,0.00000000,0.00000000,0.00000000,0.00000000,0.00000000,0.00000000,0.02013416,0.00000000,0.00000000,0.00000000,0.00000000,0.00000000,0.00000000,0.00000000,0.00000000,0.00000000,0.00000000,0.00000000,0.00000000,0.00000000,0.01070004,0.00000000,0.00000000,0.00000000,0.00000000,0.00000000,0.00000000,0.00000000,0.00000000,0.00000000,0.00000000,0.00000000,0.00000000,0.00000000,0.00000000,0.00000000,0.00000000,0.00000000,0.00000000,0.00000000,0.00000000,0.00000000,0.00000000,0.00000000,0.00000000,0.00000000,0.00000000,0.00000000,0.00134163,0.00000000,0.00000000,0.00000000,0.00000000,0.00000000,0.00000000,0.00000000,0.00000000,0.00000000,0.00000000,0.00000000,0.00000000,0.00000000,0.00319513,0.00646274,0.00000000,0.00847837,0.00000000,0.00000000,0.00000000,0.00000000,0.00370317,0.00235453,0.04197539,0.00000000,0.00000000,0.00000000,0.00000000,0.16182052,0.00000000,0.00000000,0.00000000,0.00000000,0.14983459,0.00000000,0.00000000,0.00076568,0.00000000,0.00000000,0.02234061,0.00000000,0.00000000,0.00000000,0.00000000,0.00000000,0.00000000,0.00000000,0.00000000,0.00000000,0.00000000,0.00000000,0.00000000,0.00000000,0.00000000,0.00361338,0.08967949,0.00000000,0.00000000,0.00000000,0.00000000,0.00000000,0.00000000,0.00000000,0.00000000,0.00000000,0.00000000,0.01550365,0.00000000,0.00000000,0.00000000,0.00000000,0.00408185,0.00000000,0.00497015,0.00000000,0.00332726,0.00000000,0.00000000,0.00000000,0.00000000,0.00000000,0.00000000,0.00000000,0.00000000,0.00000000,0.00000000,0.00000000,0.00000000,0.00000000,0.00000000,0.00000000,0.00000000,0.00000000,0.00000000,0.00000000,0.00000000,0.00000000,0.00000000,0.08557645,0.00000000,0.00000000,0.00000000,0.00000000,0.00000000,0.00000000,0.00000000,0.00000000,0.08381798,0.00000000,0.00000000,0.00000000,0.00000000,0.00000000,0.00288073,0.03799267,0.00000000,0.00000000,0.00068528,0.00000000,0.00000000,0.00000000,0.04225874,0.00000000,0.00000000,0.00000000,0.00000000,0.00000000,0.00000000,0.00000000,0.00000000,0.00162796,0.00000000,0.00363411,0.00000000,0.00000000,0.00000000,0.00000000,0.06662247,0.00000000,0.00297996,0.00000000,0.00000000,0.00000000,0.00565739,0.00000000,0.00000000,0.00000000,0.00000000,0.00000000,0.00000000,0.00000000,0.00000000,0.00000000,0.00000000,0.00000000,0.00552482,0.00000000,0.01205950,0.00000000,0.00000000,0.00000000,0.00000000,0.04151020,0.00000000,0.00000000,0.00000000,0.00000000,0.00000000,0.00000000,0.00000000,0.00000000,0.00000000,0.01566876,0.00000000,0.00561597,0.00000000,0.00000000,0.00000000,0.00000000,0.00000000,0.00000000,0.00000000,0.00000000,0.00000000,0.00000000,0.00000000,0.01640788,0.00697051,0.00000000,0.00000000,0.00000000,0.00000000,0.00000000,0.00000000,0.00000000,0.00000000,0.00000000,0.16864805,0.00000000,0.00000000,0.00461754,0.00000000,0.00000000,0.00000000,0.00000000,0.00000000,0.00000000,0.00000000,0.00000000,0.00000000,0.01156045,0.00000000,0.00000000,0.00000000,0.00000000,0.00260013,0.00000000,0.00000000,0.00000000,0.00000000,0.00899694,0.00000000,0.00000000,0.00000000,0.00000000,0.00110524,0.00000000,0.00000000,0.00000000,0.00000000,0.00000000,0.00000000,0.00000000,0.00000000,0.00000000,0.00000000,0.00000000,0.00000000,0.00000000,0.00000000,0.00000000,0.00479288,0.00000000,0.79758158,0.00000000,0.00000000,0.00000000,0.00000000,0.00000000,0.00000000,0.00000000,0.00000000,0.00000000,0.00000000,0.05483871,0.00000000,0.00359846,0.00000000,0.00000000,0.00000000,0.00000000,0.00000000,0.01855296,0.00000000,0.00000000,0.00000000,0.00000000,0.00000000,0.00000000,0.00000000,0.00000000,0.00000000,0.00000000,0.00000000,0.00000000,0.00736708,0.00000000,0.00000000,0.00000000,0.00000000,0.00000000,0.00000000,0.00000000,0.00000000,0.00000000,0.00000000,0.00938297,0.00000000,0.01693974,0.00000000,0.00000000,0.00000000,0.00000000,0.00000000,0.00000000,0.00000000,0.00000000,0.00000000,0.00000000,0.00000000,0.00929918,0.00000000,0.00000000,0.00000000,0.00000000,0.00000000,0.00000000,0.00000000,0.00000000,0.00000000,0.00134775,0.00000000,0.00000000,0.00000000,0.00000000,0.51281688,0.00000000,0.00421866,0.00000000,0.00000000,0.21093727,0.00000000,0.00000000,0.00000000,0.00000000,0.00000000,0.00000000,0.00000000,0.00000000,0.00000000,0.00000000,0.00000000,0.00000000,0.00000000,0.00000000,0.00000000,0.00000000,0.00000000,0.09585786,0.00000000,0.00000000,0.00000000,0.00000000,0.00000000,0.00000000,0.00000000,0.00000000,0.00000000,0.00000000,0.00000000,0.00000000,0.01350378,0.00000000,0.00000000,0.00000000,0.00284874,0.00000000,0.00000000,0.00000000,0.00000000,0.00000000,0.00000000,0.00000000,0.00000000,0.00000000,0.00000000,0.00000000,0.00000000,0.00000000,0.00000000,0.00000000,0.00000000,0.00000000,0.00000000,0.00000000,0.00784284,0.00000000,0.00000000,0.00000000,0.00000000,0.00000000,0.00000000,0.00919363,0.00000000,0.00658013,0.00000000,0.00786907,0.00000000,0.00000000,0.00000000,0.00000000,0.00000000,0.00000000,0.00000000,0.00000000,0.00000000,0.00000000,0.03393243,0.00000000,0.00000000,0.00000000,0.00000000,0.00000000,0.00000000,0.00000000,0.00000000,0.00000000,0.00000000,0.01721241,0.00000000,0.00000000,0.00000000,0.00000000,0.00000000,0.00000000,0.00000000,0.00000000,0.00000000,0.00000000,0.00000000,0.00000000,0.00000000,0.00000000,0.00000000,0.00000000,0.00000000,0.00000000,0.00000000,0.00000000,0.00000000,0.00000000,0.00667270,0.00253294,0.00000000,0.00000000,0.00126736,0.00000000,0.00000000,0.00000000,0.00436196,0.00000000,0.00000000,0.00000000,0.00000000,0.00000000,0.00000000,0.00000000,0.01518318,0.00000000,0.00000000,0.00000000,0.93272005,0.00000000,0.02059627,0.00000000,0.00000000,0.00000000,0.00000000,0.00000000,0.00000000,0.00000000,0.00000000,0.00000000,0.12194825,0.00000000,0.00000000,0.00000000,0.00000000,0.52120252,0.00000000,0.00000000,0.00000000,0.00000000,0.00000000,0.00669776,0.01885056,0.00000000,0.00000000,0.00000000,0.00000000,0.00000000,0.06563360,0.00000000,0.00000000,0.00000000,0.00000000,0.00645298,0.00000000,0.00000000,0.00000000,0.00000000,0.00000000,0.00000000,0.00000000,0.00000000,1.30459554,0.00000000,0.00000000,0.00000000,0.13450434,0.00000000,0.00000000,0.00000000,0.00000000,0.00059712,0.00000000,0.00000000,0.00000000,0.00000000,0.00892694,0.00000000,0.00000000,0.00000000,0.00000000,0.00486999,0.00000000,0.00000000,0.00000000,0.00000000,0.00000000,0.00000000,0.00000000,0.00000000,0.00000000,0.00000000,0.00000000,0.00000000,0.00000000,0.00000000,0.00000000,0.00000000,0.00385950,0.00000000,0.00000000,0.00000000,0.00000000,0.00000000,0.00000000,0.00000000,0.00000000,0.00000000,1.49343826,0.00442678,0.00000000,0.32313597,0.00000000,0.00000000,0.00000000
0.00000000,0.00000000,0.00000000,0.00000000,0.00000000,0.00000000,0.00294848,0.00000000,0.00000000,0.00000000,0.00000000,0.00000000,0.00000000,0.00000000,0.00458305,0.00000000,0.00000000,0.00000000,0.00000000,0.00000000,0.00000000,0.00000000,0.00000000,0.00000000,0.00000000,0.00000000,0.00000000,0.00088336,0.00000000,0.00000000,0.00128390,0.52316954,0.00000000,0.00000000,0.00000000,0.00000000,0.00000000,0.00000000,0.00000000,0.00000000,0.00000000,0.00000000,0.00000000,0.00000000,0.00000000,0.00596359,0.00000000,0.00000000,0.00000000,0.00000000,0.00000000,0.00000000,0.00000000,0.00000000,0.00000000,0.00000000,1.04888840,0.06821860,0.00000000,0.00000000,0.00000000,0.00000000,0.00000000,0.00354302,0.00000000,0.00000000,0.00000000,0.00000000,0.04501565,0.00000000,0.00000000,0.00000000,0.00931913,0.00000000,0.00000000,0.00000000,0.00000000,0.00000000,0.00000000,0.01805564,0.00000000,0.00000000,0.00000000,0.00000000,0.00212583,0.00000000,0.01370196,0.00000000,0.00000000,0.02433566,0.00000000,0.00000000,0.00000000,0.00000000,0.00000000,0.00000000,0.00000000,0.00000000,0.20710304,0.00000000,0.02514637,0.00000000,0.00000000,0.00000000,0.00000000,0.00000000,0.00000000,0.00000000,0.00000000,0.00000000,0.00000000,0.00000000,0.00000000,0.00000000,0.00000000,0.00000000,0.00000000,0.00000000,0.00000000,0.28162814,0.28494848,0.00000000,0.00000000,0.00000000,0.00000000,0.00000000,0.00000000,0.00000000,0.00550978,0.00000000,0.00000000,0.00711993,0.00000000,0.00000000,0.00000000,0.00000000,0.00000000,0.00000000,0.00000000,0.00000000,0.00000000,0.00000000,0.00000000,0.00000000,0.00842734,0.00000000,0.00000000,0.00000000,0.00000000,0.00000000,0.00000000,0.00000000,0.00000000,0.00000000,0.00000000,0.00000000,0.00000000,0.00000000,0.00000000,0.00000000,0.00000000,0.00000000,0.00000000,0.00000000,0.00000000,0.00093220,0.00000000,0.00000000,0.00000000,0.00000000,0.00000000,0.00000000,0.00000000,0.00000000,0.00000000,0.01006170,0.00000000,0.00000000,0.00000000,0.00000000,0.00000000,0.00000000,0.00000000,0.00000000,0.00000000,0.00000000,0.00000000,0.00000000,0.00000000,0.00335103,0.00000000,0.14902445,0.00000000,0.00000000,0.00000000,0.00000000,0.00000000,0.00000000,0.00000000,0.00000000,0.00000000,1.21876498,0.00000000,0.00000000,0.00000000,0.00347289,0.00000000,0.00000000,0.00000000,0.00000000,0.00000000,0.00000000,0.00000000,0.00000000,0.00000000,0.00000000,0.03750477,0.00000000,0.00000000,0.00000000,0.00000000,0.00000000,0.00068388,0.00000000,0.01719892,0.00000000,0.00000000,1.40484577,0.00000000,0.00000000,0.00000000,0.00189012,0.00067481,1.12341240,0.01207794,0.00000000,0.00000000,0.00000000,0.00195552,0.00000000,0.00000000,0.00000000,0.00000000,0.00066980,0.00000000,0.04022380,0.00000000,0.00684057,0.00000000,0.00000000,0.00000000,0.02063876,0.01304458,0.00000000,0.01749624,0.00000000,0.00000000,0.00000000,0.02348445,0.00000000,0.00000000,0.00000000,0.00000000,0.00000000,0.00000000,0.00000000,0.00000000,0.00128951,0.00000000,0.00000000,0.00000000,0.53370037,0.00000000,0.00000000,0.00000000,0.00000000,0.00000000,0.00000000,0.00000000,0.00000000,0.00000000,0.00000000,0.00000000,0.00000000,0.00000000,0.00000000,0.00000000,0.00000000,0.00000000,0.00000000,0.00000000,0.00000000,0.00000000,0.00000000,0.00000000,0.00975573,0.00000000,0.00000000,0.00000000,0.00668319,0.00000000,0.00000000,0.00000000,0.03747925,0.00000000,0.01740301,0.00000000,0.00000000,0.00000000,0.00000000,0.00000000,0.36634076,0.00000000,0.00000000,0.00000000,0.00000000,0.00000000,0.00000000,0.00000000,0.00554268,0.00000000,0.00000000,0.00000000,0.00963809,0.00000000,0.00000000,0.00716507,0.00000000,0.00000000,0.00000000,0.00000000,0.00000000,0.00000000,0.00000000,0.00000000,0.00000000,0.00000000,0.00000000,0.00000000,0.00000000,0.00000000,0.00000000,0.00000000,0.00000000,0.00000000,0.00000000,0.00000000,0.00000000,0.00000000,0.00000000,0.00000000,0.00000000,0.00000000,0.00000000,0.00000000,0.00000000,0.00000000,0.00000000,0.00000000,0.00000000,0.00000000,0.00000000,0.00626907,0.00000000,0.00000000,0.00000000,0.00000000,0.00000000,0.00000000,1.34958489,0.00753734,0.00000000,0.00000000,0.00000000,0.03904011,0.00000000,0.00000000,0.00000000,0.01118358,0.00000000,0.00000000,0.00115942,0.00000000,0.00000000,0.00000000,0.00000000,0.00000000,0.00000000,0.00000000,0.18172496,0.00000000,0.00000000,0.00000000,0.00000000,0.00000000,0.00000000,0.00000000,0.00000000,0.00000000,0.00000000,0.00000000,0.00000000,0.00000000,0.00000000,0.00000000,0.00000000,0.00000000,0.00000000,0.00137663,0.00000000,0.00000000,0.00000000,0.00000000,0.16851279,0.00000000,0.00000000,0.00000000,0.00000000,0.00000000,0.00000000,0.00000000,0.00000000,0.00000000,0.00000000,0.00000000,0.00000000,0.00000000,0.00000000,0.00000000,0.00000000,0.00000000,0.00000000,0.00000000,0.00000000,0.00000000,0.86060489,0.00000000,0.00000000,0.00000000,0.00000000,0.00000000,0.00000000,0.00000000,0.00000000,0.00000000,0.00261643,0.00000000,0.00000000,0.00219710,0.01138548,0.00000000,0.00000000,0.01452641,0.00000000,0.00000000,2.16342435,0.00000000,0.00000000,0.00000000,0.00000000,0.00000000,0.00000000,0.00000000,0.00000000,0.00000000,0.00000000,0.00000000,0.00000000,0.00314764,0.00000000,0.00000000,0.00000000,0.00000000,0.00000000,0.00295754,0.00000000,0.00000000,0.00000000,0.00000000,0.00000000,0.00000000,0.07355981,0.00000000,0.00000000,0.00000000,0.00000000,0.00000000,0.00000000,0.08772869,0.00000000,0.00000000,0.00000000,0.00000000,0.00000000,0.00000000,0.00000000,0.00000000,0.00000000,0.00730452,0.00000000,0.00000000,0.00000000,0.00119962,0.00000000,0.00000000,0.00000000,0.00000000,0.00000000,0.00000000,0.00646061,0.00000000,0.00000000,0.00000000,0.00000000,0.00000000,0.00000000,0.00000000,0.00000000,0.00000000,0.00000000,0.00000000,0.00000000,0.00872613,0.00000000,0.00000000,0.00000000,0.00000000,0.00000000,0.00096863,0.00000000,0.00000000,0.00000000,0.07847928,0.00000000,0.01408549,0.00000000,0.00000000,0.00000000,0.00000000,0.00000000,0.00000000,0.00000000,0.00000000,2.60167246,0.00000000,0.00000000,0.00000000,0.00000000,0.00000000,0.00522176,0.00000000,0.00000000,0.05873292,0.00000000,0.00000000,0.00084194,0.00000000,0.00000000,0.00000000,0.00779967,0.00000000,0.00000000,0.00000000,0.00000000,0.00000000,0.00607238,0.00000000,0.00000000,0.00000000,0.00000000,0.00000000,0.00000000,0.00000000,0.00000000,0.01089635,0.00000000,0.00000000,0.00000000,0.00000000,0.00000000,0.00000000,0.00000000,0.00000000,0.00000000,0.00000000,0.00000000,0.00000000,0.00000000,0.00000000,0.00000000,0.00000000,0.00000000,0.00000000,0.00000000,0.00000000,0.00000000,0.00000000,0.00000000,0.00000000,0.00000000,0.00000000,0.00000000,0.00000000,0.00087401,0.00000000,0.00000000,0.00000000,0.00000000,0.00000000,1.06581399,0.00000000,0.00000000,0.00000000,0.00000000,0.00000000,0.00163948,0.00000000,0.00000000,0.01123327,0.00000000,0.00000000,0.00000000,0.00000000,1.87563918,0.00000000,0.00000000,0.00000000,0.00000000,0.00000000,0.00000000,0.00000000,0.00000000,0.00000000,0.00000000,0.00000000,0.00000000,0.00000000,0.00228449,0.00000000,0.00000000,0.04547277,0.00000000,0.00000000,0.00000000,0.00000000,0.00000000,0.00000000,0.00000000,0.00000000,0.00214299,0.00000000,0.00000000,0.01081542,0.00000000,0.00000000,0.00000000,0.00000000,0.00356137,0.00000000,0.00000000,0.00000000,0.00000000,0.00000000,0.02634272,0.00000000,0.00000000,0.00000000,0.00000000,0.00000000,0.00000000,0.00000000,0.00000000,0.00000000,0.00000000,0.09953111,0.00000000,0.00000000,0.00000000,0.00000000,0.00000000,0.00000000,0.00000000,0.01752174,0.00000000,0.00000000,0.00183474,0.00000000,0.00000000,0.00000000,0.00000000,0.00000000,0.00000000,0.00000000,0.00000000,0.00000000,0.00000000,0.00316118,0.00716636,0.00000000,0.00000000,0.00000000,0.00000000,0.00000000,0.00000000,0.00000000,0.00000000,0.00000000,0.00000000,0.00000000,0.00000000,0.00000000,0.00000000,0.00000000,0.00000000,0.00000000,0.00169158,0.00000000,0.00000000,0.00000000,0.00000000,0.00000000,0.00271243,0.00000000,0.00000000,0.00000000,0.00000000,0.00000000,0.00000000,0.00000000,0.00000000,0.05884470,0.00000000,0.00000000,0.00000000,0.00000000,0.00000000,0.00000000,0.00000000,0.00000000,0.00000000,0.00000000,0.00000000,0.00000000,0.00000000,0.00000000,0.00000000,0.00000000,0.00000000,0.05116572,0.00000000,0.00000000,0.00000000,0.00000000,0.00000000,0.00000000,0.00000000,0.00000000,0.00000000,0.00000000,0.00000000,0.00115765,0.00000000,0.00000000,0.00000000,0.00000000,0.00000000,0.00000000,0.00000000,0.00000000,0.00000000,0.00000000,0.00000000,0.00000000,0.00000000,0.00000000,0.00000000,0.00000000,0.00000000,0.00000000,0.00000000,0.00000000,0.00650137,0.00000000,0.00791993,0.00000000,0.00000000,0.00000000,0.00505550,0.00546937,0.00000000,0.00000000,0.00000000,0.06749812,0.00000000,0.00000000,0.00000000,0.00000000,0.00000000,0.00000000,4.48176640
0.01423099,0.00000000,0.00000000,0.00000000,0.00560845,0.00000000,0.00000000,0.00000000,0.00000000,0.00000000,0.00202890,0.00000000,0.00000000,0.16179074,0.00000000,0.00100355,0.00000000,0.00000000,0.00000000,0.00000000,0.00000000,0.00000000,0.02073322,0.00000000,0.00000000,0.00000000,0.01227538,0.00000000,0.00000000,0.00970397,0.00000000,0.00000000,0.00000000,0.00000000,0.00000000,0.00000000,0.00000000,0.00000000,0.00000000,0.00427769,0.00000000,0.00000000,0.00000000,0.00000000,0.06522646,0.00000000,0.00000000,0.00000000,0.00000000,0.00000000,0.00000000,0.00000000,0.01847131,0.02417361,0.01704264,0.00000000,0.00000000,0.00000000,0.00000000,0.00000000,0.00000000,0.00000000,0.00000000,0.00000000,0.00000000,0.00000000,0.00000000,0.00000000,0.00000000,0.00000000,0.00629056,0.00000000,0.00000000,0.00000000,0.00000000,0.00000000,0.00000000,0.00000000,0.00000000,0.00000000,0.00000000,0.00000000,0.00000000,0.00000000,0.00000000,0.00000000,0.00100178,0.00000000,0.00000000,0.00000000,0.00000000,0.00000000,0.00000000,0.00000000,0.00000000,0.00000000,0.00000000,0.00000000,0.00000000,0.00000000,0.00000000,0.00000000,0.00000000,0.00000000,0.00000000,0.00000000,0.00000000,0.00000000,0.00000000,0.00000000,0.00000000,0.00000000,0.00000000,0.00000000,0.00000000,0.00000000,0.00000000,0.00000000,0.00000000,0.00050509,0.00000000,0.00000000,0.00000000,0.00000000,0.00000000,0.30526200,0.04677600,0.01273107,0.00000000,0.00000000,0.00000000,0.00000000,0.04426940,0.00000000,0.00000000,0.00000000,0.00000000,0.00320624,0.00000000,0.00000000,0.00000000,0.00000000,0.00939859,0.00000000,1.14469356,0.00000000,0.00000000,0.04089458,0.00000000,0.00000000,0.00000000,0.00000000,0.00000000,0.00000000,0.00000000,0.00000000,0.00000000,0.04882078,0.01455421,0.00000000,0.00000000,0.00000000,0.18293950,0.05456527,0.00000000,0.00000000,0.00000000,0.00000000,0.00000000,0.00000000,0.00000000,0.00000000,0.00000000,0.00000000,0.00000000,0.00000000,0.00000000,0.00612538,0.00000000,0.00000000,0.00000000,0.00000000,0.00000000,0.00000000,0.03475590,0.00000000,0.00000000,0.01285764,0.00000000,0.00000000,0.00000000,0.00000000,0.01545820,0.00320063,1.73192778,0.00000000,0.00000000,0.00000000,0.00000000,0.00000000,0.06670735,0.00000000,0.00000000,0.00000000,0.00000000,0.00000000,0.00153130,0.00000000,0.00000000,0.00000000,0.00000000,0.00000000,0.00000000,0.00000000,0.00000000,0.00000000,0.00000000,0.00000000,0.00000000,0.00000000,0.00589698,0.00000000,0.00000000,0.00000000,0.00000000,0.00562685,0.00000000,0.54362831,0.00000000,0.00000000,0.00000000,0.00000000,0.00000000,0.00000000,0.00152698,0.00000000,0.00000000,0.00000000,0.00000000,0.00000000,0.00000000,0.00000000,0.00000000,0.00000000,0.00000000,0.00000000,0.00000000,0.05287071,0.00000000,0.00000000,0.00000000,0.05764514,0.00000000,0.00000000,0.00408347,0.00000000,0.00000000,0.00000000,0.00000000,0.00000000,0.00000000,0.00000000,0.00000000,0.00000000,0.00000000,0.18765004,0.00000000,0.00000000,0.00000000,0.00000000,0.00000000,0.05118425,0.00000000,0.00811126,0.00000000,0.00000000,0.00000000,0.00000000,0.00000000,0.00000000,0.00000000,0.00000000,0.00356938,0.00000000,0.00000000,0.00000000,0.00376713,0.00000000,0.00000000,0.00000000,0.00676655,0.00000000,0.00000000,0.00000000,0.00000000,0.00000000,0.00453481,0.00000000,0.00000000,0.00000000,0.00000000,0.00000000,0.00000000,0.00000000,0.00000000,0.00000000,0.00000000,0.00000000,0.00000000,0.00000000,0.01510620,0.00000000,0.00000000,0.00000000,0.00000000,0.00000000,0.00426507,0.00000000,0.00078054,0.00000000,0.00000000,0.01808889,0.00000000,0.00000000,0.00000000,0.00000000,0.00000000,0.00000000,0.00000000,0.00000000,0.00000000,0.00000000,0.00000000,0.00000000,0.00000000,0.00000000,0.00000000,0.00000000,0.00000000,0.00000000,0.00000000,0.00000000,0.00000000,0.00000000,0.00000000,0.00000000,0.00000000,0.00000000,0.00000000,0.00000000,0.00000000,0.00000000,0.00000000,0.00000000,0.00000000,0.00346593,0.00000000,0.00000000,0.00000000,0.00000000,0.00000000,0.00000000,0.00000000,0.00000000,0.00000000,0.00000000,0.00000000,0.00000000,0.00000000,0.00000000,0.00000000,0.00000000,0.00000000,0.01781566,0.00000000,0.00000000,0.00000000,0.00000000,0.00000000,0.00000000,0.00112629,0.00000000,0.00000000,0.00000000,0.00000000,0.00000000,0.00000000,0.00000000,0.00000000,0.00000000,0.00000000,0.00000000,0.02133165,0.00486446,0.00000000,0.00000000,0.00000000,0.06556992,0.00000000,0.00000000,0.00000000,0.00000000,0.00000000,0.00000000,0.00499185,0.00000000,0.00642380,0.00000000,0.00000000,0.00000000,0.00000000,0.00246187,0.00000000,0.00000000,0.00000000,0.00000000,0.00370486,0.00000000,0.00000000,0.00000000,0.00000000,0.02932325,0.00000000,0.00000000,0.00000000,0.00000000,0.03186900,0.00000000,0.00000000,0.00000000,0.00000000,0.00000000,0.00000000,0.00000000,0.00000000,0.00000000,0.00603061,0.00000000,0.00000000,0.00000000,0.00000000,0.00000000,0.00000000,0.00000000,0.00000000,0.00000000,0.00000000,0.00000000,0.00000000,0.00000000,0.00000000,0.00312026,0.00000000,0.00000000,0.00000000,0.00000000,0.00000000,0.00000000,0.00000000,0.00000000,0.00000000,0.00000000,0.00000000,0.00000000,0.00000000,0.00000000,0.00000000,0.00000000,0.00000000,0.00000000,0.00738418,0.00000000,0.00000000,0.00000000,0.00000000,0.00000000,0.00000000,0.00000000,0.00000000,0.00000000,0.00000000,0.00000000,0.00161957,0.00000000,0.00000000,0.00000000,0.00000000,0.00000000,0.00000000,0.00000000,0.00000000,0.00000000,0.00170272,0.00000000,0.00000000,0.15249220,0.00000000,0.00000000,0.00000000,0.00000000,0.00000000,0.00000000,0.00000000,0.00000000,0.00000000,0.00000000,0.00173563,0.00000000,0.00000000,0.00000000,0.00000000,0.00000000,0.00000000,0.00000000,0.00000000,0.00000000,0.00000000,0.86634487,0.00264016,0.00827857,0.00000000,0.00000000,0.00000000,0.00000000,0.00000000,0.00000000,0.00000000,0.00000000,0.01959459,0.00000000,0.29318986,0.00000000,0.00000000,0.00000000,0.00000000,0.00000000,0.00000000,0.01797162,0.00000000,0.00000000,0.00196897,0.00000000,0.00000000,0.00000000,0.17231290,0.04325931,0.00000000,0.00000000,0.00000000,0.00000000,0.00000000,0.00000000,0.01234003,0.00000000,0.00000000,0.00000000,0.07946038,0.00000000,0.00000000,0.00000000,0.00000000,0.00000000,0.28867461,0.00000000,0.00000000,0.00000000,0.00000000,0.00000000,0.00000000,0.00000000,0.00000000,0.00000000,0.00000000,0.00000000,0.00000000,0.00000000,0.00000000,0.00493147,0.00000000,0.00000000,0.00000000,0.00000000,0.00000000,0.00000000,0.00000000,0.00000000,0.19306475,0.00000000,0.00000000,0.00000000,0.01776895,0.00000000,0.00000000,0.00547922,0.00000000,0.00000000,0.00000000,0.00000000,0.00000000,0.00000000,0.00000000,0.21362189,0.00000000,0.00000000,0.00000000,0.00000000,0.00000000,0.00000000,0.00107964,0.00000000,0.00000000,0.00000000,0.00000000,0.00000000,0.00000000,0.00244505,0.00000000,0.00000000,0.00000000,0.00000000,0.00000000,0.00000000,0.00000000,0.00000000,0.00000000,0.00000000,0.00000000,0.00000000,0.00000000,0.00082493,0.00000000,0.00406459,0.00000000,0.00000000,0.00000000,0.00000000,0.00000000,0.00000000,0.00000000,0.00583817,0.00000000,0.00000000,0.00000000,0.00000000,0.00000000,0.00000000,0.00000000,0.00000000,0.00000000,0.00000000,0.00000000,0.00000000,0.00000000,0.00000000,0.00000000,0.00000000,0.00189553,0.00000000,0.00000000,0.00000000,0.00000000,0.00000000,0.00000000,0.00000000,0.00000000,0.00000000,0.00000000,0.00000000,0.00000000,0.00000000,0.00000000,0.00000000,0.00000000,0.00000000,0.00000000,0.00000000,0.00000000,0.00000000,0.00000000,0.00000000,0.00060376,0.00000000,0.00000000,0.00802303,0.00000000,0.00000000,0.00000000,0.00000000,0.00000000,0.01659420,0.00000000,0.00000000,0.00459586,0.00000000,0.00000000,0.00000000,0.00000000,0.00000000,0.00445560,0.00000000,0.00000000,0.00000000,0.04731689,0.00000000,0.00000000,0.00000000,0.00000000,0.00000000,0.00000000,0.00000000,0.00000000,0.00000000,0.00000000,0.00000000,0.00000000,0.00000000,0.00000000,0.00000000,0.00000000,0.00000000,0.00430029,0.00000000,0.00000000,0.00000000,0.00000000,0.00000000,0.00000000,0.00000000,0.00552666,0.00000000,0.00000000,0.00951506,0.01506858,0.00000000,0.00091947,0.68204509,0.00000000,0.00000000,0.00000000,0.00000000,0.00000000,0.00000000,0.00000000,0.00000000,0.00000000,0.00000000,0.00000000,0.00000000,0.00505651,0.00000000,0.00000000,0.00000000,0.00000000,0.00000000,0.00000000,0.00000000,1.67848884,0.00000000,0.00000000,0.00000000,0.00000000,0.00000000,0.00000000,0.00000000,0.00000000,0.00000000,0.00000000,0.00000000,0.00000000,0.00000000,0.00000000,0.00000000,0.00000000,0.00000000,0.01815541,0.00000000,0.00000000,0.00000000,0.00000000,0.00000000,0.00882043,0.00000000,0.00000000,0.00000000,0.00000000,0.00000000,0.00080103,0.00000000,0.00000000,0.00000000,0.00000000,0.00000000,0.00000000,0.05454702,0.00000000,0.00000000,0.00000000,0.00000000,0.00000000,0.00000000
0.00000000,0.00000000,0.00000000,0.00000000,0.00000000,0.00000000,0.00000000,0.00000000,0.00000000,0.00000000,0.00000000,0.00000000,0.00000000,0.00000000,0.00000000,0.00000000,0.03462656,0.00000000,0.00000000,0.00000000,0.00000000,0.00000000,0.02411445,0.00000000,0.00000000,0.00000000,0.00000000,0.00224546,0.00000000,0.00000000,0.00000000,0.00000000,0.00000000,0.00000000,0.00000000,0.00000000,0.00000000,0.00000000,0.00000000,0.00000000,0.00000000,0.00000000,0.00155792,0.00000000,0.00000000,0.00000000,0.00000000,0.01841685,0.00000000,0.00000000,0.00000000,0.00000000,0.00000000,0.00000000,0.00000000,0.00000000,0.00000000,0.00000000,0.00000000,0.00000000,0.00000000,0.00000000,0.00191758,0.00000000,0.00000000,0.00000000,0.00000000,0.00000000,0.00000000,0.00000000,0.00000000,0.00000000,0.00000000,0.00000000,0.00000000,0.00000000,0.25116415,0.00000000,0.00000000,0.00000000,0.00000000,0.00358227,0.00000000,0.00000000,0.00000000,0.00000000,0.00320182,0.00000000,0.00000000,0.00000000,0.00000000,0.00000000,0.00000000,0.00000000,0.00000000,2.78737101,0.00000000,0.00000000,0.00000000,0.00000000,0.00000000,0.00000000,0.00223634,0.00000000,0.00000000,0.00000000,0.00000000,0.00461807,0.00000000,0.00000000,0.00000000,0.00527110,0.00000000,0.00000000,0.00000000,0.00000000,2.96414742,0.00000000,0.00000000,0.00000000,0.00000000,0.00000000,0.08967242,0.00000000,0.00000000,0.00000000,0.00000000,0.00000000,0.00000000,0.00000000,0.00000000,0.00000000,0.00000000,0.00072236,0.00583464,0.00000000,0.00000000,0.03609906,0.00000000,0.00000000,0.00000000,0.00195244,0.00000000,0.00000000,0.00000000,0.00000000,0.00000000,0.00000000,0.00000000,0.00000000,0.00000000,0.00000000,0.00000000,0.02665065,0.00000000,0.59173150,0.00293688,0.00000000,0.00000000,0.00000000,0.00000000,0.00000000,0.00000000,0.00000000,0.00138071,0.00000000,0.00000000,0.00365223,0.00000000,0.00000000,0.00000000,0.30623196,0.00732715,0.00810036,0.00000000,0.00000000,0.00000000,0.00000000,0.00000000,0.00000000,0.00000000,0.00000000,0.00000000,0.00000000,0.00000000,0.00000000,0.00000000,0.00000000,0.00000000,0.00000000,0.00000000,0.00000000,0.00308379,0.00000000,0.00000000,0.00000000,0.00000000,0.00000000,0.00000000,0.00000000,0.00000000,0.19698452,0.00000000,0.00000000,0.00000000,0.00000000,0.00000000,0.00000000,0.00000000,0.00000000,0.00000000,0.00000000,0.00000000,0.00000000,0.00000000,0.00000000,0.00000000,0.00094770,0.00000000,0.21067028,0.00000000,0.00000000,0.00000000,0.00000000,0.00000000,0.00000000,0.00000000,0.00000000,0.00000000,0.00000000,0.00000000,0.00000000,0.00249082,0.00000000,0.00000000,0.00000000,0.00500580,0.00000000,0.00000000,0.00000000,0.00000000,0.00000000,0.00000000,0.00000000,0.00000000,0.00000000,0.00000000,0.00000000,0.00000000,0.00000000,0.00000000,0.00000000,0.00000000,0.00000000,0.00000000,0.00000000,0.00000000,0.00000000,0.00268497,0.00339832,0.00000000,0.00000000,0.00000000,0.05733685,1.69605726,0.00000000,0.00000000,0.00118810,0.00000000,0.00000000,0.00000000,0.00000000,0.00156675,0.00000000,0.00427405,0.00000000,0.00417823,0.00000000,0.00000000,0.00433698,0.00000000,0.00000000,0.00000000,0.00000000,0.00045678,0.00000000,0.00000000,0.00000000,0.00000000,0.00000000,0.00000000,0.00000000,0.00000000,0.00000000,0.00000000,0.00000000,0.07518846,0.00000000,0.00295593,0.00000000,0.00000000,0.00000000,0.00000000,0.00000000,0.02427171,0.00000000,0.00000000,0.00000000,0.00186474,0.00000000,0.00000000,0.00000000,0.00000000,0.00000000,0.00000000,0.00000000,0.00000000,0.00000000,0.00000000,0.00000000,0.00000000,0.00000000,0.00000000,0.00000000,0.00000000,0.00000000,0.00799793,0.00000000,0.02696226,0.00000000,0.00000000,0.00127734,0.00198876,0.00290516,0.00000000,0.00400282,0.00000000,0.00000000,0.00000000,0.00000000,0.00000000,0.16563575,0.00000000,0.00000000,0.00000000,0.00000000,0.00000000,0.00000000,0.00000000,0.00000000,0.00000000,0.00000000,0.00000000,0.00000000,0.00000000,0.00000000,0.00000000,0.00000000,0.00000000,0.00000000,0.00000000,0.00000000,0.00000000,0.00000000,0.01623830,0.00000000,0.00000000,0.00000000,0.00000000,0.00000000,0.00000000,0.00000000,0.00000000,0.00000000,0.00000000,0.00000000,0.00000000,0.00322692,0.00000000,0.00000000,0.00000000,0.00621134,0.00000000,0.00000000,0.00000000,0.00000000,0.00000000,0.00000000,0.00000000,0.02788228,0.00000000,0.01903234,0.00000000,0.00000000,0.00000000,0.00000000,0.00000000,0.01280375,0.00000000,0.00000000,0.00000000,0.00000000,0.00000000,0.00000000,0.00000000,0.00000000,0.00466168,0.00000000,0.00000000,0.00000000,0.00000000,0.00000000,0.00000000,0.00000000,0.00000000,0.00000000,0.00000000,0.00000000,0.00000000,0.00193919,0.00000000,0.00000000,0.00000000,0.00000000,0.00000000,0.00000000,0.00000000,0.07213639,0.00000000,0.00000000,0.00000000,0.00000000,0.00000000,0.86060489,0.00000000,0.00000000,0.01280249,0.00000000,0.00000000,0.00000000,0.00000000,1.01219158,0.00000000,0.00000000,0.00000000,0.00000000,0.00000000,0.00000000,0.00000000,0.00000000,0.00000000,0.00000000,0.00000000,0.00000000,0.00000000,0.00000000,0.00000000,0.00000000,0.00000000,0.02351705,0.00000000,0.00000000,0.00000000,0.00000000,0.00000000,0.00000000,0.00000000,0.00000000,0.00000000,0.00000000,0.00000000,0.00000000,0.00000000,0.00000000,0.00000000,0.00000000,0.00000000,0.00000000,0.00000000,0.00000000,0.00000000,0.00000000,0.00000000,0.00000000,0.00000000,0.00000000,0.00000000,0.00499952,0.00000000,0.00320381,0.00000000,0.00000000,0.00000000,0.00000000,0.00000000,0.00000000,0.00000000,0.00000000,0.00000000,0.00000000,0.00000000,0.00000000,0.00000000,0.11007936,0.00000000,0.00000000,0.00000000,0.00000000,0.00000000,0.00000000,0.00000000,0.00000000,0.00000000,0.00000000,0.01479374,0.00000000,0.00000000,0.00095895,0.00107245,0.00000000,0.00000000,0.00000000,0.00000000,0.00000000,0.00419243,0.00000000,0.00000000,0.00000000,0.00000000,0.00881178,0.00000000,0.00000000,0.00000000,0.00000000,0.00000000,0.00185029,0.00000000,0.00000000,0.00000000,0.00000000,0.01111354,0.00000000,0.00359191,0.00000000,0.00000000,0.00000000,0.00000000,0.00000000,0.00000000,0.00807106,0.00000000,0.00000000,0.00000000,0.00000000,0.00000000,0.00000000,0.00000000,0.00000000,0.00000000,0.00000000,0.00000000,0.00000000,0.00000000,0.00000000,0.02929816,0.04708496,0.00000000,0.00000000,0.00000000,0.00000000,0.00000000,0.00000000,0.00000000,0.00000000,0.00000000,0.00000000,0.00000000,0.00000000,0.00000000,0.00000000,0.00000000,0.00000000,0.00000000,0.00000000,0.00000000,0.00000000,0.00196750,0.00000000,0.00000000,0.00000000,0.00188515,0.00000000,0.00000000,0.00000000,0.00000000,0.00000000,0.00000000,0.00000000,0.00000000,0.00000000,0.00000000,0.00000000,0.00000000,0.00000000,0.00000000,0.03858689,0.00000000,0.00000000,0.00000000,0.00000000,0.00000000,0.00000000,0.00000000,0.00429885,0.00000000,0.00000000,0.00000000,0.06336986,0.00000000,1.13527382,0.00000000,0.00606595,0.00000000,0.00000000,0.00000000,0.00000000,0.00000000,0.00000000,0.00000000,0.00000000,0.00000000,0.00000000,0.00000000,0.01407295,0.01639425,0.00000000,0.00000000,0.00000000,0.00000000,0.00845891,0.00214345,0.00000000,0.00000000,0.00000000,0.00526729,0.00000000,0.00000000,0.00000000,0.62452229,0.00000000,0.00557661,0.00000000,0.00000000,0.00000000,0.00000000,0.00000000,0.00000000,0.00000000,0.00000000,0.00173201,0.00000000,0.00000000,0.00000000,0.00000000,0.00000000,0.00604778,0.02677674,0.00000000,0.05024889,0.00000000,0.00000000,0.00000000,0.01180295,0.00211390,0.00000000,0.00000000,0.00000000,0.00000000,0.00000000,0.02588628,0.00000000,0.00000000,0.00000000,0.00000000,0.00000000,0.00000000,0.00000000,0.00000000,0.00000000,0.00000000,0.00000000,0.00000000,0.00000000,0.00000000,0.00000000,0.00000000,0.00000000,0.00000000,0.00000000,0.00000000,0.00000000,0.00000000,0.00000000,0.01264198,0.00000000,0.00000000,0.00000000,0.00000000,0.00000000,0.00079706,0.00000000,0.00000000,0.00000000,0.00000000,0.03757487,0.00000000,0.00000000,0.00000000,0.00000000,0.00000000,0.00000000,0.00000000,0.00000000,0.00000000,0.00000000,0.00092750,0.00000000,0.00000000,0.00000000,0.00000000,0.00000000,0.00000000,0.00000000,0.00000000,0.00000000,0.00000000,0.00000000,0.00000000,0.00141148,0.00000000,0.00000000,0.00000000,0.04320061,0.00000000,0.00000000,0.00000000,0.00000000,0.09618594,0.00000000,0.00000000,0.00000000,0.00000000,0.00000000,0.00000000,0.00000000,0.00000000,0.00000000,0.00000000,0.00000000,0.00000000,0.00000000,0.00000000,0.00000000,0.00000000,0.00000000,0.00000000,0.00000000,0.00000000,0.00000000,0.00000000,0.00000000,0.00000000,0.00330595,0.00000000,0.00000000,0.00000000,0.00444933,0.00000000,0.00000000,0.00000000,0.00000000,0.00000000,0.00000000,0.00000000,0.00000000,0.00000000,0.00000000,0.00077881,0.00000000,0.00000000,0.00000000,0.00000000,0.00000000,0.03137210,0.00000000,0.00000000,0.00000000,0.09665633,0.00000000,0.00000000
0.00000000,0.00000000,0.00000000,0.00000000,0.00319773,0.00000000,0.00000000,0.01727149,0.00000000,0.00000000,0.00000000,0.00000000,0.03334108,0.00000000,0.00000000,0.00000000,0.00000000,0.00000000,0.00000000,0.00000000,0.00000000,0.00000000,0.00000000,0.00000000,0.00000000,0.00000000,0.00000000,0.00000000,0.00000000,0.00000000,0.03136499,0.00000000,0.00000000,0.00000000,0.01223465,0.00000000,0.00000000,0.00000000,0.00000000,0.00000000,0.00000000,0.00000000,0.00000000,0.00000000,0.00000000,0.00000000,0.00000000,0.00000000,2.77977506,0.00000000,0.00000000,0.00000000,0.00000000,0.00000000,0.00000000,0.00000000,0.00000000,0.00000000,0.00000000,0.00000000,0.02050570,0.00000000,0.00000000,0.00000000,0.00000000,0.00928848,0.00081646,0.00000000,0.00000000,0.00000000,0.00000000,0.00000000,0.00000000,0.00407570,0.00084441,0.00000000,0.00000000,0.00000000,0.00000000,0.00000000,0.00617760,0.00000000,0.00000000,0.00000000,0.00000000,0.00000000,0.00000000,0.00000000,0.00000000,0.00000000,0.00000000,0.00000000,0.00000000,0.00000000,0.00000000,0.00000000,0.04164852,0.01145927,0.00000000,0.00000000,0.00000000,0.00000000,0.00000000,0.00000000,0.00000000,0.00000000,0.00930654,0.00000000,0.00000000,0.00000000,0.00000000,0.00000000,0.00000000,0.00000000,0.00000000,0.00000000,0.00000000,0.00000000,0.02967064,0.00000000,0.00000000,0.00000000,0.00000000,0.00323928,0.02333251,0.00000000,0.00145825,0.00000000,0.00000000,0.00000000,0.00000000,0.00778332,0.00000000,0.00000000,0.00141405,0.00000000,0.00000000,0.00000000,0.00000000,0.00000000,0.00000000,0.00000000,0.00000000,0.00000000,0.00000000,0.00000000,0.00000000,0.00000000,0.00000000,0.00000000,0.00000000,0.02762152,0.00000000,0.00000000,0.00000000,0.00000000,0.00000000,0.00000000,0.00482679,0.00000000,0.00000000,0.21027501,0.00000000,0.01063414,0.00000000,0.02343340,0.00000000,0.00000000,0.00425253,0.00000000,0.00000000,0.00000000,0.00000000,0.00320711,0.00000000,0.00771545,0.00000000,0.00000000,0.00076725,0.00000000,0.00000000,0.00000000,0.00000000,0.00000000,0.00000000,0.00000000,0.02146539,0.00000000,0.00000000,0.00000000,0.00000000,0.00000000,0.00000000,0.00000000,0.00000000,0.00416711,0.00000000,0.00000000,0.00000000,0.05447661,0.00000000,0.00000000,0.00868527,0.00000000,0.00000000,0.00000000,0.00000000,0.03334427,0.00000000,0.00000000,0.00064571,0.00230484,0.00000000,0.00000000,0.31858408,0.00000000,0.00000000,0.00000000,0.00000000,0.00000000,0.00354182,0.00000000,0.00000000,0.00000000,0.00000000,0.00000000,0.00000000,1.93252644,0.00000000,0.00000000,0.00000000,0.00000000,0.00000000,0.00000000,0.00000000,0.00000000,0.00000000,0.00000000,0.00000000,0.00000000,0.00000000,0.20346581,0.00000000,0.04290845,0.00000000,0.00000000,0.00000000,0.00000000,0.00000000,0.00000000,0.00000000,0.00000000,0.00000000,0.00000000,0.00000000,0.00000000,0.00000000,0.00000000,0.00000000,0.00000000,0.00000000,0.00000000,0.00000000,0.00635236,0.00000000,0.00000000,0.00000000,0.00000000,0.00000000,0.00000000,0.00000000,0.00000000,0.00000000,0.00000000,0.00000000,0.00000000,0.00000000,0.00000000,0.00000000,0.00000000,0.01086985,0.07993347,0.00000000,0.00000000,0.00000000,0.00000000,0.00000000,0.00000000,0.00000000,0.00000000,0.00000000,0.00000000,0.00000000,0.00000000,0.00985596,0.00000000,0.00000000,0.00000000,0.00000000,0.00000000,0.00000000,0.00000000,0.00000000,0.00000000,0.00000000,0.00000000,0.00000000,0.00000000,0.00000000,0.00000000,0.00000000,0.00000000,0.00000000,0.00000000,0.00000000,0.00000000,0.00000000,0.00000000,0.00000000,0.00000000,0.00000000,0.00131556,0.00000000,0.10199575,0.00000000,0.03882964,0.00000000,0.00000000,0.00000000,0.00000000,0.00000000,0.00441813,0.02502756,0.00000000,0.00000000,0.00000000,0.00000000,0.00000000,0.00000000,0.00000000,0.00000000,0.00000000,0.00000000,0.00000000,0.00000000,0.00000000,0.00000000,0.00000000,0.00903085,0.00000000,0.00000000,0.00093287,0.00000000,0.00000000,0.00000000,0.00000000,0.00109186,0.00000000,0.00000000,0.01930723,0.00000000,0.00000000,0.00000000,0.01640307,0.00000000,0.00892490,0.00000000,0.00000000,0.00000000,0.00000000,0.00000000,0.00000000,0.00000000,0.00000000,0.01060674,0.00000000,0.00000000,0.00000000,0.00000000,0.00000000,0.00000000,0.00000000,0.00000000,0.00000000,0.00000000,0.00000000,0.00000000,0.00000000,0.00000000,0.00526336,0.00000000,0.00000000,0.00000000,0.01250378,0.00666859,0.00000000,0.25517843,0.00000000,0.00000000,0.00000000,0.00000000,0.00000000,0.00000000,0.00000000,0.00000000,0.00536666,0.00000000,0.00000000,0.00288258,0.00000000,0.00000000,0.00000000,0.00000000,0.00000000,3.36740705,0.00000000,0.00000000,0.00000000,0.00000000,0.00000000,0.00000000,0.00000000,0.00000000,0.00000000,0.00000000,0.00000000,0.00064833,0.01022455,0.02015966,0.00000000,0.00000000,0.00000000,0.00000000,0.00000000,0.00603061,0.01280249,0.00000000,0.00000000,0.00000000,0.00331942,0.00000000,0.00000000,0.00000000,0.00000000,0.00093957,0.00000000,0.00000000,0.00125712,0.00000000,0.00984662,0.00426715,0.00000000,0.00000000,0.00000000,0.00000000,0.00000000,0.00000000,0.00000000,0.00000000,0.00000000,0.00000000,0.00000000,0.00000000,0.00000000,0.00000000,0.00000000,0.00000000,0.01482208,0.00000000,0.00000000,0.00000000,0.00301867,0.00000000,0.00000000,0.00139192,0.00000000,0.00219773,0.00000000,0.00000000,0.00000000,0.00000000,0.00000000,0.00000000,0.00000000,0.00000000,0.00000000,0.00000000,0.02105723,0.00000000,0.00000000,0.00000000,0.00000000,0.02298242,0.00000000,0.00000000,0.02066418,0.00000000,0.00000000,0.00744571,0.00000000,0.00000000,0.00000000,0.00000000,0.00000000,0.00000000,0.00616955,0.00000000,0.00000000,0.00000000,0.00000000,0.00000000,0.00000000,0.00000000,0.00000000,0.00000000,0.00000000,0.00000000,0.00473583,0.00000000,0.00000000,0.00000000,0.00000000,0.00000000,0.00000000,0.00000000,0.00000000,0.00000000,0.00000000,0.00000000,0.00000000,0.00000000,0.00000000,0.00000000,0.00000000,0.00553879,0.00000000,0.00000000,0.00000000,0.05193508,0.00000000,0.00000000,0.00000000,0.00000000,0.00000000,0.00000000,0.00000000,0.00000000,0.00000000,0.00000000,0.01093203,0.00424821,0.00000000,0.00000000,0.00000000,0.00000000,0.00000000,0.00000000,0.00000000,0.00000000,0.00000000,0.00000000,0.00000000,0.00000000,0.00000000,0.00000000,0.00000000,0.00000000,0.00000000,0.00000000,0.00000000,0.00000000,0.00000000,0.00000000,0.00000000,0.00000000,0.00000000,0.00000000,0.00000000,0.00000000,0.00000000,0.07556147,0.00000000,0.00000000,0.00000000,0.00000000,0.00000000,0.00000000,0.00000000,0.00000000,0.00000000,0.00000000,0.00000000,0.00000000,0.00000000,0.00000000,0.00000000,0.00000000,0.00000000,0.00000000,0.00000000,0.00000000,0.00000000,0.00000000,0.00000000,0.00000000,0.00000000,0.00000000,0.00000000,0.00000000,0.00000000,0.00000000,0.00000000,0.00000000,0.00433876,0.00000000,0.00000000,0.00000000,0.00000000,0.00000000,0.10378900,0.00000000,0.00000000,0.00000000,0.00000000,0.00000000,0.00000000,0.00000000,0.00000000,0.00000000,0.00000000,0.00000000,0.00000000,0.00000000,0.00381342,0.00000000,0.00113588,0.00000000,0.00000000,0.00000000,0.00000000,0.00000000,0.00000000,0.00000000,0.00000000,0.00000000,0.00000000,0.00000000,0.00000000,0.00000000,0.00000000,0.00328223,0.00000000,0.00000000,0.00000000,0.00000000,0.00159508,0.00000000,0.00509290,0.00000000,0.00000000,0.00000000,0.00544677,0.00000000,0.09950546,0.00000000,0.00000000,0.00160467,0.00000000,0.00000000,0.00000000,0.00000000,0.00000000,0.00000000,0.00000000,0.00000000,0.00000000,0.00000000,0.40983913,0.00000000,0.00000000,0.00000000,0.00000000,0.00000000,0.00000000,0.00000000,0.00000000,0.00000000,0.00000000,0.00000000,0.00000000,0.00000000,0.00000000,0.00000000,0.00000000,0.00501205,0.00000000,0.00000000,0.00000000,0.00000000,0.00000000,0.00000000,0.00000000,0.00000000,0.00000000,0.00000000,0.00000000,0.00000000,0.00000000,0.00000000,0.00000000,0.00000000,0.00000000,0.00000000,0.06535305,0.00000000,0.00000000,0.00000000,0.00000000,0.00000000,0.00000000,0.00804966,0.00000000,0.00000000,0.00000000,0.00471322,0.00000000,0.00000000,0.00000000,0.00000000,0.02474776,0.00000000,0.00000000,0.00000000,0.00000000,0.00000000,0.00000000,0.00000000,0.00000000,0.00000000,0.00000000,0.00000000,0.00000000,0.00000000,0.00000000,0.01376185,0.00000000,0.00000000,0.00298180,0.00000000,0.00000000,0.00000000,0.00000000,0.00323468,0.00000000,0.00000000,0.00000000,0.00000000,0.00000000,0.00000000,0.00000000,0.00000000,0.00000000,0.00000000,0.00000000,0.00000000,0.00000000,0.00000000,0.00000000,0.00000000,0.00000000,0.01667856,0.00000000,0.00000000,0.00000000,0.00000000,0.00000000,0.00000000,0.00000000,0.00000000,0.00000000,0.08837406,0.00000000,0.00328508,0.02022664,0.00000000,0.00000000,0.00339067,0.00000000,0.00000000,0.00000000,0.00000000,0.00000000,0.00000000,0.00000000,0.00000000,0.00000000,0.00000000,0.00000000,0.00000000,0.00000000
0.00000000,0.00000000,0.00000000,0.00000000,0.00076890,0.00000000,0.04199201,0.00000000,0.00000000,0.00000000,0.00000000,0.00000000,0.00000000,0.02692478,0.00000000,0.00000000,0.00000000,0.00000000,0.00000000,0.00000000,0.00000000,0.00000000,0.00000000,0.00000000,0.00000000,0.00000000,0.00000000,0.00000000,0.00000000,0.00000000,0.00000000,0.00000000,0.00000000,0.00000000,0.00000000,0.00000000,0.00000000,0.00000000,0.00402712,0.00000000,0.00197405,0.00000000,0.00593310,0.00000000,0.00000000,0.00000000,0.00000000,0.00000000,0.00000000,0.00000000,0.00000000,0.00000000,0.00000000,0.00000000,0.00293203,0.00000000,0.00575320,0.00000000,0.00000000,0.00000000,0.00000000,0.00000000,0.00000000,0.54342386,0.00000000,0.00000000,0.00000000,0.00000000,0.00000000,0.00616284,0.00000000,0.00000000,0.00000000,0.00000000,0.08117253,0.00000000,0.00000000,0.00000000,0.00000000,0.00000000,0.00000000,0.00000000,0.00000000,0.00000000,0.00000000,0.00000000,0.00000000,0.00000000,0.14956837,0.00000000,0.02348584,0.00000000,0.00000000,0.00000000,0.00000000,0.00000000,0.00000000,0.00000000,0.00000000,0.00000000,0.00000000,0.00000000,0.00000000,0.00327547,0.00000000,0.00000000,0.01651545,0.00000000,0.00000000,0.00000000,0.00000000,0.00000000,0.00000000,0.00000000,0.00000000,0.00000000,0.00000000,0.04178443,0.00000000,0.00000000,0.00000000,0.00000000,0.00000000,0.00122736,0.00184404,0.00000000,0.01340619,0.00000000,0.02187344,0.01218260,0.00000000,0.00000000,0.00000000,0.00000000,0.00000000,0.00000000,0.22756224,0.00000000,0.00000000,0.00000000,0.00000000,0.00000000,0.00000000,0.00000000,0.00000000,0.00000000,0.00000000,0.00149131,0.00000000,0.00000000,0.00000000,0.00000000,0.00000000,0.00662686,0.00525513,0.00000000,0.00000000,0.00000000,0.00000000,0.00123258,0.00000000,0.00000000,0.00000000,0.00000000,0.00000000,0.00000000,0.00000000,0.00000000,0.00000000,0.00000000,0.00000000,0.00000000,0.00000000,0.00000000,0.00000000,0.00000000,0.00000000,0.00000000,0.01222740,0.08881492,0.00000000,0.00000000,0.01553684,0.00000000,0.64470413,0.00000000,0.00000000,0.00000000,0.01568366,0.00000000,0.03185137,0.00000000,0.00000000,0.00000000,0.00000000,0.00000000,0.00000000,0.00000000,0.00000000,0.00000000,0.00000000,0.00000000,0.00000000,0.00000000,0.00000000,0.00000000,0.00000000,0.00000000,0.00000000,0.00000000,0.00000000,0.00000000,0.00000000,0.00000000,0.00000000,0.00000000,0.00000000,0.00000000,0.00000000,0.00000000,0.00000000,0.00000000,0.01372304,0.00000000,0.00000000,0.00000000,0.00000000,0.00000000,0.00000000,0.00000000,0.00000000,0.00000000,0.00000000,0.00000000,0.00000000,0.00000000,0.00000000,0.00000000,0.00000000,0.00000000,0.00000000,0.00040817,0.00000000,0.01057993,0.00000000,0.00000000,0.00000000,0.00000000,0.00000000,0.00000000,0.00000000,0.00000000,0.00000000,0.00000000,0.00479703,0.00095545,0.00000000,0.01161220,0.04216589,0.00000000,0.00000000,0.00000000,0.05333727,0.00000000,0.00000000,0.00000000,0.00000000,0.00000000,0.00000000,0.00000000,0.00000000,0.00000000,0.00000000,0.00000000,0.00000000,0.00000000,0.00000000,0.00000000,0.00000000,0.00000000,0.00000000,0.00000000,0.00000000,0.00000000,0.00000000,0.00000000,0.00000000,0.00000000,0.00000000,0.00000000,0.00000000,0.00000000,0.00000000,0.00000000,0.00000000,0.00000000,0.00000000,0.00000000,0.00000000,0.00000000,0.00000000,0.00000000,0.00000000,0.00000000,0.00000000,0.00125312,0.60131032,0.00000000,0.00000000,0.00061956,0.00000000,0.00000000,0.00000000,0.00000000,0.00000000,0.00000000,0.00000000,0.00000000,0.00129974,0.00000000,0.00000000,0.00000000,0.00000000,0.00000000,0.00000000,0.00308206,0.02312138,0.00000000,0.00000000,0.00000000,0.00000000,0.00000000,0.00297069,0.00000000,0.00000000,0.00000000,0.00000000,0.00000000,0.00000000,0.00000000,0.00000000,0.00000000,0.00000000,0.00000000,0.00000000,0.00000000,0.00451070,0.00000000,0.00000000,0.00000000,0.00000000,0.00000000,0.00000000,0.00000000,0.00000000,0.00000000,0.00000000,0.00000000,0.00000000,0.03208716,0.00000000,0.00000000,0.00000000,0.00000000,0.00000000,0.00000000,0.00000000,0.00000000,0.00000000,0.00000000,0.00000000,0.01679477,0.01156487,0.00000000,0.04870212,0.00000000,0.00000000,0.00000000,0.00000000,0.00000000,0.00000000,0.00000000,0.00000000,0.00000000,0.00000000,0.00000000,0.00000000,0.00000000,0.00000000,0.00000000,0.00000000,0.00000000,0.00000000,0.00000000,0.00000000,0.00000000,0.00000000,0.00000000,0.00000000,0.00000000,0.00000000,0.00000000,0.00145278,0.00530696,0.00000000,0.00000000,0.00000000,0.00342886,0.00000000,0.00211581,0.00000000,0.00000000,0.00000000,0.00256479,0.00000000,0.01003722,0.00000000,0.00000000,0.02935837,0.00000000,0.00000000,0.00000000,0.01057314,0.00000000,0.00000000,0.00000000,0.00000000,0.00000000,0.00000000,0.00000000,0.00000000,0.00000000,0.00000000,0.00000000,0.00000000,0.00000000,0.00000000,0.00000000,0.00000000,0.00000000,0.00170778,0.00000000,0.00000000,0.00000000,0.17225651,0.64744779,0.00000000,0.00417200,0.00000000,0.00000000,0.00000000,0.00000000,0.00000000,0.20697717,0.00000000,0.00000000,0.00000000,0.08635735,0.00000000,0.00000000,0.00000000,0.00000000,0.00000000,0.00357071,0.00000000,0.00000000,0.00000000,0.00000000,0.00000000,0.00000000,0.03080136,0.00000000,0.00000000,0.00752610,0.00000000,0.00000000,0.00000000,0.00000000,0.00000000,0.00000000,0.00000000,0.00000000,0.00000000,0.00000000,0.00000000,0.00000000,0.00000000,0.00000000,0.00000000,0.00000000,0.02667411,0.00000000,0.00000000,0.05188797,0.00000000,0.00000000,0.00000000,0.00000000,0.00000000,0.00000000,0.00000000,0.00143275,0.00000000,0.00000000,0.00000000,0.00000000,0.00000000,0.00000000,0.00083844,0.00000000,0.00000000,0.00428764,0.00000000,0.00000000,0.00000000,0.00000000,0.00000000,0.00000000,0.00000000,0.00000000,0.00000000,0.00096313,0.00000000,0.00000000,0.00000000,0.00000000,0.00000000,0.00000000,0.00000000,0.00000000,0.00000000,0.00000000,0.00000000,1.75821488,0.00000000,0.00000000,0.00068129,0.02792707,0.00000000,0.00000000,0.00000000,0.00000000,0.00000000,0.01513226,0.00000000,0.00000000,0.00000000,0.00000000,0.00000000,0.00000000,0.00000000,0.00000000,0.00000000,0.00000000,0.00000000,0.00000000,0.00000000,0.00150043,0.00000000,0.00000000,0.00000000,0.00000000,0.00000000,0.00000000,0.00000000,0.04372078,0.00000000,0.00000000,0.00247140,0.00000000,0.00000000,0.00000000,0.00000000,0.00000000,0.00000000,0.00000000,0.00230350,0.00000000,0.00000000,0.19840731,0.00000000,0.00000000,0.00000000,0.00000000,0.00000000,0.00000000,0.00000000,0.00000000,0.00000000,0.00000000,0.00000000,0.00000000,0.00000000,0.00000000,0.75604582,0.00000000,0.00000000,0.00000000,0.00000000,0.00000000,0.00000000,0.00000000,0.00000000,0.00000000,0.00000000,0.00000000,0.00000000,0.00093599,0.00000000,0.00000000,0.08305635,0.00000000,0.00000000,0.00000000,0.00000000,0.00000000,0.00000000,0.00000000,0.00000000,0.00000000,0.00000000,0.00000000,0.00743126,0.00000000,0.00000000,0.00000000,0.00098684,0.00000000,0.00000000,0.00000000,0.00000000,0.00000000,0.00000000,0.00000000,0.00000000,0.00000000,0.00000000,0.00000000,0.00000000,0.00000000,0.00000000,0.00000000,0.00000000,0.00000000,0.00000000,0.00000000,0.00000000,0.00478657,0.00000000,0.00000000,0.00000000,0.00849617,0.00293219,0.00000000,1.41932278,0.00000000,0.00000000,0.00000000,0.00000000,0.00000000,0.00000000,0.00000000,0.00000000,0.00000000,0.00000000,0.01125640,0.00000000,0.00115773,0.00353587,0.00000000,0.00000000,0.03056942,0.00000000,0.00000000,0.00000000,0.00889032,0.02149656,0.00000000,0.00000000,0.00000000,0.00000000,0.00000000,0.00735663,0.00000000,0.00000000,0.00000000,0.00000000,0.08136419,0.00000000,0.00000000,0.00000000,0.00000000,0.00733343,0.00000000,0.00000000,0.00000000,0.00000000,0.00000000,0.00000000,0.00000000,0.00000000,0.00000000,0.00000000,0.00000000,0.00000000,0.00000000,0.00000000,0.00000000,0.00232968,0.00728568,0.00000000,0.00000000,0.00000000,0.00000000,0.00000000,0.02457695,0.00000000,0.00000000,0.01505243,0.00000000,0.00195535,0.00000000,0.00000000,0.00000000,0.00000000,0.00000000,0.00000000,0.01501962,0.00000000,0.00322265,0.07108772,0.00000000,0.00000000,0.00000000,0.01868259,0.00000000,0.00000000,0.00000000,0.00000000,0.00000000,0.00000000,0.00000000,0.00000000,0.00000000,0.00000000,0.00000000,0.00000000,0.00000000,0.00000000,0.00000000,0.00000000,0.00000000,0.00000000,0.00000000,0.00000000,0.00000000,0.00000000,0.00729323,0.00000000,0.02500909,0.00000000,0.00000000,1.30080486,0.00000000,0.00000000,0.00000000,0.00000000,0.00000000,0.00000000,0.00000000,0.00000000,0.00000000,0.00000000,0.00000000,0.00000000,0.00000000,0.00000000,0.00000000,0.00000000,0.00000000,0.00000000,0.00000000,0.00000000,0.00000000,0.00000000,0.00000000,0.00000000,0.00000000,0.00000000,0.00000000,0.00000000,0.00000000,0.00000000,0.00000000,0.00000000,0.00000000,0.00000000,0.00000000,0.00000000,0.00000000
0.00000000,0.00000000,0.00000000,0.00318083,0.00000000,0.00000000,0.00000000,0.00000000,0.00000000,0.02721684,0.00000000,0.00000000,0.00000000,0.00000000,0.00000000,0.00000000,0.00000000,0.00000000,0.00000000,0.00000000,0.00000000,0.00000000,0.00000000,0.00000000,0.07039594,0.00000000,0.00000000,0.00000000,0.00000000,0.00000000,0.00000000,0.00000000,0.00000000,0.00000000,0.00000000,0.00000000,0.00000000,0.00000000,0.00000000,0.00361298,0.00000000,0.00000000,0.00000000,0.00000000,0.00000000,0.01019569,0.00140582,0.00000000,0.00000000,0.00000000,0.00000000,0.00000000,0.00000000,0.05439909,0.00000000,0.00000000,0.00000000,0.00000000,0.00000000,0.00000000,0.00000000,0.00593761,0.00000000,0.00540050,0.00000000,0.00000000,0.00000000,0.09638866,0.00000000,0.00000000,0.00000000,0.00000000,0.00000000,0.00763050,0.00000000,0.00000000,0.00000000,0.00000000,0.00000000,0.00000000,0.00000000,0.00000000,0.00000000,0.00000000,0.00000000,0.00000000,0.00000000,0.00000000,0.00000000,0.00000000,0.00000000,0.00000000,0.00000000,0.00000000,0.00000000,0.00000000,0.14028530,0.00000000,0.00000000,0.00000000,0.00000000,0.00000000,0.00000000,0.00000000,0.00000000,0.00161187,0.00000000,0.00000000,0.00000000,0.00000000,0.00000000,0.00000000,0.01080482,0.00000000,0.00194339,0.00000000,0.00000000,0.00000000,0.00000000,0.00000000,0.00000000,0.00000000,0.00000000,0.00000000,0.00000000,0.00000000,0.00000000,0.00000000,0.00000000,0.00000000,0.00000000,0.00000000,0.00000000,0.00000000,0.02261208,0.00000000,0.00337166,0.00000000,0.00000000,0.00000000,0.00000000,0.00000000,0.00000000,0.00000000,0.00000000,0.00000000,0.00000000,0.00000000,0.00000000,0.00000000,0.00000000,0.00671019,0.00000000,0.00000000,0.00000000,0.00000000,0.00000000,0.00000000,0.00000000,0.00000000,0.00000000,0.00000000,0.00000000,0.00000000,0.00000000,0.00000000,0.00000000,0.00000000,0.00000000,0.00000000,0.14878584,0.00000000,0.00000000,0.00000000,0.00000000,0.00000000,0.00425610,0.00667610,0.00000000,0.00000000,0.00000000,0.00000000,0.00000000,0.00000000,0.00957837,0.00000000,0.01700318,0.00000000,0.00000000,0.00000000,0.00000000,0.00000000,0.00000000,0.00000000,0.00000000,0.00000000,0.00000000,0.01198317,0.01277404,0.00000000,0.00000000,0.00000000,0.00000000,0.00000000,0.00000000,0.00000000,0.00675656,0.00000000,0.00000000,0.00000000,0.00000000,0.00000000,0.00000000,0.00000000,0.00000000,0.00000000,0.00000000,0.00000000,0.00000000,0.00000000,0.00000000,0.00000000,0.00000000,0.00000000,0.00000000,0.00000000,0.00000000,0.00000000,0.00000000,0.02317670,0.00000000,0.00000000,0.00000000,0.00148132,0.00000000,0.00000000,0.00000000,0.00000000,0.00000000,0.00000000,0.01232173,0.00000000,0.00000000,0.00000000,0.00000000,0.00000000,0.04277605,0.00699242,0.00000000,0.00000000,0.00000000,0.00000000,0.00000000,0.00000000,0.00000000,0.00000000,0.00000000,0.04343153,0.00000000,0.00000000,0.00000000,0.00000000,0.00347518,0.00000000,0.00000000,0.00000000,0.00000000,0.00000000,0.00000000,0.00000000,0.00000000,0.00000000,0.00188835,0.00000000,0.00000000,0.00000000,0.00000000,0.00000000,0.00000000,0.02077246,0.00000000,0.00000000,0.00000000,0.00000000,0.00000000,0.00000000,0.00000000,0.00000000,0.00000000,0.00000000,0.00000000,0.00000000,0.00000000,0.00000000,0.00000000,0.00000000,0.00095159,0.02241782,0.00000000,0.00000000,0.00000000,0.00000000,0.03494890,0.00957841,0.00000000,0.00000000,0.00000000,0.00000000,0.00000000,0.00000000,0.00000000,0.00000000,0.00000000,0.00000000,0.00000000,0.00000000,0.00000000,0.00000000,0.00000000,0.00000000,0.00000000,0.00000000,0.00000000,0.00000000,0.00000000,0.00000000,0.00915357,0.02691220,0.00000000,0.00000000,0.00628105,0.00000000,0.00000000,0.00512821,0.00000000,0.00369051,0.00000000,0.01718501,0.00000000,0.00000000,0.00000000,0.00000000,0.00000000,0.00000000,0.00000000,0.00000000,0.00512194,0.00000000,0.00000000,0.00000000,0.00000000,0.00000000,0.00000000,0.00000000,0.00000000,0.00000000,0.00000000,0.00000000,0.00000000,0.00000000,0.00000000,0.00000000,0.00000000,0.00000000,0.00000000,0.00000000,0.00000000,0.00000000,0.00000000,0.00000000,0.00000000,0.00000000,1.63405927,0.14634524,0.00000000,0.00000000,0.00000000,0.00000000,0.00000000,0.00000000,0.00000000,0.03507838,0.00000000,0.00000000,0.00000000,0.00000000,0.00000000,0.00000000,0.12027859,0.22004063,0.00000000,0.00000000,0.00000000,0.00000000,0.00000000,0.00000000,0.00000000,0.00000000,0.00649814,0.00000000,0.07242540,0.00000000,0.53674564,0.00000000,0.00000000,0.00000000,0.00000000,0.00000000,0.00000000,0.00000000,0.00000000,0.00000000,0.00000000,0.00000000,0.00000000,0.04144671,0.00000000,0.00000000,0.00000000,0.00000000,0.00000000,0.00000000,0.00000000,0.00000000,0.00238957,0.00000000,0.00000000,0.00000000,0.00000000,0.00000000,0.00000000,0.00000000,0.01640788,0.00000000,0.00000000,0.00000000,0.00000000,0.00000000,0.00000000,0.00000000,0.00000000,0.00000000,0.00000000,0.00000000,0.00000000,0.00000000,0.00000000,0.00000000,0.00000000,0.00000000,0.00000000,0.00000000,0.00950411,0.00000000,0.00000000,0.00000000,0.00000000,0.00000000,0.00000000,0.00000000,0.00000000,0.01631403,0.00000000,0.00000000,0.00000000,0.10816132,0.00000000,0.01308409,0.00000000,0.00000000,0.00000000,0.00000000,0.00000000,0.00000000,0.00000000,0.00000000,0.00000000,0.00000000,0.00000000,0.00000000,0.00000000,0.00000000,0.00000000,0.00000000,0.00142170,0.00000000,0.00000000,0.00000000,0.00000000,0.00000000,0.00000000,0.00000000,0.17911959,0.00000000,0.00000000,0.00000000,0.00000000,0.00000000,0.00000000,0.00000000,0.01099712,0.00000000,0.01728620,0.00000000,0.00000000,0.00792945,0.00000000,0.00000000,0.00000000,0.00000000,0.00000000,0.00000000,0.00000000,0.00000000,0.00000000,0.00000000,0.00000000,0.00000000,0.00716354,0.00000000,0.00000000,0.00000000,0.00000000,0.00000000,0.00000000,0.00000000,0.00000000,0.00000000,0.00000000,0.00000000,0.00000000,0.00159223,0.00000000,0.00000000,0.00000000,0.00000000,0.00391000,0.00000000,0.00000000,0.00000000,0.00000000,0.00000000,0.00000000,0.00000000,0.00000000,0.00000000,0.00420991,0.00000000,0.00000000,0.00000000,0.00000000,0.03261080,0.00000000,0.00000000,0.00000000,0.00000000,0.00000000,0.00000000,0.00000000,0.00000000,0.00000000,0.00000000,0.00000000,0.00000000,0.00000000,0.00000000,0.00000000,0.00000000,0.00475486,0.00000000,0.00000000,0.00000000,0.00000000,0.00981466,0.00000000,0.00000000,0.00000000,0.00000000,0.00000000,0.00000000,0.00000000,0.00000000,0.00000000,0.00000000,0.00000000,0.00000000,0.00000000,0.00000000,0.00000000,0.00151586,0.00000000,0.00000000,0.04519452,0.00000000,0.00000000,0.00000000,0.00000000,1.57357648,0.00000000,0.01017552,0.00000000,0.01695760,0.00000000,0.00000000,0.00000000,0.00000000,0.00000000,0.00000000,0.00000000,0.00000000,0.00000000,0.00000000,0.00000000,0.00000000,0.00000000,0.00000000,0.00000000,0.00000000,0.00000000,0.00000000,0.00000000,0.00000000,0.00000000,0.00000000,0.90384462,0.00000000,0.00000000,2.07151040,0.00000000,0.00000000,0.00000000,0.02630040,0.00000000,0.03083304,0.00000000,0.00000000,0.02356118,0.00480093,0.00000000,0.01102669,0.00000000,0.00569364,0.00000000,0.00000000,0.00000000,0.00000000,0.00000000,0.03940559,0.00000000,0.00000000,0.00000000,0.00000000,0.00978155,0.00000000,0.06196602,2.22576720,0.00123261,0.00000000,0.00000000,0.00000000,0.00000000,0.00000000,0.00000000,0.00000000,0.00000000,0.00650790,0.00000000,0.00000000,0.00000000,0.00000000,0.00000000,0.00214357,0.00000000,0.00000000,0.00000000,0.00000000,0.00000000,0.00000000,0.00000000,0.00000000,0.00000000,0.00000000,0.00000000,0.00326346,0.00000000,0.00000000,0.00000000,0.00435396,0.00000000,0.00000000,0.01826306,0.00000000,0.00000000,0.00000000,0.00000000,0.42963994,0.01074564,0.00000000,0.00000000,0.00100703,0.00000000,0.00000000,0.08083391,0.00000000,0.00000000,0.00000000,0.00000000,0.00000000,0.00000000,0.00000000,0.02313417,0.00000000,0.00000000,0.00000000,0.00000000,0.00000000,0.00122389,0.00000000,0.00000000,0.00000000,0.00000000,0.00512244,0.30160595,0.00000000,0.00000000,0.00000000,0.00000000,0.00000000,0.00000000,0.00000000,0.00000000,0.00000000,0.00000000,0.00000000,0.00000000,0.00000000,0.00000000,0.00000000,0.00000000,0.00000000,0.00000000,0.00000000,0.00000000,0.00000000,0.34104044,0.01875041,0.00000000,0.00000000,0.00000000,0.00000000,0.03873335,0.00000000,0.00000000,0.02703460,0.06594264,0.00000000,0.00000000,0.00000000,0.00000000,0.00161487,0.00000000,0.00000000,0.00000000,0.00000000,0.00000000,0.00000000,0.00000000,0.05280798,0.00000000,0.00000000,0.00000000,0.00000000,0.00000000,0.00000000,0.00000000,0.00000000,0.00000000,0.00258539,0.00000000,0.00000000,0.00000000,0.00000000,0.00000000,0.00000000,0.00000000,0.00083092,0.00710783,0.00000000,0.00000000,0.00000000,0.00000000,0.00000000,0.00000000,0.00000000,0.00000000,0.00000000,0.00000000,0.00000000,0.00000000,0.00000000
0.00000000,0.00000000,0.16411101,0.00000000,0.07411024,0.00261087,0.00000000,0.00000000,0.00000000,0.00000000,0.00000000,0.01545695,0.00907846,0.00000000,0.00000000,0.00098890,0.00000000,0.00000000,0.00000000,0.00000000,0.00749038,0.00000000,0.00000000,0.00000000,0.00000000,0.00000000,0.00000000,0.00000000,0.09084337,0.00000000,0.00000000,0.00000000,0.02741147,0.00000000,0.00000000,0.00000000,0.00000000,0.00000000,0.00000000,0.00318674,0.00000000,0.00000000,0.00000000,0.00000000,0.00000000,0.00367394,0.00000000,0.00000000,0.00000000,0.00000000,0.00000000,0.00853787,0.00000000,0.00000000,0.00000000,0.00450981,0.00000000,0.21056764,0.00355097,0.00000000,0.00574554,0.00000000,0.00000000,0.00000000,0.00000000,0.00000000,0.00000000,0.00000000,0.00000000,0.00000000,0.00000000,0.02412729,0.00000000,0.00000000,0.00000000,0.00000000,0.00000000,0.00000000,0.00000000,0.00000000,0.01608198,0.00000000,0.00000000,0.00000000,0.00000000,0.00000000,0.00000000,0.00000000,0.00271037,0.00000000,0.00000000,0.00145231,0.00000000,0.00000000,0.00000000,0.00000000,0.00000000,0.00000000,0.00000000,0.00000000,0.04479491,0.00000000,0.00000000,0.09820759,0.00149754,0.00000000,0.00000000,0.00000000,0.00000000,0.00000000,0.00000000,0.00000000,0.00000000,0.00000000,0.00000000,0.00000000,0.00000000,0.00000000,0.00000000,0.00000000,0.00000000,0.00000000,0.00000000,0.00000000,0.00000000,0.46054969,0.00000000,0.00000000,0.00000000,0.17416276,0.00000000,0.00000000,0.00000000,0.00000000,0.00000000,0.01839255,0.00000000,0.00000000,0.00000000,0.00000000,0.00000000,0.00000000,0.00000000,0.00000000,0.00000000,0.01230684,0.00000000,0.00000000,0.00000000,0.00000000,0.00000000,0.00000000,0.00000000,0.00000000,0.00000000,0.00000000,0.00254388,0.00107285,0.00000000,0.00000000,0.00000000,0.10972468,0.00000000,0.00000000,0.00000000,0.00247838,1.15535153,0.00000000,0.00000000,0.00000000,0.00000000,0.00000000,0.00000000,0.00000000,0.00000000,0.00000000,0.00000000,0.00335449,0.44048313,0.00000000,0.00000000,0.23211494,0.00000000,0.00000000,0.00000000,0.00000000,0.00000000,0.00000000,0.00000000,0.00000000,0.00000000,0.00000000,0.00000000,0.00000000,0.00000000,0.00000000,0.00000000,0.00000000,0.01793803,0.00000000,0.00000000,0.00000000,0.00000000,0.00000000,0.00000000,0.00000000,0.00000000,0.00000000,0.00000000,0.00000000,0.00000000,0.00000000,0.00000000,0.01090440,0.00340704,0.00000000,0.00000000,0.00000000,0.00000000,0.00000000,0.00000000,0.00000000,0.00000000,0.00000000,0.00000000,0.00000000,0.00000000,0.00000000,0.00248744,0.00000000,0.00000000,0.00000000,0.00000000,0.00000000,0.00000000,0.00000000,0.00000000,0.00000000,0.00000000,0.00000000,0.00000000,0.00000000,0.00000000,0.20443432,0.00000000,0.00000000,0.00000000,0.00000000,0.00000000,0.00000000,0.00000000,0.00000000,0.00000000,0.00000000,0.00000000,0.00000000,0.00000000,0.00000000,0.00000000,0.00000000,0.00000000,0.01915742,0.00000000,0.00000000,0.00000000,0.00000000,0.00000000,0.00000000,0.00000000,0.00000000,0.00675704,0.00000000,0.00468623,0.00901981,0.00000000,0.00000000,0.00000000,0.00000000,0.00000000,0.01394427,0.00000000,0.02636156,0.00000000,0.00000000,0.00000000,0.00000000,0.00000000,0.00000000,0.00000000,0.00564580,0.00000000,0.00000000,0.00000000,0.00000000,0.00000000,0.00000000,0.00000000,0.02220713,0.00000000,0.00000000,0.00000000,0.00000000,0.00000000,0.00841899,0.00000000,0.00000000,0.00000000,0.00000000,0.00000000,0.00000000,0.00000000,0.00000000,0.00000000,0.00000000,0.00000000,0.00000000,0.00000000,0.00000000,0.00000000,0.00000000,0.00000000,0.00000000,0.00000000,0.00000000,0.00226876,0.00000000,0.00000000,0.00000000,0.00000000,0.00129862,0.00000000,0.00000000,0.00000000,0.00000000,0.01294671,0.00000000,0.00000000,0.00000000,0.00000000,0.00000000,0.00000000,0.00000000,0.00000000,0.08329264,0.00000000,0.00000000,0.00000000,0.00000000,0.00000000,0.00000000,0.00000000,0.00000000,0.00000000,0.00000000,0.00000000,0.00000000,0.00000000,0.02628237,0.00374885,0.00000000,0.00000000,0.00000000,0.00000000,0.00000000,0.00000000,0.03986500,0.00000000,0.04511980,0.00000000,0.00000000,0.00000000,0.00000000,0.00000000,0.00000000,0.00000000,0.00000000,0.00000000,0.00000000,0.00000000,0.00000000,0.00000000,0.00000000,0.06949127,0.00000000,0.00000000,0.00000000,0.00000000,0.01308846,0.00000000,0.00000000,0.00000000,0.00000000,0.00000000,0.00000000,0.00261682,0.00000000,0.00000000,0.00000000,0.01558517,0.00533761,0.00000000,0.00000000,0.00000000,0.01213816,0.00000000,0.00000000,0.00000000,0.00000000,0.00000000,0.00000000,0.00000000,0.00000000,0.00000000,0.00000000,1.32257869,0.16762136,0.00677742,0.00000000,0.00000000,0.00000000,0.00000000,0.00000000,0.00000000,0.00000000,0.00000000,0.00000000,0.00000000,0.00000000,0.00000000,0.00000000,0.00000000,0.00000000,0.00697051,0.00000000,0.00000000,0.00000000,0.00331942,0.00000000,0.00000000,0.00000000,0.00000000,0.00000000,0.00000000,0.00000000,0.00000000,0.00000000,0.00000000,0.00000000,0.00621161,0.00000000,0.00000000,0.00000000,0.00000000,0.00000000,0.01278285,0.02681750,0.00000000,0.00000000,0.00000000,0.00000000,0.00000000,0.00000000,0.00000000,0.00000000,0.00000000,0.00000000,0.00000000,2.73778443,0.00192290,0.00000000,0.00000000,0.11723080,0.00000000,0.00000000,0.00000000,0.00000000,0.00000000,0.00000000,0.00000000,0.00000000,0.00000000,0.00000000,0.00000000,0.00225018,0.00000000,0.00000000,0.00000000,0.00000000,0.00000000,0.00000000,0.00000000,0.00000000,0.00000000,0.00000000,0.00000000,0.00000000,0.00000000,0.00000000,0.00000000,0.00000000,0.00000000,0.00089984,0.01859131,0.00000000,0.52743945,0.00083251,0.00000000,0.00000000,0.00183720,0.00000000,0.00000000,0.00000000,0.00000000,0.00000000,0.00000000,0.00000000,0.00806373,0.00000000,0.00000000,0.00000000,0.00000000,0.00000000,0.00000000,0.00000000,0.00000000,0.00000000,0.00000000,0.00000000,0.00000000,0.00000000,0.00000000,0.00000000,0.00000000,0.00000000,0.00000000,0.00000000,0.00000000,0.00496754,0.00000000,0.00000000,0.00000000,0.00000000,0.00000000,0.00000000,0.00000000,0.00000000,0.00258948,0.00000000,0.00000000,0.00000000,0.00000000,0.00000000,0.00000000,0.00000000,0.00000000,0.00000000,0.00000000,0.00000000,0.00000000,0.00000000,0.00000000,0.00000000,0.00000000,0.00000000,0.00000000,0.00000000,0.00000000,0.00000000,0.00110973,0.00075474,0.00000000,0.00000000,0.00000000,0.09553469,0.00000000,0.00000000,0.00000000,0.00000000,0.00000000,0.00000000,0.00000000,0.00000000,0.00000000,0.00000000,0.00000000,0.00000000,0.00000000,0.00000000,0.00000000,0.00277321,0.00000000,0.00000000,0.00000000,0.00000000,0.00000000,0.00000000,0.01147852,0.00000000,0.00887236,0.00247507,0.00000000,0.00000000,0.00000000,0.00000000,0.00000000,0.00000000,0.00000000,0.00000000,0.00000000,0.00000000,0.00000000,0.00000000,0.00000000,0.00000000,0.00000000,0.00000000,0.00000000,0.00000000,0.00000000,0.00000000,0.00000000,0.00000000,0.00000000,0.00000000,0.00000000,0.00000000,0.00000000,0.00000000,0.00000000,0.00000000,0.30466954,0.00000000,0.00000000,0.00000000,0.00000000,0.00000000,0.00000000,0.00000000,0.00000000,0.00000000,0.00000000,0.00000000,0.00000000,0.00000000,0.00000000,0.00000000,0.00000000,0.00000000,0.00000000,0.00000000,0.00000000,0.00000000,0.00000000,0.00000000,0.00000000,0.00000000,0.00000000,0.00000000,0.00000000,0.00000000,0.00000000,0.00000000,0.00000000,0.00000000,0.00000000,0.00000000,0.00000000,0.00000000,0.00283905,0.00000000,0.00000000,0.00000000,0.00602829,0.00379572,0.00000000,0.04269818,0.00000000,0.00000000,0.00000000,0.00000000,0.00000000,0.00000000,0.00000000,0.00000000,0.00000000,0.00000000,0.00000000,0.00321087,0.00000000,0.00000000,0.00000000,0.00000000,0.00000000,0.00840068,0.00612948,0.00000000,0.06890042,0.00163677,0.00000000,0.00000000,0.00272849,0.00000000,0.00000000,0.00000000,0.00000000,0.00000000,0.00000000,0.00000000,0.00000000,0.00000000,0.00000000,0.00000000,0.00000000,0.00000000,0.00000000,0.00000000,0.01173283,0.00375822,0.00000000,0.00000000,0.00000000,0.00000000,0.00000000,0.00670597,0.00000000,0.00150544,0.00000000,0.00000000,0.00000000,0.00000000,0.00000000,0.00000000,0.00000000,0.00553176,0.00000000,0.29898890,0.00213085,0.00000000,0.00000000,0.00000000,0.00000000,0.00000000,0.00000000,0.00000000,0.00000000,0.00000000,0.00000000,0.00000000,0.00000000,0.00000000,0.00000000,0.00000000,0.00000000,0.00000000,0.00000000,0.00000000,0.00000000,0.01606533,0.00000000,0.00000000,0.00000000,0.00000000,0.00000000,0.00000000,0.00000000,0.05453414,0.00000000,0.00000000,0.00000000,0.00000000,0.00000000,0.00000000,1.68438377,0.00000000,0.00000000,0.00000000,0.00000000,0.00000000,0.00000000,0.00000000,0.00000000,0.00000000,0.00000000,0.00000000,0.00000000,0.00000000,0.00000000,0.00000000,0.00761972,0.00000000,0.00000000,0.00000000,0.00000000,0.00000000,0.00000000,0.00185178,0.00387460,0.00000000,0.00000000,0.00000000
0.00000000,0.00000000,0.00000000,0.00000000,0.00000000,0.00000000,0.00000000,0.00000000,0.01001243,0.01787175,0.00000000,0.00000000,0.00000000,0.00000000,0.00000000,0.04851886,0.00000000,0.00000000,0.00000000,0.00000000,0.00000000,0.00000000,0.00000000,0.00000000,0.00000000,0.00000000,0.00000000,0.00000000,0.00000000,0.00000000,0.00000000,0.00000000,0.00328436,0.00000000,0.02874332,0.00000000,0.00150641,0.16173333,0.00000000,0.00000000,0.00000000,0.00000000,0.05525729,0.00000000,0.00000000,0.00000000,0.00000000,0.00000000,0.00000000,0.00000000,0.00000000,0.00000000,0.00000000,0.00000000,0.00000000,0.00000000,0.00000000,0.00000000,0.00000000,0.00000000,0.00000000,0.00000000,0.00000000,0.00000000,0.00000000,0.00000000,0.00497932,0.00000000,0.00212123,0.00000000,0.00000000,0.00000000,0.00112752,0.00000000,0.00000000,0.00000000,0.00298459,0.00000000,0.00812368,0.00273133,0.00000000,0.00000000,0.00000000,0.00000000,0.00000000,0.00000000,0.00000000,0.00533900,0.00000000,0.00000000,0.00000000,0.00000000,0.00000000,0.00000000,0.00000000,0.00000000,0.00000000,0.00000000,0.00000000,0.00000000,0.00000000,0.00000000,0.00000000,0.00000000,0.00000000,0.00000000,0.00000000,0.00000000,0.00000000,0.00000000,0.00000000,0.00443207,0.00000000,0.00000000,0.00000000,0.00000000,0.00000000,0.00000000,0.00000000,0.00000000,0.00266564,0.02955646,0.00000000,0.00000000,0.00000000,0.00000000,0.00000000,0.00000000,0.00460376,0.00244627,0.00000000,0.00000000,0.00000000,0.00000000,0.00000000,0.00000000,0.00000000,0.00465279,0.00000000,0.00000000,0.00000000,1.00365656,0.00000000,0.00000000,0.00000000,0.00000000,0.00000000,0.00000000,0.00000000,0.00000000,0.00000000,0.00000000,0.00000000,0.00000000,0.00522608,0.00000000,0.00000000,0.00000000,0.00000000,0.00000000,0.00000000,0.00000000,0.00000000,0.00000000,0.00000000,0.00000000,0.00000000,0.00000000,0.00000000,0.04354913,0.02193884,0.02372055,0.00000000,0.00000000,0.00000000,0.00000000,0.12643243,0.00000000,0.00000000,0.00000000,0.00323056,0.18618447,0.00323973,0.00000000,0.00509914,0.00000000,0.00000000,0.00000000,0.08991775,0.00000000,0.00340697,0.00000000,0.00000000,0.00000000,0.00000000,0.00000000,0.00000000,0.00000000,0.00000000,0.00000000,0.00000000,0.00000000,0.00000000,0.00000000,0.00000000,0.00000000,0.00000000,0.00000000,0.00000000,0.00000000,0.00000000,0.00000000,0.00000000,0.00000000,0.00000000,0.00000000,0.00000000,0.00000000,0.00000000,0.00000000,0.00000000,0.00000000,0.00000000,0.00000000,0.00000000,0.00000000,0.00000000,0.02969710,0.00000000,0.00000000,0.00000000,0.00000000,0.00000000,0.00000000,0.00000000,0.00000000,0.00000000,0.00000000,0.00000000,0.00000000,0.02512109,0.00000000,0.00000000,0.00000000,0.00000000,0.00000000,0.00000000,0.00000000,0.00000000,0.00000000,0.00000000,0.00000000,0.03904371,0.00000000,0.00000000,0.07951158,0.00417173,0.01271060,0.00000000,0.00000000,0.00783018,0.00000000,0.00000000,0.00000000,0.00000000,0.01276051,0.00000000,0.00000000,0.00000000,0.00000000,0.00000000,0.00000000,0.00000000,0.00000000,0.00000000,0.00278541,0.00000000,0.04017795,0.00000000,0.07214965,0.00000000,0.00000000,0.00000000,0.00000000,0.00000000,0.00000000,0.00000000,0.00000000,0.00000000,0.00000000,0.00390922,0.00000000,0.00000000,0.00000000,0.00000000,0.00000000,0.00000000,0.00000000,0.00000000,0.00000000,0.00000000,0.00000000,0.00000000,0.00000000,0.03004524,0.00000000,0.00000000,0.00000000,0.00000000,0.00000000,0.00000000,0.00000000,0.00000000,0.00000000,0.02202165,0.00000000,0.00000000,0.00000000,0.00000000,0.00000000,0.00000000,0.00000000,0.00000000,0.00000000,0.00000000,0.00270350,0.00000000,0.09399186,0.00000000,0.00000000,0.00000000,0.00000000,0.00000000,0.00000000,0.00000000,0.00000000,0.06824815,0.00000000,0.00000000,0.00000000,0.00000000,0.00000000,0.00000000,0.00000000,0.00000000,0.00000000,0.00000000,0.00000000,0.00000000,0.00204763,0.00000000,0.00000000,0.00305447,0.00000000,0.00000000,0.00000000,0.00000000,0.00000000,0.00000000,0.00000000,0.00359862,0.00000000,0.00000000,0.00000000,1.84617208,0.00000000,0.00000000,0.00000000,0.00000000,0.00000000,0.00000000,0.00000000,0.00000000,0.00000000,0.00000000,0.00000000,0.00000000,0.00000000,0.00000000,0.00000000,0.00000000,0.00000000,0.00000000,0.00000000,0.00000000,0.00000000,0.00000000,0.00000000,0.00000000,0.00000000,0.00000000,0.00000000,0.00510327,0.00000000,0.00000000,0.00000000,0.00000000,0.00000000,0.00000000,0.00000000,0.00000000,0.00000000,0.00000000,0.00000000,0.00000000,0.00000000,0.00000000,0.00000000,0.00000000,0.00000000,0.00000000,0.11354694,0.00000000,0.00248179,0.00000000,0.00000000,0.00000000,0.00000000,0.00000000,0.00433143,0.00000000,0.15558161,0.00000000,0.00000000,0.04575314,0.00000000,0.00000000,0.00000000,0.00084650,0.00000000,0.00000000,0.00000000,0.00000000,0.00000000,0.00000000,0.00000000,0.00000000,0.00170778,0.00000000,0.00000000,0.00000000,0.00000000,0.00000000,0.00985940,0.00000000,0.00000000,0.00000000,0.00000000,0.00000000,0.00000000,0.00000000,0.00000000,0.00000000,0.00000000,0.00000000,0.00000000,0.00000000,0.00000000,0.00000000,0.00000000,0.00000000,0.00000000,0.00000000,0.00000000,0.00000000,0.00000000,0.00000000,0.00000000,0.00000000,0.00000000,0.00000000,0.00000000,0.00374975,0.00000000,0.01284755,0.00000000,0.00184093,0.00000000,0.00000000,0.00000000,0.00000000,0.00000000,0.00000000,0.00000000,0.00000000,0.00000000,0.00000000,0.00000000,0.00000000,0.00000000,0.00000000,0.00000000,0.00000000,0.00000000,0.00000000,0.00000000,0.00000000,0.00000000,2.53424205,0.00000000,0.00000000,0.00000000,0.02159485,0.00000000,0.00000000,0.36328891,0.00209669,0.00000000,0.00000000,0.00000000,0.00000000,0.00000000,0.00113586,0.01640788,0.00000000,0.00000000,0.00000000,0.00000000,0.00000000,0.00000000,0.00000000,0.00000000,0.00000000,0.00000000,0.00000000,0.00000000,0.00111246,0.00000000,0.00000000,0.00000000,0.00000000,0.00000000,0.00000000,0.00432556,0.00000000,0.00000000,0.00364594,0.00000000,0.00000000,0.00000000,0.01980135,0.00000000,0.00000000,0.00000000,0.00000000,0.00000000,0.00000000,0.00000000,0.00000000,0.00000000,0.00000000,0.00000000,0.00000000,0.00000000,0.00000000,0.00000000,0.00000000,0.00481405,0.00000000,0.00000000,0.00000000,0.00000000,0.00000000,0.00000000,0.18678107,0.00000000,0.01307661,0.00000000,1.94454927,0.00000000,0.00195360,0.00000000,0.00000000,0.00000000,0.00000000,0.00000000,0.00000000,0.00000000,0.00000000,0.05135343,0.00000000,0.00000000,0.00607022,0.00000000,0.00000000,0.00173879,0.00142549,0.00000000,0.00000000,0.00000000,0.00000000,0.00000000,0.00000000,0.00638666,0.00000000,0.00000000,0.00000000,0.00000000,0.00000000,0.00000000,0.00000000,0.00000000,0.00000000,0.00000000,0.00000000,0.00000000,0.00000000,0.00000000,0.00000000,0.00000000,0.00000000,0.00000000,0.00000000,0.00000000,0.00000000,0.00000000,0.00000000,0.00000000,0.00000000,0.00000000,0.00000000,0.00000000,0.00000000,0.00000000,0.00000000,0.00000000,0.00000000,0.00000000,0.00000000,0.00000000,0.00000000,0.00156697,0.00429077,0.00177363,0.00000000,0.00000000,0.00000000,0.00000000,0.00000000,0.97763745,0.01242426,0.00000000,0.00000000,0.00000000,0.00000000,0.00000000,0.00000000,0.00000000,0.00000000,0.02047947,0.00000000,0.00000000,0.00000000,0.11407196,0.00299912,0.00000000,0.00000000,0.00000000,0.00000000,0.00000000,0.00000000,0.00000000,0.00000000,0.00000000,0.00000000,0.00103266,0.00000000,0.00000000,0.00000000,0.00000000,0.00507049,0.00814562,0.00000000,0.00000000,0.00000000,0.00000000,0.00000000,0.00000000,0.00000000,0.00490436,0.00639799,0.00548198,0.01428183,0.00000000,0.00000000,0.00000000,0.00000000,0.00000000,0.00189368,0.00000000,0.00000000,0.00000000,0.00488319,0.00000000,0.00000000,0.00000000,0.00000000,0.00000000,0.00000000,0.01008396,0.02483473,0.00000000,0.00000000,0.00000000,0.00000000,0.00000000,0.01226728,0.00354282,0.00000000,0.00000000,0.00000000,0.00000000,0.00000000,0.00000000,0.00000000,0.00000000,0.00000000,0.00000000,0.00000000,0.00000000,0.00000000,0.00000000,0.00000000,0.00000000,0.00000000,0.00163055,0.00000000,0.00000000,0.00000000,0.00000000,0.00000000,0.00000000,0.00135296,0.00000000,0.00000000,0.00000000,0.00000000,0.00000000,0.00000000,0.00000000,0.00000000,0.00000000,0.00000000,0.00000000,0.00000000,0.00000000,0.00000000,0.00000000,0.00000000,0.00000000,0.00000000,0.00000000,0.00000000,0.00000000,0.00000000,0.00080273,0.00000000,0.00000000,0.00000000,0.00000000,0.00000000,0.00000000,0.00000000,0.00000000,0.00000000,0.00000000,0.00000000,0.00000000,0.00000000,0.00000000,0.00000000,0.00000000,0.00000000,0.00000000,0.00000000,0.00000000,0.00000000,0.00000000,0.00000000,0.00000000,0.00000000,0.00000000,0.01066089,0.00000000,0.00000000,0.00000000,0.04128215,0.00000000,0.00000000,0.00781505,0.00000000,0.00000000,0.00000000,0.00000000,0.00000000,0.00000000,0.00000000,0.00000000,0.01544233,0.00000000
0.00000000,0.00000000,0.00000000,0.00000000,0.00000000,0.00000000,0.00137450,0.00000000,0.00000000,0.00000000,0.00000000,0.29121336,0.00000000,0.00000000,0.00000000,0.00000000,2.78262763,0.00000000,0.00000000,0.00000000,0.00226031,0.00000000,0.00000000,0.00000000,0.00000000,0.00000000,0.00000000,0.00000000,0.00000000,0.00000000,0.00000000,0.00000000,0.00000000,0.00000000,0.00000000,0.00000000,0.00000000,0.00491838,0.00000000,0.00000000,0.00000000,0.00000000,0.00000000,0.00000000,0.00000000,0.00000000,0.00000000,0.00000000,0.00000000,0.00000000,0.00000000,0.00898505,0.00000000,0.08598294,0.00000000,0.00000000,0.00000000,0.00000000,0.00000000,0.00000000,0.00000000,0.00000000,0.00000000,0.00000000,0.00000000,0.00000000,0.00000000,0.00000000,0.00000000,0.00000000,0.00000000,0.00000000,0.00000000,0.00000000,0.00000000,0.00000000,0.00000000,0.00000000,0.00000000,0.00000000,0.02231509,0.00000000,0.00000000,0.00000000,0.00470859,0.00000000,0.00000000,0.00000000,0.00000000,0.00000000,0.00000000,0.00000000,0.00000000,0.00000000,0.00000000,0.00000000,0.00000000,0.00000000,0.00000000,0.00000000,0.01311960,0.00000000,0.00000000,0.00000000,0.00000000,0.00062467,0.00790101,0.00000000,0.00561317,0.00000000,0.00000000,0.00000000,0.00000000,0.00000000,0.00000000,0.00000000,0.00000000,0.00000000,0.00000000,0.00000000,0.00000000,0.00700558,0.00000000,0.00000000,0.00000000,0.00000000,0.00000000,0.00000000,0.00000000,0.00000000,0.00000000,0.00000000,0.00000000,0.00143532,0.00000000,0.00000000,0.00000000,0.00000000,2.86635951,0.00000000,0.00000000,0.00660087,0.00000000,0.10739612,0.00000000,0.00000000,0.00000000,0.00000000,0.00000000,0.00000000,0.00000000,0.00000000,0.00000000,0.00000000,0.00000000,0.00000000,0.00000000,0.00000000,0.00454683,0.00000000,0.00000000,0.00000000,0.00000000,0.00000000,0.00000000,0.00000000,0.00000000,0.00000000,0.00000000,0.00438169,0.00000000,0.00461475,0.00000000,0.00000000,0.00000000,0.03937297,0.00000000,0.25224486,0.00000000,0.00000000,0.00000000,0.00000000,0.00000000,0.00000000,0.00000000,0.00000000,0.00000000,0.00000000,0.00000000,0.00000000,0.00000000,0.00000000,0.00746329,0.08025984,0.00000000,0.00000000,0.00000000,0.00000000,0.00000000,0.00000000,0.00000000,0.00000000,0.00000000,0.00000000,0.00000000,0.00000000,0.00000000,0.00000000,0.00000000,0.00000000,0.00000000,0.13012880,0.00000000,0.00000000,0.00000000,0.00000000,0.33396414,0.00000000,0.00000000,0.00000000,0.42994312,0.00000000,0.00000000,0.00000000,0.00000000,0.25029142,0.00000000,0.00000000,0.00000000,0.00000000,0.00000000,0.00000000,0.00000000,0.00000000,0.00000000,0.00000000,0.00000000,0.00000000,0.00000000,0.00000000,0.00000000,0.00000000,0.00088924,0.00000000,0.00000000,0.00000000,0.00000000,0.00000000,0.00000000,0.00000000,0.00000000,0.00000000,0.00000000,0.00000000,0.00000000,0.00000000,0.00000000,0.00000000,0.00000000,0.00490588,0.00000000,0.00354844,0.00000000,0.00000000,0.00000000,0.00000000,0.00000000,0.00000000,0.00000000,0.00000000,0.00000000,0.00000000,0.00000000,0.00000000,0.00000000,0.00000000,0.00405184,0.00000000,0.00000000,0.00000000,0.04610200,0.00000000,0.00000000,0.00000000,1.46831185,0.00391723,0.00000000,0.00086828,0.00000000,0.00000000,0.00445162,0.00000000,0.00000000,0.00000000,0.00000000,0.00000000,0.00000000,0.00000000,0.00000000,0.00000000,0.00000000,0.00000000,0.00000000,0.00000000,0.00000000,0.00278302,0.00784671,0.00000000,0.03821067,0.00000000,0.00000000,0.00000000,0.00049495,0.00000000,0.00000000,0.10524202,0.00000000,0.00297021,0.03045533,0.00166349,0.00000000,0.00000000,0.00000000,0.00000000,0.00000000,0.11769670,0.00220288,0.00000000,0.00000000,0.00000000,0.00000000,0.00000000,0.00000000,0.00000000,0.00000000,0.00000000,0.00000000,0.00856651,0.00000000,0.00000000,0.01416624,0.00000000,0.00000000,0.00000000,0.00230130,0.00000000,0.01493421,0.00000000,0.00000000,0.00000000,0.00098873,0.00000000,0.00000000,0.00000000,0.00000000,0.00000000,0.00000000,0.01385985,0.00213831,0.00000000,0.00000000,0.00000000,0.00000000,0.00000000,0.00000000,0.00000000,0.00000000,0.00000000,0.00000000,0.00000000,0.00000000,0.00000000,0.05303183,0.00000000,0.00000000,0.00000000,0.00000000,0.00000000,0.00000000,0.00000000,0.00000000,0.00000000,0.00000000,0.00000000,0.00969068,0.00000000,0.00000000,0.00000000,0.00000000,0.00000000,0.00000000,0.00000000,0.00000000,0.00000000,0.00305464,0.00000000,0.00000000,0.00000000,0.00000000,0.00000000,0.00000000,0.01035222,0.00000000,0.00164175,0.00224708,0.00000000,0.00000000,0.00000000,0.00000000,0.00000000,0.00644975,0.01433257,0.00000000,0.00000000,0.00000000,0.00000000,0.00000000,0.00000000,0.00000000,0.00000000,0.00347659,0.00000000,0.00000000,0.00000000,0.00000000,0.00000000,0.00000000,0.00000000,0.00000000,0.00000000,0.00000000,0.00000000,0.00000000,0.00000000,0.00000000,1.01219158,0.00000000,0.00000000,0.00000000,0.00000000,0.00000000,0.00000000,0.00000000,0.00000000,0.00000000,0.00000000,0.00000000,0.00000000,0.00000000,0.00000000,0.00000000,0.00533197,0.00000000,0.00000000,0.00000000,0.00000000,0.00000000,0.00000000,0.00000000,0.00000000,0.00000000,0.00000000,0.00000000,0.00000000,0.00000000,0.00000000,0.00000000,0.00000000,0.00000000,0.00000000,0.00000000,0.00000000,0.00000000,0.00000000,0.00000000,0.00000000,0.00000000,0.00000000,0.00000000,0.00000000,0.00465234,0.00000000,0.00000000,0.00000000,0.00000000,0.00000000,0.00000000,0.00000000,0.00000000,0.00000000,0.00000000,0.09977099,0.01516983,0.00000000,0.00000000,0.00000000,0.00000000,0.00000000,0.01618631,0.02950810,0.00000000,0.00000000,0.00000000,0.01692769,0.00000000,0.00000000,0.00000000,0.00000000,0.01346812,0.00000000,0.00000000,0.00000000,0.00000000,0.00000000,0.07182326,0.00000000,0.00664411,0.00000000,0.00000000,0.00000000,0.00000000,0.00000000,0.00000000,0.00000000,0.00000000,0.00304743,0.00000000,0.00000000,0.00000000,0.02501611,0.00000000,0.00000000,0.00000000,0.00000000,1.27094579,0.00000000,0.00000000,0.00000000,0.00000000,0.00000000,0.00000000,0.00000000,0.00000000,0.00000000,0.00000000,0.03264510,0.00000000,0.00000000,0.00000000,0.00000000,0.00000000,0.00000000,1.19650924,0.00000000,0.00000000,0.00158694,0.00000000,0.00000000,0.00000000,0.00000000,0.00000000,0.00000000,0.00000000,0.00000000,0.00000000,0.00000000,0.01006617,0.00000000,0.00000000,0.00476270,0.00000000,0.00000000,0.00284243,0.00000000,0.00000000,0.00000000,0.00000000,0.00000000,0.00000000,0.00000000,0.00000000,0.00000000,0.00000000,0.00000000,0.00000000,0.00000000,0.00000000,0.00000000,0.00000000,0.00000000,1.36575793,0.00000000,0.00000000,0.00000000,0.00000000,0.00000000,0.00000000,0.00000000,0.00000000,0.00000000,0.00000000,0.00000000,0.00000000,0.00809537,0.00000000,0.00000000,0.00000000,0.00000000,0.00000000,0.00000000,0.00000000,0.00000000,0.00000000,0.00000000,0.00000000,0.00000000,0.00000000,0.00000000,0.00000000,0.00000000,0.00000000,0.00000000,0.00000000,0.00000000,0.00000000,0.00000000,0.00000000,0.00000000,0.16254063,0.00000000,0.01195705,0.00000000,0.00000000,0.00000000,0.02919748,0.00000000,0.00440544,0.00000000,0.00000000,0.00000000,0.00000000,0.00000000,0.00000000,0.00000000,0.02856164,0.00000000,0.00000000,0.00000000,0.00000000,0.00000000,0.00000000,0.00000000,0.00000000,0.00000000,0.01416199,0.00000000,0.00000000,0.00000000,0.00000000,0.00969886,0.00468148,0.00000000,0.00000000,0.00274406,0.00392496,0.03034445,0.00000000,0.00000000,0.00000000,0.00000000,0.00982796,0.00000000,0.00000000,0.00000000,0.00000000,0.00000000,0.00000000,0.00000000,0.00000000,0.00000000,0.00000000,0.00000000,0.00000000,0.00000000,0.00000000,0.00000000,0.00000000,0.00000000,0.01501912,0.00000000,0.00000000,0.02177481,0.00000000,0.00000000,0.00000000,0.00000000,0.00000000,0.00000000,0.00000000,0.00000000,0.00000000,0.00000000,0.00000000,0.00000000,0.00000000,0.00000000,0.00395616,0.00000000,0.00000000,0.00000000,0.00000000,0.00997750,0.00000000,0.00000000,0.00000000,0.00000000,0.00000000,0.00000000,0.00000000,0.00370112,0.00000000,0.00000000,0.00000000,0.00000000,0.03073484,0.00000000,0.00000000,0.00000000,0.00000000,0.00000000,0.00000000,0.00000000,0.00000000,0.00000000,0.00000000,0.00404009,0.00000000,0.00000000,0.00000000,0.00000000,0.00000000,0.00000000,0.40300643,0.00000000,0.00000000,0.00000000,0.00000000,0.00000000,0.00000000,0.00000000,0.00000000,0.00000000,0.00000000,0.00000000,0.00000000,0.00000000,0.00000000,0.01305841,0.00000000,0.00000000,0.00000000,0.00000000,0.00000000,0.00000000,0.00000000,0.00000000,0.00000000,0.00000000,0.00000000,0.00000000,0.00138167,0.50749935,0.00000000,0.00000000,0.00000000,0.00000000,0.00331976,0.00000000,0.00090044,0.00000000,0.00000000,0.00000000,0.00000000,0.00000000,0.00000000,0.05063708,0.00000000,0.00000000,0.00000000,0.00091731,0.00000000,0.00000000,0.00000000,0.00000000,0.00000000,0.00000000,0.00000000,0.00000000,0.00000000,0.02093176
0.00000000,0.00000000,0.00000000,0.00000000,0.00000000,0.00000000,0.00000000,0.00000000,0.00000000,0.00000000,0.00000000,0.00177854,0.00410794,0.00000000,0.00000000,0.00492450,0.00000000,0.00000000,0.00000000,0.00000000,0.00000000,0.00000000,0.00000000,0.00000000,0.00246555,0.00208509,0.00000000,0.00000000,0.00000000,0.00000000,0.01746591,0.00000000,0.00000000,0.00000000,0.00000000,0.00000000,0.00000000,0.04393686,0.00000000,0.00000000,0.00000000,0.00000000,0.01431874,0.00000000,0.00000000,0.00000000,0.00000000,0.00000000,0.00420106,0.00000000,0.00000000,0.00000000,0.00000000,0.00000000,0.00000000,0.00000000,0.00076301,0.00000000,0.00000000,0.00000000,0.00000000,0.00000000,0.00000000,0.00000000,0.00723047,0.00000000,0.00089322,0.00000000,0.00000000,0.00000000,0.00000000,0.11088775,0.00000000,0.00000000,0.00000000,0.00000000,0.00000000,0.00000000,0.00000000,0.00000000,0.00000000,0.00000000,0.00000000,0.00000000,0.00000000,0.00000000,0.00000000,0.00000000,0.00000000,0.00000000,1.08111967,0.00000000,0.00000000,0.00000000,0.00000000,0.00000000,0.00000000,0.00000000,0.00000000,0.00923510,0.00000000,0.00000000,0.00000000,0.00000000,0.00000000,0.00000000,0.00000000,0.00000000,0.00000000,0.00000000,0.00000000,0.00000000,0.00000000,0.00000000,0.00000000,0.00000000,0.01784202,0.00000000,0.00000000,0.00000000,0.00000000,0.01570871,0.00000000,0.00000000,0.00000000,0.00000000,0.00000000,0.00000000,0.00000000,0.00000000,0.00000000,0.00000000,0.00000000,0.00000000,0.00000000,0.00000000,0.00000000,0.05965263,0.00000000,0.00000000,0.00000000,0.00000000,0.00000000,0.00324931,0.00000000,0.00000000,0.00000000,0.00000000,0.00000000,0.00000000,0.00578526,0.00000000,0.00000000,0.00000000,0.00000000,2.70494372,0.00000000,0.00000000,0.00332574,0.00000000,0.00000000,0.00000000,0.00000000,0.00000000,0.00000000,0.00000000,0.00000000,0.00081485,0.00000000,0.00000000,0.00000000,0.00000000,0.00000000,0.10930802,0.00885129,0.00000000,0.00000000,0.00000000,0.00000000,0.00000000,0.00000000,0.00000000,0.00000000,0.00000000,0.00000000,0.00528400,0.00000000,0.00000000,0.00000000,0.00000000,0.00000000,0.00518443,0.00000000,0.00000000,0.00000000,0.00000000,0.00000000,0.00000000,0.00000000,0.00000000,0.00000000,0.00000000,0.00000000,0.00000000,0.00000000,0.00000000,0.00000000,0.00000000,0.00000000,0.00664067,0.00000000,0.00000000,0.00000000,0.00000000,0.00000000,0.00000000,0.00000000,0.00000000,0.00000000,0.00000000,0.00194714,0.00000000,0.00000000,0.00000000,0.00000000,0.00000000,0.00000000,0.00000000,0.00283190,0.00000000,0.00000000,0.00000000,0.00000000,0.00000000,0.00000000,0.00000000,0.00000000,0.00000000,0.00000000,0.00000000,0.00000000,0.00000000,0.00000000,0.00000000,0.00000000,0.00000000,0.00000000,0.00000000,0.00000000,0.00000000,0.00000000,0.00000000,0.00000000,0.00000000,0.00000000,0.01438086,0.00000000,0.00000000,0.00000000,0.00000000,0.00000000,0.00878093,0.00000000,0.00100711,0.00000000,0.00000000,0.00000000,0.00000000,0.00000000,0.00000000,0.00000000,0.01765522,0.00392604,0.00447960,0.00723311,0.00000000,0.00000000,0.00000000,0.00000000,0.00000000,0.00515820,0.00000000,0.00000000,0.00000000,0.00000000,0.00000000,0.00000000,0.00000000,0.00000000,0.00000000,0.00000000,0.00000000,0.00000000,0.00000000,0.00000000,0.00000000,0.00000000,0.00000000,0.00000000,0.00614682,0.00000000,0.00000000,0.00000000,0.00000000,0.00000000,0.00000000,0.00000000,0.13413713,0.00000000,0.00000000,0.00000000,0.00000000,0.00000000,0.00000000,0.00000000,0.00000000,0.00431417,0.00000000,0.00385738,0.01299837,0.00000000,0.00000000,0.00000000,0.00000000,0.00000000,0.00000000,0.00000000,0.00000000,0.00000000,0.00000000,0.00510415,0.00000000,0.00000000,0.00000000,0.00000000,0.02709540,0.02038976,0.00000000,0.00000000,0.00000000,0.00000000,0.00000000,0.00000000,0.00000000,0.00000000,0.00000000,0.00000000,0.00000000,0.00000000,0.00000000,0.00000000,0.00000000,0.00570783,0.00088356,0.00000000,0.00000000,0.00726884,0.00000000,0.00000000,0.00000000,0.00000000,0.00000000,0.00000000,0.00000000,0.92786760,0.00000000,0.00000000,0.00063567,0.00000000,0.00000000,0.00000000,0.00000000,0.00000000,0.00122483,0.00000000,0.00000000,0.00000000,0.00000000,0.00000000,0.00000000,0.00000000,0.00000000,0.00000000,0.00000000,0.00153148,0.01361162,0.00000000,0.00000000,0.95833311,0.02835694,0.00000000,0.00000000,0.00000000,0.00000000,0.00000000,0.00000000,0.00000000,0.00000000,0.00000000,0.00000000,0.00000000,0.00000000,0.00000000,0.09898665,0.00000000,0.00000000,0.02599959,0.00000000,0.00000000,0.00000000,0.00000000,0.00000000,0.00000000,0.00000000,0.00000000,0.00000000,0.17306326,0.00000000,0.00000000,0.00000000,0.00000000,0.00000000,0.00000000,0.00000000,0.00000000,0.00000000,0.00000000,0.03523097,0.00000000,0.00000000,0.00000000,0.00000000,0.00000000,0.00000000,0.00000000,0.00000000,0.00000000,0.00000000,0.00000000,0.00000000,0.00000000,0.00000000,0.00000000,0.00000000,0.00000000,0.00608931,0.00000000,0.00000000,0.00000000,0.00000000,0.00000000,0.00000000,0.00000000,0.00241961,0.00000000,0.01157188,0.00139145,0.00000000,0.00000000,0.00000000,0.00000000,0.00000000,0.00000000,0.00000000,0.00000000,0.00000000,0.09286330,0.00000000,0.00000000,0.00000000,0.01412585,0.00000000,0.00000000,0.00000000,0.00874506,0.00000000,0.00000000,0.00000000,0.00000000,0.00000000,0.02324719,0.03687903,0.00000000,0.00000000,0.00000000,0.00000000,0.00000000,0.00000000,0.00000000,0.00101694,0.01474819,0.00000000,0.00000000,0.00000000,0.00000000,0.00000000,0.00000000,0.00000000,0.00000000,0.00000000,0.00000000,0.00000000,0.00000000,0.00000000,0.00000000,0.00000000,0.18229885,0.00000000,0.01992133,0.00000000,1.01380427,0.00000000,0.00000000,0.00000000,0.00836198,0.00000000,0.00619709,0.10713889,0.00000000,0.00000000,0.00000000,0.00619916,0.00000000,0.00000000,0.00000000,0.00000000,0.00000000,0.00000000,0.00000000,0.00000000,0.00000000,0.00000000,0.00000000,0.00000000,0.19291970,0.00000000,0.00000000,0.00000000,0.00000000,0.00000000,0.00000000,0.00000000,0.00000000,0.00000000,0.00000000,0.00000000,0.00309092,0.00000000,0.00000000,0.00000000,0.00236627,1.54828033,0.00000000,0.00000000,0.00000000,0.00000000,0.00000000,0.00000000,0.00000000,0.00000000,0.00000000,0.00000000,0.00000000,0.00000000,0.00000000,0.00000000,0.00000000,0.23050678,0.00000000,0.00000000,0.00000000,0.00000000,0.00000000,0.00000000,0.00000000,0.02043295,0.00334759,0.00000000,0.00000000,0.00412253,0.00000000,0.00000000,0.00000000,0.00000000,0.00000000,0.00000000,0.00000000,0.00671335,0.00000000,0.00000000,0.00000000,0.00000000,0.00000000,0.00000000,0.00458922,0.00000000,0.00000000,0.00000000,0.00000000,0.00000000,0.00000000,0.00000000,0.00000000,0.00000000,0.00000000,0.00000000,0.00000000,0.00000000,0.00000000,0.00000000,0.00000000,0.00000000,0.00000000,0.00000000,0.00000000,0.00000000,0.00000000,0.00000000,0.00000000,0.00000000,0.00000000,0.00000000,0.00000000,0.00000000,0.00000000,0.00000000,0.00000000,0.00000000,0.00000000,0.00735395,0.00000000,0.00000000,0.00000000,0.00000000,0.00000000,0.01707316,0.00000000,0.00000000,0.00000000,0.00000000,0.00000000,0.00000000,0.00000000,0.00319736,0.00000000,0.00000000,0.04520413,0.03626538,0.00000000,0.00000000,0.00501679,0.00000000,0.00000000,0.00000000,0.00000000,0.00000000,0.00000000,0.00000000,0.00000000,0.00000000,0.00000000,0.00000000,0.00000000,0.00000000,0.00000000,0.00000000,0.00000000,0.00000000,0.00000000,0.00000000,0.00000000,0.00000000,0.00000000,0.00000000,0.00000000,0.00000000,0.00000000,0.00000000,0.00000000,0.00000000,0.00000000,0.00000000,0.00000000,0.08463246,0.00000000,0.00000000,0.00000000,0.01763467,0.00000000,0.00588125,0.00000000,0.00000000,0.00234929,0.14363540,0.00000000,0.00482101,0.00000000,0.00000000,0.00000000,0.00000000,0.00276326,0.00000000,0.03077485,0.00000000,0.00000000,0.00000000,0.00000000,0.00000000,0.00000000,0.00000000,0.00000000,0.00000000,0.00000000,0.00000000,0.00000000,0.00000000,0.00000000,0.01320444,0.00000000,0.00000000,0.00000000,0.00000000,0.00000000,0.00238699,0.00449181,0.00238502,0.00000000,0.00000000,0.00000000,0.00000000,0.00000000,0.00000000,0.00000000,0.00000000,0.00000000,0.00000000,0.00000000,0.00000000,0.00000000,0.00000000,0.00000000,0.00000000,0.06023927,0.00000000,0.00000000,0.00000000,0.04270742,0.00000000,0.00000000,0.00000000,0.00000000,0.00000000,0.00000000,0.00000000,0.05073257,0.00000000,0.00000000,0.00000000,0.00000000,0.00000000,0.00000000,2.04635864,0.00000000,0.00498854,0.00000000,0.00000000,0.00000000,0.00000000,0.00000000,0.00000000,0.00000000,0.00000000,0.00000000,0.00000000,0.01089871,0.00000000,0.00000000,0.00000000,0.00000000,0.00000000,0.00000000,0.00000000,0.03123529,0.00000000,0.00000000,0.00000000,0.00000000,0.06830559,0.00000000,0.00000000,0.00000000,0.00000000,0.00000000,0.00000000,0.00000000,0.00000000,0.00000000,0.00000000,0.00000000,0.00000000
0.00000000,0.00000000,0.00000000,0.00000000,0.00000000,0.00000000,0.00000000,0.00000000,0.01250560,0.00370324,0.00000000,0.00000000,0.00000000,0.00000000,0.00000000,0.00000000,0.00000000,0.00000000,0.00000000,0.00000000,0.00000000,0.00000000,0.00000000,0.00000000,0.00000000,0.00000000,0.00000000,0.00000000,0.00000000,0.00000000,0.00000000,0.01025864,0.00000000,0.00000000,0.00000000,0.00000000,0.00000000,0.00000000,0.00184064,0.00000000,0.00364704,0.00000000,0.00000000,0.00596305,0.00000000,0.00000000,0.00000000,0.00000000,0.00000000,0.00000000,0.00000000,0.00000000,0.00000000,0.26350538,0.00000000,0.00000000,0.00000000,0.00000000,0.00000000,0.00000000,0.00000000,0.02344946,0.00000000,0.00000000,0.00000000,0.00000000,0.43464452,0.00000000,0.00000000,0.00000000,0.00000000,0.00000000,0.00000000,0.00000000,0.00000000,0.00000000,0.00000000,0.00000000,0.00000000,0.00000000,0.00000000,0.00000000,0.00000000,0.00000000,0.00000000,0.00000000,0.00132945,0.00000000,0.00000000,0.00000000,0.00000000,0.00236584,0.00000000,0.00000000,0.00000000,0.00000000,0.00149807,0.00000000,0.00000000,0.00000000,0.00000000,0.00448430,0.00000000,0.00000000,0.00201317,0.00000000,0.00000000,0.00000000,0.21833414,0.00000000,0.00000000,0.00000000,0.00000000,0.00000000,0.00300002,0.01158567,0.00000000,0.00290295,0.00000000,0.00000000,0.01969301,0.00000000,0.00000000,0.00000000,0.00000000,0.00000000,0.00000000,0.00000000,0.00000000,0.00000000,0.00000000,0.03021550,0.00000000,0.00000000,0.00000000,0.00000000,0.00000000,0.00000000,0.00000000,0.02035274,0.00160282,0.03020625,0.00000000,0.06780779,0.00000000,0.00000000,0.00000000,0.00000000,0.00000000,0.00000000,0.00000000,0.00000000,0.00000000,0.00796077,0.00000000,0.00000000,0.00000000,0.00000000,0.00000000,0.00000000,0.00000000,0.00000000,0.02859681,0.00000000,0.00000000,0.00000000,0.00000000,0.00000000,0.00000000,0.00000000,0.00000000,0.00000000,0.00000000,0.00000000,0.00000000,0.00000000,0.01361551,0.00841403,0.00000000,0.00000000,0.00000000,0.00000000,0.00000000,0.00000000,0.00000000,0.00000000,0.03488267,0.00284874,0.00000000,0.00000000,0.00000000,0.00000000,0.00000000,0.00000000,0.00000000,0.00000000,0.00000000,0.00000000,0.17383091,0.01137832,0.00000000,0.00000000,0.00000000,0.45711235,0.00000000,0.00000000,0.00000000,0.00642567,0.00000000,0.00000000,0.00000000,0.00000000,0.00000000,0.00000000,0.00000000,0.00000000,0.01926575,0.00000000,0.00000000,0.00101748,0.00000000,0.00000000,0.00000000,0.00000000,0.00000000,0.00000000,0.00000000,0.00000000,0.00217953,0.00000000,0.00000000,0.00000000,0.00000000,0.00000000,0.00000000,0.00000000,0.00000000,0.00000000,0.00000000,0.00000000,0.00000000,0.00000000,0.00000000,0.00000000,0.00000000,0.04454126,0.00000000,0.00000000,0.00000000,0.00995151,0.00000000,0.00000000,0.00000000,0.00000000,0.00000000,0.00000000,0.00000000,0.00593166,0.00000000,0.00000000,0.00000000,0.00000000,0.00000000,0.00000000,0.00899999,0.00000000,0.00000000,0.00000000,0.00000000,0.00000000,0.00000000,0.00000000,0.00000000,0.00000000,0.00000000,0.00000000,0.00000000,0.00000000,0.00000000,0.00000000,0.00000000,0.00000000,0.00000000,0.00000000,0.00658570,0.00000000,0.00774615,0.00000000,0.00000000,0.00000000,0.00114091,0.00000000,0.03158949,0.00364827,0.00000000,0.00000000,0.00000000,0.00000000,0.00000000,0.00000000,0.00000000,0.00000000,0.00000000,0.03521256,0.22712525,0.00000000,0.00000000,0.00000000,0.00000000,0.00000000,0.00000000,0.00000000,0.00000000,0.00000000,0.00000000,0.00000000,0.00000000,0.00602543,0.00000000,0.00000000,0.00000000,0.00000000,0.00000000,0.00000000,0.00000000,0.00000000,0.00000000,0.00000000,0.00000000,0.00000000,0.00000000,0.00000000,0.00000000,0.00000000,0.00000000,0.00000000,0.00000000,0.00000000,0.00000000,0.00000000,0.17249509,0.00000000,0.00000000,0.00000000,0.00000000,0.00000000,0.00000000,0.00000000,0.00000000,0.00000000,0.00000000,0.00000000,0.00000000,0.00000000,0.00000000,0.00000000,0.00000000,0.00000000,0.00000000,0.00000000,0.00000000,0.00000000,0.00000000,0.00000000,0.00000000,0.00000000,0.00000000,0.00000000,0.00000000,0.00234437,0.00000000,0.00000000,0.01442808,0.00000000,0.05902780,0.00000000,0.00000000,0.08435257,0.00438364,0.00000000,0.00565739,0.00000000,0.00000000,0.19556780,0.00000000,0.00000000,0.00000000,0.00000000,0.00000000,0.00000000,0.00000000,0.00000000,0.00000000,0.00000000,0.00000000,0.00000000,0.00000000,0.00000000,0.00000000,0.00000000,0.00000000,0.00000000,0.00000000,0.00000000,0.00000000,0.00000000,0.00093801,0.00000000,0.00000000,0.00000000,0.00000000,0.00641958,0.00000000,0.00000000,0.00000000,0.00000000,0.00000000,0.00000000,0.00000000,0.00000000,0.00000000,0.00000000,0.00000000,0.00000000,0.00000000,0.02013416,0.00000000,0.00000000,0.00000000,0.00000000,0.00000000,0.00000000,0.00000000,0.00000000,0.00000000,0.00000000,0.00000000,0.00000000,0.00000000,0.00000000,0.00985940,0.00000000,0.00000000,0.00000000,0.00000000,0.00000000,0.00000000,0.00000000,0.00000000,0.00000000,0.00000000,0.09406164,0.00000000,0.00000000,0.00000000,0.00000000,0.00000000,0.00000000,0.00000000,0.00836679,0.00000000,0.00000000,0.00000000,0.00000000,0.00000000,0.00000000,0.00000000,0.00000000,0.00000000,0.00000000,0.00000000,0.00000000,0.00000000,0.00000000,0.00000000,0.00000000,0.05795528,0.00000000,0.00000000,0.00000000,0.00000000,0.00000000,0.00000000,0.00000000,0.01743819,0.00000000,0.00000000,0.00000000,0.00000000,0.00000000,0.00000000,0.00000000,0.00000000,0.00000000,0.00000000,0.00000000,0.00426981,0.00000000,0.00000000,0.00000000,0.00000000,0.00000000,0.00000000,0.00000000,0.00395252,0.00000000,0.02159823,0.00000000,0.00000000,0.00000000,0.04055664,0.00248378,0.00000000,0.00000000,0.00000000,0.00000000,0.00000000,0.00000000,0.00000000,0.01324266,0.00000000,0.00000000,0.00000000,0.00000000,0.00000000,0.00000000,0.00000000,0.00000000,0.00000000,0.00923676,0.00000000,0.00000000,0.00000000,0.00000000,0.00331086,0.00000000,0.00000000,0.00000000,0.00000000,0.00000000,0.00000000,0.00000000,0.00000000,0.00000000,0.00000000,0.03162424,0.00000000,0.00000000,0.00000000,0.00000000,0.00000000,0.00000000,0.00000000,0.00000000,0.00000000,0.00000000,0.00000000,0.00000000,0.00000000,0.00000000,0.00000000,0.00000000,0.00000000,0.00000000,0.00000000,0.00000000,0.00000000,0.00000000,0.00000000,0.00000000,0.00000000,0.00000000,0.00000000,0.00465071,0.00628933,0.00000000,0.00209719,0.00000000,0.00000000,0.00000000,0.03386617,0.00000000,0.00000000,0.00000000,0.00000000,0.00000000,0.00000000,0.00000000,0.00000000,0.00000000,0.00000000,0.00000000,0.00000000,0.00000000,0.00000000,0.00000000,0.01068104,0.00000000,0.00000000,0.00000000,0.00000000,0.00000000,0.00000000,0.00000000,0.00000000,0.00000000,0.00000000,0.00000000,0.04694601,0.00000000,0.00000000,0.00000000,0.02133784,0.00000000,0.00000000,0.00934074,0.00000000,0.00000000,0.00000000,0.00000000,1.43405768,0.00000000,0.00000000,0.00000000,0.00000000,0.00000000,0.00000000,0.00000000,0.00000000,0.00000000,0.00000000,0.00000000,0.00000000,0.00000000,0.00000000,0.00000000,0.00000000,0.00000000,0.00000000,0.00000000,0.00000000,0.00000000,0.00000000,0.00000000,0.01342209,0.02100445,0.00000000,0.00000000,0.00000000,0.00000000,0.00000000,0.00000000,0.00000000,0.00000000,0.00000000,2.15470275,0.00115765,0.00381423,0.00000000,0.00000000,0.00000000,0.00000000,0.00534215,0.00000000,0.00215912,0.00000000,0.00000000,0.02467167,1.39102212,0.00000000,0.00000000,0.00280344,0.00000000,0.00000000,0.00172937,0.00000000,0.00000000,0.00000000,0.00000000,0.00000000,0.00000000,0.00000000,0.00000000,0.00000000,0.00000000,0.00000000,0.00364395,0.09922130,0.00000000,0.00000000,0.00000000,0.00000000,0.00000000,0.00000000,0.00000000,0.00000000,0.00000000,0.00000000,0.00000000,0.00279181,0.00000000,0.07202793,0.00000000,0.00000000,2.17325432,0.00000000,0.00000000,0.00696072,0.00000000,0.00000000,0.00000000,0.00000000,0.00083507,0.00000000,0.00144754,0.00000000,0.00068565,0.00000000,0.00000000,0.00000000,0.00000000,0.00000000,0.00000000,0.00000000,0.00000000,0.00000000,0.00000000,0.00000000,0.00000000,0.00000000,0.00000000,0.00000000,0.00000000,0.00000000,0.00000000,0.00000000,0.00000000,0.00000000,0.00000000,0.00000000,0.00000000,0.00000000,0.00000000,0.00000000,0.01363401,0.00000000,0.00000000,0.00188178,0.00000000,0.00000000,0.00000000,0.00000000,0.00000000,0.00000000,0.00000000,0.00000000,0.00000000,0.00000000,0.00000000,0.00841488,0.00000000,0.00000000,0.00000000,0.00312697,0.00000000,0.00000000,0.10807950,0.00000000,0.00000000,0.00000000,0.00000000,0.00000000,0.01056848,0.00000000,0.00000000,0.00000000,0.00000000,0.00000000,0.00000000,0.00000000,0.00000000,0.00000000,0.01345385,0.00000000,0.00000000,0.00167329,0.00000000,0.00000000,0.00000000,0.00000000,0.00000000,0.00000000,0.00000000,0.00000000,0.01424828,0.00096457,0.00000000,0.00000000,0.00000000,0.05346173
0.00219221,0.00000000,0.00000000,0.00000000,0.00000000,0.00000000,0.00000000,0.00505923,0.00000000,0.00000000,0.00000000,0.00000000,0.00000000,0.00000000,0.00000000,0.00000000,0.00000000,0.00000000,0.00000000,0.00000000,0.00000000,0.00000000,0.00000000,0.00000000,2.77753929,0.00000000,0.00000000,0.00000000,0.00000000,0.00000000,0.00000000,0.00000000,0.00000000,0.00000000,0.00550125,0.00000000,0.00000000,0.00000000,0.00000000,0.00000000,0.00000000,0.00000000,0.00000000,0.00000000,0.00000000,0.00000000,0.00000000,0.00000000,0.00000000,0.00000000,0.00000000,0.00000000,0.00000000,0.00000000,0.02928356,0.00000000,0.00000000,0.00000000,0.00391725,0.00000000,0.00000000,0.00082545,0.00326501,0.00000000,0.00000000,0.00000000,0.00000000,0.03743884,0.00000000,0.00000000,0.00000000,0.07447200,0.00000000,0.00000000,0.00426317,0.00000000,0.00000000,0.00000000,0.00000000,0.00000000,0.00000000,0.00000000,0.00746242,0.00000000,0.06383107,0.00000000,0.00000000,0.12525490,0.00000000,0.00000000,0.00000000,0.00000000,1.89102556,0.00000000,0.00000000,0.00000000,0.00000000,0.00000000,0.00000000,0.00000000,0.00282193,0.00000000,0.04026640,0.00000000,0.00000000,0.00000000,0.00000000,0.00368629,0.00000000,0.00000000,0.02383324,0.00000000,0.00000000,0.00000000,0.00000000,0.00000000,0.00000000,0.00000000,0.00000000,0.00000000,0.03329280,0.01161267,0.00000000,0.00000000,0.00000000,0.00000000,0.00000000,0.00000000,0.00000000,0.00000000,0.01863489,0.00000000,0.06407458,0.00000000,0.00000000,0.00000000,0.00000000,0.00000000,0.00000000,0.00000000,0.00000000,0.00000000,0.00218463,0.00000000,0.00000000,0.00000000,0.00000000,0.08164292,0.00000000,0.00000000,0.00000000,0.00000000,0.00000000,0.00000000,0.00000000,0.00000000,0.00000000,0.00000000,0.00000000,0.00000000,0.00000000,0.00000000,0.00000000,0.00000000,0.00000000,0.00000000,0.00000000,0.00000000,0.00000000,0.00000000,0.00000000,0.00000000,0.00000000,0.00000000,0.00000000,0.00965383,0.00000000,0.00000000,0.00000000,0.00740181,0.00000000,0.00278943,0.00000000,0.00000000,0.00000000,0.00000000,0.00626705,0.00000000,0.00000000,0.00000000,0.00112807,0.00000000,0.00000000,0.00000000,0.00416927,0.00000000,0.00000000,0.00000000,0.00000000,0.00000000,0.00000000,0.00000000,0.00000000,0.00000000,0.00000000,0.00000000,0.00000000,0.00000000,0.00000000,0.00000000,0.00000000,0.00000000,0.00000000,0.00000000,0.00000000,0.04929953,0.00000000,0.00000000,0.00000000,0.00349341,0.00000000,0.00000000,0.00000000,0.03000268,0.00000000,0.00000000,0.00000000,0.00000000,0.00000000,0.11349922,0.00000000,0.00000000,0.00000000,0.00000000,0.00000000,0.00000000,0.00000000,0.00000000,0.00000000,0.00000000,2.25028957,0.00278196,0.00000000,0.00000000,0.00000000,0.00000000,0.00000000,0.00000000,0.00000000,0.00000000,0.00514673,0.00000000,0.00000000,0.00000000,0.00503186,0.00000000,0.00000000,0.00000000,0.00000000,0.00000000,0.48411797,0.00000000,0.00000000,0.00000000,0.00000000,0.00000000,0.00000000,0.00000000,0.00000000,0.00000000,0.00283323,0.62015658,0.00000000,1.54970708,0.00000000,0.00000000,0.00000000,0.00000000,0.00000000,0.05286496,0.00000000,0.00000000,0.00000000,0.00000000,0.00000000,0.00000000,0.00000000,0.00489429,0.00000000,0.00000000,0.00000000,0.00000000,0.00000000,0.00000000,0.00000000,0.02121418,0.00000000,0.00000000,0.00000000,0.00000000,0.00000000,0.00000000,0.00000000,0.00000000,0.00000000,0.00000000,0.00161127,0.00000000,0.00000000,0.00000000,0.00000000,0.00000000,0.02986846,0.00000000,0.00000000,0.00000000,0.00000000,0.00000000,0.00000000,0.00000000,0.00502205,0.00000000,0.00000000,0.00000000,0.00000000,0.00000000,0.00000000,0.00000000,0.00000000,0.00000000,0.00000000,0.00000000,0.00000000,0.00000000,0.00000000,0.00000000,0.25972316,0.00000000,0.00000000,0.00000000,0.04193827,0.00000000,0.00000000,0.00387276,0.00000000,0.00000000,0.00000000,0.00000000,0.00000000,0.00000000,0.00000000,0.00000000,0.00000000,0.00000000,0.15483761,0.00000000,0.00192493,0.00000000,0.00000000,0.00000000,0.00000000,0.01369255,0.00000000,0.00000000,0.00000000,0.00000000,0.00000000,0.00000000,2.00274735,0.00000000,0.00000000,0.00000000,0.00000000,0.00000000,0.00000000,0.00000000,0.00000000,0.00469836,0.00000000,0.00000000,0.00000000,0.00000000,0.00000000,0.05618327,0.01630858,0.00000000,0.00000000,0.00000000,0.00000000,0.00131838,0.00000000,0.00000000,0.00000000,0.00000000,0.00000000,0.00000000,0.00000000,0.00000000,0.00000000,0.00000000,0.00000000,0.00000000,0.00000000,0.02587528,0.00000000,0.00000000,0.00000000,0.00000000,0.00000000,0.00000000,0.00000000,0.00000000,0.00000000,0.21148439,0.00000000,0.00000000,0.00000000,0.00000000,0.00000000,0.00000000,0.00000000,0.00000000,0.00000000,0.00000000,0.00000000,0.00409831,0.00313604,0.00000000,0.00000000,0.00000000,0.00000000,0.00000000,0.00000000,0.00000000,0.00000000,0.00000000,0.00093957,0.17225651,0.00000000,0.00000000,0.00000000,0.00000000,0.00000000,0.00000000,0.00000000,0.00000000,0.28098271,0.00000000,0.00386773,0.00000000,0.00577046,0.00000000,0.00000000,0.00000000,0.00000000,0.00000000,0.00000000,0.00000000,0.00000000,0.00000000,0.00000000,0.00000000,0.00000000,0.00000000,0.00000000,0.00000000,0.00000000,0.00560241,0.00000000,0.00000000,0.00000000,0.00000000,0.00000000,0.00000000,0.00000000,0.26402139,0.00000000,0.00000000,0.00000000,0.00000000,0.00000000,0.00000000,0.00000000,0.02332930,0.00000000,0.00000000,0.00000000,0.00000000,0.00000000,0.00000000,2.15552358,0.00000000,0.00128745,0.00000000,0.00270685,0.02739499,0.00000000,0.00000000,0.00000000,0.00000000,0.01496999,0.00000000,0.00000000,0.00000000,0.00000000,0.00000000,0.00000000,0.00000000,0.00000000,0.00000000,0.00000000,0.00000000,0.00000000,0.00000000,0.00000000,0.00000000,0.00767554,0.00000000,0.00000000,0.00000000,0.00237985,0.00000000,0.00000000,0.00000000,0.00000000,0.05769040,0.00000000,0.00000000,0.00000000,0.00000000,0.00000000,0.00000000,0.00000000,0.00000000,0.00000000,0.00000000,0.00000000,0.00000000,0.00000000,0.00000000,0.00000000,0.00000000,0.00000000,0.00000000,0.00000000,0.00000000,0.00000000,0.00000000,0.00000000,0.00000000,0.00000000,0.00000000,0.00000000,0.00000000,0.00000000,0.00000000,0.00000000,0.00000000,0.00000000,0.00000000,0.00000000,0.00000000,0.00000000,0.00000000,0.00000000,0.00000000,0.00000000,0.00000000,0.00000000,0.00000000,0.00000000,0.00000000,0.01588634,0.00000000,0.00000000,0.00000000,0.00000000,0.00408323,0.00000000,0.00000000,0.00000000,0.00071994,0.00000000,0.00000000,0.00000000,0.00000000,0.00467037,0.00000000,0.00000000,0.00000000,0.00000000,0.00000000,0.04735699,0.00000000,0.00000000,0.00000000,0.00000000,0.00000000,0.00000000,0.00000000,0.00000000,0.00000000,0.00000000,0.00000000,0.00000000,0.00000000,0.00000000,0.01284815,0.00000000,0.00000000,0.00330675,0.00000000,0.00000000,0.00000000,0.00000000,0.00000000,0.00000000,0.00000000,0.00000000,0.00000000,0.00000000,0.00000000,0.01841592,0.00000000,0.00000000,0.00000000,0.00000000,0.03468088,0.00000000,0.00000000,0.00000000,0.00000000,0.00000000,0.00000000,0.09834304,0.00000000,0.00000000,0.00000000,0.00000000,0.00209947,0.00000000,0.00000000,0.00000000,0.00000000,0.00000000,0.00000000,0.00000000,0.00000000,0.00000000,0.00000000,0.00000000,0.00000000,0.00000000,0.00000000,0.00000000,0.00000000,0.03251229,0.10055287,0.00000000,0.00000000,0.00592487,0.00000000,0.00000000,0.00000000,0.00000000,0.05104507,0.00000000,0.00000000,0.00000000,0.00000000,0.00000000,0.00000000,0.00000000,0.00000000,0.00000000,0.00000000,0.01316823,0.00613862,0.00000000,0.00000000,0.02104810,0.00560182,0.00000000,0.00000000,0.00000000,2.69461403,0.05906123,0.00000000,0.00000000,0.00000000,0.00000000,0.00000000,0.00000000,0.00000000,0.00000000,0.00000000,0.00000000,0.00000000,0.00070119,0.00000000,0.00000000,0.00000000,0.00000000,0.00000000,0.00000000,0.00000000,0.00000000,0.00000000,0.00000000,0.00000000,0.00000000,0.00000000,0.00000000,0.02744565,0.00000000,0.00000000,0.00000000,0.00000000,0.00000000,0.00000000,0.00000000,0.00000000,0.00000000,0.00000000,0.00000000,0.00000000,0.00000000,0.00000000,0.00000000,0.00000000,0.00000000,0.00000000,0.00000000,0.00000000,0.00000000,0.00000000,0.00000000,0.00000000,0.00000000,0.00000000,0.00000000,0.00000000,0.00000000,0.00000000,0.00000000,0.00000000,0.00000000,0.00000000,0.00000000,0.00000000,0.01578552,0.00000000,0.00000000,0.00572003,0.00000000,0.00099990,0.00000000,0.00000000,0.00000000,0.01483218,0.00000000,0.00000000,0.00000000,0.00000000,0.04298017,0.00920013,0.00000000,0.00000000,0.00000000,0.01418627,0.00000000,0.00940931,0.00395884,0.00000000,0.00000000,0.00000000,0.00000000,0.02342640,0.00000000,0.00000000,0.00000000,0.00000000,0.00000000,0.00000000,0.00000000,0.00000000,0.00000000,0.00000000,0.00000000,0.00000000,0.00000000,0.00000000,0.00000000,0.00000000,0.00000000,0.00221281,0.00000000,0.00000000,0.00000000,0.00000000
0.00000000,0.00000000,0.00000000,0.00693661,0.00000000,0.00000000,0.00000000,0.00000000,0.00000000,0.00000000,0.00000000,0.00099806,0.00000000,0.00000000,0.00648940,0.00000000,0.00000000,0.00000000,0.00000000,0.00000000,0.00000000,0.00000000,0.00000000,0.00000000,0.00000000,0.00000000,0.00000000,0.00000000,0.00000000,0.00312040,0.00000000,0.00000000,0.00000000,0.00000000,0.00689804,0.00000000,0.00000000,0.00000000,0.00273294,0.00000000,0.00204926,0.00000000,0.00192853,0.00000000,0.00000000,0.00000000,0.00000000,0.00000000,0.00000000,0.00000000,0.00000000,0.00000000,0.00000000,0.00000000,0.00000000,0.00000000,0.00000000,0.00000000,0.00000000,0.00000000,0.00000000,0.01125939,0.27067239,0.00000000,0.00000000,0.00000000,0.00000000,0.00000000,0.00000000,0.00000000,0.00000000,0.00000000,0.00000000,0.00000000,0.00000000,0.00274828,0.00000000,0.00000000,0.00000000,0.00000000,0.08632919,0.00177856,0.00000000,0.00198988,0.00000000,0.00000000,0.00000000,0.00000000,0.00000000,0.00000000,0.00000000,0.00000000,0.00000000,0.00000000,0.00000000,0.00000000,0.00000000,0.00537944,0.00000000,0.00000000,0.00000000,0.00000000,0.00000000,0.00000000,0.00000000,0.00000000,0.00000000,0.07150910,0.00505980,0.00000000,0.00000000,0.00000000,0.00000000,0.00000000,0.00000000,0.01680701,0.00000000,0.00000000,0.00000000,0.00000000,0.12838569,0.00000000,0.00000000,0.01881465,0.00000000,0.00000000,0.26350538,0.00000000,0.00000000,0.00000000,0.00000000,0.03536055,0.00000000,0.00000000,0.00000000,0.00000000,0.00000000,0.00715665,0.00000000,0.00249730,0.00000000,0.00146943,0.01437008,0.00000000,0.00000000,0.00000000,0.00000000,0.00000000,0.00000000,0.00000000,0.00000000,0.00000000,0.00000000,0.00568258,0.00000000,0.00000000,0.00000000,0.00000000,0.00000000,0.00000000,0.00000000,0.00000000,0.23599933,0.00000000,0.00000000,0.00000000,0.00000000,0.00000000,0.00000000,0.00000000,0.00000000,0.00000000,0.00000000,0.00000000,0.00000000,0.00000000,0.00000000,0.00000000,0.00000000,0.00000000,0.00000000,0.00000000,0.00000000,0.00621003,0.07957645,0.00000000,0.00000000,0.00000000,0.02331050,0.00000000,0.00000000,0.00000000,0.00000000,0.00000000,0.00000000,0.00000000,0.00000000,0.17667901,0.00000000,0.00000000,0.00000000,0.00000000,0.00000000,0.00000000,0.00000000,0.00000000,0.00000000,0.01717317,0.00000000,0.00000000,0.00000000,0.00000000,0.03577787,0.00000000,0.00165492,0.00000000,0.00000000,0.00000000,0.00000000,0.00000000,0.00000000,0.00000000,0.00000000,0.00000000,0.00000000,0.00000000,0.00000000,0.00000000,0.03327895,0.00000000,0.00000000,0.00000000,0.00000000,0.00000000,0.00000000,0.00000000,0.00000000,0.01594932,0.00000000,0.00000000,0.00000000,0.00000000,0.00000000,0.00000000,0.00000000,0.00000000,0.00000000,0.00000000,0.00000000,0.00000000,0.00000000,0.00000000,0.00000000,0.00000000,0.00000000,0.00000000,0.00000000,0.00000000,0.00000000,0.00000000,0.00000000,0.00000000,0.00000000,0.00000000,0.00000000,0.00520178,0.00000000,0.00000000,0.00000000,0.00000000,0.00000000,0.00000000,0.26316299,0.00000000,0.00961189,0.00162187,0.01004433,0.00532412,0.00000000,0.00000000,0.00188542,0.00000000,0.00000000,0.00000000,0.68295256,0.00000000,0.00000000,0.00000000,0.00000000,0.00000000,0.00000000,0.00000000,0.00000000,0.04404345,0.00000000,0.00000000,0.00000000,0.00354835,0.00000000,0.00000000,0.00000000,0.00000000,0.00000000,0.00000000,0.00000000,0.00000000,0.00000000,0.00000000,0.00000000,0.00000000,0.00000000,0.00000000,0.00000000,0.00000000,0.00000000,0.00000000,0.00206100,0.00000000,0.00000000,0.00000000,0.00321404,0.00000000,0.00000000,0.00000000,0.00000000,0.00000000,0.00146470,0.00000000,0.00000000,0.00000000,0.00000000,0.00000000,0.00187625,0.00000000,0.00000000,0.00000000,0.00000000,0.00098724,0.00000000,0.00000000,0.00000000,0.01157343,0.00000000,0.00000000,0.00000000,0.00000000,0.00000000,0.00000000,0.00000000,0.00000000,0.01864504,0.00000000,0.04758776,0.02409159,0.00000000,0.00000000,0.00000000,0.00000000,0.00000000,0.00000000,0.00000000,0.00000000,0.00000000,0.00000000,0.01464499,0.00975532,0.00000000,0.00000000,0.00000000,0.01478043,0.00000000,0.00000000,0.00000000,0.00000000,0.00000000,0.01511655,0.00000000,0.00000000,0.00000000,0.00000000,0.00000000,0.00000000,0.00000000,0.00000000,0.00000000,0.00000000,0.00000000,0.00000000,0.00000000,0.00000000,0.00000000,0.00225009,0.00000000,0.00000000,0.00000000,0.00000000,0.00000000,0.00000000,0.00000000,0.00000000,0.00000000,0.00000000,0.00000000,0.00000000,0.00000000,0.00000000,0.00000000,0.00000000,0.00000000,0.00000000,0.00000000,0.00000000,0.00000000,0.59383474,0.00000000,0.00000000,0.00000000,0.00000000,0.00000000,0.00000000,0.00000000,0.00251626,0.00000000,0.00000000,0.00000000,0.01816771,0.00000000,0.00000000,0.00000000,0.00000000,0.00000000,0.00000000,0.00000000,0.00261643,0.00000000,0.00000000,0.00000000,0.64744779,0.00000000,0.00000000,0.00000000,0.00000000,0.00608931,0.00000000,0.00000000,0.00000000,0.00000000,0.00000000,0.95371492,0.00000000,0.00000000,0.01521975,0.00000000,0.00000000,0.01592486,0.00000000,0.00000000,0.00107984,0.00000000,0.00000000,0.00000000,0.00000000,0.00370327,0.00000000,0.00000000,0.00000000,0.00000000,0.00000000,0.00000000,0.00000000,0.00000000,0.04519840,0.00000000,0.00000000,0.00000000,0.00000000,0.00000000,0.00000000,0.00000000,0.00000000,0.01206503,0.00000000,0.00000000,0.39811192,0.00000000,0.00000000,0.00000000,0.00000000,0.00000000,0.00000000,0.00000000,0.01168763,0.00000000,0.00000000,0.00000000,0.00000000,0.00000000,0.00000000,0.00000000,0.00000000,0.00000000,0.00000000,0.01286709,0.00000000,0.00000000,0.00000000,0.00000000,0.00000000,0.00000000,0.00000000,0.00000000,0.00000000,0.00000000,0.00000000,0.00000000,0.00000000,0.00000000,0.00000000,0.00000000,0.00000000,0.00000000,0.00344689,0.00000000,0.00473689,0.00000000,0.00000000,0.00000000,0.00000000,0.00324267,0.00000000,0.00000000,0.00000000,0.00000000,0.00000000,0.00000000,0.00000000,0.00000000,0.00000000,0.00000000,0.00000000,0.00000000,0.00000000,0.00000000,0.00000000,0.00000000,0.00000000,0.00000000,0.00000000,0.00000000,0.00000000,0.00000000,0.00000000,0.00000000,0.00000000,1.59736468,0.00000000,0.00449886,0.00000000,0.00000000,0.00000000,0.00000000,0.00000000,0.00000000,0.00000000,0.00000000,0.00000000,0.00000000,0.00000000,0.00000000,0.00000000,0.00000000,0.00000000,0.00000000,0.00000000,0.00000000,0.00000000,0.00000000,0.00000000,0.00000000,0.00000000,0.00138536,0.00000000,0.00363637,0.00000000,0.00000000,0.00000000,0.00000000,0.00000000,0.00000000,0.00000000,0.15766952,0.00000000,0.00000000,0.00000000,0.00000000,0.00000000,0.00000000,0.00000000,0.00000000,0.00000000,0.00000000,0.00000000,0.00000000,0.00624241,0.00000000,0.00000000,0.00000000,0.00000000,0.00000000,0.00000000,0.00000000,0.00000000,0.00000000,0.00000000,0.01027533,0.00000000,0.00000000,0.00000000,0.00000000,0.00000000,0.00000000,0.10041924,0.00000000,0.00000000,0.00000000,0.00000000,0.00000000,0.00000000,0.00000000,0.00000000,0.00000000,0.00000000,0.00000000,0.00000000,0.00000000,0.00000000,0.00000000,0.00000000,0.00000000,0.00000000,0.01833029,0.00000000,0.00000000,0.00000000,0.00000000,0.00000000,0.00000000,0.00000000,0.00000000,0.00000000,0.00000000,0.00744930,0.00000000,0.00000000,0.00000000,0.00000000,0.00000000,0.00000000,0.00000000,0.00000000,0.00000000,0.00000000,0.00000000,0.00000000,0.23511331,0.00000000,0.00000000,0.00000000,0.00000000,0.00000000,0.00000000,0.00000000,0.18420389,0.00000000,0.00000000,0.00000000,0.00000000,0.00000000,0.00928535,0.00000000,0.00000000,0.00000000,0.00000000,0.00000000,0.00000000,0.00000000,0.00000000,0.00000000,0.00000000,0.00000000,0.00000000,0.00000000,0.00000000,0.00000000,0.00000000,0.00731981,0.00000000,0.00000000,0.00000000,0.00000000,0.00000000,0.00000000,0.00000000,0.00000000,0.00000000,0.00000000,0.00000000,0.01510484,0.00000000,0.00000000,0.00000000,0.00000000,0.00000000,0.00000000,0.01451448,0.00000000,0.00638498,0.00000000,0.09408652,0.00000000,0.00000000,0.00000000,0.00000000,0.00000000,0.00000000,0.00000000,0.00701367,0.00000000,0.00000000,0.00079298,0.00000000,0.00000000,0.00000000,0.00000000,0.00000000,0.00000000,0.00000000,0.00000000,0.00000000,0.01057431,0.00000000,0.00000000,0.00000000,0.00000000,0.00000000,0.00000000,0.01417972,0.02189018,0.00000000,0.00224876,0.00000000,0.00000000,0.00000000,0.00000000,0.00000000,0.00000000,0.00000000,0.00000000,0.00000000,0.00000000,0.00000000,0.00000000,0.00000000,0.00092529,0.00000000,0.00000000,0.01223855,0.00000000,0.00383002,0.00000000,0.00959840,0.00000000,0.00000000,0.00000000,0.00000000,0.00000000,0.00000000,0.00000000,0.01243839,0.00000000,0.00000000,0.00000000,0.00000000,0.00000000,0.00340496,0.00000000,0.00000000,0.00000000,0.00000000,0.01688100,0.00000000,0.08666602,0.00000000,0.00000000,1.17109680,0.00000000,0.00000000,0.00000000,0.00000000,0.00072442
0.00000000,0.00000000,0.07813478,0.00000000,0.00000000,0.00000000,0.00000000,0.00000000,0.00000000,0.00000000,0.00000000,0.00000000,0.01110058,0.00000000,0.00000000,0.00000000,0.00000000,0.00000000,0.00000000,0.00000000,0.00000000,0.00000000,0.00000000,0.09577824,0.00000000,0.00000000,0.00000000,0.00000000,0.00000000,0.00000000,0.00000000,0.00169889,0.00000000,0.00000000,0.00000000,0.00000000,0.00000000,0.00000000,0.00000000,0.00000000,0.22489590,0.00000000,0.00000000,0.00000000,0.00000000,0.00000000,0.00000000,0.00000000,0.01766590,0.00000000,0.00000000,0.00115676,0.01527099,0.00000000,0.00000000,0.00000000,0.00000000,0.00525599,0.00000000,0.00000000,0.00000000,0.00000000,0.00000000,0.00000000,0.00000000,0.00000000,0.00000000,0.00000000,0.00000000,0.00000000,0.00000000,0.00000000,0.00000000,0.00000000,0.00000000,0.00000000,0.00000000,0.00000000,0.00000000,0.00000000,0.00108678,0.00000000,0.00000000,0.07218306,0.00000000,0.00000000,0.00000000,0.00000000,0.00000000,0.00161828,0.00000000,0.00000000,0.00000000,0.00000000,0.00967636,0.00000000,0.00000000,0.00000000,0.02029963,0.00000000,0.00000000,0.00000000,0.00000000,0.00000000,0.00000000,0.00000000,0.03650942,0.00000000,0.00000000,0.00000000,0.03148993,0.00000000,0.00000000,0.00000000,0.00000000,0.00000000,0.00000000,0.00000000,0.00000000,0.00000000,0.00000000,0.00000000,0.00000000,0.00000000,0.00000000,0.00244996,0.00000000,0.00000000,0.00000000,0.00000000,0.00000000,0.00000000,0.00000000,0.00000000,0.00000000,0.01113841,0.00000000,1.75514320,0.00176002,2.65313381,0.00000000,0.00000000,0.01520972,0.00000000,0.00000000,0.00000000,0.00000000,0.00000000,0.00000000,0.00000000,0.00000000,0.03291384,0.00000000,0.00000000,0.00000000,0.00000000,0.00000000,0.00000000,0.00000000,0.00000000,0.00000000,0.00000000,0.01999059,0.00000000,0.00000000,0.00000000,0.00000000,0.03662420,0.00000000,0.00000000,0.00000000,0.00000000,0.00000000,0.00000000,0.00000000,0.00000000,0.00000000,0.00000000,0.01317483,0.00000000,0.00286015,0.00000000,0.00000000,0.00000000,0.00368512,0.00000000,0.00000000,0.00000000,0.00000000,0.00000000,0.00000000,0.00000000,0.00000000,0.00000000,0.02461641,0.00000000,0.00398270,0.00000000,0.00000000,0.00320938,0.00000000,0.00000000,0.00000000,0.00000000,0.00000000,0.00000000,0.00000000,0.00000000,0.00000000,0.00000000,0.00000000,0.07760211,0.00000000,0.00000000,0.00000000,0.00000000,0.00000000,0.00000000,0.00000000,0.00000000,0.00000000,0.00000000,0.00000000,0.00000000,0.00432217,0.00000000,0.00000000,0.01023633,0.00000000,0.00000000,0.00077626,0.00000000,0.00000000,0.00000000,0.00000000,0.01300082,0.00000000,0.00000000,0.00000000,0.00000000,0.00000000,0.00000000,0.00000000,0.00000000,0.02380966,0.00000000,0.00000000,0.00000000,0.00000000,0.00000000,0.00000000,0.00000000,0.00000000,0.00000000,0.00000000,0.00000000,0.00000000,0.00000000,0.00000000,0.00000000,0.00000000,0.00000000,0.00000000,0.00000000,0.00000000,0.03855598,0.00000000,0.00501045,0.00000000,0.00000000,0.00000000,0.00000000,0.00765410,0.00000000,0.00000000,0.00000000,0.00000000,0.00000000,0.00000000,0.00000000,0.00000000,0.00000000,0.00000000,0.00000000,0.00000000,0.00100276,0.00000000,0.00000000,0.00000000,0.00000000,0.00000000,0.00000000,0.00000000,0.00508692,0.00000000,0.05549628,0.00000000,0.00000000,0.00000000,0.00000000,0.00000000,0.00000000,0.00000000,0.00000000,0.00000000,0.00000000,0.00000000,0.00000000,0.00000000,0.13979721,0.00000000,0.00141584,0.00000000,0.00000000,0.00000000,0.00000000,0.00000000,0.00000000,0.00000000,0.00000000,0.00321950,0.00000000,0.00085592,0.00000000,0.00000000,0.00000000,0.00000000,0.00000000,0.00000000,0.00000000,0.00000000,0.00000000,0.02567408,0.00000000,2.72692925,0.00000000,0.00000000,0.00217553,0.00688227,0.00000000,0.00000000,0.00000000,0.00388564,0.00403298,0.00000000,0.00000000,0.00000000,0.00000000,0.00000000,0.00000000,0.00000000,0.03259651,0.00000000,0.00000000,0.00000000,0.00000000,0.00000000,0.00000000,0.00000000,0.00000000,0.07028723,0.00000000,0.00000000,0.00000000,0.00000000,0.00000000,0.00000000,0.00558317,0.00000000,0.00000000,0.00000000,0.00000000,0.00000000,0.00000000,0.00000000,0.00000000,0.00000000,0.02237525,0.00000000,0.00000000,0.00000000,0.00284538,0.00000000,0.00000000,0.00000000,0.00000000,0.00000000,0.00000000,0.00000000,0.00000000,0.00000000,0.00000000,0.01345374,0.00818284,0.00000000,0.00000000,0.00642389,0.00000000,0.00000000,0.00000000,0.00000000,0.00106203,0.00259227,0.00000000,0.00000000,0.00000000,0.00000000,0.03342707,0.00000000,0.00000000,0.00000000,0.00000000,0.00000000,0.00000000,0.00000000,0.00000000,0.00000000,0.00000000,0.00000000,0.00000000,0.00000000,0.03101273,0.00000000,0.00000000,0.00000000,0.00000000,0.03176075,0.00000000,0.00000000,0.00000000,0.00000000,0.00000000,0.00000000,0.00000000,0.00000000,0.00000000,0.00000000,0.00000000,0.00000000,0.00000000,0.00000000,0.00000000,0.00000000,0.00000000,0.28098271,0.00000000,0.00000000,0.00000000,0.00000000,0.00000000,0.00000000,0.02365922,0.01623599,0.00000000,0.00000000,0.00000000,0.00000000,0.00000000,0.17285002,0.00000000,0.01016923,0.00000000,0.00000000,0.00000000,0.00000000,0.00000000,0.00000000,0.00000000,0.00000000,0.00000000,0.00000000,0.00000000,0.00000000,0.00000000,0.00000000,0.00000000,0.00000000,0.00000000,0.00000000,1.89980842,0.00599097,0.00000000,0.00000000,0.00000000,0.00000000,0.00000000,0.00000000,0.00000000,0.01141999,0.00000000,0.00000000,0.00000000,0.00000000,0.00193416,0.00000000,0.00000000,0.00000000,0.00000000,0.00000000,0.00000000,0.00000000,0.00000000,0.00000000,0.00000000,0.00000000,0.00382571,0.00000000,0.00000000,0.00000000,0.00000000,0.00000000,0.00000000,0.00000000,0.00000000,0.00000000,0.00000000,0.00000000,0.00000000,0.00000000,0.02667012,0.00000000,0.00000000,0.00000000,0.00000000,0.00000000,0.00000000,0.00000000,0.00246716,0.00000000,0.00000000,0.00000000,0.00000000,0.00000000,0.00000000,0.00000000,0.00000000,0.00000000,0.12135008,0.00000000,0.00000000,0.01275272,0.00000000,0.00000000,0.00000000,0.00000000,0.00000000,0.00000000,0.00000000,0.00000000,0.00000000,0.00000000,0.00000000,0.00000000,0.00000000,0.97468453,0.00000000,0.00000000,0.00000000,0.09968739,0.00000000,0.00064288,0.00000000,0.00146557,0.00000000,0.00000000,0.00000000,0.00000000,0.00000000,0.00000000,0.00000000,0.00000000,0.00000000,0.00000000,0.00000000,0.00000000,0.00000000,0.01684290,0.00629191,0.00000000,0.00000000,0.00000000,0.00000000,0.00000000,0.00000000,0.00000000,0.00000000,0.00000000,0.00000000,0.00000000,0.09100388,0.00000000,0.00000000,0.00000000,0.00000000,0.00000000,0.00000000,0.00000000,0.00000000,0.00000000,0.00000000,0.00150725,0.00000000,0.00000000,0.00000000,0.00000000,0.00000000,0.00000000,0.00000000,0.00000000,0.00000000,0.00000000,0.00000000,0.00000000,0.04455931,0.00000000,0.00000000,0.00000000,0.00000000,0.00000000,0.00071184,0.00322091,0.00000000,0.00000000,0.00000000,0.00000000,0.00000000,0.00000000,0.01141961,0.00000000,0.00000000,0.00000000,0.00000000,0.00000000,0.00000000,0.00000000,0.00000000,0.00619860,0.00000000,0.00000000,0.00000000,0.00000000,0.00000000,0.00000000,0.00184714,0.00537413,0.00000000,0.00000000,0.00000000,0.00000000,0.00000000,0.00000000,0.00000000,0.00000000,0.00000000,0.00000000,0.00000000,0.00000000,0.00287266,0.00000000,0.00000000,0.00000000,0.00000000,0.00000000,0.00000000,0.00000000,0.00000000,0.00000000,0.00000000,0.00000000,0.00000000,0.00000000,0.00000000,0.00000000,0.00000000,0.00000000,0.00000000,0.00000000,0.00000000,0.00000000,0.00000000,0.00000000,0.00000000,0.00000000,0.00000000,0.00000000,0.00000000,0.00000000,0.00000000,0.00000000,0.00522678,0.00000000,0.00139067,0.00000000,0.00000000,0.01675610,0.00000000,0.00000000,0.00000000,0.00000000,0.00000000,0.00000000,0.00000000,0.00000000,0.00000000,0.00000000,0.00528620,0.00000000,0.00000000,0.00000000,0.00000000,0.00000000,0.00000000,0.00000000,0.00000000,0.00161929,0.00000000,0.00000000,0.00000000,0.00188369,0.00000000,0.00000000,0.00000000,0.00000000,0.00000000,0.00000000,0.01653734,0.00000000,0.00000000,0.00000000,0.00000000,0.00000000,0.00000000,0.00171088,0.00000000,0.02926077,0.00000000,0.00000000,0.00000000,0.00000000,0.00000000,0.00000000,0.00169989,0.00000000,0.00412350,0.00000000,0.00000000,0.00000000,0.00000000,0.02005877,0.00000000,0.00000000,0.00000000,0.00000000,0.00000000,0.00000000,0.00000000,0.00000000,0.00000000,0.00000000,0.00000000,0.00000000,0.00000000,0.00000000,0.00000000,0.00000000,0.00000000,0.00000000,0.00000000,0.28478021,0.00000000,0.00000000,0.00000000,0.00000000,0.00000000,0.07890772,0.00000000,0.00000000,0.00000000,2.11643609,0.00000000,0.00000000,0.00000000,0.00000000,0.00000000,0.00000000,0.00000000,0.00403252,0.00000000,0.00000000,0.00000000,0.00000000,0.00000000,0.00000000,0.00000000,0.00000000,0.00000000,0.00711300,0.00000000,0.01612793,0.00000000
0.00000000,0.00000000,0.00000000,0.00000000,0.00000000,0.00000000,0.00000000,0.00000000,0.00000000,0.00000000,0.00190384,0.00000000,0.00000000,0.00000000,0.00000000,0.00000000,0.09253791,0.00000000,0.00000000,0.00000000,0.00000000,0.00000000,0.00000000,0.00000000,0.00000000,0.00000000,0.00000000,0.00000000,0.00000000,0.00000000,0.00000000,0.00000000,0.00000000,0.00000000,0.00000000,0.11905176,0.00000000,0.00000000,0.00000000,0.00000000,0.00000000,0.00000000,0.00000000,0.00437365,0.00000000,0.02216267,0.00000000,0.00000000,0.00000000,0.00000000,0.00000000,0.00000000,0.00000000,0.00000000,0.05826655,0.00000000,0.00000000,0.00000000,0.00000000,0.00000000,0.00000000,0.00000000,0.00000000,0.00000000,0.00000000,0.00000000,0.00000000,0.00406239,0.00000000,0.00000000,0.00000000,0.00000000,0.00000000,0.00000000,0.00000000,0.00000000,0.00000000,0.00000000,0.00000000,0.00000000,0.00000000,0.00000000,0.00000000,0.00000000,0.00000000,0.00000000,0.00181682,0.00000000,0.00000000,0.00000000,0.00000000,0.00000000,0.00751043,0.00000000,0.00000000,0.00000000,0.00000000,0.01269707,0.00000000,0.00000000,0.00000000,0.00000000,0.00000000,0.00000000,0.00000000,0.00000000,0.00000000,0.00000000,0.00000000,0.00000000,0.00000000,0.00000000,0.00000000,0.00000000,0.00000000,0.00000000,0.00000000,0.00000000,0.00000000,0.00000000,0.00000000,0.00000000,0.00000000,0.00425623,0.00000000,0.00000000,0.00000000,0.00000000,0.00000000,0.00000000,0.00000000,0.00000000,0.00000000,0.00000000,0.02457091,0.00000000,0.00000000,0.00237466,0.00000000,0.00000000,0.00000000,0.00000000,0.00000000,0.00531756,0.00514531,0.00000000,0.00000000,0.00000000,0.00000000,0.00000000,0.00000000,0.00000000,0.00000000,0.00000000,0.00000000,0.00000000,0.00000000,0.00000000,0.00000000,0.00000000,0.00000000,0.00000000,0.00000000,0.00000000,0.00000000,0.00000000,0.00000000,0.00000000,0.00000000,0.00000000,0.00000000,0.00000000,0.00000000,0.00000000,0.04626573,0.00000000,0.00000000,0.00000000,0.00000000,0.00000000,0.00000000,0.00000000,0.00000000,0.00000000,1.69172893,0.00118848,0.00000000,0.00000000,0.00000000,0.00000000,0.00000000,0.00000000,0.01475781,0.27396971,0.00095410,0.00000000,0.00000000,0.00000000,0.00000000,0.00000000,0.00000000,0.00000000,0.00000000,0.00112379,0.00000000,0.00000000,0.00000000,0.00000000,0.00000000,0.00000000,0.00000000,0.00000000,0.00000000,0.00000000,0.00000000,0.00000000,0.00000000,0.00000000,0.00000000,0.00000000,0.00000000,0.00000000,0.00000000,0.00000000,0.00000000,0.00000000,0.00000000,0.00105521,0.00000000,0.00000000,0.00000000,0.00000000,0.00000000,0.00000000,0.00000000,0.00000000,0.01474050,0.00000000,0.00000000,0.00000000,0.00000000,0.00000000,0.00000000,0.00000000,0.00000000,0.00000000,0.01402583,0.01172072,0.00000000,0.00000000,0.00000000,0.00000000,0.01486380,0.00000000,0.00000000,0.00000000,0.01000811,0.00000000,0.00000000,0.01035404,0.00000000,0.00000000,0.00000000,0.00000000,0.00168373,0.00000000,0.00000000,0.00000000,0.00000000,0.00000000,0.00000000,0.00000000,0.00000000,0.00000000,0.00000000,0.00000000,0.00000000,0.00000000,0.00000000,0.00000000,0.00450964,0.00000000,0.00000000,0.04506636,0.00000000,0.00000000,0.00000000,0.00000000,0.00000000,0.00250909,0.00000000,0.00000000,0.00000000,0.00000000,0.00000000,0.00000000,0.00000000,0.00000000,0.00000000,0.00000000,0.00000000,0.00000000,0.00000000,0.00000000,0.00000000,0.00000000,0.00245358,0.00000000,0.00000000,0.00000000,0.00000000,0.00000000,0.00000000,0.00564779,0.00000000,0.00000000,0.00000000,0.00000000,0.00000000,0.00153962,0.00000000,0.00000000,0.00000000,0.00000000,0.00000000,0.00000000,0.00917236,0.00000000,0.00000000,0.00000000,0.09117212,0.00000000,0.00000000,0.00000000,0.00132464,0.00000000,0.00000000,0.00000000,0.00239929,0.00000000,0.00000000,0.00000000,0.00000000,0.00000000,0.00000000,0.00000000,0.00000000,0.00000000,0.00000000,0.00000000,0.02657754,0.00737368,0.00000000,0.00000000,0.01187097,0.00000000,0.00000000,0.00000000,0.00000000,0.00000000,0.00000000,0.00000000,0.00000000,0.00000000,0.00000000,0.00000000,0.00000000,0.03009401,2.01391519,0.00000000,0.00000000,0.00279300,0.00000000,0.00000000,0.00000000,0.00000000,0.00000000,0.00000000,0.00000000,0.00000000,0.00000000,0.00000000,0.00473781,0.00000000,0.00000000,0.00095305,0.00000000,0.00000000,0.00000000,0.00000000,0.00000000,0.00000000,0.00000000,0.00846756,0.00000000,0.00000000,0.02889439,0.00000000,0.00000000,0.00064715,0.00000000,0.00000000,0.00000000,0.00000000,0.00000000,0.00000000,0.00000000,0.00000000,0.01803548,0.00000000,0.00000000,0.00000000,0.00000000,0.00000000,0.00000000,0.00000000,0.00000000,0.00000000,0.00000000,0.00000000,0.00099224,0.00663972,0.00000000,0.00000000,0.00000000,0.00000000,0.00000000,0.07857463,0.00000000,0.00000000,0.00000000,0.00000000,0.00000000,0.00000000,0.00000000,0.00000000,0.00125712,0.00417200,0.00000000,0.00000000,0.00000000,0.00000000,0.00000000,0.00000000,0.00000000,0.00000000,0.00000000,0.00000000,0.00000000,0.00212272,0.00581568,0.00000000,0.00000000,0.00000000,0.00000000,0.00000000,0.00000000,0.00000000,0.00638019,0.00000000,0.00000000,0.00000000,0.00000000,0.00000000,0.00000000,0.00000000,0.00000000,0.00000000,0.00000000,0.00000000,0.00000000,0.00000000,0.00000000,0.00000000,0.00000000,0.01181626,0.00000000,0.00000000,0.00485623,0.00000000,0.00000000,0.00000000,0.00136929,0.01778145,0.00000000,0.00000000,0.01108304,0.00000000,0.00000000,0.00000000,0.00000000,0.00000000,0.00000000,0.00260889,0.00000000,0.00000000,0.00000000,0.00000000,0.00000000,0.00000000,0.01452168,0.00000000,0.00000000,0.00000000,0.00000000,0.00000000,0.00000000,0.00000000,0.00000000,0.00000000,0.00000000,0.00000000,0.00000000,0.00000000,0.00000000,0.00000000,0.00000000,0.00000000,0.04317418,0.00000000,0.00000000,0.00000000,0.00000000,0.00000000,0.00000000,0.00000000,0.00000000,0.00000000,0.00000000,0.00000000,0.00000000,0.00000000,0.00000000,0.00000000,0.00000000,0.00000000,0.00000000,0.00000000,0.00000000,0.00000000,0.00000000,0.00000000,0.00000000,0.00000000,0.00000000,0.00000000,0.00000000,0.00000000,0.00000000,0.00000000,0.00000000,0.00000000,0.00000000,0.00000000,0.00000000,0.00327482,0.00102183,0.00000000,0.00434657,0.00000000,0.00000000,0.00000000,0.00000000,0.00000000,0.00000000,0.00000000,0.01259481,0.00000000,0.00000000,0.13724118,0.00000000,0.00000000,0.00000000,0.00000000,0.00000000,0.00000000,0.00000000,0.00000000,0.00000000,0.00000000,0.00000000,0.00000000,0.60414388,0.00000000,0.00000000,0.83584634,0.00000000,0.00000000,0.00000000,0.00377071,0.00000000,0.00000000,0.00000000,0.00000000,0.00000000,0.00000000,0.00116212,0.00000000,0.00000000,0.00000000,0.02102091,0.00000000,0.00000000,0.00000000,0.00000000,0.00000000,0.01555278,0.00000000,0.00000000,0.00000000,0.00000000,0.00000000,0.00000000,0.00000000,0.00000000,0.00000000,0.00000000,0.00000000,0.00000000,0.00000000,0.00000000,0.00000000,0.00000000,0.00000000,0.00071292,0.00000000,0.00000000,0.00292641,0.00000000,0.00000000,0.00000000,0.00000000,0.11240876,0.00265771,0.01697472,0.00000000,0.00000000,0.00000000,0.00119656,0.00000000,0.00000000,0.00000000,0.00000000,0.00000000,0.00000000,0.00000000,0.00000000,0.00000000,0.00000000,0.00000000,0.00000000,0.00000000,0.00000000,0.00000000,0.09960192,0.00000000,0.00000000,0.00000000,0.00000000,0.00196397,0.00000000,0.00000000,0.00000000,0.00000000,0.00000000,0.00000000,0.00000000,0.00447736,0.02069372,0.00000000,0.00000000,0.00000000,0.16731174,0.11207164,0.00000000,0.00000000,0.00000000,0.00000000,0.00000000,0.08600124,0.00000000,0.00000000,0.22712387,0.00000000,0.00260909,0.00000000,0.00000000,0.00000000,0.00000000,0.00080356,0.00000000,0.00000000,0.00000000,0.00000000,0.00000000,0.00000000,0.00241257,0.09787189,0.00229980,0.00000000,0.00000000,0.00000000,0.00000000,0.00000000,0.00400245,0.00000000,0.00000000,0.00000000,0.00000000,0.00000000,0.00000000,0.00000000,0.00000000,0.00000000,0.00989638,0.00000000,0.00000000,0.00000000,0.00000000,0.00546190,0.00000000,0.00000000,0.00000000,0.00000000,0.00000000,0.00000000,0.00414727,0.00132486,0.00000000,0.00000000,0.00000000,0.00000000,0.00000000,0.00000000,0.00000000,0.00000000,0.00000000,0.00000000,0.00000000,0.00000000,0.05521076,0.00000000,0.00000000,0.00000000,0.04124100,0.00000000,0.00000000,0.00000000,0.00000000,0.00000000,0.00000000,0.00000000,0.00664513,0.00000000,0.00684987,0.00000000,0.00000000,0.00000000,0.00000000,0.00000000,0.00000000,0.00641366,0.00634308,0.00000000,0.00000000,0.00000000,0.00000000,0.00000000,0.00000000,0.00085198,0.00000000,0.00000000,0.00000000,0.00000000,0.00000000,0.00000000,0.00000000,0.00000000,0.00000000,0.00000000,0.00000000,0.00000000,0.00000000,0.00154958,0.00000000,0.01459661,0.00000000,0.02292370,0.00000000,0.00000000,0.00000000,0.00000000,0.00000000,0.00000000,0.00000000,0.00000000,0.00000000,0.00000000,0.00207018,0.00000000
0.00000000,0.00000000,0.86869283,0.00000000,0.00000000,0.00000000,0.00000000,0.00000000,0.00000000,0.13286042,0.00000000,0.00000000,0.00000000,0.00000000,0.00000000,0.00052969,0.00000000,0.00000000,0.00000000,0.00000000,0.00000000,0.31967633,0.00000000,0.00000000,0.00319835,0.00149400,0.00000000,0.00000000,0.00000000,0.00000000,0.00000000,0.00000000,0.00000000,0.00000000,0.00780949,0.00000000,0.00000000,0.00000000,0.00000000,0.07518765,0.00134440,0.00000000,0.00000000,0.00000000,0.00000000,0.00000000,0.00000000,0.02110671,0.00000000,0.00000000,0.00000000,0.00000000,0.00000000,0.00000000,0.00000000,0.00000000,0.00000000,0.16974212,0.00000000,0.01703854,0.00000000,0.00000000,0.00273907,0.00000000,0.00000000,0.49396449,0.00218718,0.01152504,0.00000000,0.00000000,0.00000000,0.00000000,0.00000000,0.00000000,0.00000000,0.00000000,0.00000000,0.00000000,0.02357190,0.00000000,0.00000000,0.00000000,0.00000000,0.00000000,0.00000000,0.00000000,0.00000000,0.00000000,0.00000000,0.00432564,0.00627210,0.00000000,0.00000000,0.00000000,0.00000000,0.00000000,0.00000000,0.00000000,0.00000000,0.00553533,0.00000000,0.00000000,0.00000000,0.00000000,0.00000000,0.00000000,0.00000000,0.00000000,0.30112459,0.00000000,0.00000000,0.20292159,0.00000000,0.00000000,0.00000000,0.00000000,0.00000000,0.00000000,0.00000000,0.55288777,0.00000000,0.00000000,0.00000000,0.00000000,0.00000000,0.00000000,0.01904791,0.00000000,0.00000000,0.00000000,0.00000000,0.00000000,0.00000000,0.00000000,0.00000000,0.02833117,0.00000000,0.00000000,0.00000000,0.00000000,0.00000000,0.00000000,0.00000000,0.00000000,0.00000000,0.00511345,0.00000000,0.01519070,0.00000000,0.00000000,0.00000000,0.00000000,0.00000000,0.00000000,0.00000000,0.00000000,0.00202724,0.00000000,0.00190851,0.05861527,0.00000000,0.00000000,0.00000000,0.00000000,0.00000000,0.00000000,0.00000000,0.00000000,0.00000000,0.00000000,0.00000000,0.00000000,0.00000000,0.00000000,0.00000000,0.00000000,0.00000000,0.00984700,0.00264037,0.00000000,0.00000000,0.00000000,0.00000000,0.00000000,0.00000000,0.00000000,0.00000000,0.00000000,0.00000000,0.00000000,0.00000000,0.00000000,0.00000000,0.13655583,0.00000000,0.00000000,0.00000000,0.00000000,0.00737805,0.00000000,0.00000000,0.00000000,0.00000000,0.00000000,0.00000000,0.00000000,0.00000000,0.00201594,0.00000000,0.00000000,0.00000000,0.00000000,0.02538275,0.00000000,0.00461183,0.00000000,0.00000000,0.00000000,0.00000000,0.00000000,0.00000000,0.00000000,0.00000000,0.00000000,0.00000000,0.00000000,0.00000000,0.00000000,0.00000000,0.00000000,0.00000000,0.00000000,0.02102224,0.00000000,0.00000000,0.00000000,0.00000000,0.00000000,0.00000000,0.00000000,0.00000000,0.00000000,0.01027107,0.00000000,0.00000000,0.00000000,0.26043826,0.00000000,0.00287140,0.00000000,0.00000000,0.00000000,0.00000000,0.00000000,0.00000000,0.00000000,0.00000000,0.00179751,0.00000000,0.00000000,0.00000000,0.00000000,0.00000000,0.00875580,0.00000000,0.00059801,0.00000000,0.00147846,0.00000000,0.00582745,0.00000000,0.00000000,0.00000000,0.00000000,0.00000000,0.00000000,0.00000000,0.00000000,0.00000000,0.00000000,0.00000000,0.00000000,0.00000000,0.00000000,0.00000000,0.00563115,0.00000000,0.00000000,0.00000000,0.00000000,0.00000000,0.00000000,0.00000000,0.00502969,0.00318673,0.00000000,0.00000000,0.00000000,0.00000000,0.00226148,0.00000000,0.00000000,0.00000000,0.00000000,0.00000000,0.00000000,0.00000000,0.00000000,0.00000000,0.00000000,0.00000000,0.00321233,0.00000000,0.00000000,0.00000000,0.00000000,0.00000000,0.00000000,0.00000000,0.00000000,0.00000000,0.00000000,0.00000000,0.00000000,0.00000000,0.00000000,0.00000000,0.07349081,0.00000000,0.00000000,0.00000000,0.00000000,0.00000000,0.00000000,0.00000000,0.00000000,0.00000000,0.00000000,0.00000000,0.00000000,0.14742501,0.17654698,0.00000000,0.00000000,0.00000000,0.00000000,0.00376594,0.00000000,0.00000000,0.00000000,0.00000000,0.00000000,0.00000000,0.00000000,0.00000000,0.00000000,0.00000000,0.00000000,0.00000000,0.00000000,0.00000000,0.00000000,0.01142876,0.00000000,0.00000000,0.00000000,0.00000000,0.00380199,0.00000000,0.00000000,0.00000000,0.00000000,0.00000000,0.00000000,0.00000000,0.00000000,0.01687627,0.00000000,0.00000000,0.02787952,0.00000000,0.00000000,0.00000000,0.00000000,0.00000000,0.03122554,0.00122351,0.00000000,0.37407407,0.01115607,0.00000000,0.00000000,0.00000000,0.00000000,0.00607310,0.00000000,0.04276171,0.01041331,0.00000000,0.00000000,0.00000000,0.00000000,0.00000000,0.00000000,0.00000000,0.00000000,0.00000000,0.00000000,0.00000000,0.00353036,0.00000000,0.00000000,0.00000000,0.00000000,0.00000000,0.01732000,0.00959429,0.00239891,0.00424867,0.00000000,0.01155404,0.00908768,0.00000000,0.00000000,0.00000000,0.00000000,0.00690697,0.00000000,0.00000000,0.00000000,0.00359268,0.00000000,0.00000000,0.00219710,0.00000000,0.00000000,0.00000000,0.00000000,0.00000000,0.00621161,0.00000000,0.00000000,0.00000000,0.00000000,0.00386773,0.95371492,0.00000000,0.00000000,0.00000000,0.00000000,0.00000000,0.00000000,0.00000000,0.00000000,0.00000000,0.00000000,0.00000000,0.00000000,0.00000000,0.00000000,0.00000000,0.00000000,0.00000000,0.00000000,0.00000000,0.00118177,0.00000000,0.00000000,0.00000000,0.00000000,0.00000000,0.00000000,0.00000000,0.00000000,0.00000000,0.00000000,0.00000000,0.00000000,0.00000000,0.00000000,0.00765575,0.00000000,0.00000000,0.00000000,0.00000000,0.00000000,0.00000000,0.00000000,0.00000000,0.00000000,0.00000000,0.05051393,0.00000000,0.00000000,0.00000000,0.00000000,0.00000000,0.00000000,0.00000000,0.00000000,0.00000000,0.01116062,0.00000000,0.00000000,0.00000000,0.00000000,0.00000000,0.00000000,0.00000000,0.00000000,0.00000000,0.00000000,0.00000000,0.00000000,0.00000000,0.00000000,0.00000000,0.00192882,0.00000000,0.00000000,0.00000000,0.00000000,0.00000000,0.00000000,0.00000000,0.00000000,0.00000000,0.00000000,0.00000000,0.00000000,0.03228746,0.00000000,0.00000000,0.00000000,0.00000000,0.00000000,0.00000000,0.00000000,0.00000000,0.00000000,0.00000000,1.54559788,0.00000000,0.00240026,0.00000000,0.00000000,0.02239255,0.00000000,0.00000000,0.00000000,0.00000000,0.00000000,0.00000000,0.00000000,0.00000000,0.00000000,0.00000000,0.00000000,0.00000000,0.00000000,0.00000000,0.00000000,0.00000000,0.00000000,0.00000000,0.00000000,0.00000000,0.00000000,0.07053856,0.00542020,0.00560808,0.00000000,0.00000000,0.00000000,0.00000000,0.00000000,0.00000000,0.00000000,0.00000000,0.00000000,0.00000000,0.01078693,0.00000000,0.00000000,0.00000000,0.00000000,0.00000000,0.00000000,0.00000000,0.00000000,0.00000000,0.00000000,0.01069115,0.00000000,0.00000000,0.00000000,0.00000000,0.05693401,0.00000000,0.00000000,0.00000000,0.00000000,0.00000000,0.00000000,0.00000000,0.00000000,0.00000000,0.00000000,0.00000000,0.00000000,0.00142049,0.00000000,0.00000000,0.00000000,0.00000000,0.00000000,0.00000000,0.00000000,0.00000000,0.00000000,0.02702738,0.00000000,0.00000000,0.00000000,0.00000000,0.00000000,0.00000000,0.00000000,0.00000000,0.00000000,0.00000000,0.00000000,0.00000000,0.00000000,0.00000000,0.00000000,0.00000000,0.00000000,0.00000000,0.00000000,0.00000000,0.00000000,0.01866172,0.00000000,0.00000000,0.00000000,0.00000000,0.00000000,0.00000000,0.00000000,0.00000000,0.00000000,0.00000000,0.00000000,0.00000000,0.00000000,0.00000000,0.00000000,0.01323259,0.00000000,0.00000000,0.00000000,0.00000000,0.00000000,0.00000000,0.12172824,0.00000000,0.00000000,0.00000000,0.00265248,0.00000000,0.00000000,0.00000000,0.00000000,0.00000000,0.00000000,0.00000000,0.00000000,0.00000000,0.00000000,0.00000000,0.00000000,0.00000000,0.00000000,0.00000000,0.00000000,0.00000000,0.00000000,0.00000000,0.00000000,0.00000000,0.00000000,0.01199885,0.00000000,0.00000000,0.00000000,0.00000000,0.00000000,0.00000000,0.00000000,0.00000000,0.00000000,0.00000000,0.00000000,0.00000000,0.00000000,0.00000000,0.01765599,0.00000000,0.00000000,0.00000000,0.50356435,0.00000000,0.00000000,0.00000000,0.00000000,0.00000000,0.00000000,0.00000000,0.00000000,0.00000000,0.00000000,0.00000000,0.00000000,0.00000000,0.00000000,0.00000000,0.00000000,1.19719795,0.00000000,0.00000000,0.01491902,0.00000000,0.00000000,0.01666104,0.00000000,0.00000000,0.00000000,0.00979387,0.00000000,0.00000000,0.00000000,0.00413834,0.00221313,0.00000000,0.00000000,0.00000000,0.00000000,0.00000000,0.01062354,0.00000000,0.00000000,0.00000000,0.00000000,0.00000000,0.00000000,0.00000000,0.00000000,0.00000000,0.00000000,0.00000000,0.00000000,0.00204965,0.00000000,0.00000000,0.00000000,0.00000000,0.00000000,0.00000000,0.00000000,0.00000000,0.00334535,0.00000000,0.00000000,0.43800799,0.00000000,0.00000000,0.00000000,0.00000000,0.00000000,0.00000000,0.00000000,0.00000000,0.00000000,0.00000000,0.00000000,0.00000000,0.00000000,0.00000000,0.00000000,0.00000000,0.00000000,0.00000000,0.00000000,0.03685698,0.00000000,0.00000000,0.00000000,0.00000000,0.00000000
0.00000000,0.01193433,0.00000000,0.00000000,0.00000000,0.00000000,0.00000000,0.00000000,0.00000000,0.00000000,0.00000000,0.03694183,0.00000000,0.00000000,0.00000000,0.00000000,0.00000000,0.00000000,0.11197977,0.00000000,0.00000000,0.00000000,0.00000000,0.00000000,0.00000000,0.00000000,0.00000000,0.00000000,0.00000000,0.00000000,0.00000000,0.00000000,0.00811935,0.00000000,0.00000000,0.00000000,0.00000000,0.00000000,0.00000000,0.00000000,0.00000000,0.01491626,0.00000000,0.00000000,0.00000000,0.00000000,0.00000000,0.00000000,0.00259493,0.00000000,0.00919545,0.00000000,0.00000000,0.00000000,0.00000000,0.00000000,0.00000000,0.00000000,0.00000000,0.00000000,0.00000000,0.00000000,0.00000000,0.00000000,0.00000000,0.00000000,0.01157242,0.00000000,0.00000000,0.00000000,0.00164797,0.00000000,0.00000000,0.00000000,0.00000000,0.00000000,0.00000000,0.00000000,0.00000000,0.00000000,0.00000000,0.00000000,0.00000000,0.00000000,0.00000000,0.00000000,0.00000000,0.00000000,0.00000000,0.00000000,0.00000000,0.00000000,0.00000000,0.00000000,0.00000000,0.00000000,0.00000000,0.00428602,0.00000000,0.00000000,0.00000000,0.00678793,0.00261862,0.00000000,0.00000000,0.00000000,0.00000000,0.00000000,0.00000000,0.00521874,0.00000000,0.00000000,0.00000000,0.00000000,0.00000000,0.00000000,0.00000000,0.00000000,0.00000000,0.00240776,0.00000000,0.00219480,0.00469909,0.00000000,0.00000000,0.00000000,0.00000000,0.00000000,0.00000000,0.00000000,0.00000000,0.00000000,0.00000000,0.09970131,0.00338233,0.00000000,0.00000000,0.00000000,0.05578629,0.00000000,0.00000000,0.00187850,0.00000000,0.01061745,0.00000000,0.00000000,0.00000000,0.00000000,0.00000000,0.00000000,0.00000000,0.00000000,0.00000000,0.00000000,0.00041898,0.00000000,0.00000000,0.00000000,0.00000000,0.00000000,0.00000000,0.00000000,0.00000000,0.00000000,0.00000000,0.00000000,0.00000000,0.00000000,0.00743400,0.00000000,0.00000000,0.00000000,0.00000000,0.00000000,0.00000000,0.00000000,0.00000000,0.00000000,0.00000000,0.00000000,0.00000000,0.00000000,0.00000000,0.00000000,0.00000000,0.00000000,0.00000000,0.00000000,0.00000000,0.00000000,0.00000000,0.00000000,0.00000000,0.00000000,0.00000000,0.00000000,0.00000000,0.06311775,0.00000000,0.00000000,0.02027578,0.00000000,0.00000000,0.00000000,0.00000000,0.00000000,0.02354790,0.00000000,0.00000000,0.00000000,0.00000000,0.00204810,0.00000000,0.00000000,0.00000000,0.00637511,0.00000000,0.00000000,0.00000000,0.00000000,0.00000000,0.00000000,0.00000000,0.00000000,0.00000000,0.00000000,0.13726804,0.00000000,0.00000000,0.00000000,0.00000000,0.00000000,0.00922677,0.00000000,0.00000000,0.00000000,0.00000000,0.00000000,0.00000000,0.00000000,0.00000000,0.00000000,0.00000000,0.00659220,0.00000000,0.00000000,0.00464307,0.00000000,0.00000000,0.00000000,0.00000000,0.00000000,0.00146033,1.76806638,0.00000000,0.00000000,0.00000000,0.00467682,0.00000000,0.00000000,0.00000000,0.00511797,0.00000000,0.00000000,0.00000000,0.00000000,0.00000000,0.00000000,0.00000000,0.00000000,0.00000000,0.03668971,0.00000000,0.10313837,0.00000000,0.00000000,0.00000000,0.00000000,0.12662204,0.00000000,0.00000000,0.00000000,0.00451730,0.00000000,0.00000000,0.00000000,0.00000000,0.00000000,0.00000000,0.00000000,0.00000000,0.00000000,0.00000000,0.00000000,0.00000000,0.00000000,0.00000000,0.00000000,0.00000000,0.00000000,0.00000000,0.05643650,0.00000000,0.00000000,0.00000000,0.00000000,0.00000000,0.00000000,0.00000000,0.00000000,0.00000000,0.00000000,0.00000000,0.00000000,0.00000000,0.00000000,0.00000000,0.00000000,0.00000000,0.00000000,0.00000000,0.00000000,0.00000000,0.00000000,0.00000000,0.00000000,0.00000000,0.00000000,0.00000000,0.00000000,0.02607641,0.00000000,0.00000000,0.00000000,0.00000000,0.00000000,0.00000000,0.00000000,0.00000000,0.04655122,0.00000000,0.00000000,0.00000000,0.00000000,0.00000000,0.00000000,0.00000000,0.00000000,0.00000000,0.00000000,0.00000000,0.00000000,0.00000000,0.00000000,0.01244519,0.00000000,0.00360892,0.03051961,0.00000000,0.00000000,0.00000000,0.00000000,0.00259868,0.00000000,0.00000000,0.00000000,0.00000000,0.00000000,0.00000000,0.00000000,0.00000000,0.00000000,0.64165195,0.00000000,0.00000000,0.00084852,0.00000000,0.00000000,0.00000000,0.00000000,0.00000000,0.00000000,0.00000000,0.00000000,0.00933178,0.00000000,0.00000000,0.00339877,0.00000000,0.00000000,0.00000000,0.00000000,0.00000000,0.00883883,0.00000000,0.00000000,0.00000000,0.00000000,0.00000000,0.00000000,0.00000000,0.00000000,0.00000000,0.00000000,0.00000000,0.00000000,0.00000000,0.00000000,0.00000000,0.00861277,0.00000000,0.00000000,0.00000000,0.00000000,0.00000000,0.20753479,0.11188168,0.00000000,0.00000000,0.00000000,0.00000000,0.00000000,0.00000000,0.00000000,0.00000000,0.00000000,0.00000000,0.00000000,0.00000000,0.00000000,0.00000000,0.00000000,0.16864805,0.01138548,0.00000000,0.00000000,0.00984662,0.00000000,0.00000000,0.00000000,0.00000000,0.00000000,0.00000000,0.00000000,0.00000000,0.00000000,0.00000000,0.00212272,0.00000000,0.00000000,0.00000000,0.00000000,0.00000000,0.00000000,0.00000000,0.00000000,0.00000000,0.00000000,0.00000000,0.00390651,0.00000000,0.00000000,0.00000000,0.00000000,0.00000000,0.00154717,0.00000000,0.02867762,0.00000000,0.00000000,0.00000000,0.00000000,0.00000000,0.00000000,0.00000000,0.00000000,0.00000000,0.04146366,0.01190588,0.00000000,0.00000000,0.00000000,0.00000000,0.00000000,0.01348968,0.00000000,0.00000000,0.00000000,0.00000000,0.00000000,0.00000000,0.00000000,0.00000000,0.00000000,0.00000000,0.00000000,0.00000000,0.00000000,0.00000000,0.00000000,0.00000000,0.00000000,0.00000000,0.00000000,0.00000000,0.00000000,0.00000000,0.00000000,0.00000000,0.00000000,0.00066467,0.00000000,0.00000000,0.00000000,0.00000000,0.01398493,0.00000000,0.00000000,0.00000000,0.00000000,0.00592786,0.00000000,0.00000000,0.00000000,0.00000000,0.01243561,0.00000000,0.00000000,0.00000000,0.00000000,0.00000000,0.00794366,0.00000000,0.00000000,0.00000000,0.00000000,0.00000000,0.00000000,0.00000000,0.00000000,2.78239567,0.00000000,0.00000000,0.00000000,0.00000000,0.00000000,0.00000000,0.00000000,0.00000000,0.00000000,0.00000000,0.00131420,0.00331643,0.00398405,0.00000000,0.00000000,1.10650568,0.00000000,0.00000000,0.00000000,0.00000000,0.00000000,0.02942528,0.00000000,0.00000000,0.00000000,0.02661815,0.00000000,0.00000000,0.00370972,0.00000000,0.00000000,0.00100989,0.00000000,0.00000000,0.00000000,0.00000000,0.00000000,0.00000000,0.00000000,0.00206031,0.00000000,0.00000000,0.00000000,0.01365930,0.00000000,0.00000000,0.00000000,0.00000000,0.00000000,0.00000000,0.00212757,0.00000000,0.00000000,0.00000000,0.00000000,0.00000000,0.00000000,0.00000000,0.00682027,2.04146329,0.00000000,0.00000000,0.00000000,0.00000000,0.00122187,0.00000000,0.00000000,0.00793472,0.00000000,0.00000000,0.00000000,0.00000000,0.04561241,0.00000000,0.00277223,0.00000000,0.00000000,0.00000000,0.00000000,0.00000000,0.00000000,0.00000000,0.00000000,0.00000000,0.00000000,0.00992431,0.00000000,0.00000000,0.00000000,0.00000000,0.00000000,0.00000000,0.21683380,0.00000000,0.00000000,0.00000000,0.00738977,0.03179264,0.00000000,1.75575525,0.00000000,0.00000000,0.00000000,0.00000000,0.00000000,0.00000000,0.00000000,0.00000000,0.00000000,0.00000000,0.00246741,0.00000000,0.00000000,0.00000000,0.00000000,0.00000000,0.00000000,0.00000000,0.00000000,0.00000000,0.01604217,0.04343143,0.00000000,0.00226687,0.00000000,0.00000000,0.00000000,0.00000000,0.00000000,0.00000000,0.00000000,0.00000000,0.00000000,0.00000000,0.00000000,0.00000000,0.00000000,0.00000000,0.00000000,0.00000000,0.00000000,0.00000000,0.00000000,0.00000000,0.00464982,0.02634984,0.00000000,0.00000000,0.00000000,0.00000000,0.00000000,0.00000000,0.00000000,0.00000000,0.00217224,0.00000000,0.00000000,0.00000000,0.00000000,0.00000000,0.00000000,0.00000000,0.00000000,0.00000000,0.00000000,0.00000000,0.00000000,0.00000000,0.00000000,0.00000000,0.00000000,0.00000000,0.00000000,0.00000000,0.00000000,0.00000000,0.00000000,0.00000000,0.00000000,0.00000000,0.00000000,0.00000000,0.00000000,0.00000000,0.00000000,0.00000000,0.03503972,0.00000000,0.00000000,0.00000000,0.01117466,0.00000000,0.00000000,0.00000000,0.00000000,0.00000000,0.00000000,0.79727201,0.00000000,0.00000000,0.00000000,0.00000000,0.00189580,0.00000000,0.00000000,0.00000000,0.00000000,0.00000000,0.00000000,0.00000000,1.01894111,0.00000000,0.00734877,0.00000000,0.00000000,0.00000000,0.00000000,0.00000000,0.00000000,0.00964790,0.00000000,0.00000000,0.00000000,0.00000000,0.00000000,0.32100781,0.00000000,0.00000000,0.00000000,0.00000000,0.00000000,0.00000000,0.00000000,0.00000000,0.00270340,0.00000000,0.00000000,0.00000000,0.00000000,0.00000000,0.00467006,0.00000000,0.00000000,0.00000000,0.04522458,0.07797303,0.00000000,0.00515229,0.00000000,0.00000000,0.00000000,0.00000000,0.00000000,0.00000000,0.00000000,0.00000000,0.00000000,0.03032768,0.00000000
0.00000000,0.00000000,0.00000000,0.00000000,0.00000000,0.00000000,0.03478665,0.00000000,0.00000000,0.00000000,0.00000000,0.00000000,0.00000000,0.00000000,0.00000000,0.00000000,0.00000000,0.00000000,0.00000000,0.00000000,0.00000000,0.00000000,0.00000000,0.00000000,0.00131423,0.00000000,0.00000000,0.00214072,0.00000000,0.00000000,0.00000000,0.00000000,0.00000000,0.00000000,0.00000000,0.00000000,0.00000000,0.00000000,0.00000000,0.00000000,0.00000000,0.03871883,0.00000000,0.00000000,0.00687482,0.11130965,0.00000000,0.00000000,0.00217195,0.00000000,0.00000000,0.00000000,0.00000000,0.00000000,0.05874317,0.00417893,0.00000000,0.00000000,0.00000000,0.00000000,0.01015605,0.00000000,0.00000000,0.00395304,0.00000000,0.00000000,0.00000000,0.00000000,0.00000000,0.00000000,0.00000000,0.00000000,0.00000000,0.00165104,0.00000000,0.00103586,0.00000000,0.00000000,0.00000000,0.00000000,0.00000000,0.00000000,0.01855563,0.00000000,0.00000000,0.44753646,0.00000000,0.00000000,0.00000000,0.00000000,0.00000000,0.00000000,0.00000000,0.00000000,0.00000000,0.00000000,0.00000000,0.00000000,0.00000000,0.18650818,0.00000000,0.00000000,0.00000000,0.00000000,0.00000000,0.00000000,0.00000000,0.04289166,0.00000000,0.00000000,0.00000000,0.00069689,0.00000000,0.00000000,0.00000000,0.00000000,0.00000000,0.00000000,0.00000000,0.00000000,0.00146533,0.00000000,0.01185007,0.00000000,0.00000000,0.00000000,0.00000000,0.00000000,0.08845931,0.00000000,0.00000000,0.00000000,0.00000000,0.01326127,0.00000000,0.00000000,0.00000000,0.00000000,0.00000000,0.00000000,0.00000000,0.00000000,0.00000000,0.00000000,0.00000000,0.00000000,0.00000000,0.00000000,0.00000000,0.00000000,0.00465595,0.00000000,0.01465836,0.00000000,0.00000000,0.00000000,0.00000000,0.00000000,0.00000000,0.00000000,0.00000000,0.00000000,0.00000000,0.00000000,0.00000000,0.00000000,0.00000000,0.00000000,0.40759117,0.00000000,0.00000000,0.00074904,0.00000000,0.00000000,0.00000000,0.00000000,0.00000000,0.00000000,0.00000000,0.00000000,0.00000000,0.00000000,0.00000000,0.00000000,0.00000000,0.01333607,0.00000000,0.00000000,0.00000000,0.00000000,0.00000000,0.00000000,0.00000000,0.00000000,0.00000000,0.09431234,0.00000000,0.00000000,0.00102458,0.00000000,0.00159722,0.00000000,0.00000000,0.00000000,0.00000000,0.00000000,0.00000000,0.00000000,0.00000000,0.00000000,0.00000000,0.00000000,0.00252778,0.00000000,0.00000000,0.00000000,0.00000000,0.00000000,0.00000000,0.00000000,0.00000000,0.00000000,0.00000000,0.00000000,0.00000000,0.00000000,0.00000000,0.00000000,0.00000000,0.00000000,0.00000000,0.00000000,0.00000000,0.00000000,0.00000000,0.00000000,0.00262772,0.00000000,0.00000000,0.00000000,0.00000000,0.00000000,0.00000000,0.00000000,0.00000000,0.00000000,0.00000000,0.00000000,0.00000000,0.09468801,0.00000000,0.00000000,0.00000000,0.00000000,0.00000000,0.00000000,0.00000000,0.00000000,0.00000000,0.00000000,0.00000000,0.00000000,0.00000000,0.00000000,0.00000000,0.00187103,0.00000000,0.00000000,0.00000000,0.00000000,0.00000000,0.00000000,0.00000000,0.00000000,0.00000000,0.00000000,0.00000000,0.00000000,0.00000000,0.00000000,0.00000000,0.00000000,0.00000000,0.00000000,0.00000000,0.00000000,0.00000000,0.00000000,0.01573497,0.00000000,0.00000000,0.00000000,0.00000000,0.00000000,0.00000000,0.00000000,0.00000000,0.00000000,0.00000000,0.00000000,0.00000000,0.00000000,0.00000000,0.00000000,0.00000000,0.00000000,0.00000000,0.00000000,0.00000000,0.00000000,0.00000000,0.00000000,0.00000000,0.00088951,0.00000000,0.00820257,0.00000000,0.00000000,0.00000000,0.00000000,0.00000000,0.00000000,0.00000000,0.00000000,0.06285693,0.00000000,0.00000000,0.00000000,0.00000000,0.00000000,0.00000000,0.00000000,0.00000000,0.00000000,0.00000000,0.00000000,0.00000000,0.00000000,0.00000000,0.00000000,0.00000000,0.00000000,0.00000000,0.00000000,0.00000000,0.00000000,0.00000000,0.00000000,0.00000000,0.00000000,0.00000000,0.02312078,0.00000000,0.00000000,0.00000000,0.00571614,0.00000000,0.00000000,0.00000000,0.00000000,0.00000000,0.00000000,0.00000000,0.00000000,0.00000000,0.00000000,0.00000000,0.00000000,0.00000000,0.00000000,0.00000000,0.00000000,0.00000000,0.00723903,0.00000000,0.00000000,0.00000000,0.00000000,0.00000000,0.00000000,0.00000000,1.45503928,0.00528912,0.00000000,0.00000000,0.00000000,0.00000000,0.00000000,0.00000000,0.00000000,0.02059977,0.00000000,0.02129296,0.00000000,0.00000000,0.00000000,0.00000000,0.00000000,0.15598410,0.00445270,0.00000000,0.00000000,0.00000000,0.00000000,0.00000000,0.00717706,0.00000000,0.03235064,0.00000000,0.00000000,3.05902218,0.00000000,0.01065226,0.00723383,0.02332394,0.00000000,0.00000000,0.15650913,0.00000000,0.00000000,0.00000000,0.02975288,0.00000000,0.00000000,0.00000000,0.00000000,0.00000000,0.00000000,0.00000000,0.55975722,0.00117385,0.00000000,0.00000000,0.00000000,0.00000000,0.00000000,0.00426715,0.00000000,0.00000000,0.00000000,0.00000000,0.00000000,0.00000000,0.00000000,0.00577046,0.00000000,0.00000000,0.00581568,0.00000000,0.00000000,0.00000000,0.00000000,0.00000000,0.00000000,0.00124144,0.00000000,0.00000000,0.00000000,0.00000000,0.00000000,0.00000000,0.00000000,0.00000000,0.00000000,0.00000000,0.00000000,0.00000000,0.00000000,0.00000000,0.00000000,0.00000000,0.00000000,0.00000000,0.00000000,0.00000000,0.01376579,0.00000000,0.00000000,0.00000000,0.00000000,0.00000000,0.00000000,0.00000000,0.00000000,0.00000000,0.00000000,0.00000000,0.00000000,0.05745662,0.00000000,0.00122159,0.01065456,0.00000000,0.00000000,0.00000000,0.00000000,0.00000000,0.00000000,0.00000000,0.00000000,0.17433468,0.00000000,0.00000000,0.00000000,0.00000000,0.00000000,0.00000000,0.00000000,0.01355229,0.00000000,0.00000000,0.00000000,0.00000000,0.00000000,0.00000000,0.00000000,0.00000000,0.00000000,0.00000000,0.00000000,0.00000000,0.00271082,0.00000000,0.00000000,0.00000000,0.00000000,0.00000000,0.00000000,0.00000000,0.00000000,0.00000000,0.00000000,0.00000000,1.26228506,0.00000000,0.00111898,0.00000000,0.01073231,0.00000000,0.00000000,0.00000000,0.00547577,0.40825719,0.18638449,0.00000000,0.00000000,0.00000000,0.00098225,0.00000000,0.00000000,0.00000000,0.00000000,0.00000000,0.00000000,0.00000000,0.00000000,0.00000000,0.00000000,0.00000000,0.00000000,0.00000000,0.00000000,0.00000000,0.00000000,0.00000000,0.00000000,0.00000000,0.00000000,0.00000000,0.00110896,0.00000000,0.00000000,0.00000000,0.00000000,0.00000000,0.00000000,0.00000000,0.00000000,0.00000000,0.00000000,0.00000000,0.00000000,0.00000000,0.00000000,0.00000000,0.00000000,0.60062005,0.00000000,0.00000000,0.00000000,0.00000000,0.00000000,0.00000000,0.00165312,0.00000000,0.00000000,0.00781956,0.00000000,0.00000000,0.00000000,0.00000000,0.00000000,0.00000000,0.00000000,0.00000000,0.00000000,0.00000000,0.00000000,0.00000000,0.00000000,0.00000000,0.00000000,0.02068479,0.00000000,0.00000000,0.00000000,0.00000000,0.00879641,0.00000000,0.00000000,0.00000000,0.00000000,0.00000000,0.00000000,0.00000000,0.00000000,0.00000000,0.00000000,0.05148436,0.00000000,0.00000000,0.00000000,0.00000000,0.00000000,0.00000000,0.00000000,0.00000000,0.00000000,0.00000000,0.00063141,0.00000000,0.00000000,0.00000000,0.00000000,0.00000000,0.01230779,0.00000000,0.00000000,0.00000000,0.00000000,0.00000000,0.00000000,0.00525889,0.00099453,0.00000000,0.00000000,0.00000000,0.00000000,1.94081628,0.00000000,0.00000000,0.00000000,0.00598645,0.00000000,0.00000000,0.03745287,0.00000000,0.00000000,0.00000000,0.00000000,0.00000000,0.00000000,0.00000000,0.00000000,0.00000000,0.00000000,0.00000000,0.01371324,0.00593958,0.00000000,0.00000000,0.00000000,0.00000000,0.00000000,0.00000000,0.11477681,0.00000000,0.00123613,0.00000000,0.00000000,0.00000000,0.00000000,0.00000000,0.00000000,0.06320783,0.00000000,0.00184826,0.00000000,2.07015994,0.00000000,0.00000000,0.00000000,0.00000000,0.00000000,0.22423426,0.00000000,0.00000000,0.00000000,0.00000000,0.00000000,0.01835372,0.00000000,0.00000000,0.00000000,0.06240497,0.00000000,0.00000000,0.00000000,0.00000000,0.00368644,0.15354991,0.00000000,0.00000000,0.00000000,0.00000000,0.01270966,0.00000000,0.00000000,0.00000000,0.00000000,0.00000000,0.00000000,0.00000000,0.00000000,0.00837480,0.00000000,0.00000000,0.00000000,0.00000000,0.00000000,0.00000000,0.00000000,0.00000000,0.00000000,0.44521189,0.00000000,0.00000000,0.01603758,0.00000000,0.00513058,0.00000000,0.00000000,0.00000000,0.00000000,0.00000000,0.00000000,0.00000000,0.00000000,0.00000000,0.00000000,0.00000000,0.00000000,0.00000000,0.00000000,0.00000000,0.00000000,0.00562154,0.00000000,0.00000000,0.00191485,0.00000000,0.00000000,0.00000000,0.02630888,0.00000000,0.00246368,0.00000000,0.00000000,0.00000000,0.00000000,0.00000000,0.00000000,0.03763814,0.00000000,0.00000000,0.00000000,0.00187035,0.00000000,0.00000000,0.01635615,0.50575598,0.00000000,0.00000000,0.00000000,0.00000000,0.00000000,0.00000000,0.00000000,0.00000000,0.00000000
0.00000000,0.00000000,0.00000000,0.00000000,0.00000000,0.00202636,0.00000000,0.00000000,0.00000000,0.00000000,0.00000000,0.00000000,0.00000000,0.00000000,0.01079849,0.00000000,0.00125242,0.00000000,0.00000000,0.00000000,0.00182735,0.00000000,0.00000000,0.00274477,0.00825929,0.00106106,0.00000000,0.00000000,0.00000000,0.00858219,0.00000000,0.00000000,0.00000000,0.01871453,0.00000000,0.00000000,0.00000000,0.00000000,0.00000000,0.00000000,0.00000000,0.00000000,0.00000000,0.00000000,0.00000000,0.00000000,0.00000000,0.00297057,0.00000000,0.00514628,0.00000000,0.00000000,0.00000000,0.00000000,0.01199730,0.01433931,0.00000000,0.00000000,0.00000000,0.00000000,0.00000000,0.00000000,0.00000000,0.00000000,0.00000000,0.00000000,0.00000000,0.00000000,0.00000000,0.00000000,0.00000000,0.00000000,0.00000000,0.00000000,0.00000000,0.00000000,0.00000000,0.00000000,0.00000000,0.00000000,0.00000000,0.00000000,0.00000000,0.00000000,0.00000000,0.00000000,0.00000000,0.00000000,0.00000000,0.00000000,0.00000000,0.00000000,0.00000000,0.00000000,0.00000000,0.00000000,0.00000000,0.00000000,0.00000000,0.00000000,0.00000000,0.00308024,0.00000000,0.00000000,0.00000000,0.00000000,0.00000000,0.00000000,0.00000000,0.00000000,0.00000000,0.00000000,0.00276759,0.00000000,0.01258621,0.00000000,0.00000000,0.00000000,0.00000000,0.00000000,0.00000000,0.03296324,0.00000000,0.12457994,0.00000000,0.00000000,0.09745667,0.00000000,0.00000000,0.00000000,0.00000000,0.00000000,0.00000000,0.02346299,0.00000000,0.00000000,0.00000000,0.00530812,0.00000000,0.01122718,0.00000000,0.00000000,0.00000000,0.00000000,0.00000000,0.00000000,0.00000000,0.00000000,0.00000000,0.00702255,0.00000000,0.00000000,0.00000000,0.00000000,0.00000000,0.00000000,0.00000000,0.00000000,0.00000000,0.00441346,0.00000000,0.00347240,0.00000000,0.00000000,0.00000000,0.00000000,0.00000000,0.00000000,0.00000000,0.00000000,0.00000000,0.00000000,0.00000000,0.00000000,0.00000000,0.00000000,0.00000000,0.11209909,0.00000000,0.00000000,0.02220914,0.00000000,0.00000000,0.00000000,0.00000000,0.00000000,1.12090272,0.01382464,0.00000000,0.00000000,0.00000000,0.12337639,0.00000000,0.00000000,0.00000000,0.00000000,0.00000000,0.00000000,0.00000000,0.00000000,0.00000000,0.00000000,0.00303051,0.00000000,0.00000000,0.00000000,0.00000000,0.00000000,0.00000000,2.02223230,0.00000000,0.00000000,0.00000000,0.00000000,0.00000000,0.00000000,0.00000000,0.00917741,0.02654458,0.05111625,0.00000000,0.00000000,0.00000000,0.00000000,0.00000000,0.00455850,0.00000000,0.00000000,0.00761192,0.00000000,0.00087268,0.00000000,0.00000000,0.00000000,0.00000000,0.05890262,0.00000000,0.00000000,0.00000000,0.00000000,0.00000000,0.00000000,0.00000000,0.00000000,0.00000000,0.00000000,0.00000000,0.01347200,0.00000000,0.00000000,0.00000000,0.02506988,0.00000000,0.00000000,0.00000000,0.00000000,0.00000000,0.00000000,0.00000000,0.00000000,0.00000000,0.00000000,0.00000000,0.01988922,0.00524306,0.00000000,0.00000000,0.00000000,0.00000000,0.00000000,0.00000000,0.00000000,0.00000000,0.00000000,0.00000000,0.01226071,0.00000000,0.00000000,0.00000000,0.00000000,0.00000000,0.00000000,0.00000000,0.00000000,0.00000000,0.01343561,0.00000000,0.00000000,0.00000000,0.00000000,0.00000000,0.00000000,0.00000000,0.00397114,0.00000000,0.01594754,0.00000000,3.53764317,0.00000000,0.00000000,0.00000000,0.00000000,0.00000000,0.00000000,0.00000000,0.00000000,0.00000000,0.00698829,0.00000000,0.00000000,0.00000000,0.00000000,0.00000000,0.00000000,0.00000000,0.00000000,0.00000000,0.00000000,0.00000000,0.00000000,0.00000000,0.00000000,0.00000000,0.00000000,0.00000000,0.00000000,0.00000000,0.00000000,0.00000000,0.00000000,0.00000000,0.04169492,0.00000000,0.00447476,0.00000000,0.00000000,0.00000000,0.00000000,0.00000000,0.00000000,0.00000000,0.00000000,0.00000000,0.00000000,0.04974133,0.04932562,0.00000000,0.00000000,0.00000000,0.00000000,0.00000000,0.00000000,0.00000000,0.00000000,0.00000000,0.00000000,0.00000000,0.00000000,0.00000000,0.00000000,0.00000000,0.00000000,0.00000000,0.00000000,0.00330113,0.00000000,0.00000000,0.00000000,0.00000000,0.00000000,0.00000000,0.00000000,0.00000000,0.00000000,0.00000000,0.00000000,0.00000000,0.00000000,0.00000000,0.00000000,0.00000000,0.00150702,0.00000000,0.00000000,0.03168229,0.00000000,0.00612342,0.00000000,0.00905113,0.02432524,0.00000000,0.49459766,0.00000000,0.00000000,0.00000000,0.00000000,0.00000000,0.00000000,0.00000000,0.00000000,0.00000000,0.00000000,0.00000000,0.00000000,0.00000000,0.00000000,0.00000000,0.00222423,0.00000000,0.71427211,0.00000000,0.00000000,0.00000000,0.00000000,0.00000000,0.00000000,0.00000000,0.00000000,0.00228484,0.00000000,0.00000000,0.00000000,0.00000000,0.00000000,0.00000000,0.00000000,0.00000000,0.01788453,0.00000000,0.00000000,0.00000000,0.00000000,0.00000000,0.00000000,0.00312026,0.00000000,0.00000000,0.00000000,0.00000000,0.00000000,0.00000000,0.00533197,0.00000000,0.09406164,0.00000000,0.01521975,0.02365922,0.00000000,0.00000000,0.00000000,0.00000000,0.00000000,0.00000000,0.00000000,0.00000000,0.00000000,0.00000000,0.00000000,0.00000000,0.00000000,0.00000000,0.00000000,0.00000000,0.00000000,0.00000000,0.00000000,0.00000000,0.00000000,0.00000000,0.00000000,0.00000000,0.00000000,0.00000000,0.00000000,0.00000000,0.00000000,0.00000000,0.00000000,0.00000000,0.00000000,0.00000000,0.00948597,0.00000000,0.00000000,0.00000000,0.00000000,0.00000000,0.00000000,0.00000000,0.00000000,0.00137899,0.00000000,0.00000000,0.01997029,0.00000000,0.00000000,0.00000000,0.00000000,0.00000000,0.00742923,0.00000000,0.00000000,0.00000000,0.00000000,0.02020655,0.00000000,0.00000000,0.00000000,0.00000000,0.00000000,0.00000000,0.00000000,0.00000000,0.00000000,0.00000000,0.00000000,0.00000000,0.00000000,0.00000000,0.02535349,0.00000000,0.00000000,0.00664825,0.00000000,0.03721941,0.00000000,0.00000000,0.00000000,0.00000000,0.00000000,0.00000000,0.00000000,0.00000000,0.00000000,0.00204960,0.00000000,0.00000000,0.00000000,0.00000000,0.00000000,0.00000000,0.00000000,0.02188068,0.01960600,0.00000000,0.00000000,0.00629583,0.00000000,0.00000000,0.00000000,0.00000000,0.00000000,0.00000000,0.00000000,0.00190398,0.00000000,0.00000000,0.00000000,0.00000000,0.00974575,0.00000000,0.00000000,0.00000000,0.00000000,0.00000000,0.00000000,0.00000000,0.00000000,0.00000000,0.00000000,0.00000000,0.00000000,0.00000000,0.00000000,0.00000000,0.00000000,0.00000000,0.57935150,0.00990172,0.00000000,0.00000000,0.00317425,0.00000000,0.00000000,0.00000000,0.00000000,0.00000000,0.00000000,0.00000000,0.00000000,0.00000000,0.00000000,0.00000000,0.00000000,0.00000000,0.00000000,0.00000000,0.00000000,0.00000000,0.00000000,0.00000000,0.00000000,0.00000000,0.00000000,0.00127494,0.00000000,0.00000000,0.00000000,0.00000000,0.00000000,0.00000000,0.00000000,0.00000000,0.00000000,0.00000000,0.05699332,0.00000000,0.00000000,0.00000000,0.00000000,0.00000000,0.00000000,0.00000000,0.00000000,0.00000000,0.00000000,0.00000000,0.00000000,0.00000000,0.00000000,0.00000000,0.00000000,0.01436934,0.00000000,0.00000000,0.00000000,0.00000000,0.00000000,0.00647678,0.00000000,0.00000000,0.00000000,0.00000000,0.00000000,0.00000000,0.00000000,0.00000000,0.00000000,0.00000000,0.00000000,0.00000000,0.00000000,0.00000000,0.00000000,0.00000000,0.00000000,0.00000000,0.00000000,0.00873557,0.00000000,0.00000000,0.00000000,0.00254570,0.00000000,0.01794213,0.00000000,0.00000000,0.00000000,0.00000000,0.00000000,0.01514266,0.00000000,0.00000000,0.00000000,0.00000000,0.00000000,0.00000000,0.00000000,0.00000000,0.00000000,0.00000000,0.00000000,0.00000000,0.01216020,0.00000000,0.00000000,0.61569093,0.01841025,0.00000000,0.00000000,0.00000000,0.00334179,0.00000000,0.00000000,0.00000000,0.00000000,0.04571232,0.00489287,0.00000000,0.01749047,0.00000000,0.00000000,0.00000000,0.00000000,0.00000000,0.00000000,0.00000000,0.00000000,0.00000000,0.00000000,0.00000000,0.00000000,0.00000000,0.00000000,0.00000000,0.00000000,0.04457720,0.00000000,0.00000000,0.00000000,0.00000000,0.00000000,0.00000000,0.00000000,0.00000000,0.00000000,0.00000000,0.00000000,0.00000000,0.00000000,0.00000000,0.00780894,0.00000000,0.00000000,0.00000000,0.00000000,0.00000000,0.00000000,0.00000000,0.00000000,0.00000000,0.00496689,0.00000000,0.00351634,0.00000000,0.00000000,0.00000000,0.00000000,0.00000000,0.00000000,0.00000000,0.00000000,0.00000000,0.00000000,0.00000000,0.00000000,0.00000000,0.00000000,0.00000000,0.00000000,0.00802438,0.00000000,0.00248680,0.00000000,0.00000000,0.00000000,0.00000000,0.00000000,0.00000000,0.00000000,0.00000000,0.00000000,0.00000000,0.00459662,0.00000000,0.00000000,0.00000000,0.00849450,0.04262868,0.00000000,0.00046369,0.00000000,0.00000000,0.00000000,0.00000000,0.00000000,0.00000000,0.00000000,0.00062110,0.00000000,0.00643624,0.00000000,0.00000000,0.00000000,0.00000000,4.32235373,0.00000000,0.00000000,0.00000000,0.00000000
0.00000000,0.00000000,0.01450527,0.00000000,0.12177134,0.00000000,0.01922366,0.00000000,0.00000000,0.00000000,0.00000000,0.00000000,0.00000000,0.00000000,0.00000000,0.00000000,0.00000000,0.00000000,0.00000000,0.00000000,0.00000000,0.01713656,0.00000000,0.00000000,0.00000000,0.00000000,0.00119055,0.00000000,0.00000000,0.00000000,0.00000000,0.00000000,0.00382608,0.00000000,0.00000000,0.00000000,0.00000000,0.00000000,0.00547043,0.00000000,0.00000000,0.12710685,0.00000000,0.00000000,0.00000000,0.00000000,0.00000000,0.00000000,0.00000000,0.00000000,0.00000000,0.00000000,0.00000000,0.00000000,0.00000000,0.00000000,0.00000000,0.00000000,0.00000000,0.00000000,0.00000000,0.00000000,0.02345891,0.00000000,0.00000000,0.00000000,0.00000000,0.00000000,0.00115882,0.00000000,0.00000000,0.00000000,0.00000000,0.00472740,0.02615427,0.00000000,0.00000000,0.00000000,0.00000000,0.00000000,0.90789257,0.00000000,0.00000000,0.00000000,0.00000000,0.00000000,0.00000000,0.00000000,0.00000000,0.00000000,0.00000000,0.00000000,0.00000000,0.00000000,0.00000000,0.00000000,0.64701458,0.00000000,0.00000000,0.01552301,2.38733317,0.00000000,0.00000000,0.00000000,0.00000000,0.00000000,0.00000000,0.00000000,0.00000000,0.00000000,0.00806630,0.00756621,0.00000000,0.00000000,0.00000000,0.01114618,0.00000000,0.00000000,0.00000000,0.00000000,0.00000000,0.04792064,0.00000000,0.00000000,0.00000000,0.00000000,0.00000000,0.00000000,0.00000000,0.00000000,0.00000000,0.00000000,0.00000000,0.00000000,0.00000000,0.00000000,0.00000000,0.00207997,0.00000000,0.00000000,0.00000000,0.00000000,0.00000000,0.00000000,0.00000000,0.00000000,0.00000000,0.00000000,0.00000000,0.00206288,0.00000000,0.00000000,0.00000000,0.00000000,0.00000000,0.00000000,0.00000000,0.00000000,0.00000000,0.00000000,0.00000000,0.00000000,0.00000000,0.00000000,0.00000000,0.00000000,0.00000000,0.00000000,0.00000000,0.00000000,0.00000000,0.00000000,0.00000000,0.00000000,0.00000000,0.00000000,0.02914581,0.00000000,0.00000000,0.00000000,0.00000000,0.00000000,0.00995194,0.00000000,0.10787016,0.00000000,0.00000000,0.00000000,0.00000000,0.00000000,0.08906523,0.00000000,0.00000000,0.00000000,0.00000000,0.00000000,0.00000000,0.00879256,0.00000000,0.00000000,0.00000000,0.00000000,0.00000000,0.00000000,0.00000000,0.00544388,0.00000000,0.00764725,0.00000000,0.00000000,0.00000000,0.00000000,0.00000000,0.00000000,0.00000000,0.00000000,0.00000000,0.00000000,0.00000000,0.03477871,0.00000000,0.00000000,0.00069722,0.00000000,0.00000000,0.00000000,0.00000000,0.00000000,0.00000000,0.00000000,0.00000000,0.00000000,0.00586517,0.00000000,0.00000000,0.00000000,0.00000000,0.00000000,0.00000000,0.00000000,0.00000000,0.00000000,0.00000000,0.00000000,0.00454609,0.00000000,0.00089326,0.00000000,0.00000000,0.00000000,0.00000000,0.00000000,0.00000000,0.04043011,0.00000000,0.00000000,0.00000000,0.03626139,0.00000000,0.01068903,0.00000000,0.02773017,0.00000000,0.03130507,0.00000000,0.00000000,0.00000000,0.00000000,0.00000000,0.00000000,0.00000000,0.00000000,0.00000000,0.00584118,0.00000000,0.00000000,0.00000000,0.00000000,0.00086946,0.00000000,0.00000000,0.00000000,0.00000000,0.00000000,0.00000000,0.00000000,0.00000000,0.01103052,0.00000000,0.00000000,0.00000000,0.00000000,0.00000000,0.00000000,0.00000000,0.00448072,0.00000000,0.00000000,0.00000000,0.00000000,0.00647214,0.00000000,0.00284562,0.00000000,0.00000000,0.00000000,0.00000000,0.00000000,0.00000000,0.00000000,0.04643418,0.00000000,0.00000000,0.00000000,0.00850333,0.00000000,0.00000000,0.00000000,0.00000000,0.00000000,0.00000000,0.00000000,0.00000000,0.00000000,1.43375275,0.00000000,0.01952077,0.00000000,0.02381054,0.00000000,0.01035628,0.00000000,0.00000000,0.00000000,0.00000000,0.00000000,0.00000000,0.00000000,0.00000000,0.00000000,0.00000000,0.00000000,0.00000000,0.00000000,0.00000000,0.00000000,0.00000000,0.00123764,0.00000000,0.00000000,0.00000000,0.00000000,0.00000000,0.00000000,0.00000000,0.00000000,0.00000000,0.00000000,0.00000000,0.00000000,0.00000000,0.00631870,0.02064715,0.00000000,0.00000000,0.00000000,0.00000000,0.00000000,0.00000000,0.00000000,0.00000000,0.00000000,0.05848870,0.00094110,0.00000000,0.00000000,0.00000000,0.03063583,0.00000000,0.00000000,0.00000000,0.00000000,0.00000000,0.00000000,0.00000000,0.01081313,0.00000000,0.00000000,0.01406640,0.00000000,0.00000000,0.00000000,0.00000000,0.00000000,0.00000000,4.81500958,0.00000000,0.00000000,0.00000000,0.00000000,0.00000000,0.00000000,0.00000000,0.00000000,0.00000000,0.00000000,0.00072820,0.00000000,0.00000000,0.00000000,0.00000000,0.00000000,0.00000000,0.00000000,0.00000000,0.00000000,0.00374015,0.00000000,0.00000000,0.00000000,0.00000000,0.00000000,0.00000000,0.00000000,0.00000000,0.00000000,0.00000000,0.00000000,0.00000000,0.00000000,0.00000000,0.00000000,0.00461754,0.01452641,0.00000000,0.00000000,0.00000000,0.00000000,0.00950411,0.00000000,0.00000000,0.00000000,0.00000000,0.00000000,0.00000000,0.00000000,0.01623599,0.00000000,0.00000000,0.00000000,0.00000000,0.00000000,0.00000000,0.00000000,0.00000000,0.00000000,0.00000000,0.00000000,0.00000000,0.00000000,0.00000000,0.01122491,0.00000000,0.00000000,0.00000000,0.00000000,0.00000000,0.00000000,0.00000000,0.00443593,0.00000000,0.32164536,0.00000000,0.21365491,0.00000000,0.00000000,0.00000000,0.06598147,0.00000000,0.00000000,0.00000000,0.00000000,0.00195035,0.00000000,0.00000000,0.00000000,0.00000000,0.00000000,0.00000000,0.00000000,0.00000000,0.00000000,0.00000000,0.00000000,0.00000000,0.00000000,0.00000000,0.00000000,0.00000000,0.13388358,0.00000000,0.00000000,0.00000000,0.00000000,0.00341741,0.00000000,0.00000000,0.00000000,0.00000000,0.00000000,0.00000000,0.00000000,0.00000000,0.00000000,0.00000000,0.00000000,0.00000000,0.00000000,0.00000000,0.07140315,0.00702339,0.00000000,0.00000000,0.00000000,0.00000000,0.00000000,0.00000000,0.00000000,0.00000000,0.00000000,0.00000000,0.00000000,0.00000000,0.00000000,0.00000000,0.00000000,0.00000000,0.00000000,0.00000000,0.00000000,0.00000000,0.03376565,0.00000000,0.00000000,0.00000000,0.00000000,0.00000000,0.00000000,0.00000000,0.00000000,0.00000000,0.00000000,0.00000000,0.00000000,0.01823535,0.00000000,0.00000000,0.00000000,0.00000000,0.00000000,0.00000000,0.00000000,0.00000000,0.00000000,0.00000000,0.00000000,0.00000000,0.00000000,0.00000000,0.00000000,0.00000000,0.00653857,0.00000000,0.00000000,0.00000000,0.00000000,0.00828027,0.00000000,0.00000000,0.00000000,0.00067477,0.00000000,0.00000000,0.00000000,0.00000000,0.00000000,0.00000000,0.00413085,0.00000000,0.00000000,0.00000000,0.00000000,0.00000000,0.26539733,0.00000000,0.15996545,0.00000000,0.00000000,0.00000000,0.00539149,0.00000000,0.00000000,0.02216449,0.00000000,0.00000000,0.00000000,0.00347078,0.00937287,0.00000000,0.00000000,0.00445171,0.00000000,0.00000000,0.00000000,0.00000000,0.00000000,0.00000000,0.07206843,0.00000000,0.00000000,0.00000000,0.00000000,0.00000000,0.00000000,0.00000000,0.00000000,0.00000000,0.00000000,0.00000000,0.03998627,0.00000000,0.00000000,0.00000000,0.00000000,0.00000000,0.00725297,0.00000000,0.00000000,0.00000000,0.00000000,0.00000000,0.00000000,0.00000000,0.00000000,0.00000000,0.00000000,0.00000000,0.00979857,0.00000000,0.00000000,0.00000000,0.00000000,0.00000000,0.00000000,0.00000000,0.00000000,0.00000000,0.00206051,0.00000000,0.00000000,0.00000000,0.00000000,0.00000000,0.00000000,0.00497420,0.00000000,0.00000000,0.00000000,0.00155368,0.00000000,0.00000000,0.00000000,0.00000000,0.00000000,0.00000000,0.00000000,0.00000000,0.03072528,0.00000000,0.00000000,0.00000000,0.00000000,0.00000000,0.00000000,0.00000000,0.00000000,0.00000000,0.01526704,0.00000000,0.00000000,0.00631396,0.00000000,0.00000000,0.00000000,0.00000000,0.00000000,0.00000000,0.00000000,0.00000000,0.00000000,0.00000000,0.00000000,0.00000000,0.00000000,0.00000000,0.00000000,0.00000000,0.00000000,0.02976071,0.00000000,0.02740143,0.00000000,0.00000000,0.00000000,0.00000000,0.00000000,0.00000000,0.00000000,0.00000000,0.00000000,0.00000000,0.00000000,0.00000000,0.00074098,0.00000000,0.00000000,0.00000000,0.00000000,0.00000000,1.89740265,0.00366127,0.00000000,0.06422227,0.00000000,0.00000000,0.00000000,0.00000000,0.00707657,0.00372233,0.00000000,0.00000000,0.00000000,0.00000000,2.66336000,0.00000000,0.00000000,0.00000000,0.00000000,0.00000000,0.00000000,0.00000000,0.00000000,0.00000000,0.00000000,0.00000000,0.00000000,0.00000000,0.00000000,0.00000000,0.00000000,0.00000000,0.00000000,0.06041687,0.00000000,0.00146379,0.00000000,0.00000000,0.00000000,0.00000000,0.00000000,0.00000000,0.00000000,0.00000000,0.00000000,0.00000000,0.00000000,0.00000000,0.00000000,0.00000000,0.00000000,0.00307674,0.00000000,0.00000000,0.00000000,0.00000000,0.00000000,0.00000000,0.00000000,0.00000000,0.00000000,0.00000000,0.00000000,0.00000000,0.00000000,0.00000000,0.00774305,0.00000000,0.00000000,0.03698180,0.01042127
0.00000000,0.00000000,0.00318898,0.00000000,0.00000000,0.00000000,0.00000000,0.00000000,0.00000000,0.00141921,0.00000000,0.00000000,0.01368433,0.00000000,0.00000000,0.00000000,0.00284343,0.00000000,0.00000000,0.00000000,0.00000000,0.00000000,0.00000000,0.00000000,0.00000000,0.00000000,0.00000000,0.00149589,0.00000000,0.00000000,0.00000000,0.00000000,0.00000000,0.00608447,0.00000000,0.00000000,0.00000000,0.00000000,0.00000000,0.19958438,0.00000000,0.00314817,0.00000000,0.00000000,0.00000000,0.00000000,0.00000000,0.00000000,0.00000000,0.00000000,0.00000000,0.00000000,0.00000000,0.00000000,0.00000000,0.16849460,1.49390839,0.00000000,0.00000000,0.00000000,0.00000000,0.02018989,0.00000000,0.00000000,0.00000000,0.00000000,0.03736721,0.00000000,0.00479406,0.00279617,0.00000000,0.00215842,0.00000000,0.00000000,0.00000000,0.00000000,0.00296185,0.00000000,0.00000000,0.03714946,0.00000000,0.00000000,0.00315377,0.00000000,0.00000000,0.00000000,0.00000000,0.00000000,0.00000000,0.00000000,0.00000000,0.00000000,0.00000000,0.00000000,0.00000000,0.00000000,0.00000000,0.00000000,0.00294573,0.00000000,0.00000000,0.00000000,0.00000000,0.00000000,0.00000000,0.00000000,0.00167827,0.00000000,0.00000000,0.00000000,0.00000000,0.00000000,0.03820861,0.00000000,0.00000000,0.00000000,0.00000000,0.00000000,0.00000000,0.00000000,0.00000000,0.00000000,0.00000000,0.04593492,0.00000000,0.00000000,0.00000000,0.00000000,0.00000000,0.00000000,0.00000000,0.00000000,0.00113911,0.00000000,0.00000000,0.00000000,0.00000000,0.00000000,0.00000000,0.00000000,0.00000000,0.06976557,0.00000000,0.00000000,0.00000000,0.00000000,0.00000000,0.00000000,0.00000000,0.28895016,0.00000000,0.00592913,0.00000000,0.00000000,0.03007355,0.00000000,0.00000000,0.00000000,0.00000000,0.00000000,0.03096046,0.01566323,0.00000000,0.00000000,0.00133354,0.00000000,0.00000000,0.00000000,0.00000000,0.00000000,0.00000000,0.00000000,0.00000000,0.00253925,0.00000000,0.00000000,0.00000000,0.00000000,0.00000000,0.00000000,0.07787435,0.00000000,0.00000000,0.72307458,0.00000000,0.00000000,0.00000000,0.62424656,0.00000000,0.01577439,0.00000000,0.00000000,0.00000000,0.46696200,0.00000000,0.00000000,0.00000000,0.00000000,0.00000000,0.00000000,0.00000000,0.00000000,0.00000000,0.00000000,0.00000000,0.00000000,0.00000000,0.00000000,0.00000000,0.00000000,0.00000000,0.00000000,0.00000000,0.00000000,0.00000000,0.00000000,0.00000000,0.00000000,0.00000000,0.00000000,0.00000000,0.00000000,0.00743949,0.00000000,0.00000000,0.00000000,0.00000000,0.00000000,0.00425857,0.00000000,0.00000000,0.00593946,0.00000000,0.00000000,0.00000000,0.00000000,0.00000000,0.00000000,0.00000000,0.00000000,0.00000000,0.00000000,0.00126758,0.00000000,0.00103279,0.00000000,0.00000000,0.00000000,0.00000000,0.00000000,0.00000000,0.00000000,0.00000000,0.00000000,0.00000000,0.11023357,0.00000000,0.00000000,0.00000000,0.00000000,0.00000000,0.00369190,0.00000000,0.00000000,0.00000000,0.00000000,0.02345955,0.00000000,0.00000000,0.00000000,0.00000000,0.00000000,0.00000000,0.00000000,0.00000000,0.00000000,0.00000000,0.00000000,0.00000000,0.00000000,0.00000000,0.00000000,0.00000000,0.00000000,0.00000000,0.00000000,0.00000000,0.00000000,0.00000000,0.00000000,0.00000000,0.00000000,0.00000000,0.00000000,0.00000000,0.00000000,0.00000000,0.00000000,0.00000000,0.00000000,0.00000000,0.00303225,0.00095965,0.00000000,0.00000000,0.00281926,0.00205240,0.00000000,0.00000000,0.00000000,0.01249752,0.00000000,0.00000000,0.00000000,0.00000000,0.00000000,0.00000000,0.00000000,0.00000000,0.00000000,0.00087092,0.00886975,0.00000000,0.00000000,0.00000000,3.75882655,0.00000000,0.00000000,0.00000000,0.00000000,0.00000000,0.00000000,0.00000000,0.00000000,0.00000000,0.00000000,0.00000000,0.00000000,0.00000000,0.00000000,0.00000000,0.00000000,0.00000000,0.00000000,0.00000000,0.00000000,0.00435977,0.00000000,0.00000000,0.00000000,0.00000000,0.00000000,0.00000000,0.00000000,0.00000000,0.00000000,0.00000000,0.00000000,0.00463799,0.00000000,0.00000000,0.00000000,0.00000000,0.00000000,0.00000000,0.00000000,0.00000000,0.00000000,0.00000000,0.00000000,0.00000000,0.00000000,0.00000000,0.00000000,0.00000000,0.00000000,0.00000000,0.00000000,0.00000000,0.00000000,0.00000000,0.00000000,0.00000000,0.00000000,0.00000000,0.00000000,0.00000000,0.00100606,0.00000000,0.00000000,0.00000000,0.00000000,0.00000000,0.04221192,0.00000000,0.00000000,0.00000000,0.00000000,0.00000000,0.00000000,0.00000000,0.00000000,0.00000000,0.00000000,0.00000000,0.01947638,1.25228641,0.00000000,0.00000000,0.00000000,0.00000000,0.18699686,0.00000000,0.00000000,0.00000000,0.00088010,0.00000000,0.00000000,0.00512485,0.00000000,0.00000000,0.00000000,0.00000000,0.00000000,0.00000000,0.00000000,0.00000000,0.00000000,0.00000000,0.00000000,0.00117705,0.01542590,0.00000000,0.00000000,0.00000000,0.00000000,0.00000000,0.20697717,0.00000000,0.00000000,0.00000000,0.00000000,0.00241961,0.00000000,0.00000000,0.00000000,0.00000000,0.00000000,0.00000000,0.00000000,0.00000000,0.00000000,0.00000000,0.00000000,0.00000000,0.00000000,0.00000000,0.00000000,0.00000000,0.00000000,0.00000000,0.00000000,0.00000000,0.00000000,0.00213512,0.00000000,0.00000000,0.00000000,0.00000000,0.00000000,0.00000000,0.00000000,0.00000000,0.00000000,0.00000000,0.00000000,0.47200476,0.00000000,0.03084193,0.00000000,0.00000000,0.00000000,0.00000000,0.00000000,0.00000000,0.00000000,0.01252720,0.00245939,0.00000000,0.00000000,0.00000000,0.00000000,0.00000000,0.00000000,0.00101324,0.00000000,0.00000000,0.00000000,0.00000000,0.00387603,0.00000000,0.00000000,0.00000000,0.00000000,0.00000000,0.00000000,0.00000000,0.00000000,0.00000000,0.00000000,0.00000000,0.00000000,0.00749650,0.00000000,0.00000000,0.02431866,0.00000000,0.00000000,0.00764094,0.00578760,0.00000000,0.00000000,0.00000000,0.43081773,0.00000000,0.00000000,0.00256394,0.00000000,0.00000000,0.03698917,0.00000000,0.00000000,0.00000000,0.36887205,0.00000000,0.05632001,0.00000000,0.00000000,0.00000000,0.00000000,0.00000000,0.00000000,0.00000000,0.00000000,0.00000000,0.00000000,0.00000000,0.00000000,0.00000000,0.00000000,0.00000000,0.01077177,0.00000000,0.00000000,0.00000000,0.00000000,0.00000000,0.00000000,0.00000000,0.00000000,0.00660696,0.00000000,0.00000000,0.00388321,0.01066026,0.00000000,0.00000000,0.00000000,0.00000000,0.00000000,0.00000000,0.00000000,0.00000000,0.00000000,0.00000000,0.00079890,0.00000000,0.00000000,0.00000000,0.00000000,0.00000000,0.00000000,0.04014725,0.00000000,0.01771834,0.00000000,0.00000000,0.00105463,0.00000000,0.00000000,0.00000000,0.00000000,0.00000000,0.00000000,0.00000000,0.00000000,0.00000000,0.00000000,0.00000000,0.00000000,0.00000000,0.07228608,0.00336635,0.00605804,0.00000000,0.00000000,0.00000000,0.00000000,0.00000000,0.00000000,0.00000000,0.00000000,0.00000000,0.00000000,0.00000000,0.00000000,0.00217396,0.00000000,0.00198119,0.00000000,0.00000000,0.00100628,0.00000000,0.00000000,0.00000000,0.00000000,0.00000000,0.00000000,0.00000000,0.00000000,0.00000000,0.00266801,0.00000000,0.00000000,0.00000000,0.00000000,0.00000000,0.00000000,0.00000000,0.00000000,0.00000000,0.00000000,0.00000000,0.00000000,0.00000000,0.00000000,0.00000000,0.00000000,0.00000000,0.00000000,0.00000000,0.00000000,0.00000000,0.00000000,0.00000000,0.09732487,0.00000000,0.00000000,0.00000000,0.00000000,0.00000000,0.00000000,0.00000000,0.00000000,0.00000000,0.00271888,0.00000000,0.00000000,0.00000000,0.00000000,0.00000000,0.00000000,0.00000000,0.23752583,0.00000000,0.00000000,0.72519775,0.00000000,0.00000000,0.00000000,0.00000000,0.00000000,0.00000000,0.00000000,0.00000000,0.00000000,0.00000000,0.01013585,0.00000000,0.00000000,0.00000000,0.00000000,0.00808171,0.00000000,0.00000000,0.00000000,0.00000000,0.00000000,0.00000000,0.00000000,0.00000000,0.00000000,0.00000000,0.00000000,0.00000000,0.00000000,0.00000000,0.01716954,0.00000000,0.00000000,0.02322213,0.00000000,0.00325863,0.00000000,0.00000000,0.00000000,0.00000000,0.06792030,0.00000000,0.00000000,0.00000000,0.00000000,0.00253912,0.00000000,0.00000000,0.00000000,0.00000000,0.00000000,0.00000000,0.00000000,0.00000000,0.00000000,0.00000000,0.00000000,0.00000000,0.00000000,0.00000000,0.00000000,0.00000000,0.00000000,0.00000000,0.00124923,0.00000000,0.00000000,0.00186432,0.00000000,0.00000000,0.00000000,0.00000000,0.00000000,0.00000000,0.00000000,0.00000000,0.00000000,0.00975323,0.00000000,0.00000000,0.00000000,0.00000000,0.00000000,0.00000000,0.00000000,0.00000000,0.00343152,0.00000000,0.00000000,0.00000000,0.00000000,0.00000000,0.00000000,0.00000000,0.00000000,0.00486460,0.00000000,0.00000000,0.00000000,0.00000000,0.00000000,0.00000000,0.00000000,0.00000000,0.00000000,0.00000000,0.00000000,0.00000000,0.00000000,0.00000000,0.00000000,0.00000000,0.00000000,0.00000000,0.00000000,0.00000000,0.00000000,0.00000000,0.00598881,0.00000000,0.00403267,0.00000000,0.00000000
0.00000000,0.00168498,0.21455134,0.00000000,0.00338735,0.00000000,0.00000000,0.00000000,0.00000000,0.00000000,0.00455300,0.00000000,0.00000000,0.00000000,0.00000000,0.00000000,0.00000000,0.00000000,0.00000000,0.00000000,0.00000000,0.00000000,0.00000000,0.00000000,0.00000000,0.00000000,0.00000000,0.00000000,0.00000000,0.00000000,0.00274109,0.00000000,0.00000000,0.00000000,0.00000000,0.00000000,0.00000000,0.00000000,0.00000000,0.00000000,0.01742503,0.00000000,0.00000000,0.00000000,0.00000000,0.00000000,0.00000000,0.00000000,0.00000000,0.00000000,0.00000000,0.00000000,0.00000000,0.00000000,0.00145224,0.00000000,0.00000000,0.00000000,0.00000000,0.00000000,0.00000000,0.03919398,0.00000000,0.00000000,0.00000000,0.00000000,0.00000000,0.00700332,0.00000000,0.00000000,0.00000000,0.00000000,0.00000000,0.00000000,0.00000000,0.00000000,0.00000000,0.00000000,0.00000000,0.00000000,0.00000000,0.00000000,0.00000000,0.00000000,0.00000000,0.00000000,1.26537664,0.00000000,0.00000000,0.40497887,0.00000000,0.00000000,0.00000000,0.00000000,0.00000000,0.00000000,0.00000000,0.00000000,0.00000000,0.07469998,0.00000000,0.00000000,0.00000000,0.00086455,0.03004504,0.00000000,0.00000000,0.00000000,0.00000000,0.00551020,0.00000000,0.00000000,0.00000000,0.00000000,0.01832894,0.00000000,0.00000000,0.00000000,0.01101833,0.13028621,0.02841533,0.00000000,0.00000000,0.00000000,0.00000000,0.00000000,0.00000000,0.00000000,0.06219225,0.00000000,0.00000000,0.00000000,0.00000000,0.00000000,0.00000000,0.00000000,0.00000000,0.00142257,0.00000000,0.00000000,0.00000000,0.00000000,0.00000000,0.00000000,0.00000000,0.00000000,0.00000000,0.00000000,0.00706568,0.00000000,0.00000000,0.00000000,0.00000000,0.00000000,0.00000000,0.00000000,0.00000000,0.00000000,0.00000000,0.00000000,0.00000000,0.00000000,0.00000000,0.00000000,0.00425962,0.00000000,0.00000000,0.00000000,0.00000000,0.00000000,0.00000000,0.00000000,0.00000000,0.00000000,0.00000000,0.00000000,0.00000000,0.00000000,0.00000000,0.00000000,0.02494519,0.00000000,0.00584183,0.00000000,0.00000000,0.02772118,0.00000000,0.00000000,0.00000000,0.00000000,0.00000000,0.00000000,0.00000000,0.00000000,0.00000000,0.00000000,0.00000000,0.00000000,0.00000000,0.00000000,0.00000000,0.00000000,0.00000000,0.00628176,0.00000000,0.00000000,0.00000000,0.00000000,0.00000000,0.00000000,0.00000000,0.00000000,0.00000000,0.00575695,0.00000000,0.00000000,0.00000000,0.00000000,0.00000000,0.00000000,0.00000000,0.00000000,0.00000000,0.00000000,0.00000000,0.00000000,0.00000000,0.00000000,0.00000000,0.07534469,0.00000000,0.00000000,0.00000000,0.00000000,0.00000000,0.00000000,0.00000000,0.00000000,0.00000000,0.00000000,0.00000000,0.00000000,0.07188161,0.00000000,0.07606298,0.00073203,0.00000000,0.00440353,0.00000000,0.00000000,0.00000000,0.00000000,0.00000000,0.00000000,0.01046342,0.00000000,0.00000000,0.00384741,0.00000000,0.00000000,2.62853756,0.00000000,0.00000000,0.00000000,0.00605041,0.00000000,0.00000000,0.00000000,0.00181510,0.00000000,0.00000000,0.00000000,0.00000000,0.00000000,0.00000000,0.00000000,0.00000000,0.00000000,0.03037099,0.00000000,0.00224801,0.00000000,0.00000000,0.01161129,0.00000000,0.00000000,0.00000000,0.00000000,0.00000000,0.00000000,0.00000000,0.00000000,0.00000000,0.00000000,0.00000000,0.00000000,0.00000000,0.00000000,0.00000000,0.00000000,0.00000000,0.00831739,0.00000000,1.36445255,0.00000000,0.41870070,0.00000000,0.00000000,0.00546995,0.00000000,0.00000000,0.00000000,0.00000000,0.00000000,0.00000000,0.01146994,0.00000000,0.00000000,0.00000000,0.00000000,0.00000000,0.00000000,0.00000000,0.00000000,0.00376968,0.06404503,0.00000000,0.00000000,0.00000000,0.00000000,0.00000000,0.00000000,0.00000000,0.00000000,0.00000000,0.00000000,0.00239189,0.03551840,0.00000000,0.00000000,0.00000000,0.00000000,0.00000000,0.00000000,0.00000000,0.00000000,0.00000000,0.16629210,0.00000000,0.00000000,0.00000000,0.03515620,1.15670803,0.00000000,0.00000000,0.00000000,0.00000000,0.00000000,0.00764687,0.00000000,0.00000000,0.00000000,0.35704385,0.00000000,0.00000000,0.00000000,0.00000000,0.00000000,0.00000000,0.00000000,0.00000000,0.09034473,0.01071201,0.00000000,0.00000000,0.00000000,0.00000000,0.00000000,0.00000000,0.01665114,0.00000000,0.00000000,0.00000000,0.00000000,0.00000000,0.00209818,0.00000000,0.00000000,0.00000000,0.00000000,0.00000000,0.00000000,0.00000000,0.00000000,0.00000000,0.54154128,0.09989900,0.00000000,0.00000000,0.02330559,0.00000000,0.00000000,0.00000000,0.00000000,0.00542401,0.00000000,0.00000000,0.00000000,0.00000000,0.00000000,0.00000000,0.00000000,0.04139633,0.00000000,0.00000000,0.00000000,0.00000000,0.00000000,0.00000000,0.00000000,0.00000000,0.00000000,0.00000000,0.00000000,0.00000000,0.00000000,0.00000000,0.00000000,0.00000000,0.00000000,0.00000000,0.00000000,0.00000000,0.00000000,0.00000000,0.00000000,0.00000000,0.00000000,0.00000000,0.01278285,0.00000000,0.00000000,0.00000000,0.00000000,0.00000000,0.01592486,0.00000000,0.00000000,0.00000000,0.00000000,0.00124144,0.00000000,0.00000000,0.00000000,0.00000000,0.00000000,0.00000000,0.00000000,0.00282370,0.00000000,0.00000000,0.00000000,0.00000000,0.10187921,0.00000000,0.00409848,0.00000000,0.00000000,0.00806321,0.00000000,0.00000000,0.00000000,0.00000000,0.00000000,0.00000000,0.00000000,0.01321733,0.00000000,0.00000000,0.00000000,0.00000000,0.00000000,0.00000000,0.00000000,0.00000000,0.00000000,0.00000000,0.00000000,0.00000000,0.00000000,0.00000000,0.00000000,0.00000000,0.00000000,0.00000000,0.00000000,0.00000000,0.00000000,0.00000000,0.00521284,0.00000000,0.00000000,0.00000000,0.00000000,0.00000000,0.00000000,0.00884839,0.05143671,0.00000000,0.00000000,0.00000000,0.00000000,0.00000000,0.00000000,0.00000000,0.00000000,0.00000000,0.00000000,0.00000000,0.00000000,0.00000000,0.00000000,0.00451500,0.00000000,0.00000000,0.00253579,0.00000000,0.00000000,0.00000000,0.00000000,0.00000000,0.00000000,0.00000000,0.00078232,0.00000000,0.00000000,0.00000000,0.01096718,0.00000000,0.00000000,0.00309366,0.01215154,0.00000000,0.00099812,0.00000000,0.00442364,0.00000000,0.00000000,0.00000000,0.00000000,0.00000000,0.00000000,0.00000000,0.00000000,0.00000000,0.00000000,0.00000000,0.39361454,0.00000000,0.00000000,0.00000000,0.00000000,0.00000000,0.00000000,0.00000000,0.00000000,0.00000000,0.00000000,0.00000000,0.00000000,0.00000000,0.00000000,0.00000000,0.02327476,0.00000000,0.00000000,0.00000000,0.00279031,0.00000000,0.00000000,0.00000000,0.00000000,0.00000000,0.00000000,0.00000000,0.00000000,0.00000000,0.00000000,0.00000000,0.00000000,0.00000000,0.00000000,0.00000000,0.00000000,0.00000000,0.00000000,0.00000000,0.00000000,0.00000000,0.00000000,0.00000000,0.00000000,0.00000000,0.00000000,0.00000000,0.00000000,0.00000000,0.00676363,0.00000000,0.00000000,0.00000000,0.00000000,0.00000000,0.00000000,0.00153262,0.00000000,0.00000000,0.00000000,0.00000000,0.00793124,0.00000000,0.00000000,0.00000000,0.00796798,0.00000000,0.00000000,0.00000000,0.00000000,0.00000000,0.00000000,0.00000000,0.00000000,0.00000000,0.10513312,0.00000000,0.00000000,0.00205418,0.00000000,0.00000000,0.00000000,0.00000000,0.00000000,0.00000000,0.00000000,0.00000000,0.00000000,0.01697754,0.00000000,0.00000000,0.00000000,0.00000000,0.00000000,0.01717371,0.00000000,0.00000000,0.00000000,0.00000000,0.00000000,0.00000000,0.00000000,0.00000000,0.00000000,0.00000000,0.00000000,0.00000000,0.00000000,0.00000000,0.00000000,0.00000000,0.00426291,0.00000000,0.00000000,0.00000000,0.00000000,0.00000000,0.00090043,0.00000000,0.00000000,0.00000000,0.00000000,0.00000000,0.00592473,0.00000000,0.00311730,0.00000000,0.00000000,0.00000000,0.00000000,0.00000000,0.00000000,0.00000000,0.00000000,0.00000000,0.00000000,0.00000000,0.00825006,0.00000000,0.08046514,0.27947296,0.00000000,0.00000000,0.00000000,0.00000000,0.00000000,0.00000000,0.00000000,0.30020740,0.00000000,0.00000000,0.00000000,0.00000000,0.01424525,0.00000000,0.00000000,0.00000000,0.00431703,0.00000000,0.00000000,0.00000000,0.00000000,0.00000000,0.00000000,0.00000000,0.00187726,0.00000000,0.00000000,0.00000000,0.00000000,0.00000000,0.00000000,0.00000000,0.00000000,0.00000000,0.00000000,0.00000000,0.00000000,0.00000000,0.00000000,0.04250359,0.00000000,0.00351711,0.00000000,0.00000000,0.00000000,0.00000000,0.00000000,0.00000000,2.59964869,0.00000000,0.00000000,0.00000000,0.00000000,0.00000000,0.00000000,0.01229019,0.00000000,0.00000000,0.00000000,0.00000000,0.00000000,0.00000000,0.00000000,0.00000000,0.00000000,0.00000000,0.00000000,0.00000000,0.00000000,1.62696417,0.00000000,0.00000000,0.00000000,0.00000000,0.00000000,0.00000000,0.00553919,0.00000000,0.00000000,0.00000000,0.00000000,0.00000000,0.00000000,0.00000000,0.00000000,0.00000000,0.00000000,0.00000000,0.00000000,0.00141123,0.00000000,0.00000000,0.00000000,0.00000000,0.00000000,0.00000000,0.49248618,0.00000000,0.00000000,2.51337769,0.00000000
0.00000000,0.00000000,0.00000000,0.00000000,0.00101212,0.00531170,0.00193942,0.00000000,0.03010381,0.00000000,0.00000000,0.00000000,0.00000000,0.00000000,0.00000000,0.00000000,0.00000000,0.00000000,0.00000000,0.00000000,0.01210004,0.00000000,0.00785287,0.00000000,0.00000000,0.00000000,0.00000000,0.00000000,0.00000000,0.00000000,0.00000000,0.00000000,0.00000000,0.00000000,0.00000000,0.00000000,0.00000000,0.00000000,0.00000000,0.00000000,0.00000000,0.00331131,0.00000000,0.00000000,0.00000000,0.00000000,0.00303338,0.00000000,0.00000000,0.00000000,0.00000000,0.00000000,0.00000000,0.00000000,0.00000000,0.00000000,0.00000000,0.00000000,0.00000000,0.00082758,0.00000000,0.00000000,0.00000000,0.00000000,0.93435909,0.00000000,0.00000000,0.00000000,0.00000000,0.00000000,0.00000000,0.00000000,0.00639144,0.00000000,0.00000000,0.00000000,0.00000000,0.00000000,0.00597949,0.00871427,0.00000000,0.00000000,0.00000000,0.00000000,0.00000000,0.00000000,0.00000000,0.00000000,0.00000000,0.00000000,0.00358982,0.00261054,0.00000000,0.00000000,0.00000000,0.00000000,0.00000000,0.00000000,0.00000000,0.00000000,0.00000000,0.00000000,0.01889340,0.00000000,0.00000000,0.00000000,0.00000000,0.02804009,0.00000000,0.01471640,0.00000000,0.00000000,0.00000000,0.00000000,0.00000000,0.00000000,0.00000000,0.00000000,0.00000000,0.00000000,0.00000000,0.00000000,0.00000000,0.00000000,0.00000000,0.00000000,0.00000000,0.00000000,0.00000000,0.04395390,0.00000000,0.00000000,0.00000000,0.00000000,0.01027535,0.00000000,0.00000000,0.00000000,0.00000000,0.00000000,0.00000000,0.00000000,0.00000000,0.00000000,0.00000000,0.00000000,0.00000000,0.00000000,0.00000000,0.00000000,0.00154139,0.00000000,0.00602518,0.00000000,0.00529998,0.00000000,0.01368965,0.00000000,0.00000000,0.00000000,0.00000000,0.00000000,0.00000000,0.00000000,0.00000000,0.00000000,0.00000000,0.03684678,0.00000000,0.00000000,0.00000000,0.00238399,0.00000000,0.07927317,0.00000000,0.00000000,0.00000000,0.00000000,0.00000000,0.00045243,0.00000000,0.00000000,0.00000000,0.00000000,0.00000000,0.00000000,0.00339991,0.00442678,0.00000000,0.00000000,0.00476230,0.00000000,0.01726972,0.00000000,0.00000000,0.01683089,0.00000000,0.00000000,0.00000000,0.00338046,0.00000000,0.00000000,0.00000000,0.00000000,0.00000000,0.00000000,0.00000000,0.00000000,0.00000000,0.00000000,0.00000000,0.00000000,0.00000000,0.00000000,0.00000000,0.00000000,0.04534094,0.04025440,0.00000000,0.00000000,0.00000000,0.00000000,0.00000000,0.00000000,0.00000000,0.00000000,0.00000000,0.00409925,0.00000000,0.00000000,0.00000000,0.00000000,0.00000000,0.00000000,0.00000000,0.00000000,0.00000000,0.00000000,0.00000000,0.00000000,0.00000000,0.00000000,0.00000000,0.00000000,0.00000000,0.00000000,0.00000000,0.00000000,0.00000000,0.00000000,0.03128006,0.00000000,0.02273507,0.00180361,0.00000000,0.00000000,0.00000000,0.00000000,0.00000000,0.00000000,0.00000000,0.00000000,0.00000000,0.00000000,0.00000000,0.00000000,0.00000000,0.00000000,0.00843818,0.00000000,0.00000000,0.00000000,0.00000000,0.00000000,0.00000000,0.01593283,0.00000000,0.00000000,0.00000000,0.00000000,0.00000000,0.00000000,0.00000000,0.00000000,0.00000000,0.00336725,0.00000000,0.00000000,0.00000000,0.03088616,0.00000000,0.00833611,0.00128296,0.34270459,0.00000000,0.00000000,0.00000000,0.00000000,0.00000000,1.65856464,0.00000000,0.00000000,0.00000000,0.00000000,0.00000000,0.00000000,0.00000000,0.00000000,0.00511435,0.00000000,0.00000000,0.00000000,0.00000000,0.00000000,0.03872210,0.00000000,0.00000000,0.00578071,0.00000000,0.00000000,0.00000000,0.00000000,0.00000000,0.00855912,0.00000000,0.00000000,0.00000000,0.00000000,0.00000000,0.00000000,0.00000000,0.00000000,0.15094258,0.00000000,0.00000000,0.00000000,0.00000000,0.00000000,0.00000000,0.00000000,0.00000000,0.00000000,0.00000000,0.00000000,0.00000000,0.00000000,0.00442921,0.00000000,0.00000000,0.00000000,0.00000000,0.00000000,0.00000000,0.00287771,0.56121118,0.00000000,0.00000000,0.00000000,0.00000000,0.00000000,0.00000000,0.02808872,0.00000000,0.00000000,0.00000000,0.00000000,0.00000000,0.00000000,0.00000000,0.00000000,0.00000000,0.00000000,0.00000000,0.00000000,0.06215057,0.00000000,0.00000000,0.00000000,0.00000000,0.00000000,0.00000000,0.00000000,0.00000000,0.02184430,0.00000000,0.00000000,0.00000000,0.00000000,0.00000000,0.00000000,0.00000000,0.00000000,0.00000000,0.93346264,0.00000000,0.00000000,0.00000000,0.00000000,0.00000000,0.00000000,0.00000000,0.08692238,0.00000000,0.00000000,0.00000000,0.00000000,0.00000000,0.00000000,0.00000000,0.00000000,0.00000000,0.00000000,0.00886684,0.00000000,0.00000000,0.00000000,1.98355199,0.00000000,0.00831397,0.00000000,0.00000000,0.00000000,0.00000000,0.00000000,0.00000000,0.00000000,0.00000000,0.00000000,0.00000000,0.01142942,0.00000000,1.94007093,0.00000000,2.16342435,0.00000000,0.00000000,0.00000000,0.00000000,0.00000000,0.02681750,0.00000000,0.00000000,0.01157188,0.00000000,0.00000000,0.00000000,0.00000000,0.00000000,0.00000000,0.00000000,0.00000000,0.00000000,0.00000000,0.00000000,0.00000000,0.00000000,0.00000000,0.00000000,0.00000000,0.01328305,0.00000000,0.00000000,0.00000000,0.00000000,0.00000000,0.00000000,0.00000000,0.00000000,0.00000000,0.01255195,0.00000000,0.00000000,0.00000000,0.00000000,0.00000000,0.00000000,0.00000000,0.00000000,0.00000000,0.00000000,0.00000000,0.00000000,0.00000000,0.00000000,0.62643124,0.00000000,0.00000000,0.00000000,0.00000000,0.00000000,0.00000000,0.00000000,0.00000000,0.00000000,0.05544032,0.00000000,0.00000000,0.00000000,0.01018012,0.00000000,0.00000000,0.00000000,0.00000000,0.00000000,0.00000000,0.00000000,0.00000000,1.63608288,0.03020797,0.00000000,0.00154966,0.00000000,0.00000000,0.00000000,0.00000000,0.00281819,0.00000000,0.00000000,0.00000000,0.00091455,0.00000000,0.00000000,0.00000000,0.00000000,0.00000000,0.00000000,0.00000000,0.00000000,0.00000000,0.00000000,0.00000000,0.00000000,0.00000000,0.00000000,0.00000000,0.00000000,0.00000000,0.00000000,0.00000000,0.00000000,0.04828112,0.00000000,0.00000000,0.00000000,0.00000000,0.00000000,0.00000000,0.00000000,0.00000000,0.00000000,0.00000000,0.00000000,0.00000000,0.00000000,0.00000000,0.01861001,0.00000000,0.00000000,0.00000000,0.00000000,0.00000000,0.00000000,0.00000000,0.00000000,0.02907591,0.00000000,0.00000000,0.00000000,0.00000000,0.00000000,0.00000000,0.00000000,0.00000000,0.00000000,0.00000000,0.00000000,0.01416556,0.00000000,0.00000000,0.00000000,0.03471040,0.00000000,0.00000000,0.00000000,0.00000000,0.00000000,0.00000000,0.00000000,0.00000000,0.00000000,0.00000000,0.00000000,0.00000000,0.00000000,0.00000000,0.00000000,0.00000000,0.00000000,0.00000000,0.00000000,0.00000000,0.00000000,0.00310617,0.00000000,1.24394011,0.00000000,0.00000000,0.00000000,0.00000000,0.00000000,0.00000000,0.00000000,0.00000000,0.00000000,0.00000000,0.00000000,0.00000000,0.00165549,0.00000000,0.00000000,0.00000000,0.00000000,0.00000000,0.00000000,0.00000000,0.00000000,0.00000000,0.00000000,0.00000000,0.00493369,0.00000000,0.00000000,0.00000000,0.00000000,0.00000000,0.00000000,0.00000000,0.00000000,0.00000000,0.00000000,0.00000000,0.00000000,0.00000000,0.00000000,0.00000000,0.00000000,0.00000000,0.00000000,0.00000000,0.00000000,0.00000000,0.02108860,0.00000000,0.00000000,0.00000000,0.00000000,0.00897460,0.00000000,0.00000000,0.00000000,0.00000000,0.00000000,0.00000000,0.00000000,0.00000000,0.00000000,0.00000000,0.00000000,0.00000000,0.00000000,0.00000000,0.00000000,0.00000000,0.00000000,0.00000000,0.06201001,0.00000000,0.00000000,0.00000000,0.00000000,0.00000000,0.00000000,0.00000000,0.00000000,0.00000000,0.00000000,0.00000000,0.00000000,0.00000000,0.00000000,2.36233561,0.00000000,0.00000000,0.00000000,0.00278009,0.00382005,0.00000000,0.00478526,0.00000000,0.00000000,0.00000000,0.00000000,0.00000000,0.00000000,0.01456810,0.00000000,0.00000000,0.00000000,0.00000000,0.00000000,0.00000000,0.00000000,0.00000000,0.00000000,0.00000000,0.00000000,0.00063647,0.00000000,0.00000000,0.00000000,0.00529259,0.00000000,0.02651008,0.00000000,0.00000000,0.00945287,0.00000000,0.00000000,0.00000000,0.00000000,1.53093974,0.00000000,0.00000000,0.00330727,0.00000000,0.00000000,0.00000000,0.00000000,0.00000000,0.00000000,0.00000000,0.00000000,0.02795557,0.00000000,0.00000000,0.00000000,0.00000000,0.00000000,0.00113547,0.00000000,0.00000000,0.00000000,0.00000000,0.00000000,0.00000000,0.62467566,0.01024473,0.00000000,0.00000000,0.00000000,0.00000000,0.00973842,0.00058719,0.00000000,0.00000000,0.00000000,0.00000000,0.00000000,0.00000000,0.00000000,0.00000000,0.00000000,0.00000000,0.00000000,0.03295848,0.00000000,0.03911449,0.00000000,0.00000000,0.00000000,0.00000000,0.00000000,0.00000000,0.00000000,0.00000000,0.00000000,0.00000000,0.00000000,0.00000000,0.00000000,0.00000000,0.00457111,0.00000000,0.00000000,0.00000000,0.00000000,0.00000000,0.01680782,0.29277290,0.00261171
0.00000000,0.00000000,0.00000000,0.00000000,0.00000000,0.00000000,0.00000000,0.00000000,0.00000000,0.00000000,0.00000000,0.00000000,0.00000000,1.74036624,0.00716570,0.00000000,0.00000000,0.00000000,0.08825179,0.00000000,0.00000000,0.00806068,0.00000000,0.00000000,0.00000000,0.00000000,0.02876650,0.00000000,0.00000000,0.00301553,0.00000000,0.00000000,0.00000000,0.00000000,0.00000000,0.00000000,0.00000000,0.00000000,0.00000000,0.00114449,0.00000000,0.00000000,0.00000000,0.00000000,0.00000000,0.00000000,0.00000000,0.00000000,0.00000000,0.00000000,0.00000000,0.00000000,0.00000000,0.00000000,0.00303966,0.00000000,0.00000000,0.00000000,0.00000000,0.00000000,0.00000000,0.00000000,0.00000000,0.00000000,0.00735887,0.00591134,0.00000000,0.00000000,0.00000000,0.00000000,0.01280947,0.00000000,0.00000000,0.00000000,0.00000000,0.00000000,0.00000000,0.00000000,0.00000000,0.00000000,0.00000000,0.00000000,0.00000000,0.00000000,0.00000000,0.00000000,0.00000000,0.00353453,0.00000000,0.00000000,0.00000000,0.00000000,0.00000000,0.00000000,0.00000000,0.00000000,0.00000000,0.00000000,0.00000000,0.02245099,0.00000000,0.00000000,0.00000000,0.00000000,0.00000000,0.00000000,0.00000000,0.00000000,0.00000000,0.00000000,0.00521934,0.00000000,0.00000000,0.00000000,0.00000000,0.00160416,0.00000000,0.00000000,0.01423594,0.00000000,0.00000000,0.00000000,0.00495222,0.00000000,0.00000000,0.00000000,0.00000000,0.00000000,0.00000000,0.00000000,0.00000000,0.00000000,0.00209990,0.00000000,0.00000000,0.00000000,0.00000000,0.00000000,0.00000000,0.00000000,0.00831514,0.00000000,0.00000000,0.00000000,0.00000000,0.00000000,0.00175340,0.00000000,0.00000000,0.00000000,0.00000000,0.00000000,0.00000000,0.00000000,0.01392546,0.00554895,0.00439810,0.00000000,0.00000000,0.00000000,0.00000000,0.00000000,0.00000000,0.00209116,0.00222011,0.00000000,0.00000000,0.00000000,0.00000000,0.00000000,0.00000000,0.00000000,0.00000000,0.00000000,0.00000000,0.00000000,0.01636985,0.00000000,0.00000000,0.00000000,0.00000000,1.00797959,0.00601677,0.00000000,0.00000000,0.00000000,0.00000000,0.00000000,0.00000000,0.00000000,0.00580905,0.00000000,0.00000000,0.00000000,0.00000000,0.00000000,0.00000000,0.08529920,0.00000000,0.00000000,0.00000000,0.00000000,0.00633464,0.00000000,0.00000000,0.00000000,0.00000000,0.00684942,0.00711300,0.04428988,0.03075467,0.00000000,0.00000000,0.00336886,0.02163068,0.00000000,0.00000000,0.00170320,0.00258485,0.00467681,0.00130806,0.00000000,0.00000000,0.00116101,0.00000000,0.01239545,0.00000000,0.00000000,0.00000000,0.00561725,0.01155168,0.00000000,0.00000000,0.00000000,0.00000000,0.00000000,0.00000000,0.00000000,0.00000000,0.00000000,0.00000000,0.00000000,0.00000000,0.05560510,0.00000000,0.00103532,0.00000000,0.00000000,0.00000000,0.00000000,0.00000000,0.00000000,0.00000000,0.00000000,0.00000000,0.00000000,0.00000000,0.00503866,0.00000000,0.00000000,0.00000000,0.00000000,0.00000000,0.00000000,0.00000000,0.00000000,0.86605214,0.00000000,0.00000000,0.00000000,0.00000000,0.00000000,0.00000000,0.00000000,0.00000000,0.00000000,0.00000000,0.00000000,0.00000000,0.00000000,0.00340522,0.00000000,0.00000000,0.01062445,0.00000000,0.00000000,0.00000000,0.00000000,0.00000000,0.00000000,0.00000000,0.01385757,0.00000000,0.00000000,0.00000000,0.00000000,0.00000000,0.00779463,0.00000000,0.10056378,0.00000000,0.00112530,0.00000000,0.00000000,0.00000000,0.00000000,0.00000000,0.00000000,0.00000000,0.00000000,0.00000000,0.00000000,0.00000000,0.00000000,0.00131576,0.00000000,0.00000000,0.00000000,0.00000000,0.00000000,0.00000000,0.00000000,0.01176393,0.00000000,0.00000000,0.03822589,0.00000000,0.00000000,0.00661338,0.00000000,0.00000000,0.00000000,0.04875519,0.00000000,0.00557896,0.00592633,0.00000000,0.00000000,0.00000000,0.00000000,0.00000000,0.00000000,0.00000000,0.03307430,0.00000000,0.00000000,2.27335220,0.00000000,0.00000000,0.00000000,0.00340523,0.00000000,0.00076033,0.00000000,0.00000000,0.00000000,0.00000000,0.00000000,0.00000000,0.00000000,0.00000000,0.00000000,0.00000000,0.00000000,0.00000000,0.00000000,0.00000000,0.02314224,0.00000000,0.00000000,0.00000000,0.00000000,0.00000000,0.00000000,0.00000000,0.00000000,0.00000000,0.00000000,0.00000000,0.00000000,0.00000000,0.00000000,0.00000000,0.00000000,0.00000000,0.00000000,0.00000000,0.00000000,0.00000000,0.00000000,0.00000000,0.00000000,0.00000000,0.00802196,0.00000000,0.00000000,0.00296244,0.00000000,0.00000000,0.00000000,0.00000000,0.00000000,0.00000000,0.00000000,0.00000000,0.00000000,0.00695695,0.00000000,0.00000000,0.00000000,0.00000000,0.00000000,0.00610372,0.82143894,0.00000000,0.00000000,0.00000000,0.02517512,0.00000000,0.00000000,0.00000000,0.01149757,0.00000000,0.00000000,0.00000000,0.00000000,0.00000000,0.00000000,0.00000000,0.00000000,0.00000000,0.00000000,0.00000000,0.00000000,0.00000000,0.00000000,0.00000000,0.00000000,0.00000000,0.00000000,0.00000000,0.00000000,0.00139145,0.00000000,0.00000000,0.00000000,0.00000000,0.00000000,0.00000000,0.00000000,0.00000000,0.00000000,0.00000000,0.00000000,0.00000000,0.00000000,0.00000000,0.00000000,0.00000000,0.00000000,0.00000000,0.00000000,0.00000000,0.00000000,0.00000000,0.00000000,0.00000000,0.03410611,0.00000000,0.00000000,0.00000000,0.00000000,0.00000000,0.00000000,0.00000000,0.00000000,0.00000000,0.00000000,0.00000000,3.24494873,0.00000000,0.00000000,0.02296995,0.00000000,0.00000000,0.00000000,0.00000000,0.00000000,0.00000000,0.00000000,0.00000000,0.00000000,0.00000000,0.00000000,0.00000000,0.00271638,0.00000000,0.00000000,0.00000000,0.00000000,0.00000000,0.00000000,0.00000000,0.00000000,0.00000000,0.00000000,0.00000000,0.00763674,0.00000000,0.00000000,0.00000000,0.00000000,0.00000000,0.00000000,0.00000000,0.00000000,0.00000000,0.00000000,0.00000000,0.00000000,0.00000000,0.00182462,0.00000000,0.00000000,0.00000000,0.00000000,0.00000000,0.00000000,0.00000000,0.00000000,0.00000000,0.00559378,0.00000000,0.00000000,0.00000000,0.00000000,0.00000000,0.00000000,0.00000000,0.00000000,0.00000000,0.00000000,0.00000000,0.00000000,0.02184955,0.00000000,0.00087270,0.00000000,0.00000000,0.00000000,0.00000000,0.00000000,0.00000000,0.00000000,0.00000000,0.00000000,0.00000000,0.00000000,0.00000000,0.00000000,0.00000000,0.00000000,0.00000000,0.00000000,0.00000000,0.00000000,0.00000000,0.00000000,0.00000000,0.00000000,0.00000000,0.00000000,0.00000000,0.00000000,0.00000000,0.00000000,0.00000000,0.00000000,0.00000000,0.00000000,0.00000000,0.00000000,0.00000000,0.11159916,0.09665591,0.05994772,0.00000000,0.02630929,0.00000000,0.00000000,0.00000000,0.00000000,0.00000000,0.00000000,0.00000000,0.00228949,0.00000000,0.04325821,0.00000000,0.00000000,0.00000000,0.00000000,0.00297546,0.00000000,0.00000000,0.00472646,0.00000000,0.00000000,0.00000000,0.00000000,0.00000000,0.00000000,0.00000000,0.00000000,0.00000000,0.00000000,0.23831843,0.00000000,0.00000000,0.00000000,0.00000000,0.00000000,0.00000000,0.01603762,0.00000000,0.00000000,0.18337965,0.00000000,0.00000000,0.00000000,0.00000000,0.00000000,0.00000000,0.00000000,0.00000000,0.00000000,0.00000000,0.00000000,0.00000000,0.00000000,0.00000000,0.02354973,0.00000000,0.00000000,0.00000000,0.00000000,0.00000000,0.00000000,0.00000000,0.00000000,0.00000000,0.00000000,0.00000000,0.00000000,0.00000000,0.00000000,0.00000000,0.00000000,0.00000000,0.00000000,0.00000000,0.00000000,0.00000000,0.00000000,0.00000000,0.00000000,0.00000000,0.00000000,0.00000000,0.00921068,0.00000000,0.00000000,0.00000000,0.00000000,0.00000000,0.00000000,0.00000000,0.00000000,0.00000000,0.00000000,0.00000000,0.00000000,0.00000000,0.01313286,0.00000000,0.00000000,0.00118309,0.00000000,0.00000000,0.01227640,0.00000000,0.00000000,0.00000000,0.00000000,0.00000000,0.00000000,0.00000000,0.00000000,0.00000000,0.00000000,0.00000000,0.01572362,0.00000000,0.00000000,0.00000000,0.00000000,0.02645484,0.00000000,0.00000000,0.00000000,0.01572670,0.00000000,0.00000000,0.00722746,0.00000000,0.00000000,0.00000000,0.00000000,0.00000000,0.00000000,0.00000000,0.00000000,0.00000000,0.00000000,0.00000000,0.00000000,0.00000000,0.00000000,0.00000000,0.00000000,0.00210283,0.00000000,0.00000000,0.00000000,0.01397632,0.01010812,0.00000000,0.00000000,0.00000000,0.00000000,0.00000000,0.01153392,0.00000000,0.00000000,0.01621348,0.00000000,0.00000000,0.00000000,0.00000000,0.00000000,0.00000000,0.00000000,0.00000000,0.00000000,0.00000000,0.00298951,0.00000000,0.00000000,0.00000000,0.00000000,0.00000000,0.00308108,0.00000000,0.00000000,0.00000000,0.00000000,0.00000000,0.01426518,0.01101349,0.00000000,0.00000000,0.00000000,0.00000000,0.00000000,0.00000000,0.00000000,0.00000000,0.00000000,0.00000000,0.00000000,0.00000000,0.00000000,0.00000000,0.00000000,0.00000000,0.00000000,0.00000000,0.00000000,0.00000000,0.00000000,0.00000000,0.00000000,0.00000000,0.00000000,0.00000000,0.00000000,0.00355449,0.00000000,0.00000000,0.00000000
0.00000000,0.00000000,0.00404640,0.00000000,0.00000000,0.00000000,0.00494257,0.00414492,0.00000000,0.01336454,0.00000000,0.00000000,0.00000000,0.00000000,0.00000000,0.00000000,0.00000000,0.66032029,0.00000000,0.00000000,0.00000000,0.00000000,0.00000000,0.00000000,0.00000000,0.15667992,0.03047415,0.00000000,0.00000000,0.00000000,0.00000000,0.00000000,0.00000000,0.00000000,0.00000000,0.00000000,0.00000000,0.00000000,0.00000000,0.00000000,0.00000000,0.00000000,0.00000000,0.08820734,0.00000000,0.00000000,0.00000000,0.00000000,0.00000000,0.00000000,0.00000000,0.00000000,0.00000000,0.00000000,0.00258111,0.00000000,0.00000000,0.00000000,0.00000000,0.00556148,0.00000000,0.00000000,0.00367262,0.11777955,0.00000000,0.00000000,0.00000000,0.00000000,0.00000000,0.00000000,0.00000000,0.00000000,0.00000000,0.00000000,0.00000000,0.00000000,0.00000000,0.00000000,0.00000000,0.00000000,0.00000000,0.06651348,0.00000000,0.00000000,0.00000000,0.00000000,0.00000000,0.00000000,0.02879193,0.00000000,0.00299854,0.00000000,0.00000000,0.00000000,0.00000000,0.00000000,0.00000000,0.00293635,0.00000000,0.00000000,0.00000000,0.00000000,1.03773938,0.00000000,0.00000000,0.00000000,0.00000000,0.00000000,0.00000000,0.00000000,0.00000000,0.00237550,0.00000000,0.00000000,0.00000000,0.00000000,0.00000000,0.00000000,0.00763366,0.00000000,0.00000000,0.00000000,0.00000000,0.00000000,0.00000000,0.00000000,0.00000000,0.06082231,0.00000000,0.00000000,0.00000000,0.00000000,0.00000000,0.00000000,0.00000000,0.00000000,0.00000000,0.00000000,0.00000000,0.00000000,0.00000000,0.00217910,0.00000000,0.00000000,0.00287901,0.00000000,0.00000000,0.00000000,0.00000000,0.00000000,0.00000000,0.00000000,0.00000000,0.00000000,0.00629104,0.00000000,0.02349595,0.23315014,0.00000000,0.08120504,0.00000000,0.00000000,0.31107872,0.00000000,0.00000000,0.00000000,0.00000000,0.00000000,0.00000000,0.00000000,0.00000000,0.00000000,0.00000000,0.00000000,0.00000000,0.00000000,0.00000000,0.00000000,0.00000000,0.00000000,0.00000000,0.00000000,0.00000000,0.00000000,0.00488204,0.00000000,0.00000000,0.00000000,0.00000000,0.00000000,0.00000000,0.00000000,0.00000000,0.00000000,0.00000000,0.00000000,0.00000000,0.00000000,0.00000000,0.00000000,0.78538665,0.00000000,0.00000000,0.00000000,0.00000000,0.00000000,0.00000000,0.00000000,0.00000000,0.00000000,0.00000000,0.00000000,0.00000000,0.00000000,0.00000000,0.00000000,0.00000000,0.00309377,0.00000000,0.00000000,0.00000000,0.00000000,0.00000000,0.00000000,0.00000000,0.00000000,0.00000000,0.00000000,0.00256160,0.00000000,0.00000000,0.00000000,0.00937242,0.04225433,0.00000000,0.00000000,0.00194213,0.00000000,0.00000000,0.00000000,0.00000000,0.00000000,0.00000000,0.00000000,0.00000000,0.00000000,0.00000000,0.00000000,0.00000000,0.00000000,0.00000000,0.00000000,0.00000000,0.00000000,0.00000000,0.00000000,0.00000000,0.00000000,0.00000000,0.00000000,0.00000000,0.00000000,0.00000000,0.00000000,0.00000000,0.00000000,0.00000000,0.00726322,0.00000000,0.00000000,0.00000000,0.00103339,0.03220210,0.15512501,0.01242936,0.00000000,0.00547054,0.00130019,0.00000000,0.00000000,0.00000000,0.00000000,0.00000000,0.00442804,0.00000000,0.00000000,0.36691392,0.00000000,0.00000000,0.00000000,0.00000000,0.00000000,0.00000000,0.00000000,0.00000000,0.01187910,0.00000000,0.00000000,0.00000000,0.00000000,0.00000000,0.00000000,0.00000000,0.00000000,0.00000000,0.00000000,0.00000000,0.00000000,0.00000000,0.02030527,0.00000000,0.00000000,0.00000000,0.03730083,0.00000000,0.00000000,0.00000000,0.00000000,0.00000000,0.00000000,0.00000000,0.00000000,0.00000000,2.54075350,0.00000000,0.00000000,0.00000000,0.00000000,0.00000000,0.00000000,0.00000000,0.00184566,0.00000000,0.00350863,0.00000000,0.00000000,0.00000000,0.00000000,0.00000000,0.00000000,0.00000000,0.00000000,0.00000000,0.00000000,0.00000000,0.00000000,0.00000000,0.00000000,0.00000000,0.00000000,0.00493627,0.00000000,0.00000000,0.00000000,0.00000000,0.00152542,0.00000000,0.00000000,0.00000000,0.00000000,0.00000000,0.00000000,0.00000000,0.07934102,0.00000000,0.00639170,0.00000000,0.00000000,0.00000000,0.00000000,0.00000000,0.00000000,0.00000000,0.00000000,0.00000000,0.00000000,0.00000000,0.00000000,0.00000000,0.00000000,0.00000000,0.00000000,0.00000000,2.83933052,0.00000000,0.00441871,0.00695065,0.00000000,0.00000000,0.00000000,0.00459659,0.00000000,0.00000000,0.00501693,0.00587344,0.00313302,0.00000000,0.00000000,0.00000000,0.00000000,0.00000000,0.00000000,0.00000000,0.00000000,0.00000000,0.00000000,0.00000000,0.00000000,0.00000000,0.00000000,0.00000000,0.00000000,0.00000000,0.00000000,0.00000000,0.00000000,0.00000000,0.00000000,0.00000000,0.00000000,0.00000000,0.00440483,0.02651417,0.00000000,0.00000000,0.00000000,0.00000000,0.00000000,0.00000000,0.00000000,0.04575738,0.00000000,0.00000000,0.00000000,0.00000000,0.00000000,0.00000000,0.08635735,0.00000000,0.00000000,0.00000000,0.00000000,0.00000000,0.00000000,0.00000000,0.00107984,0.00000000,0.00000000,0.00000000,0.00000000,0.00000000,0.00000000,0.00000000,0.00000000,0.00000000,0.00000000,0.00000000,0.00000000,0.00000000,0.00000000,0.00000000,0.00000000,0.00000000,0.00000000,0.00000000,0.00000000,0.00000000,0.00606527,0.00000000,0.00000000,0.00000000,0.00000000,0.00000000,0.00000000,0.00000000,0.00000000,0.00000000,0.01903925,0.00000000,0.00000000,0.00000000,0.00000000,0.00000000,0.00734459,0.00000000,0.00000000,0.00000000,0.00558661,0.00000000,0.00000000,0.00000000,0.00000000,0.00000000,0.00000000,0.00000000,0.00000000,0.00000000,0.00754902,0.00000000,0.00000000,0.00000000,0.00000000,0.00000000,0.00000000,0.00000000,0.00000000,0.08334316,0.00000000,0.00000000,0.00477165,0.00000000,0.00000000,0.00000000,0.00000000,0.00000000,0.00000000,0.00000000,0.00000000,0.00000000,0.00000000,0.00000000,0.00000000,0.00000000,0.00252413,0.00000000,0.00000000,0.00000000,0.00000000,0.00000000,0.00000000,0.00000000,0.00000000,0.00000000,0.00000000,0.00000000,0.00000000,0.00000000,0.00189374,0.00000000,0.00000000,0.00000000,0.00000000,0.00000000,0.00000000,0.00000000,0.02249868,0.00000000,0.00227213,0.00000000,0.05278784,0.00000000,0.00000000,0.00000000,0.00000000,0.00000000,0.00000000,0.00000000,0.01104891,0.00000000,0.00000000,0.00000000,0.00000000,0.00000000,0.00000000,0.00000000,0.00000000,0.10856315,0.00000000,0.02233799,0.00000000,0.00000000,0.00000000,0.00000000,0.00000000,0.00000000,0.00000000,0.00000000,0.00000000,0.00000000,0.00000000,0.82234512,0.00000000,0.00061258,0.00369888,0.00000000,0.00000000,0.08249883,0.00000000,0.00000000,0.00087108,0.00000000,0.00000000,0.00000000,0.00000000,0.00000000,0.00000000,0.01804209,0.00000000,0.00000000,0.00767892,0.00000000,0.00000000,0.00000000,0.00000000,0.00000000,0.00000000,0.00000000,0.00000000,0.00000000,0.00000000,0.00000000,0.00187335,0.00000000,0.00000000,0.00000000,0.00000000,0.03949604,0.05814866,0.00000000,0.00000000,0.00000000,0.00000000,0.00000000,0.68671273,0.01210084,0.00000000,0.00000000,0.00000000,0.00000000,0.00000000,0.00000000,0.00000000,0.00000000,0.00000000,0.00000000,0.00000000,0.00000000,0.00000000,0.00000000,0.00000000,0.00000000,0.00000000,0.00000000,0.00000000,0.00000000,0.00000000,0.00293185,0.00000000,0.00000000,0.00000000,0.00000000,0.00000000,0.00000000,0.00000000,0.00000000,0.00000000,0.00000000,0.00000000,0.00000000,0.00000000,0.00000000,0.00000000,0.00000000,0.00000000,0.00000000,0.00000000,0.00000000,0.01398267,0.00000000,0.00000000,0.00000000,0.00000000,0.00000000,0.04961625,0.00000000,0.00000000,0.00000000,0.20427826,0.00000000,0.00000000,0.00000000,0.00000000,0.00629226,0.00000000,0.00092939,0.00000000,0.00331997,0.00000000,0.00000000,0.00000000,0.00000000,0.00000000,0.00000000,0.00000000,0.00000000,0.00000000,0.00000000,0.00000000,0.01891895,0.00000000,0.00000000,0.00000000,0.00000000,0.00000000,0.00000000,0.00000000,0.00000000,0.00000000,0.00000000,0.00000000,0.00000000,0.00000000,0.00000000,0.00563777,0.00000000,0.00000000,0.00000000,0.00000000,0.00000000,0.00000000,0.00000000,0.00000000,0.00000000,0.00000000,0.00000000,0.00000000,0.00000000,0.04874826,0.00000000,0.00000000,0.00000000,0.00000000,0.06376428,0.00000000,0.01122043,0.00000000,0.00000000,0.00000000,0.00000000,0.00000000,0.00000000,0.00000000,0.00000000,0.00000000,0.00000000,0.00000000,0.05329146,0.02784498,0.00000000,0.00000000,0.04695998,0.00000000,0.00000000,0.00742553,0.00000000,0.00392790,0.00000000,0.00288380,0.00000000,0.00000000,0.01571190,0.00000000,0.00000000,0.00000000,0.00000000,0.00813993,0.00000000,0.00000000,0.00000000,0.00000000,0.00000000,0.00000000,0.00000000,0.00000000,0.00000000,0.00000000,0.00000000,0.00000000,0.00000000,0.00000000,0.00000000,0.00000000,0.00000000,0.00000000,0.00000000,0.00000000,0.00000000,0.00000000,0.00000000,0.00000000,0.00000000,0.00000000,0.00000000,0.00162691,0.00000000,0.00000000,0.00000000,0.00000000,0.00071836,0.00000000
0.00000000,0.00000000,0.00000000,0.00000000,0.00187978,0.00000000,0.00000000,0.00000000,0.00000000,0.00000000,0.00000000,0.00000000,0.00000000,0.00000000,0.00000000,0.00000000,0.00876619,0.00000000,0.00000000,0.00000000,0.00000000,0.00000000,0.00000000,0.00000000,0.00000000,0.00000000,0.00000000,0.00000000,0.00000000,0.02656942,0.00000000,0.00000000,0.00000000,0.00000000,0.00000000,0.00000000,0.00000000,0.00000000,0.00000000,0.00000000,0.00000000,0.00200863,0.00000000,0.00000000,0.00000000,0.00000000,0.00000000,0.00000000,0.00000000,0.00000000,0.00000000,0.00000000,0.26676039,0.00000000,0.00000000,0.07004045,0.00000000,0.00000000,0.00000000,0.00000000,0.00000000,0.00362045,0.00000000,0.00000000,0.00000000,0.00000000,0.00000000,0.00000000,0.00000000,0.00000000,0.00000000,0.00000000,0.00000000,0.00917345,0.00000000,0.00000000,0.00000000,0.00000000,0.00000000,0.00000000,0.00000000,0.00000000,0.00280114,0.00000000,0.00000000,0.00000000,0.00000000,0.00000000,0.00000000,0.00000000,0.00000000,0.00000000,0.00000000,0.00000000,0.00000000,0.00000000,0.00000000,0.00000000,0.00000000,0.00000000,0.00000000,0.00000000,0.00000000,0.00000000,0.00000000,0.00000000,0.01275944,0.00000000,0.00000000,0.00133943,0.00059766,0.00000000,0.01454904,0.00000000,0.00000000,0.00000000,0.00000000,0.00000000,0.00000000,0.00000000,0.00000000,0.00000000,5.11189349,0.00000000,0.00000000,0.00231252,0.00000000,0.00000000,0.00000000,0.00000000,0.00000000,0.00000000,0.00000000,0.00000000,0.00000000,0.00000000,0.00000000,0.01068096,0.00000000,0.00000000,0.00000000,0.00730920,0.00000000,0.00000000,0.00000000,0.00000000,0.00000000,0.00000000,0.00000000,0.00000000,0.00058815,0.00000000,0.00000000,0.00000000,0.00000000,0.00000000,0.00000000,0.00000000,0.02339879,0.00000000,0.00000000,0.00000000,0.00000000,0.00000000,0.00000000,0.00000000,0.00000000,0.00000000,0.00000000,0.00000000,0.00000000,0.00000000,0.00000000,0.00000000,0.00000000,0.00000000,0.00000000,0.00000000,0.00000000,0.00000000,0.00000000,0.01984425,0.00000000,0.00000000,0.00000000,0.00672319,0.00000000,0.00000000,0.00000000,0.00000000,0.00000000,0.00000000,0.00000000,0.00000000,0.00000000,1.98012336,0.00000000,0.00000000,0.00000000,0.00000000,0.00000000,0.00000000,0.00000000,0.00000000,0.00000000,0.00081365,0.00000000,0.00000000,0.00000000,0.00000000,0.00000000,0.09461430,0.00000000,0.02730892,0.00227929,0.00521568,0.00864796,0.00000000,0.01460838,0.00000000,0.00000000,0.00000000,0.85867707,0.08769528,0.00000000,0.00000000,0.00000000,0.00000000,0.00000000,0.00000000,0.00000000,0.00000000,0.00000000,0.00000000,0.00000000,0.00000000,0.00000000,0.00289245,0.00000000,0.00000000,0.00000000,0.00000000,0.00000000,0.00000000,0.00000000,0.00000000,0.00000000,0.00000000,0.00000000,0.00000000,0.00000000,0.00000000,0.00000000,0.00000000,0.00000000,0.00000000,0.00000000,0.00000000,0.00000000,0.00000000,0.00000000,0.00000000,0.00000000,0.00335591,0.00000000,0.00000000,0.00000000,0.00000000,0.00000000,0.00000000,0.00000000,0.00000000,0.00000000,0.00000000,0.00000000,0.00000000,0.00000000,0.00000000,0.00000000,0.00000000,0.00000000,0.06389706,0.00000000,0.00000000,0.24580078,0.00000000,0.00000000,0.00000000,0.00133865,0.00000000,0.00000000,0.00000000,0.00000000,0.00000000,0.00747514,0.00000000,0.00000000,0.00000000,0.00000000,0.00000000,0.00000000,0.00000000,0.00000000,0.00000000,0.00569954,0.00000000,0.00000000,0.00000000,0.00000000,0.00085711,0.00000000,0.00000000,0.00000000,0.00000000,0.02419083,0.00000000,0.00000000,0.00000000,0.00000000,0.00000000,0.00000000,0.11728567,0.00000000,0.00893184,0.33677846,0.00000000,0.00000000,0.00000000,0.00188696,0.00000000,0.00000000,0.00000000,0.00000000,0.00000000,0.00000000,0.00000000,0.02203086,0.00000000,0.00000000,0.00000000,0.00000000,0.00000000,0.00000000,0.00000000,0.00000000,0.00000000,0.00919993,0.00000000,0.00000000,0.00000000,0.00000000,0.00000000,0.00690031,0.00000000,0.00860303,0.00000000,0.00000000,0.00000000,0.00000000,0.00000000,0.00000000,0.06696106,0.00000000,0.00000000,0.00000000,0.00000000,0.00000000,0.28264798,0.00000000,0.00867634,0.00000000,0.00000000,0.00000000,0.00000000,0.00000000,0.61372856,0.00000000,0.00000000,0.00000000,0.00000000,0.00000000,0.02678472,0.00000000,0.00000000,0.00000000,0.00000000,0.00000000,0.00000000,0.00501342,0.00000000,0.00000000,0.00000000,0.00000000,0.00000000,0.00000000,0.00000000,0.00000000,0.00000000,0.00000000,0.28948307,0.00000000,0.01546231,0.00000000,0.00965356,0.00000000,0.00000000,0.00000000,0.00000000,0.00000000,0.00000000,0.00000000,0.03178738,0.00000000,0.00000000,0.00000000,0.00000000,0.00000000,0.00000000,0.00000000,1.56058150,0.00000000,0.00000000,0.00296634,0.00000000,0.00186942,0.00000000,0.00000000,0.00000000,0.00000000,0.00000000,0.02282380,0.00000000,0.00000000,0.00000000,0.00000000,0.00000000,0.00000000,0.00000000,0.00000000,0.00000000,0.00000000,0.00000000,0.00000000,0.00000000,0.00000000,0.00000000,0.17285002,0.00638019,0.00000000,0.00000000,0.00000000,0.00000000,0.00000000,0.00000000,0.00282370,0.00000000,0.00000000,0.00000000,0.00000000,0.00201728,0.00000000,0.00000000,0.00000000,0.00000000,0.00544095,0.04494121,0.00000000,0.00000000,0.00000000,0.00000000,0.00000000,0.00000000,0.00000000,0.00283396,0.00000000,0.00000000,0.05060372,0.00000000,0.00000000,0.00000000,0.00000000,0.00000000,0.00000000,0.01608138,0.00000000,0.00000000,0.00000000,0.00000000,0.00000000,0.00000000,0.00931930,0.00000000,0.00000000,0.00000000,0.00000000,0.00000000,0.00000000,0.00000000,0.00000000,0.00000000,0.00000000,0.04272537,0.00000000,0.00000000,0.00000000,0.00000000,0.00000000,0.00000000,0.00000000,0.00000000,0.00000000,0.00000000,0.00000000,0.00000000,0.00000000,0.00000000,0.00000000,0.00000000,0.00000000,0.00000000,0.00000000,0.00000000,0.00000000,0.00000000,0.00000000,0.00000000,0.00610674,0.00000000,0.00000000,0.00149022,0.00000000,0.00000000,0.00000000,0.00000000,0.00000000,0.00000000,0.00000000,0.00000000,0.00000000,0.00000000,0.00000000,0.00313367,0.00000000,0.00000000,0.00000000,0.00000000,0.00000000,0.00243399,0.00000000,0.00000000,0.01240807,0.00000000,0.00000000,0.01884371,0.57363802,0.00000000,0.00000000,0.00000000,0.00000000,0.00000000,0.00000000,0.00000000,0.00000000,0.00000000,0.03010886,0.00000000,0.00000000,0.00000000,0.00000000,0.00000000,0.01606107,0.00000000,0.00000000,0.00000000,0.00113874,0.00000000,0.00000000,0.00000000,0.00000000,0.00000000,0.00000000,0.00000000,0.00000000,0.00000000,0.00000000,0.00000000,0.00000000,0.00000000,0.00000000,0.00000000,0.00000000,0.00000000,0.00000000,0.00000000,0.00000000,0.00000000,0.00000000,0.00000000,0.00000000,0.00000000,0.00000000,0.00000000,0.00000000,0.00000000,0.00000000,0.00000000,0.00000000,0.01529844,0.00000000,0.00000000,0.00000000,0.00639406,0.00000000,0.00000000,0.00000000,0.00000000,0.00000000,0.00866989,0.01655966,0.00000000,0.00000000,0.00000000,0.00000000,0.07901323,0.00448211,0.00000000,0.00000000,0.00000000,0.00000000,0.00000000,0.00000000,0.00419422,0.00000000,0.00000000,0.00000000,0.00000000,0.00332860,0.00000000,0.00000000,0.00000000,0.01108362,0.00000000,0.00000000,0.00000000,0.00000000,0.00000000,0.00217892,0.00000000,0.00000000,0.00000000,0.00000000,0.00000000,0.00000000,0.00000000,0.00117896,0.00000000,0.00000000,0.00000000,0.00000000,0.00000000,0.00000000,0.00000000,0.00000000,0.00000000,0.00000000,0.00000000,0.00000000,0.00000000,0.00000000,0.00000000,0.00000000,0.00000000,0.00000000,0.00000000,0.00000000,0.00000000,0.00000000,0.01692556,0.00000000,0.00000000,0.00938620,0.00000000,0.00000000,0.00000000,0.00000000,0.00000000,0.00000000,0.00000000,0.00640296,0.00000000,0.00000000,0.00000000,0.00000000,0.00000000,0.00229037,0.00383534,0.00000000,0.00000000,0.00560061,0.00000000,0.00000000,0.00000000,0.00000000,0.00000000,0.00146288,0.00000000,0.00000000,0.03369199,0.00000000,0.00000000,0.00000000,0.00000000,0.00000000,0.16051246,0.00000000,0.00000000,0.00000000,0.00000000,0.00000000,0.00000000,0.00000000,0.00000000,0.00000000,0.00000000,0.00000000,0.00000000,0.00000000,0.00000000,0.00000000,0.00316130,0.00000000,0.00000000,0.00000000,0.00000000,0.00000000,0.00000000,0.00000000,0.00000000,0.00000000,0.00000000,0.00000000,0.00000000,0.00000000,0.00000000,0.00000000,0.00000000,0.00000000,0.00000000,0.00000000,0.01405206,0.01180117,0.00000000,0.00000000,0.00000000,0.00000000,0.00000000,0.00000000,0.00000000,0.01213383,0.00000000,0.02321775,0.04652111,0.00000000,0.00000000,0.02390579,0.00000000,0.00000000,0.00000000,0.00000000,0.00000000,0.00000000,0.07131244,0.09793211,0.00000000,0.00000000,0.00000000,0.01884536,0.00000000,0.00000000,0.00000000,0.00000000,0.00000000,0.00000000,0.00000000,0.00000000,0.00000000,0.00000000,0.00000000,0.00000000,0.00000000,0.00000000,0.00457892,0.00000000,0.00000000,0.00000000,0.00000000,0.00000000,0.00000000,0.00000000,0.00000000
0.00531016,0.00000000,0.00000000,0.00000000,0.00000000,0.00095297,0.00000000,0.00000000,0.00391638,0.00000000,0.00000000,0.00000000,0.00000000,0.00793251,0.00000000,0.00000000,0.00000000,0.00000000,0.00000000,0.00000000,0.00000000,0.00000000,0.00881950,0.02648409,0.00000000,0.00000000,0.00000000,0.00000000,0.00000000,0.00000000,0.00000000,0.06253504,0.00000000,0.00000000,0.00000000,0.00000000,0.00566756,0.00000000,0.00000000,0.00388776,0.00000000,0.00000000,0.00000000,0.00000000,0.00000000,0.00000000,0.00534806,0.00000000,0.00000000,0.00000000,0.00000000,0.00322639,0.00000000,0.00000000,0.00000000,0.00000000,0.00000000,0.00000000,0.00000000,0.01475248,0.00086106,0.00000000,0.00000000,0.00663764,0.00000000,0.00000000,0.00000000,0.00000000,0.00000000,0.00362240,0.00000000,0.00000000,0.00000000,0.00359499,0.00000000,0.00000000,0.00000000,0.00000000,0.00000000,0.00000000,0.00000000,0.00000000,0.00000000,0.00308186,0.00000000,0.00000000,0.00000000,0.00000000,0.00000000,0.00000000,0.00000000,0.00000000,0.00000000,0.02460315,0.00000000,0.02054290,0.00000000,0.00000000,0.00000000,0.00000000,0.00000000,0.00000000,0.00000000,0.00000000,0.00000000,0.00000000,0.00000000,0.00000000,0.00000000,0.00000000,0.00000000,0.00000000,0.04623301,0.00000000,0.00000000,0.00000000,0.00000000,0.00000000,0.00000000,0.00000000,0.00000000,0.00000000,0.00000000,0.00000000,0.00000000,0.00000000,0.00000000,0.00000000,0.00000000,0.00000000,0.00000000,0.00000000,0.00000000,0.00000000,0.00000000,0.00000000,0.00000000,0.00000000,0.00000000,0.00000000,0.00000000,0.02154168,0.00000000,0.00000000,0.00000000,0.00000000,0.00000000,0.07798210,0.00000000,0.00527149,0.00000000,0.00000000,0.00000000,0.00000000,0.00000000,0.00000000,0.00000000,0.00000000,0.00000000,0.00000000,0.00000000,0.00000000,0.00000000,0.00000000,0.00000000,0.00000000,0.00000000,0.00000000,0.00000000,0.00000000,0.00000000,0.03743944,0.01974234,0.00000000,0.00000000,0.00000000,0.00000000,0.00000000,0.00000000,0.00000000,0.00000000,0.00000000,0.00000000,0.00000000,0.00000000,0.00500531,0.00000000,0.00000000,0.00000000,0.00000000,0.00000000,0.00000000,0.00804613,0.00000000,0.00000000,0.00570539,0.00000000,0.01215060,0.00000000,0.00000000,0.00000000,0.00000000,0.00000000,0.00000000,0.00000000,0.00000000,0.00000000,0.00000000,0.00000000,0.00561128,0.00000000,0.00000000,0.00000000,0.00000000,0.00000000,0.00000000,0.00000000,0.00000000,0.00000000,0.00000000,0.00000000,0.00000000,0.00000000,0.00000000,0.00000000,0.00000000,0.00000000,0.00000000,0.00000000,0.00000000,0.00000000,0.00000000,0.00000000,0.00000000,0.00000000,0.00000000,0.00000000,0.00000000,0.00000000,0.00000000,0.00000000,0.00000000,0.00000000,0.00000000,0.00000000,0.00000000,0.01133289,0.00000000,0.00000000,0.00000000,0.00000000,0.00000000,0.00000000,0.01236008,0.00000000,0.00580774,0.00000000,0.00000000,0.00000000,0.00000000,0.00000000,0.01352229,0.00000000,0.00000000,0.00000000,0.00000000,0.00000000,0.00000000,0.00000000,0.00000000,0.00475416,1.14504329,0.00000000,0.00000000,0.00000000,0.00000000,0.00000000,0.00000000,0.00000000,0.00000000,0.00000000,0.00000000,0.00000000,0.00000000,0.00467986,0.00000000,0.00000000,0.00000000,0.00000000,0.00213506,0.00000000,0.12291136,0.00000000,0.00000000,0.00000000,0.00000000,0.00000000,0.00000000,0.00000000,0.00000000,0.00000000,0.00000000,0.00573482,0.00137043,0.00000000,0.00000000,0.00000000,0.00000000,0.00000000,0.00000000,0.00000000,0.00000000,0.00231140,0.00000000,0.00000000,0.00187892,0.00000000,0.00000000,0.00000000,0.00000000,0.00000000,0.00000000,0.00000000,0.00000000,0.00000000,0.00000000,0.00000000,0.00000000,0.00000000,0.00000000,0.00000000,0.00000000,0.00000000,0.00000000,0.00000000,0.00000000,0.00000000,0.01183736,0.00000000,0.02198566,0.03234612,0.00000000,0.00000000,0.00000000,0.00000000,0.00000000,0.00000000,0.00000000,0.00000000,0.00000000,0.00000000,0.00000000,0.00000000,0.00000000,0.00000000,0.00399779,0.00000000,0.01163872,2.08430090,0.15248818,0.00000000,0.00000000,0.00000000,0.00000000,0.00000000,0.00000000,0.00000000,0.00000000,0.00000000,0.00320675,0.00000000,0.00000000,0.02606471,0.00000000,0.00000000,0.00000000,0.00000000,0.00000000,0.00522380,0.00000000,0.17787327,0.00000000,0.00000000,0.00000000,0.00000000,0.00000000,0.07916249,0.00000000,0.00000000,2.79424048,0.00000000,0.00000000,0.00000000,0.00000000,0.00000000,0.00000000,0.00000000,0.03112521,0.00000000,0.00000000,0.00811808,0.00000000,0.00000000,0.00000000,0.00000000,0.00000000,0.00663305,0.00000000,0.00000000,0.00000000,0.00492712,0.07510266,0.00000000,0.00000000,0.00000000,0.00000000,0.00000000,0.00000000,0.01619596,0.00000000,0.00000000,0.00000000,0.00000000,0.00000000,0.00000000,0.00000000,0.10427375,0.00000000,0.00000000,0.00000000,0.00000000,0.00000000,0.00000000,0.00000000,0.00000000,0.02351705,0.00000000,0.00000000,0.00000000,0.00000000,0.00000000,0.00000000,0.00000000,0.00836679,0.00000000,0.00000000,0.00000000,0.00000000,0.00000000,0.00390651,0.00000000,0.00000000,0.00000000,0.00000000,0.00000000,0.01328305,0.00000000,0.00000000,0.00201728,0.00000000,0.00420540,0.00000000,0.00211188,0.00000000,0.00000000,0.00000000,0.00000000,0.00000000,0.00000000,0.00000000,0.00000000,0.00000000,0.04986441,0.00000000,0.00000000,0.00000000,0.00000000,0.00000000,0.00000000,0.00000000,0.00000000,0.00000000,0.00000000,0.00000000,0.00512838,0.00000000,0.00215196,0.03364904,0.00000000,0.00000000,0.06526225,0.00000000,0.00000000,0.00000000,0.00314928,0.00000000,0.00000000,0.00000000,0.00000000,0.00000000,0.00000000,0.00000000,0.00000000,0.00000000,0.00000000,0.00522974,0.00000000,0.00000000,0.00000000,0.00000000,0.00000000,0.00000000,0.00000000,0.00000000,0.00000000,0.00000000,0.00000000,0.00338992,0.00000000,0.21147832,0.00000000,0.00000000,0.05057372,0.00000000,0.00000000,0.00000000,0.00000000,0.00000000,0.00000000,0.00000000,0.00000000,0.00951112,0.00000000,0.00000000,0.01025506,0.00000000,0.00000000,0.00000000,0.00000000,0.00000000,0.00000000,0.00000000,0.00000000,0.00000000,0.00000000,0.00000000,0.00000000,0.00000000,0.00000000,0.00000000,0.00000000,0.00000000,0.00000000,0.00000000,0.00000000,0.00000000,0.00000000,0.00000000,0.00000000,0.00560149,0.00000000,0.00000000,0.00000000,0.00000000,0.00000000,0.00000000,0.00000000,0.00000000,0.00000000,0.00000000,0.00000000,0.00000000,0.00000000,0.05948195,0.00000000,0.00000000,0.00000000,0.00000000,0.00000000,0.00270830,0.00000000,0.00000000,1.35929122,0.00000000,0.00000000,0.00000000,0.00000000,0.00000000,0.00000000,0.00000000,0.00000000,0.00000000,0.00000000,0.00000000,0.00000000,0.00000000,0.00000000,0.00000000,0.04000044,0.00000000,0.00000000,0.00000000,0.00000000,0.00485652,0.00000000,0.00000000,0.00000000,0.00323639,0.00000000,0.02740363,0.00000000,0.00000000,0.00000000,0.00000000,0.00000000,0.00000000,0.00000000,0.00000000,0.00000000,0.31489136,0.00000000,0.00000000,0.00000000,0.00000000,0.14094252,0.00000000,0.00000000,0.00000000,0.00000000,0.00535764,0.00000000,0.00000000,0.00000000,0.00000000,0.00000000,0.00000000,0.00000000,0.00000000,0.00000000,0.00000000,0.00000000,0.00060398,0.00000000,0.00000000,0.00000000,0.01377168,0.00000000,0.00000000,0.00000000,0.00000000,0.00000000,0.00000000,0.00000000,0.00000000,0.00344057,0.00000000,0.00000000,0.00000000,0.00000000,0.00000000,0.00000000,0.30008026,0.00000000,0.00000000,0.00000000,0.00000000,0.00000000,0.00000000,0.00000000,0.00000000,0.00000000,0.00000000,0.00000000,0.00000000,0.00000000,0.00000000,0.00000000,0.00000000,0.00000000,0.00000000,0.00000000,0.00000000,0.00000000,0.04633934,0.00000000,0.00158699,0.00000000,0.00000000,0.00000000,0.00000000,0.00000000,0.00000000,0.00242818,0.00359723,0.00000000,0.00000000,0.00000000,0.00000000,0.00000000,0.00000000,0.00000000,0.00000000,0.00000000,0.05599262,0.00000000,0.00000000,0.00000000,0.00942891,0.00444676,0.00000000,0.00000000,0.00000000,0.00000000,0.00000000,0.00000000,0.00000000,0.00000000,0.00000000,0.00000000,0.03336306,0.00000000,0.00000000,0.00000000,0.00000000,0.00000000,0.00000000,0.00000000,0.00000000,0.00000000,0.00202624,0.00000000,0.00000000,0.00000000,0.00000000,0.00000000,0.00000000,0.00000000,0.00000000,0.00160086,0.00000000,0.00000000,0.00000000,0.00000000,0.00000000,0.00000000,0.00000000,0.00000000,0.00000000,0.00000000,0.00000000,0.00000000,0.00000000,0.00462189,0.00000000,0.00000000,0.00000000,0.00000000,0.00000000,0.01672984,0.00000000,0.00000000,0.00000000,0.00000000,0.34305181,0.00000000,0.00000000,0.00699859,0.00000000,0.00000000,0.00000000,0.00000000,0.00000000,0.00000000,0.00000000,0.00383867,0.00000000,0.00000000,0.00000000,0.00000000,0.00000000,0.00000000,0.00000000,0.00000000,0.00000000,0.00000000,0.00000000,0.00874642,0.00000000,0.00000000,0.00000000,0.00000000,0.00000000,0.00000000,0.00000000,0.00000000,0.00000000,0.00000000,0.00000000,0.00000000,0.01263297
0.00000000,0.00000000,0.00000000,0.00000000,0.00000000,0.00000000,0.02129776,0.00000000,0.00000000,0.00000000,0.00000000,0.00314590,0.00000000,0.00000000,0.00000000,0.00000000,0.00000000,0.09160067,0.00642363,0.00000000,0.00000000,0.00000000,0.00714576,0.00000000,0.00000000,0.00000000,0.00000000,0.00000000,0.00177224,0.00000000,0.00000000,0.00000000,0.00000000,0.00000000,0.14213106,0.00000000,0.00570168,0.00000000,0.00000000,0.00000000,0.00000000,0.00000000,0.00000000,0.03232243,0.00000000,0.00000000,0.00000000,0.00000000,0.00000000,0.00000000,0.00000000,0.00000000,0.00000000,0.00000000,0.00000000,1.56374695,0.00000000,0.00000000,0.00000000,0.00000000,0.00000000,0.00000000,0.00000000,0.00000000,0.00000000,0.00275838,0.00000000,0.00000000,0.00000000,0.00000000,0.00000000,0.00000000,0.00000000,0.00000000,0.00000000,0.00000000,0.00000000,0.00000000,0.00000000,0.00000000,0.00000000,0.00000000,0.00000000,0.00000000,0.00000000,0.00000000,0.00000000,0.00000000,0.00000000,0.00000000,0.00000000,0.00000000,0.00000000,0.00963094,0.00000000,0.00000000,0.00000000,0.00000000,0.00000000,0.00000000,0.00000000,0.00000000,0.05329146,0.00000000,0.00000000,0.00112270,0.00000000,0.00000000,0.00000000,0.01031555,0.00000000,0.00000000,0.00000000,0.00000000,0.00000000,0.00000000,0.20344467,0.00000000,0.02675265,0.00000000,0.00000000,0.00000000,0.00000000,0.00000000,0.00000000,0.00000000,0.00000000,0.00000000,0.00000000,0.00000000,0.00000000,0.00000000,0.00000000,0.14825715,0.00000000,0.00000000,0.00000000,0.00000000,0.00000000,0.00000000,0.00000000,0.00000000,0.00488492,0.07602798,0.00000000,0.00000000,0.01047851,0.00000000,0.00000000,0.00000000,0.21543837,0.00000000,0.00000000,0.07761595,0.00000000,0.00000000,0.00000000,0.00000000,0.00000000,0.00000000,0.00000000,0.00000000,0.00000000,0.00155596,0.00000000,0.00000000,0.00000000,0.00000000,0.00000000,0.00000000,0.00000000,0.00000000,0.00000000,0.00000000,0.00000000,0.00000000,0.00000000,0.00000000,0.00000000,0.00000000,0.00000000,0.00000000,0.14489376,0.00347484,0.09143748,0.00000000,0.00000000,0.00095944,0.00000000,0.00000000,0.00000000,0.00000000,0.00000000,0.00000000,0.00000000,0.00000000,0.00000000,0.00000000,0.00000000,0.02762693,0.00000000,0.00000000,0.00000000,0.00000000,0.00000000,0.00000000,0.01359449,0.03712263,0.00000000,0.00000000,0.00000000,0.00000000,0.00000000,0.00000000,0.00000000,0.00000000,0.00000000,0.00000000,0.00000000,0.00000000,0.00000000,0.00000000,0.00000000,0.00000000,0.00000000,0.00000000,0.00000000,0.00000000,0.00000000,0.01621393,0.00000000,0.00000000,0.00000000,0.00000000,0.00000000,0.00000000,0.00000000,0.00000000,0.00000000,0.00000000,0.00000000,0.00000000,0.00000000,0.00000000,0.00000000,0.00000000,0.00000000,0.00000000,0.00000000,0.00000000,0.00000000,0.00808221,0.00000000,0.02009071,0.00000000,0.00000000,0.00000000,0.00000000,0.00000000,0.00000000,0.00000000,0.00000000,0.00000000,0.00000000,0.00000000,0.00000000,0.00000000,1.21949074,0.00000000,0.00000000,0.00000000,0.00917669,0.00000000,0.00000000,0.00292349,0.00000000,0.00000000,0.00000000,0.00000000,0.00000000,0.00000000,0.00495244,0.00000000,0.01260119,0.00000000,0.00000000,0.00000000,0.00000000,0.00000000,0.00000000,0.00000000,0.00000000,0.00000000,0.00000000,0.00000000,0.00000000,0.00000000,0.00237166,0.00000000,0.00000000,0.00000000,0.00000000,0.00245499,0.01220034,0.00000000,0.00000000,0.00000000,0.00000000,0.00000000,0.13642367,0.00000000,0.00000000,0.00000000,0.00000000,0.00000000,0.00000000,0.00000000,0.00729091,0.00000000,0.00000000,0.00000000,0.00000000,0.00000000,0.00000000,0.00000000,0.00000000,0.00302633,1.26564806,0.00000000,0.00000000,0.00348581,0.00000000,0.00000000,0.00000000,0.00000000,0.00000000,0.00000000,0.00000000,0.00000000,0.00000000,0.00000000,0.00000000,0.00000000,0.00000000,0.00000000,0.00000000,0.00000000,0.00000000,0.00000000,0.00000000,0.00000000,0.00000000,0.00000000,0.00000000,0.00000000,0.00000000,0.00000000,0.00000000,0.00000000,0.00000000,0.00000000,0.00000000,0.00000000,0.00000000,0.00000000,0.00000000,0.00379747,0.00000000,0.00000000,0.00322082,0.00000000,0.00000000,0.00937378,0.00077086,0.00000000,0.00000000,0.00000000,0.00000000,0.00000000,0.00000000,0.00000000,0.00000000,0.09306653,0.00000000,0.00000000,0.00000000,0.00000000,0.00000000,0.00000000,0.00000000,0.00000000,0.00247095,0.00359543,0.00000000,0.00000000,0.01842024,0.00000000,0.00000000,0.00000000,0.01603041,0.00000000,0.00000000,0.00000000,0.00000000,0.00000000,0.00000000,0.00000000,0.00000000,0.00357504,0.11388255,0.00000000,0.00000000,0.00000000,0.00000000,0.00000000,0.00000000,0.00000000,0.00000000,0.00000000,0.00000000,0.00000000,0.00000000,0.00000000,0.00000000,0.00000000,0.00000000,0.00000000,0.00000000,0.00000000,0.00000000,0.00000000,0.00000000,0.00000000,0.00000000,0.00000000,0.00000000,0.00000000,0.00000000,0.00000000,0.00000000,0.00000000,0.00000000,0.00000000,0.00000000,0.00000000,0.00000000,0.01016923,0.00000000,0.00000000,0.00000000,0.00000000,0.00000000,0.00000000,0.00000000,0.00000000,0.00000000,0.00000000,0.00000000,0.00000000,0.00420540,0.00000000,0.00000000,0.00000000,0.00000000,0.00000000,0.00680674,0.00000000,0.00000000,0.00217114,0.00000000,0.00511685,0.08972709,0.00000000,0.00000000,0.00000000,0.00000000,0.00000000,0.00000000,0.00000000,0.00000000,0.00000000,0.00000000,0.00000000,0.00000000,0.00000000,0.07470930,0.00000000,0.03386359,0.00000000,0.00000000,0.00296602,0.00000000,0.00000000,0.00000000,0.00000000,0.00000000,0.00000000,0.00000000,0.00000000,0.00000000,0.00000000,0.00000000,0.01042146,0.00000000,0.00000000,0.00000000,0.00000000,0.01564803,0.00000000,0.00000000,0.00000000,0.00000000,0.00000000,0.00000000,0.00000000,0.00000000,0.00000000,0.00000000,0.00968380,0.00000000,0.00000000,0.00000000,0.00000000,0.00000000,0.00000000,0.00234711,0.00000000,0.00000000,0.00000000,0.03995227,0.00000000,0.00000000,0.00000000,0.00000000,0.46751918,0.00000000,0.00000000,0.00000000,0.00000000,0.00000000,0.00000000,0.00000000,0.00000000,0.00000000,0.00000000,0.00000000,0.00000000,0.00000000,0.00000000,0.00000000,0.00000000,0.00000000,0.00000000,0.00000000,0.00000000,0.24802415,0.00290591,0.00000000,0.00000000,0.00000000,0.00000000,0.00000000,0.00000000,0.00000000,0.00000000,0.00000000,0.00000000,0.00000000,0.00000000,0.00000000,0.00000000,0.00000000,0.00653897,0.00000000,0.00000000,0.00000000,0.00000000,0.00000000,0.00000000,0.00000000,0.00000000,0.00000000,0.00000000,0.00000000,0.00000000,0.00000000,0.00000000,0.00000000,0.01170456,0.00000000,0.00000000,0.01481835,0.00000000,0.00000000,0.00000000,0.00000000,0.00000000,0.00000000,0.03668489,0.00000000,0.00000000,0.00000000,0.00000000,0.00000000,0.00000000,0.00000000,0.00589210,0.00000000,0.04662003,0.00000000,0.00000000,0.00000000,0.00177101,0.00000000,0.27625518,0.00000000,0.00000000,0.00000000,0.00000000,0.00000000,0.00000000,0.00000000,0.00000000,0.00000000,0.00000000,0.00000000,0.00000000,0.00000000,0.00000000,0.00000000,0.00107952,0.00000000,0.00000000,0.00000000,0.00000000,0.00000000,0.00000000,0.00000000,0.00000000,0.00000000,0.00000000,0.00194197,0.00000000,0.00000000,0.00000000,0.00633358,0.00000000,0.00000000,0.00000000,0.00000000,0.00000000,0.00000000,0.00000000,0.12601732,0.00000000,0.00000000,0.00000000,2.07819616,0.00000000,0.00000000,0.00000000,0.00000000,0.00000000,0.00000000,0.00000000,0.00000000,0.00000000,0.00000000,0.00000000,0.00000000,0.07822727,0.00000000,0.00000000,0.00000000,0.00000000,0.00000000,0.00000000,0.00000000,0.00000000,0.00000000,0.00000000,0.00000000,0.00000000,0.00000000,0.00000000,0.00000000,0.00000000,0.00000000,0.00000000,0.00000000,0.00000000,0.00000000,0.00000000,0.00000000,0.00000000,0.00000000,0.00000000,0.00000000,0.00000000,0.00000000,0.00000000,0.00000000,0.00000000,0.00000000,0.00000000,0.00000000,0.00000000,0.06635385,0.09598019,0.00000000,0.00000000,0.00229025,0.00000000,0.00000000,0.00000000,0.00000000,0.00000000,0.00000000,0.00198690,0.00140135,0.14068531,0.00000000,0.00286348,0.00000000,0.00000000,0.00000000,0.00000000,0.00000000,0.00114792,0.00000000,0.00000000,0.00224397,0.00000000,0.00000000,0.00000000,0.00000000,0.06527218,0.00000000,0.00000000,0.00000000,0.17156559,0.01313975,0.00000000,0.00000000,0.00000000,0.00000000,0.02242527,0.00000000,0.00000000,0.00000000,0.00000000,0.00000000,0.00000000,0.00000000,0.00389968,0.00000000,0.00000000,0.00000000,0.00000000,0.00000000,0.00000000,0.00000000,0.00000000,0.00106646,0.00000000,0.00000000,0.00000000,0.00590192,0.00000000,0.00284064,0.00000000,0.00000000,0.00068337,0.00832883,0.00000000,0.00000000,0.00354274,0.00000000,0.00000000,0.09471307,0.00951516,0.00000000,0.00000000,0.00000000,0.00000000,0.00000000,0.00000000,0.00000000,0.00000000,0.00000000,0.00846695,0.00000000,0.00000000,0.00284242,0.01007265,0.00000000,0.00000000,0.00000000,0.00000000,0.00000000
0.00000000,0.00000000,0.00000000,0.00000000,0.00000000,0.00000000,0.00000000,0.00000000,0.00000000,0.06197007,0.00000000,0.00000000,0.00000000,0.00000000,0.00000000,0.00000000,0.00000000,0.00000000,0.00000000,0.00000000,0.00000000,0.03504370,0.00000000,0.00000000,0.00000000,0.00000000,0.00000000,0.00000000,0.00000000,0.00940632,0.00000000,0.00000000,0.00000000,0.00000000,0.00000000,0.00000000,0.00000000,0.01854234,0.01868074,0.00000000,0.00000000,0.00000000,0.00000000,0.00000000,0.00000000,0.33330534,0.00000000,0.00000000,0.00000000,0.00308418,0.00000000,0.00000000,0.00407834,0.00000000,0.01297076,0.00000000,0.00000000,0.00000000,0.00000000,0.00000000,0.00783706,0.00000000,0.00000000,0.58990109,0.00000000,0.00000000,0.00000000,0.02522286,0.00000000,0.00000000,0.32367917,0.00254068,0.00000000,0.00000000,0.00000000,0.00000000,0.00000000,0.00000000,0.00602566,0.00000000,0.00000000,0.00000000,0.00000000,0.00000000,0.00000000,0.00000000,0.00000000,0.00000000,0.00000000,0.00000000,0.00000000,0.00000000,0.00000000,0.00000000,0.00000000,0.00000000,0.00000000,0.00000000,0.00000000,0.00000000,0.11987553,0.00000000,0.00000000,0.00000000,0.00000000,0.00000000,0.00000000,0.00000000,0.00000000,0.00000000,0.00000000,0.00000000,0.00000000,0.00000000,0.00000000,0.00000000,0.00000000,0.00000000,0.00000000,0.00000000,0.00000000,0.00000000,0.00000000,0.00000000,0.00000000,0.00000000,0.00000000,0.00000000,0.00000000,0.00000000,0.00000000,0.00000000,0.00000000,0.00489447,0.00000000,0.00000000,0.00000000,0.00000000,0.00000000,0.00638699,0.00000000,0.00000000,0.00000000,0.00000000,0.00000000,0.00000000,0.00000000,0.00000000,0.00000000,0.00000000,0.00000000,0.00107254,0.00000000,0.00000000,0.00000000,0.00000000,0.00000000,0.00000000,0.00000000,0.00000000,0.00234340,0.00000000,0.00000000,0.00000000,0.00000000,0.04754723,0.00000000,0.00000000,0.00000000,0.00000000,0.00000000,0.00000000,0.00000000,0.00000000,0.00000000,0.00000000,0.00381958,0.00000000,0.00000000,0.00000000,0.00000000,0.00000000,0.00000000,0.00000000,0.00000000,0.00000000,0.00172267,0.00000000,0.00000000,0.00000000,0.00000000,0.00000000,0.00000000,0.00000000,0.00000000,0.00000000,0.00000000,0.00000000,0.00000000,0.00000000,0.00000000,0.00000000,0.00000000,0.00000000,0.00000000,0.00000000,0.01515845,0.00000000,0.00000000,0.00000000,0.00474050,0.00000000,0.01673581,0.00000000,0.00000000,0.00000000,0.00000000,0.00000000,0.00000000,0.00000000,0.02851482,0.00000000,0.00000000,0.00000000,0.00073081,0.00000000,0.00000000,0.00000000,0.00000000,0.00000000,0.00000000,0.00000000,0.00000000,0.00000000,0.00000000,0.00000000,0.00109043,0.00000000,0.00000000,0.00000000,0.00000000,0.06583410,0.00000000,0.00000000,0.00000000,0.00000000,0.00313826,0.00000000,0.00000000,0.00000000,0.00000000,0.00000000,0.00088358,0.00000000,0.00000000,2.47764025,0.00000000,0.00000000,0.00000000,0.00000000,0.00000000,0.00580623,0.00000000,0.00000000,0.59516248,0.00000000,0.00000000,0.00000000,0.00000000,0.00000000,0.00000000,0.00000000,0.00000000,0.01674179,0.00379081,0.00000000,0.00000000,0.00000000,0.00000000,0.00000000,0.00000000,0.00340503,0.00000000,0.00000000,0.00000000,0.00000000,0.00000000,0.00000000,0.00000000,0.00000000,0.00000000,0.00000000,0.00000000,0.01269472,0.00000000,0.00000000,0.00000000,0.00000000,0.00000000,0.00000000,0.00000000,0.00000000,0.00000000,0.00000000,0.00223552,0.00000000,0.00000000,0.06307458,0.00000000,0.00000000,0.00000000,0.00000000,0.00000000,0.02758631,0.00000000,0.00328732,0.00000000,0.01231379,0.00000000,0.00000000,0.00000000,0.00000000,0.01953170,0.00000000,0.00000000,0.00000000,0.00000000,0.00000000,0.00367608,0.00000000,0.00000000,0.00000000,0.00000000,0.00000000,0.00000000,0.00000000,0.00000000,0.00690751,0.00000000,0.00000000,0.00000000,0.00000000,0.00000000,0.00000000,0.00000000,0.00000000,0.00000000,0.00000000,0.00000000,0.00000000,0.00000000,0.00000000,0.00000000,0.00000000,0.00000000,0.00000000,0.00000000,0.00000000,0.00000000,0.00000000,0.00710109,0.00000000,0.00000000,0.01278401,0.00000000,0.00000000,0.00000000,0.00000000,0.00000000,0.00000000,0.00000000,0.00000000,0.00000000,0.00000000,0.00000000,0.00000000,0.00111535,0.00276822,0.00000000,0.00000000,0.00000000,0.02487890,0.00000000,0.00000000,0.00000000,0.07411789,0.00000000,0.00653162,0.00000000,0.00000000,0.00000000,0.00000000,0.02079028,0.00000000,0.00000000,0.00000000,0.00000000,0.00000000,0.00000000,0.00000000,0.00000000,0.00000000,0.06389706,0.00000000,0.00720687,0.00000000,0.00000000,0.00000000,0.00000000,0.00000000,0.00000000,0.00000000,0.02456642,0.00000000,0.00000000,0.00000000,0.00000000,0.00000000,0.00000000,0.00893867,0.00000000,0.00000000,0.00000000,0.00000000,0.00000000,0.00000000,0.00000000,0.00000000,0.00000000,0.00000000,0.00000000,0.00000000,0.00000000,0.00000000,0.00000000,0.00000000,0.00000000,0.00000000,0.01631403,0.00000000,0.00000000,0.00000000,0.00000000,0.00000000,0.00000000,0.00000000,0.00000000,0.00000000,0.00000000,0.00000000,0.00000000,0.00000000,0.01122491,0.00000000,0.00000000,0.00000000,0.00000000,0.00000000,0.00000000,0.00000000,0.00000000,0.00000000,0.00000000,0.00000000,0.00345891,0.00000000,0.00318208,0.00000000,0.00000000,0.00655811,0.00000000,0.00929016,0.00158040,0.00000000,0.00000000,0.00000000,0.00000000,0.01190259,0.00085893,0.00000000,0.00000000,0.00100001,0.00000000,0.00000000,0.00000000,0.00000000,0.00334359,0.00000000,0.00000000,0.00000000,0.00000000,0.00000000,0.00000000,0.00000000,0.13898511,0.00000000,0.00000000,0.00000000,0.00000000,0.00000000,0.00000000,0.00000000,0.00000000,0.00000000,0.00000000,0.00432634,0.00000000,0.00000000,0.00000000,0.00772268,0.00000000,0.00686430,0.00000000,0.00000000,0.00000000,0.00000000,0.00000000,0.01187316,0.00000000,0.04101738,0.00000000,0.00000000,0.00000000,0.00000000,0.00000000,0.00000000,0.00000000,0.00000000,0.00000000,0.00000000,0.00000000,0.00000000,0.00000000,0.00000000,0.00000000,0.00000000,0.00000000,0.14996055,0.00000000,0.00000000,0.00000000,0.00000000,0.00000000,0.00000000,0.00000000,0.00000000,0.00089201,0.00000000,0.00000000,0.00000000,0.00000000,0.00000000,0.00000000,0.00000000,0.70379014,0.00000000,0.00000000,0.00000000,0.00000000,0.00000000,0.00000000,0.00087932,0.00000000,0.00000000,0.00000000,0.00000000,0.00000000,0.00000000,0.00000000,0.00000000,0.00000000,0.00000000,0.00000000,0.00000000,0.00239341,0.00000000,0.00000000,0.00000000,0.00106625,0.00000000,0.00000000,0.00000000,0.00000000,0.00000000,0.00000000,0.00000000,0.00000000,0.00000000,0.05366384,0.00000000,0.00412790,0.00000000,0.00000000,0.00112899,0.00209891,0.00000000,0.00000000,0.00000000,0.08745373,0.00000000,0.00000000,0.00000000,0.00000000,0.00000000,0.00000000,0.00000000,0.09062997,0.00000000,0.01449128,0.00000000,0.00000000,0.00000000,0.00000000,0.00000000,0.00000000,0.00000000,0.04352873,0.00000000,0.00000000,0.00720604,0.00000000,0.00000000,0.00000000,0.00000000,0.00812292,0.00000000,0.00000000,0.00000000,0.00000000,0.00000000,0.00000000,0.00000000,0.00000000,0.00000000,0.00000000,0.00000000,0.00000000,0.00000000,0.00000000,0.00000000,0.00000000,0.02533117,0.00000000,0.00000000,0.13537205,0.00000000,0.00000000,0.00000000,0.00000000,0.00338764,0.00000000,0.00000000,0.00000000,0.00000000,0.00000000,0.00000000,0.00000000,0.00000000,0.00000000,0.00000000,0.00000000,0.00000000,0.00000000,0.00000000,0.00000000,0.00000000,0.00000000,0.00291718,0.00000000,0.00000000,0.00000000,0.00000000,0.00000000,0.00000000,0.00000000,0.00000000,0.00000000,0.00000000,0.00000000,0.00000000,0.00000000,0.00000000,0.00000000,0.00000000,0.00000000,0.00000000,0.01830398,0.00000000,0.00139369,0.00000000,0.00000000,0.00000000,0.01554215,0.00000000,0.00000000,0.00000000,0.00000000,0.00000000,0.00000000,0.00000000,0.00000000,0.00000000,0.00000000,0.00000000,0.00000000,0.00000000,0.00000000,0.00000000,0.00000000,0.00000000,0.00000000,0.00000000,0.03627159,0.00000000,0.00000000,0.00000000,0.00127413,0.00000000,0.00000000,0.00000000,0.00000000,0.00000000,0.00000000,0.01257418,0.00000000,0.00000000,0.00000000,0.00000000,0.08492824,0.00000000,0.00000000,0.00000000,0.00000000,0.00000000,0.00000000,0.00000000,0.00000000,0.00000000,0.04347111,0.00000000,0.00000000,0.00000000,0.00000000,0.02107433,0.01285840,0.00000000,0.00000000,0.00000000,0.00000000,0.00000000,0.00000000,0.00000000,0.00248632,0.03563045,0.00000000,0.06044966,0.00000000,0.00000000,0.00000000,0.00000000,0.00000000,0.00000000,0.00000000,0.00000000,0.00000000,0.00000000,0.00000000,0.00000000,0.00000000,0.00000000,0.00000000,0.00000000,0.00000000,1.14139696,0.00000000,0.00000000,0.00000000,0.00000000,0.00000000,0.00000000,0.00000000,0.00000000,0.00000000,0.00000000,0.00583103,0.00000000,0.00000000,0.00000000,0.00000000,0.00000000,0.00000000,0.07189569,0.00000000,0.00000000,0.00000000,0.00729738,0.00000000,0.00000000,0.00000000,0.00090177
0.00000000,0.00000000,0.00000000,0.00000000,0.00000000,0.00474474,0.07771611,0.00000000,0.00000000,0.00000000,0.94076941,0.00000000,0.00000000,0.00000000,0.00000000,0.00000000,0.00000000,0.00317068,0.00000000,0.00703898,0.00000000,0.00000000,0.00522970,0.00000000,0.00000000,0.00000000,0.00000000,0.00000000,0.00000000,0.00000000,0.00000000,0.00679233,0.00000000,0.00000000,0.00000000,0.00000000,0.00000000,0.00000000,0.00000000,0.00000000,0.00000000,0.00662448,0.00000000,0.00000000,0.01613579,0.00000000,0.00000000,0.00349326,0.00000000,0.00000000,0.00000000,0.00000000,0.00000000,0.00341079,0.00000000,0.00000000,0.00000000,0.00000000,0.00000000,0.00000000,0.00000000,0.00000000,0.00000000,0.00000000,0.00000000,0.01602182,0.00346576,0.00000000,0.00000000,0.00000000,0.00000000,0.13479019,0.00000000,0.00000000,0.00000000,0.00258902,0.00000000,0.00000000,0.00000000,0.00000000,0.00000000,1.95670889,0.00000000,0.00000000,0.00541119,0.00000000,0.00000000,0.00000000,0.00000000,0.00000000,0.00000000,0.06768306,0.00000000,0.00000000,0.00000000,0.00000000,0.00000000,0.00461055,0.01133836,0.00000000,0.00000000,0.00000000,0.00000000,0.00000000,0.00000000,0.00000000,0.00000000,0.00000000,0.00000000,0.00000000,0.00000000,0.00000000,0.00000000,0.00000000,0.00000000,0.00000000,0.00000000,0.00000000,0.00000000,0.00000000,0.00000000,0.00000000,0.00000000,0.00480824,0.00000000,0.00000000,0.03764288,0.00000000,0.00000000,0.00491882,0.00000000,0.00000000,0.00000000,0.00000000,0.00000000,0.00000000,2.46217957,0.00000000,0.00000000,0.00000000,0.00000000,0.00000000,0.00000000,0.00000000,0.00000000,0.00000000,0.00000000,0.00000000,0.00000000,0.00047417,0.00000000,0.00834855,0.00000000,0.00000000,0.00000000,0.00000000,0.00000000,0.00000000,0.00000000,0.00000000,0.00000000,0.00000000,0.00000000,0.00000000,0.00113101,0.00000000,0.00493234,0.00000000,0.00000000,0.00000000,0.00000000,0.00000000,0.00000000,0.00000000,0.00000000,0.00000000,0.00000000,0.00000000,0.00000000,0.00000000,0.00000000,0.00000000,0.41458516,0.00000000,0.00000000,0.00000000,0.00000000,0.00000000,0.00000000,0.00000000,0.01619234,0.00000000,0.00000000,0.00000000,0.00000000,0.00000000,0.00000000,0.00000000,0.07634818,0.00000000,0.00000000,0.00513347,0.00000000,0.00000000,0.00000000,0.00000000,0.00000000,0.02049569,0.00000000,0.00000000,0.00000000,0.00000000,0.00000000,0.00000000,0.00000000,0.00000000,0.00000000,0.00000000,0.00000000,0.00000000,0.00000000,0.00000000,0.00000000,0.00000000,0.00000000,0.00462255,0.00000000,0.00000000,0.00000000,0.05246274,0.00000000,0.00000000,0.00224505,0.00000000,0.03555746,0.00000000,0.00000000,0.00000000,0.00000000,0.00000000,0.00871834,0.00000000,0.00000000,0.00000000,0.00000000,0.00000000,0.00000000,0.00000000,0.00000000,0.00000000,0.00000000,0.00000000,0.00000000,0.00000000,0.00000000,0.00000000,0.00000000,0.00000000,0.00000000,0.00000000,0.00000000,0.00000000,0.00000000,0.00000000,0.00000000,0.00000000,0.00000000,0.00000000,0.00000000,0.00000000,0.00231339,0.00000000,0.00000000,0.00000000,0.00000000,0.00000000,0.00000000,0.00901210,0.00000000,0.00000000,0.00000000,0.00000000,0.00000000,0.00000000,0.00000000,0.00000000,0.00000000,0.00000000,0.00000000,0.00000000,0.00000000,0.00185716,0.00000000,0.00000000,0.00000000,0.00000000,0.00000000,0.00453344,0.00587693,0.00000000,0.00000000,0.01314484,0.00000000,0.00000000,0.00000000,0.00000000,0.00000000,0.00000000,0.00000000,0.00129661,0.00000000,0.00734923,0.00000000,0.03635059,0.00000000,0.00000000,0.00000000,0.00000000,0.00000000,0.01204515,0.00000000,0.00000000,0.00000000,0.00000000,0.00000000,0.00000000,0.00000000,0.20537089,0.00000000,0.00000000,0.00000000,0.00000000,0.00000000,0.00000000,0.00000000,0.00000000,0.00776120,0.00000000,0.01748194,0.00000000,0.06050407,0.00000000,0.00000000,0.00000000,0.00000000,0.00465759,0.00000000,0.00000000,0.00000000,0.00235408,0.00000000,0.00000000,0.00000000,0.00000000,0.00000000,0.00000000,0.00000000,0.00000000,0.00107099,0.00000000,0.00000000,0.00000000,0.00631234,0.00000000,0.00000000,0.00000000,0.01002068,0.00000000,0.00501773,0.00000000,0.00000000,0.00000000,0.01453207,0.00000000,0.00000000,0.00000000,0.00000000,0.00000000,0.00000000,0.00473183,0.00000000,0.00000000,0.00000000,0.00000000,0.00000000,0.00635736,0.00000000,0.00000000,0.00000000,0.00000000,0.00000000,0.00000000,0.00513590,0.00000000,0.00000000,0.00000000,0.00000000,0.00000000,0.04124624,0.00000000,0.00000000,0.00279603,0.00000000,0.00000000,0.00000000,0.00000000,0.00000000,0.00000000,0.00000000,0.00000000,0.00000000,0.00000000,0.00000000,0.00000000,0.06176370,0.00000000,0.00000000,0.00000000,0.00000000,0.00000000,0.00000000,0.00000000,0.00000000,0.04769479,0.00000000,0.00000000,0.00000000,0.00000000,0.00000000,0.00000000,0.00000000,0.00964213,0.01156045,0.00000000,0.00000000,0.00000000,0.00000000,0.00000000,0.00000000,0.00000000,0.00000000,0.00000000,0.00000000,0.00000000,0.00000000,0.00370327,0.00000000,0.00000000,0.00000000,0.00000000,0.00000000,0.00000000,0.00000000,0.00000000,0.00000000,0.00000000,0.00000000,0.00000000,0.00000000,0.00211188,0.00000000,0.00000000,0.00000000,0.00000000,0.00000000,0.00000000,0.00000000,0.00000000,0.00000000,0.00000000,0.00000000,0.00000000,0.00000000,0.00000000,0.00000000,0.00000000,0.00000000,0.00000000,0.00000000,0.00000000,0.00000000,0.00000000,0.00000000,0.00000000,0.00000000,0.37375785,0.00000000,0.00000000,0.00000000,0.00000000,0.00000000,0.00000000,0.00000000,0.00000000,0.00000000,0.00000000,0.01965920,0.00000000,0.00350600,0.00000000,0.00000000,0.00000000,0.00000000,0.01954356,0.00000000,0.00000000,0.00000000,0.00000000,0.00000000,0.00000000,0.00000000,0.01289091,0.00000000,0.00000000,0.00000000,0.00000000,0.00000000,0.00000000,0.00000000,0.00000000,0.00000000,0.00000000,0.00000000,0.00000000,0.00000000,0.00000000,0.00000000,0.00000000,0.00000000,0.00000000,0.00000000,0.00128315,0.00230833,0.00000000,0.00000000,0.00000000,0.00000000,0.00000000,0.00000000,0.17086113,0.00000000,0.00000000,0.00000000,0.00000000,0.00000000,0.00280776,0.00000000,0.00000000,0.00000000,0.00000000,0.00000000,0.00000000,0.00000000,0.00000000,0.00000000,0.00000000,0.00000000,0.00000000,0.00000000,0.00000000,0.00000000,0.00000000,0.00000000,0.00000000,0.00000000,0.00540303,0.00000000,0.00000000,0.00000000,0.00000000,0.00000000,0.00000000,0.00283719,0.00000000,2.80529804,0.00000000,0.00000000,0.00000000,0.01016942,0.00000000,0.00000000,0.00000000,0.00000000,0.00000000,0.00000000,0.00000000,0.00000000,0.00000000,0.00000000,2.43773167,0.00000000,0.00000000,0.00000000,0.00550417,0.00000000,0.02333565,0.00000000,0.00000000,0.00000000,0.00000000,0.00000000,0.00000000,0.00000000,0.00000000,0.00000000,0.00000000,0.00000000,0.00000000,0.00000000,0.00000000,0.00000000,0.00830670,0.00000000,0.00000000,0.00000000,0.00000000,0.00000000,0.00000000,0.36178920,0.00000000,0.28395830,0.00000000,0.00000000,0.00000000,0.00000000,0.00000000,0.00427236,0.00231870,0.00000000,0.00000000,0.00000000,0.00000000,0.00000000,0.00000000,0.00000000,0.00000000,0.00000000,0.00000000,0.00000000,0.00000000,0.00000000,0.00000000,0.00000000,0.00000000,0.00000000,0.00000000,0.00000000,0.00000000,0.00000000,0.00000000,0.00000000,0.00000000,0.00000000,0.00000000,0.00000000,0.00000000,0.00000000,0.04767025,0.00000000,0.00000000,0.00491409,0.00000000,0.00000000,0.00000000,0.00000000,0.00000000,0.00000000,0.00000000,0.00000000,0.00000000,0.00000000,0.00000000,0.00702236,0.00000000,0.00000000,0.00000000,0.01500801,0.00000000,0.00000000,0.01005480,0.00415696,0.21252806,0.00000000,0.00360629,0.00000000,0.00000000,0.00000000,0.00000000,0.00000000,0.00000000,0.00000000,0.00229219,0.00000000,0.00000000,0.00000000,0.00000000,0.00000000,0.03181064,0.00000000,0.00603477,0.00000000,0.00000000,0.00000000,0.04617275,0.00000000,0.00000000,0.00000000,0.00000000,0.00000000,0.00000000,0.00000000,0.00000000,0.00000000,0.00000000,0.00000000,0.00000000,0.00000000,0.00000000,0.00000000,0.00000000,0.00000000,0.00773588,0.00000000,0.00000000,0.00775229,0.00000000,0.00000000,0.00000000,0.00000000,0.00000000,0.00126974,0.00000000,0.00000000,0.00000000,0.00000000,0.00000000,0.00000000,0.00000000,0.00000000,0.00000000,0.00000000,0.00000000,0.00000000,0.00000000,0.00000000,0.00000000,0.00000000,0.00000000,0.00000000,0.01194074,0.00000000,0.00000000,0.00000000,0.00000000,0.00000000,0.00000000,0.00000000,0.00000000,0.00000000,0.00000000,0.00000000,0.03006679,0.00000000,0.00000000,0.00000000,0.00000000,0.00000000,0.00000000,0.00000000,0.00000000,0.02685171,0.00000000,0.00000000,1.17837424,0.00298612,0.00000000,0.00000000,0.00000000,0.00259693,0.00000000,0.00000000,0.00000000,0.00000000,0.00746851,0.00000000,0.00000000,0.00000000,0.00000000,0.00425591,0.00000000,0.00000000,0.00000000,0.00000000,0.00000000,0.00000000,0.00000000,0.00000000,0.00000000,0.00000000,0.00000000
0.00000000,0.00000000,0.00000000,0.00000000,0.00000000,0.00000000,0.00686612,0.04261746,0.00000000,0.00000000,0.00000000,0.00000000,0.00000000,0.00000000,0.00000000,0.00239520,0.00000000,0.00000000,0.00000000,0.00000000,0.00000000,0.00000000,0.00000000,0.00000000,0.00000000,0.00000000,0.00000000,0.00000000,0.00000000,0.00190648,0.00000000,0.00000000,0.00000000,0.00000000,0.10773024,0.00129126,0.00000000,0.00000000,0.00000000,0.00000000,0.00000000,0.00000000,0.00000000,0.00000000,0.00000000,0.00000000,0.00000000,0.00000000,0.00000000,0.00105056,0.03971806,0.00000000,0.00000000,0.00000000,0.00000000,0.00000000,0.00000000,0.00000000,0.00522189,0.00000000,0.00597049,0.03300677,0.00000000,0.00000000,0.00000000,0.00000000,0.00000000,0.00000000,0.00000000,0.00000000,0.00406203,0.00000000,0.00000000,0.00000000,0.00000000,0.00000000,0.56112050,0.00000000,0.00000000,0.00000000,0.01644841,0.00000000,0.00000000,0.00000000,0.00000000,0.00000000,0.00000000,0.00000000,0.00000000,0.02034406,0.00000000,0.00000000,0.00000000,0.00000000,0.06146368,0.00000000,0.00000000,0.00000000,0.00000000,0.01257556,0.00000000,0.00248630,0.00000000,0.00000000,0.00000000,0.00000000,0.00000000,0.00000000,0.00000000,0.00000000,0.00000000,0.00758889,0.00000000,0.00000000,0.00000000,0.00000000,0.00000000,0.00000000,0.00000000,0.00000000,0.00000000,0.00000000,0.00000000,0.00000000,0.00000000,0.00000000,0.00000000,0.00000000,0.00000000,0.00000000,0.00000000,0.00000000,0.00000000,0.00000000,0.00000000,0.00000000,0.00000000,0.00000000,0.00000000,0.00000000,0.01603248,0.00000000,0.00000000,0.00731812,0.00000000,0.00000000,0.00000000,0.00000000,0.00000000,0.00000000,0.00000000,0.00000000,0.00000000,0.00710668,0.00000000,0.00000000,0.00000000,0.00000000,0.00130535,0.00000000,0.00000000,0.00000000,0.00000000,0.00000000,0.00000000,0.00000000,0.00000000,0.00000000,0.00552482,0.00000000,0.00000000,0.00000000,0.00000000,0.00000000,0.00000000,0.01656801,0.00000000,0.02502281,0.00000000,0.00000000,0.00000000,0.00000000,0.00000000,0.00000000,0.00000000,0.00000000,0.00000000,0.00000000,0.00000000,0.00000000,0.00000000,0.00000000,0.00000000,0.00000000,0.00000000,0.00000000,0.00075287,0.00000000,0.00000000,0.00000000,0.00000000,0.00000000,0.09154160,0.01235303,0.00000000,0.00000000,0.00000000,0.00000000,0.00000000,0.00000000,0.00000000,0.00000000,0.00000000,0.00000000,0.01240098,0.00000000,0.00000000,0.00000000,0.00000000,0.00000000,0.00000000,0.00000000,0.00000000,0.00000000,0.00000000,0.00000000,0.00000000,0.00000000,0.00000000,0.00000000,0.00000000,0.00000000,0.00000000,0.00000000,0.00000000,0.00000000,0.00000000,0.00116317,0.00000000,0.00000000,0.00000000,0.00000000,0.00000000,0.05753659,0.00000000,0.02611801,0.00000000,0.00000000,0.00000000,0.00000000,0.00000000,0.00000000,0.00000000,0.00000000,0.00000000,0.64367508,0.00000000,0.00000000,0.00000000,0.00000000,0.00000000,0.00000000,0.00000000,0.00000000,0.00377887,0.00000000,0.00000000,0.00000000,0.00000000,0.00000000,0.00000000,0.00000000,0.00000000,0.00000000,0.00199758,0.00000000,0.00000000,0.00000000,0.00000000,0.00000000,0.00000000,0.00000000,0.00000000,0.00000000,0.00000000,0.00000000,0.00107636,0.00000000,0.00628535,0.01175804,0.00000000,0.00000000,0.00000000,0.00000000,0.00000000,0.00000000,0.03342358,0.00000000,0.12417746,0.00508442,0.00000000,0.00256428,0.00000000,0.00000000,0.00000000,0.00000000,0.00000000,0.00000000,0.00000000,0.00000000,0.00000000,0.00000000,0.00000000,0.00000000,0.00000000,0.00000000,0.00167517,0.00408066,0.00000000,0.00000000,0.00000000,0.00000000,0.00000000,0.00000000,0.00000000,0.00000000,0.00000000,0.00000000,0.00000000,0.00000000,0.35125846,0.00000000,0.00000000,0.00000000,0.00000000,0.00000000,0.00000000,0.00000000,0.00000000,0.00000000,0.00000000,0.00000000,0.00000000,0.00000000,0.00000000,0.00000000,0.00000000,0.00000000,0.00000000,0.00000000,0.00000000,0.00000000,0.00000000,0.00000000,0.00000000,0.00000000,0.00000000,0.00000000,0.00000000,0.00000000,0.00000000,0.00000000,0.00000000,0.00000000,0.00000000,0.01953532,0.00000000,0.00000000,0.00000000,0.00000000,0.00000000,0.00000000,0.00000000,0.00000000,0.00000000,0.00000000,0.00000000,0.00000000,0.00000000,0.01935727,0.00000000,0.00000000,0.00000000,0.00000000,0.00000000,0.00000000,0.00000000,0.00000000,0.00000000,0.00000000,0.00000000,0.00000000,0.00000000,0.00000000,0.01268528,0.00000000,0.00358774,0.06164948,0.00663987,0.00000000,0.00000000,0.00000000,0.00000000,0.02985974,0.00000000,0.00000000,1.74390532,0.00000000,0.00000000,0.00000000,0.01718333,0.00000000,0.00000000,0.00000000,0.00000000,0.00000000,0.00000000,0.00304318,0.00000000,0.00000000,0.00000000,0.00000000,0.00000000,0.02282707,0.00000000,0.00000000,0.00000000,0.00000000,0.00000000,0.00000000,0.00000000,0.00000000,0.00000000,0.00000000,0.00000000,0.00000000,0.00000000,0.00357071,0.00000000,0.00000000,0.00000000,0.00000000,0.00000000,0.00000000,0.00000000,0.00000000,0.00000000,0.00000000,0.00000000,0.00000000,0.00000000,0.00000000,0.00000000,0.00000000,0.10187921,0.00000000,0.00000000,0.00000000,0.00000000,0.00000000,0.00000000,0.00000000,0.00000000,0.00000000,0.00000000,0.00133193,0.00000000,0.02605670,0.00000000,0.00000000,0.00000000,0.00000000,0.00000000,0.00477942,0.00000000,0.03432921,0.00000000,0.00000000,0.05281026,0.00163690,0.00000000,0.00000000,0.00000000,0.00000000,0.00000000,0.00000000,0.00000000,0.00000000,0.00000000,0.00000000,0.02617037,0.00000000,0.00000000,0.01328579,0.00000000,0.00000000,0.08332175,0.00000000,0.00000000,0.00000000,0.02003736,0.00000000,0.00000000,0.00000000,0.00000000,0.00000000,0.00000000,0.00000000,0.00919139,0.00000000,0.00822752,0.00000000,0.00000000,0.00000000,0.00000000,0.00000000,0.00000000,0.00000000,0.00000000,0.00000000,0.00000000,0.00000000,0.00000000,0.00751972,0.00000000,0.00000000,0.00000000,0.00000000,0.00000000,0.00000000,0.00000000,0.01249179,0.00000000,0.00000000,0.00000000,0.00000000,0.00000000,0.00000000,0.00000000,0.00000000,0.00000000,0.00000000,0.00000000,0.00000000,0.00000000,0.00000000,1.04384166,0.00853006,0.00074601,0.00000000,0.00000000,0.00000000,0.00000000,0.00000000,0.00000000,0.04342391,0.00000000,0.00000000,0.00000000,0.00931111,0.00134515,0.00000000,0.00000000,0.00000000,0.00000000,0.00403397,0.00000000,0.00000000,0.00000000,0.00000000,0.00000000,0.00000000,0.00000000,0.00000000,0.00000000,0.00000000,0.00000000,0.00000000,0.00000000,0.00000000,0.00000000,0.00479872,0.00000000,0.00000000,0.00000000,0.00000000,0.00000000,0.00000000,0.00000000,0.00152696,0.00000000,0.00000000,0.00000000,0.00000000,0.00000000,0.00000000,0.00743788,0.00000000,0.00000000,0.00000000,0.00000000,0.00285477,0.00000000,0.01675313,0.00117204,0.00000000,0.00236033,0.00000000,0.00000000,0.00000000,0.00000000,0.00000000,0.00000000,0.00000000,0.00000000,0.00075703,0.00000000,0.00000000,0.00000000,0.00000000,0.00311188,0.00000000,0.00000000,0.00000000,0.07150828,0.00000000,0.09021275,0.00000000,0.00000000,0.00000000,0.00000000,0.00000000,0.00000000,0.00832731,0.00385146,0.00000000,0.00000000,0.00000000,0.00000000,0.00000000,0.00000000,0.00000000,0.00000000,0.00000000,0.00000000,0.00000000,0.00000000,0.00000000,0.00000000,0.00693005,0.00000000,0.00000000,0.00000000,0.00000000,0.00000000,0.00000000,0.00000000,0.00000000,0.00000000,0.00000000,0.00000000,0.00000000,0.00000000,0.00000000,0.00000000,0.00000000,0.00000000,0.00000000,0.00000000,0.00000000,0.00000000,0.00000000,0.00000000,0.00000000,0.00000000,0.00000000,0.00000000,0.00000000,0.00000000,0.01669568,0.00000000,0.00000000,0.00000000,0.00000000,0.00000000,0.00000000,0.00000000,0.00000000,0.00000000,0.00000000,0.00000000,0.00000000,0.00000000,0.00000000,0.00000000,0.00440303,0.00000000,0.00227112,0.00000000,0.00327868,0.00000000,1.20731358,0.00000000,0.00000000,0.00000000,0.00000000,0.00000000,0.15721409,0.00000000,0.00000000,0.00000000,0.00000000,0.00000000,0.00000000,0.00000000,0.00000000,0.00094197,0.00161773,0.00000000,0.00446438,0.00000000,0.00000000,0.00000000,0.00000000,0.00000000,0.05540676,0.00000000,0.00000000,0.00000000,0.00000000,0.16098696,0.00000000,0.00000000,0.00000000,0.00000000,0.00000000,0.00000000,0.00000000,0.00797519,0.00000000,0.02637607,0.00000000,0.00000000,0.00000000,0.00000000,0.00000000,0.01127748,0.04649762,0.00000000,0.00000000,0.00000000,0.00000000,0.00000000,0.00000000,0.00000000,0.00000000,0.00000000,0.00000000,0.00000000,0.00000000,0.00000000,0.00000000,0.01087858,0.00000000,0.00000000,0.00000000,0.00000000,0.00000000,0.00000000,0.00000000,0.00000000,0.00000000,0.01096868,0.01379171,0.00000000,0.00000000,0.00000000,0.00000000,0.00000000,0.00000000,0.01133621,0.00000000,0.00000000,0.00000000,0.00000000,0.00000000,0.00000000,0.00000000,0.00000000,0.09382224,0.00000000,0.00000000,0.00000000,0.00000000,0.00000000,0.00000000,0.00000000,0.00000000,0.00000000,0.00000000
0.00000000,0.00000000,0.00000000,0.00000000,0.00000000,0.00000000,0.00000000,0.00000000,0.00000000,0.00000000,1.59468644,0.00000000,0.00000000,0.00000000,0.00000000,0.00000000,0.00181101,0.00000000,0.00084726,0.00000000,0.00496509,0.00000000,0.00000000,0.00816945,0.00000000,0.00000000,0.00000000,0.00000000,0.00000000,0.00000000,0.00000000,0.00000000,0.00000000,0.00000000,0.00000000,0.00000000,0.00000000,0.00000000,0.00000000,0.00000000,0.00000000,0.00000000,0.00000000,0.00000000,0.02018107,0.00000000,0.00000000,0.00000000,0.00000000,0.00000000,0.00000000,0.00000000,0.00000000,0.00000000,0.00000000,0.00000000,0.00000000,0.00000000,0.00230209,0.00000000,0.00000000,0.00000000,0.00000000,0.00000000,0.00000000,0.00564548,0.00000000,0.00000000,0.00000000,0.00187723,0.00000000,0.58555986,0.00000000,0.00000000,0.00000000,0.00272469,0.00000000,0.00272469,0.00000000,0.00000000,0.00000000,0.00000000,0.00000000,0.00000000,0.00386609,0.00000000,0.00000000,0.00000000,0.00000000,0.00000000,0.00000000,0.00000000,0.00000000,0.00000000,0.00000000,0.00000000,0.00264867,0.00000000,0.00000000,0.00000000,0.00488226,0.00000000,0.00000000,0.00000000,0.00000000,0.00000000,0.00000000,0.00291363,0.00000000,0.00000000,0.00402442,0.00000000,0.00000000,0.00000000,0.00000000,0.00000000,0.00000000,0.00000000,0.00000000,0.00000000,0.00000000,0.07355589,0.00000000,0.00000000,0.00000000,0.00000000,0.00383778,0.00000000,0.00000000,0.00000000,0.00000000,0.00000000,0.00000000,0.00000000,0.00000000,0.00000000,0.00000000,0.00000000,0.00000000,0.00000000,0.00000000,0.05114015,0.00000000,0.00000000,0.00000000,0.00000000,0.00000000,0.00000000,0.00000000,0.00000000,0.00000000,0.00000000,0.00000000,0.00000000,0.00000000,0.00000000,0.00000000,0.00000000,0.00000000,0.00000000,0.00000000,0.00407912,0.00000000,0.00000000,0.00000000,0.00230096,0.00000000,0.00000000,0.00000000,0.00000000,0.00000000,0.00000000,0.00000000,0.00000000,0.00000000,0.00000000,0.00000000,0.00000000,0.00000000,0.00000000,0.00705669,0.00000000,0.00000000,0.00000000,0.00000000,0.00000000,0.00000000,0.00000000,0.00000000,1.82078300,0.00000000,0.00000000,0.11424115,0.00000000,0.00000000,0.00000000,0.07637711,0.00000000,0.02455562,0.00000000,0.02978997,0.00000000,0.00489157,0.00000000,0.00000000,0.00000000,0.00000000,0.00000000,0.00000000,0.00000000,0.00000000,0.00000000,0.00000000,0.00000000,0.00000000,0.00000000,0.00000000,0.06738424,0.00000000,0.00000000,0.00000000,0.00000000,0.00638251,0.00000000,0.00000000,0.00000000,0.00000000,0.00000000,0.00000000,0.00000000,0.00000000,0.00000000,0.00000000,0.00000000,0.00000000,0.00000000,0.00000000,0.00000000,0.00000000,0.00000000,0.01743791,0.00000000,0.00445785,0.00000000,0.01779393,0.00000000,0.00000000,0.00000000,0.00000000,0.00000000,0.00000000,0.00000000,0.00000000,0.00000000,0.00000000,0.00000000,0.00000000,0.00000000,0.00000000,0.00000000,0.00000000,0.00000000,0.00000000,0.00000000,0.00000000,0.01903633,0.00000000,0.00000000,0.00659896,0.09249889,0.00000000,0.02148287,0.00000000,0.00000000,0.00000000,0.00000000,0.00000000,0.00000000,0.00000000,0.00000000,0.00000000,0.00000000,0.00000000,0.00000000,0.00000000,0.00000000,0.00000000,0.00000000,0.00000000,0.00000000,0.00000000,0.00000000,0.00000000,0.00000000,0.01114235,0.00000000,0.00000000,0.01895926,0.00000000,0.00462351,0.00000000,0.00000000,0.00000000,0.00000000,0.01963475,0.00000000,0.00000000,0.00000000,0.00000000,0.00000000,0.00000000,0.00000000,0.00000000,0.00000000,0.00000000,0.00000000,0.00000000,0.00000000,0.00434691,0.00000000,0.00000000,0.00000000,0.00000000,0.00000000,0.00000000,0.00000000,0.00000000,0.00000000,0.00000000,0.00000000,0.00000000,0.00352996,0.00000000,0.00000000,0.00000000,0.00000000,0.00000000,0.00000000,0.00000000,0.00000000,0.00000000,0.00000000,0.00000000,0.00112354,0.00452155,0.00000000,0.00000000,0.00000000,0.00000000,0.00000000,0.00000000,0.00000000,0.00000000,0.00000000,0.00000000,0.00000000,0.00000000,0.00000000,0.00000000,0.01345200,0.00000000,0.00000000,0.00000000,0.00000000,0.00591575,0.00000000,0.00000000,0.00000000,0.00000000,0.00000000,0.03602176,0.00000000,0.00000000,0.00000000,0.00000000,0.00098366,0.00000000,0.00000000,0.00000000,0.00000000,0.00000000,0.00000000,0.00000000,0.00000000,0.02024989,0.00000000,0.00000000,0.00497358,0.00000000,0.00000000,0.00000000,0.00000000,0.00894615,0.00000000,0.00000000,0.00000000,0.00000000,0.00000000,0.00000000,0.01632611,0.00000000,0.00000000,0.00000000,0.00000000,0.00000000,0.00582018,0.00000000,0.00745224,0.04276119,0.00000000,0.00693844,0.00000000,0.00000000,0.00000000,0.00000000,0.00000000,0.00000000,0.01168238,0.00000000,0.00000000,0.03530397,0.00000000,0.00000000,0.00000000,0.00000000,0.00000000,0.56959505,0.00000000,0.00097512,0.00000000,0.17129396,0.00000000,0.00000000,0.00000000,0.00000000,0.00000000,0.00000000,0.00000000,0.00000000,0.00000000,0.00000000,0.00000000,0.00000000,0.00000000,0.00000000,0.00000000,0.00000000,0.00000000,0.00000000,0.00000000,0.00000000,0.00000000,0.00000000,0.00213512,0.00000000,0.00000000,0.00000000,0.00000000,0.00544095,0.00000000,0.00000000,0.00345891,0.00000000,0.00000000,0.00000000,0.00000000,0.00000000,0.00000000,0.00000000,0.00000000,0.00000000,0.00000000,0.00000000,0.00000000,0.00000000,1.61098200,0.00000000,0.00085568,0.01678075,0.00000000,0.00000000,0.00000000,0.00000000,0.00000000,0.00000000,0.00000000,0.00679494,0.00000000,0.00000000,0.00000000,0.00000000,0.00000000,0.00000000,0.00000000,0.00000000,0.00000000,0.00000000,0.06453145,0.00000000,0.00000000,0.00000000,0.03580654,0.00000000,0.00000000,0.00000000,0.07597199,0.00000000,0.00000000,0.00000000,0.00000000,0.00606093,0.00000000,0.00000000,0.00000000,0.00000000,0.00369579,0.00000000,0.00000000,0.00000000,0.00000000,0.00000000,0.00000000,0.00000000,0.00000000,0.00000000,0.00000000,0.00000000,0.00000000,0.00000000,0.00000000,0.00000000,0.00000000,0.00000000,0.00000000,0.00000000,0.00000000,0.00000000,0.00000000,0.00000000,0.02056219,0.00000000,0.00000000,0.18095535,0.00000000,0.00000000,0.00000000,0.00000000,0.00000000,0.00000000,0.00000000,0.00000000,0.00000000,0.00739178,0.00000000,0.00000000,0.00000000,0.00000000,0.00000000,2.65029617,0.00000000,0.00000000,0.00000000,0.00000000,0.00000000,0.00000000,0.00000000,0.00000000,0.00000000,0.02114826,0.00000000,0.00000000,0.00000000,0.00000000,0.20331987,0.00000000,0.00000000,0.00000000,0.00000000,0.00000000,0.00000000,0.00000000,0.00000000,0.00000000,0.00000000,0.00000000,0.00000000,0.00000000,0.00000000,0.00000000,0.00000000,0.00000000,0.00000000,0.00000000,0.00000000,0.00000000,0.00000000,0.00226321,0.00000000,0.00000000,0.00000000,0.00000000,0.00000000,0.00000000,0.00000000,0.00000000,0.00000000,0.06749812,0.00000000,0.00000000,0.00000000,0.00000000,0.00000000,0.00000000,0.00000000,0.00000000,0.00000000,0.00000000,0.00000000,0.00000000,0.00000000,0.00000000,0.00000000,0.06413099,0.00000000,0.00000000,0.00000000,0.00000000,0.00553118,0.00000000,0.01296827,0.00000000,0.00000000,0.00000000,0.00000000,0.00000000,0.00000000,0.00000000,0.00000000,0.00000000,0.00000000,0.00000000,0.00692663,0.00000000,0.00000000,0.00000000,0.00000000,0.00000000,0.00000000,0.00000000,0.00000000,0.00000000,0.00000000,0.00000000,0.00000000,0.06075062,0.00000000,0.00000000,0.00000000,0.00000000,0.00000000,0.00667958,0.00000000,0.00000000,0.00000000,0.00000000,0.00000000,0.00000000,0.00000000,0.00000000,0.00000000,0.00000000,0.00000000,0.00000000,0.00000000,0.00000000,0.00000000,0.00000000,0.00000000,0.00000000,0.00000000,0.00363123,0.00000000,0.01076954,0.00000000,0.00000000,0.00000000,0.00264470,0.00341544,0.00000000,0.00000000,0.00000000,0.00000000,0.00000000,0.00000000,0.00000000,0.00000000,0.00000000,0.00000000,0.00000000,0.00000000,0.00000000,0.00000000,1.30141597,0.00000000,0.00000000,0.00000000,0.01105717,0.00000000,0.05851879,0.00000000,0.00000000,0.00000000,0.00000000,0.00000000,0.00000000,0.00000000,0.00000000,0.00000000,0.00000000,0.00000000,0.00000000,0.01860754,0.00000000,0.00000000,0.04565151,0.00000000,0.07004230,0.00000000,0.01498968,0.00000000,0.00000000,0.00000000,0.00000000,0.00000000,0.00201312,0.00000000,0.00000000,0.00000000,0.00000000,0.00000000,0.00349302,0.00000000,0.00000000,0.00000000,0.00000000,0.01493033,0.00000000,0.03538892,0.00045070,0.00000000,0.00000000,0.00000000,0.00000000,0.00000000,0.00000000,0.00000000,0.00000000,0.00000000,0.00000000,0.00000000,0.00000000,0.00000000,0.00000000,0.00000000,0.00000000,0.00000000,0.00330190,0.00000000,0.00000000,0.00000000,0.00000000,0.06181617,0.00000000,0.00000000,0.02681658,0.00000000,0.00000000,0.00000000,0.00000000,0.00000000,0.00000000,0.00000000,0.00000000,0.00157400,0.00000000,0.00000000,0.00000000,0.00000000,0.00000000,0.00000000,0.00145594,0.00922424,0.03175143,0.00563587,0.00000000,0.00000000,0.00402884,0.00000000,0.00000000,0.00000000
0.00000000,0.00000000,0.00000000,0.00000000,0.00000000,0.00000000,0.00000000,0.00000000,0.00000000,0.00000000,0.00000000,0.00000000,0.00000000,0.00000000,0.00000000,0.00491743,0.00000000,0.00000000,0.00539049,0.14701771,0.00000000,0.00000000,0.00000000,0.00000000,0.00000000,0.00000000,0.03507312,0.00000000,0.00000000,0.00000000,0.00000000,0.00000000,0.00000000,0.00000000,0.03335283,0.00000000,0.00000000,0.00000000,0.00000000,0.00000000,0.00000000,0.00000000,0.00000000,0.00000000,0.00000000,0.00000000,0.00000000,0.00000000,0.00000000,0.00000000,0.00000000,0.00000000,0.00000000,0.00000000,0.00000000,0.00000000,0.00000000,0.00000000,0.01309284,0.00000000,0.00195340,0.00000000,0.00000000,0.00000000,0.01044342,0.00000000,0.00000000,0.00000000,0.00449292,0.00224929,0.00182575,0.00813643,0.00000000,0.00000000,0.00000000,0.00000000,0.00000000,0.00000000,0.00000000,0.00000000,0.00000000,0.00000000,0.00000000,0.00000000,0.00000000,0.00000000,0.14059381,0.00000000,0.00000000,0.00000000,0.00000000,0.00000000,0.00000000,0.00000000,0.00519815,0.00000000,0.00000000,0.00505451,0.00000000,0.00000000,0.00000000,0.00000000,0.00000000,0.00000000,0.03209979,0.00000000,0.00000000,0.00000000,0.00000000,0.00000000,1.10328885,0.00000000,0.00000000,0.00000000,0.00000000,0.00000000,0.00000000,0.00000000,0.00000000,0.00000000,0.00000000,0.00000000,0.53322913,0.00000000,0.00000000,0.00000000,0.00000000,0.00000000,0.00000000,0.00000000,0.00000000,0.00000000,0.00000000,0.00000000,0.00000000,0.00559898,0.00000000,0.00000000,0.00000000,0.00000000,0.00000000,0.00000000,0.00000000,0.00000000,0.00000000,0.00000000,0.00000000,0.01403081,0.00000000,0.00000000,0.00000000,0.00000000,0.00114767,0.00000000,0.00000000,0.00000000,0.00000000,0.00000000,0.00000000,0.00000000,0.00000000,0.00000000,0.00642868,0.00000000,0.00000000,0.00000000,0.00000000,0.00000000,0.00479288,0.00000000,0.00000000,0.17491039,0.00000000,0.00000000,0.00000000,0.00000000,0.00000000,0.00000000,0.00000000,0.00000000,0.00000000,0.00000000,0.00000000,0.00978011,0.00000000,0.00482576,0.02462190,0.00000000,0.00000000,0.00000000,0.42781593,0.00000000,0.17212956,0.00000000,0.00000000,0.00000000,0.00000000,0.00000000,0.00000000,0.00000000,0.00000000,0.00000000,0.15041757,0.00000000,0.00000000,0.00109411,0.00000000,0.00000000,0.00000000,0.00204470,0.00000000,0.00000000,0.00000000,0.00000000,0.00000000,0.00000000,0.00000000,0.00000000,0.00000000,0.00000000,0.00000000,0.00000000,0.00000000,0.00000000,0.00000000,0.00000000,0.00000000,0.00000000,0.00000000,0.00000000,0.00000000,0.00000000,0.00000000,0.03346578,0.00000000,0.00000000,0.00000000,0.00000000,0.00000000,0.00000000,0.00000000,0.00000000,0.00000000,0.00000000,0.00000000,0.00000000,0.28495120,0.07473705,0.00000000,0.00000000,0.00000000,0.00000000,0.00000000,0.00000000,0.00000000,0.00000000,0.00000000,0.00000000,0.00000000,0.00000000,0.00000000,0.00000000,0.00000000,0.00000000,0.00000000,0.00000000,0.00000000,0.01614572,0.00000000,0.00000000,0.00000000,0.00000000,0.00865179,0.00000000,0.00000000,0.00000000,0.00000000,0.00000000,0.00000000,0.00000000,0.00000000,0.00000000,0.00000000,0.00000000,0.00000000,0.00247795,0.00000000,0.00000000,0.00000000,0.00000000,0.00000000,0.00000000,0.00000000,0.52248232,0.00000000,0.00000000,0.18015737,0.00000000,0.00000000,0.00000000,0.00000000,0.00000000,0.00000000,0.00000000,0.00000000,0.00000000,0.02194004,0.45698721,0.00213973,0.00000000,0.00000000,0.00000000,0.00000000,0.00000000,0.00000000,0.00000000,0.00000000,0.00000000,0.00000000,0.00000000,0.00000000,0.00000000,0.01428157,0.00000000,0.00000000,0.00000000,0.00000000,0.00000000,0.00000000,0.00000000,0.00000000,0.00000000,0.00000000,0.00000000,0.00000000,0.00000000,0.00000000,0.00000000,0.00000000,0.01121477,0.01367344,0.00243399,0.00000000,0.01606966,0.01382592,0.00000000,0.00000000,0.00000000,0.01438443,0.00000000,0.00000000,0.00000000,0.00000000,0.13168382,0.00000000,0.00000000,0.00000000,0.00000000,0.00000000,0.00000000,0.00000000,0.00000000,0.00000000,0.00000000,0.00000000,0.00000000,0.00000000,0.00000000,0.00451849,0.00000000,0.00000000,0.00000000,0.00000000,0.00000000,0.00000000,0.00000000,0.00000000,0.00000000,0.00000000,0.00000000,0.00000000,0.00000000,0.00000000,0.73347141,0.00000000,0.00000000,0.00000000,0.00000000,0.00000000,0.01316971,0.00000000,0.00000000,0.00000000,0.00000000,0.02921489,0.00000000,0.00000000,0.00000000,0.00000000,0.00000000,0.00000000,0.14348743,0.00000000,0.00000000,0.00000000,0.00000000,0.00000000,0.00000000,0.00000000,0.00000000,0.00000000,0.00000000,0.00000000,0.00000000,0.00000000,0.00000000,0.00000000,0.00000000,0.00000000,0.00000000,0.00000000,0.00771463,0.00000000,0.00000000,0.00000000,0.00000000,0.00000000,0.00000000,0.00000000,0.00000000,0.00000000,0.00000000,0.00000000,0.00000000,0.00000000,0.00000000,0.00000000,0.00000000,0.10816132,0.00000000,0.00000000,0.00000000,0.00000000,0.00000000,0.00000000,0.00000000,0.00000000,0.00000000,0.00118177,0.00154717,0.00000000,0.00000000,0.00000000,0.00000000,0.00409848,0.00000000,0.00000000,0.00000000,0.04494121,0.00000000,0.00680674,0.00000000,0.00000000,0.00133193,0.00000000,0.00000000,0.00570284,0.00000000,0.00000000,0.00000000,0.00000000,0.00000000,0.00000000,0.00000000,0.00629969,0.00000000,0.00000000,0.00000000,0.00432217,0.00000000,0.00000000,0.00000000,0.00000000,0.00000000,0.00426657,0.00000000,0.01486260,0.00000000,0.00000000,0.00000000,0.00000000,0.00000000,0.00000000,0.00174429,0.00000000,0.00000000,0.00000000,0.00000000,0.00000000,0.00000000,0.00000000,0.00000000,0.00000000,0.00000000,0.00000000,0.00000000,0.00000000,0.00000000,0.00000000,0.00000000,0.00000000,0.00000000,0.00000000,0.00000000,0.00000000,0.00000000,0.00000000,0.00000000,0.00000000,0.00000000,0.00000000,0.00000000,0.00000000,0.00000000,0.00000000,0.00000000,0.00000000,0.00000000,0.00000000,0.00000000,0.00000000,0.00000000,0.00000000,0.00000000,0.00000000,0.00000000,0.00000000,0.00000000,0.00000000,0.00000000,0.00082947,0.00000000,0.00000000,0.00194715,0.00166716,0.00726169,0.00000000,0.00000000,0.02144183,0.00000000,0.00000000,0.00000000,0.00000000,0.00086277,0.00000000,0.00000000,0.00000000,0.00000000,0.00630467,0.00000000,0.00000000,0.00102817,0.00478546,0.00000000,0.00000000,0.00000000,0.00000000,0.03723808,0.00000000,0.00000000,0.00000000,0.00000000,0.04198830,0.00000000,0.00473174,0.00000000,0.00000000,0.00000000,0.00000000,0.00000000,0.00000000,0.00000000,0.00000000,0.00182261,0.00383520,0.00000000,0.00000000,0.00000000,0.00000000,0.00000000,0.00000000,0.00000000,0.00000000,0.00000000,0.00418813,0.00000000,0.00000000,0.02308516,0.00000000,0.00000000,0.01287923,0.00515499,0.00000000,0.00000000,0.00000000,0.00000000,0.00000000,0.00000000,0.00000000,0.00000000,0.00000000,0.00000000,0.00000000,0.00000000,0.00000000,0.00000000,0.00000000,0.00000000,0.00000000,0.00000000,0.00000000,0.00000000,0.00000000,0.00000000,0.00000000,0.00000000,0.00000000,0.00000000,0.00000000,0.01669925,0.00000000,0.00000000,0.00000000,0.00000000,0.00000000,0.06672617,0.00000000,0.00000000,0.00000000,0.00000000,0.00000000,0.00000000,0.00000000,0.00000000,0.01082291,0.00000000,0.00000000,0.00000000,0.00000000,0.00000000,0.00000000,0.00991299,0.00000000,0.00000000,0.00000000,0.00000000,0.00000000,0.00573360,0.00000000,0.00000000,0.00000000,0.00000000,0.00000000,0.00000000,0.00000000,0.04948712,0.00000000,0.00000000,0.00000000,0.00000000,0.00000000,0.31954286,0.00000000,0.00000000,0.09924377,0.00637902,0.01421411,0.00000000,0.00000000,0.00000000,0.01950898,0.00000000,0.00000000,0.00000000,0.00425365,0.00239420,0.00000000,0.00000000,0.00000000,0.00000000,0.00000000,0.00000000,0.00000000,0.00000000,0.00000000,0.00000000,0.00000000,0.00000000,0.00000000,0.00000000,0.00000000,0.00000000,0.02636746,0.00000000,0.00000000,0.00000000,0.00000000,0.00000000,0.00000000,0.00000000,0.00000000,0.00000000,0.00000000,0.00000000,0.00221496,0.00000000,0.00000000,0.00000000,0.00000000,0.00000000,0.00000000,0.00000000,0.00000000,0.00183509,0.00000000,0.00000000,0.00000000,0.00000000,0.00000000,0.00000000,0.02878592,0.00000000,0.00000000,0.00000000,0.00000000,0.00000000,0.00923902,0.00000000,0.00000000,0.00000000,0.00212442,0.00000000,0.00000000,0.00000000,0.00000000,0.00000000,0.00000000,0.00000000,0.01300076,0.00000000,0.00000000,0.00000000,0.01315165,0.00000000,0.00000000,0.00000000,0.00000000,0.00000000,0.00000000,0.00000000,0.00000000,0.00000000,0.00000000,0.00000000,0.00000000,0.00000000,0.00000000,0.00000000,0.00000000,0.00354274,0.00000000,0.00000000,0.00000000,0.00000000,0.00000000,0.00160863,0.00000000,0.00000000,0.00000000,0.00000000,0.00000000,0.00000000,0.00000000,0.00000000,0.00495307,0.00000000,0.00000000,0.00000000,0.00000000,0.00000000,0.00000000,0.05836243,0.00000000,0.00000000,0.00000000,0.07538201,0.00000000,0.00000000,0.00000000,0.00000000
0.11362774,0.00000000,0.00000000,0.00086225,0.00000000,0.00000000,0.00000000,0.00000000,0.00000000,0.00000000,0.00000000,0.00000000,0.00000000,0.00000000,0.00000000,0.00423839,0.00000000,0.00000000,0.00111104,0.00000000,0.00000000,0.00000000,0.00000000,0.00000000,0.00613088,0.00000000,0.00000000,0.00000000,0.00000000,0.00000000,0.00000000,0.00000000,0.00000000,0.00000000,0.00000000,0.00000000,0.00543575,0.00000000,0.00000000,0.00000000,0.00000000,0.00000000,0.00481521,0.00000000,0.00000000,0.00000000,0.00000000,0.00000000,0.00084330,0.00000000,0.00000000,0.00000000,0.00000000,0.00000000,0.01461350,0.00000000,0.00000000,0.00000000,0.00000000,0.00000000,0.05236988,0.00000000,0.00000000,0.00000000,0.00000000,0.00000000,0.00000000,0.00000000,0.01271197,0.00000000,0.00000000,0.00000000,0.00000000,0.00974182,0.00000000,0.00000000,0.00000000,0.00000000,0.04636481,0.00000000,0.00000000,0.04614527,0.00000000,0.02647002,0.00000000,0.00000000,0.00000000,0.00000000,0.00000000,0.00000000,0.00000000,0.00000000,0.00000000,0.00000000,0.00000000,0.00000000,0.00000000,0.00000000,0.00000000,0.00000000,0.00000000,0.00000000,0.00000000,0.00000000,0.00000000,0.00000000,0.00000000,0.00000000,0.00000000,0.00000000,0.00000000,0.00000000,0.00552475,0.00000000,0.00000000,0.00000000,0.00000000,0.00000000,0.00000000,0.01274545,0.01408386,0.00000000,0.00000000,0.00000000,0.00000000,0.00000000,0.00000000,0.00000000,0.19986457,0.00000000,0.00000000,0.00354823,0.00000000,0.00000000,0.00000000,0.00865889,0.00000000,0.00000000,0.00000000,0.00000000,0.00000000,0.00000000,0.00000000,0.00000000,0.00000000,0.00000000,0.00000000,0.00000000,0.00000000,0.00000000,0.00000000,0.00000000,0.00000000,0.00000000,0.00000000,0.00000000,0.00000000,0.03701587,0.00000000,0.00000000,0.01362344,0.00000000,0.00000000,0.00000000,0.00000000,0.00000000,0.00386129,0.00000000,0.00000000,0.00000000,0.02238813,0.00000000,0.00000000,0.00000000,0.00000000,0.00572342,0.00000000,0.00000000,0.00000000,0.00000000,0.00000000,0.00000000,0.00000000,0.00000000,0.00000000,0.00650117,0.00345110,0.00000000,0.00000000,0.00000000,0.00000000,0.00000000,0.00513807,0.00000000,0.00000000,0.00000000,0.00000000,0.00000000,0.00000000,0.00000000,0.00000000,0.00000000,0.00000000,0.00000000,0.00000000,0.00000000,0.00000000,0.00000000,0.00000000,0.00000000,0.00000000,0.00000000,0.00000000,0.00000000,0.00000000,0.00000000,0.00000000,0.00000000,0.00000000,0.00000000,0.00000000,0.00000000,0.00000000,0.00000000,0.00000000,0.00000000,0.00000000,0.00000000,0.00000000,0.00000000,0.00000000,0.00000000,0.00000000,0.00000000,0.00000000,0.00000000,0.00000000,0.00000000,0.00000000,0.19200581,0.00000000,0.00000000,0.00000000,0.00000000,0.00000000,0.00000000,0.00000000,0.00000000,0.00000000,0.00000000,0.00000000,0.00000000,0.00000000,0.00153360,0.00557741,0.00000000,0.00000000,0.00000000,0.00000000,0.00000000,0.00000000,0.00000000,0.00000000,0.00000000,0.00000000,0.01083637,0.00000000,0.00000000,0.00000000,0.00000000,0.00000000,0.00000000,0.00000000,0.00000000,0.00000000,0.00000000,0.00000000,0.00000000,0.00096778,0.00000000,0.00000000,0.00000000,0.00000000,0.00000000,0.53525770,0.00000000,0.00000000,0.00000000,0.09723938,0.00000000,0.00000000,0.00000000,0.00000000,0.05488464,0.00000000,3.29050813,0.00000000,0.00000000,0.00000000,0.00000000,0.00000000,0.00000000,0.00000000,0.00000000,0.00000000,0.00000000,0.00000000,0.00000000,0.00000000,0.10656281,0.00000000,0.00000000,0.00000000,0.00000000,0.00000000,0.00000000,0.00000000,0.00000000,0.00000000,0.00000000,0.00000000,0.00000000,0.00197679,0.00000000,0.00000000,0.00000000,0.00000000,0.00000000,0.01343512,0.00000000,0.00000000,0.02707373,0.00000000,0.00309368,0.00000000,0.00000000,0.00000000,0.00000000,0.00000000,0.00082043,0.00000000,0.00000000,0.00821512,0.00000000,0.00000000,0.00000000,0.00000000,0.00000000,0.00000000,0.00000000,0.00000000,0.00000000,0.00000000,0.00000000,0.00000000,0.02221641,0.00000000,0.00000000,0.01509423,0.00000000,0.00000000,0.00000000,0.00289032,0.00000000,0.00000000,0.00000000,0.00000000,0.00000000,0.00000000,0.04335850,0.00000000,0.00000000,0.00000000,0.00000000,0.00000000,0.00000000,0.00000000,0.00000000,0.00000000,0.00000000,0.00000000,0.00000000,0.00000000,0.00125515,0.00000000,0.00000000,0.00000000,0.00000000,0.00000000,0.00000000,0.00000000,0.00000000,0.00000000,0.00000000,0.00000000,0.00000000,0.00000000,0.00000000,0.00000000,0.00000000,0.00000000,0.00000000,0.00000000,0.00000000,0.00000000,0.00000000,0.00000000,0.00000000,0.00000000,0.00000000,0.00000000,0.00000000,0.00000000,0.09251755,0.00000000,0.00000000,0.00000000,0.00000000,0.00000000,0.00000000,0.00000000,0.00000000,0.07644565,0.00000000,0.03639087,0.00288848,0.00000000,0.00000000,0.00000000,0.00478575,0.00000000,0.00000000,0.00000000,0.00000000,0.00000000,0.00000000,0.00000000,0.00000000,0.00000000,0.00000000,0.00000000,0.00000000,0.09286330,0.00000000,0.00000000,0.00000000,0.00000000,0.00000000,0.00000000,0.00000000,0.00000000,0.00000000,0.00000000,0.00000000,0.00000000,0.00000000,0.00000000,0.00000000,0.00000000,0.00000000,0.00000000,0.00318208,0.00000000,0.00000000,0.00000000,0.00570284,0.00000000,0.00000000,0.00000000,0.00000000,0.00000000,0.00230476,0.00000000,0.00000000,0.00000000,0.00000000,0.00910737,0.00000000,0.43294550,0.00000000,0.00000000,0.00191156,0.00000000,0.00000000,0.00000000,0.00000000,0.00000000,0.00000000,0.00133349,0.00000000,0.00000000,0.00000000,0.00000000,0.00000000,0.00000000,0.00000000,0.00000000,0.00000000,0.00000000,0.00000000,0.00000000,0.00000000,0.01029913,0.00000000,0.01575282,0.00000000,0.00000000,0.00000000,0.00000000,0.00259739,0.00461928,0.00000000,0.00000000,0.00000000,0.00000000,0.00000000,0.00000000,0.00000000,0.00000000,0.00000000,0.00000000,0.03594216,0.00000000,0.00000000,0.02047478,0.00000000,0.00000000,0.00000000,0.00415397,0.00000000,0.00000000,0.00000000,0.00000000,0.00000000,0.00000000,0.01405640,0.00000000,0.00000000,0.00000000,0.00000000,0.00000000,0.00000000,0.00000000,0.00000000,0.01901903,0.00000000,0.00000000,0.00000000,0.00000000,0.00385503,0.00000000,0.00000000,0.00000000,0.00000000,0.00000000,0.00000000,0.00000000,0.00000000,0.00072833,0.00000000,0.00000000,0.00000000,0.00000000,0.00000000,0.00663445,0.00000000,0.00000000,0.00000000,0.00000000,0.00000000,0.00000000,0.00000000,0.00476953,0.00000000,0.00000000,0.00000000,0.00000000,0.00000000,0.00317059,0.00733531,0.09701239,0.00000000,0.02688874,0.00000000,0.00000000,0.00000000,0.00000000,0.05907600,0.00000000,0.00000000,0.00000000,0.00000000,0.03150625,0.00000000,0.00000000,0.00000000,0.00000000,0.01779194,0.00000000,0.00000000,0.00000000,0.00000000,0.00790944,0.00000000,0.06550469,0.00000000,0.00000000,0.00000000,0.00000000,0.00000000,0.00000000,0.00000000,0.00000000,0.01761166,0.00000000,0.02242718,0.00000000,0.00000000,0.00000000,0.00000000,0.00000000,0.00000000,0.00000000,0.00000000,0.00000000,0.00000000,0.00000000,0.00000000,0.00000000,0.00000000,0.00000000,0.19789730,0.00000000,0.00133563,0.00000000,0.00000000,0.00000000,1.28104302,0.00000000,0.00000000,0.00000000,0.00000000,0.00000000,0.00000000,0.01346214,0.00000000,0.00000000,0.00000000,0.00000000,0.00000000,0.00000000,0.00000000,0.00000000,0.00000000,0.00000000,0.00000000,0.00000000,0.00000000,0.00000000,0.00000000,0.00000000,0.00000000,0.00000000,0.00000000,0.00000000,0.00000000,0.00000000,0.00000000,0.00000000,0.00000000,0.00651616,0.00000000,0.00000000,0.08102422,0.00000000,0.00000000,0.00000000,0.00000000,0.00000000,0.00000000,0.00000000,0.00000000,0.00000000,0.00000000,0.00000000,0.00000000,0.00000000,0.00000000,0.00000000,0.00000000,0.00000000,0.00000000,0.00000000,0.00000000,0.00000000,0.00753250,0.00000000,0.00000000,0.00000000,0.00000000,0.00000000,0.00000000,0.00876866,0.77943678,0.00000000,0.00000000,0.00000000,0.00000000,0.00000000,0.00000000,0.00000000,0.00000000,0.02489563,0.00000000,0.00000000,0.01223864,0.08278250,0.00000000,0.00000000,0.00000000,0.00000000,0.00000000,0.00000000,0.00722684,0.00000000,0.00000000,0.00000000,0.38077329,0.00000000,0.00083199,0.00000000,1.01522371,0.00000000,0.00000000,0.00000000,0.00000000,0.00000000,0.00000000,0.00000000,0.00000000,0.00000000,0.00000000,0.00000000,0.05872650,0.00000000,0.00000000,0.34738524,0.00000000,0.00000000,0.00000000,0.00000000,0.00000000,0.00000000,0.00000000,0.00000000,0.00000000,0.00266157,0.00000000,0.00434322,0.00000000,0.00000000,0.00913575,0.00000000,0.00000000,0.00000000,0.00000000,0.00000000,0.00000000,0.00000000,0.00000000,0.00793397,0.00000000,0.00000000,0.00000000,0.00000000,0.00000000,0.00000000,0.00000000,0.00000000,0.00000000,0.00339306,0.00000000,0.00000000,0.00000000,0.00000000,0.00000000,0.00331113,0.00000000,0.00000000,0.00000000,0.00000000,0.00000000,0.00612541,0.00000000,0.01042361,0.00000000,0.00000000,0.00000000,0.00770886,0.00000000
0.00000000,0.00000000,0.00000000,0.03747559,0.00000000,0.00000000,0.00000000,0.00000000,0.03275936,0.00000000,0.00000000,0.02268490,0.00000000,0.00000000,0.00000000,0.00000000,0.00000000,0.00000000,0.57102568,0.00000000,0.00000000,0.00000000,0.00000000,0.00000000,0.00000000,0.00000000,0.00000000,0.00000000,0.00336647,0.00000000,0.00000000,0.00000000,0.00000000,0.00000000,0.00000000,0.00000000,0.00000000,0.00000000,0.00000000,0.00000000,0.00000000,0.00000000,0.00815255,0.01193665,0.00965368,0.00000000,0.00000000,0.00000000,0.00000000,0.01456620,0.00300060,0.00000000,0.00000000,0.00103081,0.00000000,0.00000000,0.00000000,0.00000000,0.00000000,0.00000000,0.00293830,0.00000000,0.00000000,0.00000000,0.00000000,0.00000000,0.00000000,0.00083389,0.00639177,0.00000000,0.00000000,0.00000000,0.00000000,0.00797344,0.00000000,0.00000000,0.00000000,0.00000000,0.00000000,0.00834231,0.00000000,0.00544745,0.00000000,0.00000000,0.00000000,0.00000000,0.00000000,0.04715988,0.00000000,0.00166716,0.00000000,0.00000000,0.00000000,0.00000000,0.00000000,0.00000000,0.00000000,0.00000000,0.00000000,0.00000000,0.00127872,0.00000000,0.16419195,0.00000000,0.00000000,0.00000000,0.00000000,0.00000000,0.00000000,0.00471952,0.00000000,0.00000000,0.00124890,0.00000000,0.00000000,0.00000000,0.00000000,0.00000000,0.00332959,0.00000000,0.00000000,0.00000000,0.00000000,0.00000000,0.00000000,0.00000000,0.00000000,0.00000000,0.00000000,0.00000000,0.00000000,0.00000000,0.00000000,0.00000000,0.00000000,0.00000000,0.00000000,0.00000000,0.00495180,0.00000000,0.00000000,0.00000000,0.00524083,0.00000000,0.00000000,0.00000000,0.00000000,0.00000000,0.00000000,0.00205182,0.00000000,0.00000000,0.00000000,0.00000000,0.00000000,0.00305534,0.00000000,0.00000000,0.00000000,0.00000000,0.00000000,0.00000000,0.00000000,0.00000000,0.00000000,0.00000000,0.00000000,0.00000000,0.18243476,0.00000000,0.00102543,0.00000000,0.00000000,0.00000000,0.00000000,0.00000000,0.00000000,0.00000000,0.00000000,0.28294920,0.00000000,0.00000000,0.10544474,0.00000000,0.00000000,0.00000000,0.00000000,0.00000000,0.00000000,0.24140060,0.00467510,0.00000000,0.00000000,0.00000000,0.00000000,0.00000000,0.00000000,0.00000000,0.00000000,0.00000000,0.00000000,0.20293439,0.00000000,0.00000000,0.00000000,0.00000000,0.00000000,0.00000000,0.00000000,0.00000000,0.00000000,0.00000000,0.00000000,0.00000000,0.00295555,0.00000000,0.05156275,0.00000000,0.00000000,0.00527289,0.00000000,0.14156848,0.00000000,0.02060691,0.00000000,0.00000000,0.00000000,0.00000000,0.00000000,0.00000000,0.00000000,0.00000000,0.00000000,0.00000000,0.00000000,0.00000000,0.00000000,0.00000000,0.00000000,0.04357751,0.00000000,0.00000000,0.00000000,0.00000000,0.00000000,0.00000000,0.00000000,0.00000000,0.00000000,0.00000000,0.00000000,0.00000000,0.00000000,0.00000000,0.01032351,0.00000000,0.00000000,0.54401555,0.00000000,0.00000000,0.00000000,0.00000000,0.00000000,0.00000000,0.00000000,0.00000000,0.00000000,0.03081326,0.00000000,0.00000000,0.00000000,0.00000000,0.00000000,0.00000000,0.00000000,0.00000000,0.01006858,0.00000000,0.00000000,0.00000000,0.00000000,0.07900367,0.00000000,0.00000000,0.00000000,0.00000000,0.01470424,0.01156221,0.00000000,0.00000000,0.00000000,0.00000000,0.00000000,0.00000000,0.00000000,0.00000000,0.00000000,0.00000000,0.00000000,0.00000000,0.00000000,0.00000000,0.97957815,0.00000000,0.00000000,0.00000000,0.00000000,0.00000000,0.00000000,0.00000000,0.00000000,0.00000000,0.00000000,0.00000000,0.00000000,0.00000000,0.00000000,0.00000000,0.00000000,0.00000000,0.00000000,0.00000000,0.00000000,0.00000000,0.00000000,0.00000000,0.00000000,0.00000000,0.00000000,0.01383161,0.01125098,0.00000000,0.00000000,0.00000000,0.00000000,0.00125756,0.00000000,0.00000000,0.00000000,0.00000000,0.00000000,0.00000000,0.00000000,0.00000000,0.00000000,0.00000000,0.00000000,0.00000000,0.00325647,0.00000000,0.00000000,0.00000000,0.00000000,0.00000000,0.00000000,0.00000000,0.00000000,0.00000000,0.00000000,0.00000000,0.00000000,0.00393021,0.00473235,0.00000000,0.04205797,0.00000000,0.00000000,0.00000000,0.00000000,0.00000000,0.01205281,0.00000000,0.00000000,0.00000000,0.00000000,0.00000000,0.00000000,0.07034114,0.00000000,0.00000000,0.00146926,0.00000000,0.00000000,0.00000000,0.00000000,0.00000000,0.00000000,0.00000000,0.00000000,0.00881362,0.00000000,0.00000000,0.00000000,0.00000000,0.00000000,0.00000000,0.00000000,0.00000000,0.00000000,0.00000000,0.00000000,0.00000000,0.00000000,0.00000000,0.01438960,0.00000000,0.10353318,0.00000000,0.00000000,0.00000000,0.00000000,0.00000000,0.00000000,0.00000000,0.13131905,0.00000000,0.00000000,0.00000000,0.00000000,0.00000000,0.00000000,0.00000000,0.00000000,0.00000000,0.00000000,0.00000000,0.00000000,0.00000000,0.00000000,0.00075836,0.00000000,0.00000000,0.00260013,0.00000000,0.00000000,0.00000000,0.01482208,0.00000000,0.01308409,2.73778443,0.00000000,0.00000000,0.00000000,0.00000000,0.00560241,0.00000000,0.00000000,0.00000000,0.00000000,0.02867762,0.00000000,0.00000000,0.00000000,0.00000000,0.00000000,0.00000000,0.03410611,0.00606527,0.00000000,0.00000000,0.00000000,0.00000000,0.00000000,0.02605670,0.00000000,0.00000000,0.00000000,0.00000000,0.00000000,0.00000000,0.00000000,0.00000000,0.00000000,0.02107755,0.00000000,0.06971987,0.00000000,0.00000000,0.00000000,0.00000000,0.00000000,0.00274449,0.00000000,0.00000000,0.00000000,0.00000000,0.00000000,0.00000000,0.00213434,0.00000000,0.00450294,0.00000000,0.00000000,0.00000000,0.00000000,0.00000000,0.00000000,0.00000000,0.00000000,0.00000000,0.00000000,0.00000000,0.00000000,0.00000000,0.00000000,0.00000000,0.00000000,0.00000000,0.00000000,0.00132209,0.00000000,0.00000000,0.00000000,0.00000000,0.00000000,0.00000000,0.00000000,0.00000000,0.00000000,1.54364135,0.00000000,0.00000000,0.02715805,0.00000000,0.00000000,0.00404053,0.00000000,0.00000000,0.01310444,0.00000000,0.00000000,0.00000000,0.00000000,0.00000000,0.00000000,0.00000000,0.00000000,0.00000000,0.00000000,0.00000000,0.00000000,0.00000000,0.00000000,0.00000000,0.00000000,0.00000000,0.00000000,0.39355220,0.00000000,0.00000000,0.00000000,0.00000000,0.00000000,0.00000000,0.00000000,0.00000000,0.06539010,0.00000000,0.00000000,0.00000000,0.00000000,0.00000000,0.00263475,0.00000000,0.00000000,0.00473331,0.00000000,0.00540937,0.00000000,0.01676889,0.00000000,0.00000000,0.00000000,0.00000000,0.00000000,0.00000000,0.00000000,0.00077712,0.00000000,0.00000000,0.00000000,0.00089462,0.03686355,0.00000000,0.03653099,0.00000000,0.00000000,0.00000000,0.00000000,0.00000000,0.00000000,0.00000000,0.00000000,0.00320987,0.00000000,0.00000000,0.00000000,0.00000000,0.00000000,0.00000000,0.00000000,0.00000000,0.00000000,0.00000000,0.00000000,0.00000000,0.00000000,0.00000000,0.24859586,0.00000000,0.00000000,0.00000000,0.00000000,0.00000000,0.00000000,0.00000000,0.00000000,0.00000000,0.00000000,0.00000000,0.00000000,0.00000000,0.00000000,0.00000000,0.00000000,0.00000000,0.00000000,0.00000000,0.00000000,0.00000000,0.00000000,0.01247907,0.00000000,0.08110032,0.00000000,0.00000000,0.00000000,0.00000000,0.02617360,0.00000000,0.00701579,0.00000000,0.00646964,0.00000000,0.00000000,0.00000000,0.00000000,0.00000000,0.00000000,0.00296088,0.00000000,0.00000000,0.00000000,0.00000000,0.00000000,0.00000000,0.00000000,0.00000000,0.00000000,0.00000000,0.18829415,0.00000000,0.00000000,0.00353651,0.00000000,0.00000000,0.00000000,0.00000000,0.00000000,0.00000000,0.00000000,0.00000000,0.00000000,0.00000000,0.00000000,0.00000000,0.00000000,0.00000000,0.00000000,0.00000000,0.00000000,0.00000000,0.00000000,0.01149367,0.00000000,0.00000000,0.00000000,0.00000000,0.00000000,0.01312004,0.00000000,0.00000000,0.00000000,0.00000000,0.00000000,0.00000000,0.00000000,0.00000000,0.00000000,0.00000000,0.00000000,0.00000000,0.00000000,0.00000000,0.00000000,0.00000000,0.00000000,0.00000000,0.00000000,0.00000000,0.00000000,0.00000000,0.00000000,0.00000000,0.00000000,0.00000000,0.00000000,0.00000000,0.00000000,0.00000000,0.00000000,0.00000000,0.00000000,0.00000000,0.00000000,0.00000000,0.00000000,0.00354664,0.00000000,0.00000000,0.00000000,0.00000000,0.00000000,0.00000000,0.03687497,0.00000000,0.00000000,0.00000000,0.00000000,0.01402455,0.27655088,0.00000000,0.00000000,0.00000000,0.00000000,0.00000000,0.00000000,0.00000000,0.00000000,0.00000000,0.00000000,0.00000000,0.00000000,0.00000000,0.00000000,0.16009243,0.00000000,0.00000000,0.00000000,0.00000000,0.00000000,0.00000000,0.00000000,0.00000000,0.00000000,0.00000000,0.00000000,0.00000000,0.00000000,0.00000000,0.00000000,0.00000000,0.00000000,0.00000000,0.00000000,0.24637776,0.00000000,0.00000000,0.00000000,0.00000000,0.00000000,0.00000000,0.01786512,0.00000000,0.16727544,0.00000000,0.00000000,0.00000000,0.00000000,0.00000000,0.00000000,0.00000000,0.00000000,0.00000000,0.00000000,0.00000000,0.00000000,0.00000000,0.00870276,0.00000000
0.00000000,0.00000000,0.00000000,0.00000000,0.00000000,0.00000000,0.00000000,0.00000000,0.00000000,0.00000000,0.00000000,0.00000000,0.00000000,0.00000000,0.01648195,0.00000000,0.00000000,0.08742327,0.00000000,0.00000000,0.00000000,0.00000000,0.00000000,0.00000000,0.00000000,1.34495564,0.00981143,0.00000000,0.00000000,0.00000000,0.00910057,0.00000000,0.00000000,0.00000000,0.00000000,0.04983301,0.00000000,0.00000000,0.00000000,0.00000000,0.00000000,0.00000000,0.00000000,0.00162205,0.00000000,0.00000000,0.00000000,0.00000000,0.00000000,0.00000000,0.00402075,0.00000000,0.00000000,0.00000000,0.00000000,0.00000000,0.00000000,0.00000000,0.00000000,0.00000000,0.00000000,0.00000000,0.00000000,0.00000000,0.00000000,0.00000000,0.00000000,0.00000000,0.00000000,0.00000000,0.00000000,0.00000000,0.00000000,0.00000000,0.00000000,0.00000000,0.00000000,0.00000000,0.00000000,0.00460803,0.00000000,0.00000000,0.01327640,0.00000000,0.00000000,0.00000000,0.00427735,0.00000000,0.00152356,0.00000000,0.00000000,0.00000000,0.00000000,0.00259746,0.00000000,0.14198427,0.00000000,0.00804191,0.00000000,0.00000000,0.00000000,0.00000000,0.00000000,0.00000000,0.00000000,0.00000000,0.00000000,0.00000000,0.00000000,0.00000000,0.00000000,0.00000000,0.00000000,0.00000000,0.00000000,0.00000000,0.00208466,0.00000000,0.00000000,0.00000000,0.00191388,0.00586477,0.00000000,0.00000000,0.00000000,0.00000000,0.00239730,0.00000000,0.00000000,0.00000000,0.00000000,0.00000000,0.02095722,0.00000000,0.00000000,0.00000000,0.00000000,0.00000000,0.00000000,0.00000000,0.00000000,0.01550320,0.00000000,0.00000000,0.00000000,0.00000000,0.00000000,0.00000000,0.32699905,0.00000000,0.00000000,0.01958702,0.00000000,0.00000000,0.00000000,0.00915746,0.00000000,0.00000000,0.00000000,0.00130743,0.00000000,0.00000000,0.00000000,0.00000000,0.00000000,0.00000000,0.01316242,0.00000000,0.00000000,0.00000000,0.00000000,0.00000000,0.00000000,0.00000000,0.00000000,0.00000000,0.00000000,0.00000000,0.00000000,0.00000000,0.00000000,0.00000000,0.00000000,0.00000000,0.00000000,0.00000000,0.00000000,0.00000000,0.00000000,0.00000000,0.00000000,0.00000000,0.00000000,0.00423797,0.00000000,0.00000000,0.00000000,0.00000000,0.00000000,0.00000000,0.00000000,0.00000000,0.00000000,0.00000000,0.00000000,0.00559013,0.00000000,0.00000000,0.00000000,0.00000000,0.00000000,0.00000000,0.00000000,0.00000000,0.77428861,0.00000000,0.00000000,0.06689233,0.00000000,0.00000000,0.00000000,0.00000000,0.00000000,0.00000000,0.00000000,0.00000000,0.00000000,0.00000000,0.00000000,0.00000000,0.00858725,0.00000000,0.00000000,0.00000000,0.00000000,0.00000000,0.00000000,0.00000000,0.00000000,0.00000000,0.01569212,0.00000000,0.00000000,0.00000000,0.00000000,0.00000000,0.00000000,0.00000000,0.00000000,0.00000000,0.00000000,0.00000000,0.37268364,0.00000000,0.00000000,0.00000000,0.00000000,0.00000000,0.00000000,0.00000000,0.00550317,0.00000000,0.00000000,0.00764956,0.00000000,0.00000000,0.00000000,0.00000000,0.00000000,0.00346739,0.00000000,0.00000000,0.00000000,0.00000000,0.00000000,0.00207004,0.00000000,0.00000000,0.00000000,0.00375112,0.00000000,0.00000000,3.48184773,0.00473418,0.00000000,0.00000000,0.00000000,0.00000000,0.00000000,0.00000000,0.00105449,0.00000000,0.00578153,0.00000000,0.00000000,0.00000000,0.00000000,0.00000000,0.00000000,0.00000000,0.00000000,0.00000000,0.00000000,0.00000000,0.00000000,0.00000000,0.00000000,0.00000000,0.00000000,0.00000000,0.00000000,0.00000000,0.00000000,0.02310419,0.00000000,0.00000000,0.00000000,0.00000000,0.00000000,0.00000000,0.00000000,0.00000000,0.00000000,0.00000000,0.02915421,0.00000000,0.00000000,0.01509372,0.00968023,0.00000000,0.00000000,0.00000000,0.00146133,0.00000000,0.00000000,0.00000000,0.00000000,0.00000000,0.00000000,0.00000000,0.00102056,0.00000000,0.00000000,0.00192532,0.00100618,0.00000000,0.00151696,0.00000000,0.00000000,0.00000000,0.01526576,0.00000000,0.00000000,0.00000000,0.00000000,0.00000000,0.00000000,0.00000000,0.00000000,0.00000000,0.00000000,0.00000000,0.00000000,0.00000000,0.00569989,0.00000000,2.68380763,0.02955901,0.00000000,0.00000000,0.00000000,0.00000000,0.00000000,0.00000000,0.00000000,0.00000000,0.00000000,0.00000000,0.00000000,0.00000000,0.00000000,0.00000000,0.00000000,0.00000000,0.00000000,0.24179377,0.48160370,0.22777647,0.00000000,0.00111570,0.00000000,0.00000000,0.00000000,0.00000000,0.00000000,0.00000000,0.00000000,0.00000000,0.00000000,0.00000000,0.00000000,0.00000000,0.00000000,1.07094368,0.00000000,0.00000000,0.00000000,0.00000000,0.00000000,0.12125841,0.00000000,0.00000000,0.02539241,0.00000000,0.00000000,0.00740863,0.00000000,0.00000000,0.00781148,0.00000000,0.00894000,0.01145237,0.05078545,0.00000000,0.01681952,0.00000000,0.00000000,0.00000000,0.00000000,0.00000000,0.00543473,0.00872551,0.00000000,0.00314764,0.00000000,0.00000000,0.00000000,0.00000000,0.00000000,0.00192290,0.00000000,0.00000000,0.00000000,0.00000000,0.00000000,0.00000000,0.00000000,0.00000000,0.00000000,0.00000000,0.00000000,0.00000000,0.00000000,0.00000000,0.00806321,0.00000000,0.00000000,0.00000000,0.00000000,0.00000000,0.00217114,0.00000000,0.00000000,0.00000000,0.00000000,0.00000000,0.00000000,0.00000000,0.00000000,0.00000000,0.00000000,0.00000000,0.00000000,0.03482607,0.00000000,0.00000000,0.00000000,0.00000000,0.00000000,0.00000000,3.75430970,0.00000000,0.00000000,0.00000000,0.00000000,0.00000000,0.00000000,0.00000000,0.00000000,0.00171078,0.00000000,0.00000000,0.00000000,0.00000000,0.00000000,0.00000000,0.00000000,0.00000000,0.00000000,0.00650126,0.00000000,0.00418464,0.00000000,0.00000000,0.00000000,0.00000000,0.00000000,0.00000000,0.00000000,0.00000000,0.00000000,0.00693846,0.00000000,0.00000000,0.00000000,0.00963367,0.00000000,0.00172034,0.00000000,0.00000000,0.00000000,0.00000000,0.00000000,0.00000000,0.00000000,0.00000000,0.03928592,0.00000000,0.00000000,0.00000000,0.00368848,0.00000000,0.00000000,0.00000000,0.00000000,0.00000000,0.00000000,0.00000000,0.00000000,0.00000000,0.00000000,0.00000000,0.00000000,0.00000000,0.00000000,0.00000000,0.00000000,0.00000000,0.00000000,0.00000000,0.00000000,0.00000000,0.00000000,0.00000000,0.00000000,0.00000000,0.00000000,0.00000000,0.00000000,0.00000000,0.00000000,0.00228274,0.00000000,0.00000000,0.00000000,0.00000000,0.00000000,0.00000000,0.01427723,0.00000000,0.00000000,0.00000000,0.00000000,0.00000000,0.00000000,0.00000000,0.00000000,0.01950387,0.00000000,0.00000000,0.00128700,0.00908154,0.01064132,0.00000000,0.00000000,0.00000000,0.00000000,0.00000000,0.02446750,0.00000000,0.00000000,0.00000000,0.00000000,0.00000000,0.00000000,0.00000000,0.00000000,0.00000000,0.00000000,0.00000000,0.00000000,0.00000000,0.00000000,0.00000000,0.00000000,0.00000000,0.00000000,0.00000000,0.00000000,0.00000000,0.00000000,0.08310198,0.00000000,0.00000000,0.00000000,0.00000000,0.00000000,0.00000000,0.00000000,0.00000000,0.00000000,0.00000000,0.00000000,0.01642976,0.00000000,0.00000000,0.00000000,0.00000000,0.00000000,0.00000000,0.00556582,0.01070096,0.00000000,0.00000000,0.00000000,0.00000000,0.00103288,0.00000000,0.00000000,0.17563447,0.00000000,0.00000000,0.00000000,0.00000000,0.00000000,0.00000000,0.00000000,0.02529797,0.00000000,0.00000000,0.00000000,0.47793447,0.00000000,0.00000000,0.00000000,0.00000000,0.00000000,0.00000000,0.00000000,0.00000000,0.00000000,0.00000000,0.00000000,0.00000000,0.00000000,0.00000000,0.00000000,0.00816614,1.10740852,0.00000000,0.00000000,0.00000000,0.00000000,0.00000000,0.00000000,0.00000000,0.00000000,0.00373331,0.00000000,0.00000000,0.00000000,0.00000000,0.00000000,0.00000000,0.00000000,0.00000000,0.00000000,0.00000000,0.02783911,0.00000000,0.00000000,0.00000000,0.10070039,0.00000000,0.00000000,0.00000000,0.00000000,0.00000000,0.00000000,0.00000000,0.00000000,0.00000000,0.00000000,0.00000000,0.00000000,1.01024965,0.00000000,0.00000000,0.00000000,0.00000000,0.00000000,0.00000000,0.12965265,0.00087716,0.00000000,0.00000000,0.00000000,0.00000000,0.00000000,0.00000000,0.00000000,0.00000000,0.00000000,0.00000000,0.00000000,0.01411716,0.00000000,0.00000000,0.00000000,0.00000000,0.00000000,0.00000000,0.00000000,0.00000000,0.00000000,0.00000000,0.00000000,0.00000000,0.00000000,0.00000000,0.00000000,0.00000000,0.00000000,0.00000000,0.00000000,0.00000000,0.00000000,0.00000000,0.10613664,0.00000000,0.00000000,0.00000000,0.00000000,0.00000000,0.00000000,0.00000000,0.00000000,0.00000000,0.00000000,0.00057424,0.00000000,0.00000000,0.00000000,0.00000000,0.00000000,0.00000000,0.00000000,0.00000000,0.00000000,0.00000000,0.00000000,0.00000000,0.00000000,0.00000000,0.00000000,0.00000000,0.00000000,0.00000000,0.00000000,0.00000000,0.00000000,0.00000000,0.00000000,0.00981534,0.00000000,0.00000000,1.89614466,0.00000000,0.00000000,0.00000000,0.00418932,0.00000000,0.00000000,0.00000000,0.00000000,0.00000000,0.00000000,0.00000000,0.00000000,0.00331237
0.00000000,0.03379806,0.00000000,0.00000000,0.00000000,0.00000000,0.00000000,0.00000000,0.00000000,0.00000000,0.00000000,0.00000000,0.00000000,0.00000000,0.00000000,0.00000000,0.00000000,0.00000000,0.00000000,0.00000000,0.00000000,0.00000000,0.03627948,0.00000000,0.00000000,0.00000000,0.00000000,0.00000000,0.00000000,0.00000000,0.00000000,0.00000000,0.00000000,0.00000000,0.00000000,0.03844878,0.00000000,0.00416668,0.00000000,0.00000000,0.00000000,0.00000000,0.00000000,0.00000000,0.00000000,0.00000000,0.00000000,0.01168361,0.00000000,0.00000000,0.00000000,0.00000000,0.00000000,0.00000000,0.01746507,0.00000000,0.00000000,0.00000000,0.00000000,0.00000000,0.00000000,0.00000000,0.00000000,0.00000000,0.00000000,0.00000000,0.00000000,0.00000000,0.00000000,0.00000000,0.00000000,0.00000000,0.00000000,0.00000000,0.00000000,0.00000000,0.00000000,0.00000000,0.00000000,0.00000000,0.00000000,0.08254585,0.00000000,0.00000000,0.00000000,0.00000000,0.00000000,0.00000000,0.00000000,0.00000000,0.00000000,0.00724267,0.00000000,0.00000000,0.00000000,0.00000000,0.00987743,0.00000000,0.00000000,0.00000000,0.00000000,0.00000000,0.00000000,0.00990362,0.00000000,0.00000000,0.00000000,0.00000000,0.00000000,0.02150472,0.00000000,0.00351462,0.00000000,0.00000000,0.00000000,0.00000000,0.00000000,0.01888919,0.00000000,0.00000000,0.00000000,0.00000000,0.00397014,0.00000000,0.00000000,0.00000000,0.00000000,0.00000000,0.00000000,0.00000000,0.00000000,0.00000000,0.00000000,0.00000000,0.00000000,0.00000000,0.00000000,0.00000000,0.00000000,0.00000000,0.02262134,0.00000000,0.00000000,0.00000000,0.00000000,0.00000000,0.00000000,0.00000000,0.00000000,0.01120184,0.01620813,0.00000000,0.00000000,0.01720420,0.00000000,0.00000000,0.00000000,0.00000000,0.00000000,0.00000000,0.00000000,0.00000000,0.00000000,0.00000000,0.00000000,0.00000000,0.00000000,0.00000000,0.00000000,0.00000000,0.00000000,0.00000000,0.00518959,0.00241931,0.00000000,0.00000000,0.00000000,0.00000000,0.00000000,0.00000000,0.00000000,0.00000000,0.00000000,0.00000000,0.00000000,0.00000000,0.00000000,0.00000000,0.00000000,0.00218188,0.00000000,0.00000000,0.00000000,0.00000000,0.00000000,0.00000000,0.00000000,0.00000000,0.00000000,0.00000000,0.00634059,0.01709037,0.00000000,0.01199610,0.00000000,0.00000000,0.00000000,0.00000000,0.00000000,0.00438075,0.00000000,0.00000000,0.00000000,0.00000000,0.00660806,0.01349201,0.00000000,0.00000000,0.01042714,0.00000000,0.00000000,0.00000000,0.00000000,0.00000000,0.00000000,0.00000000,0.00000000,0.00000000,0.00000000,0.00000000,0.00000000,0.00000000,0.00000000,0.00000000,0.00000000,0.00673424,0.01751787,0.00000000,0.00590216,0.00000000,0.00000000,0.00000000,0.00000000,0.00550437,0.00000000,0.00000000,0.62368237,0.00000000,0.00779142,0.00000000,0.00000000,0.00000000,0.00000000,0.00000000,0.00000000,0.00000000,0.01016943,0.00000000,0.00000000,0.00000000,0.00966081,0.00000000,0.00000000,0.00000000,0.00000000,0.00441715,0.00000000,0.00048921,0.00291043,0.00000000,0.00000000,0.00049753,0.00000000,0.00000000,0.00000000,1.43760866,0.00000000,0.00000000,0.00000000,0.00000000,0.00000000,0.00000000,0.00217596,0.00000000,0.00000000,0.00000000,0.00000000,0.00000000,0.00000000,0.00000000,0.00000000,0.00000000,0.00000000,0.00000000,0.00000000,0.00000000,0.00000000,0.00000000,0.00000000,0.00000000,0.00000000,0.00000000,0.00000000,0.00000000,0.00000000,0.00000000,0.00000000,0.00000000,0.00000000,0.00000000,0.00551021,0.00000000,0.00000000,0.00000000,0.00000000,0.00000000,0.00500968,0.00000000,0.00000000,0.00000000,0.00750295,0.00000000,0.00000000,0.00000000,0.05606431,0.00000000,0.00000000,0.02378572,0.00000000,0.00000000,0.00000000,0.14408274,0.00000000,0.00000000,0.00000000,0.00000000,0.03037254,0.00712766,0.00000000,0.00000000,0.00000000,0.00000000,0.05585481,0.00389972,0.00000000,0.01499121,0.00000000,0.01170244,0.00000000,0.00000000,0.00000000,0.00000000,0.00000000,0.00000000,0.00000000,0.00000000,0.00000000,0.00000000,0.00000000,0.03301233,0.00000000,0.00000000,0.00000000,0.00000000,0.00000000,0.00530416,0.00000000,0.00000000,0.00000000,0.00000000,0.00000000,0.00000000,0.00000000,0.00000000,0.00000000,0.00000000,0.00000000,0.00000000,0.00000000,0.00000000,0.00000000,0.00000000,0.00000000,0.00000000,0.00000000,0.00158629,0.00186426,0.00000000,0.00000000,0.00913809,0.00000000,0.00000000,0.00000000,0.00000000,0.00000000,0.00000000,0.00000000,0.00000000,0.00000000,0.00000000,0.00088473,0.00000000,0.00000000,0.00000000,0.00000000,0.00000000,0.00000000,0.00000000,0.00000000,0.00000000,0.00000000,0.00000000,0.00000000,0.00000000,0.00000000,0.00000000,0.00000000,0.00000000,0.00781355,0.00000000,0.00239077,0.00000000,0.00000000,0.01988695,0.00000000,0.00000000,0.00000000,0.00000000,0.00000000,0.00000000,0.00000000,0.00000000,0.00000000,0.00000000,0.00000000,0.00000000,0.00000000,0.00000000,0.00000000,0.00000000,0.00000000,0.00000000,0.00000000,0.00000000,0.00000000,0.00000000,0.00000000,0.00000000,0.00000000,0.00000000,0.00000000,0.00000000,0.00443593,0.00000000,0.00000000,0.01255195,0.00000000,0.00000000,0.00000000,0.00000000,0.00000000,0.00655811,0.00000000,0.00000000,0.00000000,0.00000000,0.00000000,0.00000000,0.00000000,0.00000000,0.00000000,0.00000000,0.00000000,0.00000000,0.00000000,0.00000000,0.00000000,0.07020363,0.00000000,0.02933658,0.08007680,0.00000000,0.00000000,0.00000000,0.00000000,0.00000000,0.00000000,0.00000000,0.00000000,0.00000000,0.00000000,0.00000000,0.00000000,0.61936125,0.00000000,0.00000000,0.00000000,0.00000000,0.00000000,0.00000000,0.00000000,0.01279087,0.00000000,0.00000000,0.00000000,0.00000000,0.00000000,0.00000000,0.00000000,0.00000000,0.01544728,0.00000000,0.03319419,0.00000000,0.00000000,0.00000000,0.00000000,0.00914323,0.00000000,0.00000000,0.00000000,0.00000000,0.08659891,0.00000000,0.00000000,0.00000000,0.00129922,0.00000000,0.00000000,0.00000000,0.00000000,0.00000000,0.00178753,0.00000000,0.00000000,0.00000000,0.01710386,0.00000000,0.00000000,0.00000000,0.00000000,0.00000000,0.00000000,0.00000000,0.00268434,0.14019420,0.00000000,0.00000000,0.00000000,0.00000000,0.00000000,0.00000000,0.00000000,0.00000000,0.00000000,0.00000000,0.00441287,0.00000000,0.00000000,0.00000000,0.00000000,0.00000000,0.00000000,0.00000000,0.00000000,0.00000000,0.00000000,0.00000000,0.00000000,0.00000000,0.00000000,0.00000000,0.00000000,0.02015750,0.05657146,0.00000000,0.00000000,0.00782678,0.00000000,0.00000000,0.00000000,0.00962109,0.00000000,0.00000000,0.00000000,0.00000000,0.00000000,0.00000000,0.00000000,0.00000000,0.00000000,0.00000000,0.00000000,0.00000000,0.00000000,0.00000000,0.00000000,0.00000000,0.00000000,0.00000000,0.00000000,0.00000000,0.25687739,0.00000000,0.00000000,0.00000000,0.00000000,0.00814626,0.00000000,0.01652985,0.01121925,0.00000000,0.00000000,0.00000000,0.01801824,0.00000000,0.00000000,0.00000000,0.00000000,0.00000000,0.00000000,0.00000000,0.00000000,0.02705324,0.00000000,0.00000000,0.00000000,0.00000000,0.00000000,0.00000000,0.00000000,0.07246462,0.00000000,0.00000000,0.00225258,0.00000000,0.00275283,0.00000000,0.00000000,0.00000000,0.00000000,0.44092260,0.00000000,0.00000000,0.00000000,0.00000000,0.00000000,0.00000000,0.00000000,0.00000000,0.00000000,0.00000000,0.00000000,0.00000000,0.00000000,0.00000000,0.00000000,0.00000000,0.00000000,0.00000000,0.00000000,0.00000000,0.00000000,0.00000000,0.00000000,0.00000000,0.00000000,0.00000000,0.01801719,0.00000000,0.00167829,0.00000000,0.00000000,1.34982280,0.00000000,0.00000000,0.00000000,0.00000000,0.00000000,0.00000000,0.00000000,0.00000000,0.00000000,0.00000000,0.00000000,0.00000000,0.00000000,0.00000000,0.00000000,0.00000000,0.00000000,0.00000000,0.00000000,0.00000000,0.00000000,0.00000000,0.00000000,0.00000000,0.00000000,0.00000000,0.00000000,0.00000000,0.00000000,0.00000000,0.00000000,0.00000000,0.00000000,0.00000000,0.01887172,0.00000000,0.00000000,0.00000000,0.00000000,0.00000000,0.00000000,0.00000000,0.02130257,0.00000000,0.00000000,0.00000000,0.00000000,0.00000000,0.02767992,0.00000000,0.00000000,0.00000000,0.00000000,0.00000000,0.00000000,0.00000000,0.00000000,0.00000000,0.00000000,0.00000000,0.00000000,0.00000000,0.07518721,0.00000000,0.00000000,0.00000000,0.07265196,0.00000000,0.02138435,0.03356972,0.00000000,0.01140622,0.00000000,0.57836567,0.00000000,0.00000000,0.00000000,0.00000000,0.00000000,0.00000000,0.00000000,0.00000000,0.00000000,0.00000000,0.00000000,0.00000000,0.00000000,0.00000000,0.00000000,0.00000000,0.00000000,0.00000000,0.00000000,0.00000000,0.00000000,0.02100993,0.00077815,0.00000000,0.00000000,0.02644508,0.00000000,0.04169104,0.00000000,0.00999741,0.00000000,0.00000000,0.00000000,0.00000000,0.00000000,0.00000000,0.00000000,0.00000000,0.00000000,0.00000000,0.00000000,0.00000000,0.00000000,0.00000000,0.00000000,0.00000000,0.00000000,0.10952438,0.00000000,0.04465973,0.00000000,0.00000000
0.00000000,0.00000000,0.00000000,0.00000000,0.00000000,0.00000000,0.00000000,0.08807271,0.00000000,0.00000000,0.00000000,0.10812389,0.00000000,0.00000000,0.00000000,0.00000000,0.00000000,0.00000000,0.00000000,0.00000000,0.00000000,0.00000000,3.42623564,0.00000000,0.00000000,0.00000000,0.00000000,0.00000000,0.16070193,0.00422272,0.00000000,0.00000000,0.00000000,0.00931314,0.00000000,0.00000000,0.00000000,0.00000000,0.00000000,0.00000000,0.00000000,0.00000000,0.00000000,0.00000000,0.00000000,0.00000000,0.00000000,0.00144188,0.00000000,0.00000000,0.00000000,0.00000000,0.00000000,0.00000000,0.00000000,0.00000000,0.00000000,0.00000000,0.00000000,0.00000000,0.00649189,0.00000000,0.00873837,0.00000000,0.00130926,0.00000000,0.00000000,0.00000000,0.00000000,0.00000000,0.00000000,0.00000000,0.00000000,0.00000000,0.00000000,0.00000000,0.00000000,0.00000000,0.00159613,0.00000000,0.00000000,0.00000000,0.00000000,0.00000000,0.03024342,0.00000000,0.00000000,0.00000000,0.00000000,0.00000000,0.00000000,0.00000000,0.00000000,0.00000000,0.00000000,0.00000000,0.00000000,0.01917501,0.00000000,0.00000000,0.00000000,0.00000000,0.00000000,0.00000000,0.00000000,0.00528729,0.00000000,0.00000000,0.00000000,0.00000000,0.00000000,0.01314307,0.00000000,0.00000000,0.00000000,0.00000000,0.00000000,0.00000000,0.00792887,0.00000000,0.00000000,0.00000000,0.00000000,0.00932094,0.00000000,0.00000000,0.00000000,0.00000000,0.00000000,0.00000000,0.00000000,0.00000000,0.00000000,0.00000000,0.00000000,0.00000000,0.00000000,0.00000000,0.00000000,0.00000000,0.00000000,0.02309198,0.00000000,0.02051980,0.00000000,0.00000000,0.00000000,0.00000000,0.00000000,0.00000000,0.00000000,0.00000000,0.00000000,0.00000000,0.00000000,0.00000000,0.00000000,0.00000000,0.00000000,0.05679659,0.00000000,0.00000000,0.00000000,0.00000000,0.00000000,0.00000000,0.00000000,0.00000000,0.00000000,0.00000000,0.00000000,0.00000000,0.00000000,0.00000000,0.00000000,0.00000000,0.00000000,0.00000000,0.00000000,0.00000000,0.00000000,0.00000000,0.00549436,0.00000000,0.00000000,0.00000000,0.00000000,0.00000000,1.82604654,0.00137607,0.00000000,0.00000000,0.00000000,0.00000000,0.00000000,0.00000000,0.00000000,0.00000000,0.00000000,0.00000000,0.00000000,0.00000000,0.00000000,0.00000000,0.00000000,0.00000000,0.00000000,0.00000000,0.00000000,0.00446043,0.00000000,0.00000000,0.01389747,0.00000000,0.00000000,0.00000000,0.00000000,0.00000000,0.00000000,0.00000000,0.00000000,0.02322298,0.00000000,0.00000000,0.00000000,0.00000000,0.00000000,0.00000000,0.00214330,0.00000000,0.00000000,0.00000000,0.00000000,0.00000000,0.00000000,0.00000000,0.00000000,0.00000000,0.03990730,0.00000000,0.00000000,0.13060213,0.00000000,0.00924136,0.00000000,0.00000000,0.00000000,0.00000000,0.00000000,0.00000000,0.00000000,0.00000000,0.00000000,0.00000000,0.00000000,0.00000000,0.00000000,0.00000000,0.00000000,0.00000000,0.00000000,0.00000000,0.00000000,0.00000000,0.00000000,0.00000000,0.00000000,0.00000000,0.00000000,0.00000000,0.00000000,0.00000000,0.00000000,0.00000000,0.00052382,0.00959654,0.00000000,0.00000000,0.00000000,0.00000000,0.00000000,0.00000000,0.00000000,0.00000000,0.00000000,0.00000000,0.00000000,0.00000000,0.01464014,0.00000000,0.00000000,0.00000000,0.00000000,0.00000000,0.00000000,0.00000000,0.00267812,0.00000000,0.00000000,0.03192877,0.00000000,0.00000000,0.00362130,0.00000000,0.10771191,0.00000000,0.00000000,0.00000000,0.00000000,0.00000000,0.00000000,0.00000000,0.13137195,0.00000000,0.00559899,0.00000000,0.00000000,0.00000000,0.01725430,0.00000000,0.00000000,0.00945321,0.00000000,0.00000000,0.00000000,0.00000000,0.00749570,0.00000000,0.00000000,0.00000000,0.00337083,0.13009390,0.00000000,0.00000000,0.00000000,0.00000000,0.04730109,0.00000000,0.00000000,0.00000000,0.00000000,0.05414839,0.00000000,0.00000000,0.00000000,0.00000000,0.13497768,0.00000000,0.00000000,0.00000000,0.00000000,0.00000000,0.00000000,0.00000000,0.01985144,0.00000000,0.00000000,0.00000000,0.00000000,0.00000000,0.00000000,0.00000000,0.00000000,0.00000000,0.00000000,0.00000000,0.00000000,0.00000000,0.00000000,0.00000000,0.01908845,0.00000000,0.00000000,0.00000000,0.00000000,0.00000000,0.00279960,0.00000000,0.01621419,0.00391724,0.00000000,0.00000000,0.00646669,0.00000000,0.00000000,0.02692187,0.00000000,0.00000000,0.00000000,0.00000000,0.00000000,0.00000000,0.00000000,0.01684727,0.00000000,0.00000000,0.00000000,0.00000000,0.00000000,0.00000000,0.00000000,0.00000000,0.00149716,0.00000000,0.00521644,0.00000000,0.00000000,0.00000000,0.00000000,0.00000000,0.00000000,0.00000000,0.00194320,0.00000000,0.00000000,0.00000000,0.00221858,0.00000000,0.00000000,0.00000000,0.00000000,0.00000000,0.00000000,0.00000000,0.01268072,0.03661422,0.00949700,0.00000000,0.00000000,0.00000000,0.00000000,0.00000000,0.00000000,0.00000000,0.00738418,0.00000000,0.00000000,0.03080136,0.00000000,0.00000000,0.00000000,0.00000000,0.01412585,0.00000000,0.00000000,0.00000000,0.00000000,0.00000000,0.00000000,0.00000000,0.00000000,0.00000000,0.00000000,0.00000000,0.00000000,0.00000000,0.00000000,0.00000000,0.00000000,0.00000000,0.00511685,0.00000000,0.00000000,0.00000000,0.00000000,0.00000000,0.00000000,0.00000000,0.00000000,0.00000000,0.00000000,0.00000000,0.00000000,0.00000000,0.00000000,0.00000000,0.05637475,0.00000000,0.00000000,0.00000000,0.00000000,0.00000000,2.03007450,0.00000000,0.00000000,0.00000000,0.00000000,0.00000000,0.00000000,0.00000000,0.00000000,0.00000000,0.00000000,0.00000000,0.00000000,0.00000000,0.00000000,0.00000000,0.00000000,0.00000000,0.00000000,0.00000000,0.00000000,0.00000000,0.01542441,0.00000000,0.00000000,0.00000000,0.00000000,0.00000000,0.00000000,0.00000000,0.01871134,0.00000000,0.00000000,0.00479951,0.00000000,0.00000000,0.00000000,0.00000000,0.00000000,0.00000000,0.00000000,0.00000000,0.00000000,0.00000000,0.00000000,0.00000000,0.00000000,0.00000000,0.00000000,0.00000000,0.00000000,0.00000000,0.00000000,0.00000000,0.00000000,0.00000000,0.00000000,0.00000000,0.06115630,0.00000000,0.00000000,0.00000000,0.00000000,0.00000000,0.00607893,0.00000000,0.00000000,0.16381566,0.00000000,0.00000000,0.00000000,0.00000000,0.00584975,0.00000000,0.00906071,0.00000000,0.00000000,0.00000000,0.00000000,0.00000000,0.00951423,0.00000000,0.00000000,0.00000000,0.00000000,0.00000000,0.00000000,0.00000000,0.00000000,0.00000000,0.00000000,0.00000000,0.00000000,0.00000000,0.00000000,0.00000000,0.00000000,0.00000000,0.00597465,0.00000000,0.00970030,0.00000000,0.00000000,0.00000000,0.00556888,0.00000000,0.00000000,0.00000000,0.00000000,0.00000000,0.23797965,0.00000000,0.00000000,0.00000000,0.00000000,0.00000000,0.00000000,0.00000000,0.00000000,0.00000000,0.00000000,0.00000000,0.00000000,0.00000000,0.00000000,0.00000000,0.00000000,0.00228586,0.00000000,0.00000000,0.00000000,0.00000000,0.00000000,0.00000000,0.00000000,0.00000000,0.00000000,0.00000000,0.00000000,0.00000000,0.00324257,0.00000000,0.00000000,0.00000000,0.00000000,0.00000000,0.00000000,0.00000000,0.00000000,0.00741900,0.00000000,0.15518516,0.00000000,0.00000000,0.00000000,0.00000000,0.00000000,0.00000000,0.00000000,0.00000000,0.00000000,0.00664552,0.00000000,0.00000000,0.00000000,0.00000000,0.00000000,0.00000000,0.00000000,0.00000000,0.00000000,0.00000000,0.00000000,0.00000000,0.00383600,0.00000000,0.00000000,0.00000000,0.00000000,0.00000000,0.00000000,0.01859493,0.00000000,0.00000000,0.00000000,0.04677648,0.00000000,0.01073436,0.00000000,0.00788160,0.00000000,0.00539485,0.00000000,0.00000000,0.00000000,0.00000000,0.03058846,0.29107306,0.00000000,0.02298458,0.00000000,0.00000000,0.00000000,0.00000000,0.00000000,0.00000000,0.00000000,0.00354755,0.00826433,0.00000000,0.00000000,0.00000000,0.00000000,0.00000000,0.00000000,0.00000000,0.00000000,0.00000000,0.00000000,0.00000000,0.00000000,0.00000000,0.00000000,0.00213534,0.00000000,0.00000000,1.50378750,0.00000000,0.00079061,0.00000000,0.00000000,0.00000000,0.00000000,0.00000000,0.00000000,0.00000000,0.00000000,0.00000000,0.00000000,0.00000000,0.00000000,0.00000000,0.00000000,0.00000000,0.00000000,0.00000000,0.00000000,0.05308276,0.00000000,0.00000000,0.00000000,0.00000000,0.00000000,0.00919450,1.01081568,0.00000000,0.00000000,0.05711612,0.00000000,0.00000000,0.00000000,0.00000000,0.00000000,0.00000000,0.00000000,0.00000000,0.00000000,0.00000000,0.00000000,0.00000000,0.00000000,0.00000000,0.00670854,0.00000000,0.00000000,0.00000000,0.00000000,0.00000000,0.00000000,0.00000000,0.00000000,0.00000000,0.00000000,0.34424704,0.00000000,0.09160419,0.00000000,0.03295291,0.05353766,0.00000000,0.00000000,0.00000000,0.00632790,0.01623717,0.00000000,0.00000000,0.00000000,0.00000000,0.00000000,0.00567359,0.00000000,0.96668249,0.00000000,0.00359827,0.00000000,0.00000000,0.00000000,0.00000000,0.00000000,0.00000000,0.00000000,0.00000000,0.00000000,0.00000000,0.00000000,0.00000000,0.00000000,0.00000000
0.00000000,0.37241033,0.00000000,0.00000000,0.00000000,0.00000000,0.00000000,0.00000000,0.00000000,0.00000000,0.00000000,0.00000000,0.00000000,0.00000000,0.00000000,0.00000000,0.00000000,0.00000000,0.01399824,0.00000000,0.00000000,0.00000000,0.00000000,0.01263703,0.00000000,0.00000000,0.00000000,0.00000000,0.00000000,0.00000000,0.00000000,0.00000000,0.00000000,0.00000000,0.00663305,0.00407952,0.00000000,0.00000000,0.00686744,0.00000000,0.00000000,0.01054069,0.00000000,0.00000000,0.00000000,0.00000000,0.00000000,0.00000000,0.00000000,0.00000000,0.00000000,0.00000000,0.01612111,0.00000000,0.00000000,0.00000000,0.00000000,0.00000000,0.00000000,0.00000000,0.00000000,0.00000000,0.00000000,0.00204173,0.02495988,0.00000000,0.01607670,0.00000000,0.00000000,0.00156260,0.00000000,0.00000000,0.00000000,0.00000000,0.00000000,0.00000000,0.00000000,0.00000000,0.00000000,0.00805074,0.00000000,0.03980284,0.00000000,0.00000000,0.00000000,0.00132848,0.00000000,0.00000000,0.00000000,0.00915014,0.00000000,0.00000000,0.00000000,0.00000000,0.00000000,0.00000000,0.00308250,0.00000000,0.00000000,0.00000000,0.00063991,0.00000000,0.00000000,0.00000000,0.00000000,0.00000000,0.00000000,0.00000000,0.00000000,0.00000000,0.00000000,0.03146987,0.00000000,0.00000000,0.00000000,0.00000000,0.00000000,0.00000000,0.00000000,0.00000000,0.00304611,0.00000000,0.00000000,0.00000000,0.00000000,0.00000000,0.00000000,0.00000000,0.00000000,0.00000000,0.00000000,0.02831875,0.00000000,0.00000000,0.00000000,0.00000000,0.00000000,0.00000000,0.00000000,0.00000000,0.00000000,0.00000000,0.00000000,0.00000000,0.00000000,0.00000000,0.00000000,0.00000000,0.00000000,0.01234845,0.00000000,0.00000000,0.00000000,0.00000000,0.00000000,0.05717506,0.00000000,0.00000000,0.00000000,0.00000000,0.00000000,0.00000000,0.00000000,1.00395302,0.00000000,0.00000000,0.00000000,0.00743401,0.00000000,0.00000000,0.04561401,0.00000000,0.00000000,0.00000000,0.00000000,0.00000000,0.00000000,0.00000000,0.00000000,0.00000000,0.00000000,0.00000000,0.01686874,0.00000000,0.00000000,0.03237305,0.00000000,0.03364518,0.00000000,0.00219618,0.00000000,0.00000000,0.00000000,0.41323220,0.00000000,0.00000000,0.00000000,0.00000000,0.00000000,0.00000000,0.00000000,0.00000000,0.01517463,0.00000000,0.00000000,0.00000000,0.00000000,0.00000000,0.00000000,0.00000000,0.00000000,0.00000000,0.00000000,0.00142894,0.00000000,0.05410805,0.00000000,0.00000000,0.00815907,0.00000000,0.00000000,0.03648194,0.00000000,0.08127339,0.00000000,0.00000000,0.06000173,0.00000000,0.00000000,0.00000000,0.00000000,0.04547894,0.00000000,0.00000000,0.00000000,0.00000000,0.00000000,0.00000000,0.00000000,0.00000000,0.00826691,0.00000000,0.00000000,0.00000000,0.00000000,0.00000000,0.00000000,0.00000000,0.00000000,0.00000000,0.00000000,0.00000000,0.00000000,0.00000000,0.00000000,0.00000000,0.00000000,0.00000000,0.00000000,0.00000000,0.00000000,0.00108916,0.00000000,0.00000000,0.01308776,0.00000000,0.00000000,0.00000000,0.00000000,0.00000000,0.00000000,0.00000000,0.00000000,0.00000000,0.00000000,0.00000000,0.00000000,0.00000000,0.00293840,0.00000000,0.02232900,0.00000000,0.00000000,0.00000000,0.00000000,0.00000000,0.00000000,0.00000000,0.03887784,0.00000000,0.00000000,0.00000000,0.00000000,0.00000000,0.00000000,0.00000000,0.00000000,0.00000000,0.03959238,0.00000000,0.00000000,0.00000000,0.00000000,0.00000000,0.00000000,0.00000000,0.00000000,0.00000000,0.00000000,0.00000000,0.03940694,0.00000000,0.00000000,0.00000000,0.00000000,0.00000000,0.00000000,0.00000000,0.00000000,0.00000000,0.00000000,0.00000000,0.00000000,0.16404369,0.00000000,0.01875521,0.00000000,0.00000000,0.00000000,0.00000000,0.00000000,0.00000000,0.00000000,0.00000000,0.00000000,0.00000000,0.00000000,0.00000000,0.00000000,0.00000000,0.00000000,0.00000000,0.00000000,0.00000000,0.00000000,0.00000000,0.01430437,0.00000000,0.01102323,0.00000000,0.00402777,0.00000000,0.00000000,0.00000000,0.00000000,0.00000000,0.00000000,0.00000000,0.00000000,0.00000000,0.00000000,0.01582230,0.00000000,0.00000000,0.00000000,0.00000000,0.00000000,0.00000000,0.00243887,0.00000000,0.00000000,0.00000000,0.00000000,0.00000000,0.00000000,0.00000000,0.00000000,0.00000000,0.00000000,0.00000000,0.00000000,0.00000000,0.00000000,0.00000000,0.00000000,0.00000000,0.00000000,0.00000000,0.01044801,0.00000000,0.00000000,0.00000000,0.01077678,0.00000000,0.00000000,0.00000000,0.00000000,0.00000000,0.00058853,0.00000000,0.00000000,0.00000000,0.00904331,0.00000000,0.03625639,0.00000000,0.00000000,0.00223220,0.00420761,0.00000000,0.00000000,0.00000000,0.00000000,0.00000000,0.00000000,0.88659384,0.02452648,0.00000000,0.00000000,0.00000000,0.01008526,0.00000000,0.00000000,0.00000000,0.00000000,0.00000000,0.00000000,0.19334549,0.00000000,0.00000000,0.11992843,0.00000000,0.00000000,0.00000000,0.00000000,0.00000000,0.00301867,0.00000000,0.00000000,0.11723080,0.00000000,0.00000000,0.00000000,0.00000000,0.00000000,0.04519840,0.00000000,0.00000000,0.00000000,0.00000000,0.00000000,0.00000000,0.32164536,0.00000000,0.00000000,0.00000000,0.00000000,0.00000000,0.00000000,0.00000000,0.08972709,0.00929016,0.00000000,0.00000000,0.00000000,0.00000000,0.00230476,0.00000000,0.00000000,0.00000000,0.00000000,0.00000000,0.00000000,0.00000000,0.00847287,0.00000000,0.02128068,0.00000000,0.00000000,0.03896498,0.00000000,0.00000000,0.00000000,0.00000000,0.00000000,0.00000000,0.00000000,0.00091721,0.00000000,0.00000000,0.00000000,0.00000000,0.00000000,0.00000000,0.00000000,0.00000000,0.00000000,0.00000000,0.00000000,0.00000000,0.00000000,0.00000000,0.00000000,0.00000000,0.00922132,0.00000000,0.00193924,0.05620926,0.00000000,0.00313971,0.00000000,0.00000000,0.00000000,0.00000000,0.00000000,0.00393475,0.00000000,0.00000000,0.00000000,0.00000000,0.00000000,0.00000000,0.00000000,0.00000000,0.00000000,0.00000000,0.00000000,0.00000000,0.00000000,0.00000000,0.00000000,0.00000000,0.00000000,0.00000000,0.02401176,0.00000000,0.00000000,0.00000000,0.00000000,0.00000000,0.00000000,0.00000000,0.00000000,0.00000000,0.00000000,0.00000000,0.00000000,0.00000000,0.00000000,0.00000000,0.00000000,0.00000000,0.00000000,0.00000000,0.00000000,0.00000000,0.00000000,0.00000000,0.00000000,0.00000000,0.00000000,0.00000000,0.00000000,0.00000000,0.00000000,0.00000000,0.00000000,0.00000000,0.00000000,0.00000000,0.00000000,0.00072770,0.00000000,0.00000000,0.00000000,0.00000000,0.00000000,0.00000000,0.00000000,0.00000000,0.00000000,0.01865650,0.00000000,0.00000000,0.00524360,0.00000000,0.01864633,0.00000000,0.00000000,0.00000000,0.00000000,0.00000000,0.00000000,0.00000000,0.00000000,0.00000000,0.00626442,0.00000000,0.00000000,0.00000000,0.00000000,0.00000000,0.00000000,0.00000000,0.00000000,0.00000000,0.00212813,0.00000000,0.00000000,0.33750180,0.00000000,0.00000000,0.00000000,0.00000000,0.00000000,0.00000000,0.00000000,0.00000000,0.00000000,0.00000000,0.00000000,0.00000000,0.00000000,0.00000000,0.00000000,0.00000000,0.00000000,0.11285187,0.00000000,0.00000000,0.00000000,0.00000000,0.00000000,0.00000000,0.00000000,0.00000000,0.00000000,0.00000000,0.00000000,0.00000000,0.00000000,0.00000000,0.00000000,0.00644406,0.00000000,0.01411447,0.00000000,0.00000000,0.00000000,0.00000000,0.00000000,0.00000000,0.00294200,0.00000000,0.00000000,0.00000000,0.00000000,0.00000000,0.00155767,0.00000000,0.00000000,0.00000000,0.00000000,0.00000000,0.00000000,0.00000000,0.00000000,0.00000000,0.00000000,0.00000000,0.00000000,0.00000000,0.00000000,0.00000000,0.00000000,0.00000000,0.00000000,0.00000000,0.00000000,0.00000000,0.04480769,0.00000000,0.00100956,0.00000000,0.00000000,0.00000000,0.00000000,0.00000000,0.00000000,0.00000000,0.01388813,0.00000000,0.00000000,0.00000000,0.00394696,0.00000000,0.00000000,0.00000000,0.00000000,0.00000000,0.00000000,0.00000000,0.00000000,0.00000000,0.00000000,0.00000000,0.00000000,0.00000000,0.00000000,0.00000000,0.00000000,0.00000000,0.00000000,0.00000000,0.00000000,0.00000000,0.00000000,0.00000000,0.00000000,0.00000000,0.00000000,0.00000000,0.00000000,0.00000000,0.00000000,0.00000000,0.00000000,0.00000000,0.00000000,0.00000000,0.00185167,0.00000000,0.00000000,0.00000000,0.00000000,0.00000000,0.00000000,0.00758921,0.00000000,0.00000000,0.00000000,0.00000000,0.00000000,0.00000000,0.00000000,0.00000000,0.00000000,0.00000000,0.00000000,0.28870268,0.11622973,0.00000000,0.02303572,0.00000000,0.00000000,0.01619689,0.00000000,0.00000000,0.00000000,0.00000000,0.00897460,0.00246837,0.01213303,0.00000000,0.00000000,0.00000000,0.02370335,0.00000000,0.00000000,0.00000000,1.06592212,0.00000000,0.00000000,0.02732322,0.00000000,0.00000000,0.00000000,0.00000000,0.00000000,0.00000000,0.00000000,0.00000000,0.00000000,0.00000000,0.00000000,1.05624861,0.00000000,0.01311154,0.00000000,0.00000000,0.00000000,0.00000000,0.00000000,0.00000000,0.00000000,0.00000000,0.00845681,0.00000000,0.00000000,0.00000000
0.00000000,0.00000000,0.01214039,0.00000000,0.00000000,0.03239579,0.00000000,0.00000000,0.00000000,0.00000000,0.00000000,0.00000000,0.00000000,0.00793205,0.00000000,0.00497052,0.00000000,0.00000000,0.00000000,0.00000000,0.00000000,0.00000000,0.00000000,0.00000000,0.00000000,0.00000000,0.00000000,0.00000000,0.00000000,0.00000000,0.00000000,0.00000000,0.00000000,0.00000000,0.00109929,0.00000000,0.00000000,0.00000000,0.00000000,0.00000000,0.00000000,0.00000000,0.00000000,0.00000000,0.08803046,0.00000000,0.00000000,0.00000000,0.00142834,0.00000000,0.00000000,0.00000000,0.01271972,0.00000000,0.00000000,0.00000000,0.00000000,0.00000000,0.00065883,0.00000000,0.00000000,0.00120255,0.00000000,0.00000000,0.00000000,0.00000000,0.00000000,0.00000000,0.00000000,0.00000000,0.00000000,0.00000000,0.00000000,0.00000000,0.00000000,0.00000000,0.00000000,0.00000000,0.00000000,0.03256132,0.00000000,0.00000000,0.00000000,0.00069583,0.00000000,0.00000000,0.00099770,0.00000000,0.00000000,0.00000000,0.00000000,0.00000000,0.00000000,0.00000000,0.00000000,0.00000000,0.00344090,0.00000000,0.00000000,0.00000000,0.00000000,0.00000000,0.00113298,0.00000000,0.00000000,0.85971802,0.00000000,0.00000000,0.00000000,0.01058146,0.00000000,0.00000000,0.00000000,0.00000000,0.00000000,3.70717634,0.00000000,0.00000000,0.00000000,0.00000000,0.00218689,0.00000000,0.00000000,0.00890056,0.00000000,0.00000000,0.00000000,0.00000000,0.00000000,0.09393131,0.00000000,0.00000000,0.00000000,0.00000000,0.00000000,0.00234816,0.00000000,0.00000000,0.00000000,0.00000000,0.00000000,0.00000000,0.01002461,0.00000000,0.00000000,0.03844430,0.00000000,0.00000000,0.00000000,0.00000000,0.00000000,0.00000000,0.00000000,0.00000000,0.00000000,0.00000000,0.00000000,0.00000000,0.02243899,0.00000000,0.00000000,0.00000000,0.21022372,0.00000000,0.00000000,0.00000000,1.60772736,0.00000000,0.00000000,0.00000000,0.00000000,0.00000000,0.00000000,0.00000000,0.00000000,0.00000000,0.00000000,0.00000000,0.00000000,0.00000000,0.00000000,0.00000000,0.00000000,0.00000000,0.00000000,0.00090145,0.01912623,0.03670097,0.00000000,0.00000000,0.04063859,0.00000000,0.00000000,0.00000000,0.00000000,0.00000000,0.00000000,0.00000000,0.00000000,0.00000000,0.00000000,0.00000000,0.13122635,0.02916957,0.00000000,0.00000000,0.01790345,0.00000000,0.00000000,0.00259812,0.00000000,0.00000000,0.00000000,0.00367859,0.00000000,0.00000000,0.00000000,0.00587108,0.00000000,0.00000000,0.00000000,0.00000000,0.00000000,0.00000000,0.00000000,0.00000000,0.00000000,0.00000000,0.00683222,0.00000000,0.00000000,0.00000000,0.00000000,0.00000000,0.00000000,0.00000000,0.00000000,0.00000000,0.00000000,0.00000000,0.00000000,0.12101008,0.00000000,0.00844805,0.00000000,0.00000000,0.00356412,0.00000000,0.00000000,0.00267973,0.00103772,0.09357393,0.00000000,0.00000000,0.00000000,0.00000000,0.00121543,0.00000000,0.00000000,0.00000000,0.00000000,0.00000000,0.00000000,0.00000000,0.00000000,0.00000000,0.00000000,0.00000000,0.00000000,0.00000000,0.00000000,0.00178289,0.00000000,0.00000000,0.00000000,0.00000000,0.00000000,0.00000000,0.00000000,0.00000000,0.00000000,0.00000000,0.00000000,0.00000000,0.00000000,0.00000000,0.00000000,0.00000000,0.00000000,0.00000000,0.00000000,0.00000000,0.00000000,0.00000000,0.03280835,0.00000000,0.00000000,0.00000000,0.00000000,0.00000000,0.00000000,0.00000000,0.00000000,0.00000000,0.00000000,0.00300465,0.00000000,0.00778686,0.00000000,0.00000000,0.00000000,0.00000000,0.00000000,0.00000000,0.00000000,0.02876043,0.00000000,0.00433501,0.00000000,0.00000000,0.00000000,0.00000000,0.00000000,0.00000000,0.00000000,0.00000000,0.00000000,0.09262033,0.00000000,0.00000000,0.00000000,0.00000000,0.00000000,0.00165129,0.00000000,0.00000000,0.00000000,0.00000000,0.00000000,0.00000000,0.00000000,0.00000000,0.00000000,0.00000000,0.00456806,0.00000000,0.00000000,0.00000000,0.00000000,0.00000000,0.00000000,0.00176748,0.00000000,0.00000000,0.00000000,0.00000000,0.00000000,0.00000000,0.00000000,0.00000000,0.00000000,0.00000000,0.00000000,0.00000000,0.00000000,0.00336367,0.00000000,0.00000000,0.00000000,0.00000000,0.00000000,0.00000000,0.00000000,0.00521692,0.00000000,0.00000000,0.00000000,0.00000000,0.00000000,0.00000000,0.00757180,0.00000000,0.00000000,0.00000000,0.00000000,0.00000000,0.00000000,0.00000000,0.00000000,0.00434404,0.00000000,0.00000000,0.00000000,0.00000000,0.00000000,0.00000000,0.00000000,0.00000000,0.00000000,0.00000000,0.00000000,0.00000000,0.00000000,0.00000000,0.00000000,0.00000000,0.00000000,0.00000000,0.00000000,0.00000000,0.00000000,0.00316618,0.00000000,0.00000000,0.00000000,0.00000000,0.00000000,0.00000000,0.00000000,0.00810723,0.00000000,0.00000000,0.00000000,0.00000000,0.00000000,0.00000000,0.00000000,0.00000000,0.00000000,0.05262304,0.00000000,0.00000000,0.00899694,0.00000000,0.00000000,0.00000000,0.00000000,0.00000000,0.00000000,0.00000000,0.00374975,0.00000000,0.00000000,0.00000000,0.00000000,0.00000000,0.00000000,0.00000000,0.00000000,0.00000000,0.00000000,0.00000000,0.00000000,0.00000000,0.00000000,0.00000000,0.00000000,0.00000000,0.00000000,0.04986441,0.00000000,0.00158040,0.00000000,0.00000000,0.00000000,0.00000000,0.00000000,0.00000000,0.00000000,0.00000000,0.00000000,0.00000000,0.00000000,0.00000000,0.00000000,0.00000000,0.00000000,0.00000000,0.00000000,0.00000000,0.00000000,0.00000000,0.00000000,0.00000000,0.00000000,0.00000000,0.00000000,0.00000000,0.00000000,0.00832735,0.00000000,0.00000000,0.00488396,0.00592246,0.00000000,0.00000000,0.00000000,0.00586768,0.00000000,0.73801895,0.00000000,0.00000000,0.04846822,0.00000000,0.00000000,0.00000000,0.00078384,0.00000000,0.00000000,0.00000000,0.00000000,0.00000000,0.00000000,0.00538253,0.02772900,0.00000000,0.00000000,0.00000000,0.00000000,0.00000000,0.00000000,0.05404695,0.00000000,0.00000000,0.00000000,0.00000000,0.00000000,0.00000000,0.00000000,0.00000000,0.00000000,0.00150493,0.00000000,0.00000000,0.00000000,0.00000000,0.00000000,0.00000000,0.02068124,0.00000000,0.00000000,0.00000000,0.11743635,0.00000000,0.00000000,0.00000000,2.18110447,0.00000000,0.00000000,0.00000000,0.00000000,0.00000000,0.00000000,0.00000000,0.00000000,0.00000000,0.00000000,0.00000000,0.00000000,0.00000000,0.00000000,0.00000000,0.00000000,0.00000000,0.00000000,0.00000000,0.00325379,0.00000000,0.00000000,0.00000000,0.00000000,0.00000000,0.00000000,0.00000000,0.01082970,0.00000000,0.00000000,0.00462821,0.00000000,0.00000000,0.00000000,0.00000000,0.00000000,0.00181988,0.00000000,0.00000000,0.00000000,0.00000000,0.01808054,0.00000000,0.00000000,0.00213015,0.00000000,0.00000000,0.00000000,0.95138455,0.00000000,0.01034528,0.00272026,0.01073479,0.00000000,0.00000000,0.00000000,0.00000000,0.00000000,0.00000000,0.00000000,0.00000000,0.00000000,0.00484104,0.00000000,0.00000000,0.00000000,0.00000000,0.00000000,0.00000000,0.00000000,0.01182733,0.00000000,0.00000000,0.00000000,0.00000000,0.13227902,0.00000000,0.00000000,0.00000000,0.00000000,0.00000000,0.00000000,0.00000000,0.00000000,0.00000000,0.00480636,0.00000000,0.00000000,0.01936547,0.00000000,0.00000000,0.00000000,0.00000000,0.00000000,0.00000000,0.00000000,0.00000000,0.03977877,0.00000000,0.00000000,0.00000000,0.00057920,0.00000000,0.00916628,0.00000000,0.00000000,0.06153045,0.00000000,0.00000000,0.00000000,0.00000000,0.00000000,0.00000000,0.00000000,0.00000000,0.00000000,0.00000000,0.00000000,0.00000000,0.00000000,0.00592111,0.00000000,0.00000000,0.00000000,0.00000000,0.00000000,0.00000000,0.00000000,0.00000000,0.00839638,2.41479822,0.00000000,0.00000000,0.00000000,0.00000000,0.00000000,0.00000000,0.00000000,0.00000000,0.00000000,0.00000000,0.00000000,0.02300358,0.00000000,0.00000000,0.00000000,0.00000000,0.00000000,0.00000000,0.00000000,0.00000000,0.00000000,0.00000000,0.00000000,0.00000000,0.00000000,0.00000000,0.00000000,0.00129075,0.00000000,0.00000000,0.00000000,0.00000000,0.00167188,0.00000000,0.00000000,0.00000000,0.00000000,0.00000000,0.00000000,0.00000000,0.79437602,0.00000000,0.00000000,0.00000000,0.00000000,0.00000000,0.00000000,0.00000000,0.00000000,0.00000000,0.00000000,0.00000000,0.00000000,0.00000000,0.00000000,0.00000000,0.00000000,0.00000000,0.00000000,0.00000000,0.00000000,0.00000000,0.00000000,0.00302708,0.00000000,0.00000000,0.00000000,0.00000000,0.08235667,0.00000000,0.00000000,0.00000000,0.00000000,0.00000000,0.00000000,0.00000000,0.00000000,0.00000000,0.00000000,0.00000000,0.00000000,0.00000000,0.00000000,0.00419478,0.00000000,0.00000000,0.00000000,0.00000000,0.00000000,0.00000000,0.00000000,0.00301823,0.00336753,0.00000000,0.00000000,0.00000000,0.00000000,0.00000000,0.00000000,0.00000000,0.00000000,0.00265003,0.00000000,0.00558435,0.00000000,0.00000000,0.00000000,0.00000000,0.00000000,0.03456992,0.00000000,0.00000000,0.00000000,0.00000000,0.00000000,0.00000000,0.00000000,0.00000000,0.00000000,0.00000000,0.00000000,0.00000000
0.00000000,0.00000000,0.00000000,0.00000000,0.00000000,0.00000000,0.00000000,0.00000000,0.00000000,0.00000000,0.00000000,0.00000000,0.00000000,0.00000000,0.00000000,0.00000000,0.00000000,0.00000000,0.00000000,0.00000000,0.00000000,0.00000000,0.00000000,0.00000000,0.00000000,0.00000000,0.00000000,0.00000000,0.00000000,0.00000000,0.00000000,0.00000000,0.00000000,0.00000000,0.00000000,0.00000000,0.00000000,0.00000000,0.00000000,0.00000000,0.00000000,0.00000000,0.00000000,0.00000000,0.00000000,0.00000000,0.00000000,0.03840687,0.00000000,0.00000000,0.00000000,0.00000000,0.00000000,0.00000000,0.00000000,0.00000000,0.00000000,0.00850517,0.00000000,0.00000000,0.00000000,0.16539992,0.00000000,0.00000000,0.00000000,0.00000000,0.00000000,0.00000000,0.00000000,0.00000000,0.00000000,0.00000000,0.00000000,0.00833489,0.00000000,0.00000000,0.00000000,0.00000000,0.00000000,0.00000000,0.00000000,0.00000000,0.00000000,0.00000000,0.00000000,0.00000000,0.00000000,0.00000000,0.00000000,0.00000000,0.00000000,0.00249863,0.00000000,0.00000000,0.00000000,0.00000000,0.00000000,0.00000000,0.00000000,0.00000000,0.00000000,0.00000000,0.00811623,0.00000000,0.00000000,0.00000000,0.00000000,4.66310835,0.00000000,0.00000000,0.00000000,0.00000000,0.02523852,0.00000000,0.00000000,0.00000000,0.00000000,0.00000000,0.00000000,0.00000000,0.00000000,0.00000000,0.00000000,0.00000000,0.00000000,0.00000000,0.00000000,0.00000000,0.00000000,0.00000000,0.01725005,0.00000000,0.00000000,0.00000000,0.00000000,0.00000000,0.00000000,0.00000000,0.00000000,0.00000000,0.00000000,0.00000000,0.00000000,0.00000000,0.00000000,0.00000000,0.00000000,0.00000000,0.00000000,0.00872255,0.01884448,0.00000000,0.00000000,0.00000000,0.00000000,0.00172709,0.00389221,0.00000000,0.00000000,0.00000000,0.00000000,0.00508890,0.00000000,0.00000000,0.00000000,0.00000000,0.00000000,0.00000000,0.00000000,0.00000000,0.00000000,0.00000000,0.00000000,0.00000000,0.00000000,0.00589148,0.00000000,0.00000000,0.00000000,0.00000000,0.00000000,0.00000000,0.00000000,0.00000000,0.00000000,0.00000000,0.00000000,0.00000000,0.00000000,0.00000000,0.00000000,0.00000000,0.00885755,0.00000000,0.00000000,0.00336092,0.00000000,0.00000000,0.00000000,0.00000000,0.00000000,1.68117264,0.00000000,0.00000000,0.00000000,0.00000000,0.00000000,0.00000000,0.00000000,0.00000000,0.00000000,0.00060973,0.00000000,0.00000000,0.01055116,0.00000000,0.00000000,0.00000000,0.00000000,0.00000000,0.00000000,0.00000000,0.00157916,0.00000000,0.00000000,0.00000000,0.00000000,0.00000000,0.00000000,0.00000000,0.00000000,0.00000000,0.00000000,0.00000000,0.00000000,0.00000000,0.00000000,0.00000000,0.00000000,0.00593165,0.00000000,0.00000000,0.00000000,0.00000000,0.00000000,0.00000000,0.00000000,0.00000000,0.00334660,0.00000000,0.00000000,0.02053208,0.00000000,0.00392069,0.00000000,0.00000000,0.00000000,0.00000000,0.00000000,0.00000000,0.00000000,0.00000000,0.00000000,0.00946933,0.00000000,0.00000000,0.00000000,0.00000000,0.00000000,0.00000000,0.00000000,0.00000000,0.00000000,0.00000000,0.01958783,0.00000000,0.00000000,0.00080415,0.00000000,0.00000000,0.00000000,0.00000000,0.00000000,0.00000000,0.00000000,0.00000000,0.00000000,0.00000000,0.00000000,0.00000000,0.00000000,0.00000000,0.00000000,0.00493153,0.00652452,0.00000000,0.01917760,0.00000000,0.00000000,0.00000000,0.00000000,0.00000000,0.00000000,0.00000000,0.00223875,0.00000000,0.00548791,0.01165798,0.00000000,0.00000000,0.00000000,0.00113626,0.00000000,0.00000000,3.17053636,0.00000000,0.00000000,0.00000000,0.00000000,0.01574759,0.00000000,0.00000000,0.00000000,0.00000000,0.00133793,0.00000000,0.00000000,0.01272547,0.00000000,0.00000000,0.00000000,0.00000000,0.00000000,0.00000000,0.00179141,0.00000000,0.00000000,0.00000000,0.00000000,0.00000000,0.00000000,0.00000000,0.00000000,0.00857436,0.00000000,0.00000000,0.00000000,0.00000000,0.00000000,0.00000000,0.00000000,0.00000000,0.00000000,0.00000000,0.00000000,0.00000000,0.00000000,0.00000000,0.00000000,0.00000000,0.00000000,0.00000000,0.00000000,0.01961339,0.00000000,0.01794492,0.00000000,0.00000000,0.00000000,0.00000000,0.00000000,0.00000000,0.04345532,0.00000000,0.00115934,0.00000000,0.00000000,0.00000000,0.00328013,0.00000000,0.00000000,0.00000000,0.00000000,0.00000000,0.00334634,0.00000000,0.00000000,0.00000000,0.07206784,0.00000000,0.00000000,0.00000000,0.00000000,0.04288620,0.00000000,0.00000000,0.00000000,0.00000000,0.00000000,0.00000000,0.00000000,0.00000000,0.00000000,0.00000000,0.00000000,0.00000000,0.00000000,0.00000000,0.00000000,0.00000000,0.00000000,0.00000000,0.01799706,0.00000000,0.00000000,0.00000000,0.00000000,0.00000000,0.00000000,0.46238943,0.00000000,0.00000000,0.00000000,0.00406826,0.00000000,0.00000000,0.00000000,0.00000000,0.00000000,0.00305365,0.00000000,0.29154417,0.00000000,0.00000000,0.00000000,0.00000000,0.00000000,0.00752610,0.00000000,0.00000000,0.00000000,0.00000000,0.00000000,0.00000000,0.00000000,0.00000000,0.00000000,0.00000000,0.00000000,0.00000000,0.00000000,0.00000000,0.21365491,0.00000000,0.00000000,0.00000000,0.00000000,0.00000000,0.00283396,0.00000000,0.00000000,0.00000000,0.00000000,0.00477942,0.00000000,0.00000000,0.00000000,0.02107755,0.03482607,0.00000000,0.00000000,0.00000000,0.00000000,0.00000000,0.00000000,0.00000000,0.00000000,0.00000000,0.00000000,0.00000000,0.00000000,0.00000000,0.00761120,0.00000000,0.00000000,0.00000000,0.00000000,0.00000000,0.00000000,0.00000000,0.00000000,0.00000000,0.03663265,0.00000000,0.00208914,0.00000000,0.00000000,0.00000000,0.00000000,0.00000000,0.00000000,0.00000000,0.00000000,0.00000000,1.84801859,0.00000000,0.00000000,0.00000000,0.00000000,0.00000000,0.00000000,0.00251517,0.00000000,0.00000000,0.00000000,0.00000000,0.00000000,0.00000000,0.00000000,0.00000000,0.00000000,0.00000000,0.00000000,0.00000000,0.00441454,0.04336747,0.00000000,0.00000000,0.00000000,0.00000000,0.00000000,0.00000000,0.00000000,0.00000000,0.00000000,0.00000000,0.00000000,0.30267814,0.00000000,0.00000000,0.00000000,0.00000000,0.00000000,0.06195753,0.00000000,0.00000000,0.00000000,0.00000000,0.00000000,0.01112258,0.00618857,0.00000000,0.00000000,0.00000000,0.00000000,0.00000000,0.00000000,0.00000000,0.00000000,0.00000000,0.00000000,0.00000000,0.00278670,0.00000000,0.00000000,0.00000000,0.00000000,0.00000000,0.00000000,0.00078453,0.00000000,0.00000000,0.00000000,0.00000000,0.00000000,0.02013068,0.00000000,0.00000000,0.00890664,0.14329438,0.00000000,0.14365913,0.00000000,0.00000000,0.00000000,0.00000000,0.00000000,0.00000000,0.00000000,0.00000000,0.00101760,0.00000000,0.00000000,0.00000000,0.00000000,0.00000000,0.00000000,0.00000000,0.01765522,0.00000000,0.00000000,0.00000000,0.00000000,0.00000000,0.00000000,0.00063374,0.00000000,0.00000000,0.00000000,0.00000000,0.00000000,0.00000000,0.00000000,0.00938221,0.00216634,0.00000000,0.00000000,0.00000000,0.00000000,0.00000000,0.00000000,0.00497635,0.00000000,0.19505370,0.00000000,0.00000000,0.00000000,0.01945523,0.00000000,0.00000000,0.00000000,0.00000000,0.00000000,0.00000000,0.00000000,0.00000000,0.00000000,0.00000000,0.00000000,0.00000000,1.69909790,0.00000000,0.00000000,0.00000000,0.00000000,0.02175387,0.00220984,0.00000000,0.01924613,0.00000000,0.10659547,0.00000000,0.04949659,0.00000000,0.00000000,0.00000000,0.01500909,0.00000000,0.00000000,0.00000000,0.00000000,0.00000000,0.00000000,0.00000000,0.00000000,0.00000000,0.00000000,0.00000000,0.00000000,0.01255320,0.00000000,0.00000000,0.00000000,0.00000000,0.00000000,0.00919654,0.02637207,0.00477483,0.00000000,0.00000000,0.29003215,0.05637356,0.00296836,0.00000000,0.00000000,0.00000000,0.00000000,0.00000000,0.00000000,0.00000000,0.00000000,0.00000000,0.00000000,0.00000000,0.00000000,0.00000000,0.00000000,0.00000000,0.00000000,0.00000000,0.00000000,0.00000000,0.00444933,0.00000000,0.00000000,0.00000000,0.00000000,0.06075057,0.00000000,0.00000000,0.01557134,0.00000000,0.00000000,0.00000000,0.00000000,0.00000000,0.00000000,0.00000000,0.00428587,0.00000000,0.00000000,0.00000000,0.00109906,0.00000000,0.00000000,0.00000000,0.00000000,0.00429219,0.00000000,0.00000000,0.00000000,0.00000000,0.00000000,0.00000000,0.00000000,0.00000000,0.00000000,0.00000000,0.00000000,0.00000000,0.00000000,0.00000000,0.01981830,0.00000000,0.00567465,0.00000000,0.00000000,0.00000000,0.00000000,0.00000000,0.00000000,0.00109498,0.00000000,0.00000000,0.00000000,0.00000000,0.00000000,0.00000000,0.00000000,0.09353654,0.00000000,0.00354696,0.01093231,0.00000000,0.00000000,0.00000000,0.00000000,0.00000000,0.00000000,0.00000000,0.00000000,0.00000000,0.00000000,0.00000000,0.00000000,0.00830664,0.00754195,0.00000000,0.00000000,0.00000000,0.00000000,0.00000000,0.00000000,0.00000000,0.00000000,0.00000000,0.00000000,0.00000000,0.00000000,0.00000000,0.00000000,0.00000000,0.00000000,0.00000000,0.00000000,0.00000000,0.00123372,0.00000000,0.00000000,0.00000000
0.00000000,0.00000000,0.00000000,0.00000000,0.00000000,0.00000000,0.00000000,0.00000000,0.00000000,0.00000000,0.00000000,0.00000000,0.03473385,0.00000000,0.00000000,0.00000000,0.00000000,0.00553744,0.00000000,0.00000000,0.00000000,0.00000000,0.00000000,0.00000000,0.00000000,0.02242558,0.00000000,0.00000000,0.00000000,0.00000000,0.00000000,0.00000000,0.00000000,0.00000000,0.01678306,0.00000000,0.00000000,0.00000000,0.00000000,0.00095577,0.00000000,0.05026589,0.00000000,0.00158721,0.00000000,0.00000000,0.00087419,0.00000000,0.00000000,0.00000000,0.00000000,0.00339545,0.00000000,0.00000000,0.08509163,0.00000000,0.00000000,0.00000000,0.00000000,0.00000000,0.00000000,0.00000000,0.00000000,0.00000000,0.00000000,0.24914292,0.00000000,0.00000000,0.00000000,0.00000000,0.00000000,0.00000000,0.00000000,0.00000000,0.00000000,0.00000000,0.00000000,0.00000000,0.00000000,0.00000000,0.00000000,0.00000000,0.00000000,0.00000000,0.00000000,0.00000000,0.00157580,0.01742520,0.00000000,0.83787656,0.00000000,0.00000000,0.00000000,0.00000000,0.00000000,0.00000000,0.00000000,0.00000000,0.00000000,0.00000000,0.00000000,0.00000000,0.00000000,0.00000000,0.00101841,0.00000000,0.00000000,0.00000000,0.00000000,0.00000000,0.00000000,0.00000000,0.00000000,0.00000000,0.00000000,0.00810370,0.00000000,0.00616019,0.00000000,0.00000000,0.00000000,0.00000000,0.00000000,0.00794487,0.00000000,0.00000000,0.00000000,0.00000000,0.00551432,0.00000000,0.00000000,0.00000000,0.00000000,0.00263034,0.00000000,0.00000000,0.00000000,0.00000000,0.00000000,0.00000000,0.00000000,0.00000000,0.00208093,0.02061603,0.00000000,0.00000000,0.00000000,0.00000000,0.00000000,0.00000000,0.00000000,0.00000000,0.00000000,0.00000000,0.00000000,0.00000000,0.00000000,0.00000000,0.00000000,0.00000000,0.00000000,0.00000000,0.00000000,0.00000000,0.00000000,0.00000000,0.00000000,0.00000000,0.00000000,0.00000000,0.00000000,0.00000000,0.00000000,0.00000000,0.00000000,0.00000000,0.00000000,0.01237051,0.00000000,0.00000000,0.00000000,0.00000000,0.00000000,0.00000000,0.00641599,0.00000000,0.00000000,0.00000000,3.50755670,0.07480260,0.00000000,0.00000000,0.00000000,0.00000000,0.00000000,0.00000000,0.00000000,0.00000000,0.00079633,0.00000000,0.00000000,0.00000000,0.00000000,0.00000000,0.00000000,0.00507956,0.00000000,0.00000000,0.00000000,0.00000000,0.00000000,0.00000000,0.00000000,0.00000000,0.00000000,0.00000000,0.00642787,0.00000000,0.00000000,0.00200406,0.00000000,0.00000000,0.00000000,0.00517773,0.00945578,0.00000000,0.00000000,0.00000000,0.00000000,0.00000000,0.00000000,0.00000000,0.00000000,0.00767510,0.00000000,0.01016094,0.00000000,0.00000000,0.01217778,0.00000000,0.00000000,0.00000000,0.00000000,0.00000000,0.00000000,0.00000000,0.00000000,0.00000000,0.00961971,0.00000000,0.00000000,0.01003657,0.00000000,0.00000000,0.00115333,0.00000000,0.00000000,0.00000000,0.00183340,0.64929461,0.00000000,0.00000000,0.00000000,0.00000000,0.00000000,0.00000000,0.00000000,0.00000000,0.01744981,0.00000000,0.00000000,0.00000000,0.00000000,0.00000000,0.78260338,0.00000000,0.00000000,0.00164369,0.00000000,0.00000000,0.00000000,0.00000000,0.00000000,0.00000000,0.00403065,0.00000000,0.00000000,0.00251570,0.00000000,0.00000000,0.00197509,0.00686064,0.00000000,0.00000000,0.00000000,0.00000000,0.00000000,0.01671963,0.00000000,0.00000000,0.00000000,0.00000000,0.00000000,0.00000000,0.00000000,0.00000000,0.00000000,0.00000000,0.00000000,0.00000000,0.04454238,0.00000000,0.00000000,0.00000000,0.00000000,0.00000000,0.00000000,0.00000000,0.00000000,0.00000000,0.00000000,0.00000000,0.00000000,0.00000000,0.00101683,0.02358823,0.02370963,0.00000000,0.00000000,0.00000000,0.00000000,0.12183788,0.00000000,0.00000000,0.00000000,0.00000000,0.00000000,0.00000000,0.00000000,0.00000000,0.00000000,0.00000000,0.00000000,0.00000000,0.00313376,0.00000000,0.00000000,0.00000000,0.00000000,0.00000000,0.00000000,0.00000000,0.01125174,0.00000000,0.00000000,0.00000000,0.00000000,0.00000000,0.00000000,0.00000000,0.00000000,0.00000000,0.00000000,0.00000000,0.00000000,0.00000000,0.00000000,0.00382869,0.00000000,0.00000000,0.00000000,0.00000000,0.00000000,0.00000000,0.00000000,0.00000000,0.00000000,0.01152368,0.00000000,0.00090132,0.00000000,0.04705464,0.00000000,0.00000000,0.00000000,0.00000000,0.00000000,0.00000000,0.00000000,0.00000000,0.00000000,0.00919877,0.00000000,0.00000000,0.00000000,0.00000000,0.00000000,0.00000000,0.00000000,0.00000000,0.00000000,0.00000000,0.00000000,0.00637346,0.00000000,0.00000000,0.00000000,0.00721853,0.00000000,0.01184850,0.00000000,0.00000000,0.01378668,0.00504124,0.00000000,0.00000000,0.00000000,0.00000000,0.00000000,0.00000000,0.00000000,0.00000000,0.00000000,0.00000000,0.00000000,0.00000000,0.00000000,0.00615018,0.00000000,0.00000000,0.00000000,0.00000000,0.00000000,0.00295754,0.00000000,0.00000000,0.00139192,0.00000000,0.00000000,0.00000000,0.01284755,0.00000000,0.00874506,0.00000000,0.00000000,0.00000000,0.00000000,0.00000000,0.00000000,0.00000000,0.00000000,0.00000000,0.00000000,0.00000000,0.00000000,0.00000000,0.00000000,0.00000000,0.00000000,0.00000000,0.00000000,0.00000000,0.00000000,0.00000000,0.00000000,0.00629969,0.00000000,0.00000000,0.00000000,0.00000000,0.00000000,0.00847287,0.00000000,0.00000000,0.00000000,0.00000000,0.00000000,0.00755918,0.00000000,0.00000000,1.78163637,0.00000000,0.00000000,0.00000000,0.00000000,2.57683424,0.00000000,0.00000000,0.00000000,0.00000000,0.00000000,0.00000000,0.00000000,0.00000000,0.00000000,0.00000000,0.00000000,0.00000000,0.00000000,0.00000000,0.00000000,0.00000000,0.00000000,0.00000000,0.00000000,0.00248499,0.00000000,0.00000000,0.00000000,0.00000000,0.00000000,0.00000000,0.00593030,0.00816527,0.00000000,0.00000000,0.00000000,0.00000000,0.00000000,0.00000000,0.00000000,0.00784638,0.00000000,0.00000000,0.02008087,0.00000000,0.00000000,0.00000000,0.00000000,0.00832791,0.00000000,0.00000000,0.00000000,0.00000000,0.00000000,0.00000000,0.00000000,0.00000000,0.00000000,0.03771878,0.00000000,0.00000000,0.00000000,0.00000000,0.00000000,0.00000000,0.00000000,0.00000000,0.00000000,0.00000000,0.00387957,0.00000000,0.00000000,0.00000000,0.00000000,0.00000000,0.00000000,0.00000000,0.00000000,0.00000000,0.00000000,0.00000000,0.00000000,0.00000000,0.00000000,0.00000000,0.03719430,0.00000000,0.00000000,0.00000000,0.00000000,0.19406332,0.00000000,0.00681476,0.00000000,0.00000000,0.00000000,0.00000000,0.00000000,0.00000000,0.00449661,0.00000000,0.00000000,0.00000000,0.00948877,0.00000000,0.00000000,0.00479650,0.00000000,0.00000000,0.00000000,0.00000000,0.00000000,0.00000000,0.00000000,0.00000000,0.00000000,0.01052774,0.00000000,0.00000000,0.00000000,0.00000000,0.00000000,0.40355270,0.00000000,0.00000000,0.00000000,0.00000000,0.00000000,0.00000000,0.00062278,0.00351262,0.00000000,0.00000000,0.00000000,0.00000000,0.00548008,0.00000000,0.00000000,0.04767594,0.00000000,0.00000000,0.00000000,0.00000000,0.00000000,0.00000000,0.02062224,0.00000000,0.00000000,0.00000000,0.00000000,0.00000000,0.00922622,0.00000000,0.06384581,0.00000000,0.00000000,0.00000000,0.00147637,0.00000000,0.00000000,0.00000000,0.00000000,0.00000000,0.00000000,0.00000000,0.00000000,0.00000000,0.00000000,0.00000000,0.00000000,0.00000000,0.00000000,0.00000000,0.00000000,0.00000000,0.00000000,0.00000000,0.00000000,0.00000000,0.00000000,0.00000000,0.00000000,0.00000000,0.00000000,0.00000000,0.00000000,0.00000000,0.00000000,0.00000000,0.00000000,0.00000000,0.00000000,0.00000000,0.00000000,0.01293536,0.15832100,0.00000000,0.00000000,0.00000000,0.00000000,0.00000000,0.00000000,0.00000000,0.00000000,0.00000000,0.03635030,0.00000000,0.00000000,0.00000000,0.00000000,0.00000000,0.00000000,0.00000000,0.00000000,0.00377459,0.00000000,0.00000000,0.00561791,0.00000000,0.01048190,0.00000000,0.00000000,0.00000000,0.00000000,0.25169767,0.00000000,0.00000000,0.00000000,0.00000000,0.00000000,0.00000000,0.00000000,0.00000000,0.00000000,0.00000000,0.00000000,0.00000000,0.00000000,0.00000000,0.00000000,0.00000000,0.00000000,0.00000000,2.09521477,0.00000000,0.00000000,0.00000000,0.00404312,0.00000000,0.00000000,0.00000000,0.00000000,0.00000000,0.00588745,0.00000000,0.00000000,0.00000000,0.00000000,0.00000000,0.00000000,0.00000000,0.00000000,0.00000000,0.00000000,0.00331770,0.00000000,0.00000000,0.00000000,0.00000000,0.00000000,0.00000000,0.00000000,0.00000000,0.00000000,0.00000000,0.00000000,0.00000000,0.00000000,0.00000000,0.00000000,0.00000000,0.00000000,0.00000000,0.00000000,0.00000000,0.00000000,0.00000000,0.00000000,0.00000000,0.00000000,0.00000000,0.00000000,0.00823860,0.00000000,0.00000000,0.00000000,0.00000000,0.00490958,0.00000000,0.03404534,0.00000000,0.00000000,0.00000000,0.00346587,0.00000000,0.00000000,0.00000000,0.00000000,0.00000000,0.00000000,0.00000000,0.00000000,0.00000000,0.00000000,0.00000000,0.00000000,0.00000000,0.00000000,0.00000000
0.00000000,0.00000000,0.00000000,0.00155046,0.07934461,0.00000000,0.00000000,0.00838153,0.00000000,0.00000000,0.00000000,0.00000000,0.00000000,0.00000000,0.00000000,0.00000000,0.00000000,0.00000000,0.00606602,0.00000000,0.00505873,0.00000000,0.00000000,0.00000000,0.00000000,0.00000000,0.00000000,0.00000000,0.00000000,0.00000000,0.00000000,0.00000000,0.01576895,0.00000000,0.00000000,0.00000000,0.00000000,0.00000000,0.00000000,0.00000000,0.00000000,0.02394130,0.00000000,0.00000000,0.00000000,0.00000000,0.00000000,0.00000000,0.00000000,0.00000000,0.00000000,0.00000000,0.01093957,0.00000000,0.00000000,0.00000000,0.00000000,0.00000000,0.00000000,0.00000000,0.00000000,0.00000000,0.02982092,0.00000000,0.00000000,0.00000000,0.00000000,0.00000000,0.00000000,0.00000000,0.00000000,0.00000000,0.00000000,0.00000000,0.00000000,0.00317697,0.00000000,0.00000000,0.00000000,0.00000000,0.00000000,0.00000000,0.00000000,0.00000000,0.00000000,0.00288357,0.00971418,0.00000000,0.00000000,0.00000000,0.00000000,0.05424026,0.00000000,0.00000000,0.00000000,0.00000000,0.00000000,0.00000000,0.00000000,0.00000000,0.01719817,0.00000000,0.31629820,0.00000000,0.00000000,0.00000000,0.00000000,0.00000000,0.00000000,0.00000000,0.00000000,0.00135160,0.00000000,0.00000000,0.00300978,0.00000000,0.03143483,0.00000000,0.00000000,0.00000000,0.00000000,0.00000000,0.00000000,0.00000000,2.93725175,0.00000000,0.00772685,0.00000000,0.00000000,0.00000000,0.00260294,0.00000000,0.00000000,0.00000000,0.00000000,0.00000000,0.00000000,0.00000000,0.00290618,0.00000000,0.00000000,0.00764614,0.00000000,0.00000000,0.00000000,0.00000000,0.00056749,0.00000000,0.00000000,0.00000000,0.00000000,0.00790483,0.00000000,0.00000000,0.00000000,0.00000000,0.00000000,0.00000000,0.00000000,0.10279783,0.00000000,0.00000000,0.01843521,0.00000000,0.00000000,0.00679413,0.00000000,0.00654245,0.00000000,0.00000000,0.00000000,0.00000000,0.00000000,0.00127966,0.00000000,0.00000000,0.00000000,0.00000000,0.00000000,0.00000000,0.00000000,0.00000000,0.00000000,0.00000000,0.00000000,0.00000000,0.00070488,0.00000000,0.00000000,0.00000000,0.00000000,0.00000000,0.00000000,0.03309712,0.00000000,0.00000000,0.00000000,0.00000000,0.00000000,0.00000000,0.00000000,0.00000000,0.00000000,0.00000000,0.00000000,0.00000000,0.00000000,0.00000000,0.00000000,0.00000000,0.00000000,0.00000000,0.00433900,0.00000000,0.00000000,0.00000000,0.00000000,0.00000000,0.00168227,0.00000000,0.00000000,0.00000000,0.00000000,0.00000000,0.00000000,0.00000000,0.00000000,0.00000000,0.00315324,0.00000000,0.00000000,0.00000000,0.00000000,0.00000000,0.00000000,0.00000000,0.00000000,0.00000000,0.00000000,0.00000000,0.00000000,0.00000000,0.00000000,0.00000000,0.00000000,0.00000000,0.00000000,0.00000000,0.00000000,0.00000000,0.00000000,0.00000000,0.00000000,0.00000000,0.00000000,0.00000000,0.00000000,0.00000000,0.00000000,0.00201132,0.00000000,0.00000000,0.00000000,0.00140772,0.00000000,0.00000000,0.00000000,0.00000000,0.00000000,0.42605859,0.00000000,0.00000000,0.00000000,0.00000000,0.00000000,0.00000000,0.00000000,0.00000000,0.00000000,0.00000000,0.04990116,0.00000000,0.00000000,0.00542822,0.00000000,0.00000000,0.00000000,0.00000000,0.00000000,0.00000000,0.00000000,3.28942597,0.00000000,0.00000000,0.02888248,0.00353852,0.00000000,0.00000000,0.00000000,0.00000000,0.00000000,0.00000000,0.00000000,0.00000000,0.00000000,0.00148893,0.00000000,0.00000000,0.00000000,0.00000000,0.00000000,0.00000000,0.00000000,0.00000000,0.00000000,0.00893694,0.00000000,0.00000000,0.00000000,0.00000000,0.00000000,0.00000000,0.00000000,0.00000000,0.00343690,0.00000000,0.00000000,0.00000000,0.00000000,0.00000000,0.10051305,0.00000000,0.00000000,0.00000000,0.00000000,0.00000000,0.00000000,0.00000000,0.00000000,0.00000000,0.00000000,0.00000000,0.00000000,0.00000000,0.00000000,0.00000000,0.00000000,0.00000000,0.00000000,0.00000000,0.00000000,0.00000000,0.00000000,0.01219457,0.00000000,0.00000000,0.00000000,0.00000000,0.00000000,0.00000000,0.00000000,0.00000000,0.04160839,0.00124917,0.00000000,0.00000000,0.04084604,0.00000000,0.00000000,0.00000000,0.00000000,0.00000000,0.00000000,0.00000000,0.00000000,0.00000000,0.00000000,0.01950602,0.00000000,0.00000000,0.00000000,0.00000000,0.00000000,0.00000000,0.00000000,0.00000000,0.00000000,0.00000000,0.00000000,0.00000000,0.00000000,0.00000000,0.00000000,0.00425386,0.00000000,0.00000000,0.00000000,0.00000000,0.00000000,0.00000000,0.16787600,0.00000000,0.00000000,0.00000000,0.00000000,0.00000000,0.00000000,0.00000000,0.00000000,0.00000000,0.00052397,0.00684058,0.00000000,0.00000000,0.00000000,0.00000000,0.00000000,0.00000000,0.00000000,0.00000000,0.00000000,0.00000000,0.00000000,0.00000000,0.00000000,0.00000000,0.00000000,0.00000000,0.00000000,0.00000000,0.00000000,0.00000000,0.00000000,0.00000000,0.00000000,0.00000000,0.00000000,0.00000000,0.00000000,0.00000000,0.00000000,0.00000000,0.00000000,0.00000000,0.26402139,0.00000000,0.00000000,0.01181626,0.00000000,0.00000000,0.01376579,0.00000000,0.00000000,0.00000000,0.00000000,0.00000000,0.00000000,0.00000000,0.00000000,0.00000000,0.00000000,0.00000000,0.00000000,0.03432921,1.61098200,0.00000000,0.00000000,0.06971987,0.00000000,0.00000000,0.00000000,0.00000000,0.00000000,0.00000000,0.00000000,0.00000000,0.00000000,0.00000000,0.00000000,0.00679719,0.00000000,0.00000000,0.00000000,0.01804707,0.06640862,0.00000000,0.00000000,0.00000000,0.00000000,0.00000000,0.00000000,0.00000000,0.00000000,0.00000000,0.00307407,0.00000000,0.00000000,0.00000000,0.00000000,0.00000000,0.00000000,0.00543508,0.00000000,0.00000000,0.00000000,0.00000000,0.00000000,0.00000000,0.00000000,0.00000000,0.00000000,0.00000000,0.00000000,0.02557965,0.00000000,0.00000000,0.01768163,0.00000000,0.00000000,0.00000000,0.00000000,0.00000000,0.00000000,0.00000000,0.00128499,0.00000000,0.00000000,0.00000000,0.00000000,0.03733195,0.01354543,0.00000000,0.00000000,0.00180791,0.00000000,0.00000000,0.00000000,0.00000000,0.00000000,0.00355379,0.00000000,0.00000000,0.00000000,0.00194556,0.00000000,0.00000000,0.00075114,0.00000000,0.00000000,0.00000000,0.00000000,0.00000000,0.00000000,0.00000000,0.00000000,0.00000000,0.00000000,0.00000000,0.00000000,0.00000000,0.01276873,0.00000000,0.00000000,0.00000000,0.00000000,0.00462153,0.00000000,0.00000000,0.00000000,0.00000000,0.00000000,0.00000000,0.00000000,0.00000000,0.00000000,0.00000000,0.00000000,0.00110250,0.00000000,0.00000000,0.06142890,0.00000000,0.00000000,0.00000000,0.00000000,0.00000000,0.00000000,0.00000000,0.00000000,0.00000000,0.00000000,0.00000000,0.00000000,0.00000000,0.00000000,0.00000000,0.00000000,0.00450253,0.00000000,0.00000000,0.00000000,0.00000000,0.39191611,0.00000000,0.00000000,0.00000000,0.00000000,0.00378173,0.00000000,0.00947135,0.00000000,0.00000000,0.00000000,0.00000000,0.00000000,0.00721538,0.00000000,0.00000000,0.00199717,0.00000000,0.00000000,0.00000000,0.00000000,0.00000000,0.00000000,0.00000000,0.00000000,0.05340587,0.00000000,0.00000000,0.00000000,0.00000000,0.01242533,0.01021611,0.00000000,0.00000000,0.00000000,0.00000000,0.00000000,0.00000000,0.00000000,0.00532115,0.00000000,0.00000000,0.00000000,0.00000000,0.00000000,0.00000000,0.00000000,0.00000000,0.00173293,0.00000000,0.00000000,0.00210122,0.00000000,0.00000000,0.00000000,0.00000000,0.00000000,0.00000000,0.00000000,0.00000000,0.00000000,0.00000000,0.03598559,0.00000000,0.00000000,0.00000000,0.00000000,0.00144352,0.00000000,0.00000000,0.00944539,0.00000000,0.00000000,0.00000000,0.00000000,0.00000000,0.00376454,0.00415538,0.00441167,0.00000000,0.00000000,0.00000000,0.00000000,0.00000000,0.00000000,0.00000000,0.00000000,0.00000000,0.00000000,0.00000000,0.00000000,0.00000000,0.00112602,0.00000000,0.00000000,0.00000000,0.00000000,0.00389036,0.00000000,0.00000000,0.00000000,0.00000000,0.00000000,0.00000000,0.02624130,0.00000000,0.00000000,0.00167093,0.00000000,0.00000000,0.00000000,0.00000000,0.00000000,0.00000000,0.05394073,0.00000000,0.00000000,0.00000000,0.02175303,0.00000000,0.00873515,0.00000000,0.03438468,0.00000000,0.00000000,0.00000000,0.00000000,0.00000000,0.00000000,0.00000000,0.00000000,0.00000000,0.00000000,0.12979536,0.00000000,0.00000000,0.00000000,0.00000000,0.00000000,0.00000000,0.01393306,0.00000000,0.00000000,0.00000000,0.00000000,0.00000000,0.00000000,0.00000000,0.00000000,0.00000000,0.00000000,0.00000000,0.00000000,0.00000000,0.00000000,0.00000000,0.00000000,0.00000000,0.00981814,0.00000000,0.00000000,0.00000000,0.00000000,0.00000000,0.00000000,0.00000000,0.00000000,0.00000000,0.00000000,0.00000000,0.00000000,0.00000000,0.00000000,0.00000000,0.00000000,0.00000000,0.00000000,0.00000000,0.00000000,0.00000000,0.00000000,0.00000000,0.00286240,0.00000000,0.00000000,0.00857737,0.00000000,0.00000000,0.00000000,0.00000000,0.00000000,0.00000000,0.00000000,0.00556001,0.00140386,0.00000000,0.00000000,0.10730012
0.00000000,0.00000000,0.00000000,0.00000000,0.00000000,0.00000000,0.01110348,0.00000000,0.00000000,0.00000000,0.00000000,0.00000000,0.00000000,0.00000000,0.00000000,0.00000000,0.10595189,0.00913920,0.00000000,0.00000000,0.00000000,0.00000000,0.00000000,0.00519927,0.01386865,0.00000000,0.00000000,0.00000000,0.02213747,0.00000000,0.00000000,0.00000000,0.01107566,0.00000000,0.00000000,0.00000000,0.00000000,0.00639652,0.00000000,0.00000000,0.00000000,0.00000000,0.00000000,0.00000000,0.00000000,0.00000000,0.00000000,0.00000000,0.00000000,0.00000000,0.00166049,0.00000000,0.00000000,0.00000000,0.00000000,0.00000000,0.00000000,0.00000000,0.00000000,0.01245250,0.04848297,0.00000000,0.00326383,0.00000000,0.00000000,0.02334089,0.00000000,0.00000000,0.00000000,0.00000000,0.00000000,0.00000000,0.00000000,0.00125193,0.00000000,0.00000000,0.00000000,0.00000000,0.00000000,0.00000000,0.00671539,0.00000000,0.00000000,0.00000000,0.00000000,0.00000000,0.00000000,0.00000000,0.04037577,0.00767710,0.00000000,0.00709696,0.00367734,0.00000000,0.00000000,0.00000000,0.00000000,0.00000000,0.00000000,0.00548796,0.00000000,0.00000000,0.00000000,0.00000000,0.00000000,0.00000000,0.00000000,0.00000000,0.00000000,0.00000000,0.00000000,0.00000000,0.00000000,0.00000000,0.00000000,0.00000000,0.00000000,0.00000000,0.00000000,0.00000000,0.00000000,0.00000000,0.00000000,0.00000000,0.00000000,0.00000000,0.00000000,0.00000000,0.00000000,0.00355229,0.00000000,0.00000000,0.00000000,0.00000000,0.00000000,0.00000000,0.00000000,0.00000000,0.00000000,0.00000000,0.00000000,0.00000000,0.00000000,0.00000000,0.00000000,0.00000000,0.00000000,0.00000000,0.00000000,0.00000000,0.00000000,0.00737537,0.00000000,0.00000000,0.00000000,0.00000000,0.00000000,0.00311582,0.00000000,0.00000000,1.27830505,0.00000000,0.00000000,0.00000000,0.00000000,0.00000000,0.00000000,0.00000000,0.00000000,0.00000000,0.00000000,0.00592977,0.00000000,0.00000000,0.00000000,0.00000000,0.00000000,0.00000000,0.00000000,0.00000000,0.00000000,0.00000000,0.00000000,0.06666152,0.00000000,0.00000000,0.00000000,0.00000000,0.00000000,0.00000000,0.00000000,0.00000000,0.00000000,0.01863357,0.00000000,0.00000000,0.00000000,0.00000000,0.00000000,0.00000000,0.00000000,0.00000000,0.00000000,0.00000000,2.27130201,0.01698307,0.00000000,0.00000000,0.00000000,0.00000000,0.00000000,0.00000000,0.22001180,0.00000000,0.00000000,0.00000000,0.00000000,0.00000000,0.00000000,0.66294343,0.00000000,0.00475725,0.00000000,0.00000000,0.00000000,0.00000000,0.07849099,0.00000000,0.00516137,0.00000000,0.00548433,0.00000000,0.00000000,0.00000000,0.00000000,0.00000000,0.00000000,0.00000000,0.00000000,0.00000000,0.01505396,0.00100477,0.00000000,0.00000000,0.00000000,0.04543623,0.00469510,0.00000000,0.00000000,0.06535244,0.00576229,0.00000000,0.00000000,0.00000000,0.00000000,0.00971477,0.00000000,0.00000000,0.00000000,0.01800259,0.00000000,0.00000000,0.00000000,0.00000000,0.00932685,0.00000000,0.00000000,0.00000000,0.00000000,0.00000000,0.00000000,0.00000000,0.00000000,0.00000000,0.00000000,0.00000000,0.00000000,0.00000000,0.00000000,0.00000000,0.00000000,0.02358580,0.00000000,0.05566030,0.00000000,0.00000000,0.00799277,0.00000000,0.00000000,0.00000000,0.00000000,0.00000000,0.00000000,0.00000000,0.00000000,0.00000000,0.00000000,0.00551063,0.00000000,0.00000000,0.00000000,0.00000000,0.00000000,0.00000000,0.00000000,0.00000000,0.00000000,0.00000000,0.00000000,0.00000000,0.00000000,0.00000000,0.00000000,0.00000000,0.00000000,0.00000000,0.00000000,0.00095666,0.00000000,0.00000000,0.00000000,0.00000000,0.00000000,0.00000000,0.00000000,0.00000000,0.00000000,0.00000000,0.00000000,0.00000000,0.00630380,0.00211733,0.00000000,0.02407666,0.67520995,0.00000000,0.00154911,0.00000000,0.00000000,0.00000000,0.00000000,0.00000000,0.00000000,0.00000000,0.00000000,0.00000000,0.00000000,0.00000000,0.00000000,0.00000000,0.00000000,0.00000000,0.00711509,0.00000000,0.00000000,0.00000000,0.00000000,0.00000000,0.00000000,0.00000000,0.00000000,0.00000000,0.00200760,0.00000000,0.00000000,0.00000000,0.00000000,0.00000000,0.00000000,0.00000000,0.00000000,0.00000000,0.00000000,0.00000000,0.00000000,0.00000000,0.00000000,0.00212805,0.00000000,0.00000000,0.16182052,0.00000000,0.00000000,0.00000000,0.00000000,0.00000000,0.00000000,0.00000000,0.00000000,0.00000000,0.00000000,0.00000000,0.00000000,0.00000000,0.00000000,0.00993275,0.00000000,0.00000000,0.00000000,0.00000000,0.00000000,0.00000000,0.00574756,0.00000000,0.00000000,0.00340734,0.00000000,0.00000000,0.00000000,0.00000000,0.00000000,0.00000000,0.00000000,0.00000000,0.23039118,0.00000000,0.00000000,0.00000000,0.00000000,0.00000000,0.00000000,0.00901229,0.00000000,0.00000000,0.00000000,0.00000000,0.00653374,0.00000000,0.00000000,0.00000000,0.00000000,0.00000000,0.00000000,0.00000000,0.00000000,0.00000000,0.00219773,0.00000000,0.00000000,0.00000000,0.00184093,0.00000000,0.00000000,0.05795528,0.00000000,0.00000000,0.00000000,0.00000000,0.00000000,0.00000000,0.00000000,0.00000000,0.00000000,0.47200476,0.01321733,0.00000000,0.00000000,0.00000000,0.05060372,0.00000000,0.00000000,0.00000000,0.00000000,0.00000000,0.00000000,0.00000000,0.00910737,0.00000000,0.00000000,0.00000000,0.05637475,0.02128068,0.00000000,0.00000000,0.00000000,0.00000000,0.00000000,0.00000000,0.00000000,0.00000000,0.00000000,0.00581580,0.01451563,0.00000000,0.00000000,0.00000000,0.00000000,0.00000000,0.00000000,0.00000000,0.00000000,0.00000000,0.00000000,0.00000000,0.00000000,0.00000000,0.00000000,0.00000000,0.00000000,0.00000000,0.00437506,0.00000000,0.00000000,0.00000000,0.00000000,0.00000000,0.00000000,1.09723719,0.00000000,0.00000000,0.00000000,0.00000000,0.00412238,0.00271075,0.00000000,0.00000000,0.00000000,0.00000000,0.00000000,0.00000000,0.03836811,0.00000000,0.00000000,0.00000000,0.02375976,0.00000000,0.00081986,0.00000000,0.00000000,0.00000000,0.00000000,0.00000000,0.00000000,0.00000000,0.00000000,0.00000000,0.00000000,0.00109893,0.00000000,0.00000000,0.00000000,0.00000000,0.00000000,0.00000000,0.00625403,0.00000000,0.00000000,0.00000000,0.00000000,0.00000000,0.00000000,0.00000000,0.00000000,0.00000000,0.00000000,0.00000000,0.00000000,0.00000000,0.00000000,0.00000000,0.00000000,0.00000000,0.01669245,0.00000000,0.01141323,0.00000000,0.00000000,0.00000000,0.00000000,0.00000000,0.00000000,0.00000000,0.00000000,0.01117166,0.00000000,0.00000000,0.00000000,0.00000000,0.00000000,0.00000000,0.00000000,0.00000000,0.00000000,0.00000000,0.00000000,0.00000000,0.00000000,0.00000000,0.00000000,0.00674424,0.00000000,0.00000000,0.03518188,0.00431477,0.00000000,0.00000000,0.00000000,0.00000000,0.00000000,0.00000000,0.00000000,0.00000000,0.00000000,0.00000000,0.00000000,0.05588781,0.00000000,0.00000000,0.00000000,0.00000000,0.00000000,0.00238973,0.00000000,0.00000000,0.00000000,0.00000000,0.00000000,0.00188865,0.00000000,0.00000000,0.00000000,0.00000000,0.00000000,0.00000000,0.00837359,0.00000000,0.03292257,0.00000000,0.00000000,0.00000000,0.00000000,0.00000000,0.10748284,0.00000000,0.00176403,0.00000000,0.00000000,0.00000000,0.00000000,0.00000000,0.16446357,0.00000000,0.00000000,0.00000000,0.00000000,0.00000000,0.00000000,0.00000000,0.00000000,0.00000000,0.00000000,0.00000000,0.00000000,0.00000000,0.00000000,0.00000000,0.00000000,0.00000000,0.00000000,0.00000000,0.00000000,0.00000000,0.00000000,0.00000000,0.00167893,0.00000000,1.15125858,0.00000000,0.00000000,0.00000000,0.00000000,0.00000000,0.00000000,0.00000000,0.00000000,0.00000000,0.00000000,0.00000000,0.00000000,0.00000000,0.00000000,0.00000000,0.00000000,0.00792874,0.00000000,0.00000000,0.00000000,0.00000000,0.00000000,0.00000000,0.00000000,0.00000000,0.00000000,0.00000000,0.00000000,0.00000000,0.00000000,0.00000000,0.00000000,0.00000000,0.00000000,0.00000000,0.00000000,0.00000000,0.00000000,0.00000000,0.00000000,0.00000000,0.00000000,0.00000000,0.00000000,0.00000000,0.00000000,0.00000000,0.00000000,0.00000000,0.00000000,0.00000000,0.00498406,0.00498218,0.00000000,0.00000000,0.00000000,0.00000000,0.00000000,0.00000000,0.00000000,0.00000000,0.01583922,0.00000000,0.00000000,0.05002684,0.00000000,0.00000000,0.00000000,0.00000000,0.00000000,0.00000000,0.00000000,0.00000000,0.00000000,0.00000000,0.00000000,0.00000000,0.00000000,0.00000000,0.00000000,0.00000000,0.00000000,0.00000000,0.00000000,0.00000000,0.00000000,0.00000000,0.78227703,0.05283242,0.00050366,0.01541915,0.00000000,0.00000000,0.00000000,0.00384518,0.00000000,0.00000000,0.00470781,0.00000000,0.00000000,0.00000000,0.00000000,0.00144041,0.00000000,0.00000000,0.00000000,0.00000000,0.00000000,0.00000000,0.00000000,0.00000000,0.00000000,0.06114396,0.00000000,0.00365694,0.00000000,0.00000000,0.00000000,0.00000000,0.00000000,0.00000000,0.00000000,0.00000000,0.00000000,0.00000000,0.00000000,0.00000000,0.00000000,0.00000000,0.00000000,0.00000000,0.00000000,0.00000000
0.00000000,0.00000000,0.00000000,0.01535900,0.00000000,0.00000000,0.00346145,0.00000000,0.00000000,0.00470056,0.00000000,0.00000000,0.00000000,0.00000000,0.00000000,0.00000000,0.01762785,0.00000000,0.00000000,0.00000000,0.02635367,0.00000000,0.00000000,0.00000000,0.00000000,0.00638281,0.00000000,0.00000000,0.00000000,0.00000000,0.00000000,0.00000000,0.00000000,0.00000000,0.00000000,0.00651079,0.00000000,0.00000000,0.00000000,0.00000000,0.00000000,0.00000000,0.00000000,0.00000000,0.00000000,0.00000000,0.01502204,0.00000000,0.00000000,0.00990057,0.00000000,0.00000000,0.00000000,0.00601839,0.00000000,0.00365707,0.00000000,0.00000000,0.00000000,0.00000000,0.00646894,0.00000000,0.00000000,0.00000000,0.00000000,0.00000000,0.00000000,0.00000000,0.00000000,0.00000000,0.00000000,0.00000000,0.00000000,0.00279336,0.00000000,0.00000000,0.00000000,0.00000000,0.00000000,0.00000000,0.00000000,0.00000000,0.00000000,0.00000000,0.00000000,0.01999977,0.15000174,0.00000000,0.00000000,0.00000000,0.00000000,0.00000000,0.00000000,0.00000000,0.00000000,0.00000000,0.00000000,0.00000000,0.59305109,0.00644566,0.00000000,0.00000000,0.00000000,0.00000000,0.00000000,0.00000000,0.00000000,0.00000000,0.00000000,0.00000000,0.00000000,0.00000000,0.00000000,0.00000000,0.00000000,0.00109898,0.00000000,0.00273894,0.00000000,0.00000000,0.00000000,0.00000000,0.00000000,0.00000000,0.00000000,0.00000000,0.00000000,0.00000000,0.00000000,0.00000000,0.00000000,0.00000000,0.00000000,0.27655088,0.00000000,0.00000000,0.00000000,0.00000000,0.00000000,0.00306973,0.00000000,0.00000000,0.00000000,0.00000000,0.00000000,0.00000000,0.00000000,0.00000000,0.00000000,0.00758921,0.00000000,0.00000000,0.00000000,0.00000000,0.00000000,0.00000000,0.00000000,0.00000000,0.00000000,0.00000000,0.00000000,0.00000000,0.00000000,0.03951926,0.00000000,0.00000000,0.00000000,0.00000000,0.00000000,0.00000000,0.00000000,0.00000000,0.00902726,0.00000000,0.00000000,0.00000000,0.00000000,0.00000000,0.00000000,0.00000000,0.00000000,0.00000000,0.00000000,0.00000000,0.00000000,0.00000000,0.00000000,0.00000000,0.01157343,0.00000000,0.00000000,0.00000000,0.00297644,0.01101180,0.00000000,0.00000000,0.00000000,0.00000000,0.00000000,0.00000000,0.00000000,0.00000000,0.00000000,0.00000000,0.00000000,0.00000000,0.00000000,0.00000000,0.00000000,0.00000000,0.00281980,0.00000000,0.00468175,0.00000000,0.00000000,0.00000000,1.82531121,0.00000000,0.00000000,0.00000000,0.00128868,0.06992504,0.00000000,0.00000000,0.02789583,0.00000000,0.00000000,0.00000000,0.00000000,0.00000000,0.00266316,0.00000000,0.00000000,0.00000000,0.00000000,0.00000000,0.00000000,0.00000000,0.00000000,0.00406496,0.00310957,0.00000000,0.00000000,0.00000000,0.00000000,0.00000000,0.00000000,0.00000000,0.00000000,0.00000000,0.00000000,0.00000000,0.00000000,0.00000000,0.00000000,0.07407885,0.00000000,0.00000000,0.00000000,0.00000000,0.00000000,0.00000000,0.00000000,0.00000000,0.00000000,0.00000000,0.00000000,0.00000000,0.00000000,0.00755520,0.00000000,0.00000000,0.00000000,0.00000000,0.00000000,0.00000000,0.00000000,0.00000000,0.00000000,0.00000000,0.00000000,0.00000000,0.00244828,0.00000000,0.00000000,0.00000000,0.00000000,0.00000000,0.00000000,0.00000000,0.02446604,0.00000000,0.00000000,0.00055823,0.00000000,0.00000000,0.00000000,0.00000000,0.00000000,0.00000000,0.00000000,0.00000000,0.00195249,0.00000000,0.05477503,0.00000000,0.02993224,0.00000000,0.00000000,0.00336893,0.00000000,0.00000000,0.00000000,0.00000000,0.00961069,0.00000000,0.00000000,0.00000000,0.00000000,0.00000000,0.00000000,0.03207120,0.01775949,0.00000000,0.00000000,0.00000000,0.00000000,0.00000000,0.00000000,0.00000000,0.00000000,0.00000000,0.00000000,0.00000000,0.00000000,0.00000000,0.00000000,0.00000000,0.00000000,0.00000000,0.02624042,0.00000000,0.00000000,0.00000000,0.00000000,0.00000000,0.01940874,0.00000000,0.00000000,0.00000000,0.21732138,0.00000000,0.00641918,0.00000000,0.00000000,0.00000000,0.00000000,0.00000000,0.00000000,0.00000000,0.00000000,0.00000000,0.00000000,0.00000000,0.00000000,0.00000000,0.00000000,0.00000000,0.00000000,0.00000000,0.00000000,0.00000000,0.00000000,0.00000000,0.00000000,0.10213339,0.00000000,0.00000000,0.00000000,0.00000000,0.00000000,0.00000000,0.00000000,0.00000000,0.00000000,0.00000000,0.00000000,0.00000000,0.00000000,0.00000000,0.00000000,0.00000000,0.00000000,0.00000000,0.00000000,0.00000000,0.00000000,0.00000000,0.00000000,0.00000000,0.00000000,0.00000000,0.00000000,0.00000000,0.00000000,0.01948956,0.00000000,0.00000000,0.00000000,0.00000000,0.00000000,0.00000000,0.00000000,0.00000000,0.00000000,0.00204897,0.00000000,0.00000000,0.84285566,0.00000000,0.01831343,0.00000000,0.00000000,0.00000000,0.00000000,0.00000000,0.00000000,0.00000000,0.01958712,0.00000000,0.01559176,0.00000000,0.00110524,0.00000000,0.00000000,0.00000000,0.00000000,0.00000000,0.00000000,0.00000000,0.00000000,0.00000000,0.00000000,0.00000000,0.00000000,0.00000000,0.00000000,0.00000000,0.00000000,0.04146366,0.00000000,0.00000000,0.06598147,0.00000000,0.00000000,0.00000000,0.00000000,0.01903925,0.00000000,0.00000000,0.00000000,0.01190259,0.00000000,0.00000000,0.00085568,0.00000000,0.00000000,0.00000000,0.00000000,0.07020363,0.00000000,0.00000000,0.00000000,0.00000000,0.00755918,0.00000000,0.00000000,0.00000000,0.00000000,0.00000000,0.00000000,0.00000000,0.00000000,0.00000000,0.00000000,0.00000000,0.00000000,0.00648400,0.00000000,0.00415539,0.00622169,0.00000000,0.00000000,0.00000000,0.00000000,0.00000000,0.00000000,0.00000000,0.00000000,0.00929223,0.00000000,0.00000000,0.00000000,0.00000000,0.00158043,0.00000000,0.00000000,0.00000000,0.00000000,0.01936499,0.47944088,0.00000000,0.00000000,0.00000000,0.04902673,0.00000000,0.00000000,0.00000000,0.00000000,0.00000000,0.00000000,0.00000000,0.00000000,0.00000000,0.00169075,0.00000000,0.00000000,0.00000000,0.00000000,0.13395555,0.00000000,0.00000000,0.00000000,0.00000000,0.00000000,0.00000000,0.00185613,0.00000000,0.00000000,0.00718143,0.00000000,0.00000000,0.00000000,0.00000000,0.00000000,0.01442275,0.00000000,0.00000000,0.00000000,0.00000000,0.00000000,0.00000000,0.00000000,0.00000000,0.00000000,0.00000000,0.00000000,0.00000000,0.00000000,0.00000000,0.00000000,0.00000000,0.00000000,0.00756077,0.00000000,0.00000000,0.00000000,0.00000000,0.00140526,0.00000000,0.00000000,0.00000000,0.00000000,0.00000000,0.00000000,0.00000000,0.00000000,0.00000000,0.03424158,0.00000000,0.01126337,0.00000000,0.00000000,0.00000000,0.00000000,0.00000000,0.00000000,0.00000000,0.00000000,0.00000000,0.00000000,0.00000000,0.00000000,0.00000000,0.00000000,0.00000000,0.00000000,0.00000000,1.66842408,0.00000000,0.00000000,0.00000000,0.00000000,0.00960180,0.00000000,0.00000000,0.00000000,0.00330645,0.00000000,0.00000000,0.00000000,0.01815699,0.00000000,0.05516051,0.00000000,0.00000000,0.00000000,0.00000000,0.05902675,0.00000000,0.00000000,0.00000000,0.00234912,0.00000000,0.00000000,0.00000000,0.00000000,0.00000000,0.02568646,0.00000000,0.00000000,0.00000000,0.00000000,0.00000000,0.00000000,0.00000000,0.00000000,0.00000000,0.00000000,0.00000000,0.40381007,0.00000000,0.00000000,0.00000000,0.00000000,0.00000000,0.00000000,0.00000000,0.00000000,0.00000000,0.00000000,0.00000000,0.00000000,0.00000000,0.00000000,0.00767236,0.00000000,0.00000000,0.00000000,0.00606132,0.00000000,0.00000000,0.00000000,0.00000000,0.00268934,0.00000000,0.00000000,0.00000000,0.00000000,0.00000000,0.00000000,0.00000000,0.00000000,0.00000000,0.00000000,0.00000000,0.00000000,0.00000000,0.00000000,0.00000000,0.00000000,0.00000000,0.13226143,0.00000000,0.00000000,0.00000000,0.00000000,0.00000000,0.00000000,0.00000000,0.00000000,0.00000000,0.00000000,0.00907910,0.00000000,0.00000000,0.00000000,0.00000000,0.00000000,0.00000000,0.03033858,0.00000000,0.00000000,0.00000000,0.00000000,0.00588366,0.00000000,0.00584259,0.00000000,0.00000000,0.00000000,0.00000000,0.00443158,0.00000000,0.00320734,0.00000000,0.00000000,0.00000000,0.00000000,0.00645918,0.00000000,0.00000000,0.00000000,0.00000000,0.00000000,0.00000000,0.00275610,0.00000000,0.00000000,0.00000000,0.00000000,0.09927689,0.00000000,0.00000000,0.00000000,0.00000000,0.00000000,0.00000000,0.00000000,0.00000000,0.00000000,0.00000000,0.00000000,0.00000000,0.00000000,0.00000000,0.00000000,0.01138101,0.00000000,0.00000000,0.00000000,0.00000000,0.00000000,0.00517487,0.00000000,0.00000000,0.00564247,0.00000000,0.00000000,0.00000000,0.00000000,0.00000000,0.00000000,0.00000000,0.00000000,0.00000000,0.00000000,0.00000000,0.00000000,0.00435347,0.00000000,0.00000000,0.00000000,0.00000000,0.00000000,0.00000000,0.00000000,0.00000000,0.00000000,0.00000000,0.00000000,0.00000000,0.00000000,0.00000000,0.00000000,0.00000000,0.00000000,0.00874862,0.00000000,0.01271356,0.10611466,0.00000000,0.00000000,0.00000000,0.00000000,0.00000000,0.00763674,0.00000000,0.00000000,0.00000000
0.00000000,0.00000000,0.01033963,0.00000000,0.00000000,0.00000000,0.00000000,0.00000000,0.00000000,0.00000000,0.00000000,0.00000000,0.00000000,0.00000000,0.00000000,0.00822472,0.00000000,0.00773628,0.00000000,0.01583132,0.00000000,0.03168238,0.00000000,0.00000000,0.00000000,0.00000000,0.00000000,0.00000000,0.00000000,0.00000000,0.00000000,0.00552187,0.00000000,0.00000000,0.00091774,0.00000000,0.00000000,0.00000000,0.00000000,0.00000000,0.00000000,0.00000000,0.00000000,0.00000000,0.00000000,0.00401599,0.00233049,0.00000000,0.00000000,0.00000000,0.00000000,0.00000000,0.00000000,0.00000000,0.00000000,0.00000000,0.00000000,0.00000000,0.00000000,0.00000000,0.00000000,0.00000000,0.00000000,0.00000000,0.00000000,0.00000000,0.00000000,0.00000000,0.01165816,0.00000000,0.00000000,0.00000000,0.01960124,0.00184494,0.00000000,0.00000000,0.00000000,0.00000000,0.00000000,0.03152945,0.00560143,0.00000000,0.00000000,0.00000000,0.00000000,0.00000000,0.00000000,0.03661007,0.00000000,0.00000000,0.00000000,0.00000000,0.00000000,0.00000000,0.00000000,0.00000000,0.00000000,0.00000000,0.00000000,0.00000000,0.00000000,0.00000000,0.00000000,0.00000000,0.00000000,0.55438508,0.00000000,0.00000000,0.00000000,0.00000000,0.00000000,0.00000000,0.00000000,0.00000000,0.00000000,0.00000000,0.00000000,0.00000000,0.00000000,0.00000000,0.00243555,0.00000000,0.00000000,0.01322895,0.00000000,0.00000000,0.00000000,0.00000000,0.00000000,0.13436800,0.00000000,0.00000000,0.00000000,0.00000000,0.00000000,0.00000000,0.00000000,0.00000000,0.00000000,0.00000000,0.00000000,0.00000000,0.00000000,0.00000000,0.00000000,0.00000000,0.00000000,0.00000000,0.00680590,0.00000000,0.00000000,0.00000000,0.00000000,0.00418640,0.00000000,0.00000000,0.00000000,0.00000000,2.79575523,2.84656631,0.00000000,0.00000000,0.00085403,0.00000000,0.00000000,0.00000000,0.00000000,0.00000000,0.00000000,0.00000000,0.00000000,0.00000000,0.00000000,0.00000000,0.00000000,0.00000000,0.00000000,0.00000000,0.00000000,0.00638212,0.33454090,0.31216568,0.00000000,0.00000000,0.00000000,0.00000000,0.00000000,0.00000000,0.00000000,0.00000000,0.00945578,0.00000000,0.00000000,0.00305640,0.03323879,0.00000000,0.00056061,0.00000000,0.00000000,0.00801679,0.19444333,0.00000000,0.00000000,0.00000000,0.00000000,0.00000000,0.00000000,0.00000000,0.00000000,0.00000000,0.00000000,0.00000000,0.00000000,0.00000000,0.00000000,0.02055749,0.00000000,0.00000000,0.00000000,0.03054385,0.00554957,0.00000000,0.00000000,0.00000000,0.00000000,0.00754474,0.00000000,0.00000000,0.00000000,0.00000000,0.00000000,0.00000000,0.00000000,0.00000000,0.00000000,0.00000000,0.00000000,0.00000000,0.00000000,0.00000000,0.00000000,0.00000000,0.00000000,0.00000000,0.00000000,0.00000000,0.00000000,0.00000000,0.00000000,0.00000000,0.00000000,0.00000000,0.00000000,0.00000000,0.00000000,0.00000000,0.00000000,0.00248628,0.00000000,0.00000000,0.00000000,0.00000000,0.00000000,0.00000000,0.00000000,0.00000000,0.00000000,0.00000000,0.00000000,0.00000000,0.00000000,0.00000000,0.00000000,0.00000000,0.00000000,0.00000000,0.00000000,0.00000000,0.02867262,0.00000000,0.00000000,0.00000000,0.00000000,0.00000000,0.00000000,0.00000000,0.00621823,0.00000000,0.00000000,0.00000000,0.00000000,0.00000000,0.00000000,0.00000000,0.00000000,0.00839798,0.00000000,0.00000000,0.00000000,0.01274957,0.00000000,0.00000000,0.00478599,0.00000000,0.00000000,0.00128345,0.00000000,0.00000000,0.00000000,0.00000000,0.00000000,0.00000000,0.00000000,0.00000000,0.06918525,0.00000000,0.00000000,0.00000000,0.00000000,0.00000000,0.00254035,0.00000000,0.00000000,0.00000000,0.00090526,0.00000000,0.00000000,0.01263375,0.00000000,0.00000000,0.00000000,0.00000000,0.00000000,0.00000000,0.46720252,0.00000000,0.00000000,0.00000000,0.00000000,0.00000000,0.00000000,0.00000000,0.00000000,0.00000000,0.00000000,0.00000000,0.00000000,0.00000000,0.14989488,0.00000000,0.00110143,0.00000000,0.03245557,0.00000000,0.03418526,0.00209316,0.00000000,0.00000000,0.00000000,0.01903633,0.00000000,0.00000000,0.00000000,0.00000000,0.00000000,0.00000000,0.00000000,0.00000000,0.00000000,0.00000000,0.00000000,0.01158950,0.00000000,0.00000000,0.00662057,0.00000000,0.00000000,0.00000000,0.00000000,0.00000000,0.00000000,0.00000000,0.00000000,0.00000000,0.00000000,0.00000000,0.00000000,0.00000000,0.00000000,0.00000000,0.00000000,0.00000000,0.00000000,0.00000000,0.00319228,0.00000000,0.00000000,0.00000000,0.00000000,0.00000000,0.00000000,0.00000000,0.00743091,0.00000000,0.00000000,0.00000000,0.00000000,0.00000000,0.00000000,0.00000000,0.00000000,0.00000000,0.00000000,0.00209746,0.00494934,0.04933079,0.00000000,0.00000000,0.00985108,0.00000000,0.13821934,0.00000000,0.00000000,0.00000000,0.00000000,0.00000000,0.00000000,0.00000000,0.00000000,0.00000000,0.00000000,0.00000000,0.00000000,0.00000000,0.00000000,0.00000000,0.00000000,0.00000000,0.00000000,0.00000000,0.00000000,0.00000000,0.00000000,0.00000000,0.00000000,0.00000000,0.00000000,0.00485623,0.00000000,0.01190588,0.00000000,0.00000000,0.00000000,0.03084193,0.00000000,0.00000000,0.00000000,0.00000000,0.00000000,0.00000000,0.00000000,0.00085893,0.00000000,0.05281026,0.01678075,0.00432217,0.43294550,0.00000000,0.00000000,0.00000000,0.00000000,0.00000000,0.00000000,0.00000000,0.00000000,0.00000000,0.00000000,0.00000000,0.00000000,0.00000000,0.00000000,0.00873894,0.00484076,0.00000000,0.00000000,0.00000000,0.00293121,0.00000000,0.00000000,0.00000000,0.00000000,0.00000000,0.00000000,0.00000000,0.00000000,0.00000000,0.00000000,0.00000000,0.00000000,0.00000000,0.00000000,0.00000000,0.00000000,0.00000000,0.00000000,0.00000000,0.00000000,0.00887494,0.00000000,0.00000000,0.17442279,0.00000000,0.00000000,0.00000000,0.00000000,0.00000000,0.00000000,0.00000000,0.00476617,0.00000000,0.00000000,0.00000000,0.00000000,0.00000000,0.01430498,0.00000000,0.00000000,0.00000000,0.00000000,0.00000000,0.00000000,0.00000000,0.00000000,0.00000000,0.33499170,0.00000000,0.00000000,0.00000000,0.00000000,0.00000000,0.00225962,0.00000000,0.00000000,0.00432149,0.00000000,0.00000000,0.00000000,0.00000000,0.00000000,0.00000000,0.00000000,0.00000000,0.00000000,0.00000000,0.17017325,0.00000000,0.00266933,0.00000000,0.00000000,0.00000000,0.00000000,0.00000000,0.00000000,0.00000000,0.00000000,0.00000000,0.01558588,0.00000000,0.00000000,0.00000000,0.00000000,0.00000000,0.00000000,0.00000000,0.00000000,0.00000000,0.00000000,0.00000000,0.00000000,0.00171792,0.00000000,0.00000000,0.00000000,0.00000000,0.00000000,0.00000000,0.00491865,0.00000000,0.00145850,0.00000000,0.00000000,0.00000000,0.00000000,0.00000000,0.00000000,0.00000000,0.00000000,0.00000000,0.00000000,0.00000000,0.00930572,0.00000000,0.00000000,0.00000000,0.01577499,0.00000000,0.00000000,0.00000000,0.00000000,0.00000000,0.00000000,0.00000000,0.00000000,0.00000000,0.00000000,0.00000000,0.00000000,0.00000000,0.00000000,0.00000000,0.00000000,0.00000000,0.00000000,0.01033330,0.00000000,0.00000000,0.00000000,0.00000000,0.00000000,0.00000000,0.00000000,0.00000000,0.00000000,0.00000000,0.00000000,0.00000000,0.00000000,0.00000000,0.00000000,0.00000000,0.00000000,0.00000000,0.00000000,0.00000000,0.00000000,0.01362703,0.00000000,0.00000000,0.37382324,0.00000000,0.00000000,0.00000000,0.00000000,0.00000000,3.23583414,0.00000000,0.00000000,0.00000000,0.00000000,0.00000000,0.00000000,0.00000000,0.00000000,0.00000000,0.00000000,0.00000000,0.00000000,0.00000000,0.00000000,0.00000000,0.00000000,0.00000000,0.00000000,0.00000000,0.00000000,0.00000000,0.00000000,0.00000000,0.00000000,0.00000000,0.26028230,0.00000000,0.00000000,0.00000000,0.00000000,0.01053293,0.00000000,0.00000000,0.00000000,0.00101078,0.00000000,0.00000000,0.00000000,0.00000000,0.00000000,0.00000000,0.00864543,0.00000000,0.00000000,0.00000000,0.00000000,0.00000000,0.00000000,0.00594899,0.01943887,0.00000000,0.00000000,0.00000000,0.00000000,0.00000000,0.00000000,0.00000000,0.00000000,0.00000000,0.00000000,0.00000000,0.00000000,0.01327445,0.00000000,0.00000000,0.00000000,0.00000000,0.00113751,0.00000000,0.04276400,0.00000000,0.00000000,0.00000000,0.00000000,0.00000000,0.00000000,0.07606034,0.00000000,0.09043004,0.00000000,0.00000000,0.00000000,0.00000000,0.01515390,0.00000000,0.00000000,0.00000000,0.00000000,0.00750803,0.00000000,0.04152949,0.02745806,0.00000000,0.00000000,0.00000000,0.00000000,0.00506581,0.00000000,0.00000000,0.00000000,0.00000000,0.00000000,0.00000000,0.00000000,0.00000000,0.00000000,0.00000000,0.00000000,0.00000000,0.00000000,0.00000000,0.00000000,0.00000000,0.00000000,0.00000000,0.00000000,0.00000000,0.00000000,0.00000000,0.00000000,0.00000000,0.00000000,0.00000000,0.00000000,0.00000000,0.00000000,0.02641266,0.01057564,0.00000000,0.00000000,0.00000000,0.06218601,0.00000000,0.00453522,0.00000000,0.00000000,0.00000000,0.00000000,0.00000000,0.00000000,0.00000000,0.00000000,0.00000000,0.00000000,0.00000000
0.00000000,0.00000000,0.00000000,0.00000000,0.00000000,0.01867796,0.00000000,0.00000000,0.00000000,0.00000000,0.00000000,0.00000000,0.00000000,0.00000000,0.00451263,0.00000000,0.01003660,0.01177575,0.00000000,0.00208799,0.00000000,0.00782687,0.00000000,0.00000000,0.00000000,0.00000000,0.00000000,0.00000000,0.02050251,0.00147641,0.00000000,0.00000000,0.00000000,0.00000000,0.00000000,0.00000000,0.00000000,0.00000000,0.00000000,0.00000000,0.00000000,0.00000000,0.00000000,0.00000000,0.00000000,0.00000000,0.00000000,0.00956408,0.00000000,0.00000000,0.00000000,0.00000000,0.00000000,0.00000000,0.00000000,0.00000000,0.00000000,0.00000000,0.00779827,0.00000000,0.00000000,0.00000000,0.00000000,0.00000000,0.11090598,0.00000000,0.00000000,0.00000000,0.00000000,0.00000000,0.00000000,0.00167033,0.01588332,0.00000000,0.00000000,0.00000000,0.00000000,0.00000000,0.00000000,0.00092018,0.00278711,0.00000000,0.00000000,0.00000000,0.00000000,0.00000000,0.00000000,0.00000000,0.00000000,0.00000000,0.00000000,0.00000000,0.00000000,0.00000000,0.00000000,0.01374828,0.00074041,0.00000000,0.00000000,0.00000000,0.00000000,0.00000000,0.00000000,0.00000000,0.00000000,0.00000000,0.00000000,0.00000000,0.00000000,0.00000000,0.00000000,0.00000000,0.00000000,0.00000000,0.00379882,0.00000000,0.00000000,0.00000000,0.00000000,0.00000000,0.00000000,0.00000000,0.00000000,0.00000000,0.00000000,0.00000000,0.00000000,0.00000000,0.00000000,0.00000000,0.00000000,0.00000000,0.00156012,0.00000000,0.01935235,0.00000000,0.00000000,0.00000000,0.00000000,0.00000000,0.00000000,0.00000000,0.00000000,0.00000000,0.00000000,0.00000000,0.01765121,0.00000000,0.00000000,0.01593423,0.00000000,0.00000000,0.00000000,0.00000000,0.00000000,0.00000000,0.00000000,0.00000000,0.00000000,0.03781068,0.00314622,0.00000000,0.02226333,0.00000000,0.00000000,0.00000000,0.00000000,0.16911784,0.00000000,0.01161286,0.00000000,0.00000000,0.00000000,0.00000000,0.00000000,0.00000000,0.00000000,0.00000000,0.00000000,0.00000000,0.00000000,0.00000000,0.02654423,0.00000000,0.00000000,0.00000000,0.00000000,0.00000000,0.00247145,0.01209716,0.00000000,0.00000000,0.01264006,0.00000000,0.00000000,0.55226839,0.00000000,0.00000000,0.00000000,0.00000000,0.00000000,0.00285004,0.00000000,0.00000000,0.00000000,0.00000000,0.00000000,0.00000000,0.00433204,0.00000000,0.02436590,0.00000000,0.00407290,0.00000000,0.00000000,0.00000000,0.00000000,0.00000000,0.00000000,0.00000000,0.00000000,0.00000000,0.00000000,0.00000000,0.00000000,0.00464282,0.00000000,0.00000000,0.00000000,0.04820427,0.01546205,0.01633855,0.00000000,0.00000000,0.00000000,0.00000000,0.00000000,0.00000000,0.00000000,0.00000000,0.00000000,0.00000000,0.00000000,0.00000000,0.00000000,0.00000000,0.00000000,0.00000000,0.00000000,0.00000000,0.00000000,0.00000000,0.00000000,0.00117030,0.00000000,0.00000000,0.00000000,0.00000000,0.04423370,0.00000000,0.00000000,0.00000000,0.00000000,0.00000000,0.00000000,0.00000000,0.00265298,0.00000000,0.00000000,0.00000000,0.00000000,0.00000000,0.00000000,0.00000000,0.00000000,0.00000000,0.00000000,0.00000000,0.00000000,0.00000000,0.00000000,0.00000000,0.00000000,0.10241680,0.00000000,0.00000000,0.00000000,0.00000000,0.00000000,0.00000000,0.04142665,0.00000000,0.00000000,0.00000000,0.00000000,0.00000000,0.00000000,0.16546254,0.00000000,0.00000000,0.01557392,0.00000000,0.00000000,0.00000000,0.00000000,0.00000000,0.00000000,0.00000000,0.00000000,0.00000000,0.00000000,0.00000000,0.00000000,0.00116287,0.00000000,0.00000000,0.00000000,0.00000000,0.00000000,0.00000000,0.00497562,0.00000000,0.00000000,0.00459783,0.20328356,0.00000000,0.01722168,0.00000000,0.00000000,0.00000000,0.02362477,0.00000000,0.00000000,0.01031902,0.00000000,0.00000000,0.00000000,0.01221427,0.00000000,0.00000000,0.00000000,0.00000000,0.00000000,0.00000000,0.00000000,0.00000000,0.00000000,0.00000000,0.00000000,0.00000000,0.00000000,0.00000000,0.00000000,0.00000000,0.00000000,0.00000000,0.00000000,0.00000000,0.00000000,0.00000000,0.00000000,0.00000000,0.00000000,0.00000000,0.00000000,0.00000000,0.00000000,0.00000000,0.00000000,0.00000000,0.00367474,0.00000000,0.00000000,0.00000000,0.00000000,0.00416945,0.00000000,0.00000000,0.02115208,0.00000000,0.00000000,0.00000000,0.00000000,0.00000000,0.00000000,0.00000000,0.00000000,0.00000000,0.00000000,0.00081807,0.00000000,0.00000000,0.00000000,0.00489897,0.00000000,0.00000000,0.00000000,0.00000000,0.00195266,0.00000000,0.00000000,0.02917823,0.00000000,0.00000000,0.00000000,0.00000000,0.00000000,0.00000000,0.00000000,0.00000000,0.00540649,0.00145821,0.00000000,0.11628434,0.00000000,0.00000000,0.00000000,0.00000000,0.00000000,0.00000000,0.02662261,0.00000000,0.00000000,0.00000000,0.02299714,0.00000000,0.00000000,0.00000000,0.00000000,0.00000000,0.00000000,0.00000000,0.00000000,0.00000000,0.00000000,0.00000000,0.00000000,0.00000000,0.00000000,0.00000000,0.00000000,0.00000000,0.00000000,0.00000000,0.00000000,0.00000000,1.89980842,0.00000000,0.00000000,0.00000000,0.00000000,0.00000000,0.00000000,0.00000000,0.00000000,0.00000000,3.24494873,0.00000000,0.00000000,0.00000000,0.00000000,0.00000000,0.00000000,0.00163690,0.00000000,0.00000000,0.00000000,0.00000000,0.00000000,0.02933658,0.00000000,0.03896498,0.00000000,0.00000000,0.00000000,0.00679719,0.00000000,0.00000000,0.00000000,0.00000000,0.00000000,0.00000000,0.00265565,0.00000000,0.00000000,0.00000000,0.00000000,0.00000000,0.00000000,0.00000000,0.00000000,0.00000000,0.00000000,0.00000000,0.00454223,0.00000000,0.00000000,0.00000000,0.00000000,0.00080618,0.00000000,0.00000000,0.02002743,0.00000000,0.00000000,0.00000000,0.00000000,0.00000000,0.00293314,0.00000000,0.00000000,0.00000000,0.00000000,0.00000000,0.00000000,0.04568355,0.00000000,0.00000000,0.00000000,0.00000000,0.00000000,0.00000000,0.00000000,0.00564303,0.00000000,0.00000000,0.00000000,0.00000000,0.00000000,0.00000000,0.00000000,0.00000000,0.00000000,0.01057149,0.00000000,0.00000000,0.00000000,0.00000000,0.00000000,0.00000000,0.00000000,0.00000000,0.00000000,0.00000000,0.00000000,0.00000000,0.00000000,0.00000000,0.00165448,0.00000000,0.00000000,0.00000000,0.00000000,0.00409782,0.00000000,0.00000000,0.00000000,0.00000000,0.00194295,0.00000000,0.00000000,0.03337746,0.00000000,0.00000000,0.00000000,0.00000000,0.00000000,0.00000000,0.00000000,0.00000000,0.00000000,0.00000000,0.00000000,0.00000000,0.43656007,0.00000000,0.00000000,0.00000000,0.00000000,0.00000000,0.00000000,0.00000000,0.00000000,0.00000000,0.00000000,0.00000000,0.00000000,0.00000000,0.00000000,0.00000000,0.00000000,0.00000000,0.02884067,0.00778309,0.00000000,0.00000000,0.00211938,0.00582059,0.00000000,0.00000000,0.00000000,0.00000000,0.00000000,0.00000000,0.01845847,0.00000000,0.00000000,0.00000000,0.00000000,0.00000000,0.00000000,0.00000000,0.00000000,0.00000000,0.08627556,0.00000000,0.00000000,0.00000000,0.00000000,0.00655468,0.01843393,0.00000000,0.00064245,0.00000000,0.00000000,0.00000000,0.00000000,0.00000000,0.00000000,0.00000000,0.00000000,0.00000000,0.00000000,0.00000000,0.00000000,0.00000000,0.00000000,0.00000000,0.00000000,0.00000000,0.00000000,0.00000000,0.00000000,0.01432093,0.00000000,0.00000000,0.00000000,0.00000000,0.00000000,0.00000000,0.00000000,0.00000000,0.00000000,0.00000000,0.00000000,0.00000000,0.00761417,0.00000000,0.00000000,0.00000000,0.00000000,0.00486051,0.00000000,0.00000000,0.00122307,0.00000000,0.00000000,0.00000000,0.00000000,0.00000000,0.00000000,0.00000000,0.00000000,0.00000000,0.00946231,0.00000000,0.00000000,0.00000000,0.00000000,0.00000000,0.00000000,0.00000000,0.00000000,0.00152033,0.00531038,0.00000000,0.00000000,0.00766449,0.00000000,0.00000000,0.00244056,0.00000000,0.00000000,0.00000000,0.00000000,0.00000000,0.00000000,0.00000000,0.00000000,0.00000000,0.00000000,0.00000000,0.00000000,0.00000000,0.00000000,0.00000000,0.00000000,1.16351366,0.00000000,0.00000000,0.00000000,0.00000000,0.00000000,0.00000000,0.00000000,0.00000000,0.00000000,0.00000000,0.00597263,0.00000000,0.00000000,0.00878024,0.00000000,0.00000000,0.00000000,0.00000000,0.00000000,0.00000000,0.00000000,0.00000000,0.00000000,0.00000000,0.00000000,0.00000000,0.00000000,0.00000000,0.00000000,0.00000000,0.00000000,0.00000000,0.00000000,0.00000000,0.00000000,0.00000000,0.00000000,0.00806204,0.00000000,0.01737899,0.00000000,0.00000000,0.00000000,0.00000000,0.00000000,0.00000000,0.00000000,0.00000000,0.00000000,0.00000000,0.00000000,0.00000000,0.00000000,0.00000000,0.00000000,0.00000000,0.00000000,0.00000000,0.00000000,0.01405448,0.00000000,0.00000000,0.00000000,0.00000000,0.00000000,0.14883688,0.00000000,0.00687749,0.07863610,0.00000000,0.00000000,0.00000000,0.03080674,0.00000000,0.00000000,0.00000000,0.00000000,0.00000000,0.00000000,0.00000000,0.00000000,0.00000000,0.00000000,0.00000000,0.00000000,0.00000000,0.00000000,0.00000000,0.00000000,0.00000000,0.00000000,0.00000000
0.00000000,0.00000000,0.00000000,0.00079519,0.00000000,0.00000000,0.00550477,0.01277653,0.00000000,0.00000000,0.00000000,0.00171248,0.00000000,0.00000000,0.00000000,0.00000000,0.00000000,0.00277059,0.00000000,2.25671057,0.00000000,0.00000000,0.00000000,0.00000000,0.03426551,0.00000000,0.00000000,0.00000000,0.00000000,0.00000000,0.00000000,0.00000000,0.00000000,0.00000000,0.00000000,0.00000000,0.00000000,0.00000000,0.00000000,0.00000000,0.00000000,0.00000000,0.00000000,0.00000000,0.00000000,0.00000000,0.00000000,0.00000000,0.00000000,0.00672258,0.00355161,0.00000000,0.00000000,0.00000000,0.00000000,0.00000000,0.00476161,0.00000000,0.00000000,0.00000000,0.00000000,0.00264529,0.00000000,0.00000000,0.00000000,0.00000000,0.00000000,0.00000000,0.00000000,0.06772758,0.00000000,0.13600942,0.00000000,0.00000000,0.00000000,0.00000000,0.00000000,0.00000000,0.00000000,0.00000000,0.00000000,0.00000000,0.00000000,0.00000000,0.00000000,0.00000000,0.00000000,0.00000000,0.00000000,0.00000000,0.00000000,0.00000000,0.00080834,0.00000000,0.00000000,0.00000000,0.00000000,0.00000000,0.00000000,0.00000000,0.00000000,0.00000000,0.00000000,0.00000000,0.00000000,0.00000000,0.00000000,0.00000000,0.00000000,0.00000000,0.00000000,0.00000000,0.00000000,0.00271483,0.01640576,0.00000000,0.00000000,0.02342419,0.00000000,0.00000000,0.00000000,0.01011936,0.00000000,0.00000000,0.00000000,0.00000000,0.00000000,0.00000000,0.00000000,0.00000000,0.08178653,0.00000000,2.26547393,0.00000000,0.00000000,0.00000000,0.00000000,0.00000000,0.00000000,0.00000000,0.00000000,0.00000000,0.00000000,0.00000000,0.00000000,0.01108296,0.00000000,0.00000000,0.00000000,0.00000000,0.00000000,0.00000000,0.00000000,0.00000000,0.00000000,0.00250686,0.00000000,0.00000000,0.00557463,0.00000000,0.00000000,0.00969971,0.00000000,0.00000000,0.00000000,0.00000000,0.00000000,0.00000000,0.00000000,0.00000000,0.00000000,0.00000000,0.00000000,0.00000000,0.00000000,0.00000000,0.00000000,0.00000000,0.01160429,0.00000000,1.02061176,0.00000000,0.00000000,0.00000000,0.00000000,0.00000000,0.00000000,0.00000000,0.00000000,0.00000000,0.00000000,0.00000000,0.00000000,0.00000000,0.00000000,0.00000000,0.01288551,0.00000000,0.00000000,0.00000000,0.00000000,0.00000000,0.00000000,0.00000000,0.00000000,0.00000000,0.00000000,0.00000000,0.00000000,0.00000000,0.00000000,0.00000000,0.00000000,0.00000000,0.05125646,0.06882839,0.00000000,0.00000000,0.00000000,0.00000000,0.00000000,0.00000000,0.00000000,0.00000000,0.00801182,0.00000000,0.00000000,0.02022084,0.09870217,0.00000000,0.00000000,0.00000000,0.00000000,0.00000000,0.00000000,0.09446654,0.00382000,0.00174799,0.00000000,0.00000000,0.00000000,0.00000000,0.00000000,0.00000000,0.00000000,0.00000000,0.00000000,0.00000000,0.00000000,0.00000000,0.00000000,0.01432191,0.00000000,0.00000000,0.00000000,0.00000000,0.00000000,0.00468842,0.00000000,0.00000000,0.00000000,0.00000000,0.00000000,0.00000000,0.00000000,0.00000000,0.01767468,0.00000000,0.00000000,0.00000000,0.00000000,0.00000000,0.00000000,0.00000000,0.00000000,0.00242961,0.00000000,0.00000000,0.00000000,0.00147021,0.00000000,0.00000000,0.00300141,0.00000000,0.00000000,0.00000000,0.00000000,0.42374899,0.00000000,0.00000000,0.00000000,0.00000000,0.00000000,0.00000000,0.00000000,0.00000000,0.01210767,0.00000000,0.00000000,0.00000000,0.00000000,0.00000000,0.00000000,0.00000000,0.00000000,0.00000000,0.00000000,0.00000000,0.00000000,0.00000000,0.00000000,0.00000000,0.00000000,0.00000000,0.00000000,0.00000000,0.00000000,0.00000000,0.00000000,0.00000000,0.00000000,0.00000000,0.00000000,0.00209663,0.00000000,0.00000000,0.00878621,0.00000000,0.00000000,0.00818414,0.00000000,0.00144214,0.00087236,0.00000000,0.00000000,0.00000000,0.00000000,0.00000000,0.00000000,0.00000000,0.00000000,0.00000000,0.00000000,0.00000000,0.00000000,0.00000000,0.00337074,0.00000000,0.00000000,0.00467609,0.00000000,0.00000000,0.00000000,0.15531005,0.00417634,0.00000000,0.00187941,0.00000000,0.00000000,0.00212438,0.00000000,0.02503221,0.00510612,0.00000000,0.02251207,0.00355361,0.00000000,0.00000000,0.00000000,0.00000000,0.00000000,0.00000000,0.00522627,0.00000000,0.00000000,0.00000000,0.00000000,0.00000000,0.00000000,0.00000000,0.00000000,0.00000000,0.00000000,0.00000000,0.00000000,0.00000000,0.00000000,0.00000000,0.00000000,0.00000000,0.00000000,0.00000000,0.00000000,0.00000000,0.00000000,0.00000000,0.00000000,0.00000000,0.00000000,0.00000000,0.00000000,0.00000000,0.00000000,0.00000000,0.00000000,0.00000000,0.00000000,0.05507182,0.00000000,0.00000000,0.00000000,0.00000000,0.00000000,0.00000000,1.24874425,0.00000000,0.00341079,0.00000000,0.00000000,0.00000000,0.00414507,0.00047735,0.00000000,0.00000000,0.00000000,0.00000000,0.00000000,0.00000000,0.00000000,0.00000000,0.00000000,0.00000000,0.00000000,0.00000000,0.00000000,0.00000000,0.00000000,0.00000000,0.00000000,0.00000000,0.00000000,0.00465234,0.02324719,0.00000000,0.00000000,0.01206503,0.00599097,0.00000000,0.00765575,0.00000000,0.00000000,0.00000000,0.00000000,0.00000000,0.00000000,0.00000000,0.00000000,0.00000000,0.00000000,0.00000000,0.00000000,0.00000000,0.00000000,0.00000000,0.00000000,0.00000000,0.00000000,0.00000000,3.75430970,0.08007680,0.00000000,0.00000000,0.00000000,0.00000000,1.78163637,0.00000000,0.00000000,0.00000000,0.00000000,0.00000000,0.00000000,0.00000000,0.00000000,0.00000000,0.00000000,0.00000000,0.00000000,0.00000000,0.00245907,0.00000000,0.00000000,0.00000000,0.00000000,0.01210676,0.00000000,0.00000000,0.00000000,0.00000000,0.00000000,0.00000000,0.00000000,0.00000000,0.00000000,0.00000000,0.00000000,0.00000000,0.00000000,0.00000000,0.00000000,0.00000000,0.00000000,0.00000000,0.00000000,0.01856245,0.00000000,0.00000000,0.00000000,0.00000000,0.00140216,0.00000000,0.00000000,0.13415788,0.00000000,0.00000000,0.00000000,0.00000000,0.00000000,0.00000000,0.01146405,0.00000000,0.00000000,0.00000000,0.00000000,0.00000000,0.00000000,0.00000000,0.00000000,0.01853821,0.00000000,0.00000000,0.00000000,0.00000000,0.00000000,0.00000000,0.00000000,0.00000000,0.00000000,0.00000000,0.00000000,0.00000000,0.00000000,0.01187790,0.00000000,0.00000000,0.00000000,0.00351713,0.00000000,1.27837692,0.00000000,0.00000000,0.00000000,0.00000000,0.00000000,0.00000000,0.00639305,0.00000000,1.70421893,0.00000000,0.00000000,0.00000000,0.00000000,0.00000000,0.00000000,0.00778847,0.00000000,0.00000000,0.00000000,0.00000000,0.00000000,0.00000000,0.00000000,0.00000000,0.00000000,0.25223008,0.00000000,0.00000000,0.00000000,0.00000000,0.00000000,0.00181364,0.00000000,0.00000000,0.00000000,0.00000000,0.00000000,0.00205955,0.00000000,0.00000000,0.00204059,0.00000000,0.00000000,0.00000000,0.00000000,0.00000000,0.00000000,0.03886695,0.00000000,0.00000000,0.09464252,0.00000000,0.00000000,0.00000000,0.00000000,0.00000000,0.00000000,0.00000000,0.00000000,0.00000000,0.00000000,0.00000000,0.00000000,0.00000000,0.05001042,0.00000000,0.00000000,0.00000000,0.00000000,0.00000000,0.00000000,0.00000000,0.00000000,0.00000000,0.00000000,0.00000000,0.00000000,0.00000000,0.00000000,0.00000000,0.00000000,0.00000000,0.00000000,0.00000000,0.00000000,0.00000000,0.00000000,0.00000000,0.00000000,0.00000000,0.02208472,0.11634729,0.00000000,0.00401732,0.00000000,0.00000000,0.00000000,0.00000000,0.00000000,0.00000000,0.00000000,0.00000000,0.00000000,0.00070823,0.16000053,0.00157289,0.00082778,0.00000000,0.00000000,0.00000000,0.01964467,0.00647453,0.00000000,0.00000000,0.00000000,0.00000000,0.00000000,0.00000000,0.00000000,0.00000000,0.05119074,0.00000000,0.00000000,0.00000000,0.00193906,0.00000000,0.00000000,0.00000000,0.00000000,0.00000000,0.00000000,0.00000000,0.00000000,0.00000000,0.00000000,0.00000000,0.00000000,0.00000000,0.00000000,0.00000000,0.00000000,0.00000000,0.00000000,0.00000000,0.00000000,0.00000000,0.01382262,0.01142628,0.00000000,0.00000000,0.00000000,0.00000000,0.00000000,0.00085179,0.00000000,0.00000000,0.02522680,0.00000000,0.00000000,0.00000000,0.00000000,0.00000000,0.00000000,0.00000000,0.00000000,0.00481207,0.00000000,0.00000000,0.00000000,0.00000000,0.00000000,0.00000000,0.00000000,0.00000000,0.00000000,0.00000000,0.00000000,0.00000000,0.00000000,0.00000000,0.00000000,0.00000000,0.00000000,0.00000000,0.00000000,0.00000000,0.03391935,0.00000000,0.00000000,0.00000000,0.00158820,0.00000000,0.00000000,0.00000000,0.00000000,0.00000000,0.00000000,0.00000000,0.00000000,0.00000000,0.00000000,0.00000000,0.00000000,0.00000000,0.00000000,0.00000000,0.00000000,0.00000000,0.00000000,0.08269407,0.00000000,0.00000000,0.00000000,0.01435529,0.00000000,0.00000000,0.00000000,0.00000000,0.00000000,0.00000000,0.00000000,0.00000000,0.00000000,0.00000000,0.00000000,0.00000000,0.00000000,0.00000000,0.00000000,0.00000000,0.00000000,0.00000000,0.00000000,0.05353651,0.00000000,0.00000000,0.00000000,0.00000000,0.00000000,0.00000000,0.00188749,0.00000000
0.00000000,0.00000000,0.05303465,0.00560472,0.01972235,0.00000000,0.00000000,0.00000000,0.00000000,0.00000000,0.00000000,0.05272385,0.00000000,0.00277189,0.37423223,0.00000000,0.00000000,0.00000000,0.00000000,0.00000000,0.00000000,0.00000000,0.00000000,0.00000000,0.00000000,0.00000000,0.00000000,0.00000000,0.00000000,0.00000000,0.00158766,0.00000000,0.00000000,0.00000000,0.00000000,0.00000000,0.00000000,0.00000000,0.00000000,0.00000000,0.00866992,0.00000000,0.00000000,0.00000000,0.00000000,0.00000000,0.00000000,0.00000000,0.00000000,0.00796839,0.00000000,0.00000000,0.00000000,0.00000000,0.00000000,0.00000000,0.00000000,0.00000000,0.00000000,0.00000000,0.00000000,0.00000000,0.01699699,0.00000000,0.00000000,0.00000000,0.00000000,0.00000000,0.00000000,0.00000000,0.00000000,0.00000000,0.00000000,0.00000000,0.00000000,0.00000000,0.00000000,0.00000000,0.00000000,0.00000000,0.00000000,0.24612312,0.00000000,0.00563856,0.00000000,0.00000000,0.00000000,0.00000000,0.00000000,0.00000000,0.00000000,0.00000000,0.00000000,0.00000000,0.00000000,0.00000000,0.00201068,0.00000000,0.00000000,0.00000000,0.00000000,0.00552400,0.00000000,0.00000000,0.00000000,0.00000000,0.00000000,0.01084382,0.00000000,0.00000000,0.00000000,0.00000000,0.00000000,0.00000000,0.00000000,0.00000000,0.00000000,0.00000000,0.00000000,0.00000000,0.00787421,0.00000000,0.00158608,0.00000000,0.00000000,0.00000000,0.00000000,0.00000000,0.00000000,0.00000000,0.00000000,0.00000000,0.00000000,0.00324616,0.00000000,0.00000000,0.00000000,0.00000000,0.00000000,0.29383652,0.00000000,0.00000000,0.00000000,0.01960929,0.00000000,0.00000000,0.00000000,0.00000000,0.00000000,0.00000000,0.00000000,0.00000000,0.00000000,0.00000000,0.00000000,0.00484438,0.02837509,0.00000000,0.00000000,0.00000000,0.00000000,0.00539165,0.00000000,0.00000000,0.00000000,0.00000000,0.00000000,0.07405399,0.00000000,0.00000000,0.00000000,0.00000000,0.10639525,0.02739398,0.00000000,0.14211195,0.00000000,0.00000000,0.00000000,0.00000000,0.01116351,0.00000000,0.00000000,0.00000000,0.00000000,0.00000000,0.00000000,0.00000000,0.00000000,0.00000000,0.00000000,0.00000000,0.00000000,0.00000000,0.01051959,0.00000000,0.00000000,0.00000000,0.00000000,0.00000000,0.01092130,0.00000000,0.00000000,0.00000000,0.00000000,0.00000000,0.00000000,0.07895013,0.00000000,0.01052286,0.00000000,0.00000000,0.00000000,0.00000000,0.02166030,0.00000000,0.00000000,0.00000000,0.01789437,0.00000000,0.00000000,0.00000000,0.01812044,0.00000000,0.00000000,0.00000000,0.00085838,0.00000000,0.02922844,0.00000000,0.00000000,0.00000000,0.00000000,0.00000000,0.00000000,0.00000000,0.00000000,0.00299995,0.00000000,0.00000000,0.00000000,0.00000000,0.00631679,0.00000000,0.00000000,0.00000000,0.00000000,0.00000000,0.00000000,0.00000000,0.00000000,0.00000000,0.00000000,0.00000000,0.00000000,0.00000000,0.00000000,0.00000000,0.00000000,0.00000000,0.03641331,0.00351576,0.00000000,0.00000000,0.00000000,0.00000000,0.00000000,0.00000000,0.00000000,0.00000000,0.00407197,0.00000000,0.00000000,0.00000000,0.00000000,0.00000000,0.00000000,0.00000000,0.00108936,0.00000000,0.02379092,0.00000000,0.00000000,0.00000000,0.00000000,0.00000000,0.00000000,0.00000000,0.00000000,0.00000000,0.00000000,0.00000000,0.00000000,0.00000000,0.00000000,0.00000000,0.01806116,0.00000000,0.00000000,0.00000000,0.00000000,0.00000000,0.00000000,0.00384185,0.00545885,0.00000000,0.00000000,0.00000000,0.00000000,0.00000000,0.00000000,0.00000000,0.00000000,0.00000000,0.01689629,0.12223914,0.00000000,0.00000000,0.00000000,0.00000000,0.00000000,0.00000000,0.00000000,0.00000000,0.00000000,0.00000000,0.00000000,0.00000000,0.00000000,0.00216001,0.00000000,0.00000000,0.11294220,0.00000000,0.00000000,0.00000000,0.00000000,0.00000000,0.01794084,0.00000000,0.07234452,0.00640296,0.00000000,0.00000000,2.44045911,0.00000000,0.00000000,0.01898499,0.00000000,0.00000000,0.00000000,0.00000000,0.00000000,0.00000000,0.00000000,0.00000000,0.00000000,0.00000000,0.00000000,0.04270433,0.00000000,0.00452188,0.03774708,0.00000000,0.00084648,0.00000000,0.00000000,0.00000000,0.00000000,0.00000000,0.00000000,0.00774474,0.00000000,0.00000000,0.00000000,0.00000000,0.00000000,0.00000000,0.00000000,0.00000000,0.00000000,0.00000000,0.00000000,0.00000000,0.00000000,0.00000000,0.00000000,0.00000000,0.00000000,0.00000000,0.03075008,0.00000000,0.00000000,0.00000000,0.00000000,0.17757705,0.00155388,0.00000000,0.00000000,0.00000000,0.00000000,0.00491012,1.29481963,0.00000000,0.00073439,0.00000000,0.00000000,0.00000000,0.00000000,0.00000000,0.00000000,0.00000000,0.00000000,0.00000000,0.00000000,0.00203582,0.00253273,0.00000000,0.00000000,0.00000000,0.00000000,0.00000000,0.00000000,0.00000000,0.00000000,0.00000000,0.00823615,0.00000000,0.16261464,0.00000000,0.00000000,0.00000000,0.00000000,0.07355981,0.00000000,0.00000000,0.00000000,0.00000000,0.00000000,0.00000000,0.00000000,0.00000000,0.03687903,0.00000000,0.00000000,0.00000000,0.00000000,0.00000000,0.00000000,0.00000000,0.00000000,0.00948597,0.00000000,0.00000000,0.00000000,0.00000000,0.00000000,0.00000000,0.00000000,0.00000000,0.00000000,0.00100001,0.00000000,0.00000000,0.00000000,0.00000000,0.00191156,0.00274449,0.00000000,0.00000000,0.00000000,0.00000000,0.00000000,0.00000000,0.00000000,0.00000000,0.00581580,0.00000000,0.00873894,0.00000000,0.00000000,0.00000000,0.00000000,0.00638096,0.00000000,0.00000000,0.00000000,0.00000000,0.00000000,0.00000000,0.00000000,0.00000000,0.00000000,0.00000000,0.00000000,0.00000000,0.00000000,0.46436251,0.00000000,0.00000000,0.00000000,0.00122058,0.00000000,0.00000000,0.00000000,0.00000000,0.00000000,0.01011891,0.00000000,0.00000000,0.00000000,0.00000000,0.00000000,0.00392691,0.00000000,0.00000000,0.00000000,0.00000000,0.00000000,0.00000000,0.00000000,0.00000000,0.00000000,0.00000000,0.00000000,0.00000000,0.00000000,0.00000000,0.00000000,0.00000000,0.00000000,0.00000000,0.00000000,0.00000000,0.00000000,0.00000000,0.00000000,0.00000000,0.00000000,0.00000000,0.00000000,0.01651731,0.00000000,0.00000000,0.00000000,0.00000000,0.00000000,0.00000000,0.00000000,0.00000000,0.00371185,0.00000000,0.00000000,0.00000000,0.01078381,0.00000000,0.04222260,0.00732898,0.00000000,0.00000000,0.00000000,0.00857129,0.00000000,0.00000000,0.00000000,0.00000000,0.00000000,0.00000000,0.00000000,0.00000000,0.00000000,0.00000000,0.00000000,0.00072799,0.00000000,0.00425787,0.00000000,0.00000000,0.00000000,0.00000000,0.00000000,0.00000000,0.00000000,0.00000000,0.00000000,0.00000000,0.00000000,0.00000000,0.00000000,0.00000000,0.00000000,0.00000000,0.00000000,0.00730407,0.00000000,0.00000000,0.00000000,0.00000000,0.00000000,0.00000000,0.00000000,0.00000000,0.00000000,0.00000000,0.00000000,0.01846736,0.00000000,0.00000000,0.00000000,0.00000000,0.00000000,0.00000000,0.00000000,0.00000000,0.00000000,0.00000000,0.00000000,0.00000000,0.00000000,0.00283265,0.00000000,0.00000000,0.00000000,0.00000000,0.00000000,0.00000000,0.00000000,0.00000000,4.04754129,0.14167464,0.00000000,0.00000000,0.00000000,0.00000000,0.00000000,0.00000000,0.00000000,0.00000000,0.00000000,0.00000000,0.02334157,0.00000000,0.00551063,0.00000000,0.22136078,0.00000000,0.00000000,0.00000000,0.00000000,0.00000000,0.00000000,0.00000000,0.00000000,0.00000000,0.00000000,0.00000000,0.00164302,0.00000000,0.00000000,0.00000000,0.00000000,0.00000000,0.00000000,0.00000000,0.00000000,0.00000000,0.00000000,0.00000000,0.00000000,0.00000000,0.00000000,0.00000000,0.00000000,0.00000000,0.00000000,0.00000000,0.00000000,0.00000000,0.00000000,0.00000000,0.00000000,0.00000000,0.00000000,0.00000000,0.00000000,0.00000000,0.00000000,0.00000000,0.00000000,0.00000000,0.00000000,0.00000000,0.00000000,0.00743108,0.00000000,0.00000000,0.00000000,0.00000000,0.00000000,0.00000000,0.00000000,0.00000000,0.00000000,0.00000000,0.03306270,0.00000000,0.00000000,0.00000000,0.00000000,0.00000000,0.00000000,0.00000000,0.00000000,0.00000000,0.00000000,0.00000000,0.00000000,0.00000000,0.00000000,0.00000000,0.00000000,0.00000000,0.00000000,0.00000000,0.00000000,0.00000000,0.00000000,0.00000000,0.03408995,0.00000000,0.00000000,0.00000000,0.00000000,0.00000000,0.00000000,0.00000000,0.00000000,0.00000000,0.00000000,0.00000000,0.00848967,0.00000000,0.00000000,0.00000000,0.00000000,0.00606880,0.00000000,0.00000000,0.01250434,0.00000000,0.00000000,0.00000000,0.02624578,0.00000000,0.00000000,0.00000000,0.00000000,0.00000000,0.00000000,0.00000000,0.00000000,0.00000000,0.00000000,0.00000000,0.00000000,0.00000000,0.00000000,0.00000000,0.00000000,0.00000000,0.00000000,0.00000000,0.00000000,0.00000000,0.00000000,0.01279595,0.00230157,0.00075980,0.00000000,0.00000000,0.00760242,0.00000000,0.00000000,0.00000000,0.00000000,0.00000000,0.07842933,0.00000000,0.00000000,0.00000000,0.00000000,0.00000000,0.00000000,0.00000000,0.00000000,0.00000000,0.00000000,0.00274928,0.00000000,0.00000000
0.03998499,1.30423806,0.00000000,0.00000000,0.00000000,0.00000000,0.00000000,0.00000000,0.00000000,0.00000000,0.02344908,0.00000000,0.00000000,0.00000000,0.00000000,0.00000000,0.00000000,0.05093322,0.00000000,0.00000000,0.00000000,0.00000000,0.00000000,0.00000000,0.00000000,0.00000000,0.00000000,0.00000000,0.00000000,0.00000000,0.00000000,0.00000000,0.00000000,0.00000000,0.00000000,0.00000000,0.00000000,0.00000000,0.00000000,0.00000000,0.00000000,0.00000000,0.07590447,0.00000000,0.00000000,0.00000000,0.00000000,0.00000000,0.00000000,0.00000000,0.00000000,0.00000000,0.00000000,0.01190040,0.00000000,0.00000000,0.04001336,0.00000000,0.00000000,0.00000000,0.00000000,0.00000000,0.00000000,0.00000000,0.01112539,0.00000000,0.00000000,0.00000000,0.00000000,0.00000000,0.00000000,0.00000000,0.00000000,0.00000000,0.01007919,0.00000000,0.00000000,0.00000000,0.00000000,0.00097637,0.00931708,0.00000000,0.00000000,0.00642525,0.00000000,0.00000000,0.00000000,0.00000000,0.00000000,0.00000000,0.00000000,0.00000000,0.00000000,0.00000000,0.00000000,0.00000000,0.00000000,0.00000000,0.00000000,0.00000000,0.00000000,0.00000000,0.00000000,0.00000000,0.00000000,0.00000000,0.00000000,0.00000000,0.00000000,0.00000000,0.00000000,0.00000000,0.00000000,0.00000000,0.00000000,0.00000000,0.00000000,0.00000000,0.00000000,0.00000000,0.00000000,0.00000000,0.00000000,0.00000000,0.00000000,0.00000000,0.00000000,0.00000000,0.00000000,0.05648609,0.00000000,0.00000000,0.00000000,0.00000000,0.00000000,0.00000000,0.00000000,0.00000000,2.26575891,0.00000000,0.00000000,0.00000000,0.00000000,0.00000000,0.00000000,0.00000000,0.00000000,0.00000000,0.00000000,0.00000000,0.00000000,0.00000000,0.00000000,0.00000000,0.02515277,0.00000000,0.00000000,0.00000000,0.00000000,0.00000000,0.00000000,0.00000000,0.00000000,0.00000000,0.00000000,0.00000000,0.00000000,0.00000000,0.00000000,0.00000000,0.00000000,0.00000000,0.00000000,0.00000000,0.01449306,0.00000000,0.00000000,0.03990828,0.00000000,0.00560326,0.00089781,0.00000000,0.00485371,0.00000000,0.00000000,0.00000000,0.00000000,0.00000000,0.00000000,0.00000000,0.00000000,0.00000000,0.00000000,0.00000000,0.88004564,0.00000000,0.06914853,0.00000000,0.00000000,0.00000000,0.00000000,0.00000000,0.00000000,0.00000000,0.00000000,0.00000000,0.00000000,0.28205227,0.00000000,0.00074975,0.00000000,0.00000000,0.00000000,0.00000000,0.00000000,0.00000000,0.00000000,0.41374052,0.00000000,0.00000000,0.00000000,0.00000000,0.00000000,0.00000000,0.00000000,0.00000000,0.00000000,0.00000000,0.06109192,0.00000000,0.00000000,0.00000000,0.00000000,0.00000000,0.00000000,0.00000000,0.00000000,0.00000000,0.00000000,0.00000000,0.00000000,0.00000000,0.00000000,0.00131821,0.00000000,0.00000000,0.00000000,0.00000000,0.00000000,0.00000000,0.00000000,0.00000000,0.00000000,0.00000000,0.00000000,0.00000000,0.00000000,0.00000000,0.00000000,0.00000000,0.00000000,0.02900240,0.00000000,0.00000000,0.00000000,0.00000000,0.00000000,0.00877318,0.00000000,0.00000000,0.00000000,0.00000000,0.00000000,0.00000000,0.00000000,0.00000000,0.00000000,0.00000000,0.00000000,0.00000000,0.00000000,0.00000000,0.00398735,0.00000000,0.00737839,0.00000000,0.00000000,0.00000000,0.00000000,0.00000000,0.00000000,0.00000000,0.00000000,0.00000000,0.00000000,0.00000000,0.00000000,0.04039262,0.00000000,0.00168995,0.00000000,0.00000000,0.00000000,0.00000000,0.00000000,0.00393831,0.00000000,0.00000000,0.00000000,0.00000000,0.00000000,0.00000000,0.00000000,0.00000000,0.00073943,0.00000000,0.00097361,0.00000000,0.00000000,0.09821991,0.10043845,0.00000000,0.00000000,0.00000000,0.00000000,0.00000000,0.00000000,0.00000000,0.00000000,0.00000000,0.11493359,0.00000000,0.00000000,0.00223511,0.00000000,0.00000000,0.00000000,0.00000000,0.00000000,0.00000000,0.02321768,0.00000000,0.00000000,0.00000000,0.01468378,0.00000000,0.00000000,0.00000000,0.00000000,0.00000000,0.00000000,0.01762602,0.00000000,0.00000000,0.00000000,0.00000000,0.00000000,0.00663947,0.00000000,0.00000000,0.00000000,0.00000000,0.00000000,0.00000000,0.03241184,0.00000000,0.00000000,0.00000000,0.00000000,0.00000000,0.00000000,0.00000000,0.00000000,0.00000000,0.00000000,0.00000000,0.00000000,0.00616079,0.00000000,0.00000000,0.00000000,0.00588289,0.00000000,0.00000000,0.00000000,0.00000000,0.00000000,0.00000000,0.00000000,0.00000000,0.00000000,0.00000000,0.00000000,0.00000000,0.00000000,0.00000000,0.00000000,0.00000000,0.00000000,0.00000000,0.00000000,0.00000000,0.00000000,0.00000000,0.03043236,0.00000000,0.00000000,0.00000000,0.00000000,0.18680535,0.00000000,0.00982082,0.00449527,0.00000000,0.00000000,0.00000000,0.00000000,0.00000000,0.00000000,0.02183838,0.00000000,0.00000000,0.00000000,0.02087888,0.00000000,0.00000000,0.00000000,0.00000000,0.00000000,0.00000000,0.00000000,0.00000000,0.00000000,0.00000000,0.00161957,0.00000000,0.00000000,0.00000000,0.00000000,0.00000000,0.00000000,0.00000000,0.00000000,0.00000000,0.00000000,0.00000000,0.00000000,0.00136929,0.00000000,0.00000000,0.00000000,0.00000000,0.00195035,0.00000000,0.00000000,0.00000000,0.02296995,0.00000000,0.00000000,0.00000000,0.00000000,0.00000000,0.00000000,0.00000000,0.00000000,0.00000000,0.00000000,0.00000000,0.00000000,0.00000000,2.03007450,0.00000000,0.00000000,0.00761120,0.00000000,0.00000000,0.01451563,0.00000000,0.00484076,0.00265565,0.00000000,0.00000000,0.00000000,0.00000000,0.00000000,0.00000000,0.00000000,0.00000000,0.00000000,0.00000000,0.00000000,0.04492987,0.00000000,0.00000000,0.04553312,0.00000000,0.02381841,0.00000000,0.00000000,0.00000000,0.00000000,0.00000000,0.00515960,0.00000000,0.00000000,0.00000000,0.00562479,0.12525322,0.00000000,0.41664362,0.00000000,0.00000000,0.00000000,0.00000000,0.00549813,0.00000000,0.00000000,0.00000000,0.00000000,0.00000000,0.00000000,0.00000000,0.01612737,0.00000000,0.00000000,0.00000000,0.00000000,0.00000000,0.00000000,0.00000000,0.00000000,0.00000000,0.00000000,0.00000000,0.00000000,0.00000000,0.00000000,0.00000000,0.00000000,0.00855092,0.00000000,0.00000000,0.00000000,0.00000000,0.00000000,0.00000000,0.25727400,0.00000000,0.00000000,0.00000000,0.00000000,0.00000000,0.06249462,0.00346007,0.00000000,0.00000000,0.00000000,0.00413277,0.00000000,0.00000000,0.00000000,0.00000000,0.00000000,0.00000000,0.00000000,0.00000000,0.00108995,0.00000000,0.02093268,0.00000000,0.00000000,0.00000000,0.01062610,0.00000000,0.00000000,0.00000000,0.00000000,0.00000000,0.00000000,0.00000000,0.00000000,0.00000000,0.00000000,0.00305167,0.01210797,0.00000000,0.00000000,0.00000000,0.00000000,0.00000000,0.00760596,0.00000000,0.00000000,0.00000000,0.00000000,0.00000000,0.00000000,0.00368146,0.00000000,3.04338498,0.00777158,0.00000000,0.00000000,0.06013310,0.00000000,0.02632153,0.61406618,0.00000000,0.00261719,0.00000000,0.00000000,0.00000000,0.00000000,0.00000000,0.00000000,0.00000000,0.00000000,0.00000000,0.00000000,0.00000000,0.00000000,0.00000000,0.08207464,0.00000000,0.00000000,0.00000000,0.00000000,0.00000000,0.00198375,0.00000000,0.00000000,0.00000000,0.00000000,0.00000000,0.00000000,0.00000000,0.00128760,0.00000000,0.00000000,0.00000000,0.00696170,0.00000000,0.00000000,0.00000000,0.01443257,0.00000000,0.00000000,0.00630730,0.00000000,0.00000000,0.00000000,0.00000000,0.00000000,0.00000000,0.01557525,0.00000000,0.00000000,0.00000000,0.00000000,0.00000000,0.00000000,0.00000000,0.00000000,0.00602120,0.00000000,0.00000000,0.00000000,0.00000000,0.00000000,0.00000000,0.00000000,0.12050171,0.00178266,0.00000000,0.02718430,0.00000000,0.00000000,0.00000000,0.00348992,0.00000000,0.00000000,0.00000000,0.00000000,0.00000000,0.00000000,0.00000000,0.00000000,0.00000000,0.00000000,0.00000000,0.00000000,0.00000000,0.00000000,0.00000000,0.00000000,0.00000000,0.00000000,0.00000000,0.00000000,0.00000000,0.00000000,0.00000000,0.00000000,0.00000000,0.00000000,0.00000000,0.00000000,0.00000000,0.00000000,0.00000000,0.20951512,0.00000000,0.00000000,0.00000000,0.00000000,0.00000000,0.05013972,0.00000000,0.00000000,0.00000000,0.04013556,0.00000000,0.00000000,0.00000000,0.00000000,0.00000000,0.00000000,0.02332103,0.00000000,0.00000000,0.00000000,0.00000000,0.00000000,0.00000000,0.00000000,0.00000000,0.00000000,0.00000000,0.00000000,0.00000000,0.00000000,0.00000000,0.00000000,0.00000000,0.00000000,0.00000000,0.00000000,0.00000000,0.00000000,0.01869914,0.00636603,0.00917561,0.00000000,0.00000000,0.07354176,0.00000000,0.00000000,0.00000000,0.00000000,0.00000000,0.00000000,0.00000000,0.00000000,0.00000000,0.00000000,0.00000000,0.00000000,0.00000000,0.00000000,0.01069431,0.00000000,0.00637803,0.00000000,0.00000000,0.00000000,0.00000000,0.00000000,0.00000000,0.00000000,0.00000000,0.00754115,0.00000000,0.00000000,0.00000000,0.00000000,0.00000000,0.00000000,0.00000000,0.27811495,0.00000000,0.00000000,0.00000000,0.00000000,0.00000000,0.00000000,0.00000000,0.00000000,0.07431843,0.00000000,0.00000000
0.00000000,0.00000000,0.00000000,0.00000000,0.00000000,0.00000000,0.00173480,0.00000000,0.00000000,0.00000000,0.00000000,0.00000000,0.19112907,0.00000000,0.00000000,0.00000000,0.00000000,0.00000000,0.00000000,0.00000000,0.00000000,0.00000000,0.00000000,0.00000000,0.00000000,0.00000000,0.00000000,0.00000000,0.00000000,0.00157130,0.00000000,0.00000000,0.00000000,0.00780461,0.00000000,0.00000000,0.00000000,0.00000000,0.00000000,0.00000000,0.00000000,0.14504941,0.00823588,0.00000000,0.00000000,0.03991164,0.00000000,0.00000000,0.00000000,0.00000000,0.00000000,0.01051972,0.00000000,0.00000000,0.00000000,0.00000000,0.00000000,0.00248281,0.00000000,0.00000000,0.00000000,0.00000000,0.00000000,0.00000000,0.00000000,0.00000000,0.00744656,0.00000000,0.00000000,0.00000000,0.00000000,0.00000000,0.00000000,0.00000000,0.00000000,0.00000000,0.00000000,0.00000000,0.00000000,0.00000000,0.00000000,0.00000000,0.00000000,0.00000000,0.00000000,0.00000000,0.00000000,0.00000000,0.00000000,0.00000000,0.00000000,0.00000000,0.00000000,0.00000000,0.00000000,0.00000000,0.00000000,0.00000000,0.00000000,0.00000000,0.00000000,0.03901447,0.00000000,0.00000000,0.01581602,0.00000000,0.00142662,0.00000000,0.00000000,0.00000000,0.01859093,0.00000000,0.01074693,0.00000000,0.00970407,0.00000000,0.00000000,0.00000000,0.00000000,0.00000000,0.00000000,0.00000000,0.00000000,0.00000000,0.00129703,0.00000000,0.05471109,0.00000000,0.00000000,0.00000000,0.00000000,0.00000000,0.00000000,0.00000000,0.00000000,0.00000000,0.00000000,0.00000000,0.00000000,0.00000000,0.00000000,0.00000000,0.00000000,0.00000000,0.00000000,0.00000000,0.00000000,0.00000000,0.00000000,0.00000000,0.00000000,0.00000000,0.00000000,0.00000000,0.00617926,0.00852742,0.00176976,0.00000000,0.00000000,0.00000000,0.00000000,0.00000000,0.00000000,0.00000000,0.61006765,0.00000000,0.00000000,0.00000000,0.00103175,0.00421236,0.00000000,0.00000000,0.00000000,0.00000000,0.00000000,0.00000000,0.00000000,0.00000000,0.00491077,0.00000000,0.00000000,0.00000000,0.13959374,0.00000000,0.00000000,0.00000000,0.59880415,0.00000000,0.00000000,0.00000000,0.00000000,0.00000000,0.02909909,0.00194571,0.00000000,0.00000000,0.00000000,0.01398657,0.00000000,0.00000000,0.00000000,0.00000000,0.01632627,0.00000000,0.00072218,0.00000000,0.00000000,0.00000000,0.00000000,0.00295709,0.00000000,0.00000000,0.00000000,0.00000000,0.00000000,0.00550647,0.00000000,0.00000000,0.00000000,0.00000000,0.00000000,0.00000000,0.00000000,0.00000000,0.00000000,0.00000000,0.00000000,0.00000000,0.12346459,0.00000000,0.00000000,0.00000000,0.00000000,0.00000000,0.00000000,0.00000000,0.00000000,0.00000000,0.00000000,0.00000000,0.00000000,0.00000000,0.02406828,0.00000000,0.00000000,0.00000000,0.00000000,0.00000000,0.68187760,0.00000000,0.00000000,0.00000000,0.00000000,0.10342234,0.00142449,0.00000000,0.00000000,0.00000000,0.00000000,0.00000000,0.00000000,0.00000000,0.00000000,0.00000000,0.10175793,0.00000000,0.00000000,0.00000000,0.00000000,0.01571561,0.00000000,0.00000000,0.00000000,0.06364728,0.00000000,0.00000000,0.00000000,0.00000000,0.00000000,0.00000000,0.02118416,0.00000000,0.00000000,0.00000000,0.00000000,0.00000000,0.00000000,0.00118146,0.00000000,0.00000000,0.00000000,0.00000000,0.00000000,0.00000000,0.00000000,0.00000000,0.00000000,0.00000000,0.00000000,0.01448337,0.00000000,0.00976462,0.00000000,0.00000000,0.00000000,0.05028448,0.00000000,0.00000000,0.00000000,0.00000000,0.00000000,0.00055594,0.00000000,0.00000000,0.00000000,0.00000000,0.03904553,0.00000000,0.00000000,0.00000000,0.00000000,0.00000000,0.00000000,0.00000000,0.00000000,0.00000000,0.00000000,0.00000000,0.00000000,0.00000000,0.00000000,0.00124607,0.00000000,0.00000000,0.00000000,0.00000000,0.00000000,0.00000000,0.00000000,0.10632628,0.00000000,0.00000000,0.00000000,0.00000000,0.00000000,0.00000000,0.00000000,0.00501617,0.00000000,0.00000000,0.00000000,0.00000000,0.00000000,0.01324491,0.00000000,0.00000000,0.00000000,0.00000000,0.00000000,0.00000000,0.00000000,0.00000000,0.00000000,0.00000000,0.00000000,0.00000000,0.00000000,0.00000000,0.04127091,0.00000000,0.00000000,0.00000000,0.00000000,0.00000000,0.00000000,0.00000000,0.00000000,0.00000000,0.00000000,0.00000000,0.00000000,0.00000000,0.00000000,0.00000000,0.00000000,0.00000000,0.00000000,0.00000000,0.00000000,0.00000000,0.00000000,0.00000000,0.00000000,0.00000000,0.00000000,0.00000000,0.00000000,0.00000000,0.00000000,0.00000000,0.00000000,0.00000000,0.00355485,0.00000000,0.00000000,0.00000000,0.00000000,0.00000000,0.00000000,0.00000000,0.00000000,0.00000000,0.00000000,0.00000000,0.00000000,0.00000000,0.00888227,0.00000000,0.00000000,0.00000000,0.00000000,0.00000000,0.00000000,0.00000000,0.00000000,0.00255813,0.00000000,0.00000000,0.00000000,0.00774718,0.00000000,0.00000000,0.00000000,0.00000000,0.00000000,0.00000000,0.00000000,0.00000000,0.00000000,0.00225018,0.00000000,0.00000000,0.00000000,0.00000000,0.02332930,0.39811192,0.00000000,0.01778145,0.00000000,0.00000000,0.00000000,0.00000000,0.00000000,0.00000000,0.00000000,0.00000000,0.00000000,0.00734459,0.01608138,0.00000000,0.00000000,0.00000000,0.00000000,0.00000000,0.00000000,0.00000000,0.00000000,0.00000000,0.00000000,0.00000000,0.00000000,0.00000000,0.00000000,0.00000000,0.00000000,0.01804707,0.00000000,0.00000000,0.00000000,0.00000000,0.00000000,0.00638096,0.00000000,0.00000000,0.00759490,0.00000000,0.00000000,0.00000000,0.00000000,0.00000000,0.00000000,0.00000000,0.00000000,0.00000000,0.01946371,0.00147353,0.23144061,0.00000000,0.00000000,0.00000000,0.00000000,0.00000000,0.00510022,0.00625655,0.00000000,0.00000000,0.00000000,0.00642793,0.00000000,0.00000000,0.00000000,0.09399466,0.00000000,0.00000000,0.00000000,0.00000000,0.00000000,0.00000000,0.00000000,0.00000000,0.00000000,0.00000000,0.00000000,0.00000000,0.00000000,0.00000000,0.00000000,0.00366702,0.00000000,0.00000000,0.00000000,0.00000000,0.00000000,0.00000000,0.00000000,0.00000000,0.00287878,0.00000000,0.00000000,0.00737841,0.00000000,0.00000000,0.00764223,0.00000000,0.00000000,0.00000000,0.00081805,0.00000000,0.00000000,0.00000000,0.01671455,0.00000000,0.00000000,0.00000000,0.00000000,0.00000000,0.00000000,0.00000000,0.00000000,0.00000000,0.00000000,0.38076007,0.00341447,0.00000000,0.00690101,0.00000000,0.00000000,0.00000000,0.00000000,0.00925197,0.05252379,0.00000000,0.00250021,0.00000000,0.00000000,0.00000000,0.00000000,0.00000000,0.00000000,0.00000000,0.00000000,0.00000000,0.00000000,0.00000000,0.00000000,0.00000000,0.00000000,0.00000000,0.00000000,0.00000000,0.08753000,0.00000000,0.00000000,0.00000000,0.00000000,0.00000000,0.00000000,0.00000000,0.00000000,0.00000000,0.00000000,0.00000000,0.00000000,0.00000000,0.00000000,0.00000000,0.00000000,0.00000000,0.02321935,0.00000000,0.05354224,0.00000000,0.00000000,0.07762314,0.01005891,0.00186849,0.00000000,0.00000000,0.00000000,0.00000000,0.00000000,0.00000000,0.00000000,0.00000000,0.00000000,0.00000000,0.00000000,0.00000000,0.00000000,0.00000000,0.00000000,0.00000000,0.00000000,0.00000000,0.00369080,0.00000000,0.00000000,0.00000000,0.00000000,0.00000000,0.00000000,0.00000000,0.00000000,0.00000000,0.00000000,0.00000000,0.00000000,0.00000000,0.00000000,0.00000000,0.00000000,0.01551669,0.00000000,0.00000000,0.00000000,0.00000000,0.00000000,0.00000000,0.00000000,0.00000000,0.00000000,0.00000000,0.03218767,0.00000000,0.00000000,0.00000000,0.00000000,0.00000000,0.00000000,0.10375325,0.00000000,0.00000000,0.00000000,0.00000000,0.00000000,0.00000000,0.00000000,0.00000000,0.00000000,0.00000000,0.00000000,0.00000000,0.00000000,0.00000000,0.00000000,0.01821503,0.00000000,0.00000000,0.00000000,0.03024660,0.00000000,0.00000000,0.00750818,0.06628808,0.00000000,0.00000000,0.00000000,0.00000000,0.02510935,0.00000000,0.00000000,0.00000000,0.00000000,0.00000000,0.00000000,0.00000000,0.00000000,0.00000000,0.00000000,0.00000000,0.00000000,0.00000000,0.00000000,0.00000000,0.00000000,0.00000000,0.00000000,0.00000000,0.00000000,0.00000000,0.00000000,0.00000000,0.00000000,0.00000000,0.03124321,0.02021105,0.00185370,0.00000000,0.00000000,0.00000000,0.00000000,0.00000000,0.00000000,0.00000000,0.08046063,0.00000000,0.00000000,0.00000000,0.00000000,0.00000000,0.00000000,0.00000000,0.00000000,0.00000000,0.00000000,0.05913485,0.00000000,0.00000000,0.00000000,0.00000000,0.00000000,0.00000000,0.00000000,0.00000000,0.00000000,0.07106148,0.00000000,0.00151130,0.00000000,0.00000000,1.58471955,0.00383450,0.00000000,0.00000000,0.00000000,0.00000000,0.01228804,0.00000000,0.00000000,0.00000000,0.00000000,0.02127535,0.00000000,0.00000000,0.00000000,0.00000000,0.00178900,0.00000000,0.00000000,0.00000000,0.00000000,0.00000000,0.00000000,0.00000000,0.00000000,0.00000000,0.00000000,0.00000000,0.00000000,0.00000000,0.00000000,0.00000000,0.00000000,0.00000000,0.00000000,0.00000000,0.00000000,0.00000000,0.00000000,0.00577375
0.00000000,0.02419764,0.00000000,0.00000000,0.00000000,0.01949265,0.00000000,0.00000000,0.00000000,0.00000000,0.00545818,0.00000000,0.00000000,0.00000000,0.00000000,0.00000000,0.00000000,0.00000000,0.00000000,0.02249880,0.00000000,0.00000000,0.00000000,0.01291109,0.00000000,0.00000000,0.00000000,0.00000000,0.00000000,0.00000000,0.00000000,0.00000000,0.00000000,0.00000000,0.00417033,0.00000000,0.00000000,0.00000000,0.00000000,0.00000000,0.00000000,0.00000000,0.00000000,0.00000000,0.00000000,0.02343910,0.00000000,0.00000000,0.00000000,0.00000000,0.00000000,0.00465310,0.00000000,0.00000000,0.00000000,0.00000000,0.00000000,0.00093695,0.00000000,0.01159670,0.00000000,0.00000000,0.00000000,0.00000000,0.00000000,0.00000000,0.00931837,0.00000000,0.00433786,0.00000000,0.00000000,0.00000000,0.00109778,0.00000000,0.00000000,0.00000000,0.00000000,0.02826431,0.00000000,0.00000000,0.00000000,0.00000000,0.00000000,0.00000000,0.00000000,0.00000000,0.00000000,0.00000000,0.00000000,0.00000000,0.00000000,0.00452395,0.00000000,0.00000000,0.00000000,0.00000000,0.00000000,0.00000000,0.00000000,0.00000000,0.00000000,0.00000000,0.00000000,0.00000000,0.00000000,1.86342671,0.00000000,0.00318001,0.00000000,0.00000000,0.00000000,0.00000000,0.00000000,0.00000000,0.00000000,0.00000000,0.00000000,0.00000000,0.00000000,0.00000000,0.03122672,0.00000000,0.00000000,0.00000000,0.00000000,0.00000000,0.00000000,0.00444339,0.00000000,0.00000000,0.00000000,0.00000000,0.04447321,0.00000000,0.00000000,0.00000000,0.00000000,0.00000000,0.00000000,0.00000000,0.00000000,0.00000000,0.00000000,0.00000000,0.00000000,0.00000000,0.00000000,0.00000000,0.00000000,0.00000000,0.00000000,0.00000000,0.00800542,0.00000000,0.00000000,0.00794094,0.00165849,0.00000000,1.82775171,0.00000000,0.00000000,0.00000000,2.04466284,0.00000000,0.00000000,0.00000000,0.00000000,0.00000000,0.00000000,0.00000000,0.00000000,0.00000000,0.00000000,0.00000000,0.00000000,0.00000000,0.00000000,0.00000000,0.00665562,0.00000000,0.00000000,0.00000000,0.00000000,0.00000000,0.00000000,0.00000000,0.00000000,0.00000000,0.00000000,0.00000000,0.00000000,0.00619538,0.00000000,0.00000000,0.00000000,0.00000000,0.00000000,0.00000000,0.00000000,0.00000000,0.00000000,0.00000000,0.00000000,0.00000000,0.00000000,0.00000000,0.00000000,0.14502229,0.00000000,0.00000000,0.01886973,0.00000000,0.00000000,0.00000000,0.03058285,0.00000000,0.00000000,0.00000000,0.00000000,0.00000000,0.00000000,0.00000000,0.00000000,0.00000000,0.00000000,0.00000000,0.00000000,0.00000000,0.00000000,0.00000000,0.00000000,0.00000000,0.00000000,0.00000000,0.00808872,0.00000000,0.00251404,0.00000000,0.00000000,0.00000000,0.00184132,0.00000000,0.00000000,0.00000000,0.00000000,0.00702380,0.00000000,0.00000000,0.00000000,0.00000000,0.00000000,0.00000000,0.00000000,0.00000000,0.00000000,0.00000000,0.00000000,0.00000000,0.00000000,0.00000000,0.00000000,0.00000000,0.00000000,0.00000000,0.00678792,0.00000000,0.00000000,0.00000000,0.00000000,0.00000000,0.01225383,0.00000000,0.00000000,0.00000000,0.00000000,0.00000000,0.00000000,0.00000000,0.00000000,0.00000000,0.00000000,0.00000000,0.00000000,0.00000000,0.00000000,0.00000000,0.00000000,0.00000000,0.00000000,0.01961970,0.00000000,0.00348886,0.00715726,0.00000000,0.00000000,0.00000000,0.00859501,0.00000000,0.01501361,0.00000000,0.00000000,0.00000000,0.00894332,0.18271291,0.00000000,0.00000000,0.00000000,0.00000000,0.00000000,0.00000000,0.00000000,0.00000000,0.00000000,0.00249723,0.00000000,0.09907462,0.00000000,0.00000000,0.05356831,0.00000000,0.00000000,0.00000000,0.00000000,0.00000000,0.00120400,0.00000000,0.00000000,0.00000000,0.00000000,0.00000000,0.00000000,0.01328525,0.00000000,0.00000000,0.00000000,0.00000000,0.00000000,0.00000000,0.00000000,0.00000000,0.00000000,0.00000000,4.64484148,0.00000000,0.00000000,0.00000000,0.00000000,0.01101022,0.00000000,0.00000000,0.00000000,0.13834948,0.00000000,0.00000000,0.00000000,0.00000000,0.03053904,0.00000000,0.00000000,0.00000000,0.00000000,0.00000000,0.00000000,0.00000000,0.00000000,0.01146680,0.00000000,0.00000000,0.00000000,0.00000000,0.00000000,0.00000000,0.00000000,0.00000000,0.00000000,0.00000000,0.00812437,0.00000000,0.00552112,0.00000000,0.00000000,0.00000000,0.00000000,0.00763626,0.00000000,0.00000000,0.00000000,0.00000000,0.00758218,0.00000000,0.00000000,0.00000000,0.00000000,0.00000000,0.00000000,0.00000000,0.00000000,0.00000000,0.00000000,0.06922010,0.00000000,0.00000000,0.00000000,0.01253929,0.00000000,0.00000000,0.00000000,0.00433399,0.00000000,0.00000000,0.00000000,0.00265625,0.00000000,0.00000000,0.00474949,0.00000000,0.00000000,0.00000000,0.00000000,0.00000000,0.00000000,0.00000000,0.00722928,0.00000000,0.00000000,0.00000000,0.00000000,0.00000000,0.00000000,0.00000000,0.00000000,0.00000000,0.00000000,0.00000000,0.00000000,0.00000000,0.00000000,0.00000000,0.00142170,0.00000000,0.00000000,0.00000000,0.00000000,0.01743819,0.00000000,0.00000000,0.00000000,0.00000000,0.00000000,0.01348968,0.00000000,0.00000000,0.00000000,0.00000000,0.00000000,0.62643124,0.00000000,0.00000000,0.00000000,0.00512838,0.00000000,0.00000000,0.00000000,0.00000000,0.00000000,0.00426657,0.00000000,0.00000000,0.00000000,0.00000000,0.00000000,0.00000000,0.00000000,0.00000000,0.00000000,0.06640862,0.00000000,0.00000000,0.00000000,0.00000000,0.00000000,0.00000000,0.00000000,0.00759490,0.00000000,0.00000000,0.00000000,0.00000000,0.00000000,0.00000000,0.00000000,0.00000000,0.00000000,0.00000000,0.00000000,0.00501639,0.43021387,0.00000000,0.00000000,0.00000000,0.00000000,0.00000000,0.00000000,0.00000000,0.00000000,0.00000000,0.00000000,0.00223069,0.00000000,0.00000000,0.00000000,0.00000000,0.00000000,0.00000000,0.01190927,0.00000000,0.00617760,0.00000000,0.00000000,0.00000000,0.00000000,0.00000000,0.00000000,0.00000000,0.00000000,0.00000000,0.00943977,0.00000000,0.00000000,0.00000000,0.00000000,0.00136143,0.00000000,0.00000000,0.00000000,0.00000000,0.11590072,0.00000000,0.00505757,0.00000000,0.00000000,0.00000000,0.00000000,0.00906971,0.00000000,0.00646757,0.00000000,0.00000000,0.00000000,0.00000000,0.00000000,0.00000000,0.00000000,0.00000000,0.00000000,0.00000000,0.00000000,0.00000000,0.00725973,0.00000000,0.00000000,0.00000000,0.00000000,0.00000000,0.01195979,0.00000000,0.00000000,0.00000000,0.00000000,0.00000000,0.00000000,0.00000000,0.00000000,0.00000000,0.00965949,0.00000000,0.00000000,0.00000000,0.00000000,0.00000000,0.00417877,0.00000000,0.00000000,0.00000000,0.00000000,0.00000000,0.00000000,0.00084139,0.00000000,0.00000000,0.00000000,0.04341761,0.00000000,0.00396214,0.00000000,0.01803752,0.00000000,0.00000000,0.00000000,0.00000000,0.00000000,0.00000000,0.00000000,0.00000000,0.00000000,0.00000000,0.00000000,0.00275046,0.00000000,0.00438937,0.00000000,0.00000000,0.01910385,0.00000000,0.00000000,0.00000000,0.00000000,0.00000000,0.00000000,0.00000000,0.00000000,0.00000000,0.00000000,0.00000000,0.00000000,0.00000000,0.00000000,0.00000000,0.00000000,0.00000000,0.00000000,0.00130012,0.00000000,0.00000000,0.00000000,0.00000000,0.00000000,0.00000000,0.00000000,0.00000000,0.00274063,0.00787967,0.00000000,0.00000000,0.00000000,0.00000000,0.00000000,0.00000000,0.00000000,0.00000000,0.00000000,0.00000000,0.00000000,0.00000000,0.00000000,0.00000000,0.00000000,0.00000000,0.00000000,0.00000000,0.02384279,0.00000000,0.00000000,0.00000000,0.00000000,0.00000000,0.00000000,0.00000000,0.00000000,0.00000000,0.00000000,0.00000000,0.00000000,0.00000000,0.00000000,0.00000000,0.00000000,0.00000000,0.00000000,0.00000000,0.00000000,0.00000000,0.00000000,0.00000000,0.00000000,0.00000000,0.00000000,0.00000000,0.00000000,0.00000000,0.00000000,0.00000000,0.00000000,0.00000000,0.00000000,0.00000000,0.00000000,0.00000000,0.00000000,0.00000000,0.00000000,0.01760579,0.00000000,0.00172283,0.00412267,0.00000000,0.00000000,0.00000000,0.00000000,0.00000000,0.00947029,0.01728527,0.00000000,0.00000000,0.00000000,0.00000000,0.00000000,0.00000000,0.00000000,0.00000000,0.00000000,0.00000000,0.00000000,0.00000000,0.00000000,0.00000000,0.00000000,0.00000000,0.00000000,0.08721416,0.00000000,0.00000000,0.00000000,0.00000000,0.00000000,0.00000000,0.00000000,0.00000000,0.00000000,0.00000000,0.00000000,0.00000000,0.01127452,0.00000000,0.00000000,0.00000000,0.00000000,0.00000000,0.00418807,0.00000000,0.00000000,0.00000000,0.00000000,0.00000000,0.00000000,0.76975724,0.00000000,0.00803837,0.00000000,0.00000000,0.00000000,0.00000000,0.02807013,0.07242432,0.00000000,0.00000000,0.00000000,0.00000000,0.00000000,0.00000000,0.00000000,0.00000000,0.00000000,0.00000000,0.00000000,0.01895718,0.00000000,0.00000000,0.00000000,0.00000000,0.00000000,0.00000000,0.00000000,0.00234282,0.00000000,0.00000000,0.00000000,0.00000000,1.46197666,0.00000000,0.00000000,0.00000000,0.00604088,0.05936769,0.00000000,0.00000000,0.00000000,0.00000000,0.00000000,0.00000000
0.00000000,0.00000000,0.00000000,0.00160543,0.00000000,0.00000000,0.00000000,0.00000000,0.00000000,0.00615369,0.00000000,0.00000000,0.00000000,0.00000000,0.00000000,0.00000000,0.00000000,0.00000000,0.00000000,0.00000000,0.00000000,0.00000000,0.00000000,0.00000000,0.00000000,0.00000000,0.00000000,0.00000000,0.00000000,0.00000000,0.00000000,0.00000000,0.00000000,0.00000000,0.01088702,0.00490547,0.00000000,0.00000000,0.00000000,0.00000000,0.00000000,0.00000000,0.00000000,0.00000000,0.00443928,0.00000000,0.00000000,0.00000000,0.00000000,0.00000000,0.00000000,0.00648278,0.00000000,0.00000000,0.00000000,0.00000000,0.00123811,0.00000000,0.00193561,0.00000000,0.00000000,0.00000000,2.05823134,0.00000000,0.00000000,0.00000000,0.00000000,0.00000000,0.00000000,0.00000000,0.00000000,0.00000000,0.00000000,0.00000000,0.00000000,0.00000000,0.00000000,0.00000000,0.00000000,0.00000000,0.00000000,0.00763396,0.00000000,0.16160036,0.00000000,0.00000000,0.00000000,0.00000000,0.00428397,0.01117773,0.00000000,0.00000000,0.00000000,0.00000000,0.00000000,0.00000000,0.00000000,0.00000000,0.00000000,0.00384787,0.00000000,0.00000000,0.00000000,0.00000000,3.47969868,0.00000000,0.00000000,0.00000000,0.00530616,0.00000000,0.00000000,0.00000000,0.00000000,0.00000000,0.00000000,0.00000000,1.00058099,0.00000000,0.00000000,0.00000000,0.00000000,0.00000000,0.00000000,0.00000000,0.00000000,0.00000000,0.00000000,0.00128504,0.00000000,0.00000000,0.01090739,0.00105129,0.00000000,0.00000000,0.00000000,0.00000000,0.00000000,0.02683713,0.00000000,0.00000000,0.00000000,0.00000000,0.00000000,0.02789559,0.00000000,0.00000000,0.00000000,0.00000000,0.00000000,0.00000000,0.00000000,0.00000000,0.00000000,0.00000000,0.00131143,0.00715564,0.02339387,0.00000000,0.00839821,0.00000000,0.00000000,0.00000000,0.00000000,0.00000000,0.00000000,0.00000000,0.00000000,0.00000000,0.00000000,0.00000000,0.00000000,0.00000000,0.00000000,0.00000000,0.00000000,0.00000000,0.00000000,0.00000000,0.00000000,0.00000000,0.00000000,0.00000000,0.00000000,0.00000000,0.01477530,0.00000000,0.00000000,0.00000000,0.00000000,0.00000000,0.00345938,0.00000000,0.00000000,0.00000000,0.02566074,0.02289458,0.00000000,0.00000000,0.00000000,0.00000000,0.00184871,0.00000000,0.00512018,0.00000000,0.00000000,0.00000000,0.00000000,0.00000000,0.02279416,0.00000000,0.01490131,0.00000000,0.02119818,0.00000000,0.00000000,0.00000000,0.00000000,0.00000000,0.00000000,0.00000000,0.00000000,0.00000000,0.00000000,0.00000000,0.00000000,0.00000000,0.00000000,0.00000000,0.00000000,0.00000000,0.00000000,0.00000000,0.00000000,0.00000000,0.00000000,0.00000000,0.02339350,0.00000000,0.00000000,0.00000000,0.00000000,0.00000000,0.00000000,0.00000000,0.00000000,0.00000000,0.00000000,0.00000000,0.00000000,0.00585905,0.00000000,0.00497770,0.00000000,0.00000000,0.00000000,0.00000000,0.00000000,0.00000000,0.00000000,0.00000000,0.00000000,0.00000000,0.00000000,0.00000000,0.01509302,0.00000000,0.00587512,0.00000000,0.00000000,0.00000000,0.00000000,0.00000000,0.00000000,0.00000000,0.00281767,0.00000000,0.00998333,0.00518680,0.00000000,0.00000000,0.00000000,0.00000000,0.00000000,0.00000000,0.00000000,0.00000000,0.00000000,0.00000000,0.01134977,0.00000000,0.02294247,0.00000000,0.00000000,0.00000000,0.00000000,0.00780167,0.00000000,0.02063002,0.00199721,0.00000000,0.00000000,0.00000000,0.07652377,0.00000000,0.00000000,0.00000000,0.00000000,0.00000000,0.00000000,0.00000000,0.00000000,0.00000000,0.00000000,0.00000000,0.00000000,0.00000000,0.00000000,0.00000000,0.00000000,0.01242267,0.00000000,0.00000000,0.00000000,0.02067146,0.00000000,0.00000000,0.00000000,0.00000000,0.00000000,0.00000000,0.00000000,0.00000000,0.00000000,0.00000000,0.00000000,0.00000000,0.00205756,0.00000000,0.00000000,0.00000000,0.00000000,0.00000000,0.00000000,0.00000000,0.00000000,0.00000000,0.00000000,0.00949796,0.00000000,0.00000000,0.00000000,0.00000000,0.13801580,0.00000000,0.00000000,0.00000000,0.00000000,0.00000000,0.00000000,0.00000000,0.00000000,0.00000000,0.00000000,0.00000000,0.00000000,0.16047808,0.00000000,0.00000000,0.00000000,0.00000000,0.00000000,0.00000000,0.00000000,0.00000000,0.00000000,0.00000000,0.00000000,2.16665772,0.00525236,0.00000000,0.00000000,0.00000000,0.00000000,0.00000000,0.00000000,0.00000000,0.00000000,0.00000000,0.00000000,0.00000000,0.00000000,0.00000000,0.00000000,0.00000000,0.00256474,0.00000000,0.00000000,0.00000000,0.00000000,0.00000000,0.02672416,0.00000000,0.00000000,0.00000000,0.00000000,0.00000000,0.00000000,0.00000000,0.00223975,0.00000000,0.00000000,0.00000000,0.00000000,0.00000000,0.00000000,0.00000000,0.00229132,0.03711695,0.00000000,0.00000000,0.00000000,0.00000000,0.00000000,0.00000000,0.00000000,0.00000000,0.00000000,0.00989839,0.00000000,0.00000000,0.00000000,0.00000000,0.00000000,0.00000000,0.00000000,0.00000000,0.00000000,0.00000000,0.00000000,0.00000000,0.00000000,0.00000000,0.00000000,0.00000000,0.00000000,0.00000000,0.00000000,0.00000000,0.00000000,0.00000000,0.00000000,0.00000000,0.00000000,0.00000000,0.00000000,0.00000000,0.00000000,0.00000000,0.00000000,0.00000000,0.07470930,0.00000000,0.37375785,0.00000000,0.00000000,0.00000000,0.00000000,0.00000000,0.00000000,0.00000000,0.00000000,0.00000000,0.00000000,0.00000000,2.57683424,0.00000000,0.00000000,0.00000000,0.00000000,0.00000000,0.00000000,0.00000000,0.00000000,0.00000000,0.00000000,0.00000000,0.00000000,0.00000000,0.00000000,0.01913856,0.00000000,0.00000000,0.00000000,0.00000000,0.00000000,0.00000000,0.00000000,0.00000000,0.00000000,0.00000000,0.00000000,0.00000000,0.00000000,0.00000000,0.01435342,0.00000000,0.01705116,0.00000000,0.01680272,0.00000000,3.22992417,0.00000000,0.00000000,0.00000000,0.00000000,0.00000000,0.00000000,0.00106704,0.00000000,0.00000000,0.00000000,0.00000000,0.00000000,0.00000000,0.04201096,0.00000000,0.01739286,0.00000000,0.00000000,0.00000000,0.00000000,0.00000000,0.00000000,0.00000000,0.00000000,0.00000000,0.00000000,0.00000000,0.00000000,0.00398495,0.00000000,0.00000000,0.00000000,2.03658501,0.00000000,0.00000000,0.00000000,0.00000000,0.00000000,0.00410532,0.00000000,0.00000000,0.00000000,0.00000000,0.00000000,0.00000000,0.00153655,0.00000000,0.00000000,0.00000000,0.00000000,0.00000000,0.00000000,0.00000000,0.00000000,0.00000000,0.00000000,3.05725235,1.08544925,0.00000000,0.00671322,0.00000000,0.00000000,0.00000000,0.00000000,0.00000000,0.00000000,0.00000000,3.16212652,0.00000000,0.01089756,0.00000000,0.00000000,0.00000000,0.00000000,0.00000000,0.00000000,0.01701825,0.00000000,0.00000000,0.00000000,0.00000000,0.00000000,0.00272516,0.00000000,0.00000000,0.00000000,0.00370953,0.00000000,0.00000000,0.12649302,0.00000000,0.00000000,0.00000000,0.00000000,0.00000000,0.00000000,0.00000000,0.00343628,0.00000000,0.00000000,0.00000000,0.00000000,0.01285077,0.00000000,0.00000000,0.00000000,0.00000000,0.00000000,0.00000000,0.00000000,0.00000000,0.00000000,0.00000000,0.00826003,0.01581586,0.00000000,0.00000000,0.00000000,0.00000000,0.00000000,0.00786316,0.00000000,0.00129513,0.00000000,0.00000000,0.00000000,0.00000000,0.00000000,0.00000000,0.00000000,0.00000000,0.00000000,0.00000000,0.00000000,0.00000000,0.00000000,0.00855416,0.00000000,0.00000000,0.00000000,0.00000000,0.00240561,0.00000000,0.00000000,0.00114065,0.00000000,0.00000000,0.00000000,0.00000000,0.00000000,0.00000000,0.00000000,0.00000000,0.00000000,0.00000000,0.00000000,0.00000000,0.00000000,0.00000000,0.00000000,0.00000000,0.00985781,0.00364716,0.00000000,0.00000000,0.00000000,0.00372037,0.00000000,0.00000000,0.00000000,0.00000000,0.00000000,0.00000000,0.00000000,0.00000000,0.00000000,0.00000000,0.00000000,0.00000000,0.00000000,0.00000000,0.00000000,0.00000000,0.00000000,0.00000000,0.09512108,0.00000000,0.05319721,0.00000000,0.00000000,0.00000000,0.00000000,0.01935267,0.00000000,0.00000000,0.00000000,0.00000000,0.00000000,0.00000000,0.00000000,0.00000000,0.00000000,0.00250592,0.00000000,0.00000000,0.00000000,0.00000000,0.00000000,0.00000000,0.00000000,0.00000000,0.00000000,0.00000000,0.00000000,0.00000000,0.00819639,0.00000000,0.00000000,0.00000000,0.00000000,0.00000000,0.00000000,0.01606981,0.00000000,0.00000000,0.00000000,0.00731812,0.00833237,0.00000000,0.00100990,0.00000000,0.00354172,0.48061719,0.00000000,0.00000000,0.00161787,0.10148626,0.00000000,0.00000000,0.00000000,0.00000000,0.00000000,0.00000000,0.00000000,0.00000000,0.00000000,0.00000000,0.00000000,0.00000000,0.00000000,0.00000000,0.00000000,0.00000000,0.00000000,0.00000000,0.00000000,0.00000000,0.00000000,0.00000000,0.00000000,0.00000000,0.00000000,0.00000000,0.00000000,0.00000000,0.00000000,0.00000000,0.00000000,0.00000000,0.00000000,0.00000000,0.00000000,0.00000000,0.00000000,0.00000000,0.00000000,0.00000000,0.00000000,0.00000000,0.00000000,0.00000000,0.00594024,0.00000000,0.00000000,0.00327305,0.00000000,0.00000000,0.00000000,0.00000000
0.00000000,0.00000000,0.00000000,0.00000000,0.00000000,0.00000000,0.00716329,0.00000000,0.00000000,0.00000000,0.08992735,0.00000000,0.00000000,0.00000000,0.00000000,0.00000000,0.00000000,0.00000000,0.00000000,0.00000000,0.00000000,0.00000000,0.00000000,0.00000000,0.00779504,0.00000000,0.00000000,0.00000000,0.00000000,0.00000000,0.00000000,0.00000000,0.11656356,0.00000000,0.03265578,0.00000000,0.00000000,0.00000000,0.00000000,0.00218248,0.00000000,0.00000000,0.00000000,0.00000000,0.00000000,0.00000000,0.00000000,0.00000000,0.00000000,0.00000000,0.00000000,0.00000000,0.00000000,0.00000000,0.00000000,0.00000000,0.00000000,0.00000000,0.00000000,0.00000000,0.00362540,0.00000000,0.00000000,0.00000000,0.00000000,0.00000000,0.00631106,0.00000000,0.00000000,0.00000000,0.00000000,0.00000000,0.00000000,0.00181475,0.00000000,0.00000000,0.00000000,0.00066560,0.00000000,0.00000000,0.01518132,0.00000000,0.00000000,0.00000000,0.00000000,0.00000000,0.00000000,0.00123477,0.00000000,0.00000000,0.00000000,0.00000000,0.00000000,0.00000000,0.00000000,0.00000000,0.00000000,0.00000000,0.00000000,0.00000000,0.00000000,0.00000000,0.00000000,1.40881415,0.00000000,0.00000000,0.00403911,0.00000000,0.00000000,0.00000000,0.00000000,0.00000000,0.00000000,0.00000000,0.00000000,0.00000000,0.00000000,0.00000000,0.00000000,0.00000000,0.00000000,0.00000000,0.00000000,0.00000000,0.00000000,0.00000000,0.00000000,0.00000000,1.71015365,0.00000000,0.00000000,0.00000000,0.00000000,0.00000000,0.00000000,0.00000000,0.00000000,0.00000000,0.00000000,0.00000000,0.00000000,0.00000000,0.00000000,0.00000000,0.00000000,0.00000000,0.00000000,0.00000000,0.00000000,0.00000000,0.06215477,0.00000000,0.00000000,0.00000000,0.00337777,0.02305487,0.00151626,0.00000000,0.00000000,4.43646630,0.00000000,0.00000000,0.00000000,0.00000000,0.00000000,0.00000000,0.00313709,0.00000000,0.00000000,0.00000000,0.00000000,0.00000000,0.00000000,0.00639768,0.00000000,0.01739533,0.00000000,0.00000000,0.00000000,0.00000000,0.00000000,0.00000000,0.00000000,0.91549805,0.00000000,0.00000000,1.54830509,0.00000000,0.00000000,0.00000000,0.00287075,0.00000000,0.00000000,0.00000000,0.00000000,0.00000000,0.04050339,0.00000000,0.00000000,0.03444194,0.00000000,0.00000000,0.00000000,0.00000000,0.00000000,0.00000000,0.97177658,0.00000000,0.00000000,0.00000000,2.51461025,0.00000000,0.02689020,0.00000000,0.00000000,0.00000000,0.01927852,0.00000000,0.00000000,0.00000000,0.00000000,0.00000000,0.00000000,0.00000000,0.00000000,0.00000000,0.00000000,0.00000000,0.00000000,0.00000000,0.00000000,0.00000000,0.00000000,0.00000000,0.00000000,0.00000000,0.00000000,0.00000000,0.00000000,0.00000000,0.00000000,0.00000000,0.00000000,0.00000000,0.00000000,0.00000000,0.00000000,0.00000000,0.00066657,0.96452683,0.00000000,0.00000000,0.00000000,0.00000000,0.00000000,0.02308126,0.00000000,0.00000000,0.00000000,0.00000000,0.00000000,0.00000000,0.00000000,0.00000000,0.00000000,0.00000000,0.00000000,0.00000000,0.00000000,0.00000000,0.00000000,0.00000000,0.00000000,0.00000000,0.00000000,0.00000000,0.00000000,0.00000000,0.00000000,0.00000000,0.00000000,0.00434427,0.00000000,0.00000000,0.00000000,0.00000000,0.00000000,0.00000000,0.00000000,0.00000000,0.00000000,0.00294818,0.00000000,0.00000000,0.00000000,0.00000000,0.00000000,0.00000000,0.00000000,0.00283827,0.00000000,0.00000000,0.00000000,0.00000000,0.00000000,0.00000000,0.00494392,0.00000000,0.00000000,0.00000000,0.00000000,0.00000000,0.00000000,0.00000000,0.00000000,0.00000000,0.00000000,0.00000000,0.00641960,0.00000000,0.00000000,0.00000000,0.00000000,0.00000000,0.00000000,0.00000000,0.00000000,0.00000000,0.00000000,0.00000000,0.00000000,0.00000000,0.51659537,0.00169624,0.00000000,0.00000000,0.00000000,0.00000000,0.00000000,0.00000000,0.00000000,0.00000000,0.00000000,0.00000000,0.00000000,0.00000000,0.00000000,0.00000000,0.00000000,0.00000000,0.00000000,0.00000000,0.00000000,0.00000000,0.00000000,0.00000000,0.00000000,0.00000000,0.00000000,0.00000000,0.00000000,0.00000000,0.00188789,0.00000000,0.00000000,0.00000000,0.00000000,0.03608170,0.00000000,0.00000000,0.00000000,0.00000000,0.00000000,0.00000000,0.04037577,0.00000000,0.00000000,0.00000000,0.01222449,0.00000000,0.00000000,0.00000000,0.01709310,0.00000000,0.00000000,0.00000000,0.00000000,0.00000000,0.00000000,0.00000000,0.00000000,0.00000000,0.00000000,0.00000000,0.00084610,0.00000000,0.00846945,0.00000000,0.00000000,0.00000000,0.00000000,0.00000000,0.08692238,0.00000000,0.00000000,0.00681603,0.00000000,0.00000000,0.00000000,0.00000000,0.00000000,0.00000000,0.00000000,0.11209699,0.00000000,0.00000000,0.00000000,0.00000000,0.00000000,0.00776017,0.00000000,0.00184370,0.00000000,0.00000000,0.00000000,0.00000000,0.00568333,0.00000000,0.00000000,0.00000000,0.00238946,0.00000000,0.00000000,0.00000000,0.00000000,0.00000000,0.00000000,0.00000000,0.00000000,0.00000000,0.00000000,0.00000000,0.00000000,0.00000000,0.00000000,0.00000000,0.00000000,0.01108304,0.00000000,0.00000000,0.00000000,0.00000000,0.00000000,0.01252720,0.00000000,0.00000000,0.00000000,0.00000000,0.00000000,0.00215196,0.00000000,0.00334359,0.00000000,0.00000000,0.00679494,0.01486260,0.00000000,0.00000000,0.00000000,0.00000000,0.00000000,0.00000000,0.00000000,0.00000000,0.00000000,0.00000000,0.00000000,0.00000000,0.00293121,0.00000000,0.00000000,0.00000000,0.00000000,0.00000000,0.00000000,0.00000000,0.00000000,0.00000000,0.00000000,0.00200261,0.00000000,0.00161609,0.00000000,0.08447879,0.00000000,0.00000000,0.00000000,0.00000000,0.00000000,0.00000000,0.00000000,0.00000000,0.00000000,0.00000000,0.00000000,0.00467746,0.00000000,0.00000000,0.00000000,0.00000000,0.00000000,0.00000000,0.00000000,0.00920051,0.00000000,0.03420890,0.00000000,0.00872639,0.00000000,0.00000000,0.00000000,0.00000000,0.00000000,0.00000000,0.00478553,0.00000000,0.01320809,0.00000000,0.00000000,0.00000000,0.00000000,0.00000000,0.00000000,0.00000000,0.00000000,0.00438455,0.00000000,0.00000000,0.00000000,0.00209017,0.00000000,0.01593799,0.00000000,0.00000000,0.00000000,0.00000000,0.00292088,0.00000000,0.00000000,0.00000000,0.00000000,0.00000000,0.00000000,0.00000000,0.00000000,0.00000000,0.00000000,0.00000000,0.00000000,0.00000000,0.00000000,0.00000000,0.00000000,0.00000000,0.00000000,0.00000000,0.00000000,0.01965511,0.00000000,0.00000000,0.00000000,0.02835026,0.00000000,0.00000000,0.00000000,0.00422285,0.00000000,0.00000000,0.00000000,0.01390506,0.12593929,0.00000000,0.00000000,0.00356783,0.00000000,0.00000000,0.00000000,0.00000000,0.00000000,0.00000000,0.00000000,0.00000000,0.00000000,0.00000000,0.00000000,0.00000000,0.00000000,0.00000000,0.00000000,0.00000000,0.00000000,0.01119033,0.00000000,0.00000000,0.00000000,0.00000000,0.00000000,0.00000000,0.00000000,0.00000000,0.00000000,0.26593590,0.00000000,0.00000000,0.00000000,0.00000000,0.00000000,0.00000000,0.00000000,0.09182104,0.00000000,0.00000000,0.00000000,0.00000000,0.00000000,0.00000000,0.00000000,0.00000000,0.00000000,0.00000000,0.00000000,0.00000000,0.00000000,0.00000000,0.00000000,0.00000000,0.00000000,0.00000000,0.00000000,0.00000000,0.00000000,0.00000000,0.00000000,0.00000000,0.00000000,0.00000000,0.00000000,0.00668164,0.00000000,0.00000000,0.00000000,0.00000000,0.01248760,0.00000000,0.00000000,0.00000000,0.09692919,0.00000000,0.00000000,0.01160139,0.00000000,0.00365470,0.00000000,0.00000000,0.00000000,0.00000000,0.00000000,0.00354093,0.00000000,0.00000000,0.00401366,0.00000000,0.00570847,0.00000000,0.00000000,0.00000000,0.00000000,0.00000000,0.00000000,0.00000000,0.00000000,0.00000000,0.10078791,0.00000000,0.00000000,0.00000000,0.00000000,0.00000000,0.00000000,0.00447067,0.00000000,0.00000000,0.00000000,0.02827867,0.00000000,0.00000000,0.00000000,0.01680111,1.22449671,0.00000000,0.00376775,0.00464530,0.00000000,0.00000000,0.00000000,0.00000000,0.00000000,0.00000000,0.00000000,0.00000000,0.00000000,0.00000000,0.00000000,0.00000000,0.00339452,0.00000000,0.00000000,0.00000000,0.00000000,1.05710650,0.00000000,0.00000000,0.00000000,0.00000000,0.00000000,0.00000000,0.00000000,0.00000000,0.00000000,0.00000000,0.00000000,0.00000000,0.00000000,0.00000000,0.00000000,0.00000000,0.00000000,0.00000000,0.02382595,0.00000000,0.01123092,0.00000000,0.00000000,0.00000000,0.00000000,0.00000000,0.00000000,0.00000000,0.00000000,0.00000000,0.00000000,0.00000000,0.00000000,0.01454858,0.00000000,0.00000000,0.00000000,0.00319831,0.00000000,0.00000000,0.00000000,0.04963512,0.00000000,0.00000000,0.00000000,0.00000000,0.00000000,0.00000000,0.00000000,0.00000000,0.00000000,0.00000000,0.00000000,0.00250248,0.00000000,0.81032224,0.00000000,0.00000000,0.00000000,0.00000000,0.00000000,0.00139422,0.00000000,0.00000000,0.00000000,0.00000000,0.00678008,0.00000000,0.08868395,0.00000000,0.00000000,0.00000000,0.00000000,0.00000000,0.03319681,0.00000000,0.00000000,0.00000000,0.00473621,0.00000000
0.00000000,0.00000000,0.03381899,0.00000000,0.00000000,0.00000000,0.00000000,0.00184704,0.00000000,0.00000000,0.00000000,0.00000000,0.00000000,0.00000000,0.00505610,0.00000000,0.00000000,0.00000000,0.00000000,0.00350021,0.00000000,0.00000000,0.00000000,0.00000000,0.30571112,0.00000000,0.00000000,0.00000000,0.00000000,0.00000000,0.00000000,0.00000000,0.00135365,0.00000000,0.00000000,0.00000000,0.00000000,0.00000000,0.00000000,0.00000000,0.00333790,0.00000000,0.00000000,0.00000000,0.00000000,0.00000000,0.00000000,0.00000000,0.00000000,0.00000000,0.00000000,0.00000000,0.00000000,0.00000000,0.00000000,0.00000000,0.00000000,0.00000000,0.00000000,0.00000000,0.00000000,0.00000000,4.77302645,0.00000000,0.00000000,0.00000000,0.00000000,0.00000000,0.00000000,0.00000000,0.00000000,0.00000000,0.00000000,0.00000000,0.00000000,0.00000000,0.00000000,0.00000000,0.00000000,0.00000000,0.00000000,0.00000000,0.00000000,0.00000000,0.00000000,0.00000000,0.00000000,0.00457392,0.03147355,0.00000000,0.00000000,0.00000000,0.00000000,0.00000000,0.00000000,0.00000000,0.00000000,0.00000000,0.00000000,0.00000000,0.00000000,0.00000000,0.00180135,0.00851176,0.00000000,0.00000000,0.31045962,0.00000000,0.00000000,0.00000000,0.00000000,0.00000000,0.00000000,0.00000000,0.00000000,0.00000000,0.00743305,0.00000000,0.00000000,0.00000000,0.00000000,0.00000000,0.00000000,0.00000000,0.00000000,0.00187646,0.00000000,0.01844131,0.00702221,0.00000000,0.00000000,0.00000000,0.00000000,0.00000000,0.00000000,0.00000000,0.00000000,0.00000000,0.00000000,0.00000000,0.01230139,0.00000000,0.00000000,0.00000000,0.00259273,0.00000000,0.00000000,0.00000000,0.00000000,0.00000000,0.00000000,0.00000000,0.00000000,0.00000000,0.26988583,0.00000000,0.00000000,0.01919863,0.00000000,0.00000000,0.00000000,0.00000000,0.00195977,0.00000000,0.01170307,0.00000000,0.00000000,0.00000000,0.00000000,0.00000000,0.00000000,0.00000000,0.02591866,0.00000000,0.00000000,0.00000000,0.00000000,0.00000000,0.00000000,0.00000000,0.29502135,0.00000000,0.00000000,0.00000000,0.07188485,0.00000000,0.00000000,0.00000000,0.00000000,0.00000000,0.00000000,0.00000000,0.00000000,0.00000000,0.00241359,0.00000000,0.00000000,0.00000000,0.00000000,0.00000000,0.00000000,0.01026168,0.00000000,0.00000000,0.00000000,0.00000000,0.00000000,0.00000000,0.00068702,0.00000000,0.00583249,0.00000000,0.00000000,0.00000000,0.00000000,0.01193911,0.00000000,0.00000000,0.00000000,0.00000000,0.00438863,0.00000000,0.00000000,0.00000000,0.00000000,0.00000000,0.01253279,0.00000000,0.02761911,0.00222732,0.00000000,0.00000000,0.00000000,0.00000000,0.00000000,0.00000000,0.00000000,0.00000000,0.00000000,0.00000000,0.00000000,0.00000000,0.00000000,0.00000000,0.00000000,0.00000000,0.00000000,0.00000000,0.03019781,0.00000000,0.00000000,0.00000000,0.00000000,0.00000000,0.00000000,0.00000000,0.00000000,0.00000000,0.00000000,0.00000000,0.00000000,0.00000000,0.04902673,0.00000000,0.00000000,0.00000000,0.00000000,0.00000000,0.00000000,0.00000000,0.00000000,0.00000000,0.01217571,0.00000000,0.00000000,2.65469184,0.00000000,0.00475338,0.00000000,0.00000000,0.00000000,0.00000000,0.00000000,0.00000000,0.00000000,0.00000000,0.00000000,0.00000000,0.00000000,0.00000000,0.00000000,0.00000000,0.00000000,0.00000000,0.00000000,0.00000000,0.00000000,0.00000000,0.00079702,0.00000000,0.00000000,0.00000000,0.00000000,0.00000000,0.00000000,0.00000000,0.00092324,0.00328413,0.00000000,0.00000000,0.00430318,0.00000000,0.00000000,0.00000000,0.00000000,0.00256114,0.00000000,0.00000000,0.00000000,0.00000000,0.00144350,0.00000000,0.00000000,0.00000000,0.00382544,0.00000000,0.00000000,0.00000000,0.00000000,0.00000000,0.00000000,0.00000000,0.00000000,0.00000000,0.00000000,0.00000000,0.00000000,0.00000000,0.00000000,0.00000000,0.00000000,0.00000000,0.01826752,0.00000000,0.00000000,0.00000000,0.00000000,0.00000000,0.00255153,0.00000000,0.00000000,0.00000000,0.00000000,0.00000000,1.86459211,0.00000000,0.00267306,0.00000000,0.00000000,0.00000000,0.00000000,0.00000000,0.00149920,0.00000000,0.02808118,0.00000000,0.00000000,0.00000000,0.00000000,0.00087632,0.00000000,0.00000000,0.00000000,0.00000000,0.00000000,0.00000000,0.00000000,0.00000000,0.00000000,0.00000000,0.00000000,0.00000000,0.00000000,0.00000000,0.00000000,0.00000000,0.00000000,0.00089828,0.00000000,0.00000000,0.00000000,0.00000000,0.00000000,0.00000000,0.00000000,0.00388711,0.00000000,0.00000000,0.00000000,0.00000000,0.00000000,0.00000000,0.00000000,0.00000000,0.00000000,0.00000000,0.05034017,0.00000000,0.00000000,0.00000000,0.00000000,0.00000000,0.00000000,0.00000000,0.00000000,0.00000000,0.00000000,0.00000000,0.00000000,0.00000000,0.00000000,0.00000000,0.00000000,0.00000000,0.00000000,0.00000000,0.00000000,0.00000000,0.07328346,0.00000000,0.00000000,0.00000000,0.00000000,0.00000000,0.00000000,0.00499952,0.02105723,0.00000000,0.00000000,0.00000000,0.00000000,0.00000000,0.00000000,0.00000000,0.00000000,0.00000000,0.00000000,0.00000000,0.00000000,0.00000000,0.00000000,0.00000000,0.00000000,0.00245939,0.00000000,0.00000000,0.00000000,0.00558661,0.00000000,0.03364904,0.03386359,0.00000000,0.00000000,0.00000000,0.00000000,0.00000000,0.00000000,0.00000000,0.00000000,0.00000000,0.00000000,0.00091721,0.00000000,0.00000000,0.00000000,0.00000000,0.00000000,0.00648400,0.00000000,0.00000000,0.00000000,0.00000000,0.00000000,0.00000000,0.00000000,0.00000000,0.00000000,0.00000000,0.00000000,0.00000000,0.00000000,0.00000000,0.00000000,0.00000000,0.00000000,0.02925067,0.00471272,0.00000000,0.00000000,0.00000000,0.09438718,0.00000000,0.00000000,0.00000000,0.00000000,0.09797293,0.00000000,0.00000000,0.00000000,0.00000000,0.00000000,0.00000000,0.00000000,0.00000000,0.00000000,0.00000000,0.00000000,0.00000000,0.00000000,0.00727268,0.00791530,0.00000000,0.00000000,0.00000000,0.00000000,0.00000000,0.00000000,0.00376816,0.00000000,0.00000000,0.00000000,0.00000000,0.00000000,0.00000000,0.00000000,0.01615632,0.00000000,0.00000000,0.00000000,0.00000000,0.00000000,0.00000000,0.00000000,0.00333358,0.00000000,0.00000000,0.00000000,0.00000000,0.07726184,0.00000000,0.00000000,0.00000000,0.00000000,0.00000000,0.00000000,0.00000000,0.00000000,0.00166349,0.00000000,0.00841431,0.00000000,0.00000000,0.00779967,0.00000000,0.00000000,0.00000000,0.00000000,0.00000000,0.00633326,0.00000000,0.00000000,0.00095923,0.00768852,0.00000000,0.00000000,0.00000000,0.00000000,0.00000000,0.00000000,0.00884590,0.00000000,0.00000000,0.00000000,0.00000000,0.00000000,0.00000000,0.00000000,0.00000000,0.00000000,0.00000000,0.00000000,0.00000000,0.00000000,0.00000000,0.00000000,0.00000000,0.01196327,0.00000000,0.00000000,0.00000000,0.00000000,0.00000000,0.00000000,0.00000000,0.00000000,0.00000000,0.00000000,0.00000000,0.11330871,0.00000000,0.00000000,0.00000000,0.00000000,0.00000000,0.00000000,0.00000000,0.00000000,0.00487046,0.00554739,0.00000000,0.00000000,0.04013841,0.00000000,0.00000000,0.00000000,0.00830713,0.00000000,0.00000000,0.00000000,0.00000000,0.00000000,0.00000000,0.00000000,0.00000000,0.00000000,0.00000000,0.00000000,0.00000000,0.00000000,0.12175312,0.00000000,0.00000000,0.00000000,0.00000000,0.00000000,0.27091613,0.00000000,0.00000000,0.00000000,0.00000000,0.00000000,0.00000000,0.00000000,0.00000000,0.00000000,0.00000000,0.00000000,0.00000000,0.00000000,0.00000000,0.00000000,0.00000000,0.00000000,0.06265967,0.00000000,0.00000000,0.00000000,0.07383376,0.05677386,0.00000000,0.00000000,0.00000000,0.00000000,0.00000000,0.00000000,0.01612571,0.00000000,0.00000000,0.00522296,0.00000000,0.00000000,0.00000000,0.00000000,0.00000000,0.00000000,0.00000000,0.00000000,0.00000000,0.00000000,0.00000000,0.00000000,0.00000000,0.00484225,0.12689907,0.00000000,0.00347925,0.00000000,0.00553969,0.00000000,0.00000000,0.00000000,0.00000000,0.00000000,0.00000000,0.00000000,0.07337603,0.00000000,0.00000000,0.00000000,0.00668871,0.00000000,0.00000000,0.00115704,0.00000000,0.00000000,0.00000000,0.00000000,0.00000000,0.00000000,0.00000000,0.00000000,0.00000000,0.00000000,0.00000000,0.00000000,0.00000000,0.00000000,0.00114932,0.00000000,0.00000000,0.00000000,0.00000000,0.00000000,0.00000000,0.00000000,0.00000000,0.00000000,0.00000000,0.00303279,0.00000000,0.00000000,0.00000000,0.00000000,0.00000000,0.00000000,0.00000000,0.00000000,0.01277085,0.00000000,0.00000000,0.00000000,0.00000000,0.00000000,0.00088862,0.00000000,0.00000000,0.00000000,0.00000000,0.00000000,0.00000000,0.15102041,0.00000000,0.00000000,0.00000000,0.00000000,0.00000000,0.00000000,0.00000000,0.00383828,0.00000000,0.00000000,0.00000000,0.00000000,0.00703448,0.00000000,0.00000000,0.00000000,0.00000000,0.00000000,0.00000000,0.00000000,0.00000000,0.00000000,0.00000000,0.00000000,0.00266938,0.00300868,0.00000000,0.00000000,0.00000000,0.00000000,0.00000000,0.00000000,0.00000000,0.01604704,0.00000000,0.00000000,0.00000000,0.02085632,0.00000000
0.00000000,0.00000000,0.00000000,0.00915272,0.00000000,0.00000000,0.00000000,0.00000000,0.00000000,0.00000000,0.00000000,0.00000000,0.00000000,0.00000000,0.00000000,0.00000000,0.00000000,0.02401554,0.00000000,0.00000000,0.00000000,0.00000000,0.00000000,0.00000000,0.00052179,0.00000000,0.00000000,0.00000000,0.00000000,0.00000000,0.00000000,0.00000000,0.00000000,0.00000000,0.00000000,0.00000000,0.00156348,0.00000000,0.00000000,0.99152479,0.00000000,0.00000000,0.00000000,0.00000000,0.00000000,0.00000000,0.00000000,0.00000000,0.00000000,0.02015638,0.00000000,0.00435113,0.00000000,0.00000000,0.00000000,0.00000000,0.00000000,0.00000000,0.00000000,0.00000000,0.00000000,0.00000000,0.00000000,0.00000000,0.00000000,0.00187824,0.00000000,0.00000000,0.00000000,0.00000000,0.00000000,0.00000000,0.00000000,0.00425780,0.00000000,0.00000000,0.00000000,5.21276808,0.00000000,0.00000000,0.00393211,0.00000000,0.06659721,0.00000000,0.00000000,0.00000000,0.00000000,0.00000000,0.00000000,0.00000000,0.01448615,0.00000000,0.00000000,0.00184974,0.00377271,0.00000000,0.02353897,0.00000000,0.00000000,0.00000000,0.00000000,0.00000000,0.01636996,0.00000000,0.00000000,0.00084642,0.00000000,0.00000000,0.01604575,0.00174633,0.00000000,0.00000000,0.00000000,0.00000000,0.00000000,0.00000000,0.00000000,0.00000000,0.00000000,0.00000000,0.00000000,0.00000000,0.00000000,0.00000000,0.00000000,0.00000000,0.00000000,0.00000000,0.00000000,0.32653804,0.00000000,0.00000000,0.00000000,0.00000000,0.00000000,0.00000000,0.00000000,0.00000000,0.00000000,0.00000000,0.00000000,0.00000000,0.00000000,0.00000000,0.03615261,0.00000000,0.00000000,0.00000000,0.00000000,0.00000000,0.00000000,0.03037611,0.00000000,0.00000000,0.00000000,0.00000000,0.00000000,0.00000000,0.00000000,0.00000000,0.00000000,0.00000000,0.08364725,0.00000000,0.00000000,0.00000000,0.01833813,0.00000000,0.00000000,0.00000000,0.03192111,0.00000000,0.00000000,0.00000000,0.00000000,0.00000000,0.00000000,0.03672738,0.00000000,0.00000000,0.00000000,0.00000000,0.00000000,0.00000000,0.00000000,0.00000000,0.00000000,0.00000000,0.00000000,0.00000000,0.00000000,0.00000000,0.00000000,0.00000000,0.00000000,0.00000000,0.00000000,0.00000000,0.03775280,0.00713833,0.00000000,0.00000000,0.00000000,0.00000000,0.00000000,0.00000000,0.00000000,0.00210170,0.00000000,0.00000000,0.00769327,0.00000000,0.00000000,0.00000000,0.00000000,0.02010175,0.00000000,0.02653262,0.00000000,0.00000000,0.00000000,0.00000000,0.00000000,0.01839569,0.00000000,0.00974974,0.00000000,0.00000000,0.00000000,0.00627212,0.00000000,0.00000000,0.00000000,0.00000000,0.00000000,0.00000000,0.00000000,0.00000000,0.00000000,0.00000000,0.00000000,0.00000000,0.00000000,0.00000000,0.00000000,0.00000000,0.00000000,0.00000000,0.00912911,0.00000000,0.00199789,0.00000000,0.00000000,0.00000000,0.00000000,0.00000000,0.00000000,0.00000000,0.00000000,0.00000000,0.00000000,0.00000000,0.00000000,0.00000000,0.00000000,0.00000000,0.00000000,0.00000000,0.00187693,0.00000000,0.00000000,0.00000000,0.03078199,0.00000000,0.00000000,0.00000000,0.00458291,0.00000000,0.00000000,0.00000000,0.00000000,0.00000000,0.00328720,0.00000000,0.00000000,0.00000000,0.01368655,0.00000000,0.00000000,0.00000000,0.00000000,0.00000000,0.01063433,0.06064316,0.00000000,0.00000000,0.00000000,0.00000000,0.00000000,0.00000000,0.00000000,0.00000000,0.00000000,0.00643244,0.00000000,0.00000000,0.00000000,0.00000000,0.00000000,0.00000000,0.00000000,0.00000000,0.01934679,0.00000000,0.00000000,0.00000000,0.00000000,0.00228062,0.00000000,0.00755375,0.00000000,0.00000000,0.00000000,0.01756988,0.00000000,0.00000000,0.00000000,0.00000000,0.00000000,0.00000000,0.00000000,0.00000000,0.00000000,0.00000000,0.00000000,0.00000000,0.00000000,0.00000000,0.00000000,0.00000000,0.00000000,0.00000000,0.00000000,0.00000000,0.00000000,0.01373732,0.00000000,0.00000000,0.00000000,0.00000000,0.00000000,0.22047212,0.00000000,0.00000000,0.00548925,0.00000000,0.00000000,0.00000000,0.00000000,0.00000000,0.00000000,0.00000000,0.02213121,0.00000000,0.00000000,0.00000000,0.00000000,0.00000000,0.00000000,0.00772933,0.00694638,0.00000000,0.00695754,0.00000000,0.00000000,0.00000000,0.00000000,0.00000000,0.00000000,0.00000000,0.00000000,0.00000000,0.00000000,0.00000000,0.00000000,0.00000000,0.00218152,0.01253598,0.00000000,0.00000000,0.00402670,0.00000000,0.00000000,0.00000000,0.00000000,0.00000000,0.15917933,0.00000000,0.00000000,0.00000000,0.00000000,0.00000000,0.00124986,0.00000000,0.03146323,0.00000000,0.00000000,0.00000000,0.00000000,0.00000000,0.02235798,0.00000000,0.00000000,0.00000000,0.00000000,0.00000000,0.00000000,0.00000000,0.00000000,0.00000000,0.00000000,0.00000000,0.00000000,0.00000000,0.00000000,0.00000000,0.00000000,0.00000000,0.00000000,0.00000000,0.00000000,0.00000000,0.00000000,0.08772869,0.00000000,0.00000000,0.00000000,0.00000000,0.00000000,0.00000000,0.00000000,0.00000000,0.00000000,0.00000000,0.00000000,0.00000000,0.01141999,0.00000000,0.00000000,0.00000000,0.05745662,0.00000000,0.00000000,0.00000000,0.00000000,0.00000000,0.00000000,0.00000000,0.00000000,0.00000000,0.00000000,0.00000000,0.00000000,0.00000000,0.00000000,0.00000000,0.00133349,0.00213434,0.00000000,0.00000000,0.00000000,0.00000000,0.00000000,0.00000000,0.00000000,0.00000000,0.00000000,0.00000000,0.00000000,0.00000000,0.00245907,0.00000000,0.00000000,0.00000000,0.00000000,0.00000000,0.00000000,0.00000000,0.00000000,0.00000000,0.00000000,0.00000000,0.00000000,0.00000000,0.00000000,0.00000000,0.00000000,0.00362842,0.00000000,0.00000000,0.00000000,0.00000000,0.00000000,0.00000000,0.00000000,0.02638740,0.00000000,0.12401399,0.00000000,0.00000000,0.00000000,0.00000000,0.00000000,0.00000000,0.00000000,0.00000000,0.00832909,0.00000000,0.00000000,0.00000000,0.00000000,0.00000000,0.00000000,0.00701984,0.00000000,0.00000000,0.00000000,0.00000000,0.00000000,0.02049337,0.00000000,0.00000000,0.00000000,0.00000000,0.00000000,0.00000000,0.00000000,0.00000000,0.00000000,0.00000000,0.00000000,0.00000000,0.00000000,0.00000000,0.00000000,0.00000000,0.00000000,0.00000000,0.00535260,0.00000000,0.00000000,0.00000000,0.00000000,0.00000000,0.00000000,0.00000000,0.00000000,0.00000000,0.00000000,0.00000000,0.00000000,0.00000000,0.00000000,0.00000000,0.00000000,0.00000000,0.06035202,0.00188814,0.00000000,0.01877148,0.00000000,0.00000000,0.01676876,0.00000000,0.00000000,0.00000000,0.00000000,0.00000000,0.00000000,0.00000000,0.00000000,0.00000000,0.00000000,0.00000000,0.00000000,0.00000000,0.00000000,0.00000000,0.00000000,0.00000000,0.00000000,0.00000000,0.00000000,0.00000000,0.00000000,0.00000000,0.03715125,0.00000000,0.00000000,0.00000000,0.00232469,0.00000000,0.00000000,0.00000000,0.00000000,0.00640449,0.00000000,0.00000000,0.00000000,0.06165440,0.01364042,0.00000000,0.00000000,0.00000000,0.00000000,0.00000000,0.00000000,0.00000000,0.00000000,0.00000000,0.00000000,0.00000000,0.00000000,0.00000000,0.00000000,0.00000000,0.00000000,0.00000000,0.00000000,0.00000000,0.00000000,0.00000000,0.00000000,0.00000000,0.00000000,0.00000000,0.00000000,0.00000000,0.00000000,0.00000000,0.00486217,0.02956696,0.00000000,0.00000000,0.00000000,0.00000000,0.00000000,0.00000000,0.00512833,0.00000000,0.06263020,0.00766314,0.00000000,0.00000000,0.00000000,0.00000000,0.00000000,0.00000000,0.00000000,0.00000000,0.00832110,0.00000000,0.00000000,0.00000000,0.00312442,0.00000000,0.00000000,0.00000000,0.00000000,0.00000000,0.00000000,0.00252571,0.01572761,0.00000000,0.00000000,0.00000000,0.00000000,0.01052732,0.00000000,0.00000000,0.00759529,0.00107121,0.00047199,0.00000000,0.00000000,0.00000000,0.00000000,0.00000000,0.00000000,0.00000000,0.00000000,0.00164841,0.00000000,0.00000000,0.00000000,0.00000000,0.00000000,0.00000000,0.00000000,0.00000000,0.00000000,0.00000000,0.00000000,0.00000000,0.00000000,0.00000000,0.00000000,0.00000000,0.00000000,0.00000000,0.00000000,0.00000000,0.00000000,0.00000000,0.00156222,0.00046498,0.00000000,0.00000000,0.01184058,0.00000000,0.00000000,0.00000000,0.00000000,0.00000000,0.00000000,0.00000000,0.00000000,0.00000000,0.00000000,0.00000000,0.00000000,0.03957323,0.00000000,0.00000000,0.00267623,0.12058392,0.01623047,0.00000000,0.00000000,0.00225665,0.00000000,0.00000000,0.00000000,0.00000000,0.00000000,0.00294001,0.00000000,0.00000000,0.00000000,0.00000000,0.00000000,0.00000000,0.00000000,0.00611450,0.00000000,0.00000000,0.00000000,0.00000000,0.00000000,0.00000000,0.00000000,0.00000000,0.00000000,0.00000000,0.00000000,0.00000000,0.00000000,0.00000000,0.00000000,0.00000000,0.00000000,0.00000000,0.00000000,0.00000000,0.00000000,0.00000000,0.02285236,0.01631082,0.00000000,0.00000000,0.00000000,0.00000000,0.00000000,0.00000000,0.00000000,0.00000000,0.00000000,0.00000000,0.00000000,0.00000000,0.00000000,0.00000000,0.00000000,0.00000000,0.00000000,0.00000000,0.00000000,0.00000000,0.00130571,0.00302829
0.00000000,0.00000000,0.00000000,0.00000000,0.00000000,0.00000000,0.00000000,0.00000000,0.01172157,0.00000000,0.00000000,0.00550136,0.00000000,0.00000000,0.00000000,0.00000000,0.00000000,0.00000000,0.00000000,0.00000000,0.00000000,0.00000000,0.00000000,0.00000000,0.00000000,0.00000000,0.00699965,0.00000000,0.00000000,0.00000000,0.00000000,0.00000000,0.00000000,0.00000000,0.00000000,0.00000000,0.02553399,0.11138535,0.00000000,0.00000000,0.00000000,0.00706787,0.00000000,0.02368540,0.14803826,0.00000000,0.00000000,0.00000000,0.00673066,0.00398528,0.00000000,0.00000000,0.00000000,0.00000000,0.00000000,0.02249448,0.00000000,0.00000000,0.00000000,0.01836751,0.00000000,0.00000000,0.00000000,3.02215717,0.00000000,0.00000000,0.00000000,0.00000000,0.00398746,0.00000000,0.00000000,0.03706674,0.00000000,0.00000000,0.00000000,0.00000000,0.00766709,0.00000000,0.00000000,0.00000000,0.00000000,0.00000000,0.00000000,0.00000000,0.00000000,0.00000000,0.00000000,0.00000000,0.00000000,0.00000000,0.00000000,0.00000000,0.00000000,0.00000000,0.00000000,0.00000000,0.00000000,0.00000000,0.00000000,0.01410834,0.00000000,0.00000000,0.00000000,0.00000000,0.00000000,0.00000000,0.00000000,0.00000000,1.66621288,0.00000000,0.00000000,0.00000000,0.00000000,0.00000000,0.00000000,0.00000000,0.00000000,0.00000000,0.00000000,0.00000000,0.00000000,0.00000000,0.00000000,0.00000000,0.00000000,0.02905325,0.00000000,0.00000000,0.00000000,0.00000000,0.00000000,0.00000000,0.00142037,0.00000000,0.00625567,0.00000000,0.00000000,0.00000000,0.01213353,0.00000000,0.50188577,0.00000000,0.00000000,0.00000000,0.00000000,0.00792397,0.00000000,0.00000000,0.00000000,0.00000000,0.00000000,0.00000000,0.00000000,0.00000000,0.00000000,0.00000000,0.00000000,0.00000000,0.00000000,0.00000000,0.00000000,0.00000000,0.00000000,0.00392347,0.00000000,0.00000000,0.00000000,0.00000000,0.00000000,0.00000000,0.00000000,0.00000000,0.00000000,0.00000000,0.00000000,0.00000000,0.00000000,0.00000000,0.00000000,0.00000000,0.00000000,0.00000000,0.00000000,0.00000000,0.00000000,0.08804987,0.00000000,0.00000000,0.00000000,0.00000000,0.00000000,0.00000000,0.00000000,0.00000000,0.00000000,0.03287224,0.01029502,0.00000000,0.00000000,0.00000000,0.00000000,0.00000000,0.02360098,0.00000000,0.00000000,0.04458556,0.00000000,0.00000000,0.00000000,0.00000000,0.00601259,0.00138277,0.00000000,0.00000000,0.00000000,0.00127666,0.00000000,0.00000000,0.00000000,0.00000000,0.00000000,0.00000000,0.00000000,0.00000000,0.00000000,0.00000000,0.00000000,0.00000000,0.00000000,0.00000000,0.02617205,0.00000000,0.00000000,0.00000000,0.00118569,0.00000000,0.00000000,0.00000000,0.00000000,0.01551022,0.00000000,0.00591623,0.00000000,0.00000000,0.00000000,0.00000000,0.00000000,0.03208171,0.00000000,0.00000000,0.00000000,0.00000000,0.00000000,0.03910835,0.00000000,0.00000000,0.00000000,0.00000000,0.00000000,0.00000000,0.00000000,0.00000000,0.00000000,0.00000000,0.00000000,0.00000000,0.00000000,0.00000000,0.00000000,0.00000000,0.00000000,0.00000000,0.00000000,0.00000000,0.00000000,0.00000000,0.00000000,0.00356141,0.00000000,0.00000000,0.00000000,0.00000000,2.41416497,0.00615450,0.00000000,0.00183399,0.00000000,0.26151327,0.00000000,0.00000000,0.00000000,0.00000000,0.00000000,0.00000000,0.00000000,0.00000000,0.00000000,0.00280894,0.00000000,0.00000000,0.00000000,0.03522141,0.00000000,0.00000000,0.00000000,0.00000000,0.00000000,0.00000000,0.00000000,0.00000000,0.00000000,0.00000000,0.00000000,0.00000000,0.01385171,0.00000000,0.00000000,0.00000000,0.00000000,0.00000000,0.00000000,0.00000000,0.00000000,0.00000000,0.00000000,0.00000000,0.00000000,0.00000000,0.00000000,0.00000000,0.04699086,0.00000000,0.00000000,0.00000000,0.00000000,0.00000000,0.00000000,0.00000000,0.00000000,0.00000000,0.00000000,0.00000000,0.00000000,0.00000000,0.00000000,0.00092966,0.00000000,0.00000000,0.00000000,0.00746774,0.00700498,0.00000000,0.00000000,0.00000000,0.00000000,0.00000000,0.00000000,0.00000000,0.00000000,0.00000000,0.00000000,0.00000000,0.00000000,0.00000000,0.00000000,0.00000000,0.00627389,0.00000000,0.00000000,0.00000000,0.00000000,0.00000000,0.01262656,0.00000000,0.00000000,0.00467470,0.00000000,0.00000000,0.00000000,0.00000000,0.00260013,0.00000000,0.00000000,0.00000000,0.00951623,0.00000000,0.00000000,0.00000000,0.01218819,0.00000000,0.00000000,0.00323165,1.46674549,0.00000000,0.00103397,0.00000000,0.00000000,0.00000000,0.00000000,0.00215473,0.00000000,0.00111965,0.00000000,0.00000000,0.00000000,0.00000000,0.00000000,0.00000000,0.00000000,0.00000000,0.00000000,0.00000000,0.00786438,0.00000000,0.00000000,0.00000000,0.00000000,0.00000000,0.00000000,0.00000000,0.00000000,0.00000000,0.00000000,0.00000000,0.00000000,0.00000000,0.00000000,0.00000000,0.04175620,0.00000000,0.00000000,0.01143858,0.00000000,0.00000000,0.00000000,0.00320381,0.00000000,0.00000000,0.00000000,0.00000000,0.00000000,0.00000000,0.00101694,0.00000000,0.00000000,0.00000000,0.00000000,0.00000000,0.00000000,0.00000000,0.00000000,0.00000000,0.00000000,0.00000000,0.00000000,0.00000000,0.00000000,0.00000000,0.00000000,0.00000000,0.00000000,0.00000000,0.00000000,0.00000000,0.00000000,0.00000000,0.00000000,0.00000000,0.00171078,0.00000000,0.00000000,0.00000000,0.00832735,0.00000000,0.00000000,0.00000000,0.00000000,0.00415539,0.00000000,0.00000000,0.00000000,0.00000000,0.00000000,0.00000000,0.00000000,0.01913856,0.00200261,0.00000000,0.00000000,0.00000000,0.01026948,0.00000000,0.00000000,0.00000000,0.00000000,0.00000000,0.00000000,0.10485142,0.00000000,0.00000000,0.00000000,0.00000000,0.00000000,0.00000000,0.00000000,0.00000000,0.00000000,0.00000000,0.00000000,0.00000000,0.00000000,0.00000000,0.00000000,0.00000000,0.00000000,0.00566460,0.00000000,0.00000000,0.00000000,0.00557463,0.00000000,0.00000000,0.00000000,0.00000000,0.00000000,0.00567563,0.00000000,0.00000000,0.00000000,0.00000000,0.00749364,0.00000000,0.01323329,0.00000000,0.00095169,0.00000000,0.00000000,0.00000000,0.00000000,0.00000000,0.00000000,0.00000000,0.00000000,0.00000000,0.00000000,0.00000000,0.00000000,0.00131849,0.00000000,0.00000000,0.00951008,0.08902723,0.00000000,0.00000000,0.00000000,0.00000000,0.00000000,0.00000000,0.00000000,0.00000000,0.00000000,0.00000000,0.00000000,0.00000000,0.00000000,0.00000000,0.00000000,0.00000000,0.00000000,0.00000000,0.00000000,0.00000000,0.00000000,0.00000000,0.00669455,0.00653344,0.00000000,0.00000000,0.00000000,0.00000000,0.00000000,0.00000000,0.00000000,0.00000000,0.00000000,0.00000000,0.00000000,0.00623362,0.00000000,0.00000000,0.00000000,0.00219652,0.00000000,0.00000000,0.00000000,0.01888448,0.00000000,0.00000000,0.00000000,0.00000000,0.00000000,0.00000000,0.00000000,0.00000000,0.00169842,0.00000000,0.00000000,0.00000000,0.00000000,0.00000000,0.00000000,0.06808830,0.01338778,0.00000000,0.00000000,0.00000000,0.00000000,0.00000000,0.00000000,0.00000000,0.00000000,0.00000000,0.00000000,0.00000000,0.02939482,0.00000000,0.00000000,0.00000000,0.00000000,0.00000000,0.00000000,0.00000000,0.00666785,0.00000000,0.00000000,0.00000000,0.00000000,0.00000000,0.00400515,0.01787167,0.00000000,0.00240854,0.00000000,0.00000000,0.00000000,0.00000000,0.00000000,0.00000000,0.00000000,0.00189765,0.00000000,0.00000000,0.00000000,0.00000000,0.00000000,0.00000000,0.00000000,0.00000000,0.00000000,0.00000000,0.00000000,0.00000000,0.00314826,0.00000000,0.00000000,0.00000000,0.00000000,0.00000000,0.00000000,0.00000000,0.00000000,0.00000000,0.00000000,0.00000000,0.00000000,0.00000000,0.00000000,0.00000000,0.00000000,0.00000000,0.00211874,0.00000000,0.00000000,0.00000000,0.00000000,0.00000000,0.00000000,0.00000000,0.00000000,0.00000000,0.00000000,0.00000000,0.00000000,0.00000000,0.00000000,0.00000000,0.00000000,0.00000000,0.00000000,0.00000000,0.00000000,0.00000000,0.00000000,0.00000000,0.02463177,0.00000000,0.00906495,0.00000000,0.00000000,0.00000000,0.00000000,0.00000000,0.00000000,0.00000000,0.00000000,0.00000000,0.00000000,0.00000000,0.00000000,0.00000000,0.00000000,0.00000000,0.17043655,0.00062375,0.00000000,0.00000000,0.12224331,0.00000000,0.00000000,0.00000000,0.01188034,0.00000000,0.00000000,0.00000000,0.01894486,0.00589440,0.00000000,0.00000000,0.00000000,0.00000000,0.00000000,0.00000000,0.00000000,0.00000000,0.00000000,0.00000000,0.00000000,0.00000000,0.00000000,0.00000000,0.00000000,0.00000000,0.00764925,0.00000000,0.00000000,0.00000000,0.00000000,0.00166095,0.00000000,0.00000000,0.00000000,0.00000000,0.00000000,0.00462767,0.01214801,0.00000000,0.00000000,0.00000000,0.00000000,0.00000000,0.00000000,0.00000000,0.00135652,0.00000000,0.00000000,0.00000000,0.00000000,0.00000000,0.00000000,0.00000000,0.00000000,0.00000000,0.00000000,0.00000000,0.00000000,0.00000000,0.00000000,0.00000000,0.00000000,0.00000000,0.00138545,0.00000000,0.00000000,0.00000000,0.00778942,0.00000000,0.00000000,0.00000000,0.00000000,0.00000000
0.00000000,0.00000000,0.00293313,0.00000000,0.00570479,0.00000000,0.00000000,0.00000000,0.00000000,0.00000000,0.00000000,0.02856996,0.00000000,0.00000000,0.00000000,0.00000000,0.00000000,0.00000000,0.00000000,0.00000000,0.00000000,0.00000000,0.00000000,0.00000000,0.00000000,0.00794164,0.00000000,0.00000000,0.00000000,0.00000000,0.00000000,0.00708795,0.00000000,0.00242381,0.00000000,0.00000000,0.00000000,0.00000000,0.00000000,0.00000000,0.00000000,0.00415895,0.00000000,0.00000000,0.00000000,0.00000000,0.00000000,0.00000000,0.00000000,0.00000000,0.00000000,0.00000000,0.00000000,0.00000000,0.00000000,0.00000000,0.00000000,0.00000000,0.00000000,0.00689720,0.00000000,0.00000000,0.21492241,0.00000000,0.00000000,0.00000000,0.00000000,0.00000000,0.00000000,0.00000000,0.00000000,0.00000000,0.00000000,0.00000000,0.00000000,0.00000000,0.00496743,0.00000000,0.00620125,0.00000000,0.00000000,0.00000000,0.00000000,0.00000000,0.00000000,0.00331368,0.00000000,0.00000000,0.00550472,0.00000000,0.00000000,0.01428284,0.12540611,0.00000000,0.00000000,0.00000000,0.01203335,0.00000000,0.00000000,0.00000000,0.00000000,0.00000000,0.00772088,0.01622650,0.00000000,0.00000000,0.00000000,0.00000000,0.00000000,0.00000000,0.00000000,0.00000000,0.00000000,0.00000000,0.00000000,0.00000000,0.00000000,0.00000000,0.00000000,0.00000000,0.00000000,0.00000000,0.00657022,0.00000000,0.00000000,0.00000000,0.02112863,0.00000000,0.00000000,0.00000000,0.00000000,0.02945124,0.00000000,0.00307162,0.00195116,0.00000000,0.00196970,0.00000000,0.01890238,0.00000000,0.00000000,0.00000000,0.00000000,0.00000000,0.00000000,0.00194078,0.00000000,0.00000000,0.00000000,0.03191914,0.00000000,0.00000000,0.00171840,0.00000000,0.00000000,0.00000000,0.35444587,0.00000000,0.00000000,0.00600716,0.00000000,0.00000000,0.00000000,0.00000000,0.00000000,0.01642517,0.00721053,0.00000000,0.00000000,0.00000000,0.00260031,0.00000000,0.00000000,0.00000000,0.00000000,0.00000000,0.00000000,0.00000000,0.00000000,0.00000000,0.00000000,0.00000000,0.00000000,0.01046760,0.01538467,0.00000000,0.00000000,0.00000000,0.00000000,0.00000000,0.00000000,0.00000000,0.00000000,0.00103484,0.00000000,0.00000000,0.00000000,0.00000000,0.00000000,0.00000000,0.00000000,0.00000000,2.21110765,0.00000000,0.00000000,0.00000000,0.00000000,0.00000000,0.00000000,0.00000000,0.00000000,0.00000000,0.00000000,0.00000000,0.00000000,0.00000000,0.00000000,0.00000000,0.00000000,0.00000000,0.00000000,0.03168960,0.00000000,0.00000000,0.00000000,0.00000000,0.00000000,0.00000000,0.00000000,0.00000000,0.00000000,0.00000000,0.00000000,0.00000000,0.00000000,0.00000000,0.00000000,0.00000000,0.01087162,0.00000000,0.00000000,0.00000000,0.00000000,0.00000000,0.00000000,0.00000000,0.00000000,0.00000000,0.00000000,0.00000000,0.00000000,0.00000000,0.00000000,0.00000000,0.00000000,0.00000000,0.00000000,0.00000000,0.01209111,0.00000000,0.00000000,0.00000000,0.00000000,0.00000000,0.00000000,0.01444575,0.00000000,0.00000000,0.00000000,0.00000000,0.00000000,0.00000000,0.00000000,0.00109917,0.00000000,0.00000000,0.00164888,0.00000000,0.00000000,0.00000000,0.00000000,0.00000000,0.00000000,0.00000000,0.00000000,0.00000000,0.00000000,0.00000000,0.00000000,0.00000000,0.00000000,0.00000000,0.00000000,0.00505845,0.01039395,0.00000000,0.00000000,0.00000000,0.00058549,0.00000000,0.00000000,0.00000000,0.00987073,0.00000000,0.00000000,0.00000000,0.00000000,0.00000000,0.00000000,0.00000000,0.00000000,0.00000000,0.00000000,0.00000000,0.00000000,0.00000000,0.00000000,0.00000000,0.00000000,0.00647098,0.00000000,0.00000000,0.00000000,0.00000000,0.00000000,0.00292755,0.00000000,0.00000000,0.00000000,0.00000000,0.00000000,0.00000000,0.00000000,0.00000000,0.00000000,0.00000000,0.00000000,0.00000000,0.00000000,0.00000000,0.00000000,0.00000000,0.08052434,0.00000000,0.00000000,0.00000000,0.00000000,0.00000000,0.00000000,0.00000000,0.00000000,0.00825154,0.00000000,0.00000000,0.00000000,0.00368299,0.00000000,0.00000000,0.00000000,0.00000000,0.00422552,0.00000000,0.00000000,0.00000000,0.00000000,0.00000000,0.00000000,0.00000000,0.00000000,0.00000000,0.00000000,0.00000000,0.00000000,0.00000000,0.00000000,0.00000000,0.10624341,1.19232256,0.00000000,0.03838381,0.00000000,0.00000000,0.00000000,0.00000000,0.00000000,0.00000000,0.00000000,0.01025268,0.00000000,0.00000000,0.00000000,0.00000000,0.00000000,0.00282986,0.00000000,0.00000000,0.00000000,0.00000000,0.00000000,0.00000000,0.00000000,0.00000000,0.00000000,0.00000000,0.00000000,0.00000000,0.00000000,0.00000000,0.00000000,0.00000000,0.00000000,0.00000000,0.00000000,0.00000000,0.00000000,0.00000000,0.00000000,0.00000000,0.00000000,0.00000000,0.00000000,0.00000000,0.00000000,0.00000000,0.00000000,0.00000000,0.00000000,0.00540992,0.00000000,0.00000000,0.00252824,0.00000000,0.00000000,0.00000000,0.00000000,0.00000000,0.00000000,0.02667411,0.00000000,0.00000000,0.00000000,0.00000000,0.01474819,0.00000000,2.15552358,0.00000000,0.00000000,0.00000000,0.00000000,0.00000000,0.00122159,0.00137899,0.00000000,0.00000000,0.00000000,0.00000000,0.00000000,0.00000000,0.00931930,0.06526225,0.00296602,0.00000000,0.00000000,0.02617037,0.00000000,0.00000000,0.00000000,0.00450294,0.00000000,0.00000000,0.00000000,0.00000000,0.00000000,0.00000000,0.00000000,0.00000000,0.00000000,0.00622169,0.00000000,0.00000000,0.00000000,0.00000000,0.00000000,0.00000000,0.00000000,0.00000000,0.00000000,0.00000000,0.00000000,0.01026948,0.00000000,0.00000000,0.00000000,0.00000000,0.00000000,0.00000000,0.00221169,0.00000000,0.00498746,0.00000000,0.00462357,0.00000000,0.00000000,0.00000000,0.00000000,0.00088401,0.00000000,0.00000000,0.00000000,0.00000000,0.00000000,0.00000000,0.00000000,0.00000000,0.00000000,0.01140531,0.00000000,0.00000000,0.00000000,0.00000000,0.00360572,0.00000000,0.00000000,0.00000000,0.00000000,0.00000000,0.00000000,0.00000000,0.00000000,0.00000000,0.00000000,0.00000000,0.00000000,0.00498022,0.00000000,0.00000000,0.00000000,0.00000000,0.00000000,0.00269327,0.00000000,0.00000000,0.00000000,0.00000000,0.00000000,0.00000000,0.00000000,0.00000000,0.00000000,0.00000000,0.00000000,0.00000000,0.00000000,0.00000000,0.00000000,0.00000000,0.00773453,0.00000000,0.00000000,0.00000000,0.00000000,0.00405102,0.00238144,0.00000000,0.00000000,0.00000000,0.00000000,0.00000000,0.00000000,0.00000000,0.00752908,0.00000000,0.00000000,0.00000000,0.00000000,0.00000000,0.00000000,0.00000000,0.00411246,0.00000000,0.03617775,0.00000000,0.00000000,0.00000000,0.00000000,0.00000000,0.00000000,0.00000000,0.00000000,0.00000000,0.00000000,0.00000000,0.00000000,0.00000000,0.00000000,0.00000000,0.00000000,0.00000000,0.00000000,0.00000000,0.00000000,0.00000000,0.00000000,0.00000000,0.00000000,0.00000000,0.00080243,0.00000000,0.00000000,0.00533107,0.00000000,0.00000000,0.00114553,0.00000000,0.00000000,0.00000000,0.00000000,0.00000000,0.00000000,0.00000000,0.00000000,0.00000000,0.00000000,0.00000000,0.00000000,0.00000000,0.00000000,0.00000000,0.00000000,0.00000000,0.00000000,0.00000000,0.00000000,0.00000000,0.00000000,0.00348148,0.00000000,0.00779069,0.00000000,0.00000000,0.00000000,0.00000000,0.00000000,0.03241946,0.00278344,0.00000000,0.00000000,0.00000000,0.00734982,0.00000000,0.00000000,0.00000000,0.00000000,0.00000000,0.00000000,0.00000000,0.00000000,0.00637423,0.00000000,0.00000000,0.00000000,0.00000000,0.00000000,0.00000000,0.00000000,0.00000000,0.00000000,0.00000000,0.00094202,0.00000000,0.00000000,0.00000000,0.00000000,0.00346475,0.00000000,0.00000000,0.01312107,0.00000000,0.00000000,0.00000000,0.00000000,0.00000000,0.00000000,0.00000000,0.00000000,0.00000000,0.00000000,0.00000000,0.00000000,0.01782716,0.00000000,0.00000000,0.00000000,0.00000000,0.00000000,0.00091811,0.31996936,0.00000000,0.00000000,0.00000000,0.00000000,0.00000000,0.00298540,0.00000000,0.00000000,0.00000000,0.00000000,0.00000000,0.04022007,0.00000000,0.00000000,0.00000000,0.00000000,0.00000000,0.01783110,0.00000000,0.00000000,0.00000000,0.00000000,0.00000000,0.21838425,0.00000000,0.00000000,0.00324536,0.00000000,0.00000000,0.00000000,0.00000000,0.00000000,0.00000000,0.00000000,0.00000000,0.00000000,0.00000000,0.00000000,0.00000000,0.00000000,0.00000000,0.04520185,0.00000000,0.00000000,0.00000000,0.00555811,0.00000000,0.00000000,0.00000000,0.00000000,0.00000000,0.00423557,0.00000000,0.00000000,0.00000000,0.00000000,0.00000000,0.00000000,0.00000000,0.00000000,0.00000000,0.00752255,0.00000000,0.00000000,0.00000000,0.00000000,0.00000000,0.00000000,0.00000000,0.00000000,0.00000000,0.00696906,0.00000000,0.00000000,0.00323209,0.00000000,0.00000000,0.00000000,0.00000000,0.00000000,0.00000000,0.00000000,0.00000000,0.00000000,0.00000000,0.00000000,0.00000000,0.00000000,0.00000000,0.00000000,0.00000000,0.00505635,0.00000000,0.00000000,0.00000000,0.00000000,0.00000000,0.00000000,0.00000000,0.00000000,0.00000000,0.09255250,0.00000000
0.00250955,0.00378490,0.00000000,0.00000000,0.00000000,0.00000000,0.00000000,0.00000000,0.00000000,0.17257242,0.00000000,0.00000000,0.00000000,0.00000000,0.00000000,0.00000000,0.00000000,0.00000000,0.00000000,0.00000000,0.06619230,0.00081900,0.00000000,0.00000000,0.00000000,0.00000000,0.00000000,0.00000000,0.00000000,0.00466182,0.00000000,0.00000000,0.00000000,0.00000000,0.00304820,0.00000000,0.00000000,0.00000000,0.00000000,0.00000000,0.00000000,0.00000000,0.00000000,0.00480075,0.00000000,0.00000000,0.03584486,0.00000000,0.00000000,0.00000000,0.00000000,0.00000000,0.00000000,0.00000000,0.00000000,0.00000000,0.00000000,0.00324240,2.17459717,0.00000000,0.00287866,0.01796901,0.00000000,0.00000000,0.00000000,0.00000000,0.00000000,0.00000000,0.00000000,0.00000000,0.00000000,0.00000000,0.00000000,0.00000000,0.00000000,0.00000000,0.00000000,0.00000000,0.00000000,0.00000000,0.04323590,0.00000000,0.00000000,0.00000000,0.00000000,0.00000000,0.00000000,0.00000000,0.64760432,0.00000000,0.05137090,0.15808988,0.00000000,0.00000000,0.00000000,0.00000000,0.00000000,0.00000000,0.00000000,0.00000000,0.00000000,0.00000000,0.00000000,0.00000000,0.00000000,0.00000000,0.00096923,0.00000000,0.02737202,0.00000000,0.00000000,0.00000000,0.00000000,0.00000000,0.02315468,0.00000000,0.00000000,0.00000000,0.00000000,2.34350320,0.00000000,0.00000000,0.00000000,0.00000000,0.00000000,0.00000000,0.00000000,0.00000000,0.00000000,0.00000000,0.00000000,0.00000000,0.15559617,0.00000000,0.00000000,0.00000000,0.00000000,0.00000000,0.00000000,0.00000000,0.00000000,0.00000000,0.02873045,0.00000000,0.00000000,0.00000000,0.00000000,0.00000000,0.00000000,0.00000000,0.00000000,0.00000000,0.00000000,0.00000000,0.00000000,0.00000000,0.00000000,0.00000000,0.00000000,0.00000000,0.00000000,0.00000000,0.01833670,0.00000000,0.00000000,0.01306325,0.00000000,0.00000000,0.00000000,0.00000000,0.00000000,0.00286250,0.00000000,0.00000000,0.00000000,0.00000000,0.00000000,0.00000000,0.05223015,0.00000000,0.00000000,0.00000000,0.00202078,0.00389435,0.00000000,0.00000000,0.00000000,0.00000000,0.00000000,0.00000000,0.00000000,0.00000000,0.00259569,0.00000000,0.00000000,0.00000000,0.00000000,0.00000000,0.00000000,0.00000000,0.00000000,0.00000000,0.00000000,0.00000000,0.00000000,0.00000000,0.00000000,0.00876850,0.00000000,0.00000000,0.00000000,0.00000000,0.00000000,0.00000000,0.00000000,0.00000000,0.00000000,0.00000000,0.00190108,0.00000000,0.00000000,0.08896047,0.00000000,0.00090467,1.35533782,0.03273484,0.00089525,0.00000000,0.00000000,0.00000000,0.00468135,0.00000000,0.00000000,0.05023469,0.00000000,0.00000000,0.00000000,0.00000000,0.00000000,0.00000000,0.00000000,0.00000000,0.00000000,0.00000000,0.00213910,0.00000000,0.00461555,0.00000000,0.01770781,0.00000000,0.00000000,0.00000000,0.00000000,0.00000000,0.00000000,0.00000000,0.00000000,0.00000000,0.00406155,0.00000000,0.00428354,0.14487460,0.00000000,0.00000000,0.00000000,0.00000000,0.00000000,0.00000000,0.00000000,0.00000000,0.00000000,0.00000000,0.00000000,0.00000000,1.24643902,0.00000000,0.00000000,0.00000000,0.00000000,0.00000000,0.00000000,0.00313667,0.00000000,0.00000000,0.00000000,0.00000000,0.00000000,0.00000000,0.00000000,0.00000000,0.00000000,0.00000000,0.00000000,0.00000000,0.00000000,0.00000000,0.03504871,0.00000000,0.00000000,0.00000000,0.00000000,0.00000000,0.00000000,0.00000000,0.00000000,0.08415422,0.00000000,0.00000000,0.00000000,0.30058663,0.00000000,0.00000000,0.00408048,0.00000000,0.00000000,0.00000000,0.00000000,0.00000000,0.00000000,0.00000000,0.00000000,0.01136065,0.00000000,0.00000000,0.00000000,0.01062775,0.00204556,0.00215083,0.00000000,0.00000000,0.00000000,0.00000000,0.00000000,0.00000000,0.00867401,0.00000000,0.00000000,0.00000000,0.00000000,0.00000000,0.00000000,0.00000000,0.00000000,0.00000000,0.00000000,0.00000000,0.00000000,0.00000000,0.00000000,0.00000000,0.00000000,0.00000000,0.00000000,0.00000000,0.00000000,0.00000000,0.00000000,0.00259391,0.00000000,0.00000000,0.00988828,0.00000000,0.00000000,0.00000000,0.02746211,0.00000000,0.00000000,0.00000000,0.00000000,0.00000000,0.00000000,0.00000000,0.00000000,0.00000000,0.00000000,0.00000000,0.00000000,0.00000000,0.00000000,0.00640314,0.00000000,0.00000000,0.00649239,0.00000000,0.00000000,0.00000000,0.00000000,0.00000000,0.00000000,0.00000000,0.00000000,0.00000000,0.00000000,0.00000000,0.00000000,0.01355630,0.04056186,0.00190971,0.00000000,0.02896636,0.00000000,0.00000000,0.00000000,0.00603831,0.01368107,0.00000000,0.00000000,0.00000000,0.00000000,0.00000000,0.00000000,0.00000000,0.00000000,0.00000000,0.00000000,0.00000000,0.00000000,0.00000000,0.00000000,0.00968514,0.00000000,0.00000000,0.00000000,0.00000000,0.00000000,0.00000000,0.00000000,0.01687420,0.00000000,0.00000000,0.00000000,0.00000000,0.00000000,0.00000000,0.00000000,0.00000000,0.00000000,0.00000000,0.00000000,0.00000000,0.00000000,0.09977099,0.00000000,0.00000000,0.00000000,0.01168763,0.00000000,0.00000000,0.05051393,0.00000000,0.01065456,0.00000000,0.00000000,0.00000000,0.00000000,0.00000000,0.00000000,0.00000000,0.00000000,0.00000000,0.00000000,0.00000000,0.00000000,0.00000000,0.00000000,0.00000000,0.00000000,0.00000000,0.00000000,0.00000000,0.00000000,0.00000000,0.00000000,0.00000000,0.00000000,0.00000000,0.00000000,0.00000000,0.00000000,0.00000000,0.00000000,0.00000000,0.04492987,0.00000000,0.00000000,0.00000000,0.00161609,0.00000000,0.00000000,0.00000000,0.00000000,0.00000000,0.00000000,0.20156428,0.00000000,0.00000000,0.00000000,0.01092601,0.00074679,0.00000000,0.00000000,0.00000000,0.00418211,0.00000000,0.00000000,0.00000000,0.00000000,0.00000000,0.06399723,0.00000000,0.00000000,0.00000000,0.00000000,0.00000000,0.00000000,0.00000000,0.00000000,0.00000000,0.00000000,0.00000000,0.00000000,0.00000000,0.00000000,0.00000000,0.00000000,0.00000000,0.00447213,0.00229244,0.00287472,0.00000000,0.00000000,0.00000000,0.00000000,0.00000000,0.00000000,0.00000000,0.00000000,0.00000000,0.00000000,0.00000000,0.00000000,0.00000000,0.00193770,0.00000000,0.00000000,0.00000000,0.00000000,0.00000000,0.00000000,0.00000000,0.00000000,0.00000000,0.00000000,0.00000000,0.00000000,0.00000000,0.00000000,0.00000000,0.00000000,0.00000000,0.00000000,0.00000000,0.00000000,0.00000000,0.00000000,0.00000000,0.00000000,0.00000000,0.00000000,0.00000000,0.00000000,0.04075078,0.00000000,1.97256247,0.00000000,0.00000000,0.00000000,0.06899748,0.00000000,0.00000000,0.00000000,0.00000000,0.00000000,0.00000000,0.00000000,0.00000000,0.00000000,0.00000000,0.01401717,0.00000000,0.00000000,0.00000000,0.00000000,0.00000000,0.01453866,0.00169169,0.00248417,0.00000000,0.00000000,0.00000000,0.00000000,0.00000000,0.00205687,0.00000000,0.00000000,0.00000000,0.00000000,0.00000000,0.00000000,0.00000000,0.00000000,0.00000000,0.00000000,0.00000000,0.00000000,0.00000000,0.00000000,0.00000000,0.00000000,2.27801076,0.00000000,0.00000000,0.07462489,0.02743985,0.00000000,0.00000000,0.00000000,0.00000000,0.00000000,0.00000000,0.00000000,0.00000000,0.00000000,0.00000000,0.00000000,0.00000000,0.00000000,0.00000000,0.00000000,0.00000000,0.00000000,0.26355196,0.05003208,0.02468671,0.00000000,0.00000000,0.00000000,0.00000000,0.00000000,0.00000000,0.00000000,0.00000000,0.00000000,0.00000000,0.00000000,0.00000000,0.00000000,0.00000000,0.00000000,0.00000000,0.00000000,0.00145869,0.00000000,0.00000000,0.00000000,0.00136803,0.00000000,0.00000000,0.00151754,0.00000000,0.00000000,0.00000000,0.00000000,0.00000000,0.00000000,0.00000000,0.00000000,0.00000000,0.00000000,0.00000000,0.00000000,0.00000000,0.05885077,0.00000000,0.00000000,0.00000000,1.24241913,0.00000000,0.00000000,0.00000000,0.00000000,0.00000000,0.00348485,0.00000000,0.00261447,0.00000000,0.00000000,0.00000000,0.00000000,0.00000000,0.00000000,0.00000000,0.00000000,0.00000000,0.00000000,0.02745801,0.00000000,0.00000000,0.00000000,0.00000000,0.00000000,0.00000000,0.00000000,0.00000000,0.00000000,0.00000000,0.00000000,0.00000000,0.00000000,0.00000000,0.00000000,0.00108061,0.00353976,0.00000000,0.00000000,0.00000000,0.00000000,0.00000000,0.00000000,0.00521500,0.00000000,0.00000000,0.00000000,0.00000000,0.00000000,0.00000000,0.00000000,0.00000000,0.00000000,0.00000000,0.00000000,0.00000000,0.00232600,0.00000000,0.00000000,0.00000000,0.00000000,0.00000000,0.00000000,0.00000000,0.00000000,0.00000000,0.00000000,0.00000000,0.00000000,0.00000000,0.00000000,0.00000000,0.00000000,0.00000000,0.00000000,0.00000000,0.00000000,0.00000000,0.00000000,0.00000000,0.00000000,0.00000000,0.00000000,0.00000000,0.00000000,0.00000000,0.00000000,0.00000000,0.00000000,0.00000000,0.00000000,0.01495762,0.00000000,0.00000000,0.00000000,0.00188530,0.00000000,0.00000000,0.00000000,0.00000000,0.00000000,0.00000000,0.00000000,0.00000000,0.00000000,0.00274570,0.00000000,0.00000000,0.00000000,0.00000000,0.00000000,0.10212849,0.00000000,0.00000000
0.00000000,0.00668782,0.00000000,0.00000000,0.00000000,0.00000000,0.00000000,0.00000000,0.00000000,0.00000000,0.00000000,0.00000000,0.00000000,0.00000000,0.00303861,0.00000000,0.00000000,0.00000000,0.00000000,0.02064887,0.00000000,0.00000000,0.00000000,0.00000000,0.00000000,0.00000000,0.00000000,0.00000000,0.00000000,0.00000000,0.00000000,0.00000000,0.00000000,0.00000000,0.00000000,0.00000000,0.00538872,0.00000000,0.00000000,0.01704414,0.00000000,0.00000000,0.00151796,0.00000000,0.00000000,0.00000000,0.00000000,0.00000000,0.00000000,0.00000000,0.00000000,0.00000000,0.00000000,0.00000000,0.00000000,0.00000000,0.00000000,0.00000000,0.00000000,0.00000000,0.00000000,0.02339780,0.00000000,0.00000000,0.00000000,0.00000000,3.96773207,0.00000000,0.01569818,0.00000000,0.00976678,0.00000000,0.00000000,0.00000000,0.00000000,0.00000000,0.00000000,0.00000000,0.00000000,0.00000000,0.00000000,0.00000000,0.00000000,0.00000000,0.00000000,0.00806902,0.00000000,0.00000000,0.00000000,0.00000000,0.00000000,0.00000000,0.00000000,0.00286475,0.00000000,0.00000000,0.00000000,0.00000000,0.00000000,0.00000000,0.00000000,0.00000000,0.06748530,0.00000000,0.00000000,0.00000000,0.01101132,0.00000000,0.00000000,0.00000000,0.00266372,0.00000000,0.00000000,0.00000000,0.00000000,0.00000000,0.00000000,0.00000000,0.00000000,0.00000000,0.00000000,0.00000000,0.00000000,0.00000000,0.00000000,0.00000000,0.00000000,0.00000000,0.00000000,0.00000000,0.00000000,0.00000000,0.00000000,0.00000000,0.00000000,0.00000000,0.00000000,0.00000000,0.00000000,0.00000000,0.00000000,0.00000000,0.00184427,0.00000000,0.00000000,0.00000000,0.00000000,0.00000000,0.00000000,0.00000000,0.00000000,0.00000000,0.00000000,0.00000000,0.01619285,0.07257264,0.00000000,0.00000000,0.00000000,0.00000000,0.00000000,0.00000000,0.00893868,0.00000000,0.00000000,0.00000000,1.10855579,0.02580579,0.00000000,0.01209330,0.00000000,0.00000000,0.00000000,0.02211837,0.00000000,0.00000000,0.00228756,0.00000000,0.00000000,0.00779391,0.00000000,0.01370740,0.00000000,0.00000000,0.00000000,0.00000000,0.00000000,0.00000000,0.00000000,0.00000000,0.00000000,0.00000000,0.00000000,0.00000000,0.00000000,0.00000000,0.00000000,0.00000000,0.00495170,0.00000000,0.00000000,0.00000000,0.00000000,0.00000000,0.00000000,0.00000000,0.00000000,0.00000000,0.00000000,0.01067864,0.00000000,0.00000000,0.00000000,0.00000000,0.00000000,0.00000000,0.00000000,0.01327732,0.00000000,0.00000000,0.00000000,0.00000000,0.00000000,0.00234199,0.15659827,0.00000000,0.00000000,0.00000000,0.00000000,0.00000000,0.00000000,0.00000000,0.00000000,0.23833270,0.00058506,0.00000000,0.44006152,0.16229024,0.00000000,0.00000000,0.00000000,0.00000000,0.00000000,0.00000000,0.00000000,0.00000000,0.00000000,0.00000000,0.00000000,0.00000000,0.04166279,0.00000000,0.00000000,0.00000000,0.00000000,0.05696166,0.00000000,0.00000000,0.64963028,0.00150374,0.00000000,0.00000000,0.00000000,0.00000000,0.00000000,0.00000000,0.61895392,0.00529881,0.00000000,0.00000000,0.00000000,0.00000000,0.00492188,0.00000000,0.00000000,0.00000000,0.00000000,0.00000000,0.00561519,0.00000000,0.00000000,0.00000000,0.00000000,0.00000000,0.00000000,0.00000000,0.00000000,0.00000000,0.00000000,1.39713032,0.00000000,0.00000000,0.00000000,0.00000000,0.00000000,0.00000000,0.00000000,0.02559221,0.00000000,0.00000000,0.00217012,0.00000000,0.00000000,0.00000000,0.00000000,0.00000000,0.00000000,0.00000000,0.00000000,0.00000000,0.00000000,0.00000000,0.01244713,0.00000000,0.00000000,0.00000000,0.00000000,0.00000000,0.00000000,0.00000000,0.00000000,0.00000000,0.00000000,0.00216309,0.00000000,0.00000000,0.00000000,0.00000000,0.00000000,0.00383130,0.00000000,0.00000000,0.00342428,0.00000000,0.00000000,0.00000000,0.00000000,0.00000000,0.00000000,0.00000000,0.00000000,0.00000000,0.00000000,0.02452400,0.00000000,0.00000000,0.00000000,0.00000000,0.00000000,0.00000000,0.00000000,0.00000000,0.00000000,0.00000000,0.00000000,0.00000000,0.00000000,0.00000000,0.00000000,0.00000000,0.01246876,0.00000000,0.00000000,0.00000000,0.00000000,0.00000000,0.00000000,0.00000000,0.00000000,0.00000000,0.00000000,0.00000000,0.00000000,0.00693448,0.01500880,0.00000000,0.00000000,0.00000000,0.00000000,0.00000000,0.00000000,0.00000000,0.00000000,0.00000000,0.00000000,0.00000000,0.00000000,0.00458263,0.00000000,0.00000000,0.00000000,0.00000000,0.00000000,0.00000000,0.00000000,0.00000000,0.00000000,0.00000000,0.00000000,0.00000000,0.00186445,0.01048567,0.00000000,0.00000000,0.00199887,0.00000000,0.00000000,0.00000000,0.00000000,0.00000000,0.00000000,0.00000000,0.00000000,0.00162579,0.01281463,0.00000000,0.00000000,0.00000000,0.00000000,0.00000000,0.00000000,0.00000000,0.00000000,0.00000000,0.00000000,0.00000000,0.00000000,0.00000000,0.00359433,0.00548216,0.00000000,0.00000000,0.00000000,0.00000000,0.00170272,0.00000000,0.02298242,0.00000000,0.17911959,0.00000000,0.00000000,0.01516983,0.00000000,0.00000000,0.00128745,0.00000000,0.00000000,0.00000000,0.00000000,0.00000000,0.00000000,0.00000000,0.00000000,0.00000000,0.00000000,0.00000000,0.00000000,0.00000000,0.00000000,0.00000000,0.00000000,0.00000000,0.00000000,0.00000000,0.00000000,0.00000000,0.00000000,0.00000000,0.00000000,0.00000000,0.00000000,0.00000000,0.00488396,0.03663265,0.00000000,0.00000000,0.00000000,0.00000000,0.00000000,0.00000000,0.00000000,0.00000000,0.00000000,0.00000000,0.00000000,0.00000000,0.00000000,0.00000000,0.00000000,0.00000000,0.00000000,0.00000000,0.00000000,0.00000000,0.00000000,0.00000000,0.00000000,0.00000000,0.00000000,0.02392332,0.00000000,0.00000000,0.15235572,0.04029521,0.00000000,0.00000000,0.00000000,0.00000000,0.00000000,0.00000000,0.00000000,0.00665017,0.00000000,0.00000000,0.00000000,0.00000000,0.00000000,0.00212828,0.00000000,0.00000000,0.00000000,0.00000000,0.00000000,0.00356775,0.00000000,0.00000000,0.00000000,0.00000000,0.00000000,0.00000000,0.00000000,0.00000000,0.00000000,0.00000000,0.00000000,0.00000000,0.00000000,0.00000000,0.00000000,0.00000000,0.00000000,0.00000000,0.00000000,0.00000000,0.00000000,0.02017300,0.00000000,0.00208636,0.00000000,0.00000000,0.00000000,0.00000000,0.00000000,0.00000000,0.00549001,0.00000000,0.00000000,0.00436064,0.00000000,0.00000000,0.00000000,0.00390956,0.00000000,0.00123177,0.00000000,0.00000000,0.01435039,0.00000000,0.00000000,0.00000000,0.00000000,0.00608962,0.00000000,0.00000000,0.00000000,0.00000000,0.00000000,0.00000000,0.05606363,0.00000000,0.00000000,0.00000000,0.00000000,0.00000000,0.02180678,0.00000000,0.00000000,0.00000000,0.00000000,0.00000000,0.00000000,0.00000000,0.00000000,0.00000000,0.00000000,0.00000000,0.00000000,0.00000000,0.11389282,0.00212145,0.00203945,0.00000000,0.00000000,0.00000000,0.00000000,0.00000000,0.00000000,0.00000000,0.00000000,0.00000000,0.00000000,0.00000000,0.00000000,0.00000000,0.00000000,0.00000000,0.00000000,0.00000000,0.00000000,0.00000000,0.00000000,0.00000000,0.00000000,0.00000000,0.00000000,0.00000000,0.00000000,0.00000000,0.00125637,0.00197876,0.00000000,0.00000000,0.00508387,0.00000000,0.01466546,0.00000000,0.00388699,0.00000000,0.00000000,0.00000000,0.00000000,0.00000000,0.00000000,0.00000000,0.00000000,0.00000000,0.01028731,0.00000000,0.00000000,0.00000000,0.00000000,0.00000000,0.00000000,0.00000000,0.02109594,0.00000000,0.00077173,0.00000000,0.00000000,0.00000000,0.00000000,0.00000000,0.00000000,0.00000000,0.00000000,0.00000000,0.00000000,0.01939308,0.00000000,0.00000000,0.00000000,0.00000000,0.00000000,0.54862051,0.00000000,0.00000000,0.00000000,0.00000000,0.00000000,0.00000000,0.00000000,0.03885609,0.00000000,0.00000000,0.00000000,0.00000000,0.00000000,0.00000000,0.00000000,0.00000000,0.00000000,0.00000000,0.00000000,0.00000000,0.00618003,0.00000000,0.00000000,0.00000000,0.00000000,0.00000000,0.00000000,0.00718513,0.41954473,0.00000000,0.01463084,0.00000000,0.00000000,0.00000000,0.00000000,0.00000000,0.00000000,0.00000000,0.00000000,0.00000000,0.00000000,0.00000000,0.00000000,0.00000000,0.00000000,0.00000000,0.00348717,0.02797249,0.00000000,0.00000000,0.00000000,0.00000000,0.00000000,0.00403742,0.00000000,0.00000000,0.00000000,0.00000000,0.00000000,0.00000000,0.02928277,0.00000000,0.00000000,0.00000000,0.00386468,0.00000000,0.00000000,0.00000000,0.00000000,0.00000000,0.00000000,0.00000000,0.00000000,0.00000000,0.00000000,0.00918458,0.00000000,0.01941406,0.00000000,0.00000000,0.00000000,0.00000000,0.00000000,0.00000000,0.00000000,0.00000000,0.00000000,0.00000000,0.00000000,0.00501750,0.00000000,0.00000000,0.00000000,0.00000000,0.00000000,0.00000000,0.00000000,0.00000000,0.03030811,0.00000000,0.00000000,0.00000000,0.00000000,0.00000000,0.00000000,0.00000000,0.03973119,0.00454350,0.00000000,0.00000000,0.00000000,0.00000000,0.00000000,0.00000000,0.00000000,0.00000000,0.00000000,0.00000000,0.00000000,0.00000000,0.00000000,0.00000000,0.00000000,0.00000000,0.00000000,0.00000000
0.00000000,0.00000000,0.00000000,0.00000000,0.00000000,0.00000000,0.35223509,0.00650192,0.00000000,0.00000000,0.00000000,0.15144113,0.00000000,0.00000000,0.00000000,0.00000000,0.00000000,0.00000000,0.00000000,0.00000000,0.00000000,0.00448182,0.00000000,0.00000000,0.00254713,0.00931913,0.00000000,0.00000000,0.00000000,0.00138821,0.01701121,0.00000000,0.00000000,0.00000000,0.00000000,0.00000000,0.00000000,0.00000000,0.00000000,0.00000000,0.01396150,0.00000000,0.00000000,0.00000000,0.00000000,0.00000000,0.00000000,0.00000000,0.00000000,0.00000000,0.00000000,0.00115037,0.00000000,0.00000000,0.00000000,1.67912587,0.00000000,0.00000000,0.00000000,0.00000000,0.00000000,0.00798885,0.00000000,0.00000000,0.00000000,0.00000000,0.00000000,0.00000000,0.00000000,0.00000000,0.00000000,0.00000000,0.00834683,0.00000000,0.00000000,0.00000000,0.00000000,0.00000000,0.00000000,0.00000000,0.00000000,0.00000000,0.00000000,0.00000000,0.00000000,0.00000000,0.00000000,0.00000000,0.00000000,0.00000000,0.00000000,0.00000000,0.00000000,0.03770896,0.00997119,0.00000000,0.00000000,0.00000000,0.00000000,0.00000000,0.00000000,0.00000000,0.00000000,0.00000000,0.00000000,0.01017105,0.00000000,0.00000000,0.00000000,0.00000000,0.00000000,0.00000000,0.98373395,0.00000000,0.00135091,0.00000000,0.00000000,0.00000000,0.04938875,0.00000000,0.00298715,0.00000000,0.00000000,0.00000000,0.00158853,0.00000000,0.00000000,0.00000000,0.00000000,0.00000000,0.00000000,0.00000000,0.00000000,0.00000000,0.00000000,0.00000000,0.00000000,0.00000000,0.00000000,0.05320607,0.00218005,0.00000000,0.00000000,0.00000000,0.00000000,0.00000000,0.00000000,0.00000000,0.00000000,0.00000000,0.00000000,0.00000000,0.00000000,0.00000000,0.00000000,0.00000000,0.00000000,0.00000000,0.00000000,0.00517709,0.00000000,0.00000000,0.00000000,0.02064637,0.00000000,0.00000000,0.00000000,0.77009936,0.00000000,0.00000000,0.00000000,0.00000000,0.00000000,0.00000000,0.00000000,0.00000000,0.00310368,0.00000000,0.00000000,0.00000000,0.00000000,0.00000000,0.00000000,0.00000000,0.00000000,0.00000000,0.01430765,0.00000000,0.00000000,0.00000000,0.00000000,0.00000000,0.00000000,0.00000000,0.00000000,0.00000000,0.01381513,0.00000000,0.00000000,0.00000000,0.00000000,0.00000000,0.00000000,0.00000000,0.00000000,0.00000000,0.00000000,0.00000000,0.00000000,0.00000000,0.00000000,0.00000000,0.00176038,0.00000000,0.00000000,0.00000000,0.00000000,0.00000000,0.00000000,0.00000000,0.00000000,0.00000000,0.00000000,0.00000000,0.00000000,0.00000000,0.00000000,0.00000000,0.00000000,0.00000000,0.00000000,0.00000000,0.00000000,0.02703208,0.00000000,0.00000000,0.00000000,0.00000000,0.00000000,0.00000000,0.00000000,0.00411269,0.00000000,0.00000000,0.00000000,0.03796381,0.00000000,0.00000000,0.00000000,0.00000000,0.00000000,0.00000000,0.00000000,0.00000000,0.00000000,0.00000000,0.00000000,0.00000000,0.01960124,0.00000000,0.00000000,0.00000000,0.00000000,0.00000000,0.00000000,0.00000000,0.00000000,0.00000000,0.00000000,0.00000000,0.00000000,0.00000000,0.00000000,0.00000000,0.00000000,0.00000000,0.00000000,0.00000000,0.00000000,0.00000000,0.00000000,0.00000000,0.00000000,0.00064960,0.00000000,0.00000000,0.00000000,0.00000000,0.00000000,0.00000000,0.00000000,0.00000000,0.00000000,0.00363701,0.00000000,0.00584440,0.00000000,0.00000000,0.00000000,0.00000000,0.00000000,0.00000000,0.00000000,0.00000000,0.00000000,0.00000000,0.00000000,0.00000000,0.00459075,0.00000000,0.00000000,0.00000000,0.00000000,0.00316332,0.00000000,0.01153482,0.00000000,0.00000000,0.00000000,0.00000000,0.00000000,0.00000000,0.00000000,0.00000000,0.00935744,0.00000000,0.00000000,0.00000000,0.26185016,0.00000000,0.00000000,0.00000000,0.00000000,0.00391425,0.00000000,0.00000000,0.00000000,0.00000000,0.00000000,0.00000000,0.00000000,0.00000000,0.00000000,0.00000000,0.00000000,0.00000000,0.00000000,0.03504704,0.02913515,0.00000000,0.00074092,0.01816277,0.00000000,0.00000000,0.00000000,0.00000000,0.00000000,0.00000000,0.00000000,0.00000000,0.00000000,0.00000000,0.00000000,0.00000000,0.00000000,0.00000000,0.00000000,0.00000000,0.00000000,0.00000000,0.00000000,0.00000000,0.00300906,0.00000000,0.00000000,0.00226114,0.00000000,0.00000000,0.00000000,0.00000000,0.00000000,0.00000000,0.00000000,0.00000000,1.92075135,0.39396574,0.00000000,0.00000000,0.00000000,0.00000000,0.00000000,0.00000000,0.01475487,0.00000000,0.21731966,0.00000000,0.00000000,0.00000000,0.00183773,0.00000000,0.00000000,0.00000000,0.00000000,0.00000000,0.00000000,0.00083799,0.00000000,0.00000000,0.00000000,0.00000000,0.00000000,0.00000000,0.00000000,0.00000000,0.00000000,0.00000000,0.01672074,0.00726364,0.00000000,0.00000000,0.00000000,0.00000000,0.00000000,0.00000000,0.00000000,0.00000000,0.00000000,0.02386974,0.00000000,0.00402211,1.17944315,0.00000000,0.00479288,0.00000000,0.00000000,0.00000000,0.00000000,0.05188797,0.00000000,0.00000000,0.00000000,0.00000000,0.00000000,0.00000000,0.00000000,0.00000000,0.00193416,0.00260889,0.00000000,0.00000000,0.00000000,0.01997029,0.00000000,0.00000000,0.00000000,0.00000000,0.00000000,0.00000000,0.00000000,0.00000000,0.00000000,0.00000000,0.00000000,0.01328579,0.00000000,0.00174429,0.00000000,0.00000000,0.00000000,0.61936125,0.00000000,0.00000000,0.00592246,0.00000000,0.00000000,0.00000000,0.00000000,0.00000000,0.00000000,0.00000000,0.01210676,0.00000000,0.00000000,0.00000000,0.00000000,0.00000000,0.08447879,0.00000000,0.00000000,0.00000000,0.00000000,0.20156428,0.00000000,0.00000000,0.00000000,1.73797409,0.00000000,0.00000000,0.00000000,0.00000000,0.00000000,0.00000000,0.00831796,0.00000000,0.00000000,0.00000000,0.00000000,0.00000000,0.00000000,0.00000000,0.00000000,0.00000000,0.00000000,0.00000000,0.00000000,0.00000000,0.01742643,0.00000000,0.00000000,0.00000000,0.00000000,0.00000000,0.00000000,0.00000000,0.00081293,0.00000000,0.00000000,0.00000000,0.00000000,0.00000000,0.00000000,0.00000000,0.00000000,0.00000000,0.00000000,0.00000000,0.00000000,0.00000000,0.00000000,0.00000000,0.18064349,0.00000000,0.00000000,0.00000000,0.00000000,0.00000000,0.00000000,0.19955795,0.00000000,0.00000000,0.00000000,0.00000000,0.00407734,0.00000000,0.00000000,0.00000000,0.00000000,0.00907817,0.00000000,0.00000000,0.00000000,0.00000000,0.00000000,0.00000000,0.00000000,0.05645381,0.00000000,0.00000000,0.00000000,0.00000000,0.00000000,0.00000000,0.00000000,0.00000000,0.00000000,0.00000000,0.00000000,0.00000000,0.00000000,0.00000000,0.00000000,0.00000000,0.00000000,0.00000000,0.00000000,0.00000000,0.00000000,0.00000000,0.00000000,0.10247215,0.00000000,0.00000000,0.00000000,0.00000000,0.00000000,0.01178913,0.00902893,0.00000000,0.00000000,0.00000000,0.00000000,0.00000000,0.00000000,0.00000000,0.01737227,0.00000000,0.00000000,0.00000000,0.00000000,0.00000000,0.00000000,0.00000000,0.00000000,0.00000000,0.00000000,0.00000000,0.00000000,0.00000000,0.00000000,0.00312979,0.00000000,0.00000000,0.00000000,0.00000000,0.00827619,0.00000000,0.01261333,0.00000000,0.00000000,0.00158434,0.00000000,0.00000000,0.00000000,0.00000000,0.00000000,0.00000000,0.00000000,0.00000000,0.01301858,0.00000000,0.00000000,0.00000000,0.00000000,0.03980516,0.00000000,0.02098678,0.00000000,0.00000000,0.00000000,0.00000000,0.00000000,0.00000000,0.00000000,0.00000000,0.00000000,0.00000000,0.00000000,0.00000000,0.00000000,0.00000000,0.00859581,0.00000000,0.00000000,0.00000000,0.00000000,0.02810166,0.00000000,0.00000000,0.00000000,0.00000000,0.00000000,0.00000000,0.00000000,0.00000000,0.00000000,0.00000000,0.00000000,0.00000000,0.00000000,0.01310013,0.00000000,0.00000000,0.00000000,0.00000000,0.00000000,0.00000000,0.00535055,0.87913531,0.01592988,0.00000000,0.00000000,0.00000000,0.00000000,0.00000000,0.00000000,0.00000000,0.00120737,0.00000000,0.00000000,0.00000000,0.18127023,0.00000000,0.00000000,0.00000000,0.00000000,0.00439491,0.05756013,0.00000000,0.00000000,0.00000000,0.00000000,0.00000000,0.00000000,0.00000000,0.00000000,0.00000000,0.00000000,0.00000000,0.00000000,0.00715780,0.00000000,0.00000000,0.01979359,0.00000000,0.00739299,0.00000000,0.00000000,0.00000000,0.00000000,0.00000000,0.00000000,0.00000000,0.00000000,0.00000000,0.00000000,0.00000000,0.00184550,0.00000000,0.00000000,0.00000000,0.00000000,0.00000000,0.00000000,0.00295962,0.00000000,0.00000000,0.07943139,0.00000000,0.00000000,0.00000000,0.00000000,0.02480718,0.00000000,0.03979432,0.00000000,0.00000000,0.03219750,0.00000000,0.00000000,0.04560531,0.00000000,0.00000000,0.00000000,0.16969931,0.00000000,0.00000000,0.00000000,0.00000000,0.00000000,0.00000000,0.00000000,0.00000000,0.00000000,0.00000000,0.00000000,0.00000000,0.00000000,0.00000000,0.00000000,0.00000000,0.00000000,0.34203675,0.00000000,0.00000000,0.00000000,0.00000000,0.00000000,0.00000000,0.00000000,0.00000000,0.00000000,0.00000000,0.00000000,0.00000000,0.00000000,0.00000000,0.00000000,0.00000000,0.00000000,0.00000000
0.00000000,0.00295919,0.00000000,0.00000000,0.00000000,0.00000000,0.00000000,0.00000000,0.00000000,0.00000000,0.00000000,0.98088799,0.00000000,0.00000000,0.07793453,0.00000000,0.00000000,0.00000000,0.00000000,0.00000000,0.00000000,0.00000000,0.06926514,0.00000000,0.00000000,0.00000000,0.00000000,0.00000000,1.90135343,0.00000000,0.00000000,0.00000000,0.00000000,0.00000000,0.00000000,0.00000000,0.00000000,0.13945618,0.11958453,0.00000000,0.02243276,0.00000000,0.00000000,0.00000000,0.00000000,0.00000000,0.00000000,0.00000000,0.00000000,1.44014693,0.00000000,0.01046188,0.00000000,0.00000000,0.00000000,0.00000000,0.00000000,0.00000000,0.00000000,0.00000000,0.00000000,0.00000000,0.00000000,0.00000000,0.00000000,0.72674371,0.00565419,0.00000000,0.00000000,0.00000000,0.00000000,0.00000000,0.00000000,0.00000000,0.00000000,0.00000000,0.00000000,0.00000000,0.02375734,0.00000000,0.00000000,0.00000000,0.00000000,0.00000000,0.00000000,0.00000000,0.00000000,0.00000000,0.00000000,0.00000000,0.00000000,0.00000000,0.00000000,0.00000000,0.00000000,0.02178413,0.00000000,0.00000000,0.00000000,0.00000000,0.00000000,0.00000000,0.00000000,0.01086306,0.00000000,0.01771628,0.00000000,0.00000000,0.00248975,0.00000000,0.00000000,0.00000000,0.00000000,0.00000000,0.00000000,0.00929147,0.00000000,0.00000000,0.00000000,0.00000000,0.00000000,0.00000000,0.00000000,0.00000000,0.00000000,0.00000000,0.00000000,0.00000000,0.00000000,0.00000000,0.00000000,0.00000000,0.00000000,0.00000000,0.00000000,0.00000000,0.00000000,0.00000000,0.00000000,0.00000000,0.00000000,0.00000000,0.00000000,0.00000000,0.00000000,0.00000000,0.00000000,0.10434372,0.00000000,0.00000000,0.00000000,0.01134516,0.00000000,0.00000000,0.00000000,0.26025949,0.00000000,0.00000000,0.00000000,0.00000000,0.00000000,0.00000000,0.00000000,0.00000000,0.00000000,0.00000000,0.00000000,0.00000000,0.00000000,0.01521123,0.00000000,0.00000000,0.00000000,0.00000000,0.00000000,0.00000000,0.00115085,0.00000000,0.00000000,0.00000000,0.00000000,0.00000000,0.00000000,0.00000000,0.00000000,0.00000000,0.00000000,0.00000000,0.00000000,0.00000000,0.00000000,0.00000000,0.00000000,0.02807054,0.00000000,0.00000000,0.00000000,0.00000000,0.00000000,0.00000000,0.00000000,0.00000000,3.35200817,0.00000000,0.00000000,0.00000000,0.00000000,0.00000000,0.00000000,0.00000000,0.00000000,0.00000000,0.00000000,0.00000000,0.00000000,0.00000000,0.00000000,0.00000000,0.12150546,0.00000000,0.00000000,0.00000000,0.00000000,0.00000000,0.00000000,0.00000000,0.00000000,0.00000000,0.00000000,0.00000000,0.00000000,0.00556248,0.00000000,0.00000000,0.00000000,0.00000000,0.00000000,0.00000000,0.00000000,0.00000000,0.00000000,0.00000000,0.00000000,0.00000000,0.00000000,0.00000000,0.00000000,0.00000000,0.00000000,0.00000000,0.00000000,0.00000000,0.00000000,0.00000000,1.72053355,0.00000000,0.00000000,0.00000000,0.00000000,0.00000000,0.10150691,0.00335134,0.00000000,0.00000000,0.00000000,0.00000000,0.00000000,0.04621940,0.00000000,0.00103751,0.00000000,0.00000000,0.01071637,0.00000000,0.00000000,0.00000000,0.12626162,0.00000000,0.00000000,0.00657435,0.00000000,0.00000000,0.00000000,0.01259943,0.00111053,0.00000000,0.00000000,0.03411624,0.00000000,0.00000000,0.00000000,0.00000000,0.00000000,0.00000000,0.00000000,0.00000000,0.00000000,0.00000000,0.01863319,0.00000000,0.00053184,0.00000000,0.00000000,0.00000000,0.00000000,0.00000000,0.00000000,0.00000000,0.00000000,0.00000000,0.00000000,0.00000000,0.00000000,0.00000000,0.00119600,0.00000000,0.00000000,0.21271719,0.00000000,0.00000000,0.11888323,0.00075134,0.00000000,0.00000000,0.00000000,0.00000000,0.00000000,0.00000000,0.00000000,0.00000000,0.00000000,0.00000000,0.00000000,0.00000000,0.00000000,0.00000000,0.00000000,0.00000000,0.00128846,0.00000000,0.00000000,0.00273350,0.00000000,0.00258458,0.00000000,0.00000000,0.00000000,0.00659040,0.00000000,0.00000000,0.00000000,0.00000000,0.00000000,0.00000000,0.00000000,0.00267521,0.00000000,0.00000000,0.00000000,0.00000000,0.00000000,0.00458702,0.00000000,0.00000000,0.00000000,0.00000000,0.00000000,0.00000000,0.00000000,0.00000000,0.00000000,0.00952932,0.00000000,0.00000000,0.00000000,0.00000000,0.00000000,0.00000000,0.00000000,0.00000000,0.08619676,0.00000000,0.00000000,0.00000000,0.00000000,0.00624097,0.00000000,0.00619317,0.00000000,0.00000000,0.00000000,0.00000000,0.00000000,0.00000000,0.00000000,0.00000000,0.00000000,0.00000000,0.00000000,0.00000000,0.00000000,0.00416451,0.00000000,0.00187488,0.00000000,0.00000000,0.00000000,0.00000000,0.00000000,0.00000000,0.00000000,0.00000000,0.00000000,0.00000000,0.00000000,0.00000000,0.00000000,0.00000000,0.00000000,0.00000000,0.00000000,0.00000000,0.00571513,0.00000000,0.00000000,0.00632109,0.00000000,0.00000000,0.00000000,0.00000000,0.00000000,0.00000000,0.00000000,0.00000000,0.00000000,0.00000000,0.00000000,0.00000000,0.00000000,0.00000000,0.00000000,0.00000000,0.00000000,0.00000000,0.00270685,0.00000000,0.00000000,0.00000000,0.00000000,0.00000000,0.00000000,0.00000000,0.00000000,0.00101324,0.00000000,0.05544032,0.00000000,0.00000000,0.00000000,0.00314928,0.00000000,0.13898511,0.00000000,0.00000000,0.00000000,0.00000000,0.00000000,0.00000000,0.00000000,0.00000000,0.00000000,0.00000000,0.00000000,0.00208914,0.00000000,0.00307407,0.00000000,0.00000000,0.00000000,0.00454223,0.00000000,0.00000000,0.04553312,0.01946371,0.00000000,0.00000000,0.00000000,0.00000000,0.00000000,0.00000000,0.00000000,0.00000000,0.00000000,0.00000000,0.00000000,0.00000000,0.00000000,0.00000000,0.00000000,0.00000000,0.00000000,0.00000000,0.00000000,0.00000000,0.00000000,0.00000000,0.00000000,0.00000000,0.00000000,0.00000000,0.00000000,0.00000000,0.00000000,0.00000000,0.88270443,0.00000000,0.00000000,0.00000000,0.00000000,0.00000000,0.00000000,0.00000000,0.00000000,0.00000000,0.00000000,0.00000000,0.00000000,0.00000000,0.00000000,0.00000000,0.00512300,0.00000000,0.00000000,0.00000000,0.00000000,0.00000000,0.00000000,0.00000000,0.00000000,0.00000000,0.00000000,0.00000000,0.00000000,0.00000000,0.00000000,0.00000000,0.04092083,0.00000000,0.00000000,0.00000000,0.00000000,0.00000000,0.02516403,0.00000000,0.00000000,0.00000000,0.00000000,0.00000000,0.00000000,0.00000000,0.00000000,0.00000000,0.04090863,0.00000000,0.00000000,0.00000000,0.03067336,0.02030449,0.00000000,0.00706104,0.00000000,0.00000000,0.00000000,0.00000000,0.00824864,0.00000000,0.00000000,0.00000000,0.00000000,0.00000000,0.00000000,0.00000000,0.00000000,0.00622652,0.00000000,0.00000000,0.00000000,0.00000000,0.00000000,0.00000000,0.00000000,0.00000000,0.00000000,0.04827853,0.00000000,0.00000000,0.00000000,0.00000000,0.00000000,0.00000000,0.01074370,0.00000000,0.00000000,0.00000000,0.00000000,0.00707144,0.04820255,0.00420328,0.00000000,0.00000000,0.00000000,0.00000000,0.00000000,0.00000000,0.00000000,0.00000000,0.01138786,0.00000000,0.00000000,0.00423285,0.00000000,0.00196900,0.00000000,0.00000000,0.00000000,0.00000000,0.00000000,0.00000000,0.00000000,0.00000000,0.00000000,0.00000000,0.00000000,0.00000000,0.00226045,0.00000000,0.00000000,0.00000000,0.00000000,0.00000000,0.00000000,0.00000000,0.00226216,0.00068615,0.00000000,0.00000000,0.00000000,0.00000000,0.00000000,0.00839325,0.00000000,0.00000000,0.00000000,0.00071787,0.00000000,0.00000000,0.00000000,0.00000000,0.00000000,0.00000000,0.00000000,0.00000000,0.00190986,0.00000000,0.00000000,0.13992202,0.10840353,0.00000000,0.00000000,0.00000000,1.47998268,0.00000000,0.00000000,0.00000000,0.00000000,0.00000000,0.12979917,0.00000000,0.00000000,0.00000000,0.00000000,0.00000000,0.00000000,0.00000000,0.00000000,0.00000000,0.00000000,0.00000000,0.00000000,0.00000000,0.00000000,0.00000000,0.04046198,0.00000000,0.00000000,0.00000000,0.00000000,0.00000000,0.00000000,0.00000000,0.00000000,0.00000000,0.04157502,0.00000000,0.00000000,0.00000000,0.00000000,0.00000000,0.00000000,0.00000000,0.00000000,0.00000000,0.00000000,0.00000000,0.00000000,0.00000000,0.00000000,0.00000000,0.00000000,0.00000000,0.03437965,0.00000000,0.00000000,0.00000000,0.00000000,0.00000000,0.00000000,0.00000000,0.00000000,0.00000000,0.00000000,0.00000000,0.16897363,0.00000000,0.04895806,0.00000000,0.00000000,0.00000000,0.00000000,0.00000000,0.00000000,0.00000000,0.00000000,0.00000000,0.00000000,0.00000000,0.00000000,0.00000000,0.00000000,1.01977330,0.00112443,0.00000000,0.00000000,0.00000000,0.00000000,0.00000000,0.01171852,0.01812294,0.00619440,0.00136619,0.00000000,0.00000000,0.01217637,0.00000000,0.00000000,0.00000000,0.00000000,0.00000000,0.02868672,0.00000000,0.00000000,0.00000000,0.00000000,0.00000000,0.00000000,0.00000000,0.00000000,0.00000000,0.00000000,0.00000000,0.00000000,0.00000000,0.00000000,0.00000000,0.02083219,0.00000000,0.00000000,0.00000000,0.00000000,0.00266464,0.00000000,0.00000000,0.00000000,0.00000000,0.01416015,0.00261710,0.00000000,0.00000000,0.00899722,0.00000000
0.00000000,0.00000000,0.00000000,0.00000000,0.00000000,0.00000000,0.00000000,0.00000000,0.00000000,0.00000000,0.00000000,0.00412659,0.00000000,0.00000000,0.00000000,0.00000000,0.00000000,0.00000000,0.00000000,0.00000000,0.00000000,0.00000000,0.00000000,0.00000000,0.00000000,0.00000000,0.00654822,0.00000000,0.00000000,0.00000000,0.00000000,0.00231530,0.00000000,0.01007934,0.00000000,0.00000000,0.00000000,0.00000000,0.00000000,0.00000000,0.00000000,0.00000000,0.00000000,0.00000000,0.00000000,0.00000000,0.00000000,0.00000000,0.00000000,0.00000000,0.00000000,0.00000000,0.00000000,0.00000000,0.00000000,0.00000000,0.00000000,0.00000000,0.00000000,0.00000000,0.00000000,0.00833144,0.00000000,0.00000000,0.00000000,0.00000000,0.00306681,0.00000000,0.00000000,0.00000000,0.00000000,0.00362514,0.00000000,0.00000000,0.00000000,0.00000000,0.00000000,0.00000000,0.00000000,0.00000000,0.04374824,0.00000000,0.00560911,0.00000000,0.00155000,0.01024066,0.00000000,0.00993741,0.00000000,0.00000000,0.00000000,0.00000000,0.00000000,0.00000000,0.02711049,0.00000000,0.00000000,0.00000000,0.00000000,0.00000000,0.00000000,0.00000000,0.00000000,0.00000000,0.00000000,0.00000000,0.02088994,0.01506716,0.00000000,0.00000000,0.01637251,0.00000000,0.00000000,0.00627333,0.00000000,0.04630121,0.00000000,0.00000000,0.00000000,0.00932309,0.00000000,0.01968610,0.01343919,0.00000000,0.00000000,0.00000000,0.00000000,0.00000000,0.00000000,0.00000000,0.00000000,0.00000000,0.00000000,0.00000000,0.00000000,0.00000000,0.00000000,0.00082510,0.00000000,0.00000000,0.00000000,0.00000000,0.00000000,0.00000000,0.00000000,0.00000000,0.00000000,0.00000000,0.00000000,0.00000000,0.00000000,0.00000000,0.02247074,0.00000000,0.00000000,0.00000000,0.00000000,0.00000000,0.00000000,0.00000000,0.00000000,0.00000000,0.00000000,0.00000000,0.00000000,0.00000000,0.00000000,0.00000000,0.00000000,0.00000000,0.00000000,0.00000000,0.00000000,0.00000000,0.00000000,0.01985819,0.00000000,0.00000000,0.00000000,0.00000000,0.00000000,0.00000000,0.34150412,0.00000000,0.00000000,0.00000000,0.00000000,0.00000000,0.00000000,0.00000000,0.00650132,0.00000000,0.00000000,0.00000000,0.02831693,0.00000000,0.00000000,0.00000000,0.00280019,0.00000000,0.00000000,0.00000000,0.00439446,0.00000000,0.00000000,0.01147798,0.00128019,0.00000000,0.00000000,0.00000000,0.00000000,0.00000000,0.00000000,0.00000000,0.00000000,1.74582244,0.00000000,0.00000000,0.00000000,0.00000000,0.00000000,0.01080711,0.00000000,0.04100118,0.01500567,0.00000000,0.00000000,0.00273261,0.00000000,0.01694330,0.00000000,0.00000000,0.00000000,0.00000000,0.00000000,0.00000000,0.00000000,0.00000000,0.00000000,0.00835099,0.00000000,2.46966092,0.00000000,0.00000000,0.00000000,0.00000000,0.00000000,0.00000000,0.00000000,0.00000000,0.00000000,0.00000000,0.00000000,0.00000000,0.00000000,0.00000000,0.00000000,0.02148287,0.00000000,0.00000000,0.00000000,0.00000000,0.00000000,0.02758995,0.00000000,0.00000000,0.00000000,0.00000000,0.00000000,0.00000000,0.02361768,0.00000000,0.00000000,0.00782017,0.00000000,0.00000000,0.00000000,0.00000000,0.00000000,0.00000000,0.00000000,0.00000000,0.00000000,0.24163545,0.00000000,0.00000000,0.00000000,0.00000000,0.00000000,0.00000000,0.11410078,0.00000000,0.00000000,0.00000000,0.00000000,0.00000000,0.00000000,0.00000000,0.02309215,0.00000000,0.00000000,0.04558537,0.00096926,0.00000000,0.00000000,0.00000000,0.00000000,0.00000000,0.00000000,0.00000000,0.00000000,0.00000000,0.00000000,0.00000000,0.00000000,0.03564164,0.00000000,0.00000000,0.00000000,0.00000000,0.00000000,0.00000000,0.00000000,0.00000000,0.00000000,0.00000000,0.00000000,0.00000000,0.00000000,0.00000000,0.00000000,0.01212635,0.00000000,0.00000000,0.00000000,0.00000000,0.00000000,0.00000000,0.00000000,0.00000000,0.00000000,0.00000000,0.00000000,0.00000000,0.00000000,0.00286607,0.00000000,0.00246311,0.00000000,0.00000000,0.00000000,0.00000000,0.00000000,0.00000000,0.00000000,0.01037523,0.00000000,0.00000000,0.00000000,0.00000000,0.00000000,0.00000000,0.00000000,0.44210239,0.00000000,0.00000000,0.00000000,0.00000000,0.00000000,0.00000000,0.00000000,0.00000000,0.00000000,0.15220120,0.00000000,0.00000000,0.00000000,0.00000000,0.00000000,0.00000000,0.79758158,0.00000000,0.00000000,0.00000000,0.00000000,0.00304609,0.00000000,0.00000000,0.00000000,0.00000000,0.00000000,0.00000000,0.02223850,0.00000000,0.00000000,0.00000000,0.00000000,0.00000000,0.00000000,0.00000000,0.00000000,0.00000000,0.00000000,0.00000000,0.00000000,0.00000000,0.00000000,0.00000000,0.00000000,0.00000000,0.00000000,0.00000000,0.00000000,0.00000000,0.00000000,0.00000000,0.04266228,0.00000000,0.00000000,0.00000000,0.00000000,0.00000000,0.00000000,0.00000000,0.00000000,0.00000000,0.00000000,0.00000000,0.00000000,0.00000000,0.00107700,0.00000000,0.79758158,0.00000000,0.15249220,0.00000000,0.02066418,0.00000000,0.00000000,0.00000000,0.00000000,0.00000000,0.00000000,0.00000000,0.02739499,0.00000000,0.00000000,0.00000000,0.00000000,0.00000000,0.00000000,0.00000000,0.00000000,0.00000000,0.00000000,0.00000000,0.00271638,0.00000000,0.00000000,0.00000000,0.00000000,0.00000000,0.00000000,0.00000000,0.00000000,0.00000000,0.00000000,0.00000000,0.00000000,0.00000000,0.00000000,0.00000000,0.00000000,0.00000000,0.00000000,0.00000000,0.00000000,0.00000000,0.00000000,0.00000000,0.00000000,0.00000000,0.00000000,0.00147353,0.00501639,0.00000000,0.00000000,0.02925067,0.00000000,0.00000000,0.00000000,0.00000000,0.00000000,1.73797409,0.00000000,0.00000000,0.00000000,0.00000000,0.00000000,0.00000000,0.00000000,0.00000000,0.01823537,0.00000000,2.04344707,0.00000000,0.04451801,0.00000000,0.00000000,0.00189726,0.00000000,0.00000000,0.00000000,0.00370317,0.00517880,0.04993724,0.00000000,0.00000000,0.00000000,0.00000000,0.00000000,0.00000000,0.00000000,0.00000000,0.00000000,0.00339294,0.00000000,0.00000000,0.05806814,0.00000000,0.00782296,0.00000000,0.00000000,0.00000000,0.00000000,0.00000000,0.00000000,0.00000000,0.00000000,0.00000000,0.00000000,0.00000000,0.00123364,0.00000000,0.00000000,0.00000000,0.00000000,0.00000000,0.00000000,0.00000000,0.00000000,0.00000000,0.00000000,0.00000000,0.00334140,0.02672725,0.00000000,0.00000000,0.00000000,0.00000000,0.00000000,0.00000000,0.00000000,0.00000000,0.00000000,0.00000000,0.00000000,0.00000000,0.00000000,0.00000000,0.00000000,0.00000000,0.00000000,0.00000000,0.00000000,0.00000000,1.13721728,0.00000000,0.00000000,0.00000000,0.00000000,0.00000000,0.00000000,0.00000000,0.00000000,0.00000000,0.01458731,0.00000000,0.00000000,0.00000000,0.00585307,0.00803755,0.00000000,0.00000000,0.00000000,0.00000000,0.00000000,0.00000000,0.00000000,0.00880987,0.00000000,0.00000000,0.00000000,0.00000000,0.00068342,0.00000000,0.76178675,0.00333151,0.00000000,0.00000000,0.00000000,0.00000000,0.00000000,0.00000000,0.00000000,0.00000000,0.00000000,0.00330347,0.00000000,0.00000000,0.00000000,0.00000000,0.00000000,0.00000000,0.00000000,0.00000000,0.00000000,0.00000000,0.00000000,0.00000000,0.00000000,0.00206459,0.00000000,0.00000000,0.00000000,0.00000000,0.00000000,0.00000000,0.00000000,0.00000000,0.00000000,0.00000000,0.00000000,0.00000000,0.00000000,0.00000000,0.00000000,0.00000000,0.00000000,0.00838089,0.00000000,0.05766969,0.00000000,0.00000000,0.00000000,0.00000000,0.00000000,0.00000000,0.00000000,0.00000000,0.00000000,0.00000000,0.00000000,0.00000000,0.00000000,0.00000000,0.00000000,0.02115697,0.00000000,0.00000000,0.00000000,0.00000000,0.00000000,0.00000000,0.00000000,0.00000000,0.00000000,0.00000000,0.00149533,0.00406122,0.00000000,0.00000000,0.00000000,0.00000000,0.00000000,0.00000000,0.00000000,0.00000000,0.00000000,0.00000000,0.01529400,0.00000000,0.00000000,0.00000000,0.00000000,0.00000000,0.00000000,0.00000000,0.00000000,0.00000000,0.00000000,0.00000000,0.02026203,0.00000000,0.00000000,0.00000000,0.00000000,0.00000000,0.00000000,0.00000000,0.00000000,0.00000000,0.00000000,0.00000000,0.00000000,0.01360698,0.00000000,0.00000000,0.00000000,0.00000000,0.19473977,0.00000000,0.00000000,0.00000000,0.00000000,0.43561765,0.00909778,0.00000000,0.00000000,0.00000000,0.00000000,0.95478544,0.00000000,0.00000000,0.00239414,0.00000000,0.00000000,0.00000000,0.00000000,0.00000000,0.00000000,0.00000000,0.00000000,0.00000000,0.00000000,0.00000000,0.00000000,0.03623707,0.00000000,0.00000000,0.00000000,0.00000000,0.00777007,0.00000000,0.00000000,0.03800365,0.00000000,0.00000000,0.00000000,0.00000000,0.00000000,0.00000000,0.00000000,0.00398594,0.00000000,0.00000000,0.00000000,0.00000000,0.00000000,0.00000000,0.00000000,0.05909655,0.00000000,0.00000000,0.00000000,0.00000000,0.00000000,0.00462382,0.00000000,0.00000000,0.00000000,0.00000000,0.00000000,0.00000000,0.00000000,0.00000000,0.00000000,0.00000000,0.00000000,0.00000000,0.00000000,0.00000000,0.00085568,0.00117749,1.50653265,0.00000000,0.00000000,0.00000000,0.00000000,0.00000000
0.00000000,0.00000000,0.00227076,0.00730747,0.00000000,0.00000000,0.00000000,0.00000000,0.00000000,0.01001365,0.00000000,0.00000000,0.00000000,0.00000000,0.00000000,0.00000000,0.00000000,0.00000000,0.00000000,0.01737187,0.02627088,0.00000000,0.00000000,0.00509923,0.00000000,0.00000000,0.00000000,0.00000000,0.00000000,0.00000000,0.00000000,0.00000000,0.00000000,0.00000000,0.00000000,0.00000000,0.00000000,0.00000000,0.00000000,0.00000000,0.00000000,0.00000000,0.00000000,0.00000000,0.00757198,0.00000000,0.00616433,0.00537575,0.00000000,0.00000000,0.00000000,0.00000000,0.00000000,0.00000000,0.00000000,0.00602395,0.00000000,0.00000000,0.00201143,0.06317943,0.00888665,0.00000000,0.00000000,0.00000000,0.00000000,0.00369613,0.00000000,0.00000000,0.00000000,0.00000000,0.00000000,0.00000000,0.00000000,0.00000000,0.10186977,0.00000000,0.00000000,0.00900335,0.00525658,0.00000000,0.00000000,0.00494239,0.00000000,0.00000000,0.03065384,0.00000000,0.00000000,0.00000000,0.00000000,0.00000000,0.00000000,0.00000000,0.00000000,0.00000000,0.00000000,0.00000000,0.00000000,0.00506680,0.00000000,0.00000000,0.01273868,0.00000000,0.00000000,0.00105123,0.00000000,0.00000000,0.00000000,0.00000000,0.00150697,0.00251404,0.00000000,0.00000000,0.00000000,0.00000000,0.00000000,0.00000000,0.00000000,0.00000000,0.00000000,0.00000000,0.00000000,0.00000000,0.00000000,0.00000000,0.00000000,0.00724423,0.00000000,0.00679898,0.00000000,0.00000000,0.00000000,0.00000000,0.00000000,0.00000000,0.00000000,0.00000000,0.00000000,0.00000000,0.00000000,0.00000000,0.00000000,0.00000000,0.00000000,0.00000000,0.00000000,0.00000000,0.00000000,0.00000000,0.00000000,0.00000000,0.00000000,0.00000000,0.00000000,0.00000000,0.00246264,0.00000000,0.00000000,0.00000000,0.00000000,0.00000000,0.00000000,0.00000000,0.00000000,0.00000000,0.00000000,0.00000000,0.00000000,0.00000000,0.00000000,0.00000000,0.00000000,0.00000000,0.00000000,0.00000000,0.00000000,0.00000000,0.00000000,0.00000000,0.00000000,0.00000000,0.00000000,0.00000000,0.00000000,0.00000000,0.00000000,0.05615015,0.00000000,0.00000000,0.00000000,0.00000000,0.00000000,0.00000000,0.00000000,0.00000000,0.00000000,0.00000000,0.00000000,0.00000000,0.00000000,0.00000000,0.00000000,0.00000000,0.00000000,0.00000000,0.00000000,0.00000000,0.00000000,0.00000000,0.00000000,0.00000000,0.00000000,0.00000000,0.00000000,0.00000000,0.00125840,0.00000000,0.00000000,0.00000000,0.00000000,0.00000000,0.00000000,0.00000000,0.00000000,0.00000000,0.00000000,0.00000000,0.00716689,0.00000000,0.00000000,0.00000000,0.00000000,0.02729387,0.00000000,0.00000000,0.00000000,0.00000000,0.00000000,0.00000000,0.00000000,0.00000000,0.00000000,0.00000000,0.00000000,0.00000000,0.00000000,0.00000000,0.00000000,0.00000000,0.00000000,0.00000000,0.00393568,0.00000000,0.00000000,0.00000000,0.00000000,0.00000000,0.00000000,0.00000000,0.00000000,0.00000000,0.01006369,0.00000000,0.00000000,0.00000000,0.36857794,0.00000000,0.00000000,0.00000000,0.00000000,0.00000000,0.00000000,0.00000000,0.00000000,0.00000000,0.00000000,0.00000000,0.00000000,0.00000000,0.00048766,0.00000000,0.00000000,0.00000000,0.04399343,0.00355485,0.00000000,0.00000000,0.00000000,0.02914336,0.00000000,0.00000000,0.00000000,0.00454734,0.00000000,0.00000000,0.00000000,0.00000000,0.00000000,0.00000000,0.00000000,0.00000000,0.00000000,0.02632503,0.00000000,0.00000000,0.00000000,0.00000000,0.00000000,0.00000000,0.00000000,0.00000000,0.00000000,0.00000000,0.00874023,0.00000000,0.00000000,0.00000000,0.00000000,0.00000000,0.00973815,0.00683560,0.00000000,0.00000000,0.00000000,0.00000000,0.00000000,0.00137549,0.00000000,0.00000000,0.00000000,0.00208611,0.00000000,0.00000000,0.00000000,0.00000000,0.00000000,0.00000000,0.00000000,0.00000000,0.00000000,0.00000000,0.00000000,0.00000000,0.00000000,0.00000000,0.00000000,0.03200595,0.00000000,0.00344685,0.00000000,1.37970792,0.00000000,0.00000000,0.00000000,0.00000000,0.08248745,0.00000000,0.00000000,0.00000000,0.00000000,0.00102074,0.00000000,0.00000000,0.00000000,0.00000000,0.00000000,0.01481627,0.00000000,0.00000000,0.00000000,0.00000000,0.00000000,0.01226919,0.00000000,0.00000000,0.00000000,0.01443398,0.00000000,0.00000000,0.00727448,0.00000000,0.00000000,0.00547896,0.00000000,0.00000000,0.00000000,0.00000000,0.00000000,0.89737014,0.00000000,0.00000000,0.00000000,0.00000000,0.00000000,0.00000000,0.00000000,0.00000000,0.00000000,0.00000000,0.00000000,0.00000000,0.00000000,0.00000000,0.00000000,0.00000000,0.00000000,0.00000000,0.00000000,0.00000000,0.01703779,0.00000000,0.00000000,0.00000000,0.00000000,0.00000000,0.13451163,0.00000000,0.00000000,0.00000000,0.00549972,0.00000000,0.00000000,0.00000000,0.88948380,0.00000000,0.00000000,0.00091045,0.00000000,0.00000000,0.01936580,0.00000000,0.00000000,0.00000000,0.00000000,0.00000000,0.00000000,0.00000000,0.00000000,0.00000000,0.00000000,0.00000000,0.00000000,0.00000000,0.00000000,0.00426981,0.00000000,0.00000000,0.00000000,0.00000000,0.00000000,0.00000000,0.00000000,0.00000000,0.00000000,0.00000000,0.00000000,0.00000000,0.00000000,0.00000000,0.00000000,0.00000000,0.00000000,0.00000000,0.01965920,0.08332175,0.00000000,0.00000000,0.00000000,0.00000000,0.00000000,0.00000000,0.00000000,0.00000000,0.00000000,0.00000000,0.00000000,0.00000000,0.00000000,0.00000000,0.00000000,0.00000000,0.00000000,0.00000000,0.02381841,0.23144061,0.43021387,0.00000000,0.00000000,0.00471272,0.00000000,0.00000000,0.00221169,0.00000000,0.00000000,0.00000000,0.00000000,0.00000000,0.00000000,0.00000000,0.00000000,0.00119659,0.00000000,0.00572170,0.00000000,0.00000000,0.00000000,0.00000000,0.00000000,0.00000000,0.00000000,0.00000000,0.00000000,0.00000000,0.00000000,0.00000000,0.00000000,0.00000000,0.00000000,0.00000000,0.01588332,0.00000000,0.00000000,0.00000000,0.00000000,0.00000000,0.00000000,0.02124422,0.00000000,0.00000000,0.00000000,0.00000000,0.00000000,0.00000000,0.00000000,0.00000000,0.00000000,0.00000000,0.00000000,0.00000000,0.00000000,0.00000000,0.00000000,0.00000000,0.00000000,0.00000000,0.00000000,0.00615997,0.00000000,0.00000000,0.00000000,0.00000000,0.00000000,0.00000000,0.00000000,0.00000000,0.00000000,0.00000000,0.00000000,0.00000000,0.00000000,0.00000000,0.00000000,0.00000000,0.00000000,0.00000000,0.00000000,0.00000000,0.00264834,0.00000000,0.00000000,0.00000000,0.00000000,0.00000000,0.00000000,0.00000000,0.00000000,0.00000000,0.00000000,0.00000000,0.00000000,0.00000000,0.01409755,0.00000000,0.00000000,0.00000000,0.00000000,0.00000000,0.00358276,0.00000000,0.00000000,0.00075002,0.00000000,0.00558345,0.00000000,0.22079716,0.00000000,0.00000000,0.00000000,0.00000000,0.00000000,0.01682566,0.00000000,0.00000000,0.00000000,0.00000000,0.00000000,0.00000000,0.00000000,0.00557291,0.00000000,0.00440850,0.00000000,0.00000000,0.00000000,0.00000000,0.00000000,0.00000000,0.00000000,0.00000000,0.00000000,0.00000000,0.00000000,0.00000000,0.00000000,0.00000000,0.00000000,0.00000000,0.00000000,0.00000000,0.25471610,0.00000000,0.00000000,0.00000000,0.00000000,0.01930723,0.00000000,0.00214302,0.00000000,0.00000000,0.00000000,0.00000000,0.00000000,0.00000000,0.00000000,0.00000000,0.00000000,0.01491327,0.00000000,0.00000000,0.61547207,0.00000000,0.00000000,0.00000000,0.00000000,0.00000000,0.00000000,0.00946950,0.00000000,0.00000000,0.00000000,0.00000000,0.00000000,0.00581804,0.28917270,0.00000000,0.00000000,0.00000000,0.00000000,0.00000000,0.00000000,0.00000000,0.00000000,0.00000000,0.00000000,0.00000000,0.00000000,0.00000000,0.01339607,0.00000000,0.00000000,0.00000000,0.00000000,0.00000000,0.00000000,0.00000000,0.00000000,0.00000000,0.00000000,0.00000000,0.00000000,0.00000000,0.00000000,0.00000000,0.00000000,0.00000000,0.00439779,0.00000000,0.00000000,0.00000000,0.66178358,0.00000000,0.00000000,0.00000000,0.00000000,0.97203421,0.00161521,0.00000000,0.00000000,0.00000000,0.00328327,0.00000000,0.00000000,0.00211080,0.00000000,0.00000000,0.00000000,0.00000000,0.00000000,0.00000000,0.00000000,0.00000000,0.00000000,0.00000000,0.00000000,0.00000000,0.00000000,0.00000000,0.00000000,0.00000000,0.00000000,0.00000000,0.00000000,0.00000000,0.00000000,0.00000000,0.13018864,0.00060939,0.00000000,0.00000000,0.00000000,0.00000000,0.00000000,0.00261462,0.00210991,0.00000000,0.00000000,0.00000000,0.04201401,0.00000000,0.00000000,0.00000000,0.00639144,0.00000000,0.00000000,0.00000000,0.00000000,0.00000000,0.00000000,0.00000000,0.00000000,0.00070246,0.00000000,0.00000000,0.00000000,0.75538611,0.00892252,0.00000000,0.00000000,0.00000000,0.00000000,0.00000000,0.00000000,0.00242100,0.00000000,0.00000000,0.00282393,0.00000000,0.00000000,0.00000000,0.00000000,0.00000000,0.00000000,0.00579444,0.00000000,0.00000000,0.00000000,0.00000000,0.00000000,0.00000000,0.00000000,0.05666741,0.00000000,0.00000000,0.00000000,0.00350000,0.00000000,0.00461954,0.00000000,0.00000000,0.00000000,0.00000000
0.00000000,0.00000000,0.00175153,0.00000000,0.00280282,0.00000000,0.00000000,0.00000000,0.00000000,0.00202955,0.00000000,0.00000000,0.00000000,0.02345559,0.00000000,0.00000000,0.00000000,0.00000000,0.01158500,0.00000000,0.00000000,0.00000000,0.00000000,0.02896889,0.00000000,0.02744526,0.00000000,0.00556354,0.00642463,0.00000000,0.00000000,0.00000000,0.00000000,0.18635728,0.00000000,0.00000000,0.00000000,0.08744497,0.00000000,0.00000000,0.00000000,0.00000000,0.00000000,0.00000000,0.00000000,0.00000000,0.01970832,0.00000000,0.00000000,0.00000000,0.01277414,0.00000000,0.00000000,0.00940553,0.00000000,0.00000000,0.00000000,0.00000000,0.00000000,0.00000000,0.00000000,0.00000000,0.00000000,0.00000000,0.00000000,0.00000000,0.00000000,0.00000000,0.00197001,0.00000000,0.00000000,0.00000000,0.00000000,0.00000000,0.00000000,0.00000000,0.00000000,0.00000000,0.00000000,0.00000000,0.00000000,0.00000000,0.00000000,0.00431168,0.00000000,0.13804823,0.00000000,0.00000000,0.01552655,0.00000000,0.00000000,0.00000000,0.00000000,0.00000000,0.00000000,0.00000000,0.00000000,0.00000000,0.00000000,0.00000000,0.00000000,0.00000000,0.19275752,0.00000000,0.00000000,0.00000000,0.00000000,0.00000000,0.00000000,0.00000000,0.00000000,0.00555155,0.00000000,0.00253013,0.00000000,0.00000000,0.00000000,0.00472134,0.00000000,0.19939538,0.00000000,0.00000000,0.00000000,0.00000000,0.00000000,0.00000000,0.00000000,0.00000000,0.00000000,0.00000000,0.00000000,0.00000000,0.00000000,0.00000000,0.00000000,0.00000000,0.05348541,0.00000000,0.01107791,0.00000000,0.00000000,0.00000000,0.00000000,0.00000000,0.00000000,0.00000000,0.00000000,0.00000000,0.00000000,0.00000000,0.00000000,0.01921199,0.00000000,0.00000000,0.00000000,0.00000000,0.00000000,0.00000000,0.00000000,0.00460178,0.00000000,0.00292324,0.00000000,0.00000000,0.01678043,0.00484933,0.00000000,0.00000000,0.00000000,0.00000000,0.00000000,0.00000000,0.00000000,0.00000000,0.00000000,0.00000000,0.00000000,0.00000000,0.00000000,0.00000000,0.04602838,0.00000000,0.00000000,0.00000000,0.00000000,0.00000000,0.00000000,0.00355064,0.00000000,0.00000000,0.00000000,0.00000000,0.00000000,0.00000000,0.00000000,0.00000000,0.00000000,0.03426949,0.00000000,0.00000000,0.00735240,0.00000000,0.06564350,0.00153564,0.00000000,0.00000000,0.00856147,0.00000000,0.00000000,0.00245443,0.00000000,0.00000000,0.00000000,0.00000000,0.00000000,0.00000000,0.00000000,0.00000000,0.00000000,0.00000000,0.00000000,0.00000000,0.00000000,0.00000000,0.00000000,0.00000000,0.00000000,0.00000000,0.00000000,0.00000000,0.00000000,0.00000000,0.00000000,0.00000000,0.00000000,0.00000000,0.00133624,0.00000000,0.00000000,0.00000000,0.00000000,0.00000000,0.00000000,0.00000000,0.00221704,0.07256038,0.00000000,0.00000000,0.00000000,0.10494184,0.00000000,0.00000000,0.00000000,0.00230120,0.00000000,0.00000000,0.00000000,0.03171196,0.00000000,0.00000000,0.00000000,0.02087511,0.00000000,0.00000000,0.00000000,0.00000000,0.00000000,0.00000000,0.00000000,0.00206662,0.00000000,0.00000000,0.00000000,0.00000000,0.00000000,0.00000000,0.00000000,0.00000000,0.00000000,0.00000000,0.00000000,0.00000000,0.00000000,0.00000000,0.00000000,0.00000000,0.00000000,0.00000000,0.00000000,0.00000000,0.00000000,0.00000000,0.00000000,0.00000000,0.00000000,0.00000000,0.00000000,0.00000000,0.00000000,0.00000000,0.00214016,0.00000000,0.00000000,0.00000000,0.00000000,0.00000000,0.00000000,0.00000000,0.00000000,0.00000000,0.00000000,0.00000000,0.00000000,0.00000000,0.00262593,0.00000000,0.00000000,0.00000000,0.00000000,0.00391292,0.00000000,0.00000000,0.20738047,0.00000000,0.01753179,0.00000000,0.00000000,0.00000000,0.00000000,0.00000000,0.00000000,0.00000000,0.00000000,0.00000000,0.00000000,0.00000000,0.00000000,0.00000000,0.03394403,0.00000000,0.00000000,0.00544095,0.00000000,0.00000000,0.00000000,0.00000000,0.00000000,0.00000000,0.00000000,0.00000000,0.00000000,0.00000000,0.00000000,0.00000000,0.00000000,0.00000000,0.00000000,0.00000000,0.00000000,0.00000000,0.00000000,0.00000000,0.00939398,0.12252959,0.00000000,0.00000000,0.00000000,0.00000000,0.00000000,0.04308890,0.00000000,0.00000000,0.00000000,0.00000000,0.00000000,0.00000000,0.00000000,1.71103924,0.01354343,0.00000000,0.00000000,0.00000000,0.00000000,0.00000000,0.00000000,0.00000000,0.00711285,0.00000000,0.00781727,0.00000000,0.00000000,0.00000000,0.00000000,0.00000000,0.00000000,0.00574970,0.00000000,0.00000000,0.00000000,0.00000000,0.00000000,0.00000000,0.00000000,0.00000000,0.00000000,0.00000000,0.00000000,0.00000000,0.00000000,0.11048132,0.00000000,0.00000000,0.01201560,0.00000000,0.00000000,0.00000000,0.00000000,0.00000000,0.00000000,0.00000000,0.00000000,0.00000000,0.00000000,0.00000000,0.00000000,0.00000000,0.00000000,0.00000000,0.00000000,0.00000000,0.00000000,0.00000000,0.00000000,0.00000000,0.00000000,0.00000000,0.00000000,0.00000000,0.00000000,0.00000000,0.00000000,0.00000000,0.00000000,0.00000000,0.00000000,0.00000000,0.00000000,0.00000000,0.00000000,0.00000000,0.00000000,0.00000000,0.00000000,0.00000000,0.00000000,0.00000000,0.00000000,0.00754902,0.00000000,0.00000000,0.00000000,0.00000000,0.00000000,0.00000000,0.06453145,0.00000000,0.00000000,0.00000000,0.00000000,0.00000000,0.00000000,0.00000000,0.00586768,0.00000000,0.00000000,0.00000000,0.00000000,0.00000000,0.00000000,0.00000000,0.00000000,0.46436251,0.00000000,0.00000000,0.00000000,0.00000000,0.00000000,0.00000000,0.00362842,0.10485142,0.00000000,0.01092601,0.00000000,0.00000000,0.00000000,0.00000000,0.00000000,0.00000000,0.00000000,0.00000000,0.00000000,0.00000000,0.00000000,0.00369842,0.00000000,0.00000000,0.00405945,0.00507681,0.00000000,0.00000000,0.00000000,0.00000000,0.00000000,0.00000000,0.00000000,0.00000000,0.00000000,0.06199788,0.00000000,0.00000000,0.00163592,0.00000000,0.00000000,0.00000000,0.00000000,0.00621549,0.00000000,0.00000000,0.00000000,0.00000000,0.00292921,0.00000000,0.00000000,0.00000000,0.00000000,0.01504907,0.02127986,0.00000000,0.00000000,0.00000000,0.00000000,0.00000000,0.00000000,0.00000000,0.00000000,0.00000000,0.00000000,0.00562425,0.00000000,0.00000000,0.00000000,0.00718623,0.00000000,0.00000000,0.00000000,0.00000000,0.00000000,0.00000000,0.00000000,0.00000000,0.00069001,0.00000000,0.06629661,0.00000000,0.00000000,0.00000000,0.06403258,0.04738381,0.05230725,0.00000000,0.00000000,0.00000000,0.00000000,0.00000000,0.00000000,0.00000000,0.00000000,0.00000000,0.00000000,0.00000000,0.00000000,0.00000000,0.00000000,0.00000000,0.79215214,0.00000000,0.00000000,0.00000000,0.00000000,0.00000000,0.00000000,0.00000000,0.00000000,0.00000000,0.00000000,0.00000000,0.00000000,0.00000000,0.00000000,0.00000000,0.01020541,0.00000000,0.00000000,0.00000000,0.00000000,0.00000000,0.00000000,0.00000000,0.00000000,0.00292667,0.00000000,0.00000000,0.00133767,0.00425458,0.00000000,0.00000000,0.00000000,0.00000000,0.00000000,0.00000000,0.00000000,0.00000000,0.00000000,0.00000000,0.00000000,0.00000000,0.00650938,0.00206474,0.00000000,0.00125352,0.00193519,0.00000000,0.00000000,0.00402978,0.00000000,0.00000000,0.00000000,0.00000000,0.00000000,0.00000000,0.00000000,0.00108043,0.00235686,0.00000000,0.00000000,0.00000000,0.00000000,0.00000000,0.00000000,0.00000000,0.00000000,0.00000000,0.00000000,0.00000000,0.00000000,0.00000000,0.00803204,0.17150377,0.00000000,0.00000000,0.00000000,0.00000000,0.00000000,0.00000000,0.00093848,0.00000000,0.00000000,0.00000000,0.00000000,0.00000000,0.00000000,0.00000000,0.00000000,0.00000000,0.00098414,0.00000000,0.00000000,0.00000000,0.00000000,0.00000000,0.00000000,0.00000000,0.00000000,0.00000000,0.00000000,0.00000000,0.00000000,0.00000000,0.00000000,0.00939583,0.00000000,0.00000000,0.00000000,0.00000000,0.00000000,0.00000000,0.00000000,0.00000000,0.00000000,0.00000000,0.00000000,0.00000000,0.00000000,0.00000000,0.00000000,0.00000000,0.00000000,0.00000000,0.23219468,0.00000000,0.00000000,0.00000000,0.00000000,0.00000000,0.02290980,0.00000000,0.00000000,0.00000000,0.00000000,0.02708134,0.03618845,0.00000000,0.00000000,0.00000000,0.00000000,0.00000000,0.00000000,0.00000000,0.00000000,0.00000000,0.00000000,0.00000000,0.00000000,0.00000000,0.00000000,0.00000000,0.00000000,0.00000000,0.00000000,0.00000000,0.00000000,0.00000000,0.00000000,0.00000000,0.00000000,0.00000000,0.00387920,0.00000000,0.00000000,0.00000000,0.00000000,0.13691955,0.00000000,0.00000000,0.00000000,0.00000000,0.00000000,0.00000000,0.00000000,0.00000000,0.00000000,0.00000000,0.00000000,0.00000000,0.00000000,0.00000000,0.00000000,0.02670211,0.00000000,0.00000000,0.00000000,0.00000000,0.00000000,0.00000000,0.00232213,0.00000000,0.00000000,0.00000000,0.00000000,0.00000000,0.00000000,0.00000000,0.00000000,0.00603635,0.00000000,0.00000000,0.00000000,0.00353951,0.00000000,0.00000000,0.00000000,0.00000000,0.00000000,0.00000000,0.00000000,0.03393302,0.00000000,0.00000000,0.00000000,0.00000000
0.00000000,0.00000000,0.00000000,0.00000000,0.00000000,0.00000000,0.14132705,0.00000000,0.00000000,0.00000000,0.00000000,0.00000000,0.00000000,0.00000000,0.00000000,0.00000000,0.00000000,0.00000000,0.00000000,0.00000000,0.00000000,0.00000000,0.00000000,0.00000000,0.00000000,0.00000000,0.00000000,0.00000000,0.00000000,0.00000000,0.00252029,0.00000000,0.00000000,0.00000000,0.00000000,0.00000000,0.00000000,0.00000000,0.00000000,0.00000000,0.00000000,0.00000000,0.00000000,0.00000000,0.00000000,0.00000000,0.00000000,0.00000000,0.00000000,0.00000000,0.00000000,0.00000000,0.01519604,0.04193829,0.01567291,0.00000000,0.00000000,0.00000000,0.00000000,0.00000000,0.00000000,0.00000000,0.00000000,0.00000000,0.00000000,0.00000000,0.00000000,0.00252387,0.00000000,0.00000000,0.00000000,0.05610473,0.00000000,0.00000000,0.00000000,0.00000000,0.02824425,0.00000000,0.00000000,0.00000000,0.00000000,0.00000000,0.00000000,0.00000000,0.00000000,0.00000000,0.00000000,0.00000000,0.00000000,0.00000000,0.00000000,0.00000000,0.01342236,0.00000000,0.00203721,0.00000000,0.00000000,0.00000000,0.00000000,0.00000000,0.00000000,0.00000000,0.00473314,0.00000000,0.00000000,0.00000000,0.00000000,0.00000000,0.00400233,0.00085401,0.00000000,0.00177026,0.00000000,0.00000000,0.00000000,0.05827811,0.00000000,0.00000000,0.80911924,0.00000000,0.03875154,0.00000000,0.00000000,0.00000000,0.03418956,0.00000000,0.00000000,0.00000000,0.00223493,0.00000000,0.00278921,0.00000000,0.00000000,0.00000000,0.00000000,0.00212084,0.00000000,0.00000000,0.00000000,0.00000000,0.00000000,0.00094922,0.00000000,0.00000000,0.00000000,0.00000000,0.00000000,0.00000000,0.00000000,0.00484719,0.00000000,0.00000000,0.00000000,0.00000000,0.00000000,0.00000000,0.00000000,0.00000000,0.00000000,0.01358948,0.01349050,0.03593565,0.00000000,0.00000000,0.00000000,0.00000000,0.00000000,0.00000000,0.00000000,0.00000000,0.00000000,0.00000000,0.00000000,0.00000000,0.00000000,0.00000000,0.00000000,0.01305473,0.00000000,0.00000000,0.00000000,0.03363390,0.00000000,0.00000000,0.00000000,0.00000000,0.00540177,0.00000000,0.00000000,0.00000000,0.00000000,0.00000000,0.00000000,0.00000000,0.00000000,0.00000000,0.00000000,0.00000000,0.00000000,0.00000000,0.00000000,0.98781735,0.00000000,0.00000000,0.00000000,0.00073251,0.00672133,0.00000000,0.00000000,0.00000000,0.00000000,0.00000000,0.00000000,0.00000000,0.00000000,0.00000000,0.00000000,0.00000000,0.01047303,0.01945235,0.00000000,0.00780783,0.00000000,0.24282077,0.00000000,0.00000000,0.00000000,0.00000000,0.00000000,0.00000000,0.00000000,0.00000000,0.00000000,0.00000000,0.00000000,0.00000000,0.00608865,0.00000000,0.00000000,0.00000000,0.00000000,0.01366506,0.00000000,0.00000000,0.06746818,0.00000000,0.12816156,0.00000000,0.00000000,0.00000000,0.00000000,0.00000000,0.00000000,0.00000000,0.00000000,0.00000000,0.00000000,0.02393530,0.00000000,0.00000000,0.00000000,0.00000000,0.00000000,0.00000000,0.00000000,0.00000000,0.00000000,0.00000000,0.00000000,0.00000000,0.00000000,0.00000000,0.00000000,0.00000000,0.00000000,0.00000000,0.00737665,0.00000000,0.00000000,0.00000000,0.00000000,0.00000000,0.00000000,0.00000000,0.00214945,0.00000000,0.00000000,0.00000000,0.00000000,0.00000000,0.00000000,0.00000000,0.00000000,0.10190806,0.00000000,0.00000000,0.00000000,0.00000000,0.00000000,0.00000000,0.00000000,0.00000000,0.00000000,0.00000000,0.00000000,0.00000000,0.00000000,2.58015601,0.00000000,0.00000000,0.00000000,0.00000000,0.00000000,0.00000000,0.00000000,0.00000000,0.00000000,0.00000000,0.00000000,0.00000000,0.00000000,0.00505420,0.00313854,0.00000000,0.00000000,0.00000000,0.00000000,0.00000000,0.00000000,0.00000000,0.00000000,0.00000000,0.00000000,0.00000000,0.00000000,0.00000000,0.00000000,0.00000000,0.00000000,0.00000000,0.00000000,0.00000000,0.00000000,0.02046380,0.00000000,0.00078745,0.00000000,0.00163142,0.03753479,0.00000000,0.00000000,0.00000000,0.00000000,0.00000000,0.00000000,0.00000000,0.00000000,0.01245314,0.00000000,0.00269331,0.00139669,0.00000000,0.00000000,0.00000000,0.00000000,0.00000000,0.00000000,0.00000000,0.00000000,0.00000000,0.00000000,0.00000000,0.00000000,0.00000000,0.00000000,0.00000000,0.00000000,0.00000000,0.00000000,0.00000000,0.00000000,0.00000000,0.00000000,0.00000000,0.03416780,0.00364673,0.00000000,0.00000000,0.00000000,0.00000000,0.00000000,0.00000000,0.00000000,0.00000000,0.00000000,0.00000000,0.00000000,0.00000000,0.00000000,0.00000000,0.00141306,0.00000000,0.00000000,0.00000000,0.00000000,0.00000000,0.00000000,0.00000000,0.00000000,0.00000000,0.00000000,0.00000000,0.00000000,0.00000000,0.00000000,0.00000000,0.00000000,0.00000000,0.00000000,0.00000000,0.00000000,0.00000000,0.00000000,0.00000000,0.00000000,0.00000000,0.00000000,0.00000000,0.00739896,0.00000000,0.00000000,0.00000000,0.00000000,0.00730452,0.00000000,0.00000000,0.00744571,0.00000000,0.00000000,0.00000000,2.53424205,0.01618631,0.00000000,0.00000000,0.00000000,0.00000000,0.00000000,0.00000000,0.00000000,0.00000000,0.00000000,0.00000000,0.00000000,0.00000000,0.00000000,0.01018012,0.00000000,0.00000000,0.00000000,0.00000000,0.00000000,0.00000000,0.00350600,0.00000000,0.00000000,0.00000000,0.00000000,0.00000000,0.00000000,0.00000000,0.00000000,0.00000000,0.00000000,0.00000000,0.00000000,0.00000000,0.00000000,0.00000000,0.00000000,0.00000000,0.00000000,0.00000000,0.00000000,0.00000000,0.00000000,0.00000000,0.00000000,0.00000000,0.00000000,0.00000000,0.00498746,0.00074679,0.00000000,0.00000000,0.00000000,0.00000000,0.00000000,0.00000000,0.00000000,0.00000000,0.00000000,0.00160466,0.05650229,0.00000000,0.00000000,0.00000000,0.00000000,0.00000000,0.00000000,0.00000000,0.00000000,0.00000000,0.00332659,0.00000000,0.00000000,0.00000000,0.00000000,0.00000000,0.00000000,0.00000000,0.00000000,0.00000000,0.00000000,0.00000000,0.00000000,0.00000000,0.00000000,0.00501505,0.00000000,0.00000000,0.01107347,0.00000000,0.02159435,0.00000000,0.01086327,0.00000000,0.00000000,0.00000000,0.17922757,0.00000000,0.00000000,0.00000000,0.00000000,0.00000000,0.00000000,0.00000000,0.08740899,0.00000000,0.00000000,0.00000000,0.03444977,0.00801476,0.00000000,0.00000000,0.00000000,0.00000000,0.00000000,0.00000000,0.00000000,0.00000000,0.00000000,0.00000000,0.00000000,0.00000000,0.00000000,0.00000000,0.00000000,0.00000000,0.00000000,0.00492591,0.00000000,0.00000000,0.00000000,0.00000000,0.00000000,0.00000000,0.00000000,0.00000000,0.00000000,0.00000000,0.00000000,0.18169630,0.00000000,0.00000000,0.00000000,0.00000000,0.00000000,0.00000000,0.00000000,0.00000000,0.00000000,0.02358160,0.00000000,0.00000000,0.00000000,0.00000000,0.00000000,0.00387328,0.00000000,0.00000000,0.00000000,0.00000000,0.00000000,0.00000000,0.00000000,0.00000000,0.00000000,0.00323786,0.00000000,0.00425468,0.00000000,0.00000000,0.00000000,0.00000000,0.00069474,0.00267418,0.00000000,0.00000000,0.00000000,0.00000000,0.00000000,0.00000000,0.00000000,0.00000000,0.00000000,0.00000000,0.00000000,0.00000000,0.00000000,0.00000000,0.00000000,0.00000000,0.16067566,0.00000000,0.00183989,0.00000000,0.01181786,0.00000000,0.00000000,0.00000000,0.00000000,0.00000000,0.00000000,0.00000000,0.00000000,0.00000000,0.00000000,1.07377912,0.00000000,0.00000000,0.00000000,0.00000000,0.00000000,0.00000000,0.00000000,0.00000000,0.00000000,0.00000000,0.00000000,0.00000000,0.00000000,0.00000000,0.00283132,0.00000000,0.00000000,0.00000000,0.00000000,0.00000000,0.00000000,0.00605909,0.00000000,0.00000000,0.00000000,0.00000000,0.00000000,0.00000000,0.00000000,0.00000000,0.00000000,0.00000000,0.00276320,0.00000000,0.00000000,0.04316793,0.00000000,0.00663418,0.00000000,9.50701917,0.00000000,0.08615625,0.00000000,0.00594363,0.00000000,0.07848651,0.00000000,0.00000000,0.00000000,0.00574160,0.00000000,0.00000000,0.00000000,0.00000000,0.00000000,0.08206763,0.00000000,0.00000000,0.00000000,0.00000000,0.00000000,0.00000000,0.00000000,0.00000000,0.00071266,0.00000000,0.00000000,0.00000000,0.00000000,0.00000000,0.00000000,0.00000000,0.00000000,1.78065859,0.00000000,0.00000000,0.01882922,0.00000000,0.00000000,0.00000000,0.00862065,0.00000000,0.00000000,0.00000000,0.00000000,0.00000000,0.00000000,0.00000000,0.00000000,0.00000000,0.00000000,0.00658302,0.00000000,0.01782063,0.00000000,0.00000000,0.00000000,0.00000000,0.00000000,0.00000000,0.00000000,0.00000000,0.00000000,0.00000000,0.00000000,0.00000000,0.00000000,0.00000000,0.00000000,0.00000000,0.00000000,0.00000000,0.00000000,0.00000000,0.00000000,0.00000000,0.00000000,0.00000000,0.00000000,0.06592461,0.00000000,0.00000000,0.00180603,0.00000000,0.00000000,0.00000000,0.07884064,0.00000000,0.00381503,0.00000000,0.00000000,0.00124890,0.00000000,0.00000000,0.32423559,0.00000000,0.00000000,0.00000000,0.00000000,0.00000000,0.00000000,0.00000000,0.00000000,0.01087659,0.03136409,0.00000000,0.00000000,0.00000000,0.00000000,0.00000000,0.00000000,0.00000000
0.04000830,0.00000000,0.00000000,0.00000000,0.00000000,0.00000000,0.00000000,0.00000000,0.00000000,0.00000000,0.00000000,0.00000000,0.02661966,0.00000000,0.00000000,0.00000000,0.00000000,0.00000000,0.00000000,0.00000000,0.00000000,0.00000000,0.00000000,0.00000000,0.00000000,0.00000000,0.00000000,0.00000000,0.00000000,0.00000000,0.00000000,0.00000000,0.00000000,0.00000000,0.00000000,0.00000000,0.00610438,0.00000000,0.00601607,0.00000000,0.00000000,0.00000000,0.00000000,0.00000000,0.00000000,0.00000000,0.00000000,0.00000000,0.00000000,0.00000000,0.00000000,0.00000000,0.03722926,0.00000000,0.00000000,0.00000000,0.00073309,0.00543037,0.00000000,0.00000000,0.00000000,0.00000000,0.00000000,0.00000000,0.00000000,0.00000000,0.00177868,0.00000000,0.00000000,0.00000000,0.00000000,0.00000000,0.00000000,0.00000000,0.00000000,0.00000000,0.00000000,0.00000000,0.00000000,0.01383316,0.00000000,0.00000000,0.00000000,0.00000000,0.00000000,0.00000000,0.00000000,0.00839972,0.00000000,0.00833356,0.00000000,0.00000000,0.00000000,0.00384450,0.00000000,0.00000000,0.00000000,0.00000000,0.00000000,0.00207941,0.00000000,0.00000000,0.00000000,0.00000000,0.03585864,0.00000000,0.00000000,0.00000000,0.00000000,0.00000000,0.00000000,0.00000000,0.00000000,0.00000000,0.00000000,0.00000000,0.00000000,0.00000000,0.00000000,0.00000000,0.00158205,0.00000000,0.00000000,0.01458112,0.00000000,0.00000000,0.00000000,0.00000000,0.00000000,0.00000000,0.00000000,0.00000000,0.00000000,0.01548958,0.00000000,0.00000000,0.00000000,0.00000000,0.00000000,0.00000000,0.00000000,0.00611697,3.93576935,0.16448511,0.00000000,0.00000000,0.00000000,0.00000000,0.03806315,0.04157786,0.00615450,0.00000000,0.40166958,0.00000000,0.01810790,0.00000000,0.00000000,0.00000000,0.00000000,0.00000000,0.00000000,0.00000000,0.00000000,0.00000000,0.00000000,0.00225526,0.00000000,0.00000000,0.00553118,0.00000000,0.00000000,0.14112249,0.00000000,0.00000000,0.00000000,0.00000000,0.00000000,0.01458180,0.00000000,0.00000000,0.00000000,0.00000000,0.00000000,0.00000000,0.00000000,0.56121118,0.00000000,0.00000000,0.00000000,0.00000000,0.00000000,0.00000000,0.00000000,0.00000000,0.00000000,0.00308577,0.00000000,0.00000000,0.00000000,0.00000000,0.00000000,0.00000000,0.04566441,0.00000000,0.00000000,0.00000000,0.00000000,0.00000000,0.00000000,0.00000000,0.00000000,0.00000000,0.00323854,0.00000000,0.00090041,0.00000000,0.00000000,0.00000000,0.00000000,0.00000000,0.03021550,0.18618447,0.00000000,0.00000000,0.00476617,0.01315423,0.00000000,0.00000000,0.00000000,0.00000000,0.00000000,0.00000000,0.00000000,0.00000000,0.01984425,0.00000000,0.00000000,0.00000000,0.00000000,0.00000000,0.00000000,0.00141376,0.00000000,0.00000000,0.00000000,0.00277460,0.00000000,0.00000000,0.00000000,0.00000000,0.00000000,0.00115073,0.00000000,0.00000000,0.00000000,0.00775978,0.00628535,0.00000000,0.00000000,0.00000000,0.00000000,0.00000000,0.00134894,0.00000000,0.09186828,0.00000000,0.00000000,0.00430621,0.00000000,0.00000000,0.00000000,0.00000000,0.00000000,0.08384926,0.00000000,0.00603836,0.00000000,0.00000000,0.00000000,0.00000000,0.00000000,0.00000000,0.00000000,0.00000000,0.00000000,0.00000000,0.00000000,0.00452059,0.00000000,0.00000000,0.05566030,0.01467574,0.00000000,0.00000000,0.00000000,0.00000000,0.00000000,0.00000000,0.00000000,0.00000000,0.00000000,0.00000000,0.02374177,0.00000000,0.00000000,0.00000000,0.00000000,0.00000000,0.00000000,0.00000000,0.00000000,0.00000000,0.00404073,0.00000000,0.00000000,0.00000000,0.00000000,0.00000000,0.00000000,0.00000000,0.00000000,0.00000000,0.00000000,0.00000000,0.00000000,0.00000000,0.00000000,0.00000000,0.00000000,0.00000000,0.00000000,0.00000000,0.00000000,0.00000000,0.00000000,0.00000000,0.00796774,0.00000000,0.00000000,0.00000000,0.00000000,0.00000000,0.00224885,0.00000000,0.00000000,0.00000000,0.00000000,0.00000000,0.00000000,0.00000000,0.00000000,0.00000000,0.00000000,0.00000000,0.00000000,0.00000000,0.00000000,0.00000000,0.00000000,0.00000000,0.00000000,0.00226394,0.00000000,0.00000000,0.00000000,0.00000000,0.00000000,0.00000000,0.00000000,0.00000000,0.00000000,0.00133865,0.00000000,0.00000000,0.00000000,0.00000000,0.00000000,0.00000000,0.00000000,0.00000000,0.00000000,0.00000000,0.00000000,0.00000000,0.00000000,0.00000000,0.00000000,0.00000000,0.00000000,0.00000000,0.00000000,0.00000000,0.00000000,0.00000000,0.00000000,0.00000000,0.00000000,0.00000000,0.00000000,0.00000000,0.01361638,0.00000000,0.00000000,0.00000000,0.00000000,0.00000000,0.00000000,0.00000000,0.00000000,0.00659760,0.00000000,0.00000000,0.00185707,0.00000000,0.00000000,0.00000000,0.02022303,0.00000000,0.00000000,0.00000000,0.00000000,0.00000000,0.00000000,0.00000000,0.00000000,0.00000000,0.00000000,0.00252540,0.00000000,0.00000000,0.00000000,0.00000000,0.00000000,0.00000000,0.00000000,0.00000000,0.00000000,0.00000000,0.00000000,0.00000000,0.00000000,0.02950810,0.00000000,0.00000000,0.00000000,0.00000000,0.00000000,0.00000000,0.00000000,0.00000000,0.00000000,0.00742923,0.13388358,0.00387603,0.00521284,0.00000000,0.00000000,0.00000000,0.00000000,0.00000000,0.00000000,0.00000000,0.00000000,0.00000000,0.00000000,0.00000000,0.00000000,0.00000000,0.00650126,0.00000000,0.00000000,0.00000000,0.73801895,0.00000000,0.00000000,0.00000000,0.00000000,0.00929223,0.00000000,0.00080618,0.00000000,0.00000000,0.00000000,0.00000000,0.00000000,0.00000000,0.00000000,0.00000000,0.00000000,0.00000000,0.00000000,0.00000000,0.02392332,0.00000000,0.00000000,0.00000000,0.00119659,0.00000000,0.00000000,0.00000000,0.00000000,0.00508191,0.00000000,0.00000000,0.00000000,0.00000000,0.00000000,0.00000000,0.00000000,0.00000000,0.00000000,0.07849099,0.00000000,0.00000000,0.00000000,0.00091683,0.00000000,0.00000000,0.00000000,0.00095699,0.00000000,0.00000000,0.00000000,0.00000000,0.00000000,0.00000000,0.00000000,0.00000000,0.00000000,0.00000000,0.00000000,0.00000000,0.00000000,0.00000000,0.00000000,0.00000000,0.00000000,0.00000000,0.00000000,0.00000000,0.00000000,0.00000000,0.00000000,0.00000000,0.00000000,0.00000000,0.00000000,0.01267681,0.00000000,0.00000000,0.00000000,0.00000000,0.00000000,0.00000000,0.00000000,0.00000000,0.00000000,0.00000000,0.00000000,0.00000000,0.00000000,0.00000000,0.00000000,0.00000000,0.00000000,0.00000000,0.00000000,0.00000000,0.00000000,0.00000000,0.00000000,0.00000000,0.00000000,0.00000000,0.00000000,0.00000000,0.00000000,0.00000000,0.00000000,0.00000000,0.00000000,0.00000000,0.00000000,0.00000000,0.00000000,0.00000000,0.00000000,0.00557766,0.00000000,0.00000000,0.00000000,0.00000000,0.00000000,0.00000000,0.00000000,0.00000000,0.02543356,0.00000000,0.00000000,0.00000000,0.00000000,0.00000000,0.00095397,0.00000000,0.00000000,0.00256054,0.00111541,0.00000000,0.00000000,0.00000000,0.00000000,0.00000000,0.00000000,0.00000000,0.00000000,0.00000000,0.00000000,0.00000000,0.00000000,0.00000000,0.01945523,0.00000000,0.00000000,0.00000000,0.00000000,0.00000000,0.00000000,0.00000000,0.00000000,0.00000000,0.00236336,0.00000000,0.00483147,0.00000000,0.00000000,0.00000000,0.00000000,0.00000000,0.00000000,0.00000000,0.00000000,1.38347689,1.75780549,0.00000000,0.00000000,0.00000000,0.00000000,0.00000000,0.03307574,0.03862514,0.00000000,0.00000000,0.00000000,0.00000000,0.00000000,0.00000000,0.00000000,0.00000000,0.00000000,2.49834091,0.00000000,0.00000000,0.14287859,0.00000000,0.00000000,0.00000000,0.00000000,0.00000000,0.00000000,0.03820228,0.00000000,0.00000000,0.00000000,0.00000000,0.00000000,0.00000000,0.00000000,0.00767886,0.00000000,0.00000000,0.00000000,0.00000000,0.00000000,0.00000000,0.00000000,0.00000000,0.00000000,0.00000000,0.00000000,0.00000000,0.00000000,0.00000000,0.24163545,0.00000000,0.00000000,0.00000000,0.00000000,0.00000000,0.00000000,0.00000000,0.00000000,0.00000000,0.00000000,0.00195395,0.00000000,0.00000000,0.00000000,0.01253290,0.00000000,0.00860303,0.00188889,0.00000000,0.00233264,0.00000000,0.00000000,0.00000000,0.00000000,0.00000000,0.00000000,0.00000000,0.00000000,0.06102429,0.00000000,0.00475730,0.00000000,0.00000000,1.41675983,0.00084302,0.00000000,0.00000000,0.00000000,0.00000000,0.00000000,0.00000000,0.00000000,0.02248842,0.00000000,0.00000000,0.00000000,0.00000000,0.00000000,0.00000000,0.00000000,0.00000000,0.00000000,0.00000000,0.00000000,0.00000000,0.00000000,0.00000000,0.00000000,0.00000000,0.00000000,0.02969710,0.00000000,0.00000000,0.00000000,0.00294836,0.00000000,0.00000000,0.00409900,0.00000000,0.00000000,0.01250675,0.00000000,0.00000000,0.00000000,0.00000000,0.00000000,0.83709010,0.00000000,0.00000000,0.00000000,0.00000000,0.00000000,0.00120699,0.02833812,0.00000000,0.00000000,0.00000000,0.00000000,0.00000000,0.00000000,0.00000000,0.00000000,0.00000000,0.00000000,0.00000000,0.00000000,0.00000000,0.00000000,0.00000000,0.00000000,0.00000000,0.00000000,0.00755244,0.00000000,0.00000000,0.00000000,0.00000000
0.00000000,0.00000000,0.00000000,0.00000000,0.00000000,0.00000000,0.00000000,0.00000000,0.00000000,0.00000000,0.00000000,0.00000000,0.00000000,0.00000000,0.00000000,0.00000000,0.00000000,0.00000000,0.00000000,0.00000000,0.00000000,0.00000000,0.00000000,0.00000000,0.00000000,0.00000000,0.00628860,0.01972204,0.00000000,0.00000000,0.00000000,0.00000000,0.00000000,0.01240524,0.00000000,0.00000000,0.00000000,0.00000000,0.00000000,0.00000000,0.01412694,0.00000000,0.00000000,0.00000000,0.00000000,0.00000000,0.00000000,0.00000000,0.00000000,0.00000000,0.00000000,0.00000000,0.11683046,0.00000000,0.00000000,0.00000000,0.00000000,0.00000000,0.00000000,0.00000000,0.00000000,0.00000000,0.00000000,0.00000000,0.00000000,0.00000000,0.00000000,0.00000000,0.00000000,0.04625129,0.00000000,0.00000000,0.00000000,0.00000000,0.00000000,0.00414986,0.00000000,0.01413887,0.00000000,0.00000000,0.00981777,0.00000000,0.00000000,0.00000000,0.00000000,0.00000000,0.00000000,0.00000000,0.00000000,0.00000000,0.07712841,0.00258127,0.00000000,0.00000000,0.00000000,0.00000000,0.00000000,0.00000000,0.00000000,0.00000000,0.00000000,1.12532914,0.00000000,0.00592012,0.00000000,0.00000000,0.00000000,0.00000000,0.00000000,0.00000000,0.00000000,0.18345083,0.01864973,0.00303616,0.00000000,0.00000000,0.00000000,0.00000000,0.00000000,0.00997624,0.00000000,0.00000000,0.00000000,0.00000000,0.00000000,0.04355114,0.00000000,0.00000000,0.00000000,0.00000000,0.00000000,0.00000000,0.00000000,0.01917705,0.00000000,0.00000000,0.00000000,0.00000000,0.00000000,0.00000000,0.00000000,0.00000000,0.00000000,0.00000000,0.00000000,0.00000000,0.00000000,0.00000000,0.00000000,0.00000000,0.00000000,0.00000000,0.00000000,0.00000000,0.00000000,0.00000000,0.00000000,0.00000000,0.00870774,0.00176696,0.00000000,0.00000000,0.00000000,0.00000000,0.00000000,0.00000000,0.00000000,0.00000000,0.00000000,0.00000000,0.00000000,0.00000000,0.00000000,0.00000000,0.00000000,0.00000000,0.00603264,0.00000000,0.00000000,0.00000000,0.00000000,0.00000000,0.00000000,0.00197180,0.00000000,0.03017386,0.00000000,0.00000000,0.00404710,0.00000000,0.00000000,0.00000000,0.00521162,0.00000000,0.00851882,0.00224324,0.00000000,0.00802010,0.00000000,0.00069456,0.00000000,0.00000000,0.00000000,0.00000000,0.00000000,0.00000000,0.00000000,0.00000000,0.00000000,0.00000000,0.00000000,0.00000000,0.00000000,0.00000000,0.00000000,0.00000000,0.00323674,0.00000000,0.08141867,0.00000000,0.00697843,0.00000000,0.00000000,0.00000000,0.03833953,0.00000000,0.00000000,0.00000000,0.00935393,0.00000000,0.00000000,0.19949062,0.00000000,0.00000000,0.00558073,0.00000000,0.00000000,0.00000000,0.00000000,0.00000000,0.00089905,0.00000000,0.00000000,0.00000000,0.00000000,0.00000000,0.00000000,0.00000000,0.00000000,0.00000000,0.00621269,0.00000000,0.00000000,0.00000000,0.00000000,0.00000000,0.00000000,0.00000000,0.00000000,0.00000000,0.00000000,0.00000000,0.00000000,0.00000000,0.00000000,0.00000000,0.00000000,0.00000000,0.00000000,0.00000000,0.00000000,0.00000000,0.00000000,0.00000000,0.00000000,0.00000000,0.00000000,0.00000000,0.00000000,0.00000000,0.00000000,0.00000000,0.00000000,0.00329443,0.00000000,0.00000000,0.00000000,0.00000000,0.00000000,0.00000000,0.00000000,0.00000000,0.00110953,0.00000000,0.00000000,0.01254555,0.00000000,0.00000000,0.00000000,0.00000000,0.00000000,0.00000000,0.00000000,0.00000000,0.00000000,0.00000000,0.00072980,0.00000000,0.16911572,0.00000000,0.00000000,0.00000000,0.00000000,0.00000000,0.00000000,0.00000000,0.00076173,0.00000000,0.00000000,0.00000000,0.00373392,0.00000000,0.00000000,0.00000000,0.00000000,0.00000000,0.00000000,0.00000000,0.00000000,0.00000000,0.00000000,0.00000000,0.00000000,0.00000000,0.00000000,0.00000000,0.00000000,0.00000000,0.00000000,0.00000000,0.00000000,0.00000000,0.00113806,0.00000000,0.00000000,0.00000000,0.00000000,0.00716705,0.00000000,0.00000000,0.00000000,0.00961660,0.00000000,0.00130163,0.00504059,0.00000000,0.00000000,0.00000000,0.00000000,0.00000000,0.00000000,0.00000000,0.00000000,0.00000000,0.00000000,0.00000000,0.00000000,0.00000000,0.00000000,0.00000000,0.00000000,0.00000000,0.00000000,0.00000000,0.00000000,0.00859222,0.00076734,0.00000000,0.00000000,0.00000000,0.00000000,0.00000000,0.04176264,0.00000000,0.00000000,0.00000000,0.00000000,0.00000000,0.00445759,0.00000000,0.10305948,0.00000000,0.00000000,0.00000000,0.00295115,0.00000000,0.00000000,0.27078719,0.00000000,0.00000000,0.00000000,0.00000000,0.00000000,0.00000000,0.00000000,0.00000000,0.01168377,0.00000000,0.01011536,0.00310708,0.02663363,0.00000000,0.00000000,0.00000000,0.00000000,0.00000000,0.00000000,0.00653887,0.00000000,0.03093699,0.00000000,0.00000000,0.00000000,0.00000000,0.00000000,0.00147626,0.00000000,0.00000000,0.00000000,0.00905832,0.00000000,0.00000000,0.00000000,0.00000000,0.00000000,0.00000000,0.00000000,0.00000000,0.01099712,0.00000000,0.00000000,0.00000000,0.00000000,0.00000000,0.01496999,0.00000000,0.00000000,0.01452168,0.00000000,0.00000000,0.17433468,0.00000000,0.00000000,0.00000000,0.00000000,0.00000000,0.00000000,0.00000000,0.00000000,0.00000000,0.00000000,0.00000000,0.00000000,0.02003736,0.00000000,0.00000000,0.00000000,0.00000000,0.00000000,0.00000000,0.00000000,0.00000000,0.00000000,0.00000000,0.00000000,0.00000000,0.00437506,0.00000000,0.00000000,0.00000000,0.00000000,0.00000000,0.00000000,0.00000000,0.00000000,0.00000000,0.00000000,0.09438718,0.00000000,0.00000000,0.00462357,0.00000000,0.00000000,0.00000000,0.00000000,0.00000000,0.00000000,0.00000000,0.00000000,0.00000000,0.00000000,0.00000000,0.00000000,0.00000000,0.08026055,0.00000000,0.00000000,0.00000000,0.00000000,0.00000000,0.00000000,0.00000000,0.00000000,0.00130213,0.00000000,0.00000000,0.00000000,0.00000000,0.00312428,0.00000000,0.00698877,0.00000000,0.00000000,0.00000000,0.00000000,0.00614657,0.02258603,0.00000000,0.00000000,0.00000000,0.00000000,0.00000000,0.00000000,0.00000000,0.00000000,0.00000000,0.00000000,0.00000000,0.01009841,0.00000000,0.00000000,0.00000000,0.15625728,0.00000000,0.00000000,0.00000000,0.00000000,0.00000000,0.00000000,0.00000000,0.00000000,0.00000000,0.00000000,0.00000000,0.00000000,0.00000000,0.00000000,0.00000000,0.00000000,0.00000000,0.01924197,0.00000000,0.00000000,0.00000000,0.00000000,0.00000000,0.00620108,0.00860976,0.00000000,0.00000000,0.00000000,0.00000000,0.00000000,0.00000000,0.00000000,0.00000000,0.00000000,0.00000000,0.00000000,0.00000000,0.00000000,0.00000000,0.00000000,0.00000000,0.03129529,0.00000000,0.16175268,0.00000000,0.00177717,0.00000000,0.00000000,0.00098246,0.00000000,0.00000000,0.00000000,0.00000000,0.00000000,0.00000000,0.00000000,0.00000000,0.00000000,0.01196284,0.00000000,0.00175927,0.00000000,0.00000000,0.00000000,0.00000000,0.00000000,0.00000000,0.00000000,0.00207419,0.00000000,0.00000000,0.00000000,0.00000000,0.00000000,0.00000000,0.00000000,0.02294997,0.00000000,0.00000000,0.00000000,0.00000000,0.00177822,0.00000000,0.00000000,0.00000000,0.00000000,0.00000000,0.00000000,0.00000000,0.00000000,0.00000000,0.00000000,0.00000000,0.00000000,0.00000000,0.00000000,0.00000000,0.00000000,0.00000000,0.00000000,0.00000000,0.00000000,0.00000000,0.00000000,0.00000000,0.00000000,0.00000000,0.00000000,0.00000000,0.00000000,0.00000000,0.00000000,0.00000000,0.00000000,0.00000000,0.00000000,0.00000000,0.00000000,0.00000000,0.00000000,0.01027805,0.00000000,0.00000000,0.00000000,0.00000000,0.04370075,0.00000000,0.00000000,0.00000000,0.00000000,0.00000000,0.00000000,0.00000000,0.00203629,0.00505038,0.00000000,0.00000000,0.24273630,0.00000000,0.00119171,0.00000000,0.00000000,0.00000000,0.00238778,0.00000000,0.00000000,0.00000000,0.00000000,0.00000000,0.00000000,0.00000000,0.00000000,0.00000000,0.00000000,0.00000000,0.00000000,0.00000000,0.04556494,0.00000000,0.01546173,0.00395407,0.00000000,0.00000000,0.00000000,0.00000000,0.00000000,0.00000000,0.00000000,0.00000000,0.00000000,0.00000000,0.00000000,0.00000000,0.00000000,0.00000000,0.02121017,0.00000000,0.07959827,0.00000000,0.00000000,0.00000000,0.87215886,0.00000000,0.00685892,0.00000000,0.00331382,0.00000000,0.00000000,0.00000000,0.00000000,0.00000000,0.00000000,0.00000000,0.00000000,0.00000000,0.00000000,0.00000000,0.00000000,0.02443844,0.00000000,0.00000000,0.00000000,0.00000000,0.00000000,0.00000000,0.00000000,0.00000000,0.00000000,0.00000000,0.00000000,0.00000000,0.00000000,0.00000000,0.00000000,0.00000000,0.00000000,0.00000000,0.00179061,0.00000000,0.00000000,0.00000000,0.01728032,0.00000000,0.00000000,0.00000000,0.00864015,0.00000000,0.00000000,0.00000000,0.00000000,0.00000000,0.00000000,0.00000000,0.00000000,0.00000000,0.00000000,0.00000000,0.00000000,0.00000000,0.00000000,0.00000000,0.00000000,0.00000000,0.00000000,0.00000000,0.00000000,0.00000000,0.00000000,0.00000000,0.00000000,0.00000000,0.00000000,0.00000000,0.00000000,0.00000000,0.00730613,0.00000000
0.00000000,0.00000000,0.00000000,0.00000000,0.00000000,0.00000000,0.00000000,0.00000000,0.00000000,0.00000000,0.00000000,0.00000000,0.00000000,0.11981733,0.00000000,0.00000000,0.00000000,0.00000000,0.00000000,0.00000000,0.00000000,0.00000000,0.00000000,0.07847851,0.11338787,0.00000000,0.00000000,0.00000000,0.00000000,0.00000000,0.00000000,0.00000000,0.00000000,0.00000000,0.00114977,0.00000000,0.00555981,0.03642026,0.00000000,0.00000000,0.00260324,0.00000000,0.00000000,0.00000000,0.00000000,0.00000000,0.00000000,0.00000000,0.00000000,0.00000000,0.00000000,0.00000000,0.00000000,0.00000000,0.00000000,0.00000000,0.00000000,0.00000000,0.00000000,0.00000000,0.00000000,0.00000000,0.00000000,0.00000000,0.00969937,0.00000000,0.00000000,0.00000000,0.03443626,0.00000000,0.00000000,0.00000000,0.00000000,0.00000000,0.00000000,0.00000000,0.00495435,0.00000000,0.00000000,0.00000000,0.00000000,0.00000000,0.00000000,0.00000000,0.00000000,0.00081613,0.02469089,0.00432517,0.00000000,0.00000000,0.00000000,0.00768292,0.00249049,0.00000000,0.00000000,0.00407500,0.00000000,0.00000000,0.00000000,0.00000000,0.00000000,0.00000000,0.00000000,0.00000000,0.00000000,0.00000000,0.00313170,0.00000000,0.00000000,0.00000000,0.00000000,0.00000000,0.00000000,0.00000000,0.00000000,0.00000000,0.00075960,0.00000000,0.00000000,0.00000000,0.00000000,0.00000000,0.00000000,0.27896303,0.00000000,0.00247335,0.01853197,0.00000000,0.00000000,0.00000000,0.08428107,0.00000000,0.00000000,0.00000000,0.00000000,0.00000000,0.00000000,0.00677768,0.00000000,0.00000000,0.00000000,0.00000000,0.00000000,0.00595874,0.00000000,0.00000000,0.00000000,0.00000000,0.00000000,0.00000000,0.00000000,0.00000000,0.00000000,0.00000000,0.00000000,0.00000000,0.00000000,0.00000000,0.00000000,0.00000000,0.00394607,0.02088755,0.00000000,0.00000000,0.00000000,0.00000000,0.00000000,0.03428007,0.00000000,0.00000000,0.00000000,0.00000000,0.00000000,0.00000000,0.00000000,0.00000000,0.00000000,0.00000000,0.00000000,0.00000000,0.00000000,0.00000000,0.00000000,0.00000000,0.00000000,0.00000000,0.06655436,0.00000000,0.00000000,0.01959097,0.00000000,0.00000000,0.00000000,0.00000000,0.00000000,0.00000000,0.00000000,0.00000000,0.00000000,0.00000000,0.00000000,0.00000000,0.00000000,0.00000000,0.00000000,1.68833520,0.01557798,0.00000000,0.00000000,0.00105927,0.00944937,0.00000000,0.00000000,0.00610585,0.00000000,0.00000000,0.00000000,0.00000000,0.00000000,0.00000000,0.00000000,0.00000000,0.00000000,0.00000000,0.00000000,0.00000000,0.00000000,0.00000000,0.00000000,0.00000000,0.00000000,0.00000000,0.00000000,0.00000000,0.00000000,0.00000000,0.00000000,0.00000000,0.00000000,0.00000000,0.00000000,0.01368405,0.00000000,0.00000000,0.00000000,0.00000000,0.00000000,0.00248714,0.00000000,0.00000000,0.00000000,0.00000000,0.00000000,0.00000000,0.00548381,0.00000000,0.02785333,0.00000000,0.00000000,0.00000000,0.00000000,0.00000000,0.00000000,0.00000000,0.00000000,0.00000000,0.00000000,0.00000000,0.00000000,0.00000000,0.00000000,0.00000000,0.00000000,0.00000000,0.00652648,0.00500491,0.00000000,0.00000000,0.00000000,0.00000000,0.04287871,0.00000000,0.00000000,0.00000000,0.00000000,0.00000000,0.00000000,0.00000000,0.00000000,0.00000000,0.00000000,0.00000000,0.00291076,0.00000000,0.00000000,0.00000000,0.00000000,0.00000000,0.00000000,0.00184818,0.00000000,0.00000000,0.00000000,0.00000000,0.00000000,0.00000000,0.00000000,0.02027554,0.03168059,0.00916414,0.04151604,0.00000000,0.00000000,0.00000000,0.00000000,0.00501085,0.00133562,0.00000000,0.00000000,0.00000000,0.00000000,0.66252239,0.00000000,0.00000000,0.00000000,0.00000000,0.00000000,0.00578106,0.00000000,0.00000000,0.00000000,0.01029102,0.00000000,0.00000000,0.00000000,0.00000000,0.00000000,0.00000000,0.00000000,0.00463235,0.00000000,0.00000000,0.00000000,0.00000000,0.00000000,0.00000000,0.03021465,0.00304424,0.00000000,0.00000000,0.00000000,0.00000000,0.00000000,0.00000000,0.00000000,0.00636701,0.00000000,0.00000000,0.01130949,0.00000000,0.00000000,0.00000000,0.00000000,0.00000000,0.00000000,0.00000000,0.00000000,0.00000000,0.00000000,0.00000000,0.00000000,0.20261598,0.00000000,0.00000000,0.00000000,0.00000000,0.00000000,0.00000000,0.00000000,0.00000000,0.00000000,0.00000000,0.00000000,0.01490255,0.00000000,0.00000000,0.00000000,0.00000000,0.00000000,0.05750190,0.00361650,0.00000000,0.00000000,0.00000000,0.00000000,0.00000000,0.00000000,0.00000000,0.00000000,0.00000000,0.00000000,0.00000000,0.00000000,0.00000000,0.00000000,0.00000000,0.00000000,0.00000000,0.00000000,0.00000000,0.00000000,0.00000000,0.00000000,0.03604795,0.00000000,0.02395576,0.00000000,0.00000000,0.00000000,0.00000000,0.00000000,0.00000000,0.00000000,0.00000000,0.00000000,0.00000000,0.00000000,0.00000000,0.00000000,0.00000000,0.00000000,0.00000000,0.00000000,0.00000000,0.00000000,0.00000000,0.00000000,0.00143275,0.00000000,0.00089984,0.00000000,0.00000000,0.00000000,0.00000000,0.00000000,0.00000000,0.00000000,0.00000000,0.01116062,0.00000000,0.00000000,0.00000000,0.00000000,0.00000000,0.00000000,0.00000000,0.00000000,0.00000000,0.04272537,0.00000000,0.00000000,0.00000000,0.00000000,0.00000000,0.03580654,0.00000000,0.00000000,0.00000000,0.00418464,0.01279087,0.00000000,0.00000000,0.00000000,0.00000000,0.00000000,0.00543508,0.00000000,0.00000000,0.00000000,0.00000000,0.00000000,0.00122058,0.00000000,0.00000000,0.00000000,0.00000000,0.00000000,0.00000000,0.00000000,0.00000000,0.00000000,0.00000000,0.00000000,0.00000000,0.00000000,0.00000000,0.00572170,0.00000000,0.00160466,0.00508191,0.00000000,0.00000000,0.00000000,0.00000000,0.00000000,0.00000000,0.00000000,0.00000000,0.00000000,0.00000000,0.00000000,0.00000000,0.00000000,0.00000000,0.00000000,0.03038428,0.00000000,0.00000000,0.00000000,0.00000000,0.00000000,0.00000000,0.00000000,0.00000000,0.00000000,0.00000000,0.00000000,0.00000000,0.00000000,0.00000000,0.00000000,0.00000000,0.00000000,0.00000000,0.00000000,0.00000000,0.00000000,0.00000000,0.00000000,0.00000000,0.00000000,0.00000000,0.00000000,0.00000000,0.00000000,0.00000000,0.00000000,0.00000000,0.00000000,0.00000000,0.00000000,0.00417583,0.00000000,0.00000000,0.00000000,0.01122285,0.00000000,0.01130710,0.00000000,0.00000000,0.09109757,0.00000000,0.00000000,0.00000000,0.00474955,0.00000000,0.00000000,0.02577635,0.00000000,0.00000000,0.02361760,0.00000000,0.00000000,0.00000000,0.01231255,0.00000000,0.00000000,0.00000000,0.00000000,0.00000000,0.00000000,0.00000000,0.00000000,0.00000000,0.00000000,0.00000000,0.00000000,0.00184539,0.00000000,0.02644936,0.00000000,0.00000000,0.00000000,0.00000000,0.00000000,0.00000000,0.00503997,0.00000000,0.00000000,0.00000000,0.00000000,0.00000000,0.00000000,0.00000000,0.00000000,0.00000000,0.00000000,0.00000000,0.00000000,0.01075582,0.01811893,0.00000000,0.00000000,0.00000000,0.01471507,0.00000000,0.00000000,0.00000000,0.00000000,0.00000000,0.00000000,0.00000000,0.00000000,0.00000000,0.00000000,0.00000000,0.00000000,0.00000000,0.00000000,0.00000000,0.00000000,0.00000000,0.00000000,0.00000000,0.00000000,0.00000000,0.00000000,0.00000000,0.00000000,0.00000000,0.00000000,0.00413025,0.00000000,1.65579123,0.00000000,0.00000000,0.00000000,0.00000000,0.00000000,0.00000000,0.00000000,0.00000000,0.03217620,0.00000000,0.14771055,0.00000000,0.00000000,0.00000000,0.00000000,0.00000000,0.00000000,0.00000000,0.00000000,0.00000000,0.00000000,0.00000000,0.00000000,0.00000000,0.00000000,0.00000000,0.00000000,0.00000000,0.00000000,0.00000000,0.00000000,0.02670177,0.00000000,0.00000000,0.00661782,0.00000000,0.00000000,0.00000000,0.00000000,0.00000000,0.00000000,0.71184872,0.00000000,0.00000000,0.00000000,0.00000000,0.00000000,0.00000000,0.00000000,0.00000000,0.00000000,0.00000000,0.00000000,0.00000000,0.00000000,0.03080151,0.00000000,0.00000000,0.00000000,0.00000000,0.00000000,0.02684623,0.00000000,0.00000000,0.00000000,0.00000000,0.00000000,0.00000000,0.00045367,0.00000000,0.04836787,2.98066638,0.00000000,0.00000000,0.00000000,0.00000000,0.00000000,0.00000000,0.03557199,0.00825573,0.00000000,0.00000000,0.00596097,0.00000000,0.00000000,0.00000000,0.00000000,0.00000000,0.00000000,6.86513626,0.00000000,0.00000000,0.00000000,0.00000000,0.00000000,0.00000000,0.00000000,0.00000000,0.00000000,0.00000000,0.00000000,0.00000000,0.00000000,0.00000000,0.00000000,0.00000000,0.00000000,0.00000000,0.00000000,0.00000000,0.00276246,0.00000000,0.00000000,0.00000000,0.00000000,0.01071683,0.00139274,0.00000000,0.00000000,0.00000000,0.00000000,0.00000000,0.00000000,0.00000000,0.00000000,0.00000000,0.00000000,0.00000000,0.00000000,0.00000000,0.00511444,0.00000000,0.00000000,0.00000000,0.10814005,0.00000000,0.04826206,0.00000000,1.07679166,0.00000000,0.00000000,0.00000000,0.00000000,0.00000000,0.00000000,0.00000000,0.00000000,0.00000000,0.00000000,0.00000000,0.00000000,0.00000000,0.00000000,0.00000000,0.00000000,0.00611675
0.00000000,0.00000000,0.00000000,0.00000000,0.00000000,0.00087423,0.00000000,0.00000000,0.00000000,0.00000000,0.00000000,0.00000000,0.00000000,0.00151488,0.00000000,0.00000000,0.00000000,0.00000000,0.00000000,0.00119416,0.00000000,0.00000000,0.00000000,0.00000000,0.00000000,0.00000000,0.00000000,0.00000000,0.00000000,0.08459927,0.00000000,0.01575854,0.00000000,0.00000000,0.00000000,0.00000000,0.00000000,0.00000000,0.00000000,0.00000000,0.00000000,0.00000000,0.00000000,0.00000000,0.00000000,0.00000000,0.00000000,0.00000000,0.00000000,0.00000000,0.00000000,0.00000000,0.00000000,0.00000000,0.00000000,0.00000000,0.00000000,0.00000000,0.00000000,0.00000000,0.00000000,0.00000000,0.00000000,0.00000000,0.00000000,0.00000000,0.00000000,0.00000000,0.00000000,0.00000000,0.00000000,0.00536776,0.00000000,0.00000000,0.00000000,0.00000000,0.00000000,0.00000000,0.00000000,0.00000000,0.00000000,0.00000000,0.00000000,0.00000000,0.00000000,0.00000000,0.00000000,0.00000000,0.00000000,0.00000000,0.00000000,0.00000000,0.00000000,0.00000000,0.00000000,0.00000000,0.00000000,0.00000000,0.00000000,0.00000000,0.00000000,0.00000000,0.00000000,0.00000000,0.00000000,0.00000000,0.00000000,0.00000000,0.00000000,0.00000000,0.00000000,0.00000000,0.00000000,0.00000000,0.00000000,0.00000000,0.00000000,0.00000000,0.00000000,0.00950985,0.00000000,0.00000000,0.00000000,0.00000000,0.00448695,0.05201927,0.00000000,0.00000000,0.00835743,0.00000000,0.00000000,0.00000000,0.00000000,0.00000000,0.00000000,0.00000000,0.00105639,0.00000000,0.00000000,0.00000000,0.00000000,0.00000000,0.00000000,0.00000000,0.62509386,0.00000000,0.00000000,0.00000000,0.00000000,0.00000000,0.00000000,0.00000000,0.00000000,0.00839529,0.00000000,0.00721681,0.00000000,0.00000000,0.00000000,0.00223361,0.00405156,0.00000000,0.00000000,0.00000000,0.00000000,0.00000000,0.00000000,0.00000000,0.00000000,0.00000000,0.00000000,0.00000000,0.00000000,0.00000000,0.00000000,0.01371146,0.00000000,0.01089928,0.01003032,0.00000000,0.00000000,0.00000000,8.99486144,0.00000000,0.00000000,0.00000000,0.00000000,0.00000000,0.00000000,0.00000000,0.00000000,0.00000000,0.00230042,0.00000000,0.00000000,0.00000000,0.00000000,0.00000000,0.00000000,0.00000000,0.00000000,0.00000000,0.00000000,0.00000000,0.00000000,0.00000000,0.00000000,0.02809484,0.00000000,0.00000000,0.00000000,0.00000000,0.00559371,0.00000000,0.00000000,0.00000000,0.00000000,0.00250896,0.00000000,0.00499428,0.00000000,0.00000000,0.00000000,0.00000000,0.00000000,0.00000000,0.00000000,0.00000000,0.00000000,0.00000000,0.00000000,0.00000000,0.00000000,0.00000000,0.00000000,0.00000000,0.00000000,0.00000000,0.02324760,0.00000000,0.00000000,0.00000000,0.00000000,0.00000000,0.00000000,0.00000000,0.00000000,0.00000000,0.00000000,0.00000000,0.00000000,0.00000000,0.00000000,0.00177122,0.00000000,0.00164256,0.00000000,0.01759798,0.00000000,0.00000000,0.00000000,0.00000000,0.00329449,0.00000000,0.00000000,0.00000000,0.08836236,0.20258124,0.00000000,0.00000000,0.00000000,0.00000000,0.00000000,0.00000000,0.00000000,0.00172121,0.00000000,0.00000000,0.00000000,0.00000000,0.00000000,0.00000000,0.00449348,0.00000000,0.00000000,0.00000000,0.00000000,0.00199128,0.00000000,0.00000000,0.00000000,0.00000000,0.00000000,0.00000000,0.02322985,0.00000000,0.00000000,0.00000000,0.00000000,0.00000000,0.00315341,0.03706176,0.00000000,0.01194842,0.00000000,0.00000000,0.00000000,0.00000000,0.00000000,0.00000000,0.00000000,0.00000000,0.00000000,0.00000000,0.00000000,0.00231735,0.00000000,0.00000000,0.00000000,0.00000000,0.00000000,0.00000000,0.00000000,0.00000000,0.00000000,0.00000000,0.00000000,0.00000000,0.00000000,0.03373997,0.00000000,0.00000000,0.00000000,0.00000000,0.00000000,0.00000000,0.00000000,0.00000000,0.00000000,0.00000000,0.00000000,0.00000000,0.00000000,0.00000000,0.00000000,0.00000000,0.00000000,0.00166278,0.00000000,0.00000000,0.01231502,0.00000000,0.00000000,0.00000000,0.00000000,0.00000000,0.00000000,0.00000000,0.05779694,0.00000000,0.00000000,0.00000000,0.00000000,0.00000000,0.00000000,0.00000000,0.00000000,0.00000000,0.00000000,0.00000000,0.00000000,0.00243543,0.00000000,0.00893495,0.00000000,0.00000000,0.00000000,0.00000000,0.00000000,0.00000000,0.00000000,0.00000000,0.00000000,0.01063926,0.00000000,0.00000000,0.00000000,0.00000000,0.00000000,0.00000000,0.00000000,0.00000000,0.00000000,0.00483859,0.00000000,0.00206769,0.06664376,0.00000000,0.02095203,0.00000000,0.00000000,0.00000000,0.00000000,0.00000000,0.00000000,0.00000000,0.00000000,0.00000000,0.00000000,0.00000000,0.00000000,0.00000000,0.00000000,0.00000000,0.00000000,0.00000000,0.01662673,0.00000000,0.00000000,0.00000000,0.00367271,0.00000000,0.00283813,0.00000000,0.00000000,0.00000000,0.00000000,0.00000000,0.00000000,0.00000000,0.01137701,0.00000000,0.00000000,0.00119962,0.00000000,0.00000000,0.00000000,0.00000000,0.01728620,0.01859131,0.02159485,0.00000000,0.00000000,0.00000000,0.00000000,0.01286709,0.00000000,0.00000000,0.00000000,0.00000000,0.00000000,0.00000000,0.00000000,0.00000000,0.00000000,0.00000000,0.00000000,0.00000000,0.00000000,0.00000000,0.01042146,0.00000000,0.00000000,0.00000000,0.00000000,0.00000000,0.01029913,0.00000000,0.00000000,0.00000000,0.00000000,0.00000000,0.04846822,0.00000000,0.00000000,0.00000000,0.00000000,0.00000000,0.00000000,0.02002743,0.00000000,0.00000000,0.00515960,0.00510022,0.00000000,0.00000000,0.00000000,0.00000000,0.00000000,0.00000000,0.00000000,0.00418211,0.15235572,0.00831796,0.00000000,0.01823537,0.00000000,0.00000000,0.05650229,0.00000000,0.00000000,0.00000000,0.00000000,0.00000000,0.00000000,0.01653096,0.00000000,0.00000000,0.00000000,0.00000000,0.00000000,0.00000000,0.00000000,0.00000000,0.00000000,0.00000000,0.00891582,0.00000000,0.02131145,0.06771814,0.00000000,0.00000000,0.00144689,0.00000000,0.00000000,0.00000000,0.00000000,0.00000000,0.00000000,0.00000000,0.00000000,0.00000000,0.00000000,0.00703878,0.00000000,0.00000000,0.00000000,0.00000000,0.00000000,0.00000000,0.13953649,0.00000000,0.00000000,0.00000000,0.00000000,0.00000000,0.00000000,0.00000000,0.00000000,0.00000000,0.00000000,0.00000000,0.00000000,0.00000000,0.00000000,0.00000000,0.00000000,0.00000000,0.00000000,0.00000000,0.00000000,0.00000000,0.01445051,0.00000000,0.00000000,0.00000000,0.00000000,0.00000000,0.00000000,0.00136152,0.00000000,0.00000000,0.00000000,0.00000000,0.00576997,0.00000000,0.01374656,0.00000000,0.00985616,0.00000000,0.00000000,0.00000000,0.06247592,0.00000000,0.00000000,0.00000000,0.00000000,0.00000000,0.00000000,0.00000000,0.00000000,0.00000000,0.00000000,0.00000000,0.00000000,0.00000000,0.00000000,0.00000000,0.00368612,0.00000000,0.00000000,0.00602321,0.30129802,0.00000000,0.00000000,0.00000000,0.00530945,0.00000000,0.00000000,0.00380283,0.00000000,0.00000000,0.00000000,0.00000000,0.00000000,0.00000000,0.00000000,0.00000000,0.00000000,0.00000000,0.00000000,0.01722989,0.00000000,0.00000000,0.00000000,0.00000000,0.00000000,0.00000000,0.04385111,0.00000000,0.00000000,0.00000000,0.05235740,0.00000000,0.00000000,0.00085545,0.00000000,0.00000000,0.00000000,0.00000000,0.01103892,0.00000000,0.00000000,0.00000000,0.00000000,0.00000000,0.00000000,0.00000000,0.00000000,0.00000000,0.00000000,0.00000000,0.00000000,0.00443846,0.00000000,0.00000000,0.00000000,0.00000000,0.00413945,0.00000000,0.00000000,0.00000000,0.00386107,0.00000000,0.18436474,0.00000000,0.00000000,0.00790571,0.00000000,0.01370706,0.00000000,0.00000000,0.00000000,0.00000000,0.07102164,0.00000000,0.00000000,0.00000000,0.00138009,0.00000000,0.00000000,0.00000000,0.00000000,0.00000000,0.00000000,0.00000000,0.00000000,0.00000000,0.00000000,0.00000000,0.00000000,0.00000000,0.00000000,0.00000000,0.00000000,0.00000000,0.00000000,0.00000000,0.00000000,0.00000000,0.00000000,0.00000000,0.00000000,0.00000000,0.00079550,0.00000000,0.00000000,0.00000000,0.00000000,0.00000000,0.00000000,0.00000000,0.00000000,0.00000000,0.00000000,0.00000000,0.00000000,0.00000000,0.05756043,0.00000000,0.00000000,0.00000000,0.00000000,0.00000000,0.03207985,0.00000000,0.00000000,0.00000000,0.00000000,0.00000000,0.00000000,0.00000000,0.00000000,0.00000000,0.00000000,0.00000000,0.00000000,0.00000000,0.01217575,0.00000000,0.00000000,0.00000000,0.00000000,0.00000000,0.00000000,0.00000000,0.00000000,0.00000000,0.00000000,0.00000000,0.00000000,0.00000000,0.00000000,0.03588101,0.00000000,0.00000000,0.00000000,0.00000000,0.00000000,0.00000000,0.00000000,0.03273030,0.00000000,0.00000000,0.00071102,0.00000000,0.00000000,0.00000000,0.00000000,0.00000000,0.03346694,0.00000000,0.00000000,0.00000000,0.00000000,0.00000000,0.00000000,0.00000000,0.00000000,0.00000000,0.00000000,0.00000000,0.00000000,0.00000000,0.00000000,0.00000000,0.00000000,0.00000000,0.00464187,0.00000000,0.01121355,0.00000000,0.01683089,0.00000000,0.00000000,0.00000000,0.00000000,0.00174040,0.00000000,0.00000000
0.00000000,0.00000000,0.00000000,0.00000000,0.00000000,0.00000000,0.00000000,0.00000000,0.00000000,0.00000000,0.00000000,0.00000000,0.00000000,0.00304425,0.00000000,0.00000000,0.00000000,0.00000000,0.00077817,0.00000000,0.00000000,0.00000000,0.00000000,0.00241230,0.00000000,0.00000000,0.00000000,0.00000000,0.00000000,0.02220755,0.00000000,0.00898381,0.00000000,0.00000000,0.00237086,0.00000000,0.00281659,0.00193823,0.01577233,0.00000000,0.00696033,0.00000000,0.00000000,0.00000000,0.00000000,0.00000000,0.00000000,0.00000000,0.00000000,0.00000000,0.00000000,0.00000000,0.00000000,0.00000000,0.00000000,0.00000000,0.00000000,0.00000000,0.00370258,0.00000000,0.00000000,0.00000000,0.00000000,0.00000000,0.00000000,0.00000000,0.00000000,0.00000000,0.00000000,0.00000000,0.00000000,0.00000000,0.00000000,0.00000000,0.00000000,0.00000000,0.00000000,0.00000000,0.00000000,0.00000000,0.00000000,0.00000000,0.00000000,0.00000000,0.00000000,0.00000000,0.00000000,0.00000000,0.00000000,0.00000000,0.00000000,0.00000000,0.00000000,0.00000000,0.00000000,0.00000000,0.00000000,0.00000000,0.00000000,0.21790013,0.00000000,0.00000000,1.21646681,0.00000000,0.01086329,0.00000000,0.00000000,0.00504556,0.00000000,0.00000000,0.00000000,0.00000000,0.00000000,0.00000000,0.00000000,0.00000000,0.00000000,0.00000000,0.02149178,0.00000000,0.00000000,0.00000000,0.00000000,0.00000000,0.00000000,0.00475147,0.00000000,0.00206304,0.00000000,0.09026705,0.08826483,0.00847265,0.00000000,0.00000000,0.00000000,0.00659454,0.04964269,0.00000000,0.00000000,0.00000000,0.00000000,0.00000000,0.00000000,0.00000000,0.00000000,0.00000000,0.00000000,0.00000000,0.22117548,0.00287610,0.00000000,0.00000000,0.00000000,0.00000000,0.00000000,0.00000000,0.00000000,0.00000000,0.00000000,0.09885778,0.00000000,0.00000000,0.00000000,0.00000000,0.00000000,0.00000000,0.00000000,0.00000000,0.00000000,0.00000000,0.00000000,0.00000000,0.00520996,0.00000000,0.00000000,0.00000000,0.00000000,0.00000000,0.00107286,0.00000000,0.00000000,0.12447941,0.00000000,0.00000000,0.00000000,0.04890763,0.00259480,0.00000000,0.00000000,0.00000000,0.00000000,0.00000000,0.00000000,0.00309993,0.01096784,0.07996598,0.00000000,0.00000000,0.00147796,0.00000000,0.00635858,0.00000000,0.00000000,0.00000000,0.00000000,0.00000000,0.00000000,0.00000000,0.00000000,0.00000000,0.00000000,0.00000000,0.00085793,0.00000000,0.00000000,0.00000000,0.00000000,0.00000000,0.00000000,0.00000000,0.00000000,0.00000000,0.00000000,0.00000000,0.00000000,0.00000000,0.00000000,0.00000000,0.00000000,0.25135249,0.00000000,0.00000000,0.00000000,0.00000000,0.00000000,0.00000000,0.00000000,0.00000000,0.00000000,0.00000000,0.00000000,0.00000000,0.00000000,0.00000000,0.00000000,0.00000000,0.01935592,0.00000000,0.00000000,0.00000000,0.00000000,0.00000000,0.00000000,0.00000000,0.00000000,0.00000000,0.00783974,0.00000000,0.00000000,0.00000000,0.00000000,0.00000000,0.00000000,0.00000000,0.00335985,0.00000000,0.00000000,0.00000000,0.00000000,0.00000000,0.00000000,0.00000000,0.20016354,0.00000000,0.00000000,0.03759165,0.00000000,0.00000000,0.00000000,0.00000000,0.00000000,0.00000000,0.00000000,0.00000000,0.00000000,0.00000000,0.00000000,0.00000000,0.00000000,0.00000000,0.00000000,0.00166213,0.00000000,0.00000000,0.00000000,0.00000000,0.00000000,0.01143244,0.00000000,0.00000000,0.00000000,0.00000000,0.00000000,0.00000000,0.00000000,0.00000000,0.00000000,0.00000000,0.00000000,0.00000000,0.00000000,0.00000000,1.74227383,0.00000000,0.00000000,0.00000000,0.00000000,0.00000000,0.00000000,0.00000000,0.00000000,0.00000000,0.00000000,0.00000000,0.00000000,0.00000000,0.01900761,0.00363760,0.00000000,0.00000000,0.00000000,0.00000000,0.00000000,0.00746717,0.00000000,0.00000000,0.00000000,0.00000000,0.00000000,0.00000000,0.02208856,0.00000000,0.00000000,0.00000000,0.00000000,0.00000000,0.00000000,0.17281828,0.00000000,0.00000000,0.00000000,0.00000000,0.00000000,0.00000000,0.00000000,0.00000000,0.00000000,0.00000000,0.00000000,0.00000000,0.00000000,0.00000000,0.00457612,0.00000000,0.00000000,0.00000000,0.00000000,0.00000000,0.00000000,0.00000000,0.02756552,0.00000000,0.00000000,0.00000000,0.00000000,0.00000000,0.00000000,0.00000000,0.00000000,0.00000000,0.00000000,0.00000000,0.00000000,0.00000000,0.00000000,0.00000000,0.00000000,0.00000000,0.00000000,0.02883047,0.01140697,0.00000000,0.00000000,0.00000000,0.00000000,0.00000000,0.00000000,0.07824393,0.00000000,0.00000000,0.00000000,0.00000000,0.00000000,0.00000000,0.00000000,0.00000000,0.00000000,0.00000000,0.00000000,0.00000000,0.00170745,0.00000000,0.00000000,0.00000000,0.00969584,0.00333587,0.00000000,0.10539191,0.00000000,0.00000000,0.00000000,0.00000000,0.00000000,0.00000000,0.00000000,0.00000000,0.00000000,0.00000000,0.00000000,0.00000000,0.00207188,0.00000000,0.00000000,0.00000000,0.00000000,0.11007936,0.00000000,0.00000000,0.00000000,0.00000000,0.00000000,0.01692769,0.00000000,0.00000000,0.00000000,0.00000000,0.00000000,0.00000000,0.00000000,0.00000000,0.00000000,0.00000000,0.00000000,0.00000000,0.00000000,0.00000000,0.00000000,0.00000000,0.00000000,0.00000000,0.00000000,0.00000000,0.01954356,0.00000000,0.00000000,0.00000000,0.00000000,0.00000000,0.00000000,0.00000000,0.00000000,0.00000000,0.00000000,0.00000000,0.00000000,0.00000000,0.00000000,0.00000000,0.00000000,0.00000000,0.00000000,0.00000000,0.00000000,0.00625655,0.00000000,0.00000000,0.00000000,0.00000000,0.00000000,0.00000000,0.00000000,0.00000000,0.04029521,0.00000000,0.00000000,0.00000000,0.00000000,0.00369842,0.00000000,0.00000000,0.00000000,0.00000000,0.00000000,0.00000000,0.00000000,0.00000000,0.00000000,0.00000000,0.00000000,0.00000000,0.00000000,0.00000000,0.00000000,0.00627770,0.00000000,0.00000000,0.00000000,0.00000000,0.00000000,0.00161493,0.00000000,0.00000000,0.00000000,0.00000000,0.00000000,0.00000000,0.00000000,0.00000000,0.00176244,0.00000000,0.00000000,0.00000000,0.00000000,0.00000000,0.00000000,0.00000000,0.00000000,0.00000000,0.00000000,0.00000000,0.00000000,0.00000000,0.00000000,0.00000000,0.00000000,0.00000000,0.00000000,0.00000000,0.00697776,0.00000000,0.00000000,0.00000000,0.01738465,0.00000000,0.00000000,0.80053329,0.00000000,0.00000000,0.00000000,0.02958137,0.00000000,0.00000000,0.00000000,0.00000000,0.00000000,0.00000000,0.00000000,0.00000000,0.00000000,0.00000000,0.00000000,0.00000000,0.00000000,0.00000000,0.00000000,0.00000000,0.00000000,0.00000000,0.00000000,0.00000000,0.00000000,0.00000000,0.00403358,0.00000000,0.00000000,0.00000000,0.00000000,0.00000000,0.00865856,0.49312015,0.00000000,0.00000000,0.00272652,0.01649667,0.00000000,0.00708553,0.00000000,0.00000000,0.00410569,0.00000000,0.00000000,0.00000000,0.00000000,0.02300949,0.00000000,0.00000000,0.00179679,0.00000000,0.00000000,0.00000000,0.01086620,0.00000000,0.01906067,0.00000000,0.00000000,0.00000000,0.00000000,1.20008661,0.00000000,0.00000000,0.00000000,0.01521041,0.00000000,0.00000000,0.00000000,0.00000000,0.00000000,0.00000000,0.00000000,0.00000000,0.07722058,0.00000000,0.00000000,0.00000000,0.00000000,0.00000000,0.00000000,0.00000000,0.00000000,0.02461082,0.00000000,0.00000000,0.00000000,0.00000000,0.00000000,0.00000000,0.00000000,0.00000000,0.03226556,0.00000000,0.00000000,1.08046059,0.00000000,0.00000000,0.00000000,0.00000000,0.00000000,0.00000000,0.00000000,0.00000000,0.00000000,0.00000000,0.00000000,0.00000000,0.00000000,0.00000000,0.00000000,0.03862790,0.00582882,0.00320818,0.00000000,0.00000000,0.00000000,0.00000000,0.00000000,0.00000000,0.00000000,0.00000000,0.95566306,0.00000000,0.00000000,0.00000000,0.00000000,0.00000000,0.00000000,0.00000000,0.00000000,0.00000000,0.00000000,0.00517093,0.01066633,0.00000000,0.00772110,0.00000000,0.00000000,0.00000000,0.00000000,0.00000000,0.00000000,0.00000000,0.00000000,0.00306205,0.00000000,0.00000000,0.00000000,0.00000000,0.00000000,0.08004846,0.00000000,0.00000000,0.00000000,0.00000000,0.00000000,0.00000000,0.00000000,0.00000000,0.00000000,0.00000000,0.02282156,0.00000000,0.00000000,0.00000000,0.00000000,0.00000000,0.00000000,0.00000000,0.00000000,0.06405230,0.00000000,0.00000000,0.00000000,0.00000000,0.05775105,0.00000000,0.00000000,0.00000000,0.00000000,0.00000000,0.00000000,0.00000000,0.00000000,0.01192398,0.00000000,0.00000000,0.00000000,0.00000000,0.02721557,0.00000000,0.00000000,0.00000000,0.00465431,0.00370000,0.00402769,0.00000000,0.00000000,0.00000000,0.00000000,0.00000000,0.00000000,0.00000000,0.00000000,0.00000000,0.00000000,0.00000000,0.00000000,0.01884532,0.00000000,0.00805045,0.00000000,0.00000000,0.00000000,0.00000000,0.00000000,0.00000000,0.00000000,0.00000000,0.04543623,0.00000000,0.00000000,0.00000000,0.00000000,0.00716763,0.02717164,0.00000000,0.00000000,0.00000000,0.00000000,0.00000000,0.00000000,0.00000000,0.00000000,0.00000000,0.00000000,0.00000000,0.00000000,0.00000000,0.00000000,0.00000000,0.00412391,0.00000000
0.00000000,0.00243657,0.00000000,0.00000000,0.00000000,0.00065014,0.00000000,0.00000000,0.00000000,0.00000000,0.00000000,0.00000000,0.00000000,0.00000000,0.00000000,0.00000000,0.00000000,0.01108579,0.00000000,0.00000000,0.00086481,0.00000000,0.00000000,0.00000000,0.00000000,0.00000000,0.00000000,0.00000000,0.00000000,0.00000000,0.00000000,0.00000000,0.06078359,0.00000000,0.01606586,0.00000000,0.07344177,0.00000000,0.00000000,0.00000000,0.00000000,0.00000000,0.00000000,0.00335631,0.00000000,0.00000000,0.00000000,0.00000000,0.00000000,0.00000000,0.00527358,0.00000000,0.00000000,0.00000000,0.00000000,0.02407666,0.00140182,0.00000000,0.00000000,0.00000000,0.00000000,0.00000000,0.00201012,0.01002142,0.00000000,0.00000000,0.00000000,0.15040874,0.00000000,0.00000000,0.00000000,0.00000000,0.00000000,0.00000000,0.00000000,0.00000000,0.00000000,0.00000000,0.00000000,0.00000000,0.00000000,0.00000000,0.00000000,0.00000000,0.00000000,0.00000000,0.00000000,0.00000000,0.00000000,0.00000000,0.00000000,0.26429814,0.00000000,0.00000000,0.00000000,0.00000000,0.00000000,0.00000000,0.00000000,0.00000000,0.00000000,0.01080948,0.00000000,0.04177724,0.00000000,0.00000000,0.00000000,0.00000000,0.00000000,0.00000000,0.00000000,0.00000000,0.00123272,0.00000000,0.00000000,0.00000000,0.00000000,0.00000000,0.00000000,0.00000000,0.00000000,0.00000000,0.00216150,0.00000000,0.00000000,0.00000000,0.00000000,0.00000000,0.00239580,0.00000000,0.00000000,0.00000000,0.00000000,0.00000000,0.00000000,0.00000000,0.00000000,0.00000000,0.00260521,0.00000000,0.00000000,0.00000000,0.00000000,0.00000000,0.00000000,0.00000000,0.00000000,0.00000000,0.00000000,0.00000000,0.00247694,0.00000000,0.00000000,0.00000000,0.00000000,0.00166920,0.00000000,0.00000000,0.00000000,0.00000000,0.00000000,0.00000000,0.00000000,0.00000000,0.00000000,0.00000000,0.00000000,0.00937378,0.00000000,0.00000000,0.00000000,0.00000000,0.00000000,0.00000000,0.00000000,0.00000000,0.04157477,0.00000000,0.00000000,0.00000000,0.00000000,0.00000000,0.00000000,0.00000000,0.00000000,0.00000000,0.00000000,0.00000000,0.00000000,0.00000000,0.00000000,0.00000000,0.00000000,0.00000000,0.00272946,0.00000000,0.00644271,0.00000000,0.00000000,0.00000000,0.00000000,0.00000000,0.00000000,0.00000000,0.00000000,0.00000000,0.00000000,0.00000000,0.00000000,0.00423455,0.00000000,0.00000000,0.00000000,0.00000000,0.00000000,0.00000000,0.00000000,0.00410444,0.00000000,0.00000000,0.10590159,0.00000000,0.00594322,0.00000000,0.00000000,0.00308247,0.00391425,0.49540982,0.00000000,0.01882353,0.00134025,0.00000000,0.00251728,0.00000000,0.00000000,0.00000000,0.00000000,0.00000000,0.00000000,0.00000000,0.00000000,0.00000000,0.00000000,0.00000000,0.00000000,0.01723410,0.00000000,0.00000000,0.00000000,0.00000000,0.00276832,0.00000000,0.00000000,0.00000000,0.00000000,0.00000000,0.00000000,0.00000000,0.00000000,0.00000000,0.00000000,0.01536209,0.00000000,0.00000000,0.00686471,0.00000000,0.00000000,0.00000000,0.00000000,0.00000000,0.00000000,0.00000000,0.00000000,0.00000000,0.00000000,0.00000000,0.00000000,0.00000000,0.00000000,0.00000000,0.00000000,0.00424517,0.00000000,0.00000000,0.00000000,0.00000000,0.01142053,0.01003219,0.00000000,0.00000000,0.01206696,0.30282828,0.00000000,0.00000000,0.00000000,0.00000000,0.00000000,0.00000000,0.00000000,0.00000000,0.00000000,0.00000000,0.00000000,0.00000000,0.00000000,0.00000000,0.00000000,0.00000000,0.00000000,0.00000000,0.00000000,0.00000000,0.00000000,0.00000000,0.00000000,0.00300029,0.00000000,0.05589550,0.00000000,0.00000000,0.00863841,0.00000000,0.00000000,0.00000000,0.00000000,0.00000000,0.00000000,0.00000000,0.00000000,0.00000000,0.00000000,0.00000000,0.00000000,0.00000000,0.00000000,0.00000000,0.00000000,0.00000000,0.38724156,0.00000000,0.01788040,0.00000000,0.00000000,0.00235667,0.00000000,0.00000000,0.00000000,0.00000000,0.00000000,0.00000000,0.00000000,0.00000000,0.00000000,0.00000000,0.00116375,0.00000000,0.00000000,0.00365836,0.01707224,0.00000000,0.00439249,0.00000000,0.00000000,0.00000000,0.00000000,0.00000000,0.00000000,0.00000000,0.00887302,0.00000000,0.00000000,0.00000000,0.00000000,0.00000000,0.00000000,0.00000000,0.00000000,0.00000000,0.00000000,0.00000000,0.00000000,0.00000000,0.00000000,0.00000000,0.00000000,0.00000000,0.00000000,0.00000000,0.00000000,0.01567570,1.84617208,0.00000000,0.02081006,0.00000000,0.00113642,0.00000000,0.02508108,0.00000000,0.07691210,0.00000000,0.00000000,0.00248378,0.00000000,0.00000000,0.00000000,0.00000000,0.00000000,0.00000000,0.00000000,0.00000000,0.00000000,0.00000000,0.00000000,0.00000000,0.00000000,0.00000000,0.00000000,0.00000000,0.00000000,0.00000000,0.00000000,0.00000000,0.00000000,0.00000000,0.00000000,0.00000000,0.00000000,0.01835209,0.00222487,0.00000000,0.00000000,0.00000000,0.00000000,0.00000000,0.00000000,0.00000000,0.00000000,0.00000000,0.00000000,0.52743945,0.00000000,0.00000000,0.00000000,0.00395252,0.00000000,0.00000000,0.00000000,0.00000000,0.00000000,0.00000000,0.00000000,0.02020655,0.00341741,0.00000000,0.00000000,0.00000000,0.00000000,0.00000000,0.00000000,0.00000000,0.00000000,0.00000000,0.00000000,0.00000000,0.00000000,0.00000000,0.01575282,0.00000000,0.00000000,0.00000000,0.01542441,0.00922132,0.00000000,1.84801859,0.00000000,0.00000000,0.00000000,0.00158043,0.00000000,0.00000000,0.00000000,0.00000000,0.00000000,0.00000000,0.00000000,0.01435342,0.00000000,0.00000000,0.00000000,0.00000000,0.00000000,0.00000000,0.00000000,0.00000000,0.00000000,2.04344707,0.00000000,0.00000000,0.00000000,0.00000000,0.08026055,0.00000000,0.00000000,0.00000000,0.00000000,0.00000000,0.00000000,0.00000000,0.00000000,0.00000000,0.00000000,0.00000000,0.00000000,0.00000000,0.00000000,0.00000000,0.00000000,0.00000000,0.00000000,0.00345527,0.00000000,0.00000000,0.00000000,0.02497949,0.00000000,0.00000000,0.09181180,0.00000000,0.00000000,0.00000000,0.00520475,0.00000000,0.00000000,0.00000000,0.00000000,0.00000000,0.00000000,0.00000000,0.00000000,0.00000000,0.00300906,0.00229312,0.00000000,0.00591575,0.00000000,0.00000000,0.00000000,0.00000000,0.00000000,0.00000000,0.00000000,0.00000000,0.04234080,0.00000000,0.00000000,0.00000000,0.00000000,0.00000000,0.00000000,0.00000000,0.00000000,0.00000000,0.00000000,0.00000000,0.00000000,0.00000000,0.00000000,0.00251517,0.00000000,0.00000000,0.00000000,0.00000000,0.00000000,0.00602523,0.00000000,0.00000000,0.00248332,0.00000000,0.00000000,0.00000000,0.00000000,0.00000000,0.00000000,0.00000000,0.00000000,0.00000000,0.00000000,0.00000000,0.00000000,0.00000000,0.35761444,0.00000000,0.00000000,0.00000000,0.00000000,0.00000000,0.00000000,0.00000000,0.00000000,0.00000000,0.00000000,0.00000000,0.00000000,0.00000000,0.00000000,0.00000000,0.00000000,0.00000000,0.00000000,0.00000000,0.00000000,0.00733502,0.00311226,0.00000000,2.75911618,0.35726062,0.00000000,0.01442808,0.00000000,0.03549788,0.00000000,0.00000000,0.00000000,0.00000000,0.00000000,0.00000000,0.00000000,0.00000000,0.00000000,0.00472333,0.00000000,0.00000000,0.00000000,0.00000000,0.04100118,0.00000000,0.00000000,0.00000000,0.00394590,0.00000000,0.00000000,0.00000000,0.00000000,0.00000000,0.00000000,0.01257662,0.00000000,0.00000000,0.00000000,0.00000000,0.00000000,0.00000000,0.00000000,0.00077892,0.00000000,0.00000000,0.00000000,0.00000000,0.00000000,0.00000000,0.00000000,0.00000000,0.00000000,0.00000000,0.00000000,0.00000000,0.00000000,0.00000000,0.00000000,0.00000000,0.00000000,0.00000000,0.00000000,0.00000000,0.00000000,0.00000000,0.00000000,0.02057078,0.07905824,0.00000000,0.00000000,0.00000000,0.00000000,0.00000000,0.00000000,0.00000000,0.00000000,0.00000000,0.00000000,0.00000000,0.00000000,0.01358196,0.00000000,0.00000000,0.00000000,0.00000000,0.00000000,0.00000000,0.00000000,0.00000000,0.00451110,0.00000000,0.00000000,0.00000000,0.02932606,0.01130812,0.00000000,0.00000000,0.00000000,0.00000000,0.00000000,0.00000000,0.00000000,0.00000000,0.00000000,0.00000000,0.00330697,0.00000000,0.00000000,0.00000000,0.00000000,0.00000000,0.00000000,0.00000000,0.00000000,0.00000000,0.00000000,0.00000000,0.00000000,0.00000000,0.00450988,0.00000000,0.00000000,0.00000000,0.00000000,0.00000000,0.00000000,0.00000000,0.00000000,0.00000000,0.00000000,0.00000000,0.00000000,0.00000000,0.00000000,0.00000000,0.00359452,0.00000000,0.04148589,0.00000000,0.00000000,0.00000000,0.00086830,0.00000000,0.00000000,0.00000000,0.00000000,0.00582521,0.00000000,0.00000000,0.00000000,0.00000000,0.00000000,0.00000000,0.00000000,0.00000000,0.00000000,0.00000000,0.00000000,0.00000000,0.00000000,0.00000000,0.00000000,0.00000000,0.00000000,0.00000000,0.00000000,0.00000000,0.00000000,0.00000000,0.00000000,0.00000000,0.00000000,0.00000000,0.00000000,0.00000000,0.00000000,0.00000000,0.00000000,0.00000000,0.00000000,0.00000000,0.00000000,0.00000000,0.00000000,0.03595170,0.00000000,0.00000000,0.00000000,0.00000000
0.00000000,0.00000000,0.00000000,0.00000000,0.00000000,0.00000000,0.00000000,0.00000000,0.00000000,0.00000000,0.00000000,0.00000000,0.00000000,0.00304407,0.00000000,0.00000000,0.00000000,0.00000000,0.00000000,0.00000000,0.00000000,0.00000000,0.00000000,0.00000000,0.00000000,0.00000000,0.00000000,0.00000000,0.00000000,0.00000000,0.00000000,0.00000000,0.00000000,0.00000000,0.00000000,0.00000000,0.00644039,0.00000000,0.00000000,0.00000000,0.00000000,0.00000000,0.00000000,0.00000000,0.00000000,0.00000000,0.00000000,0.00000000,0.00000000,0.00000000,0.00000000,0.00000000,0.00000000,0.00000000,0.00000000,0.00000000,0.00000000,0.00000000,0.00000000,0.00000000,0.00000000,0.00000000,0.00000000,0.00000000,0.00000000,0.00000000,0.00000000,0.00000000,0.00000000,0.01120620,0.00000000,0.00000000,0.00450437,0.00000000,0.00000000,0.04836399,0.00766459,0.00000000,0.00000000,0.00000000,0.00000000,0.00000000,0.00000000,0.02497552,0.00000000,0.16955175,0.00000000,0.00000000,0.00000000,0.00000000,0.00000000,0.00000000,0.00000000,0.00000000,0.00394044,0.00000000,0.00000000,0.00000000,0.00000000,0.02884041,0.00000000,0.00000000,0.00000000,0.00000000,0.00701165,0.00000000,0.00000000,0.00000000,0.00000000,0.00000000,0.00000000,0.00000000,0.01757907,0.00000000,0.00000000,0.00000000,0.00115189,0.00000000,0.00000000,0.00000000,0.00464133,0.00000000,0.00000000,0.00000000,0.00000000,0.00000000,0.01403081,0.01343485,0.00000000,0.00072018,0.00000000,0.00000000,0.00000000,0.00000000,0.00000000,0.00000000,0.00000000,0.00000000,0.00000000,0.00000000,0.00000000,0.00000000,0.00000000,0.00000000,0.23835919,0.00168311,0.00000000,0.00000000,0.00609729,0.00000000,0.00000000,0.00098045,0.00000000,0.00000000,0.00000000,0.00000000,0.00000000,0.00000000,0.29229580,0.00000000,0.00000000,0.00000000,0.00000000,0.00000000,0.00000000,0.00000000,0.00000000,0.00000000,0.18402370,0.00000000,0.00000000,0.00000000,0.00000000,0.00000000,0.12941730,0.00000000,0.00000000,0.00000000,0.00000000,0.00000000,0.00000000,0.00000000,0.00000000,0.00000000,0.00000000,0.00000000,0.00000000,0.00000000,0.00705046,0.00000000,0.00000000,0.00000000,0.00000000,0.00000000,0.00000000,0.00000000,0.00000000,0.01104131,0.00000000,0.00000000,0.01184895,0.00000000,0.27470607,0.00000000,0.00000000,0.00000000,0.00000000,0.00000000,0.00000000,0.00000000,0.00000000,0.00000000,0.00000000,0.00000000,0.00000000,0.00000000,0.00000000,0.00000000,0.00000000,0.17363982,0.00000000,0.00000000,0.00000000,0.00000000,0.00000000,0.00000000,0.00000000,0.00000000,0.00000000,0.00000000,0.00000000,0.00000000,0.00000000,0.00000000,0.00000000,0.00000000,0.00000000,0.00000000,0.00000000,0.00000000,0.00000000,0.00000000,0.00000000,0.00000000,0.00000000,0.00000000,0.00000000,0.00000000,0.00000000,0.00000000,0.00000000,0.00000000,0.00000000,0.00000000,0.00000000,0.00000000,0.01104768,0.00000000,0.00000000,0.00000000,0.00000000,1.31835751,0.00000000,0.05273939,0.23925470,0.00000000,0.00000000,0.04900022,0.00000000,0.00000000,0.00516646,0.00000000,0.00000000,0.00000000,0.00000000,0.00000000,0.00000000,0.00000000,0.00000000,0.00000000,0.00000000,0.00000000,0.00000000,0.00000000,0.00000000,0.00000000,0.00000000,0.01595700,0.00896621,0.00744736,0.00000000,0.00000000,0.00000000,0.00000000,0.00000000,0.00000000,0.00000000,0.00000000,0.00381414,0.00000000,0.00000000,0.00718906,0.00000000,0.00000000,0.00000000,0.00000000,0.00000000,0.00000000,0.00000000,0.00000000,0.00000000,0.01167518,0.00000000,0.00402884,0.00000000,0.00618395,0.00000000,0.00000000,0.00000000,0.00000000,0.00000000,0.00000000,0.00000000,0.00000000,0.00000000,0.00000000,0.00000000,0.00000000,0.00000000,0.00000000,0.00000000,0.00000000,0.00000000,0.00000000,0.00000000,0.00000000,0.00000000,0.00000000,0.00000000,0.00000000,0.00000000,0.00000000,0.00000000,0.00000000,0.00000000,0.00000000,0.00000000,0.01579291,0.00000000,0.00000000,0.00000000,0.00000000,0.00000000,0.00000000,0.00000000,0.00000000,0.00000000,0.00000000,0.00000000,0.00000000,0.00000000,0.00000000,0.00000000,0.00000000,0.00000000,0.00000000,0.00000000,0.03969534,0.00275690,0.00000000,0.00185981,0.00000000,0.00000000,0.00000000,0.00000000,0.04725503,0.02697058,0.00000000,0.00000000,0.00000000,0.00000000,0.00000000,0.00000000,0.00000000,0.00000000,0.00000000,0.00801182,0.00000000,0.00000000,0.00000000,0.00000000,0.00000000,0.00000000,0.00000000,0.00000000,0.00000000,0.00000000,0.00000000,0.00000000,0.00000000,0.00000000,0.00000000,0.00000000,0.00250765,0.00000000,0.00000000,0.00236386,0.00000000,0.00000000,0.00000000,0.00271653,0.00000000,0.00000000,0.00000000,0.00000000,0.00000000,0.00000000,0.00000000,0.00000000,0.00000000,0.00899524,0.00000000,0.00000000,0.00297605,0.00000000,0.01502772,0.00000000,0.00000000,0.00000000,0.00285793,0.00000000,0.00000000,0.00000000,0.00000000,0.00000000,0.00000000,0.00616955,0.00000000,0.00792945,0.00083251,0.36328891,0.00000000,0.00000000,0.00000000,0.00000000,0.00000000,0.00382571,0.00000000,0.00000000,0.00000000,0.00000000,0.00000000,0.00000000,0.00000000,0.00000000,0.00000000,0.00000000,0.00000000,0.00000000,0.00522974,0.00000000,0.00432634,0.00000000,0.00000000,0.07597199,0.00000000,0.00000000,0.00000000,0.00000000,0.00000000,0.00000000,0.00000000,0.00000000,0.00000000,0.00248499,0.00000000,0.00000000,0.00000000,0.00000000,0.00000000,0.00000000,0.00000000,0.00000000,0.00000000,0.00000000,0.00000000,0.00467746,0.09797293,0.02638740,0.00000000,0.00088401,0.00000000,0.00000000,0.00000000,0.00000000,0.00000000,0.00000000,0.00000000,0.00000000,0.00000000,0.00000000,0.00000000,0.01653096,0.00000000,0.00000000,0.00000000,0.00000000,0.00000000,0.00000000,0.00000000,0.00000000,0.00000000,0.00000000,0.00679795,0.00000000,0.00000000,0.00000000,0.00000000,0.00000000,0.00000000,0.00000000,0.00000000,0.00000000,0.00000000,0.00219665,0.00000000,0.00000000,2.60674503,0.02517798,0.00000000,0.00000000,0.07342401,0.00000000,0.00000000,0.00000000,0.00000000,0.00210917,0.00000000,0.00000000,0.00000000,0.00000000,0.00551400,0.00000000,0.00000000,0.04184705,0.00000000,0.01097205,0.00000000,0.00000000,0.00000000,0.00802774,0.02796648,0.00000000,0.00000000,0.01550254,0.00000000,0.00000000,0.00000000,0.00000000,0.00000000,0.00000000,0.00000000,0.00000000,0.00000000,0.00000000,0.00000000,0.00000000,0.00000000,0.00000000,0.00000000,0.00000000,0.00000000,0.00000000,0.00000000,0.00000000,0.00901349,0.00000000,0.00000000,0.00000000,0.00000000,0.00000000,0.00650895,0.00000000,0.00000000,0.00845681,0.00000000,0.00000000,0.00000000,0.00000000,0.00000000,0.00000000,0.00000000,0.00000000,0.07330987,0.11856632,0.00000000,0.00000000,0.00000000,0.00000000,0.00000000,0.00000000,0.00000000,0.00000000,0.00000000,0.00000000,0.00000000,0.00000000,0.00000000,0.00000000,0.00000000,0.00000000,0.00000000,0.00000000,0.00000000,0.00000000,0.00000000,0.02478600,0.00000000,0.00000000,0.00000000,0.00000000,0.00000000,0.00000000,0.00000000,0.00000000,0.00000000,0.00189739,0.00000000,0.00748158,0.00000000,0.00000000,0.00000000,0.00000000,0.00000000,0.00000000,0.00000000,0.00000000,0.00000000,0.00000000,0.00000000,0.00000000,0.00000000,0.00000000,0.00000000,0.00000000,2.66112058,0.00076159,0.00000000,0.00360096,0.00000000,0.00000000,0.00000000,0.00000000,0.00000000,0.00000000,0.00159745,0.00000000,0.00000000,0.00000000,0.00000000,0.00344060,0.00000000,0.00000000,0.01217491,0.00000000,0.00707174,0.00000000,0.00000000,0.00000000,0.00000000,0.00000000,0.00550938,0.01650020,0.00000000,0.00000000,0.00000000,0.00000000,0.00162967,0.00000000,0.00000000,0.00000000,0.00000000,0.00000000,0.00000000,0.00000000,0.00000000,0.00424790,0.00000000,0.00000000,0.00548540,0.00000000,0.00000000,0.00000000,0.00000000,0.00000000,0.00000000,0.00000000,0.00000000,0.00000000,0.00000000,0.00000000,0.00000000,0.00000000,0.00000000,0.00000000,0.00000000,0.00000000,0.00000000,0.00000000,0.00201318,0.00000000,0.00000000,0.00000000,0.00000000,0.00000000,0.00000000,0.00000000,0.00000000,0.00000000,0.00000000,0.00000000,0.00000000,0.00000000,0.00000000,0.00000000,0.00000000,0.00000000,0.00000000,0.00000000,0.00000000,0.00000000,0.00000000,0.00000000,0.00000000,0.00000000,0.00441304,0.00000000,0.00000000,0.00000000,0.00000000,0.00000000,0.00000000,0.00000000,0.05362947,0.00000000,0.00000000,0.00000000,0.00000000,0.00000000,0.00000000,0.00000000,0.00000000,0.00000000,0.00000000,0.00000000,0.00372121,0.00000000,0.00000000,0.00000000,0.00000000,0.00000000,0.00000000,0.00000000,0.00255656,0.00000000,0.05541336,0.00000000,0.00000000,0.00000000,0.00000000,0.00000000,0.00000000,0.00000000,0.00000000,0.00000000,0.00352385,0.02386876,0.00254067,0.00380709,0.00000000,0.00000000,0.00000000,0.00000000,0.00000000,0.00000000,0.00000000,0.00000000,0.00000000,0.00000000,0.00000000,0.00429289,0.00000000,0.00000000,0.00000000,0.00000000,0.00000000,0.00000000,0.00000000,0.00000000,0.00000000
0.00000000,0.00000000,0.00000000,0.00000000,0.00000000,0.00000000,0.00000000,0.00000000,0.00000000,0.00000000,0.98004672,0.00000000,0.04058509,0.00000000,0.00000000,0.00000000,0.00000000,0.00000000,0.00000000,0.00000000,0.00000000,0.00345457,0.00000000,0.00000000,0.00000000,0.00000000,0.00000000,0.00000000,0.00000000,0.00000000,0.00000000,0.00000000,0.00480179,0.00000000,0.00000000,0.00000000,0.00000000,0.00000000,0.00000000,0.00000000,0.00000000,0.03124894,0.01166315,0.00000000,0.00000000,0.00000000,0.00409421,0.00454741,0.00000000,0.02051452,0.00000000,0.00000000,0.00000000,0.00000000,0.00000000,0.00000000,0.00000000,0.00000000,0.00000000,0.00000000,0.00000000,0.00000000,0.00000000,0.00000000,0.00000000,0.01357084,0.00000000,0.00000000,0.00000000,0.00000000,0.00573610,0.00000000,0.00000000,0.00000000,0.00000000,0.00000000,0.00000000,0.00000000,0.00000000,0.00000000,0.00000000,0.00000000,0.00000000,0.00000000,0.00000000,0.00000000,0.00000000,0.00000000,0.01380031,0.00000000,0.00000000,0.00000000,0.00000000,0.00000000,0.00000000,0.00000000,0.00000000,0.00000000,0.00171135,0.00000000,0.00000000,0.00000000,0.01128893,0.00000000,0.00000000,0.00000000,0.00000000,0.00000000,0.00000000,0.00000000,0.00000000,0.00464300,0.00000000,0.00000000,0.00000000,0.00000000,0.00000000,0.00000000,0.00000000,0.00000000,0.00000000,0.00000000,0.00000000,0.00000000,0.00000000,0.00000000,0.00000000,0.00000000,0.00000000,0.00000000,0.00199285,0.00347981,0.00150602,0.00000000,0.00000000,0.00000000,0.00000000,0.01193444,0.01041967,0.00000000,0.00000000,0.00000000,0.00000000,0.00000000,0.00000000,0.00000000,0.00000000,0.00000000,0.00000000,0.00000000,0.00456407,0.00186211,0.00000000,0.00000000,0.00000000,0.00000000,0.00000000,0.00000000,0.00000000,0.00000000,0.00000000,0.00000000,0.00000000,0.00000000,0.00000000,0.04110884,0.00000000,0.00371521,0.00000000,0.00000000,0.00000000,0.00155274,0.00000000,0.00000000,0.00000000,0.00000000,0.00000000,0.00000000,0.00000000,0.00000000,0.00000000,0.00000000,0.00000000,0.01273540,0.00000000,0.00000000,0.00000000,0.02294363,0.00000000,0.00000000,0.00000000,0.00000000,0.00000000,0.00000000,0.00000000,0.00435088,0.00000000,0.00000000,0.00000000,0.00000000,0.00000000,0.00000000,0.00000000,0.00000000,0.02159553,0.00000000,0.00000000,0.00000000,0.00000000,0.00000000,0.01485287,0.00000000,0.00000000,0.00000000,0.00000000,0.00000000,0.00000000,0.00000000,0.00000000,0.00000000,0.00000000,0.00783099,0.00000000,0.00000000,0.00000000,0.00000000,0.00000000,0.02079986,0.00000000,0.00000000,0.00000000,0.00000000,0.00000000,0.00000000,0.00000000,0.00110717,0.00000000,0.00000000,0.00000000,0.00000000,0.00000000,0.00000000,0.00000000,0.00000000,0.00000000,0.08607892,0.00245424,0.00000000,0.01591419,0.00000000,0.00000000,0.00000000,0.00000000,0.00000000,0.00000000,0.00542097,0.00000000,0.00000000,0.00000000,0.00300014,0.00000000,0.00000000,0.00532539,0.00000000,0.00000000,0.00000000,0.00000000,0.00000000,0.00000000,0.00000000,0.00000000,0.00000000,0.00000000,0.00000000,0.00000000,0.00000000,0.00730877,0.00000000,0.00000000,0.00000000,0.00334350,0.00000000,0.00000000,0.00000000,0.00000000,0.00000000,0.00000000,0.00000000,0.00000000,0.00000000,0.00000000,0.00000000,0.00000000,0.00000000,0.00000000,0.00139304,0.00000000,0.00000000,0.00000000,0.00000000,0.00000000,0.00000000,0.00000000,0.00000000,0.00000000,0.00000000,0.00000000,0.00000000,0.00000000,0.03769879,0.00000000,0.00000000,0.00000000,0.00000000,0.00000000,0.00277483,0.01285804,0.00543207,0.00000000,0.00000000,0.00000000,0.00000000,0.00000000,0.00000000,0.00000000,0.00000000,0.00000000,0.00000000,0.00000000,0.00000000,0.00000000,0.00000000,0.00000000,0.00000000,0.00000000,0.00000000,0.00000000,0.00000000,0.00000000,0.00000000,0.00000000,0.00000000,0.00000000,0.00000000,0.00000000,0.00000000,0.03319914,0.00000000,0.00000000,0.00000000,0.00540092,0.00000000,0.00000000,0.00000000,0.00000000,0.00000000,0.00746132,0.06400419,0.00000000,0.00000000,0.00000000,0.00000000,0.00000000,0.00000000,0.00000000,0.00000000,0.00000000,0.00000000,0.00000000,0.00000000,0.00000000,0.00000000,0.00000000,0.00000000,0.00000000,0.00000000,0.00000000,0.00000000,0.00000000,0.00000000,0.00000000,0.00000000,0.00476942,0.00000000,0.00000000,0.00000000,0.00000000,0.00000000,0.00000000,0.00000000,0.00000000,0.00411893,0.00000000,0.02175795,0.00000000,0.00000000,0.00000000,0.00000000,0.00000000,0.00000000,0.00324591,0.00000000,0.00000000,0.39821558,0.00000000,0.00000000,0.00000000,0.00000000,0.00000000,0.00000000,0.01235054,0.24999310,0.00000000,0.00000000,0.00000000,0.00472007,0.00160287,0.00000000,0.00000000,0.00000000,0.00000000,0.00000000,0.00000000,0.00000000,0.00000000,0.00000000,0.00000000,0.00000000,0.00000000,0.00817563,0.00806713,0.00000000,0.05483871,0.00000000,0.00173563,0.00000000,0.00000000,0.00000000,0.00000000,0.00000000,0.00209669,0.00000000,0.18229885,0.02159823,0.00000000,0.00000000,0.00000000,0.00000000,0.00000000,0.00000000,0.00000000,0.00000000,0.00000000,0.00000000,0.00884839,0.00000000,0.00000000,0.08334316,0.00000000,0.00000000,0.00000000,0.00000000,0.00000000,0.00000000,0.00000000,0.00000000,0.00000000,0.00000000,0.00000000,0.00000000,0.00000000,0.00193924,0.00078384,0.00000000,0.00000000,0.00000000,0.00000000,0.00000000,0.00000000,0.00000000,0.00000000,0.00000000,0.00562479,0.00000000,0.00000000,0.01705116,0.00000000,0.00000000,0.00000000,0.00000000,0.00000000,0.00000000,0.00000000,0.00000000,0.00000000,0.04451801,0.00000000,0.00405945,0.00000000,0.00000000,0.00000000,0.00000000,0.00000000,0.00000000,0.00000000,0.00000000,0.00000000,0.00000000,0.00000000,0.00000000,0.00000000,0.00000000,0.00000000,0.00000000,0.00000000,0.00000000,0.00000000,0.01781704,0.00000000,0.00000000,0.00000000,0.00000000,0.00000000,0.00000000,0.03990402,0.00000000,0.00000000,0.00000000,0.00000000,0.00000000,0.00000000,0.00000000,0.00000000,0.00000000,0.00167423,0.00000000,0.00000000,0.00000000,0.00000000,0.00000000,0.00000000,0.00000000,0.00000000,0.00000000,0.00000000,0.00753066,0.00000000,0.00000000,0.00000000,0.12039960,0.00000000,0.00711149,0.00000000,0.00000000,0.00000000,0.00000000,0.00000000,0.00000000,0.04100361,0.00000000,0.00000000,0.00000000,0.00000000,0.00000000,0.00000000,0.00000000,0.00000000,0.00000000,0.00000000,0.00000000,0.00000000,0.00000000,0.01033744,0.00000000,0.00000000,0.00094037,0.00000000,0.00000000,0.00000000,0.00000000,0.00000000,0.00000000,0.00000000,0.00000000,0.00000000,0.00000000,0.00000000,0.00000000,0.00000000,0.00000000,0.00000000,0.00000000,0.00000000,0.00000000,0.00000000,0.00000000,0.00000000,0.00000000,0.00000000,0.54862874,0.00000000,0.00000000,0.00000000,0.00000000,0.00000000,0.00000000,0.00000000,0.00000000,0.00000000,0.00273713,0.02012861,0.00000000,0.00000000,0.00000000,0.00000000,0.00000000,0.00000000,0.00000000,0.00000000,0.00000000,0.00000000,0.00000000,0.00000000,0.01388497,0.00000000,0.00564922,0.00000000,0.38874705,0.00000000,0.00000000,0.00000000,0.00000000,0.00000000,0.00000000,0.00000000,0.00149040,0.00000000,0.14254178,0.00000000,0.00000000,0.00000000,0.00000000,0.00000000,0.00000000,0.00000000,0.00000000,0.00000000,0.00790555,0.00000000,0.00000000,0.00177306,0.00000000,0.00000000,0.00000000,0.00161879,0.00000000,0.00000000,0.00000000,0.00000000,0.00354604,0.00000000,0.00000000,0.00000000,0.00000000,0.00265544,0.00000000,0.00000000,0.00000000,0.00000000,0.02387128,0.00000000,0.00000000,0.00000000,0.00000000,0.06737550,0.00000000,0.00000000,0.00000000,0.00000000,0.00151715,0.00000000,0.00000000,0.00000000,0.00000000,0.00000000,0.00000000,0.00000000,0.01943182,0.00000000,0.00000000,0.00000000,0.00000000,0.00000000,0.00000000,0.00000000,0.00000000,0.02192969,0.00000000,0.00000000,0.00000000,0.00000000,0.00000000,0.00000000,0.00000000,0.00000000,1.28539043,0.00000000,0.00000000,0.00000000,0.00000000,0.00000000,0.00175221,0.00000000,0.00000000,0.00000000,0.00000000,0.00000000,0.00000000,0.00241832,0.00000000,0.00000000,0.00000000,0.00000000,0.00524320,0.00276450,0.00000000,0.01733397,0.00000000,0.00000000,0.00000000,0.00000000,0.00166339,0.00000000,0.00000000,0.00000000,0.00000000,0.00000000,0.00000000,0.00000000,0.00000000,0.01382592,0.00000000,0.00623606,0.19257668,0.00000000,0.00000000,0.00000000,0.00071002,0.00000000,0.00000000,0.00000000,0.00000000,0.00000000,0.00000000,0.00000000,0.00000000,0.00000000,0.00000000,0.00000000,0.00000000,0.00000000,0.00000000,0.00000000,0.00000000,0.00000000,0.00000000,0.00000000,0.00000000,0.00000000,0.00000000,0.00000000,0.00000000,0.00000000,0.00000000,0.00000000,0.00000000,0.00000000,0.00000000,0.00000000,0.00000000,0.00000000,0.00000000,0.00000000,0.00000000,0.00000000,0.01458331,0.00000000,0.00000000,0.00000000,0.00000000,0.00000000,0.00000000,0.00000000,0.00000000,0.00000000,0.00166267,0.00000000,0.00000000,0.00000000,0.00000000
1.60695802,0.00000000,0.27113111,0.01103180,0.00000000,0.00000000,0.00000000,0.00000000,0.00000000,0.00000000,0.00000000,0.00000000,0.08886466,0.00000000,0.00000000,0.00000000,0.00000000,0.00000000,0.00000000,0.00000000,0.00000000,0.02709675,0.00000000,0.00000000,0.00372488,0.02336823,0.00000000,0.00000000,0.00000000,0.00000000,0.00000000,0.00000000,0.00000000,0.00000000,0.00000000,0.26829078,0.00000000,0.00000000,0.00000000,0.00000000,0.00000000,0.00000000,0.00000000,0.00000000,0.00000000,0.00000000,0.00000000,0.00000000,0.24892476,0.00000000,0.00069182,0.00000000,0.00000000,0.00000000,0.06445178,0.00000000,0.00083722,0.00000000,0.00340456,0.00000000,0.00000000,0.00000000,0.00000000,0.00000000,0.00000000,0.00000000,0.00000000,0.32313597,0.00184927,0.00000000,0.00000000,0.00000000,0.00000000,0.00000000,0.00000000,0.00000000,0.00000000,0.00000000,0.00000000,0.00000000,0.00000000,0.00000000,0.00000000,0.00000000,0.00000000,0.00858822,0.00000000,0.00000000,0.00000000,0.00000000,0.00000000,0.00000000,0.00000000,0.00000000,0.00000000,0.00000000,0.00000000,0.00000000,0.00000000,0.06471900,0.00000000,0.00000000,0.00468470,0.00000000,0.00000000,0.00000000,0.00590502,0.00000000,0.00000000,0.07851925,0.00000000,0.00000000,0.00000000,0.00000000,0.00000000,0.00000000,0.00385590,0.00088158,0.00000000,0.00000000,0.00000000,0.02099879,0.00452997,0.00643461,0.00000000,0.00000000,0.00000000,0.00000000,0.00000000,0.00000000,0.00000000,0.00000000,0.00000000,0.00000000,0.00000000,0.00000000,0.00000000,0.00000000,0.00000000,0.00000000,0.00000000,0.00000000,0.00000000,0.00000000,0.00000000,0.00000000,0.00000000,0.00000000,0.00000000,0.00000000,0.00000000,0.00000000,0.00000000,0.00000000,0.00000000,0.00000000,0.00000000,0.00000000,0.00000000,0.00000000,0.00000000,0.00000000,0.00000000,0.00000000,0.00000000,0.00000000,0.00000000,0.00000000,0.00000000,0.00000000,0.00000000,0.00000000,0.00000000,0.00000000,0.00000000,0.00000000,0.00000000,0.00000000,0.01122973,0.00000000,0.00000000,0.00000000,0.00000000,0.00000000,0.00000000,0.00000000,0.00000000,0.00000000,0.00000000,0.00000000,0.00000000,0.00000000,0.00000000,0.00000000,0.00000000,0.00629383,0.00000000,0.00000000,0.00000000,0.00000000,0.00000000,0.00233187,0.00000000,0.00000000,0.00000000,0.00000000,1.03108463,0.02697006,0.00000000,0.06101363,0.00378178,0.00000000,0.00000000,0.00855801,0.01136886,0.01002385,0.00000000,0.00000000,0.00000000,0.00000000,0.00000000,0.00000000,0.00000000,0.00000000,0.00000000,0.00000000,0.00000000,0.00000000,0.00000000,0.00115934,0.00000000,0.00000000,0.00000000,0.00000000,0.00000000,0.03908804,0.00000000,0.02885354,0.00000000,0.00000000,0.00000000,0.00000000,0.00000000,0.00000000,0.00000000,0.00000000,0.00000000,0.00000000,0.00000000,0.00069040,0.00377266,0.00000000,0.00000000,0.00000000,0.00000000,0.00858033,0.00000000,0.00000000,0.00000000,0.00000000,0.00000000,0.00000000,0.00000000,0.00000000,1.34016643,0.00000000,0.00000000,0.00000000,0.00000000,0.01227741,0.00000000,0.00000000,0.00000000,0.00000000,0.00000000,0.00000000,0.00000000,0.00000000,0.00000000,0.00000000,0.00000000,0.00000000,0.00000000,0.00000000,0.00000000,0.03021904,0.00000000,0.00000000,0.00000000,0.00000000,0.00000000,0.00000000,0.00000000,0.00000000,0.00767933,0.00000000,0.00000000,0.00000000,0.00000000,0.00000000,0.00000000,0.00000000,0.00000000,0.00000000,0.00000000,0.00000000,0.00000000,0.00000000,0.00000000,0.00000000,0.00000000,0.00000000,0.00000000,0.00000000,0.00000000,0.00000000,0.00000000,0.00000000,0.00000000,0.00000000,0.00000000,0.00000000,0.00000000,0.00000000,0.00000000,0.00213410,0.00000000,0.00263349,0.00000000,0.00000000,0.00000000,0.00000000,0.00000000,0.06078359,0.00000000,0.00000000,0.00000000,0.00000000,0.00000000,0.00000000,0.00000000,0.00000000,0.00000000,0.00000000,0.00000000,0.00000000,0.00000000,0.00000000,0.00000000,0.00000000,0.00000000,0.00000000,0.00000000,0.00147591,0.00000000,0.00000000,0.00000000,0.00000000,0.00000000,0.00000000,0.00000000,0.00000000,0.00000000,0.00000000,0.00345527,0.00000000,0.00000000,0.00000000,0.00000000,0.00203300,0.00000000,0.00000000,0.00000000,0.00000000,0.00000000,0.00000000,0.00000000,0.00411112,0.00000000,0.00000000,0.00000000,0.00184134,0.00103192,0.00000000,0.00000000,0.00000000,0.00000000,0.00000000,0.00000000,0.00000000,0.00000000,0.00000000,0.00000000,0.00000000,0.00000000,0.00000000,0.00000000,0.00000000,0.00000000,0.11472046,0.00000000,0.02615531,0.00000000,0.00000000,0.00000000,0.00000000,0.00000000,0.00000000,0.00000000,0.00000000,0.01238310,0.00000000,0.00000000,0.00000000,0.00000000,0.00000000,0.00000000,0.00000000,0.13780757,0.00000000,0.00000000,0.00000000,0.00000000,0.00497772,0.00000000,0.00000000,0.17080477,0.00121631,0.00000000,0.00000000,0.00409068,0.79826280,0.00000000,0.00000000,0.00000000,0.00000000,0.00000000,0.00000000,0.00000000,0.00000000,0.00000000,0.00000000,0.00000000,0.00000000,0.00000000,0.00000000,0.00000000,0.00000000,0.00000000,0.00000000,0.00000000,0.00000000,0.00000000,0.00000000,0.05143671,1.63608288,0.00763674,0.00000000,0.00000000,0.00000000,0.01564803,0.00000000,0.00000000,0.00000000,0.00000000,0.00000000,0.00000000,0.00000000,0.00000000,0.00000000,0.00000000,0.05620926,0.00000000,0.00000000,0.00000000,0.00000000,1.09723719,0.00000000,0.00887494,0.00000000,0.00000000,0.01011891,0.12525322,0.00642793,0.00223069,0.00000000,0.00000000,0.00000000,0.12401399,0.00000000,0.00000000,0.00000000,0.00000000,0.00000000,0.00000000,0.00000000,0.00000000,0.00507681,0.00000000,0.00000000,0.00000000,0.00000000,0.00000000,0.00000000,0.00000000,0.00000000,0.00000000,0.00000000,0.00000000,0.00000000,0.00000000,0.00000000,0.00000000,0.00000000,0.00000000,0.00000000,0.00000000,0.00000000,0.00000000,0.00000000,0.00000000,0.00000000,0.01656247,0.00000000,0.00000000,0.00000000,0.77458881,0.00000000,0.00000000,0.00000000,0.00000000,0.00657269,0.00000000,0.00000000,0.00000000,0.00000000,0.00000000,0.00000000,0.00000000,0.00000000,0.00517515,0.00000000,0.00064008,0.00000000,0.00000000,0.00000000,0.00000000,0.00000000,0.00000000,0.00000000,0.18672508,0.00000000,0.00000000,0.00000000,0.00000000,0.00000000,0.00000000,0.00000000,0.00928105,0.02507573,0.00000000,0.01535018,0.00000000,0.00000000,0.00000000,0.00000000,0.02346316,0.00000000,0.00000000,0.00000000,0.00000000,0.00000000,0.00000000,0.00000000,0.00000000,0.00000000,0.00000000,0.00000000,0.00000000,0.00000000,0.00000000,0.00000000,0.00000000,0.00000000,0.00000000,0.00000000,0.00594024,0.00000000,0.00000000,0.00000000,0.00000000,0.00000000,0.00000000,0.00000000,0.10542888,0.00000000,0.00000000,0.00000000,0.01351419,0.00000000,0.00000000,0.00000000,0.00000000,0.00000000,0.00000000,0.00000000,0.00000000,0.00000000,0.00000000,0.00000000,0.00000000,0.00000000,0.00000000,0.00000000,0.00000000,0.00000000,0.00000000,0.00000000,0.00000000,0.00000000,0.00000000,0.00000000,0.00000000,0.00000000,0.00000000,0.00000000,0.00000000,0.00000000,0.00000000,0.00000000,0.00000000,0.00125119,0.00000000,0.00000000,0.26086710,0.06832544,0.00000000,0.00000000,0.00000000,1.20588741,0.00000000,0.00000000,0.00000000,0.00000000,0.00000000,0.00000000,0.00000000,0.00000000,0.00000000,0.00000000,0.00000000,0.00088548,0.05074474,0.00000000,0.00000000,0.02940040,0.00000000,0.00000000,0.00652602,0.00000000,0.00000000,0.00724406,0.00289279,0.00000000,0.00152788,0.00000000,0.00283908,0.00000000,0.00000000,0.00662527,0.00000000,0.00000000,0.00520477,0.00000000,0.00000000,0.00234866,0.00000000,0.00000000,0.00000000,0.00000000,0.00000000,0.00000000,0.00000000,0.00000000,0.00000000,0.00000000,0.00000000,0.00000000,0.00000000,0.00000000,0.00000000,0.00000000,0.00000000,0.00000000,0.00000000,0.00000000,0.00000000,0.00000000,0.00000000,0.00000000,0.00000000,0.00000000,0.00178900,0.00000000,0.00000000,0.00000000,0.00000000,0.00087691,0.00000000,0.00000000,0.00000000,0.00000000,0.00000000,0.00000000,0.00000000,0.11225942,0.00000000,0.00000000,0.00000000,0.02006577,0.00000000,0.00000000,0.09932333,0.00000000,0.00000000,0.00000000,0.00000000,0.00000000,0.00253359,0.00000000,0.00000000,0.00000000,0.00000000,0.00986295,0.00000000,0.00000000,0.00000000,0.00000000,0.00000000,0.00000000,0.00000000,0.00000000,0.00000000,0.00000000,0.00000000,0.00000000,0.00000000,0.00000000,0.00000000,0.00000000,0.00000000,0.00000000,0.00000000,0.00000000,0.00000000,0.00000000,0.00000000,0.00000000,0.00000000,0.00000000,0.00000000,0.00000000,0.00000000,0.00000000,0.00000000,0.00000000,0.00000000,0.00000000,0.00000000,0.00000000,0.00000000,0.00000000,0.00000000,0.00000000,0.00000000,0.00000000,0.00000000,0.00000000,0.00000000,0.00000000,0.00000000,0.00000000,0.00000000,0.00000000,0.00000000,0.00000000,0.00000000,0.00000000,0.00000000,0.00000000,0.00000000,0.00095901,0.00421403,0.00000000,0.03043163,0.00000000,0.00000000,0.00000000,0.00000000,0.00000000
0.00000000,0.00000000,0.00000000,0.00000000,0.00000000,0.00000000,0.00000000,0.00000000,0.00000000,0.00000000,0.00309342,0.00000000,0.00000000,0.00000000,0.00000000,0.00000000,0.00000000,0.02163314,0.00000000,0.00000000,0.00000000,0.00000000,0.00000000,0.00000000,0.00000000,0.00000000,0.00000000,0.00000000,0.00000000,0.00000000,0.00000000,0.00000000,0.00000000,0.00000000,0.00000000,0.00000000,0.00000000,0.00000000,0.00735614,0.00000000,0.00000000,0.00000000,0.00000000,0.00000000,0.00000000,0.00000000,0.00000000,0.00000000,0.00000000,0.00000000,0.00000000,0.00000000,0.00000000,0.00000000,0.00993778,0.00000000,0.00357044,0.00000000,0.00000000,0.00150222,0.00000000,0.00000000,0.00000000,0.00000000,0.00000000,0.00000000,0.00000000,0.00000000,0.21699468,0.00000000,0.00000000,0.00000000,0.00000000,0.00000000,0.13001450,0.00000000,0.00000000,0.00256987,0.00000000,0.00000000,0.00000000,0.00000000,0.00000000,0.00000000,0.00000000,0.00000000,0.00000000,0.00000000,0.00000000,0.00000000,0.00000000,0.00000000,0.01518154,0.00000000,0.00000000,0.00000000,0.00000000,0.00000000,0.00000000,0.00000000,0.00000000,0.00000000,0.00000000,0.00934514,0.00000000,0.00000000,0.00000000,0.00000000,0.00000000,0.00357755,0.00000000,0.00000000,0.08773308,0.01138965,0.00000000,0.00000000,0.01386810,0.00000000,0.00251270,0.00000000,0.05424249,0.00000000,0.00000000,0.00000000,0.00000000,0.00000000,0.00000000,0.00000000,0.00000000,0.00000000,0.00000000,0.00000000,0.00176265,0.00000000,0.00000000,0.00000000,0.00000000,0.00000000,0.00000000,0.00000000,0.00000000,0.00000000,0.04107323,0.00000000,0.00106585,0.00000000,0.00000000,0.01853197,0.00000000,0.00000000,0.00260573,0.00000000,0.00000000,0.00000000,0.00000000,0.00000000,0.00000000,0.00000000,0.00000000,0.00000000,0.01455051,0.00485833,0.00000000,0.06180834,0.00000000,0.00000000,0.00000000,0.00000000,0.00000000,0.00000000,0.00000000,0.00000000,0.00000000,0.00000000,0.00000000,0.00000000,0.00000000,0.00000000,0.00000000,0.00000000,0.00000000,0.00000000,0.00491603,0.00000000,0.00000000,0.01015586,0.00000000,0.00000000,0.00000000,0.00000000,0.00000000,0.10444507,0.00288972,0.00000000,0.00000000,0.00000000,0.00000000,0.00000000,0.00000000,0.00000000,0.00000000,0.00000000,0.00000000,0.00000000,0.00000000,0.00000000,0.00000000,0.00105276,0.00690413,0.00000000,0.00000000,0.00000000,0.01173493,0.00147369,0.00000000,0.00000000,0.00000000,0.00000000,0.00000000,0.00000000,0.00000000,0.09492230,0.02563889,0.00410444,0.00000000,0.00000000,0.00000000,0.00000000,0.00000000,0.00000000,0.00439167,0.00000000,0.00000000,0.00000000,0.00979533,0.00000000,0.00000000,0.06315838,0.00000000,0.00000000,0.00000000,0.00000000,0.00000000,0.00000000,0.00000000,0.00000000,0.00000000,0.00000000,0.00000000,0.00000000,0.00000000,0.00000000,0.00000000,0.00000000,0.00000000,0.00855726,0.00000000,0.00000000,0.00000000,0.00000000,0.00000000,0.00000000,0.00000000,0.00000000,0.02073740,0.00000000,0.00000000,0.00000000,0.00000000,0.02049343,0.00000000,0.00000000,0.00000000,0.00000000,0.00000000,0.00000000,0.00000000,0.00000000,0.00000000,0.00000000,0.00000000,0.00000000,0.00000000,0.00000000,0.00856723,0.00000000,0.00000000,0.00277346,0.00000000,0.00000000,0.00000000,0.00000000,0.00000000,0.00000000,0.00000000,0.00000000,0.00000000,0.00000000,0.00000000,0.00000000,0.00000000,0.00000000,0.00000000,0.00000000,0.00000000,0.00000000,0.00000000,0.00000000,0.00000000,0.00000000,0.00000000,0.00000000,0.00000000,0.00000000,0.00000000,0.00000000,0.01528303,0.00000000,0.00000000,0.00000000,0.00000000,0.00000000,0.00000000,0.00000000,0.00000000,0.00000000,0.00000000,0.00000000,0.00000000,0.00000000,0.00000000,0.00000000,0.00000000,0.01567570,0.00000000,0.00000000,0.00000000,0.00000000,0.00000000,0.00000000,0.00000000,0.00000000,0.00000000,0.00000000,0.00000000,0.00000000,0.00000000,0.00058613,0.00000000,0.00000000,0.00000000,0.00000000,0.00000000,0.00000000,0.00000000,0.00000000,0.00000000,0.00695785,0.00000000,0.00000000,0.00000000,0.00000000,0.00000000,0.00000000,0.30282828,0.00000000,0.00000000,0.00000000,0.00000000,0.00000000,0.00000000,0.00000000,0.00000000,0.00000000,0.00000000,0.00000000,0.00000000,0.00000000,0.01188255,0.00000000,0.00000000,0.00000000,0.00000000,0.00000000,0.00000000,0.00000000,0.00000000,0.00000000,0.00000000,0.00000000,0.01383362,0.00000000,0.01880935,0.00000000,0.00000000,0.00000000,0.00000000,0.00000000,0.00000000,0.00000000,0.00000000,0.00000000,0.00000000,0.00000000,0.00000000,0.00000000,0.00000000,0.00000000,0.00000000,0.00000000,0.00000000,0.00000000,0.02934849,0.00000000,0.00000000,0.00000000,0.00000000,0.00000000,0.00000000,0.00000000,0.00000000,0.00000000,0.00000000,0.00108538,0.00000000,0.00000000,0.00262043,0.00000000,0.00000000,0.00000000,0.00000000,0.00000000,0.00359846,0.00000000,0.00000000,0.00000000,0.00000000,0.00083844,0.00000000,0.00183720,0.00000000,0.01346812,0.01992133,0.00000000,0.00000000,0.00000000,0.00000000,0.00000000,0.00000000,0.00000000,0.01355229,0.00000000,0.00000000,0.00000000,0.00000000,0.03020797,0.00000000,0.00000000,0.00000000,0.00000000,0.00000000,0.00000000,0.00000000,0.00919139,0.00000000,0.00000000,0.00000000,0.00000000,0.00000000,0.00000000,0.00000000,0.00000000,0.00000000,0.00000000,0.00000000,0.00000000,0.00000000,0.00000000,0.00000000,0.00293314,0.00000000,0.00000000,0.00000000,0.00000000,0.00000000,0.01680272,0.00000000,0.00000000,0.00000000,0.00000000,0.00000000,0.06399723,0.00000000,0.00000000,0.00000000,0.00000000,0.00000000,0.00000000,0.00000000,0.00000000,0.00000000,0.00000000,0.00000000,0.00000000,0.00000000,0.00000000,0.00000000,0.00000000,0.00000000,0.00000000,0.00000000,0.00000000,0.01937000,0.00000000,0.00000000,0.00000000,0.00000000,0.02059627,0.00000000,0.00000000,0.00000000,0.00000000,0.00000000,0.00000000,0.00000000,0.00000000,0.00000000,0.00000000,0.00000000,0.00000000,0.00000000,0.01671722,0.00579194,0.00000000,0.00000000,0.00000000,0.00000000,0.01358040,0.00000000,0.00126176,0.00000000,0.00000000,0.00086385,0.00000000,0.00000000,0.00000000,0.00000000,0.00000000,0.00000000,0.00000000,0.00000000,0.00000000,0.00000000,0.00000000,0.00000000,0.00000000,0.00000000,0.00000000,0.00000000,0.00000000,0.00794949,0.00000000,0.00000000,0.00000000,0.00000000,0.00187968,0.00289421,0.15970269,0.00000000,0.00000000,0.00318961,0.00345680,0.00204625,0.00000000,0.00000000,0.00000000,0.00000000,0.00000000,0.00000000,0.00000000,0.03133447,0.01808280,0.00000000,0.00000000,0.00000000,0.01056290,0.00000000,0.00000000,0.00000000,0.00000000,0.00000000,0.00000000,0.00000000,0.00000000,0.00000000,0.00000000,0.00000000,0.00000000,0.00000000,0.00000000,0.00000000,0.00299022,0.01054696,0.00000000,0.00000000,0.00000000,0.00000000,0.00000000,0.00000000,0.00000000,0.00970142,0.00000000,0.00000000,0.00000000,0.00000000,0.00000000,0.00000000,0.28307723,0.00000000,0.00000000,0.00000000,1.56894363,0.00000000,0.00383692,0.00000000,0.00000000,0.38893504,0.02950810,0.00000000,1.53024753,0.00000000,0.00000000,0.00000000,0.00000000,0.00000000,0.00000000,0.00000000,0.00000000,0.00000000,0.00000000,0.00000000,0.00216204,0.00000000,0.00000000,0.00000000,0.00000000,0.00000000,0.00000000,0.00000000,0.00000000,0.01432095,0.00000000,0.00000000,0.00000000,0.00000000,0.00000000,0.00000000,0.00000000,0.00000000,0.00205397,0.00000000,0.05599769,0.00000000,0.00000000,0.00000000,0.01522552,0.00000000,0.00000000,0.00000000,0.00000000,0.00000000,0.00000000,0.00000000,0.00000000,0.00000000,0.00000000,0.00000000,0.00000000,0.00000000,0.00000000,0.00083797,0.00000000,0.00000000,0.00000000,0.00000000,0.00000000,0.00000000,0.00000000,0.00000000,0.00000000,0.00000000,0.00000000,0.00375098,0.00000000,0.00460203,0.00000000,0.00337809,0.00000000,0.00000000,0.00000000,0.00000000,0.00000000,0.00000000,0.00000000,0.00000000,0.00000000,0.00000000,0.00000000,0.00000000,0.00000000,0.00000000,0.00000000,0.00000000,0.00000000,0.00000000,0.00000000,0.00000000,0.00000000,0.00000000,0.00000000,0.00000000,0.00000000,0.01137752,0.00000000,0.00230518,0.00000000,0.00000000,0.00000000,0.00000000,0.00000000,0.00000000,0.00000000,0.00382129,0.00000000,0.00000000,0.00000000,0.00000000,0.00000000,0.00000000,0.00000000,0.00000000,0.00119477,0.00000000,0.00427818,0.00000000,0.00000000,0.00000000,0.00000000,0.00000000,0.00000000,0.00000000,0.00257627,0.00256414,0.00000000,1.76402257,0.05336750,0.00000000,0.00000000,0.00000000,0.00000000,0.00000000,0.00000000,0.16752759,0.00000000,0.00000000,0.00000000,0.00000000,0.00000000,0.00000000,0.00000000,0.00641818,0.02267447,0.00000000,0.00000000,0.00000000,0.00000000,0.00000000,0.00000000,0.00000000,0.00000000,0.00000000,0.00000000,0.00000000,0.00000000,0.00522409,0.00000000,0.00000000,0.00000000,0.00000000,0.00000000,0.00000000,0.00000000,0.00000000,0.00000000,0.00000000,0.00000000,0.00000000,0.00000000,0.00000000,0.00000000
0.00000000,0.00000000,0.00000000,0.00000000,0.00000000,0.00000000,0.00000000,0.00000000,0.00000000,0.00000000,0.00000000,0.00000000,0.00000000,0.00000000,0.00248405,0.00000000,0.00416358,0.00148565,0.00000000,0.00000000,0.00000000,0.00000000,0.00000000,0.00000000,0.00000000,0.00000000,0.00000000,0.00000000,0.00000000,0.00264501,0.00000000,0.00000000,0.00000000,0.00000000,0.00285619,0.00000000,0.00000000,0.00000000,0.00000000,0.01684864,0.00000000,0.00000000,0.00462052,0.00000000,0.00000000,0.00000000,0.03071350,0.00000000,0.00000000,0.01832315,0.00000000,0.00000000,0.00000000,0.00000000,0.00000000,0.00000000,0.00000000,0.00000000,0.00000000,0.00000000,0.00000000,0.00000000,0.00000000,0.00000000,0.03440205,0.04393922,0.00000000,0.00000000,0.00000000,0.00000000,0.00000000,0.00000000,0.00000000,0.00000000,0.00000000,0.00000000,0.00000000,0.00000000,0.00000000,0.00000000,0.00000000,0.00000000,0.00000000,0.00000000,0.00000000,0.00000000,0.00000000,0.00000000,0.00000000,0.00000000,0.00000000,0.00000000,0.00000000,0.00000000,0.00000000,0.00000000,0.00000000,0.00000000,0.00000000,0.01065960,0.00000000,0.00266375,0.00674928,0.00000000,0.00000000,0.00000000,0.00000000,0.00000000,0.00000000,0.00000000,0.00000000,0.00000000,0.00000000,0.36127618,0.00073690,0.00000000,0.00861030,0.00000000,0.00000000,0.00000000,0.00000000,0.00000000,0.00000000,0.00000000,0.00000000,0.00000000,0.00000000,0.00000000,0.00000000,0.00000000,0.00000000,0.00000000,0.00000000,0.00355002,0.00000000,0.00000000,0.00000000,0.00000000,0.00000000,0.00000000,0.00000000,0.00000000,0.00000000,0.00000000,0.17123509,0.00000000,0.00000000,0.00000000,0.00000000,0.00000000,0.00000000,0.00000000,0.00000000,0.00000000,0.00000000,0.00000000,0.00000000,0.00000000,0.00000000,0.00000000,0.00690412,0.00000000,0.00000000,0.00000000,0.00000000,0.00000000,0.00000000,0.00000000,0.00000000,0.01670031,0.00000000,0.00000000,0.00000000,0.00000000,0.01774916,0.00000000,0.30972831,0.00000000,0.00000000,0.00000000,0.00000000,0.46124956,0.00000000,0.00000000,0.00000000,0.00000000,0.00000000,0.00000000,0.00000000,0.00000000,0.00000000,0.00000000,0.00000000,0.00000000,0.00000000,0.00000000,0.00000000,0.00000000,0.00000000,0.00000000,0.00000000,0.00000000,0.00000000,0.00000000,0.00000000,0.00000000,0.00000000,0.00153581,0.00000000,0.00902234,0.00000000,0.00000000,0.00000000,0.00000000,0.00000000,0.00000000,0.00000000,0.04126791,0.00000000,0.00000000,0.00588808,0.00000000,0.00000000,0.00180134,0.00000000,0.00000000,0.00000000,0.00000000,0.00000000,0.00000000,0.00000000,0.00000000,0.00000000,0.00000000,0.02859487,0.00000000,0.00000000,0.00000000,0.00000000,0.00789803,0.00000000,0.00000000,0.00000000,0.00000000,0.00000000,0.00000000,0.00000000,0.00000000,0.07526212,0.00000000,0.00000000,0.00000000,0.00000000,0.00000000,0.00000000,0.00000000,0.00000000,0.00292108,0.00000000,0.00000000,0.00000000,0.00000000,0.00000000,0.00000000,0.00000000,0.00000000,0.00000000,0.00000000,0.00000000,0.00000000,0.07481214,0.00000000,0.00000000,0.00000000,0.00000000,0.00000000,0.00000000,0.00408461,0.00737556,0.00000000,0.00000000,0.00000000,1.32914559,0.00000000,0.00194370,0.00000000,0.00000000,0.00000000,0.00000000,0.00000000,0.00000000,0.00000000,0.00000000,0.00000000,0.00000000,0.00000000,0.00000000,0.00000000,0.00000000,0.00000000,0.00000000,0.00000000,0.00000000,0.00000000,0.00000000,0.00000000,0.00000000,0.00000000,0.00000000,0.00000000,0.00000000,0.00371517,0.00000000,0.00000000,0.00000000,0.00000000,0.00000000,0.00000000,0.01269261,0.00000000,0.00000000,0.00000000,0.00000000,0.00000000,0.00000000,0.00000000,0.18964629,0.00000000,0.00000000,0.00000000,0.00000000,0.00000000,0.00000000,0.00000000,0.00088761,0.00000000,0.00000000,0.00000000,0.00000000,0.00000000,0.00212302,0.00000000,0.00000000,0.00000000,0.00000000,0.00000000,0.00000000,0.00000000,0.00000000,0.00000000,0.00000000,0.00000000,0.00000000,0.00000000,0.00000000,0.00000000,0.00000000,0.00000000,0.00280289,0.00000000,0.00000000,0.00236313,0.00000000,0.00000000,0.00000000,0.00000000,0.00000000,0.12635919,0.00000000,0.00000000,0.00000000,0.00000000,0.00000000,0.00000000,0.00000000,0.00000000,0.00000000,0.00000000,0.00000000,0.00000000,0.00000000,0.00000000,0.01574742,0.00000000,0.00000000,0.00000000,0.00558900,0.00000000,0.00724868,0.00340877,0.00875118,0.00000000,0.00000000,0.00000000,0.00085606,0.00000000,0.00000000,0.00000000,0.00000000,0.00000000,0.00000000,0.00000000,0.00000000,0.00000000,0.00000000,0.00000000,0.00000000,0.00000000,0.00000000,0.00000000,2.14493286,0.00000000,0.00000000,0.00000000,0.00000000,0.03760571,0.00000000,0.01747784,0.00000000,0.00000000,0.00000000,0.00000000,0.05414215,0.00000000,0.00000000,0.00666152,0.00000000,0.00000000,0.00000000,0.00000000,0.00000000,0.00000000,0.00000000,0.00646061,0.00000000,0.00000000,0.00000000,0.00000000,0.00000000,0.00000000,0.00000000,0.00000000,0.00000000,0.00000000,0.00000000,0.00000000,0.00000000,0.00000000,0.00000000,0.00000000,0.00000000,0.00000000,0.00000000,0.00000000,0.00000000,0.00000000,0.00000000,0.00477165,0.00000000,0.00000000,0.00000000,0.00772268,0.00000000,0.00000000,0.00000000,0.00000000,0.00259739,0.00132209,0.00000000,0.00000000,0.00000000,0.00313971,0.00000000,0.00000000,0.00000000,0.00000000,0.00000000,0.01936499,0.00000000,0.00000000,0.00000000,0.00000000,0.41664362,0.00000000,0.00000000,0.00000000,0.00000000,0.00000000,0.00000000,0.00000000,0.00000000,0.00000000,0.00000000,0.00000000,0.00000000,0.00189726,0.00000000,0.00000000,0.00000000,0.00000000,0.00000000,0.00000000,0.00000000,0.00000000,0.00000000,0.00000000,0.00000000,0.00000000,0.00000000,0.00000000,0.00000000,0.00000000,0.00000000,0.00000000,0.00000000,0.00000000,0.00000000,0.00000000,0.00000000,0.00000000,0.00000000,0.00000000,0.00000000,0.01027318,0.00000000,0.00000000,0.00320122,0.00000000,0.00000000,0.00000000,0.00000000,0.00112394,0.00000000,0.00000000,0.00000000,0.00000000,0.00000000,0.00000000,0.00703609,0.00000000,0.00000000,0.00000000,0.00000000,0.00000000,0.00298221,0.00000000,0.00000000,0.00000000,0.00000000,0.00000000,0.00000000,0.00000000,0.00000000,0.00000000,0.00000000,0.00000000,0.00000000,0.00000000,0.00381729,0.00000000,0.00000000,0.00210351,0.00000000,0.00000000,0.00000000,0.00652697,0.00486353,0.00000000,0.00000000,0.00000000,0.00000000,0.00000000,0.00000000,0.02898132,0.00000000,0.00000000,0.00000000,0.00000000,0.00000000,0.00000000,0.01223516,0.00000000,0.01398655,0.02586542,0.00000000,0.00000000,0.00000000,0.16088925,0.00503328,0.00000000,0.00000000,0.00000000,0.00000000,0.00000000,0.06539293,0.00000000,0.00000000,0.00000000,0.00000000,0.00000000,0.00000000,0.00000000,0.00000000,0.00000000,0.11245296,0.00000000,0.00000000,0.00417353,0.00000000,0.00000000,0.01930696,0.00000000,0.00000000,0.00000000,0.00000000,0.00000000,0.00000000,0.00000000,0.00000000,0.00000000,0.00161435,0.00000000,0.00000000,0.00000000,0.00000000,0.00000000,0.00000000,0.07699680,0.01635529,0.00000000,0.00000000,0.00000000,0.00000000,0.00000000,0.00000000,0.00000000,0.00000000,0.00000000,0.00000000,0.00000000,0.00000000,0.00000000,0.00000000,0.00000000,0.00000000,0.00000000,0.00000000,0.00000000,0.00000000,0.00780446,0.00000000,0.00000000,0.00000000,0.00000000,0.02235629,0.00000000,0.00000000,0.00000000,0.00000000,0.00551362,0.00000000,0.00000000,0.00000000,0.00000000,0.00000000,0.00000000,0.00000000,0.00439077,0.00000000,0.00000000,0.00000000,0.00000000,0.00000000,0.00000000,0.00000000,0.00000000,0.00000000,0.00000000,0.00000000,0.00000000,0.00000000,0.00000000,0.00000000,0.00000000,0.00000000,0.00000000,0.00000000,0.00000000,0.15238700,0.00000000,0.04487589,0.00939908,0.00638956,0.00000000,0.00000000,0.00000000,0.00000000,0.00000000,0.00000000,0.00000000,0.00000000,0.00000000,0.00000000,0.00000000,0.00000000,0.00000000,0.00000000,0.00000000,0.00000000,0.00000000,0.00000000,0.00546703,0.00000000,0.00000000,0.00067313,0.00000000,0.00000000,0.00000000,0.00000000,0.00000000,0.00000000,0.00000000,0.00000000,0.00000000,0.00427481,0.00000000,0.00000000,0.02874887,0.00000000,0.00000000,0.00000000,0.00000000,0.00000000,0.00000000,0.01196668,0.00000000,0.16215672,0.01620587,0.00000000,0.00000000,0.00000000,0.01822104,0.00000000,0.00000000,0.00502192,0.00000000,0.14032689,0.00000000,0.00000000,0.00000000,0.00000000,0.00000000,0.00000000,0.00000000,0.00000000,0.00000000,0.00000000,0.00000000,0.08583229,0.00266445,0.00000000,0.00000000,0.00000000,0.00000000,0.00000000,0.00000000,0.00000000,0.00000000,0.00000000,0.00000000,0.00000000,0.00000000,0.00000000,0.00000000,0.00000000,0.00000000,0.00000000,0.00000000,0.00375994,0.00000000,0.00000000,0.16410239,0.00000000,0.00000000,0.00000000,0.00000000,0.00000000,0.00209546,0.00000000,0.00000000,0.00000000,0.00000000,0.00866440,0.00000000,0.01551971,0.00000000,0.00000000,0.00000000,0.00183147,0.00000000
0.00241182,0.00000000,0.00000000,0.00000000,0.02592334,0.00000000,0.00000000,0.00000000,0.00000000,0.00000000,0.00000000,0.00000000,0.00000000,0.00000000,0.00000000,0.00000000,0.00000000,0.00000000,0.00000000,0.00000000,0.07315010,0.00000000,0.03923420,0.00000000,0.00000000,0.00000000,0.00000000,0.00000000,0.00000000,0.00000000,0.00494738,0.00000000,0.00000000,0.00000000,0.00000000,0.00000000,0.00000000,0.00436591,0.00000000,0.00000000,0.00000000,0.00000000,0.01428871,0.00000000,0.00000000,0.00000000,0.00245423,0.00000000,0.00000000,0.00000000,0.00000000,0.00000000,0.00000000,0.00000000,0.00000000,0.00000000,0.00000000,0.00000000,0.00000000,0.00402442,0.00000000,0.00000000,0.00000000,0.00000000,0.04253847,0.00000000,0.00000000,0.00000000,0.00000000,0.01142074,0.00000000,0.00000000,0.00000000,0.00000000,0.01851668,0.00000000,0.00000000,0.00000000,0.00000000,0.00000000,0.00000000,0.00000000,0.00000000,0.00691607,0.00000000,0.00000000,0.00000000,0.02171277,0.00000000,0.03047883,0.00000000,0.00475391,0.00000000,0.00000000,0.00000000,0.00000000,0.00000000,0.10866968,0.00733443,0.00000000,0.00000000,0.00000000,0.00000000,0.00000000,0.00000000,0.00000000,0.00308738,0.00000000,0.00000000,0.00000000,0.00000000,0.00000000,0.00000000,0.00000000,0.00000000,0.00000000,0.00000000,0.04564629,0.00000000,0.00000000,0.00000000,0.00000000,0.00000000,0.00000000,0.00000000,0.00000000,0.00000000,0.01951539,0.00000000,0.00000000,0.00000000,0.00000000,0.00000000,0.00000000,0.00000000,0.00000000,0.00000000,0.00000000,0.00000000,0.00000000,0.00000000,0.00000000,0.00000000,0.00000000,0.00000000,0.00000000,0.00000000,0.00000000,0.00000000,0.00000000,0.00000000,0.00000000,0.00684595,0.00000000,0.00000000,0.00000000,1.54516204,0.00000000,0.00000000,0.00000000,0.00000000,0.00000000,0.00000000,0.00000000,0.00000000,0.00000000,0.00000000,0.00000000,0.00000000,0.00000000,0.00000000,0.00000000,0.00000000,0.00000000,0.00000000,0.00000000,0.00000000,0.00000000,0.00000000,0.00929613,0.00000000,0.00000000,0.00000000,0.00000000,0.00000000,0.00000000,0.00000000,0.00000000,0.00000000,0.00425002,0.00000000,0.00000000,0.00000000,0.00000000,0.00167097,0.00000000,0.00124861,0.00000000,0.00000000,0.00000000,0.00000000,0.00343952,0.00000000,0.00000000,0.00000000,0.00468688,0.00000000,0.00000000,0.00000000,0.00000000,0.00000000,0.00000000,0.00000000,0.00262454,1.05767748,0.00000000,0.00000000,0.00438407,0.00000000,0.00000000,0.00000000,0.00000000,0.00000000,0.00000000,0.00000000,0.00000000,0.00000000,0.00000000,0.00000000,0.00000000,0.00000000,0.00000000,0.00000000,2.87578861,0.00000000,0.00000000,0.00000000,0.00000000,0.01753964,0.00000000,0.00000000,0.00000000,0.00000000,0.02996020,0.00000000,1.86930720,0.00000000,0.00000000,0.00000000,0.00000000,0.00000000,0.00000000,0.00000000,0.00000000,0.00000000,0.00000000,0.00000000,0.00000000,0.00000000,0.00000000,0.00000000,0.00000000,0.00000000,0.00000000,0.02365091,0.00000000,0.00000000,0.00000000,0.00000000,1.06946642,0.00000000,0.00000000,0.00000000,0.00000000,0.00000000,0.00000000,0.00000000,0.00000000,0.00000000,0.00000000,0.00000000,0.00000000,0.00000000,0.00000000,0.00123075,0.00000000,0.00560516,0.00000000,0.00000000,0.00000000,0.00000000,0.00201638,0.00000000,0.00000000,0.00000000,0.04390761,0.00000000,0.00000000,0.00000000,0.00000000,0.00000000,0.00000000,0.00000000,0.00000000,0.00390055,0.00000000,0.00115032,0.00000000,0.00000000,0.00000000,0.00000000,0.00000000,0.00000000,0.00294960,0.00000000,0.00000000,0.00000000,0.00000000,0.00000000,0.00000000,0.00000000,0.00000000,0.00000000,0.00000000,0.02326138,0.00000000,0.00000000,0.00000000,0.02894544,0.00000000,0.00000000,0.00000000,0.00000000,0.00000000,0.00000000,0.00000000,0.01560279,0.00000000,0.00000000,0.00000000,0.00000000,0.00000000,0.00000000,0.00000000,0.00000000,0.03976729,0.00000000,0.00000000,0.00000000,0.00000000,0.00000000,0.00000000,0.00000000,0.00000000,0.00000000,0.00000000,0.00000000,0.00877214,0.00000000,0.00197232,0.00000000,0.00000000,0.00000000,0.00000000,0.00000000,0.00000000,0.00000000,0.00000000,0.00000000,0.00000000,0.00000000,0.00000000,0.00000000,0.03184105,0.00000000,0.00291074,0.00000000,0.00000000,0.00000000,0.00000000,0.00000000,0.00000000,0.00000000,0.00000000,0.00000000,0.00000000,0.00000000,0.00000000,0.00000000,0.75874498,0.00000000,0.00000000,0.00000000,0.00000000,0.00000000,0.00000000,0.00000000,0.14658190,0.00554839,0.00000000,0.00000000,0.00000000,0.00000000,0.08208578,0.00000000,0.00000000,0.00000000,0.00000000,0.00133581,0.00000000,0.00000000,0.00245479,0.00000000,0.00000000,0.03932134,0.00000000,0.00000000,0.00000000,0.00000000,0.00000000,0.00000000,0.00000000,0.00000000,0.00000000,0.00934519,0.00000000,0.00000000,0.00000000,0.00597219,0.11503902,0.00000000,0.00000000,0.00000000,0.00000000,0.00000000,0.00000000,0.00000000,0.00000000,0.00000000,0.00000000,0.00000000,0.00000000,1.01380427,0.04055664,0.00000000,0.00000000,0.00000000,0.00000000,0.00000000,0.00066467,0.00000000,0.00000000,0.00000000,0.00000000,0.00000000,0.00154966,0.00000000,0.00000000,0.00000000,0.00000000,0.00000000,0.00000000,0.00000000,0.00822752,0.00606093,0.00000000,0.00461928,0.00000000,0.00000000,0.01544728,0.00000000,0.00000000,0.00000000,0.00000000,0.00000000,0.00000000,0.00000000,0.47944088,0.17442279,0.00000000,0.00000000,0.00000000,0.00000000,0.00000000,0.00000000,3.22992417,0.00000000,0.00000000,0.00000000,0.00000000,0.00000000,0.00000000,0.00000000,0.00000000,0.00000000,0.00000000,0.00000000,0.00000000,0.00000000,0.00000000,0.00000000,0.00000000,0.00000000,0.00000000,0.00000000,0.00000000,0.00000000,0.00000000,0.00000000,0.00000000,0.00000000,0.02583272,0.58931036,0.00000000,0.00000000,0.00000000,0.02888029,0.00000000,0.02224206,0.00000000,0.00000000,0.00000000,0.00000000,0.00000000,0.00000000,0.00000000,0.00000000,0.00000000,0.00000000,0.00000000,0.00000000,0.00000000,0.00000000,0.00000000,0.00000000,0.00694186,0.00000000,0.00000000,0.00000000,0.00000000,0.00000000,0.00000000,0.00000000,0.00000000,0.00000000,0.00000000,0.00000000,0.00000000,0.00000000,0.00174344,0.00000000,0.00000000,0.00000000,0.00000000,0.00000000,0.00000000,0.00000000,0.00000000,0.00000000,0.00000000,0.00000000,0.00000000,0.00000000,0.00328126,0.00000000,0.00000000,0.00000000,0.00000000,0.00000000,0.00000000,0.00000000,0.00000000,0.00000000,0.00000000,0.00000000,0.00000000,0.00000000,0.00000000,0.00000000,0.00730751,0.00000000,0.00000000,0.00000000,0.80719698,0.00000000,0.00000000,0.00000000,0.00000000,0.00000000,0.00000000,0.00000000,0.00000000,0.00000000,0.00000000,0.00000000,0.00000000,0.00000000,0.00000000,0.00000000,0.00000000,0.00000000,0.00000000,0.00000000,0.00000000,0.00000000,0.00000000,0.00000000,0.08307293,0.00000000,0.00000000,0.02776897,0.00000000,0.00000000,0.00000000,0.00000000,0.00000000,0.00000000,0.00000000,0.00000000,0.00000000,0.00672259,0.00000000,0.00000000,0.00000000,0.00000000,0.00264357,0.00000000,0.00000000,0.00000000,0.00000000,0.02950675,0.00000000,0.00000000,0.00000000,0.00000000,0.00000000,0.00000000,0.00000000,0.00000000,0.00000000,0.00000000,0.00000000,0.15746392,0.00097019,0.02884641,0.00000000,0.00850243,0.00000000,0.00000000,0.00000000,0.00000000,0.00000000,0.00000000,0.00000000,0.00000000,0.00000000,0.00000000,0.00000000,0.00000000,0.00000000,0.00000000,0.00000000,0.00689750,0.00000000,0.00000000,0.00000000,0.00000000,0.00000000,0.00000000,0.00000000,0.00000000,0.00000000,0.00207693,0.00000000,0.00000000,0.00000000,0.00000000,0.00000000,0.00000000,0.00000000,0.00000000,0.00000000,0.00000000,0.00000000,0.00000000,0.01157622,0.00000000,0.00000000,0.00000000,0.00000000,0.00000000,0.00000000,0.00000000,0.00000000,0.00000000,0.01868051,0.00000000,0.00000000,0.00000000,0.00000000,0.00000000,0.00000000,0.00000000,0.00466955,0.05503913,0.00000000,0.00000000,0.00000000,0.00000000,0.00000000,0.00000000,0.00000000,0.00000000,0.00000000,0.00000000,0.00000000,0.00000000,0.03586287,0.00000000,0.00000000,0.00000000,0.01445257,0.06925823,0.00000000,0.00000000,0.00000000,0.00000000,0.00000000,0.00000000,0.00000000,0.00000000,0.00000000,0.00000000,0.00000000,0.00000000,0.00000000,0.00000000,0.01234107,0.00185451,0.00000000,0.00000000,0.00000000,0.00000000,0.05025519,0.00000000,0.00000000,0.00000000,0.00000000,0.00000000,0.00000000,0.00000000,0.10413631,0.05190766,0.01388939,0.00000000,0.00000000,0.00000000,0.00000000,0.00000000,0.00000000,0.00000000,0.00000000,0.00000000,0.00000000,0.00000000,0.00432153,0.00000000,0.00000000,0.03215240,0.00000000,0.00000000,0.02213357,0.00000000,0.01230723,0.00000000,0.00000000,0.00000000,0.00000000,0.00000000,0.00000000,0.00000000,0.00000000,0.00000000,0.00000000,0.00000000,0.00000000,0.00000000,0.00000000,0.00000000,0.00000000,0.00348082,0.00000000,0.00000000,0.00000000,0.00778725,0.00000000,0.00000000,0.00000000,0.00171369,0.00000000
0.00000000,0.00000000,0.00000000,0.00000000,0.00000000,0.00000000,0.00000000,0.00000000,0.00352209,0.00000000,0.00000000,0.01957015,0.00000000,0.00000000,0.00000000,0.00000000,0.00000000,0.00000000,0.00000000,0.00000000,0.00000000,0.00000000,0.00000000,0.00000000,0.00000000,0.00000000,0.00000000,0.00000000,0.00000000,0.00000000,0.00000000,0.00000000,0.00000000,0.00000000,0.02183598,0.00000000,0.00000000,0.00000000,0.00000000,0.00000000,0.00470926,0.00310726,0.00000000,0.00123411,0.00000000,0.05581594,0.00000000,0.00000000,0.00000000,0.00000000,0.00941370,0.00000000,0.00000000,0.00000000,0.00000000,0.00000000,0.00000000,0.00000000,0.00000000,2.78215749,0.00000000,0.00000000,0.00294547,0.00000000,0.01662603,0.00000000,0.00000000,0.00000000,0.00000000,0.00000000,0.00000000,0.00000000,0.00000000,0.00000000,0.00000000,0.00000000,0.00000000,0.00000000,0.00000000,0.00000000,0.00000000,0.00594322,0.00000000,0.00000000,0.00000000,0.00000000,0.00000000,0.00000000,0.00000000,0.00000000,0.00000000,0.00000000,0.01669173,0.00000000,0.00000000,0.00000000,0.00878804,0.00000000,0.00000000,0.00000000,0.00000000,0.00000000,0.00065014,0.00000000,0.00000000,0.00000000,0.00000000,0.00000000,0.00000000,0.00000000,0.00000000,0.00000000,0.00000000,0.00000000,0.00000000,0.00393019,0.00000000,0.00000000,0.00000000,0.00000000,0.00000000,0.00000000,0.00545160,0.00000000,0.00000000,0.00000000,0.00000000,0.00000000,0.00000000,0.00000000,0.00000000,0.00000000,0.00000000,0.00000000,0.00000000,0.00000000,0.00000000,0.00000000,0.00000000,0.00000000,0.00216150,0.00000000,0.00000000,0.01130812,0.01790950,0.26988195,0.00000000,0.00000000,0.00604499,0.00000000,0.00000000,0.00000000,0.00000000,0.00000000,0.00000000,0.21672028,0.00538462,0.00000000,0.00389218,0.00000000,0.00000000,0.00000000,0.00000000,0.00000000,0.00000000,0.00000000,0.00000000,0.00000000,0.00423455,0.00000000,0.00000000,0.00000000,0.00000000,0.00000000,0.00000000,0.00000000,0.00000000,0.00181642,0.00000000,0.00000000,0.00000000,0.00000000,0.00000000,0.00000000,0.00084374,0.00000000,0.00000000,0.00000000,0.00000000,0.00000000,0.00000000,0.00000000,0.00000000,0.00000000,0.00000000,0.00000000,0.00000000,0.00000000,0.00000000,0.00000000,0.00000000,0.00000000,0.00000000,0.03392250,0.00000000,0.00000000,0.00000000,0.00000000,0.00000000,0.00000000,0.05603131,0.00000000,0.00000000,0.09191756,0.00000000,0.00000000,0.00000000,0.00946573,0.00000000,0.00000000,0.00000000,0.00441235,0.00000000,0.01002142,0.00000000,0.00000000,0.00000000,0.00733502,0.00000000,0.00000000,0.00446917,0.00230815,0.00000000,0.00000000,0.00000000,0.00751121,0.00000000,0.00000000,0.00000000,0.00000000,0.00000000,0.00000000,0.00000000,0.00000000,0.19248743,0.00000000,0.00000000,0.00000000,0.00000000,0.00000000,0.00000000,0.00000000,0.00000000,0.00000000,0.00000000,0.00000000,0.00000000,0.00000000,0.00000000,0.00794267,0.00000000,0.00000000,0.00000000,0.00168488,0.00000000,0.00000000,0.05011630,0.14685817,0.00000000,0.00000000,0.00000000,0.00000000,0.00000000,0.00000000,0.00000000,0.00000000,0.00000000,0.00000000,0.00137987,0.00000000,0.00622351,0.00000000,0.00000000,0.00000000,0.00000000,0.00000000,0.00000000,0.00000000,0.00000000,0.00000000,0.00000000,0.00000000,0.00347183,0.00000000,0.00000000,0.00000000,0.00000000,0.00000000,0.00000000,0.03044877,0.00000000,0.00166920,0.00000000,0.00000000,0.00000000,0.00000000,0.00000000,0.00000000,0.00000000,0.00000000,0.00000000,0.00000000,0.01882353,0.00300029,0.00000000,0.00000000,0.00844574,0.00000000,0.00000000,0.09181180,0.00000000,0.00000000,0.00000000,0.00000000,0.00000000,0.00000000,0.00000000,0.00134025,0.00000000,0.00000000,0.00000000,0.00000000,3.23465885,0.00000000,0.00000000,0.00000000,0.00000000,0.09953512,0.00000000,0.00000000,0.00000000,0.00922753,0.00000000,0.00000000,0.00000000,0.00000000,0.00000000,0.00000000,0.00000000,0.00000000,0.00000000,0.00000000,0.02821252,0.00000000,0.00000000,0.00518299,0.00000000,0.00000000,0.00566738,0.04432931,0.00000000,0.00000000,0.00000000,0.00000000,0.00000000,0.00000000,0.93520093,0.00000000,0.00000000,0.03549788,0.00000000,0.00000000,0.00000000,0.00000000,0.00000000,0.03316542,0.00000000,0.00000000,0.00000000,0.00000000,0.00000000,0.00000000,0.02153019,0.00000000,0.00000000,0.00000000,0.00000000,0.00000000,0.00000000,0.00000000,0.00000000,0.00000000,0.00000000,0.00000000,0.00000000,0.00000000,0.00000000,0.00000000,0.00000000,0.00000000,0.00000000,0.00000000,0.00111965,0.00000000,0.00000000,0.00899191,0.00000000,0.00000000,0.00000000,0.00000000,0.00000000,0.00000000,0.00000000,0.00000000,0.00000000,0.00000000,0.00717634,0.00000000,0.00000000,0.00000000,0.03183199,0.00000000,0.00864893,0.00000000,0.00000000,0.00000000,0.00000000,0.00000000,0.00000000,0.00000000,0.00000000,0.00000000,0.00000000,0.00000000,0.00000000,0.00000000,0.00000000,0.00428764,0.00000000,0.00000000,0.00000000,0.00000000,0.00000000,0.00248378,0.00000000,0.00000000,0.00000000,0.00000000,0.00000000,0.00000000,0.00000000,0.00000000,0.00000000,0.00000000,0.00000000,0.00000000,0.00000000,0.00000000,0.00000000,0.00000000,0.00000000,0.00686430,0.01289091,0.00000000,0.00000000,0.00000000,0.00000000,0.00000000,0.00693846,0.00000000,0.00000000,0.00000000,0.00000000,0.00251517,0.00000000,0.00000000,0.00000000,0.00000000,0.00000000,0.00000000,0.00000000,0.00000000,0.00000000,0.09399466,0.00000000,0.00000000,0.00000000,0.00000000,0.00000000,0.00000000,0.00000000,0.00000000,0.00665017,0.00000000,0.00000000,0.00000000,0.00000000,0.00000000,0.00000000,0.07849099,0.00000000,0.00000000,0.00000000,0.00000000,0.00000000,0.00000000,0.00000000,0.00000000,0.00000000,0.00000000,0.02583272,0.00000000,0.00000000,0.00000000,0.38724156,0.00000000,0.00000000,0.00000000,0.00000000,0.00000000,0.00000000,0.00000000,0.00000000,0.00000000,0.00000000,0.00000000,0.00000000,0.00571678,0.00000000,0.00000000,0.00434376,0.00000000,0.00000000,0.00000000,0.00000000,0.00000000,0.00000000,0.00000000,0.00000000,0.00000000,0.00000000,0.00000000,0.00000000,0.00000000,0.00000000,0.00000000,0.00000000,0.00000000,0.00000000,0.00000000,0.00000000,0.01435342,0.00000000,0.00000000,0.00000000,0.00000000,0.00000000,0.00000000,0.00000000,0.00000000,0.00000000,0.00000000,0.00000000,0.00000000,0.00000000,0.00000000,0.00000000,0.00000000,0.00000000,0.00000000,0.00000000,0.00123771,0.00000000,0.00000000,0.00000000,0.00000000,0.00000000,0.00277354,0.00719723,0.14923865,0.00000000,0.00000000,0.00000000,0.00000000,0.00000000,0.02243402,0.00000000,0.00000000,0.00000000,0.00000000,0.00000000,0.00000000,0.00000000,0.00000000,0.00000000,0.00000000,0.00000000,0.01298579,0.00000000,0.00000000,0.00000000,0.00000000,0.00000000,0.00000000,0.02786604,0.00000000,0.00000000,0.00000000,0.00000000,0.00000000,0.00000000,0.00000000,0.00000000,0.00000000,0.00000000,0.00000000,0.00000000,0.00000000,0.00000000,0.00000000,0.00000000,0.00000000,0.00000000,0.00000000,0.00000000,0.00000000,0.18212219,0.00000000,0.00000000,0.00000000,0.00000000,0.03623684,0.00000000,0.00000000,0.00000000,0.00000000,0.00000000,0.00000000,0.00000000,0.00000000,0.00194943,0.00000000,0.00000000,0.00000000,0.00802661,0.00000000,0.00000000,0.00000000,0.00000000,0.00000000,0.00000000,0.00000000,0.00000000,0.00000000,0.00000000,0.00000000,0.00000000,0.02057078,0.00000000,0.00000000,0.00000000,0.00000000,0.04123639,0.00000000,0.01207393,0.00000000,0.00000000,0.00000000,0.00000000,0.00000000,0.00000000,0.00000000,0.00000000,0.00000000,0.00000000,0.00000000,0.00000000,0.00000000,0.00000000,0.01199287,0.00000000,0.00000000,0.00000000,0.00000000,0.00000000,0.00000000,0.00000000,0.00000000,0.00000000,0.00000000,0.00000000,0.00000000,0.00000000,0.00000000,0.00371063,0.00000000,0.00000000,0.00000000,0.00000000,0.00000000,0.00000000,0.00000000,0.03595170,0.00000000,0.00000000,0.00000000,0.00000000,0.00000000,0.00000000,0.00000000,0.00000000,0.00000000,0.00000000,0.00113642,0.00000000,0.00000000,0.00000000,0.00000000,0.00000000,0.00000000,0.00000000,0.00000000,0.00763129,0.00000000,0.35726062,0.00000000,0.00000000,0.00000000,0.00000000,0.00000000,0.00337848,0.00000000,0.03422769,0.02120211,0.00000000,0.00000000,0.00000000,0.00000000,0.02256988,0.00000000,0.57719014,0.00000000,0.00000000,0.11490935,0.00000000,0.10973936,0.00000000,0.00000000,0.00000000,0.00000000,0.00000000,0.00000000,0.00108899,0.00000000,0.00000000,0.00000000,0.00000000,0.00000000,0.00000000,0.00000000,0.00000000,0.00000000,0.00000000,0.00000000,0.00000000,0.00000000,0.00000000,0.00000000,0.00000000,0.00000000,0.00000000,0.00000000,0.00000000,0.01416617,0.00000000,0.00000000,0.00000000,0.00000000,0.00520475,0.00000000,0.00000000,0.00000000,0.00000000,0.00000000,0.00000000,0.00000000,0.00000000,0.00000000,0.00000000,0.00000000,0.00000000,0.00000000,0.00000000,0.00000000,0.00000000,0.00260521,0.00000000,0.00000000,0.00000000,0.00000000
0.00582233,0.00000000,0.00000000,0.00000000,0.00000000,0.00000000,0.00000000,0.00000000,0.00000000,0.00000000,0.00000000,0.00000000,0.00000000,0.00422773,0.00000000,0.00000000,0.00000000,0.00000000,0.01219620,0.00000000,0.00000000,0.00000000,0.00000000,0.00000000,0.00000000,0.00000000,0.00000000,0.00519212,0.00000000,0.00000000,0.00000000,0.00000000,0.00000000,0.00000000,0.00000000,0.00000000,0.00000000,0.00000000,0.00000000,0.00000000,0.00000000,0.00187006,0.00000000,0.00000000,0.00000000,0.00000000,0.00000000,0.00000000,0.00000000,0.00236626,0.00099424,0.08299918,0.00000000,0.00000000,0.42962198,0.00000000,0.00000000,0.00000000,0.00000000,0.00000000,0.00000000,0.00000000,0.00000000,0.00000000,0.00000000,0.00000000,0.00590747,0.00000000,0.00000000,0.00000000,0.00000000,0.00000000,0.00000000,0.00000000,0.00000000,0.00000000,0.00000000,0.00000000,0.00000000,0.00000000,0.00000000,0.00000000,0.00000000,0.00000000,0.00000000,0.00000000,0.00000000,0.00000000,0.00000000,0.00329315,0.00000000,0.02380193,0.00000000,0.00000000,0.00000000,0.07059930,0.00000000,0.00000000,0.00000000,0.00000000,0.00000000,0.00000000,0.00000000,0.00000000,0.00000000,0.00000000,0.00000000,0.00000000,0.00000000,0.00531966,0.00000000,0.00000000,0.00000000,0.00000000,0.00000000,0.02030512,0.00000000,0.00000000,0.00000000,0.00000000,0.00268890,0.00000000,0.00000000,0.00000000,0.00000000,0.12027019,0.00000000,0.00000000,0.00000000,0.01047114,0.00000000,0.00000000,0.00000000,0.00000000,0.00000000,0.00000000,0.00000000,0.00000000,0.00000000,0.00000000,0.00000000,0.00000000,0.00315402,0.00000000,0.00000000,0.00000000,0.00000000,0.00000000,0.00000000,0.00000000,0.00000000,0.00000000,0.00000000,0.00000000,0.00000000,0.00000000,0.00000000,0.00343425,3.06086743,0.00000000,0.00000000,0.00000000,0.00000000,0.00114629,0.00000000,0.00000000,0.00000000,0.00000000,0.00000000,0.00000000,0.00000000,0.00000000,0.00000000,0.00000000,0.00000000,0.00000000,0.00000000,0.00000000,0.00000000,0.00000000,0.00000000,0.00000000,0.00000000,0.00000000,0.00000000,0.00000000,0.01174986,0.00000000,0.00000000,0.00000000,0.00000000,0.00000000,0.00000000,0.00000000,0.00000000,0.00000000,0.00000000,0.00000000,0.00000000,0.00000000,0.00000000,1.57459360,0.00000000,0.06175641,0.00000000,0.00000000,0.00000000,0.00000000,0.00000000,0.00000000,0.00000000,0.02569815,0.00849327,0.00000000,0.00000000,0.00000000,0.00264666,0.00000000,0.01234586,0.00000000,0.00000000,0.00000000,0.00000000,0.00000000,0.00000000,0.01328391,0.00000000,0.00000000,0.00000000,0.00000000,0.00000000,0.00000000,0.04274195,0.00000000,0.00000000,0.01388138,0.02102891,0.00000000,0.02614270,0.00000000,0.00000000,0.00000000,0.00000000,0.00000000,0.00000000,0.00000000,0.01269730,0.00000000,0.00000000,0.00110493,0.00000000,0.00000000,0.00000000,0.00000000,0.00382091,0.00000000,0.00000000,0.00000000,0.00000000,0.00272854,0.03602236,0.00000000,0.00000000,0.00000000,0.00000000,0.00000000,0.00000000,0.00000000,0.00000000,0.00000000,0.00000000,0.00000000,0.00000000,0.00000000,0.00000000,0.00282213,0.00000000,0.00236482,0.00000000,0.00000000,0.01306324,0.00331081,0.01443057,0.00000000,0.00000000,0.00000000,0.00424782,0.00000000,0.00000000,0.00000000,0.00000000,0.00000000,0.00000000,0.00000000,0.00000000,0.00000000,0.00000000,0.00000000,0.00000000,0.13956034,0.00000000,0.00000000,0.00000000,0.01119577,0.00000000,0.00000000,0.00000000,0.00000000,0.00000000,0.00000000,0.00000000,0.00579095,0.00000000,0.00000000,0.00000000,0.00000000,0.00000000,0.00000000,0.01439894,0.00000000,0.00000000,0.00000000,0.00000000,0.00000000,0.00000000,0.01516048,0.00000000,0.00000000,0.00000000,0.00000000,0.00000000,0.00000000,0.07016345,0.00000000,0.00000000,0.00000000,0.00000000,0.00000000,0.00000000,0.00000000,0.00000000,0.00000000,0.00000000,0.00000000,0.00000000,0.00000000,0.00635422,0.00000000,0.00000000,0.00000000,0.02601020,0.00000000,0.00000000,0.00000000,0.00000000,0.00000000,0.00381523,0.00000000,0.00573791,0.00000000,0.00000000,0.00000000,0.00000000,0.00000000,0.00000000,0.00000000,0.00000000,0.00000000,0.00000000,0.00000000,0.00000000,0.00000000,0.00000000,0.00000000,0.00000000,0.00000000,0.00000000,0.00000000,0.00000000,0.00525968,0.00560294,0.00000000,0.00000000,0.00000000,0.00000000,0.00000000,0.00000000,0.00000000,0.00000000,0.00000000,0.00000000,0.00000000,0.00064716,0.00000000,0.00000000,0.00000000,0.00000000,0.00000000,0.00000000,0.00000000,0.00089908,0.00000000,0.02610901,0.00000000,0.00000000,0.00000000,0.00000000,0.01328514,0.00000000,0.00000000,0.00000000,0.00000000,0.00000000,0.02015036,0.00000000,0.00000000,0.02690322,0.00000000,0.00000000,0.00000000,0.00000000,0.00714288,0.00000000,0.00000000,0.00000000,0.00822478,0.00000000,0.00000000,0.00000000,0.00000000,0.00000000,0.00000000,0.00000000,0.00000000,0.00000000,0.00000000,0.00000000,0.00000000,0.00000000,0.00000000,0.00113586,0.00000000,0.00000000,0.00000000,0.00000000,0.00000000,0.00000000,0.00000000,0.00000000,0.00000000,0.00000000,0.00000000,0.00000000,0.00749650,0.00000000,0.00000000,0.00000000,0.00000000,0.00000000,0.00000000,0.00000000,0.00000000,0.00000000,0.00000000,0.00000000,0.00000000,0.00000000,0.00000000,0.00000000,0.03319419,0.01871134,0.00000000,0.00000000,0.00000000,0.00593030,0.00000000,0.00412238,0.00000000,0.00000000,0.00000000,0.00000000,0.00000000,0.00000000,0.00000000,0.00000000,0.00000000,0.00000000,0.00000000,0.00000000,0.00000000,0.00000000,0.00000000,0.00000000,0.00000000,0.00000000,0.00000000,0.00000000,0.00000000,0.00332659,0.00000000,0.00000000,0.00000000,0.00000000,0.00000000,0.00000000,0.00000000,0.00000000,0.00000000,0.01937000,0.00000000,0.58931036,0.00000000,0.00000000,0.00000000,0.00000000,0.02014374,0.00000000,0.00000000,0.00000000,0.00000000,0.00000000,0.03161448,0.00000000,0.00000000,0.00000000,0.00301295,0.00000000,0.00000000,0.00000000,0.00000000,0.01801337,0.16771122,0.00000000,0.00000000,0.00000000,0.00000000,0.00000000,0.00000000,0.00000000,0.00000000,0.00000000,0.00000000,0.00218513,0.02168937,0.03384907,0.13380269,0.00000000,0.00992170,0.00000000,0.00000000,0.00000000,0.00000000,0.00000000,0.00000000,0.00000000,0.00000000,0.00000000,0.00000000,0.00000000,0.00000000,0.00000000,0.00000000,0.00000000,0.00000000,0.00000000,0.00000000,0.00000000,0.00000000,0.00000000,0.02379337,0.00000000,0.00000000,0.00000000,0.00000000,0.00000000,0.00000000,0.00000000,0.00000000,0.00000000,0.00000000,0.01633238,0.00000000,0.00000000,0.00000000,0.00000000,0.00462640,0.00000000,0.00000000,0.00000000,0.02987319,0.00000000,0.00000000,0.00000000,0.00000000,0.00000000,0.00000000,0.00000000,0.00000000,0.00000000,0.00000000,0.00000000,0.00000000,0.00000000,0.00000000,0.00000000,0.00000000,0.00184625,0.00000000,0.00000000,0.00000000,0.00000000,0.00000000,0.00000000,0.00000000,0.00000000,0.00000000,0.00000000,0.00000000,0.00000000,0.00000000,0.00000000,0.00000000,0.00000000,0.00000000,0.00000000,0.00359472,0.00000000,0.00000000,0.00000000,0.00000000,0.00000000,0.00000000,0.00000000,0.00000000,0.00000000,0.00000000,0.00000000,0.32292024,0.00000000,0.00661319,0.16981538,0.00000000,0.00000000,0.00000000,0.00000000,0.00000000,0.00000000,0.00000000,0.00000000,0.00000000,0.00000000,0.00000000,0.00000000,0.00000000,0.00000000,0.79931989,0.02979490,0.01848466,0.00138119,0.00000000,0.00000000,0.00000000,0.00000000,0.01946999,0.00000000,0.00000000,0.00000000,0.00000000,0.00426493,0.00000000,0.00000000,0.00000000,0.00000000,0.00000000,0.00000000,0.00000000,0.00000000,0.00000000,0.00000000,0.00000000,0.00000000,0.01860221,0.00000000,0.00000000,0.00000000,0.00000000,0.00000000,0.00000000,0.00000000,0.00000000,0.00618514,0.00000000,0.16502378,0.00000000,0.06581126,0.00000000,0.00000000,0.00994214,0.00000000,0.00000000,0.00498167,0.00000000,0.00000000,0.00000000,0.00000000,0.00000000,0.00000000,0.00000000,0.00000000,0.00000000,0.00000000,0.00000000,0.03851083,0.00000000,0.00000000,0.00414755,0.00000000,0.01795948,0.00000000,0.00000000,0.00000000,0.00051092,0.00000000,0.00000000,0.00000000,0.00000000,0.00000000,0.00000000,0.00000000,0.00000000,0.00000000,0.00000000,0.00000000,0.00000000,0.00000000,0.00000000,0.00000000,0.00000000,0.00000000,0.00000000,0.00000000,0.00000000,0.00000000,0.00000000,0.00000000,0.00000000,0.00000000,0.00000000,0.00000000,0.00000000,0.00000000,0.00000000,0.01210278,0.00000000,0.00000000,0.00000000,0.00000000,0.00000000,0.00326353,0.00000000,0.00000000,0.00000000,0.00000000,0.00000000,0.00000000,0.00115713,0.00000000,0.00000000,0.00000000,0.00000000,0.00000000,0.00000000,0.00000000,0.00000000,0.00000000,0.00000000,0.00000000,0.00000000,0.00000000,0.27898415,0.00000000,0.00000000,0.00000000,0.00000000,0.00000000,0.00000000,0.00000000,0.00000000,0.00000000,0.00000000,0.00000000,0.00000000,0.00000000,0.00000000,0.00000000,0.00000000,0.00000000,0.00000000,0.00236664,0.00000000
0.00000000,0.00000000,0.00000000,0.00000000,0.00000000,0.00000000,0.00000000,0.00000000,0.00000000,0.00000000,0.00000000,0.00000000,0.00000000,0.00000000,0.00000000,0.00000000,0.00000000,0.00000000,0.00712880,0.00000000,0.00000000,0.00000000,0.00000000,0.00000000,0.00000000,0.00000000,0.00000000,0.00000000,0.00000000,0.00066932,0.00000000,0.00000000,0.00000000,0.00000000,0.00000000,0.00000000,0.00000000,0.00000000,0.00000000,0.00000000,0.00000000,0.04604721,0.00000000,0.00000000,0.00000000,0.00446462,0.00000000,0.00646274,0.00000000,0.20159943,0.00000000,0.00000000,0.00000000,0.00000000,0.00441319,0.00000000,0.00000000,0.00000000,0.00000000,0.00000000,0.05903609,0.00000000,0.00000000,0.00000000,0.00000000,0.00000000,0.00332726,0.00000000,0.00000000,0.00000000,0.00000000,0.00000000,0.00000000,0.00000000,0.01531527,0.00000000,0.22245397,0.10262759,0.00000000,0.00000000,0.00000000,0.04299396,0.00000000,0.00000000,0.00000000,0.00000000,0.00000000,0.06105760,0.00000000,0.00000000,0.00000000,0.00000000,0.00000000,0.01744393,0.00000000,0.00181152,0.00000000,0.00000000,0.00000000,0.00073082,0.00000000,0.00000000,0.00000000,0.00000000,0.00000000,0.00000000,0.00000000,0.00000000,0.00000000,0.00000000,0.00000000,0.00000000,0.00000000,0.00000000,0.00000000,0.51576681,0.00000000,0.00000000,0.00159355,0.00667247,0.00000000,0.00000000,0.00000000,0.00000000,0.00000000,0.00000000,0.00000000,0.00000000,0.00000000,0.00000000,0.00000000,0.00000000,0.00000000,0.00000000,0.00000000,0.00000000,0.00000000,0.00000000,0.00000000,0.00000000,0.00000000,0.00000000,0.00000000,0.00000000,0.00000000,0.00000000,0.00000000,0.00000000,0.00000000,0.00000000,0.00000000,0.00000000,0.00000000,0.00000000,0.00539998,0.00000000,0.00000000,0.00000000,0.00000000,0.00000000,0.01037224,0.00000000,0.00000000,0.00000000,0.00000000,0.00000000,0.03639047,0.01633915,0.00000000,0.00000000,0.00000000,0.00164974,0.08657676,0.00000000,0.00000000,0.00000000,0.00000000,0.00000000,0.00000000,0.00000000,0.00000000,0.00000000,0.00000000,0.00085665,0.00755434,0.00000000,0.00000000,0.00000000,0.00000000,0.00000000,0.00000000,0.00000000,0.00000000,0.00000000,0.00000000,0.00000000,0.00000000,0.03965634,0.00532318,0.00000000,0.00000000,0.00000000,0.00000000,0.00000000,0.80267161,0.00000000,0.00000000,0.00000000,0.21093727,0.00000000,0.00000000,0.00125137,0.00000000,0.00000000,0.00000000,0.00000000,0.00000000,0.02624637,0.00000000,0.00000000,0.00000000,0.01279602,0.00000000,0.01707224,0.09927689,0.00000000,0.00000000,0.00000000,0.00000000,0.00000000,0.00000000,0.00000000,0.00000000,0.00000000,0.00000000,0.00000000,0.00000000,0.00000000,0.00140989,0.65456062,0.00000000,0.00000000,0.00000000,0.00000000,0.00000000,0.00000000,0.00000000,0.00000000,0.00000000,0.00905599,0.00000000,0.00000000,0.00753915,0.00000000,0.00000000,0.00000000,0.00000000,0.00000000,0.00000000,0.00000000,0.00000000,0.00000000,0.00000000,0.00000000,0.00000000,0.00000000,0.00000000,0.00000000,0.00000000,0.00000000,0.00000000,0.00000000,0.00000000,0.00000000,0.00000000,0.00000000,0.00000000,0.00000000,0.00000000,0.00000000,0.00000000,0.00000000,0.00000000,0.00000000,0.00000000,0.00000000,0.00000000,0.00000000,0.00000000,0.00832124,0.00000000,0.00000000,0.00000000,0.00000000,0.04635980,0.00000000,0.00000000,0.00000000,0.00000000,0.00000000,0.00000000,0.00000000,0.00000000,0.00000000,0.02822189,0.00000000,0.00000000,0.00000000,0.00000000,0.00000000,0.00000000,0.00000000,0.00000000,0.00000000,0.00000000,0.00261278,0.00448336,0.00000000,0.00000000,0.00000000,0.02018764,0.00000000,0.00000000,0.00000000,0.00000000,0.00000000,0.00000000,0.00000000,0.00000000,0.00000000,0.00000000,0.00000000,0.00000000,0.00000000,0.00000000,0.00000000,0.00000000,0.00000000,0.00000000,0.00000000,0.00000000,0.00000000,0.00000000,0.00000000,0.00000000,0.00000000,0.00273333,0.00000000,0.00000000,0.00000000,0.00000000,0.00000000,0.00000000,0.00000000,0.00000000,0.00161596,0.00000000,0.00000000,0.00000000,0.00000000,0.00000000,0.06849095,0.00000000,0.00000000,0.00000000,0.00000000,0.00000000,0.00000000,0.00000000,0.00000000,0.02370582,0.00000000,0.00000000,0.00000000,0.00000000,0.00000000,0.00000000,0.01063078,0.00000000,0.00000000,0.00000000,0.00000000,0.00000000,0.00000000,0.00000000,0.00000000,0.00000000,0.00000000,0.00000000,0.00000000,0.00000000,0.00000000,0.00000000,0.00000000,0.00000000,0.00000000,0.00000000,0.00000000,0.00000000,0.00000000,0.00162796,0.00000000,0.00000000,0.00000000,0.12986945,0.00000000,0.00000000,0.00000000,0.13728109,0.00000000,0.00000000,0.00000000,0.02425760,0.00000000,0.00000000,0.00000000,0.00503247,0.00000000,0.00000000,0.00000000,0.00000000,0.00232124,0.00000000,0.00000000,0.00000000,0.00000000,0.00000000,0.00000000,0.00000000,0.00000000,0.00000000,0.00000000,0.00000000,0.00000000,0.00000000,0.00000000,0.00000000,0.00000000,0.00000000,0.00000000,0.01640788,0.00000000,0.00000000,0.00000000,0.00000000,0.00000000,0.00000000,0.00000000,0.00000000,0.00000000,0.00000000,0.00000000,0.00000000,0.00000000,0.00000000,0.00000000,0.00000000,0.00000000,0.00000000,0.00000000,0.00000000,0.00000000,0.00000000,0.00000000,0.00000000,0.00000000,0.00000000,0.00000000,0.00000000,0.00000000,0.00000000,0.00000000,0.00538253,0.00000000,0.00816527,0.02557965,0.00271075,0.00000000,0.00000000,0.00000000,0.01856245,0.00392691,0.00000000,0.00000000,0.00000000,0.00000000,0.00920051,0.00000000,0.00000000,0.00000000,0.00000000,0.00000000,0.00000000,0.00000000,0.00000000,0.00370317,0.00000000,0.00000000,0.00000000,0.00000000,0.00130213,0.00000000,0.00000000,0.00627770,0.00000000,0.00679795,0.00000000,0.00000000,0.00000000,0.00000000,0.00000000,0.00000000,0.00000000,0.00000000,0.00504775,0.00000000,0.00000000,0.00000000,0.00000000,0.00000000,0.00000000,0.00000000,0.00000000,0.00000000,0.00000000,0.00000000,0.00419719,0.03841647,0.00000000,0.00000000,0.00279002,0.00000000,0.00000000,0.00000000,0.00293325,0.00000000,0.00000000,0.00000000,0.00000000,0.00000000,0.00000000,0.00000000,0.00000000,0.00000000,0.00000000,0.00000000,0.00000000,0.00000000,0.00000000,0.00000000,0.00000000,0.00000000,0.00000000,0.00000000,0.00000000,0.00000000,0.00000000,0.00000000,0.00000000,0.00000000,0.00000000,0.00000000,0.00000000,0.00000000,0.00000000,0.00000000,0.02277411,0.00000000,0.00400702,0.07480063,0.00000000,0.00000000,0.45948648,0.00000000,0.00000000,0.00000000,0.00000000,0.00000000,0.00000000,0.00000000,0.00000000,0.00288853,0.00000000,0.00000000,0.00000000,0.00000000,0.00000000,0.00000000,0.00000000,0.00000000,0.00000000,0.00000000,0.00000000,0.01338266,0.00000000,0.00000000,0.00000000,0.00000000,0.00000000,0.00288323,0.00000000,0.00000000,0.00000000,0.00000000,0.00000000,0.00000000,0.00000000,0.00000000,0.00797506,0.00000000,0.00000000,0.00000000,0.00000000,0.00282192,0.00000000,0.00000000,0.00000000,0.00000000,0.00000000,0.00000000,0.00000000,0.00000000,0.00000000,0.00000000,0.00000000,0.00000000,0.02376555,0.00000000,0.00000000,0.00000000,4.86726388,0.00000000,0.00319453,0.00000000,0.00000000,0.00000000,0.00000000,0.00000000,0.00000000,0.00000000,0.36160700,0.00000000,0.00000000,0.00000000,0.00000000,0.00000000,0.00000000,0.00000000,0.00000000,0.11084672,0.00000000,0.00000000,0.00000000,0.00000000,0.01232237,0.00000000,0.00000000,0.00000000,0.00000000,0.00000000,0.00000000,0.00000000,0.00000000,0.00000000,0.00000000,0.00000000,0.00000000,0.00000000,0.00000000,0.00000000,0.00000000,0.00089941,1.17607971,0.00000000,0.00000000,0.00000000,0.00000000,0.00000000,0.00000000,0.00000000,0.00000000,0.00000000,0.00000000,0.00000000,0.00000000,0.00000000,0.00000000,0.02158124,0.00000000,0.00000000,0.00000000,0.00114175,0.00000000,0.00430818,0.00000000,0.00000000,0.00000000,0.00000000,0.00000000,0.00000000,0.00000000,0.01438558,0.00000000,0.00000000,0.00000000,0.00736708,0.00000000,0.00000000,0.00000000,0.00000000,0.00000000,0.68255922,0.00000000,0.00269331,0.00000000,0.00166895,0.00000000,0.00000000,0.00000000,0.00000000,0.00000000,0.00000000,0.00000000,0.00000000,0.00000000,0.00000000,0.00000000,0.00000000,0.00000000,0.16778882,0.00000000,0.00000000,0.00000000,0.00000000,0.06297876,0.00000000,0.00000000,0.00000000,0.00000000,0.00000000,0.00000000,0.00000000,0.00000000,0.00000000,0.00000000,0.00000000,0.00000000,0.00000000,0.00000000,0.00000000,0.00000000,0.00000000,0.00000000,0.00000000,0.00201518,0.00000000,0.00000000,0.00000000,0.00000000,0.00000000,0.00395029,0.00064592,0.00000000,0.00000000,0.00775779,0.00000000,0.00000000,0.00000000,0.00000000,0.01987756,0.00000000,0.00503078,0.00350353,0.00000000,0.00000000,0.00000000,0.00000000,0.00000000,0.00000000,0.00000000,0.00000000,0.00000000,0.00000000,0.00990794,0.00000000,0.00000000,0.00000000,0.00000000,0.00000000,0.00000000,0.00000000,0.01156045,0.00000000,0.00473931,0.00344495,0.00000000,0.00000000,0.00000000,0.00000000,0.03393243
0.00000000,0.00000000,0.00000000,0.00000000,0.00308071,0.00000000,0.00000000,0.00000000,0.00000000,0.00000000,0.00000000,0.00000000,0.00000000,0.00000000,0.00000000,0.00000000,0.00000000,0.00000000,0.00000000,0.00000000,0.00000000,0.00000000,0.03313609,0.00000000,0.00000000,0.07141440,0.00000000,0.00000000,0.00000000,0.00000000,0.00000000,0.00000000,0.00000000,0.00000000,0.00000000,0.00000000,0.00275871,0.00000000,0.00000000,0.00000000,0.00000000,0.00000000,0.00367182,0.00000000,0.00000000,0.00000000,0.00000000,0.00000000,0.00000000,0.00000000,0.00000000,0.00000000,0.00000000,0.00000000,0.00000000,0.00000000,0.00000000,0.00000000,0.00180524,0.00000000,0.00000000,0.00000000,0.00000000,0.00959302,0.00000000,0.00000000,0.00000000,0.00000000,0.00400014,0.00000000,0.00000000,0.00000000,0.00000000,0.00000000,0.00000000,0.00000000,0.00000000,0.00000000,0.00000000,0.00000000,0.00000000,0.00000000,0.00000000,0.00000000,0.00000000,0.00444371,0.00000000,0.00000000,0.00000000,0.00000000,0.00000000,0.00000000,0.00000000,0.00000000,0.00000000,0.00000000,0.00000000,0.00000000,0.00000000,0.00000000,0.00000000,0.00000000,0.00000000,0.00000000,0.00000000,0.00000000,0.00000000,0.00000000,0.00000000,0.00000000,0.00000000,0.00000000,0.00000000,0.00000000,0.00000000,0.00000000,0.00733831,0.00000000,0.00000000,0.00000000,0.00000000,0.00000000,0.00000000,0.00000000,0.00923720,0.00000000,0.00000000,0.00000000,0.00000000,0.00000000,0.00000000,0.00000000,0.00000000,0.00000000,0.00000000,0.00000000,0.00481891,0.00000000,0.00000000,0.00000000,0.00067457,0.00000000,0.01568931,0.00000000,0.00000000,0.00000000,0.01162007,0.00000000,0.00000000,0.00000000,0.00000000,0.00000000,0.00082377,0.00000000,0.00000000,0.00000000,0.00000000,0.00000000,0.00000000,0.00000000,0.00000000,0.00000000,0.00000000,0.00000000,0.00000000,0.00497840,0.00000000,0.00000000,0.00000000,0.00000000,0.08235667,0.00000000,0.00000000,0.00000000,0.00000000,0.00000000,0.00000000,0.00222004,0.00000000,0.00000000,0.00000000,0.00000000,0.00178370,0.00000000,0.00732614,0.00000000,0.00000000,0.00000000,0.00121021,0.00000000,0.13947222,0.00000000,0.00000000,0.00000000,0.00671689,0.00000000,0.00000000,0.00000000,0.00000000,0.00000000,0.01618105,0.04725587,0.00000000,0.00000000,0.00000000,0.01110186,0.00000000,0.00000000,0.00000000,0.00000000,0.02614391,0.00000000,0.00000000,0.00000000,0.00000000,0.00000000,0.00000000,0.00000000,0.00000000,0.00000000,0.00000000,0.00000000,0.07187439,0.00000000,0.00000000,0.00000000,0.00000000,0.00000000,0.03609117,0.17243096,0.00000000,0.00000000,0.00000000,0.00000000,0.00387015,0.00000000,0.00000000,0.00000000,0.00000000,0.00000000,0.00000000,0.00000000,0.00000000,0.00000000,0.00000000,0.00000000,0.00000000,0.00000000,0.00000000,0.00000000,0.00000000,0.00000000,0.00000000,0.00000000,0.00000000,0.00000000,0.00000000,0.00000000,0.00000000,0.00000000,0.00095235,0.00000000,0.00000000,0.00000000,0.00000000,0.00000000,0.00000000,0.00671721,0.00000000,0.00000000,0.00000000,0.00000000,0.00000000,0.00000000,0.00000000,0.00000000,0.00435359,0.00000000,0.00000000,0.00000000,0.00000000,0.00000000,0.00264364,0.00873617,0.00000000,0.00000000,0.00000000,0.00000000,0.00000000,0.00000000,0.00000000,0.00403579,0.00000000,0.00000000,0.00138281,0.00000000,0.00000000,0.00000000,0.00000000,0.00000000,0.00000000,0.00000000,0.01528734,0.00000000,0.00000000,0.00000000,0.00000000,0.00000000,0.00000000,0.00000000,0.00000000,0.05837019,0.00364372,0.00000000,0.00000000,0.00000000,0.01188352,0.00000000,0.00000000,0.00000000,0.00000000,0.00000000,0.00000000,0.00000000,0.00485239,0.00000000,0.00000000,0.00000000,0.00505386,0.00000000,0.00000000,0.00000000,0.01232620,0.00000000,0.00000000,0.00000000,0.00000000,0.00000000,0.00000000,0.00000000,0.00000000,0.10930376,0.00000000,0.00000000,0.00000000,0.00000000,0.00000000,0.00000000,0.00000000,0.02336155,0.00000000,0.00000000,0.00196143,0.00000000,0.00000000,0.00000000,0.00000000,0.00000000,0.00569527,0.00000000,0.00000000,0.00000000,0.00000000,0.00000000,0.00000000,0.00000000,0.00000000,0.00000000,0.00000000,0.00000000,0.00000000,0.00000000,1.09654445,0.00000000,1.78709324,0.00000000,0.00000000,0.00000000,0.00000000,0.00000000,0.00000000,0.00000000,0.00000000,0.03037250,0.00000000,0.00000000,0.00000000,0.00000000,0.00000000,0.00000000,0.04215835,0.00000000,0.00473742,0.00000000,0.00000000,0.00000000,0.00000000,0.00000000,0.00000000,0.00000000,0.00000000,0.00000000,0.00000000,0.00000000,0.01961084,0.00000000,0.00000000,0.00000000,0.00000000,0.00000000,0.00000000,0.00000000,0.00000000,0.00000000,0.00000000,0.00000000,0.00000000,0.00000000,0.00340616,0.00000000,0.00000000,0.00000000,0.00000000,0.00000000,0.00000000,0.00000000,0.00000000,0.00000000,0.00000000,0.00000000,0.00000000,0.00287336,0.01855296,0.00000000,0.00000000,0.01479374,0.00000000,0.00000000,0.00000000,0.00000000,0.00000000,0.07182326,0.00836198,0.00000000,0.00000000,0.00000000,0.00000000,0.00000000,0.00000000,0.00000000,0.00000000,0.00000000,0.00000000,0.00000000,0.00000000,0.00000000,0.00000000,0.00000000,0.00000000,0.00000000,0.00000000,0.00000000,0.00000000,0.00000000,0.00000000,0.00000000,0.00000000,0.00000000,0.00000000,0.00000000,0.00000000,0.00000000,0.02772900,0.00000000,0.00000000,0.00000000,0.00000000,0.04902673,0.00000000,0.00000000,0.00000000,0.00000000,0.00549813,0.00000000,0.01190927,0.00000000,0.00000000,0.00000000,0.00000000,0.00000000,0.00000000,0.00000000,0.00000000,0.00000000,0.88270443,0.00517880,0.00000000,0.00000000,0.00000000,0.00000000,0.00000000,0.00000000,0.00000000,0.00000000,0.00000000,0.00000000,0.00000000,0.00000000,0.00000000,0.00000000,0.00000000,0.38724156,0.00000000,0.00504775,0.00000000,0.00000000,0.00000000,0.00000000,0.00000000,0.00000000,0.00000000,0.00000000,0.00000000,0.00000000,0.00000000,0.00000000,0.00000000,0.00000000,0.00000000,0.00000000,0.01653298,0.00347518,0.00000000,0.00000000,0.00000000,0.00000000,0.02181105,0.00152668,0.00000000,0.00000000,0.00000000,0.00000000,0.00000000,0.00187356,0.00000000,0.00000000,0.00000000,0.00000000,0.00000000,0.00000000,0.00000000,0.00000000,0.00000000,0.27111168,0.00000000,0.05351602,0.00000000,0.00000000,0.00000000,0.00000000,0.00000000,0.01372453,0.00000000,0.00000000,0.00000000,0.00000000,0.00000000,0.00000000,0.00000000,0.00105636,0.00000000,0.00461931,0.00000000,0.00000000,0.00226264,0.00000000,0.00000000,0.00000000,0.00000000,0.00000000,0.00000000,0.00576086,0.00000000,0.00000000,0.00000000,0.00000000,0.00000000,0.00000000,0.00000000,0.00000000,0.00000000,0.00000000,0.00000000,0.00000000,0.00468625,0.00000000,0.00000000,0.00000000,0.00000000,0.00000000,0.00000000,0.00000000,0.01722507,0.00000000,0.00000000,0.00192091,0.00000000,0.00000000,0.00000000,0.00000000,0.00000000,0.00000000,0.00000000,0.00000000,0.00000000,0.00000000,0.00000000,0.00000000,0.00000000,0.00000000,0.00000000,0.00000000,0.00000000,0.00000000,0.00000000,0.00000000,0.00000000,0.00000000,0.00000000,0.00000000,0.00000000,0.00000000,0.13413414,0.00000000,0.00000000,0.00000000,0.00000000,0.00000000,0.00000000,0.00000000,0.00000000,0.00000000,0.00000000,0.00000000,0.00000000,0.00000000,0.00000000,0.00000000,0.00000000,0.00000000,0.00000000,0.00939957,0.00000000,0.00000000,0.00000000,0.00000000,0.00000000,0.00000000,0.00000000,0.00000000,0.01113117,0.02940636,0.00000000,0.02463659,0.00000000,0.00000000,0.00000000,0.00000000,0.00000000,0.00000000,0.00000000,0.00000000,0.00000000,0.00000000,0.00000000,0.00000000,0.00000000,0.00000000,0.00000000,0.00000000,0.00000000,0.00000000,0.00000000,0.00000000,0.00000000,0.00000000,0.00596833,0.00000000,0.00000000,0.00000000,0.00000000,0.00000000,0.00000000,0.00000000,0.00000000,1.27297123,0.00000000,0.00000000,0.00000000,0.00000000,0.00000000,0.00000000,0.21211342,0.00000000,0.00000000,0.00000000,0.00000000,0.00000000,0.00000000,0.00000000,0.00000000,0.00816252,0.00000000,0.00000000,0.00000000,0.00000000,0.00000000,0.00000000,0.00000000,0.00000000,0.00000000,0.06430606,0.00295089,0.00000000,0.00792418,0.00000000,0.00000000,0.00185561,0.00000000,0.00000000,0.00000000,0.00000000,0.00000000,0.00000000,0.00000000,0.00000000,0.00000000,0.00000000,0.00000000,0.00000000,0.00000000,0.01376825,0.00000000,0.00000000,0.00823506,0.00000000,0.00392837,0.00000000,0.00194561,0.02242479,0.00000000,0.00267138,0.00000000,0.00000000,0.00000000,0.00000000,0.00000000,0.00000000,0.00458747,0.02907464,0.00000000,0.00000000,0.00090476,0.01779593,0.00000000,0.00000000,0.00000000,0.00000000,0.00487828,0.00000000,0.00000000,0.00000000,0.00000000,0.00000000,0.00000000,0.00800938,0.00000000,0.00000000,0.00000000,0.00658437,0.00000000,0.00000000,0.00000000,0.00000000,0.00000000,0.00000000,0.00000000,0.00908959,0.20685010,0.00000000,0.00000000,0.00000000,0.00000000,0.00000000,0.00000000,0.00000000,0.00103532,0.00000000,0.00000000,0.00000000
0.00000000,0.00000000,0.00000000,0.00000000,0.00000000,0.00000000,0.00000000,0.00000000,0.00000000,0.00000000,0.00000000,0.00000000,0.00000000,0.00000000,0.00000000,0.00000000,0.00000000,0.00000000,0.00000000,0.00086247,0.00000000,0.00000000,0.00000000,0.00214753,0.00000000,0.50851162,0.00000000,0.00000000,0.00000000,0.00000000,0.00000000,0.00000000,0.00000000,0.00000000,0.00000000,0.00000000,0.00000000,0.00000000,0.00000000,0.00000000,0.00000000,0.00000000,0.00000000,0.00000000,0.00000000,0.00000000,0.00000000,0.00000000,0.00000000,0.00000000,0.00000000,0.03203724,0.00000000,0.00000000,0.00000000,0.00000000,0.00000000,0.00000000,0.00000000,0.00000000,0.00000000,0.00000000,0.00000000,0.00571763,0.00000000,0.00000000,0.00000000,0.00000000,0.00000000,0.00000000,0.00000000,0.00155966,0.00000000,0.00000000,0.00000000,0.00000000,0.00000000,0.00000000,0.00000000,0.00000000,0.00000000,0.00000000,0.00627089,0.00000000,0.00000000,0.00374760,0.00000000,0.00000000,0.00000000,0.00000000,0.00000000,0.01819626,0.00000000,0.00000000,0.00000000,0.00000000,0.00000000,0.00000000,0.00000000,0.00000000,0.00000000,0.00000000,0.00000000,0.00000000,0.00000000,0.00000000,3.07656006,0.00000000,0.00000000,0.01853917,0.00000000,0.00000000,0.00000000,0.00000000,0.00000000,0.00000000,0.00000000,0.00000000,0.00000000,0.00000000,0.00000000,0.00000000,0.00000000,0.00000000,0.00000000,0.00000000,0.00000000,0.00000000,0.00000000,0.00000000,0.00000000,0.02675759,0.00000000,0.00000000,0.00000000,0.00000000,0.00099353,0.00000000,0.00358022,0.00000000,0.00000000,0.00000000,0.00000000,0.00000000,0.00584692,0.00000000,0.00116824,0.00000000,0.00000000,0.00000000,0.00000000,0.00209569,0.00000000,0.00174992,0.00000000,0.00000000,0.00000000,0.00000000,0.00000000,0.00000000,0.00000000,0.00000000,0.00881257,0.00000000,0.00000000,0.00000000,0.00000000,0.00000000,0.00000000,0.00000000,0.00000000,0.00000000,0.00436201,0.00000000,0.00000000,0.00000000,0.00000000,0.00000000,0.01972333,0.00000000,0.00000000,0.06010617,0.00000000,0.00000000,0.00231729,0.00000000,0.00000000,0.00000000,0.00000000,0.00294043,0.00000000,0.00000000,0.00000000,0.00000000,0.00000000,0.00000000,0.00000000,0.00105100,0.00000000,0.00000000,0.00000000,0.00000000,0.00406310,0.00000000,0.06180391,0.00000000,0.00000000,0.00000000,0.00000000,0.00000000,0.00000000,0.00000000,0.00000000,0.00000000,0.00000000,0.00000000,0.00000000,0.00000000,0.00000000,0.00000000,0.00000000,0.00000000,0.00000000,0.00000000,0.00000000,0.00000000,2.65901389,0.00000000,0.00000000,0.00000000,0.00000000,0.00000000,0.00000000,0.00000000,0.00000000,0.00000000,0.00000000,0.00000000,0.00000000,0.00905354,0.00000000,0.00000000,0.00000000,0.08726976,0.00000000,0.00191188,0.00000000,0.00000000,0.00000000,0.00000000,0.00000000,0.00000000,0.00000000,0.00000000,0.00000000,0.00000000,0.00000000,0.00000000,0.00000000,0.00000000,0.00000000,0.00000000,0.00000000,0.29038007,0.00219521,0.00000000,0.00000000,0.00000000,0.00000000,0.00000000,0.00000000,0.00000000,0.00000000,0.00000000,0.00000000,0.00000000,0.00000000,0.21903382,0.00000000,0.00000000,0.00000000,0.00000000,0.00000000,0.00109494,0.00000000,0.00000000,0.00000000,0.10430397,0.00000000,0.00841651,0.00000000,0.00000000,0.00000000,0.00000000,0.00000000,0.00000000,0.00000000,0.00000000,0.00000000,0.00000000,0.00000000,0.00000000,0.00000000,0.00000000,0.00000000,0.00000000,0.00000000,0.00000000,0.00000000,0.00000000,0.00000000,0.00000000,0.00000000,0.00000000,0.00000000,0.00000000,0.00000000,0.00000000,0.02336748,0.00000000,0.00000000,0.00000000,0.00000000,0.58449698,0.00000000,0.00000000,0.00000000,0.00000000,0.00000000,0.00000000,0.00000000,0.00000000,0.00406000,0.00000000,0.01456103,0.00000000,0.00000000,0.00000000,0.00000000,0.00000000,0.00000000,0.00980921,0.00000000,0.00000000,0.00000000,0.00000000,0.00000000,0.00000000,0.00000000,0.00000000,0.00000000,0.94679941,0.00000000,0.00165386,0.00000000,0.00000000,0.00000000,0.00402095,0.00000000,0.00000000,0.00000000,0.00000000,0.00000000,0.00000000,0.00000000,0.00119287,0.00000000,0.00000000,0.00000000,0.00000000,0.00261959,0.00000000,0.00000000,0.00000000,0.00000000,0.00000000,0.00000000,0.00000000,0.00000000,0.00274211,0.00000000,0.09414082,0.00000000,0.00000000,0.00000000,0.00000000,0.00000000,0.00000000,0.00745027,0.00000000,0.00000000,0.00000000,0.00000000,0.00000000,0.00000000,0.00000000,0.00000000,0.00000000,0.00322411,0.00000000,0.00000000,0.00000000,0.00000000,0.00000000,0.00489186,0.00000000,0.00000000,0.00000000,0.00000000,0.00000000,0.00654786,0.00000000,0.00000000,0.46124290,0.00000000,0.00000000,0.00000000,0.00000000,0.00966175,0.00000000,0.00000000,0.00000000,0.00000000,0.00000000,0.00000000,0.00000000,0.00000000,0.00000000,0.00000000,0.01023144,0.00000000,0.00000000,0.00000000,0.00000000,0.00000000,0.00000000,0.00000000,0.00000000,0.00000000,0.00000000,0.00000000,0.00000000,0.00000000,0.00000000,0.00000000,0.00000000,0.00000000,0.00000000,0.00000000,0.01398493,0.00000000,0.00000000,0.00000000,0.02431866,0.00000000,0.00281819,0.00000000,0.00000000,0.00000000,0.00000000,0.00000000,0.00000000,0.00000000,0.00000000,0.00369579,0.00000000,0.00000000,0.00000000,0.00963367,0.00000000,0.00479951,0.00393475,0.00000000,0.00000000,0.00000000,0.00000000,0.00000000,0.00000000,0.00000000,0.04568355,0.00000000,0.00000000,0.00000000,0.00000000,0.00000000,0.00000000,0.03420890,0.00000000,0.00000000,0.00566460,0.01140531,0.00000000,0.00000000,0.00000000,0.00000000,0.04993724,0.00000000,0.00000000,0.00000000,0.00091683,0.00000000,0.03038428,0.00000000,0.00000000,0.00000000,0.00000000,0.00000000,0.00000000,0.00000000,0.00000000,0.00000000,0.00000000,0.02014374,0.00000000,0.00000000,0.00000000,0.00000000,0.00000000,0.00000000,0.00000000,0.00000000,0.00000000,0.00000000,0.00000000,0.00000000,0.00000000,0.00000000,0.00195475,0.02751068,0.00000000,0.00000000,0.00000000,0.00000000,0.00000000,0.00000000,0.00000000,0.00000000,0.00000000,0.00000000,0.00000000,0.00000000,0.00000000,0.00000000,0.00000000,0.00000000,0.07255910,0.00603672,0.00000000,0.00000000,0.00000000,0.00000000,0.00000000,0.00000000,0.00000000,0.00826726,0.19823998,0.00000000,0.00000000,0.00000000,0.00000000,0.00000000,0.00000000,0.00000000,0.00000000,0.00000000,0.00000000,0.00000000,0.00000000,2.05971039,0.00000000,0.00000000,0.00000000,0.26710447,0.16708288,0.00000000,0.00000000,0.00000000,0.00000000,0.01293846,0.00000000,0.00000000,0.00000000,0.00000000,0.00476078,0.00000000,0.01031777,0.01069832,0.00000000,0.00000000,0.00000000,0.00000000,0.00000000,0.00000000,0.00000000,0.00117532,0.00000000,0.00000000,0.00000000,0.00000000,0.00000000,0.00000000,0.00000000,0.00000000,0.00000000,0.00355902,2.18256282,0.00000000,0.00000000,0.00000000,0.00000000,0.00000000,0.00000000,0.00000000,0.00000000,0.00000000,0.00000000,0.00000000,0.00000000,0.00000000,0.00000000,0.00000000,0.00000000,0.00000000,0.00000000,0.00000000,0.00000000,0.00000000,0.00000000,0.00000000,0.00000000,0.00301898,0.00000000,0.00000000,0.00000000,0.00000000,0.00000000,0.00000000,0.00000000,0.00000000,0.00000000,0.01105953,0.00000000,0.00000000,0.00000000,0.00000000,0.00000000,0.00000000,0.00000000,0.00000000,0.00000000,0.00000000,0.00000000,0.00000000,0.00000000,0.00519724,0.00000000,0.00844902,0.00089093,0.00000000,0.00000000,0.03302289,0.00000000,0.00000000,0.00000000,0.00000000,0.00000000,0.00395276,0.00000000,0.00000000,0.00000000,0.00000000,0.00000000,0.00000000,0.00000000,0.00000000,0.00000000,0.00000000,0.00000000,0.00000000,0.00000000,0.00000000,0.00000000,0.00000000,0.00000000,0.00000000,0.00000000,0.00000000,0.00000000,0.02164036,0.00000000,0.00000000,0.00000000,0.00000000,0.00000000,0.00000000,0.00000000,0.00000000,0.00000000,0.00000000,0.00000000,0.00000000,0.00000000,0.00000000,0.00000000,0.00000000,0.01070458,0.00000000,0.00000000,0.00000000,0.02025590,0.00000000,0.00000000,0.08546282,0.00000000,0.00990473,0.00000000,0.00000000,0.00000000,0.00000000,0.00000000,0.00000000,0.00000000,0.00000000,0.00000000,0.00000000,0.00000000,0.00000000,0.00000000,0.02150363,0.00000000,0.00000000,0.00000000,0.00000000,0.09896377,0.00000000,0.00630223,0.00000000,0.00000000,0.00000000,0.00000000,0.00000000,0.00000000,0.00000000,0.00000000,0.00226542,0.00206072,0.00000000,0.00311432,0.00239196,0.00000000,0.00000000,0.00000000,0.00000000,0.00000000,0.02531351,0.00000000,0.00000000,0.00000000,0.00000000,0.00000000,0.00000000,0.00435954,0.00000000,0.00667587,0.00000000,0.00442755,0.00000000,0.00000000,0.00000000,0.00000000,0.18541847,0.00000000,0.00000000,0.00000000,0.00000000,0.00000000,0.00000000,0.00000000,0.00000000,0.00000000,0.00000000,0.00000000,0.09877303,0.29867034,0.02480687,0.00000000,0.00000000,0.00000000,0.00000000,0.00000000,0.00000000,0.00000000,0.00000000,0.00000000,0.00000000,0.00000000,0.00000000,0.00000000,0.00000000,0.00000000
0.30143848,0.00000000,0.00000000,0.00000000,0.13632775,0.00000000,0.00000000,0.00000000,0.00000000,0.00000000,0.00000000,0.09940968,0.00000000,0.00000000,0.00000000,0.00000000,0.00000000,0.03664671,0.00000000,0.00000000,0.00000000,0.00000000,0.00000000,0.00000000,0.00000000,0.00000000,0.00000000,0.00000000,0.00000000,0.00000000,0.00000000,0.00000000,0.03120449,0.00000000,0.00789362,0.00000000,0.00000000,0.00000000,0.00000000,0.00000000,0.00000000,0.00000000,0.00000000,0.00000000,0.00239888,0.00000000,0.00000000,0.00000000,0.00000000,0.09617650,0.00000000,0.00000000,0.00000000,0.00000000,0.00000000,0.00000000,0.43607839,0.00000000,0.00000000,0.00000000,0.00000000,0.00234957,0.00000000,0.00000000,0.00000000,0.00000000,0.00000000,0.00000000,0.00000000,0.00000000,0.00000000,0.00000000,0.00000000,0.00000000,0.00000000,0.00000000,0.00000000,0.00000000,0.00000000,0.00000000,0.00000000,0.00000000,0.00000000,0.00000000,0.00332608,0.00000000,0.00000000,0.00332234,0.00000000,0.00000000,0.00000000,0.00000000,0.00101394,0.00000000,0.00000000,0.00000000,0.00000000,0.00000000,0.00661641,0.00803391,0.00422956,0.00000000,0.00000000,0.00000000,0.51033278,0.00000000,0.00000000,0.00000000,0.00000000,0.00000000,0.00000000,0.00000000,0.00000000,0.00000000,0.00000000,0.00000000,0.00000000,0.00000000,0.01483267,0.00000000,0.00000000,0.07394364,0.00000000,0.02158668,0.00000000,0.00000000,0.00000000,0.00000000,0.00000000,0.00000000,0.00000000,0.00000000,0.00000000,0.00000000,0.00000000,0.00000000,0.00000000,0.00000000,0.00000000,0.00000000,0.00000000,0.36549324,0.00000000,0.00000000,0.00000000,0.00000000,0.00000000,0.09228333,0.00000000,0.00000000,0.00181263,0.00000000,0.00000000,0.00000000,0.00130083,0.00000000,0.00000000,0.00000000,0.00000000,0.00000000,0.00000000,0.00000000,0.00000000,0.00000000,0.00000000,0.00000000,0.03895151,0.00000000,0.00000000,0.00000000,0.00000000,0.01572110,0.00000000,0.00000000,0.00488815,0.00000000,0.00000000,0.04800261,0.00289565,0.00774096,0.05004975,0.00000000,0.00000000,0.00000000,0.00000000,0.00000000,0.00000000,0.00000000,0.00000000,0.18437382,0.00801459,0.00000000,0.00000000,0.00000000,0.00000000,0.00000000,0.00000000,0.00000000,0.00000000,0.00000000,0.00000000,0.00000000,0.00000000,0.03412625,0.00000000,0.00419528,0.00000000,0.00000000,0.00594380,0.00000000,0.00666848,0.00000000,0.00000000,0.00000000,0.00000000,0.00000000,0.04066754,0.00000000,0.00000000,0.00195840,0.00000000,0.00000000,0.00000000,0.05866553,0.00000000,0.00000000,0.00000000,0.00000000,0.00000000,0.00000000,0.00000000,0.00000000,0.00000000,0.00000000,0.00000000,0.00000000,0.00000000,0.00000000,0.00000000,0.00000000,0.00000000,0.00000000,0.00000000,0.00000000,0.00000000,0.00000000,0.12592277,0.00000000,0.00000000,0.04734470,0.00000000,0.00000000,0.00000000,0.00000000,0.00504596,0.00000000,0.00000000,0.00356456,0.01599259,0.00000000,0.00000000,0.00000000,0.00000000,0.00000000,0.00000000,0.00000000,0.00000000,0.00000000,0.00000000,0.00178868,0.00000000,0.00000000,0.00000000,0.00000000,0.00000000,0.00000000,0.00138557,0.00000000,0.00000000,0.01721956,0.00000000,0.00000000,0.00000000,0.00000000,0.00000000,0.00480384,0.00000000,0.00000000,0.00000000,0.00000000,0.00000000,0.00000000,0.00000000,0.00000000,0.00227230,0.00000000,0.00000000,0.00000000,0.00000000,0.00000000,0.00000000,0.00000000,0.00000000,0.00000000,0.00000000,0.00000000,0.00000000,0.00000000,0.00000000,0.00000000,0.00000000,0.00000000,0.00000000,0.00000000,0.00000000,0.00000000,0.00000000,0.00000000,0.00000000,0.00000000,0.01071794,0.00000000,0.00000000,0.00000000,0.00000000,3.55573424,0.00000000,0.21155856,0.00000000,0.00066545,0.00000000,0.00000000,0.00000000,0.00000000,0.00293520,0.00772906,0.00351118,0.00000000,0.00000000,0.00000000,0.00000000,0.00000000,0.00000000,0.00000000,0.00000000,0.01167370,0.00000000,0.00000000,0.00000000,0.00237427,0.00000000,0.00000000,0.00000000,0.00000000,0.00000000,0.00000000,0.00000000,0.00298361,0.00000000,0.00000000,0.00000000,0.00420046,0.00000000,0.00000000,0.00000000,0.00000000,0.00000000,0.00000000,0.00000000,0.00000000,0.00000000,0.00000000,0.00000000,0.00000000,0.00000000,0.00000000,0.00000000,1.91768402,0.00000000,0.00000000,0.00000000,0.00000000,0.00000000,0.00000000,0.00000000,0.00000000,0.00000000,0.00000000,0.00000000,0.00000000,0.00000000,0.00000000,0.00000000,0.00000000,0.00000000,0.00000000,0.01282842,0.00000000,0.00000000,0.00000000,0.00000000,2.38815338,0.00000000,0.00000000,0.00490439,0.00090067,0.00000000,0.00196005,0.00291884,0.00000000,0.02056377,0.00000000,0.00000000,0.00000000,0.00000000,0.00000000,0.00000000,0.00000000,0.00000000,0.00000000,0.00000000,0.00000000,0.00000000,0.00000000,0.00000000,0.00000000,0.00000000,0.00549779,0.00000000,0.00000000,0.00000000,0.00000000,0.00000000,0.00000000,0.00000000,0.00000000,0.00000000,0.00000000,0.00000000,0.00806373,0.00000000,0.00664411,0.00619709,0.00000000,0.00767554,0.00000000,0.00000000,0.00000000,0.00000000,0.00000000,0.00000000,0.00000000,0.00000000,0.00000000,0.00000000,0.00000000,0.00000000,0.00000000,0.00000000,0.00000000,0.00000000,0.00000000,0.00000000,0.00000000,0.00000000,0.00000000,0.00000000,0.00000000,0.00000000,0.00000000,0.00000000,0.00000000,0.00000000,0.00000000,0.00000000,0.01768163,0.00000000,0.00000000,0.00000000,0.00000000,0.00000000,0.00000000,0.00000000,0.00000000,0.00617760,0.00000000,0.00000000,0.00000000,0.00832909,0.00000000,0.00000000,0.00000000,0.00000000,0.01742643,0.00000000,0.00000000,0.00000000,0.00000000,0.00000000,0.00000000,0.00000000,0.00000000,0.00891582,0.00000000,0.00000000,0.00000000,0.00000000,0.00000000,0.00000000,0.00000000,0.02888029,0.00000000,0.00000000,0.00000000,0.00000000,0.00000000,0.00000000,0.00000000,0.00000000,0.00000000,0.00000000,0.00000000,0.00000000,0.00000000,0.00000000,0.00000000,0.00000000,0.00000000,0.00000000,0.00000000,0.00000000,0.00000000,0.00000000,0.00000000,0.00000000,1.57758777,0.25898105,0.00000000,0.00000000,0.00000000,0.00000000,0.00000000,0.00000000,0.00000000,0.00000000,0.00000000,0.00000000,0.00000000,0.00000000,0.00000000,0.00000000,0.00000000,0.00000000,0.00000000,0.00378388,0.00000000,0.00000000,0.00000000,0.00000000,0.00000000,0.03073491,0.00000000,0.00000000,0.00000000,0.00000000,0.00000000,0.00000000,0.00000000,0.00000000,0.00000000,0.00155676,0.00000000,0.00000000,0.00000000,0.00000000,0.00000000,0.00000000,0.00000000,0.00000000,0.00558835,0.00000000,0.00000000,0.00000000,0.00000000,0.00000000,0.00000000,0.00000000,0.00000000,0.00000000,0.00000000,0.00000000,0.00000000,0.00000000,0.00000000,0.00000000,0.00000000,0.02027624,0.00000000,0.00000000,0.00000000,0.00000000,0.00000000,0.00000000,0.00000000,0.00000000,0.04716353,0.00000000,0.00687530,0.00000000,0.00000000,0.00000000,0.00000000,0.00257621,0.00000000,0.00000000,0.00000000,0.01336841,0.00000000,0.00000000,0.00000000,0.00000000,0.00000000,0.00000000,0.00000000,0.00000000,0.00000000,0.00000000,0.00305173,0.00000000,0.00000000,0.00000000,0.00000000,0.00000000,0.00000000,0.00000000,0.00249355,0.00000000,0.00000000,0.00000000,0.00000000,0.00000000,0.00000000,0.00000000,0.00000000,0.00000000,0.00000000,0.00000000,0.00231660,0.00000000,0.00000000,0.00000000,0.00000000,0.01397220,0.00000000,0.00000000,0.00000000,0.00822618,0.00000000,0.00000000,0.00000000,0.00000000,0.00000000,0.00000000,0.00000000,0.00000000,0.00000000,0.00000000,0.00000000,0.00000000,0.00000000,0.02230377,0.00000000,0.08104817,0.00148758,0.00000000,0.00000000,0.00000000,0.00000000,0.00000000,0.00000000,0.00000000,0.00000000,0.00000000,0.00000000,0.00000000,0.00000000,0.00000000,0.00000000,0.00000000,0.00000000,0.00000000,0.00000000,0.00000000,0.00000000,0.02652382,0.00000000,0.00000000,0.00000000,0.00552560,0.00000000,0.00000000,0.00000000,0.00000000,0.00000000,0.00449728,0.00000000,0.00000000,0.00000000,0.00000000,0.00000000,0.08383345,0.00000000,0.00000000,0.00000000,0.00000000,0.00000000,0.00000000,0.00000000,0.00000000,0.00000000,0.00000000,0.00000000,0.00000000,0.00907496,0.00000000,0.00000000,0.00000000,0.00000000,0.00000000,0.00000000,0.00000000,0.00000000,0.00000000,0.00000000,0.00000000,0.00333949,0.00000000,0.00186722,0.00000000,0.00000000,0.00000000,0.00000000,0.00000000,0.00000000,0.00098879,0.00000000,0.00000000,0.00000000,0.00000000,0.00000000,0.00000000,0.00000000,0.04260624,0.00000000,0.00000000,0.00000000,0.00000000,0.00000000,0.00000000,0.00000000,0.00000000,0.00000000,0.00000000,0.00000000,0.00000000,0.00000000,0.00000000,0.00000000,0.00000000,0.83433977,0.00000000,0.00000000,0.00000000,0.00000000,0.00000000,0.00000000,0.00000000,0.12010344,0.00000000,0.00000000,0.00000000,0.00000000,0.00204813,0.00000000,0.00000000,0.00000000,0.00000000,0.00000000,0.00000000,0.00000000,0.00000000,0.00000000,0.01458731,0.00000000,0.00000000,0.00000000,0.00461878,0.03597302,0.00000000,0.00000000
0.00000000,0.00000000,0.00000000,0.00000000,0.00000000,0.00072665,0.00000000,0.00000000,0.00000000,0.00000000,0.00000000,0.02536574,0.00000000,0.00000000,0.00000000,0.00000000,0.00000000,1.18467967,0.00000000,0.00000000,0.00000000,0.00000000,0.00000000,0.00000000,0.00000000,0.00000000,0.00000000,0.00000000,0.00000000,0.00000000,0.00000000,0.00000000,0.00000000,0.00000000,0.00144079,0.00000000,0.00000000,0.00000000,0.00000000,0.00000000,0.00000000,0.00000000,0.00000000,0.00000000,0.00000000,0.00000000,0.00000000,0.00000000,0.00000000,0.00000000,0.00000000,0.00000000,0.00000000,0.00000000,0.00000000,0.00000000,0.00000000,0.00000000,0.00000000,0.00000000,0.00000000,0.00000000,0.00000000,0.00000000,0.00000000,0.00000000,0.00134163,0.00000000,0.00000000,0.00000000,0.00000000,0.00000000,0.00000000,0.00000000,0.00000000,0.00000000,0.00000000,0.00000000,0.00000000,0.00634646,0.00000000,0.00000000,0.00000000,0.00000000,0.00223458,0.00000000,0.00000000,0.00000000,0.00000000,0.00000000,0.00000000,0.00000000,0.00000000,0.00000000,0.09560407,0.00000000,0.00000000,0.00000000,0.00094284,0.00193699,0.00000000,0.00000000,0.00000000,0.00000000,0.00000000,0.00000000,0.00000000,0.00000000,0.00000000,0.00000000,0.00000000,0.00000000,0.00000000,0.00000000,0.00422210,0.00000000,0.00000000,0.00000000,0.00000000,0.00000000,0.00000000,0.00000000,0.00000000,0.00000000,0.00000000,0.00000000,0.00000000,0.00000000,0.00000000,0.00000000,0.00000000,0.00000000,0.00000000,0.00000000,0.00000000,0.00000000,0.00000000,0.00000000,0.00000000,0.00000000,0.00000000,0.00000000,0.00000000,0.00000000,0.00000000,0.00000000,0.00000000,0.00000000,0.00000000,0.04197539,0.00000000,0.00000000,0.00000000,0.00000000,0.00837903,0.00000000,0.03302394,0.00000000,0.00000000,0.00000000,0.00000000,0.00000000,0.00000000,0.00000000,0.00000000,0.00000000,0.00000000,0.00000000,0.00000000,0.00000000,0.00000000,0.02677763,0.00000000,0.00000000,0.00000000,0.00000000,0.08557645,0.00000000,0.00000000,0.00000000,0.00000000,0.00000000,0.00000000,0.00000000,0.00000000,0.00000000,0.00000000,0.00000000,0.00000000,0.00000000,0.00000000,0.00000000,0.00000000,0.01731113,0.00000000,0.16864805,0.00107116,0.00000000,0.00000000,0.00000000,0.00000000,0.00000000,0.00000000,0.00000000,0.00000000,0.00000000,0.00000000,0.13594524,0.00000000,0.00000000,0.00000000,0.00000000,0.00000000,0.00000000,0.00000000,0.00000000,0.00000000,0.00000000,0.01251153,0.00000000,0.00000000,0.00000000,0.00000000,0.00000000,0.00000000,0.00000000,0.05483871,0.00361338,0.00000000,0.00000000,0.00000000,0.00000000,0.00000000,0.00930929,0.00000000,0.00000000,0.00000000,0.00222676,0.00000000,0.00000000,0.00000000,0.00658013,0.00000000,0.00419160,0.27863875,0.00000000,0.00000000,0.00000000,0.00000000,0.00000000,0.00000000,0.00000000,0.00000000,0.00000000,0.00000000,0.00000000,0.00000000,0.00000000,0.00000000,0.00000000,0.00000000,0.00000000,0.00000000,0.00000000,0.00000000,0.00000000,0.00000000,0.00000000,0.00000000,0.00000000,0.00000000,0.00000000,0.00000000,0.00000000,0.00208476,0.00272321,0.00000000,0.00000000,0.00000000,0.00000000,0.00000000,0.00000000,0.00000000,0.00000000,0.00000000,0.00000000,0.00000000,0.00000000,0.00000000,0.00000000,0.00000000,0.00000000,0.00000000,0.00000000,0.00000000,0.00000000,0.00000000,0.24814600,0.02543062,0.02379128,0.00000000,0.00000000,0.00000000,0.00000000,0.00000000,0.00000000,0.00000000,0.00000000,0.00000000,0.00000000,0.00000000,0.00000000,0.00000000,0.04690595,0.00000000,0.00000000,0.00000000,0.00000000,0.00297996,0.00000000,0.00000000,0.00000000,0.00000000,0.00000000,0.00000000,0.00000000,0.00000000,0.00113421,0.00000000,0.00000000,0.00000000,0.00000000,0.00000000,0.00000000,0.00000000,0.00000000,0.00000000,0.00000000,0.00000000,0.00000000,0.00456670,0.00000000,0.00000000,0.00000000,0.00000000,0.00000000,0.00000000,0.02670136,0.00000000,0.00000000,0.00000000,0.00000000,0.00000000,0.00000000,0.00076568,0.00000000,0.01232760,0.00000000,0.00000000,0.00303991,0.00319513,0.00000000,0.00000000,0.00000000,0.00450988,0.08666977,0.00000000,0.00000000,0.00000000,0.00000000,0.00000000,0.00000000,0.00000000,0.00159821,0.00000000,0.00000000,0.00000000,0.00000000,0.00000000,0.00000000,0.51281688,0.00337363,0.00000000,0.00000000,0.00000000,0.00067422,0.00000000,0.00000000,0.00000000,0.00000000,0.00000000,0.00000000,0.00000000,0.00000000,0.00000000,0.00000000,0.00000000,0.00000000,0.00000000,0.00000000,0.00000000,0.00000000,0.00000000,0.00000000,0.00000000,0.00000000,0.04659530,0.00000000,0.00000000,0.00000000,0.00000000,0.00000000,0.00000000,0.00000000,0.00000000,0.00000000,0.00000000,0.00000000,0.00000000,0.00000000,0.00000000,0.00000000,0.00000000,0.01855296,0.00000000,0.00189669,0.00000000,0.00000000,0.00000000,0.00000000,0.00000000,0.00000000,0.00000000,0.00000000,0.86634487,0.00095895,0.00473583,0.00000000,0.00000000,0.00000000,0.00000000,0.00000000,0.10713889,0.00000000,0.00000000,0.00000000,0.00000000,0.00000000,0.00192882,0.00000000,0.00000000,0.00000000,0.00000000,0.00000000,0.00000000,0.00000000,0.00000000,0.00000000,0.00000000,0.00338992,0.00000000,0.01187316,0.00000000,0.00000000,0.00000000,0.00000000,0.00000000,0.00000000,0.00172034,0.00914323,0.00000000,0.00000000,0.00000000,0.00000000,0.00000000,0.00000000,0.00000000,0.00000000,0.00000000,0.00000000,0.00000000,0.00000000,0.00000000,0.00000000,0.00000000,0.00106704,0.00872639,0.00000000,0.00000000,0.00000000,0.00000000,0.00000000,0.00212828,0.00000000,0.00000000,0.00000000,0.00000000,0.06199788,0.00000000,0.00000000,0.00000000,0.00000000,0.00000000,0.00000000,0.00000000,0.00000000,0.01781704,0.00000000,0.02059627,0.00000000,0.00000000,0.00000000,0.00000000,0.00000000,0.00000000,0.00000000,0.00000000,0.00000000,0.00938297,0.00000000,0.00000000,0.00000000,0.01764132,0.00000000,0.00000000,0.00000000,0.00000000,0.00000000,0.00000000,0.00000000,0.00000000,0.00000000,0.00000000,0.00000000,0.00000000,0.00000000,0.00000000,0.00000000,0.01451787,0.00000000,0.00000000,0.00000000,0.00000000,0.00000000,0.00000000,0.00000000,0.00000000,0.00000000,0.00000000,0.02215952,0.00000000,0.00000000,0.00000000,0.00000000,0.00000000,0.00820128,0.00000000,0.00000000,0.00000000,0.00000000,0.00000000,0.00000000,0.00000000,0.00000000,0.00000000,0.00774210,0.00000000,0.00000000,0.00000000,0.01127509,0.00000000,0.00000000,0.00142883,0.00000000,0.00000000,0.00000000,0.00414542,0.36527244,0.00000000,0.00000000,0.00000000,0.00000000,0.00000000,0.00000000,0.00000000,0.00000000,0.00000000,0.00000000,0.00000000,0.00000000,0.00000000,0.00000000,0.00000000,0.00000000,0.00427483,0.00408185,0.00000000,0.01685054,0.03929407,0.00000000,0.00000000,0.00000000,0.00000000,0.00000000,0.00000000,0.00000000,0.00000000,0.00000000,0.00000000,0.00000000,0.00000000,0.00000000,0.00000000,0.01334465,0.00000000,0.00000000,0.00000000,0.00000000,0.00000000,0.00000000,0.00000000,0.00000000,0.00000000,0.00000000,0.00000000,0.00000000,0.00000000,0.01196635,0.00000000,0.00363411,0.00000000,0.00000000,0.00000000,0.00000000,0.00121594,0.00000000,0.00000000,0.00000000,0.00690454,0.00000000,0.00000000,0.00000000,0.00000000,0.00747541,0.00000000,0.00000000,0.00000000,0.00000000,0.00000000,0.00875867,0.00000000,0.00000000,0.00000000,0.00000000,0.00000000,0.00000000,0.00000000,0.00000000,0.00000000,0.00000000,0.00000000,0.00000000,0.00000000,0.00000000,0.00000000,0.00000000,0.00285383,0.00000000,0.00000000,0.00000000,0.00000000,0.00000000,0.00000000,0.00000000,0.00000000,0.00000000,0.00669776,0.00000000,0.00000000,0.00000000,0.09168452,0.00000000,0.00000000,0.00000000,0.00385950,0.00000000,0.04151020,0.00000000,0.00000000,0.00000000,0.00000000,0.04347178,0.00645298,0.00000000,0.00000000,0.00776676,0.00000000,0.00000000,0.00000000,0.00000000,0.00000000,0.00404663,0.00000000,0.00000000,0.00000000,0.00000000,0.00000000,0.00000000,0.00000000,0.00000000,0.00000000,0.00000000,0.01002583,0.00197232,0.00000000,0.00000000,0.00000000,0.00000000,0.00000000,0.01266551,0.00000000,0.04342858,0.00000000,0.00000000,0.00000000,0.00000000,0.00000000,0.00000000,0.00000000,0.00434953,0.02200461,0.00000000,0.00000000,0.01732191,0.01886474,0.00000000,0.00000000,0.00000000,0.00000000,0.00000000,0.00000000,0.00000000,0.03111306,0.00719963,0.00000000,0.00000000,0.00000000,0.00319177,0.00000000,0.00000000,0.00000000,0.00000000,0.00000000,0.00000000,0.00000000,0.00000000,0.00000000,0.01214508,0.00000000,0.00000000,0.00000000,0.00000000,0.00000000,0.00000000,0.00000000,0.00000000,0.00000000,0.00000000,0.01582072,0.00000000,0.00000000,0.00000000,0.00000000,0.00000000,0.00000000,0.00000000,0.21415158,0.00000000,0.00000000,0.00000000,0.00000000,1.62653925,0.00000000,0.00000000,0.00000000,0.00000000,0.02424697,0.00000000,0.00000000,0.03285572,0.00000000,0.00000000,0.00000000,0.00000000,0.00000000,0.00486999,0.00000000,0.00000000,0.00000000,0.00000000
0.00000000,0.00000000,0.00671502,0.06848034,0.06086991,0.00000000,0.00000000,0.00000000,0.00000000,0.00000000,0.00000000,0.00000000,0.00114553,0.02052707,0.00000000,0.03094684,0.00000000,0.00000000,0.00000000,0.00000000,0.00000000,0.00000000,0.00000000,0.03363881,0.00000000,0.00000000,0.03182591,0.01205705,0.00000000,0.00000000,0.00124858,0.00000000,0.00000000,0.00000000,0.00000000,0.00000000,0.00000000,0.00000000,0.00000000,0.00521313,0.00000000,0.00000000,3.31992419,0.00275802,0.00000000,0.00000000,0.00000000,0.00000000,0.00000000,0.00000000,0.00000000,0.00000000,0.00000000,0.01417762,0.00000000,0.00000000,0.00000000,0.00000000,0.00000000,0.00000000,0.00000000,0.00000000,0.00000000,0.00000000,0.00000000,0.00000000,0.00349302,0.00000000,0.00000000,0.00000000,0.00000000,0.00000000,0.02024989,0.00000000,0.00229030,0.10262759,0.00000000,0.00000000,0.02045414,0.00000000,0.00000000,0.00000000,0.00932084,0.00103538,0.00000000,0.00000000,0.00000000,0.00000000,0.00000000,0.00000000,0.00464706,0.00000000,0.01682723,0.00000000,0.00000000,0.00000000,0.00000000,0.00000000,0.00000000,0.00000000,0.00000000,0.00000000,0.00000000,0.02787930,0.00000000,0.00000000,0.00334691,0.00000000,0.00000000,0.00000000,0.00000000,0.00000000,0.00000000,0.00000000,0.00000000,0.00000000,0.00000000,0.00000000,0.00000000,0.00000000,0.00000000,0.00000000,0.00000000,0.00000000,0.00000000,0.00000000,0.00000000,0.04285131,0.00000000,0.00000000,0.00000000,0.00000000,0.00000000,0.00000000,0.00000000,0.00812944,0.00000000,0.00000000,0.00000000,0.00000000,0.07887116,0.00000000,0.00000000,0.00000000,0.00000000,0.00000000,0.00000000,0.00000000,0.00000000,0.00000000,0.00000000,0.00000000,0.00000000,0.00000000,0.00000000,0.00000000,0.00000000,0.00000000,0.00000000,0.00000000,0.00000000,0.00000000,0.00000000,0.00000000,0.00000000,0.00000000,0.00000000,0.02998922,0.00134809,0.00000000,0.00000000,0.00000000,0.00000000,0.00000000,0.00000000,0.00000000,0.00000000,0.00000000,0.00000000,0.00000000,0.00000000,0.00000000,0.00000000,0.00676570,0.00000000,0.00000000,0.01988032,0.00000000,0.00000000,0.00000000,0.00000000,0.00000000,0.00000000,0.00000000,0.00000000,0.00000000,0.00000000,0.00000000,0.00000000,0.00000000,0.00000000,0.00000000,0.00000000,0.00000000,0.00000000,0.00000000,0.00000000,0.00000000,0.00000000,0.00000000,0.00000000,0.00000000,0.00000000,0.00000000,0.00000000,0.00000000,0.00000000,0.00000000,0.00000000,0.00000000,0.00000000,0.00000000,0.00000000,0.00000000,0.00683890,0.00000000,0.00000000,0.00000000,0.00000000,0.00000000,0.00000000,0.00000000,0.00000000,0.00000000,0.00000000,0.00000000,0.00000000,0.00000000,0.00000000,0.00000000,0.00088730,0.03876711,0.00000000,0.00000000,0.00000000,0.00000000,0.00000000,0.00000000,0.02826962,0.00000000,0.00000000,0.00000000,0.00000000,0.00000000,0.00000000,0.00000000,0.00000000,0.00000000,0.00000000,0.00000000,0.00000000,0.00000000,0.00000000,0.00000000,0.00000000,0.00000000,0.00000000,0.00000000,0.00000000,0.00000000,0.00000000,0.00000000,0.00000000,0.00000000,0.00000000,0.00000000,0.00000000,0.00000000,0.00297854,0.00000000,0.00000000,0.00000000,0.00000000,0.00000000,0.00000000,0.00000000,0.00000000,0.00000000,0.00375418,0.00000000,0.00000000,0.00000000,0.00000000,0.01375474,0.00000000,0.01361799,0.00000000,0.00000000,0.00000000,0.00000000,0.00000000,0.00000000,0.00000000,0.00000000,0.00000000,0.08979258,0.00000000,0.00000000,0.00000000,0.00000000,0.00000000,0.00000000,0.00000000,0.00000000,0.00000000,0.00000000,0.05332246,0.00000000,0.00000000,0.00000000,0.00000000,0.00000000,0.00000000,0.00000000,0.00000000,0.00000000,0.00167616,0.00000000,0.00000000,0.00000000,0.00000000,0.00000000,0.00000000,0.00000000,0.00000000,0.00000000,0.00000000,0.00000000,0.00000000,0.00000000,0.00151516,0.00000000,0.00000000,0.00000000,0.00000000,0.00000000,0.00000000,0.05038702,0.00000000,0.00000000,0.00000000,0.08106054,0.00000000,0.00000000,0.00000000,0.00000000,0.00000000,0.00049376,0.00000000,0.00000000,0.00000000,0.00266676,0.00000000,0.00000000,0.00000000,0.00000000,0.00000000,0.00000000,0.00000000,0.00000000,0.00000000,0.00000000,0.00000000,0.00000000,0.00000000,0.00000000,0.00000000,0.00000000,0.00000000,0.00000000,0.00680137,0.00000000,0.00000000,0.01310965,0.00289151,0.01074614,0.18695076,0.00000000,0.00000000,0.00000000,0.00000000,0.00000000,0.02404480,0.00000000,0.00000000,0.00000000,0.00000000,0.00000000,0.00000000,0.00000000,0.01629927,0.00000000,0.00000000,0.00000000,0.00000000,0.00000000,0.00115433,0.00000000,0.00000000,0.00000000,3.31600758,0.00000000,0.00224140,0.00000000,0.01193949,0.00000000,0.00000000,0.07968567,0.00000000,0.00000000,0.00000000,0.00000000,0.00000000,0.00000000,0.00000000,0.00000000,0.00000000,0.13382859,0.00000000,0.00000000,0.00000000,0.00000000,0.00000000,0.00000000,0.00264016,0.00107245,0.00000000,0.00000000,0.00716354,0.00000000,0.00000000,0.00000000,0.00000000,0.00000000,0.00000000,0.00000000,0.00000000,0.04317418,0.00000000,0.00000000,0.00000000,0.00000000,0.00000000,0.00764094,0.00000000,0.00000000,0.00000000,0.00000000,0.00000000,0.00000000,0.00968380,0.00000000,0.00000000,0.00000000,0.00000000,0.00000000,0.00000000,0.00000000,0.00000000,0.00000000,0.00000000,0.00000000,0.00000000,0.00000000,0.00000000,0.00000000,0.00000000,0.00000000,0.00476617,0.00000000,0.00140216,0.00000000,0.00000000,0.00000000,0.00000000,0.00000000,0.00000000,0.00000000,0.00000000,0.00000000,0.00000000,0.00000000,0.00000000,0.00000000,0.00000000,0.00000000,0.01588332,0.00000000,0.00000000,0.00000000,0.00312428,0.00000000,0.02131145,0.00000000,0.00000000,0.00000000,0.00000000,0.00000000,0.00000000,0.00000000,0.02224206,0.00000000,0.00000000,0.00000000,0.00000000,0.00000000,0.00000000,0.00938297,0.00000000,0.00000000,0.00000000,0.00000000,0.00000000,0.00000000,0.00000000,0.00000000,0.00000000,0.00000000,0.01533260,0.00000000,0.00000000,0.00000000,0.00000000,0.00000000,0.00000000,0.00000000,0.00000000,0.00201275,0.00000000,0.02937618,0.00000000,0.00000000,0.00000000,0.00000000,0.00000000,0.00000000,0.00000000,0.00080495,0.00000000,0.00000000,0.11741213,0.00000000,0.55456811,0.00000000,0.00000000,0.00000000,0.00000000,0.00000000,0.00000000,0.00000000,0.00000000,0.00000000,0.00000000,0.00000000,0.00000000,0.00000000,0.00000000,0.00000000,0.00000000,0.00000000,0.00000000,0.00000000,0.00000000,0.00000000,0.00000000,0.00000000,0.00000000,0.00000000,0.00000000,0.00391304,0.00000000,0.00697969,0.00000000,0.00000000,0.00589586,0.00000000,0.00000000,0.00000000,0.00000000,0.00000000,0.00000000,0.02142354,0.00000000,0.00000000,0.00000000,0.00000000,0.00000000,0.00000000,0.00000000,0.00000000,0.00262056,0.00000000,0.00000000,0.00000000,0.00000000,0.00000000,0.00000000,0.00000000,0.00144040,0.00000000,0.00000000,0.00000000,0.00000000,0.00000000,0.00000000,0.00000000,0.00000000,0.00000000,0.00000000,0.00000000,0.00000000,0.00000000,0.00000000,0.00000000,0.00000000,0.00000000,0.00000000,0.00601607,0.00000000,0.00000000,0.00000000,0.00000000,0.00000000,0.00000000,0.00000000,0.00000000,0.00000000,0.00000000,0.00000000,0.00000000,0.03031076,0.00000000,0.01583848,0.04225179,0.00000000,0.00000000,0.00000000,0.10118633,0.00000000,0.00000000,0.00695546,0.00000000,0.00000000,0.00000000,0.00000000,0.01082967,0.00000000,0.00000000,0.00000000,0.00000000,0.00000000,0.00000000,0.00000000,0.00000000,0.00000000,0.00000000,0.00000000,0.00000000,0.00000000,0.00666782,0.00000000,0.00000000,0.00000000,0.00000000,0.00000000,0.00000000,0.00000000,0.00208547,0.00000000,0.00000000,0.00000000,0.00000000,0.00000000,0.00000000,0.00408887,2.91726461,0.00000000,0.00000000,0.00000000,0.00000000,0.00000000,0.00000000,0.00000000,0.00000000,0.00000000,0.00123071,0.00000000,0.00000000,0.00000000,0.00000000,0.00000000,0.00000000,0.00000000,0.00000000,0.00000000,0.00000000,0.00000000,0.00000000,0.00000000,0.00423853,0.00000000,0.00000000,0.01410711,0.00000000,0.00000000,0.00000000,0.00000000,0.00619564,0.00740161,0.00000000,0.00000000,0.00357325,0.00000000,0.00000000,0.79756938,0.00000000,0.00000000,0.00000000,0.00000000,0.00000000,0.00000000,0.01022640,0.00000000,0.00000000,0.00000000,0.00000000,0.02365601,0.00000000,0.00000000,0.00000000,0.00000000,0.00000000,0.00395739,0.00000000,0.00000000,0.00000000,0.00000000,0.00000000,0.00000000,0.00000000,0.00000000,0.00962011,0.00143772,0.00397333,0.00000000,0.00000000,0.00000000,0.00000000,0.00000000,0.00000000,0.00000000,0.00000000,0.00000000,0.00000000,0.00000000,0.02705299,0.00000000,0.00000000,0.00000000,0.00000000,0.00000000,0.00000000,0.00000000,0.00000000,0.00000000,0.05958912,0.00494002,0.00000000,0.00000000,0.00000000,0.00000000,0.00000000,0.00000000,0.00000000,0.00000000,0.00000000,0.00000000,0.00000000,0.00000000,0.00484103,0.00000000,0.00000000,0.00000000,0.00000000,0.00000000,0.00000000,0.00000000,0.00000000,0.00000000,0.00000000
0.00000000,0.00000000,0.00000000,0.00000000,0.00000000,0.00000000,0.00000000,0.00000000,0.00000000,0.00000000,0.00000000,0.00000000,0.00000000,0.00000000,0.00000000,0.00000000,0.01704877,0.00390886,0.00000000,0.00069468,0.00000000,0.00000000,0.00000000,0.00000000,0.01574326,0.00000000,0.00000000,0.00000000,0.00340808,0.00000000,0.00000000,0.03767879,0.00000000,0.00000000,0.00000000,0.00000000,0.00000000,0.00000000,0.00000000,0.00000000,0.00000000,0.00000000,0.00000000,0.00000000,0.00000000,0.00000000,0.00000000,0.00000000,0.00000000,0.00000000,0.00000000,0.01323994,0.00000000,0.00000000,0.00000000,0.00000000,0.00323622,0.00585150,0.00000000,0.00000000,0.00000000,0.05411838,0.00000000,0.00000000,0.00000000,0.00455356,0.00000000,0.00000000,0.00000000,0.00000000,0.00000000,0.02720042,0.00000000,0.00000000,0.00000000,0.00000000,0.00000000,0.00000000,0.00000000,0.00000000,0.00000000,0.01710907,0.00000000,0.00000000,0.00000000,0.00000000,0.00000000,0.01120847,0.00813335,0.00000000,0.00000000,0.00000000,0.00000000,0.00000000,0.00000000,0.00000000,0.00000000,0.00000000,0.00000000,0.00000000,0.00000000,0.01138334,0.00000000,0.00000000,0.00000000,0.00000000,0.00000000,0.00000000,0.00000000,0.00000000,0.00000000,0.00000000,0.00000000,0.00000000,0.00000000,0.00000000,0.00000000,0.00000000,0.04921307,0.00000000,0.00000000,0.00000000,0.00000000,0.00000000,0.00000000,0.00000000,0.00000000,0.00000000,0.00000000,0.00000000,0.00000000,0.00208623,0.00000000,0.00000000,0.00000000,0.00000000,0.00000000,0.00130711,0.00000000,0.00000000,0.01906406,0.00000000,0.00000000,0.00000000,0.00000000,0.00000000,0.00000000,0.00000000,0.00000000,0.00000000,0.00000000,0.00000000,0.26171105,0.00000000,0.00000000,0.00000000,0.00000000,0.00000000,0.00000000,0.00000000,0.00000000,0.00000000,0.00000000,0.00000000,0.00000000,0.00075117,0.00000000,0.00704942,0.01754539,0.00245700,0.00000000,0.00000000,0.00000000,0.00000000,0.00000000,0.00000000,0.00000000,0.00000000,0.00000000,0.00000000,0.00000000,0.00000000,0.00000000,0.03274635,0.00000000,0.00000000,0.03064927,0.00000000,0.00000000,0.00000000,0.00000000,0.00000000,0.00099945,0.00000000,0.00000000,0.00000000,0.00000000,0.00000000,0.00000000,0.02110943,0.00000000,0.00000000,0.00000000,0.00000000,0.00000000,0.00000000,0.00000000,0.00000000,0.00000000,0.00000000,0.00000000,0.00000000,0.00000000,0.00000000,0.00000000,0.00000000,0.00000000,0.00000000,0.00000000,0.00000000,0.05473888,0.00000000,0.00000000,0.00000000,0.00000000,0.00000000,0.00000000,0.00000000,0.00000000,0.00000000,0.00000000,0.00000000,0.00000000,0.00000000,0.00000000,0.00000000,0.00518675,0.00000000,0.00000000,0.00000000,0.00000000,0.00000000,0.00000000,0.00000000,0.00000000,0.00000000,0.00000000,0.00000000,0.00000000,0.00000000,0.00000000,0.00000000,0.00000000,0.00000000,0.00000000,0.00250686,0.00000000,0.00000000,0.00000000,0.00000000,0.00000000,0.02148552,0.00000000,0.00000000,0.00000000,0.00208466,0.00000000,0.00000000,0.00000000,0.00000000,0.00000000,0.00000000,0.00000000,0.00000000,0.00000000,0.00000000,0.00000000,0.00000000,0.01039842,0.01546479,0.00000000,0.00000000,0.00000000,0.00000000,0.03673164,0.00000000,0.00000000,0.00000000,0.00000000,0.00000000,0.00000000,0.00000000,0.00000000,0.00000000,0.00000000,0.00000000,0.04916515,0.00000000,0.00000000,0.00000000,0.00000000,0.00000000,0.00000000,0.00000000,0.00000000,0.00000000,0.00000000,0.02147471,0.00000000,0.00000000,0.00000000,0.00000000,0.00266050,0.07057569,0.00000000,0.00828358,0.00000000,0.00000000,0.00000000,0.00000000,0.03702986,0.01050167,0.00000000,0.00000000,0.01851600,0.00000000,0.00000000,0.00000000,0.00000000,0.00000000,0.00000000,0.00362601,0.00433701,0.57765191,0.00000000,0.00000000,0.00000000,0.00000000,0.00000000,0.00000000,0.00000000,0.06107260,0.00000000,0.00000000,0.00000000,0.00000000,0.00000000,0.00000000,0.00000000,0.00000000,0.00155710,0.00000000,0.01077115,0.00000000,0.00000000,0.00000000,0.00000000,0.00000000,0.00000000,0.00000000,0.00000000,0.00384988,0.00000000,0.03087894,0.00000000,0.00000000,0.00000000,0.00000000,0.01372146,0.00000000,0.00134530,0.00000000,0.00000000,0.00000000,0.00000000,0.00000000,0.00000000,0.01248025,0.00000000,0.00000000,0.00000000,0.01682545,0.00000000,0.00000000,0.00000000,0.00000000,0.00000000,0.00186363,0.00000000,0.00000000,0.00000000,0.00000000,0.00000000,0.00000000,0.00000000,0.00000000,0.00000000,0.00000000,0.00000000,0.00000000,0.00000000,0.00534820,0.00000000,0.00000000,0.00000000,0.00000000,0.00000000,0.00382850,0.00000000,0.00000000,0.00000000,0.00000000,0.00000000,0.00000000,0.19621773,0.10375786,0.00000000,0.00000000,0.00000000,0.00000000,0.00000000,0.00000000,0.00000000,0.00176596,0.00000000,0.00000000,0.00000000,0.00000000,0.00000000,0.00000000,0.00000000,0.00000000,0.00000000,0.00000000,0.00827857,0.00000000,0.00000000,0.00000000,0.00000000,0.00000000,0.00000000,0.00000000,0.00000000,0.01324266,0.00000000,0.00000000,0.02667012,0.00000000,0.00000000,0.00000000,0.00000000,0.02535349,0.07140315,0.00578760,0.00000000,0.00091455,0.00000000,0.00000000,0.00000000,0.21147832,0.00000000,0.04101738,0.00000000,0.00000000,0.00000000,0.00000000,0.00000000,1.54364135,0.00000000,0.00000000,0.00000000,0.00000000,0.00000000,0.00000000,0.00000000,0.00000000,0.00000000,0.00000000,0.00000000,0.00000000,0.00000000,0.00000000,0.00000000,0.00000000,0.00000000,0.00000000,0.00000000,0.00727268,0.00000000,0.00557463,0.00000000,0.00000000,0.00000000,0.00000000,0.00000000,0.00000000,0.00000000,0.00000000,0.00000000,0.00095699,0.00000000,0.00000000,0.06771814,0.00161493,0.00345527,0.00000000,0.00000000,0.00000000,0.00000000,0.00000000,0.00000000,0.00000000,0.00000000,0.00000000,0.00000000,0.00000000,0.00000000,0.00000000,0.00000000,0.00000000,0.00000000,0.08689946,0.00000000,0.00000000,0.00000000,0.00000000,0.00000000,0.00000000,0.00000000,0.00000000,0.00000000,0.01181535,0.00000000,0.00000000,0.00299618,0.00000000,0.00000000,0.00000000,0.08891474,0.00000000,0.00000000,0.00000000,0.00000000,0.00000000,0.00000000,0.00000000,0.00000000,0.00000000,0.00606985,0.00065875,0.00000000,0.00000000,0.00277952,0.00000000,0.00216224,0.00000000,0.00000000,0.00000000,0.00000000,0.00000000,0.00000000,0.00000000,0.00103846,0.00000000,0.00000000,0.00000000,0.00000000,0.00000000,0.00000000,0.00000000,0.00000000,0.00000000,0.00000000,0.00000000,0.00000000,0.00000000,0.00000000,0.00000000,0.00000000,0.00000000,0.00589392,0.00000000,0.00655287,0.00000000,0.00000000,0.00000000,0.00000000,0.00000000,0.00000000,0.00000000,0.00000000,0.00000000,0.00000000,0.00000000,0.00150878,0.00000000,0.00000000,0.00000000,0.00000000,0.00000000,0.00000000,0.00000000,0.00000000,0.00000000,0.00000000,0.00000000,0.00000000,0.00000000,0.00000000,0.00000000,0.00000000,0.00000000,0.00000000,0.00000000,0.00000000,0.00000000,0.00000000,0.00000000,0.00000000,0.00000000,0.00000000,0.00000000,0.00000000,0.00000000,0.00000000,0.00286139,0.00000000,0.00000000,0.00302713,0.00000000,0.00000000,0.00000000,0.00000000,0.00000000,0.00000000,0.01400184,0.97784184,0.00000000,0.00000000,0.00000000,0.00000000,0.00000000,0.00000000,0.00000000,0.00000000,0.00000000,0.00000000,0.00000000,0.00000000,0.00000000,0.00000000,0.00000000,0.00136672,0.00000000,0.00000000,0.00000000,0.00000000,0.00000000,0.00000000,0.04852687,0.00000000,0.00000000,0.00323974,0.00000000,0.00000000,0.00000000,0.00000000,0.00000000,0.00000000,0.00000000,0.00000000,0.00000000,0.00000000,0.02280770,0.00000000,0.00000000,0.00000000,0.00000000,0.00000000,0.00000000,0.00000000,0.00000000,0.00218227,0.00000000,0.00074650,0.00216622,0.00000000,0.14578978,0.00000000,0.00000000,0.00000000,0.00000000,0.00000000,0.00000000,0.00000000,0.00000000,0.00000000,0.00000000,0.00000000,0.00000000,0.00000000,0.00000000,0.00000000,0.01620693,0.00000000,0.00000000,0.00000000,0.00000000,0.00000000,0.01397217,0.00000000,0.00000000,0.00000000,0.00000000,0.00000000,0.00382219,0.00000000,0.00000000,0.00000000,0.00000000,0.00000000,0.00000000,0.00000000,0.00000000,0.00000000,0.00000000,0.00210035,0.00000000,0.00000000,0.00000000,0.00000000,0.00000000,0.00000000,0.00000000,0.00639358,0.00000000,0.00000000,0.00000000,0.00000000,0.00000000,0.07337292,0.00000000,0.00000000,0.00000000,0.00000000,0.00000000,0.00000000,0.00000000,0.01165054,0.00000000,0.06430105,0.00000000,0.00000000,0.00000000,0.00000000,0.00000000,0.00260314,0.00000000,0.00000000,0.00000000,0.00000000,0.00000000,0.00000000,0.00000000,0.00000000,0.00000000,0.00000000,0.00000000,0.00000000,0.00000000,0.00000000,0.00000000,0.00000000,0.00000000,0.00000000,0.00000000,0.00000000,0.00000000,0.00000000,0.00000000,0.00277706,0.00000000,0.00000000,0.00000000,0.00000000,0.00000000,0.00000000,0.00000000,0.00000000,0.00000000,0.00000000,0.00000000,0.00000000,0.00000000,0.00000000,0.00000000,0.00000000,0.01855593,0.00000000,0.00000000
0.00000000,0.00000000,0.00000000,0.00000000,0.00000000,0.00656293,0.00274027,0.00000000,0.00000000,0.00000000,0.00000000,0.00000000,0.03893936,0.00000000,0.00000000,0.00000000,0.00000000,0.00000000,0.00000000,0.00000000,0.00000000,0.00000000,0.00000000,0.00000000,0.00000000,0.00000000,0.00000000,0.00000000,0.00000000,0.00000000,0.00000000,0.00000000,0.00000000,0.00000000,0.00663075,0.00000000,0.01702632,0.00000000,0.00000000,0.00000000,0.00000000,0.00000000,0.09072122,0.00000000,0.00741916,0.00000000,0.00000000,0.00000000,0.00000000,0.60926437,0.01214149,0.00000000,0.00000000,0.00000000,0.47674736,0.00000000,0.00000000,0.00000000,0.00000000,0.00000000,0.00000000,0.00000000,0.00125285,0.00000000,0.00000000,0.01319389,0.00000000,0.00000000,0.00000000,0.00000000,0.00164029,0.00000000,0.00000000,0.00000000,1.33851978,0.00000000,0.00000000,0.02948036,0.00000000,0.00000000,0.00000000,0.00000000,0.00000000,0.00000000,0.00000000,0.00000000,0.00000000,0.00000000,0.00397524,0.00000000,0.00000000,0.00371573,0.00000000,0.00000000,0.00000000,0.00000000,0.00000000,0.00000000,0.00000000,0.00000000,0.01305536,0.00000000,0.00000000,0.00000000,0.00000000,0.00000000,0.00000000,0.00000000,0.00000000,0.00000000,0.06842653,0.00000000,0.00000000,0.00000000,0.00000000,0.00000000,0.00000000,0.01725502,0.00000000,0.00000000,0.00000000,0.00000000,0.00000000,0.00000000,0.00000000,0.02857292,0.00000000,0.00000000,0.00000000,0.00000000,0.00000000,0.00000000,0.00490755,0.00000000,0.00000000,0.00000000,0.02780678,0.00981798,0.00000000,0.00000000,0.00000000,0.00000000,0.00000000,0.00000000,0.00000000,0.00000000,0.00000000,0.00000000,0.00000000,0.00000000,0.00000000,0.07214001,0.00000000,0.00000000,0.00000000,0.00000000,0.00000000,0.00000000,0.00000000,0.00000000,0.00000000,0.00000000,0.00000000,0.00000000,0.00000000,0.00000000,0.00872459,0.00000000,0.00000000,0.00000000,0.00000000,0.00000000,0.00000000,0.00000000,0.00000000,0.00000000,0.00000000,0.00000000,0.00000000,0.00000000,0.02535288,0.00000000,0.00000000,0.00752558,0.00000000,0.00000000,0.00000000,0.00000000,0.00000000,0.00285115,0.00000000,0.00000000,0.00000000,0.00000000,0.00000000,0.00000000,0.00000000,0.00000000,0.00000000,0.00000000,0.00000000,0.00000000,0.00000000,0.00000000,0.01311743,0.00000000,0.00000000,0.00000000,0.00000000,0.00000000,0.00000000,0.00000000,0.00000000,0.00000000,0.00000000,0.00000000,0.00000000,0.00000000,0.00000000,0.00000000,0.00000000,0.01279270,0.00000000,0.00000000,0.00434106,0.00000000,0.00000000,0.00000000,0.00000000,0.00000000,0.00000000,0.00000000,0.00000000,0.00000000,0.00000000,0.00000000,0.00000000,0.00000000,0.00000000,0.01252752,0.00000000,0.00000000,0.00000000,0.00000000,0.00000000,0.00000000,0.00000000,0.00000000,0.00000000,0.01558953,0.00000000,0.00000000,0.00000000,0.00458078,0.00000000,0.00000000,0.00075266,0.00000000,0.00000000,0.00000000,0.00000000,0.00000000,0.03207985,0.00000000,0.00000000,0.00000000,0.00000000,0.00000000,0.00000000,0.01011606,0.00420502,0.00276972,0.00000000,0.00000000,0.00877906,0.00000000,0.00000000,0.00000000,0.00000000,0.00000000,0.00000000,0.00000000,0.00000000,0.00000000,0.00000000,0.00000000,0.00000000,0.00000000,0.00000000,0.00000000,0.00000000,0.00000000,0.00000000,0.00000000,0.00000000,0.00000000,0.00000000,0.00000000,0.00000000,0.00000000,0.00000000,0.00000000,0.00000000,0.00000000,0.00000000,0.00000000,0.00000000,0.00000000,0.00000000,0.00000000,0.00000000,0.02309095,0.00000000,0.00269779,0.00000000,0.00000000,0.00000000,0.00000000,0.00000000,0.00000000,0.00000000,0.00000000,0.00000000,0.00000000,0.39093269,0.02555031,0.85097776,0.00000000,0.00811814,0.00000000,0.00000000,0.00000000,0.00000000,0.00000000,0.00000000,0.00000000,0.00000000,0.00000000,0.00000000,0.00000000,0.00000000,0.00000000,0.00000000,0.00000000,0.00000000,0.00000000,0.00000000,0.00000000,0.00000000,0.00000000,0.02208654,0.00665372,0.00000000,0.00000000,0.00000000,0.00090345,0.00000000,0.00144493,0.00000000,0.00000000,0.00000000,0.00000000,0.00000000,0.00000000,0.00000000,0.00000000,0.04122843,0.00000000,0.00000000,0.00000000,0.00000000,0.00000000,0.00000000,0.00000000,0.00000000,0.00000000,0.00000000,0.00000000,0.00000000,0.00000000,0.00000000,0.00000000,0.00000000,0.00000000,0.00000000,0.00000000,0.00000000,0.68345305,0.00000000,0.00000000,0.08079954,0.00000000,0.00000000,0.00000000,0.00000000,0.00000000,0.00000000,0.00000000,0.00000000,0.00000000,0.01610966,0.00078826,0.00000000,0.00000000,0.00000000,0.00000000,0.00000000,0.00820651,0.00000000,0.00000000,0.00000000,0.00000000,0.00000000,0.00000000,0.00000000,0.00000000,0.00000000,0.00000000,0.00000000,0.00000000,0.00000000,0.02689891,0.00000000,0.00000000,0.00000000,0.00000000,0.00000000,0.00000000,0.00000000,0.00000000,0.00000000,0.00000000,0.00000000,0.00000000,0.00000000,0.00000000,0.00000000,0.00000000,0.00000000,0.00000000,0.00000000,0.00000000,0.00000000,0.00000000,0.00237985,0.00000000,0.00000000,0.00000000,0.00000000,0.00592786,0.00000000,0.00000000,0.00702339,0.00000000,0.00000000,0.00000000,0.00000000,0.00000000,0.00000000,0.00000000,0.00000000,0.00000000,0.00000000,0.00000000,0.00000000,0.00000000,0.00000000,0.00000000,0.00000000,0.00000000,0.00000000,0.00000000,0.00000000,0.00000000,0.00000000,0.00000000,0.03836811,0.00000000,0.00000000,0.00000000,0.00000000,0.00000000,0.00000000,0.00000000,0.00000000,0.00000000,0.00000000,0.00791530,0.00000000,0.00000000,0.00360572,0.00000000,0.00000000,0.00000000,0.00000000,0.00000000,0.00000000,0.00163592,0.00000000,0.00000000,0.00698877,0.00000000,0.00000000,0.00000000,0.00000000,0.00000000,0.00000000,0.00000000,0.00000000,0.00000000,0.00000000,0.00000000,0.00000000,0.00000000,0.00000000,0.00000000,0.00000000,0.00000000,0.00000000,0.00000000,0.00000000,0.00000000,0.00535154,0.00000000,0.00000000,0.00000000,0.00000000,0.00000000,0.00000000,0.00000000,0.00272096,0.01700240,0.00000000,0.04049652,0.00000000,0.00000000,0.00000000,0.00000000,0.00000000,0.00000000,0.00000000,0.00000000,0.00149402,0.00000000,0.00000000,0.00000000,0.00000000,0.00000000,0.00000000,0.00000000,0.00000000,0.00000000,0.00000000,0.00000000,0.00000000,0.00000000,0.00468861,0.00000000,0.00000000,0.00000000,0.00537399,0.00000000,0.00000000,0.02466419,0.00000000,0.00000000,0.00000000,0.00000000,0.00000000,0.00000000,0.00000000,0.00000000,0.00000000,0.00000000,0.00481417,0.00000000,0.00000000,0.00000000,0.00000000,0.00460725,0.02425987,0.00000000,0.00000000,0.00000000,0.00000000,0.00000000,0.00000000,0.00000000,0.00000000,0.01054031,0.00000000,0.01555418,0.00000000,0.00000000,0.00000000,0.00000000,0.00000000,0.00000000,0.00000000,0.00000000,0.00224244,0.00000000,1.19556077,0.00000000,0.00000000,0.00000000,0.00000000,0.00000000,0.00330855,0.00000000,0.00000000,0.00000000,0.00000000,0.00000000,0.00518257,0.00000000,0.00000000,0.49697932,0.00000000,0.01127159,0.00000000,0.00000000,0.00000000,0.00000000,0.00000000,0.00000000,0.00000000,0.00000000,0.00000000,0.00000000,0.17601419,0.00000000,0.00000000,0.00000000,0.00000000,0.00000000,0.00000000,0.06747465,0.00000000,0.15526367,0.00000000,0.00000000,0.00000000,0.00000000,0.00000000,0.00000000,0.00000000,0.00000000,0.00000000,0.00000000,0.00000000,0.00099254,0.02757334,0.00000000,0.00000000,5.30160114,0.00000000,0.00642362,0.00000000,0.00000000,0.00000000,0.00000000,0.00000000,0.00000000,0.01938353,0.00000000,0.00000000,0.00000000,0.00000000,0.00000000,0.00000000,0.00000000,0.00000000,0.00000000,0.00000000,0.00000000,0.42042176,0.00000000,0.00000000,0.00000000,0.00000000,0.00637073,0.00000000,0.00000000,0.00000000,0.00000000,0.00000000,0.01440936,0.00000000,0.00000000,0.00000000,0.00000000,0.00000000,0.00000000,0.00000000,0.00000000,0.00000000,0.00000000,0.00000000,0.00269526,0.00000000,0.00000000,0.00000000,0.00000000,0.00000000,0.00000000,0.00000000,0.00000000,0.00000000,0.00000000,0.00000000,0.00000000,0.00000000,0.00000000,0.00000000,0.00000000,0.00000000,0.00131354,0.00000000,0.00000000,0.00000000,0.00000000,0.00635693,0.00000000,0.00000000,0.00000000,0.00000000,0.00418107,0.01583031,0.00000000,0.00000000,0.00127376,0.00000000,0.00000000,0.00000000,0.00000000,0.00000000,0.00000000,0.00000000,0.00000000,0.00000000,0.00559366,0.00000000,0.00000000,0.00000000,0.00000000,0.00000000,0.00000000,0.00000000,0.00000000,0.02011930,0.00000000,0.00000000,0.00000000,0.12892499,0.06340425,0.00000000,0.00401720,0.00000000,0.00188841,0.01977484,0.00000000,0.00000000,0.00000000,0.00000000,0.03158470,0.00000000,0.00435017,0.00000000,0.00000000,0.00000000,0.00000000,0.00000000,0.00000000,0.04860041,0.66987631,0.21211342,0.00000000,0.00000000,0.00000000,0.00000000,0.00000000,0.00000000,0.00000000,0.00000000,0.00000000,0.00000000,0.00000000,0.00000000,0.00000000,0.00000000,0.00000000,0.00000000,0.00000000,0.00000000,0.00000000,0.00000000,0.00000000,0.00000000,0.00000000
0.00000000,0.00000000,0.00000000,0.00000000,0.00000000,0.01094522,0.00000000,1.91702411,0.00000000,0.00000000,0.00000000,0.00000000,0.00000000,0.00000000,0.00000000,0.00000000,0.00000000,0.00000000,0.00000000,0.00000000,0.00000000,0.00000000,0.00000000,0.00000000,0.00000000,0.00000000,0.00000000,0.10599187,0.00000000,0.00000000,0.00000000,0.00000000,0.00000000,0.01440430,0.00000000,0.00000000,0.00000000,0.00000000,0.00000000,0.00000000,0.00498360,0.00000000,0.00000000,0.00000000,0.00000000,0.00000000,0.00000000,0.00000000,0.00000000,0.00000000,0.00000000,0.00000000,0.00198469,0.00000000,0.00000000,0.00000000,0.01728944,0.00000000,1.40945702,0.00000000,0.00000000,0.00000000,0.00000000,0.00000000,0.03113086,0.00186902,0.00689404,0.00000000,0.00000000,0.00000000,0.00000000,0.00000000,0.00651887,0.00000000,0.00000000,0.00000000,0.00000000,0.00000000,0.00000000,0.00000000,0.05793242,0.00000000,0.00000000,0.00000000,0.00000000,0.00000000,0.00000000,0.00000000,0.00000000,0.00000000,0.00000000,0.00000000,0.00000000,0.00000000,0.00000000,0.00000000,0.02198547,0.00000000,0.00000000,0.00000000,0.00000000,0.00000000,0.00000000,0.00000000,0.00000000,0.00000000,0.00647076,0.00000000,0.00000000,0.00000000,0.00000000,0.00000000,0.00000000,0.00000000,0.00405681,0.00000000,0.00000000,0.00000000,0.00000000,0.00000000,0.00000000,0.02333910,0.00000000,0.00000000,0.00000000,0.00000000,0.00000000,0.00000000,0.00000000,0.00000000,0.01991536,0.00247442,0.00000000,0.00000000,0.00000000,0.00000000,0.00000000,0.00000000,0.00000000,0.00000000,0.00000000,0.00000000,0.00000000,0.00000000,0.00000000,0.00000000,0.00359799,0.00000000,0.00000000,0.00000000,0.00000000,0.00000000,0.00000000,0.00000000,0.00000000,0.00000000,0.00000000,0.00000000,0.00000000,0.00000000,0.00172893,0.00000000,0.00000000,0.00000000,0.00000000,0.00258537,0.00462173,0.00000000,0.00000000,0.00000000,0.00000000,0.00000000,0.00000000,0.00230365,0.00267550,0.00000000,0.00000000,0.00000000,0.00000000,0.00000000,0.00000000,0.00118347,0.00000000,0.19445691,0.00000000,0.00000000,0.00000000,0.00000000,0.00000000,0.00000000,0.00000000,0.00000000,0.00000000,0.00000000,0.00000000,0.00000000,0.00000000,0.00000000,0.00000000,0.00000000,0.00000000,0.00254947,0.01342491,0.00000000,0.00000000,0.00000000,0.00000000,0.00000000,0.00000000,0.00000000,0.01634210,0.00000000,0.00000000,0.00296684,0.00000000,0.00000000,0.00000000,0.00000000,0.00000000,0.00000000,0.00000000,0.00000000,0.00000000,0.00000000,0.00000000,0.00000000,0.00000000,0.00000000,0.00000000,0.00000000,0.00000000,0.00106070,0.00000000,0.00000000,0.00000000,0.00000000,0.00000000,0.00000000,0.00000000,0.00000000,0.00248094,0.00000000,0.10777708,0.00225388,0.00000000,0.00000000,0.00000000,0.00000000,0.00000000,0.00000000,0.00000000,0.00000000,0.00000000,0.00000000,0.00000000,0.00000000,0.00000000,0.00000000,0.00000000,0.03715991,0.00000000,0.00000000,0.01031892,0.00000000,0.00000000,0.00144039,0.00000000,0.00000000,0.00000000,0.00000000,0.00000000,0.00000000,0.00149878,0.00000000,0.00000000,0.00000000,0.00000000,0.00883375,0.00000000,0.00173461,0.00725838,0.00726851,0.00000000,0.00000000,0.00000000,0.00000000,0.00000000,0.00000000,0.00000000,0.00000000,0.00000000,0.00000000,0.00000000,0.00000000,0.00000000,0.00000000,0.04543290,0.00000000,0.00000000,0.00000000,0.00000000,0.00421612,0.00000000,0.00000000,0.01869463,0.00000000,0.00000000,0.00000000,0.00000000,0.00000000,0.01300866,0.00000000,0.00000000,0.00000000,0.00000000,0.00827234,0.00000000,0.00000000,0.00000000,0.00000000,0.00000000,0.53036161,0.00000000,0.00000000,0.00000000,0.00000000,0.00000000,0.00000000,0.00000000,0.00000000,0.00000000,0.00000000,0.00000000,0.00000000,0.00000000,0.00000000,0.00000000,0.00000000,0.00537269,0.00000000,0.00000000,0.00000000,0.00000000,0.00000000,0.00000000,0.00000000,0.00000000,1.28463585,0.00000000,0.00000000,0.00000000,0.00000000,0.00245012,0.00000000,0.00000000,0.00173057,0.00000000,0.00000000,0.00000000,0.00000000,0.00739394,0.00000000,0.00000000,0.00000000,0.00000000,0.00000000,0.00000000,0.00000000,0.00000000,0.00000000,0.26835432,0.00000000,0.01055954,0.00000000,0.00000000,0.00000000,0.00000000,0.00000000,0.00000000,0.00000000,0.00000000,0.00000000,0.00000000,0.00000000,0.00000000,0.00000000,0.00000000,0.00000000,0.00000000,0.00000000,0.00000000,0.00000000,0.00000000,0.00000000,0.00000000,0.00000000,0.00000000,0.00000000,0.00000000,0.00000000,0.00000000,0.02229750,0.00000000,0.00000000,0.00000000,0.00000000,0.00000000,0.00000000,0.00000000,0.05631828,0.50243253,0.00000000,0.00000000,0.00567638,0.56423411,0.00000000,0.00000000,0.00603820,0.00000000,0.00000000,0.00000000,0.00000000,0.00304336,0.00000000,0.00000000,0.00000000,0.00408648,0.00000000,0.00393243,0.00000000,0.00453624,0.00000000,0.00000000,0.00000000,0.00000000,0.00000000,0.00000000,0.00096313,0.00000000,0.00000000,0.00000000,0.00000000,0.00619916,0.00000000,0.00000000,0.00344689,0.00000000,0.00000000,0.00000000,0.00000000,0.00271082,0.00000000,0.00000000,0.00000000,0.00000000,0.00000000,0.00182462,0.00000000,0.00000000,0.00000000,0.00000000,0.00000000,0.00000000,0.00000000,0.00000000,0.00000000,0.03594216,0.00000000,0.00000000,0.00000000,0.00000000,0.00000000,0.05404695,0.00000000,0.00784638,0.00000000,0.00000000,0.00000000,0.00000000,0.00000000,0.13415788,0.00000000,0.00000000,0.00000000,0.00000000,0.00000000,0.00000000,0.00000000,0.00000000,0.00000000,0.00000000,0.00000000,0.00000000,0.00000000,0.00000000,0.00000000,0.00000000,0.00000000,0.00000000,0.00000000,0.00000000,0.00000000,0.00000000,0.00000000,0.00000000,0.00000000,0.00000000,0.00000000,0.00000000,0.00000000,0.00000000,0.00000000,0.03161448,0.00000000,0.00000000,0.00000000,0.00000000,0.00000000,0.00000000,0.08689946,0.00000000,0.00000000,0.00000000,0.13592179,0.00000000,0.00000000,0.00000000,0.02031265,0.00000000,0.00000000,0.00000000,0.42422344,0.00000000,0.00000000,0.00000000,0.00170136,2.52048788,0.00000000,0.00000000,0.00000000,0.00000000,0.00000000,0.00000000,0.00000000,0.00000000,0.00000000,0.00090994,0.00000000,0.00000000,0.00000000,0.00000000,0.00000000,0.00000000,0.00000000,0.00000000,0.00000000,0.00000000,0.00000000,0.00000000,0.00000000,0.00000000,0.00000000,0.00000000,0.00000000,0.00000000,0.00000000,0.00000000,0.00000000,0.00000000,0.00000000,0.00000000,0.07876052,0.00000000,0.00000000,0.00000000,0.00000000,0.00000000,0.00000000,0.00000000,0.00000000,0.03309442,0.00000000,0.00000000,0.00000000,0.00000000,0.00000000,0.00000000,0.00000000,0.00000000,0.00000000,0.00000000,0.00000000,0.00903352,0.00000000,0.00000000,0.00000000,0.00000000,0.00000000,0.00000000,0.00000000,0.00000000,0.00000000,0.00000000,0.01027309,0.02272581,0.00000000,0.00000000,0.00000000,0.00000000,0.00000000,0.00000000,0.00000000,0.00000000,0.01066356,0.00000000,0.01253030,0.00000000,0.00000000,0.00000000,0.00000000,0.00000000,0.00000000,0.00000000,0.00000000,0.00000000,0.00000000,0.00000000,0.00000000,0.00000000,0.00000000,0.00000000,0.35473306,0.00000000,0.00345258,0.10854929,0.00000000,0.00000000,0.00000000,0.00000000,0.03226037,0.00000000,0.00000000,0.00000000,0.00000000,0.00000000,0.00000000,0.00000000,0.00000000,0.00000000,0.00000000,0.00000000,0.00000000,0.00000000,0.00000000,0.00000000,0.00000000,0.00000000,0.02384887,0.00000000,0.00000000,0.01230749,0.02774696,0.00000000,0.00000000,0.00000000,0.00000000,0.00000000,0.00000000,0.00000000,0.00000000,0.00000000,0.00000000,0.00000000,0.00000000,0.00000000,0.00000000,0.00000000,0.00478956,0.00000000,0.00348715,0.00000000,0.00000000,0.01225430,0.01570598,0.00000000,0.00000000,0.00000000,0.00000000,0.00000000,0.00709365,0.00000000,0.00000000,0.00000000,0.00000000,0.00000000,0.02268032,0.00000000,0.00000000,0.00000000,0.00000000,0.00000000,0.00000000,0.00000000,0.00000000,0.00000000,0.00000000,0.00000000,0.00000000,0.00000000,0.00000000,0.00166195,0.00000000,0.00000000,0.00000000,0.00000000,0.00000000,0.00000000,0.00000000,0.00000000,0.00000000,0.00000000,0.00000000,0.00000000,0.00000000,0.00000000,0.00000000,0.01064416,0.00000000,0.00000000,0.00000000,0.00000000,0.00000000,0.00000000,0.00000000,0.00000000,0.03242089,0.00000000,0.00000000,0.00000000,0.00000000,0.00000000,0.00000000,0.00000000,0.00000000,0.00000000,0.00000000,0.00000000,0.00000000,0.00462692,0.00000000,0.02694430,0.10031362,0.00000000,0.00000000,0.00000000,0.00000000,0.00000000,0.00000000,0.00000000,0.00000000,0.00000000,0.00000000,0.00000000,0.00000000,0.00000000,0.00000000,0.00881648,0.00000000,0.00000000,0.00000000,0.00000000,0.00000000,0.00000000,0.00000000,0.00000000,0.00000000,0.00000000,0.00000000,0.00000000,0.00052793,0.00000000,0.00000000,0.00000000,0.00000000,0.41720400,0.00000000,0.00231685,0.00000000,0.00000000,0.00000000,0.00000000,0.00000000,0.00000000,0.00000000,0.29303459,0.00000000,0.00000000,0.00000000,0.00000000,0.00000000
0.00000000,0.00000000,0.00000000,0.16036079,0.00000000,0.00000000,0.00000000,0.00000000,0.00000000,0.00000000,0.00000000,0.00317857,0.00000000,0.00000000,0.00000000,0.00000000,0.00000000,0.00000000,0.00000000,0.02308308,0.00000000,0.00382827,0.00000000,0.00000000,0.00000000,0.00121489,0.00000000,0.00000000,0.00000000,0.00000000,0.00566252,0.00000000,0.00000000,0.00000000,0.00000000,0.00000000,0.00000000,0.00000000,0.00000000,0.00000000,0.00000000,0.00000000,0.00000000,0.00717763,0.00923787,0.00000000,0.00000000,0.00000000,0.00000000,0.00000000,0.00000000,0.00000000,0.00000000,0.00000000,0.00000000,0.00000000,0.00000000,0.00000000,0.00000000,0.00000000,0.07444223,0.00000000,0.00000000,0.01012031,0.00000000,0.00000000,0.00000000,0.00000000,0.00000000,0.00000000,0.00000000,0.00000000,0.00000000,0.00409581,0.00000000,0.00000000,0.00000000,0.00000000,0.00000000,0.00000000,0.00000000,0.00000000,0.00000000,0.00000000,0.00000000,0.00000000,0.00000000,0.00000000,0.00000000,0.00000000,0.00000000,0.00000000,0.00000000,0.00000000,0.00000000,0.00000000,0.06356557,0.00000000,0.00000000,0.00000000,0.00000000,0.00000000,0.04898104,0.00000000,0.00000000,0.00000000,0.00253138,0.00000000,0.00000000,0.00000000,0.00000000,0.00000000,0.00000000,0.00000000,0.00000000,0.00000000,0.00000000,0.00934612,0.00000000,0.00000000,0.00000000,0.00846222,0.00466439,0.01267933,0.03899227,0.01102810,0.01032559,0.00065975,0.00000000,0.00000000,0.00000000,0.00000000,0.00000000,0.00000000,0.00000000,0.00000000,0.00754706,0.00000000,0.00000000,0.00000000,0.00000000,0.00000000,0.03921529,0.00000000,0.00000000,0.00000000,0.00000000,0.00000000,0.00000000,0.02627578,0.03738866,0.00000000,0.00000000,0.04688337,0.00000000,0.00000000,0.00000000,0.00000000,0.00000000,0.00000000,0.00203300,0.00000000,0.00000000,0.00000000,0.00000000,0.00000000,0.00000000,0.00000000,0.00000000,0.00000000,0.00000000,0.03084310,0.00000000,0.00000000,0.00000000,0.00000000,0.00000000,0.00000000,0.00000000,0.00000000,0.00000000,0.00000000,0.01355810,0.00000000,0.00000000,0.00000000,0.00000000,0.00000000,0.00000000,0.00000000,0.00000000,0.00000000,0.00000000,0.00000000,0.00000000,0.00000000,0.35725243,0.19156319,0.00000000,0.64317119,0.00000000,0.00000000,0.00000000,0.00000000,0.00000000,0.00000000,0.00000000,0.00000000,0.00000000,0.00000000,0.00000000,3.39433504,0.00000000,0.00000000,0.00000000,0.00000000,0.00000000,0.00000000,0.00000000,0.00000000,0.00000000,0.00000000,0.00000000,0.00000000,0.00000000,0.00000000,0.00000000,0.00000000,0.73630116,0.00000000,0.00000000,0.03464407,0.00000000,0.00000000,0.00000000,0.00000000,0.00000000,0.00000000,0.00000000,2.53770809,0.00000000,0.00916012,0.00000000,0.00000000,0.00799466,0.00000000,0.00000000,0.00000000,0.00000000,0.00000000,0.00000000,0.00000000,0.00376882,0.00000000,0.01394592,0.00000000,0.00000000,0.00000000,0.00483836,0.00000000,0.00445095,0.00000000,0.00802975,0.00000000,0.00000000,0.00441741,0.00000000,0.00000000,0.00000000,0.00000000,0.00000000,0.08068796,0.00000000,0.00000000,0.00000000,0.00000000,0.00000000,0.00000000,0.00000000,0.00000000,0.00000000,0.02706494,0.00564460,0.00000000,0.03143067,0.00000000,0.00000000,0.00000000,0.00000000,0.01127163,0.00000000,0.00000000,0.00000000,0.00000000,0.00000000,0.00000000,0.00000000,0.00000000,0.00000000,0.00000000,0.00000000,0.00000000,0.00000000,0.00000000,0.00000000,0.00000000,0.00000000,0.00000000,0.00000000,0.00000000,0.00000000,0.00000000,0.00000000,0.00000000,0.00000000,0.00000000,0.00000000,0.00000000,0.00000000,0.00251425,0.00000000,0.00000000,0.00000000,0.00000000,0.00000000,0.00000000,0.00000000,0.01011847,0.00000000,0.00000000,0.00000000,0.00000000,0.00000000,0.00000000,0.00702908,0.00000000,0.00000000,0.00000000,0.00000000,0.00000000,0.00000000,0.00000000,0.00000000,0.00000000,0.00000000,0.00000000,0.00000000,0.00000000,0.00172857,0.00000000,0.00000000,0.00000000,0.00000000,0.00000000,0.00100436,0.00000000,0.00000000,0.00000000,0.00000000,0.00000000,0.00171136,0.00000000,0.00000000,0.00000000,0.00000000,0.00000000,0.00000000,0.00000000,0.00000000,0.00000000,0.00000000,0.00000000,0.00000000,0.00000000,0.01438443,0.00000000,1.66116636,0.00000000,0.00000000,0.00000000,0.00000000,0.00000000,0.00000000,0.00000000,0.00000000,0.00000000,0.00000000,0.00000000,0.00000000,0.00000000,0.00000000,0.00000000,0.00000000,0.00000000,0.00000000,0.00000000,0.00000000,0.00000000,0.00000000,0.00672579,0.00000000,0.00000000,0.02970426,0.00517088,0.00000000,0.00000000,0.00000000,0.00313873,0.00000000,0.00000000,0.06206169,0.00000000,0.00000000,0.00000000,0.00000000,0.00000000,0.00000000,0.00000000,0.00000000,0.00000000,0.00000000,0.00000000,0.00000000,0.00000000,0.00139001,0.00000000,0.00000000,0.00000000,0.00000000,0.04270595,0.00000000,0.00000000,0.00000000,0.00872613,0.00000000,0.00000000,0.00000000,0.00000000,0.00000000,0.00000000,0.00000000,0.00000000,0.00000000,0.00000000,0.00000000,0.00000000,0.00000000,0.00000000,0.00000000,0.00000000,0.00000000,0.00664825,0.00000000,0.00000000,0.00451500,0.00000000,0.00000000,0.00000000,0.00000000,0.05057372,0.00000000,0.00000000,0.00000000,0.00000000,0.00000000,0.00000000,0.00000000,0.02715805,0.00000000,0.08659891,0.00000000,0.00000000,0.00000000,0.00000000,0.00000000,0.00000000,0.00000000,0.00000000,0.00000000,0.00000000,0.00000000,0.00000000,0.01612737,0.00000000,0.00000000,0.00000000,0.00000000,0.00000000,0.00000000,0.00000000,0.00000000,0.00000000,0.00000000,0.00000000,0.00000000,0.00000000,0.00000000,0.00000000,0.00000000,0.00000000,0.00000000,0.00000000,0.00144689,0.00000000,0.00000000,0.00000000,0.00000000,0.01656247,0.00000000,0.00000000,0.00000000,0.00000000,0.00000000,0.00000000,0.00000000,0.00000000,0.00000000,0.01764132,0.00000000,0.00000000,0.00535154,0.00000000,0.00000000,0.00477499,0.00000000,0.33788747,0.00000000,0.00000000,0.00000000,0.00000000,0.00000000,0.03206769,0.00000000,0.00000000,0.00000000,0.00266561,0.00479312,0.00000000,0.00000000,0.00000000,0.00000000,1.86801000,0.00000000,0.00000000,0.00000000,0.00000000,0.00000000,0.00000000,0.00000000,0.00000000,0.00000000,0.00000000,0.00000000,0.00000000,0.00000000,0.00000000,0.00000000,0.00313856,0.00000000,0.00000000,0.00000000,0.00000000,0.00000000,0.00000000,0.02677784,0.00000000,0.00000000,0.03892989,0.00000000,0.00000000,0.00000000,0.00000000,0.00000000,0.00000000,0.00000000,0.00000000,0.00000000,0.00000000,0.00000000,0.00000000,0.00000000,0.00000000,0.00000000,0.00000000,0.00000000,0.00000000,0.00250118,0.00000000,0.00000000,0.00000000,0.00000000,0.00000000,0.00000000,0.00000000,0.00000000,0.00000000,0.00000000,0.00000000,0.00000000,0.00000000,0.00000000,0.00000000,0.00000000,0.00000000,0.00000000,0.00000000,0.00000000,0.00000000,0.00511217,0.00000000,0.00000000,0.00000000,0.02085635,0.00000000,0.00000000,0.00000000,0.00281648,0.00000000,0.00000000,0.01209271,0.00000000,0.00000000,0.00000000,0.00000000,0.00000000,0.00000000,0.00000000,0.00166620,0.00000000,0.00000000,0.00000000,0.00000000,0.00000000,0.00000000,0.00000000,0.00000000,0.00000000,0.00000000,0.00000000,0.01760168,0.00000000,0.00000000,0.00000000,0.00000000,0.00666448,0.00000000,0.00000000,0.00000000,0.00000000,0.00000000,0.00101142,0.00000000,0.00000000,0.00000000,0.00000000,0.00000000,0.00000000,0.00000000,0.00000000,0.00000000,0.00000000,0.00000000,0.00000000,0.00000000,0.00000000,0.00000000,0.00000000,0.00302387,0.00000000,0.00390258,0.00000000,0.00000000,0.00000000,0.00211052,0.00000000,0.02747261,0.00000000,0.00000000,0.00000000,0.00000000,0.00000000,0.00000000,0.00000000,0.00000000,0.00000000,0.00000000,0.00000000,0.00000000,0.00000000,0.00000000,0.00000000,0.00768808,0.00000000,0.00000000,0.00000000,0.00000000,0.00000000,0.00000000,0.00499630,0.00000000,0.00000000,0.00000000,0.00000000,0.00000000,0.00000000,0.13475982,0.00097271,0.00000000,0.00000000,0.00000000,0.00000000,0.00000000,0.00000000,0.00000000,0.00000000,0.00000000,0.00000000,0.09713250,0.00000000,0.00000000,0.00000000,0.00000000,0.00000000,0.00000000,0.00000000,0.00000000,0.00000000,0.00000000,0.00000000,0.01455979,0.00000000,0.09324300,0.00000000,0.00000000,0.00000000,0.00000000,0.00000000,0.00000000,0.00000000,0.00000000,0.00000000,0.00000000,0.00000000,0.00000000,0.00000000,0.00000000,0.01260119,0.00000000,0.00000000,0.00642641,0.08611316,0.00000000,0.00000000,0.00000000,0.00000000,0.00000000,0.07770682,0.00000000,0.00000000,0.00000000,0.00000000,0.00478631,0.00000000,0.00000000,0.00000000,0.00000000,0.00000000,0.00000000,0.00000000,0.00000000,0.00000000,0.00000000,0.00000000,0.00000000,0.00000000,0.00000000,0.00000000,0.00000000,0.00000000,0.00000000,0.00000000,0.00000000,0.00000000,0.00000000,0.00000000,0.00000000,0.00000000,0.00000000,0.00763640,0.00234540,0.00000000,0.00000000,0.34247317,0.00000000,0.00000000,0.00000000,0.00000000,0.00000000,0.00000000,0.01146827
0.00000000,0.00000000,0.00000000,0.00000000,0.00000000,0.00000000,0.00000000,0.00000000,0.00000000,0.00000000,0.00000000,0.12273198,0.00000000,0.00000000,0.00000000,0.00000000,0.00000000,0.00000000,0.00202173,0.00000000,0.00000000,0.00000000,0.00000000,0.00000000,0.00000000,0.00000000,0.00000000,0.00000000,0.00000000,0.00000000,0.00000000,0.00000000,0.00000000,0.00000000,0.00000000,0.00000000,0.01116839,0.00000000,0.00000000,0.00000000,0.00000000,0.00000000,0.00000000,0.00290994,0.00000000,0.00000000,0.00000000,0.00000000,0.00000000,0.00000000,0.00000000,0.00000000,0.00000000,0.00000000,0.00000000,0.00000000,0.00000000,0.01355625,0.00000000,0.00000000,0.00000000,0.00213065,0.00000000,0.00000000,0.00000000,0.00000000,0.00000000,0.01647239,0.00000000,0.02604708,0.00000000,0.00000000,0.00000000,0.00000000,0.00000000,0.00000000,0.00000000,0.02403211,0.00000000,0.00000000,0.00000000,0.00000000,0.02310350,0.00000000,0.00000000,0.00000000,0.00000000,0.00000000,0.00000000,0.00000000,0.00145723,0.00000000,0.00000000,0.00000000,0.00000000,0.00000000,0.00000000,0.00000000,0.00000000,0.00000000,0.00000000,0.00000000,0.00000000,0.00478524,0.12290634,0.00000000,0.00000000,0.00471907,0.00000000,0.00000000,0.00000000,0.00985286,0.00000000,0.00000000,0.00000000,0.00000000,0.00000000,0.00000000,0.00000000,0.00000000,0.00000000,0.00000000,0.00000000,0.00000000,0.00000000,0.00000000,0.00000000,0.00000000,0.00000000,0.00000000,0.00000000,0.00256054,0.00000000,0.00000000,0.00000000,0.00000000,0.00000000,0.00000000,0.00000000,0.11920251,0.00980921,0.00000000,0.00000000,0.00000000,0.00000000,0.00000000,0.00000000,0.00000000,0.00000000,0.00000000,0.00000000,0.00000000,0.01279564,0.00478366,0.00000000,0.00000000,0.00000000,0.00000000,0.00000000,0.00000000,0.00000000,0.00000000,0.00000000,0.00000000,1.48039622,0.00000000,0.00000000,0.00000000,0.00000000,0.00000000,0.54986059,0.00000000,1.96247952,0.00000000,0.00000000,0.00000000,0.00000000,0.00182407,0.00183901,0.00000000,0.00000000,0.04157786,0.00000000,0.00000000,0.00450113,0.00000000,0.00000000,0.00000000,0.01484141,0.01690352,0.00000000,0.00000000,0.00000000,0.00000000,0.00182392,0.00922753,0.02368942,0.00000000,0.00000000,0.00000000,0.00000000,0.00000000,0.00000000,0.00000000,0.00000000,0.00000000,0.00000000,0.00000000,0.00000000,0.00000000,0.00000000,0.00295129,0.03829040,0.00000000,0.00000000,0.00000000,0.15110214,0.00000000,0.00000000,0.00000000,0.00000000,0.00000000,0.00000000,0.00000000,0.00000000,0.00000000,0.00000000,0.00000000,0.00000000,0.00000000,0.00000000,0.00000000,0.00000000,0.00407347,0.00000000,0.00285062,0.00000000,0.00000000,0.00000000,0.00000000,0.00000000,0.00000000,0.00000000,0.00000000,0.01410179,0.00000000,0.00000000,0.02042672,0.00000000,0.00117786,0.01633067,0.00000000,0.00000000,0.00000000,0.00000000,0.00000000,0.00000000,0.00000000,0.00000000,0.00000000,0.00000000,0.00000000,0.00000000,0.00000000,0.00000000,0.02766646,0.00000000,0.87145775,0.00000000,0.00000000,0.00000000,0.00000000,0.00000000,0.00000000,0.00000000,0.00000000,0.00000000,0.00000000,0.00000000,0.00000000,0.00000000,0.00000000,0.00000000,0.00000000,0.00000000,0.00000000,0.01219543,0.00000000,0.00000000,0.00000000,0.00000000,0.00000000,0.00000000,0.00000000,0.00000000,0.00456156,0.00197108,0.00000000,0.00585058,0.00000000,0.00000000,0.00000000,0.00000000,0.00000000,0.00000000,0.00000000,0.00000000,0.00000000,0.01675354,0.00000000,0.00060305,0.00000000,0.00000000,0.00000000,0.00000000,0.00000000,0.00251303,0.00000000,0.00000000,0.00000000,0.00000000,0.00000000,0.00151558,0.00000000,0.00000000,0.00000000,0.00000000,0.04906768,0.00000000,0.00000000,0.00000000,0.00000000,0.00000000,0.00000000,0.00000000,0.00000000,0.00000000,0.00000000,0.00000000,0.00000000,0.00000000,0.00000000,0.00000000,0.01122382,0.00000000,0.00000000,0.00000000,0.00000000,0.00000000,0.00000000,0.00000000,0.00000000,0.00000000,0.00000000,0.00000000,0.01526948,0.00000000,0.00000000,0.00000000,0.00000000,0.00000000,0.00000000,0.00000000,0.00000000,0.00000000,0.01494720,0.00000000,0.00000000,0.00000000,0.00000000,0.00000000,0.00000000,0.00884309,0.00000000,0.00000000,0.00000000,0.00000000,0.00000000,0.00000000,0.00000000,0.00000000,0.27959699,0.00000000,0.00000000,0.00000000,0.02180912,0.00000000,0.00000000,0.00000000,0.00000000,0.00000000,0.01988142,0.00000000,0.14308515,0.00000000,0.00575292,0.00000000,0.00000000,0.00000000,0.00000000,0.00000000,0.00000000,0.00000000,0.00000000,0.00000000,0.00000000,0.00000000,0.00000000,0.00000000,0.00000000,0.00000000,0.00000000,0.00000000,0.00000000,0.00000000,0.00000000,0.00000000,0.00000000,0.00000000,0.00572507,0.00000000,0.00000000,0.00000000,0.00000000,0.00000000,0.00000000,0.00000000,0.24504226,0.00000000,0.00000000,0.00000000,0.00000000,0.00000000,0.00000000,0.00000000,0.00000000,0.00000000,0.00000000,0.00000000,0.00000000,0.00000000,0.00000000,0.00000000,0.00000000,0.00000000,0.00473689,0.00000000,0.00000000,0.00000000,0.00000000,0.00000000,0.00000000,0.00000000,0.43081773,0.00000000,0.00000000,0.00000000,0.00252413,0.00000000,0.00000000,0.00000000,0.00000000,0.00000000,0.00751972,0.00000000,0.00000000,0.00000000,0.00000000,0.00000000,0.00000000,0.00000000,0.00000000,0.00000000,0.00000000,0.00000000,0.00000000,0.00000000,0.00000000,0.00000000,0.00564303,0.00000000,0.00000000,0.00000000,0.00000000,0.00000000,0.00000000,0.00000000,0.00000000,0.00701984,0.00000000,0.00000000,0.00000000,0.00356775,0.00000000,0.00000000,0.00000000,0.00000000,0.00000000,0.00000000,0.00000000,0.00000000,0.00000000,0.00000000,0.00000000,0.02497949,0.00000000,0.00000000,0.00000000,0.00000000,0.01027318,0.00000000,0.00000000,0.00000000,0.00000000,0.00000000,0.00000000,0.00000000,0.00000000,0.00000000,0.00000000,0.00000000,0.13592179,0.00477499,0.00000000,0.00000000,0.00000000,0.00000000,0.00000000,0.00000000,0.00835273,0.00000000,0.05414839,0.00000000,0.00000000,0.00000000,0.00000000,0.00000000,0.00000000,0.00000000,0.00000000,0.00000000,0.00000000,0.00000000,0.00000000,0.00000000,0.00000000,0.03988711,0.00000000,0.00000000,0.00000000,0.00000000,0.00000000,0.00000000,0.00000000,0.00000000,0.00000000,0.00000000,0.00000000,0.00000000,0.00000000,0.00231251,0.00445849,0.00000000,0.00000000,0.00000000,0.00145403,0.00000000,0.00000000,0.00000000,0.00000000,0.12209321,0.00000000,0.01198749,0.00000000,0.00000000,0.00000000,0.00639040,0.00000000,0.00000000,0.00000000,0.00000000,0.00000000,0.00000000,0.00000000,0.00524794,0.00000000,0.00000000,0.01488758,0.00000000,0.00000000,0.00000000,0.00000000,0.00000000,0.00000000,0.00000000,0.00000000,0.00000000,0.00000000,0.00000000,0.00000000,0.00000000,0.00000000,0.00000000,0.00000000,0.00000000,0.00097508,0.00000000,0.00661694,0.00000000,0.00000000,0.00000000,0.00000000,0.00000000,0.00000000,0.00000000,0.00000000,0.00905032,0.00000000,0.00000000,0.01511610,0.00000000,0.00000000,0.00092023,0.07511381,0.00000000,0.23415174,0.00000000,0.00000000,0.00000000,0.00000000,0.00000000,0.00000000,0.00769301,0.00000000,0.04711723,0.00000000,0.00000000,0.00000000,0.00000000,0.00000000,0.02363233,0.00000000,0.02872946,0.00000000,0.00000000,0.00000000,0.00000000,0.00000000,0.00000000,0.00000000,0.00000000,0.00505871,0.00000000,0.00000000,0.00000000,0.00000000,0.00000000,0.00000000,0.00000000,0.00000000,0.00000000,0.00000000,0.00000000,0.00000000,0.00000000,0.00000000,0.00000000,0.00000000,0.00000000,0.00000000,0.00000000,0.00000000,0.00000000,0.00000000,0.27167248,0.00000000,0.00000000,0.00000000,0.00000000,0.00000000,0.00000000,0.00000000,0.00000000,0.00000000,0.00000000,0.00000000,0.03307460,0.00516397,0.00000000,0.00000000,0.00000000,0.00000000,0.00000000,0.00000000,0.00000000,0.00000000,0.00000000,0.00000000,0.00000000,0.00000000,0.00000000,0.00000000,0.00000000,0.00000000,0.00000000,0.00000000,0.00000000,0.00000000,0.00000000,0.00000000,0.00000000,0.00000000,0.00000000,0.00000000,0.00000000,0.00000000,0.00000000,0.00000000,0.00000000,0.00000000,0.00000000,0.00000000,0.00000000,0.00000000,0.00000000,0.00000000,0.00000000,0.00000000,0.00000000,0.00137886,0.00000000,0.00277032,0.00000000,0.00000000,0.00000000,0.00000000,0.01906067,0.00000000,0.00000000,0.18511181,0.00000000,0.00000000,0.00000000,0.00000000,0.00000000,0.00000000,0.00000000,0.00000000,0.00000000,0.00000000,0.00000000,0.00000000,0.00000000,0.00000000,0.00000000,0.00000000,0.00000000,0.00453830,0.00000000,0.00000000,0.00000000,0.00000000,0.00293341,0.00000000,0.00000000,0.00000000,0.00000000,0.00000000,0.00000000,0.00406881,0.00000000,0.00645024,0.00000000,0.00000000,0.01123960,0.00069895,0.00000000,0.00000000,0.00000000,0.00000000,0.13299347,0.00000000,0.00000000,0.02615943,0.00000000,0.00000000,0.00000000,0.01668202,0.00000000,0.00000000,0.00000000,0.00000000,0.00000000,0.00000000,0.00000000,0.00000000,0.00000000,0.00000000,0.01169456,0.00000000
0.00000000,0.00000000,0.11647486,0.00000000,0.00000000,0.00000000,0.00410310,0.02095696,0.00000000,0.00000000,0.00000000,0.00000000,0.00000000,0.00000000,0.00000000,0.00000000,0.00000000,0.00000000,0.00000000,0.00000000,0.00000000,0.00000000,0.00000000,0.00000000,0.00431440,0.00000000,0.01876779,0.00000000,0.00000000,0.00068788,0.00000000,0.00000000,0.00000000,0.00000000,0.00000000,0.00000000,0.00000000,0.00000000,0.00000000,0.00000000,0.00000000,0.00000000,0.00000000,0.00000000,0.00000000,0.00196535,0.00000000,0.00000000,0.17006036,0.00000000,0.00000000,0.00000000,0.00000000,0.00000000,0.02902746,0.00000000,0.00000000,0.00000000,0.00000000,0.00000000,0.00000000,0.00000000,0.00000000,0.00000000,0.00000000,0.00000000,0.00000000,0.00000000,0.00000000,0.00000000,0.00000000,0.00000000,0.00000000,0.00000000,0.00000000,0.00000000,0.00000000,0.00000000,0.00000000,0.00000000,0.00000000,0.00000000,0.00000000,0.00000000,0.00000000,0.00000000,0.00000000,0.00000000,0.00000000,0.00000000,0.00000000,0.00000000,0.00000000,0.00747483,0.00000000,0.01107225,0.00000000,0.00000000,0.00755841,0.00000000,0.00000000,0.00000000,0.00000000,0.00000000,0.00000000,0.00284945,0.00000000,0.00000000,0.00000000,0.00000000,0.04374797,0.00000000,0.00000000,0.00000000,0.03004937,0.00000000,0.01318437,0.00000000,0.00000000,0.00000000,0.00000000,0.00000000,0.00000000,0.00000000,0.00000000,0.00000000,0.00000000,0.00000000,0.00000000,0.00000000,0.01023958,0.00868825,0.00000000,0.02536854,0.00458944,0.00000000,0.16048794,0.00000000,0.00000000,0.00000000,0.00000000,0.00000000,0.00000000,0.00000000,0.00000000,0.00000000,0.00000000,0.00000000,0.00000000,0.00000000,0.00000000,0.00000000,0.00784449,0.00130568,0.00000000,0.00000000,0.00000000,0.00000000,0.00000000,0.00000000,0.00000000,0.00000000,0.00000000,0.00000000,0.00000000,0.00000000,0.00000000,0.00000000,0.00150559,0.00000000,0.00000000,0.00000000,0.00000000,0.00000000,0.01299760,0.00000000,0.00000000,0.00000000,0.00000000,0.00531349,0.00150633,0.00000000,0.00000000,0.00000000,0.00000000,0.00000000,0.00455094,0.00000000,0.00000000,0.00000000,0.00000000,0.00000000,0.00000000,0.00762167,0.00062504,0.00000000,0.00000000,0.00000000,0.00112673,0.00000000,0.00000000,0.00000000,0.00000000,0.00000000,0.02271343,0.00000000,0.00000000,0.00000000,0.00000000,0.00000000,0.00000000,0.00000000,0.02039517,0.00085692,0.00603885,0.00307052,0.00000000,0.07829644,0.00000000,0.00000000,0.02979013,0.00000000,0.00000000,0.00000000,0.00000000,0.00000000,0.00000000,0.00000000,0.01644173,0.00443655,0.00000000,0.00000000,0.00000000,0.00000000,0.00000000,0.00000000,0.00000000,0.00000000,0.00000000,0.00000000,0.00000000,0.00000000,0.00000000,0.00000000,0.01143163,0.00000000,0.00000000,0.00000000,0.00780577,0.00000000,0.00000000,0.00000000,0.00000000,0.00000000,0.00000000,0.00000000,0.00000000,0.00000000,0.00000000,0.00000000,0.00000000,0.00000000,0.00000000,0.00000000,0.00000000,0.00000000,0.00000000,0.00473674,0.00000000,0.00000000,0.00000000,0.00000000,0.00000000,0.00000000,0.00000000,0.00000000,0.00000000,0.04499292,0.00000000,0.00000000,0.00000000,0.00000000,0.00000000,0.00000000,0.00000000,0.00262991,0.00000000,0.00000000,0.00000000,0.00000000,0.00000000,0.00000000,0.00000000,0.00000000,0.02093493,0.00000000,0.00000000,0.00000000,0.00000000,0.00000000,2.37182502,0.00000000,0.00000000,0.00000000,0.00000000,0.00000000,0.00799823,0.00000000,0.00000000,0.00000000,0.00000000,0.00000000,0.00000000,0.00000000,0.00000000,0.00000000,0.00000000,0.02567253,0.00000000,0.05233141,0.00000000,0.00000000,0.00000000,0.00375744,0.00491338,0.00000000,0.00000000,0.00000000,0.00000000,0.00000000,0.00000000,0.00000000,0.00000000,0.00000000,0.00687161,0.00000000,0.00000000,0.00000000,0.00000000,0.00000000,0.00000000,0.00000000,0.02347065,0.00000000,0.01325726,0.00000000,0.00000000,0.00000000,0.00744456,0.00000000,0.00000000,0.00000000,0.00000000,0.00000000,0.00000000,0.00000000,0.00000000,0.00000000,0.00000000,0.00234437,0.00000000,0.00000000,0.00000000,0.00000000,0.00000000,0.00000000,0.00000000,0.00000000,0.00000000,0.00000000,0.00280876,0.00000000,0.00000000,0.00000000,0.01823537,0.00000000,0.00000000,0.00000000,0.00395679,0.00000000,0.00000000,0.00000000,0.00000000,0.00000000,0.00000000,0.00000000,0.00000000,0.00000000,0.00000000,0.00000000,0.00000000,0.02552891,0.00000000,0.00000000,0.00000000,0.00000000,0.00000000,0.00138852,0.00000000,0.00000000,0.00000000,0.00000000,0.00000000,0.00000000,0.00000000,0.02912341,0.00000000,0.00474090,0.00000000,0.00000000,0.00000000,0.00000000,0.00000000,0.02133583,0.00000000,0.00000000,0.00000000,0.00000000,0.00000000,0.00000000,0.00000000,0.00000000,0.00000000,0.00248980,0.00000000,0.00000000,0.00000000,0.00000000,0.00000000,0.02063752,0.00000000,0.00000000,0.00000000,0.00000000,0.00000000,0.00419243,0.00000000,0.00000000,0.00000000,0.00000000,0.00000000,0.00000000,0.00000000,0.00000000,0.00000000,0.00000000,0.00000000,0.00000000,0.00000000,0.00000000,0.00000000,0.03721941,0.00000000,0.00000000,0.00000000,0.00000000,0.00000000,0.00000000,0.00000000,0.00000000,0.00000000,0.00000000,0.00000000,0.00000000,0.00000000,0.00000000,0.02047478,0.00000000,0.00000000,0.00000000,0.00000000,0.00000000,0.00000000,0.00441454,0.02008087,0.00128499,0.02375976,0.00169075,0.01430498,0.00000000,0.00000000,0.00000000,0.00000000,0.00000000,0.00000000,0.04201096,0.00478553,0.00000000,0.00000000,0.00000000,0.00000000,0.00000000,0.00000000,0.00081293,0.00000000,0.00000000,0.00000000,0.00000000,0.00000000,0.00000000,0.00000000,0.00000000,0.00000000,0.00000000,0.00000000,0.00219665,0.03990402,0.00000000,0.00000000,0.00000000,0.00000000,0.00000000,0.00000000,0.00000000,0.00000000,0.00000000,0.00000000,0.00000000,0.00000000,0.00000000,0.00000000,0.00000000,0.00000000,0.00000000,0.00000000,0.00000000,0.00000000,0.00000000,0.00000000,0.00000000,0.00000000,0.00000000,0.00000000,0.00000000,0.00000000,0.00000000,0.00000000,0.00000000,0.00000000,0.00000000,0.00548123,0.03997804,0.00000000,0.00000000,0.00000000,0.00000000,0.00000000,0.00000000,0.00000000,0.00000000,0.00000000,0.00000000,0.00000000,0.00000000,0.00000000,0.00000000,0.00000000,0.00000000,0.00000000,0.00000000,0.00000000,0.00000000,0.00000000,0.00000000,0.00000000,0.00000000,0.00348984,0.00000000,0.03507054,0.03924536,0.00000000,0.00000000,0.00000000,0.05201594,0.00000000,0.00000000,0.01461810,0.00000000,0.00000000,0.00000000,0.00000000,0.00000000,0.00000000,0.00000000,0.00000000,0.09795055,0.00000000,0.00000000,0.00000000,0.00000000,0.00000000,0.00000000,0.00000000,0.00000000,0.00000000,0.00000000,0.00000000,0.00000000,0.00000000,0.00000000,0.04109962,0.00103742,0.00000000,0.00000000,0.00000000,0.07864308,0.00000000,0.00000000,0.00000000,0.00000000,0.00000000,0.00000000,0.00000000,0.00000000,0.00000000,0.02551788,0.00000000,0.00000000,0.00000000,0.00000000,0.00000000,0.01617382,0.00000000,0.00000000,0.67671213,0.00000000,0.00000000,0.00000000,0.00000000,0.00747371,0.07264998,0.00000000,0.00000000,0.29783054,0.00000000,0.00000000,0.00000000,0.00000000,0.00000000,0.00000000,0.00000000,0.00000000,0.04174918,0.00000000,0.00000000,0.00000000,0.00000000,0.00000000,0.00000000,0.00000000,0.00089212,0.00000000,0.00000000,0.00000000,0.00000000,0.00000000,0.00000000,0.00000000,0.00000000,0.02618140,0.00000000,0.00000000,0.00000000,0.00000000,0.00337841,0.00185378,0.00000000,0.00000000,0.00000000,0.00000000,0.00000000,0.00000000,0.00000000,0.00000000,0.00000000,0.00413610,0.00000000,0.00370186,0.00000000,0.00000000,0.00000000,0.00000000,0.00000000,0.00000000,0.00000000,0.00000000,0.00000000,0.00000000,0.00000000,0.00000000,0.00246193,0.00000000,0.00250546,0.00335004,0.00000000,0.00000000,0.00000000,0.00000000,0.00000000,0.00000000,0.00000000,0.00000000,0.00000000,0.00000000,0.00000000,0.00000000,0.00000000,0.00000000,0.00000000,0.00000000,0.00000000,0.00000000,0.00000000,0.00000000,0.00000000,0.00000000,0.00000000,0.00000000,0.00000000,0.00000000,0.00144333,0.00000000,0.00000000,0.00000000,0.00000000,0.00000000,0.00000000,0.00000000,0.00000000,0.00000000,0.00000000,0.00000000,0.00000000,0.00000000,0.00000000,0.00000000,0.00000000,0.00000000,0.00000000,0.00000000,0.00000000,0.00000000,0.00000000,0.00000000,0.00000000,0.00000000,0.03499479,0.00000000,0.00000000,0.00000000,0.00000000,0.00000000,0.00000000,0.00000000,0.00000000,0.00000000,0.00000000,0.00000000,0.00000000,0.00000000,1.59468644,0.00000000,0.00000000,0.00000000,0.00000000,0.00000000,0.00000000,0.00000000,0.00000000,0.00000000,0.00000000,0.00000000,0.01652914,0.00000000,0.00000000,0.00000000,0.00000000,0.00000000,0.00000000,0.00000000,0.00000000,0.00000000,0.00000000,0.00000000,0.00000000,0.06326547,0.00871311,0.00000000,0.00000000,0.00000000,0.00000000,0.00000000,0.00000000,0.00000000,0.00000000,0.00000000,0.00000000,0.00000000,0.00000000,0.00000000
0.00000000,0.00000000,0.00000000,0.00334013,0.00000000,0.00000000,0.00000000,0.00000000,0.00000000,0.00000000,0.00000000,0.00105532,0.00000000,0.03853995,0.00000000,0.00000000,0.00000000,0.00000000,0.00000000,0.00000000,0.00377022,0.00000000,0.00000000,0.00252856,0.00000000,0.00000000,0.00000000,0.00000000,0.00232892,0.00000000,0.00000000,0.00000000,0.00000000,0.00000000,0.00000000,0.00000000,0.00000000,0.02906051,0.00213804,0.00000000,0.00244955,0.00000000,0.00511644,0.00000000,0.00000000,0.00000000,0.00000000,0.00000000,0.00051433,0.01436003,0.00000000,0.00000000,0.00000000,0.00000000,0.00000000,0.00000000,0.00000000,0.00000000,0.00000000,0.00000000,0.00000000,0.00000000,0.00000000,0.00000000,0.00000000,0.00000000,0.00000000,0.00000000,0.00000000,0.00000000,0.00000000,0.07674336,0.00000000,0.00000000,0.00000000,0.00000000,0.00000000,0.00000000,0.00000000,0.00000000,0.00000000,0.00000000,0.00000000,0.00000000,0.31562400,0.00000000,0.00000000,0.00000000,0.00000000,0.00000000,0.00000000,0.00000000,0.00000000,0.00000000,0.00000000,0.00000000,0.00000000,0.02029922,0.00000000,0.00081886,0.00000000,0.00455192,0.00000000,0.00361472,0.05701164,0.00000000,0.00000000,0.00000000,0.00000000,0.00000000,0.00000000,0.00000000,0.00000000,0.00271735,0.00698506,0.00000000,0.00000000,0.00000000,0.00000000,0.00000000,0.00000000,0.00000000,0.00000000,0.00000000,0.00000000,0.00000000,0.00000000,0.00000000,0.00062636,0.00000000,0.00000000,0.00000000,0.00000000,0.00000000,0.00000000,0.00000000,0.00000000,0.00000000,0.00000000,0.01005293,0.00000000,0.00000000,0.00000000,0.00000000,0.00000000,0.00000000,0.00000000,0.00000000,0.00199990,0.00000000,0.00000000,0.00000000,0.00000000,0.00000000,0.00000000,0.00000000,0.00000000,0.00000000,0.00000000,0.00000000,0.00000000,0.00000000,0.00000000,0.00000000,0.02948735,0.00000000,0.00000000,0.00000000,0.00000000,0.00000000,0.00000000,0.00000000,0.00000000,0.00000000,0.00000000,0.00000000,0.00000000,0.00000000,0.00000000,0.00000000,0.00000000,0.00000000,0.00000000,0.00000000,0.00000000,0.00000000,0.00000000,0.02254465,0.22023690,0.00000000,0.00000000,0.00000000,0.00000000,0.00000000,0.00000000,0.00000000,0.00000000,0.00000000,0.01915079,0.00000000,0.00000000,0.00000000,0.00000000,0.00000000,0.00000000,0.00000000,0.00000000,0.00207645,0.00495693,0.01406063,0.00000000,0.00000000,0.01477643,0.00000000,0.00000000,0.00000000,0.00000000,0.00000000,0.00000000,0.00000000,0.00960040,0.00000000,0.00000000,0.00000000,0.00000000,0.00000000,0.00000000,0.00000000,0.00000000,0.00000000,0.00000000,0.00000000,0.00000000,0.00000000,0.00000000,0.00000000,0.00000000,0.00000000,0.00000000,0.00114653,0.00000000,0.00000000,0.00000000,0.00326631,0.00000000,0.00089888,0.00000000,0.00000000,0.01075751,0.00000000,0.00000000,0.00000000,0.00000000,0.00000000,0.00000000,0.00000000,0.00000000,0.01076789,0.00000000,0.00216370,0.00000000,0.01399686,0.00132869,0.00000000,0.00631634,0.00000000,0.00886196,0.00000000,0.00000000,0.00000000,0.00000000,0.00000000,0.00000000,0.00000000,0.00000000,0.00000000,0.00000000,0.00000000,0.00000000,0.02158223,0.00000000,0.00000000,0.52781705,0.00000000,0.00000000,0.00260508,0.00000000,0.00278815,0.00000000,0.00000000,0.00000000,0.00000000,0.00401051,0.00000000,0.00000000,0.00000000,0.00000000,0.00000000,0.00000000,0.00399535,0.00000000,0.00000000,0.00000000,0.00000000,0.00000000,0.00000000,0.00000000,0.00000000,0.00000000,0.00000000,0.00000000,0.00000000,0.00000000,0.00000000,0.00000000,0.00000000,0.00000000,0.00000000,0.00000000,0.00000000,0.00000000,0.00000000,0.00000000,0.00000000,0.00000000,0.00000000,0.09339114,0.00000000,0.00000000,0.00851555,0.00000000,0.00000000,0.00000000,0.00000000,0.00000000,0.00945806,0.00000000,0.00000000,0.00000000,0.00000000,0.00000000,0.00000000,0.03719704,0.00000000,0.00000000,0.00000000,0.00980975,0.00000000,0.00000000,0.00000000,0.00000000,0.00000000,0.00921227,0.00000000,0.00000000,0.00000000,0.00000000,0.00000000,0.00000000,0.00000000,0.24911814,0.00000000,0.00000000,0.00000000,0.03651878,0.00000000,0.00000000,0.00000000,0.00000000,0.00000000,0.00000000,0.00000000,0.00000000,0.00000000,0.00000000,0.00000000,0.00000000,0.00000000,0.00000000,0.00000000,0.00000000,0.00000000,0.05838350,0.00000000,0.01634763,0.00000000,0.00000000,0.00000000,0.00000000,0.00000000,0.00000000,0.00000000,0.00000000,0.00000000,0.31783498,0.00000000,0.00000000,0.00000000,0.00000000,0.00000000,0.00000000,0.00000000,0.00000000,0.00000000,0.00000000,0.00000000,0.00000000,0.00358549,0.00000000,0.00000000,0.00000000,0.00000000,0.00000000,0.00000000,0.00000000,0.00521598,0.00000000,0.00000000,0.00000000,0.00000000,0.00000000,0.00000000,0.00206641,0.00000000,0.00000000,0.00000000,0.00000000,0.00000000,0.00000000,0.00000000,0.00000000,0.00000000,0.00000000,0.00000000,0.00000000,0.00000000,0.00000000,0.00000000,0.00000000,0.00000000,0.00000000,0.00304743,0.00000000,0.00000000,0.05769040,0.00000000,0.00000000,0.00000000,0.00000000,0.01243561,0.00000000,0.00000000,0.00000000,0.00000000,0.00253579,0.00000000,0.00000000,0.00000000,0.00000000,0.00000000,0.00234711,0.00000000,0.00000000,0.00000000,0.00000000,0.00000000,0.00000000,0.00404053,0.00000000,0.00000000,0.00000000,0.00000000,0.00000000,0.04336747,0.00000000,0.00000000,0.00000000,0.00000000,0.00000000,0.00000000,0.00000000,0.00000000,0.00000000,0.00000000,0.00000000,0.00000000,0.00000000,0.00000000,0.00000000,0.00567563,0.00000000,0.00000000,0.00000000,0.00000000,0.00000000,0.00339294,0.02124422,0.00621549,0.00000000,0.00000000,0.00614657,0.00000000,0.00000000,0.00000000,0.00000000,0.00000000,0.00000000,0.00000000,0.00000000,0.00000000,0.00000000,0.00000000,0.00301295,0.00000000,0.00000000,0.00000000,0.00000000,0.00000000,0.00000000,0.00000000,0.00000000,0.00000000,0.33788747,0.00000000,0.00000000,0.00000000,0.00000000,0.00000000,0.00000000,0.00000000,0.00000000,0.00000000,0.34048186,0.01174224,0.00000000,0.00000000,0.00000000,0.00000000,0.00000000,0.00000000,0.00000000,0.00000000,0.00000000,0.00000000,0.00000000,0.00000000,0.00000000,0.00000000,0.00000000,0.00108698,0.00000000,0.01074004,0.00000000,0.00000000,0.00152388,0.00000000,0.01322081,0.00000000,0.00000000,0.00000000,0.00000000,0.00000000,0.00000000,0.00000000,0.00000000,0.00000000,0.00000000,0.00000000,0.00000000,0.00234945,0.00000000,0.00000000,0.21872034,0.00000000,0.00000000,0.00000000,0.00000000,0.00000000,0.00000000,0.00000000,0.00000000,0.00450531,0.00000000,0.00000000,0.00000000,0.00000000,0.00000000,0.00000000,0.00000000,0.00000000,0.00000000,0.00000000,0.00771732,0.00000000,0.02537070,0.00000000,0.00000000,0.00000000,0.00000000,0.00000000,0.00000000,0.00000000,0.00000000,0.00000000,0.01222908,0.00000000,0.00000000,0.00000000,0.00566256,0.00000000,0.00000000,0.00000000,0.00000000,0.00000000,0.00000000,0.00000000,0.00000000,0.00000000,0.00000000,0.00000000,0.00000000,0.00083351,0.00187369,0.00000000,0.00000000,0.00000000,0.00000000,0.00000000,0.00000000,0.00639128,0.00000000,0.00000000,0.00000000,0.01047865,0.00000000,0.00000000,0.00000000,0.00000000,0.00000000,0.00000000,0.00000000,0.00000000,0.00000000,0.00000000,0.00000000,0.00000000,0.00000000,0.00000000,0.00000000,0.00000000,0.27180415,0.00000000,0.00000000,0.00000000,0.00000000,0.00393141,0.00000000,0.00000000,0.00000000,0.00000000,0.00000000,0.00000000,0.00000000,0.00000000,0.00000000,0.00000000,0.00000000,0.06100552,0.00000000,0.00000000,0.00000000,0.00000000,0.00000000,0.00000000,0.01927008,0.00000000,0.00000000,0.00000000,0.00000000,0.00000000,0.00000000,0.00000000,0.00000000,0.00000000,0.00000000,0.00000000,0.00000000,0.00000000,0.00000000,0.00000000,0.00000000,0.00950357,0.00000000,0.00000000,0.00000000,0.00000000,0.00000000,0.00000000,0.00925407,0.00000000,0.00435462,0.00000000,0.00000000,0.00000000,0.01005567,0.00000000,0.00000000,0.00000000,0.00000000,0.00000000,0.00000000,0.00000000,0.00000000,0.00000000,0.00000000,0.00000000,0.00000000,0.00000000,0.00000000,0.00000000,0.28102032,0.00000000,0.00000000,0.00000000,0.00000000,0.00000000,0.01796910,0.00000000,0.00000000,0.00000000,0.00000000,0.00000000,0.00000000,0.00000000,0.00000000,0.03128653,0.00000000,0.00000000,0.01061575,0.00000000,0.00000000,0.00000000,1.61862811,0.00000000,0.00000000,0.00596099,0.00000000,0.00000000,0.00000000,0.00000000,0.00000000,0.00000000,0.00000000,0.00000000,0.00000000,0.00000000,0.00000000,0.00000000,0.00000000,0.23180759,0.00000000,0.00000000,0.01737247,0.00000000,0.00921865,0.00000000,0.00000000,0.00000000,0.02111908,0.00000000,0.00000000,0.00000000,0.00000000,0.00000000,0.01281456,0.00000000,0.00000000,0.12986343,0.00000000,0.00000000,0.00000000,0.00000000,0.00000000,0.00000000,0.00000000,0.00000000,0.00000000,0.00000000,0.00000000,0.00000000,0.00000000,0.00000000,0.00000000,0.00000000,0.00000000,0.00000000,0.00000000,0.00000000,0.00000000,0.00000000
0.00000000,0.00000000,0.00000000,0.00000000,0.00000000,0.00000000,0.00000000,0.00000000,0.00520254,0.00000000,0.00000000,0.00000000,0.00000000,0.00000000,0.00000000,0.00450932,0.00000000,0.00000000,0.00000000,0.00000000,0.00630186,0.00000000,0.00000000,0.00000000,0.00000000,0.00000000,0.00000000,0.00000000,0.00195393,0.00356135,0.00000000,0.00000000,0.00000000,0.04567026,0.00000000,0.00000000,0.00000000,0.00000000,0.00000000,0.00000000,0.00000000,0.00000000,0.00000000,0.00000000,0.00000000,0.00000000,0.00000000,0.00000000,0.00000000,0.00000000,0.00000000,0.00000000,0.00000000,0.00000000,0.04774249,0.00000000,0.00000000,0.00734832,0.00000000,0.00000000,0.00000000,0.00000000,0.00823547,0.00093140,0.00000000,0.00000000,0.00000000,0.00000000,0.00000000,0.00000000,0.05630061,0.00000000,0.00000000,0.00000000,0.00000000,0.00000000,0.00300425,0.00000000,0.00000000,0.00000000,0.00000000,0.00000000,0.00000000,0.00000000,0.00000000,0.00000000,0.00000000,0.00000000,0.00000000,0.00000000,0.00000000,0.00000000,0.00000000,0.22862646,0.00000000,0.32971308,0.00000000,0.00538025,0.01091872,0.00000000,0.00000000,0.00000000,0.00143069,0.00000000,0.00280458,0.00000000,0.00000000,0.24500337,0.00000000,0.00000000,0.00000000,0.00000000,0.00000000,0.00000000,0.00000000,0.00000000,0.00000000,0.02968047,0.00000000,0.00000000,0.00000000,0.00000000,0.00000000,0.00000000,0.00000000,0.01428454,0.00000000,0.00000000,0.00000000,0.00000000,0.00000000,0.00000000,0.00000000,0.00000000,0.00000000,0.00000000,0.00000000,0.00000000,0.13197578,0.00000000,0.00000000,0.00000000,0.00307869,0.00000000,0.00000000,0.00000000,0.00000000,0.00000000,0.00000000,0.00000000,0.00000000,0.00000000,0.00000000,0.00000000,0.22102028,0.00000000,0.00000000,0.00000000,0.00000000,0.00157687,0.03354548,0.00862023,0.00000000,0.00000000,0.00000000,0.00000000,0.00000000,0.00000000,0.00000000,0.00000000,0.00000000,0.00000000,0.00000000,0.00072463,0.00000000,0.00000000,0.00000000,0.00276350,0.00000000,0.00000000,0.00000000,0.00292775,0.00000000,0.00000000,0.04128227,0.00000000,0.00000000,0.00000000,0.00000000,0.00000000,0.00945615,0.04980937,0.00000000,0.00000000,0.00000000,0.00000000,0.00000000,0.00992092,0.00000000,0.00000000,0.00000000,0.00000000,0.00000000,0.00000000,0.00000000,0.00000000,0.00000000,0.00000000,0.00000000,0.00000000,0.00000000,0.00000000,0.00638869,0.00000000,0.00000000,0.00000000,0.03496548,0.00000000,0.00000000,0.00000000,0.00000000,0.00000000,0.00000000,0.11540356,0.00000000,0.00000000,0.00000000,0.00000000,0.00000000,0.00000000,0.00000000,0.00000000,0.00000000,0.00000000,0.00000000,0.00000000,0.00000000,0.00000000,0.00000000,0.00000000,0.00000000,0.00000000,0.00000000,0.00000000,0.00000000,0.00000000,0.00000000,0.00000000,0.00000000,0.00000000,0.00000000,0.00000000,0.00000000,0.00000000,0.00000000,0.00000000,0.00000000,0.01991760,0.00000000,0.00000000,0.00000000,0.00000000,0.00000000,0.00000000,0.00000000,0.00000000,0.00000000,0.00000000,0.00000000,0.00000000,0.00000000,0.00000000,0.00000000,0.00000000,0.00000000,0.00000000,0.00000000,0.00000000,0.00000000,0.00000000,0.00000000,0.00000000,0.00000000,0.00000000,0.00000000,0.00000000,0.00000000,0.11828070,0.00000000,0.00000000,0.00000000,0.00000000,0.02286966,0.00000000,0.00000000,0.00000000,0.00000000,0.00000000,0.00000000,0.00000000,0.00000000,0.00000000,0.00000000,0.00000000,0.00000000,0.01432331,0.00000000,0.00000000,1.97173999,0.00000000,0.00000000,0.00000000,0.00000000,0.00000000,0.00000000,0.00000000,0.00000000,0.00000000,0.00000000,0.00000000,0.00000000,0.00190420,0.00000000,0.00000000,0.00000000,0.00000000,0.00000000,0.00000000,0.00000000,0.00000000,0.00000000,0.00000000,0.00000000,0.00000000,0.00256591,0.00000000,0.00000000,0.00000000,0.00000000,0.00000000,0.00000000,0.00000000,0.00000000,0.00000000,0.00000000,0.00000000,0.02424857,0.00000000,0.00000000,0.00000000,0.00000000,0.00000000,0.00000000,0.00000000,0.00000000,0.00000000,0.00000000,1.28623483,0.00000000,0.00000000,0.00000000,0.00000000,0.00000000,0.00000000,0.00000000,0.00000000,0.00000000,0.00000000,0.00000000,0.00000000,0.00000000,0.00541661,0.00000000,0.00000000,0.00000000,0.00000000,0.00000000,0.00000000,0.01979821,0.00000000,0.00000000,0.00000000,0.00000000,0.00000000,0.00000000,0.00000000,0.00000000,0.00000000,0.00000000,0.00000000,0.02422505,0.00000000,0.00000000,0.00000000,0.00000000,0.02694193,0.00000000,0.07858607,0.00000000,0.00000000,0.00000000,0.00000000,0.00000000,0.00000000,0.00000000,0.00562512,0.00000000,0.00000000,0.00000000,0.00000000,0.00000000,0.00000000,0.00000000,0.00000000,0.04003143,0.00000000,0.00000000,0.00000000,0.00000000,0.00000000,0.00000000,0.00000000,0.00000000,0.02569244,0.00000000,0.00000000,0.00000000,0.00000000,0.00000000,0.00000000,0.00000000,0.00000000,0.00000000,0.00000000,0.00000000,0.00000000,0.00000000,0.00000000,0.00000000,0.00000000,0.00111246,0.00000000,0.00000000,0.00000000,0.00000000,0.00000000,0.00000000,0.00000000,0.00000000,0.00000000,0.00000000,0.00000000,0.00000000,0.00256394,0.00000000,0.00000000,0.00000000,0.00000000,0.00610674,0.00000000,0.00000000,0.00000000,0.00000000,0.00000000,0.00000000,0.00000000,0.00000000,0.00000000,0.03928592,0.00129922,0.00000000,0.00000000,0.00000000,0.00000000,0.00000000,0.00000000,0.00081986,0.00000000,0.00000000,0.00000000,0.00000000,0.00000000,0.00000000,0.00000000,0.00943977,0.01739286,0.01320809,0.00000000,0.00000000,0.00000000,0.00000000,0.00447213,0.00000000,0.00000000,0.00000000,0.00000000,0.00000000,0.00000000,0.00000000,0.00000000,0.02258603,0.00000000,0.00000000,0.00000000,0.09181180,0.00000000,0.00000000,0.77458881,0.00000000,0.00320122,0.00000000,0.00000000,0.00000000,0.00419719,0.00000000,0.00000000,0.00000000,0.00000000,0.00000000,0.00000000,0.00000000,0.00000000,0.00000000,0.00000000,0.00000000,0.00000000,0.00000000,0.00000000,0.00000000,0.39843994,0.02435339,0.00000000,0.00000000,0.02085557,0.00000000,0.00217152,0.00000000,0.00000000,0.01195640,0.00000000,0.00213973,0.00000000,0.00000000,0.00000000,0.00000000,0.00000000,0.00000000,0.00000000,0.00000000,0.00000000,0.00000000,0.00000000,0.00000000,0.00000000,0.00000000,0.00000000,0.00000000,0.00000000,0.00000000,0.00000000,0.00000000,0.00000000,0.00000000,0.00000000,0.00000000,0.00000000,0.00000000,0.00000000,0.00000000,0.00000000,0.00000000,0.00000000,0.00000000,0.00000000,0.00000000,0.14550851,0.00751893,0.00000000,0.00000000,0.00000000,0.00000000,0.00000000,0.32073870,0.00000000,0.00521187,0.00000000,0.00000000,0.00000000,0.00000000,0.00000000,0.00000000,0.00000000,0.01813137,0.00000000,0.00000000,0.00000000,0.00000000,0.00118215,0.00000000,0.00000000,0.00000000,0.00000000,0.00405572,0.00228093,0.00000000,0.00000000,0.00000000,0.00000000,0.00000000,0.00000000,0.00294829,0.00000000,0.00000000,0.00000000,0.01446470,0.00000000,0.00167320,0.00000000,0.02264460,0.00000000,0.08749763,0.00000000,0.00000000,0.00000000,0.00000000,0.00000000,0.02415651,0.00399814,0.00000000,0.00000000,0.00000000,0.00000000,0.00000000,0.00000000,0.00000000,0.00000000,0.00000000,0.00000000,0.00000000,0.00000000,0.00000000,0.00694359,0.03396448,0.00906065,0.00000000,0.00000000,0.00116668,0.00000000,0.00000000,0.00000000,0.02878583,0.00000000,0.00000000,0.00000000,0.00000000,0.00000000,0.00000000,0.00000000,0.00000000,0.00325966,0.00000000,0.00000000,0.00000000,0.00000000,0.00000000,0.00000000,0.00072784,0.00000000,0.00000000,0.00000000,0.00000000,0.00000000,0.00000000,0.00000000,0.00000000,0.01472740,0.00000000,0.00000000,0.00000000,0.05028815,0.00000000,0.00000000,0.00000000,0.00000000,0.00100107,0.00000000,0.00000000,0.00000000,0.00000000,0.00000000,0.00000000,0.00000000,0.00000000,0.00000000,0.00000000,0.00000000,0.00000000,0.00000000,0.00000000,0.00000000,0.00000000,0.00000000,0.00000000,0.00000000,0.00000000,0.00000000,0.00284694,0.00000000,0.00000000,0.00000000,0.00000000,0.00000000,0.00000000,0.00634250,0.00000000,0.00000000,0.00000000,0.00000000,0.00000000,0.00000000,0.00000000,0.00000000,0.00000000,0.00000000,0.00000000,0.00000000,0.00000000,0.00000000,0.00000000,0.01352556,0.00254329,0.00000000,0.00000000,0.00000000,0.00000000,0.00000000,0.00000000,0.00000000,0.00000000,0.00000000,0.00000000,0.00000000,1.38887470,0.00000000,0.01052639,0.00000000,0.00000000,0.00000000,0.00000000,0.00000000,0.00000000,0.00000000,0.00000000,0.00000000,0.00000000,0.00000000,0.00000000,0.00000000,0.00000000,0.00000000,0.00000000,0.00000000,0.00000000,0.00000000,0.00093098,0.00000000,0.00000000,0.00000000,0.00000000,0.00000000,0.00000000,0.00000000,0.00000000,0.00514231,0.00168124,0.00000000,0.00000000,0.00000000,0.00000000,0.00000000,0.00112852,0.00166705,0.00000000,0.07907892,0.00000000,0.00000000,0.00000000,0.00000000,0.00000000,0.00000000,0.00000000,0.00000000,0.03287224,0.01889633,0.00000000,0.00000000,0.00000000,0.00000000,0.00000000,0.00000000
0.00000000,0.00000000,0.00000000,0.00000000,0.00000000,0.00806473,0.00000000,0.00000000,0.00000000,0.00000000,0.00000000,0.00000000,0.00000000,0.00000000,0.00000000,0.00000000,0.00121296,0.00000000,0.00000000,0.00000000,0.00000000,0.00000000,0.00000000,0.00000000,0.00000000,0.00000000,0.01005608,0.00477140,0.00000000,0.00000000,0.07755654,0.00000000,0.00000000,0.00000000,0.00000000,0.00000000,0.00000000,0.00000000,0.00000000,0.00000000,0.00000000,0.00000000,0.00000000,0.00000000,0.00000000,0.00000000,0.00000000,0.00000000,0.00000000,0.00304015,0.00000000,0.00000000,0.00000000,0.00000000,0.00000000,0.00000000,0.79439719,0.00507078,0.00000000,0.00000000,0.00000000,0.01011099,0.00989018,0.03384660,0.00000000,0.00000000,0.00000000,0.00000000,0.00000000,0.00084133,0.00000000,0.00000000,0.00000000,0.00000000,0.01935022,0.00102613,0.00000000,0.00000000,0.00000000,0.00082077,0.00000000,0.00000000,0.00000000,0.00000000,0.00000000,0.00000000,0.00000000,0.00000000,0.00000000,0.00416233,0.00000000,0.00622974,0.00000000,0.00000000,0.07092452,0.00000000,0.00000000,0.04407412,0.00000000,0.00000000,0.00000000,0.10665273,0.00000000,0.00000000,0.00000000,0.00000000,0.00000000,0.00000000,0.00000000,0.00000000,0.00000000,0.00311012,0.00000000,0.00000000,0.00000000,0.00000000,0.00679674,0.00000000,0.00000000,0.00000000,0.00000000,0.00000000,0.00247643,0.00000000,0.00000000,0.00000000,0.00000000,0.00000000,0.00000000,0.00000000,0.00000000,0.00000000,0.00000000,0.00624675,0.00000000,0.00000000,0.00000000,0.00000000,0.00000000,0.00000000,0.00000000,0.00402366,0.00000000,0.00000000,0.00000000,0.00000000,0.08092816,0.00000000,0.00000000,0.00553076,0.00000000,0.00000000,0.00000000,0.00000000,0.00000000,0.00000000,0.00000000,0.00000000,0.00000000,0.00000000,0.00000000,0.00000000,0.00928527,0.00000000,0.00000000,0.00000000,0.00000000,0.00000000,0.00000000,0.00688335,0.00095004,0.05041993,0.00000000,0.00070118,0.00000000,0.00000000,0.00000000,0.00000000,0.00000000,0.00000000,0.00000000,0.00000000,0.00000000,0.06798245,0.00000000,0.00000000,0.00000000,0.00000000,0.00000000,0.00000000,0.21400317,0.00000000,0.00000000,0.00000000,0.00000000,0.00000000,0.00000000,0.00000000,0.00000000,0.00000000,0.00000000,0.00000000,0.00000000,0.00000000,0.00000000,0.00000000,0.00000000,0.00000000,0.00000000,1.36314749,0.00000000,0.00000000,0.00000000,0.00483015,0.00000000,0.00000000,0.00515574,0.00000000,0.00000000,0.01163014,0.00000000,0.00000000,0.00000000,0.00000000,0.00000000,0.00000000,0.00000000,0.02399064,0.01125971,0.00000000,0.00806418,0.00000000,0.00000000,0.00000000,0.08604829,0.00000000,0.00000000,0.00000000,0.00000000,0.00000000,0.00000000,0.00000000,0.00000000,0.00000000,0.00000000,0.00000000,0.00000000,0.00000000,0.00000000,0.00000000,0.00000000,0.20575945,0.00000000,0.00000000,0.00000000,0.00000000,0.00000000,0.00000000,0.00000000,0.00000000,0.00000000,0.00000000,0.31811768,0.00000000,0.00000000,0.00000000,0.00000000,0.00000000,0.00000000,0.00000000,0.00000000,0.00000000,0.00000000,0.00000000,0.00000000,0.00000000,0.00000000,0.00000000,0.00821458,0.01165335,0.00000000,0.00000000,0.00000000,0.00000000,0.00000000,0.00063619,0.00000000,0.00000000,0.00000000,0.00000000,0.00000000,2.17920945,0.00000000,0.00000000,0.00000000,0.00000000,0.00290329,0.00000000,0.00000000,0.00000000,0.01183988,0.00000000,0.00000000,0.00000000,0.00000000,0.00000000,0.00000000,0.00000000,0.00000000,0.00000000,0.00000000,0.00000000,0.00000000,0.00000000,0.01204411,0.00000000,0.00000000,0.00000000,0.00000000,0.00000000,0.00312697,0.00000000,0.00000000,0.00000000,0.00000000,0.00000000,0.00000000,0.00000000,0.00000000,0.00000000,0.00000000,0.00000000,0.00000000,0.00000000,0.00498930,0.00000000,0.00000000,0.00000000,0.00000000,0.00000000,0.00000000,0.00000000,0.00000000,0.00000000,0.00000000,0.00000000,0.00000000,0.00000000,0.00000000,0.00615483,0.00000000,0.00000000,0.07215937,0.00000000,0.00000000,0.00000000,0.00000000,0.00000000,0.00000000,0.00000000,0.00824025,0.00000000,0.00000000,0.00641134,0.00000000,0.00000000,0.00000000,0.00314026,0.00000000,0.00000000,0.00000000,0.00000000,0.00000000,0.00000000,0.00000000,0.00000000,0.00000000,0.00000000,0.00000000,0.00000000,0.00000000,0.00000000,0.00000000,0.00000000,0.00000000,0.00000000,0.00000000,0.00000000,0.00000000,0.00000000,0.00285641,0.00000000,0.00000000,0.00000000,0.00000000,0.00000000,0.00000000,0.00000000,0.00000000,0.00000000,0.00000000,0.00354384,0.00000000,0.00000000,0.00000000,0.03612652,0.00000000,0.00000000,0.00000000,0.00000000,0.00000000,0.00375964,0.00000000,0.00000000,0.00000000,0.00000000,0.00000000,0.00000000,0.00000000,0.00000000,0.00000000,0.00000000,0.00000000,0.00411551,0.00000000,0.00000000,0.00000000,0.00000000,0.00000000,0.00000000,0.00000000,0.00000000,0.00736708,0.00000000,0.00000000,0.00000000,0.00000000,0.00000000,0.00000000,0.00000000,0.00000000,0.00000000,0.00000000,0.00000000,0.00000000,0.00000000,0.00246716,0.00000000,0.00000000,0.00000000,0.00000000,0.00000000,0.00000000,0.00000000,0.00000000,0.00000000,0.00000000,0.00000000,0.00000000,0.00000000,0.00000000,0.00000000,0.00000000,0.00000000,0.00000000,0.00000000,0.00000000,0.00000000,0.00000000,0.00000000,0.00000000,0.00000000,0.00000000,0.00000000,0.00000000,0.00000000,0.00000000,0.00000000,0.00000000,0.00000000,0.00000000,0.00000000,0.00000000,0.00366702,0.00000000,0.00000000,0.00000000,0.00376816,0.00000000,0.00000000,0.00000000,0.00229244,0.00000000,0.00000000,0.00000000,0.00000000,0.00000000,0.00000000,0.00501505,0.00000000,0.00000000,0.00000000,0.00000000,0.00000000,0.00000000,2.60674503,0.00000000,0.00000000,0.00000000,0.00000000,0.00000000,0.00571678,0.00000000,0.03841647,0.00000000,0.00195475,0.00000000,0.00000000,0.00000000,0.00000000,0.00000000,0.02031265,0.00000000,0.00000000,0.00000000,0.00000000,0.00000000,0.00000000,0.00000000,0.00000000,0.00000000,0.00000000,0.02296739,0.02135865,0.00000000,0.00000000,0.00000000,0.00000000,0.00000000,0.00000000,0.00000000,0.00000000,0.00000000,0.00000000,0.00000000,0.00000000,0.00000000,0.00000000,0.00000000,0.00000000,0.00000000,0.00000000,0.00000000,0.00000000,0.00000000,0.00000000,0.00000000,0.00000000,0.00203151,0.00000000,0.00000000,0.00000000,0.00000000,0.00000000,0.00000000,0.00000000,0.00000000,0.00000000,0.00000000,0.00000000,0.00156913,0.00000000,0.00000000,0.00000000,0.00271904,0.00000000,0.00000000,0.00000000,0.00000000,0.00000000,0.00000000,0.00000000,0.00000000,0.00000000,0.00000000,0.00000000,0.00107049,0.00000000,0.00000000,0.00000000,0.00000000,0.00000000,0.00270194,0.00000000,0.00000000,0.06706610,0.00000000,0.00000000,0.02946394,0.00000000,0.00000000,0.00000000,0.00000000,0.00000000,0.00000000,0.00000000,0.00000000,0.00000000,0.00000000,0.00000000,0.00000000,0.00000000,0.00218159,0.00000000,0.00000000,0.00000000,0.00000000,0.00000000,0.00000000,0.00000000,0.00000000,0.00700695,0.00000000,0.00000000,0.00000000,0.00000000,0.00000000,0.00000000,0.00000000,0.00000000,0.27389741,0.00000000,0.00000000,0.00000000,0.00000000,0.00000000,0.00196054,0.08700809,0.00000000,0.00000000,0.00000000,0.02787199,0.01008639,0.00000000,0.00000000,0.00000000,0.00000000,0.00000000,0.00000000,0.00000000,0.00000000,0.00000000,0.00269468,0.00000000,0.00733147,0.00000000,0.00000000,0.00000000,0.00000000,0.00000000,0.00000000,0.00000000,0.00000000,0.00000000,0.00000000,0.00000000,0.00000000,0.00000000,0.03197199,0.00000000,0.00000000,0.00000000,0.02201827,0.00000000,0.00000000,0.00000000,0.00000000,0.00000000,0.00169223,0.00114003,0.00000000,0.00063139,0.00000000,0.00000000,0.00000000,0.00000000,0.00000000,0.00000000,0.00000000,0.00000000,0.00000000,0.00000000,0.02898396,0.00000000,0.00000000,0.00000000,0.01027909,0.00000000,0.00000000,0.00000000,0.00000000,0.00000000,0.00000000,0.00000000,0.00483575,0.00000000,0.00000000,0.00000000,0.00000000,0.00000000,0.00000000,0.00000000,0.00000000,0.00000000,0.00000000,0.00000000,0.00000000,0.00721746,0.00000000,0.73732268,0.00000000,0.00000000,0.00000000,0.00000000,0.00000000,0.00000000,0.00000000,0.00000000,0.00000000,0.00000000,0.00000000,0.01961565,0.06153321,0.00000000,0.00000000,0.00000000,0.00000000,0.00000000,0.00000000,0.00000000,0.00000000,0.00000000,0.00000000,0.00000000,0.00000000,0.00000000,0.00000000,0.00000000,0.00000000,0.00000000,0.00000000,0.00000000,0.04601443,0.00000000,0.51501257,0.00000000,0.00000000,0.00000000,0.00000000,0.00000000,0.01131812,0.00000000,0.00000000,0.10115549,0.00000000,0.00000000,0.00000000,0.00486903,0.00000000,0.00000000,0.00000000,0.01011427,0.00000000,0.00274381,0.00000000,0.00000000,0.00000000,0.00000000,0.00000000,0.00000000,0.00000000,0.00000000,0.00000000,0.00000000,0.00000000,0.00000000,0.00000000,0.00000000,0.02150674,0.00000000,0.00000000,0.00000000,0.00000000,0.00000000,0.00000000,0.00000000,0.01653096,0.00331699,0.00000000,0.00000000
0.07458718,0.00000000,0.00416714,0.00000000,0.00000000,0.00000000,0.03770674,0.00000000,0.00000000,0.00000000,0.00000000,0.00000000,0.00000000,0.00000000,0.00000000,0.00000000,0.30561291,0.00000000,0.00000000,0.00000000,0.00000000,0.00000000,0.00000000,0.00000000,0.00123715,0.00000000,0.00000000,0.02840111,0.00000000,0.00000000,0.03138856,0.00000000,0.00000000,0.00000000,0.00000000,0.00000000,0.00346618,0.00000000,0.00000000,0.00000000,0.00000000,0.00000000,0.00000000,0.00000000,0.00000000,0.01728840,0.00000000,0.00506383,0.00000000,0.00000000,0.00000000,0.05657062,0.00000000,0.00000000,0.03731193,0.12601781,0.00000000,0.00000000,0.00000000,0.00000000,0.00000000,0.00000000,0.00000000,0.00000000,0.00000000,0.00000000,0.00000000,0.00975382,0.00000000,0.00000000,0.00000000,0.00000000,0.00000000,0.00000000,0.00000000,0.00000000,0.00000000,0.00000000,0.05995006,0.00000000,0.00000000,0.00000000,0.00090786,0.00000000,0.00000000,0.00000000,0.00000000,0.00000000,0.00000000,0.00000000,0.00000000,0.00000000,0.00000000,0.00000000,0.00000000,0.00000000,0.00000000,0.02610901,0.00000000,0.01595783,0.00000000,0.00000000,0.00000000,0.00000000,0.00000000,0.02094400,0.00000000,0.00000000,0.00000000,0.00000000,0.00098257,0.00000000,0.00000000,0.00000000,0.00000000,0.00252532,0.00000000,0.00000000,0.00000000,0.00000000,0.00000000,0.00000000,0.00292329,0.00427198,0.00000000,0.00514357,0.00000000,0.00000000,0.00000000,0.00000000,0.01654878,0.00000000,0.00000000,0.00000000,0.00000000,0.00000000,0.00000000,0.00000000,0.00000000,0.00000000,0.00000000,0.00000000,0.00000000,0.02417413,0.00000000,0.00000000,0.00000000,0.00000000,0.00000000,0.00000000,0.00000000,0.00000000,0.00000000,0.00000000,0.00000000,0.00000000,0.00000000,0.00000000,0.03351655,0.00000000,0.01233538,0.00000000,0.00000000,0.00000000,0.00000000,0.00000000,0.00000000,0.00000000,0.00000000,0.00000000,0.00000000,0.00000000,0.00000000,0.00000000,0.00000000,0.00000000,0.00000000,0.00000000,0.02721557,0.00583716,0.00000000,0.00000000,0.00000000,0.00598619,0.00000000,0.00000000,0.00413499,0.00000000,0.00000000,0.00000000,0.00000000,0.00000000,0.00000000,0.00000000,0.00000000,0.00000000,0.26967098,0.00000000,0.00000000,0.00000000,0.00000000,0.00000000,0.00000000,0.05436675,0.00000000,0.02075474,0.00000000,0.00000000,0.00505557,0.00000000,0.00000000,0.06637109,0.00000000,0.00000000,0.00000000,0.00000000,0.00000000,0.00000000,0.00000000,0.00367153,0.00000000,0.00000000,0.00000000,0.04148589,0.00000000,0.00000000,0.00000000,0.00000000,0.00000000,0.00000000,0.00000000,0.00000000,0.00000000,0.00312333,0.00000000,0.00000000,0.00000000,0.00000000,0.00000000,0.00000000,0.00000000,0.00000000,0.00000000,0.00000000,0.00000000,0.00000000,0.00297084,0.00000000,0.00000000,0.00000000,0.00000000,0.00122567,0.00000000,0.00000000,0.00000000,0.00000000,0.00000000,0.00153834,0.00000000,0.00000000,0.00000000,0.00000000,0.00000000,0.01723591,0.00000000,0.00000000,0.00000000,0.00000000,0.00000000,0.00000000,0.00000000,0.00000000,0.00000000,0.00000000,0.00000000,0.00000000,0.00000000,0.00000000,0.00000000,0.00000000,0.00000000,0.00000000,0.00000000,0.00000000,0.00000000,0.00000000,0.00000000,0.00000000,0.00000000,0.00000000,0.00000000,0.17654698,0.00000000,0.00000000,0.00000000,0.00000000,0.01015177,0.00000000,0.00000000,0.00000000,0.00733203,0.00000000,0.00000000,0.00000000,0.00000000,0.00000000,0.00000000,0.00000000,0.00000000,0.00000000,0.00189736,0.00000000,0.00000000,0.00000000,0.00000000,0.00000000,0.00000000,0.00000000,0.00000000,0.00000000,0.00000000,0.00000000,0.00000000,0.00000000,0.00000000,0.00000000,0.00000000,0.00000000,0.00000000,0.00000000,0.01002459,0.00000000,0.00000000,0.00000000,0.00000000,0.00000000,0.00000000,0.00000000,0.00000000,0.00000000,0.00000000,0.00000000,0.00000000,0.01191147,0.00000000,0.00000000,0.00000000,0.00000000,0.00000000,0.00000000,0.01590156,0.00000000,0.00000000,0.00000000,0.00000000,0.00000000,0.00000000,0.00000000,0.00000000,0.00000000,0.03232964,0.00000000,0.00000000,0.00000000,0.00000000,0.00000000,0.00000000,0.00000000,0.00000000,0.00000000,0.00000000,0.00000000,0.01723410,0.00769880,0.00132945,0.00000000,0.00000000,0.00000000,0.00000000,0.00000000,0.00929918,0.00000000,0.00000000,0.00000000,0.00000000,0.00000000,0.00000000,0.00000000,0.00000000,0.00000000,0.00000000,0.00000000,0.00000000,0.00000000,0.00000000,0.00000000,0.00000000,0.00000000,0.00000000,0.00000000,0.00000000,0.00000000,0.00786942,0.00000000,0.00000000,0.00439546,0.00000000,0.00442424,0.00000000,0.00000000,0.00000000,0.02099272,0.00000000,0.00000000,0.01278291,0.00000000,0.00000000,0.00000000,0.00000000,0.00000000,0.00920970,0.00000000,0.00000000,0.00000000,0.03987280,0.00000000,0.00000000,0.03528932,0.00000000,0.05235789,0.00000000,0.00000000,0.00000000,0.00096863,0.01959459,0.00000000,0.00000000,0.00000000,0.00000000,0.00000000,0.00000000,0.00000000,0.00000000,0.00000000,0.00000000,0.00324267,0.00000000,0.00000000,0.00000000,0.00000000,0.00000000,0.00000000,0.00000000,0.00000000,0.00000000,0.00000000,0.00000000,0.00000000,0.00000000,0.00000000,0.00000000,0.00000000,0.00000000,0.00000000,0.00000000,0.00000000,0.00415397,0.01310444,0.00000000,0.00000000,0.00000000,0.00000000,0.00000000,0.00000000,0.00000000,0.00000000,0.00000000,0.00000000,0.00000000,0.00000000,0.01146405,0.00000000,0.00000000,0.00000000,0.00000000,0.00000000,0.00000000,0.00000000,0.00000000,0.00000000,0.00000000,0.00287472,0.00000000,0.00000000,0.00000000,0.05806814,0.00000000,0.00000000,0.00000000,0.00000000,0.00000000,0.00000000,0.00000000,0.00176244,0.00000000,0.02517798,0.00000000,0.00000000,0.00000000,0.00000000,0.00000000,0.00000000,0.00000000,0.00000000,0.00000000,0.02751068,0.00000000,0.00000000,0.01533260,0.00000000,0.00000000,0.00000000,0.00000000,0.00000000,0.00000000,0.00000000,0.00000000,0.00000000,0.00000000,0.00000000,0.00000000,0.00000000,0.00000000,0.00171235,0.00000000,0.00000000,0.00285345,0.00000000,0.00000000,0.00000000,0.00000000,0.00000000,0.00000000,0.00000000,0.00000000,0.00000000,0.00175156,0.00424023,0.00000000,0.00000000,0.00000000,0.00000000,0.00000000,0.00000000,0.00000000,0.00000000,0.00000000,0.00000000,0.00000000,0.00000000,0.00000000,0.00000000,0.00000000,0.00000000,0.00000000,0.00000000,0.00000000,0.00000000,0.00412787,0.00564097,0.00000000,0.00280162,0.00000000,0.00000000,0.00000000,0.00222451,0.00073747,0.00000000,0.00144987,0.01014920,0.00000000,0.00000000,0.00000000,0.02083929,0.00000000,0.00454309,0.04520483,0.00000000,0.00608503,0.00000000,0.00576259,0.00733575,0.00000000,0.00000000,0.00000000,0.00000000,0.00000000,0.00000000,0.00000000,0.00000000,0.00000000,0.00000000,0.00000000,0.00000000,0.00000000,0.00000000,0.00000000,0.00000000,0.00000000,0.00000000,0.00000000,0.00162291,0.00000000,0.00000000,0.00870016,0.00000000,0.00000000,0.00000000,0.00000000,0.00000000,0.00000000,0.00000000,0.00000000,0.00000000,0.00000000,0.00000000,0.00000000,0.00000000,0.00000000,0.00000000,0.00000000,0.00000000,0.00000000,0.00000000,0.00000000,0.00000000,0.00000000,0.00000000,0.00000000,0.00000000,0.00000000,0.00000000,0.00787527,0.00405196,0.00000000,0.00000000,0.00000000,0.00000000,0.00000000,0.00000000,0.00000000,0.00000000,0.00000000,0.00000000,0.00000000,0.00000000,0.00000000,0.00000000,0.00000000,0.00000000,0.00000000,0.00000000,0.00000000,0.00000000,0.00000000,0.00000000,0.00000000,0.00000000,0.00000000,0.00000000,0.00000000,0.00000000,0.00000000,0.00000000,0.00000000,0.00000000,0.00000000,0.00000000,0.00000000,0.00000000,0.00146470,0.01865982,0.00000000,0.00000000,0.00000000,0.00000000,0.00000000,0.00000000,0.00000000,0.00000000,0.00000000,0.00000000,0.00000000,0.00000000,0.00339709,0.00000000,0.00000000,0.00000000,0.09986011,0.00000000,0.00000000,0.00000000,0.01807962,0.00000000,0.00000000,0.00000000,0.00682014,0.00000000,0.00139371,0.00000000,0.00000000,0.01097621,0.00000000,0.00000000,0.00000000,0.00000000,0.00000000,0.00000000,0.00000000,0.00000000,0.00000000,0.00000000,0.00000000,0.00000000,0.00000000,0.00000000,0.00000000,0.00000000,0.00000000,0.00000000,0.00000000,0.00000000,0.00000000,0.00000000,0.00000000,0.00000000,0.00000000,0.00000000,0.01092591,0.00000000,0.42755934,0.00000000,0.00000000,0.00000000,0.00000000,0.00000000,0.00000000,0.00658756,0.00000000,0.00000000,0.00000000,0.00000000,0.00000000,0.00000000,0.00000000,0.00000000,0.00314547,0.00000000,0.00000000,0.00000000,0.00000000,0.00000000,0.00000000,0.00000000,0.03077212,0.00000000,0.00000000,0.00000000,0.00000000,0.00000000,0.00000000,0.00000000,0.33260273,0.00000000,0.00000000,0.00000000,0.00000000,0.00000000,0.00000000,0.00000000,0.00000000,0.00000000,0.00000000,0.00522291,0.00000000,0.00000000,0.00000000,0.00000000,0.00000000,0.00000000,0.00177143,0.00000000,0.00000000,0.00000000,0.00000000,0.00000000,0.00000000,0.00000000,0.00000000,0.00000000
0.00000000,0.00282817,0.00000000,0.00000000,0.01735751,0.00000000,0.00000000,0.00000000,0.00000000,0.00000000,0.00000000,0.00000000,0.00000000,0.00439250,0.00000000,0.00000000,0.00000000,0.00000000,1.02055202,0.00000000,0.00000000,0.00000000,0.00000000,0.00000000,0.00000000,0.00000000,0.00000000,0.00000000,0.00000000,0.00000000,0.00000000,0.00000000,0.00000000,0.00000000,0.00000000,0.00000000,0.00000000,0.00000000,0.00000000,0.00231319,0.00000000,0.00000000,0.00000000,0.00000000,0.00000000,0.00415544,0.00000000,0.00000000,0.00000000,0.00274069,0.00000000,0.00000000,0.00000000,0.00000000,0.00000000,0.00000000,0.00000000,0.00000000,0.00000000,0.00000000,0.00000000,0.00000000,0.00000000,0.00000000,0.00000000,0.00000000,0.00000000,0.00000000,0.00000000,0.00000000,0.00000000,0.00000000,0.00000000,0.00000000,0.00000000,0.00000000,0.00000000,0.00000000,0.00000000,0.00000000,0.00000000,0.02205953,0.00000000,0.00223277,0.00000000,0.00000000,0.00000000,0.00000000,0.00000000,0.00000000,0.00000000,0.00000000,0.00000000,0.00000000,0.00964493,0.00000000,0.00000000,0.00000000,0.02677945,0.00000000,0.00000000,0.00000000,0.00000000,0.00000000,0.00000000,0.00000000,0.00000000,0.00000000,0.00000000,1.27292235,0.00000000,0.00000000,0.00803028,0.00000000,0.00000000,0.00000000,0.00000000,0.00000000,0.00000000,0.00000000,0.00000000,0.00000000,0.00000000,0.00000000,0.00000000,0.03672767,0.00000000,0.00000000,0.00000000,0.00000000,0.00000000,0.00000000,0.00000000,0.00000000,0.00000000,0.00000000,0.00000000,0.00000000,0.00000000,0.00000000,0.00000000,0.00224784,0.38591941,0.00000000,0.00000000,0.00000000,0.21740582,0.00000000,0.00000000,0.00000000,0.00000000,0.00000000,0.00000000,0.00000000,0.00943768,0.00000000,0.01706571,0.00000000,0.00000000,0.00000000,0.00000000,0.00000000,0.00000000,0.00000000,0.00000000,0.00000000,0.00000000,0.00000000,0.00000000,0.00000000,0.00000000,0.00000000,0.00000000,0.00000000,0.00000000,0.00000000,0.00000000,0.00000000,0.00000000,0.00000000,0.00000000,0.00000000,0.00000000,0.00349412,0.00000000,0.00000000,0.00000000,0.00000000,0.00000000,0.00000000,0.00000000,0.00000000,0.00000000,0.00000000,0.00857030,0.00000000,0.00000000,0.00000000,0.00000000,0.03665755,0.00000000,0.00000000,0.00000000,0.00000000,0.00000000,0.04100401,0.00000000,0.00000000,0.00000000,0.00000000,0.00000000,0.00000000,0.01170210,0.00000000,0.00000000,0.00000000,0.00000000,0.00000000,0.02985580,0.00000000,0.00000000,0.00000000,0.08887773,0.02177249,0.00000000,0.00000000,0.01014009,0.00000000,0.00152826,0.00000000,0.00000000,0.00000000,0.00000000,0.00000000,0.00000000,0.00000000,0.67111561,0.00000000,0.00000000,0.00000000,0.00000000,0.00000000,0.00000000,0.00000000,0.00000000,0.00000000,0.00000000,0.00359502,0.00000000,0.00000000,0.00000000,0.00000000,0.00000000,0.00000000,0.00000000,0.00000000,0.00000000,0.00000000,0.00000000,0.00000000,0.00000000,0.00000000,0.00000000,0.00000000,0.00000000,0.00000000,0.00710233,0.00063532,0.00560097,0.00000000,0.00000000,0.00000000,0.00000000,0.00000000,0.00000000,0.00000000,0.01527305,0.00000000,0.00000000,0.00000000,0.00000000,0.00000000,0.01897020,0.00000000,0.00000000,0.00000000,0.00000000,0.00897210,0.00000000,0.00000000,0.00000000,0.00000000,0.00000000,0.00000000,0.00000000,0.11782815,0.00000000,0.00000000,0.00000000,0.00000000,0.00000000,0.00000000,0.00000000,0.00000000,0.00000000,0.00000000,0.00000000,0.00000000,0.00000000,0.00000000,0.00264014,0.00000000,0.00000000,0.00000000,0.00000000,0.01022640,0.00000000,0.00000000,0.00143025,0.10274628,0.00000000,0.00000000,0.00000000,0.00000000,0.00000000,0.29929771,0.01553302,0.00000000,0.00000000,0.00000000,0.00000000,0.00000000,0.00000000,0.00000000,0.00000000,0.00000000,0.00000000,0.00000000,0.00000000,0.00000000,0.00000000,0.00000000,0.00000000,0.00000000,0.00000000,0.00127503,0.00000000,0.00000000,0.00000000,0.00000000,0.00000000,0.00000000,0.00000000,0.00000000,0.00000000,0.00000000,0.00000000,0.00000000,0.00000000,0.00000000,0.00000000,0.00000000,0.01924531,0.00000000,0.00000000,0.00000000,0.00000000,0.00000000,0.00000000,0.00000000,0.00000000,0.00000000,0.00000000,0.00000000,0.00000000,0.00000000,0.00000000,0.01687346,0.00000000,0.00000000,0.00000000,0.00418823,0.00000000,0.01489831,0.00000000,0.00000000,0.00000000,0.00573770,0.00000000,0.00000000,0.00000000,0.00000000,0.00000000,0.19462685,0.00000000,0.00000000,0.00000000,0.01309819,0.00000000,0.00000000,0.00000000,0.00000000,0.00608242,0.00000000,0.00000000,0.00000000,0.00000000,0.00000000,0.00000000,0.00000000,0.00000000,0.00000000,0.00000000,0.00000000,0.00000000,0.00000000,0.02118844,0.00000000,0.84393107,0.00000000,0.00000000,0.00000000,0.00000000,0.01811179,0.00000000,0.00000000,0.00000000,0.00000000,0.00401575,0.01016463,0.00000000,0.21633275,0.00000000,0.00000000,0.00000000,0.00881178,0.00000000,0.00000000,0.00000000,0.00000000,0.00000000,0.02501611,0.00000000,0.00923676,0.00000000,0.00000000,0.00000000,0.00000000,0.00000000,0.00000000,0.00000000,0.00000000,0.00000000,0.03698917,0.00000000,0.00000000,0.00000000,0.00000000,0.00149022,0.00000000,0.03995227,0.00000000,0.00000000,0.00000000,0.00000000,0.00000000,0.00000000,0.00000000,0.00000000,0.00000000,0.00000000,0.00000000,0.00000000,0.00000000,0.00832791,0.03733195,0.00000000,0.13395555,0.00000000,0.00000000,0.00000000,0.00000000,0.00000000,0.00000000,0.00000000,0.00000000,0.00000000,0.00000000,0.02049337,0.00000000,0.00000000,0.00000000,0.00000000,0.00000000,0.00000000,0.00000000,0.00000000,0.00000000,0.00000000,0.00000000,0.00000000,0.00000000,0.00000000,0.00000000,0.00000000,0.00000000,0.00000000,0.00000000,0.00000000,0.00000000,0.00000000,0.00000000,0.00000000,0.00000000,0.00000000,0.00000000,0.00000000,0.00000000,0.00000000,0.00000000,0.00000000,0.00000000,0.00000000,0.00835273,0.00000000,0.00000000,0.39843994,0.00000000,0.00000000,0.00000000,0.00000000,0.00000000,0.00315111,0.00000000,0.00000000,0.00000000,0.00000000,0.00000000,0.00000000,0.00000000,0.00000000,0.00000000,0.00000000,0.00000000,0.00000000,0.00000000,0.00000000,0.00000000,0.00000000,0.00000000,0.01962140,2.08770442,0.00000000,0.00000000,0.00000000,0.00000000,0.13160403,0.00000000,0.00000000,0.00000000,0.00000000,0.00000000,0.00000000,0.00000000,0.00000000,0.00000000,0.00000000,0.00000000,0.00000000,0.00000000,0.00000000,0.00000000,0.03895519,0.00000000,0.00000000,0.01198104,0.00000000,0.00000000,0.00000000,0.00670427,0.00000000,0.00000000,0.00000000,0.00000000,0.00000000,0.00000000,0.00000000,0.00000000,0.00000000,0.00000000,0.00000000,0.00000000,0.00000000,0.00000000,0.06863965,0.00000000,0.00000000,0.00000000,0.00055518,1.48243132,0.00240849,0.00000000,0.00000000,0.00000000,0.00000000,0.00306077,0.00000000,0.12451755,0.00000000,0.00000000,0.00000000,0.00000000,0.00000000,0.00000000,0.00000000,0.00000000,0.00000000,0.00000000,0.00000000,0.00000000,0.00000000,0.00000000,0.00000000,0.00000000,0.00000000,0.00000000,0.00000000,0.00484607,0.76615263,0.00000000,0.03623065,0.00000000,0.00000000,0.00000000,0.00000000,0.00000000,0.00000000,0.00000000,0.00000000,0.01598230,0.00000000,0.00000000,0.00000000,0.00000000,0.00000000,0.00000000,0.00274438,0.00000000,0.00000000,0.00000000,0.00000000,0.00000000,0.00000000,0.00425284,0.00000000,0.00000000,0.00000000,0.00000000,0.00000000,0.00000000,0.00000000,0.00000000,0.00000000,0.00000000,0.00000000,0.00000000,0.00000000,0.00000000,0.00000000,0.00000000,0.00000000,0.00000000,0.00254444,0.01442183,0.00000000,0.01521552,0.00000000,0.00000000,0.00000000,0.00000000,0.00110758,0.00069175,0.00000000,0.00000000,0.00000000,0.00000000,0.00000000,0.00000000,0.00120885,0.04610791,0.00000000,0.00000000,0.00000000,0.00000000,0.00000000,0.00000000,0.03035200,0.00000000,0.00000000,0.00456749,0.00000000,0.00944229,0.00000000,0.00000000,0.04208316,0.00000000,0.00000000,0.00246803,0.00000000,0.00000000,0.01059951,0.00000000,0.00000000,0.00000000,0.00000000,0.00000000,0.00000000,0.00000000,0.00000000,0.00000000,0.00000000,0.00000000,0.00000000,0.00000000,0.00000000,0.00000000,0.00000000,0.00000000,0.01825510,0.00000000,0.00000000,0.00000000,0.21617127,0.00000000,0.00000000,0.00000000,0.00000000,0.00000000,0.00000000,0.05660367,0.00000000,0.00000000,0.00894424,0.00000000,0.02520499,0.00000000,0.00095944,0.00000000,0.00000000,0.00000000,0.00000000,0.00000000,0.00000000,0.00000000,0.00000000,0.00000000,0.00089283,0.00000000,0.00000000,0.00000000,0.00000000,0.00000000,0.00000000,0.00000000,0.00000000,0.00000000,0.00000000,0.00000000,0.00000000,0.00000000,0.00000000,0.00000000,0.00428886,0.00000000,0.00000000,0.00000000,0.00000000,0.00000000,0.00000000,0.00000000,0.00000000,0.00000000,0.00000000,0.00000000,0.00000000,0.00000000,0.00325130,0.00000000,0.00000000,0.00000000,0.00000000,0.00000000,0.00000000,0.00000000,0.00000000,0.15699507,0.00000000,0.00000000,0.00000000,0.00245683
0.00000000,0.00000000,0.00000000,0.00000000,0.00000000,0.00000000,0.00000000,0.00000000,0.00000000,0.00000000,0.00000000,0.00000000,0.00000000,0.00000000,0.00000000,0.00000000,0.00000000,0.00000000,0.00000000,0.00000000,0.00000000,0.00000000,0.00000000,0.00000000,0.00000000,0.00000000,0.00000000,0.00424932,0.00000000,0.00927716,0.00000000,0.00000000,0.00000000,0.02232428,0.00000000,0.00000000,0.00000000,0.00000000,0.00000000,0.00000000,0.00000000,0.00000000,0.00000000,0.00000000,0.00000000,0.00000000,0.00000000,0.00000000,0.00000000,0.00000000,0.34199030,0.00000000,0.00287455,0.00000000,0.00000000,0.00000000,0.00000000,0.00000000,0.00000000,0.00000000,0.00000000,0.00000000,0.00000000,0.00000000,0.00000000,0.00000000,0.00000000,0.00000000,0.00000000,0.00221412,0.00390837,0.00000000,0.00000000,0.00000000,0.00000000,0.00000000,0.00000000,0.00000000,0.00000000,0.00000000,0.00240504,0.00000000,0.00000000,0.00000000,0.00000000,0.00000000,0.00619747,0.00000000,0.00117414,0.00000000,0.00000000,0.00000000,0.00000000,0.00000000,0.00000000,0.00000000,0.00000000,0.87242336,0.00000000,0.00000000,0.09272537,0.00000000,0.00000000,0.03580827,0.00000000,0.00000000,0.00297084,0.00340682,0.00000000,0.00000000,0.00000000,0.03976688,0.00087857,0.00000000,0.00000000,0.00000000,0.00000000,0.00000000,0.00000000,0.00000000,0.00341948,0.00000000,0.00000000,0.00000000,0.00000000,0.00000000,0.00000000,0.00000000,0.00000000,0.00000000,0.00000000,0.00000000,0.01240242,0.00000000,0.00000000,0.00000000,0.00000000,0.00000000,0.00000000,0.00000000,0.00000000,0.00000000,0.00000000,0.00084309,0.00000000,0.00445862,0.00000000,0.00000000,0.00000000,0.00000000,0.00000000,0.00000000,0.21496991,0.01365406,0.00000000,0.00000000,0.00000000,0.00000000,0.00000000,0.00000000,0.00000000,0.00000000,0.01078856,0.00000000,0.02084359,0.00062641,0.00000000,0.00000000,0.02332878,0.00000000,0.02437836,0.01150725,0.00000000,0.00000000,0.00000000,0.00000000,0.00000000,0.00000000,0.00000000,0.00000000,0.00000000,0.00000000,0.00000000,0.00000000,0.00000000,0.00000000,0.00280334,0.00000000,0.00000000,0.00000000,0.00000000,0.00000000,0.00000000,0.00857657,0.00000000,0.00000000,0.00000000,0.00000000,0.00000000,0.00000000,0.04480285,0.00000000,0.00000000,0.00000000,0.00000000,0.00000000,0.00000000,0.00000000,0.00000000,0.00000000,0.00000000,0.00000000,0.00000000,0.00000000,0.00000000,0.00000000,0.00000000,0.00000000,0.00000000,0.00000000,0.00000000,0.00000000,0.00397672,0.00000000,0.00000000,0.00000000,0.00000000,0.00000000,0.00000000,0.00000000,0.00000000,0.00417395,1.43883975,0.00000000,0.00000000,0.00000000,0.00000000,0.00000000,0.00000000,0.00215590,0.00000000,0.00000000,0.00000000,0.00000000,0.00000000,0.00000000,0.00000000,0.00000000,0.00000000,0.00000000,0.00000000,0.00000000,0.00265835,0.00000000,0.00000000,0.00000000,0.00000000,0.00399035,0.00000000,0.00000000,0.00000000,0.00000000,0.00000000,0.00000000,0.00000000,0.00000000,0.00000000,0.00669085,0.00000000,0.00000000,0.00000000,0.00000000,0.00000000,0.00000000,0.00000000,0.00000000,0.00000000,0.00143330,0.00000000,0.00545260,0.00000000,0.00000000,0.00000000,0.00000000,0.00000000,0.00000000,0.00000000,0.00000000,0.00000000,0.00000000,0.00239127,0.00000000,0.00106702,0.00177104,0.00000000,0.00000000,0.00000000,0.00000000,0.00000000,0.00000000,0.00000000,0.00000000,0.00000000,0.00000000,0.00000000,0.09784909,0.00000000,0.00000000,0.00000000,0.00000000,0.00000000,0.00000000,0.00000000,0.01327030,0.00000000,0.00000000,0.00000000,0.01013342,0.00000000,0.00000000,0.00000000,0.00000000,0.00000000,0.00000000,0.00000000,0.00000000,0.00000000,0.00000000,0.00000000,0.00000000,0.00000000,0.00000000,0.00000000,0.00000000,0.00000000,0.00000000,0.00000000,0.00000000,0.00000000,0.00000000,0.00000000,0.00000000,0.00000000,0.01547863,0.00135474,0.00000000,0.00000000,0.00000000,0.00000000,0.01994627,0.00000000,0.00000000,0.00000000,0.06463089,0.00216987,0.00000000,0.00000000,0.04717538,1.49501978,0.02731678,0.00000000,0.00000000,0.00000000,0.00000000,0.00000000,0.00228483,0.00000000,0.00000000,0.00000000,0.00000000,0.00000000,0.01499075,0.00000000,0.00000000,0.00083722,0.00000000,0.00000000,0.00085232,0.00000000,0.00000000,0.00000000,0.00000000,0.00000000,0.00000000,0.00000000,0.02705305,0.00000000,0.00000000,0.00112489,0.00000000,0.00000000,0.00000000,0.00000000,0.00000000,0.00000000,0.00000000,0.00000000,0.00000000,0.00000000,0.00000000,0.00000000,0.00000000,0.00000000,0.00000000,0.00000000,0.00000000,0.00000000,0.01243415,0.00000000,0.00000000,0.03552586,0.00000000,0.00000000,0.23097338,0.00793657,0.00000000,0.00000000,0.00000000,0.00000000,0.00000000,0.00000000,0.00924450,0.00000000,0.00395374,0.00000000,0.00000000,0.00000000,0.00000000,0.00000000,0.00000000,0.00000000,0.00000000,0.00000000,0.00000000,0.29318986,0.00000000,0.00000000,0.00000000,0.00000000,0.00000000,0.00000000,0.00000000,0.00000000,0.00000000,0.00000000,0.00000000,0.00000000,0.00000000,0.03228746,0.00000000,0.00000000,0.00000000,0.00000000,0.00000000,0.00000000,0.00000000,0.00000000,0.00000000,0.00000000,0.00000000,0.00000000,0.00000000,0.00000000,0.00000000,0.00000000,0.00000000,0.00000000,0.00000000,0.00368848,0.00000000,0.00000000,0.00000000,0.00000000,0.00000000,0.00000000,0.01354543,0.00000000,0.00000000,0.00000000,0.00000000,0.00000000,0.00000000,0.00000000,0.00000000,0.00000000,0.00000000,0.00000000,0.00000000,0.00000000,0.00749364,0.00000000,0.00000000,0.00000000,0.00000000,0.00512300,0.00782296,0.00000000,0.00292921,0.01107347,0.00000000,0.00000000,0.00000000,0.00000000,0.00000000,0.00520475,0.00000000,0.00000000,0.00000000,0.00000000,0.00000000,0.00000000,0.00434376,0.01801337,0.00279002,0.01653298,0.00000000,0.00000000,0.00000000,0.00000000,0.00000000,0.00272096,0.00000000,0.00000000,0.00000000,0.00000000,0.00000000,0.02435339,0.00000000,0.00000000,0.00000000,0.00000000,0.00000000,0.00000000,0.00000000,0.00000000,0.00000000,0.00101198,0.08913226,0.00000000,0.00000000,0.00000000,0.00000000,0.18348424,0.00000000,0.00000000,0.00000000,0.00000000,0.00000000,0.00000000,0.00000000,0.00000000,0.00000000,0.00000000,0.00000000,0.00000000,0.14276649,0.00000000,0.00000000,0.00000000,0.00000000,0.00000000,0.00000000,0.00000000,0.00000000,0.00000000,0.00000000,0.00000000,0.03530203,0.00000000,0.00000000,0.00000000,0.00000000,0.00000000,0.00000000,0.00000000,0.00000000,0.00000000,0.00000000,0.01103906,0.00000000,0.00000000,0.00000000,0.00000000,0.00000000,0.00000000,0.00000000,0.00000000,0.00000000,0.00000000,0.00000000,0.00000000,0.00000000,0.00000000,0.00000000,0.00000000,0.00000000,0.00000000,0.00000000,0.00000000,0.00000000,0.00000000,0.00000000,0.00000000,0.00000000,0.00000000,0.00983807,0.00000000,0.00000000,0.00000000,0.00000000,0.00000000,0.00000000,0.00000000,0.00000000,0.00000000,0.00000000,0.00000000,0.00000000,0.00000000,0.00000000,0.00000000,0.00000000,0.00000000,0.00000000,0.00000000,0.00000000,0.00000000,0.01574898,0.00000000,0.00000000,0.00000000,0.00000000,0.00000000,0.00000000,0.00000000,0.00000000,0.00000000,0.00000000,0.00000000,0.00000000,0.00000000,0.00000000,0.00000000,0.00000000,0.00000000,0.00000000,0.00000000,0.00291830,0.00000000,0.00000000,0.00000000,0.00000000,0.00000000,0.00000000,0.00000000,0.00000000,0.00000000,0.00000000,0.00000000,0.69579920,0.00000000,0.00000000,0.00000000,0.00000000,0.00000000,0.00000000,0.00000000,0.00000000,0.00000000,0.00000000,0.00000000,0.00000000,0.00000000,0.00000000,0.02992985,0.00000000,0.00000000,0.00000000,0.00000000,0.00000000,0.00000000,0.00000000,0.00000000,0.00000000,0.01745291,0.00000000,0.01408273,0.02446590,0.00000000,0.01306800,0.00000000,0.00000000,0.00000000,0.00000000,0.00000000,0.00000000,0.00000000,0.00000000,0.00000000,0.00000000,0.04409368,0.00000000,0.00000000,0.00000000,0.00000000,0.00000000,0.02908742,0.00000000,0.00000000,0.00000000,0.00000000,0.08390834,0.00000000,0.00000000,0.00000000,0.00000000,0.00000000,0.08643790,0.00000000,0.00000000,0.00000000,0.00000000,0.00000000,0.00000000,0.00000000,0.00000000,0.00000000,0.00000000,0.00000000,0.00000000,0.00000000,0.00393608,0.00000000,0.00000000,0.00000000,0.00000000,0.26258307,0.00000000,0.04863117,0.00000000,0.00000000,0.00000000,0.00000000,0.00000000,0.02039874,0.00216219,0.00083234,0.00000000,0.00000000,0.00098980,0.00000000,0.00261112,0.00000000,0.00000000,0.00000000,0.00000000,0.00000000,0.00000000,0.00000000,0.00000000,0.00000000,0.00000000,0.00000000,0.00000000,0.00000000,0.00000000,0.00000000,0.00000000,0.00000000,0.00000000,0.00000000,0.00000000,0.00000000,0.00000000,0.00000000,0.00744151,0.00000000,0.00000000,0.00000000,0.00000000,0.00000000,0.00000000,0.00000000,0.00000000,0.00000000,0.00000000,0.00049663,0.00000000,0.00000000,0.00000000,0.00000000,0.00000000,0.00000000,0.00000000,0.00000000,0.00000000,0.00559378,0.00000000,0.31165755,0.00000000
0.00000000,0.00000000,0.00000000,0.00622859,0.01951886,0.00000000,0.01865386,0.00000000,0.00225762,0.00000000,0.00543928,0.00000000,0.05972481,0.00000000,0.00000000,0.00000000,0.00000000,0.00000000,0.00000000,0.00000000,0.00000000,0.00618530,0.00334479,0.07802343,0.00194010,0.00000000,0.00000000,0.00000000,0.00000000,0.00000000,0.00184799,0.00000000,0.00000000,0.00000000,0.00000000,0.00000000,0.00000000,0.00000000,0.00000000,0.00000000,0.00000000,0.00000000,0.00000000,0.00000000,0.00000000,0.00000000,0.00000000,0.00000000,0.00000000,0.00000000,0.00000000,0.00000000,0.00653808,0.00000000,0.00758656,0.00000000,0.00000000,0.00000000,0.00000000,0.00000000,0.00000000,0.00000000,0.00000000,0.00000000,0.00000000,0.00000000,0.00000000,0.00000000,0.00000000,0.00371875,0.00000000,0.00000000,0.01592988,0.00000000,0.00000000,0.07933082,0.00171165,0.00000000,0.00000000,0.00000000,0.00000000,0.00000000,0.00000000,0.00000000,0.00000000,0.00000000,0.00000000,0.00818314,0.00000000,0.00000000,0.00000000,0.00000000,0.00000000,0.00000000,0.00000000,0.00000000,0.00000000,0.00000000,0.02139666,0.00000000,0.00000000,0.00000000,0.00000000,0.00000000,0.00000000,0.00000000,0.00000000,0.00000000,0.00000000,0.00000000,0.00000000,0.00000000,0.00000000,0.00000000,0.00000000,0.00000000,0.00000000,0.00000000,0.00000000,0.00000000,0.00000000,0.00000000,0.00000000,0.00000000,0.00000000,0.00000000,0.00000000,0.00000000,0.11155031,0.00000000,0.00000000,0.00000000,0.00000000,0.00000000,0.00000000,0.00000000,0.00000000,0.00000000,0.00131666,0.00000000,0.00000000,0.00000000,0.00000000,0.00000000,0.00000000,0.00000000,0.00000000,0.00000000,0.00000000,0.00000000,0.00000000,0.00000000,0.00000000,0.00000000,0.00000000,0.00000000,0.00000000,0.00000000,0.00000000,0.00000000,0.00000000,0.03392354,0.00000000,0.00000000,0.00000000,0.00000000,0.00308628,0.00000000,0.02234061,0.00000000,0.00379952,0.00000000,0.25377985,0.00312426,0.00000000,0.00000000,0.00000000,0.00000000,0.00000000,0.00000000,0.00000000,0.00000000,0.00000000,0.00000000,0.00000000,0.00954013,0.00000000,0.00000000,0.00000000,0.00000000,0.00000000,0.00000000,0.00000000,0.00000000,0.00000000,0.00573852,0.00000000,0.00000000,0.00000000,0.00000000,0.00000000,0.00000000,0.00000000,0.00000000,0.00000000,0.00000000,0.00000000,0.00000000,0.00000000,0.00000000,0.04940802,0.00000000,0.00000000,0.00572701,0.00000000,0.00000000,0.00000000,0.00000000,0.00000000,0.00000000,2.17193312,0.00000000,0.00000000,0.00000000,0.00000000,0.00000000,0.00000000,0.00000000,0.00000000,0.00000000,0.00000000,0.00000000,0.00060254,0.00000000,0.00000000,0.00158230,0.00000000,0.01095517,0.00445917,0.00000000,0.00000000,0.03064656,0.00000000,0.00000000,0.00000000,0.00000000,0.00000000,0.00000000,0.00000000,0.00000000,0.00000000,0.00000000,0.00000000,0.00000000,0.00000000,0.00000000,0.00000000,0.00000000,0.00000000,0.00000000,0.00000000,0.00000000,0.00000000,0.00000000,0.00000000,0.00000000,0.00000000,0.00000000,0.00000000,0.00000000,0.04155863,0.00421205,0.00000000,0.00000000,0.00000000,0.00000000,0.00000000,0.00000000,0.00000000,0.00000000,0.00000000,0.00000000,0.00000000,0.00000000,0.00000000,0.00000000,0.00000000,0.00000000,0.00000000,0.00000000,0.00000000,0.00000000,0.00000000,0.00000000,0.00000000,0.00000000,0.00000000,0.01253731,0.00000000,0.00000000,0.00000000,0.00000000,0.00000000,0.00000000,0.09111119,0.00000000,0.00000000,0.00000000,0.00416543,0.00000000,0.00000000,0.00000000,0.00000000,0.00000000,0.00000000,0.00000000,0.00000000,0.00000000,0.00000000,0.00000000,0.00000000,0.00000000,0.00000000,0.00000000,0.00937493,0.00000000,0.00000000,0.00000000,0.00000000,0.00000000,0.00000000,0.00000000,0.00000000,0.00000000,0.00000000,0.00000000,0.00000000,0.00000000,0.08172854,0.06971863,0.00000000,0.00000000,0.00000000,0.00000000,0.00000000,0.00000000,0.00000000,0.00000000,0.00000000,0.00000000,0.00000000,0.00000000,0.00000000,0.00689804,0.00000000,0.00000000,0.00796051,0.00000000,0.00000000,0.00000000,0.00000000,0.00000000,0.04534725,0.00000000,0.00000000,0.00000000,0.00000000,0.00000000,0.00297056,0.05454775,0.99956674,0.00000000,0.00000000,0.00108282,0.00000000,0.00000000,0.00000000,0.00000000,0.00000000,0.00000000,0.00000000,0.00000000,0.00000000,0.00000000,0.00000000,0.00000000,0.00000000,0.00000000,0.12632454,0.00000000,0.00000000,0.00000000,0.00000000,0.00000000,0.02937163,0.00000000,0.00000000,0.00000000,0.00000000,0.00000000,0.00000000,0.00000000,0.00000000,0.00000000,0.00000000,0.00000000,0.00000000,0.00712379,0.00000000,0.00000000,0.00000000,0.00829861,0.02420250,0.00000000,0.00000000,0.00000000,0.00000000,0.00000000,0.00000000,0.00000000,0.00000000,0.00000000,0.00000000,0.00000000,0.00000000,0.00000000,0.00000000,0.00000000,0.00000000,0.00000000,0.00000000,0.00000000,0.00000000,0.00000000,0.00000000,0.00000000,0.00000000,0.00000000,0.00159223,0.00000000,0.00000000,0.00000000,0.00000000,0.00000000,0.00000000,0.00000000,0.00000000,0.00000000,0.00000000,0.00794366,0.00000000,0.00000000,0.00000000,0.00000000,0.00000000,0.00000000,0.00559378,0.00000000,0.00000000,0.00951112,0.00000000,0.00000000,0.00128315,0.01249179,0.00000000,0.00000000,0.00000000,0.00000000,0.00000000,0.00000000,0.00000000,0.00000000,0.00150493,0.00000000,0.00000000,0.00000000,0.00000000,0.00000000,0.00000000,0.00000000,0.00000000,0.00000000,0.00000000,0.00000000,0.00136143,0.00000000,0.00000000,0.00000000,0.00000000,0.00000000,0.00000000,0.00000000,0.00000000,0.00000000,0.00000000,0.00000000,0.00000000,0.00000000,0.00000000,0.00000000,0.00000000,0.00000000,0.00000000,0.00000000,0.00000000,0.07342401,0.00000000,0.00657269,0.01671722,0.00112394,0.00000000,0.00000000,0.16771122,0.00000000,0.00347518,0.00000000,0.00000000,0.00000000,0.00000000,0.01181535,0.01700240,0.42422344,0.03206769,0.05414839,0.00000000,0.00000000,0.00000000,0.00000000,0.00000000,0.00000000,0.00000000,0.00000000,0.00000000,0.00484971,0.30905859,0.00000000,0.00000000,0.00000000,0.00000000,0.00000000,0.00000000,0.04071619,0.00000000,0.00000000,0.00000000,0.00000000,0.00000000,0.00000000,0.00742129,0.00000000,0.00000000,0.30694365,0.00000000,0.00000000,0.00000000,0.00000000,0.00000000,0.00000000,0.07751724,0.00000000,0.00000000,0.00000000,0.00000000,0.00000000,0.00000000,0.00682572,0.00000000,0.07466235,0.00000000,0.00000000,0.00000000,0.00000000,0.00000000,0.00000000,0.01896981,0.00000000,0.00000000,0.00746832,0.00000000,0.00000000,0.00000000,0.00000000,0.00000000,0.00462264,0.00000000,0.00000000,0.00000000,0.00000000,0.00000000,0.00000000,0.00000000,0.00000000,0.00000000,0.00000000,0.00000000,0.00000000,0.00000000,0.00000000,0.00276972,0.00000000,0.00000000,0.00000000,0.00000000,0.00000000,0.00000000,0.01521821,0.00000000,0.00000000,0.00000000,0.00211301,0.00000000,0.00000000,0.00000000,0.00000000,0.00000000,0.04686045,0.00000000,0.00000000,0.00000000,0.00000000,0.00000000,0.00000000,0.00000000,0.00000000,0.00000000,0.00000000,0.00000000,0.00000000,0.02428442,0.00000000,0.00000000,0.00000000,0.00000000,0.00000000,0.00418674,0.00000000,0.00000000,0.00000000,0.00000000,0.00000000,0.00788303,0.00000000,0.00000000,0.00000000,0.00000000,0.01469389,0.00000000,0.00000000,0.00000000,0.01799690,0.00000000,0.05810166,0.00000000,0.00000000,0.00000000,0.00000000,0.00255916,0.00000000,0.00000000,0.00000000,0.00463813,0.00000000,0.00000000,0.00000000,0.00000000,0.00000000,0.00000000,0.00000000,0.00000000,0.00000000,0.00000000,0.00000000,0.00000000,0.01079933,0.00000000,0.00000000,0.00000000,0.00000000,0.41411553,0.00000000,0.00000000,0.00000000,0.00000000,0.02678053,0.00000000,0.00000000,0.00000000,0.00000000,0.00000000,0.00000000,0.00000000,0.00000000,0.00000000,0.00000000,0.00000000,0.00000000,0.00000000,0.00000000,0.00000000,0.00216950,0.00000000,0.00000000,0.00000000,0.00000000,0.00000000,0.00000000,0.00804667,0.00000000,0.00000000,0.00000000,0.00000000,0.00131815,0.00000000,0.00000000,0.00000000,0.00000000,0.00000000,0.00000000,0.00000000,0.00000000,0.00000000,0.00000000,0.00000000,0.00000000,0.00000000,0.00000000,0.00000000,0.00000000,0.00116582,0.00000000,0.00000000,0.00000000,0.00000000,0.00000000,0.00000000,0.00000000,0.00000000,1.81047259,0.00000000,0.00000000,0.00000000,0.00251396,0.00000000,0.00000000,0.00000000,0.00000000,0.00000000,0.00000000,0.00000000,0.00000000,0.00000000,0.00000000,0.00000000,0.00000000,0.00000000,0.00000000,0.00394970,0.00000000,0.00000000,0.00000000,0.00000000,0.01612558,0.00000000,0.00000000,0.00000000,0.00000000,0.00000000,0.00000000,0.00000000,0.00000000,0.01484265,0.00000000,0.00000000,0.00000000,0.01698295,0.00000000,0.00000000,0.00000000,0.00000000,0.00000000,0.00000000,0.00000000,0.00000000,0.00000000,0.01730651,0.00000000,0.00000000,0.00000000,0.00000000,0.00000000,0.00000000,0.00000000,0.00000000,0.00000000,0.00000000,0.00000000,0.00000000,0.00207327,0.00000000,0.00000000
0.00059403,0.00309091,0.00000000,0.00000000,0.00000000,0.00000000,0.00000000,0.00000000,0.00444060,0.00000000,0.00000000,0.00434409,0.00000000,0.00104804,0.00000000,0.00000000,0.00000000,0.00155300,0.00232220,0.00000000,0.00000000,0.00000000,0.00000000,0.00000000,0.00000000,0.00000000,0.00000000,0.00000000,0.00000000,0.00000000,0.00000000,0.36641964,0.00000000,0.03911249,0.00000000,0.00000000,0.00000000,0.00242833,0.00000000,0.00000000,0.00000000,0.00000000,0.00000000,0.00000000,0.00000000,0.00000000,0.00000000,0.00000000,0.00000000,0.00000000,0.00000000,0.00000000,0.00000000,0.00000000,0.00000000,0.00000000,1.33371354,0.00000000,0.00000000,0.00000000,0.00000000,0.00000000,0.00000000,0.00000000,0.00000000,0.00000000,0.00000000,0.00000000,0.00000000,0.00000000,0.00000000,0.00000000,0.08332175,0.00000000,0.01422028,0.00000000,0.00000000,0.00000000,0.00000000,0.00000000,0.04473476,0.00000000,0.00000000,0.00000000,0.00000000,0.00000000,0.00000000,0.00000000,0.00000000,0.00000000,0.00000000,0.00000000,0.00000000,0.00000000,0.00000000,0.00000000,0.00000000,0.00000000,0.00000000,0.00000000,0.01600157,0.00000000,0.00000000,0.00000000,0.00000000,0.00000000,0.00000000,0.00000000,0.00000000,0.00000000,0.00000000,0.00000000,0.00000000,0.00000000,0.00000000,0.00000000,0.00000000,0.00000000,0.00000000,0.00234196,0.00791091,0.00000000,0.00000000,0.00000000,0.00000000,0.00000000,0.00000000,0.00000000,0.00000000,0.00610212,0.00000000,0.00000000,0.00000000,0.00000000,0.01829041,0.00000000,0.00000000,0.00000000,0.00000000,0.00115061,0.00000000,0.03029379,0.00000000,0.00173827,0.00000000,0.00000000,0.00000000,0.00000000,0.00000000,0.05552378,0.01486515,0.00514984,0.00133296,0.00000000,0.00000000,0.00171920,0.00000000,0.00000000,0.00000000,0.00000000,0.00000000,0.02799709,0.00000000,0.00000000,0.00000000,0.23197816,0.00000000,0.00000000,0.00000000,0.00000000,0.01412534,0.00000000,0.00000000,0.00000000,0.00000000,0.00000000,0.00000000,0.00000000,0.00000000,0.00000000,0.00000000,0.00000000,0.00871228,0.00000000,0.00146337,0.00000000,0.00972004,0.00000000,0.00000000,0.00000000,0.00000000,0.00000000,0.00000000,0.00000000,0.00000000,0.00000000,0.00000000,0.00000000,0.00000000,0.01213675,0.00000000,0.00000000,0.00822802,0.00000000,0.00000000,0.00000000,0.00000000,0.00000000,0.07789437,0.00000000,0.10643941,0.01703300,0.00000000,0.00000000,0.00000000,0.00000000,0.00000000,0.00000000,0.00000000,0.00000000,0.00000000,0.00000000,0.00000000,0.00000000,0.00000000,0.00000000,0.00000000,0.00000000,0.00000000,0.00000000,0.00000000,0.00000000,0.00000000,0.01066532,0.00000000,0.00000000,0.00000000,0.00000000,0.00000000,0.00000000,0.00000000,0.00803471,0.00533196,0.00122612,0.00000000,0.04111633,0.00000000,0.00000000,0.00000000,0.00788154,0.00000000,0.00000000,0.00000000,0.00000000,0.00000000,0.00000000,0.00000000,0.00000000,0.00688161,0.00000000,0.00000000,0.00000000,0.00194561,0.00000000,0.00000000,0.00000000,0.00000000,0.00000000,0.02493655,0.00000000,0.00000000,0.00000000,0.00000000,0.00000000,0.00000000,0.00000000,0.00000000,0.00000000,0.00000000,0.75795374,0.00000000,0.04690035,0.00000000,0.00000000,0.00000000,0.00000000,0.00000000,0.00000000,0.00000000,0.00000000,0.00246466,0.00000000,0.00000000,0.00000000,0.00000000,0.00520607,0.00000000,0.00000000,0.00000000,0.00000000,0.00806976,0.00000000,0.00000000,0.00000000,0.02519001,0.00000000,0.00000000,0.00000000,0.00000000,0.00000000,0.00000000,0.00000000,0.00000000,0.00000000,0.00000000,0.00000000,0.00316813,0.00000000,0.00000000,0.00000000,0.00000000,0.00000000,0.00000000,0.00000000,0.00000000,0.00000000,0.00000000,0.00000000,0.01060522,0.00000000,0.00000000,0.00000000,0.09269418,0.00000000,0.00000000,0.00000000,0.03348428,0.42581926,0.38550311,0.00000000,0.00000000,0.00000000,0.00000000,0.00000000,0.00000000,0.00000000,0.00000000,0.00000000,0.16491147,0.02954870,0.00000000,0.00000000,0.00350835,0.01052943,0.00000000,0.00000000,0.00000000,0.00000000,0.00000000,0.00000000,0.04111497,0.00000000,0.00522529,0.00000000,0.00715318,0.00000000,0.00000000,0.00000000,0.00000000,0.00000000,0.00000000,0.00888674,0.00089203,0.00000000,0.00000000,0.00000000,0.00000000,0.00000000,0.01196856,0.00000000,0.00000000,0.00000000,0.00000000,0.00000000,0.00975040,0.00000000,0.00000000,0.00000000,0.00000000,0.00000000,0.00000000,0.08490428,0.00000000,0.00000000,0.01095557,0.00000000,0.00000000,0.00000000,0.00000000,0.00000000,0.00000000,0.00000000,0.00000000,0.00000000,0.00000000,0.00000000,0.00000000,0.00000000,0.00000000,0.00237061,0.00000000,0.00111465,0.00000000,0.00000000,0.00000000,0.00000000,0.00000000,0.00000000,0.00000000,0.00000000,0.01794351,0.00000000,0.00000000,0.00000000,0.00000000,0.00000000,0.00000000,0.00000000,0.00000000,0.00000000,0.00000000,0.00000000,0.00000000,0.07847928,0.00000000,0.00000000,0.00000000,0.00000000,0.00000000,0.00000000,0.00000000,0.00000000,0.00000000,0.00000000,0.00000000,0.00000000,0.00000000,0.00000000,0.00000000,0.00000000,0.00000000,0.00000000,0.00000000,0.00000000,0.00000000,0.00000000,0.00000000,0.00000000,0.00000000,0.00000000,0.00000000,0.00000000,0.00230833,0.00000000,0.00000000,0.00000000,0.00000000,0.00000000,0.00000000,0.00178753,0.00000000,0.00000000,0.00000000,0.00000000,0.00000000,0.00000000,0.00000000,0.00000000,0.00000000,0.00000000,0.00000000,0.00000000,0.00000000,0.00000000,0.00000000,0.00000000,0.00000000,0.00000000,0.00000000,0.01323329,0.00000000,0.00000000,0.00000000,0.00000000,0.00000000,0.00000000,0.00000000,0.00000000,0.02159435,0.00000000,0.00000000,0.00000000,0.00000000,0.00000000,0.00000000,0.00000000,0.00000000,0.00000000,0.00579194,0.00000000,0.00000000,0.00000000,0.00000000,0.00000000,0.00000000,0.00000000,0.00000000,0.00000000,0.00000000,0.00000000,0.00000000,0.00000000,0.00000000,0.00000000,0.00000000,0.34048186,0.00000000,0.02296739,0.00000000,0.00315111,0.00000000,0.00000000,0.00000000,0.00000000,0.00000000,0.00000000,0.00000000,0.00000000,0.00197592,0.00000000,0.00000000,0.00000000,0.00000000,0.00000000,0.00000000,0.00000000,0.00000000,0.00000000,0.00000000,0.05560468,0.00000000,0.00000000,0.00000000,0.00000000,0.00000000,0.00000000,0.00000000,0.00000000,0.00000000,0.00000000,0.00000000,0.00281735,0.00000000,0.00000000,0.00000000,0.00000000,0.00000000,0.00000000,0.00000000,0.07441719,0.00000000,0.00000000,0.00000000,0.00000000,0.00000000,0.00000000,0.00000000,0.00000000,0.00000000,1.80151274,0.00000000,0.00000000,0.00000000,0.47539578,0.00183984,0.00000000,0.00000000,0.00000000,0.00000000,0.00000000,0.00000000,0.00000000,0.00000000,0.09790285,0.00000000,0.00000000,0.00612497,0.00000000,0.00000000,0.00000000,0.00000000,0.00000000,0.00000000,0.03901296,0.00000000,0.00000000,0.00000000,0.00000000,0.00000000,0.00000000,0.00000000,0.10542657,0.00000000,0.00000000,0.00000000,0.00000000,0.00000000,0.00000000,0.00000000,0.00000000,0.00000000,0.00000000,0.00851689,0.00000000,0.00000000,2.92611663,0.00000000,0.00000000,0.09994263,0.00000000,0.00000000,0.00000000,0.00000000,0.01360490,0.00000000,0.00000000,0.00000000,0.00000000,0.00786906,0.00000000,0.00000000,0.00000000,0.00000000,0.00000000,0.00000000,0.00000000,0.06960895,0.00000000,0.00000000,0.00000000,0.00000000,0.00000000,0.00000000,0.00000000,0.00000000,0.00000000,0.00000000,0.00000000,0.00000000,0.00000000,0.00000000,0.00000000,0.00000000,0.00000000,0.00000000,0.00000000,0.00000000,0.00000000,0.00000000,0.00000000,0.00000000,0.00000000,0.00000000,0.00000000,0.00000000,0.01306342,0.00000000,0.00000000,0.00000000,0.04434765,0.00000000,0.00000000,0.00000000,0.00000000,0.00000000,0.00000000,0.00000000,0.00000000,0.00000000,0.00000000,0.00000000,0.00000000,0.00000000,0.00000000,0.00000000,0.00000000,0.00000000,0.00000000,0.02997728,0.00000000,0.00000000,0.00000000,0.00000000,0.00000000,0.00000000,0.00000000,0.00000000,0.03128181,0.00000000,0.00000000,0.00000000,0.00000000,0.00000000,0.00000000,0.00000000,0.00000000,0.00000000,0.00071499,0.00000000,0.00000000,0.00000000,0.00000000,0.01131564,0.00000000,0.00000000,0.00000000,0.00000000,0.00000000,0.00000000,0.00000000,0.00000000,0.00000000,0.00320976,0.00000000,0.00000000,0.01723830,0.00000000,0.00000000,0.00000000,0.00000000,0.00000000,0.00000000,0.90283403,0.00000000,0.00000000,0.00000000,0.00000000,0.00000000,0.00000000,0.00000000,0.00000000,0.00000000,0.00093147,0.00000000,0.00000000,0.00000000,0.00000000,0.00000000,0.00000000,0.00000000,0.00000000,0.00000000,0.00000000,0.00000000,0.00000000,0.00285218,0.00000000,0.00000000,0.00000000,0.00000000,0.00000000,0.00000000,0.00376257,0.00000000,0.01121346,0.00000000,0.00000000,0.00000000,0.00000000,0.00000000,0.00000000,0.00000000,0.00000000,0.00000000,0.00000000,0.00000000,0.00000000,0.00000000,0.00000000,0.00000000,0.00000000,0.00000000,0.00000000,0.00000000,0.00000000,0.00000000,0.00000000,0.00000000,0.00000000,0.00000000
0.03913292,0.00131262,0.00000000,0.00000000,0.00000000,0.00000000,0.00462252,0.00000000,0.00097541,0.00000000,0.00000000,0.00000000,0.00000000,0.00000000,0.00000000,0.00000000,0.21047674,0.00000000,0.00000000,0.00000000,0.00000000,0.00000000,0.00000000,0.00000000,0.00000000,0.00000000,0.00000000,0.00485501,0.00000000,0.00000000,0.04354234,0.00000000,0.00000000,0.00000000,0.00000000,0.00000000,0.00000000,0.00000000,0.00000000,0.00000000,0.00127737,0.00000000,0.00000000,0.00000000,0.00000000,0.00000000,0.00000000,0.00000000,0.00000000,0.00000000,0.00000000,0.00000000,0.00000000,0.00000000,0.00000000,0.00000000,0.00000000,0.00104444,0.00000000,0.00000000,0.00000000,0.00000000,0.00000000,1.35533782,0.00000000,0.01049697,0.00000000,0.00000000,0.00000000,0.00000000,0.00000000,0.00000000,0.00000000,0.00000000,0.00000000,0.00000000,0.00000000,0.00128465,0.00000000,0.00000000,0.00000000,0.00345859,0.00000000,0.00000000,0.00000000,0.31138149,0.02856389,0.00000000,0.00000000,0.00000000,0.00000000,0.00000000,0.00000000,0.00000000,0.28713682,0.00000000,0.00000000,0.00000000,0.00000000,0.00000000,0.00000000,0.00000000,0.00000000,0.00136240,0.00000000,0.00000000,0.00000000,0.00000000,0.00000000,0.00000000,0.00090974,0.00000000,0.00000000,0.00577410,0.00000000,0.00000000,0.00000000,0.00000000,0.00086967,0.00000000,0.00000000,0.00000000,0.00000000,0.00000000,0.00543700,0.00000000,0.00000000,0.00000000,0.00000000,0.00000000,0.00000000,0.00000000,0.00000000,0.00000000,0.00802334,0.04018584,0.00000000,0.00000000,0.00000000,0.00000000,0.00000000,0.00000000,0.00000000,0.00000000,0.00000000,0.00671501,0.00000000,0.00000000,0.00000000,0.00000000,0.00000000,0.00000000,0.00000000,0.00000000,0.00000000,0.00000000,0.00000000,0.05734993,0.00000000,0.00000000,0.00000000,0.00209894,0.00000000,0.00000000,0.00000000,0.00000000,0.00000000,0.00227114,0.00000000,0.00000000,0.01316290,0.00000000,0.00000000,0.00000000,0.00000000,0.00000000,0.00000000,0.00000000,0.00000000,0.00000000,0.00000000,0.00000000,0.00000000,0.00000000,0.00000000,0.00362526,0.12748952,0.00000000,0.00000000,0.03031475,0.00782492,0.01116645,0.00734387,0.00000000,0.00000000,0.00000000,0.00000000,0.00000000,0.00908297,0.00000000,0.09353390,0.00000000,0.00000000,0.01512594,0.00000000,0.00000000,0.00000000,0.00000000,0.00000000,0.00000000,0.00000000,0.00000000,0.00000000,0.00000000,0.00000000,0.00000000,0.00000000,0.00000000,0.00000000,0.00000000,0.00000000,0.00000000,0.00000000,0.00000000,0.00000000,0.00000000,0.00000000,0.00000000,0.00000000,0.00000000,0.00000000,0.00000000,0.00000000,0.00000000,0.00000000,0.00000000,0.00000000,0.00000000,0.00000000,0.00000000,0.00000000,2.46610432,0.00000000,0.00000000,0.00000000,0.00000000,0.00000000,0.00000000,0.00552352,0.00000000,0.00000000,0.00000000,0.00000000,0.00000000,0.00000000,0.00709497,0.00000000,0.00000000,0.00000000,0.00000000,0.00000000,0.00000000,0.00000000,0.00000000,0.00000000,0.00000000,0.00000000,0.00000000,0.00000000,0.00000000,0.00000000,0.00000000,0.00000000,0.00232098,0.00000000,0.00000000,0.00000000,0.00000000,0.00000000,5.08765464,0.00000000,0.00000000,0.00000000,0.00000000,0.00000000,0.00000000,0.02983624,0.00000000,0.00000000,0.00000000,0.00000000,0.00000000,0.00000000,0.00000000,0.00000000,0.00000000,0.01625555,0.00000000,0.00000000,0.00000000,0.00000000,0.00000000,0.00000000,0.00000000,0.00000000,0.00000000,0.02480553,0.00000000,0.00000000,0.00000000,0.00000000,2.55649115,0.21415158,0.00000000,0.05242873,0.00314786,0.00000000,0.00000000,0.00000000,0.00000000,0.00000000,0.00000000,0.00000000,0.00000000,0.00000000,0.00000000,0.00000000,0.00000000,0.00000000,0.00000000,0.00000000,0.00465173,0.03226130,0.00000000,0.00000000,0.00000000,0.00000000,0.00000000,0.00000000,0.00000000,0.00000000,0.08804987,0.00000000,0.00000000,0.00562089,0.00000000,0.01184817,0.00000000,0.00000000,0.00000000,0.00000000,0.00000000,0.00000000,0.00000000,0.00000000,0.03521901,0.00000000,0.00128380,0.00000000,0.00000000,0.00000000,0.00000000,0.01567908,0.00000000,0.00000000,0.00000000,0.00849338,0.00000000,0.00000000,0.00000000,0.00000000,0.00000000,0.00000000,0.00000000,0.02858098,0.00000000,0.01195201,0.00000000,0.00000000,0.00000000,0.01693974,0.00000000,0.00000000,0.08593842,0.00000000,0.00000000,0.00000000,0.00000000,0.00000000,0.03152188,0.00218996,0.00000000,0.00000000,0.00000000,0.00000000,0.00000000,0.00117842,0.00000000,0.00000000,0.00000000,0.00000000,0.00000000,0.00000000,0.00000000,0.00000000,0.00000000,0.00000000,0.00000000,0.00000000,0.00000000,0.00000000,0.00000000,0.00000000,0.00000000,0.00000000,0.00000000,0.00000000,0.00000000,0.00000000,0.00000000,0.07692750,0.00000000,0.00000000,0.00000000,0.00000000,0.00000000,0.00000000,0.00000000,0.00000000,0.00000000,0.00000000,0.00000000,0.00000000,0.00000000,0.00000000,0.00000000,0.00000000,1.75821488,0.00000000,0.00000000,0.00432556,0.00000000,0.00000000,0.00000000,0.00000000,0.00000000,0.00000000,0.00000000,0.00000000,0.00000000,1.26228506,0.00000000,0.00000000,0.36887205,0.00078232,0.00000000,0.00000000,0.00000000,0.00000000,0.00000000,0.00000000,0.00000000,0.00000000,0.00000000,0.00000000,0.00000000,0.00000000,0.00000000,0.00000000,0.00000000,0.00000000,0.00000000,0.00000000,0.00000000,0.00000000,0.00180791,0.00000000,0.00000000,0.00000000,0.01057149,0.00000000,0.00000000,0.00000000,0.00000000,0.00000000,0.00000000,0.00000000,0.00000000,0.00000000,0.00000000,0.00498022,0.00000000,0.00000000,0.00000000,0.00000000,0.00000000,0.00000000,0.00000000,0.00000000,0.00000000,0.00000000,0.00000000,0.00703878,0.00000000,0.00000000,0.00000000,0.00000000,0.00000000,0.00000000,0.00000000,0.00000000,0.00000000,0.00000000,0.00000000,0.00000000,0.00000000,0.00000000,0.00000000,0.00000000,0.00000000,0.04049652,0.00000000,0.00000000,0.00000000,0.00000000,0.01174224,0.02085557,0.02135865,0.00171235,0.00000000,0.00000000,0.00484971,0.00000000,0.00000000,0.00000000,0.00000000,0.00000000,0.01364781,0.00000000,0.00798482,0.01043151,0.00000000,0.00000000,0.00150543,0.00000000,0.00000000,0.00000000,0.00000000,0.00000000,0.00000000,0.00520108,0.27282354,0.00000000,0.00000000,0.06347540,0.00000000,0.00000000,0.00000000,0.00000000,0.00000000,0.01653849,0.00000000,0.00000000,0.00000000,0.00000000,0.00000000,0.00000000,0.00000000,0.00000000,0.00000000,0.00000000,0.00000000,0.00469984,0.00000000,0.00000000,0.00000000,0.00000000,0.00428315,0.00000000,0.00000000,0.00000000,0.00344547,0.00000000,0.00000000,0.00000000,0.00000000,0.00000000,0.00000000,0.01079632,0.00000000,0.00000000,0.00000000,0.00000000,0.00000000,0.00000000,0.00000000,0.00000000,0.00000000,0.00000000,0.00000000,0.00000000,0.03298550,0.00000000,0.00000000,0.00000000,0.00000000,0.03395470,0.00000000,0.00000000,0.00000000,0.00000000,0.00000000,0.00000000,0.00000000,0.00000000,0.00000000,0.00000000,3.18865230,0.00000000,0.00000000,0.00000000,0.00000000,0.00000000,0.00000000,0.00000000,0.01571272,0.00000000,0.00000000,0.00000000,0.00000000,0.00000000,0.00814093,0.00000000,0.00000000,0.00000000,0.00000000,0.00000000,0.00000000,0.00000000,0.00000000,0.00000000,0.00213832,0.00000000,0.00000000,0.00000000,0.00000000,0.00000000,0.00000000,0.00000000,0.00000000,0.00000000,0.00000000,0.00000000,0.00000000,0.00000000,0.00000000,0.00000000,0.00000000,0.00000000,0.00000000,0.00000000,0.00000000,0.00000000,0.00000000,0.00000000,0.00000000,0.00000000,0.00000000,0.00000000,0.00000000,0.00000000,0.00000000,0.00101841,0.00000000,0.00000000,0.00000000,0.00000000,0.00000000,0.00000000,0.00000000,0.00000000,0.00000000,0.00000000,0.00000000,0.00000000,0.00000000,0.00000000,0.00000000,0.00000000,0.00000000,0.00000000,0.00000000,0.00000000,0.00000000,0.00000000,0.00000000,0.00647678,0.00000000,0.00000000,0.00326386,0.00000000,0.00000000,0.00000000,0.00000000,0.00329583,0.00000000,0.00000000,0.00000000,0.04381473,0.00000000,0.00000000,0.00514350,0.00000000,0.00000000,0.00000000,0.00000000,0.00000000,0.00000000,0.00000000,0.00000000,0.00000000,0.00000000,0.00000000,0.23401805,0.00000000,0.00000000,0.00000000,0.00810716,0.00000000,0.00000000,0.00000000,0.00000000,0.00633368,0.00000000,0.00000000,0.01323138,0.00000000,0.00000000,0.00000000,0.00000000,0.00000000,0.00000000,0.00000000,0.00000000,0.00000000,0.00000000,0.00000000,0.00000000,0.00000000,0.00000000,0.00000000,0.00000000,0.00000000,0.00000000,0.00000000,0.00000000,0.00000000,0.00000000,0.00000000,0.00000000,0.00000000,0.00000000,0.00000000,0.00000000,0.06384775,0.00000000,0.00000000,0.00000000,0.00000000,0.00000000,0.00000000,0.00000000,0.00000000,0.00000000,0.00000000,0.00000000,0.00000000,0.00000000,0.00000000,0.02645134,0.00860006,0.02578048,0.00000000,0.00000000,0.00000000,0.00000000,0.00000000,0.00000000,0.00000000,0.00000000,0.00000000,0.00000000,0.00000000,0.00000000,0.00000000,0.00000000,0.00000000,0.01590245,0.00000000,0.00000000
0.00000000,0.00000000,0.00000000,0.00000000,0.00000000,0.00000000,0.00000000,0.00000000,0.00000000,0.00000000,0.00000000,0.00000000,0.00000000,0.00000000,0.00000000,2.41521606,0.00000000,0.04001133,0.00000000,0.00000000,0.00000000,0.00000000,0.00789861,0.00000000,0.00000000,0.00000000,0.00000000,0.01004679,0.00100990,0.00000000,0.00000000,0.00000000,0.00000000,0.00000000,0.00000000,0.00000000,0.00000000,0.00000000,0.00000000,0.00000000,0.00000000,0.00000000,0.00000000,0.01817612,0.00000000,0.00000000,0.00000000,0.00000000,0.00000000,0.00000000,0.00000000,0.23814249,0.00000000,0.00000000,0.00000000,0.00789589,0.00000000,0.00000000,0.00000000,0.00000000,0.00246202,0.00000000,0.00000000,0.00000000,0.00000000,0.00393522,0.01123092,0.00000000,0.00000000,0.00000000,0.00000000,0.00000000,0.00000000,0.00000000,0.53674564,0.00000000,0.00000000,0.00000000,0.00000000,0.00000000,0.00000000,0.00000000,0.00000000,0.00525490,0.00000000,0.00000000,0.00433791,0.00000000,0.00000000,0.00525821,0.00000000,0.00000000,0.00000000,0.01418999,0.91861035,0.00000000,0.00000000,0.00000000,0.00000000,0.00000000,0.00000000,0.00000000,0.00000000,0.00000000,0.00000000,0.00000000,0.00074559,0.00000000,0.00000000,0.00000000,0.00543711,0.00000000,0.00000000,0.01720808,1.18694782,0.00000000,0.00000000,0.00000000,0.00000000,0.00000000,0.08528480,0.00000000,0.00000000,0.00000000,0.00000000,0.00000000,0.00000000,0.00000000,0.00000000,0.00000000,0.00000000,0.00000000,0.02853320,0.00000000,0.00000000,0.00000000,0.00000000,0.00000000,0.00000000,0.00000000,0.00000000,0.00000000,0.00000000,0.00000000,0.00000000,0.00000000,0.00000000,0.00000000,0.00000000,0.00000000,0.00000000,0.00000000,0.00000000,0.00000000,0.00000000,0.00000000,0.00000000,0.00000000,0.00000000,0.00000000,0.00000000,0.00000000,0.00000000,0.00121825,0.00000000,0.00000000,0.00000000,0.00000000,0.06563360,0.00000000,0.00000000,0.00000000,0.00000000,0.00000000,0.00000000,0.00000000,0.00000000,0.00000000,0.00000000,0.00000000,0.00000000,0.00000000,0.00000000,0.00000000,0.00000000,0.00000000,0.00000000,0.00000000,0.00000000,1.07116152,0.00000000,0.00000000,0.00000000,0.00000000,0.00000000,0.00000000,0.00220947,0.00000000,0.00000000,0.00000000,0.00000000,0.00000000,0.00000000,0.00000000,0.00000000,0.00000000,0.00000000,0.00000000,0.00000000,0.00000000,0.00000000,0.02068677,0.00330240,0.00000000,0.00000000,0.00000000,0.00000000,0.00000000,0.00000000,0.00296265,0.00000000,0.00000000,0.00000000,0.00000000,0.00000000,0.00000000,0.00000000,0.00000000,0.00000000,0.00066641,0.00000000,0.00000000,0.00000000,0.00000000,0.00000000,0.00000000,0.00000000,0.00000000,0.00000000,0.00092796,0.00000000,0.00000000,0.00000000,0.00792834,0.00000000,0.00000000,0.00000000,0.00000000,0.00000000,0.00000000,0.00000000,0.00000000,0.00000000,0.00000000,0.00000000,0.00084095,0.00000000,0.00000000,0.00000000,0.00000000,0.00000000,0.00000000,0.00852504,0.00000000,0.01091279,0.00000000,0.00393915,0.00000000,0.00000000,0.00000000,0.00000000,0.00000000,0.00000000,0.00000000,0.00000000,0.00000000,0.04700971,0.00359036,0.00283493,0.00000000,0.04540757,0.00000000,0.00000000,0.00000000,0.00000000,0.00000000,0.00000000,0.00000000,0.00000000,0.00000000,0.00000000,0.00000000,0.00000000,0.00525821,0.00000000,0.00000000,0.00000000,0.00000000,0.00000000,0.00000000,0.00000000,0.00000000,0.00000000,0.00000000,0.00309455,0.00000000,0.00000000,0.00000000,0.00000000,0.00000000,0.00000000,0.00453801,0.00000000,0.00000000,0.00000000,0.00000000,0.00000000,0.00000000,0.00000000,0.00000000,0.00000000,0.00000000,0.05005843,0.00000000,0.00000000,0.00000000,0.00000000,0.00000000,0.00000000,0.00000000,0.00000000,0.00000000,0.00000000,0.00243657,0.00000000,0.00423386,0.00000000,0.00000000,0.00000000,0.00000000,0.00000000,0.00000000,0.02076641,0.00000000,0.00000000,0.00000000,0.00000000,0.00000000,0.00000000,0.00000000,0.00000000,0.00000000,0.00000000,0.00419831,0.00000000,0.00000000,0.00000000,0.00000000,0.00000000,0.00000000,0.00000000,0.00000000,0.00000000,0.00000000,0.00000000,0.00000000,0.00000000,0.00000000,0.00000000,0.00000000,0.00000000,0.00000000,0.00000000,0.00000000,0.24892476,0.00000000,0.00000000,0.01012843,0.00000000,0.00000000,0.00919363,0.00000000,0.00000000,0.00351711,0.00000000,0.00000000,0.00000000,0.00000000,0.00000000,0.00000000,0.00000000,0.00000000,0.00000000,0.00000000,0.00102330,0.00000000,0.00000000,0.00000000,0.00349407,0.00000000,0.00000000,0.00000000,0.00000000,0.00000000,0.00000000,0.00000000,0.00000000,0.00000000,0.00090569,0.00085144,0.00000000,0.00000000,0.00000000,0.03792238,0.00000000,0.00000000,0.00326660,0.00000000,0.00000000,0.00000000,0.00000000,0.00000000,0.00000000,0.00000000,0.00000000,0.00000000,0.00000000,0.00000000,0.00322800,0.00000000,0.00000000,0.00000000,0.00000000,0.01408549,0.00000000,0.00000000,0.00553879,0.00000000,0.00000000,0.00000000,0.00000000,1.27094579,0.19291970,0.00331086,0.00000000,0.00000000,0.00000000,0.00000000,0.00000000,0.00000000,0.00000000,0.00204960,0.00000000,0.00000000,0.00000000,0.00000000,0.00000000,0.00000000,0.00000000,0.01025506,0.46751918,0.00000000,0.00000000,0.00000000,0.00000000,0.00000000,0.00000000,0.00000000,0.00000000,0.00000000,0.00000000,0.02401176,0.00000000,0.00000000,0.00000000,0.00000000,0.00000000,0.00000000,0.33499170,0.00000000,0.00000000,0.00000000,0.00000000,0.00000000,0.00000000,0.00000000,0.00000000,0.00000000,0.00000000,0.00095169,0.00000000,0.00000000,0.00000000,0.00000000,0.00000000,0.00000000,0.00000000,0.00000000,0.01086327,0.00000000,0.00000000,0.00000000,0.00000000,0.00000000,0.00000000,0.00000000,0.00167423,0.00000000,0.00000000,0.00000000,0.00000000,0.00000000,0.00000000,0.00293325,0.00000000,0.00000000,0.00000000,0.00000000,0.00000000,0.00299618,0.00000000,0.00000000,0.00000000,0.00000000,0.00000000,0.00000000,0.00000000,0.00000000,0.00000000,0.00000000,0.00000000,0.30905859,0.00000000,0.00000000,0.00000000,0.00000000,0.00000000,0.00000000,0.00000000,0.00000000,0.00000000,0.00000000,0.00418573,0.00000000,0.00114929,0.00000000,0.00000000,0.00000000,0.00000000,0.00000000,0.00416801,0.00000000,0.00000000,0.00000000,0.00000000,0.00000000,0.00000000,0.00000000,0.00000000,0.02998480,0.00000000,0.00000000,0.00000000,0.00000000,0.00000000,0.00000000,0.02988525,0.00000000,0.00000000,0.00000000,0.00000000,0.00000000,0.00000000,0.00000000,0.00000000,0.00000000,0.00000000,0.00000000,0.00000000,0.00000000,0.00000000,0.00000000,0.00000000,0.00000000,0.00000000,0.00000000,0.00000000,0.00000000,0.00000000,0.02379825,0.00000000,0.00000000,0.00000000,0.00000000,0.00000000,0.00000000,0.00000000,0.00000000,0.00000000,0.00000000,0.00000000,0.00000000,0.00000000,0.00000000,0.00000000,0.00000000,0.00000000,0.00138126,0.00000000,0.00000000,0.00000000,0.02205631,0.00000000,0.00000000,0.00000000,0.01644004,0.00000000,0.00000000,0.00000000,0.00000000,0.00000000,0.00000000,0.00000000,0.00000000,0.00000000,0.00000000,0.02300842,0.00000000,0.00568787,0.00000000,0.00000000,0.00000000,0.00000000,0.00000000,0.00000000,0.00000000,0.00000000,0.01657614,0.00000000,0.00000000,0.00000000,0.00000000,0.00000000,0.00000000,0.00000000,0.60393247,0.00455495,0.00000000,0.00471908,0.00000000,0.00000000,0.00000000,0.00000000,0.00682649,0.00000000,0.00000000,0.00000000,0.00000000,0.00000000,0.00000000,0.00000000,0.00000000,0.00000000,0.00000000,0.00000000,0.00000000,0.01768389,0.00000000,0.00000000,0.00000000,0.00000000,0.00000000,0.00000000,0.00000000,0.00267896,0.00000000,0.00000000,0.00000000,0.00000000,0.00000000,0.00000000,0.02096080,0.00000000,0.00000000,0.00000000,0.00000000,0.00000000,0.00177076,0.00000000,0.00000000,0.01570335,0.00000000,0.00000000,0.00000000,0.00000000,0.00000000,0.00000000,0.00000000,0.00000000,0.00000000,0.00000000,0.00000000,0.00000000,0.00000000,0.03183972,0.00000000,0.00000000,0.00000000,0.00000000,0.00000000,0.00000000,0.00000000,0.00000000,0.00000000,0.00000000,0.00000000,1.58577336,0.00000000,0.00000000,0.00000000,0.00000000,0.00000000,0.00000000,0.00400903,0.00000000,0.09032314,0.00000000,0.00000000,0.00000000,0.00000000,0.00000000,0.00000000,0.00000000,0.00000000,0.00000000,0.00000000,0.00000000,0.00000000,0.00000000,0.00000000,0.00000000,0.00000000,0.00000000,0.00000000,0.00000000,0.00664064,0.00000000,0.00000000,0.03879049,0.00000000,0.00000000,0.00482130,0.01548582,0.00000000,0.00000000,0.00000000,0.00000000,0.00000000,0.00000000,0.00000000,0.00757434,0.00000000,0.00000000,0.00000000,0.00000000,0.00000000,0.00677558,0.00000000,0.00000000,0.00107876,0.00000000,0.00000000,0.00000000,0.00000000,0.00000000,0.00000000,0.00398309,0.00000000,0.00000000,0.00000000,0.00000000,0.00000000,0.00000000,0.00000000,0.00000000,0.00000000,0.00000000,0.00000000,0.00000000,0.00000000,0.76432375,0.00470315,0.13322764,0.00000000,0.00000000,0.00000000,0.00441304,0.00000000,0.00000000,0.04577761
0.00000000,0.00000000,0.00000000,0.00000000,0.00000000,0.00000000,0.00000000,0.00000000,0.00112506,0.00000000,0.01602382,0.01142276,0.00000000,0.00000000,0.00000000,0.01057713,0.00112810,0.00000000,0.00000000,0.00000000,0.00000000,0.00000000,0.00292355,0.00000000,0.00000000,0.00000000,0.05428038,0.00000000,0.00000000,0.00000000,0.00000000,0.00000000,0.00000000,0.00589151,0.00130241,0.00000000,0.00000000,0.00000000,0.00000000,0.00000000,0.00000000,0.00000000,0.00000000,0.00000000,0.00000000,0.00000000,0.00000000,0.00000000,0.00000000,0.00000000,0.00000000,0.00000000,0.00000000,0.00000000,0.01552088,0.00000000,0.00000000,0.00000000,0.00000000,0.00000000,0.00276703,0.00000000,0.00000000,0.00000000,0.00000000,0.00000000,0.00000000,0.00000000,0.00000000,0.00000000,0.00000000,0.00000000,0.00000000,0.00000000,0.00000000,5.40309355,0.00000000,0.00000000,0.00000000,0.00000000,0.00000000,0.00000000,0.00000000,0.00000000,0.00000000,0.00000000,0.00000000,0.00000000,0.00333390,0.00000000,0.00000000,0.00000000,0.00000000,0.00000000,0.14706559,0.00000000,0.00000000,0.00000000,0.00000000,0.00000000,0.00000000,0.00000000,0.00000000,0.00000000,0.00000000,0.00000000,0.00000000,0.07147480,0.00000000,0.00000000,0.00000000,0.00000000,0.00000000,0.00000000,0.00000000,0.00000000,0.02870707,0.00000000,0.01169428,0.00000000,0.00000000,0.00000000,0.00000000,0.00000000,0.04884475,0.00000000,0.00000000,0.00342608,0.00000000,0.00000000,0.00000000,0.00000000,0.00000000,0.00000000,0.00000000,0.00284550,0.00805500,0.00000000,0.00000000,0.01322797,0.00000000,0.00000000,0.01104712,0.00000000,0.00000000,0.03021978,0.00000000,0.00000000,0.00000000,0.00000000,0.01146735,0.00000000,0.00000000,0.00000000,0.00000000,0.00000000,0.00000000,0.00000000,0.00000000,0.00000000,0.00000000,0.00822644,0.00000000,0.02654206,0.00000000,0.00000000,0.00000000,0.00000000,0.00000000,0.01933053,0.00000000,0.00000000,0.00000000,0.00000000,0.00000000,0.00545448,0.00000000,0.00000000,0.00000000,0.00000000,0.00000000,0.00000000,0.00107298,0.00000000,0.00000000,0.00000000,0.00000000,0.00000000,0.00000000,0.00000000,0.00000000,0.00000000,0.00544347,0.00329089,0.00000000,0.00000000,0.00000000,0.00000000,0.00000000,0.00000000,0.00000000,0.00885940,0.00000000,0.00000000,0.00000000,0.00000000,0.00000000,0.00000000,0.00000000,0.00000000,0.00000000,0.00000000,0.00000000,0.00000000,0.00000000,0.00000000,0.00000000,0.00000000,0.02423271,0.00000000,0.00000000,0.00000000,0.00000000,0.00000000,0.00000000,0.00000000,0.00000000,0.00000000,0.00000000,0.00000000,0.00000000,0.00000000,0.00000000,0.00000000,0.00000000,0.00000000,0.00000000,0.00000000,0.00000000,0.00000000,0.00362450,0.00000000,0.00459883,0.09094048,0.09270159,0.00000000,0.00000000,0.00000000,0.00000000,0.00000000,0.00000000,0.00000000,0.00516983,0.23128891,0.00000000,0.09657067,0.00000000,0.00000000,0.00000000,0.00000000,0.00000000,0.00000000,0.00000000,0.00276234,0.00000000,0.00000000,0.00000000,0.00000000,0.00000000,0.00000000,0.00000000,0.00000000,0.03223650,0.00000000,0.00000000,0.00000000,0.00000000,0.00000000,0.00000000,0.00000000,0.00000000,0.00000000,0.00000000,0.00448033,0.00000000,0.00649074,0.00000000,0.00000000,0.00000000,0.09264746,0.00000000,0.00000000,0.00000000,0.00000000,0.00000000,0.26829451,0.00655410,0.00000000,0.00000000,0.00000000,0.00000000,0.00000000,0.00000000,0.00000000,0.00000000,0.00000000,0.00000000,0.00000000,0.00000000,0.00000000,0.00000000,0.00000000,0.00000000,0.00000000,0.00000000,0.00000000,0.00000000,0.00000000,0.00000000,0.00000000,0.00000000,0.00000000,0.00000000,3.45497736,0.00000000,0.00000000,0.00000000,0.00000000,0.00000000,0.00000000,0.00000000,0.00000000,0.00000000,0.00000000,0.00000000,0.00000000,0.00000000,0.00415589,0.00000000,0.00000000,0.00000000,0.00000000,0.00000000,0.00104773,0.00000000,0.00000000,0.00000000,0.00426117,0.00000000,0.01110764,0.00000000,0.00000000,0.00000000,0.00000000,0.01604311,0.00000000,0.00000000,0.00000000,0.00000000,0.00000000,0.00000000,1.96288673,0.00000000,0.00000000,0.00000000,0.00000000,0.00000000,0.00000000,0.00000000,0.00000000,0.00000000,0.00000000,0.00000000,0.00000000,0.00461628,0.00000000,0.00000000,0.00000000,0.00000000,0.00000000,0.00000000,0.00000000,0.02874958,0.00000000,0.00000000,0.00000000,0.00000000,0.00000000,0.02420766,0.00000000,0.00000000,0.01226848,0.00000000,0.00000000,0.00987358,0.00000000,0.00000000,0.00000000,0.00269728,0.00000000,0.00000000,0.00000000,0.00000000,0.00000000,0.00000000,0.00000000,0.00000000,0.00000000,0.00000000,0.00000000,0.00000000,0.00000000,0.00000000,0.00000000,0.03222553,0.01383704,0.00404268,0.00000000,0.00000000,0.00000000,0.00000000,0.00000000,0.00000000,0.00000000,0.00000000,0.00000000,0.00225943,0.00278770,0.00000000,0.00000000,0.00000000,0.00000000,0.00000000,0.00000000,0.00000000,0.00185029,0.00000000,0.00000000,0.00000000,0.00000000,0.00000000,0.00000000,0.00000000,0.00000000,0.00000000,0.00000000,0.00000000,0.00000000,0.00000000,0.00000000,0.00111898,0.00000000,0.00000000,0.05632001,0.00000000,0.00000000,0.00000000,0.00000000,0.00000000,0.00000000,0.00000000,0.00000000,0.00000000,0.00000000,0.00000000,0.00000000,0.01405640,0.00000000,0.00000000,0.00000000,0.00000000,0.00000000,0.00000000,0.00000000,0.00000000,0.00000000,0.00000000,0.00000000,0.00000000,0.00000000,0.00000000,0.00000000,0.00000000,0.00000000,0.00000000,0.00000000,0.00438455,0.01615632,0.00000000,0.00000000,0.00000000,0.00000000,0.00000000,0.00000000,0.00000000,0.00000000,0.00000000,0.01504907,0.00000000,0.00000000,0.00000000,0.00000000,0.00000000,0.00000000,0.00000000,0.00000000,0.00000000,0.00000000,0.00000000,0.00000000,0.00694186,0.00000000,0.00000000,0.00000000,0.00000000,0.00000000,1.57758777,0.00000000,0.00000000,0.00000000,0.00000000,0.00170136,0.00266561,0.00000000,0.00000000,0.00000000,0.00217152,0.00000000,0.00000000,0.00000000,0.00000000,0.00000000,0.00000000,0.00000000,0.00000000,0.00000000,0.00000000,0.00000000,0.00000000,0.07302812,0.00000000,0.00000000,0.00000000,0.00000000,0.00000000,0.00000000,0.00000000,0.00000000,0.00000000,0.00000000,0.00000000,0.16384298,0.00000000,0.00000000,0.00000000,0.00000000,0.00000000,0.00000000,0.00000000,0.00000000,0.00607397,0.00000000,0.00000000,0.00000000,0.00000000,0.00000000,0.00000000,0.00000000,0.01059669,0.00000000,0.00000000,0.00000000,0.00000000,0.00230635,0.00000000,0.00000000,0.00000000,0.00000000,0.00000000,1.43544157,0.00000000,0.00000000,0.00000000,0.00493834,0.00000000,0.00000000,0.01647480,0.00000000,0.00000000,0.00000000,0.00000000,0.00000000,0.00000000,0.00000000,0.00000000,0.00000000,0.00000000,0.00000000,0.00000000,0.00622375,0.00000000,0.00000000,0.00000000,0.00000000,0.00534349,0.00000000,0.01428988,0.00000000,0.00000000,0.00000000,0.00000000,0.00000000,0.00000000,0.00000000,0.00458699,0.00000000,0.00000000,0.14905037,0.00000000,0.00000000,0.00000000,0.00000000,0.00000000,0.00000000,0.00000000,0.00000000,0.00000000,0.00816746,0.00000000,0.00000000,0.00000000,0.00000000,0.00000000,0.00000000,0.00000000,0.00000000,0.00000000,0.00000000,0.00000000,0.00000000,0.04775927,0.00000000,0.00000000,0.00000000,0.00000000,0.00000000,1.14089987,0.00000000,0.00000000,0.00000000,0.00000000,0.00000000,0.00000000,0.00000000,0.00481890,0.00000000,0.00000000,0.00000000,0.00000000,0.00000000,0.00173889,0.00000000,0.00000000,0.01697284,0.00405681,0.00000000,0.00000000,0.00000000,0.00000000,0.00441633,0.00000000,0.01177683,0.00000000,0.02030697,0.00000000,0.00000000,0.00000000,0.00000000,0.00000000,0.00000000,0.00000000,0.00803802,0.00774602,0.00000000,0.00000000,0.00000000,0.00000000,0.00212908,0.00000000,0.00000000,0.00000000,0.00000000,0.00000000,0.00000000,0.00000000,0.00000000,0.00000000,0.00000000,0.00000000,0.00395836,0.00000000,0.00000000,0.00000000,0.00000000,0.00000000,0.00000000,0.00000000,0.01559774,0.00000000,0.00000000,0.00000000,0.00000000,0.00000000,0.00000000,0.00000000,0.00000000,0.00000000,0.00000000,0.00000000,0.00000000,0.01049103,0.00000000,0.00000000,0.00000000,0.00000000,0.00000000,0.00000000,0.01572459,0.00000000,0.00000000,0.00000000,0.00000000,0.00000000,0.00000000,0.00000000,0.00000000,0.00000000,0.00000000,0.00000000,0.00000000,0.03879049,0.85430954,0.00000000,0.01099818,0.00000000,0.00000000,0.00000000,0.00000000,0.00000000,0.00000000,0.00000000,0.00000000,0.00000000,0.00000000,0.00000000,0.00554569,0.00000000,0.00000000,0.00000000,0.00000000,0.00000000,0.00000000,0.00000000,0.00000000,0.00000000,0.00000000,0.00000000,0.00000000,0.00000000,0.00000000,0.00000000,0.00000000,0.00000000,0.00000000,0.00000000,0.00000000,0.00000000,0.00000000,0.00000000,0.00000000,0.00000000,0.00000000,0.00391661,0.00000000,0.00000000,0.00000000,0.00000000,0.00000000,0.00000000,0.03759711,0.00000000,0.00000000,0.00000000,0.00000000,0.00000000,0.00000000,0.00000000,0.00000000,0.00000000,0.00000000
0.00000000,0.00000000,0.00000000,0.00000000,0.00000000,0.00000000,0.00000000,0.00000000,0.00071015,0.00000000,0.00000000,0.00196303,0.00000000,0.00000000,0.00000000,0.00000000,0.00000000,0.00000000,0.00000000,0.00000000,0.00000000,0.00000000,0.00000000,0.00000000,0.00000000,0.00000000,0.00000000,0.00353863,0.00000000,0.00718006,0.09605853,0.00518678,0.00000000,0.00000000,0.00000000,0.00000000,0.00000000,0.00000000,0.32778908,0.00000000,0.00000000,0.00000000,0.00157425,0.00000000,0.00000000,0.00000000,0.00000000,0.00000000,0.00000000,0.00000000,0.00000000,0.00000000,0.00000000,0.00000000,0.00000000,0.00000000,0.00000000,0.00000000,0.00000000,0.00000000,0.00000000,0.00000000,0.00000000,0.00000000,0.00000000,0.00000000,0.02102796,0.00000000,0.03873446,0.00000000,0.00000000,0.00000000,0.00000000,0.00000000,0.00000000,0.00000000,0.00000000,0.00000000,0.26431424,0.00000000,0.00000000,0.00000000,0.00000000,0.00000000,0.00000000,0.00000000,0.00000000,0.00000000,0.00000000,0.00000000,0.00000000,0.00000000,0.00000000,0.00000000,0.00000000,0.00000000,0.94231984,0.00000000,0.00000000,0.00000000,0.00000000,0.00000000,0.00000000,0.00000000,0.00000000,0.00000000,0.00000000,0.00000000,0.00000000,0.00000000,0.00000000,0.00000000,0.00000000,0.00000000,0.00000000,0.00000000,0.00000000,0.00000000,0.00000000,0.00000000,0.00000000,0.00000000,0.00000000,0.00000000,0.00000000,0.00000000,0.01167294,0.00000000,0.00000000,0.00000000,0.01121061,0.00000000,0.09141992,0.00000000,0.00000000,0.00000000,0.00000000,0.00000000,0.00000000,1.13997392,0.00000000,0.00000000,0.00000000,0.00000000,0.00000000,0.00000000,0.01033322,0.00000000,0.00000000,0.00000000,0.00000000,0.00000000,0.00000000,0.00000000,0.00000000,0.00000000,0.00000000,0.00000000,0.00000000,0.00096096,0.00000000,0.00000000,0.00000000,0.00000000,0.00000000,0.00000000,0.50171969,0.00000000,0.00000000,0.00000000,0.00000000,0.00000000,0.00128908,0.00000000,0.00000000,0.00000000,0.00000000,0.00000000,0.04254055,0.00000000,0.00000000,0.00000000,0.00000000,0.05030302,0.00000000,0.00000000,0.00000000,0.01519983,0.00000000,0.00000000,0.14606534,0.00000000,0.00000000,0.00000000,0.00000000,0.00237750,0.00000000,0.00000000,0.00000000,0.00000000,0.00000000,0.00000000,0.00000000,0.00477260,0.00000000,0.00109949,0.00000000,0.00000000,0.00133845,0.00000000,0.00000000,0.00000000,0.00000000,0.00000000,0.00000000,0.02107044,0.00000000,0.00000000,0.00000000,0.00000000,0.00000000,0.00000000,0.00000000,0.00000000,0.00000000,0.00000000,0.00000000,0.00000000,0.00096205,0.00000000,0.00000000,0.00000000,0.00000000,0.00000000,0.00128803,0.00000000,0.00000000,0.00000000,0.00000000,0.00000000,0.00000000,0.00000000,0.00000000,0.00000000,0.00000000,0.00000000,0.00000000,0.00000000,0.00000000,0.00119306,0.33349604,0.00832061,0.03563498,0.00000000,0.00000000,0.00000000,0.00000000,0.01109068,0.00264044,0.00000000,0.00000000,0.00000000,0.00271664,0.00000000,0.00000000,0.00000000,0.00000000,0.00000000,0.00000000,0.00000000,0.00000000,0.00000000,0.00000000,0.00000000,0.00000000,0.00000000,0.00000000,0.00000000,0.00000000,0.00000000,0.00000000,0.00000000,0.00000000,0.00000000,0.00000000,0.00000000,0.00000000,0.00000000,0.01308529,0.00275668,0.00000000,0.03368642,0.00000000,0.00000000,0.00000000,0.00000000,0.00000000,0.01162181,0.00000000,0.00000000,0.00000000,0.00000000,0.00000000,0.00000000,0.00000000,0.00000000,0.00000000,0.00000000,0.03408605,0.00000000,0.00000000,0.00000000,0.00000000,0.00000000,0.00000000,0.00000000,0.00243485,0.00000000,0.00000000,0.05641487,0.00000000,0.00000000,0.00000000,0.00000000,0.00000000,0.00000000,0.00000000,0.00000000,0.00000000,0.00000000,0.00000000,0.00000000,0.00000000,0.00000000,0.01845594,0.00000000,0.00000000,0.00000000,0.00000000,0.00000000,0.01315600,0.00000000,0.00000000,0.00000000,0.00000000,0.00085221,0.00000000,0.00000000,0.00242678,0.00000000,0.00000000,0.00000000,0.00000000,0.00891237,0.00000000,0.00000000,0.00000000,0.00000000,0.00000000,0.00000000,0.00000000,0.00000000,0.00545754,0.00000000,0.00000000,0.00000000,0.00000000,2.84423132,0.00000000,0.00000000,0.00000000,0.00000000,0.00000000,0.00000000,0.07266553,0.00000000,0.00000000,0.00000000,0.00000000,0.00000000,0.00000000,0.00000000,0.00000000,0.00000000,0.00000000,0.00000000,0.00000000,0.00000000,0.00000000,0.00000000,0.00000000,0.00000000,0.00000000,0.00000000,0.00000000,0.00889802,0.00000000,0.00000000,0.00321056,0.00000000,0.00000000,0.00000000,0.00000000,0.00000000,0.00000000,0.00000000,0.06565693,0.00000000,0.01411668,0.00000000,0.00000000,0.00000000,0.00000000,0.00000000,0.00000000,0.00000000,0.00000000,0.00000000,0.00000000,0.00000000,0.00000000,0.00000000,0.00000000,0.00000000,0.00000000,0.00000000,0.00000000,0.06925116,0.00000000,0.00000000,0.00000000,0.00000000,0.00000000,0.00000000,0.00000000,0.00000000,0.00000000,0.00068129,0.00391000,0.00000000,0.00364594,0.00000000,0.00000000,0.00000000,0.00000000,0.00000000,0.00000000,0.00000000,0.00000000,0.00000000,0.00000000,0.00000000,0.00000000,0.00000000,0.00000000,0.00000000,0.00000000,0.00000000,0.00000000,0.00000000,0.00000000,0.00000000,0.00000000,0.00000000,0.00000000,0.00000000,0.00000000,0.00000000,0.00000000,0.01710386,0.00000000,0.00000000,0.00000000,0.00000000,0.00000000,0.00000000,0.00000000,0.00185613,0.00000000,0.00000000,0.00000000,0.00000000,0.00000000,0.00287878,0.11590072,0.00000000,0.00000000,0.00000000,0.00000000,0.00000000,0.00000000,0.00000000,0.00000000,0.00000000,0.00000000,0.00000000,0.00000000,0.02127986,0.00000000,0.00000000,0.00000000,0.00000000,0.00000000,0.00000000,0.00000000,0.00210917,0.00000000,0.00000000,0.00000000,0.00000000,0.00000000,0.00000000,0.00000000,0.00000000,0.02181105,0.00000000,0.25898105,0.00000000,0.00000000,0.00000000,0.00000000,2.52048788,0.00479312,0.00000000,0.00000000,0.00000000,0.00000000,0.00000000,0.00285345,0.00000000,0.00101198,0.00000000,0.00000000,0.00000000,0.00000000,0.00000000,0.00000000,0.00000000,0.00000000,0.00000000,0.00000000,0.00316201,0.00000000,0.00000000,0.00000000,0.00000000,0.03142648,0.00659056,0.00000000,0.05212628,0.00000000,0.00000000,0.00000000,0.00000000,0.00000000,0.00000000,0.00000000,0.00000000,0.00000000,0.00000000,0.00458171,0.00000000,0.00000000,0.00000000,0.00000000,0.00000000,0.00000000,0.00000000,0.00000000,0.00000000,0.00000000,0.00000000,0.00000000,0.00000000,0.00000000,0.00000000,0.00000000,0.02771062,0.00000000,0.00000000,0.00000000,0.00000000,0.00000000,0.00000000,0.00000000,0.00000000,0.00000000,0.03510481,0.00000000,0.00000000,0.00000000,0.00000000,0.13251348,0.00000000,0.00000000,0.00000000,0.00000000,0.00000000,0.00000000,0.00000000,0.00724829,0.00000000,0.00000000,0.00000000,0.00000000,0.00000000,0.00000000,0.00000000,0.00000000,0.00000000,0.00000000,0.00000000,0.00000000,0.00000000,0.00000000,0.00000000,0.00000000,0.00000000,0.00000000,0.00000000,0.01496000,0.00000000,0.01009558,0.00000000,0.00000000,0.00000000,0.00814835,0.00000000,0.00000000,0.00000000,0.00000000,0.00000000,0.00000000,0.00000000,0.00000000,0.01011415,0.00000000,0.00000000,0.00000000,0.00000000,0.00000000,0.00000000,0.00000000,0.00000000,0.00000000,0.00000000,0.00000000,0.00000000,0.00561844,0.00000000,0.00000000,0.00000000,0.00273938,0.02961539,0.02801587,0.00000000,0.03121280,0.00000000,0.00000000,0.00000000,0.05841750,0.00107406,0.00000000,0.00000000,0.00000000,0.00000000,0.00000000,0.02735660,0.00000000,0.00000000,0.00000000,0.00000000,0.00000000,0.00000000,0.00000000,0.00000000,0.00000000,0.00082983,0.00000000,0.00000000,0.00000000,0.00000000,0.00000000,0.00000000,0.00000000,0.00000000,0.00000000,0.00000000,0.00000000,0.14909995,0.00276531,0.00527222,0.00418018,0.00000000,0.00000000,0.00000000,0.01356833,0.00000000,0.00000000,0.00000000,0.00000000,0.00000000,0.00000000,0.00000000,0.00000000,0.00000000,0.00000000,0.02837117,0.00000000,0.00000000,0.00000000,0.00000000,0.00000000,0.00000000,0.00000000,0.00000000,0.00000000,0.00000000,0.00000000,0.00000000,0.02585488,0.00000000,0.00000000,0.00000000,0.00000000,0.00000000,0.00000000,0.00000000,0.00000000,0.00000000,0.00000000,0.00000000,0.02758628,0.00000000,0.00000000,0.00000000,0.00000000,0.00000000,0.15442941,0.00000000,0.00000000,0.01042481,0.00000000,0.00000000,0.00000000,0.00000000,0.00000000,0.00000000,0.00000000,0.00000000,0.00000000,0.00000000,0.00352413,0.00000000,0.00000000,0.00000000,0.00000000,0.00000000,0.00000000,0.00000000,0.00000000,0.00000000,0.00000000,0.00000000,0.00931479,0.00000000,0.00000000,0.00000000,0.01443216,0.00000000,0.00066676,0.00000000,0.00000000,0.00000000,0.00000000,0.00000000,0.00477300,0.00000000,0.00000000,0.00000000,0.00000000,0.00000000,0.00000000,0.00483506,0.00000000,0.00000000,0.00000000,0.00000000,0.00000000,0.03334125,1.24301573,0.00000000,0.00000000,0.00000000,0.00000000,0.00000000,0.00558948,0.00000000,0.00000000,0.00000000
0.89963385,0.00000000,0.00000000,0.00000000,0.00000000,0.00000000,0.00000000,0.00000000,0.00000000,0.05617142,0.00000000,0.00123219,0.00000000,0.00000000,0.00000000,0.00000000,0.00000000,0.00000000,0.00000000,0.05333697,0.00000000,0.00000000,0.00000000,0.00000000,0.00000000,0.00000000,0.00000000,0.00487880,0.00000000,0.00000000,0.00000000,0.00000000,0.00000000,0.00000000,0.00000000,0.00000000,0.00000000,0.00000000,0.00000000,0.00000000,0.00000000,0.00000000,0.00000000,0.00000000,0.00000000,0.00000000,0.00000000,0.00000000,0.00000000,0.00000000,0.00000000,0.00000000,0.00000000,0.00000000,0.00000000,0.00000000,0.00913835,0.00000000,0.06439695,0.00000000,0.00000000,0.00000000,0.00000000,0.00000000,0.00000000,0.00000000,0.00000000,0.00000000,0.00912304,0.00000000,0.00416516,0.00738496,0.13947222,0.01726082,0.00000000,0.00000000,0.00000000,0.00000000,0.00000000,0.00176317,0.08945653,0.00000000,0.00000000,0.00000000,0.00000000,0.00062607,0.00000000,0.00000000,0.00000000,0.00000000,0.00000000,0.00000000,0.00000000,0.00000000,0.00000000,0.00000000,0.00000000,0.00000000,0.00000000,0.03014087,0.00535762,0.00776586,0.00000000,0.00000000,0.00000000,0.00000000,0.00160160,0.00255772,0.00000000,0.00000000,0.00000000,0.00670704,0.00000000,0.00000000,0.00000000,0.00000000,0.00000000,0.00000000,0.00000000,0.00554704,0.00000000,0.00000000,0.00000000,0.00000000,0.00000000,0.00000000,0.00000000,0.00666019,0.00000000,0.00000000,0.00000000,0.00000000,0.00000000,0.00340102,0.00223303,0.01518759,0.00000000,0.00000000,0.00000000,0.00000000,0.01664175,0.00000000,0.00000000,0.00000000,0.00000000,0.00000000,0.00000000,0.00000000,0.00000000,0.00000000,0.00000000,0.00000000,0.00000000,0.00283595,0.00000000,0.00000000,0.00000000,0.00000000,0.00000000,0.00000000,0.00000000,0.00000000,0.00000000,0.00000000,0.00000000,0.00000000,0.10415043,0.00000000,0.00000000,0.04188278,0.00000000,0.00000000,0.00000000,0.00000000,0.01258263,0.00000000,0.00000000,0.00000000,0.00000000,0.00000000,0.00000000,0.00000000,0.00000000,0.00000000,0.05025689,0.05132937,0.00000000,0.00000000,0.00000000,0.00000000,0.03405428,0.00000000,0.00000000,0.00000000,0.00000000,0.00000000,0.00000000,0.00000000,0.00000000,0.00000000,0.00000000,0.00000000,0.02261233,0.00000000,0.00000000,0.00000000,0.00000000,0.00253034,0.00000000,0.00000000,0.00000000,0.00773711,0.00000000,0.00000000,0.00000000,0.00000000,0.00000000,0.00000000,0.00000000,0.00000000,0.00000000,0.00000000,0.00000000,0.00000000,0.00000000,0.00000000,0.00000000,0.00000000,0.00000000,0.02920550,0.00000000,0.00000000,0.00000000,0.03092177,0.00000000,0.00000000,0.00000000,0.00000000,0.00000000,0.00000000,0.00000000,0.00320934,0.01950511,0.00000000,0.00000000,0.07318420,0.03594507,0.00000000,0.00000000,0.00000000,0.00000000,0.00000000,0.00000000,0.00000000,0.00000000,0.00000000,0.00000000,0.00000000,0.00000000,0.00000000,0.00000000,0.00000000,0.00000000,0.00723424,0.01225458,0.00000000,0.00000000,0.00000000,0.00000000,0.00000000,0.00000000,0.00000000,0.00000000,0.00000000,0.00000000,0.00000000,0.00000000,0.00000000,0.00000000,0.00000000,0.00000000,0.01614084,0.00000000,0.00000000,0.00000000,0.00000000,0.00000000,0.00000000,0.00000000,0.00000000,0.03078414,0.00241874,0.00000000,0.00000000,0.00121766,0.01134392,0.00000000,0.00000000,0.00000000,0.00533419,0.00000000,0.01195224,0.00000000,0.00000000,0.00000000,0.00000000,0.11931466,0.00000000,0.00000000,0.00000000,0.00000000,0.00000000,0.00000000,0.00000000,0.00000000,0.02097919,0.00000000,0.00000000,0.00000000,0.00000000,0.00000000,0.00000000,0.00000000,0.00000000,0.00138798,0.00000000,0.00483671,0.00000000,0.00000000,0.00000000,0.00000000,0.00000000,0.00000000,0.00000000,0.00000000,0.00000000,0.00000000,0.01364397,0.00000000,0.00000000,0.00000000,0.01545949,0.00000000,0.00000000,0.00000000,0.00000000,1.21785035,0.00000000,0.00000000,0.00000000,0.00000000,0.00000000,0.00000000,0.00000000,0.00000000,0.00205369,0.00000000,0.00000000,0.00000000,0.00000000,0.00000000,0.00000000,0.00000000,0.00000000,0.00000000,0.00000000,0.00000000,0.00000000,0.00000000,0.01089065,0.00000000,0.00000000,0.00000000,0.00000000,0.00000000,0.00000000,0.00000000,0.01192498,0.00000000,0.00000000,0.00000000,0.00000000,0.00000000,0.00000000,0.00000000,0.00000000,0.00000000,0.00000000,0.02474624,0.00000000,0.01441270,0.00000000,0.00000000,0.00000000,0.00219657,0.00000000,0.00000000,0.00000000,0.00000000,0.00000000,0.00000000,0.00000000,0.00000000,0.00000000,0.00000000,0.00000000,0.00000000,0.00000000,0.00000000,0.00000000,0.00000000,0.00000000,0.00000000,0.00000000,0.00000000,0.00000000,0.00000000,0.00000000,0.00000000,0.01140708,0.00000000,0.00000000,0.00000000,0.00000000,0.00000000,0.00000000,0.00000000,0.00000000,0.00000000,0.00000000,0.00000000,0.00000000,0.00000000,0.00000000,0.01797162,0.00000000,0.00000000,0.02792707,0.00000000,0.00496754,0.00000000,0.00000000,0.00000000,0.00000000,0.00000000,0.00000000,0.12135008,0.00000000,0.00000000,0.00000000,0.01073231,0.00000000,0.00000000,0.00000000,0.01096718,0.00000000,0.00000000,0.00189374,0.00000000,0.00000000,0.00000000,0.14996055,0.00000000,0.00000000,0.00000000,0.00000000,0.00000000,0.00000000,0.00000000,0.00000000,0.00000000,0.00000000,0.00000000,0.30267814,0.00000000,0.00000000,0.00109893,0.00000000,0.00000000,0.00000000,0.01853821,0.00000000,0.00000000,0.00000000,0.00000000,0.00000000,0.00000000,0.00000000,0.00000000,0.00000000,0.00000000,0.00000000,0.00000000,0.00000000,0.00000000,0.00000000,0.00000000,0.00000000,0.00000000,0.00000000,0.00000000,0.00000000,0.00000000,0.00000000,0.00000000,0.00000000,0.00000000,0.00000000,0.01358040,0.00000000,0.00000000,0.00000000,0.00000000,0.00000000,0.00152668,0.00000000,0.00000000,0.00000000,0.00201275,0.00000000,0.00000000,0.00000000,0.00000000,0.00000000,0.00000000,0.00000000,0.00000000,0.00000000,0.00000000,0.00000000,0.08913226,0.00000000,0.00000000,0.01364781,0.00000000,0.00000000,0.00000000,0.00000000,0.05585278,0.00000000,0.00000000,0.00000000,0.00000000,0.00000000,0.00000000,0.00000000,0.00000000,0.00000000,0.00000000,0.05326341,0.00000000,0.04537599,0.00000000,0.00000000,0.00000000,0.00000000,0.00000000,0.00000000,0.00000000,0.00000000,0.00000000,0.00000000,0.00000000,0.00000000,0.00000000,0.00102116,0.00577065,0.00000000,0.00000000,0.00000000,0.00000000,0.00000000,0.00000000,0.00000000,0.00000000,0.00000000,0.00000000,0.00000000,0.00000000,0.00000000,0.00000000,0.00000000,0.00000000,0.00000000,0.00000000,0.00289731,0.00000000,0.00000000,0.00000000,0.00000000,0.00000000,0.00000000,0.00000000,0.00000000,0.00000000,0.00000000,0.01224067,0.00000000,2.87252531,0.00000000,0.00000000,0.00000000,0.00000000,1.44836986,0.00225862,0.00000000,0.00000000,0.00000000,0.02713939,0.00000000,0.00000000,0.00000000,0.00000000,0.00000000,0.00000000,0.00000000,0.00000000,0.00000000,0.00816112,0.00000000,0.00000000,0.00000000,0.00000000,0.00000000,0.00000000,0.00000000,0.00000000,0.00000000,0.00000000,0.03632693,0.00000000,0.00000000,0.00000000,0.00000000,0.00000000,0.00000000,0.00000000,0.00000000,0.00000000,0.00000000,0.00000000,0.00000000,0.00000000,0.00000000,0.00000000,0.00000000,0.00000000,0.00000000,0.00000000,0.00000000,0.00000000,0.00000000,0.00094057,0.00000000,0.00000000,0.00000000,0.00000000,0.00000000,0.00000000,0.00000000,0.00000000,0.00000000,0.00000000,0.00000000,0.01390558,0.00000000,0.00000000,0.00000000,0.00000000,0.00000000,0.00603475,0.00000000,0.00000000,0.00000000,0.00000000,0.00000000,0.00000000,0.00000000,0.00000000,0.00000000,0.00000000,0.01088015,0.00000000,0.00000000,0.00000000,0.00000000,0.00000000,0.00000000,0.00000000,0.00000000,0.00000000,0.00170314,0.00000000,0.00000000,0.00000000,0.00000000,0.02270721,0.00302015,0.00000000,0.00000000,0.01456699,0.00000000,0.00000000,0.00000000,0.00000000,0.00000000,0.00000000,0.00000000,0.00000000,0.00000000,0.00000000,0.00000000,0.00000000,0.00000000,0.00070213,0.00894447,0.00000000,0.00000000,0.00082620,0.00000000,0.00000000,0.00000000,0.00000000,0.00000000,0.00000000,0.01354736,0.00000000,0.00000000,0.00000000,0.00000000,0.00000000,0.00000000,0.00000000,0.00000000,0.00000000,0.00099851,0.00000000,0.00084353,0.00000000,0.00000000,0.00000000,0.00393358,0.00000000,0.00000000,0.00000000,0.00000000,0.00000000,0.00000000,0.00779263,0.00000000,0.00000000,0.00000000,0.00000000,0.00000000,0.00000000,0.00000000,0.00000000,0.00000000,0.00000000,0.00000000,0.00000000,0.00000000,0.00000000,0.00000000,0.00000000,0.01228846,0.00000000,0.00000000,0.00000000,0.00000000,0.00000000,0.00000000,0.00000000,0.00000000,0.00000000,0.00000000,0.00000000,0.00000000,0.00000000,0.00000000,0.00000000,0.00000000,0.00513320,0.00000000,0.00000000,0.00000000,0.00000000,0.00000000,0.00000000,0.00000000,0.00000000,0.00000000,0.00000000,0.00000000,0.00000000,0.00000000,0.00000000,0.00000000,2.29049924,0.00000000
0.00000000,0.00000000,0.00000000,0.00000000,0.04122698,0.00000000,0.00000000,0.00000000,0.00000000,0.00000000,0.00000000,0.01029843,0.00000000,0.00000000,0.00000000,0.00000000,0.00000000,0.02803845,0.00000000,0.00000000,0.00758750,0.00000000,0.00000000,0.00000000,0.00000000,0.00000000,0.00000000,0.00000000,0.00000000,0.00366318,0.00000000,0.00000000,0.00000000,0.00000000,0.00000000,0.00000000,0.00000000,0.00000000,0.00000000,0.00000000,0.00199069,0.01432040,0.00000000,0.00000000,0.03577881,0.00000000,0.00000000,0.00200264,0.00000000,0.00000000,0.00000000,0.00191709,0.00000000,0.00000000,0.00000000,0.10601732,0.00000000,0.00000000,0.00000000,0.00000000,0.00000000,0.00000000,0.00000000,0.25394713,0.14387145,0.00000000,0.00000000,0.00000000,0.00000000,0.00000000,0.00211824,0.00000000,0.00000000,0.00000000,0.00174112,0.00000000,0.00000000,0.00181530,0.00000000,0.00000000,0.01557778,0.00000000,0.00000000,0.00000000,0.00000000,0.00000000,0.00000000,0.00000000,0.00000000,0.00000000,0.00000000,0.00000000,0.00000000,0.00304230,0.00000000,0.00000000,0.00000000,0.00000000,0.00000000,0.00000000,0.00000000,0.00000000,0.00000000,0.00000000,0.00000000,0.00000000,0.00000000,0.00000000,0.00000000,0.00000000,0.00000000,0.00000000,0.00000000,0.00000000,0.00000000,0.00000000,0.00000000,0.00000000,0.00000000,0.00000000,0.00000000,0.00000000,0.00000000,0.00254570,0.00000000,0.01340477,0.00000000,0.00000000,0.00000000,0.00438096,0.00000000,0.00391502,0.00000000,0.00000000,0.00000000,0.00000000,0.00000000,2.32138653,0.00000000,0.00000000,0.00000000,0.00000000,0.00000000,0.00000000,0.01765827,0.00000000,0.00000000,0.00000000,0.00000000,0.00000000,0.00000000,0.00000000,0.00000000,0.00000000,0.00000000,0.00000000,0.00000000,0.00061056,0.00000000,0.00000000,0.00000000,0.00000000,0.00140191,0.00000000,0.00000000,0.00000000,0.00000000,0.00000000,0.00000000,0.00000000,0.00494869,0.00000000,0.00000000,0.00000000,0.02084980,0.00000000,0.00000000,0.00000000,0.00000000,0.00000000,0.00000000,0.00207595,0.00000000,0.00000000,0.01943277,0.00000000,0.89846010,0.00000000,0.00000000,0.00000000,0.00000000,0.00000000,0.00000000,0.00000000,0.00000000,0.00000000,0.00000000,0.00000000,0.00000000,0.00000000,0.00000000,0.00000000,0.00759040,0.00000000,0.00000000,0.00000000,0.00000000,0.00000000,0.00000000,0.00000000,0.00000000,0.00000000,0.00000000,0.00000000,0.00211042,0.00000000,0.00000000,0.00000000,0.00000000,0.00000000,0.00000000,0.00000000,0.00000000,0.00000000,0.00000000,0.39473228,0.01269108,0.00000000,0.00000000,0.00000000,0.00000000,0.00000000,0.00000000,0.00000000,0.00000000,0.00000000,0.00000000,0.00000000,0.00000000,0.00000000,0.00000000,0.00000000,0.00000000,0.00000000,0.00000000,0.00000000,0.00000000,0.00000000,0.00000000,0.00000000,0.00568295,0.00000000,0.00000000,0.00000000,0.00462117,0.00000000,0.00192127,0.00000000,0.00000000,0.00000000,0.00000000,0.00000000,0.00000000,0.00000000,0.00000000,0.00000000,0.00000000,0.00000000,0.00000000,0.00000000,0.00000000,0.00000000,0.00000000,0.00000000,0.00000000,0.00094775,0.00000000,0.04029872,0.00000000,0.00406902,0.00000000,0.00000000,0.00068817,0.00504866,0.00000000,0.00000000,0.00000000,0.00000000,0.00860465,0.00000000,0.00000000,0.00000000,0.00000000,0.00000000,0.00000000,0.00000000,2.19561938,0.00000000,0.00000000,0.00000000,0.00000000,0.00363391,0.00000000,0.00000000,0.00000000,0.00109851,0.00000000,0.00000000,0.00000000,0.00000000,0.00000000,0.00846101,0.00502703,0.00000000,0.00000000,0.00000000,0.00000000,0.00000000,0.00000000,0.00000000,0.00000000,0.00000000,0.00000000,0.00000000,0.00000000,0.00000000,0.00000000,0.00000000,0.00000000,0.00076554,0.00000000,0.00000000,0.00000000,0.00174092,0.00000000,0.00000000,0.03742023,0.00000000,0.00000000,0.00000000,0.01768378,0.00000000,0.00000000,0.00000000,0.00000000,0.00000000,0.00000000,0.00000000,0.00000000,0.00000000,0.00000000,0.00000000,0.00000000,0.00000000,0.02788589,0.00000000,0.00000000,0.00000000,0.00000000,0.00000000,0.00160512,0.00000000,0.00000000,0.00000000,0.00000000,0.00000000,0.00000000,0.00000000,0.00000000,0.00000000,0.05161858,0.00000000,0.00000000,0.00000000,0.00000000,0.00000000,0.00000000,0.00000000,0.00000000,0.00000000,0.00000000,0.00000000,0.00000000,0.00000000,0.00000000,0.00000000,0.00000000,0.00000000,0.01318352,0.00000000,0.01178818,0.08272024,0.00000000,0.00000000,0.00000000,0.00000000,0.00000000,0.00000000,0.00000000,0.00000000,0.00000000,0.00000000,0.00000000,0.00000000,0.00000000,0.00000000,0.00000000,0.00000000,0.00000000,0.00000000,0.00000000,0.00000000,0.00000000,0.03650704,0.00000000,0.00000000,0.00000000,0.00000000,0.00000000,0.02263989,0.00000000,0.00000000,0.00000000,0.00000000,0.00000000,0.00000000,0.00000000,0.00000000,0.00000000,0.00000000,0.00000000,0.00000000,0.00938297,0.00000000,0.00000000,0.00000000,0.05193508,0.00000000,0.00000000,0.00000000,0.00000000,0.00000000,0.00000000,0.00000000,0.00000000,0.00000000,0.00000000,0.00000000,0.00000000,0.00000000,0.00000000,0.00000000,0.00000000,0.00000000,0.00000000,0.00000000,0.00000000,0.00000000,0.00000000,0.00000000,0.00000000,0.00000000,0.00000000,0.00000000,0.00000000,0.00000000,0.00000000,0.00000000,0.00000000,0.00000000,0.00000000,0.00000000,0.02068124,0.00000000,0.00000000,0.00000000,0.00000000,0.00000000,0.00000000,0.00000000,0.00000000,0.00000000,0.00000000,0.00000000,0.00505757,0.00000000,0.00000000,0.00000000,0.00000000,0.00000000,0.00000000,0.00000000,0.00000000,0.00000000,0.00000000,0.00000000,0.00000000,0.00000000,0.17922757,0.00000000,0.01009841,0.00000000,0.00000000,0.00000000,0.00000000,0.00000000,0.00000000,0.00000000,0.00000000,0.00703609,0.00000000,0.00000000,0.00000000,0.00000000,0.00000000,0.00000000,0.00000000,0.01451787,0.00000000,0.08891474,0.00000000,0.00000000,0.00000000,0.00000000,0.00000000,0.00000000,0.01195640,0.00000000,0.00000000,0.00000000,0.00000000,0.00000000,0.00197592,0.00000000,0.00000000,0.00000000,0.00000000,0.05585278,0.00000000,0.00000000,0.00000000,0.01272812,0.05448601,0.00000000,0.00000000,0.00000000,0.00000000,0.00000000,0.00000000,0.00000000,0.00262128,0.00000000,0.00000000,0.00276266,0.00000000,0.01064728,0.00476885,0.00000000,0.00000000,0.00000000,0.00000000,0.00000000,0.00000000,0.01500660,0.00000000,0.00000000,0.00000000,0.00000000,0.00000000,0.00179881,0.00000000,0.00000000,0.00000000,0.00000000,0.00000000,0.00000000,0.00000000,0.00483417,0.06542768,0.00000000,0.00000000,0.00000000,0.00541947,0.02156689,0.00000000,0.00000000,0.00000000,0.00229508,0.00000000,0.00000000,0.00000000,0.00469207,0.00000000,0.00000000,2.02073921,0.00000000,0.00000000,0.00000000,0.00816584,0.00000000,0.00000000,0.00000000,0.00000000,0.00000000,0.00805118,0.00000000,0.00000000,0.00000000,0.00000000,0.00661016,0.00325107,0.00000000,0.00000000,0.00000000,0.00000000,0.00000000,0.00000000,0.00000000,0.00161095,0.00000000,0.00000000,0.00000000,0.00000000,0.00000000,0.00000000,0.00128077,0.00000000,0.00000000,0.00000000,0.00000000,0.00206282,0.00000000,0.00000000,0.00000000,0.00000000,0.00000000,0.00000000,0.00798206,0.00000000,0.00863823,0.00000000,0.00000000,0.00652706,0.00000000,0.00000000,0.00000000,0.00000000,0.00000000,0.00000000,0.00000000,0.00000000,0.00000000,0.00000000,0.00000000,0.00000000,0.00439033,0.00000000,0.00000000,0.00000000,0.00000000,0.00000000,0.00000000,0.00000000,0.00200077,0.00000000,0.00000000,0.00000000,0.00000000,0.00066818,0.00000000,0.00000000,0.00000000,0.00000000,0.00000000,0.00000000,0.00000000,0.00000000,0.00299774,0.00000000,0.00680104,0.00000000,0.00000000,0.00000000,0.00000000,0.00000000,0.00000000,0.00000000,0.00000000,0.00000000,0.02645351,0.00000000,0.00000000,0.00000000,0.00000000,0.00000000,0.00000000,0.00000000,0.00000000,0.00000000,0.00000000,0.02489406,0.00000000,0.00000000,0.00000000,0.00000000,0.00000000,0.00000000,0.00000000,0.00000000,0.00000000,0.00000000,0.00000000,0.00000000,0.00000000,0.00000000,0.00000000,0.00000000,0.01163759,0.00000000,0.00000000,0.00000000,0.00000000,0.00000000,0.19873576,0.00000000,0.00780106,0.00000000,0.00000000,0.00000000,0.00000000,0.00000000,0.00000000,0.00000000,0.00000000,0.00000000,0.00000000,0.00000000,0.00000000,0.00000000,0.00000000,0.00000000,0.00000000,0.00000000,0.00000000,0.00000000,0.00000000,0.00000000,0.00000000,0.00250998,0.00000000,0.00000000,0.00000000,0.00000000,0.00000000,0.00000000,0.00000000,0.00000000,0.00000000,0.00000000,0.00000000,0.00000000,0.00000000,0.00000000,0.00000000,0.00000000,0.00000000,0.00799570,0.00000000,0.00000000,0.00000000,0.01049430,0.00000000,0.00000000,0.00642080,0.00000000,0.00000000,0.00000000,0.00000000,0.05304444,0.00000000,0.00000000,0.00000000,0.00000000,0.00000000,0.00000000,0.00680149,0.00000000,0.00000000,0.00000000,0.00000000,0.00000000,0.00000000,0.00000000,0.00000000,0.00000000,0.00000000,0.00000000,0.00000000,0.00000000,0.00000000
0.76252317,0.00000000,0.00000000,0.00000000,0.00000000,0.07969900,0.00000000,0.00000000,0.00000000,0.00000000,0.00412654,0.00000000,0.00000000,0.00000000,0.00000000,0.00000000,0.00000000,0.00000000,0.01155905,0.00000000,0.00000000,0.00000000,0.00000000,0.00000000,0.00000000,0.00000000,0.00000000,0.00000000,0.00000000,0.00000000,0.00000000,0.00000000,0.00000000,0.00000000,0.00000000,0.00000000,0.00000000,0.06848283,0.00000000,0.03587343,0.00000000,0.00000000,0.00000000,0.00000000,0.00000000,0.00000000,0.00000000,0.00000000,0.00000000,0.00000000,0.01249119,0.00000000,0.00000000,0.00000000,0.00000000,0.00383707,0.00000000,0.00000000,0.00000000,0.00000000,0.00000000,0.00000000,0.00000000,0.18561719,0.00000000,0.00000000,0.00000000,0.14273571,0.00000000,0.00000000,0.00000000,0.00000000,0.00000000,0.00000000,0.00212153,0.00000000,0.00000000,0.00000000,0.00000000,0.00000000,0.00000000,0.01271394,0.00000000,0.00000000,0.00000000,0.00000000,0.00000000,0.00593445,0.00000000,0.03005902,0.00000000,0.00000000,0.00000000,0.00000000,0.00000000,0.00889055,0.00000000,0.00000000,0.00693927,0.00000000,0.00000000,0.00000000,0.00000000,0.00000000,0.00000000,0.00095746,0.00000000,0.00000000,0.00000000,0.00000000,0.00000000,0.00000000,0.00202403,0.00000000,0.00000000,0.00000000,0.00000000,0.00000000,0.00000000,0.00000000,0.00000000,0.00000000,0.00000000,0.00000000,0.00000000,0.00000000,0.00000000,0.00000000,0.00000000,0.00000000,0.00000000,0.00000000,0.00000000,0.00000000,0.00000000,0.00000000,0.00000000,2.15554902,0.00000000,0.00000000,0.00000000,0.00000000,0.02528000,0.00000000,0.00000000,0.00000000,0.00000000,0.00000000,0.00000000,0.00000000,0.00000000,0.01825474,0.03158782,0.08490547,0.00000000,0.00000000,0.00000000,0.00000000,0.00000000,0.00000000,0.00000000,0.00000000,0.00000000,0.00000000,0.00000000,0.02149079,0.00000000,0.00000000,0.00133532,0.00000000,0.00000000,0.00000000,0.00000000,0.00000000,0.00000000,0.00236833,0.00000000,0.00000000,5.04005346,0.00000000,0.00000000,0.00000000,0.00000000,0.00000000,0.00000000,0.03727111,0.00000000,0.00000000,0.00000000,0.00000000,0.00000000,0.00000000,0.00000000,0.00000000,0.00601033,0.00000000,0.00000000,0.00000000,0.00000000,0.00000000,0.00000000,0.00000000,0.00000000,0.00000000,0.00000000,0.00000000,0.00000000,0.00000000,0.00000000,0.00000000,0.00000000,0.00000000,0.04396868,0.00000000,0.00000000,0.00000000,0.00000000,0.00000000,0.00000000,0.00000000,0.00000000,0.00000000,0.00000000,0.00000000,0.00000000,0.00000000,0.00000000,0.00000000,0.00366854,0.00000000,0.00000000,0.00000000,0.00000000,0.00104145,0.00000000,0.00000000,0.00000000,0.00000000,0.00000000,0.00652311,0.00000000,0.00000000,0.00000000,0.00000000,0.08906329,0.00000000,0.00000000,0.00000000,0.00000000,0.00000000,0.00000000,0.00000000,0.00000000,0.00000000,0.00000000,0.00000000,0.00000000,0.00000000,0.00000000,0.00000000,0.00000000,0.00000000,0.00000000,0.00000000,0.00000000,0.00000000,0.00000000,2.10778334,0.00000000,0.00000000,0.00000000,0.00000000,0.00000000,0.00000000,0.00000000,0.00000000,0.00000000,0.00000000,0.00000000,0.00000000,0.00000000,0.00000000,0.00000000,0.00000000,0.00000000,0.00000000,0.00000000,0.02603391,0.00000000,0.00320855,0.00000000,0.00000000,0.00000000,0.00000000,0.00000000,0.02507959,0.00000000,0.00000000,0.01187370,0.00290696,0.00000000,0.00000000,0.00000000,0.00000000,0.00000000,0.00000000,0.00000000,0.00000000,0.00000000,0.00000000,0.00000000,0.00000000,0.00000000,0.00000000,0.02189562,0.00000000,0.00594252,0.00000000,0.00000000,0.00000000,0.00000000,0.00000000,0.17396119,0.00000000,0.00000000,0.00000000,0.00000000,0.00000000,0.00000000,0.00000000,0.00000000,0.02708782,0.00000000,0.00000000,0.00000000,0.00000000,0.00000000,0.00000000,0.00000000,0.00000000,0.00000000,0.00000000,0.00000000,0.00000000,0.00000000,0.74074890,0.00139078,0.00000000,0.00000000,0.00000000,0.00000000,0.00000000,0.00000000,0.00000000,0.00000000,0.02121195,0.00000000,0.00000000,0.00000000,0.00000000,0.00814941,0.00595457,0.00000000,0.00000000,0.00000000,0.00000000,0.00000000,0.00000000,0.00221779,0.00000000,0.00000000,0.00000000,0.00000000,0.00000000,0.00000000,0.00000000,0.01998628,0.00000000,0.00000000,0.00093064,0.00000000,0.01269572,0.00000000,0.00000000,0.08520092,0.00000000,0.00000000,0.00000000,0.00000000,0.00000000,0.00000000,0.00000000,0.00000000,0.00000000,0.00000000,0.00000000,0.00000000,0.00000000,0.00000000,0.00291760,0.00000000,0.00000000,0.00000000,0.07819243,0.00000000,0.00000000,0.00249954,0.00000000,0.00000000,0.00000000,0.00000000,0.00088631,0.00000000,0.00000000,0.00000000,0.00000000,0.00000000,0.00000000,0.00000000,0.00000000,0.01083006,0.00000000,0.00000000,0.00000000,0.00000000,0.00000000,0.00000000,0.00000000,0.00000000,0.00000000,0.00000000,0.00000000,0.00000000,0.00000000,0.00000000,0.00000000,0.00000000,0.00000000,0.00000000,0.00000000,0.00000000,0.00000000,0.00000000,0.00000000,0.00000000,0.00000000,0.00000000,0.00000000,0.00000000,0.00000000,0.00000000,0.00000000,0.00000000,0.00000000,0.00000000,0.00000000,0.00000000,0.00000000,0.00000000,0.00000000,0.00000000,0.00000000,0.17086113,0.00000000,0.02056219,0.00000000,0.00000000,0.00000000,0.00000000,0.00000000,0.00000000,0.00000000,0.00000000,0.00000000,0.03771878,0.00355379,0.00000000,0.00718143,0.00000000,0.00000000,0.00000000,0.00000000,0.00855092,0.00737841,0.00000000,0.00398495,0.00209017,0.00000000,0.00000000,0.00000000,0.00269327,0.00000000,0.00000000,0.00000000,0.00000000,0.00000000,0.00000000,0.00000000,0.00000000,0.00000000,0.00000000,0.00000000,0.00000000,0.00000000,0.00000000,0.00000000,0.00000000,0.00000000,0.00126176,0.00000000,0.00000000,0.00000000,0.00000000,0.00000000,0.00000000,0.00000000,0.00000000,0.00000000,0.02937618,0.00000000,0.00000000,0.00000000,0.00000000,0.00000000,0.00000000,0.00000000,0.00000000,0.00000000,0.00000000,0.00000000,0.00000000,0.00000000,0.00000000,0.00798482,0.00000000,0.07302812,0.00000000,0.00000000,0.00000000,0.00000000,0.00000000,0.20684442,0.00000000,0.00000000,0.00000000,0.00000000,0.00000000,0.00000000,0.00000000,0.00000000,0.00961515,0.00000000,0.00000000,0.00000000,0.00000000,0.00000000,0.00000000,0.00000000,0.00000000,0.00641264,0.00000000,0.00000000,0.00000000,0.00000000,0.00000000,0.21053209,0.00000000,0.00000000,0.00000000,0.00000000,0.00000000,0.00000000,0.00000000,0.00000000,0.00000000,0.00000000,0.00000000,0.00000000,0.00000000,0.00000000,0.00000000,0.00000000,0.00000000,0.01994880,0.00000000,0.00000000,0.00000000,0.00000000,0.00000000,0.00000000,0.00000000,0.00000000,0.00162053,0.00374717,0.00000000,0.00000000,0.00000000,0.00000000,0.00000000,0.00163844,0.00000000,0.00000000,0.00000000,0.00000000,0.00000000,0.00000000,0.00000000,0.00000000,0.00000000,0.01150130,0.00000000,0.02994776,0.00000000,0.00000000,0.00000000,0.00000000,0.00000000,0.00000000,0.03786512,0.00000000,0.96081665,0.00000000,0.00000000,0.00000000,0.00000000,0.00000000,0.00000000,0.00000000,0.00000000,0.00000000,0.00000000,0.00000000,0.00803142,0.00000000,0.00000000,0.00000000,0.00000000,0.00000000,0.00000000,0.23740002,0.00443065,0.00000000,0.00000000,0.00000000,0.00000000,0.00000000,0.00000000,0.00000000,0.00000000,0.00000000,0.00000000,0.00000000,0.45725209,0.00000000,0.00000000,0.00000000,0.00000000,0.00000000,0.00000000,0.00000000,0.00000000,0.00000000,0.00000000,0.00000000,0.00000000,0.00000000,0.00000000,0.00106888,0.00178211,0.00000000,0.00000000,0.00726501,0.00000000,0.00000000,0.00000000,0.00000000,0.01360207,0.00000000,0.01011216,0.00000000,0.00000000,0.00000000,0.00000000,0.00000000,0.00000000,0.00000000,0.00000000,0.00000000,0.00000000,0.00000000,0.00000000,0.00000000,0.00000000,0.00000000,0.00000000,0.00000000,0.00608211,0.00000000,0.02542403,0.01808285,0.00000000,0.00000000,0.62679412,0.00000000,0.00000000,0.00000000,0.02611420,0.00000000,0.00000000,0.01865330,0.00000000,0.00356338,0.00000000,0.00000000,0.00000000,0.00402498,0.00000000,0.00000000,0.01242739,0.00000000,0.00000000,0.00000000,0.00000000,0.00000000,0.00000000,0.00000000,0.00000000,0.00000000,0.00000000,0.00000000,0.00000000,0.00000000,0.00000000,0.00000000,0.00000000,0.00000000,0.00000000,0.00000000,0.00000000,0.00000000,0.00000000,0.00000000,0.00000000,0.00000000,0.00776484,0.00000000,0.00000000,0.00000000,0.21733534,0.00000000,0.00000000,0.00000000,0.00537150,0.00000000,0.00000000,0.00000000,0.00000000,0.00000000,0.00000000,0.00000000,0.00000000,0.00000000,0.00000000,0.01149534,0.00317292,0.00000000,0.00000000,0.00450098,0.00000000,0.00000000,0.00000000,0.06648538,0.00000000,0.00000000,0.00000000,0.00000000,0.03474097,0.00000000,0.00000000,0.00000000,0.00000000,0.00000000,0.00000000,0.00000000,0.00000000,0.00000000,0.00000000,0.00000000,0.00000000,0.00000000,0.00000000,0.00484361,0.00063887,0.00000000,0.00000000,0.00000000,0.00000000,0.00000000,0.00408938,0.00000000
0.00000000,0.00000000,0.00000000,0.00000000,0.00000000,0.00000000,0.00000000,0.00000000,0.00191257,0.00000000,0.00000000,0.00000000,0.00000000,0.00000000,0.00000000,0.00000000,0.00000000,0.00000000,0.00000000,0.00000000,0.00000000,0.00000000,0.00000000,0.00000000,0.00000000,0.00000000,0.02741000,0.00000000,0.00000000,0.00000000,0.00000000,0.00473909,0.00000000,0.00000000,0.00000000,0.00000000,0.00000000,0.00000000,0.00000000,0.01645498,0.00000000,0.00478295,0.00000000,0.00327369,0.00000000,0.00000000,0.00000000,0.00000000,0.08210143,0.00000000,0.00000000,0.00000000,0.00000000,0.01431243,0.00000000,0.04373168,0.00000000,0.00000000,0.00000000,0.00000000,0.00000000,0.00194976,0.00000000,0.00000000,0.00000000,0.00000000,0.00000000,0.00000000,0.00000000,0.00000000,0.00000000,0.00000000,0.00000000,0.00428339,0.00000000,0.00000000,0.00000000,0.05317151,0.00000000,0.00000000,0.00707896,0.00988845,0.00000000,0.00000000,0.00000000,0.00000000,0.00403102,0.00000000,0.00331458,0.00000000,0.00000000,0.00000000,0.00000000,0.00000000,0.00000000,0.00000000,0.00000000,0.00000000,0.00000000,0.01168288,0.00000000,0.00000000,0.00000000,0.00000000,0.00000000,0.00000000,0.00000000,0.00000000,0.00000000,0.00000000,0.01587138,0.00000000,0.00000000,0.00000000,0.00000000,0.00000000,0.00000000,0.00000000,0.00000000,0.00000000,0.00000000,0.00000000,0.00000000,0.00000000,0.01025924,0.00000000,0.00000000,0.00000000,0.00000000,0.00000000,0.00000000,0.00000000,0.00000000,0.00000000,0.00342684,0.00000000,0.00000000,0.00000000,0.00000000,0.00000000,0.00000000,0.00000000,0.00000000,0.00909151,0.00000000,0.00000000,0.00000000,0.00000000,0.00000000,0.03610688,0.00000000,0.00000000,0.00000000,0.00000000,0.00000000,0.00000000,0.00000000,0.00000000,0.00000000,0.00782611,0.00000000,0.01725621,0.00000000,0.00000000,0.00000000,0.00000000,0.00000000,0.00821437,0.00688022,0.00646654,0.00000000,0.00000000,0.01005820,0.00000000,0.00000000,0.00000000,0.00000000,0.00000000,0.00000000,0.00000000,0.00000000,0.00000000,0.00000000,0.00000000,0.00000000,0.00000000,0.03934783,0.00270342,0.00000000,0.07954480,0.00000000,0.00000000,0.00000000,0.00000000,0.00000000,0.00000000,0.00000000,0.00000000,0.00000000,0.04445651,0.00000000,0.00000000,0.00000000,0.00000000,0.00000000,0.00478378,0.00000000,0.00000000,0.00000000,0.00000000,0.00000000,0.00000000,0.00000000,0.00000000,0.00000000,0.00000000,0.00100358,0.00000000,0.00000000,0.01005935,0.00000000,0.00416956,0.00000000,0.00000000,0.00000000,0.00000000,0.00000000,0.00000000,0.00000000,0.00000000,0.00000000,0.02304228,0.00000000,0.14276914,0.00000000,0.00000000,0.00000000,0.00000000,0.00000000,0.00000000,0.00000000,0.00000000,0.00000000,0.00356411,0.00000000,0.00000000,0.00000000,0.00085705,0.00000000,0.00000000,0.00000000,0.00674370,0.00000000,0.00000000,0.00000000,0.00000000,0.00000000,0.00000000,0.00000000,0.00000000,0.00000000,0.00000000,0.79756938,0.00000000,0.00000000,0.00000000,0.00000000,0.00000000,0.00000000,0.00000000,0.00000000,0.00000000,0.00000000,0.00000000,0.00000000,0.00000000,0.00000000,0.00000000,0.00000000,0.00000000,0.00000000,0.00000000,0.01378252,0.00000000,0.00000000,0.00000000,0.00000000,0.00000000,0.00000000,0.00000000,0.00000000,0.00000000,0.00000000,0.00202252,0.00000000,0.00000000,0.00000000,0.00000000,0.00000000,0.00000000,0.00000000,0.00000000,0.01773986,0.00000000,0.00000000,0.00000000,0.00000000,0.00000000,0.00000000,0.01373961,0.00000000,0.00111058,0.00000000,0.00000000,0.00000000,0.00000000,0.00000000,0.00000000,0.00000000,0.00000000,0.07721633,0.00000000,0.00318992,0.00000000,0.00000000,0.00000000,0.00000000,0.00000000,0.00000000,0.00000000,0.00000000,0.00000000,0.00000000,0.00000000,0.00000000,0.00058017,0.00000000,0.00000000,0.02619809,0.00000000,0.00000000,0.01012031,0.00000000,0.00000000,0.00000000,0.00000000,0.00000000,0.00000000,0.00000000,0.00000000,0.00000000,0.00000000,0.00000000,0.00000000,0.00000000,0.00000000,0.00000000,0.00000000,0.00000000,0.00000000,0.00000000,0.00000000,0.32348375,0.00000000,0.00000000,0.00000000,0.00000000,0.00000000,0.00000000,0.00000000,0.02634553,0.00000000,0.00000000,0.00000000,0.00530945,0.00000000,0.01174294,0.00791065,0.00130859,0.00000000,0.00000000,0.00154534,0.00089969,0.00000000,0.00000000,0.00000000,0.00000000,0.00000000,0.00000000,0.00000000,0.00000000,0.00000000,0.00000000,0.01466382,0.00000000,0.00000000,0.04059496,0.00000000,0.00000000,0.00000000,0.02874768,0.00000000,0.00000000,0.00000000,0.00000000,0.00000000,0.00000000,0.00000000,0.00000000,0.00000000,0.00000000,0.00000000,0.00000000,0.00000000,0.00564193,0.00000000,0.00000000,0.00000000,0.00000000,0.00472089,0.00000000,0.00000000,0.00000000,0.00000000,0.00000000,0.00000000,0.00000000,0.00000000,0.00000000,0.00000000,0.00000000,0.00000000,0.01693974,0.00000000,0.00196897,0.01111354,0.00000000,0.00000000,0.00000000,0.00000000,0.01980135,0.00000000,0.00000000,0.00000000,0.00000000,0.00000000,0.01275272,0.00000000,0.00000000,2.78239567,0.00000000,0.00000000,0.00000000,0.00000000,0.00309366,0.04828112,0.00000000,0.00000000,0.00000000,0.00000000,0.00000000,0.00000000,0.00000000,0.00000000,0.00000000,0.00082947,0.00000000,0.00000000,0.00000000,0.00000000,0.06115630,0.00000000,0.00000000,0.00000000,0.00000000,0.00000000,0.00000000,0.00000000,0.00225962,0.00000000,0.00000000,0.00000000,0.00000000,0.00000000,0.00000000,0.00000000,0.00000000,0.00000000,0.00000000,0.00000000,0.00000000,0.00000000,0.00000000,0.18064349,0.00000000,0.00000000,0.00000000,0.00000000,0.00000000,0.00000000,0.00000000,0.00000000,0.13953649,0.00000000,0.00300906,0.00000000,0.00000000,0.00517515,0.00000000,0.00000000,0.00000000,0.00000000,0.00000000,0.00000000,0.00000000,0.00000000,0.00000000,0.00000000,0.00000000,0.00000000,0.00000000,0.00000000,0.00000000,0.00000000,0.00548123,0.00000000,0.00213973,0.00000000,0.00000000,0.00000000,0.00000000,0.00000000,0.00000000,0.01043151,0.00000000,0.00000000,0.00000000,0.00000000,0.00000000,0.00000000,0.00000000,0.00434940,0.00000000,0.00000000,0.01072390,0.00564260,0.00000000,0.00000000,0.00137999,0.00000000,0.00000000,0.00000000,0.00000000,0.00000000,0.00000000,0.00000000,0.00000000,0.00000000,0.00000000,0.00666566,0.00000000,0.00000000,0.00000000,0.00000000,0.00000000,0.00000000,0.00000000,0.00000000,0.00000000,0.00000000,0.00000000,0.00000000,0.00000000,0.00000000,0.00000000,0.00000000,0.00000000,0.05655039,0.00000000,0.00000000,0.00000000,0.00000000,0.00000000,0.00000000,0.00000000,0.00000000,0.00000000,0.00000000,0.00000000,0.00000000,0.00000000,0.00000000,0.00000000,0.00000000,0.00000000,0.00000000,0.00975412,0.00000000,0.00000000,0.00000000,0.00000000,0.00000000,0.00000000,0.00000000,0.00000000,0.00000000,0.00000000,0.00000000,0.00000000,0.00000000,0.00000000,0.00000000,0.00000000,0.01659700,0.00000000,0.00000000,0.00000000,0.00000000,0.00000000,0.00252098,0.00000000,0.00000000,0.00000000,0.00000000,0.00000000,0.00000000,0.00000000,0.00000000,0.00000000,0.00000000,0.00000000,0.00570367,0.00000000,2.37031848,0.00000000,0.00000000,0.00000000,0.00000000,0.00000000,0.00000000,0.00000000,0.03933915,0.00000000,0.00000000,0.00000000,0.00000000,0.00000000,0.00000000,0.00000000,0.00000000,0.00000000,0.00000000,0.00000000,0.00000000,0.00000000,0.00201800,0.00094313,0.00000000,0.04844458,0.00000000,0.00000000,0.00000000,0.00000000,0.00000000,0.00000000,0.00000000,0.00000000,0.00000000,0.00000000,0.00000000,0.00000000,0.00000000,0.00000000,0.00169681,0.00000000,0.00000000,0.00000000,0.00000000,0.03809694,0.00000000,0.00000000,0.00000000,0.00000000,0.00000000,0.00000000,0.00000000,0.00000000,0.00000000,0.00000000,0.00281473,0.14959326,0.00000000,0.00000000,0.00000000,0.00000000,0.00000000,0.00000000,0.00000000,0.00068848,0.00000000,0.00000000,0.00000000,0.00000000,0.00000000,0.00000000,0.00000000,0.00545636,0.00000000,0.00000000,0.00000000,0.00000000,0.00000000,0.85139010,0.00000000,0.00000000,0.00000000,0.00000000,0.00000000,0.00000000,0.00000000,0.00000000,0.00218394,0.00000000,0.00000000,0.00000000,0.00000000,0.00000000,0.00000000,0.00000000,0.00000000,0.00000000,0.00000000,0.00000000,0.00000000,0.00000000,0.00000000,0.00000000,0.00000000,0.00000000,0.00000000,0.00000000,0.00000000,0.00000000,0.00000000,0.00000000,0.00000000,0.00000000,0.00000000,0.00000000,0.00000000,0.00161462,0.00000000,0.00000000,0.00000000,0.00000000,0.00000000,0.00000000,0.00681265,0.00000000,0.00000000,0.00000000,0.00000000,0.00071862,0.00000000,0.00000000,0.00000000,4.31506989,0.00000000,0.01414211,0.00000000,0.00000000,0.00000000,0.00000000,0.00000000,0.00000000,0.00000000,0.00000000,0.00000000,0.00000000,0.00235968,0.00000000,0.00299290,0.00000000,0.00000000,0.00000000,0.00000000,0.00000000,0.00000000,0.00000000,0.00000000,0.00000000,0.00000000,0.00000000,0.00000000,0.00000000,0.00261916,0.00000000,0.00000000,0.00000000,0.00000000
0.00000000,0.00000000,0.00036455,0.00000000,0.00000000,0.00000000,0.00000000,0.00711723,0.00000000,0.00000000,0.00000000,0.00000000,0.00000000,0.00000000,0.00000000,0.00000000,0.00000000,0.00000000,0.00000000,0.00000000,0.00000000,0.05716392,0.00000000,0.00000000,0.01931490,0.00000000,0.00000000,0.00000000,0.00000000,0.00000000,0.00000000,0.00000000,0.05044403,0.00000000,0.00000000,0.00000000,0.00000000,0.00000000,0.00000000,0.00000000,0.00000000,0.00000000,0.00000000,0.00000000,0.00000000,0.00000000,0.00318579,0.00000000,0.00000000,0.00000000,0.00000000,0.00000000,0.00000000,0.00000000,0.00000000,0.00000000,0.00278447,0.00000000,0.00000000,0.00000000,0.00000000,0.00000000,0.00000000,0.00000000,0.00000000,0.00000000,0.00000000,0.00000000,0.00000000,0.00000000,0.00000000,0.00000000,0.00000000,0.00000000,0.00000000,0.00000000,0.05375713,0.00000000,0.00363527,0.02386513,0.48818369,0.00915846,0.00000000,0.00000000,0.00119006,0.16694757,0.00000000,0.00000000,0.00000000,0.00000000,0.02382385,0.00344958,0.00000000,0.00000000,0.00000000,0.00000000,0.00000000,0.00000000,0.00000000,0.00000000,0.00000000,0.00000000,0.00000000,0.00000000,0.00000000,0.00167018,0.00273262,0.00000000,0.00000000,0.00000000,0.00000000,0.00000000,0.00895207,0.00000000,0.00000000,0.12986225,0.00000000,0.00000000,0.00000000,0.00000000,0.00000000,0.00000000,0.00000000,0.00000000,0.00000000,0.00000000,0.00000000,0.00000000,0.00000000,0.00000000,0.00000000,0.00000000,0.00000000,0.00000000,0.00623069,0.00000000,0.00000000,0.00000000,0.01944373,0.00000000,0.00000000,0.00000000,0.00000000,0.00000000,0.00000000,0.00135007,0.00000000,0.00000000,0.00722646,0.03159493,0.00000000,0.00000000,0.02130217,0.00000000,0.00000000,0.00000000,0.00000000,0.00000000,0.00000000,0.00000000,0.00000000,0.00000000,0.00000000,0.00649376,0.00000000,0.00274645,0.00000000,0.00000000,0.00000000,0.02286402,0.00000000,0.00000000,0.00350988,0.00000000,0.00000000,0.00000000,0.00000000,0.00000000,0.00000000,0.00000000,0.00000000,0.00000000,0.00000000,0.00000000,0.00000000,0.00000000,0.00000000,0.00000000,0.00000000,0.00000000,0.00000000,0.00000000,0.00000000,0.00000000,0.00000000,0.00000000,0.02352322,0.00000000,0.00000000,0.00395477,0.00000000,0.00000000,0.00000000,0.00000000,0.00481383,0.00103441,0.00000000,0.04090830,0.00000000,0.00000000,0.00000000,0.00000000,0.00000000,0.00000000,0.00000000,0.00000000,0.00000000,0.00000000,0.00000000,0.00000000,0.00000000,0.00000000,0.00000000,0.00000000,0.01314729,0.00942785,0.00000000,0.00000000,0.00000000,0.00000000,0.00000000,0.00000000,0.00000000,0.01327243,0.00000000,0.00867101,0.00000000,0.00000000,0.00000000,0.06555108,0.00000000,0.00000000,0.00000000,0.00000000,0.00000000,0.00000000,0.00000000,0.00000000,0.00000000,0.00000000,0.00000000,0.00000000,0.00000000,0.00000000,0.00000000,0.00000000,0.00000000,0.00000000,0.00000000,0.00000000,0.00000000,0.00707388,0.00000000,0.00000000,0.00341822,0.00000000,0.00000000,0.00000000,0.00000000,0.00000000,0.00000000,0.00000000,0.00000000,0.00000000,0.00373993,0.00000000,0.00000000,0.02479220,0.00000000,0.00000000,0.00000000,0.00000000,0.00000000,0.00000000,0.00000000,0.00000000,0.00000000,0.00000000,0.00000000,0.00000000,0.00000000,0.00000000,0.00000000,0.00000000,0.00000000,0.00000000,0.00000000,0.00000000,0.00000000,0.00000000,0.00000000,0.00000000,0.00000000,0.00000000,0.13761158,0.00000000,0.00000000,0.00000000,0.00000000,0.00000000,0.00000000,0.00000000,0.00630890,0.00000000,0.00000000,0.02629447,0.00000000,0.00000000,0.00000000,0.00000000,0.00000000,0.00000000,0.00000000,0.00000000,0.00000000,0.00000000,0.00000000,0.02716534,0.00000000,0.00000000,0.00000000,0.00000000,0.00000000,0.00000000,0.00000000,0.00000000,0.00000000,0.00000000,0.00000000,0.00000000,0.00000000,0.00000000,0.00292079,0.00000000,0.00000000,0.00000000,0.00000000,0.00000000,0.00000000,0.00000000,0.00000000,0.00000000,0.00000000,0.00000000,0.00000000,0.15903400,0.01452438,0.40578560,0.00000000,0.00000000,0.00000000,0.00000000,0.00000000,0.00000000,0.00000000,0.00430348,0.00000000,0.00000000,0.00000000,1.41150306,0.00000000,0.00195845,0.00123272,0.00934147,0.00000000,0.00000000,0.08151965,0.00000000,0.00000000,0.00000000,0.00000000,0.00000000,0.00000000,0.00000000,0.00212068,0.00000000,0.03833953,0.00000000,0.00000000,0.00000000,0.00000000,0.00000000,0.00000000,0.00000000,0.00000000,0.00000000,0.00000000,0.00000000,0.01348214,0.00000000,0.00000000,0.00000000,0.00000000,0.00000000,0.00000000,0.00000000,0.00000000,0.00000000,0.00000000,0.00000000,0.00000000,0.00000000,0.02027110,0.00000000,0.00000000,0.00000000,0.00000000,0.00000000,0.00000000,0.00000000,0.01393441,0.00000000,0.00000000,0.00000000,0.00000000,0.00000000,0.00000000,0.00000000,0.00000000,0.00000000,0.00000000,0.00000000,0.00000000,0.00000000,0.00000000,0.00000000,0.00000000,0.00000000,0.00000000,0.00000000,0.00000000,0.00000000,0.00000000,0.00000000,0.00000000,0.00000000,0.00000000,0.00000000,1.54559788,0.00000000,0.00547577,0.00000000,0.03376565,0.00000000,0.01215154,0.00000000,0.00000000,0.00000000,0.00313367,0.00000000,0.00000000,0.00000000,0.00000000,0.00000000,0.00000000,0.00000000,0.00000000,0.00000000,0.00000000,0.00000000,0.00000000,0.00000000,0.00000000,0.00000000,0.00000000,0.00000000,0.00000000,0.00000000,0.00000000,0.00000000,0.00000000,0.01651731,0.00000000,0.00000000,0.00000000,0.00000000,0.01593799,0.00000000,0.00000000,0.00000000,0.00000000,0.00000000,0.00000000,0.00000000,0.00000000,0.00000000,0.00000000,0.00000000,0.00000000,0.00000000,0.00000000,0.00000000,0.00000000,0.00000000,0.00229312,0.00551400,0.00000000,0.00000000,0.00000000,0.00000000,0.00000000,0.00000000,0.00000000,0.00000000,0.00000000,0.00000000,0.00000000,0.00000000,0.00000000,0.00000000,0.00000000,0.00000000,1.86801000,0.00000000,0.03997804,0.00000000,0.00000000,0.00000000,0.00000000,0.00000000,0.00000000,0.04071619,0.00000000,0.00000000,0.00000000,0.00000000,0.00316201,0.00000000,0.01272812,0.20684442,0.00434940,0.00000000,0.00000000,0.00000000,0.00000000,0.00000000,0.00000000,0.00000000,0.00000000,0.00000000,0.00000000,0.00000000,0.00000000,0.00000000,0.00000000,0.00000000,0.00000000,0.00000000,0.00000000,0.00000000,0.00000000,0.00000000,0.00464659,0.00000000,0.00000000,0.00000000,0.00000000,0.00000000,0.00000000,0.00000000,0.00000000,0.00000000,0.00000000,0.00000000,0.00528407,0.00000000,0.00000000,0.00000000,0.00000000,0.00000000,0.00000000,0.00000000,0.00000000,0.00000000,0.58358005,0.00000000,0.00000000,0.00000000,0.00360943,0.00000000,0.00000000,0.00000000,0.41609991,0.00000000,0.00000000,0.00000000,0.00000000,0.00000000,0.00000000,0.00000000,0.00000000,0.00000000,0.00000000,0.00000000,0.00000000,0.00000000,0.00000000,0.00000000,0.00000000,0.00000000,0.00000000,0.00000000,0.00000000,0.00000000,0.00000000,0.00574707,0.00000000,0.00000000,0.00000000,0.00000000,0.00000000,0.00313545,0.00000000,0.00000000,0.00922781,0.00000000,0.00000000,0.00000000,0.00000000,0.00000000,0.00000000,0.00000000,0.00000000,0.00000000,0.00000000,0.00000000,0.00000000,0.00000000,0.00000000,0.00000000,0.01440343,0.00000000,0.00000000,0.00000000,0.00000000,0.00000000,0.00000000,0.00000000,0.00000000,0.00000000,0.00000000,0.00000000,0.03962314,0.00000000,0.01964966,0.00000000,0.00000000,0.00000000,0.00000000,0.00000000,0.00000000,0.00000000,0.00427007,0.00000000,0.00000000,0.00000000,0.00000000,0.00000000,0.00000000,0.00000000,0.00000000,0.00000000,0.00000000,0.00000000,0.00000000,0.00000000,0.00000000,0.00000000,0.00000000,0.00000000,0.00298151,0.00000000,0.00000000,0.00765913,0.01957595,0.00295108,0.00000000,0.00000000,0.00000000,0.00000000,0.00000000,0.00000000,0.14869218,0.00000000,0.00000000,0.00000000,0.00000000,0.00000000,0.00000000,0.00000000,0.00000000,0.00000000,0.00181530,0.00000000,0.00000000,0.02701309,0.00000000,0.00000000,0.02798826,0.00000000,0.00413570,0.00000000,0.00000000,0.00000000,0.00000000,0.02101183,0.00000000,0.00000000,0.00000000,0.00000000,0.00000000,0.00000000,0.00000000,0.00000000,0.00000000,0.00000000,0.00000000,0.00472450,0.00000000,0.01667191,0.00000000,0.00145246,0.00000000,0.00000000,0.00000000,0.00000000,0.00000000,0.00000000,0.00000000,0.00000000,0.00000000,0.00000000,0.00000000,0.00000000,0.00000000,0.00000000,0.00000000,0.00000000,0.00000000,0.00000000,0.00000000,0.00000000,0.00000000,0.00000000,0.00000000,0.00000000,0.00000000,0.08603246,0.00000000,0.00000000,0.00821907,0.00000000,0.00000000,0.00000000,0.00000000,0.00000000,0.05352911,0.00631368,0.00000000,0.00916699,0.00000000,0.00000000,0.00000000,0.00000000,0.00000000,0.00000000,0.00000000,0.00000000,0.00000000,0.00000000,0.00000000,0.00000000,0.06432902,0.00000000,0.00000000,0.00000000,0.00000000,0.00000000,0.00000000,0.00000000,0.00169764,0.00000000,0.00599748,0.00000000,0.00000000,0.00000000,0.00000000,0.00000000,0.01551261,0.00272280
0.00369417,0.00000000,0.00000000,0.00000000,0.00000000,0.00000000,0.00000000,0.00000000,0.00000000,0.00000000,0.00000000,0.00000000,0.04007026,0.00000000,0.00000000,0.00000000,0.00000000,0.00000000,0.00000000,0.00000000,0.00000000,0.00000000,0.00000000,0.00000000,0.00000000,0.02814223,0.00000000,0.00000000,0.00000000,0.00000000,0.00000000,0.00000000,0.00000000,0.00000000,0.00237101,0.00000000,0.00000000,0.00000000,0.00485900,0.00073776,0.00000000,0.00179616,0.00000000,0.00000000,0.00550244,0.00000000,0.00000000,0.00000000,0.00739299,0.00000000,0.00000000,0.00000000,0.00000000,0.00000000,0.00000000,0.00000000,0.00000000,0.00000000,0.00000000,0.00892461,0.00000000,0.00000000,0.00000000,0.00000000,0.00000000,0.00000000,0.00000000,0.00000000,0.00000000,0.00000000,0.00000000,0.00000000,0.00000000,0.00000000,0.00000000,0.00000000,0.00000000,0.00000000,0.00000000,0.00000000,0.00000000,0.00000000,0.00000000,0.00000000,0.00000000,0.00000000,0.00000000,0.00000000,0.00000000,0.00000000,0.00000000,0.00000000,0.00000000,0.00000000,0.00000000,0.00294387,0.00000000,0.00000000,0.00000000,0.00000000,0.00000000,0.00000000,0.01260969,0.00000000,0.00000000,0.00000000,0.00000000,0.45113743,0.00000000,0.00000000,0.00608558,0.00000000,0.00000000,0.00000000,0.00000000,0.00000000,0.00000000,0.00000000,0.00000000,0.00000000,0.00000000,0.00000000,0.00196816,0.00000000,0.00000000,0.00000000,0.00351744,0.00000000,0.00000000,0.01139800,0.00000000,0.00000000,0.00000000,0.00000000,0.00000000,0.00000000,0.00000000,0.00000000,0.00000000,0.00000000,0.01606273,0.00000000,0.00000000,0.00000000,0.00000000,0.00000000,0.00000000,0.00000000,0.00802458,0.00000000,0.00000000,0.00000000,0.00000000,0.00931237,0.00099270,0.00000000,0.00000000,0.00000000,0.00000000,0.00000000,0.00375052,0.00000000,0.00000000,0.00000000,0.01215062,0.00000000,0.00000000,0.00000000,0.01897684,0.00000000,0.00000000,0.00000000,0.00000000,0.00000000,0.02577014,0.00000000,0.02256837,0.00000000,0.00000000,0.00000000,0.00000000,0.00000000,0.00000000,0.00000000,0.02288487,0.00000000,0.00000000,0.00247222,0.00000000,0.00000000,0.00000000,0.00000000,0.00000000,0.00000000,0.00000000,0.00000000,0.00000000,0.00000000,0.00000000,0.00000000,0.00000000,0.00000000,0.00000000,0.00000000,0.00000000,0.00000000,0.00000000,0.00000000,0.00000000,0.00000000,0.00000000,0.00000000,0.00000000,0.00000000,0.00000000,0.00000000,0.00000000,0.00000000,0.00000000,0.00000000,0.00000000,0.01929341,0.00523145,0.00554167,0.00000000,0.00000000,0.00000000,0.00000000,0.00000000,0.00000000,0.00000000,0.00225868,0.00366747,0.04512043,0.00000000,0.00278344,0.00000000,0.00000000,0.00000000,0.00000000,0.00372010,0.00000000,0.00000000,0.00302494,0.00000000,0.00000000,0.00216683,0.00000000,0.02905584,0.00000000,0.00000000,0.00000000,0.00000000,0.00000000,0.00339637,0.00093252,0.00000000,0.00000000,0.00000000,0.00000000,0.00000000,0.00000000,0.00000000,0.00000000,0.00067097,0.00000000,0.00000000,0.00000000,0.00000000,0.00000000,0.00000000,0.01492533,0.00000000,0.00000000,0.00000000,0.00000000,0.00000000,0.00000000,0.00000000,0.00000000,0.00000000,0.00000000,0.00000000,0.00000000,0.00000000,0.32017587,0.00000000,0.00000000,0.00000000,0.00000000,0.00000000,0.00000000,0.00000000,0.00000000,0.00000000,0.00000000,0.00209858,0.00000000,0.00000000,0.00000000,0.00000000,0.00000000,0.00000000,0.00000000,0.00000000,0.00000000,0.00000000,0.00000000,0.01080400,0.00098678,0.00000000,0.00000000,0.00000000,0.00000000,0.00000000,0.00173560,0.00000000,0.00000000,0.00000000,0.00000000,0.00000000,0.00000000,0.00000000,0.00000000,0.00000000,0.00106359,0.00000000,0.00000000,0.00000000,0.00000000,0.00000000,0.00348983,0.00000000,0.00000000,0.00138486,0.00000000,0.00410666,0.00000000,0.00000000,0.00000000,0.00000000,0.00000000,0.00000000,0.00000000,0.00000000,0.00000000,0.01287278,0.00000000,0.00000000,0.00000000,0.00000000,0.00000000,0.00000000,0.00000000,0.00000000,0.00000000,0.00000000,0.00000000,0.00000000,0.00000000,0.00000000,0.00000000,0.00000000,0.00000000,0.00000000,0.00000000,0.00000000,0.00000000,0.01624668,0.00000000,0.00000000,0.00000000,0.00000000,0.00000000,0.00000000,0.00000000,0.00000000,0.00000000,0.00000000,0.00000000,0.00000000,0.00000000,0.00000000,0.00000000,0.00000000,0.00000000,0.00000000,0.00000000,0.00000000,0.00547318,0.00000000,0.00000000,0.00000000,0.00000000,0.00000000,0.00000000,0.00000000,0.00000000,0.00000000,0.00184311,0.00000000,0.00000000,0.00000000,0.00000000,0.00000000,0.00000000,0.00000000,0.00000000,0.00000000,0.00311199,0.00000000,0.00585335,0.00000000,0.00000000,0.00277512,0.00000000,0.00000000,0.00000000,0.00000000,0.00000000,0.00000000,0.00000000,0.00000000,0.00000000,0.00826302,0.00000000,0.00000000,0.00000000,0.00000000,0.00000000,0.00000000,0.00000000,0.00000000,0.00000000,0.00000000,0.00359191,0.00000000,0.00000000,0.00000000,0.00000000,0.00000000,0.00000000,0.00000000,0.00000000,0.00000000,0.00000000,0.00000000,0.00000000,0.00000000,0.00000000,0.40825719,0.02188068,0.00000000,0.00000000,0.00000000,0.00000000,0.00000000,0.00000000,0.00000000,0.00000000,0.00000000,0.00000000,0.00000000,0.00000000,0.18095535,0.00000000,0.00000000,0.00000000,0.00000000,0.00000000,0.00000000,0.00000000,0.11743635,0.00000000,0.00000000,0.00000000,0.00000000,0.00000000,0.00000000,0.00000000,0.00000000,0.00000000,0.00000000,0.00764223,0.00000000,0.00000000,0.00000000,0.00000000,0.00000000,0.00000000,0.00000000,0.00193770,0.00000000,0.00000000,0.00000000,0.00123364,0.00000000,0.00000000,0.00000000,0.00000000,0.15625728,0.00000000,0.00000000,0.00000000,0.00000000,0.00000000,0.00000000,0.00064008,0.00086385,0.00000000,0.00000000,0.00000000,0.00218513,0.00000000,0.00000000,0.00000000,0.00000000,0.00000000,0.00000000,0.00000000,0.00149402,0.00000000,0.00000000,0.00000000,0.00000000,0.00000000,0.00000000,0.00000000,0.00000000,0.00000000,0.18348424,0.00000000,0.00000000,0.00000000,0.00418573,0.00000000,0.00000000,0.00000000,0.05448601,0.00000000,0.00000000,0.00000000,0.00000000,0.00000000,0.00000000,0.00000000,0.00000000,0.00000000,0.00000000,0.00000000,0.00000000,0.00000000,0.00000000,0.00000000,0.00000000,0.00000000,0.00000000,0.00000000,0.00000000,0.00000000,0.00000000,0.00000000,0.00000000,3.48248221,0.00000000,0.00000000,0.00000000,0.00000000,0.00000000,0.00000000,0.00000000,0.00000000,0.00000000,0.00000000,0.00000000,0.00096697,0.00000000,0.00000000,0.00000000,0.00000000,0.00000000,0.01033033,0.00000000,0.00000000,0.00000000,0.01311346,0.00000000,0.00000000,0.00000000,0.00000000,0.00000000,0.00000000,0.00000000,0.00000000,0.00000000,0.00000000,0.00000000,0.00000000,0.00000000,0.00000000,0.00000000,0.00000000,0.00000000,0.00000000,0.00409899,0.00000000,0.00176301,0.02349788,0.00000000,0.00000000,0.00000000,0.02721010,0.00000000,0.00000000,0.00000000,0.00000000,0.00000000,0.00000000,0.00000000,0.00000000,0.00000000,0.00000000,0.00000000,0.00000000,0.00000000,0.00000000,0.00479874,0.00000000,0.00000000,0.00706556,0.00000000,0.00000000,0.06252232,0.00000000,0.00000000,0.00000000,0.00000000,0.02111079,0.00000000,0.00000000,0.00000000,0.00000000,0.00000000,2.10220740,0.00000000,0.00000000,0.00000000,0.00000000,0.00000000,0.00000000,0.00000000,0.00000000,0.00000000,0.00000000,0.00000000,0.00000000,0.00000000,1.82296188,0.00000000,0.00742737,0.01512836,0.00000000,0.00000000,0.00000000,0.00000000,0.00000000,0.00000000,0.00000000,0.00000000,0.00000000,0.04897690,0.00000000,0.00000000,0.00000000,0.00000000,0.00000000,0.00000000,0.00000000,0.00113855,0.00000000,0.00000000,0.00000000,0.00000000,0.01029529,0.00000000,0.00000000,0.00000000,0.00000000,0.00000000,0.00000000,0.00000000,0.00000000,0.00000000,0.02172505,0.00000000,0.10052438,0.00000000,0.00000000,0.02445210,0.00000000,0.00000000,0.00000000,0.00000000,0.00000000,0.00000000,0.00000000,0.00000000,0.02114433,0.00000000,0.00000000,0.00569207,0.00000000,0.00000000,0.00000000,0.00295641,0.00000000,0.00000000,0.00000000,0.00000000,0.00000000,0.00000000,0.00000000,0.38727755,0.00000000,0.00000000,0.00000000,0.00370898,0.00000000,0.00000000,0.00000000,0.00000000,0.00000000,0.00000000,0.00000000,0.00000000,0.00618958,0.00000000,0.00000000,0.00000000,0.00000000,0.00000000,0.00000000,0.00000000,0.00000000,0.00000000,0.00000000,0.00000000,0.00000000,0.00445332,0.00000000,0.00000000,0.00000000,0.00000000,0.00000000,0.00000000,0.00000000,0.00307018,0.00000000,0.00000000,0.00000000,0.00000000,0.00595909,0.00000000,0.00000000,0.00000000,0.00000000,0.00000000,0.00000000,0.00000000,0.00000000,0.00000000,0.00000000,0.00000000,0.00000000,0.00000000,0.00000000,0.03796381,0.15155967,0.00000000,0.00000000,0.00000000,0.01505078,0.00000000,0.00000000,0.00000000,0.00000000,0.84241548,0.00000000,0.00000000,0.00000000,0.00000000,0.00000000,0.00000000,0.00000000,0.01699800,0.00000000,0.00000000,0.33890233,0.00000000,0.02172782
0.00000000,0.00147691,0.00000000,0.00227992,0.00000000,0.00000000,0.00000000,0.00715416,0.00000000,0.00638035,0.00000000,0.00000000,0.00000000,0.00000000,0.00000000,0.00000000,0.00000000,0.00093583,0.00000000,0.00000000,0.00000000,0.00000000,0.01156982,0.01584647,0.00000000,0.00000000,0.00000000,0.00000000,0.01745483,0.00000000,0.00000000,0.00000000,0.00000000,0.00000000,0.00000000,0.00000000,0.00000000,0.00000000,0.00000000,0.00000000,0.00000000,0.10426021,0.00000000,0.00000000,0.00000000,0.00000000,0.00000000,0.00000000,0.00000000,0.00000000,0.00000000,0.00000000,0.00000000,0.00000000,0.00000000,0.00000000,0.00000000,0.00000000,0.00000000,1.99642739,0.02372552,0.00000000,0.00000000,0.00000000,0.00509435,0.00730310,0.00000000,0.00000000,0.00000000,0.00000000,0.00000000,0.00000000,0.00000000,0.00170640,0.00000000,0.00000000,0.00000000,0.00000000,0.00000000,0.00000000,0.00000000,0.00000000,0.00000000,0.00807965,0.00000000,0.00000000,0.00000000,0.00000000,0.00000000,0.00000000,0.00000000,0.00000000,0.00000000,0.08841079,0.00000000,0.00000000,0.00000000,0.00000000,0.00000000,0.00000000,0.00000000,0.00000000,0.00000000,0.00000000,0.00000000,0.00000000,0.00000000,0.00000000,0.00164873,0.00000000,0.00404194,0.02448832,0.00000000,0.01872470,0.00000000,0.00000000,0.00000000,0.00000000,0.00000000,0.00000000,0.00000000,0.00000000,0.00000000,0.00191087,0.00248906,0.00000000,0.00000000,0.00000000,0.00000000,0.01224473,0.00000000,0.00177868,0.00000000,0.01295224,0.00000000,0.00000000,0.00000000,0.00000000,0.00000000,0.00000000,0.00000000,0.00000000,0.00000000,0.00000000,0.00953652,0.00000000,0.00000000,0.00000000,0.00000000,0.00000000,0.00000000,0.00000000,0.00000000,0.00000000,0.00000000,0.00000000,1.48568768,0.00000000,0.00200872,0.00000000,0.00000000,0.00000000,0.00000000,0.00000000,0.00000000,0.00000000,0.00000000,0.00000000,0.00236953,0.00000000,0.00000000,0.00000000,0.00000000,0.00000000,1.01701338,0.01548296,0.00000000,0.00668130,0.00000000,0.00000000,0.00000000,0.00000000,0.00000000,0.00000000,0.00000000,0.10091200,0.00000000,0.00000000,0.00000000,0.00000000,0.00000000,0.00345073,0.00000000,0.00000000,0.00000000,0.00405031,0.00000000,0.00000000,0.00000000,0.09374865,0.00000000,0.00000000,0.00000000,0.00000000,0.00000000,0.00000000,0.00000000,0.00000000,0.00000000,0.00000000,0.00000000,0.00000000,0.00000000,0.00000000,0.00000000,0.00000000,0.00000000,0.00000000,0.00000000,0.00000000,0.00000000,0.00000000,0.00000000,0.00000000,0.00000000,0.00000000,0.00000000,0.00000000,0.00000000,0.00000000,1.29796069,0.00000000,0.00000000,0.00000000,0.00000000,0.00000000,0.00000000,0.00000000,0.00000000,0.00000000,0.00000000,0.00000000,0.00000000,0.00000000,0.00000000,0.00000000,0.00000000,0.00000000,0.00905015,0.00000000,0.00000000,0.00000000,0.03598738,0.00000000,0.01002420,0.00000000,0.00000000,0.00000000,0.00000000,0.02170834,0.00000000,0.00000000,0.00000000,0.00000000,0.00000000,0.00000000,0.00000000,0.00074993,0.00000000,0.00413283,0.00000000,0.00000000,0.00000000,0.00000000,0.00000000,0.00000000,0.00000000,0.00000000,0.00000000,0.00000000,0.00151956,0.00000000,0.00000000,0.00000000,0.02800876,0.00046510,0.00170308,0.00000000,0.00071504,0.00000000,0.00254792,0.00000000,0.00000000,0.00000000,0.00000000,0.09138534,0.00000000,0.00313168,0.00000000,0.00000000,0.00000000,0.00000000,0.00000000,0.00000000,0.00731369,0.00807552,0.00000000,0.00000000,0.00000000,0.00000000,2.52916134,0.00000000,0.00000000,0.00000000,0.00000000,0.00000000,0.00000000,0.00000000,0.00000000,0.00000000,0.00000000,0.00318573,0.00000000,0.00000000,0.00000000,0.00000000,0.00000000,0.00000000,0.03634789,0.00000000,0.00000000,0.00000000,0.00000000,0.00000000,0.00000000,0.00000000,0.00000000,0.00000000,0.00000000,0.00000000,0.00000000,0.00000000,0.00000000,0.00000000,0.05379485,0.00000000,0.00000000,0.00000000,0.00000000,0.00000000,0.02117363,0.00000000,0.00000000,0.00000000,0.00384450,0.00000000,0.00000000,0.00000000,0.00000000,0.00000000,0.00000000,0.00000000,0.00000000,0.00000000,0.00341741,0.00098891,0.00000000,0.00000000,0.00000000,0.00000000,0.00000000,0.00000000,0.00000000,0.00000000,0.00000000,0.00000000,0.00000000,0.00000000,0.00000000,0.00000000,0.00000000,0.00000000,0.00000000,0.00000000,0.00000000,0.00000000,0.00000000,0.00000000,0.00000000,0.00000000,0.00000000,0.00000000,0.00000000,0.00000000,0.00000000,0.00000000,0.00000000,0.00000000,0.00000000,0.00000000,0.00000000,0.00000000,0.00000000,0.00000000,0.00000000,0.00000000,0.00339450,0.00000000,0.00000000,0.00000000,0.00000000,0.00000000,0.00000000,0.00000000,0.00000000,0.00000000,0.02747498,0.00000000,0.00000000,0.00000000,0.00000000,0.00000000,0.00000000,0.00000000,0.00000000,0.00000000,0.00000000,0.00000000,0.00000000,0.00000000,0.00831960,0.00000000,0.00000000,2.60167246,0.00000000,0.00000000,0.00000000,0.01513226,0.00000000,0.00000000,0.00000000,0.00000000,0.00000000,0.00000000,0.00000000,0.00000000,0.00000000,0.00000000,0.00240026,0.00000000,0.18638449,0.01960600,0.00000000,0.00000000,0.00099812,0.00000000,0.00000000,0.00000000,0.00000000,0.00000000,0.00000000,0.00000000,0.00000000,0.00000000,0.00000000,0.00194715,0.00000000,0.00000000,0.00000000,0.00000000,0.00000000,0.00000000,0.00000000,0.06195753,0.00000000,0.00194556,0.00000000,0.00000000,0.00432149,0.00000000,0.00000000,0.00000000,0.00000000,0.00000000,0.00906971,2.03658501,0.00000000,0.00333358,0.00000000,0.00000000,0.00000000,0.00000000,0.00000000,0.00000000,0.00000000,0.00000000,0.00000000,0.00000000,0.00000000,0.00000000,0.00000000,0.00000000,0.00000000,0.00000000,0.00591575,0.00000000,0.00000000,0.00000000,0.00000000,0.00000000,0.00000000,0.00000000,0.02168937,0.00000000,0.00187356,0.00000000,0.00000000,0.00000000,0.00000000,0.00000000,0.00000000,0.00000000,0.00000000,0.00000000,0.00000000,0.00000000,0.00000000,0.00000000,0.00000000,0.00000000,0.00000000,0.00000000,0.00000000,0.00150543,0.00000000,0.00000000,0.00000000,0.00000000,0.00000000,0.00000000,0.00000000,0.00000000,0.00000000,0.00000000,0.00000000,0.04159091,0.00000000,0.00000000,0.00000000,0.00000000,0.00383778,0.00000000,0.00000000,0.00000000,0.00000000,0.00000000,0.00237957,0.01350789,0.00000000,0.00000000,0.00000000,0.00000000,0.00000000,0.01364486,0.00000000,0.00000000,0.00000000,0.01199872,0.00000000,0.00000000,0.03600459,0.00000000,0.00000000,0.00000000,0.00000000,0.00000000,0.00000000,0.00000000,0.00000000,0.00000000,0.14798974,0.00000000,0.07389445,0.00716140,0.00000000,0.00807185,0.00000000,0.00294852,0.00000000,0.00000000,0.00000000,0.00000000,0.02893115,0.00000000,0.00000000,0.00000000,0.00000000,0.00000000,0.00000000,0.00000000,0.00000000,0.00000000,0.00350124,0.00000000,0.00000000,0.00000000,0.00000000,0.00000000,0.00000000,0.00226044,0.00000000,0.00000000,0.00000000,0.00000000,0.01270665,0.00000000,0.00000000,0.00000000,0.00000000,0.00132310,0.00000000,0.00000000,0.00000000,0.04722131,0.00000000,0.00000000,0.00000000,0.00000000,0.00000000,0.00000000,0.00000000,0.00000000,0.00000000,0.00000000,0.00000000,0.00000000,0.00000000,0.00000000,0.00000000,0.00000000,0.00000000,0.02791637,0.00000000,0.00000000,0.00000000,0.00000000,0.00000000,0.00000000,0.00000000,0.00000000,0.00000000,0.00000000,0.00000000,0.00000000,0.00000000,0.00000000,0.00219505,0.00000000,0.12990439,0.00000000,0.00000000,0.00000000,0.00000000,0.00000000,0.05070353,0.00000000,0.00000000,0.00000000,0.00000000,0.00000000,0.00000000,0.00000000,0.00000000,0.00000000,0.00000000,0.00000000,0.00000000,0.00000000,0.00000000,0.00000000,0.00000000,0.00000000,0.00000000,0.00000000,0.00000000,0.00000000,0.00000000,0.00000000,0.00068130,0.00000000,0.00000000,0.00410212,0.00000000,0.00542721,0.00000000,0.00000000,0.00000000,0.00000000,0.00000000,0.00000000,0.00000000,0.03922586,0.00000000,0.00000000,0.01977563,0.00000000,0.00000000,0.00000000,0.00000000,0.00000000,0.00000000,0.00000000,0.00000000,0.00000000,0.00000000,0.00000000,0.00000000,0.00000000,0.00000000,0.00000000,0.02994791,0.00000000,0.00000000,0.00000000,0.00000000,0.00000000,0.00000000,0.00000000,0.00000000,0.00000000,0.00000000,0.00000000,0.00000000,0.00000000,0.00000000,0.00000000,0.00000000,0.00000000,0.00000000,0.00000000,0.00000000,0.00000000,0.00000000,0.00000000,0.00000000,0.00000000,0.00000000,0.01265088,0.00000000,0.00000000,0.00000000,0.00000000,0.00000000,0.00000000,0.00000000,0.00000000,0.00000000,0.00000000,0.00000000,0.00000000,0.00000000,0.00000000,0.00000000,0.00000000,0.00000000,0.00000000,0.00000000,0.00000000,0.00000000,0.00000000,0.00000000,0.00000000,0.00000000,0.00000000,0.00746189,0.00000000,0.00000000,0.01292640,0.00295972,0.00000000,0.00000000,0.00000000,0.00000000,0.00000000,0.00000000,0.00000000,0.00000000,0.00000000,0.00000000,0.00000000,0.00000000,0.00000000,0.01296827,0.00000000,0.00000000,0.00000000,0.00000000,0.00000000,0.00000000,0.00000000
0.00000000,0.00000000,0.00000000,0.00000000,0.00000000,0.00000000,0.00000000,0.00000000,0.00000000,0.03407930,0.00000000,0.00000000,0.00000000,0.00000000,0.00000000,0.00000000,0.00000000,0.00000000,0.00000000,0.00641277,0.00000000,0.00000000,0.00000000,0.00000000,0.00000000,0.00000000,0.00000000,0.00000000,0.02294919,0.00000000,0.00000000,0.00000000,0.04064387,0.00000000,0.00000000,0.00000000,0.00000000,0.00000000,0.00000000,0.00000000,0.00000000,0.00000000,0.00000000,0.00000000,0.00000000,0.00000000,0.00000000,0.00000000,0.00000000,0.00000000,0.00000000,0.00000000,0.00000000,0.00000000,0.00190052,0.00000000,0.00000000,0.00000000,0.01359741,0.00000000,0.00000000,0.00000000,0.00000000,0.00000000,0.00000000,0.00000000,0.00000000,0.00000000,0.00000000,0.00000000,0.00000000,0.00000000,0.00000000,0.00000000,0.00000000,0.00000000,0.00000000,0.00000000,0.00000000,0.00000000,0.00000000,0.00387920,0.00261044,0.00000000,0.00000000,0.00000000,0.00000000,0.04306884,0.00000000,0.00000000,0.00912041,0.00000000,0.02071039,0.00000000,0.00000000,0.00000000,0.00071050,0.00000000,0.00217420,0.00417957,0.00000000,0.00000000,0.00000000,0.00000000,0.00247414,0.00000000,0.00000000,0.11344503,0.00000000,0.00635520,0.00000000,0.00000000,0.00000000,0.00000000,0.00000000,0.00000000,0.00000000,0.00000000,0.00000000,0.00000000,0.00000000,0.00000000,0.00000000,0.00000000,0.00233182,0.00275535,0.00000000,0.00000000,0.00000000,0.00000000,0.00000000,0.12774075,0.23070198,0.00000000,0.00000000,0.00000000,0.00000000,0.00000000,0.00000000,0.00000000,0.00000000,0.01833091,0.00000000,0.00329315,0.00000000,0.00182794,0.00000000,0.00000000,0.00000000,0.00000000,0.00000000,0.00000000,0.00000000,0.00000000,0.00000000,0.00000000,0.00000000,0.00000000,0.00000000,0.00000000,0.00000000,0.00000000,0.00000000,0.00000000,0.00000000,0.00000000,0.00091823,0.02620940,0.00000000,0.00000000,0.00000000,0.00000000,0.00000000,0.00000000,0.00000000,0.00000000,0.00000000,0.00000000,0.00000000,0.00146327,0.00000000,0.00566701,0.00000000,0.00000000,0.01173350,0.00000000,0.00000000,0.00613090,0.00000000,0.00000000,0.00000000,0.02667218,0.00000000,0.00000000,0.00000000,0.00000000,0.00000000,0.00000000,0.00100711,0.00000000,0.00000000,0.00000000,0.00000000,0.00000000,0.10823921,0.00000000,0.00000000,0.00000000,0.00000000,0.00000000,0.17690177,0.00633458,0.00000000,0.00000000,0.00000000,0.00515663,0.00000000,0.00000000,0.00000000,0.00000000,0.00000000,0.00000000,0.00000000,0.00000000,0.00000000,0.00000000,0.00000000,0.00000000,0.00000000,0.00000000,0.00000000,0.00000000,0.00000000,1.66073089,0.00000000,1.31530678,0.00000000,0.00000000,0.00000000,0.00067843,0.00000000,0.00000000,0.02034406,0.00000000,0.00000000,0.00000000,0.00000000,0.00000000,0.00000000,0.00000000,0.00000000,0.01784959,0.00000000,0.72786866,0.00111752,0.03447387,0.00000000,0.00000000,0.00000000,0.00000000,0.00000000,0.00000000,0.00000000,0.00000000,0.00000000,0.00000000,0.00000000,0.00078780,0.00000000,0.00000000,0.00000000,0.05440051,0.00000000,0.03943654,0.00000000,0.00000000,0.00000000,0.00000000,0.00761602,0.00000000,0.00000000,0.00000000,0.00000000,0.00837425,0.00000000,0.00000000,0.00000000,0.00000000,0.00000000,0.00000000,0.00000000,0.00000000,0.00000000,0.00000000,0.00000000,0.00000000,0.00000000,0.00000000,0.00000000,0.00000000,0.22018715,0.00000000,0.00000000,0.00000000,0.04071427,0.00000000,0.00000000,0.00000000,0.05445399,0.00000000,0.00000000,0.00000000,0.10974759,0.00000000,0.00940644,0.00000000,0.00416788,0.00000000,0.00000000,0.00000000,0.00000000,0.00000000,0.00000000,0.00000000,0.00000000,0.00000000,0.00000000,0.00000000,0.04475768,0.00000000,0.00000000,0.00000000,0.00000000,0.00000000,0.00000000,0.00338340,0.00000000,0.00000000,0.00000000,0.00000000,0.00000000,0.00000000,0.00000000,0.00215250,0.00000000,0.00000000,0.00000000,0.00000000,0.00000000,0.00148551,0.00000000,0.00000000,0.00000000,0.00000000,0.00000000,0.00000000,0.00000000,0.00000000,0.00000000,0.00000000,0.00000000,1.39966525,0.00000000,0.00000000,0.00000000,0.00000000,0.00000000,0.00000000,0.00000000,0.00000000,0.00000000,0.00000000,0.00000000,0.00000000,0.00000000,0.00000000,0.00772866,0.00000000,0.00000000,0.00000000,0.00000000,0.00000000,0.00000000,0.00000000,0.00000000,0.00144468,0.00000000,0.00000000,0.00000000,0.00000000,0.07297220,0.00000000,0.00000000,0.00000000,0.00000000,0.00000000,0.00000000,0.00000000,0.00903580,0.00000000,0.00000000,0.00000000,0.00000000,0.00000000,0.00000000,0.01638148,0.00000000,0.00000000,0.00000000,0.00000000,0.00000000,0.00000000,0.00000000,0.00000000,0.00000000,0.00000000,0.00000000,0.00000000,0.00000000,0.00000000,0.00000000,0.00000000,0.00000000,0.00000000,0.00000000,0.00000000,0.00000000,0.00000000,0.00000000,0.00000000,0.00000000,0.06741713,0.00000000,0.00000000,0.17231290,0.00000000,0.00000000,0.00000000,0.00000000,0.00000000,0.00000000,0.00000000,0.00000000,0.00000000,0.00000000,0.00000000,0.00000000,0.00000000,0.00000000,0.00000000,0.00000000,0.00000000,0.00000000,0.00000000,0.00000000,0.00000000,0.02184955,0.00000000,0.00000000,0.00000000,0.00000000,0.00000000,0.00000000,0.00000000,0.00000000,0.00166716,0.01901903,0.00000000,0.00000000,0.00268434,0.00000000,0.00000000,0.00000000,0.00000000,0.00000000,0.00000000,0.00625403,0.00000000,0.00000000,0.00000000,0.00000000,0.00000000,0.00000000,0.00000000,0.00000000,0.00000000,0.00000000,0.00000000,0.00000000,0.00000000,0.00000000,0.00000000,0.00000000,0.00000000,0.00000000,0.00000000,0.00000000,0.00000000,0.00000000,0.00000000,0.00000000,0.00000000,0.00000000,0.00000000,0.00000000,0.04184705,0.00000000,0.00000000,0.00000000,0.00298221,0.00000000,0.00000000,0.03384907,0.00000000,0.00000000,0.00000000,0.00000000,0.00000000,0.00000000,0.00000000,0.00000000,0.00000000,0.00000000,0.00000000,0.00000000,0.00000000,0.00000000,0.00000000,0.00000000,0.00000000,0.00000000,0.00000000,0.00000000,0.00000000,0.00114929,0.00000000,0.00000000,0.00000000,0.00000000,0.00000000,0.01072390,0.00000000,0.00000000,0.00000000,0.00000000,0.00000000,0.00000000,0.00000000,0.00000000,0.00000000,0.00000000,0.00000000,0.00000000,0.00000000,0.01601883,0.00000000,0.00000000,0.00000000,0.00752476,0.00000000,0.00000000,0.00000000,0.00000000,0.00000000,0.00000000,0.00000000,0.00000000,0.00000000,0.00000000,0.00000000,0.00000000,0.00470315,0.00000000,0.00952814,0.00384254,0.00000000,0.00000000,0.00000000,0.00000000,0.01188659,0.00000000,0.00220095,0.00000000,0.00000000,0.00000000,0.01015651,0.03513600,0.00303846,0.00000000,0.00000000,0.00000000,0.00000000,0.00000000,0.00000000,0.00000000,0.00000000,0.00000000,0.00000000,0.00000000,0.00000000,0.00000000,0.00000000,0.00000000,0.00000000,0.00996903,0.00000000,0.00000000,0.00000000,0.00000000,0.00000000,0.00000000,0.00000000,0.00000000,0.00000000,0.00000000,0.00000000,0.00000000,0.00000000,0.02452153,0.00000000,0.00317244,0.02850364,0.01812759,0.00000000,4.66256789,0.00000000,0.00000000,0.00000000,0.00000000,0.00000000,0.00000000,0.00865397,0.00000000,0.00000000,0.00000000,0.00000000,0.00000000,0.00000000,0.00000000,0.00684108,0.00000000,0.00000000,0.00000000,0.00000000,0.00000000,0.00000000,0.00000000,0.00211012,0.00000000,0.00000000,0.00000000,0.00000000,0.00000000,0.00000000,0.00000000,0.00000000,0.00000000,0.00000000,0.24811383,0.00000000,0.00000000,0.00000000,0.00000000,0.00000000,0.00000000,0.00000000,0.00000000,0.00000000,0.00000000,0.00000000,0.00000000,0.00000000,0.00000000,0.00000000,0.00000000,0.00000000,0.00000000,0.00000000,0.00000000,0.00000000,0.00000000,0.00915014,0.00000000,0.00000000,0.01934826,0.00000000,0.00000000,0.01366237,0.00519775,0.00000000,0.00000000,0.00000000,0.00000000,0.00000000,0.00000000,0.00000000,0.00000000,0.00000000,0.00000000,0.00000000,0.00398418,0.00000000,0.00200111,0.00000000,0.00000000,0.00000000,0.00000000,0.00000000,0.00000000,0.00430583,0.00000000,0.00000000,0.00000000,0.00000000,0.00000000,0.00000000,0.00000000,0.00000000,0.00000000,0.00000000,0.00000000,0.00156339,0.00000000,0.00000000,0.00000000,0.00000000,0.00000000,0.06098662,0.00000000,0.00000000,0.00000000,0.00000000,0.00000000,0.00000000,0.00249028,0.00000000,0.00000000,0.00000000,0.00000000,0.00000000,0.00100477,0.00000000,0.00000000,0.00000000,0.00000000,0.00000000,0.00000000,0.00000000,2.94028123,0.00000000,0.00000000,0.00000000,0.00000000,0.00000000,0.00000000,0.00000000,0.00000000,0.00000000,0.00000000,0.00000000,0.41838316,0.00000000,0.00000000,0.00000000,0.00000000,0.01688348,0.00000000,0.00000000,0.00000000,0.00000000,0.00000000,0.00000000,0.00000000,0.00000000,0.00000000,0.00000000,0.00971254,0.00000000,0.00000000,0.00000000,0.00000000,0.00000000,0.00000000,0.00000000,0.00000000,0.00000000,0.00401994,0.00000000,0.00000000,0.00000000,0.00000000,0.00000000,0.00000000,0.00000000,0.00000000,0.00722327,0.00000000,0.00000000,0.00000000,0.00000000
0.00000000,0.00000000,0.00000000,0.00000000,0.00000000,0.00000000,0.00000000,0.00000000,0.00000000,0.00000000,0.00000000,0.00000000,0.00338361,0.00701316,0.00000000,0.00000000,0.00000000,0.00000000,0.00881490,0.00000000,0.00000000,0.00000000,0.00000000,0.00000000,0.00000000,0.00000000,0.00000000,0.00000000,0.00000000,0.00000000,0.00000000,0.00000000,0.00000000,0.00162655,0.00000000,0.00000000,0.00000000,0.00000000,0.00000000,0.00000000,0.00000000,0.00000000,0.00000000,0.00000000,0.00000000,0.00000000,0.00000000,0.00000000,0.00455164,0.00000000,0.01230341,0.00000000,0.00392055,0.00497458,0.00000000,0.00000000,0.00000000,0.00000000,0.02564481,0.00000000,0.00000000,0.00000000,0.00000000,0.00000000,0.00647772,0.00000000,0.00000000,0.00000000,0.00000000,0.00000000,0.00000000,0.00000000,0.04988928,0.00000000,0.00000000,0.00000000,0.16854411,0.00000000,0.00000000,0.00000000,0.00000000,0.00000000,0.00000000,0.00000000,0.00000000,0.00000000,0.05155686,0.00000000,0.00000000,0.00000000,0.00000000,0.00000000,0.00000000,0.00000000,0.00000000,0.00000000,0.00000000,0.00000000,0.00000000,0.00000000,0.00000000,0.00000000,0.00000000,0.03622088,0.00000000,0.00000000,0.00000000,0.00000000,0.00000000,0.00000000,0.00000000,0.00000000,0.00000000,0.00000000,0.00000000,0.35593077,0.00000000,0.00000000,0.00000000,0.00000000,0.00000000,0.00000000,0.00787231,0.00000000,0.00347449,0.00000000,0.00000000,0.00000000,0.05268767,0.00312372,0.00000000,0.00000000,0.00000000,0.00000000,0.00000000,0.00000000,0.00000000,0.00000000,0.00428052,0.00000000,0.00375787,0.00000000,0.00000000,0.00000000,0.01356330,0.00000000,0.00942518,0.00000000,0.00000000,0.00000000,0.00000000,0.00000000,0.00000000,0.00000000,0.00000000,0.00000000,0.00000000,0.00000000,0.00000000,0.00000000,0.00000000,0.00000000,0.00000000,0.00000000,0.25231836,0.00919222,0.00000000,0.00000000,0.00000000,0.00000000,0.00000000,0.00000000,0.00000000,0.00000000,0.00291552,0.00000000,0.00000000,0.00000000,0.04790664,0.00000000,0.00000000,0.00000000,0.00000000,0.00173419,0.00304305,0.00000000,0.00000000,0.00000000,0.00000000,0.00000000,0.00000000,0.00000000,0.00000000,0.00000000,0.00000000,0.00000000,0.00191054,0.00000000,0.00000000,0.00000000,0.00930370,0.00000000,0.00000000,0.00000000,0.00000000,0.00424956,0.01356582,0.01236450,0.00000000,0.00000000,0.00000000,0.00000000,0.00000000,0.00000000,0.00000000,0.00164669,0.00000000,0.00225054,0.63302654,0.00000000,0.00000000,0.00406819,0.00000000,0.00000000,0.00000000,0.00000000,0.00000000,0.00000000,0.00000000,0.00000000,0.00284279,0.00000000,0.00000000,0.00000000,0.00000000,0.00000000,0.00000000,0.00000000,0.00000000,0.00000000,0.00000000,0.00000000,0.00000000,0.00000000,0.01540226,0.00000000,0.00000000,0.00000000,0.00000000,0.00000000,0.00000000,0.00000000,0.00000000,0.00000000,0.00000000,0.00000000,0.00000000,0.00000000,0.00000000,0.00000000,0.00000000,0.00000000,0.00000000,0.00129677,0.00000000,0.00000000,0.00000000,0.00493081,0.00000000,0.00000000,0.00000000,0.00272877,0.00161181,0.00000000,0.00000000,0.00000000,0.00000000,0.00000000,0.00000000,0.00000000,0.00000000,0.00000000,0.00000000,0.00000000,0.00000000,0.00000000,0.00000000,0.00000000,0.00000000,0.00000000,0.00000000,0.00000000,0.00000000,0.00000000,0.00000000,0.01064836,0.00553271,0.00000000,0.00000000,0.00000000,0.00397056,0.00000000,0.00000000,0.00000000,0.00000000,0.00000000,0.00000000,0.00000000,0.00000000,0.00000000,0.00000000,0.00095526,0.00000000,0.00000000,0.00000000,0.00000000,0.00000000,0.00000000,0.00000000,0.00000000,0.00000000,0.00000000,0.01515289,0.00000000,0.00000000,0.00000000,0.13657447,0.00000000,0.00000000,0.00000000,0.00000000,0.00000000,0.00000000,0.00000000,0.00000000,0.00000000,0.00627476,0.00000000,0.00000000,0.00000000,0.00000000,0.00000000,0.00000000,0.00000000,0.00000000,0.00000000,0.00000000,0.00000000,0.00000000,0.00000000,0.00000000,0.00000000,0.00000000,0.00000000,0.00000000,0.00000000,0.00000000,0.00000000,0.00000000,0.00000000,0.00000000,0.00000000,0.00000000,0.00000000,0.06241974,0.00000000,0.00000000,0.00188894,0.00000000,0.00000000,0.00000000,0.00000000,0.00000000,0.00000000,0.00000000,0.00000000,0.00000000,0.00000000,0.00000000,0.00000000,0.00000000,0.00000000,0.00000000,0.00000000,0.00000000,0.00000000,0.00000000,0.01346371,0.00000000,0.00000000,0.00000000,0.01007397,0.00000000,0.00000000,0.00000000,0.00000000,0.00000000,0.00000000,0.00000000,0.00000000,0.00000000,0.00000000,0.00953120,0.00000000,0.00503716,0.00000000,0.04549814,0.00000000,0.00000000,0.00000000,0.00000000,0.00000000,0.02515905,0.00000000,0.00000000,0.00000000,0.03582133,0.00874971,0.00000000,0.00071225,0.00000000,0.00000000,0.00824173,0.00000000,0.00000000,0.00000000,0.00000000,0.00000000,0.00000000,0.00000000,0.00000000,0.00000000,0.00000000,0.00000000,0.04325931,0.00000000,0.00000000,0.00000000,0.00000000,0.00000000,0.00000000,0.03264510,0.00000000,0.03162424,0.00000000,0.00000000,0.00000000,0.00000000,0.00000000,0.00000000,0.00000000,0.00000000,0.00000000,0.00000000,0.00442364,0.00000000,0.00000000,0.02249868,0.00000000,0.00000000,0.00000000,0.00000000,0.00280776,0.00000000,0.00000000,0.00726169,0.00000000,0.00000000,0.00000000,0.14019420,0.00000000,0.00000000,0.00000000,0.00000000,0.00000000,0.00000000,0.00000000,0.01442275,0.00000000,0.00000000,0.00000000,0.00000000,0.00000000,0.00000000,0.00646757,0.00000000,0.00000000,0.00000000,0.00000000,0.00000000,0.00000000,0.00000000,0.02017300,0.00000000,0.00000000,0.00000000,0.00615997,0.00000000,0.00000000,0.00000000,0.00000000,0.00000000,0.00000000,0.00000000,0.00000000,0.00000000,0.00753066,0.00000000,0.00000000,0.00000000,0.00000000,0.00000000,0.13380269,0.00000000,0.00000000,0.07255910,0.00000000,0.00000000,0.00000000,0.00000000,0.00000000,0.00000000,0.00000000,0.00000000,0.00000000,0.00000000,0.00000000,0.00000000,0.00000000,0.00000000,0.00000000,0.00000000,0.00000000,0.00000000,0.00000000,0.00000000,0.00000000,0.00000000,0.00000000,0.00000000,0.00564260,0.00000000,0.00000000,0.04159091,0.00000000,0.00000000,0.01020286,0.00000000,0.02765186,0.00000000,0.02352552,0.01663452,0.00000000,0.00000000,0.00000000,0.00000000,0.00000000,0.00000000,0.00000000,0.00000000,0.00000000,0.00000000,0.01409397,0.00402224,0.00000000,0.00000000,0.00000000,0.00000000,0.00000000,0.00000000,0.00000000,0.01640958,0.00000000,0.00568561,0.00000000,0.00000000,0.00000000,0.00000000,0.00000000,0.00000000,0.00000000,0.00000000,0.00000000,0.00000000,0.00816172,0.00000000,0.00000000,0.00000000,0.00000000,0.00000000,0.00000000,0.00000000,0.00000000,0.00098785,0.00000000,0.00000000,0.02440028,0.00000000,0.00000000,0.00000000,0.00000000,0.00000000,0.00000000,0.00000000,0.00000000,0.00000000,0.00000000,0.00000000,0.00000000,0.00000000,0.00000000,0.00000000,0.00000000,0.00000000,0.00000000,0.00000000,0.00000000,0.00000000,0.00000000,0.00000000,0.00000000,0.00000000,0.00000000,0.00000000,0.00000000,0.00000000,0.00000000,0.00000000,0.00000000,0.00000000,0.00000000,0.00000000,0.00000000,0.00000000,0.00000000,0.00000000,0.00000000,0.00000000,0.00000000,0.00000000,0.00000000,0.01820633,1.46566595,0.00000000,0.00000000,0.00114619,0.00000000,0.00000000,0.00000000,0.00000000,0.00000000,0.00000000,0.00000000,0.00000000,0.00000000,0.00000000,0.00000000,0.00000000,0.02096910,0.00000000,0.00000000,0.00000000,0.00000000,0.00000000,0.00000000,0.01072177,0.00000000,0.00000000,0.00000000,0.00000000,0.00000000,0.00000000,0.00000000,0.00000000,0.00000000,0.00000000,0.01567050,0.00000000,0.00000000,0.00000000,0.11189215,0.00000000,0.00000000,0.00000000,0.00000000,0.00000000,0.00000000,0.02288110,0.00000000,0.00000000,0.00000000,0.18509596,0.00000000,0.00000000,0.00667823,0.00000000,0.01033197,0.16252912,0.00000000,0.00000000,0.00000000,0.00000000,0.00366294,0.00000000,0.00000000,0.00000000,0.00000000,0.00000000,0.00000000,0.00000000,0.00000000,0.00000000,0.00000000,0.00380766,0.00000000,0.00000000,0.00000000,0.00000000,1.65089663,0.00000000,0.00000000,0.00000000,0.00000000,0.00000000,0.00000000,0.01426217,0.00536762,0.00000000,0.00000000,0.00000000,0.00000000,0.00000000,0.00000000,0.00000000,0.00000000,0.00000000,0.00000000,0.00000000,0.00000000,0.00294372,0.00000000,0.00000000,0.00000000,0.00000000,0.00000000,0.00000000,0.00466481,0.00000000,0.00000000,0.00000000,0.00000000,0.00000000,0.00000000,0.00000000,0.00000000,0.00000000,0.00000000,0.00000000,0.00000000,0.00083787,0.00000000,0.00000000,0.00000000,0.00000000,0.00000000,0.00000000,0.00000000,0.00237429,0.00174666,0.00000000,0.00000000,0.00000000,0.00000000,0.00000000,0.00000000,0.00000000,0.00000000,0.00000000,0.02117773,0.00000000,0.00000000,0.00000000,0.00000000,0.00000000,0.00000000,0.00000000,0.00000000,0.00000000,0.00000000,0.00000000,0.00000000,0.00000000,0.00000000,0.00000000,0.00000000,0.00000000,0.00000000,0.00000000,0.00000000,0.00000000
0.00000000,0.00000000,0.00000000,0.00000000,0.00000000,0.00000000,0.00000000,0.00416056,0.00000000,0.00000000,0.00513384,0.00000000,0.00000000,0.00113173,0.00000000,0.00779344,0.00000000,0.00000000,0.00000000,0.00000000,0.00315411,0.00000000,0.00000000,0.00000000,0.00000000,0.00000000,0.02209238,0.00000000,0.00451145,0.00000000,0.00000000,0.00000000,0.00000000,0.00000000,0.00088643,0.00000000,0.00000000,0.00000000,0.00000000,0.00000000,0.00000000,0.00000000,0.00000000,0.00000000,0.00000000,0.00000000,0.00000000,0.00000000,0.00000000,0.00000000,0.00000000,0.00000000,0.00000000,0.00000000,0.00000000,0.00000000,0.00000000,0.00000000,0.00000000,2.01956053,0.00000000,0.00000000,0.00000000,0.00000000,0.00000000,0.00000000,0.00000000,0.00000000,0.00000000,0.00000000,0.00000000,0.00000000,0.00000000,0.00000000,0.00000000,0.00000000,0.00000000,0.00000000,0.00000000,0.00000000,0.00000000,0.00000000,0.00000000,0.00000000,0.00000000,0.00826186,0.00000000,0.00000000,0.00000000,0.00000000,0.00000000,0.00000000,0.00000000,0.00060364,0.00000000,0.00000000,0.00000000,0.97219079,0.00000000,0.00418302,0.00000000,0.00000000,0.00000000,0.00000000,0.00000000,0.00214694,0.00000000,0.00000000,0.00456136,0.00000000,0.00000000,0.00000000,0.00000000,0.00000000,0.00093456,0.00000000,0.00000000,0.00000000,0.00000000,0.00000000,0.00000000,0.00689360,0.00000000,0.00000000,0.00000000,0.00000000,0.00000000,0.00000000,0.00000000,0.00000000,0.00000000,0.00000000,0.00000000,0.00000000,0.00000000,0.00558378,0.00000000,0.00000000,0.00000000,0.00000000,0.00000000,0.24612388,0.00000000,0.00000000,0.00243018,0.00000000,0.00221683,0.00000000,0.00334180,0.00000000,0.00000000,0.00000000,0.00000000,0.00000000,0.00000000,0.00000000,0.00266338,0.00000000,0.00000000,0.00204883,0.00000000,0.00749085,0.00000000,0.00000000,0.00000000,0.00000000,0.00000000,0.00000000,0.00000000,0.00000000,0.00000000,0.01337091,0.00000000,0.00000000,0.00000000,0.00000000,0.00000000,0.00000000,0.00000000,0.00000000,0.00000000,0.00000000,0.00000000,0.00000000,0.02577558,1.67762480,0.00000000,0.00238187,0.00000000,0.00000000,0.00000000,0.00000000,0.00000000,0.00000000,0.00000000,0.00000000,0.00000000,0.00000000,0.00000000,0.00000000,0.00000000,0.00000000,0.00000000,0.00000000,0.00000000,0.00000000,0.00000000,0.00000000,0.00000000,0.00000000,0.00000000,0.00000000,0.00000000,0.00000000,0.00000000,0.00000000,0.00000000,0.00000000,0.00000000,0.00000000,0.00577729,0.00000000,0.01067482,0.00000000,0.00000000,0.00000000,0.00000000,0.00000000,0.00000000,0.00000000,0.00000000,0.00000000,0.00000000,0.00000000,0.00888022,0.00000000,0.00000000,0.00000000,0.00000000,0.00000000,0.00000000,0.00000000,0.00000000,0.00000000,2.71005565,0.00000000,0.00000000,0.00000000,0.00000000,0.00644280,0.00000000,0.00000000,0.00000000,0.00000000,0.01497312,0.00000000,0.00000000,0.00000000,0.00000000,0.00000000,0.00000000,0.00000000,0.00000000,0.00000000,0.00000000,0.00000000,0.00399679,0.00000000,0.00000000,0.00000000,0.00000000,0.00000000,0.00000000,0.00000000,0.00490429,0.00000000,0.00000000,0.00000000,0.00000000,0.00000000,0.00000000,0.00000000,0.00000000,0.00000000,0.00000000,0.00000000,0.00000000,0.00000000,0.00000000,0.00000000,0.00000000,0.00000000,0.00000000,0.00000000,0.00000000,0.00000000,0.00000000,0.00000000,0.00000000,0.00000000,0.00000000,0.00000000,0.00000000,0.00000000,0.00000000,0.11691084,0.00226576,0.00000000,0.00000000,0.00000000,0.00000000,0.00000000,0.00000000,0.00000000,0.00000000,0.00000000,0.00360926,0.00000000,0.00000000,0.00000000,0.03633521,0.05632159,0.00000000,0.00000000,0.00000000,0.00000000,0.00000000,0.00000000,0.00000000,0.00539077,0.00000000,0.00000000,0.00000000,0.00000000,0.00000000,0.00000000,0.00567879,0.00000000,0.00000000,0.00000000,0.00000000,0.00984970,0.00000000,0.00000000,0.00901475,0.00000000,0.00000000,0.00000000,0.00000000,0.00000000,0.00000000,0.00000000,0.00000000,0.00000000,0.00000000,0.00000000,0.00000000,0.00000000,0.00000000,0.02898991,0.00000000,0.00000000,0.00000000,0.00000000,0.03921293,0.00142834,0.00000000,0.00000000,0.00000000,0.19349378,0.00000000,0.00000000,0.00000000,0.00000000,0.00000000,0.00000000,0.00196909,0.00000000,0.00000000,0.00000000,0.00000000,0.00000000,0.00000000,0.00233341,0.00000000,0.00000000,0.00063969,0.00000000,0.00000000,0.00000000,0.00000000,0.00000000,0.00000000,0.00000000,0.00694582,0.00000000,0.00000000,0.00000000,0.00000000,0.00000000,0.00000000,0.00000000,0.00000000,0.00000000,0.00000000,0.00000000,0.00000000,0.00000000,0.00000000,0.00000000,0.00000000,0.00000000,0.01226713,0.00000000,0.01486293,0.00000000,0.00000000,0.00133170,0.00000000,0.00000000,0.00000000,0.00000000,0.00000000,0.00000000,0.00000000,0.00000000,0.00000000,0.10231663,0.00000000,0.00000000,0.00000000,0.00000000,0.00000000,0.00000000,0.00000000,0.00000000,0.00000000,0.00000000,0.00420991,0.00258948,0.00000000,0.00000000,0.00309092,0.00000000,0.00000000,0.00000000,0.00000000,0.00000000,0.02239255,0.00000000,0.00000000,0.00629583,0.00000000,0.00000000,0.00000000,0.00000000,0.00087270,0.00000000,0.00000000,0.00000000,0.00000000,0.00089201,0.00000000,1.04384166,0.00000000,0.00000000,0.00000000,0.00000000,0.00000000,0.00000000,0.00607893,0.00000000,2.18110447,0.00000000,0.00000000,0.00075114,0.00000000,0.00000000,0.00000000,0.00000000,0.00000000,0.00000000,0.25727400,0.00081805,0.00000000,0.00000000,0.00292088,0.00000000,0.00000000,0.00000000,0.00000000,0.00000000,0.00000000,0.00000000,0.04092083,0.00000000,0.00000000,0.00000000,0.08740899,0.00000000,0.00000000,0.00000000,0.00000000,0.00000000,0.00000000,0.01097205,0.00000000,0.00000000,0.00000000,0.00000000,0.00000000,0.00000000,0.00000000,0.00000000,0.00000000,0.00603672,0.00000000,0.00000000,0.00000000,0.00000000,0.00000000,0.00090994,0.00000000,0.03988711,0.00000000,0.00000000,0.00000000,0.00000000,0.00175156,0.00000000,0.00000000,0.00000000,0.00000000,0.00000000,0.00000000,0.00000000,0.03142648,0.00000000,0.00000000,0.00000000,0.00000000,0.00000000,0.00000000,0.00000000,0.00000000,0.01020286,0.00000000,0.00000000,0.00000000,0.00222617,0.00000000,0.00000000,0.00000000,0.00000000,0.00000000,0.00000000,0.00462117,0.00000000,0.00000000,0.00291864,0.00000000,0.01698195,0.00000000,0.00000000,0.00000000,0.00135795,0.00000000,0.11759499,0.00000000,0.00000000,0.00000000,0.00000000,0.00000000,0.00000000,0.00000000,0.00000000,0.00000000,0.00000000,0.00000000,0.00000000,0.00000000,0.00000000,0.00000000,0.00000000,0.00000000,0.00000000,0.00000000,0.00000000,0.00000000,0.01146647,0.00000000,0.00000000,0.00000000,0.01983458,0.00000000,0.00000000,0.00000000,0.00000000,0.00000000,0.00000000,0.00000000,0.00000000,0.00798301,0.00000000,0.00000000,0.00000000,0.00000000,0.00000000,0.00000000,0.00000000,0.00000000,0.00000000,0.00000000,0.00000000,0.00000000,0.00000000,0.02814618,0.00000000,0.00000000,0.00000000,0.00000000,0.00000000,0.00000000,0.00000000,0.00000000,0.00000000,0.00438941,0.00000000,0.00000000,0.01941444,0.00000000,0.00000000,0.00000000,0.00000000,0.00000000,0.00000000,0.00058949,0.00000000,0.00000000,0.00315729,0.00000000,0.00000000,0.00000000,0.00000000,0.01267731,0.00000000,0.00000000,0.02784263,0.00429954,0.00000000,0.00000000,0.00000000,0.00078128,0.04548357,0.00000000,0.00000000,0.00000000,0.00000000,0.00000000,0.00000000,0.00000000,0.03084051,0.00000000,0.00000000,0.00000000,0.00000000,0.00000000,2.86730273,0.00000000,0.00000000,0.00000000,0.00000000,0.00128323,0.00000000,0.00000000,0.00000000,0.00000000,0.00000000,0.00000000,0.00000000,0.00000000,0.00000000,0.00000000,0.00000000,0.00000000,0.00000000,0.00925885,0.00000000,0.00000000,0.60689690,0.00000000,0.00000000,0.00000000,0.00101526,0.00000000,0.00000000,0.00000000,0.00000000,0.00000000,0.00000000,0.00000000,0.00000000,0.00000000,0.00000000,0.00000000,0.00091829,0.00000000,0.00000000,0.00000000,0.13971270,0.00000000,0.00000000,0.00000000,0.00000000,0.00000000,0.00000000,0.00000000,0.00000000,0.00000000,0.00000000,0.00000000,0.00000000,0.00000000,0.00000000,0.00000000,0.00000000,0.00000000,0.00000000,0.00000000,0.00000000,0.00000000,0.00000000,0.00000000,0.00000000,0.00000000,0.00000000,0.00000000,0.00000000,0.00000000,0.00205951,0.00000000,0.00000000,0.00000000,0.01546551,0.00000000,0.00000000,0.00000000,0.00000000,0.00000000,0.00000000,0.00000000,0.00000000,0.00000000,0.00000000,0.00000000,0.00000000,0.00000000,0.00000000,0.00000000,0.00000000,0.00000000,0.00000000,0.00000000,0.08197489,0.00000000,0.00000000,0.00000000,0.00000000,0.00000000,0.00000000,0.00000000,0.00000000,0.00000000,0.00000000,0.00000000,0.00000000,0.00000000,0.00000000,0.00000000,0.00000000,0.00000000,0.00000000,0.00000000,0.18775674,0.00000000,0.00313035,0.00000000,0.00000000,0.00000000,0.00070285,0.00000000,0.00000000,0.00000000,0.00000000,0.00000000,0.00000000,0.00000000,0.00000000,0.00000000,0.00000000
0.00000000,0.00280488,0.01810394,0.00000000,0.00000000,0.00000000,0.00647159,0.00157069,0.00000000,0.00000000,0.00000000,0.00000000,0.00000000,0.00000000,0.00000000,0.00000000,0.00000000,0.00177541,0.00000000,0.00000000,0.00000000,0.00653419,0.00000000,0.00000000,0.00000000,2.51322392,0.00000000,0.00000000,0.00000000,0.00000000,0.00448786,0.00000000,0.00000000,0.00000000,0.00000000,0.00000000,0.00000000,0.00000000,0.00000000,0.00000000,0.00000000,0.00442914,0.00000000,0.00000000,0.00000000,0.00000000,0.00000000,0.00000000,0.00000000,0.14106761,0.00000000,0.03376015,0.00000000,0.00000000,0.00000000,0.00000000,0.00000000,0.00199383,0.00000000,0.00000000,0.00000000,0.00000000,0.00000000,0.00000000,0.00000000,0.01896009,0.00000000,0.00000000,0.00000000,0.00000000,0.00000000,0.00000000,0.00000000,0.00000000,0.00000000,0.00000000,0.00000000,0.04345532,0.00000000,0.00000000,0.00000000,0.00000000,0.00000000,0.00000000,0.00000000,0.00000000,0.00000000,0.00609871,0.00000000,0.00000000,0.00000000,0.00684877,0.00228174,0.00000000,0.00000000,0.00491986,0.00000000,0.01053270,0.94918502,0.00000000,0.00000000,0.00000000,0.00000000,0.02304359,0.00000000,0.00000000,0.00000000,0.00000000,0.00000000,0.00000000,0.00000000,0.02505750,0.00000000,0.00000000,0.00574756,0.00000000,0.01850013,0.00000000,0.00000000,0.00000000,0.00000000,0.00000000,0.00000000,0.01545621,0.00000000,0.00000000,0.00000000,0.00000000,0.04677600,0.03297032,0.00000000,0.00000000,0.00000000,0.00147938,0.00000000,0.00082808,0.00000000,0.00000000,0.00000000,0.00000000,0.00000000,0.01321367,0.00000000,0.00000000,0.00000000,0.00000000,0.00000000,0.00000000,0.00000000,0.00000000,0.00000000,0.00000000,0.00000000,0.00000000,0.00000000,0.00000000,0.00000000,0.00000000,0.00000000,0.00000000,0.00000000,0.00090246,0.00123231,0.00000000,0.00000000,0.00000000,0.00000000,0.00000000,0.00000000,0.00000000,0.00395289,0.00000000,0.00000000,0.00000000,0.00326940,0.00000000,0.00000000,0.00000000,0.00000000,0.00000000,0.00000000,0.00000000,0.00000000,0.00000000,0.00000000,0.00000000,0.15224020,0.00000000,0.00000000,0.00257751,0.00000000,0.00000000,0.00202374,0.01446673,0.00000000,0.00915326,0.00000000,0.00000000,0.00000000,0.00000000,0.00000000,0.00000000,0.00000000,0.00000000,0.00287361,0.00000000,0.00000000,0.00000000,0.00569797,0.00000000,0.00000000,0.00000000,0.00000000,0.00000000,0.00000000,0.00000000,0.00000000,0.00000000,0.00000000,0.00000000,0.00068242,0.00000000,0.00000000,0.00824398,0.00000000,0.00000000,0.00000000,0.00000000,0.00000000,0.00000000,0.00000000,0.00000000,0.00000000,0.00000000,0.00000000,0.00000000,0.00000000,0.00000000,0.00000000,0.00000000,0.00000000,0.00000000,0.00000000,0.00000000,0.02309327,0.00000000,0.00000000,0.00000000,0.00000000,0.00000000,0.00000000,0.00000000,0.00000000,0.00000000,0.00000000,0.00000000,0.00000000,0.00000000,0.00000000,0.00000000,0.00000000,0.00000000,0.00105247,0.00000000,0.00000000,0.00000000,0.00000000,0.00000000,0.00000000,0.00000000,0.00000000,0.00000000,0.00000000,0.00000000,0.00000000,0.00000000,0.00000000,0.00382848,0.00000000,0.00000000,0.00000000,0.00000000,0.00000000,0.00000000,0.00000000,0.00073081,0.00000000,0.83843587,0.00000000,0.00000000,0.00000000,0.00000000,0.00197376,0.00388037,0.00000000,0.00000000,0.00000000,0.00000000,0.00000000,0.00000000,0.00000000,0.00000000,0.00000000,0.00545908,0.00000000,0.00000000,0.00000000,0.00000000,0.00000000,0.00774882,0.00000000,0.00000000,0.00000000,0.00000000,0.00000000,0.00000000,0.00000000,0.00000000,0.00000000,0.00000000,0.75538611,0.00000000,0.01403758,0.02102220,0.00000000,0.00000000,0.00000000,0.00000000,0.00000000,0.00000000,0.00000000,0.00000000,0.00000000,0.00000000,0.00000000,0.00000000,0.00000000,0.00000000,0.00000000,0.00000000,0.00000000,0.08126335,0.00000000,0.00000000,0.00000000,0.00000000,0.00000000,0.00000000,0.00000000,0.00000000,0.00000000,0.00000000,0.00000000,0.00000000,0.00000000,0.00000000,0.00000000,0.00000000,0.00000000,0.00000000,0.00000000,0.00000000,0.00000000,0.00000000,0.00000000,0.00000000,0.00000000,0.00000000,0.00000000,0.00000000,0.00000000,0.09175343,0.00000000,0.06410787,0.00000000,0.00000000,0.00000000,0.01449918,0.00000000,0.00000000,0.00000000,0.00000000,0.00000000,0.00000000,0.00000000,0.00000000,0.00000000,0.00000000,0.00000000,0.00000000,0.00000000,0.00000000,0.00000000,0.00000000,0.00000000,0.00000000,0.00000000,0.00000000,0.00000000,0.00000000,0.00000000,0.20808750,0.00000000,0.00000000,0.00348205,0.00000000,0.00000000,0.00000000,0.00000000,0.00153437,0.00000000,0.00154393,0.00000000,0.00000000,0.00000000,0.00000000,0.00000000,0.00000000,0.00000000,0.00262953,0.00000000,0.00000000,0.00725877,0.00000000,0.00000000,0.00000000,0.00000000,0.00000000,0.00000000,0.00000000,0.00000000,0.00437350,0.00000000,0.00000000,0.00000000,0.00000000,0.00000000,0.00000000,0.00000000,0.00000000,0.00000000,0.00000000,0.00000000,0.00000000,0.00000000,0.00000000,0.00000000,0.00000000,0.00000000,0.00000000,0.00098225,0.00000000,0.00000000,0.00000000,0.00000000,0.00000000,0.00000000,0.00227213,0.00243399,0.00000000,0.00000000,0.00000000,0.00000000,0.00853006,0.00000000,0.00000000,0.00000000,0.39355220,0.00000000,0.00000000,0.00000000,0.00000000,0.00000000,0.00000000,0.00000000,0.00000000,0.00000000,0.00000000,0.00000000,0.00000000,0.00000000,0.00000000,0.00000000,0.00000000,0.00000000,0.00000000,0.00000000,0.00000000,0.00000000,0.00131849,0.00000000,0.00000000,0.00208636,0.19955795,0.00000000,0.00000000,0.00000000,0.00562425,0.00000000,0.01267681,0.00000000,0.00000000,0.00000000,0.00000000,0.00000000,0.00000000,0.00000000,0.00000000,0.00000000,0.00000000,0.00000000,0.00000000,0.00992170,0.00000000,0.00000000,0.00000000,0.00000000,0.00000000,0.00080495,0.00000000,0.00000000,0.00000000,0.00000000,0.00000000,0.00000000,0.00000000,0.00000000,0.00000000,0.00424023,0.00000000,0.00000000,0.00000000,0.00000000,0.00000000,0.00000000,0.00000000,0.00659056,0.00000000,0.00000000,0.00000000,0.00000000,0.00000000,0.00000000,0.00000000,0.00000000,0.00000000,0.00000000,0.00000000,0.00000000,0.00000000,0.00000000,0.00000000,0.00000000,0.00000000,0.00000000,0.00000000,0.00000000,0.00000000,0.00000000,0.00000000,0.00000000,0.00000000,0.00000000,0.00000000,0.00000000,0.01463774,0.00000000,0.00000000,0.00000000,0.00000000,0.00000000,0.00000000,0.00000000,0.00000000,0.00000000,0.00000000,0.00000000,0.00000000,0.01267263,0.00000000,0.00000000,0.00000000,0.00255210,0.00000000,0.00000000,0.00000000,0.00000000,0.00000000,0.00000000,0.00622185,0.00000000,0.00000000,0.00000000,0.00000000,0.00000000,0.00000000,0.00000000,0.00000000,0.00000000,0.00000000,0.00000000,0.00000000,0.00000000,0.00000000,0.00000000,0.00000000,0.00772685,0.00000000,0.00000000,0.00000000,0.00000000,0.00000000,0.00000000,0.00000000,0.00000000,0.00000000,0.00000000,0.00000000,0.00000000,0.00000000,0.00000000,0.00000000,0.00521829,0.00000000,0.00000000,0.00000000,0.00000000,0.00000000,0.00000000,0.00000000,0.01410915,0.00000000,0.00000000,0.00000000,0.00000000,0.00000000,0.02018977,0.00000000,0.00000000,0.00000000,0.00000000,0.00000000,0.00000000,0.00000000,0.00000000,0.00000000,0.00000000,0.00000000,0.00000000,0.00000000,0.00000000,0.00000000,0.00000000,0.32145265,0.00000000,0.00000000,0.00000000,0.05471109,0.00000000,0.00000000,0.00467584,0.00000000,0.00000000,0.00000000,0.01427678,0.00000000,0.00000000,0.00000000,0.00000000,0.00000000,0.02410036,0.00000000,0.00000000,0.00000000,0.00997175,0.00000000,0.03499248,0.00000000,0.00000000,0.00000000,0.00000000,0.00000000,0.00000000,0.00000000,0.00000000,0.00000000,0.01288538,0.01100790,0.00000000,0.00000000,0.00000000,0.00000000,0.00000000,0.00576898,0.00000000,0.00000000,0.00000000,0.00000000,0.00000000,0.01406828,0.00000000,0.00000000,0.00000000,0.00000000,0.00000000,0.00000000,0.00000000,0.00000000,0.00000000,0.00265013,0.00000000,0.00000000,0.00000000,0.00000000,0.00000000,0.00000000,0.01432444,0.00000000,0.00000000,0.00000000,0.00000000,0.00000000,0.00000000,0.00000000,0.00000000,0.00000000,0.00000000,0.00306864,0.00000000,0.00000000,0.00000000,0.00000000,0.00000000,0.00000000,0.00000000,0.00000000,0.00000000,0.00000000,0.00000000,0.00000000,0.00000000,0.00000000,0.00000000,0.00000000,0.00000000,1.63092737,0.00000000,1.46048397,0.00000000,0.00000000,0.04368434,0.00000000,0.00000000,0.00000000,0.00000000,0.00000000,0.00000000,0.00000000,0.00000000,0.00000000,0.00000000,0.00000000,0.00000000,0.01221431,0.03789186,0.00000000,0.19100343,0.00000000,0.00000000,0.02474435,0.00000000,0.00000000,0.00000000,0.00000000,0.00000000,0.00000000,0.00000000,0.00000000,0.00000000,0.00000000,0.00647874,0.00000000,0.00387222,0.00000000,0.00000000,0.00000000,0.00000000,0.00000000,0.00000000,0.00000000,0.00000000,0.00695169,0.00000000,0.00000000,0.62073957,0.00000000,0.00000000,0.00219967,0.00000000,0.00000000
0.00000000,0.00000000,0.00000000,0.00000000,0.05256870,0.00000000,0.00000000,0.00000000,0.00000000,0.00000000,0.00000000,0.00000000,0.00000000,0.00000000,0.00000000,0.00000000,0.00000000,0.00000000,0.00000000,0.00000000,0.00000000,0.00000000,0.00000000,0.01173716,0.00000000,0.00000000,0.00000000,0.00000000,0.00000000,0.01352498,0.00000000,0.00000000,0.00000000,0.00000000,0.00000000,0.00215973,0.08630337,0.00000000,0.00000000,0.00000000,0.00000000,0.00000000,0.00000000,0.00000000,0.00000000,0.00000000,0.00000000,0.00000000,0.00000000,0.04505384,0.00000000,0.00000000,0.00000000,0.00248304,0.04276471,0.00000000,0.00000000,0.00000000,0.00000000,0.00000000,0.01673916,0.00000000,0.00000000,0.00000000,0.00000000,0.00000000,0.00000000,0.00000000,0.00000000,0.00000000,0.00000000,0.00000000,0.00000000,0.00000000,0.00000000,0.00000000,0.00000000,0.46238943,0.00000000,0.00000000,0.00000000,0.00000000,0.00000000,0.00000000,0.00000000,0.00000000,0.00000000,0.00000000,0.00000000,0.00000000,0.00000000,0.00000000,0.00000000,0.00000000,0.00000000,0.00000000,0.00000000,0.00000000,0.00071491,0.00000000,0.00000000,0.00492510,0.00000000,0.00000000,0.00000000,0.00000000,0.00000000,0.00000000,0.00000000,0.00000000,0.00000000,0.00000000,0.00000000,0.00000000,0.00000000,0.03565146,0.00000000,0.00000000,0.00000000,0.00000000,0.00000000,0.00000000,0.00000000,0.00000000,0.00000000,0.00000000,0.00000000,0.00000000,0.00000000,0.00000000,0.00000000,0.00000000,0.00000000,0.00000000,0.00000000,0.00000000,0.00000000,0.00000000,0.00833554,0.00000000,0.00000000,0.00000000,0.00000000,0.00000000,0.00457363,0.00000000,0.00000000,0.00000000,0.02438711,0.00000000,0.00000000,0.00000000,0.00000000,0.00000000,0.00162337,0.00000000,0.00000000,0.00000000,0.00000000,0.00000000,0.00000000,0.00000000,0.00766346,0.00000000,0.00000000,0.00000000,1.61359439,0.00000000,0.00000000,0.00000000,0.00000000,0.00838186,0.00000000,0.00000000,0.00000000,0.00000000,0.00000000,0.00000000,0.00000000,0.00000000,0.00000000,0.00000000,0.38922129,0.01574747,0.00000000,0.00000000,1.33877229,0.00000000,0.00000000,0.00000000,0.00000000,0.00000000,0.00406881,0.00820970,0.00000000,0.00000000,0.00000000,0.01665407,0.00000000,0.00000000,0.00000000,1.19499284,0.00310168,0.00000000,0.00000000,0.00145065,0.00000000,0.00000000,0.00202937,0.00000000,0.00160711,0.00744131,0.00000000,0.00000000,0.00000000,0.00000000,0.00000000,0.00000000,0.00000000,0.00000000,0.00739719,0.00279050,0.00000000,0.00000000,0.00000000,0.00501796,0.00000000,0.05530549,0.00000000,0.00000000,0.00000000,0.00000000,0.00000000,0.00000000,0.00311839,0.00000000,0.00000000,0.00000000,0.00000000,0.00000000,0.01373647,0.00196335,0.01328132,0.00000000,0.00000000,0.00000000,0.00000000,0.00000000,0.00000000,0.35712402,0.00000000,0.00000000,0.00409796,0.00000000,0.00000000,0.00000000,0.00000000,0.00000000,0.00000000,0.00000000,0.01328313,0.00000000,0.00000000,0.00000000,0.00000000,0.00000000,0.00000000,0.00000000,0.00000000,0.00000000,0.00000000,0.00000000,0.00000000,0.05716709,0.00000000,0.00000000,0.00000000,0.00000000,0.00000000,0.00000000,0.00000000,0.00000000,0.00000000,0.00000000,0.00000000,0.00000000,0.00000000,0.00000000,0.00096375,0.00000000,0.00000000,0.00000000,0.00000000,0.00000000,0.00000000,0.00000000,0.00000000,0.00000000,0.00000000,0.00000000,0.00000000,0.03000312,0.00000000,0.00000000,0.00000000,0.00000000,0.00000000,0.00000000,0.00000000,0.00810991,0.00401933,0.00000000,0.00000000,0.00000000,0.00000000,0.00000000,0.00000000,0.00000000,0.00000000,0.00000000,0.00000000,0.00000000,0.00000000,0.00000000,0.00000000,0.00000000,0.00000000,0.00000000,0.00000000,0.04256412,0.00000000,0.00000000,0.00000000,0.00000000,0.00465238,0.00000000,0.00000000,0.00000000,0.00000000,0.00000000,0.00000000,0.00000000,0.00000000,0.00000000,0.00000000,0.00000000,0.00000000,0.00000000,0.00000000,0.00274048,0.00000000,0.00000000,0.00000000,0.00734738,0.00000000,0.00000000,0.00000000,0.00000000,0.00000000,0.00000000,0.00000000,0.00000000,0.00000000,0.00000000,0.00000000,0.00000000,0.00000000,0.00000000,0.00000000,0.00000000,0.00000000,0.00000000,0.00000000,0.00000000,0.00000000,0.00000000,0.00000000,0.00000000,0.00000000,0.01008898,0.00109887,0.00000000,0.00000000,0.00000000,0.00000000,0.00000000,0.13816320,0.00000000,0.00000000,0.00000000,0.00000000,0.00000000,0.00000000,0.00000000,0.00000000,0.00000000,0.00000000,0.00495636,0.00000000,0.00000000,0.00000000,0.00000000,0.00000000,0.00000000,0.00000000,0.00000000,0.00000000,0.00000000,0.00000000,0.00215996,0.00000000,0.00000000,0.00000000,0.00000000,0.00000000,0.00000000,0.00000000,0.17468831,0.00000000,0.00000000,0.00267956,0.00748733,0.00000000,0.02425526,0.00000000,0.06664516,0.00000000,0.00000000,0.00000000,0.00000000,0.00946242,0.00000000,0.00000000,0.00000000,0.00000000,0.00000000,0.00000000,0.00000000,0.00000000,0.00000000,0.00000000,0.00000000,0.00000000,0.00000000,0.00000000,0.00000000,0.00000000,0.00000000,0.00000000,0.00000000,0.00000000,0.00000000,0.00000000,0.00000000,0.00000000,0.00000000,0.00000000,0.00000000,0.00000000,0.00000000,0.00000000,0.00000000,0.00000000,0.00074601,0.00000000,0.02144183,0.00000000,0.00000000,0.00000000,0.00000000,0.00000000,0.00000000,0.00000000,0.00000000,0.00000000,0.00000000,0.00000000,0.00000000,0.00000000,0.00165448,0.00000000,0.00000000,0.00000000,0.00000000,0.00000000,0.00000000,0.00000000,0.07726184,0.00535260,0.00000000,0.00000000,0.00000000,0.00000000,0.00000000,0.00000000,0.00000000,0.00000000,0.00000000,0.00000000,0.00000000,0.00000000,0.00000000,0.00000000,0.00697776,0.00000000,0.00000000,0.00000000,0.00000000,0.00000000,0.00000000,0.00000000,0.00000000,0.00000000,0.00000000,0.00000000,0.00000000,0.00000000,0.00000000,0.00000000,0.00606985,0.00000000,0.00000000,0.00000000,0.00000000,0.00000000,0.00000000,0.00000000,0.00000000,0.00000000,0.00000000,0.00000000,0.00742129,0.00000000,0.00000000,0.00000000,0.00000000,0.00000000,0.00000000,0.00000000,0.00000000,0.00137999,0.00000000,0.00000000,0.00000000,0.00000000,0.02765186,0.00000000,0.00000000,0.00000000,0.00000000,0.00088394,0.00000000,0.00000000,0.00000000,0.00000000,0.00000000,0.00000000,0.00000000,0.00000000,0.00000000,0.00704975,0.00000000,0.00000000,0.00000000,0.00000000,0.00000000,0.00000000,0.00000000,0.00000000,0.00000000,0.00000000,0.00000000,0.00000000,0.00000000,0.00000000,0.00000000,0.00000000,0.45404974,0.00000000,0.04041653,0.00000000,0.00000000,0.00000000,0.00000000,0.00000000,0.00000000,0.00000000,0.01555662,0.00000000,0.00000000,0.00000000,0.00000000,0.00000000,0.00000000,0.00000000,0.06523769,0.00000000,0.00239155,0.00000000,0.00000000,0.00000000,0.00000000,0.00000000,0.00000000,0.00000000,0.00096590,0.00000000,0.00000000,0.00000000,0.00000000,0.00000000,0.00000000,0.00000000,0.00000000,0.00000000,0.00000000,0.00000000,0.00000000,0.00000000,0.00000000,0.00000000,0.23275061,0.00000000,0.00000000,0.00000000,0.00000000,0.00000000,0.00000000,0.00000000,0.00000000,0.04605395,0.00000000,0.00000000,0.00000000,0.00000000,0.00453683,0.00000000,0.00000000,0.00479649,0.03528324,0.00000000,0.00000000,0.00000000,0.00000000,0.00000000,0.00000000,0.00000000,0.00127780,0.00139105,0.00000000,0.00000000,0.00000000,0.00000000,0.00000000,0.00384253,0.00000000,0.02255510,0.00000000,1.09043096,0.00000000,0.00000000,0.00890172,0.00453080,0.00000000,0.00000000,0.00000000,0.00000000,0.00000000,0.00000000,0.00000000,0.00000000,0.00000000,0.08128010,0.00084106,0.00000000,0.00000000,0.00000000,0.00000000,0.00000000,0.00000000,0.00000000,0.00000000,0.00361217,0.00000000,0.00000000,0.00000000,0.00000000,0.00000000,0.00000000,0.00000000,0.00160740,0.00000000,0.00000000,0.00197734,0.00000000,0.00000000,0.00000000,0.00000000,0.00000000,0.00634215,0.00000000,0.00000000,0.00000000,0.00000000,0.00000000,0.00000000,0.00000000,0.00000000,0.00000000,0.00000000,0.01079815,0.00000000,0.05855437,0.00000000,0.00000000,0.00000000,0.00000000,0.00000000,0.00000000,0.00000000,0.00000000,0.00000000,0.00477486,0.04572012,0.02685012,0.00000000,0.00000000,0.00000000,0.00000000,0.00000000,0.00000000,0.00000000,0.00000000,0.00000000,0.00000000,0.00000000,0.01267602,0.00000000,0.00000000,0.00000000,0.00331086,0.00000000,0.00000000,0.00803547,0.00000000,0.00000000,0.00000000,0.00000000,0.00857936,0.00000000,0.00000000,0.00000000,0.00000000,0.00000000,0.00000000,0.00000000,0.00000000,0.00000000,0.00000000,0.08967211,0.00000000,0.00000000,0.00000000,0.00000000,0.00000000,0.00000000,0.00000000,0.00000000,0.00000000,0.00000000,0.00000000,0.00000000,0.00000000,0.00000000,0.00000000,0.00000000,0.00000000,0.00000000,0.00000000,0.00968263,0.00000000,0.00000000,0.07965295,0.01746005,0.00348887,0.00000000,0.00000000,0.00000000,0.00000000,0.00000000,0.00000000,0.04335001,0.00000000,0.00000000,0.00000000,0.00000000,0.00000000,0.00000000,0.00000000,0.00000000
0.00000000,0.00000000,0.01020771,0.00000000,0.00000000,0.19382341,0.00000000,0.00000000,0.00000000,0.00000000,0.00000000,0.00000000,0.00000000,0.00000000,0.00000000,0.00000000,0.00000000,0.00000000,0.04517600,0.00000000,0.00000000,0.00000000,0.00000000,0.00000000,0.00000000,0.00127697,0.00000000,0.00307500,0.00000000,0.00000000,0.00000000,0.00000000,0.00000000,0.78831517,0.00000000,0.00000000,0.00000000,0.00000000,0.01155464,0.00000000,0.00000000,0.00000000,0.00000000,0.00000000,0.00000000,0.00000000,0.00000000,0.00000000,0.00000000,0.00000000,0.00000000,0.00915698,0.00000000,0.00000000,0.00000000,0.00000000,0.00000000,0.00000000,0.00311003,0.00000000,0.00000000,0.00000000,0.00784959,0.00000000,0.00000000,0.00000000,0.00000000,0.00000000,0.00000000,0.00000000,0.00000000,0.00000000,0.00000000,0.00000000,0.00000000,0.00082515,0.00000000,0.01650292,0.00000000,0.00000000,0.00000000,0.00000000,0.00000000,0.00000000,0.00000000,0.00000000,0.00000000,0.00000000,0.00000000,0.00000000,0.00000000,0.00000000,0.00000000,0.00000000,0.00000000,0.00000000,0.00000000,0.00000000,0.04791204,0.00000000,0.00000000,0.00000000,0.00000000,0.00000000,0.00000000,0.00000000,0.00000000,0.00000000,0.00000000,0.00000000,0.00000000,0.00000000,0.00000000,0.27354122,0.00331706,0.03004269,0.05674003,0.00940873,0.00000000,0.00000000,0.00000000,0.00000000,0.00000000,0.03700056,0.00000000,0.00000000,0.00000000,0.00000000,0.35751309,0.00000000,0.00000000,0.00000000,0.00000000,0.00000000,0.00000000,0.00324398,0.00000000,0.00000000,0.00130995,0.00153148,0.00000000,0.00000000,0.00000000,0.00000000,0.00000000,0.00000000,0.00000000,0.00000000,0.00000000,0.00000000,0.00578895,0.00000000,0.00940477,0.00911394,0.00000000,0.00000000,0.00000000,0.00000000,0.00000000,0.00000000,0.00000000,0.00000000,0.00000000,0.00000000,0.00000000,0.00000000,0.00000000,0.00000000,0.00288887,0.00000000,0.00000000,0.00000000,0.00000000,0.00000000,0.00000000,0.00000000,0.00000000,0.00000000,0.00000000,0.00000000,0.00000000,0.00000000,0.03069420,0.00000000,0.00000000,0.00000000,0.00000000,0.00000000,0.00669120,0.00000000,0.00000000,0.00000000,0.00000000,0.00000000,0.00000000,0.00000000,0.00000000,0.00000000,0.00000000,0.00000000,0.00000000,0.00000000,0.00000000,0.00000000,0.00000000,0.00000000,0.00000000,0.00000000,0.00000000,0.00000000,0.00000000,0.03287054,0.00000000,0.00000000,0.00000000,0.00000000,0.00000000,0.00000000,0.00000000,0.00000000,0.00000000,0.00000000,0.00000000,0.00000000,0.04753044,0.00000000,0.00000000,0.00000000,0.00000000,0.00000000,0.00000000,0.00000000,0.00000000,0.00000000,0.00000000,0.00000000,0.00000000,0.00000000,0.00000000,0.00000000,0.26957752,0.03167596,0.00000000,0.00000000,0.00000000,0.00000000,0.00000000,0.00000000,0.00000000,0.00000000,0.00000000,0.00000000,0.00000000,0.07320896,0.00000000,0.00000000,0.00000000,0.00000000,0.00000000,0.00000000,0.00000000,0.00000000,0.00000000,0.00000000,0.00000000,0.00000000,0.00000000,0.00000000,0.00000000,0.00000000,0.00000000,0.00280443,0.00000000,0.00000000,0.00000000,0.00000000,0.00000000,0.00000000,0.00000000,0.00000000,0.00000000,0.00000000,0.00000000,0.00000000,0.00000000,0.00946307,0.00000000,0.00000000,0.00000000,0.00000000,0.00000000,0.00000000,0.10516612,0.00000000,0.00000000,0.00000000,0.00541147,0.00000000,0.00000000,0.00000000,0.01991643,0.00000000,0.00000000,0.00000000,0.00000000,0.00000000,0.00000000,0.00000000,0.00000000,0.00000000,0.00000000,0.00000000,0.00252379,0.00000000,0.00787095,0.00000000,0.00000000,0.00000000,0.00068385,0.00000000,0.00000000,0.00000000,0.00000000,0.00519848,0.00000000,0.00000000,0.00571314,0.00000000,0.00000000,0.00000000,0.00000000,0.00000000,0.00000000,0.00000000,0.00000000,0.00000000,0.00353664,0.00000000,0.00000000,0.00577870,0.00000000,0.00000000,0.00000000,0.00278928,0.00377929,0.00000000,0.00000000,0.00000000,0.00000000,0.00000000,0.00000000,0.00000000,0.00000000,0.00000000,0.00000000,0.00000000,0.00134109,0.00000000,0.12390506,0.00000000,0.00000000,0.00000000,0.00000000,0.00000000,0.00000000,0.00000000,0.00000000,0.00000000,0.01489443,0.00000000,0.00000000,0.00000000,0.00000000,0.00000000,0.00000000,0.00000000,0.00000000,0.00000000,0.00000000,0.00000000,0.00000000,0.00126796,0.00000000,0.00000000,0.00201680,0.00000000,0.00000000,0.00000000,0.00000000,0.00000000,0.00000000,0.00000000,0.00362762,0.00000000,0.00000000,0.00000000,0.00000000,0.00000000,0.00000000,0.00000000,0.01535144,0.00000000,0.00063538,0.00000000,0.07379737,0.00000000,0.00000000,0.00000000,0.00000000,0.00000000,0.00000000,0.00000000,0.00000000,0.00000000,0.00000000,0.00000000,0.00000000,0.00000000,0.00000000,0.00000000,0.00000000,0.00000000,0.00000000,0.00000000,0.00000000,0.00000000,0.00000000,0.00000000,0.00000000,0.00000000,0.00000000,0.00000000,0.00000000,0.00522176,0.00000000,0.00807106,0.01093203,0.00000000,0.00000000,0.00000000,0.00000000,0.00000000,0.00000000,0.00000000,0.00000000,0.00000000,0.00000000,0.00000000,0.00000000,0.00000000,0.00000000,0.00000000,0.00000000,0.00000000,0.00000000,0.00000000,0.00000000,0.05278784,0.00000000,0.00000000,0.00000000,0.00000000,0.00000000,0.00000000,0.00000000,0.00000000,0.00385503,0.00000000,0.00000000,0.00000000,0.16381566,0.00000000,0.00000000,0.01112258,0.00000000,0.00000000,0.00000000,0.00000000,0.00000000,0.00000000,0.00000000,0.00000000,0.00000000,0.00000000,0.00000000,0.00410532,0.00000000,0.00000000,0.00000000,0.00000000,0.00000000,0.00000000,0.00000000,0.00000000,0.00000000,0.00000000,0.00000000,0.00000000,0.00000000,0.00000000,0.00000000,0.00000000,0.00000000,0.00000000,0.00000000,0.00000000,0.12039960,0.00000000,0.00000000,0.00000000,0.00174344,0.00000000,0.00000000,0.00000000,0.00000000,0.00000000,0.00000000,0.02215952,0.00000000,0.00065875,0.00000000,0.00000000,0.00000000,0.00000000,0.00000000,0.00108698,0.00000000,0.00000000,0.00000000,0.00000000,0.00000000,0.00000000,0.05560468,0.00000000,0.00000000,0.00000000,0.05212628,0.05326341,0.00000000,0.00000000,0.00000000,0.00000000,0.00000000,0.00000000,0.00000000,0.00000000,0.00222617,0.00000000,0.00000000,0.00000000,2.08257446,0.00000000,0.00000000,0.00103317,0.00000000,0.00000000,0.00000000,0.00000000,0.00000000,0.00000000,0.00000000,0.03261198,0.00000000,0.00000000,0.00000000,0.00000000,0.00308452,0.00000000,0.00488043,0.00000000,0.00000000,0.00273326,0.00000000,0.00000000,0.00569903,0.00000000,0.00000000,0.00000000,0.00000000,0.00000000,0.00000000,0.00000000,0.00000000,0.00000000,0.00000000,0.00875404,0.00000000,0.00000000,0.00000000,0.00000000,0.00000000,0.00000000,0.00000000,0.00000000,0.04496206,0.00000000,0.00000000,0.00000000,0.00000000,0.00000000,0.00000000,0.15198733,0.00224689,0.00000000,0.03271050,0.00000000,0.00000000,0.00000000,0.00000000,0.00000000,0.00000000,0.00000000,0.33149947,0.00000000,0.03612550,0.00000000,0.00000000,0.00000000,0.00000000,0.00000000,0.01855709,0.00000000,0.00000000,0.00000000,0.00000000,0.00000000,0.00000000,0.00000000,0.00000000,0.00000000,0.00000000,0.00000000,0.00155763,0.00000000,0.00000000,0.00000000,0.00000000,0.00000000,0.00000000,0.00000000,0.00000000,0.00000000,0.00000000,0.00000000,0.00000000,0.00000000,0.00000000,0.00000000,0.00000000,0.00000000,0.00000000,0.00000000,0.02987380,0.00000000,0.00000000,0.02596264,0.00000000,0.00000000,0.01691182,0.00000000,0.00000000,0.00000000,0.00000000,0.00143582,0.00000000,0.00495451,0.00000000,0.00468961,0.00000000,0.00000000,0.00000000,0.00000000,0.00175693,0.06750578,0.00000000,0.00000000,0.00000000,0.00000000,0.00000000,0.00000000,0.00000000,0.00000000,0.00000000,0.00000000,0.00000000,0.02503704,0.00000000,0.00000000,0.00000000,0.00000000,0.00000000,0.00000000,0.00000000,0.00000000,0.00000000,0.00000000,0.00000000,0.00000000,0.00413738,0.00000000,0.00000000,0.00000000,0.00000000,0.17450714,0.00000000,0.00000000,0.00000000,0.04801713,0.00000000,0.00000000,0.00000000,0.00000000,0.00820267,0.00000000,0.00000000,0.00000000,0.00891377,0.00000000,0.00000000,0.00000000,0.03278484,0.03381911,0.00000000,0.04875644,0.00000000,0.00000000,0.00000000,0.00000000,0.00000000,0.00000000,0.00000000,0.00000000,0.00000000,0.00000000,0.00000000,0.00000000,0.00000000,0.00000000,0.00000000,0.00000000,0.00000000,0.00000000,0.00341100,0.00000000,0.00000000,0.00000000,0.00000000,0.00000000,0.00000000,0.00000000,0.00000000,0.00000000,0.00000000,0.00000000,0.00121766,0.00000000,0.00240699,0.00000000,0.00000000,1.23749265,0.00000000,0.00000000,0.00000000,0.00000000,0.00000000,0.00000000,0.00000000,0.00000000,0.00000000,0.00000000,0.00000000,0.00000000,0.00000000,0.00000000,0.00000000,0.00000000,0.00000000,0.00000000,0.00000000,0.00000000,0.00000000,0.00000000,0.00000000,0.00000000,0.00000000,0.00000000,0.00000000,0.00000000,0.00000000,0.00000000,0.00361455,0.00000000,0.00000000,2.57162145,0.00062652,0.00000000,0.00000000,0.00000000,0.00000000,0.00000000
0.00000000,0.00000000,0.00000000,0.00000000,0.00000000,0.27936637,0.00000000,0.00000000,0.00000000,0.00000000,0.00000000,0.00000000,0.00000000,0.00000000,0.00000000,0.00000000,0.00226748,0.00069819,0.00000000,0.00000000,0.00081740,0.00164632,0.00000000,0.00000000,0.00000000,0.00000000,0.00000000,0.00000000,0.00000000,0.00000000,0.00000000,0.00000000,0.00000000,0.00000000,0.00000000,0.00000000,0.00000000,0.00000000,0.00000000,0.00000000,0.04326097,0.00000000,0.13004293,0.00000000,0.00000000,0.00000000,0.00000000,0.00000000,0.00000000,0.10180048,0.00000000,0.00000000,0.00000000,0.00000000,0.00000000,0.00000000,0.00000000,0.00000000,0.00000000,0.00000000,0.09291045,0.00000000,0.00000000,0.00000000,0.00000000,0.00478274,0.00000000,0.00000000,0.00000000,0.00000000,0.00000000,0.00000000,0.00000000,0.00000000,0.00000000,0.00000000,0.00000000,0.00000000,0.00000000,0.00000000,0.00000000,0.34738524,0.00274639,0.00000000,0.00000000,0.00000000,0.00000000,0.00000000,0.00000000,0.00825925,0.00072966,0.00000000,0.00000000,0.00000000,0.00000000,0.00000000,0.00000000,0.00000000,0.00000000,0.04302949,0.00000000,0.00000000,0.00000000,0.00300697,0.00000000,0.00000000,0.00000000,0.00000000,0.00095693,0.00000000,0.00000000,0.00000000,0.08568381,0.00000000,0.64315561,0.00000000,0.00000000,0.00000000,0.00000000,0.00000000,0.00000000,0.10311083,0.04437664,0.00000000,0.00000000,0.00000000,0.00000000,0.00000000,0.00000000,0.00574662,0.00582522,0.00090041,0.00000000,0.01230186,0.00000000,0.00624655,0.00000000,0.00000000,0.00000000,0.00000000,0.00115525,0.00000000,0.00000000,0.00000000,0.00000000,0.00000000,0.00000000,0.00000000,0.00000000,0.00000000,0.55510934,0.00000000,0.00000000,0.00000000,0.00000000,0.00000000,0.00000000,0.00000000,0.00000000,0.00000000,0.00000000,0.00000000,0.00000000,0.00363270,0.00000000,0.00000000,0.00000000,0.00000000,0.00000000,0.00000000,0.00000000,0.00000000,0.00000000,0.00000000,0.00000000,0.00000000,0.00000000,0.00000000,0.14032689,0.00000000,0.00000000,0.00000000,0.00000000,0.00000000,0.00000000,0.00000000,0.00000000,0.05976455,0.00000000,0.00000000,0.00000000,0.00000000,0.00000000,0.00000000,0.00000000,0.00000000,0.00000000,0.00000000,0.00440961,0.00324741,0.00000000,0.00000000,0.00000000,0.00000000,0.00000000,0.01980279,0.00000000,0.00000000,0.00000000,0.00000000,0.00000000,0.00000000,0.00952474,0.00000000,0.00000000,0.00147557,0.00000000,0.00000000,0.00000000,0.00000000,0.00000000,0.00000000,0.00000000,0.00000000,0.00000000,0.00000000,0.00000000,0.00000000,0.00000000,0.00000000,0.00000000,0.00000000,0.00000000,0.00000000,0.00000000,0.00000000,0.00000000,0.00000000,0.00000000,0.00000000,0.00000000,0.00000000,0.00000000,0.00000000,0.00000000,0.03261987,0.00000000,0.00000000,0.04848874,0.00000000,0.00000000,0.00123831,0.00000000,0.00179595,0.00000000,0.00000000,0.00000000,0.00000000,0.00000000,0.00000000,0.00000000,0.00000000,0.00000000,0.00000000,0.00000000,0.00000000,0.00000000,0.00000000,0.00000000,0.00000000,0.00000000,0.00000000,0.00000000,0.00638783,0.03773263,0.00000000,0.06884086,0.00740815,0.00000000,0.00000000,0.00000000,0.00000000,0.00000000,0.00000000,0.00000000,0.00000000,0.00000000,0.00000000,0.00000000,0.00000000,0.00000000,0.00000000,0.00000000,0.00000000,0.00000000,0.00000000,0.00000000,0.00000000,0.00000000,0.00000000,0.06104162,0.00000000,0.00000000,0.00000000,0.00091076,0.00000000,0.00000000,0.00000000,0.00000000,0.00000000,0.00000000,0.00000000,0.00000000,0.00000000,0.00000000,0.00000000,0.00000000,0.00000000,0.00000000,0.00000000,0.00000000,0.00000000,0.00000000,0.00000000,0.00000000,0.00000000,0.00000000,0.00000000,0.00000000,0.00765191,0.00000000,0.00000000,0.12267163,0.00000000,0.00000000,0.00000000,0.00000000,0.00000000,0.00000000,0.00000000,0.00737279,0.00000000,0.00120776,0.00000000,0.00000000,0.00000000,3.63738771,0.00000000,0.00000000,0.00000000,0.00000000,0.00000000,0.00000000,0.00000000,0.00000000,0.00000000,0.00000000,0.00000000,0.00000000,0.00000000,0.00000000,0.00000000,0.00000000,0.00000000,0.00000000,0.00000000,0.00000000,0.00000000,0.00215534,0.02972953,0.00000000,0.00000000,0.00000000,0.00000000,0.00000000,0.00000000,0.00000000,0.17168559,0.00250395,0.00000000,0.00000000,0.00000000,0.00000000,0.00000000,0.00000000,0.00000000,0.00000000,0.00000000,0.00000000,0.00000000,0.00000000,0.00000000,0.00000000,0.00000000,0.00000000,0.01462487,0.00000000,0.00000000,0.00000000,0.00000000,0.00000000,0.00000000,0.00000000,0.00000000,0.00000000,0.00000000,0.00000000,0.00000000,0.01574788,0.00000000,0.11314296,0.00000000,0.00000000,0.00000000,0.00000000,0.00000000,0.00481314,0.00000000,0.00000000,0.00000000,0.00000000,0.00000000,0.00000000,0.00000000,0.00000000,0.00000000,0.00000000,0.00000000,0.00000000,0.01684146,0.00000000,0.00000000,0.00000000,0.00000000,0.00000000,0.00000000,0.00424821,0.00000000,0.00000000,0.00000000,0.00000000,0.00000000,0.00236627,0.00000000,0.00000000,0.00000000,0.00000000,0.00000000,0.00000000,0.00000000,0.00000000,0.00000000,0.00000000,0.00000000,0.00000000,0.00000000,0.00000000,0.00000000,0.01240807,0.00000000,0.00000000,0.00000000,0.00000000,0.00000000,0.00000000,0.00000000,0.00000000,0.00000000,0.00000000,0.00000000,0.00000000,0.00000000,0.00000000,0.00618857,0.00387957,0.00000000,0.00000000,0.00000000,0.00000000,0.00000000,0.00000000,0.00371185,0.00000000,0.01671455,0.00000000,0.00000000,0.00000000,0.00000000,0.00000000,0.00951008,0.00000000,0.00000000,0.00000000,0.00000000,0.00000000,0.00000000,0.00000000,0.00000000,0.03444977,0.00000000,0.00000000,0.00000000,0.00000000,0.00000000,0.00000000,0.00802774,0.00000000,0.18672508,0.00000000,0.00000000,0.00000000,0.00000000,0.00000000,0.00000000,0.00000000,0.00000000,0.00000000,0.00000000,0.11741213,0.00000000,0.00000000,0.00000000,0.00000000,0.00000000,0.00000000,0.00000000,0.00000000,0.00000000,0.00000000,0.01962140,0.00000000,0.00000000,0.00000000,0.00520108,0.00416801,0.00000000,0.00000000,0.00000000,0.00262128,0.00961515,0.00000000,0.00000000,0.00000000,0.00383778,0.00000000,0.02352552,0.00000000,0.00000000,0.00088394,2.08257446,0.00000000,0.00495766,0.00000000,0.00000000,0.63580983,0.00000000,0.00000000,0.00000000,0.00000000,0.00000000,0.00000000,0.01066851,0.00000000,0.00000000,0.00164216,0.00000000,0.00000000,0.00000000,0.00000000,0.00879922,0.00000000,0.00051853,0.00000000,0.00257855,0.00000000,0.00000000,0.00000000,0.00000000,0.00000000,0.00000000,0.00000000,0.00104552,0.00000000,0.00000000,0.00000000,0.00000000,0.00000000,0.00000000,0.00323487,0.00000000,0.00000000,0.00000000,0.00000000,0.00000000,0.07316934,0.00833356,0.05941900,0.00000000,0.00000000,0.00000000,0.00000000,0.00000000,0.00000000,0.00000000,0.00000000,0.00000000,0.00000000,0.00000000,0.00000000,0.10251766,0.00000000,0.00000000,0.00000000,0.00000000,0.00000000,0.00000000,0.00000000,0.00000000,0.00000000,0.00000000,0.00000000,0.01185874,0.00000000,0.00668665,0.00000000,0.00000000,0.00000000,0.00000000,0.00000000,0.00000000,0.00000000,0.00000000,0.00000000,0.00000000,3.54814397,0.00000000,0.00000000,0.00000000,0.00000000,0.00411160,0.00000000,0.00000000,0.00000000,0.00000000,0.00000000,0.00000000,0.00000000,0.00000000,0.00000000,0.00000000,0.00000000,0.00000000,0.00000000,0.00000000,0.00000000,0.00000000,0.00000000,0.00000000,0.00000000,0.00000000,0.00000000,0.00000000,0.00000000,0.00414859,0.00000000,0.00000000,0.00000000,0.00000000,0.00000000,0.00000000,0.00000000,0.00000000,0.00000000,0.00000000,0.00000000,0.00000000,0.00239730,0.00000000,0.00000000,0.00083848,0.00000000,0.00000000,0.00000000,0.00000000,0.00000000,0.00579534,0.00000000,0.00000000,0.00000000,0.00000000,0.00000000,0.00000000,0.00307616,0.00000000,0.00000000,0.00000000,0.00000000,0.00000000,0.00000000,0.00000000,0.00000000,0.00000000,0.00000000,0.00000000,0.00000000,0.00000000,0.00000000,0.00000000,0.00000000,0.00000000,0.00000000,0.00000000,0.00000000,0.00000000,0.00000000,0.00404778,0.00000000,0.00000000,0.00000000,0.00164226,0.00121296,0.00000000,0.00000000,0.00000000,0.00000000,0.00000000,0.00124985,0.00000000,0.00000000,0.00655628,0.00000000,0.00000000,0.00000000,0.00000000,0.00000000,0.00000000,0.00000000,0.00000000,0.00518592,0.00235161,0.00000000,0.00000000,0.00000000,0.00000000,0.00157685,0.00000000,0.00000000,0.00000000,0.00000000,0.00000000,0.00000000,0.00000000,0.00000000,0.00000000,0.00000000,0.00000000,0.00000000,0.00000000,3.66075907,0.00000000,0.00000000,0.00000000,0.00000000,0.00000000,0.00000000,0.00000000,0.00000000,0.00000000,0.00639125,0.00000000,0.00000000,0.00000000,0.00000000,0.00000000,0.00000000,0.00000000,0.00000000,0.00000000,0.00000000,0.00000000,0.00000000,0.00000000,0.00000000,0.00000000,0.00000000,0.00000000,0.00000000,0.00000000,0.00000000,0.00000000,0.00000000,0.00000000,0.00000000,0.00000000,0.01016830,0.00000000,0.00000000,0.00000000,0.00000000,0.00000000
0.00089511,0.00000000,0.00538904,0.00000000,0.00000000,0.00000000,0.00078229,0.00000000,0.00000000,0.00000000,0.00000000,0.00000000,0.00000000,0.00000000,0.00000000,0.00000000,0.00000000,0.00000000,0.00000000,0.03533884,0.00000000,0.00000000,0.00000000,0.00000000,0.00000000,0.00000000,0.00000000,0.00000000,0.00000000,0.00000000,0.00000000,0.00167253,0.00000000,0.00000000,0.00000000,0.00000000,0.78977037,0.00000000,0.00000000,0.00000000,0.00185790,0.00000000,0.00000000,0.00000000,0.00000000,0.00000000,0.00000000,0.00767710,0.00000000,0.00000000,0.02598145,0.00000000,0.00000000,0.00000000,0.00000000,0.00000000,0.00000000,0.00000000,0.00000000,0.00000000,0.00000000,0.00000000,0.00000000,0.00000000,0.00000000,0.94642997,0.00000000,0.00000000,0.00000000,0.00000000,0.13638635,0.00000000,0.00000000,0.00000000,0.12767559,0.00000000,0.00000000,0.00000000,0.00000000,0.00000000,0.00000000,0.00000000,0.98199882,0.00000000,0.05462812,0.00000000,0.00000000,0.00000000,0.00000000,0.00000000,0.00000000,0.00667909,0.00000000,0.00348406,0.00000000,0.00000000,0.00000000,0.00000000,0.00000000,0.00000000,0.00000000,0.00000000,0.00082101,0.00000000,0.00000000,0.00000000,0.00000000,0.00000000,0.00000000,0.00000000,0.00000000,0.00000000,0.00000000,0.00000000,0.00000000,0.00225928,0.00000000,0.00000000,0.00000000,0.00000000,0.00941162,0.00000000,0.00000000,0.00000000,0.08234196,0.00285158,0.01079933,0.00000000,0.00000000,0.00000000,0.00000000,0.03585864,0.00000000,0.00000000,0.00000000,0.00000000,0.00000000,0.00000000,0.00000000,0.00000000,0.00000000,0.00000000,0.00000000,0.00000000,0.00000000,0.00000000,0.00000000,0.00000000,0.00000000,0.00000000,0.00000000,0.00000000,0.00000000,0.00000000,0.01967181,0.00000000,0.00000000,0.00435121,0.03008763,0.00000000,0.00000000,0.00000000,0.00000000,0.00000000,0.02548925,0.00000000,0.00000000,0.00000000,0.00000000,0.00000000,0.00278384,0.00000000,0.00000000,0.00000000,0.00000000,0.00000000,0.20691534,0.00000000,0.00000000,0.00000000,0.00110226,0.00000000,0.00000000,0.00000000,0.00000000,0.00000000,0.00000000,0.00000000,0.00000000,0.01024005,0.00000000,0.00000000,0.00000000,0.00763137,0.00000000,0.00000000,0.00000000,0.00000000,0.01322972,0.00000000,0.00000000,0.12874586,0.00219591,0.00000000,0.00000000,0.00000000,0.00000000,0.00000000,0.00000000,0.00000000,0.00000000,0.00000000,0.00000000,0.00000000,0.00000000,0.00000000,0.00297242,0.00000000,0.00000000,0.00000000,0.01025487,0.00000000,0.00000000,0.00000000,0.00000000,0.00000000,0.00000000,1.43906044,0.00000000,0.00000000,0.00000000,0.00000000,0.00000000,0.00000000,0.00000000,0.00000000,0.00000000,0.00000000,0.00000000,0.00000000,0.00000000,0.00000000,0.00000000,0.01089483,0.00000000,0.00000000,0.00000000,0.00000000,0.00000000,0.00000000,0.03858398,0.04373149,0.00000000,0.00000000,0.00000000,0.00000000,0.00000000,0.00000000,0.00000000,0.00000000,0.00000000,0.00000000,0.00454548,0.00000000,0.00000000,0.00000000,0.15298611,0.00000000,0.00000000,0.00000000,0.00000000,0.00000000,0.00000000,0.00000000,0.00000000,0.00000000,0.00602973,0.00000000,0.00000000,0.00000000,0.00000000,0.00000000,0.00385317,0.00000000,0.00000000,0.00000000,0.00000000,0.00000000,0.00000000,0.00418918,0.00000000,0.00000000,0.00726224,0.00000000,0.00000000,0.00000000,0.00000000,0.00000000,0.00000000,0.00000000,0.00000000,0.00000000,0.00000000,0.00000000,0.00000000,0.00000000,0.00000000,0.00000000,0.00000000,0.00000000,0.00000000,0.00000000,0.00000000,0.00000000,0.00000000,0.00000000,0.00000000,0.00000000,0.00000000,0.00000000,0.00000000,0.00000000,2.31088084,0.00000000,0.00000000,0.00000000,0.00000000,0.07487934,0.00000000,0.00000000,0.00000000,0.04721561,0.02123651,0.00000000,0.00000000,0.29957227,0.00000000,0.00000000,0.00000000,0.00000000,0.00617121,0.00000000,0.00000000,0.00000000,0.00000000,0.00000000,0.00147480,0.00000000,0.00000000,0.00000000,0.00000000,0.00000000,0.00000000,0.00000000,0.00000000,0.00000000,0.00000000,0.00000000,0.00000000,0.00000000,0.00600030,0.00000000,0.00000000,0.00000000,0.00000000,0.00000000,0.00000000,0.00000000,0.00000000,0.00000000,0.00000000,0.00000000,0.00228426,0.00171552,0.00000000,0.00000000,0.00000000,0.00000000,0.00000000,0.00000000,0.00000000,0.00000000,0.00000000,0.00000000,0.00000000,0.00000000,0.00000000,0.00000000,0.00000000,0.00000000,0.00000000,0.00000000,0.00000000,0.00000000,0.00000000,0.00000000,0.00000000,0.00000000,0.08285233,0.00000000,0.00000000,0.00000000,0.12907730,0.00000000,0.00000000,0.00000000,0.00000000,0.00000000,0.00000000,0.00000000,0.00000000,0.00000000,0.00000000,0.03092790,0.00000000,0.00000000,0.00000000,0.00000000,0.00000000,0.00000000,0.00000000,0.00000000,0.01649757,0.00000000,0.00000000,0.00000000,0.00000000,0.00000000,0.00000000,0.00000000,0.00000000,0.00000000,0.00000000,0.00000000,0.00000000,0.00000000,0.00000000,0.00000000,0.03261080,0.00000000,0.00000000,0.00000000,1.54828033,0.00000000,0.00000000,0.00000000,0.00000000,0.00000000,0.00000000,0.00131420,0.00000000,0.00000000,0.00000000,0.01077177,0.00000000,0.00000000,0.00000000,0.00000000,0.00000000,0.00000000,0.00000000,0.00000000,0.00000000,0.00000000,0.00000000,0.00000000,0.00000000,0.00000000,0.00000000,0.00000000,0.00000000,0.00000000,0.00000000,0.00000000,0.00000000,0.00000000,0.00000000,0.00000000,0.00000000,0.00000000,0.01187790,0.00000000,0.00000000,0.00000000,0.00000000,0.00000000,0.00000000,0.00000000,0.00000000,0.08902723,0.00000000,0.00000000,0.00000000,0.00000000,0.00000000,0.00000000,0.00000000,0.00718623,0.00801476,0.00000000,0.00000000,0.00417583,0.00000000,0.00000000,0.00000000,0.02796648,0.00711149,0.00000000,0.00000000,0.00000000,0.00000000,0.01435342,0.00000000,0.00000000,0.00000000,0.00000000,0.00000000,0.00000000,0.00000000,0.00000000,0.00000000,0.00000000,0.00000000,0.00000000,0.00000000,0.01074004,0.00000000,0.00000000,0.00000000,2.08770442,0.00000000,0.30694365,0.00000000,0.27282354,0.00000000,0.16384298,0.00000000,0.04537599,0.00000000,0.00000000,0.00000000,0.00000000,0.00000000,0.00000000,0.00000000,0.01663452,0.00000000,0.00000000,0.00000000,0.00000000,0.00495766,0.00000000,0.00000000,0.00000000,0.00000000,0.00000000,0.00000000,0.00000000,0.00000000,0.00000000,0.00000000,0.00000000,0.00000000,0.00000000,0.00000000,0.00000000,0.00000000,0.00000000,0.00000000,0.00000000,0.00000000,0.00000000,0.00000000,0.14911498,0.00000000,0.00000000,0.00000000,0.00000000,0.00000000,0.00341019,0.00000000,0.00000000,0.00000000,0.00000000,0.00000000,0.00000000,0.00000000,0.00089733,0.00000000,0.00000000,0.00000000,0.00000000,0.00000000,0.00000000,0.00000000,0.00000000,0.00000000,0.00000000,0.00000000,0.00000000,0.00000000,0.00000000,0.00000000,0.01837035,0.00000000,0.00000000,0.00000000,0.06788768,0.00000000,0.00000000,0.00000000,0.00000000,0.00000000,0.00000000,0.00000000,0.00000000,0.00000000,0.00000000,0.00444896,0.00000000,0.00000000,0.00000000,0.00000000,0.00000000,0.00000000,0.00000000,0.00000000,0.02022303,0.00000000,0.00000000,0.00000000,0.00000000,0.00000000,0.00000000,0.00000000,0.00000000,0.00000000,0.00000000,0.02577461,0.00000000,0.00000000,0.00000000,0.00000000,0.00000000,0.00000000,0.00000000,0.00000000,0.00000000,0.00000000,0.00000000,0.01373697,0.00000000,0.00000000,0.00000000,0.00000000,0.00000000,0.00000000,0.00000000,0.00000000,0.00000000,0.00000000,0.02729755,0.00000000,0.01956893,0.00000000,0.00000000,0.00000000,0.00000000,0.00000000,0.00000000,0.00000000,0.00141825,0.00000000,0.00000000,0.13800889,0.00000000,0.00000000,0.00000000,0.00000000,0.00000000,0.00000000,0.00000000,0.00000000,0.00000000,0.26967008,0.00000000,0.00000000,0.00000000,0.00000000,0.00000000,0.00000000,0.00000000,0.00000000,0.00000000,0.00000000,0.03233043,0.00339346,0.00000000,0.00000000,0.00000000,0.00000000,0.00000000,0.00000000,0.00000000,0.00189480,0.00000000,0.00000000,0.00000000,0.00000000,0.00000000,0.00000000,0.00000000,0.00000000,0.02439561,0.00000000,0.00000000,0.02883230,0.00936715,0.00000000,0.00000000,0.00000000,0.01316664,0.00000000,0.00000000,0.00000000,0.00000000,0.00000000,0.00000000,0.00000000,0.00000000,0.00000000,0.00427693,0.00000000,0.00000000,0.00000000,2.61274258,0.00000000,0.00000000,0.00000000,0.00000000,0.00000000,0.00000000,0.00000000,0.00000000,0.00000000,0.00000000,0.00000000,0.00000000,0.00000000,0.00681584,0.00000000,0.00000000,0.00000000,0.00000000,0.00000000,0.00000000,0.00000000,0.00000000,0.00000000,0.00000000,0.00000000,0.00000000,0.00000000,0.00000000,0.00000000,0.00000000,0.00000000,0.00000000,0.00000000,0.00336040,0.00000000,0.00000000,0.00000000,0.00000000,0.02327367,0.00000000,0.00000000,0.00145825,0.03408118,0.00000000,0.00000000,0.00000000,0.00432389,0.00000000,0.00000000,0.00000000,0.00000000,0.00000000,0.00000000,0.00236916,0.00276203,0.00000000,0.00000000,0.00000000,0.00000000,0.00000000,0.00722746,0.02882153,0.00000000,0.00000000
0.50269482,0.00263394,0.00000000,0.00000000,0.00000000,0.00000000,0.00000000,0.00000000,0.02368467,0.00000000,0.01338989,0.00000000,0.06927580,0.00000000,0.00000000,0.00092530,0.00000000,0.00000000,0.00000000,0.00000000,0.00000000,0.00000000,0.00000000,0.00000000,0.00000000,0.00000000,0.00000000,0.00000000,0.00000000,0.00000000,0.00000000,0.00000000,0.00000000,0.00391994,0.00000000,0.00000000,0.00000000,0.00000000,0.00000000,0.00000000,0.00000000,0.00000000,0.00000000,0.00000000,0.00000000,0.00000000,0.00000000,0.00224536,0.00000000,0.00000000,0.00000000,0.00000000,0.01271566,0.00000000,0.00000000,0.00000000,0.00000000,0.00000000,0.00000000,0.00000000,0.00000000,0.00000000,0.00000000,0.00000000,0.00000000,0.00000000,0.00000000,0.00000000,0.00000000,0.00000000,0.00170780,0.00421453,0.00000000,0.00000000,0.00000000,0.00000000,0.00262310,0.00000000,0.00000000,0.00000000,0.00000000,0.00000000,0.00000000,0.00000000,0.00000000,0.00000000,0.00000000,0.00000000,0.00000000,0.00000000,0.00000000,0.00000000,0.00000000,0.00000000,0.00000000,0.02046621,0.00000000,0.00000000,0.00000000,0.00000000,0.00000000,0.00000000,0.00000000,0.00000000,0.00000000,0.00000000,0.00000000,0.00000000,0.00000000,0.00271298,0.00000000,0.00000000,0.00000000,0.00000000,0.00000000,0.00000000,0.00000000,0.00000000,0.01699827,0.00000000,0.01050791,0.00000000,0.00000000,0.00000000,0.00000000,0.00000000,0.00000000,0.01480189,0.00000000,0.00000000,0.00000000,0.00000000,0.00000000,0.02814166,0.00000000,0.00000000,0.00000000,0.00000000,0.00000000,0.00000000,0.00433893,0.04462637,0.00000000,0.00000000,0.00000000,0.00000000,0.00000000,0.00000000,0.00000000,0.00000000,0.16496770,0.00307745,0.00000000,0.00362589,0.00000000,0.00000000,0.00000000,0.01539660,0.00000000,0.00000000,0.00000000,0.00000000,0.00000000,0.01666409,0.00000000,0.00000000,0.00000000,0.00000000,0.00000000,0.00000000,0.00000000,0.00000000,0.00000000,0.00000000,0.00000000,0.00000000,0.00000000,0.00000000,0.00000000,0.00000000,0.00000000,0.00896618,0.00000000,0.00000000,0.00000000,0.00000000,0.00000000,0.00000000,0.00000000,0.00000000,0.00000000,0.00000000,0.00000000,0.00000000,0.00000000,0.00000000,0.00000000,0.00000000,0.00000000,0.00000000,0.00000000,0.00000000,0.00000000,0.00000000,0.00000000,0.00000000,0.23823670,0.00000000,0.00000000,0.00000000,0.00000000,0.00000000,0.00000000,0.00000000,0.00000000,0.00000000,0.00000000,0.00000000,0.00000000,0.00000000,0.00000000,0.00000000,0.00000000,0.00000000,0.00000000,0.00476910,0.00000000,0.00000000,0.00000000,0.00000000,0.00000000,0.00000000,0.00000000,0.00000000,0.00000000,0.00000000,0.00000000,0.00230341,0.00000000,0.00000000,0.00000000,0.00000000,0.00000000,0.00000000,0.00118629,0.00000000,0.00000000,0.00000000,0.00000000,0.00000000,0.00000000,0.00000000,0.00000000,0.00000000,0.00000000,0.00000000,0.00000000,0.00000000,0.06085520,0.00000000,0.00000000,0.00000000,0.04725587,0.00000000,0.02342911,0.00000000,0.00000000,0.00000000,0.00000000,0.00000000,0.00109261,0.00000000,0.00000000,0.00000000,0.00000000,0.00000000,0.00000000,0.01299173,0.00000000,0.00000000,0.00000000,0.17339544,0.00000000,0.00000000,0.03490016,0.00000000,0.00000000,0.00000000,0.00000000,0.00000000,0.00000000,0.00000000,0.00000000,0.00000000,0.00491985,0.00000000,0.00000000,0.00000000,0.00000000,0.03129430,0.00000000,0.00000000,0.00000000,0.00000000,0.01422418,0.00000000,0.00145481,0.00000000,0.00000000,0.00000000,0.00000000,0.00000000,0.00000000,0.02487997,0.00000000,0.00491070,0.00000000,0.00000000,0.00000000,0.00000000,0.00000000,0.00000000,0.00000000,0.00000000,0.00000000,0.00000000,0.01500932,0.00000000,0.00000000,0.00000000,0.01966872,0.00000000,0.00000000,0.00000000,0.00000000,0.00000000,0.00000000,0.00000000,0.02613054,0.00000000,0.00000000,0.00000000,0.00000000,0.00000000,0.08825649,0.03438659,0.00000000,0.00000000,0.00000000,0.00000000,0.00000000,0.00000000,0.00000000,0.00240049,0.00000000,0.00000000,0.00000000,0.00000000,0.00000000,0.00000000,0.00000000,0.00000000,0.00000000,0.00000000,0.00000000,0.00000000,0.00000000,0.00000000,0.00000000,0.00201910,0.00000000,0.00000000,0.00000000,0.00000000,0.01105092,0.00000000,0.00000000,0.00000000,0.00000000,0.00000000,0.00000000,0.00000000,0.00000000,0.00000000,0.00059839,0.00000000,0.00000000,0.00000000,0.00000000,0.00000000,0.00084944,0.00000000,0.00000000,0.00000000,0.00000000,0.00000000,0.00000000,0.00000000,0.00000000,0.05954620,0.00000000,0.00000000,0.12767559,0.00000000,0.01806318,0.00000000,0.00000000,0.00000000,0.00000000,0.00000000,0.00000000,0.00000000,0.00000000,0.00240572,0.00000000,0.00225423,0.00000000,0.01556190,0.00000000,0.00000000,0.00000000,0.00000000,0.00000000,0.00000000,0.00000000,0.00000000,0.00000000,0.00000000,0.00000000,0.00000000,0.00000000,0.00000000,0.00929918,0.05873292,0.01234003,0.00000000,0.00000000,0.00000000,0.00000000,0.00000000,0.00000000,1.19650924,0.00000000,0.00000000,0.00000000,0.00000000,0.00000000,0.00000000,0.00000000,0.00331643,0.00000000,0.00000000,0.00000000,0.00000000,0.00000000,0.00000000,0.00000000,0.00000000,0.00000000,0.00000000,0.00000000,0.00000000,0.00000000,0.00000000,0.00739178,0.00000000,0.00000000,0.00000000,0.00000000,0.00000000,0.00000000,0.00000000,0.00000000,0.00000000,0.00000000,0.00000000,0.00000000,0.00000000,0.00000000,0.00000000,0.00000000,0.00000000,0.06249462,0.00000000,0.00000000,0.00000000,0.00000000,0.00000000,0.00000000,0.00000000,0.00000000,0.00000000,0.00000000,0.00407734,0.02516403,0.00000000,0.00000000,0.00000000,0.00000000,0.00000000,0.00000000,0.00000000,0.00000000,0.01738465,0.04234080,0.00000000,0.00000000,0.00000000,0.00000000,0.00000000,0.00000000,0.00000000,0.00000000,0.00000000,0.00000000,0.00000000,0.00000000,0.00000000,0.55456811,0.00277952,0.00000000,0.00000000,0.00000000,0.00000000,0.00000000,0.00000000,0.00000000,0.00000000,0.00000000,0.00000000,0.00000000,0.00000000,0.00000000,0.00000000,0.00000000,0.00000000,0.00000000,0.00000000,0.00000000,0.00000000,0.00000000,0.00000000,0.00000000,0.00000000,0.00000000,0.00000000,0.00000000,0.00000000,0.00000000,0.00000000,0.00000000,0.00000000,0.00000000,0.00000000,0.00000000,0.00000000,0.00000000,0.00000000,0.00000000,0.00000000,0.01250489,0.00000000,0.00000000,0.00000000,0.00000000,0.00000000,0.31549315,0.00000000,0.00000000,0.00000000,0.00000000,0.00000000,0.00000000,0.00000000,0.00000000,0.00000000,0.00000000,0.00072244,0.00000000,0.00000000,0.00000000,0.00000000,0.00000000,0.00000000,0.00000000,0.00000000,0.02966936,0.00000000,0.00000000,0.00000000,0.00000000,0.00000000,0.00000000,0.00000000,0.00000000,0.00000000,0.00000000,0.00509892,0.00000000,0.00000000,0.00000000,0.00000000,0.00000000,0.00000000,0.00000000,0.00776615,0.00118982,0.00000000,0.00000000,0.00000000,0.00000000,0.00000000,0.00000000,0.00000000,0.00000000,0.00000000,0.00161634,0.00775809,0.00658025,0.02378489,0.00000000,0.00000000,0.00000000,0.00000000,0.00000000,0.04295403,0.00000000,0.00395694,0.00000000,0.00267141,0.00000000,0.00000000,0.00000000,0.00673495,0.00000000,0.09046071,0.00000000,0.00000000,0.00000000,0.00000000,0.00000000,0.00000000,0.00000000,0.00000000,0.00000000,0.00000000,0.00000000,0.00000000,0.00000000,0.00000000,0.00000000,0.00000000,0.00228359,0.00000000,0.00000000,0.00000000,0.00000000,0.00000000,0.00504722,3.92083656,0.00000000,0.00000000,0.00000000,0.00000000,0.00000000,0.00489764,0.00000000,0.00253172,0.00000000,0.00419923,0.00000000,0.00000000,0.00000000,0.00000000,0.00000000,0.00000000,0.00000000,0.00000000,0.00000000,0.00129045,0.00000000,0.00000000,0.00000000,0.00108131,0.00000000,0.00000000,0.00000000,0.00000000,0.00000000,0.00000000,0.00000000,0.00197484,0.00000000,0.00000000,0.00000000,0.00000000,0.00000000,0.00000000,0.00299390,0.00000000,0.00000000,0.00000000,0.00000000,0.01781501,0.00000000,0.00000000,0.00718507,0.00000000,0.00000000,0.00000000,0.00000000,0.00000000,0.00000000,0.00000000,0.00000000,0.00000000,0.19918803,0.00000000,0.00000000,0.00000000,0.00000000,0.00000000,0.00000000,0.00000000,0.01360626,0.00000000,0.00000000,0.00000000,0.00367628,0.17169060,0.00000000,0.00000000,0.00000000,0.00000000,0.00000000,0.00000000,0.00000000,0.00000000,0.00000000,0.07245125,0.00000000,0.00000000,0.00000000,0.00000000,0.00000000,0.00000000,0.00000000,0.00000000,0.00000000,0.00000000,0.00000000,0.00000000,0.00000000,0.00194849,0.00000000,0.02707443,0.00000000,0.00000000,0.00000000,0.02296128,0.00000000,0.00000000,0.00000000,0.00000000,0.00000000,0.00000000,0.00000000,0.00000000,0.00000000,0.00000000,0.03537157,0.00000000,0.00000000,0.00000000,0.00000000,0.00000000,0.00000000,0.00000000,0.01114588,0.00000000,3.76850456,0.00000000,0.00000000,0.00000000,0.00000000,0.00000000,0.00000000,0.00000000,0.00219897,0.00000000,0.00000000,0.00000000,0.00138183,0.02588798,0.00000000,0.00000000,0.00000000,0.00000000,0.00000000,0.00000000
0.00000000,0.00000000,0.00000000,0.00000000,0.00742466,0.00000000,0.00000000,0.00000000,0.00000000,0.00000000,0.00103234,0.00000000,0.00000000,0.00000000,0.00000000,0.01756982,0.00000000,0.00000000,0.00000000,0.00000000,0.02397876,0.00000000,0.04744908,0.00000000,0.00000000,0.00962819,0.00000000,0.00000000,0.01214872,0.00000000,0.00000000,0.00000000,0.00000000,0.00072004,0.00000000,0.00000000,0.00357558,0.00519798,0.00000000,0.00000000,0.00000000,0.57163054,0.00000000,0.00000000,0.00000000,0.00000000,0.00000000,0.00000000,0.00000000,0.00000000,0.00000000,0.00000000,0.00000000,0.00000000,0.00356501,0.00000000,0.00000000,0.00277347,0.00000000,0.00154291,0.00000000,0.00000000,0.00000000,0.00000000,0.00000000,0.00000000,0.00097247,0.00000000,0.00000000,0.00000000,0.00000000,0.00000000,0.00000000,0.00000000,0.00000000,0.00000000,0.00000000,0.00000000,0.00000000,0.00000000,0.00000000,0.00000000,0.00000000,0.00000000,0.00000000,0.00000000,0.00000000,0.00000000,0.00000000,0.04830930,0.00000000,0.00000000,0.00000000,0.00000000,0.00000000,0.00000000,0.00000000,0.00000000,0.00000000,0.00000000,0.00000000,0.02997011,0.00000000,0.00000000,0.00000000,0.00000000,0.00000000,0.00000000,0.00000000,0.00000000,0.00000000,0.00000000,0.00000000,0.00000000,0.00000000,0.00000000,0.00250121,0.00000000,0.00000000,0.07640319,0.00000000,0.00000000,0.00108262,0.00000000,0.00000000,0.00000000,0.00000000,0.01328700,0.00527241,0.00000000,0.00000000,0.00000000,0.00000000,0.00000000,1.44011595,0.00000000,0.00000000,0.00000000,1.61021543,0.02029940,0.00000000,0.00000000,0.00426427,0.00733736,0.00000000,0.00000000,0.00000000,0.00000000,0.00000000,0.00000000,0.00000000,0.00000000,0.00000000,0.00000000,0.00000000,0.00000000,0.00000000,0.02151029,0.00000000,0.00000000,0.00000000,0.00000000,0.00000000,0.00000000,0.00000000,0.00000000,0.00000000,0.00000000,0.00530965,0.00000000,0.00000000,0.00000000,0.00000000,0.00000000,0.00000000,0.00000000,0.00000000,0.14833370,0.00000000,0.00000000,0.00000000,0.00000000,0.00000000,0.04374447,0.00000000,0.00264386,0.00000000,0.00000000,0.00660829,0.00000000,0.00000000,0.00000000,0.00000000,0.00000000,0.01016038,0.00000000,0.00000000,0.00000000,0.00000000,0.00000000,0.00000000,0.05853161,0.00000000,0.00139389,0.00000000,0.00000000,0.00000000,0.00000000,0.00000000,0.00000000,0.00000000,0.00000000,0.00000000,0.00000000,0.01431820,0.00000000,0.00000000,0.00000000,0.00000000,0.00000000,0.00000000,0.00000000,0.00000000,0.00182671,0.00000000,0.00000000,0.00000000,0.00000000,0.00000000,0.00000000,0.00145789,0.02488094,0.00000000,0.00000000,0.00000000,0.08178582,0.00000000,0.00000000,0.00000000,0.01311541,0.00000000,0.00000000,0.00107008,0.00000000,0.00000000,0.00000000,0.00000000,0.00000000,0.00000000,0.00000000,0.00000000,0.00000000,0.02153365,0.00000000,0.00000000,0.00000000,0.00000000,0.00588907,0.00000000,0.00000000,0.00000000,0.00000000,0.00000000,0.00000000,0.00000000,0.00000000,0.00000000,0.00000000,0.00000000,0.00000000,0.00000000,0.00000000,0.00000000,0.00000000,0.00000000,0.00000000,0.00000000,0.03202333,0.00000000,0.00000000,0.00000000,0.00000000,0.00000000,0.00000000,0.00000000,0.00000000,0.00000000,0.00000000,0.00000000,0.00000000,0.00000000,0.00000000,0.00000000,0.00000000,0.00199651,0.00000000,0.00000000,0.00000000,0.00000000,0.00000000,0.00000000,0.00000000,0.00000000,0.02832116,0.00000000,0.00000000,0.00000000,0.00000000,0.00081287,0.02281330,0.00000000,0.00000000,0.00000000,0.00000000,0.00000000,0.00000000,0.00000000,0.00000000,0.05576406,0.00000000,0.02026130,0.00000000,0.00077537,0.00000000,0.00000000,0.00000000,0.00000000,0.00000000,0.00000000,0.00000000,0.00000000,0.00000000,0.00000000,0.00000000,0.00000000,0.00000000,0.00000000,0.00000000,0.00000000,0.00000000,0.00000000,0.00000000,0.00000000,0.00000000,0.00000000,0.00000000,0.00000000,0.00000000,0.00255034,0.00000000,0.00000000,0.00000000,0.00000000,0.00000000,0.00000000,0.00158129,0.00000000,0.00000000,0.00000000,0.00000000,0.00000000,0.00000000,0.00000000,0.00000000,0.00000000,0.00000000,0.00000000,0.00000000,0.00000000,0.00000000,0.00000000,0.02474013,0.00336028,0.83953972,0.28429640,0.00000000,0.00000000,0.36450693,0.00000000,0.00000000,0.00000000,0.00000000,0.00000000,0.00000000,0.03655093,0.00000000,0.00000000,0.00000000,0.00000000,0.00000000,0.00000000,0.00000000,0.00758572,0.00000000,0.00000000,1.05589702,0.00000000,0.00000000,0.00000000,0.00000000,0.00000000,0.00000000,0.00000000,0.00000000,0.00000000,0.00181789,0.13741117,0.00896093,0.00000000,0.00000000,0.00000000,0.00000000,0.00000000,0.00000000,0.00000000,0.00000000,0.01376165,0.00000000,0.00000000,0.00000000,0.00000000,0.00000000,0.00000000,0.00000000,0.00000000,0.00000000,0.00000000,0.00000000,0.00098759,0.00000000,0.00000000,0.00000000,0.00000000,0.00000000,0.00000000,0.00000000,0.00000000,0.00000000,0.00000000,0.00000000,0.00000000,0.00000000,0.00000000,0.00000000,0.00000000,0.00000000,0.00000000,0.00000000,0.00000000,0.00398405,0.00000000,0.00000000,0.00000000,0.00000000,0.00000000,0.00000000,0.00000000,0.00000000,0.01884371,0.00000000,0.00000000,0.00000000,0.00000000,0.00000000,0.00000000,0.00086277,0.00000000,0.00000000,0.00000000,0.00000000,0.00000000,0.00000000,0.00000000,0.00000000,0.00000000,0.00000000,0.00000000,0.00000000,0.00000000,0.00409782,0.00000000,0.00000000,0.00346007,0.00000000,0.00000000,0.00000000,0.00000000,0.00000000,0.00000000,0.00000000,0.00000000,0.00000000,0.00000000,0.00000000,0.00000000,0.00000000,0.00000000,0.00000000,0.00000000,0.00000000,0.00000000,0.00000000,0.00000000,0.00000000,0.00000000,0.00000000,0.00000000,0.00000000,0.00000000,0.00000000,0.00000000,0.00000000,0.00000000,0.00000000,0.27111168,0.00000000,0.00000000,0.00000000,0.00000000,0.00000000,0.00000000,0.00000000,0.00000000,0.00000000,0.00000000,0.00000000,0.00000000,0.00000000,0.00000000,0.00000000,0.00000000,0.00000000,0.00000000,0.00000000,0.00000000,0.00000000,0.00000000,0.00000000,0.00276266,0.00000000,0.00000000,0.00000000,0.00000000,0.00000000,0.00000000,0.00000000,0.00000000,0.00000000,0.00000000,0.00103317,0.00000000,0.00000000,0.00000000,0.00000000,0.00000000,0.00000000,0.00000000,0.00000000,0.00000000,0.00000000,0.00000000,0.00000000,0.00000000,0.00000000,2.03250884,0.00749483,0.00000000,0.00000000,0.00000000,0.00395278,0.00000000,0.03461648,0.00000000,0.00000000,0.00000000,0.00000000,0.00000000,0.00000000,0.00000000,0.00000000,0.00000000,0.00000000,0.00000000,0.00462661,0.00185101,0.00000000,0.08586012,0.00000000,0.00000000,0.00000000,0.00000000,0.00000000,0.00000000,0.00000000,0.00000000,0.00000000,0.00388636,0.00000000,0.00000000,0.00872354,0.00000000,0.00000000,0.00000000,0.00000000,0.00000000,0.00000000,0.00000000,0.00000000,0.00000000,0.00000000,0.00000000,0.00000000,0.00000000,0.00000000,0.00000000,0.00000000,0.00000000,0.00000000,0.00781799,0.00000000,0.00000000,0.00000000,0.00000000,0.00000000,0.00000000,0.00000000,0.00000000,0.00000000,0.00000000,0.00000000,0.00000000,0.00000000,1.66384091,0.01345143,0.00000000,0.00000000,0.00000000,0.00000000,0.00000000,0.00000000,0.00000000,0.40304818,0.00000000,0.00000000,0.00805188,0.00000000,0.00000000,0.00000000,0.04239974,0.00000000,0.00000000,0.00000000,0.00000000,0.00000000,0.00000000,0.00000000,0.00000000,0.00000000,0.00000000,0.00000000,0.00000000,0.00000000,0.00000000,0.04066728,0.00000000,0.00000000,0.02314065,0.00000000,0.00000000,0.00000000,0.00000000,0.00000000,0.00000000,0.00000000,0.00000000,0.00000000,0.00000000,0.00000000,0.00000000,0.00000000,0.00000000,0.00000000,0.00000000,0.00000000,0.00000000,0.00000000,0.00000000,0.00000000,0.04458912,0.00000000,0.00000000,0.00000000,0.00000000,0.00000000,0.00000000,0.00000000,0.00000000,0.00000000,0.00762352,0.00000000,0.00000000,0.00000000,0.00000000,0.00000000,0.00000000,0.00000000,0.00000000,0.00000000,0.00000000,0.00000000,0.00000000,0.20789745,0.00000000,0.00000000,0.00000000,0.00586856,0.00000000,0.00000000,0.00000000,0.00000000,0.00000000,0.00000000,0.00000000,0.00000000,0.00000000,0.00000000,0.00000000,0.00000000,0.00375050,0.00000000,0.00000000,0.00000000,0.00000000,0.00000000,0.00000000,1.69827060,0.00000000,0.00617672,0.00000000,0.00000000,0.00000000,0.00000000,0.00000000,0.00100136,0.00000000,0.00000000,0.00000000,0.00000000,0.00000000,0.00000000,0.00111984,0.00000000,0.00000000,0.00000000,0.00000000,0.00000000,0.01057284,0.00000000,0.00000000,0.00000000,0.00287781,0.00000000,0.00000000,0.00000000,0.00263725,0.00000000,0.00000000,0.00000000,0.00000000,0.00000000,0.00000000,0.00150189,0.00000000,0.17734105,0.00000000,0.00000000,0.00000000,0.00826097,0.00000000,0.34392597,0.00000000,0.00000000,0.01563016,0.00000000,0.00000000,0.00000000,0.00000000,0.00350995,0.10373706,0.00395403,0.00000000,0.00000000,0.00000000,0.00000000,0.00000000,0.00000000,0.00000000,0.00000000,0.00764130,0.00000000
0.00000000,0.00000000,0.00000000,0.00000000,0.00000000,0.00000000,0.00000000,0.00000000,0.00000000,0.00000000,0.02956726,0.00000000,0.00000000,0.00000000,0.00000000,0.00000000,0.00000000,0.00000000,0.00000000,0.00000000,0.00000000,1.61833417,0.44996750,0.00000000,0.00000000,0.00000000,0.00000000,0.00000000,0.00815859,0.00000000,0.08899417,0.00000000,0.00000000,0.00000000,0.00000000,0.00000000,0.00000000,0.00000000,0.00000000,0.00000000,0.00000000,0.00000000,0.00000000,0.00000000,0.00529427,0.00345976,0.00000000,0.00000000,0.00000000,0.00000000,0.00651574,0.00000000,0.00000000,0.00000000,0.00000000,0.00000000,0.00000000,0.00000000,0.00000000,0.00000000,0.00000000,0.00000000,0.00000000,0.00000000,0.00000000,0.01164261,0.00000000,0.00000000,0.00000000,0.00250238,0.00000000,0.00000000,0.00425365,0.00000000,0.00000000,0.00000000,0.00000000,0.00000000,0.00000000,0.01645360,0.00000000,0.00000000,0.00639174,0.00000000,0.00000000,0.00000000,0.00000000,0.00000000,0.00000000,0.00000000,0.00000000,0.00000000,0.00000000,0.00000000,0.00000000,1.67519332,0.01283748,0.00000000,0.00151827,0.00000000,0.00000000,0.00000000,0.00000000,0.00000000,0.00000000,0.00000000,0.00000000,0.07396863,0.00000000,0.00000000,0.00000000,0.00000000,0.00000000,0.00000000,0.00000000,0.00000000,0.00000000,0.00000000,0.01777204,0.00000000,0.00000000,0.00000000,0.00000000,0.01344846,0.00000000,0.00000000,0.00000000,0.00000000,0.00000000,0.00000000,0.00000000,0.00000000,0.00000000,0.00000000,0.00000000,0.00000000,0.00000000,0.00000000,0.00278344,0.00000000,0.00000000,0.00757679,0.00000000,0.00000000,0.00000000,0.00000000,0.00000000,0.00000000,0.00000000,0.00000000,0.00000000,0.00000000,0.00000000,0.00000000,0.00000000,0.00000000,0.00000000,0.00000000,0.00000000,0.00000000,0.00000000,0.00000000,0.00000000,0.00000000,0.00000000,0.00000000,0.00000000,0.00000000,0.00000000,0.00000000,0.00000000,0.00000000,0.00000000,0.00000000,0.00000000,0.00000000,0.00000000,0.00000000,0.00000000,0.09700133,0.00000000,0.00000000,0.00000000,0.00000000,0.00000000,0.00000000,0.00000000,0.00000000,0.01179429,0.00000000,0.00000000,0.00000000,0.07978600,0.00000000,0.00000000,0.00000000,0.00000000,0.04269511,0.00000000,0.00000000,0.00000000,0.00000000,0.00000000,0.00791952,0.05936999,0.00000000,0.00000000,0.00000000,1.57544321,0.00000000,0.00000000,0.00000000,0.00000000,0.00000000,0.00000000,0.00000000,0.00000000,0.00000000,0.00000000,0.00000000,0.00000000,0.00000000,0.00000000,0.00438599,0.00000000,0.00000000,0.00000000,0.00000000,0.00000000,0.00000000,0.00000000,0.00000000,0.00000000,0.00000000,0.00000000,0.00000000,0.00000000,0.00000000,0.18707127,0.00000000,0.00000000,0.00000000,0.00000000,0.00000000,0.00000000,0.00000000,0.01773624,0.00000000,0.00000000,0.00000000,0.02128406,0.00000000,0.00000000,0.00000000,0.00000000,0.00000000,0.00000000,0.00000000,0.00362585,0.00000000,0.00000000,0.00090606,0.00000000,0.21595850,0.00000000,0.00000000,0.00000000,0.00000000,0.00000000,0.00000000,0.00000000,0.00000000,0.00000000,0.00000000,0.00000000,0.00000000,0.00072089,0.00360623,0.00000000,0.00000000,0.00000000,0.00000000,0.01260131,0.00000000,0.00000000,0.00000000,0.00000000,0.00000000,0.00863877,1.14583937,0.00000000,0.00000000,0.00000000,0.00000000,0.00000000,0.00225980,0.00000000,0.00000000,0.00000000,0.00000000,0.00000000,0.00406997,0.00000000,0.00000000,0.00000000,0.00000000,0.00000000,0.00000000,0.01360882,0.01052735,0.00000000,0.00000000,0.00000000,0.00000000,0.03432285,0.00000000,0.00000000,0.00000000,0.00000000,0.01771420,0.00000000,0.00000000,0.00000000,0.00000000,0.00000000,0.00000000,0.00000000,0.00124515,0.00000000,0.00000000,0.00000000,0.00000000,0.04741623,0.00000000,0.00000000,0.00000000,0.00000000,0.00000000,1.76132300,0.00000000,0.02644560,0.00000000,0.00000000,0.00000000,0.00000000,0.00748459,0.00000000,0.00000000,0.00000000,0.00000000,0.00494810,0.00000000,0.00000000,0.00000000,0.00000000,0.00000000,0.01805242,0.03080728,0.00000000,0.74066415,0.00000000,0.00000000,0.00000000,0.00000000,0.00000000,0.00000000,0.00000000,0.00000000,0.00000000,0.00000000,0.00000000,0.00000000,0.00000000,0.00000000,0.00000000,0.00000000,0.00000000,0.00000000,0.00000000,0.00000000,0.00000000,0.00000000,0.00000000,0.00000000,0.00000000,0.00000000,0.00000000,0.00000000,0.00000000,0.00000000,0.00000000,0.01187318,0.00000000,0.00000000,0.00000000,0.00000000,0.00000000,0.00000000,0.00000000,0.00091427,0.00124231,0.00000000,0.00000000,0.87155285,0.00000000,0.00000000,0.00000000,0.00339789,0.00000000,0.00000000,0.00000000,0.00000000,0.00000000,0.00000000,0.00000000,0.00000000,0.00000000,0.01716020,0.00086861,0.00000000,0.00000000,0.00000000,0.00239349,0.00000000,0.00000000,0.00000000,0.00000000,0.00000000,0.00000000,0.00000000,0.00000000,0.00000000,0.00000000,0.00000000,0.00000000,0.00000000,0.00000000,0.00000000,0.00000000,0.00000000,0.00000000,0.00000000,0.00000000,0.00000000,0.00000000,1.59736468,0.97468453,0.00000000,0.00000000,0.00000000,0.00000000,0.00190398,0.01823535,0.00000000,0.00000000,0.00000000,0.00000000,0.00000000,0.57363802,0.00000000,0.00000000,0.70379014,0.00000000,0.00000000,0.00000000,0.00000000,0.00000000,0.00000000,0.00000000,0.00000000,0.00584975,0.00000000,0.00000000,0.00000000,0.00000000,0.00000000,0.00000000,0.00000000,0.17017325,0.00000000,0.00000000,0.01078381,0.00000000,0.00000000,0.00000000,0.00000000,0.00000000,0.00000000,0.00000000,0.00000000,0.00000000,0.00000000,0.00549001,0.00000000,0.00000000,0.00334140,0.00000000,0.00000000,0.00000000,0.00000000,0.00000000,0.00000000,0.00000000,0.00000000,0.00000000,0.01550254,0.00000000,0.00000000,0.00000000,0.00000000,0.00000000,0.00000000,0.00000000,0.00000000,0.00000000,0.00826726,0.00378388,0.00000000,0.00000000,0.00216224,0.00000000,0.00000000,0.00000000,0.00000000,0.00000000,0.00152388,0.00000000,0.00000000,0.00000000,0.00000000,0.00000000,0.00000000,0.00000000,0.06347540,0.00000000,0.00000000,0.00000000,0.00000000,0.00000000,0.00000000,0.00000000,0.00000000,0.00000000,0.00000000,0.01601883,0.00000000,0.00000000,0.00000000,0.00000000,0.00000000,0.63580983,0.00000000,0.00000000,0.00000000,0.00000000,0.00000000,0.00282623,0.00000000,0.00000000,0.00000000,0.00000000,0.00000000,0.00000000,0.00000000,0.00000000,0.00000000,0.01851295,0.00000000,0.00000000,0.00000000,0.00000000,0.00000000,0.00000000,0.00000000,0.00000000,0.00000000,0.00000000,0.00000000,0.00140611,0.00000000,0.00000000,0.00000000,0.00000000,0.00175791,0.00000000,0.00000000,0.00000000,0.00000000,0.00000000,0.00000000,0.00000000,0.00000000,0.00000000,0.00000000,0.00000000,0.00000000,0.00000000,0.00000000,0.00000000,0.00000000,0.00000000,0.00489584,0.00000000,0.00000000,0.00000000,0.00000000,0.00000000,0.00173853,0.00000000,0.00000000,0.00000000,0.00000000,0.00000000,0.00000000,0.00000000,0.00000000,0.00000000,0.00000000,0.00000000,0.00000000,0.00000000,0.00000000,0.00000000,0.00000000,0.00000000,0.00000000,0.00000000,0.00000000,0.00000000,0.00000000,0.00000000,0.00000000,0.00000000,0.00000000,0.00000000,0.03458452,0.00000000,0.43915198,0.00000000,0.00000000,0.00000000,0.00203524,0.00000000,0.00000000,0.00000000,0.00145403,0.03752784,0.00000000,0.10151345,0.04159867,0.00000000,0.00000000,0.00000000,0.22431294,0.00000000,0.00000000,0.00000000,0.00000000,0.00000000,0.00000000,0.00000000,0.00057642,0.00000000,0.00000000,0.00000000,0.00175092,0.00000000,0.00000000,0.00000000,0.00000000,0.00000000,0.00000000,0.00000000,0.00000000,0.00000000,0.00000000,0.00000000,0.00321085,0.00000000,0.00000000,0.00000000,0.00000000,0.00000000,0.00280828,0.00000000,0.00000000,0.00000000,0.00000000,0.00000000,0.43844349,0.01726865,0.00000000,0.00000000,0.00000000,0.00000000,0.00841598,0.00000000,0.00000000,0.00782806,0.00000000,0.00000000,0.00000000,0.00000000,0.00000000,0.00000000,0.00000000,0.00000000,0.00000000,0.00000000,0.00000000,0.00145702,0.05457858,0.00000000,0.00000000,0.00000000,0.01485096,0.00000000,0.00000000,0.00000000,0.00000000,0.00000000,0.00000000,0.00000000,0.00000000,0.00000000,0.00000000,0.00000000,0.00000000,0.00000000,0.00000000,0.00000000,0.00000000,0.00414636,0.00000000,0.00000000,0.00000000,0.00000000,0.00000000,0.00000000,0.00472802,0.00000000,0.00000000,0.00000000,0.00000000,0.00000000,0.00000000,0.00000000,0.00000000,0.00000000,0.00000000,0.00110511,0.01974857,0.00000000,0.00000000,0.00000000,0.00000000,0.00000000,0.00280460,0.00000000,0.00344553,0.00000000,0.00000000,0.00000000,0.00000000,0.00000000,0.00000000,0.00000000,0.00000000,0.00000000,0.00000000,0.00000000,0.00000000,0.00000000,0.00000000,0.00000000,0.00600939,0.00000000,0.00000000,0.00000000,0.00000000,0.00000000,0.00000000,0.00000000,0.00000000,0.00000000,0.00000000,0.00000000,0.00000000,0.00000000,0.00000000,0.00000000,0.00000000,0.00000000,0.00000000,0.00000000,0.00000000,0.00000000,0.00000000,0.00000000,0.00000000
0.00000000,0.00000000,0.00000000,0.01339139,0.00000000,0.00000000,0.00000000,0.00404361,0.00000000,0.00000000,0.00000000,0.00000000,0.00000000,0.00000000,0.00000000,0.00000000,0.00000000,0.00000000,0.00000000,0.01372431,0.00000000,0.01566249,0.00000000,0.00000000,0.00000000,0.00000000,0.00000000,0.00000000,0.00000000,0.00095323,0.00000000,0.00149083,0.00000000,0.00000000,0.00000000,0.00000000,0.00000000,0.00000000,0.00000000,0.00000000,0.00000000,0.00000000,0.00133459,0.00000000,0.00000000,0.00000000,0.00000000,0.00000000,0.00077299,0.00000000,0.00000000,0.00000000,0.00000000,0.00000000,0.00341654,0.00000000,0.00000000,0.00000000,0.00000000,0.00000000,0.00000000,0.00000000,0.00000000,0.00000000,0.00000000,0.00000000,0.00000000,0.00000000,0.00000000,0.00213041,0.00000000,0.00000000,0.00000000,0.00000000,0.00000000,0.01141378,0.00000000,0.03446072,0.00000000,0.00000000,0.00000000,0.00000000,0.00000000,0.00000000,0.00000000,0.00000000,0.00000000,0.01261603,0.00000000,0.00000000,0.00000000,0.00208468,0.00000000,0.00000000,0.00429809,0.00000000,0.00000000,0.00000000,0.00432817,0.00000000,0.00472584,0.00000000,0.00000000,0.00000000,0.00000000,0.00000000,0.00000000,0.00000000,0.00000000,0.00000000,0.00000000,0.00000000,0.00000000,0.00000000,0.00000000,0.00000000,0.00000000,0.35684453,0.25215385,0.00000000,0.00000000,0.00000000,0.00000000,0.00000000,0.00000000,0.00000000,0.00000000,0.00000000,0.00000000,0.00000000,0.00000000,0.00000000,0.00000000,0.00000000,0.00598797,0.00000000,0.00000000,0.00000000,0.00000000,0.00000000,0.00000000,0.00000000,0.00000000,0.00000000,0.00000000,0.00000000,0.00000000,0.00000000,0.00824036,0.00000000,0.00000000,0.00000000,0.00000000,0.00000000,0.00541555,0.00000000,0.00000000,0.00000000,0.00000000,0.00000000,0.00000000,0.00000000,0.00000000,0.00000000,0.00000000,0.00000000,0.00000000,0.00000000,0.00000000,0.00000000,0.00000000,0.00000000,0.00000000,0.00326334,0.00000000,0.00000000,0.00000000,0.00000000,0.00000000,0.00000000,0.00000000,0.00000000,0.00000000,0.00000000,0.00000000,0.01695071,0.00000000,0.00000000,0.00000000,0.00000000,0.00000000,0.00000000,0.00000000,0.00000000,0.00000000,0.00000000,0.00000000,0.00000000,0.00000000,0.00000000,0.00000000,0.00000000,0.00000000,0.00000000,0.00000000,0.00000000,0.00000000,0.00000000,0.00000000,0.00000000,0.00000000,0.00000000,0.00000000,0.00000000,0.00000000,0.00000000,0.00000000,0.04318104,0.63983370,0.00000000,0.00000000,0.01058611,0.00674789,0.00000000,0.00000000,0.00000000,0.00000000,0.00000000,0.00000000,0.00000000,0.00000000,0.00000000,0.00000000,0.00000000,0.00000000,0.00000000,0.00000000,0.00915840,0.00000000,0.00000000,0.03836912,0.00000000,0.04983070,0.00000000,0.01735839,0.00133374,0.00000000,0.00000000,0.00000000,0.00000000,0.00000000,0.00000000,0.00000000,0.00000000,0.00000000,0.00000000,0.00000000,0.00000000,0.00771671,0.00000000,0.00000000,0.77803654,0.00000000,0.00000000,0.00000000,0.00000000,0.00328299,0.00000000,0.01314439,0.00000000,0.00000000,0.00000000,0.00000000,0.00000000,0.00000000,0.00000000,0.00000000,0.00000000,0.00000000,0.00000000,0.00000000,0.00000000,0.00000000,0.00000000,0.00000000,0.00000000,0.00000000,0.00000000,0.00000000,0.00000000,0.00000000,0.00000000,0.00000000,0.00000000,0.00000000,0.00000000,0.00000000,0.00000000,0.00000000,0.00080000,0.00000000,0.00000000,0.00000000,0.06879265,0.00421604,0.00000000,0.00000000,0.00485144,0.00000000,0.00000000,0.00000000,0.01236146,0.00000000,0.00000000,0.00000000,0.03650530,0.00000000,0.22947621,0.00000000,0.00000000,0.00000000,0.00000000,0.00000000,0.00000000,0.00000000,0.00000000,0.00000000,0.00884185,0.00483892,0.00000000,0.00274742,0.00269687,0.00000000,0.00065075,0.00000000,0.00000000,0.00000000,0.00000000,0.00000000,0.00000000,0.00000000,0.01721827,0.07870965,0.00000000,0.00000000,0.00000000,0.00366285,0.00000000,0.00000000,0.00000000,0.03150951,0.56552077,0.00000000,0.00000000,0.00000000,0.00000000,0.00000000,0.00000000,0.00000000,0.00000000,0.64984607,0.00000000,0.00000000,0.00664622,0.00000000,0.00000000,0.00000000,0.00000000,0.00000000,0.00000000,0.00000000,0.00000000,0.00000000,0.00000000,0.00000000,0.00000000,0.00000000,0.00386039,0.00564939,0.00000000,0.00000000,0.00000000,0.00000000,0.00000000,0.00000000,0.00000000,0.00000000,0.00000000,0.00000000,0.00000000,0.00000000,0.00000000,0.00000000,0.00000000,0.00000000,0.00000000,0.00000000,0.00000000,0.00000000,0.00000000,0.00000000,0.00000000,0.00000000,0.00000000,0.00000000,0.00000000,0.00000000,0.00000000,0.00000000,0.00000000,0.00000000,0.00000000,0.00000000,0.00000000,0.00000000,0.00000000,0.00000000,0.00000000,0.00000000,0.00000000,0.00000000,0.00000000,0.00000000,0.00000000,0.00000000,0.00000000,0.00000000,0.00000000,0.00000000,0.00000000,0.00000000,0.00401906,0.00000000,0.00084194,0.00000000,0.00000000,0.00000000,0.00000000,0.00000000,0.00000000,0.00000000,0.00158694,0.00000000,0.00000000,0.00000000,0.00000000,0.00000000,0.00327482,0.00000000,0.00000000,0.00000000,0.00000000,0.00000000,0.00000000,0.00000000,0.01861001,0.00000000,0.00000000,0.00000000,0.00000000,0.24802415,0.00000000,0.00000000,0.04342391,0.00000000,0.00000000,0.00000000,0.00000000,0.00000000,0.00000000,0.00000000,0.00000000,0.00000000,0.00000000,0.00000000,0.00000000,0.00000000,0.00000000,0.00000000,0.00000000,0.00351713,0.00000000,0.00000000,0.00000000,0.00000000,0.00000000,0.00000000,0.00000000,0.00000000,0.00000000,0.00000000,0.00000000,0.00000000,0.00000000,0.00000000,0.02672725,0.00000000,0.00000000,0.00000000,0.00000000,0.00000000,0.01122285,0.00000000,0.80053329,0.00000000,0.00000000,0.00000000,0.00000000,0.00000000,0.00000000,0.00000000,0.00000000,0.00000000,0.00000000,0.05351602,0.19823998,0.00000000,0.00820128,0.00000000,0.00000000,0.00000000,0.00000000,0.00000000,0.00000000,0.00000000,0.00000000,0.00000000,0.00000000,0.00000000,0.00000000,0.14276649,0.00000000,0.00000000,0.00000000,0.00000000,0.00000000,0.00000000,0.00000000,0.01064728,0.00000000,0.00000000,0.00000000,0.00000000,0.00000000,0.00000000,0.00000000,0.00000000,0.00000000,0.00000000,0.00000000,0.00000000,0.00000000,0.00000000,0.00000000,0.00000000,0.00000000,0.00000000,0.00000000,0.00000000,0.00262962,0.00000000,0.00000000,0.00000000,0.00000000,0.00000000,0.66381256,0.00000000,0.00000000,0.00000000,0.00000000,0.00000000,0.00000000,0.00000000,0.00000000,0.01685773,0.00000000,0.00000000,0.04223291,0.00000000,0.00000000,0.00000000,0.00000000,0.00000000,0.00000000,0.20195691,0.00000000,0.00000000,0.00000000,0.00000000,0.00000000,0.01572899,0.00563437,0.00377704,0.00000000,0.28957304,0.00095366,0.00000000,0.00476116,0.00000000,0.00000000,0.00000000,0.00000000,0.00000000,0.00000000,0.00000000,0.00000000,0.00000000,0.00000000,0.00000000,0.00000000,0.00000000,0.00000000,0.00000000,0.00000000,0.00000000,0.00000000,0.00000000,0.00000000,0.00622706,0.00000000,0.00000000,0.00000000,0.00000000,0.00000000,0.00000000,0.00000000,0.00000000,0.01728377,0.00000000,0.00000000,0.00000000,0.00000000,0.00000000,0.00000000,0.00000000,0.03593370,0.00000000,0.00000000,0.00000000,0.02735371,0.00000000,0.00000000,0.00000000,0.00000000,0.00000000,0.00000000,0.00000000,0.00000000,0.00000000,0.00000000,0.00834498,0.01628265,0.00000000,0.00000000,0.00000000,0.00000000,0.00000000,0.00000000,0.00000000,0.00000000,0.00000000,0.00000000,0.00590603,0.00000000,0.00000000,0.00000000,0.01397800,0.00000000,0.00000000,0.00000000,0.00000000,0.00207006,0.00000000,0.00000000,0.00000000,0.00000000,0.02217881,0.00000000,0.00415844,0.00000000,0.00000000,0.00000000,0.00168895,0.00000000,0.07268748,0.00000000,0.00431821,0.00000000,0.00000000,0.00000000,0.00000000,0.00198251,0.00000000,0.00000000,0.00000000,0.00000000,0.00000000,0.00000000,0.00000000,0.00000000,0.00000000,0.18281949,0.00000000,0.00000000,0.00000000,0.00000000,0.00000000,0.00000000,0.00000000,0.00000000,0.00739414,0.00000000,0.00921429,0.00000000,0.00000000,0.00000000,0.00000000,0.29633850,0.00000000,0.00000000,0.00000000,0.00000000,0.00000000,0.00000000,0.07919865,0.00000000,0.00000000,0.00253853,0.00000000,0.00000000,0.00000000,0.00000000,0.00000000,0.00000000,0.00000000,0.01452196,0.00000000,0.00000000,0.00000000,0.00000000,0.00000000,0.00000000,0.00000000,0.01254343,0.00000000,0.00000000,0.00000000,0.00847339,0.00000000,0.00000000,0.00000000,0.00000000,0.00000000,0.00000000,0.00000000,0.00000000,0.00000000,0.00000000,0.00000000,0.00129834,0.01194285,0.00000000,0.00000000,0.00000000,0.00000000,0.00000000,0.00000000,0.00000000,0.00000000,0.00000000,0.00000000,0.00000000,0.00000000,0.00000000,0.00000000,0.00000000,0.00000000,0.00000000,0.00000000,0.00000000,0.00000000,0.00000000,0.00000000,0.00573675,0.00273169,0.00000000,0.00000000,0.00000000,0.00000000,0.00000000,0.00000000,0.00000000,0.00000000,0.00000000,0.00000000,0.00000000,0.00000000,0.00000000,0.00446892,0.00000000
0.00000000,0.00000000,0.00000000,0.00000000,0.00000000,0.00000000,0.00000000,0.00000000,0.00000000,0.00000000,0.00000000,0.00000000,0.00000000,0.00000000,0.00000000,0.00000000,0.00000000,0.00000000,0.00880120,0.00000000,0.00000000,0.00000000,0.00597097,0.00297654,0.00000000,0.00000000,0.00000000,0.00000000,0.00000000,0.00000000,0.00000000,0.00000000,0.00000000,0.00000000,0.00000000,0.00000000,0.00000000,0.00000000,0.00000000,0.03461199,0.00000000,0.00000000,0.00000000,0.00000000,0.00000000,0.00000000,0.00000000,0.00000000,0.00000000,0.00000000,0.00000000,0.00000000,0.00000000,0.00000000,0.00000000,0.00300643,0.00000000,0.00000000,0.00000000,0.00000000,0.00000000,0.00000000,0.00000000,0.00000000,0.00087880,0.00000000,0.00000000,0.00000000,0.00000000,0.00295892,0.00000000,0.00000000,0.00000000,0.00000000,2.52354574,0.00000000,0.00000000,0.00000000,0.00000000,0.00000000,0.00110611,0.06719682,0.00000000,0.02511216,0.00000000,0.00000000,0.00000000,0.00000000,0.00000000,0.00000000,0.00000000,0.00000000,0.00000000,0.00000000,0.00000000,0.00000000,0.00000000,0.00000000,0.00000000,0.00000000,0.00000000,0.00000000,0.00000000,0.00000000,0.00112200,0.00000000,0.00000000,0.01468221,0.00000000,0.00000000,0.00000000,0.00000000,0.00000000,0.00000000,0.00000000,0.00000000,0.00000000,0.03421376,0.00000000,0.00000000,0.00000000,0.00000000,0.00000000,0.00000000,0.00000000,0.00000000,0.00000000,0.00000000,0.00000000,0.00000000,0.00000000,0.00000000,0.00000000,0.00000000,0.00000000,0.00000000,0.00000000,0.00000000,0.00000000,0.00871101,0.00000000,0.00000000,0.00000000,0.00000000,0.00000000,0.00000000,0.00000000,0.00000000,0.00000000,0.00000000,0.00000000,0.00000000,0.00000000,0.00000000,0.00207152,0.00000000,0.00000000,0.00000000,0.00000000,0.00000000,0.88257790,0.01152248,0.00000000,0.00000000,0.00000000,0.14257390,0.00000000,0.00000000,0.00000000,0.01026214,0.01201965,0.02122469,0.00000000,0.00000000,0.00000000,0.00000000,0.00000000,0.00000000,0.00000000,0.00000000,0.00000000,0.00000000,0.00000000,0.00726189,0.00000000,0.00000000,0.00000000,0.00000000,0.00000000,0.00000000,0.00000000,0.00000000,0.07845982,0.00000000,0.00000000,0.00000000,0.00000000,0.00000000,0.00000000,0.03343384,0.00000000,0.00000000,0.00000000,0.02077259,0.00000000,0.00000000,0.00000000,0.00000000,0.00831750,0.00000000,0.00000000,0.00000000,0.00257286,0.00000000,0.00000000,0.00000000,0.00000000,0.00000000,0.00000000,0.00000000,0.00000000,0.00000000,0.00000000,0.00000000,0.00000000,0.00000000,0.00000000,0.00000000,0.00000000,0.00000000,0.00000000,0.00618302,0.00000000,0.00396896,0.00000000,0.00000000,0.00000000,0.03982448,0.00000000,0.00000000,0.00000000,0.00932665,0.00000000,0.00000000,0.00000000,0.00000000,0.00000000,0.00000000,0.00484280,0.00000000,0.00000000,0.00000000,0.00000000,0.00000000,0.00000000,0.00000000,0.00000000,0.01064317,0.00000000,0.00000000,0.00000000,0.00000000,0.00000000,0.00000000,0.00000000,0.00000000,0.00000000,0.00000000,0.00000000,0.00000000,0.00000000,0.00000000,0.00000000,0.00000000,0.00000000,0.00000000,0.00000000,0.00000000,0.00000000,0.00000000,0.00118297,0.00000000,0.00000000,0.00000000,0.04447558,0.00000000,0.00534156,0.00000000,0.02223739,0.00000000,0.00000000,0.00000000,0.00000000,0.00000000,0.00000000,0.00000000,0.00000000,0.00000000,0.00000000,0.00000000,0.00000000,0.00000000,0.00000000,0.00000000,0.00000000,0.00000000,0.00000000,0.00000000,0.01394917,0.00000000,0.00000000,0.18439522,0.00102280,0.00000000,0.00000000,0.00000000,2.77546544,0.00747785,0.00000000,0.00238523,0.00000000,3.21927590,0.00240272,0.00000000,0.00000000,0.00000000,0.00000000,0.00000000,0.00000000,0.00000000,0.00000000,0.00000000,0.00000000,0.00000000,0.11085423,0.00000000,0.00000000,0.00000000,0.00000000,0.00000000,0.00000000,0.00000000,0.00598077,0.00000000,0.00390249,0.00000000,0.00000000,0.00000000,0.00000000,0.00000000,0.00294179,0.00000000,0.00689354,0.00000000,1.27241130,0.00000000,0.00000000,0.00000000,0.00000000,0.00172088,0.00000000,0.00000000,0.00000000,0.00000000,0.00000000,0.00000000,0.00495118,0.00000000,0.00000000,0.00000000,0.00000000,0.00000000,0.01160201,0.00000000,0.00000000,0.00000000,0.00000000,0.00000000,0.00000000,0.00524986,0.00000000,0.01477874,0.00000000,0.00143910,0.00000000,0.02564269,0.00000000,0.00000000,0.00000000,0.00000000,0.00000000,0.00000000,0.03726666,0.00000000,0.00000000,0.00000000,0.00000000,0.00000000,0.00000000,0.00000000,0.00000000,0.00000000,0.00000000,0.00000000,0.00000000,0.00000000,0.00000000,0.00402526,0.00000000,0.00000000,0.00000000,0.00000000,0.00000000,0.00000000,0.00000000,0.00000000,0.00000000,0.00000000,0.00000000,0.00000000,0.00000000,0.00000000,0.00000000,0.00000000,0.00000000,0.00000000,0.00000000,0.00000000,0.00000000,0.00000000,0.00000000,0.00000000,0.00000000,0.00000000,0.07946038,0.00000000,0.00000000,0.00000000,0.00000000,0.00000000,0.00000000,0.00000000,0.00000000,0.00000000,0.00000000,0.00449886,0.00000000,0.00102183,0.00000000,1.10650568,0.00000000,0.00000000,0.00000000,0.00000000,0.00000000,0.00000000,0.00000000,0.00000000,0.00000000,0.00000000,0.00290591,0.00000000,0.00000000,0.00000000,0.00000000,0.00000000,0.00000000,0.06539010,0.00000000,0.00441287,0.00906071,0.00000000,0.00000000,0.00000000,0.00000000,0.00000000,0.00000000,0.00000000,0.00266933,0.00000000,0.00000000,0.04222260,0.00000000,0.00000000,0.00000000,0.00153655,0.00000000,0.00000000,0.00000000,0.00000000,0.00773453,0.00000000,0.00000000,0.00000000,0.00000000,0.00000000,0.00000000,0.00000000,0.00000000,0.00000000,0.00000000,0.00000000,0.00000000,0.00000000,0.00000000,0.00000000,0.00000000,0.00000000,0.00000000,0.00000000,0.00000000,0.00000000,0.00000000,0.00000000,0.00000000,0.00000000,0.00000000,0.00000000,0.00000000,0.00000000,0.00468861,0.00000000,0.00000000,0.00000000,0.00000000,0.01322081,0.00000000,0.00000000,0.00000000,0.13160403,0.00000000,0.00000000,0.00000000,0.00000000,0.00000000,0.00000000,0.00000000,0.00000000,0.00476885,0.00000000,0.00000000,0.00000000,0.00000000,0.00237957,0.00000000,0.00000000,0.00462117,0.00000000,0.00000000,0.00000000,0.00000000,0.00000000,0.00000000,0.00000000,0.00282623,0.00000000,0.00000000,0.00000000,2.61862356,0.00000000,0.00000000,0.00000000,0.00000000,0.00000000,0.00000000,0.00000000,0.01588857,0.00000000,0.00000000,0.00000000,0.00000000,0.00000000,0.00000000,0.00000000,0.00000000,0.00000000,0.00000000,0.00000000,0.00000000,0.00000000,0.00000000,0.00000000,0.00000000,0.00000000,0.00000000,0.00000000,0.00000000,0.00000000,0.00000000,0.00000000,0.00000000,0.00000000,0.00000000,0.00000000,0.00000000,0.00000000,0.00000000,0.00000000,0.00387357,0.00000000,0.00000000,0.00000000,0.00000000,0.00000000,0.00000000,0.00000000,0.00000000,0.01022885,0.00000000,0.02322624,0.00000000,0.00000000,0.00000000,0.00000000,0.00000000,0.00547156,0.00000000,0.00000000,0.00000000,0.00000000,0.00000000,0.00520950,0.00000000,0.00000000,0.00000000,0.00000000,0.00089124,0.00000000,0.00120945,0.00000000,0.00000000,0.00000000,0.00000000,0.00000000,0.00000000,0.00000000,0.03197816,0.00000000,0.00000000,0.00000000,0.00090591,0.00000000,0.00000000,0.00000000,0.00000000,0.00000000,0.00000000,0.06580255,0.00000000,0.00000000,0.00000000,0.00000000,0.00000000,0.00000000,0.00000000,0.00000000,0.00000000,0.00000000,0.00177823,0.00000000,0.00000000,0.00000000,0.01342502,0.00884185,0.00000000,0.00000000,0.00000000,0.00000000,0.00000000,0.00377612,0.00000000,0.00000000,0.00000000,0.00000000,0.00000000,0.00000000,1.76134857,0.00000000,0.00000000,0.38013045,0.00000000,0.00000000,0.00000000,0.00000000,0.00092185,0.03561808,0.00000000,0.00000000,0.00000000,0.00000000,0.00000000,0.00000000,0.00000000,0.00000000,0.00000000,0.00000000,0.00000000,0.00000000,0.00000000,0.02548590,0.00000000,0.00000000,0.00000000,0.00000000,0.00000000,0.00262157,0.00917859,0.00000000,0.00000000,0.00000000,0.00000000,0.00000000,0.00000000,0.00000000,0.00000000,0.00218954,0.00000000,0.00000000,0.00000000,0.00000000,0.00278872,0.00000000,0.00000000,0.00000000,0.00000000,0.00000000,0.00000000,0.00000000,0.00000000,0.00000000,0.00000000,0.00000000,0.00000000,0.38931404,0.00000000,0.00000000,0.00000000,0.00000000,0.00684984,0.00000000,0.00000000,0.00000000,0.00000000,0.00000000,0.00000000,0.00000000,0.00000000,0.00000000,0.00000000,0.00000000,0.08983693,0.00000000,0.00000000,0.00000000,0.00000000,0.00000000,0.00619930,0.00000000,0.00000000,0.00123864,0.00000000,0.00000000,0.00000000,0.00000000,0.00000000,0.00000000,0.01958062,0.62993169,0.00000000,0.00000000,0.00000000,0.00000000,0.00000000,0.00000000,0.00000000,0.02234260,0.00000000,0.00000000,0.00000000,0.00000000,0.00000000,0.00000000,0.00000000,0.00000000,0.00000000,0.00000000,0.00000000,0.00000000,0.00000000,0.00000000,0.00000000,0.00000000,0.00000000,0.00000000,0.00000000,0.00000000,0.00000000,0.00000000,0.00917041,0.00000000
0.42795154,0.06077531,0.00000000,0.00000000,0.00000000,0.00000000,0.00000000,0.00000000,0.00474753,0.00000000,0.00000000,0.00000000,0.00000000,0.00000000,0.00000000,0.00000000,0.00000000,0.07303731,0.00000000,0.00000000,0.00463868,0.00000000,0.00000000,0.00000000,0.00000000,0.00000000,0.00000000,0.00000000,0.00581987,0.00000000,0.00000000,0.00000000,0.01203384,0.00000000,0.00225002,0.00000000,0.00000000,0.00000000,0.00000000,0.00000000,0.00356298,0.00000000,0.02923700,0.00000000,0.00000000,0.00000000,0.01289199,0.00000000,0.00283446,0.00000000,0.00000000,0.00000000,0.00000000,0.09459013,0.00000000,0.00000000,0.00000000,0.00000000,0.00409784,0.00000000,0.00000000,0.00000000,0.00000000,0.00000000,0.00000000,0.00000000,0.00000000,0.00221910,0.01007412,0.00000000,0.00000000,0.00000000,0.00000000,0.00000000,0.00000000,0.00000000,0.00000000,0.00000000,0.00000000,0.12423641,0.00000000,0.00000000,0.00000000,0.00000000,0.00000000,0.00000000,0.00000000,0.00000000,0.00000000,0.00000000,0.00000000,0.00000000,0.00000000,0.00000000,0.00000000,0.00000000,0.00000000,0.00000000,0.00000000,0.00000000,0.00000000,0.00000000,0.00444192,0.00000000,0.00000000,0.00000000,0.00000000,0.00000000,0.00000000,0.00000000,0.00000000,0.00000000,0.00000000,0.00000000,0.00000000,0.00000000,0.00000000,0.00000000,0.00000000,0.00000000,0.00000000,0.00000000,0.00000000,0.00000000,0.00000000,0.00000000,0.00000000,0.06441479,0.00000000,0.00000000,0.03124045,0.00000000,0.00000000,0.00000000,0.00000000,0.00000000,0.00000000,0.00000000,0.00000000,0.02408936,0.04895220,0.00000000,0.12551962,0.04404399,0.00000000,0.00000000,0.00000000,0.00000000,0.00000000,0.00000000,0.00000000,0.00000000,0.00232356,0.00000000,0.00000000,0.00000000,0.00000000,0.00000000,0.00000000,0.00000000,0.00000000,0.00000000,0.00000000,0.00000000,0.00000000,0.52666754,0.00000000,0.00000000,0.00000000,0.00000000,0.00000000,0.00000000,0.00000000,0.00000000,0.00000000,0.00000000,0.00000000,0.00000000,0.00000000,0.00000000,0.00000000,0.00858971,0.00000000,0.00000000,0.00000000,0.00000000,0.00000000,0.00000000,0.00000000,0.00092600,0.00000000,0.00000000,0.00000000,0.00000000,0.00863407,0.00000000,0.00000000,0.06437072,0.00000000,0.00000000,0.00883217,0.00000000,0.00000000,0.00000000,0.00000000,0.00000000,0.00000000,0.00000000,0.00000000,0.00000000,0.00000000,0.00000000,0.00000000,0.00000000,0.00000000,0.00000000,0.00000000,1.09542531,0.00000000,0.04075942,0.05423611,0.00000000,0.00000000,0.00000000,0.00000000,0.00000000,0.00000000,0.00000000,0.00000000,0.00000000,0.00143655,0.00000000,0.00000000,0.00081456,0.00000000,0.00000000,0.00000000,0.07989107,0.00000000,0.00410834,0.00000000,0.00000000,0.00000000,0.00000000,0.00000000,0.00000000,0.00000000,0.00000000,0.00000000,0.00000000,0.01261741,0.00142892,0.00000000,0.00000000,0.00000000,0.00000000,0.00000000,0.00000000,0.00000000,0.00000000,0.00000000,0.00000000,0.00000000,0.00000000,0.00000000,0.00000000,0.00000000,0.00998733,0.00000000,0.00098828,0.00000000,0.01139001,0.05236528,0.00000000,0.00083963,0.00326823,0.00000000,0.00000000,0.00610309,0.00000000,0.00000000,0.00000000,0.00000000,0.00000000,0.00000000,0.00000000,0.00000000,0.00000000,0.00000000,0.00000000,0.00000000,0.00000000,0.00000000,0.01066646,0.00000000,0.00000000,0.00000000,0.01114793,0.00311549,0.00000000,0.00000000,0.00000000,0.00000000,0.00000000,0.00000000,0.00000000,0.00191379,0.00000000,0.00000000,0.00000000,0.00000000,0.00000000,0.00000000,0.01113005,0.00000000,0.00000000,0.00000000,0.00000000,0.00000000,0.00000000,0.00000000,0.00000000,0.00000000,0.00000000,0.00000000,0.00000000,0.00000000,0.00000000,0.00000000,0.00000000,0.00000000,0.00000000,0.00000000,0.00000000,0.00000000,0.00000000,0.00661588,0.00000000,0.00000000,0.00000000,0.00000000,0.00000000,0.00000000,0.00000000,0.00000000,0.00138884,0.00000000,0.00000000,0.00000000,0.00000000,0.00000000,0.00000000,0.00000000,0.00000000,0.00000000,0.00000000,0.00000000,0.00000000,0.00000000,0.00000000,0.00000000,0.00000000,0.00000000,0.00000000,0.00000000,0.00000000,0.00000000,0.00146330,0.00000000,0.00000000,0.04174902,0.00000000,0.00231657,0.00000000,0.00000000,0.00000000,0.00000000,0.00000000,0.00000000,0.00000000,0.00000000,0.00000000,0.00000000,0.00000000,0.00227677,0.00299029,0.00000000,0.00000000,0.00000000,0.00000000,0.00000000,0.00000000,0.00000000,0.00000000,0.00000000,0.00000000,0.00000000,0.00000000,0.00000000,0.00000000,0.00000000,0.00000000,0.08441161,0.00000000,0.01003796,0.00000000,0.00000000,0.00000000,0.00000000,0.00117700,0.00000000,0.00000000,0.00000000,0.00000000,0.00142730,0.00000000,0.00000000,0.00000000,0.00000000,0.00000000,0.00000000,0.00466217,0.06988864,0.00811069,0.00000000,0.00000000,0.00000000,0.00000000,0.00000000,0.01364661,0.00000000,0.00000000,0.00000000,0.00000000,0.00000000,0.00000000,0.00000000,0.00150043,0.00000000,0.00000000,0.00481405,0.00000000,0.00000000,0.00000000,0.00000000,0.00000000,0.00000000,0.00000000,0.00000000,0.00000000,0.00000000,0.00000000,0.00000000,0.00000000,0.39361454,0.00000000,0.00000000,0.01104891,0.00000000,0.00000000,0.00000000,0.00000000,0.00000000,0.00000000,0.00000000,0.00000000,0.00000000,0.00000000,0.00000000,0.00000000,0.00000000,0.00000000,0.00000000,0.00000000,0.00000000,0.00000000,0.00000000,0.00000000,0.00000000,0.00000000,1.27837692,0.00732898,0.00413277,0.00000000,0.00000000,0.00000000,0.00000000,0.00166349,0.00000000,0.00000000,0.00000000,0.00000000,0.00436064,0.00907817,0.00000000,0.00000000,0.00000000,0.00000000,0.00000000,0.00000000,0.00000000,0.01130710,0.00000000,0.00000000,0.00000000,0.00000000,0.00000000,0.00000000,0.00000000,0.00000000,0.00000000,0.00000000,0.00000000,0.00000000,0.00000000,0.00000000,0.00000000,0.00000000,0.00000000,0.00000000,0.00000000,0.00000000,0.00313856,0.00000000,0.00000000,0.00000000,0.00000000,0.00000000,0.00000000,0.00000000,0.00000000,0.00000000,0.00000000,0.00000000,0.00000000,0.00000000,0.00000000,0.00000000,0.00000000,0.00000000,0.00000000,0.00000000,0.00000000,0.01350789,0.00000000,0.00000000,0.00000000,0.00000000,0.00000000,0.00000000,0.00000000,0.00000000,0.00000000,0.00000000,0.00000000,0.00000000,0.00000000,0.00000000,0.00000000,0.00000000,0.00000000,0.00000000,0.00000000,0.00000000,0.00128348,0.00000000,0.00000000,0.00000000,0.00000000,0.00000000,0.00000000,0.00000000,0.01107464,0.00000000,0.00929339,0.00876476,0.03923117,0.00000000,0.00000000,0.00000000,0.00000000,0.01051606,0.00000000,0.00000000,0.00000000,0.00000000,0.00000000,0.00000000,0.00000000,0.00000000,0.00000000,0.00000000,0.00000000,0.00000000,0.00000000,0.00000000,0.00000000,0.00000000,0.00000000,0.00000000,0.00000000,0.00000000,0.00000000,0.00000000,0.00000000,0.00000000,0.00000000,0.00000000,0.00000000,0.00196246,0.00054007,0.00000000,0.00000000,0.00000000,0.00000000,0.00000000,0.00000000,0.00000000,0.00000000,0.00000000,0.00000000,0.00000000,0.00000000,0.00000000,0.00000000,0.00000000,0.00000000,0.00635554,0.00000000,0.00000000,0.00000000,0.00000000,0.00000000,0.00000000,0.00000000,0.00000000,0.00000000,0.00000000,0.00000000,0.00375294,0.00000000,0.15635656,0.00000000,0.00000000,0.00000000,0.00000000,0.00000000,0.00000000,0.00000000,0.00000000,0.00000000,0.00000000,0.00000000,0.00000000,0.00000000,0.00000000,0.00000000,0.00000000,0.00000000,0.00000000,0.00000000,0.00000000,0.00000000,0.00383752,0.00000000,0.00000000,0.00000000,0.00000000,0.00000000,0.00000000,0.00000000,0.00000000,0.00000000,0.00000000,0.00000000,0.00000000,0.00000000,0.00000000,0.00537742,0.00000000,0.00000000,0.00000000,0.00000000,0.00418241,0.03229050,0.01794175,0.05940617,0.00390553,0.00000000,0.00000000,0.00000000,0.00000000,0.00000000,0.00000000,0.00000000,0.00000000,0.00000000,0.00000000,0.00000000,0.00000000,0.00000000,0.00000000,0.00000000,0.00830994,0.00000000,0.00000000,0.00000000,0.00000000,0.00000000,0.00000000,0.00000000,0.00000000,0.00000000,0.00450954,0.00000000,0.01820069,0.01952652,0.00000000,0.00000000,0.00000000,0.00000000,0.00000000,0.00000000,0.00000000,0.00000000,0.33158952,0.00000000,0.00000000,0.00000000,0.00000000,0.00000000,1.26570271,0.00000000,0.00000000,0.00000000,0.00000000,0.00000000,0.00000000,0.00000000,0.00000000,0.00000000,0.00000000,0.01549772,0.00000000,0.00000000,0.00078284,0.00221609,0.00000000,0.00000000,0.00000000,0.00648705,0.00000000,0.01004824,0.00000000,0.00000000,0.00000000,0.00000000,0.00000000,0.00000000,0.00000000,0.00000000,0.00000000,0.00000000,0.00155528,0.00534790,0.00000000,0.00000000,0.00000000,0.00000000,0.00000000,0.00000000,0.00000000,0.00000000,0.05120928,0.04908076,0.00000000,0.00000000,0.00000000,0.00000000,0.00000000,0.00000000,0.00000000,0.00000000,0.00000000,0.00000000,0.00000000,0.00000000,0.00340013,0.00000000,0.00000000,0.00000000,0.00000000,0.00000000,0.00000000,0.00000000,0.00000000,0.00000000,0.00000000,0.00000000,0.00000000
0.00750023,0.00000000,0.00351332,0.00000000,0.00000000,0.00000000,0.00000000,0.00000000,0.01898314,0.00000000,0.00000000,0.00000000,0.00551554,0.00000000,0.00091134,0.00000000,0.00000000,0.00000000,0.00000000,0.00000000,0.00000000,0.00000000,0.00000000,0.00000000,0.00000000,0.00000000,0.00000000,0.00000000,0.00000000,0.00000000,0.00000000,0.01636651,0.00000000,0.00000000,0.00000000,0.00000000,0.00000000,0.00393168,0.00000000,0.00000000,0.00000000,0.00000000,0.00000000,0.00000000,0.04698305,0.00081541,0.00000000,0.00000000,0.04570868,0.00000000,0.00000000,0.00000000,0.00000000,0.00000000,0.00000000,0.00000000,0.00000000,0.00000000,0.00389959,0.00000000,0.00000000,0.00000000,0.00000000,0.00163019,0.00000000,0.00000000,0.00000000,0.00000000,0.00000000,0.00000000,0.00848597,0.00000000,0.00000000,0.00000000,0.00097986,0.00000000,0.00000000,0.00000000,0.00000000,0.00000000,0.00000000,0.00000000,0.00000000,0.00000000,0.00000000,0.00000000,0.00000000,0.00000000,0.05706614,0.00364827,0.00000000,0.01797529,0.00000000,0.00000000,0.00000000,0.00000000,0.00000000,0.00000000,0.00106751,0.00000000,0.00000000,0.00000000,0.00000000,0.00000000,0.00000000,1.62898160,0.00000000,0.00000000,0.00000000,0.00000000,0.00000000,0.00252773,0.00078286,0.00000000,0.00000000,0.00000000,0.00319238,0.00000000,0.00000000,0.00000000,0.00000000,0.00000000,0.00000000,0.00000000,0.00366952,0.00000000,0.00000000,0.00000000,0.00000000,0.00000000,0.00000000,0.00000000,0.00000000,0.00402335,0.00000000,0.00000000,0.00000000,0.00798454,0.00000000,0.00000000,0.00000000,0.00000000,0.00000000,0.00000000,0.00000000,0.00000000,0.00000000,0.00000000,0.01232314,0.00000000,0.00000000,0.00000000,0.00135091,0.00000000,0.00000000,0.06023778,0.00000000,0.00000000,0.00000000,0.00000000,0.00000000,0.00000000,0.00000000,0.00000000,0.00000000,0.00000000,0.01472792,0.00000000,0.00000000,0.00000000,0.00000000,0.00000000,0.00204914,0.00000000,0.00125710,0.00000000,0.00000000,0.00000000,0.00000000,0.00000000,0.00000000,0.00000000,0.00000000,0.00000000,0.00000000,0.00000000,0.00000000,0.00000000,0.00000000,0.34191337,0.00000000,0.00000000,0.00000000,0.00000000,0.00000000,0.00000000,0.00000000,0.00000000,0.00000000,0.00000000,0.00000000,0.00000000,0.00000000,0.00000000,0.00000000,0.00203933,0.00930854,0.00000000,0.07949628,0.00000000,0.00000000,0.04969465,0.00000000,0.00000000,0.00000000,0.00000000,0.00000000,0.00000000,0.00000000,0.00000000,0.00000000,0.00284540,0.00000000,0.00000000,0.00000000,0.00000000,0.00000000,0.00000000,0.00000000,0.00000000,0.00000000,0.00000000,0.00000000,0.00000000,0.00000000,0.00000000,0.00000000,0.00000000,2.23192853,0.00000000,0.00482196,0.00000000,0.00000000,0.00000000,0.00000000,0.00000000,0.00000000,0.00000000,0.00000000,0.00000000,0.00000000,0.00000000,0.00000000,0.00000000,0.00000000,0.18249691,0.00000000,0.04458543,0.00000000,0.00000000,0.00192816,0.00000000,0.00000000,0.00000000,0.00509961,0.00000000,0.00000000,0.00000000,0.00000000,0.00000000,0.17191326,0.00000000,0.00000000,0.00000000,0.00000000,0.00000000,0.00000000,0.04025941,0.00000000,0.00000000,0.00000000,0.00000000,0.00000000,0.00778950,0.00000000,0.00906354,0.00000000,0.03768362,0.00000000,0.00000000,0.00194447,0.00000000,0.00000000,0.00000000,0.00000000,0.00000000,0.00000000,0.00000000,0.00000000,0.00000000,0.00000000,0.00000000,0.00585401,0.00000000,0.00395319,0.00000000,0.00000000,0.00000000,0.00000000,0.00000000,0.00000000,0.00000000,0.00000000,0.00000000,0.00000000,0.00000000,0.00000000,0.00000000,0.00000000,0.00000000,0.00000000,0.00000000,0.00000000,0.00000000,0.00000000,0.00000000,0.00000000,0.00000000,0.00000000,0.00000000,0.00000000,0.00000000,0.00000000,0.00000000,0.00000000,0.00845343,0.00000000,0.00000000,0.00000000,0.00000000,0.00000000,0.00000000,0.00779581,0.00405479,0.04170933,0.00000000,0.00000000,0.00000000,0.00000000,0.00000000,0.00000000,0.00000000,0.00477833,0.00000000,0.00000000,0.00000000,0.00000000,0.00000000,0.00000000,0.00000000,0.00000000,0.00000000,1.41943957,0.00000000,0.00553031,0.00000000,0.00000000,0.00000000,0.00000000,0.00000000,0.00000000,0.00000000,0.00000000,0.00000000,0.04577761,0.00000000,0.00000000,0.00000000,0.00000000,0.00000000,0.00269223,0.00000000,0.00187400,0.00000000,0.00000000,0.00000000,0.00000000,0.00000000,0.00000000,0.00000000,0.00000000,0.00000000,0.04166737,0.00000000,0.00000000,0.00000000,0.01445385,0.00073345,0.00000000,0.00000000,0.00000000,0.00000000,0.00000000,0.00000000,0.00000000,0.00000000,0.00000000,0.00000000,0.00000000,0.00000000,0.01618051,0.00000000,0.00000000,0.00130227,0.00000000,0.00000000,0.00000000,0.00000000,0.00000000,0.00000000,0.00000000,0.00000000,0.00000000,0.00000000,0.00000000,0.00000000,0.00000000,0.00000000,0.04292395,0.00000000,0.00000000,0.00000000,0.00000000,0.00000000,0.00000000,0.00000000,0.00000000,0.00000000,0.00000000,0.00000000,0.00000000,0.00000000,0.00000000,0.00000000,0.00000000,0.00000000,0.09968739,0.00434657,0.00000000,0.00000000,0.00000000,0.00000000,0.00000000,0.00000000,0.00000000,0.00000000,0.00000000,0.00000000,0.00000000,0.00000000,0.00000000,0.00000000,0.00000000,0.00000000,2.65029617,0.00630467,0.00072833,0.00000000,0.00000000,0.00000000,0.00000000,0.00000000,0.00000000,0.00000000,0.00000000,0.00000000,0.00000000,0.00000000,0.00000000,0.00194295,0.00000000,0.00000000,0.00000000,0.00000000,0.00725973,0.00000000,0.00000000,0.00000000,0.00000000,0.00000000,0.00000000,0.00000000,0.00000000,0.00000000,0.00000000,0.00000000,0.00000000,0.00000000,0.00000000,0.00000000,0.00000000,0.00000000,0.00000000,0.00000000,0.00000000,0.00000000,0.04100361,0.00928105,0.00000000,0.00381729,0.00000000,0.00000000,0.00000000,0.00000000,0.00000000,0.00000000,0.00000000,0.00000000,0.00000000,0.00000000,0.00000000,0.00000000,0.00000000,0.00000000,0.00000000,0.00000000,0.00000000,0.00203151,0.00000000,0.00000000,0.00000000,0.07751724,0.00000000,0.00000000,0.00000000,0.00000000,0.00000000,0.00000000,0.00000000,0.00000000,0.00000000,0.00000000,0.00000000,0.00000000,0.00752476,0.00000000,0.00000000,0.00000000,0.00000000,0.00000000,0.00000000,0.00000000,0.00000000,0.00000000,0.00000000,0.00000000,2.61862356,0.00000000,0.00000000,0.00000000,0.00000000,0.00000000,0.00000000,0.00000000,0.00000000,0.00000000,0.00000000,0.00000000,0.00000000,0.00000000,0.00000000,0.00000000,0.00000000,0.00000000,0.00000000,0.00000000,0.00087175,0.00000000,0.00000000,0.00000000,0.00000000,0.00000000,0.00000000,0.00000000,0.00000000,0.00000000,0.00000000,0.00000000,0.00000000,0.00000000,0.00000000,0.00000000,0.00000000,0.00000000,0.01477959,0.00288298,0.00000000,0.00000000,0.09077005,0.00000000,0.00000000,0.00000000,0.00000000,0.01257319,0.00000000,0.00000000,0.00000000,0.00000000,0.07945112,0.00000000,0.00000000,0.00000000,0.00000000,0.00000000,0.00000000,0.00000000,0.00000000,0.00000000,0.00000000,0.00000000,0.00000000,0.00000000,0.00000000,0.00000000,0.00000000,0.00000000,0.00000000,0.00000000,0.00000000,0.01082839,0.00000000,0.00000000,0.00000000,0.17079257,0.00000000,0.00000000,0.00000000,0.00000000,0.00000000,0.00000000,0.00000000,0.00000000,0.00000000,0.00093528,0.00000000,0.00481026,0.00000000,0.00000000,0.00000000,0.00000000,0.00000000,0.00000000,0.00000000,0.00000000,0.00000000,0.06143050,0.00000000,0.00000000,0.00000000,0.00000000,0.00000000,0.00000000,0.00000000,0.00000000,0.00000000,0.00000000,0.00323874,0.00000000,0.00000000,0.00000000,0.00000000,0.00061319,0.00000000,0.00000000,0.00000000,0.01998058,0.00000000,0.00000000,0.00000000,0.00159168,0.00000000,0.04092468,0.00000000,0.00000000,0.00000000,0.00000000,0.00000000,0.00000000,0.00000000,0.00000000,0.00121230,0.00000000,0.00000000,0.00000000,0.00000000,0.00000000,0.00000000,0.00000000,0.00000000,0.00000000,0.00000000,0.00000000,0.00603133,0.00000000,0.00000000,0.00000000,0.00000000,0.00000000,0.15061638,0.00000000,0.00000000,0.00358142,0.00000000,0.00000000,0.00817104,0.00848463,0.00000000,0.00000000,0.00000000,0.00000000,0.00000000,0.00164253,0.00000000,0.00000000,0.00000000,0.00000000,0.00000000,0.00000000,0.00000000,0.00000000,0.00000000,0.00000000,0.00406444,0.00000000,0.00000000,0.00000000,0.00000000,0.00000000,0.00000000,0.00000000,0.00000000,0.00000000,0.00000000,0.00000000,0.00000000,0.00000000,0.00000000,0.00000000,0.00000000,0.00000000,0.00000000,0.00000000,0.00450293,0.00000000,0.00000000,0.00256386,0.00000000,0.01486457,0.00000000,0.00473363,0.00000000,0.00000000,0.00000000,0.00000000,0.00000000,0.00000000,0.00000000,0.00000000,0.00000000,0.00000000,0.00000000,0.00000000,0.00000000,0.00000000,0.00000000,0.00000000,0.00000000,0.00000000,0.00000000,0.00992095,0.01331575,0.00000000,0.00000000,1.51001606,0.00000000,0.00000000,0.00000000,0.00000000,0.00000000,0.00000000,0.00838754,0.00000000,0.00000000,0.00000000,0.00000000,0.00000000,0.00545374,0.00000000,0.00000000,0.00000000
0.00000000,0.00000000,0.00000000,0.00000000,0.00000000,0.00000000,0.00000000,0.00000000,0.00000000,0.00627085,0.00000000,0.00142423,0.03538629,0.23581925,0.00000000,0.00000000,0.00000000,0.02729368,0.00000000,0.00000000,0.00000000,0.00451979,0.00000000,0.00000000,0.00000000,0.00000000,0.00000000,0.00000000,0.00000000,0.00000000,0.00000000,0.00000000,0.00000000,0.00883429,0.00614147,0.00000000,0.00000000,0.00000000,0.00000000,0.00131024,0.00000000,0.00000000,0.00000000,0.00000000,0.00000000,0.00000000,0.00000000,0.00000000,0.00152333,0.15410470,0.00000000,0.00000000,0.00000000,0.00516885,0.00000000,0.00000000,0.00000000,0.00000000,0.00000000,0.00000000,0.00093532,0.00801964,0.00000000,0.00478972,0.00000000,0.00000000,0.00000000,0.00000000,0.00000000,0.00000000,0.02073709,0.00000000,0.00000000,0.00000000,0.00000000,0.00000000,0.00000000,0.00000000,0.00000000,0.00000000,0.00000000,0.00000000,0.00000000,0.00000000,0.00000000,0.00000000,0.00000000,0.00000000,0.00000000,0.00000000,0.00000000,0.00000000,0.01073670,0.00000000,0.00000000,0.00000000,0.00000000,0.00070768,0.00000000,0.00000000,0.00000000,0.00000000,0.01293013,0.00000000,0.00000000,0.00000000,0.00000000,0.00000000,0.00359238,0.00000000,0.00000000,0.00000000,0.00000000,0.00518034,0.00000000,0.00651306,0.00000000,0.00000000,0.00497280,0.00000000,0.00000000,0.00000000,0.00000000,0.00000000,0.00000000,0.00000000,0.00000000,0.00264652,0.00000000,0.00000000,0.00000000,0.00000000,0.05849463,0.00000000,0.00000000,0.00000000,0.00000000,0.00000000,0.00000000,0.00000000,0.00000000,0.00000000,0.00000000,0.00000000,0.00000000,0.00000000,0.00000000,0.00000000,0.00000000,0.00000000,0.00000000,0.02148944,0.00000000,0.00000000,0.02529907,0.80287898,0.00423358,0.00000000,0.00000000,0.00000000,0.01332952,0.00000000,0.03427068,0.00000000,0.00000000,0.00000000,0.00000000,0.00000000,0.00000000,0.00000000,0.00000000,0.00000000,0.00000000,0.00000000,0.00000000,0.00000000,0.00000000,0.00000000,0.01208860,0.00000000,0.00000000,0.00216915,0.00000000,0.00000000,0.00000000,0.00000000,0.06499573,0.00000000,0.00000000,0.00000000,0.00000000,0.00828614,0.00000000,0.05913025,0.00000000,0.00000000,0.00000000,0.16683096,0.00000000,0.00000000,0.03119839,0.00000000,0.00000000,0.00000000,0.00000000,0.00000000,0.00000000,0.00000000,0.00000000,0.00000000,0.00000000,0.00000000,0.00000000,0.00000000,0.00000000,0.00000000,0.00257618,0.00000000,0.00000000,0.00000000,0.00000000,0.00000000,0.00000000,0.00000000,0.00000000,0.00000000,0.00000000,0.00000000,0.00000000,0.00000000,0.00264866,0.00000000,0.00000000,0.00000000,0.04487032,0.00000000,0.00000000,0.01032738,0.12786233,0.00000000,0.00000000,0.00000000,0.00000000,0.00000000,0.00000000,0.00000000,0.00000000,0.00000000,0.00000000,0.00000000,0.00000000,0.00000000,0.00000000,0.00000000,0.00000000,0.00540067,0.00000000,0.00000000,0.00000000,0.00000000,0.00000000,0.00000000,0.00256148,0.00000000,0.08120307,0.00000000,0.00000000,0.01163512,0.00000000,0.00000000,0.00000000,0.00000000,0.00979597,0.00000000,0.00000000,0.00000000,0.00000000,0.00000000,0.00000000,0.00000000,0.00000000,0.00000000,0.00000000,0.00000000,0.00000000,0.00356885,0.00000000,0.00000000,0.04215785,0.00000000,0.00000000,0.00000000,0.00000000,0.00333623,0.00000000,0.00000000,0.00000000,0.00000000,0.00000000,0.00000000,0.00000000,0.00000000,0.00000000,0.00000000,0.00000000,0.00000000,0.00000000,0.00767862,0.00000000,0.00000000,0.00000000,0.00000000,0.00371610,0.00000000,0.00000000,0.00000000,0.00000000,0.00000000,0.00000000,0.00000000,0.00000000,0.00000000,0.00000000,0.00759683,0.00000000,0.00000000,0.00815068,0.00000000,0.00000000,0.27942973,0.00000000,0.00000000,0.00000000,0.00000000,0.00000000,0.00000000,0.00000000,0.00263406,0.00000000,0.00000000,0.00000000,0.00000000,0.00598215,0.00000000,0.00000000,0.00000000,0.00000000,0.00000000,0.00000000,0.00000000,0.00000000,0.00000000,0.00000000,0.00000000,0.00000000,0.01847203,0.00000000,0.00431373,0.00000000,0.00000000,0.00000000,0.00000000,0.00094341,0.00000000,0.00000000,0.00000000,0.00000000,0.00000000,0.00000000,0.00000000,0.00270127,0.00000000,0.00000000,0.00161804,0.00000000,0.00000000,0.00000000,0.00000000,0.00000000,0.00000000,0.00000000,0.00000000,0.00000000,0.00000000,0.00000000,0.00000000,0.00426812,0.00000000,0.00000000,0.00000000,0.00000000,0.00000000,0.00000000,0.00269518,0.00000000,0.00000000,0.00000000,0.00000000,0.00000000,0.00000000,0.00000000,0.00714357,0.00000000,0.00000000,0.00000000,0.00000000,0.00000000,0.00000000,0.40313785,0.00000000,0.00000000,0.00000000,0.00000000,0.01331710,0.00000000,0.00000000,0.00000000,0.00000000,0.00000000,0.00000000,0.00000000,0.00000000,0.00000000,0.03393478,0.00000000,0.00000000,0.00000000,0.00000000,0.00000000,0.00000000,0.00000000,0.00000000,0.00000000,0.00779967,0.00000000,0.00000000,0.00000000,0.00000000,0.00000000,0.00000000,0.00000000,0.00000000,0.00000000,0.00000000,0.00000000,0.00000000,0.00000000,0.00000000,0.00000000,0.00000000,0.00000000,0.00974575,0.00000000,0.00000000,0.00000000,0.00000000,0.00000000,0.00000000,0.00000000,0.00560149,0.00000000,0.00000000,0.00000000,0.00931111,0.00000000,0.00000000,0.00000000,0.00000000,0.00000000,0.00000000,0.00000000,0.00000000,0.00000000,0.00000000,0.00000000,0.00000000,0.00000000,0.00000000,0.00000000,0.00000000,0.00000000,0.00000000,0.00000000,0.00000000,0.00000000,0.00000000,0.00000000,0.00841431,0.00000000,0.00000000,0.00000000,0.00000000,0.00000000,0.00000000,0.00000000,0.00000000,0.00000000,0.00000000,0.00000000,0.00000000,0.00000000,0.00000000,0.00000000,0.02958137,0.00000000,0.00000000,0.00000000,0.02507573,0.00000000,0.00000000,0.00000000,0.00000000,0.00000000,0.00000000,0.00000000,0.00000000,0.00000000,0.00000000,0.00000000,0.00000000,0.00000000,0.00000000,0.00000000,0.00000000,0.00000000,0.00000000,0.00000000,0.00000000,0.00000000,0.00000000,0.00000000,0.00000000,0.00000000,0.00000000,0.02998480,0.00000000,0.00000000,0.00000000,0.00000000,0.00641264,0.00666566,0.00000000,0.00000000,0.00000000,0.00000000,0.00000000,0.00291864,0.00000000,0.00000000,0.00000000,0.00000000,0.00000000,0.00000000,0.00000000,0.00000000,0.00262962,0.00000000,0.00000000,0.00000000,0.00000000,3.51799458,0.00000000,0.00000000,0.00000000,0.00000000,0.00000000,0.00000000,0.00000000,0.00000000,0.00000000,0.00594044,0.00000000,0.00000000,0.00000000,0.00000000,0.00000000,0.00562953,0.00000000,0.00000000,0.01018038,0.00000000,0.00000000,0.00000000,0.00000000,0.00464323,0.00000000,0.00647722,0.00000000,0.00210096,0.00000000,0.00000000,0.00000000,0.00000000,0.00000000,0.00000000,0.07452067,0.00000000,0.00000000,0.00000000,0.00000000,0.04302469,0.00000000,0.00000000,0.00178282,0.00000000,0.00000000,0.00000000,0.00000000,0.00000000,0.00000000,0.00000000,2.66060657,0.00000000,0.00000000,0.14675647,0.00000000,0.01101609,0.00000000,0.00000000,0.00000000,0.00000000,0.00760562,0.00878306,0.00000000,0.00000000,0.00000000,0.00000000,0.00900006,0.00000000,0.00000000,0.00000000,0.00000000,0.00070973,0.00659339,0.00000000,0.01366175,0.00000000,0.00000000,0.05734993,0.01419636,0.00000000,0.00000000,0.00000000,0.00000000,0.00000000,0.00000000,0.00000000,0.00000000,0.00000000,0.00000000,0.00000000,0.00000000,0.00000000,0.00000000,0.00000000,0.00000000,0.00000000,0.00000000,0.01991385,0.00000000,0.00000000,0.00000000,0.00000000,0.00000000,0.00000000,0.00000000,0.00000000,0.00000000,0.00000000,0.00000000,0.00000000,0.00000000,0.00000000,0.00000000,0.00000000,0.00000000,0.00000000,0.00000000,0.00000000,0.00000000,0.00000000,0.00000000,0.00000000,0.00000000,0.00000000,0.00000000,0.00000000,0.00000000,0.00000000,0.00000000,0.00000000,0.00000000,0.00000000,0.00000000,0.00000000,0.00000000,0.00000000,0.00000000,0.00000000,0.00000000,0.00000000,0.00000000,0.00000000,0.00000000,0.00000000,0.00000000,0.00000000,0.00000000,0.00000000,0.00000000,0.00000000,0.00000000,0.00000000,0.00000000,0.00000000,0.00000000,0.00000000,0.00000000,0.00000000,0.00000000,0.00000000,0.00000000,0.00000000,0.00000000,0.00000000,0.00000000,0.00000000,0.00000000,0.00000000,0.00404678,0.00000000,0.00000000,0.00000000,0.00000000,0.00000000,0.00000000,0.00000000,0.00000000,0.02070450,0.00000000,0.00000000,0.00000000,0.00000000,0.00000000,0.00000000,0.00000000,0.00000000,0.00000000,0.00000000,0.00000000,0.00000000,0.12764025,0.00000000,0.00000000,0.00000000,0.02939735,0.00609681,0.00000000,0.00000000,0.00148143,0.00000000,0.00000000,0.00000000,0.00000000,0.00000000,0.00000000,0.00000000,0.00000000,0.00000000,0.00000000,0.00000000,0.00000000,0.00000000,0.00000000,0.00000000,0.00000000,0.00000000,0.00000000,0.00000000,0.00000000,0.00000000,0.00000000,0.00000000,0.00000000,0.00000000,0.00425068,2.11977959,0.00000000,0.00000000,0.02598597,0.00000000,0.00000000,0.00000000,0.00000000,0.00465347,0.00000000,0.00000000,0.00000000,0.00000000,0.03048582
1.57066840,0.00000000,0.01055247,0.00000000,0.00000000,0.00000000,0.00000000,0.00000000,0.00000000,0.05366097,0.00000000,0.00000000,0.01831141,0.00000000,0.01041357,0.00000000,0.00000000,0.00000000,0.00000000,0.00000000,0.00000000,0.00000000,0.00000000,0.00000000,0.00000000,0.13069918,0.00000000,0.00000000,0.00000000,0.00000000,0.00000000,0.00000000,0.05754191,0.00000000,0.00770347,0.00000000,0.00269645,0.00000000,0.00000000,0.00000000,0.00000000,0.00000000,0.00000000,0.00000000,0.00000000,0.00000000,0.00000000,0.00000000,0.00000000,0.00000000,0.00000000,0.00000000,0.00000000,0.00000000,0.00000000,0.00000000,0.00000000,0.00000000,0.00000000,0.00000000,0.00000000,0.02929019,0.00000000,0.00000000,0.00000000,0.00000000,0.00000000,0.00000000,0.00000000,0.00000000,0.00000000,0.00000000,0.00000000,0.00000000,0.00000000,0.00000000,0.00000000,0.00000000,0.00000000,0.00000000,0.00000000,0.00000000,0.00000000,0.00000000,0.00000000,0.00000000,0.00000000,0.00000000,0.00000000,0.00000000,0.00000000,0.00000000,0.00000000,0.00000000,0.00000000,0.00991613,0.00000000,0.00000000,0.00000000,0.00000000,0.00000000,0.00000000,0.00000000,0.00985946,0.00195261,0.00000000,0.00000000,0.00000000,0.00000000,0.00000000,0.00000000,0.00000000,0.00000000,0.00000000,0.00000000,0.00000000,0.00000000,0.00000000,0.00000000,0.00000000,0.00000000,0.00000000,0.00000000,0.00000000,0.00000000,0.00000000,0.00000000,0.01712990,0.00000000,0.00000000,0.01405720,0.00000000,0.00000000,0.00000000,0.00000000,0.00000000,0.00000000,0.00000000,0.00000000,0.01236951,0.00000000,0.00000000,0.00000000,0.00000000,0.01272344,0.00000000,0.00000000,0.00000000,0.00000000,0.00000000,0.00000000,0.00000000,0.00000000,0.00330560,0.00000000,0.00000000,0.00000000,0.00000000,0.00232628,0.00000000,0.00211255,0.00000000,0.01924115,0.00000000,0.00000000,0.00000000,0.00065171,0.00000000,0.04416780,0.00000000,0.00000000,0.00776444,0.00000000,0.00714236,0.00000000,0.00000000,0.00000000,0.00000000,0.00000000,0.00000000,0.00000000,0.00115119,0.00000000,0.00000000,0.00000000,0.00000000,0.00000000,0.00000000,0.00000000,0.00000000,0.00000000,0.00000000,0.00000000,0.00000000,0.00000000,0.01378321,0.00000000,0.00000000,0.00145241,0.00000000,0.00000000,0.00314857,0.00213480,0.00302895,0.00000000,0.00000000,0.00000000,0.00000000,0.00000000,0.00000000,0.00000000,0.00000000,0.00000000,0.00000000,0.00000000,0.00000000,0.00000000,0.00000000,0.00000000,0.01981456,0.00131993,0.00107018,0.00000000,0.00000000,0.00000000,0.00000000,0.00000000,0.00000000,0.00000000,0.00000000,0.00000000,0.00000000,0.00762082,0.00000000,0.00000000,0.00000000,0.00000000,0.00000000,0.00000000,0.08942368,0.00000000,0.00000000,0.00000000,0.00178106,0.01105257,0.00000000,0.00000000,0.00000000,0.00552186,0.00000000,0.00000000,0.00000000,0.00000000,0.00000000,0.00000000,0.00000000,0.00000000,0.00000000,0.00000000,0.00000000,0.00563098,0.00000000,0.00000000,0.00000000,0.00000000,0.00000000,0.00000000,0.00000000,0.00528185,0.02748771,0.00000000,0.00000000,0.00000000,0.00000000,0.00000000,0.00000000,0.00000000,0.00000000,0.00000000,0.00000000,0.00000000,0.00564398,0.00000000,0.00000000,0.00000000,0.00000000,0.00000000,0.00000000,0.04089666,0.00000000,0.00000000,0.03444025,0.00000000,0.00000000,0.00000000,0.00000000,0.00000000,0.00000000,0.00000000,0.00000000,0.00000000,0.00000000,0.00000000,0.00000000,0.00000000,0.00000000,0.00000000,0.00000000,0.00000000,0.00000000,0.00000000,0.00351300,0.00000000,0.00000000,0.00000000,0.00000000,0.00394457,0.00000000,0.00000000,0.00000000,0.00000000,0.00000000,0.00000000,0.00000000,0.00000000,0.00000000,0.00162172,0.00000000,0.00000000,0.00000000,0.00253245,0.00000000,0.00000000,0.00367892,0.00000000,0.00000000,0.00000000,0.00000000,0.00000000,0.00000000,0.00000000,0.00000000,0.00000000,0.00435884,0.00000000,0.00000000,0.00000000,0.00000000,0.00000000,0.00000000,0.08077927,0.00000000,0.01522542,0.00000000,0.00000000,0.00000000,0.00000000,0.00000000,0.00000000,0.00000000,0.00000000,0.00000000,0.03217282,0.00000000,0.00000000,0.00000000,0.00000000,0.00000000,0.00000000,0.00000000,0.00000000,0.00000000,0.00000000,0.00000000,0.01063926,0.00000000,0.00000000,0.00000000,0.12385123,0.00000000,0.00000000,0.00000000,0.00000000,0.00000000,0.00000000,0.00695723,0.00000000,0.00000000,0.00000000,0.00000000,0.00000000,0.00000000,0.00000000,0.00000000,0.00000000,0.00000000,0.00000000,0.00000000,0.01298307,0.00000000,0.00000000,0.00298048,0.00000000,0.00000000,0.00000000,0.00000000,0.00000000,0.00000000,0.00000000,0.00000000,0.20872528,0.00000000,0.00000000,0.00000000,0.00000000,0.00000000,0.00000000,0.00000000,0.00000000,0.00000000,0.00000000,0.00000000,0.00000000,0.00000000,0.00000000,0.00445773,0.00000000,0.00000000,0.00000000,0.06392683,0.00000000,0.00000000,0.00000000,0.00000000,0.00000000,0.00000000,0.00000000,0.00000000,0.00000000,0.00000000,0.00000000,0.00000000,0.00000000,0.00000000,0.00000000,0.00000000,0.00064288,0.00000000,0.00000000,0.00000000,0.00000000,0.00000000,0.00000000,0.00660696,0.00000000,0.00000000,0.00000000,0.00000000,0.00000000,0.00000000,0.00000000,0.00000000,0.00000000,0.00134515,0.00000000,0.00000000,0.00000000,0.00000000,0.00000000,0.00000000,0.00000000,0.00000000,0.00000000,0.00000000,0.00000000,0.01276873,0.00000000,0.00000000,0.00000000,0.00000000,0.00000000,0.00000000,0.00000000,0.00000000,0.00000000,0.00000000,0.00000000,0.00000000,0.00000000,0.00000000,0.00000000,0.00000000,0.00000000,0.00000000,0.00000000,0.00000000,0.00000000,0.00069001,0.00000000,0.00000000,0.01924197,0.09109757,0.00000000,0.00000000,0.00000000,0.00000000,0.00000000,0.00000000,0.00794949,0.00000000,0.00000000,0.00000000,0.00000000,0.00000000,0.00000000,0.00000000,0.03073491,0.00000000,0.00000000,0.00000000,0.00537399,0.00000000,0.00000000,0.00231251,0.00000000,0.00000000,0.00000000,0.00000000,0.00000000,0.00000000,0.00000000,0.00000000,0.00000000,0.01653849,0.00000000,0.00607397,0.00458171,0.00000000,0.00000000,0.00000000,0.00000000,0.00000000,0.00000000,0.00000000,0.00000000,0.00000000,0.00000000,0.00000000,0.00704975,0.00000000,0.00000000,0.00000000,0.01250489,0.00000000,0.00000000,0.00000000,0.00000000,0.00000000,0.00000000,3.51799458,0.00000000,0.00000000,0.00000000,0.00000000,0.00000000,0.00000000,0.00000000,0.00000000,0.00000000,0.00000000,0.00000000,0.00000000,0.01114246,0.00000000,0.00350392,0.00000000,0.00000000,0.00000000,0.00000000,0.00000000,0.00000000,0.00000000,0.00000000,0.00000000,0.00000000,0.00000000,0.00000000,0.00000000,0.00000000,0.00000000,0.00000000,0.00000000,0.00000000,0.00000000,0.00000000,0.00847795,0.00000000,0.00000000,0.00000000,0.00000000,0.00000000,0.00196219,0.00000000,0.00163032,0.00000000,0.00000000,0.00000000,0.00000000,0.06512350,0.00000000,0.00148602,0.00000000,0.00000000,0.00000000,0.01200887,0.00000000,0.00000000,0.00000000,0.00000000,0.00000000,0.00097733,0.16509166,0.00000000,0.00000000,0.00000000,0.00000000,0.00000000,0.00000000,0.00000000,0.00000000,0.00000000,0.00110871,0.00000000,0.00000000,0.00000000,0.00000000,0.00000000,0.00000000,0.00000000,0.00000000,0.00000000,0.00000000,0.00000000,0.00000000,0.00000000,0.00000000,0.00000000,0.00000000,0.00000000,0.00000000,0.00178394,0.00000000,0.00000000,0.05615835,0.00000000,0.00000000,0.00000000,0.00000000,0.00000000,0.00000000,0.00000000,0.00000000,0.00000000,0.00000000,0.00000000,0.00000000,0.00000000,0.00000000,0.00000000,0.00000000,0.00000000,0.00146805,0.00000000,0.00000000,0.00000000,0.00000000,0.00000000,0.00000000,0.00000000,0.00000000,0.00000000,0.00000000,0.00000000,0.00000000,0.00000000,0.00000000,0.00000000,0.00000000,0.00000000,0.00000000,0.00000000,0.00000000,0.00000000,0.00199184,3.26480935,0.00000000,0.00000000,0.00000000,0.03965186,0.00000000,0.00000000,0.00148446,0.00000000,0.00000000,0.00000000,0.00000000,0.00000000,0.00000000,0.00000000,0.00000000,0.00000000,1.72892563,0.00000000,0.00000000,0.00000000,0.01014174,0.00000000,0.00000000,0.00000000,0.00326236,0.00000000,0.00000000,0.00000000,0.00000000,0.00000000,0.00000000,0.03247468,0.01652252,0.00000000,0.00000000,0.00000000,0.00000000,0.00000000,0.00000000,0.00000000,0.00000000,0.00000000,0.00000000,0.00000000,0.00000000,0.00000000,0.00000000,0.00000000,0.00000000,0.00000000,0.00000000,0.00000000,0.00000000,0.00194923,0.03370976,0.00607660,0.00000000,0.00000000,0.00000000,0.00000000,0.01147611,0.00000000,0.00000000,0.00000000,0.00000000,0.00000000,0.00000000,0.00000000,0.00000000,0.00000000,0.00568117,0.01045447,0.00379048,0.00000000,0.00000000,0.00000000,0.00000000,0.00000000,0.00784621,0.00000000,0.00000000,0.00000000,0.00000000,0.00000000,0.00000000,0.00000000,1.91658889,0.00000000,0.00000000,0.00000000,0.00000000,0.00000000,0.00000000,1.20265463,0.00000000,0.00000000,0.00000000,0.00000000,0.00000000,0.00345914,0.00000000,0.00318736,0.00000000,0.00000000,0.00000000
0.00000000,0.00000000,0.00000000,0.00000000,0.00000000,0.00000000,0.00000000,0.08696425,0.00000000,0.00000000,0.00000000,0.00000000,0.00000000,0.00869226,0.00379663,0.00000000,0.00000000,0.00000000,0.00000000,0.00000000,0.00628342,0.00000000,0.00162273,0.00000000,0.00000000,0.00000000,0.00000000,0.01025050,0.00000000,0.00000000,0.00000000,0.00000000,0.00413524,0.00000000,0.00000000,0.00000000,0.00000000,0.00000000,0.00000000,0.00447840,0.00000000,0.00000000,0.00000000,0.00000000,0.00000000,0.00000000,0.00000000,0.00000000,0.00000000,0.00000000,0.00000000,0.00000000,0.00000000,0.00000000,0.00000000,0.00000000,0.00000000,0.00000000,0.00000000,0.00124498,0.00000000,0.00000000,0.00000000,0.01194140,1.56384421,0.00000000,0.00000000,0.00000000,0.00000000,0.02648600,0.00000000,0.00000000,0.00000000,0.00000000,0.00000000,0.00000000,0.00254979,0.00000000,0.00000000,0.00000000,0.00000000,0.00282585,0.00000000,0.00000000,0.00000000,0.00000000,0.02979935,0.00000000,0.00000000,0.00000000,0.00000000,0.00000000,0.00000000,0.00000000,0.00000000,0.00000000,0.00000000,0.00000000,0.00000000,0.00000000,0.00000000,0.00000000,0.00000000,0.00000000,0.00000000,0.00000000,0.00000000,0.00000000,0.00000000,0.00000000,0.00000000,0.00000000,0.06548342,0.00000000,0.00000000,0.00000000,0.01638818,0.00000000,0.00000000,0.00000000,0.00000000,0.00000000,0.05951558,0.00000000,0.00000000,0.00000000,0.00000000,0.00244499,0.00000000,0.03980672,0.08751206,0.00000000,0.00000000,0.00000000,0.00000000,0.00443264,0.00000000,0.00000000,0.00000000,0.00000000,0.00237622,0.04340185,0.00000000,0.00000000,0.00000000,0.00000000,0.00000000,0.00000000,0.00000000,0.00000000,0.00000000,0.00000000,0.00000000,0.00000000,0.00000000,0.00000000,0.00000000,0.00308565,0.00000000,0.00000000,0.02789591,0.00000000,0.00000000,0.00000000,0.00000000,0.00000000,0.00000000,0.00000000,0.00000000,0.75915488,0.00000000,0.00000000,0.00000000,0.00000000,0.00000000,0.00000000,0.00000000,0.00000000,0.00000000,0.00000000,0.00000000,0.00000000,0.00000000,0.00000000,0.00000000,0.00000000,0.00000000,0.00000000,2.17948208,0.00000000,0.00000000,0.00000000,0.00000000,0.00000000,0.00000000,0.00000000,0.00342816,0.00000000,0.00000000,0.00000000,0.00000000,0.00000000,0.00000000,0.00000000,0.00293077,0.00000000,0.00000000,0.00000000,0.00000000,0.00000000,0.00000000,0.00000000,0.00000000,0.00000000,0.00399326,0.00000000,0.00000000,0.00000000,0.00000000,0.00000000,0.00000000,0.01528933,0.00000000,0.00000000,0.00000000,0.00000000,0.00000000,0.00000000,0.01256948,0.00000000,0.00000000,0.00000000,0.00000000,0.00000000,0.00742569,0.00000000,0.00000000,0.00000000,0.00082266,0.00000000,0.00000000,0.00000000,0.00000000,0.00000000,0.00363746,0.00000000,0.00291545,0.00000000,0.00000000,0.03200192,0.00000000,0.00000000,0.00000000,0.00000000,0.00000000,0.00000000,0.04873093,0.00000000,0.00000000,0.00000000,0.00000000,0.00000000,0.00000000,0.00000000,0.00000000,0.00000000,0.00000000,0.00000000,0.00000000,0.00000000,0.05757515,0.00000000,0.00000000,0.02476973,0.00000000,0.00000000,0.00000000,0.00170835,0.00000000,0.00000000,0.00000000,0.00000000,0.00000000,0.00000000,0.00000000,0.00000000,0.00000000,0.00000000,0.00000000,0.00000000,0.00176654,0.00085145,0.00000000,0.00465375,0.00000000,0.00000000,0.00000000,0.00000000,0.00595033,0.00000000,0.00000000,0.00296573,0.01078656,0.00000000,0.00000000,0.00000000,0.00000000,0.00230809,0.00000000,0.00000000,0.00000000,0.00000000,0.00000000,0.00000000,0.00000000,0.00000000,0.00000000,0.00000000,0.00000000,0.00000000,0.00000000,0.00232457,0.00000000,0.45768546,0.00000000,0.00000000,0.00000000,0.00317600,0.01370575,0.00000000,0.00000000,0.00000000,0.00000000,0.00000000,0.00000000,0.00000000,0.00000000,0.00000000,0.00000000,0.00000000,0.00000000,0.00000000,0.00000000,0.00000000,0.01173080,0.00703625,0.00000000,0.00000000,0.00000000,0.00000000,0.00000000,0.00534813,0.00000000,0.00652912,0.00000000,0.00000000,0.00000000,0.00000000,0.00000000,0.00000000,0.00000000,0.00000000,0.00000000,0.00000000,0.00000000,0.00834068,0.00000000,0.00000000,0.00000000,0.00257535,0.00000000,0.00000000,0.00000000,0.00309325,0.00000000,0.00059071,0.00000000,0.00000000,0.00000000,0.00000000,0.00000000,0.00667469,0.00000000,0.66371591,0.00000000,0.00000000,0.00000000,0.00000000,0.00000000,0.00000000,0.00000000,2.26433179,0.00000000,0.00000000,0.00000000,0.00000000,0.00000000,0.00000000,0.00000000,0.00000000,0.00000000,0.00000000,0.00000000,0.00000000,0.00000000,0.00000000,0.00000000,0.00000000,0.00000000,0.08792893,0.00000000,0.00000000,0.00000000,0.13294785,0.00650396,0.00246681,0.00000000,0.00000000,0.00000000,0.01747701,0.00831017,0.00000000,0.00000000,0.00000000,0.00000000,0.00000000,0.00000000,0.00000000,0.00000000,0.00000000,0.00000000,0.00000000,0.00000000,0.00000000,0.00000000,0.00000000,0.00000000,0.00000000,0.00000000,0.00000000,0.00000000,0.00000000,0.00000000,0.00000000,0.00000000,0.00000000,0.00000000,0.00000000,0.00000000,0.00000000,0.00000000,0.00000000,0.00000000,0.00000000,0.00000000,0.00000000,0.00000000,0.00000000,0.00000000,0.00000000,0.00000000,0.00087932,0.00000000,0.00000000,0.00000000,0.00102817,0.00000000,0.00000000,0.00228274,0.00000000,0.00000000,0.00000000,0.00000000,0.00000000,0.00000000,0.00000000,0.00000000,0.00000000,0.00000000,0.03337746,0.00000000,0.00857129,0.00000000,0.38076007,0.00000000,0.00000000,0.00000000,0.00000000,0.00000000,0.00000000,0.00405102,0.00000000,0.00390956,0.00000000,0.00000000,0.00000000,0.00000000,0.00000000,0.00000000,0.00000000,0.00000000,0.00000000,0.00000000,0.00000000,0.00000000,0.00000000,0.00000000,0.01535018,0.00000000,0.00210351,0.00000000,0.00000000,0.00000000,0.00000000,0.01372453,0.00000000,0.00000000,0.00000000,0.00000000,0.00000000,0.00000000,0.00000000,0.00000000,0.00445849,0.00000000,0.00000000,0.00000000,0.00000000,0.00000000,0.00000000,0.00000000,0.00000000,0.00281735,0.00000000,0.00000000,0.00000000,0.00000000,0.00000000,0.00000000,0.00000000,0.00000000,0.00000000,0.00000000,0.00000000,0.00000000,0.00000000,0.01698195,0.00000000,0.00000000,0.03261198,0.01066851,0.00000000,0.00000000,0.00000000,0.00000000,0.00000000,0.00000000,0.00000000,0.00000000,0.00000000,0.00000000,0.00000000,0.00000000,0.00000000,0.00000000,0.00000000,0.02046229,0.00000000,0.00000000,1.00456758,0.00000000,0.00336678,0.00000000,0.00000000,0.00000000,0.00000000,0.00000000,0.00000000,0.00000000,0.00000000,0.00000000,0.00000000,0.00000000,0.00000000,0.00000000,0.00000000,0.00000000,0.00000000,0.00000000,0.00000000,0.00000000,0.00000000,0.00000000,0.00000000,0.00000000,0.00000000,0.00000000,0.00000000,0.00000000,0.00000000,0.00000000,0.00000000,0.00000000,0.00000000,0.00000000,0.00000000,0.00000000,0.00389878,0.00000000,0.00000000,0.00000000,0.00159555,0.00000000,0.00000000,0.00000000,0.00000000,0.00000000,0.00000000,0.00000000,0.00000000,0.00000000,0.00000000,0.00000000,0.00657436,0.00000000,0.00000000,0.00000000,0.00000000,0.00000000,0.03982395,0.00000000,0.00000000,0.00000000,0.00000000,0.01052028,0.00000000,0.00000000,0.00000000,0.00000000,0.00000000,0.00000000,0.00000000,0.00000000,0.00000000,0.00000000,0.00000000,0.00183653,0.00000000,0.00000000,0.05001999,0.00000000,0.00000000,0.09339794,0.00000000,0.00000000,0.00000000,0.00000000,0.00000000,0.00000000,0.05723150,0.02287704,0.00000000,0.00000000,0.00000000,0.00000000,0.00000000,0.00000000,0.00532651,0.00000000,0.00000000,0.00000000,0.00000000,0.00000000,0.00000000,0.00000000,0.00000000,0.00000000,0.00000000,0.00000000,0.00000000,0.00000000,0.00000000,0.00000000,0.00000000,0.00000000,0.03460730,0.00000000,0.00000000,0.00000000,0.00000000,0.00000000,0.00000000,0.00000000,0.00000000,0.00000000,0.00000000,0.00000000,0.00000000,0.00000000,0.04184248,0.00000000,0.00000000,0.00000000,0.00000000,0.10968194,0.00000000,0.00423282,0.00000000,0.00000000,0.00000000,0.00000000,0.00000000,0.30315492,0.00000000,0.00000000,0.02583335,0.00000000,0.00000000,0.00000000,0.00000000,0.00000000,0.00000000,0.00742356,0.00000000,0.00000000,0.00000000,0.00000000,0.00000000,0.05360427,0.00000000,0.00000000,0.00000000,0.00000000,0.00000000,0.00000000,0.00000000,0.00000000,0.00094197,0.00632732,0.00000000,0.00000000,0.00000000,0.00000000,0.00000000,0.00000000,0.00000000,0.00000000,0.00000000,0.00000000,0.00000000,0.00000000,0.00000000,0.00000000,0.00000000,0.00137568,0.00000000,0.00000000,0.00000000,0.00000000,0.00000000,0.00000000,0.00000000,0.00000000,0.00000000,0.00000000,0.00000000,0.00000000,0.00000000,0.00000000,0.00000000,0.00000000,0.00000000,0.00000000,0.00000000,0.00000000,0.00000000,0.00000000,0.00000000,0.00000000,0.00000000,0.00000000,0.00000000,0.00000000,0.00000000,0.00000000,0.00057987,0.00000000,0.00000000,0.04548657,0.00000000,0.00000000,0.00000000,0.00000000,0.00000000,0.00000000,0.01417858,0.00000000,0.00000000,0.00000000,0.00000000
0.00000000,0.00000000,0.00000000,0.00000000,0.00000000,0.00000000,0.08037002,0.00000000,0.00000000,0.00000000,0.00000000,0.00000000,0.00000000,0.09959209,0.00000000,0.00000000,0.00000000,0.00000000,0.00000000,0.00000000,0.00000000,0.00000000,0.00000000,0.00000000,0.00000000,0.00000000,0.00000000,0.00000000,0.00000000,0.00000000,0.00000000,0.00000000,0.00000000,0.00000000,0.00000000,0.00000000,0.00000000,0.12787536,0.00000000,0.01173299,0.00000000,0.00000000,0.00000000,0.00000000,0.04325675,0.00000000,0.00000000,0.00000000,0.00000000,0.00000000,0.00000000,0.00000000,0.00000000,0.00000000,0.00000000,0.00000000,0.00000000,0.00000000,0.00000000,0.00000000,0.00000000,0.00000000,0.00000000,0.00000000,0.00285688,0.00000000,0.00000000,0.00000000,0.00000000,0.00171756,0.00000000,0.00277753,0.00000000,0.00000000,0.00000000,0.05438442,0.00000000,0.00000000,0.00000000,0.00000000,0.00000000,0.00000000,0.00000000,0.00000000,0.00000000,0.00000000,0.00000000,0.00000000,0.03625618,0.00096457,0.00000000,0.00000000,0.00000000,0.00000000,0.00000000,0.00000000,0.00000000,0.00000000,0.00000000,0.00000000,0.00873504,0.00000000,0.00000000,0.00000000,0.00000000,0.00000000,0.00000000,0.00000000,0.00000000,0.00000000,0.00000000,0.00000000,0.00000000,0.00000000,0.00000000,0.00000000,0.00000000,0.00000000,0.00000000,0.05579626,0.00000000,0.02357502,0.00000000,0.00000000,0.00446318,0.00000000,0.00000000,0.00000000,0.00000000,0.00000000,0.00099778,0.00000000,0.00000000,0.00056532,0.00000000,0.00000000,0.00000000,0.00000000,0.00078121,0.00000000,0.00000000,0.00000000,0.00000000,0.00000000,0.00000000,0.00000000,0.00000000,0.00000000,0.00000000,0.00000000,0.00000000,0.01937618,0.00000000,0.00000000,0.00000000,0.00000000,0.00000000,0.00000000,0.02954752,0.00000000,0.00000000,0.00000000,0.01288734,0.00431206,0.00000000,0.00000000,0.00000000,0.00000000,0.00000000,0.00000000,0.00579806,0.00000000,0.00000000,0.00000000,0.00000000,0.00000000,0.00000000,0.00000000,0.00000000,0.00898578,0.00000000,0.00000000,0.00570445,0.00000000,0.00000000,0.00000000,0.00000000,0.01817039,0.00000000,0.11620660,0.00000000,0.00953690,0.00000000,0.00000000,0.00000000,0.00000000,0.00000000,0.00000000,0.00000000,0.00000000,1.26809534,0.00000000,0.00000000,0.02563046,0.00000000,0.00000000,0.00000000,0.00000000,0.00000000,0.00000000,0.25440570,0.00000000,0.00000000,0.00000000,0.00000000,0.00000000,0.00000000,0.00000000,0.00000000,0.00000000,0.00000000,0.00000000,0.00000000,0.00423430,0.00000000,0.00000000,0.00000000,0.00000000,0.00000000,0.01557653,0.00000000,0.00371988,0.00801722,0.00000000,0.00000000,0.00000000,0.00000000,0.00000000,0.00000000,0.00000000,0.00000000,0.00000000,0.00000000,0.00000000,0.00000000,0.00000000,0.00000000,0.00000000,0.00249777,0.00565221,0.00000000,0.00000000,0.00000000,0.00000000,0.00935241,0.00000000,0.00000000,0.00000000,0.00000000,0.00000000,0.00000000,0.00000000,0.00000000,0.00000000,0.00376895,0.00000000,0.00000000,0.01991298,0.00000000,0.00000000,0.01187001,0.00000000,0.00000000,0.00000000,0.00000000,0.00000000,0.00256253,0.00356058,0.00000000,0.00000000,0.00000000,0.00680427,0.00000000,0.00000000,0.00000000,0.00000000,0.00000000,0.00000000,0.00000000,0.00000000,0.00000000,0.00000000,0.00000000,0.00000000,0.00000000,0.00000000,0.00000000,0.00000000,0.00000000,0.10530904,0.00091149,0.00000000,0.00000000,0.00323963,0.00000000,0.00000000,0.17629994,0.00000000,0.13174197,0.00000000,0.00000000,0.23237320,0.00000000,0.00000000,0.00000000,0.00000000,0.00000000,0.00000000,0.00000000,0.00000000,0.03900651,0.00599291,0.00000000,0.00000000,0.00000000,0.00536200,0.00000000,0.00000000,0.00000000,0.00000000,0.00000000,0.00000000,0.00000000,0.00000000,0.00000000,0.00000000,0.00000000,0.00000000,1.88225930,0.00000000,0.00000000,0.00000000,0.00000000,0.00000000,0.00000000,0.00000000,0.00000000,0.00000000,0.00000000,0.00000000,0.00000000,0.00000000,0.00000000,0.00000000,0.00000000,0.00000000,0.00000000,0.00000000,0.00000000,0.00000000,0.00000000,0.00000000,0.00000000,0.00000000,0.03738505,0.00000000,0.00000000,0.00000000,0.01043577,0.04517888,0.00106277,0.00000000,0.00737745,0.00000000,0.00000000,0.00000000,0.00000000,0.00000000,0.06417092,0.00627448,0.00000000,0.00000000,0.00000000,0.00000000,0.00000000,0.00000000,0.00000000,0.00355323,0.00000000,0.00000000,0.00000000,0.00000000,0.04486799,0.00000000,0.00000000,0.00000000,0.00000000,0.00000000,0.00000000,0.00000000,0.00000000,0.00000000,0.00000000,0.00000000,0.00000000,0.00616968,0.00000000,0.00000000,0.00000000,0.00104712,0.00000000,0.00000000,0.00000000,0.00000000,0.00000000,0.00134429,0.00000000,0.00000000,0.00000000,0.00000000,0.00000000,0.12552841,0.00000000,0.00000000,0.00000000,0.00000000,0.00000000,0.00000000,4.36510511,0.00000000,0.00000000,0.00000000,0.00134775,0.00000000,0.28867461,0.00000000,0.00000000,0.00000000,0.00000000,0.00000000,0.00000000,0.00000000,0.00000000,0.00000000,0.00000000,0.00000000,0.00146557,0.00000000,0.00000000,0.02942528,0.00000000,0.00000000,0.00000000,0.00000000,0.00000000,0.00000000,0.00000000,0.00000000,0.00000000,0.00000000,0.00000000,0.00000000,0.00000000,0.00000000,0.00000000,0.00478546,0.00000000,0.00263475,0.00000000,0.00000000,0.00951423,0.00000000,0.00000000,0.00278670,0.00000000,0.00000000,0.01669245,0.00000000,0.00000000,0.00000000,0.00000000,0.00000000,0.00000000,0.00341447,0.00000000,0.00000000,0.00000000,0.00779967,0.00000000,0.00000000,0.00238144,0.00000000,0.00000000,0.00000000,0.04090863,0.00000000,0.00000000,0.06629661,0.00000000,0.00000000,0.00000000,0.00000000,0.01445051,0.00000000,0.00000000,0.00000000,0.00000000,0.00000000,0.00000000,0.00000000,0.00000000,0.00000000,0.00000000,0.00000000,0.00000000,0.00000000,0.00000000,0.00000000,0.00000000,0.00103846,0.00000000,0.00000000,0.00000000,0.00000000,0.00000000,0.00000000,0.00000000,0.00000000,0.00000000,0.00000000,0.00000000,0.00000000,0.00000000,0.00000000,0.00000000,0.00000000,0.00000000,0.00000000,0.00000000,0.00000000,0.00000000,0.00464659,0.00000000,0.00000000,0.00000000,0.01409397,0.00000000,0.00000000,0.00000000,0.00000000,0.00000000,0.00000000,0.00000000,0.00000000,0.00000000,0.00000000,0.00000000,0.00000000,0.00000000,0.00000000,0.00000000,0.00000000,0.00000000,0.00000000,0.00000000,0.00000000,0.00000000,0.00000000,0.00000000,0.00000000,0.00000000,0.00000000,0.00000000,0.00000000,0.00000000,0.00000000,0.00000000,0.00000000,0.00000000,0.00395010,0.00000000,0.00000000,0.00000000,0.00000000,0.00000000,0.00000000,0.00000000,0.00000000,0.00000000,0.00000000,0.00000000,0.00000000,0.00000000,0.00000000,0.00000000,0.00000000,0.00000000,0.00000000,0.00000000,0.00000000,0.00000000,0.00000000,0.00000000,0.00000000,0.00000000,0.00000000,0.07896830,0.00000000,0.01094379,0.00000000,0.00000000,0.00000000,0.00000000,0.00000000,0.00000000,0.00000000,0.00000000,0.00000000,0.00000000,0.00000000,0.00000000,0.00000000,0.00000000,0.00000000,0.00000000,0.00000000,0.00000000,0.00000000,0.00000000,0.00000000,0.00000000,0.00000000,0.00000000,0.00000000,0.00000000,0.00000000,0.00000000,0.00000000,0.00000000,0.00000000,0.00000000,0.03830480,0.00000000,0.00000000,0.00000000,0.00000000,0.00000000,0.00000000,0.00000000,0.00000000,0.00000000,0.03029302,0.00000000,0.00000000,0.00000000,0.00000000,0.00000000,0.00000000,0.00000000,0.00000000,0.00000000,0.00000000,0.00000000,0.00000000,0.00000000,0.00000000,0.05811911,0.01110389,0.00000000,0.00000000,0.03351303,0.00000000,0.00000000,0.00000000,0.00000000,0.00000000,0.00000000,0.00000000,0.00000000,0.00000000,0.23479451,0.00000000,0.00000000,0.00000000,0.01396353,0.00000000,0.00000000,0.00000000,0.05367104,0.00000000,0.00000000,0.00000000,0.00000000,0.00000000,0.00000000,0.06991132,0.00000000,0.00961135,0.00000000,0.00000000,0.00000000,0.00318345,0.00000000,0.00000000,0.00000000,0.00000000,0.00000000,0.00000000,0.00000000,0.00000000,0.01603140,0.00207043,0.00000000,0.00122675,0.01291158,0.00000000,0.00000000,0.00000000,0.00000000,0.00000000,0.00000000,0.00000000,0.01080339,0.00000000,0.00000000,0.00000000,0.00000000,0.00000000,0.00000000,0.00000000,0.02807186,0.00000000,0.00000000,0.00000000,0.00000000,0.00000000,1.16868912,0.00000000,0.00000000,0.00000000,0.01694330,0.03135674,0.00000000,0.00000000,0.00000000,0.00000000,0.00000000,0.00000000,0.00000000,0.00000000,0.00000000,0.00000000,0.00000000,0.00000000,0.00000000,0.00000000,0.00000000,0.00000000,0.00000000,0.00000000,0.00000000,0.00000000,0.00000000,0.00000000,0.00000000,0.00000000,0.00000000,0.00000000,0.00429483,0.00000000,0.00000000,0.00000000,0.00000000,0.03538361,0.06376100,0.00000000,0.00000000,0.00000000,0.00000000,0.00000000,0.00000000,0.00000000,0.00000000,0.00000000,0.00717391,0.00000000,0.00000000,0.00000000,0.00000000,0.00000000,0.00000000,0.00000000,0.00000000,0.00533907,0.00000000,0.00000000,0.00000000,0.00000000,0.00000000,0.00000000
0.00167284,0.00399476,0.00000000,0.00628698,0.00000000,0.00000000,0.00306898,0.00000000,0.00000000,0.00000000,0.00000000,0.00000000,0.00000000,0.00000000,0.00000000,0.00000000,0.00000000,0.00000000,0.00000000,0.00000000,0.01228404,0.00000000,0.00000000,0.00000000,0.00000000,0.00000000,0.00000000,0.00000000,0.00000000,0.00000000,0.00000000,0.00000000,0.00000000,0.00000000,0.00000000,0.00000000,0.00000000,0.00000000,0.00000000,0.00000000,0.00000000,0.00000000,0.00000000,0.00000000,0.00550408,0.00000000,0.00000000,0.00000000,0.08324316,0.00000000,0.00000000,0.00000000,0.01039451,0.00000000,0.00000000,0.01318036,0.00000000,0.01586664,0.00452668,0.00893921,0.00000000,0.00000000,0.00000000,0.00000000,0.43612656,0.00000000,0.00000000,0.00000000,0.00076820,0.00145986,0.00000000,0.00000000,0.00000000,0.00000000,0.00000000,0.00000000,0.00000000,0.00000000,0.00000000,0.00000000,0.00000000,0.00000000,0.00000000,0.00000000,0.00000000,0.00719179,0.00000000,0.00000000,0.00000000,0.00000000,0.00000000,0.00000000,0.00000000,0.00661101,0.00000000,0.00000000,0.00000000,0.00000000,0.00000000,0.00000000,0.00000000,0.00000000,0.00000000,0.00000000,0.00000000,0.00000000,0.00000000,0.00000000,0.00000000,0.00000000,0.00000000,0.03287234,0.00000000,0.00000000,0.00000000,0.00000000,0.00000000,0.00831104,0.00000000,0.02848468,0.00000000,0.00000000,0.00000000,0.04378676,0.00000000,0.00000000,0.00000000,0.00000000,0.00000000,0.01142241,0.00000000,0.01895322,0.00000000,0.00000000,0.00000000,0.00000000,0.07663130,0.00000000,0.00000000,0.00000000,0.00000000,0.00000000,0.00000000,0.00000000,0.00000000,0.00000000,0.00408923,0.00000000,0.23804299,0.00000000,0.00000000,0.00000000,0.00094691,0.00000000,0.00000000,0.00000000,0.00484143,0.00000000,0.00159454,0.00683495,0.00000000,0.00000000,0.00000000,0.00000000,0.00000000,0.00000000,0.00000000,0.00000000,0.00000000,0.00000000,0.00000000,0.00000000,0.05824686,0.00000000,0.00000000,0.00000000,0.00000000,0.00000000,0.00560767,0.00000000,0.00000000,0.00000000,0.01428800,0.00000000,0.00000000,0.00000000,0.00000000,0.00000000,0.05776436,0.00000000,0.00000000,0.00000000,0.00000000,0.00000000,0.00000000,0.00000000,0.01847549,0.00000000,0.00000000,0.00000000,0.00000000,0.03788744,1.17902094,0.00000000,0.00500998,0.00000000,0.01194546,0.00000000,0.00000000,0.00000000,0.03662578,0.00000000,0.00000000,0.00000000,0.00000000,0.00000000,0.00000000,0.00000000,0.00000000,0.00000000,0.00000000,0.00000000,0.00000000,0.00000000,0.00000000,0.00289035,0.00000000,0.00000000,0.00000000,0.00000000,0.00000000,0.00000000,0.00000000,0.00000000,0.00000000,0.00197096,0.00000000,0.00000000,0.00000000,0.00000000,0.00000000,0.01109733,0.00000000,0.00000000,0.00000000,0.00000000,0.00000000,0.00000000,0.00000000,0.00396646,0.00000000,0.00000000,0.01821887,0.00000000,0.00000000,0.00000000,0.00000000,0.00000000,0.00000000,0.00000000,0.00000000,0.00000000,0.00000000,0.00000000,0.00000000,0.00000000,0.00000000,0.00000000,0.00000000,0.00000000,0.00000000,0.00000000,0.00000000,0.01638631,0.00000000,0.00000000,0.04832952,0.00000000,0.00000000,0.00000000,0.00665197,0.00000000,0.00000000,0.00395293,0.00000000,0.00000000,0.00000000,0.00000000,0.00000000,0.00000000,0.24212967,0.00000000,0.10138379,0.00000000,0.00000000,0.00000000,0.00000000,0.00000000,0.00000000,0.00000000,0.00000000,0.00000000,0.00000000,0.00000000,0.00000000,0.00000000,0.00000000,0.00000000,0.00000000,0.00000000,0.00000000,0.00000000,0.00000000,0.00000000,0.00000000,0.00738762,0.00000000,0.00000000,0.00000000,0.00000000,0.00000000,0.00000000,0.00000000,0.00000000,1.42672368,0.00000000,0.00609619,0.00000000,0.00000000,0.00000000,0.00000000,0.00000000,0.00000000,0.00000000,0.00000000,0.00000000,0.00000000,0.00000000,0.01463884,0.00000000,0.00000000,0.00000000,0.00207103,0.00000000,0.00000000,0.00000000,0.00000000,0.00000000,0.00000000,0.00000000,0.00000000,0.00452561,0.00000000,0.00000000,0.00000000,0.00000000,0.00000000,0.00000000,0.00000000,0.00000000,0.00000000,0.00359357,0.00000000,0.00000000,0.00000000,0.00000000,0.00000000,0.00504886,0.00000000,0.00000000,0.00000000,0.00000000,0.00000000,0.00000000,0.00000000,0.00000000,0.00000000,0.00000000,0.00000000,0.04306485,0.01094098,0.00000000,0.00000000,0.00103339,0.00538658,0.00000000,0.00000000,0.00139455,0.00000000,0.00000000,0.00000000,0.00000000,0.00000000,0.00000000,0.00000000,0.00000000,0.00000000,0.93861359,0.00000000,0.00000000,0.00219508,0.00000000,0.00000000,0.00000000,0.00000000,0.00000000,0.00257650,0.00000000,0.00000000,0.00000000,0.00000000,0.96352058,0.00000000,0.00000000,0.00000000,0.00000000,0.00000000,0.00795741,0.00000000,0.00000000,0.00000000,0.00000000,0.03547881,0.00000000,0.00000000,0.00000000,0.00000000,0.30502302,0.00000000,0.00000000,0.00000000,0.00082270,0.00000000,0.00000000,0.00000000,0.00000000,0.00000000,0.00000000,0.00000000,0.00000000,0.00000000,0.00000000,0.00000000,0.00000000,0.00000000,0.00000000,0.00000000,0.00000000,0.00000000,0.00000000,0.00000000,0.00000000,0.00000000,0.00388321,0.00000000,0.00000000,0.00000000,0.00000000,0.00000000,0.00000000,0.00000000,0.00000000,0.00000000,0.00000000,0.00000000,0.00000000,0.00000000,0.00000000,0.00000000,0.00000000,0.00000000,0.00000000,0.00000000,0.00000000,0.00000000,0.00000000,0.00000000,0.00756077,0.00000000,0.00000000,0.00000000,0.00000000,0.00000000,0.00000000,0.00000000,0.00000000,0.00000000,0.00000000,0.00000000,0.00000000,0.00000000,0.00000000,0.00123177,0.00000000,0.00000000,0.00000000,0.00000000,0.00000000,0.00000000,0.00000000,0.00000000,0.00000000,0.00000000,0.00000000,0.00000000,0.00000000,0.00000000,0.00000000,0.00000000,0.00000000,0.00328126,0.00000000,0.00000000,0.00000000,0.00000000,0.00000000,0.00000000,0.00000000,0.00000000,0.00000000,0.02466419,0.00000000,0.00000000,0.00000000,0.00000000,0.00000000,0.00000000,0.00000000,0.00000000,0.00000000,0.00000000,0.00000000,0.00000000,0.00000000,0.00000000,0.00000000,0.00000000,0.00000000,0.01500660,0.00000000,0.00000000,0.00000000,3.48248221,0.01364486,0.00000000,0.00402224,0.00000000,0.00000000,0.00000000,0.00000000,0.00000000,0.00000000,0.00000000,0.00000000,0.00000000,0.00000000,0.00000000,0.00000000,0.00000000,0.00000000,0.00000000,0.00000000,0.00000000,0.00000000,0.00000000,0.00000000,0.00000000,0.00000000,0.00000000,0.00000000,0.00000000,0.00000000,0.00000000,0.00000000,0.00000000,0.00000000,0.00000000,0.05243262,0.00000000,0.00000000,0.00000000,0.00000000,0.08864534,0.00000000,0.00000000,0.00000000,0.00000000,0.00000000,0.00000000,0.00808552,0.00000000,0.00000000,0.00000000,0.00061610,0.00000000,0.00000000,0.00000000,0.00000000,0.00000000,0.00000000,0.00000000,0.00000000,0.00183216,0.00000000,0.00134587,0.00000000,0.00314872,0.00000000,0.00000000,0.00000000,0.00000000,0.00000000,0.00000000,0.00000000,0.00000000,0.00000000,0.00000000,0.19957507,0.00000000,0.02881500,0.00000000,0.00000000,0.00000000,0.00000000,0.00000000,0.00000000,0.00000000,0.00000000,0.00000000,0.00000000,0.00000000,0.00000000,0.00000000,0.00000000,0.00000000,0.00000000,0.01151021,0.00000000,0.00000000,0.00000000,0.00000000,0.00000000,0.00000000,0.00000000,0.00000000,0.00000000,0.00000000,0.00000000,0.00000000,0.00000000,0.07012477,0.00000000,0.00000000,0.00000000,0.00000000,0.00000000,0.00000000,0.00000000,0.00000000,0.00000000,0.00000000,0.00000000,0.01311214,0.00000000,0.00000000,0.00000000,0.00000000,0.00000000,0.00000000,0.00148537,0.00000000,0.00822444,0.00000000,0.03668971,0.00261217,0.00000000,0.00000000,0.01112535,0.00000000,0.00000000,0.05521042,0.00000000,0.00000000,0.00000000,0.00000000,0.00000000,0.00000000,0.00000000,0.00000000,0.00000000,0.00000000,0.00000000,0.00000000,0.01182893,0.00000000,0.00000000,0.00000000,0.00000000,0.00000000,0.00000000,0.00000000,0.00000000,0.00000000,0.00000000,0.00000000,0.00000000,0.00000000,0.00000000,0.00000000,0.12429315,0.00000000,0.00000000,0.00000000,0.00000000,0.00000000,0.00000000,0.00000000,0.00000000,0.00000000,0.00000000,0.00000000,0.00000000,0.00000000,0.00000000,0.00000000,0.00000000,0.00000000,0.00000000,0.00000000,0.00000000,0.00000000,0.00000000,0.00000000,0.00000000,0.04306851,0.00000000,0.00000000,0.00000000,0.00000000,0.00000000,0.00000000,0.00000000,0.00000000,0.00000000,0.14077578,0.00000000,0.00000000,0.00000000,0.00000000,0.00257621,0.00000000,0.00489574,0.00000000,0.00000000,0.00000000,0.00000000,0.00000000,0.00000000,0.00000000,0.00000000,0.00345540,0.00000000,0.00000000,0.00000000,0.00000000,0.00000000,0.00000000,0.00000000,0.00000000,0.00000000,0.00000000,0.00000000,0.00000000,0.00000000,0.00000000,0.00000000,0.00136834,0.00000000,0.00000000,0.00000000,0.05705843,0.00654128,0.00000000,0.00000000,0.00714382,0.01210166,0.00000000,0.00000000,0.00000000,0.00000000,0.00000000,0.11464373,0.00000000,0.00000000,0.00000000,0.00000000,0.00000000,0.00000000,0.03524696,0.14684734
0.00424281,0.00247867,0.00000000,0.00000000,0.00000000,0.00000000,0.00000000,0.00000000,0.00000000,0.02351940,0.00000000,0.00000000,0.00000000,0.11890242,0.00000000,0.00000000,0.00000000,0.02895196,0.00000000,0.00000000,0.00000000,0.00000000,0.00000000,0.00000000,0.00000000,0.00244606,0.00000000,0.00000000,0.00000000,0.00000000,0.00000000,0.00000000,0.00000000,0.00000000,0.00000000,0.00000000,0.00246926,0.00000000,0.00000000,0.00000000,0.00000000,0.00000000,0.00000000,0.00000000,0.00000000,0.00000000,0.00000000,0.02801988,0.00000000,0.00000000,0.00000000,1.05478332,0.00530353,0.00000000,0.00000000,0.00000000,0.00981776,0.00000000,0.00000000,0.00000000,0.00000000,0.00000000,0.00000000,0.06181993,0.00000000,0.00000000,0.00000000,0.01203236,0.00000000,0.01156332,0.00000000,0.00000000,0.00000000,0.00000000,0.00000000,0.00000000,0.00000000,0.00000000,0.00000000,0.00417957,0.00000000,0.00000000,0.00000000,0.00167464,0.00000000,0.00000000,0.00000000,0.00000000,0.00000000,0.00000000,0.00000000,0.03505280,0.00000000,0.00000000,0.00000000,0.00000000,0.00000000,0.00000000,0.00000000,0.00000000,0.00000000,0.00000000,0.00000000,0.00000000,0.00000000,0.00000000,0.00000000,0.00513508,0.00000000,0.00000000,0.00000000,0.00000000,0.00000000,0.00000000,0.00000000,0.00000000,0.00000000,0.29327156,0.00000000,0.00000000,0.00609476,0.00420905,0.00000000,0.00000000,0.00000000,0.14356945,0.00000000,0.00000000,0.00000000,0.00000000,0.00000000,0.01788110,0.00000000,0.00000000,0.00000000,0.00000000,0.00000000,0.01544243,0.00000000,0.00000000,0.00000000,0.08194028,0.00000000,0.00000000,0.00000000,0.00000000,0.00000000,0.00000000,0.00000000,0.00000000,0.00000000,0.00232550,0.00000000,0.00000000,0.00000000,0.00000000,0.00000000,0.00000000,0.00000000,0.12323126,0.00000000,0.00000000,0.00000000,0.00000000,0.00879511,0.00000000,0.00000000,0.03417260,0.00000000,0.00000000,0.00000000,0.00000000,0.00000000,0.00000000,0.00000000,0.00000000,0.00000000,0.00000000,0.00000000,0.00000000,0.09060420,0.00000000,0.00000000,0.00000000,0.00364399,0.00000000,0.00000000,0.00000000,0.00000000,0.00000000,0.00000000,0.00000000,0.00000000,0.00000000,0.00000000,0.00000000,0.00000000,0.00000000,0.00000000,0.00000000,0.00000000,0.00000000,0.00000000,0.00000000,0.00574295,0.00000000,0.01329649,0.02210456,0.00000000,0.00000000,0.00000000,0.00000000,0.00000000,0.00000000,0.00000000,0.00000000,0.00000000,0.00000000,0.00000000,0.00816577,0.00000000,0.00000000,0.00000000,0.00000000,0.00000000,0.00000000,0.00000000,0.00000000,0.00000000,0.00000000,0.00000000,0.00000000,0.00000000,0.03112978,0.00000000,0.00000000,0.00000000,0.05659254,0.00000000,0.00000000,0.00000000,0.00000000,0.00000000,0.00000000,0.00000000,0.00000000,0.00669280,0.00000000,0.00161590,0.00499581,0.00000000,0.00000000,0.00000000,0.00000000,0.00000000,0.00000000,0.00131757,0.00000000,0.00000000,0.00000000,0.00000000,0.00000000,0.01113117,0.00000000,0.00000000,0.00000000,0.00000000,0.00000000,0.00000000,0.00000000,0.00000000,0.00000000,0.00000000,0.42289566,0.00000000,0.00000000,0.00000000,0.00000000,0.00000000,0.00000000,0.00000000,0.00000000,0.00000000,0.01907422,0.00000000,0.00000000,0.00062626,0.02607545,0.00000000,0.00994652,0.00000000,0.00000000,0.00000000,0.00000000,0.00363786,0.00000000,0.00000000,0.00000000,0.00000000,0.00000000,0.00000000,0.00000000,0.00000000,0.00000000,0.00000000,0.00000000,0.00000000,0.00000000,0.00000000,0.00000000,0.00000000,0.00000000,0.00000000,0.00000000,0.00000000,0.00000000,0.00000000,0.00000000,0.00000000,0.00000000,0.00000000,0.00000000,0.00000000,0.00000000,0.67207953,0.00071041,0.00000000,0.00000000,0.00000000,0.00000000,0.00000000,0.00000000,0.02256524,0.00000000,0.00000000,0.00000000,0.00000000,0.00000000,0.00000000,0.00000000,0.00119474,0.00000000,0.00000000,0.00733911,0.00000000,0.00000000,0.00000000,0.00000000,0.00000000,0.00000000,0.00000000,0.00000000,0.01951786,0.00000000,0.00000000,0.00000000,0.00000000,0.00000000,0.00000000,0.00000000,0.00000000,0.00000000,0.00000000,0.00000000,1.34822462,0.00000000,0.00221833,0.00000000,0.00000000,0.00000000,0.00000000,0.00000000,0.00617648,0.00000000,0.00000000,0.00000000,0.00000000,0.00000000,0.00000000,0.00000000,0.00000000,0.01380325,0.00000000,0.00000000,0.00000000,0.00000000,0.00000000,0.04058702,0.00000000,0.00000000,0.00000000,0.00000000,0.00000000,0.00630630,0.01221789,0.00000000,0.00000000,0.00780332,0.00000000,0.00381943,0.00000000,0.00518027,0.00000000,0.00000000,0.00000000,0.00000000,0.00000000,0.00000000,0.00000000,0.00000000,0.00000000,0.00000000,0.00000000,0.00000000,0.00000000,0.00000000,0.00000000,0.00000000,0.00000000,0.00464872,0.00000000,0.00000000,0.00000000,0.00000000,0.00000000,0.00429448,0.00000000,0.00221543,0.00000000,0.00000000,0.00000000,0.00000000,0.00000000,0.00000000,0.00000000,0.02929816,0.00000000,0.00000000,0.00000000,0.00000000,0.18678107,0.00000000,0.00000000,0.00000000,0.00000000,0.00000000,0.00000000,0.00000000,0.00000000,0.00000000,0.00000000,0.00000000,0.00000000,0.01066026,0.00000000,0.02907591,0.00000000,0.00000000,0.03010886,0.00000000,0.00000000,0.00000000,0.00000000,0.00000000,0.00000000,0.00000000,0.00663445,0.00000000,0.00000000,0.00000000,0.00000000,0.00000000,0.00000000,0.00000000,0.00000000,0.00000000,0.01141323,0.00000000,0.00000000,0.00000000,0.00639305,0.00000000,0.00000000,0.00690101,0.01195979,0.00000000,0.00000000,0.00000000,0.00000000,0.00000000,0.00000000,0.00000000,0.00000000,0.00000000,0.00000000,0.00000000,0.00000000,0.00000000,0.00000000,0.00000000,0.00000000,0.00474955,0.00000000,0.00000000,0.00000000,0.00000000,0.00000000,0.00000000,0.00000000,0.00000000,0.00000000,0.00000000,0.00000000,0.00000000,0.00000000,0.00000000,0.00000000,0.00000000,0.00000000,0.00000000,0.00000000,0.00000000,0.02677784,0.00000000,0.00000000,0.00000000,0.00000000,0.00000000,0.00000000,0.00000000,0.00000000,0.00000000,0.00000000,0.00000000,0.00000000,0.00000000,0.00000000,0.00000000,0.00000000,0.00000000,0.00000000,0.00000000,0.00000000,0.00000000,0.00000000,0.00000000,0.00000000,0.00000000,0.00000000,0.00000000,0.00164216,0.00000000,0.00000000,2.03250884,0.00000000,0.00000000,0.00000000,0.00128348,0.00000000,0.00000000,0.00000000,0.00000000,0.00000000,0.00000000,0.00000000,0.00000000,0.00000000,0.00000000,0.00076376,0.00000000,0.00000000,0.00000000,0.00000000,0.00000000,0.00000000,0.00000000,0.00000000,0.00000000,0.00000000,0.00000000,0.00000000,0.03562170,0.00000000,0.00286531,0.00229446,0.00000000,0.00000000,0.00708375,0.07285968,0.00000000,0.00000000,0.00000000,0.00000000,0.00000000,0.00000000,0.00000000,0.00000000,0.02827551,0.00000000,0.00070163,0.00000000,0.00000000,0.00000000,0.00000000,0.00000000,0.00000000,0.00000000,0.00000000,0.00000000,0.08700491,0.00000000,0.00000000,0.00000000,0.00000000,0.00000000,0.00000000,0.00000000,0.00000000,0.00000000,0.00000000,0.00000000,0.00000000,0.00000000,0.00000000,0.00000000,0.00000000,0.00000000,0.00000000,0.00000000,0.00000000,0.00000000,0.00100862,0.00000000,0.00000000,0.00000000,0.00000000,0.00000000,0.00000000,0.00000000,0.00393898,0.00000000,0.00000000,0.00000000,0.00000000,0.00000000,0.00445373,0.00000000,0.00000000,0.00000000,0.00000000,0.00000000,0.12500051,0.00000000,0.00000000,0.00000000,0.00000000,0.00000000,0.00000000,0.00000000,0.00000000,0.00000000,0.00000000,0.00000000,0.00000000,0.00000000,0.00000000,0.00000000,0.00000000,0.00000000,0.00000000,0.00000000,0.00000000,0.00224516,0.00000000,0.00000000,0.00000000,0.00000000,3.38321261,0.78479983,0.00000000,0.00000000,0.00000000,0.00418148,0.00000000,0.00000000,0.00000000,0.00000000,0.00000000,0.00000000,0.00620095,0.00808130,0.00000000,0.00000000,0.00000000,0.00000000,0.00000000,0.00000000,0.00000000,0.00000000,0.00000000,0.00000000,0.00882539,1.82456568,0.00486062,0.00000000,0.00000000,0.00000000,0.00000000,0.00000000,0.00000000,0.00000000,0.00000000,0.00000000,0.00000000,0.00000000,0.00000000,0.00000000,0.00000000,0.00000000,0.00000000,0.00000000,0.00000000,0.00000000,0.00000000,0.00000000,0.00133732,0.00000000,0.00000000,0.00000000,0.00000000,0.00000000,0.00000000,0.00000000,0.00000000,0.00000000,0.00000000,0.00000000,0.00000000,0.00000000,0.24422327,0.00000000,0.00000000,0.00000000,0.00000000,0.00000000,0.00324861,0.00000000,0.00000000,0.00000000,0.00000000,0.00000000,0.00000000,0.00226967,0.00000000,0.00000000,0.00000000,0.00000000,0.00000000,0.00000000,0.00000000,0.00000000,0.02418587,0.00000000,0.00000000,0.00000000,1.90445994,0.00000000,0.00000000,0.00336517,0.00000000,0.00000000,0.00000000,0.00000000,0.00000000,0.00000000,0.00000000,0.00000000,0.00000000,0.00000000,0.00000000,0.00000000,0.00000000,0.00000000,0.00000000,0.00000000,0.00000000,0.01194082,0.00000000,0.00000000,0.00000000,0.00000000,0.00000000,0.00000000,0.00000000,0.00000000,0.00000000,0.01753126,0.00000000,0.00456684,0.00000000
0.00000000,0.00000000,0.00000000,0.00000000,0.00000000,0.00000000,0.00000000,0.00000000,0.00000000,0.00000000,0.00000000,0.00000000,0.03834143,0.00000000,0.00000000,0.00000000,0.00000000,0.00000000,0.00000000,0.00000000,0.00000000,0.00000000,0.00000000,0.00000000,0.00153140,0.00000000,0.00000000,0.00000000,0.00248377,0.00000000,0.00681418,0.00000000,0.00000000,0.00000000,0.00000000,0.00000000,0.00000000,0.00000000,0.00000000,0.00000000,0.00000000,0.00000000,0.00000000,0.00000000,0.00000000,0.00000000,0.00000000,0.00574655,0.00000000,0.00000000,0.00000000,0.00000000,0.00000000,0.00000000,0.00000000,0.00000000,0.00000000,0.00000000,0.00000000,0.00000000,0.00000000,0.00000000,0.00000000,0.00000000,0.00000000,0.00142721,0.00000000,0.00000000,0.00000000,0.00000000,0.00000000,0.00000000,0.00000000,0.00000000,0.00000000,0.00000000,0.00000000,0.00000000,0.00000000,0.00000000,0.00000000,0.00000000,0.00000000,0.00000000,0.00000000,0.00109565,0.00438717,0.00000000,0.00000000,0.00000000,0.00000000,0.06107260,0.00000000,0.00000000,0.01044386,0.00000000,0.02209029,0.00000000,0.00000000,0.00000000,0.00000000,0.00000000,0.00000000,0.00000000,2.48165497,0.00000000,0.00000000,0.00000000,0.00000000,0.00000000,0.00000000,0.00000000,0.00000000,0.00000000,0.00000000,0.00000000,0.00000000,0.00000000,0.00662582,0.00601448,0.00000000,0.00000000,0.00000000,0.00000000,0.00000000,0.00935696,0.00000000,0.35354907,0.00143863,0.00000000,0.00000000,0.00000000,0.00000000,0.00000000,0.00000000,0.00000000,0.00000000,0.00000000,0.00000000,0.00000000,0.01950258,0.00000000,0.00000000,0.00000000,0.16695380,0.00000000,0.00000000,0.00000000,0.00258577,0.00000000,0.00000000,0.01139044,0.00000000,0.00000000,0.00000000,0.00000000,0.00000000,0.00000000,0.00324791,0.00000000,0.00000000,0.02548209,0.00000000,0.00000000,0.00000000,0.00000000,0.00000000,0.00000000,0.00000000,0.00000000,0.01220798,0.00000000,0.00000000,0.00000000,0.00000000,0.01779979,0.00103472,0.00000000,0.00000000,0.00000000,0.11216408,0.00000000,0.00000000,0.00000000,0.00000000,0.00089358,0.00000000,0.00278971,0.00000000,0.00705467,0.00000000,0.00000000,0.00000000,0.00000000,0.00000000,0.00990970,0.00000000,0.00000000,0.00000000,0.00000000,0.00000000,0.00000000,0.00000000,0.00000000,0.00000000,0.00858918,0.00000000,0.00000000,0.00000000,0.00000000,0.00000000,0.00000000,0.00000000,0.00000000,0.00000000,0.00000000,0.00000000,0.00000000,0.00000000,0.00000000,0.00000000,0.00000000,0.00000000,0.00000000,0.00000000,0.03623164,0.00000000,0.00000000,0.00000000,0.00000000,0.00000000,0.00000000,0.00000000,0.00000000,0.00000000,0.00000000,0.00000000,0.00000000,0.00000000,0.00000000,0.00000000,0.00000000,0.00000000,0.00000000,0.02190578,0.00000000,0.01956564,0.00000000,0.00000000,0.00000000,0.00000000,0.00000000,0.00000000,0.00000000,0.00000000,0.00000000,0.00000000,0.00000000,0.00000000,0.00000000,0.00000000,0.00000000,0.00000000,0.00000000,0.00000000,0.00000000,0.00000000,0.00000000,0.00000000,0.00000000,0.00000000,0.00812855,0.00000000,0.00000000,0.00179603,0.00151560,0.00000000,0.00000000,0.00000000,0.00000000,0.00000000,0.00000000,0.00520149,0.00000000,0.00000000,0.00000000,0.00000000,0.00000000,0.00000000,0.00000000,0.00000000,0.00000000,0.00979773,0.02345078,0.00000000,0.01507542,0.00000000,0.00000000,0.00000000,0.00000000,0.00000000,0.00000000,0.00000000,0.00000000,0.00000000,0.00000000,0.00000000,0.00000000,0.00000000,0.00000000,0.00000000,0.01742111,0.00000000,0.00000000,0.00000000,0.00000000,0.00000000,0.00449269,0.00000000,0.00618890,0.00000000,0.01883542,0.00000000,0.00000000,0.00000000,0.02028398,0.00000000,0.00000000,0.00000000,0.00000000,0.00000000,0.00000000,0.00000000,0.00000000,0.00000000,0.01276199,0.00000000,0.00000000,0.00000000,0.00000000,0.00000000,0.00000000,0.06047109,0.00000000,0.00000000,0.00000000,0.00000000,0.00000000,0.00000000,0.00751530,0.00000000,0.00000000,0.00000000,0.00000000,0.00000000,0.00000000,0.00000000,0.06832141,0.00000000,0.00000000,0.00364600,0.00000000,0.00000000,0.00000000,0.00000000,0.00000000,0.00000000,0.00000000,0.00000000,0.00000000,0.00000000,0.00000000,0.00527358,0.00000000,0.00000000,0.00000000,0.00000000,0.00000000,0.00275916,0.00000000,0.00000000,0.00000000,0.00000000,0.00000000,0.00000000,0.00484315,0.00000000,0.00412551,0.00000000,0.00000000,0.00000000,0.00000000,0.06696716,0.00000000,0.00000000,0.00000000,0.00000000,0.00000000,0.00000000,0.00000000,0.00000000,0.00000000,0.00772319,0.00000000,0.00181144,0.00000000,0.00000000,0.00000000,0.00000000,0.00000000,0.00801041,0.00000000,0.00000000,0.00000000,0.00000000,0.00000000,0.00000000,0.00000000,0.00000000,0.00000000,0.00000000,0.00465698,0.00000000,0.05413056,0.00000000,0.00000000,0.00000000,0.00000000,0.01056862,0.00000000,0.00000000,0.00000000,0.00000000,0.00607238,0.00000000,0.04708496,0.00000000,0.04372078,0.00000000,0.00000000,0.00000000,0.00000000,0.00000000,0.00000000,0.00000000,0.00000000,0.00000000,0.00000000,0.00000000,0.00000000,0.00000000,0.00000000,0.00000000,0.00000000,0.00000000,0.00000000,0.00000000,0.00000000,0.00000000,0.00000000,0.00000000,0.00000000,0.00540303,0.00403397,0.00000000,0.00000000,0.00000000,0.00473331,0.00000000,0.00000000,0.00000000,0.00000000,0.00000000,0.00000000,0.00000000,0.00462153,0.00000000,0.00000000,0.00000000,0.00000000,0.00000000,0.00000000,0.00000000,0.00000000,0.00000000,0.00000000,0.00000000,0.00000000,0.00000000,0.00000000,0.00000000,0.00000000,0.00000000,0.05645381,0.00000000,0.00000000,0.00000000,0.00000000,0.00000000,0.00000000,0.00000000,0.00000000,0.00000000,0.00000000,0.00000000,0.00000000,0.00000000,0.00000000,0.00187968,0.00652697,0.00000000,0.00000000,0.00000000,0.00000000,0.00000000,0.00000000,0.00000000,0.00774210,0.00000000,0.00000000,0.00000000,0.00000000,0.00000000,0.00145403,0.00000000,0.00000000,0.00000000,0.00000000,0.00000000,0.00000000,0.00000000,0.00682572,0.00000000,0.00000000,0.00000000,0.00000000,0.00000000,0.00102116,0.00000000,0.21053209,0.00000000,0.00000000,0.00000000,0.00000000,0.00000000,0.00000000,0.00135795,0.01463774,0.00000000,0.00000000,0.00000000,0.00000000,0.00000000,0.00749483,0.00000000,0.66381256,0.00000000,0.00000000,0.00000000,0.00000000,0.00000000,0.00000000,0.00000000,0.00000000,0.00000000,0.00000000,0.00000000,0.00000000,0.00000000,0.00000000,0.00000000,0.00000000,0.00000000,0.00000000,0.00000000,0.00000000,0.00000000,0.00000000,0.00000000,0.00000000,0.00000000,0.00000000,0.00000000,0.00000000,0.00000000,0.00000000,0.00000000,0.00000000,0.00000000,0.00145286,0.00000000,0.00000000,0.08265900,0.00000000,0.00000000,0.00000000,0.00000000,0.00000000,0.00000000,0.00000000,0.00000000,0.00000000,0.00000000,0.00000000,0.00000000,0.00000000,0.00000000,0.64945532,0.00000000,0.00000000,0.00000000,0.00188959,0.00000000,0.00000000,0.00000000,0.00243821,0.00000000,0.00305073,0.00000000,0.00000000,0.01741528,0.00000000,0.00000000,0.00000000,0.00000000,0.00000000,0.00000000,0.00000000,0.00286955,0.00000000,0.00000000,0.00000000,0.00000000,0.00000000,0.00000000,0.01984608,0.00000000,0.00000000,0.00000000,0.00000000,0.00000000,0.00000000,0.00000000,0.48298341,0.00000000,0.00000000,0.00000000,0.00000000,0.00000000,0.00000000,0.00000000,0.00000000,0.00000000,0.00000000,0.00000000,0.00000000,0.00313465,0.00000000,0.00603141,0.00000000,0.00000000,0.00000000,0.00000000,0.00000000,0.00000000,0.00000000,0.00000000,0.00000000,0.00000000,0.00000000,0.00000000,0.00550483,0.00000000,0.00000000,0.00000000,0.00000000,0.00000000,0.00000000,0.00000000,0.00000000,0.00000000,0.00000000,0.00000000,0.00000000,0.00000000,0.00000000,0.00000000,0.00000000,0.00000000,0.00000000,0.00000000,0.00000000,0.00000000,0.00000000,0.00000000,0.00000000,0.00000000,0.00000000,0.00000000,0.00000000,0.00240249,0.00000000,0.02500824,0.00000000,0.00000000,0.00276230,0.00000000,0.00000000,0.00000000,1.34222685,0.00000000,0.00000000,0.00000000,0.00000000,0.00000000,0.00000000,0.00000000,0.00592143,0.00000000,0.00000000,0.00000000,0.00000000,0.00000000,0.00000000,0.00000000,0.00000000,0.00000000,0.00000000,0.00000000,0.00506417,0.00000000,0.00000000,0.00000000,0.00789023,0.00000000,0.00000000,0.00000000,0.00000000,0.01235722,0.00000000,0.21732138,0.00000000,0.00000000,0.00000000,0.00000000,0.00071145,0.00000000,0.00000000,0.00000000,0.00000000,0.00000000,0.00000000,0.00000000,0.03142665,0.00000000,0.07967672,0.00000000,0.00000000,0.03227828,0.00000000,0.00000000,0.00000000,0.00000000,0.00000000,0.00000000,0.00000000,0.05041901,0.00000000,0.00000000,0.00000000,0.00000000,0.00000000,0.00000000,0.00000000,0.00000000,0.00000000,0.00000000,0.00000000,0.00000000,0.00558009,0.00000000,0.00000000,0.00000000,0.00000000,0.00000000,0.00823169,0.00000000,0.00000000,0.00179503,0.07233540,0.00000000,0.00000000,0.00000000,0.00000000,0.00000000,0.00000000,0.00000000,0.00000000,0.06097967,0.00000000
0.00000000,0.00000000,0.00000000,0.00000000,0.00000000,0.00000000,0.00000000,0.00000000,0.00000000,0.00000000,0.00000000,0.00000000,0.00332656,0.00000000,0.00000000,0.00000000,0.00000000,0.00000000,0.00000000,0.00153776,0.00000000,0.00000000,0.00000000,0.00000000,0.00000000,0.00000000,0.00000000,0.08425991,0.00000000,0.00000000,0.00000000,0.00000000,0.00000000,0.00000000,0.00000000,0.00000000,0.00000000,0.00000000,0.00000000,0.00000000,0.00000000,0.00558231,0.00000000,0.00000000,0.00000000,0.00000000,0.00500836,0.00000000,0.00000000,0.00000000,0.00000000,0.00000000,0.00000000,0.00000000,0.00000000,0.00000000,0.00000000,0.00000000,0.00000000,0.00165205,0.00000000,0.00000000,0.03228039,0.00000000,0.00000000,0.47461293,0.05001560,0.00000000,0.00000000,0.00000000,0.00000000,0.00000000,0.00000000,0.00000000,0.00000000,0.00000000,0.00000000,0.00981933,0.00000000,0.00000000,0.00000000,0.00000000,0.01050073,0.00000000,0.00000000,0.00000000,0.00000000,0.00000000,0.00000000,0.00000000,0.00000000,0.00000000,0.01606901,0.00000000,0.00000000,0.00000000,0.00000000,0.00000000,0.00000000,0.01029614,0.00000000,0.00000000,0.00000000,0.00000000,0.00000000,0.00000000,0.00000000,0.00000000,0.00000000,0.80721911,0.00000000,0.00000000,0.00000000,0.00000000,0.00000000,0.00000000,0.00637076,0.00000000,0.00000000,0.00000000,0.17140669,0.00000000,0.00000000,0.00000000,0.00000000,0.00382916,0.00000000,0.00000000,0.00000000,0.00000000,0.00830403,0.00000000,0.00000000,0.00000000,0.00000000,0.00000000,0.00000000,0.00000000,0.00000000,0.00000000,0.00000000,0.00000000,0.00000000,0.00000000,0.00000000,0.00000000,0.00000000,0.00000000,0.00000000,0.00225280,0.00000000,0.00000000,0.00000000,0.00000000,0.00000000,0.00000000,0.00000000,0.00000000,0.00557977,0.00000000,0.00000000,0.00000000,0.00000000,0.00000000,0.00000000,0.00000000,0.00000000,0.00000000,0.00000000,0.00000000,0.00000000,0.00134917,0.00000000,0.00000000,0.00000000,0.00000000,0.00000000,0.00000000,0.00000000,0.00000000,0.00000000,0.00000000,0.00000000,0.00000000,0.00000000,0.00000000,0.00000000,0.00000000,0.00000000,0.00000000,0.00088724,0.01601220,0.00000000,0.00000000,0.00000000,0.00000000,0.00000000,0.00000000,0.02792974,0.00000000,0.00000000,0.00000000,0.00000000,0.00081715,0.00000000,0.00000000,0.00000000,0.00000000,0.00321578,0.00000000,0.00000000,0.00000000,0.00000000,0.00000000,0.00107958,0.00000000,0.00000000,0.00000000,0.00000000,0.00000000,0.00000000,0.11041882,0.00000000,0.00000000,0.00000000,0.17775072,0.00000000,0.01109687,0.00000000,0.00000000,0.00000000,0.02953016,0.00000000,0.91121568,0.00000000,0.00000000,0.00000000,0.00000000,0.00000000,0.00000000,0.00345228,0.00000000,0.00000000,0.00000000,0.00000000,0.00000000,0.00000000,0.00000000,0.00000000,0.00000000,0.00000000,0.19908981,0.00000000,0.00000000,0.00000000,0.00000000,0.00000000,0.00000000,0.00000000,0.03285726,0.00000000,0.00000000,0.00000000,0.00000000,0.00000000,0.00000000,0.00000000,0.04595498,0.00259744,0.00000000,0.00000000,0.00000000,0.00000000,0.00000000,0.00000000,0.00000000,0.00000000,0.00000000,0.00000000,0.00000000,0.00000000,0.00000000,0.00000000,0.00000000,0.00000000,0.00000000,0.00000000,0.03704516,0.00000000,0.00000000,0.01291884,0.00000000,0.00000000,0.00000000,0.00000000,0.00000000,0.00000000,0.00215689,0.00000000,0.00000000,0.00000000,0.00000000,0.00000000,0.00000000,0.00000000,0.00000000,0.00000000,0.00000000,0.00000000,0.01397603,0.00000000,0.00000000,0.00000000,0.00000000,0.00113297,0.00000000,0.00000000,0.00000000,0.00000000,0.00000000,0.00000000,0.00000000,0.00000000,0.00000000,0.00000000,0.00000000,0.00000000,0.00000000,0.00000000,0.00000000,0.00000000,0.00000000,0.00000000,0.00000000,0.00000000,0.00000000,0.00000000,0.00000000,0.00000000,0.00000000,0.00000000,0.00000000,0.08592292,0.00000000,0.00000000,0.00000000,0.00000000,0.00577343,0.00117957,0.00000000,1.09216950,0.00000000,0.00000000,0.00000000,0.00000000,0.00000000,0.00000000,0.00000000,0.00572662,0.00000000,0.00000000,0.00000000,0.00000000,0.00000000,0.00000000,0.00000000,0.00000000,0.00000000,0.00000000,0.00000000,0.00000000,0.28991077,0.00000000,0.00000000,0.00000000,0.00000000,0.00000000,0.00000000,0.00000000,0.00000000,0.00171772,0.00000000,0.00000000,0.00000000,0.00000000,0.00000000,0.00000000,0.00260907,0.00000000,0.00000000,0.00000000,0.00000000,0.00000000,0.00000000,0.00000000,0.17776169,0.02339033,0.00000000,0.00000000,0.00000000,0.03839326,0.00000000,1.58840994,0.00000000,0.00000000,0.00391487,0.00000000,0.00000000,0.85261876,0.01432148,0.00000000,0.00000000,0.00000000,0.00000000,0.00000000,0.00000000,0.00000000,0.00000000,0.00000000,0.02137936,0.00000000,0.00000000,0.00000000,0.00000000,0.00000000,0.00000000,0.00000000,0.00461020,0.00000000,0.19204053,0.00000000,0.06206580,0.00000000,0.00000000,0.00000000,0.00000000,0.00000000,0.00000000,0.00000000,0.00000000,0.01307661,0.01006617,0.00000000,0.00000000,0.00000000,0.00000000,0.00000000,0.01259481,0.00000000,0.02661815,0.00000000,0.00000000,0.00000000,0.00000000,0.00000000,0.00000000,0.00000000,0.10856315,0.00000000,0.00000000,0.00000000,0.00000000,0.00000000,0.00000000,0.00000000,0.00000000,0.00000000,0.00000000,0.00000000,0.00000000,0.00000000,0.00000000,0.00325379,0.00000000,0.03719430,0.00000000,0.00000000,0.00000000,0.01558588,0.00000000,1.70421893,0.00000000,0.00108995,0.00000000,0.00000000,0.00000000,0.00000000,0.00000000,0.06035202,0.00000000,0.00000000,0.00000000,0.01435039,0.00000000,0.03067336,0.00000000,0.00264834,0.06403258,0.00000000,0.00000000,0.00620108,0.00000000,0.00000000,0.00000000,0.00000000,0.00000000,0.00000000,0.02346316,0.00289421,0.00486353,0.00000000,0.00000000,0.00000000,0.02277411,0.00000000,0.00000000,0.00000000,0.00000000,0.00000000,0.00000000,0.00000000,0.00000000,0.00000000,0.00000000,0.00348984,0.00000000,0.00000000,0.00000000,0.00000000,0.00000000,0.00000000,0.00000000,0.00000000,0.00000000,0.02988525,0.00000000,0.00000000,0.00577065,0.00000000,0.00000000,0.00000000,0.00000000,0.00000000,0.00000000,0.00000000,0.00000000,0.00000000,0.00000000,0.00000000,0.00308452,0.00000000,0.00000000,0.31549315,0.00000000,0.01851295,0.00000000,0.01588857,0.00000000,0.00000000,0.00000000,0.00000000,0.02046229,0.00000000,0.00000000,0.00000000,0.00000000,0.00000000,0.00000000,0.00000000,0.00000000,0.00159199,0.15110214,0.00000000,0.00000000,0.00000000,0.00000000,0.00000000,0.00000000,0.00000000,0.00000000,0.00000000,0.04182233,0.00000000,0.00000000,0.00000000,0.00000000,0.00000000,0.00155487,0.00000000,0.00639879,0.00000000,0.00000000,0.00000000,0.00000000,0.00000000,0.00000000,0.00000000,0.00000000,0.00000000,0.00000000,0.00000000,0.00076051,0.00000000,0.00000000,0.00000000,0.00000000,0.00000000,0.00000000,0.00000000,0.00000000,0.00000000,0.00000000,0.00000000,0.00000000,0.00000000,0.00660196,0.01201310,0.00000000,0.00000000,0.00000000,0.00000000,0.00000000,0.00000000,0.00000000,0.00000000,0.00000000,0.00000000,0.00000000,0.00000000,0.00000000,0.00000000,0.00000000,0.00000000,0.00000000,0.00000000,0.00000000,0.00000000,0.00000000,0.00000000,0.00000000,0.00000000,0.00000000,0.00000000,0.00000000,0.00000000,0.00000000,0.00000000,0.00000000,0.00000000,0.00000000,0.00000000,0.00000000,0.00000000,0.00000000,0.00000000,0.00000000,0.00000000,0.00000000,0.00000000,0.00000000,0.00000000,0.00000000,0.00000000,0.00000000,0.00000000,0.00656751,0.00000000,0.00808043,0.00000000,0.00000000,0.00000000,0.00000000,0.00000000,0.00140847,0.00000000,0.00000000,0.00000000,0.00000000,0.00000000,0.00580068,0.00000000,0.00000000,0.00000000,0.00000000,0.00000000,0.00097934,0.00000000,0.00116390,0.00000000,0.00000000,0.00000000,0.00000000,0.00000000,0.00000000,0.00000000,0.00000000,0.00000000,0.00000000,0.00000000,0.00000000,0.00000000,0.00000000,0.00000000,0.00000000,0.00000000,0.00000000,0.00000000,0.01163541,0.00000000,0.00000000,0.00000000,0.00000000,0.00000000,0.00000000,0.00000000,0.00000000,0.00000000,0.00000000,0.00000000,0.00000000,0.00000000,0.00000000,0.00000000,0.01588026,0.00000000,0.00000000,0.00000000,0.00000000,0.00000000,0.00000000,0.01350316,0.00000000,0.00000000,0.00000000,0.00000000,0.00000000,0.00000000,0.00000000,0.00000000,0.00000000,0.00000000,0.00000000,0.00000000,0.00000000,0.00000000,0.00000000,0.00000000,1.96123820,0.00000000,0.00000000,0.00000000,0.00143343,0.00000000,0.00000000,0.00000000,0.00000000,0.00000000,0.00000000,0.00000000,0.00000000,0.00630787,0.00000000,0.00000000,0.00000000,0.00300026,0.00000000,0.00000000,0.00000000,0.00000000,0.00872228,0.00000000,0.00000000,0.00000000,0.00000000,0.00000000,0.00000000,0.00000000,0.00000000,0.00000000,0.10696008,0.00000000,0.00000000,0.00000000,0.02123287,0.00000000,0.00000000,0.00938004,0.00000000,0.00000000,0.00000000,0.00000000,0.00000000,0.00000000,0.00000000,0.00000000,0.00000000,0.00000000,0.00000000,0.00000000,0.00000000
0.00000000,0.00000000,0.02948846,0.00000000,0.49575352,0.00711191,0.00000000,0.00000000,0.00000000,0.23045670,0.00000000,0.00000000,0.00000000,0.00000000,0.00156302,0.00000000,0.00000000,0.00000000,0.00000000,0.00000000,0.00000000,0.00000000,0.00000000,0.09811356,0.00000000,0.00000000,0.00000000,0.00000000,0.00000000,0.00000000,0.00000000,0.00000000,0.00000000,0.00000000,0.00381185,0.00000000,0.00000000,0.00000000,0.00000000,0.00000000,0.00314493,0.00000000,0.00000000,0.01338017,0.00000000,0.00000000,0.57719014,0.00000000,0.03145428,0.00000000,0.00000000,0.00000000,0.00000000,0.00000000,0.00000000,0.00000000,0.01036896,0.00000000,0.02349864,0.04028288,0.00000000,0.00000000,0.00000000,0.00000000,0.00000000,0.00000000,0.00000000,0.00000000,0.00000000,0.00000000,0.00604600,0.00000000,0.00000000,0.00000000,0.00000000,0.00000000,0.00000000,0.00000000,0.00000000,0.00000000,0.00000000,0.00000000,0.00327244,0.00000000,0.00000000,0.00000000,0.00000000,0.00000000,0.00000000,0.00000000,0.00000000,0.00273350,0.00000000,0.00000000,0.00000000,0.00000000,0.02572069,0.00000000,0.00000000,0.00000000,0.00535977,0.00000000,0.00000000,0.00162720,0.00000000,0.00000000,0.00000000,0.00000000,0.00000000,0.00000000,0.00000000,0.00632207,0.00000000,0.00000000,0.00000000,0.00000000,0.00000000,0.00000000,0.00000000,0.00000000,0.00000000,0.00000000,0.00000000,0.00000000,0.00000000,0.06994287,0.00000000,0.00521874,0.00000000,0.00000000,0.00000000,0.00000000,0.00000000,0.01527633,0.00000000,0.00000000,0.02004086,0.00000000,0.00000000,0.00000000,0.00000000,0.00000000,0.00000000,0.00000000,0.00000000,0.00000000,0.00322480,0.00568770,0.00000000,0.00000000,0.00000000,0.23606168,0.00000000,0.00000000,0.00000000,0.00000000,0.00272877,0.00000000,0.00000000,0.00000000,0.00000000,0.00000000,0.00000000,0.00953073,0.00000000,0.00000000,0.00000000,0.00000000,0.00000000,0.00000000,0.00000000,0.00000000,0.00000000,0.00000000,0.00653767,0.00000000,0.00000000,0.00000000,0.00000000,0.00000000,0.00000000,0.00404073,0.04824653,0.00000000,0.00000000,0.00000000,0.00000000,0.00000000,0.01721827,0.00000000,0.00000000,0.00000000,0.00000000,0.00000000,0.00000000,0.00000000,0.00000000,0.00000000,0.00000000,0.00000000,0.00000000,0.00000000,0.00000000,0.04738199,0.00000000,0.00000000,0.01613744,0.00000000,0.00000000,0.00000000,0.00384462,0.00000000,0.00000000,0.00000000,0.00000000,0.00000000,0.00000000,0.00000000,0.00000000,0.00000000,0.00000000,0.00000000,0.00000000,0.00308247,0.00000000,0.00000000,0.00000000,0.00000000,0.06443783,0.00000000,0.00000000,0.00000000,0.00000000,0.00000000,0.00000000,0.00000000,0.00000000,0.00000000,0.00642199,0.00000000,0.00000000,0.00000000,0.00000000,0.00000000,0.00000000,0.00000000,0.00000000,0.00000000,0.00000000,0.00000000,0.00000000,0.00000000,0.00000000,0.00000000,0.00000000,0.00000000,0.00000000,0.00000000,0.00000000,0.00294834,0.00000000,0.00000000,0.00000000,0.00000000,0.11182630,0.00000000,0.00000000,1.06816962,0.00000000,0.00168674,0.00000000,0.00000000,0.00000000,0.00000000,0.00000000,0.00000000,0.00000000,0.00000000,0.00000000,0.00137502,0.00000000,0.00000000,0.00000000,0.00000000,0.00000000,0.00000000,0.00000000,0.00000000,0.00000000,0.00000000,0.00000000,0.00000000,0.00000000,0.00000000,0.00000000,0.00607356,0.00000000,0.00000000,0.00000000,0.00000000,0.00332437,0.00000000,0.02512963,0.00000000,0.00000000,0.00000000,0.00000000,0.00000000,0.00000000,0.00000000,0.00000000,0.00000000,0.00000000,0.00000000,0.00000000,0.00000000,0.00345084,0.00000000,0.00000000,0.00213201,0.00000000,0.00000000,0.11405493,0.01120046,0.00000000,0.00000000,0.00000000,0.00000000,0.00000000,0.00000000,0.00000000,0.00000000,0.00000000,0.00000000,0.00000000,0.00000000,0.00805107,0.00000000,0.00000000,0.00000000,0.00000000,0.00000000,0.00000000,0.00000000,0.00000000,0.00000000,0.00000000,0.00000000,0.00000000,0.00000000,0.00000000,0.00000000,0.00000000,0.00000000,0.00000000,0.00000000,0.00000000,0.00000000,0.00000000,0.00000000,0.00000000,0.00000000,0.00000000,0.00000000,0.00000000,0.00000000,0.00000000,0.00000000,0.00000000,0.00000000,0.00000000,0.00000000,0.00000000,0.00000000,0.00000000,0.00000000,0.00000000,0.00000000,0.00000000,0.00000000,0.00000000,0.00000000,0.00000000,0.00000000,0.00000000,0.00000000,0.00000000,0.00000000,0.00000000,0.00000000,0.00000000,0.00000000,0.00000000,0.00000000,0.00000000,0.00000000,0.00000000,0.00000000,0.00000000,0.00245402,0.00282797,0.00000000,0.00000000,0.00000000,0.00000000,0.00000000,0.00000000,0.00000000,0.00000000,0.00000000,0.00000000,0.08428521,0.00000000,0.00000000,0.00000000,0.00000000,0.00000000,0.00000000,0.02422457,0.00000000,0.05385418,0.00000000,0.00000000,0.01505500,0.02313110,0.00000000,0.00000000,0.00000000,0.00000000,0.00000000,0.00000000,0.00000000,0.51281688,0.00000000,0.00000000,0.00000000,0.00000000,0.00000000,0.00000000,0.00000000,0.00000000,0.00000000,0.23050678,0.00000000,0.00000000,0.00000000,0.00000000,0.00000000,0.00000000,0.00000000,0.00000000,0.00000000,0.00000000,0.00000000,0.00000000,0.00000000,0.00000000,0.00000000,0.00000000,0.00000000,0.00000000,0.00000000,0.00000000,0.00000000,0.00000000,0.03723808,0.00000000,0.00540937,0.00000000,0.00000000,0.00000000,0.00000000,0.00000000,0.00000000,0.00000000,0.00000000,0.00000000,0.00000000,0.00000000,0.00000000,0.00000000,0.00000000,0.00000000,0.00000000,0.00000000,3.05725235,0.01965511,0.00000000,0.00188814,0.00000000,0.00000000,0.00000000,0.00000000,0.00000000,0.02030449,0.00000000,0.00000000,0.04738381,0.00000000,0.00000000,0.00860976,0.02577635,0.00000000,0.00000000,0.00251517,0.00000000,0.00000000,0.00000000,0.15970269,0.00000000,0.00000000,0.00000000,0.00000000,0.00000000,0.00000000,0.00000000,0.00000000,0.00000000,0.00000000,0.00000000,0.00000000,0.00000000,0.03892989,0.00000000,0.00000000,0.00000000,0.00000000,0.00000000,0.00000000,0.00000000,0.03530203,0.07466235,0.00000000,0.00000000,0.00000000,0.00000000,0.00000000,0.00000000,0.00000000,0.00000000,0.00000000,0.00000000,0.00000000,0.01199872,0.00000000,0.00000000,0.11759499,0.00000000,0.00000000,0.00000000,0.00000000,0.00000000,0.00000000,0.00000000,0.00000000,0.00000000,0.00000000,0.00000000,0.00000000,0.00000000,0.00000000,0.00000000,0.00000000,0.00000000,0.00000000,0.00000000,0.00000000,0.00000000,0.00000000,0.00000000,0.08711009,0.17529400,0.00000000,0.00000000,0.00000000,0.00000000,0.00000000,0.00000000,0.00000000,0.00000000,0.00000000,0.02280768,0.00000000,0.00000000,0.02617360,0.00000000,0.00000000,0.02337463,0.00000000,0.00000000,0.00000000,0.00000000,0.00000000,0.00000000,0.14459015,0.00000000,0.00000000,0.00311242,0.00000000,0.00197169,0.00000000,0.00000000,0.27931358,0.00000000,0.00000000,0.00000000,0.00000000,0.00000000,0.00000000,0.00000000,0.00000000,0.00000000,0.00000000,0.00000000,0.00000000,0.00000000,0.00000000,0.00000000,0.00000000,0.00000000,0.00000000,0.00000000,0.00000000,0.00000000,0.06798208,0.00000000,0.00000000,0.00000000,0.00000000,0.00000000,0.00000000,0.00000000,0.00000000,0.02731678,0.00000000,0.00000000,0.00000000,0.00114704,1.53024753,0.00000000,0.00000000,0.00000000,0.00000000,0.00570790,0.00000000,0.00000000,0.00000000,0.00000000,0.00000000,0.00000000,0.00000000,0.00000000,0.00000000,0.00000000,0.00000000,0.00000000,0.00000000,0.00000000,0.00000000,0.00000000,0.00000000,0.00000000,0.00000000,0.00000000,0.00000000,0.00000000,0.00000000,0.00000000,0.00000000,0.00000000,0.00000000,0.00000000,0.00353358,0.00000000,0.00000000,0.00000000,0.00000000,0.00000000,0.00000000,0.00000000,0.00000000,0.01081347,0.00000000,0.00000000,0.00000000,0.00000000,0.00000000,0.00000000,0.00000000,0.00000000,0.00000000,0.00000000,0.00000000,0.00000000,0.04324418,0.00000000,0.00000000,0.00000000,0.00000000,0.00000000,0.00000000,0.00000000,0.00000000,0.00000000,0.00179078,0.00000000,0.00000000,0.00000000,0.19709630,0.00000000,0.00000000,0.00000000,0.00000000,0.00000000,0.00000000,0.00000000,0.15067815,0.00000000,0.00000000,0.00000000,0.23653877,0.00000000,0.00000000,0.00000000,0.00524132,0.00000000,0.00000000,0.00000000,0.00000000,0.00000000,0.00000000,0.00000000,0.00000000,0.00000000,0.00000000,0.00000000,0.00000000,0.00000000,0.00000000,0.84336645,0.00000000,0.00000000,0.00000000,0.00000000,0.00000000,2.94415297,0.00000000,0.00000000,0.00000000,0.00000000,0.00000000,0.00000000,0.00000000,0.00000000,0.00000000,0.00000000,0.00000000,0.00000000,0.00000000,0.04425600,0.00000000,0.00000000,0.00000000,0.00000000,0.01617352,0.00000000,0.00000000,0.00082929,0.00000000,0.00000000,0.00000000,0.00302579,0.00000000,0.00000000,0.02793413,0.00929079,0.00000000,0.00000000,0.00000000,0.06997905,0.00000000,0.00000000,0.00000000,0.00000000,0.00000000,0.02176481,0.01524790,0.00000000,0.00000000,0.00000000,0.00000000,0.00000000,0.00154577,0.04441691,0.00000000,0.00000000,0.00000000,0.00000000,0.00000000,0.01624710
0.00000000,0.00000000,0.00096048,0.00000000,0.00000000,0.00000000,0.00000000,0.00000000,0.00000000,0.00000000,0.00000000,0.00000000,0.00000000,0.00000000,0.00000000,0.00000000,0.00000000,0.00000000,0.00000000,0.00000000,0.00000000,0.00000000,0.00000000,0.00000000,0.00000000,0.00000000,0.00461349,0.00000000,0.00000000,0.00000000,0.00000000,0.00000000,0.00986022,0.00000000,0.00000000,0.00000000,0.00000000,0.00000000,0.00000000,0.00000000,0.00000000,0.00000000,0.00379641,0.00000000,0.00000000,0.00000000,0.00000000,0.00000000,0.00000000,0.00000000,0.00000000,0.00000000,0.00000000,0.34533607,0.00000000,0.00486571,0.00975451,0.00000000,0.00000000,0.00000000,0.00000000,0.00000000,0.00000000,0.00000000,0.00000000,0.00000000,0.00000000,0.00164915,0.00000000,0.00000000,0.00000000,0.00000000,0.00060939,0.00000000,0.00000000,0.00000000,0.00000000,0.00000000,0.00000000,0.00189013,0.00000000,0.00000000,0.00000000,0.00000000,0.00000000,0.00000000,0.00000000,0.00000000,0.00000000,0.00000000,0.00377443,0.00000000,0.00000000,0.00000000,0.00000000,0.00000000,0.00146877,0.05698374,0.00000000,0.00000000,0.00000000,0.00000000,0.00000000,0.00000000,0.00000000,0.00000000,0.00000000,0.00000000,0.00000000,0.00000000,0.00000000,0.00000000,0.00000000,0.00000000,0.00000000,0.01024254,0.00000000,0.00000000,0.00000000,0.00000000,0.00000000,0.01175794,0.00000000,0.00000000,0.00000000,0.00000000,0.00000000,0.00000000,0.00000000,0.14928394,0.00000000,0.00000000,0.00000000,0.00000000,0.00000000,0.00000000,0.00000000,0.02068314,0.00000000,0.00000000,0.00000000,0.00000000,0.00321448,0.00000000,0.00746502,0.00000000,0.00000000,0.00000000,0.00000000,0.00000000,0.00758303,0.00000000,0.00000000,0.00000000,0.00000000,0.00000000,0.00000000,0.00000000,0.00561561,0.00000000,0.00000000,0.00000000,0.00000000,0.00000000,0.00000000,0.01003957,0.00000000,0.00000000,0.00000000,0.00000000,0.00000000,0.00964436,0.00000000,0.00000000,0.00000000,0.00164154,0.00748562,0.00000000,0.00000000,0.00248429,0.00000000,0.00000000,0.00000000,0.00254164,0.00000000,0.00000000,0.00491555,0.00000000,0.00000000,0.00000000,0.00263446,0.01074947,0.00000000,0.00133190,0.00000000,0.00000000,0.00000000,0.00000000,0.00000000,0.00812240,0.00000000,0.01391169,0.00000000,0.00000000,0.00000000,0.00000000,0.00000000,0.00000000,0.00222255,0.00000000,0.00000000,0.00000000,0.01054880,0.00000000,0.00000000,0.00000000,0.00000000,0.00000000,0.00000000,0.00000000,0.00000000,0.00000000,0.00000000,0.00000000,0.00000000,0.00000000,0.00000000,0.00000000,0.00000000,0.00000000,0.00000000,0.00000000,0.00000000,0.00000000,0.00000000,0.00000000,0.00000000,0.00421725,0.00000000,0.00000000,0.00000000,0.00000000,0.00000000,0.00000000,0.00000000,0.00000000,0.00000000,0.00000000,0.00000000,0.00000000,0.00000000,0.00000000,0.00000000,0.00000000,0.00000000,0.00000000,0.00000000,0.00000000,0.00000000,0.00391559,0.00000000,0.00000000,0.07141440,0.00000000,0.00000000,0.00000000,0.00000000,0.00000000,0.00000000,0.00000000,0.00000000,0.00000000,0.00000000,0.00000000,0.00000000,0.00315092,0.00000000,0.00000000,0.00000000,0.00000000,0.00000000,0.00000000,0.00000000,0.00000000,0.00000000,0.00000000,0.00000000,0.00000000,0.00000000,0.00000000,0.00000000,0.00000000,0.00000000,0.00700739,0.01219281,0.00000000,0.00000000,0.00000000,0.00000000,0.00000000,0.08067351,0.00000000,0.00000000,0.00000000,0.00228354,0.00000000,0.00000000,0.00000000,0.00000000,0.00000000,0.00000000,0.00000000,0.00000000,0.00000000,0.00000000,0.00000000,0.00000000,0.00000000,0.00000000,0.00000000,0.00000000,0.00000000,0.00000000,0.00000000,0.00000000,0.00000000,0.00373423,0.00000000,0.04754155,0.00000000,0.00000000,0.00000000,0.00227665,0.00000000,0.00000000,0.08150943,0.00000000,0.00000000,0.00000000,0.00744159,0.00000000,0.00000000,0.00000000,0.38093329,0.00000000,0.00000000,0.00000000,0.00000000,0.00000000,0.00000000,0.00000000,0.00000000,0.00157130,0.00000000,0.00000000,0.00000000,0.00000000,0.00000000,0.00000000,0.00000000,0.00000000,0.00000000,0.00000000,0.00000000,0.00000000,0.00000000,0.00000000,0.00000000,0.00000000,0.00387465,0.00000000,0.00000000,0.00900836,0.12174833,0.00000000,0.00000000,0.00000000,0.00000000,0.00000000,0.00000000,0.00000000,0.00000000,0.00000000,0.00590938,0.00000000,0.00000000,0.00000000,0.00000000,0.00542193,0.06411083,0.00000000,0.00000000,0.00000000,0.00000000,0.00000000,0.00000000,0.00000000,0.00000000,0.00000000,0.00000000,0.00000000,0.01624181,0.00000000,0.00000000,0.00000000,0.00000000,0.00000000,0.00000000,0.00000000,0.00055565,0.00000000,0.00000000,0.00696771,0.00000000,0.00000000,0.00000000,0.00000000,0.00000000,0.00000000,0.01533927,0.00000000,0.00000000,0.00000000,0.00000000,0.19741224,0.00000000,0.00000000,0.00000000,0.00000000,0.00000000,0.00000000,0.00000000,0.00000000,0.00000000,0.00000000,0.00000000,0.00000000,0.00247140,0.00475486,0.00110973,1.94454927,0.00000000,0.00000000,0.00000000,0.00000000,0.00000000,0.00000000,0.00000000,0.07053856,0.00000000,0.00000000,0.00000000,0.00000000,0.00000000,0.00000000,0.00000000,0.00000000,0.02233799,0.00000000,0.00000000,0.00000000,0.00000000,0.00000000,0.00000000,0.02114826,0.00000000,0.00000000,0.00000000,0.01427723,0.00000000,0.00000000,0.00000000,0.00000000,0.00000000,0.00000000,0.00000000,0.00000000,0.00140526,0.00000000,0.00000000,0.00000000,0.00000000,0.02093268,0.00000000,0.00000000,1.08544925,0.00000000,0.00633326,0.00000000,0.00000000,0.00000000,0.00000000,0.00000000,0.00000000,0.00000000,0.00000000,0.00000000,0.05230725,0.00000000,0.00000000,0.00000000,0.00000000,0.00000000,0.00000000,0.00000000,0.00000000,0.00000000,0.00000000,0.00000000,0.00000000,0.00000000,0.00000000,0.00000000,0.00400702,0.00000000,2.05971039,0.00000000,0.00000000,0.00000000,0.00000000,0.00000000,0.00000000,0.00000000,0.00000000,0.03507054,0.00000000,0.00000000,0.00000000,0.00412787,0.00000000,0.00000000,0.00000000,0.00000000,0.00000000,0.00000000,0.01059669,0.00000000,0.00000000,0.00000000,0.00000000,0.00000000,0.00000000,0.00000000,0.00000000,0.00000000,0.00000000,0.00000000,0.00000000,0.00000000,0.00488043,0.00000000,0.00000000,0.00000000,0.00000000,0.00000000,0.00000000,0.00000000,0.00000000,0.00000000,0.00000000,0.00000000,0.00000000,0.00000000,0.00000000,0.00076376,0.00000000,0.00000000,0.00000000,0.00000000,0.00000000,0.00000000,0.00000000,0.00000000,0.00000000,0.00000000,0.00000000,0.00000000,0.00000000,2.13783633,0.00000000,0.00000000,0.00000000,0.00000000,0.00719185,0.00000000,0.00000000,0.00000000,0.00000000,0.00000000,0.00000000,0.00000000,0.00000000,0.00000000,0.00000000,0.00000000,0.07120361,0.00000000,0.00000000,0.00000000,0.02669459,0.02449107,0.00000000,0.00000000,0.00000000,0.00000000,0.01268616,0.00000000,0.00000000,0.00000000,0.00000000,0.00000000,0.02220448,0.00000000,0.00000000,0.00000000,0.00000000,0.00000000,0.00000000,0.00000000,0.00000000,0.00000000,0.04501996,0.00000000,0.00000000,0.01307793,0.00000000,0.00851175,0.00000000,0.00000000,0.00000000,0.00000000,0.00000000,0.00000000,0.00000000,0.00000000,0.00000000,0.00000000,0.00000000,0.05961631,0.00000000,0.00000000,0.00000000,0.00000000,0.00000000,0.00000000,0.00101288,0.00000000,0.00000000,0.00000000,0.00000000,0.00000000,0.00000000,0.00000000,0.00000000,0.00000000,0.00000000,0.08166398,0.00000000,0.00000000,0.00000000,0.00103468,0.00000000,0.00000000,0.00000000,0.00000000,0.00000000,0.00000000,0.00000000,0.00000000,0.00000000,0.00000000,0.00000000,0.00000000,0.00000000,0.00000000,0.00000000,0.25161054,0.00223140,0.00000000,0.00000000,0.00000000,0.00000000,0.00000000,0.00000000,0.00000000,0.00000000,0.00000000,0.00000000,0.00000000,0.00000000,0.00000000,0.00000000,0.00000000,0.00547812,0.00000000,0.00000000,0.00000000,0.00000000,0.00000000,0.00000000,0.00000000,0.00052928,0.00000000,0.00000000,0.00000000,0.02646499,0.00000000,0.00000000,0.00000000,0.00000000,0.00000000,0.00000000,0.00000000,0.05310676,0.00000000,0.00000000,0.00000000,0.00000000,0.00000000,0.00000000,0.00000000,0.00000000,0.00365642,0.00000000,0.00000000,0.00000000,0.00000000,0.00000000,0.00000000,0.00000000,0.00000000,0.00000000,0.00000000,0.00000000,0.01491224,0.00000000,0.00000000,0.00000000,0.00000000,0.00000000,0.00000000,0.00000000,0.00267957,0.00400770,0.00000000,0.00000000,0.00000000,0.00000000,0.00000000,0.00000000,0.00000000,0.01662061,0.09382174,0.00000000,0.00000000,0.00000000,0.00000000,0.00000000,0.01494157,0.00000000,0.00000000,0.00000000,0.00000000,0.14232396,0.00000000,0.00108194,0.00000000,0.00000000,0.00000000,0.00000000,0.00000000,0.00000000,0.00000000,0.00000000,0.00000000,0.00000000,0.00000000,0.00000000,0.00000000,0.00000000,0.00000000,0.00000000,0.00000000,0.01486963,0.00291853,0.00000000,0.00000000,0.00000000,0.00000000,0.00000000,0.00000000,0.00000000,0.00000000,0.00000000,0.00000000,0.00121187,0.00000000,0.01292823,0.00000000,0.00000000
0.00000000,0.00000000,0.00000000,0.00000000,0.00000000,0.00000000,0.00558903,0.00000000,0.00000000,0.00000000,0.00000000,0.00000000,0.00000000,0.00000000,0.00000000,0.00000000,0.00000000,0.00000000,0.00000000,0.00000000,0.06929661,0.00000000,0.02266923,0.00000000,0.00000000,0.00000000,0.00000000,0.00000000,0.00000000,0.00000000,0.00000000,0.00000000,0.01643640,0.00000000,0.00000000,0.00000000,0.00658430,0.00000000,0.00000000,0.00000000,0.00000000,0.00000000,0.00000000,0.00000000,0.00000000,0.00000000,0.00000000,0.00000000,0.00000000,0.00372502,0.00000000,0.00000000,0.00000000,0.00000000,0.00000000,0.00000000,0.00000000,0.00716164,0.00000000,0.00000000,0.00000000,0.00000000,0.00000000,0.00000000,0.00000000,0.00000000,0.00000000,0.00000000,0.00000000,0.00000000,0.00000000,0.03644748,0.00000000,0.00000000,0.00000000,0.00000000,0.02503957,0.00000000,0.00000000,0.00000000,0.00000000,0.00000000,0.00000000,0.00000000,0.00000000,0.00000000,0.00000000,0.00000000,0.00000000,0.00000000,0.00000000,0.00000000,0.00000000,0.00000000,0.00000000,0.03257735,0.00000000,0.00000000,0.00000000,0.00000000,0.00000000,0.00000000,0.00000000,0.00000000,0.02167713,0.00000000,0.00000000,0.00000000,0.00000000,0.24918685,0.00000000,0.00000000,0.00000000,0.00000000,0.00000000,0.00000000,0.00000000,0.00000000,0.00000000,0.00000000,0.00000000,0.00000000,0.00722450,0.00000000,0.00000000,0.00000000,0.00000000,0.00000000,0.00000000,0.00000000,1.06509979,0.00000000,0.00000000,0.00000000,0.00000000,0.01635833,0.00000000,0.01460050,0.00000000,0.00000000,0.00000000,0.00000000,0.00000000,0.00000000,0.00000000,0.00000000,0.00215469,0.00000000,0.00000000,0.00000000,0.00000000,0.00000000,0.00000000,0.00000000,0.00000000,0.00437113,0.00000000,0.00000000,0.00000000,0.00000000,0.00000000,0.00000000,0.00000000,0.00000000,0.00000000,0.00000000,0.00000000,0.00000000,0.01581188,0.00000000,0.00000000,0.00000000,0.00000000,0.00000000,0.00000000,0.00000000,0.00000000,0.01808282,0.00000000,0.00111375,0.00000000,0.00000000,0.00000000,0.00000000,0.00000000,0.00000000,0.00000000,0.01648536,0.00000000,0.00000000,0.00000000,0.00000000,0.00379315,0.00000000,0.00000000,0.00000000,0.00000000,0.00000000,0.01161142,0.00000000,0.00000000,0.00000000,0.00000000,0.00000000,0.00000000,0.00000000,0.00000000,0.00000000,0.00000000,0.00000000,0.00000000,0.00000000,0.00095676,0.00000000,0.00000000,0.00000000,0.00000000,0.00000000,0.00000000,0.00000000,0.00000000,0.00000000,0.00000000,0.00000000,0.11442682,0.00000000,0.00000000,0.00000000,0.00000000,0.00472288,0.12963753,0.00000000,0.03984438,0.00000000,0.00000000,0.00000000,0.00000000,0.00000000,0.00000000,0.00000000,0.00000000,0.00000000,0.00142537,0.00000000,0.00000000,0.00000000,0.00000000,0.00000000,0.00000000,0.00000000,0.00338650,0.00000000,0.00000000,0.00000000,0.00000000,0.00304924,0.00000000,0.00000000,0.00000000,0.00000000,0.00000000,0.00000000,0.00000000,0.00000000,0.00000000,0.00000000,0.00000000,0.00000000,0.00000000,0.00000000,0.00000000,0.00000000,0.00000000,0.00000000,2.97992390,0.00000000,0.00000000,0.00000000,0.00000000,0.00000000,0.00000000,0.00000000,0.09564077,0.00000000,0.00086939,0.00000000,0.00000000,0.00000000,0.00000000,0.00000000,0.00000000,0.00000000,0.00000000,0.00000000,0.00000000,0.00000000,0.00000000,0.00000000,0.00000000,0.00000000,0.00000000,0.00000000,0.00000000,0.00000000,0.00000000,0.00000000,0.00000000,0.00000000,0.00000000,0.00000000,0.00000000,0.00000000,0.00090725,0.00151109,0.00000000,0.00000000,0.00000000,0.00000000,0.00000000,0.00000000,0.00000000,0.00000000,0.00000000,0.00000000,0.00000000,0.00000000,0.00000000,0.00000000,0.18643332,0.00000000,0.00000000,0.00000000,0.00000000,0.02704860,0.00000000,0.00000000,0.00000000,0.00000000,0.09190019,0.00000000,0.00000000,0.00000000,0.01322941,0.00000000,0.10385472,0.00000000,0.00149743,0.00000000,0.00000000,0.00000000,0.00000000,0.00000000,0.00000000,0.00000000,0.00000000,0.00000000,0.00261968,0.00076146,0.00000000,0.08945243,0.00000000,0.00000000,0.00000000,0.00000000,0.00000000,0.00000000,0.00000000,0.00000000,0.00000000,0.00000000,0.00000000,0.00000000,0.00000000,0.00000000,0.00433791,0.01926123,0.00000000,0.00000000,0.00000000,0.00438003,0.00000000,0.00000000,0.00000000,0.00000000,0.00000000,0.00000000,0.00000000,0.00000000,0.00652508,0.00185511,0.00000000,0.00000000,0.00000000,0.00000000,0.01285086,0.00000000,0.00000000,0.00000000,0.00000000,0.01776641,0.00000000,0.00000000,0.00000000,0.00000000,0.00000000,0.00000000,0.00000000,0.00000000,0.00444310,0.00000000,0.01658741,0.00000000,0.00000000,0.00000000,0.00000000,0.00000000,0.00000000,0.00000000,0.00000000,0.00000000,0.00000000,0.00000000,0.00000000,2.70250267,0.00000000,0.00000000,0.00000000,0.00000000,0.00000000,0.00000000,0.00000000,0.00000000,0.00421866,0.00000000,0.00000000,0.00000000,0.00000000,0.00000000,0.00000000,0.00075474,0.00000000,0.00476270,0.00000000,0.00000000,0.00000000,0.00000000,0.00000000,0.13724118,0.00542020,0.00370972,0.00110896,0.00000000,0.00000000,0.00000000,0.00000000,0.00000000,0.00000000,0.00000000,0.00000000,0.00000000,0.00000000,0.00000000,0.00000000,0.00000000,0.00000000,0.00000000,0.00000000,0.01676889,0.00000000,0.00000000,0.00000000,0.00000000,0.00000000,0.00078453,0.00000000,0.00000000,0.00000000,0.00000000,0.00000000,0.00000000,0.00000000,0.00000000,0.00000000,0.00925197,0.00000000,0.00000000,0.00000000,0.00000000,0.01877148,0.00000000,0.00000000,0.00000000,0.00000000,0.00000000,0.00706104,0.00000000,0.00000000,0.00000000,0.00492591,0.00000000,0.00000000,0.00000000,0.00136152,0.00000000,0.00000000,0.00000000,0.00000000,0.00000000,0.00000000,0.00000000,0.00000000,0.00000000,0.02379337,0.07480063,0.00105636,0.00000000,0.00000000,0.01127509,0.00000000,0.00000000,0.00000000,0.00000000,0.00000000,0.00000000,0.03924536,0.00234945,0.00000000,0.00000000,0.00564097,0.00000000,0.00000000,0.00000000,0.07441719,0.00000000,0.00000000,0.00000000,0.00000000,0.00000000,0.00179881,0.00000000,0.00000000,0.00000000,0.00000000,0.00000000,0.00000000,0.00000000,0.00000000,0.00000000,0.00000000,0.00000000,0.00879922,0.00000000,0.00000000,0.00395278,0.00000000,0.00000000,0.00000000,0.00000000,0.00000000,0.00000000,0.00000000,1.00456758,0.00000000,0.00000000,0.00000000,0.00000000,0.00000000,0.00000000,0.00000000,0.00000000,0.00000000,0.00000000,0.00000000,0.00000000,0.00000000,0.00000000,0.00000000,0.00000000,0.00000000,0.01742459,0.00000000,0.00427130,0.00000000,0.00000000,0.00000000,0.15668167,0.01812766,0.00000000,0.00000000,0.00000000,0.00000000,0.00000000,0.00000000,0.00000000,0.00000000,0.00107136,0.00000000,0.00000000,0.00000000,0.00000000,0.00000000,0.00000000,0.00000000,0.00000000,0.00000000,0.00000000,0.00000000,0.00000000,0.00000000,0.00000000,0.00000000,0.00000000,0.00105798,0.00000000,0.00106697,0.00000000,0.00000000,0.00000000,0.00000000,0.00000000,0.00000000,0.05968026,0.00000000,0.00000000,0.00000000,0.00000000,0.00000000,0.00000000,0.00000000,0.00000000,0.00000000,0.00000000,0.00646043,0.02677726,0.00000000,0.00833458,0.00000000,0.00000000,0.00000000,0.00000000,0.00000000,0.00000000,0.02819103,0.00000000,0.00000000,0.00000000,0.00000000,0.00000000,0.00000000,0.00000000,0.00000000,0.00000000,0.00000000,0.00000000,0.00000000,0.00000000,0.00000000,0.00000000,0.01895659,0.00000000,0.00000000,0.00000000,0.00000000,0.00000000,0.00000000,0.00000000,0.00000000,0.00000000,0.00133261,0.00000000,0.00000000,0.00000000,0.00000000,0.00000000,0.00000000,0.00000000,0.00000000,0.00000000,0.00000000,0.00000000,0.00000000,0.00000000,0.00000000,0.02257235,0.00944800,0.00000000,0.00313717,0.00897787,0.00000000,0.01253180,0.00000000,0.00000000,0.00000000,0.00000000,0.00694206,0.00000000,0.01108613,0.00000000,0.00000000,0.00000000,0.00000000,0.00000000,0.00059133,0.00000000,0.00000000,0.00000000,0.00000000,0.00000000,0.00000000,0.00000000,0.00000000,0.00000000,1.38145192,0.00000000,0.00000000,0.00000000,0.00000000,0.00000000,0.00000000,0.00000000,0.00000000,0.00000000,0.00000000,0.00000000,0.00000000,0.00000000,0.00000000,0.00000000,0.00000000,0.00000000,0.00000000,0.00000000,0.00000000,0.00000000,0.00077450,0.00000000,0.00000000,0.00000000,0.00000000,0.00000000,0.00000000,0.00000000,0.00000000,0.00000000,0.01033426,0.00000000,0.00000000,0.00000000,0.00000000,0.00000000,0.00000000,0.01437981,0.00948803,0.00000000,0.00000000,0.00000000,0.00000000,0.00000000,0.00000000,0.01795913,0.00000000,0.00000000,0.00000000,0.00000000,0.00000000,0.00000000,0.00000000,0.00000000,0.00490884,0.00000000,0.00000000,0.00566685,0.00000000,0.00000000,0.01238592,0.00000000,0.00000000,0.00000000,0.00000000,0.00000000,0.00000000,0.00000000,0.00000000,0.00000000,0.00000000,0.00000000,0.00000000,0.00000000,0.00000000,0.03243687,0.00000000,0.00000000,0.00000000,0.00000000,0.00000000,0.00000000,0.00000000,0.00000000,0.00000000,0.00000000
0.00000000,0.00000000,0.00000000,0.00000000,0.03637744,0.00000000,0.00000000,0.00000000,0.00000000,0.00000000,0.00000000,0.00000000,0.00000000,0.00000000,0.00000000,0.00000000,0.00000000,0.00000000,0.00000000,0.00000000,0.00000000,0.00000000,0.00000000,0.00000000,0.00000000,0.00000000,0.00000000,0.00000000,0.00000000,0.00000000,0.00213824,0.00000000,0.00000000,0.00000000,0.00000000,0.00000000,0.00000000,0.00000000,0.01567003,0.00514163,0.00881078,0.00000000,0.01617036,0.00000000,0.00460815,0.00000000,0.00000000,0.00000000,0.00000000,0.00000000,0.00000000,0.00000000,0.00812820,0.00000000,0.00000000,0.00000000,0.00968045,0.00000000,0.00000000,0.00000000,0.00000000,0.00000000,0.00000000,0.00000000,0.00000000,0.00000000,0.00000000,0.00000000,0.00000000,0.00000000,0.00662680,0.00000000,0.00000000,0.00000000,0.00000000,0.00000000,0.00000000,0.00000000,0.00000000,0.00000000,0.00000000,0.00000000,0.00000000,0.00000000,0.00000000,0.00000000,0.02051874,0.00000000,0.00723464,0.00000000,0.00000000,0.00000000,0.00000000,0.00000000,0.00000000,0.00000000,0.00000000,0.00000000,0.00000000,0.00493500,0.05599572,0.00000000,0.00000000,0.00000000,0.00000000,0.00063849,0.00000000,0.00000000,0.00000000,0.00000000,0.00531880,0.00000000,0.01002248,0.00000000,0.00000000,0.00000000,0.00000000,0.06504778,0.00000000,0.00090611,0.00000000,0.00000000,0.05672640,0.01271615,0.00000000,0.00365457,0.06195753,0.00668761,0.00000000,0.00000000,0.00000000,0.00000000,0.00000000,0.00000000,0.00000000,0.00000000,0.00000000,0.00000000,0.00000000,0.00000000,0.00000000,0.00000000,0.00000000,0.01267245,0.00000000,0.00000000,0.00000000,0.00000000,0.00000000,0.00000000,0.00000000,0.00000000,0.00000000,0.00000000,0.00784080,0.00000000,0.00000000,0.02014155,0.00000000,0.00204941,0.00000000,0.00000000,0.00000000,0.00000000,0.00000000,0.00000000,0.00663187,0.00000000,0.00000000,0.00000000,0.00000000,0.00000000,0.00789044,0.00000000,0.07218470,0.00000000,0.00000000,0.00000000,0.00000000,0.00000000,0.00000000,0.00000000,0.00000000,0.00000000,0.00000000,0.00206790,0.00000000,0.00238625,0.00000000,0.00000000,0.00000000,0.00000000,0.00000000,0.00000000,0.00707485,0.00000000,0.00000000,0.00570003,0.07979801,0.00000000,0.00000000,0.00000000,0.00000000,0.00000000,0.00000000,0.00000000,0.00000000,0.00000000,0.05099015,0.00251566,0.00000000,0.01580263,0.00000000,0.00000000,0.00000000,0.03539657,0.00000000,0.00000000,0.00000000,0.00000000,0.00000000,0.02677697,0.00000000,0.00000000,0.00000000,0.00000000,0.00000000,0.00000000,0.00000000,0.00000000,0.00000000,0.00000000,0.00000000,0.07124457,0.00000000,0.00000000,0.00000000,0.00000000,0.00000000,0.00000000,0.00000000,0.00000000,0.00000000,0.00000000,0.00000000,0.00000000,0.00000000,0.00674575,0.00000000,0.00000000,0.03175996,0.00000000,0.00000000,0.00000000,0.00000000,0.00000000,0.00000000,0.00000000,0.00000000,0.00000000,0.00000000,0.00000000,0.00000000,0.00000000,0.00000000,0.00000000,0.00000000,0.00000000,0.00000000,0.00000000,0.00000000,0.00000000,0.00000000,0.00259866,0.00000000,0.00000000,0.00000000,0.00000000,0.00000000,0.00000000,0.00000000,0.00000000,0.00000000,0.00000000,0.00000000,0.00000000,0.00202862,0.00000000,0.00000000,0.00000000,0.00000000,0.00000000,0.00000000,0.00000000,0.00000000,0.00000000,0.00000000,0.00689955,0.00000000,0.00000000,0.00000000,0.00000000,0.01179577,0.00000000,0.00000000,0.00000000,0.00000000,0.00000000,0.00000000,0.00164981,0.00000000,0.00000000,0.00000000,0.00000000,0.00105401,0.00000000,0.00000000,0.00447960,0.00000000,0.00000000,0.00000000,0.00000000,0.00253349,0.00000000,0.00000000,0.00000000,0.00000000,0.00000000,0.00000000,0.00000000,0.01132910,0.00000000,0.00000000,0.00000000,0.00135077,0.00000000,0.00000000,0.00000000,0.00000000,0.00000000,0.00000000,0.00000000,0.00718263,0.00000000,0.00000000,0.00000000,0.00000000,0.00000000,0.00000000,0.00000000,0.00000000,0.00303596,0.00000000,0.00000000,0.00000000,0.00000000,0.00000000,0.00000000,0.00000000,0.00000000,0.00000000,0.00050431,0.00000000,0.00000000,0.00000000,0.00000000,0.00000000,0.00000000,0.00000000,0.00000000,0.00000000,0.00000000,0.00000000,0.00000000,0.00000000,0.00334729,0.00767261,0.00000000,0.00444757,0.00000000,0.00000000,0.00000000,0.00000000,0.00000000,0.00000000,0.00000000,0.00000000,0.00000000,0.00708984,0.00000000,0.00144133,0.01237532,0.00000000,0.00000000,0.00000000,0.00000000,0.00000000,0.00000000,0.00000000,0.00000000,0.00000000,0.00000000,0.00000000,0.00000000,0.00000000,0.00000000,0.00000000,0.00000000,0.00000000,0.00000000,0.02619096,0.00000000,0.00000000,0.00000000,0.00000000,0.00000000,0.00000000,0.01297126,0.00000000,0.00000000,0.00000000,0.00000000,0.00000000,0.00000000,0.00000000,0.00000000,0.00000000,0.00000000,0.00000000,0.00000000,0.00000000,0.00000000,0.00000000,0.00000000,0.00000000,0.00000000,0.00000000,0.00000000,0.00000000,0.00000000,0.00195360,0.00000000,0.00000000,0.00000000,0.00000000,0.00000000,0.00000000,0.00000000,0.00560808,0.00000000,0.00000000,0.00000000,0.00000000,0.00000000,0.00000000,0.00000000,0.00000000,0.00000000,0.01606107,0.00000000,0.00000000,0.00000000,0.00000000,0.00000000,0.00000000,0.00000000,0.00000000,0.00000000,0.00000000,0.00000000,0.00000000,0.00000000,0.00000000,0.00000000,0.00000000,0.00000000,0.00000000,0.00000000,0.00000000,0.00000000,0.00000000,0.00000000,0.00000000,0.05252379,0.00000000,0.00671322,0.00000000,0.00000000,0.00000000,0.00000000,0.00752908,0.00000000,0.00000000,0.00000000,0.00000000,0.00000000,0.00000000,0.00000000,0.00000000,0.00000000,0.00000000,0.02361760,0.00000000,0.00000000,0.00000000,0.00000000,0.00000000,0.00000000,0.00318961,0.00000000,0.00000000,0.00000000,0.00000000,0.00000000,0.00000000,0.00000000,0.00155676,0.00000000,0.00000000,0.00000000,0.00000000,0.00000000,0.00000000,0.12209321,0.00000000,0.00000000,0.00000000,0.00156913,0.00000000,0.00000000,0.00000000,0.00000000,0.00000000,0.00000000,0.00000000,0.00000000,0.00000000,0.00000000,0.00000000,0.00000000,0.00000000,0.00000000,0.00000000,0.03600459,0.00000000,0.00000000,0.00000000,0.00000000,0.00000000,0.00000000,0.00000000,0.00000000,0.00000000,0.00000000,0.00000000,0.00000000,0.00000000,0.00000000,0.00000000,0.00594044,0.00000000,0.00000000,0.00000000,0.00000000,0.00000000,0.00000000,0.00159199,0.08711009,0.00000000,0.00000000,0.00000000,0.00000000,0.00000000,0.00000000,0.00000000,0.00000000,0.00000000,0.00000000,0.00374713,0.00000000,0.00000000,0.00000000,0.00000000,0.00000000,0.00000000,0.00000000,0.00000000,0.00000000,0.00000000,0.00000000,0.02020260,0.00173535,0.00000000,0.00000000,0.00000000,0.00000000,0.00287501,0.00000000,0.00000000,0.00567500,0.00000000,0.00000000,0.00000000,0.00000000,0.00000000,0.00000000,0.00000000,0.00000000,0.02296706,0.00000000,0.00000000,0.00081243,0.00000000,0.00000000,0.00000000,0.00000000,0.00431746,0.00000000,0.00000000,0.00000000,0.00000000,0.00000000,0.00000000,0.00239884,0.00000000,0.00000000,0.00000000,0.00000000,0.00000000,0.00000000,0.00000000,0.00000000,0.00000000,0.00000000,0.00000000,0.00000000,0.00000000,0.00000000,0.02507068,0.00000000,0.00000000,0.35995056,0.00000000,0.00000000,0.00000000,0.00000000,0.00000000,0.00297437,0.00000000,0.00000000,0.01063518,0.00000000,0.00000000,0.00000000,0.00000000,0.00000000,0.00240777,0.01262318,0.00000000,0.00000000,0.00000000,0.00000000,0.00000000,0.00000000,0.00000000,0.00000000,0.00000000,0.00442880,0.00000000,0.00000000,0.11394627,0.00000000,0.00000000,0.03643576,0.00000000,0.00000000,0.00067059,0.00000000,0.00373967,0.00000000,0.00000000,0.00000000,0.00000000,0.00383278,0.00000000,0.00000000,0.00000000,0.00000000,0.00000000,0.00000000,0.00000000,0.00000000,0.00000000,0.00000000,0.00146067,0.00000000,0.00000000,0.00660107,0.01123970,0.00000000,0.00000000,0.00000000,0.00000000,0.00000000,0.00000000,0.00000000,0.00000000,0.00000000,0.00000000,0.00000000,0.00000000,0.00637756,0.00000000,0.00000000,0.00000000,0.00000000,0.00000000,0.00000000,0.00000000,0.00000000,0.00217821,0.00000000,0.00000000,0.00000000,0.00000000,0.00393742,0.00000000,0.00000000,0.00000000,0.00000000,0.00000000,0.00000000,0.00000000,0.00000000,0.00000000,0.00000000,0.00000000,0.00208368,0.00000000,0.00000000,0.00000000,0.00000000,0.00000000,0.00000000,0.00000000,0.00000000,0.00000000,0.00000000,0.00000000,0.00000000,0.01255097,0.02055163,0.00000000,0.00000000,0.00000000,0.00000000,0.00000000,0.00000000,0.00000000,0.00000000,0.00000000,0.00000000,0.01696304,0.00000000,0.00000000,0.00000000,0.00000000,0.00000000,0.00000000,0.00000000,0.00000000,0.00000000,0.00630097,0.00000000,1.38321439,0.00000000,0.00000000,0.00000000,0.00000000,0.00000000,0.00000000,0.00000000,0.00000000,0.00000000,0.00000000,0.00000000,0.00000000,0.00000000,0.00000000,0.00000000,0.00000000,0.00000000,0.00000000,1.25843294,0.00000000,0.00000000,0.00000000,0.00000000,0.00000000,0.00000000
0.00000000,0.02446688,0.00000000,0.00000000,0.00000000,0.00000000,0.00000000,0.00000000,0.00000000,0.00000000,0.00000000,0.00000000,0.00000000,0.00000000,0.00000000,0.00194906,0.01416694,0.04534094,0.00000000,0.00000000,0.00000000,0.00000000,0.00000000,0.00000000,0.00000000,0.00000000,0.00000000,0.00000000,0.00000000,0.00000000,0.00000000,0.00000000,0.00000000,0.00000000,0.00000000,0.00000000,0.00000000,0.00000000,0.00000000,0.00000000,0.00000000,0.00000000,0.00000000,0.00000000,0.00000000,0.00000000,0.00413283,0.00000000,0.00000000,0.00000000,0.00000000,0.00000000,0.00000000,0.00000000,0.00000000,0.00000000,0.00000000,0.00000000,0.00000000,0.00000000,0.00000000,0.00000000,0.00000000,0.00000000,0.00000000,0.00000000,0.00000000,0.05289354,0.00000000,0.00000000,0.00000000,0.00260114,0.00000000,0.00000000,0.00000000,0.00000000,0.00518189,0.00000000,0.00000000,0.00000000,0.00000000,0.00000000,0.03830919,0.00000000,0.00000000,0.00000000,0.00000000,0.00000000,0.00000000,0.00577359,0.00146005,0.00000000,0.01227741,0.00000000,0.00000000,0.00000000,0.00000000,0.00307306,0.00000000,0.00000000,0.00000000,0.00922424,0.00000000,0.00000000,0.00000000,0.00000000,0.00000000,0.00000000,0.00000000,0.00000000,0.00000000,0.00000000,0.00000000,0.01375474,0.00000000,0.00000000,0.00000000,0.00000000,0.00000000,0.00000000,0.00000000,0.00000000,0.00000000,0.00000000,0.00000000,0.00000000,0.00000000,0.00000000,0.00000000,0.00000000,0.00000000,0.00000000,0.00000000,0.00000000,0.00000000,0.00000000,0.00095901,0.00000000,0.00000000,0.00000000,0.00000000,0.00249923,0.00000000,0.00000000,0.00000000,0.00000000,0.00000000,0.39307273,0.00000000,0.00000000,0.00000000,0.00000000,0.00000000,0.00000000,0.00000000,0.00000000,0.00000000,0.00000000,0.00000000,0.00000000,0.00000000,0.00168674,0.00000000,0.00000000,0.00000000,0.00000000,0.08823391,1.64555883,0.00000000,0.00000000,0.00000000,0.00000000,0.00000000,0.00000000,0.00000000,0.00388037,0.00000000,0.00000000,0.00000000,0.01118862,0.00625110,0.00000000,0.00000000,0.01193684,0.00499974,0.00000000,0.00000000,0.00000000,0.00000000,0.00000000,0.00000000,0.00000000,0.00000000,0.00000000,0.00000000,0.00000000,0.00000000,0.00000000,0.02041063,0.00000000,0.00323889,0.00000000,0.00000000,0.00000000,0.00000000,0.00000000,0.00000000,0.00000000,0.00000000,0.00755520,0.00128502,0.00000000,0.00000000,0.00000000,0.00000000,0.00000000,0.00000000,0.05179434,0.00000000,0.00000000,0.00000000,0.00000000,0.00000000,0.00000000,0.00000000,0.00000000,0.00000000,0.00000000,0.00000000,0.00000000,0.00000000,0.00000000,0.00000000,0.00000000,0.15590650,0.00457892,0.00000000,0.00387563,0.00000000,0.00000000,0.00424897,0.00000000,0.00000000,0.00000000,0.00000000,0.00000000,0.00000000,0.00000000,0.00765269,0.00000000,0.00312979,0.00000000,0.00000000,0.00000000,0.00000000,0.00000000,0.00000000,0.00000000,0.00000000,0.00000000,0.00000000,0.00495979,0.00000000,0.00000000,0.00000000,0.00000000,0.00000000,0.00000000,0.18272584,0.00000000,0.00000000,0.00000000,0.00000000,0.00000000,0.00000000,0.00000000,0.00000000,0.00000000,0.00000000,0.00000000,1.82531121,0.00000000,0.00000000,0.00000000,0.00000000,0.00000000,0.00000000,0.00000000,0.00000000,0.00000000,0.00000000,0.00000000,0.00000000,0.00000000,0.00000000,0.00000000,0.00000000,0.00000000,0.00000000,0.00000000,0.00000000,0.00000000,0.09249889,0.00000000,0.00000000,0.01511610,0.00000000,0.00000000,0.00505610,0.00000000,0.00000000,0.00000000,0.00000000,0.40614465,0.00000000,0.00000000,0.00000000,0.00000000,0.00000000,0.00000000,0.00580239,0.00190028,0.00000000,0.00000000,0.00000000,0.00000000,0.00000000,0.42433995,0.00000000,0.02757463,0.00000000,0.00000000,0.00000000,0.00000000,0.00000000,0.00000000,0.02991236,0.00000000,0.00000000,0.00000000,0.00000000,0.00000000,0.00000000,0.00000000,0.00000000,0.00493153,0.00000000,0.00000000,0.00000000,0.00000000,0.00000000,0.00000000,0.00000000,0.00000000,0.00000000,0.00000000,0.00000000,0.00973815,0.00000000,0.00000000,0.00000000,0.00000000,0.00000000,0.00000000,2.67966453,0.00000000,0.00000000,0.00457111,0.00000000,0.00000000,0.00000000,0.00000000,0.00000000,0.00000000,0.00000000,0.00168206,0.00000000,0.00821637,0.00000000,0.00000000,0.00441145,0.00000000,0.00193821,0.00000000,0.00000000,0.00000000,0.00442965,0.00000000,0.00000000,0.00000000,0.00000000,0.00000000,0.00077803,0.00000000,0.00000000,0.00000000,0.00000000,0.00000000,0.00000000,0.00000000,0.00000000,0.00000000,0.00000000,0.00000000,0.00000000,0.00000000,0.00000000,0.00000000,0.00000000,0.00000000,0.00000000,0.00000000,0.02715198,0.00000000,0.00000000,0.00000000,0.00000000,0.00000000,0.00000000,0.00000000,0.00000000,0.00000000,0.00000000,0.00000000,0.00000000,0.00000000,0.00000000,0.00000000,0.00000000,0.00695169,0.00000000,0.00000000,0.00000000,0.00000000,0.00000000,0.00000000,0.00000000,0.00000000,0.00000000,0.00000000,0.00000000,0.00000000,0.00000000,0.00000000,0.00000000,0.00000000,0.00000000,0.00000000,0.00000000,0.00000000,0.00000000,0.00000000,0.00653857,0.00000000,0.00000000,0.00000000,0.00000000,0.00000000,0.00000000,0.00000000,0.00000000,0.00000000,0.00000000,0.00000000,0.00000000,0.00000000,0.00000000,0.00000000,0.00000000,0.00000000,0.00000000,0.00072770,0.00000000,0.00000000,0.19406332,0.00000000,0.00000000,0.00000000,0.00000000,0.00000000,0.00000000,0.00000000,0.00000000,0.00000000,0.00000000,0.00000000,0.02835026,0.00095923,0.00000000,0.00000000,0.00000000,0.04075078,0.00608962,0.00000000,0.00000000,0.00000000,0.00000000,0.00000000,0.00000000,0.00000000,0.00000000,0.00000000,0.00000000,0.00000000,0.00000000,0.00000000,0.00000000,0.00000000,0.00345680,0.00000000,0.00000000,0.00123771,0.00000000,0.00000000,0.00461931,0.00000000,0.00000000,0.00000000,0.00000000,0.00000000,0.00000000,0.07876052,0.00000000,0.00000000,0.00000000,0.00000000,0.00000000,0.00000000,0.00280162,0.00000000,0.00000000,0.00000000,0.00000000,0.00000000,0.00000000,0.00000000,0.00000000,0.00000000,0.00000000,0.00000000,0.00000000,0.00000000,0.00000000,0.00000000,0.00470315,0.01640958,0.00000000,0.00000000,0.00000000,0.00273326,0.00051853,0.00000000,0.00000000,0.03461648,0.00000000,0.00000000,0.00000000,0.00000000,0.00000000,0.00000000,0.00000000,0.00336678,0.00000000,0.00000000,0.00000000,0.00000000,0.15110214,0.17529400,0.00000000,0.00000000,0.00000000,0.00000000,0.00000000,0.00000000,0.00000000,0.00000000,0.00000000,0.00000000,0.00000000,0.00000000,0.00000000,0.00000000,0.00000000,0.00000000,0.00132310,0.00000000,0.00585006,0.00000000,0.00000000,0.01923029,0.00000000,0.00000000,0.00000000,0.00000000,0.00000000,0.00000000,0.00000000,0.00000000,0.00000000,0.00000000,0.01288715,0.00000000,0.00000000,0.00000000,0.00000000,0.00000000,1.31339623,0.00000000,0.00000000,0.00000000,0.00000000,0.00348894,0.00000000,0.00000000,0.00000000,0.00000000,0.00000000,0.00000000,0.00000000,0.02049343,0.00000000,0.00000000,0.00000000,0.00000000,0.00000000,0.34727009,0.00000000,0.00000000,0.00000000,0.00000000,0.00000000,0.00000000,0.00000000,0.00000000,0.00000000,0.00000000,0.00000000,0.00000000,0.00000000,0.00000000,0.00000000,0.00000000,0.00000000,0.00000000,0.00000000,0.00000000,0.00000000,0.00000000,0.00000000,0.08187045,0.00000000,0.00000000,0.00000000,0.00000000,0.00000000,0.01010858,0.00000000,0.00000000,0.00000000,0.00000000,0.00000000,0.00000000,0.00000000,0.00000000,0.00000000,0.00000000,0.00000000,0.00000000,0.00000000,0.00000000,0.00000000,0.00000000,0.00000000,0.12969206,0.00000000,0.00000000,0.00000000,0.00000000,0.00000000,0.00000000,0.00000000,0.00000000,0.00000000,0.00000000,0.00000000,0.00000000,0.00000000,0.00000000,0.00000000,0.00000000,0.00000000,0.00000000,0.00000000,0.52248232,0.00000000,0.02965915,0.00000000,0.00000000,0.00000000,0.00000000,0.00000000,0.00000000,0.00000000,0.00000000,0.00000000,0.00000000,0.00000000,0.00000000,0.00000000,0.00209237,0.00000000,0.00000000,0.00000000,0.00000000,0.00000000,0.00434691,0.00132034,0.00000000,0.00000000,0.00000000,0.00000000,0.00000000,0.00000000,0.00000000,0.00000000,0.00000000,0.00000000,0.00425168,0.00864796,0.00000000,0.00000000,0.00000000,0.01926575,0.01362927,0.00000000,0.00000000,0.00466278,0.00000000,0.00000000,0.00000000,0.00000000,0.00000000,0.00000000,0.00000000,0.00275074,0.00079316,0.00000000,0.00000000,0.00000000,0.00000000,0.00000000,0.00000000,0.00000000,0.00000000,0.00000000,0.00000000,0.00000000,0.00000000,1.20542893,0.00000000,0.00642708,0.00000000,0.00000000,0.00000000,0.00000000,0.00297242,0.00000000,0.00650541,0.00000000,0.00000000,0.00000000,0.06739562,0.00000000,0.00000000,0.00000000,0.00000000,0.00000000,0.00000000,0.00000000,0.00605194,0.00000000,0.00390633,0.00000000,0.01156725,0.00000000,0.00000000,0.00000000,0.00000000,0.05836243,0.00000000,0.00000000,0.00000000,0.00000000,0.00000000,0.00000000,0.00000000,0.00000000,0.00000000,0.00000000,0.01199573
0.00000000,0.00000000,0.00000000,0.00000000,0.00000000,0.00000000,0.00000000,0.00000000,0.00000000,0.00000000,0.00000000,0.00000000,0.00240315,0.00000000,0.00469244,0.00000000,0.00000000,0.00000000,0.05279677,0.00000000,0.00000000,0.00000000,0.00000000,0.00000000,0.00000000,0.00000000,0.00000000,0.00000000,0.00000000,0.00000000,1.96507215,0.17482124,0.00000000,0.00000000,0.00000000,0.00000000,0.00000000,0.00000000,0.00000000,0.00000000,0.00000000,0.00000000,0.00000000,0.00000000,0.00000000,0.00000000,0.01379121,0.00139963,0.04836670,0.00000000,0.00000000,0.00000000,0.00192836,0.00000000,0.00000000,0.00000000,0.00000000,0.00000000,0.00000000,0.00000000,0.00000000,0.00000000,0.00000000,0.01557502,0.00000000,0.00000000,0.01693629,0.00000000,0.00000000,0.00676060,0.00000000,0.00000000,0.00000000,0.10271011,0.00000000,0.00473932,0.00000000,0.00000000,0.00000000,0.00000000,0.00000000,0.00000000,0.00000000,0.00000000,0.00000000,0.00000000,0.00000000,0.00000000,0.00000000,0.00000000,0.00000000,0.00000000,0.00000000,0.00000000,0.00000000,0.52877984,0.00503473,0.00000000,0.00000000,0.00000000,0.00775442,0.01568849,0.00000000,0.07103541,0.00000000,0.00000000,0.00151119,0.00000000,0.00000000,0.00000000,0.00000000,0.00000000,0.00000000,0.00000000,0.00000000,0.00000000,0.00000000,0.00000000,0.00000000,0.00000000,0.00000000,0.00000000,0.01076755,0.00000000,0.00000000,0.00000000,0.00000000,0.00000000,0.00000000,0.00000000,0.00000000,0.00000000,0.00000000,0.00000000,0.00000000,0.00000000,0.00000000,0.00000000,0.00000000,0.00000000,0.00000000,0.00590321,0.00000000,0.00000000,0.00000000,0.00000000,0.00000000,0.00459478,0.00000000,0.00000000,0.00000000,0.00000000,0.00000000,0.00000000,0.00000000,0.02774852,0.00000000,0.04019169,0.00000000,0.00000000,0.00000000,0.00000000,0.01373027,0.00176363,0.00000000,0.00000000,0.00000000,0.00000000,0.00000000,0.00000000,0.00000000,0.00000000,0.00000000,0.00000000,0.00000000,0.00000000,0.00000000,0.00000000,0.00000000,0.06875819,0.00000000,0.00000000,0.00000000,0.00000000,0.00000000,0.00000000,0.00000000,0.00000000,0.00000000,0.00162774,0.00000000,0.00000000,0.00000000,0.00000000,0.00000000,0.00000000,0.00000000,0.00000000,0.00000000,0.00000000,0.00000000,0.00000000,0.00000000,0.00000000,0.00000000,0.00000000,0.00000000,0.00000000,0.02699647,0.00000000,0.00000000,0.00000000,0.00000000,0.00000000,0.00000000,0.00000000,0.00000000,0.00000000,0.00000000,0.00000000,0.00000000,0.00000000,0.00000000,0.00000000,0.00000000,0.00083626,0.00000000,0.00000000,0.00000000,0.03140741,0.02630520,0.00000000,0.00000000,0.00000000,0.00000000,0.00000000,0.00000000,0.00000000,0.00000000,0.76556478,0.00000000,0.00000000,0.00000000,0.00000000,0.00951408,0.00000000,0.00000000,0.00000000,0.00000000,0.00000000,0.00000000,0.00000000,0.00000000,0.00000000,0.00000000,0.00000000,0.01313939,0.00000000,0.00000000,0.00000000,0.00000000,0.00000000,0.00000000,0.06555473,0.00000000,0.00000000,0.00000000,0.00000000,0.00000000,0.00000000,0.10032299,0.00045408,0.04507976,0.00000000,0.00000000,0.00000000,0.00000000,0.00000000,0.00000000,0.00000000,0.00000000,0.00000000,0.00000000,0.00000000,0.00000000,0.00083189,0.00000000,0.00000000,0.00000000,0.00000000,0.00000000,0.00000000,0.00000000,0.00000000,0.00000000,0.00000000,0.00524496,0.00000000,0.00000000,0.00000000,0.00000000,0.00000000,0.00000000,0.00000000,0.00000000,0.00000000,0.00000000,0.00000000,0.00000000,0.00000000,0.00000000,0.00000000,0.00000000,0.00000000,0.00493517,0.00000000,0.00000000,0.00000000,0.00000000,0.00000000,0.03111306,0.00000000,0.00000000,0.00000000,0.00000000,0.00000000,0.00000000,0.00000000,0.00000000,0.00000000,0.00000000,0.00394678,0.00000000,0.00000000,0.00000000,0.00000000,0.00000000,0.00000000,0.00000000,0.14798100,0.00000000,0.00000000,0.00000000,0.00000000,0.00000000,0.00000000,0.00000000,0.00000000,0.00000000,0.00398318,0.05875943,0.00000000,0.00000000,0.00000000,0.00000000,0.00000000,0.00408426,0.00000000,0.00000000,0.00000000,0.00000000,0.00698744,0.00000000,0.00000000,0.00000000,0.00579208,0.00000000,0.00000000,0.00000000,0.00000000,0.00000000,0.00000000,0.00000000,0.00000000,0.00000000,0.00000000,0.00000000,0.00000000,0.00724139,0.00243323,0.00000000,0.00000000,0.00690161,0.00000000,0.00000000,0.00000000,0.00000000,0.00000000,0.00000000,0.00000000,0.00000000,0.00000000,0.00000000,0.00000000,0.00000000,0.00435662,0.00000000,0.00000000,0.00000000,0.00000000,0.00055614,0.00000000,0.00000000,0.00000000,0.00000000,0.00000000,0.00000000,0.00000000,0.00000000,0.00000000,0.00000000,0.02291193,0.00000000,0.00000000,0.00000000,0.00000000,0.00000000,1.26642017,0.00000000,0.00000000,0.00000000,0.00000000,0.00000000,0.00000000,0.00000000,0.00000000,0.02901411,0.04002657,0.00000000,0.00000000,0.00000000,0.00000000,0.21093727,0.00000000,0.00000000,0.00000000,0.00000000,0.00000000,0.00000000,0.00000000,0.00000000,0.00284243,0.00000000,0.00000000,0.01588634,0.00000000,0.00000000,0.00000000,0.00000000,0.00100989,0.00000000,0.00000000,0.00000000,0.00000000,0.00000000,0.00000000,0.00000000,0.00000000,0.00000000,0.00000000,0.00653897,0.00000000,0.00283719,0.00000000,0.00000000,0.04198830,0.00476953,0.00000000,0.00000000,0.00000000,0.00000000,0.00000000,0.00000000,0.00000000,0.00000000,0.00000000,0.00000000,0.00000000,0.00000000,0.00000000,0.00000000,0.00000000,0.01062610,0.00250021,0.00000000,0.00000000,0.00000000,0.00768852,0.01676876,0.00000000,0.00000000,0.00000000,0.00000000,0.00000000,0.00000000,0.00000000,0.00000000,0.00000000,0.00000000,0.00000000,0.00000000,0.00000000,0.00000000,0.00000000,0.00000000,0.00000000,0.01033744,0.00000000,0.00204625,0.00000000,0.00000000,0.00000000,0.00000000,0.45948648,0.00000000,0.26710447,0.00000000,0.00142883,0.00000000,0.00000000,0.00000000,0.00000000,0.00000000,0.01198749,0.00000000,0.21872034,0.00000000,0.00000000,0.00000000,0.03895519,0.00000000,0.00000000,0.00000000,0.00469984,0.00000000,0.00000000,0.00000000,0.00000000,0.00000000,0.00000000,0.00000000,0.00000000,0.00000000,0.00000000,0.00000000,0.00000000,0.00000000,0.00000000,0.00000000,0.00000000,0.00000000,0.00000000,0.00000000,0.00000000,0.00000000,0.00000000,0.00000000,0.01107464,0.00000000,0.00000000,0.01114246,0.00000000,0.00000000,0.00000000,0.00000000,0.00000000,0.00000000,0.00000000,0.00000000,0.00000000,0.00000000,0.00000000,0.00000000,0.00000000,0.00000000,0.00000000,0.00000000,0.00168098,0.00000000,0.00000000,0.00000000,0.00000000,0.00000000,0.05859469,0.00000000,0.00000000,0.00000000,0.00000000,0.00000000,0.00000000,0.00000000,0.00000000,0.00000000,0.00000000,0.00000000,0.09412750,0.00000000,0.00000000,0.00000000,0.00000000,0.00000000,0.00000000,0.00000000,0.00000000,0.00000000,0.00000000,0.00000000,0.00000000,0.00000000,0.00000000,0.00000000,0.00000000,0.00000000,0.00000000,0.00000000,0.08044344,0.00000000,0.00000000,0.00000000,0.00000000,0.02120162,0.00000000,1.31198720,0.00000000,0.00000000,0.00000000,0.00000000,0.00000000,0.00000000,0.00000000,0.00000000,0.00444487,0.00650304,0.00000000,0.00000000,0.00254353,0.00000000,0.01387104,0.00000000,0.00000000,0.00000000,0.00000000,0.00000000,0.00000000,0.00000000,0.00000000,0.00000000,0.00000000,0.00000000,0.00000000,0.00655189,0.00000000,0.00000000,0.00000000,0.00000000,0.00000000,0.00000000,0.00000000,0.00255066,0.00000000,0.00000000,0.00000000,0.00000000,0.00000000,0.00000000,0.00000000,0.51740693,0.00000000,0.00000000,0.00000000,0.00000000,0.00000000,0.00000000,0.00000000,0.00000000,0.00000000,0.00000000,0.00000000,0.00000000,0.00000000,0.00000000,0.00000000,0.00000000,0.00000000,0.00000000,0.00000000,0.00000000,0.00105465,0.00000000,0.00000000,0.00000000,0.00000000,0.00000000,0.00537821,0.05291170,0.74176092,0.00000000,0.00000000,0.00000000,0.00000000,0.00000000,0.00000000,0.00000000,0.00000000,0.00000000,0.00000000,0.00000000,0.00000000,0.00000000,0.00000000,0.00000000,0.00000000,0.00000000,0.00000000,0.00000000,0.00000000,0.00000000,0.00000000,0.00000000,0.00000000,0.00000000,0.00000000,0.00000000,0.00000000,0.00000000,0.00000000,0.00000000,0.00000000,0.00000000,0.00000000,0.00000000,0.03974229,0.00000000,0.00000000,0.00000000,0.00000000,0.00000000,0.00000000,0.00000000,0.00540857,0.00000000,0.00000000,0.00000000,0.00000000,0.00000000,0.00000000,0.00000000,0.00000000,0.00000000,0.00000000,0.00000000,0.00000000,0.00000000,0.00000000,0.00683938,0.00000000,0.00000000,0.04206857,0.00000000,0.00000000,0.00000000,0.00000000,0.00000000,0.00000000,0.00000000,0.00000000,0.00000000,0.00000000,0.00609926,0.00000000,0.00190888,0.00000000,0.00246293,0.00000000,0.02153483,0.00000000,0.00000000,0.00000000,0.00000000,0.00000000,0.00000000,0.00000000,0.01087117,0.00000000,0.00000000,0.00000000,0.00000000,0.00000000,0.00000000,0.00000000,0.06005570,0.00000000,0.00277183,0.00000000,0.00000000,0.03207816,0.01141320,0.00000000,0.00370942,0.00000000
0.01236637,0.00000000,0.00000000,0.00000000,0.00000000,0.00000000,0.00000000,0.00000000,0.00506266,0.00000000,0.00000000,0.00000000,0.00000000,0.00000000,0.00000000,0.00000000,0.00000000,0.00000000,0.00000000,0.00000000,0.02101455,0.00000000,0.00000000,0.00000000,0.00000000,0.00000000,0.00000000,0.00000000,0.00000000,0.00000000,0.00000000,0.00000000,0.00000000,0.00000000,0.00000000,0.00000000,0.00000000,0.00000000,0.00000000,0.00000000,0.00000000,0.00759536,0.00000000,0.00000000,0.00000000,0.00573597,0.00000000,0.00000000,0.00000000,0.00000000,0.00000000,0.00000000,0.00000000,0.00000000,0.00000000,0.00549624,0.00000000,0.00000000,0.00000000,0.00000000,0.00000000,0.00000000,0.00000000,0.00000000,0.00000000,0.12123473,0.00000000,0.00000000,0.00000000,0.00000000,0.00310872,0.00000000,0.00000000,0.00000000,0.00471194,0.00000000,0.00000000,0.00000000,0.00000000,0.00000000,0.02307728,0.00000000,0.00000000,0.00000000,0.00000000,0.00000000,0.00000000,0.00000000,0.00000000,0.00000000,0.00000000,0.00000000,0.00000000,1.26800129,0.00000000,0.00000000,0.00000000,0.00000000,0.00000000,0.00000000,0.00000000,0.00000000,0.00000000,0.00000000,0.00000000,0.00000000,0.00567845,0.00000000,0.00000000,0.03067008,0.00000000,0.06033168,0.00000000,0.00000000,0.00000000,0.00000000,0.00000000,0.02362638,0.00000000,0.00000000,0.00000000,0.02985195,0.00000000,0.00000000,0.00000000,0.00526209,0.00000000,0.00000000,0.02339688,0.00000000,0.00000000,0.00000000,0.00000000,0.07572076,0.00000000,0.00000000,0.00000000,0.00000000,0.05582683,0.00089135,0.00000000,0.00000000,0.00000000,1.35742285,0.00000000,0.00000000,0.00000000,0.00000000,0.00000000,0.00000000,0.01959124,0.00000000,0.00000000,0.00000000,0.00000000,0.09778011,0.16590420,0.98050485,0.00000000,0.00000000,0.00000000,0.00000000,0.00000000,0.00000000,0.00000000,0.00000000,0.00000000,0.00000000,0.00000000,0.00000000,0.00000000,0.00000000,0.04904146,0.00000000,0.00000000,0.00000000,0.00000000,0.00000000,0.00000000,0.00000000,0.01918891,0.00000000,0.00000000,0.00168474,0.00000000,0.00000000,0.00000000,0.00000000,0.00000000,0.00000000,0.00000000,0.00000000,0.00000000,0.00000000,0.00000000,0.00000000,0.01105852,0.00000000,0.00000000,0.00000000,0.00566284,0.00000000,0.00000000,0.00000000,0.00000000,0.00000000,0.00000000,0.05114878,0.00000000,0.00000000,0.00000000,0.00000000,0.00000000,0.00000000,0.00000000,0.00274179,0.00000000,0.00000000,0.00000000,0.00000000,0.00000000,0.00000000,0.00000000,0.00000000,0.00000000,0.00000000,0.00000000,0.00000000,0.00000000,0.00000000,0.00306531,0.00000000,0.00000000,0.00000000,0.00000000,0.00000000,0.00000000,0.00000000,0.00000000,0.00000000,0.00000000,0.00000000,0.00000000,0.00000000,0.00000000,0.00000000,0.00000000,0.00000000,0.00888174,0.00000000,0.00000000,0.00000000,0.00000000,0.00000000,0.00000000,0.00000000,0.00361609,0.00000000,0.00000000,0.00000000,0.00000000,0.00000000,0.00000000,0.04272098,0.00000000,0.00000000,0.00000000,0.00000000,0.00000000,0.00000000,0.00000000,0.00000000,0.00900370,0.00000000,0.00000000,0.00000000,0.01795458,0.00000000,0.00000000,0.00000000,0.00266271,0.00000000,0.00000000,0.01008251,0.00000000,0.00000000,0.00000000,0.00115188,0.00000000,0.00000000,1.77461235,0.00000000,0.00000000,0.00000000,0.00000000,0.00000000,0.00000000,0.00000000,0.00000000,0.00315242,0.00000000,0.00000000,0.00000000,0.00000000,0.00000000,0.00000000,0.00000000,0.00000000,0.00000000,0.00000000,0.00781356,0.00000000,0.00000000,0.00000000,0.00000000,0.00000000,0.00000000,0.00000000,0.00000000,0.00000000,0.00182014,0.00000000,0.00000000,0.00000000,0.00000000,0.00000000,0.02609737,0.00000000,0.00000000,0.00000000,0.00000000,0.00000000,0.00000000,0.00000000,2.00768514,0.00000000,0.00000000,0.00000000,0.00765276,0.00000000,0.00000000,0.00741392,0.00000000,0.00000000,0.00000000,0.00000000,0.00790409,0.00424927,0.00000000,0.02168565,0.00000000,0.00000000,0.00000000,0.00000000,0.00000000,0.00000000,0.00000000,0.00000000,0.00000000,0.00000000,0.00000000,0.00000000,0.00000000,0.00000000,0.00000000,0.00000000,0.00000000,0.00000000,0.00000000,0.00000000,0.00000000,0.00000000,0.00000000,0.00000000,0.00000000,0.00158290,0.00000000,0.00000000,0.00000000,0.00000000,0.00000000,0.00000000,0.00000000,0.00142123,0.00000000,0.00000000,0.00000000,0.00000000,0.00000000,0.00000000,0.00000000,0.00000000,0.00000000,0.00442426,0.00000000,0.00000000,0.00000000,0.00000000,0.00000000,0.00000000,0.00483143,0.00000000,0.00000000,0.00000000,0.00000000,0.00000000,0.00000000,0.00000000,0.00000000,0.00000000,0.00000000,0.00074070,0.00000000,0.00000000,0.00000000,0.00000000,0.00000000,0.00724311,0.00000000,0.00000000,0.00000000,0.05057465,0.00000000,0.00000000,0.00000000,0.00000000,0.00000000,0.00000000,0.00000000,0.00000000,0.00000000,0.00000000,0.00000000,0.00000000,0.00000000,0.00000000,0.00000000,0.00000000,0.00981466,0.09553469,0.00000000,0.00000000,0.00000000,0.00465071,0.00000000,0.00000000,0.00000000,0.00000000,0.00000000,0.00000000,0.00000000,0.00000000,0.00000000,0.00000000,0.02327476,0.00000000,0.00000000,0.00000000,0.00000000,0.05948195,0.00000000,0.00000000,0.00000000,0.00000000,0.20331987,0.00000000,0.00000000,0.00000000,0.00000000,0.02015750,0.00000000,0.00000000,0.00000000,0.00000000,0.00681476,0.00000000,0.01117166,0.00000000,0.00000000,0.00000000,0.00778847,0.00072799,0.00000000,0.00000000,0.00000000,0.00000000,0.00000000,0.00000000,0.00000000,0.00000000,0.00000000,1.97256247,0.00000000,0.00000000,0.00000000,0.00000000,0.00000000,0.00000000,0.00000000,0.00000000,0.00000000,0.00000000,0.00000000,0.00000000,0.00602523,0.00000000,0.00000000,0.00000000,0.00000000,0.02898132,0.00000000,0.00000000,0.00000000,0.00000000,0.00000000,0.16708288,0.00000000,0.00000000,0.00000000,0.00000000,0.00000000,0.00000000,0.00000000,0.00000000,0.05201594,0.00000000,0.00000000,0.00000000,0.00000000,0.00000000,0.00000000,0.00000000,0.00000000,0.00000000,0.00000000,0.00230635,0.00000000,0.00000000,0.00000000,0.00000000,0.00000000,0.00000000,0.00000000,0.00000000,0.00952814,0.00568561,0.00000000,0.00000000,0.00000000,0.00000000,0.00257855,0.14911498,0.00000000,0.00000000,0.00000000,0.00000000,0.00000000,0.00000000,0.00000000,0.00000000,0.00000000,0.00000000,0.00000000,0.00000000,0.00000000,0.00000000,0.00000000,0.00000000,0.00000000,0.00000000,0.00000000,0.00000000,0.00000000,0.00000000,0.00983158,0.00000000,0.00000000,0.00000000,0.00000000,0.06619430,0.70583364,0.00000000,0.00000000,0.00000000,0.00000000,0.00000000,0.00000000,0.01001429,0.00000000,0.00417496,0.00000000,0.00000000,0.00000000,0.00000000,0.00000000,0.00000000,0.00000000,0.00000000,0.00000000,0.00000000,0.01456356,0.00000000,0.00000000,0.00000000,0.00000000,0.00000000,0.00000000,0.00000000,0.00000000,0.00000000,0.00000000,0.00000000,0.00000000,0.00000000,0.00000000,0.00000000,0.00000000,0.00000000,0.11019632,0.03696017,0.00000000,0.00000000,0.71748177,1.36006010,0.00000000,0.00731509,0.00000000,0.00000000,0.00000000,0.00000000,0.00000000,0.00479999,0.00000000,0.31862744,0.00000000,0.00000000,0.00000000,0.00000000,0.00288568,0.00000000,0.00000000,0.00000000,0.00345519,0.00000000,0.00000000,0.00000000,0.00000000,0.00000000,0.00000000,0.00000000,0.00000000,0.00000000,0.00000000,0.00000000,0.00000000,0.00000000,0.00000000,0.00000000,0.00000000,0.00000000,0.00000000,0.02745212,0.00000000,0.00000000,0.00000000,0.00000000,0.00000000,0.00000000,0.00000000,0.23533432,0.00000000,0.00000000,0.00000000,0.00000000,0.00000000,0.00671079,0.00000000,0.00000000,0.00000000,0.00000000,0.00000000,0.00000000,0.00000000,0.00000000,0.00105940,0.00000000,0.00000000,0.00000000,0.00000000,0.00000000,0.00000000,0.00000000,0.00000000,0.00000000,0.00000000,0.00000000,0.00000000,0.00365287,0.00000000,0.00000000,0.00000000,0.00000000,0.00000000,0.00000000,0.00000000,0.00000000,0.00000000,0.00195539,0.00000000,0.00000000,0.00000000,0.00000000,0.00000000,0.00000000,0.00000000,0.00000000,0.00000000,0.00000000,0.00000000,0.00000000,0.00000000,0.00000000,0.00000000,0.00557872,0.00000000,0.01741032,0.00000000,0.00000000,0.00000000,0.00000000,0.01622032,0.00000000,0.00000000,0.00000000,0.00000000,0.00000000,0.00000000,0.00000000,0.00000000,0.00000000,0.00000000,0.00000000,0.00000000,0.00000000,0.00000000,0.00880590,0.00000000,0.00000000,0.00000000,0.01923284,0.00000000,0.00000000,0.00000000,0.00000000,0.00000000,0.00000000,0.00000000,0.00000000,0.00000000,0.00728726,0.00000000,0.00000000,0.00000000,0.00000000,0.00000000,0.00000000,0.00000000,0.00000000,0.00000000,0.00000000,0.00000000,0.00000000,0.04183772,0.00000000,0.00000000,0.00000000,0.00000000,0.00000000,0.00630272,0.00000000,0.00000000,0.00533068,0.00580257,0.00000000,0.00000000,0.00000000,0.00000000,0.00000000,0.00000000,0.00000000,0.00000000,0.00000000,0.00000000,0.00000000,0.00000000,0.21833346,0.00000000,0.00000000,0.00000000,0.00093826
0.00000000,0.00000000,0.00000000,0.00000000,0.12427503,0.00000000,0.00000000,0.00000000,0.00174952,0.00000000,0.00000000,0.00000000,0.00000000,0.00000000,0.00000000,0.00771406,0.00000000,0.00000000,0.00000000,0.00000000,0.00000000,0.00000000,0.00000000,0.00000000,0.00000000,0.00000000,0.00428194,0.00672145,0.01108461,0.00000000,0.00000000,0.00000000,0.00000000,0.00000000,0.00000000,0.00000000,0.00000000,0.00000000,0.00000000,0.00000000,0.00000000,0.00000000,0.00000000,0.00000000,0.00403952,0.00000000,0.00000000,0.00000000,0.00000000,0.00000000,0.19009098,0.00000000,0.00000000,0.00000000,0.00000000,0.00000000,0.00000000,0.00000000,0.00000000,0.00000000,0.00000000,0.00000000,0.00000000,0.00000000,0.00000000,0.00000000,0.00000000,0.00000000,0.00000000,0.00000000,0.00000000,0.00000000,0.00000000,0.00000000,0.00000000,0.00000000,0.00000000,0.00000000,0.00000000,0.00000000,0.03911368,0.00000000,0.01689778,0.00000000,0.00000000,0.00000000,0.00000000,0.00000000,0.00000000,0.09414233,0.00000000,0.00000000,0.00000000,0.00000000,0.00000000,0.00000000,0.00000000,0.00000000,0.00000000,0.00000000,0.00000000,0.00000000,0.00241971,0.04408574,0.00000000,0.00000000,0.00285390,0.00000000,0.00000000,0.00000000,0.00000000,0.00000000,1.14698902,0.00321828,0.00000000,0.00000000,0.00000000,0.00000000,0.00115472,0.00000000,0.00000000,0.00000000,0.00000000,0.00000000,0.00000000,0.00000000,0.00000000,0.00000000,0.00000000,0.00000000,0.00000000,0.00000000,0.00000000,0.00000000,0.00000000,0.00000000,0.00000000,0.00000000,0.00000000,0.00000000,0.00000000,0.00000000,0.00000000,0.00683724,0.00000000,0.00000000,0.00000000,0.00057583,0.00000000,0.00000000,0.00000000,0.00000000,0.00000000,0.00000000,0.00000000,0.00000000,0.00000000,0.00000000,0.00000000,0.00000000,0.00424009,0.00000000,0.04068185,0.02360706,0.02980541,0.00000000,0.00000000,0.00000000,0.00498069,0.00000000,0.00000000,0.00000000,0.00000000,0.00000000,0.00000000,0.00169314,0.00000000,0.03214712,0.00000000,0.00000000,0.00000000,0.00000000,0.00000000,0.00000000,0.00000000,0.00000000,0.00000000,0.00000000,0.01544156,0.00000000,0.00000000,0.00000000,0.00000000,0.00000000,0.00216720,0.00000000,0.00000000,0.00000000,0.00000000,0.00000000,0.00000000,0.00000000,0.00000000,0.00000000,0.00000000,2.34175298,0.00000000,0.00000000,0.01745638,0.00000000,0.00000000,0.00000000,0.00000000,0.00000000,0.00000000,0.00000000,0.00000000,0.00000000,0.00000000,0.00320382,0.01937899,0.00000000,0.00000000,0.00000000,0.00000000,0.00000000,0.00000000,0.00000000,0.00000000,0.00000000,0.00000000,0.00000000,0.00000000,0.00000000,0.02322287,0.00000000,0.00000000,0.00000000,0.00000000,0.00287503,0.00000000,0.00000000,0.00000000,0.00000000,0.00000000,0.00000000,0.00000000,0.00309103,0.00000000,0.00000000,0.00000000,0.00000000,0.00000000,0.00000000,0.00000000,0.00000000,0.00000000,0.00000000,0.00000000,0.00147886,0.00000000,0.00000000,0.00000000,0.00000000,0.00000000,0.00000000,0.00000000,0.00000000,0.00000000,0.00000000,0.00000000,0.00000000,0.00000000,0.00000000,0.00000000,0.00000000,0.00000000,0.00000000,0.00000000,0.00090977,0.01709376,0.00000000,0.00000000,0.00000000,0.00000000,0.00000000,0.00000000,0.00000000,0.00000000,0.00000000,0.00000000,0.00000000,0.00000000,0.00000000,0.00000000,0.00914703,0.00000000,0.00000000,0.00000000,0.00330406,0.00000000,0.00000000,0.03691673,0.00000000,0.00000000,0.00000000,0.00000000,0.00000000,0.00000000,0.00000000,0.00000000,0.00000000,0.00000000,0.00000000,0.00000000,0.00000000,0.00000000,0.00529768,0.00000000,0.00000000,0.00000000,0.00000000,0.00000000,0.00000000,0.00000000,0.00000000,0.00000000,0.00000000,0.00000000,0.00000000,0.00000000,0.00000000,0.00000000,0.00000000,0.00000000,0.00000000,0.00000000,0.00000000,0.00000000,0.00000000,0.00000000,0.04520483,0.00000000,0.00000000,0.00000000,0.00000000,0.00000000,0.00000000,0.01023270,0.00506016,0.00000000,0.00000000,0.00000000,0.00000000,0.00000000,0.00000000,0.00000000,0.00000000,0.00000000,0.00000000,0.00000000,0.00000000,0.00000000,0.00000000,0.00777262,0.00000000,0.00466279,0.00000000,0.00000000,0.00000000,0.00000000,0.00000000,0.00213736,0.00000000,0.00000000,0.00000000,0.00000000,0.00000000,0.00000000,0.00000000,0.00000000,0.00000000,0.00000000,0.00000000,0.00000000,0.00000000,0.03851886,0.00000000,0.00000000,0.05098117,0.00000000,0.00000000,0.00000000,0.00000000,0.00000000,0.00000000,0.00000000,0.00760991,0.00000000,0.00000000,0.00000000,0.00000000,0.00000000,0.00000000,0.00000000,0.00000000,0.00000000,0.00000000,0.00000000,0.00000000,0.00000000,0.00000000,0.00261036,0.00000000,0.04324196,0.00000000,0.00000000,1.26733192,0.00000000,0.00000000,0.00000000,0.00000000,0.00000000,0.00000000,0.00000000,0.00000000,0.00000000,0.00000000,0.00000000,0.00000000,0.00000000,0.00000000,0.00000000,0.01089635,0.00000000,0.00000000,0.00000000,0.00000000,0.00000000,0.00000000,0.00000000,0.00000000,0.00000000,0.00628933,0.00000000,0.00000000,0.00000000,0.00000000,0.00000000,0.00000000,0.00000000,0.00000000,0.00000000,0.00000000,0.00000000,0.00000000,0.00000000,0.00000000,0.00113874,0.00000000,0.00000000,0.00239341,2.80529804,0.00000000,0.00000000,0.00473174,0.00000000,0.00000000,0.00000000,0.05657146,0.00000000,0.00000000,0.01082970,0.00000000,0.00000000,0.00000000,0.00000000,0.00000000,0.00000000,0.43656007,0.00000000,0.00000000,0.00000000,0.00000000,0.00965949,0.00000000,0.00000000,0.00000000,0.00000000,0.00669455,0.00000000,0.00000000,0.00000000,0.00000000,0.00824864,0.00000000,0.00000000,0.00000000,0.00000000,0.00000000,0.00000000,0.01231255,0.00576997,0.00000000,0.00000000,0.00000000,0.00000000,0.00000000,0.00000000,0.00000000,0.00000000,0.00000000,0.00000000,0.00000000,0.00226264,0.00000000,0.00000000,0.00000000,0.00000000,0.00000000,0.00481417,0.00000000,0.00000000,0.00000000,0.00000000,0.00000000,0.00000000,0.00271904,0.00000000,0.00000000,0.00000000,0.01896981,0.00000000,0.00000000,0.00000000,0.00000000,0.00000000,0.00000000,0.00000000,0.00000000,0.00000000,0.00528407,0.00000000,0.00000000,0.00384254,0.00000000,0.00000000,0.00000000,0.00000000,0.00569903,0.00000000,0.00000000,0.00000000,0.00000000,0.00000000,0.01685773,0.00000000,0.00929339,0.00000000,0.00000000,0.00350392,0.00000000,0.00000000,0.00000000,0.00000000,0.00000000,0.00000000,0.00000000,0.00000000,0.00000000,0.00000000,0.00000000,0.00000000,0.00983158,0.00000000,0.00000000,0.00000000,0.00000000,0.02110453,0.00000000,0.00000000,0.00000000,0.00000000,0.00000000,0.00000000,0.00000000,0.00000000,0.00000000,0.00000000,0.00000000,0.00000000,0.00000000,0.00000000,0.00000000,0.00000000,0.00000000,0.00000000,0.00000000,0.00000000,0.00440260,0.00000000,0.00000000,0.00000000,0.00000000,0.00000000,0.00000000,0.01035079,0.00000000,0.00000000,0.00000000,0.00000000,0.00000000,0.00000000,0.00000000,0.00270734,0.00000000,0.00000000,0.00000000,0.00000000,0.00000000,0.00000000,0.00000000,0.00000000,0.00000000,0.00000000,0.00000000,0.00000000,0.00000000,0.00000000,0.00000000,0.00083156,0.00491833,0.00524912,0.00000000,0.00000000,0.00000000,0.00000000,0.00000000,0.00000000,0.00989262,0.00000000,0.04029212,0.00000000,0.04332297,0.00000000,0.00000000,0.00000000,0.00961866,0.00402630,0.00000000,0.00800057,0.00000000,0.00000000,0.01191180,0.00000000,0.00000000,0.00000000,0.00000000,0.00000000,0.00000000,0.00000000,0.00000000,0.00000000,0.00000000,0.00000000,0.00000000,0.00000000,0.00000000,0.00000000,0.00000000,0.00000000,0.00000000,0.00000000,0.00000000,0.00000000,0.00000000,0.00000000,0.00000000,0.00000000,0.00000000,0.62068678,0.00000000,0.01100787,0.00000000,0.03429654,0.00000000,0.00000000,0.00000000,0.00000000,0.00000000,0.00000000,0.00000000,0.00000000,0.00065535,0.00000000,0.00000000,0.00000000,0.00000000,0.00000000,0.00000000,0.00000000,0.00000000,0.00000000,0.00000000,0.00000000,0.00000000,0.00000000,0.00000000,0.00000000,0.00000000,0.00000000,0.00000000,0.00000000,0.00000000,0.00000000,0.00000000,0.00000000,0.00000000,0.00000000,0.00000000,0.00000000,0.00000000,0.01405694,0.00000000,0.00000000,0.00000000,0.00000000,0.01518041,0.00000000,0.00108710,0.00000000,0.00000000,0.00000000,0.00000000,0.00000000,0.00084705,0.15234270,0.00000000,0.00000000,0.00000000,0.00000000,0.00000000,0.00000000,0.00000000,0.00000000,0.00000000,0.00000000,0.00505771,0.00000000,0.00000000,0.07960586,0.00000000,0.00000000,0.00000000,0.00000000,0.00000000,0.00000000,0.00000000,0.00000000,0.18485375,0.00000000,0.00000000,0.00000000,0.00000000,0.00000000,0.01491553,0.00000000,0.00000000,0.00000000,0.00000000,0.00000000,0.00148379,0.00000000,0.00000000,0.00186298,0.00000000,0.00000000,0.00000000,0.00000000,0.00000000,0.00000000,1.87304006,0.01621044,0.00000000,0.00000000,0.01850830,0.00000000,0.00000000,0.00000000,0.00000000,0.00000000,0.02331110,0.00000000,0.03064042,0.00000000,0.00000000,0.01716986,0.00000000,0.00000000,0.00000000
0.00000000,0.00000000,0.00000000,0.00000000,0.00000000,0.00000000,0.00000000,0.00000000,0.00000000,0.00000000,0.00000000,0.00000000,0.12211931,0.07326005,0.00000000,0.00000000,0.00000000,0.00000000,0.00000000,0.00000000,0.00000000,0.00000000,0.00000000,0.00000000,0.00000000,0.00000000,0.00000000,0.00000000,0.01131310,0.00000000,0.00000000,0.00000000,0.00000000,0.00000000,0.00000000,0.00000000,0.00000000,0.00000000,0.00000000,0.00000000,0.00000000,0.00000000,0.00000000,0.00000000,0.00363107,0.00000000,0.00000000,0.00000000,0.00000000,0.00000000,0.00000000,0.00000000,0.00000000,0.00000000,0.00000000,0.10596628,0.00610935,0.00000000,0.00000000,0.00000000,0.00000000,0.00000000,0.00000000,0.00000000,0.00000000,0.00000000,0.04620638,0.01878855,0.00000000,0.00000000,0.00000000,0.00000000,0.00000000,0.00000000,0.01490996,0.09705820,0.00226571,0.00000000,0.00000000,0.00000000,0.00000000,0.00000000,0.00000000,0.00000000,0.00000000,0.32222805,0.00000000,0.00000000,0.00000000,0.00000000,0.00000000,0.00000000,0.00589901,0.00000000,0.00000000,0.00000000,0.00000000,0.00000000,0.00000000,0.00000000,0.00000000,0.00000000,0.01718256,0.00000000,0.00000000,0.01005541,0.00000000,0.14568595,0.00000000,0.01122847,0.00000000,0.00000000,0.00000000,0.00000000,0.00000000,0.02543239,0.00000000,0.00000000,0.00000000,0.00000000,0.00000000,0.00000000,0.00000000,0.00000000,0.00000000,0.00000000,0.00000000,0.00000000,0.00000000,0.00000000,0.00000000,0.00000000,0.00000000,0.00000000,0.00000000,0.00000000,0.00000000,0.00000000,1.64016751,0.00000000,0.00000000,0.00000000,0.00000000,0.00000000,0.17330470,0.00000000,0.00000000,0.00000000,0.00000000,0.00000000,0.00000000,0.00267079,0.00000000,0.00423081,0.00000000,0.00000000,0.00000000,0.00295314,0.00000000,0.00000000,0.00553365,0.00000000,0.00000000,0.00000000,0.00000000,0.00431387,0.00000000,0.00000000,0.00000000,0.00000000,0.00000000,0.00000000,0.00000000,0.00000000,0.00000000,0.00000000,0.00000000,0.00000000,0.00000000,0.00000000,0.00418346,0.00000000,0.00000000,0.00069405,0.00000000,0.00000000,0.00000000,0.00592177,0.00000000,0.00000000,0.00000000,0.00000000,0.00000000,0.00000000,0.00932065,0.00000000,0.00000000,0.00189875,0.01193925,0.00000000,0.00000000,0.00000000,0.00000000,0.06966347,0.00000000,0.00000000,0.00000000,0.00000000,0.00077307,0.00000000,0.00000000,0.00000000,0.00000000,0.00000000,0.00000000,0.00000000,0.00667595,0.00000000,0.00000000,0.00159511,0.00000000,0.00000000,0.00000000,0.00000000,0.00000000,0.00000000,0.00000000,0.00000000,0.00000000,0.00000000,0.00551653,0.00000000,0.00000000,0.00000000,0.00000000,0.00000000,0.00000000,0.00000000,0.00000000,0.00000000,0.00000000,0.00000000,0.00000000,0.00000000,0.00130055,0.00000000,0.00000000,0.00000000,0.00000000,0.00000000,0.00000000,0.00000000,0.09928631,0.00000000,0.01530154,0.00000000,0.00000000,0.00000000,0.00000000,0.00000000,0.00000000,0.00000000,0.05336750,0.00000000,0.00000000,0.00000000,0.00000000,0.00000000,0.00000000,0.00000000,0.00000000,0.00000000,0.00123329,0.00000000,0.00000000,0.00000000,0.00000000,0.00000000,0.02809458,0.00000000,0.00000000,0.00000000,0.00000000,0.00000000,0.00000000,0.00000000,0.00447812,0.06881984,0.00175220,0.00000000,0.00000000,0.00000000,0.00000000,0.00000000,0.00000000,0.00000000,0.00000000,0.00158665,0.00000000,0.00000000,0.00000000,0.00000000,0.00000000,0.00000000,0.00000000,0.00000000,0.00000000,0.00000000,0.00000000,0.00000000,0.00000000,0.00000000,0.00000000,0.00000000,0.00000000,0.00161939,0.00000000,0.00000000,0.00000000,0.00000000,0.00305447,0.00000000,0.00000000,0.00000000,0.00000000,0.00000000,0.00000000,0.00000000,0.00000000,0.00000000,0.00000000,0.02555518,0.00000000,0.00000000,0.11168090,0.00000000,0.00000000,0.00000000,0.00000000,0.00000000,0.00000000,0.00000000,0.00000000,0.12942264,0.00000000,0.00000000,0.00000000,0.00000000,0.00000000,0.00288064,0.02154474,0.00000000,0.00412669,0.00000000,0.00000000,0.00000000,0.00128912,0.00000000,0.00864483,0.00000000,0.00000000,0.00000000,1.35634658,0.00000000,0.00000000,0.00000000,0.00000000,0.00000000,0.00000000,0.00000000,0.00000000,0.01380053,0.00000000,0.00000000,0.00000000,0.00000000,0.00000000,0.00000000,0.00000000,0.00000000,0.00000000,0.00000000,0.00000000,0.00000000,0.00653750,0.00000000,0.01190625,0.00000000,0.00000000,0.01095878,0.00281306,0.00000000,0.00000000,0.00000000,0.00000000,0.00302272,0.00000000,0.00000000,0.00000000,0.00000000,0.00134705,0.00868417,0.00000000,1.98009460,0.00000000,0.00000000,0.00000000,0.00000000,0.00000000,0.00000000,0.00000000,0.00000000,0.00000000,0.00000000,0.00000000,0.00000000,0.00530495,0.00000000,0.00000000,0.00176394,0.00117335,0.00000000,0.00000000,0.00000000,0.00000000,0.00000000,0.00000000,0.00000000,0.00000000,0.00000000,0.00000000,0.06406991,0.00000000,0.00000000,0.00000000,0.00000000,0.00000000,0.00000000,0.00000000,0.00000000,0.00000000,0.00000000,0.02043295,0.00000000,0.00000000,0.00000000,0.00000000,0.00000000,0.00000000,0.00000000,0.00000000,0.00000000,0.00000000,0.00079890,0.00000000,0.00000000,0.00000000,0.00000000,0.00000000,0.00000000,0.00000000,0.00000000,0.00000000,0.00000000,0.00000000,0.00000000,0.00000000,0.00000000,0.00000000,0.00000000,0.00000000,0.00000000,0.00000000,0.02013068,0.00000000,0.00000000,0.00000000,0.00000000,0.00000000,0.00000000,0.00000000,0.00425787,0.00000000,0.00000000,0.00000000,0.00000000,0.00422285,0.00000000,0.00000000,0.00653344,0.00000000,0.00000000,0.00000000,0.00000000,0.00000000,0.00000000,0.00000000,0.00000000,0.00000000,0.00000000,0.00000000,0.00000000,0.00000000,0.00000000,0.00000000,0.00901349,0.00094037,0.00000000,0.00000000,0.00000000,0.00000000,0.00000000,0.00000000,0.00000000,0.00000000,0.00000000,0.00000000,0.00000000,0.00000000,0.00000000,0.00000000,0.00000000,0.00000000,0.00000000,0.00000000,0.00000000,0.14550851,0.00000000,0.00222451,0.01198104,0.00000000,0.00000000,0.00000000,0.00000000,0.00000000,0.00000000,0.00000000,0.00000000,0.00000000,0.00000000,0.00000000,0.00000000,0.00096697,0.00000000,0.00000000,0.00000000,0.00000000,0.00000000,0.00000000,0.00000000,0.00000000,0.00000000,0.00000000,0.00000000,0.00000000,0.00000000,0.00000000,0.00876476,0.00000000,0.00000000,0.00000000,0.00000000,0.00000000,0.00000000,0.00000000,0.00000000,0.00000000,0.00000000,0.00000000,0.00000000,0.00000000,0.00000000,0.00000000,0.00000000,0.00000000,0.00000000,0.00000000,0.00000000,0.00000000,0.00000000,0.00000000,0.00000000,0.17273404,0.00000000,0.00000000,0.00000000,0.00000000,0.00000000,0.00000000,0.02346041,0.00000000,0.00000000,0.00000000,0.00000000,0.00000000,0.00000000,0.00000000,0.00000000,0.00000000,0.00000000,0.00000000,0.00000000,0.00000000,0.00000000,0.00000000,0.00000000,0.00000000,0.00000000,0.00000000,0.00000000,0.00000000,0.00246223,0.00000000,0.00000000,0.00000000,0.00000000,0.00125531,0.00000000,0.00000000,0.00000000,0.00000000,0.00000000,0.00000000,0.00000000,0.00000000,0.00000000,0.00000000,0.00000000,0.00000000,0.00000000,0.00000000,0.00000000,0.00000000,0.08469786,0.00000000,0.00000000,0.00000000,0.00000000,0.00000000,0.00000000,0.00000000,0.00669904,0.00000000,0.00000000,0.00000000,0.00000000,0.00000000,0.00000000,0.00000000,0.00000000,0.01867194,0.00000000,0.00000000,0.00000000,0.00000000,0.00000000,0.00000000,0.00000000,0.00000000,0.00000000,0.00000000,0.00000000,0.00000000,0.00000000,0.00000000,0.00000000,0.00000000,0.00000000,0.00000000,0.00000000,0.00000000,0.00000000,0.00000000,0.00000000,0.00000000,0.00000000,0.00854696,0.00162163,0.00083170,0.03367288,0.00000000,0.00000000,0.00000000,0.00000000,0.00000000,0.00000000,0.00000000,0.00000000,0.01066162,0.00000000,0.00000000,0.00000000,0.00000000,0.00000000,0.00000000,0.00442160,0.00000000,0.00000000,0.00000000,0.00000000,0.00000000,0.00000000,0.00000000,0.00000000,0.00000000,0.00000000,0.00000000,0.00000000,0.00000000,0.00000000,0.00000000,0.00000000,0.00929648,0.00000000,0.00000000,0.22827127,0.12589592,0.00000000,0.00000000,0.00000000,0.00000000,0.00233116,1.74285769,0.00000000,0.00000000,0.00000000,0.00000000,0.00000000,0.00000000,0.00000000,0.00856428,0.00000000,0.00000000,0.00151357,0.00000000,0.00000000,0.00000000,0.00000000,0.00000000,0.05873312,0.00000000,0.00000000,0.00000000,0.02525420,0.00000000,0.00000000,0.00000000,0.01578472,0.00000000,0.00000000,0.00000000,0.00000000,0.00000000,0.14857784,0.03826487,0.01418815,0.00686353,0.00000000,0.00000000,0.00000000,0.00000000,0.00000000,0.00000000,0.00000000,0.00000000,0.00000000,0.01416532,0.00000000,0.00000000,0.00000000,0.00000000,0.00000000,0.00000000,0.00000000,0.00000000,0.00000000,0.00000000,0.00000000,0.00000000,0.00000000,0.00000000,0.00000000,0.00000000,0.00000000,0.00000000,0.00000000,0.00000000,0.00000000,0.03391434,0.00000000,0.03274215,0.00000000,0.00000000,0.00000000,0.00000000,0.00000000,0.00000000,0.00000000,0.00000000,0.01086544
0.00000000,0.00000000,0.00000000,0.00000000,0.00000000,0.00000000,0.00000000,0.00000000,0.00000000,0.01486726,0.00000000,0.00000000,0.00000000,0.00000000,0.00000000,0.00000000,0.00000000,0.00000000,0.00000000,0.00000000,0.00761237,0.00000000,0.00593141,0.00000000,0.00314059,0.00000000,0.00000000,0.27132932,0.01387404,0.00328721,0.00000000,0.00000000,0.00000000,0.00000000,0.00270058,0.00000000,0.00000000,0.00000000,0.00306648,0.00000000,0.00000000,0.00000000,0.00000000,0.00000000,0.00000000,0.00000000,0.09102385,0.00000000,0.00000000,0.00000000,0.00000000,0.00000000,0.00000000,0.00000000,0.00000000,0.00000000,0.00000000,0.00000000,0.00000000,0.00152330,0.00000000,0.00000000,0.00000000,0.00000000,0.00000000,0.00000000,0.00000000,0.00000000,0.00000000,0.00000000,0.00000000,0.00000000,0.00000000,0.00000000,0.22471198,0.00000000,0.00000000,0.00000000,0.01954047,0.00000000,0.00000000,0.00000000,0.00000000,0.00000000,0.00289893,0.00000000,0.67068938,0.00000000,0.02473887,0.00000000,0.00000000,0.00000000,0.01920001,0.00000000,0.00000000,0.00901002,0.00141926,0.00000000,0.01310025,0.00792880,0.00000000,0.00000000,0.00000000,0.00000000,0.00000000,0.00000000,0.00000000,0.00000000,0.00000000,0.00000000,0.00000000,0.00000000,0.00000000,0.00000000,0.00000000,0.00000000,0.00000000,0.00115803,0.00000000,0.00679497,0.00000000,0.00000000,0.06258339,0.00000000,0.00000000,0.00000000,0.00000000,0.00000000,0.00534174,0.00000000,0.00000000,0.00000000,0.00000000,0.00000000,0.00000000,0.00000000,0.00000000,0.00000000,0.00000000,0.00000000,0.00174009,0.00062310,0.00000000,0.00000000,0.00000000,0.00000000,0.00000000,0.00000000,0.02594708,0.00000000,0.00000000,0.00000000,0.00241787,0.00000000,0.00000000,0.86407687,0.00000000,0.00000000,0.00000000,0.00000000,0.00000000,0.00000000,0.00000000,0.00000000,0.00000000,0.00000000,0.00301014,0.00000000,0.00000000,0.00000000,0.00000000,0.07251725,0.00000000,0.00511486,0.00302771,0.00000000,0.00000000,0.00000000,0.06490998,0.00000000,0.00000000,0.00235949,0.00000000,0.00000000,0.00000000,0.00000000,0.00000000,0.00000000,0.00000000,0.00000000,0.00000000,0.00000000,0.00000000,0.04923399,0.00000000,0.00000000,0.00000000,0.00000000,0.00000000,0.00000000,0.00000000,0.00000000,0.00000000,0.00000000,0.00000000,0.00000000,0.00000000,0.00819983,0.00000000,0.00000000,0.00000000,0.00000000,0.00000000,0.00000000,0.00000000,0.00000000,0.00000000,0.00000000,0.00142807,0.00000000,0.00000000,0.00000000,0.00000000,0.00379936,0.33499170,0.00000000,0.00000000,0.00000000,0.01235376,0.00000000,0.00000000,0.00000000,0.00000000,0.00000000,0.00000000,0.00000000,0.00453390,0.00000000,0.00000000,0.00000000,0.00000000,0.00000000,0.00000000,0.00000000,0.00000000,0.00000000,0.00000000,0.00000000,0.00000000,0.00000000,0.00000000,0.00000000,0.00000000,0.00000000,0.00000000,0.00000000,0.02105526,0.00583713,0.00000000,0.00000000,0.00000000,0.00000000,0.00000000,0.00000000,0.00000000,0.00403789,0.00000000,0.00000000,0.00000000,0.00000000,0.00000000,0.00000000,0.00651265,0.00000000,0.00000000,0.00000000,0.00000000,0.00000000,0.00000000,0.00000000,0.00000000,0.00000000,0.00000000,0.00000000,0.00000000,0.00000000,0.00000000,0.00000000,0.00000000,0.00231402,0.00000000,0.00000000,0.00000000,0.00000000,0.00000000,0.00000000,0.00000000,0.00000000,0.00000000,0.00000000,0.00000000,0.00000000,0.00000000,0.00000000,0.00000000,0.00000000,0.00000000,0.00334768,0.00571639,0.00000000,0.01758194,0.00000000,0.00431818,0.00117936,0.00000000,0.00000000,0.00000000,0.00000000,0.00000000,0.00000000,0.00000000,0.00000000,0.00000000,0.00000000,0.00000000,0.00000000,0.00000000,0.00000000,0.00347366,0.00000000,0.00000000,0.00000000,0.00000000,0.00000000,0.00000000,0.00000000,0.00000000,0.00000000,0.00360472,0.00000000,0.00000000,0.00000000,0.00000000,0.00000000,0.01552403,0.00000000,0.00000000,0.00000000,0.00000000,0.00000000,0.00000000,0.00000000,0.00000000,0.02498786,0.00000000,0.00000000,0.00000000,0.00000000,0.00000000,0.00000000,0.00000000,0.00000000,0.00000000,0.00000000,0.00000000,0.00000000,0.00000000,0.00000000,0.00000000,0.00000000,0.00000000,0.00000000,0.04300341,0.00000000,0.00000000,0.00000000,0.00000000,0.00000000,0.00000000,0.00000000,0.00000000,0.00000000,0.01451952,0.00000000,0.00000000,0.00000000,0.00000000,0.00000000,0.00000000,0.00000000,0.01246250,0.00000000,0.00000000,0.00000000,0.00000000,0.00000000,0.00656956,0.00000000,0.00000000,0.01377405,0.00000000,0.00000000,0.00000000,0.00000000,0.00000000,0.00000000,0.00000000,0.00000000,0.00000000,0.00000000,0.00000000,0.00000000,0.00000000,0.00882531,0.00000000,0.00000000,0.00000000,0.00000000,0.00000000,0.00000000,0.00000000,0.00000000,0.00000000,0.00000000,0.00856972,0.00000000,0.00000000,0.00000000,0.00000000,0.00000000,0.00000000,0.00000000,0.00000000,0.00000000,0.00000000,0.00000000,0.00000000,0.00230350,0.00000000,0.00000000,0.00000000,0.00000000,0.00334759,0.00209719,0.00000000,0.00000000,0.01684290,0.00000000,0.00000000,0.00000000,0.00000000,0.00000000,0.00828027,0.00000000,0.00000000,0.01416556,0.00000000,0.00000000,0.00000000,0.00000000,0.00000000,0.00000000,0.00000000,0.00000000,0.00000000,0.00000000,0.00000000,0.00000000,0.00000000,0.00000000,0.00000000,0.00000000,0.00000000,0.00000000,0.00000000,0.00000000,0.00000000,0.00000000,0.00000000,0.00000000,0.00000000,0.00000000,0.00000000,0.00000000,0.00000000,0.00000000,0.00000000,0.00000000,0.00000000,0.00000000,0.00000000,0.00000000,0.00000000,0.00000000,0.00000000,1.13721728,0.00000000,0.00000000,0.00000000,0.00000000,0.00000000,0.00000000,0.01374656,0.00000000,0.00248332,0.00000000,0.00000000,0.00000000,0.00000000,0.00000000,0.00000000,0.00000000,0.00000000,0.00000000,0.00000000,0.00000000,0.00000000,0.00414542,0.00000000,0.00000000,0.00000000,0.00000000,0.00000000,0.00639040,0.01461810,0.00000000,0.00751893,0.00000000,0.00073747,0.00000000,0.00000000,0.00000000,0.00000000,0.00000000,0.00000000,0.00000000,0.00000000,0.00000000,0.00000000,0.00000000,0.00000000,0.00000000,0.00000000,0.00000000,0.00000000,0.00000000,0.00000000,0.00000000,0.00000000,0.00000000,0.00000000,0.00000000,0.00000000,0.00000000,0.00000000,0.00000000,0.00000000,0.03923117,0.00087175,0.00562953,0.00000000,0.00000000,0.00000000,0.00000000,0.00000000,0.00000000,0.00000000,0.00000000,0.00000000,0.00000000,0.00000000,0.00000000,0.00000000,0.00000000,0.00000000,0.00000000,0.00000000,0.00685330,0.00000000,0.00187257,0.00000000,0.59936126,0.00000000,0.00000000,0.00000000,0.01299816,0.00000000,0.00000000,0.00000000,0.00000000,0.00000000,0.00000000,0.00000000,0.00000000,0.00000000,0.00000000,0.00000000,0.00000000,0.00000000,0.08094749,0.00000000,0.00000000,0.00000000,0.00000000,0.00000000,0.00000000,0.01049749,0.04973478,0.00000000,0.00000000,0.00000000,0.00000000,0.00000000,0.00000000,0.00000000,0.00895573,0.00000000,0.00000000,0.00000000,0.00000000,0.00000000,0.00000000,0.00000000,0.00000000,0.00000000,0.00000000,0.00000000,0.00000000,0.00000000,0.00000000,0.00000000,0.00000000,0.00000000,0.00000000,0.00000000,0.00000000,0.00000000,0.00000000,0.00000000,0.00000000,0.00000000,0.00736858,0.00000000,0.00000000,0.00000000,0.00000000,0.00000000,0.01392005,0.02992354,0.00000000,0.00000000,0.00000000,0.00611044,0.00000000,0.00000000,0.00000000,0.00000000,0.00000000,0.00000000,0.00000000,0.20140990,0.00000000,0.00000000,0.00000000,0.00000000,0.00000000,0.00000000,0.00000000,0.00000000,0.00000000,0.00000000,0.00000000,0.08631803,0.00000000,0.00000000,0.00000000,0.00103463,0.07386912,0.00000000,0.00000000,0.01127001,0.00738413,0.00000000,0.03162344,0.00287562,0.00000000,0.00000000,0.00000000,0.00000000,0.00000000,0.00000000,0.00857821,0.00259462,0.00000000,0.00000000,0.00000000,0.00000000,0.00000000,0.00307468,0.00000000,0.00000000,0.00000000,0.00000000,0.04003564,0.00000000,0.14610287,0.00000000,0.00000000,0.00000000,0.00000000,0.00000000,0.00000000,0.00000000,0.00000000,0.00000000,0.00000000,0.00000000,0.00000000,0.00000000,0.00000000,0.00000000,0.00000000,0.00000000,0.00000000,0.00000000,0.00000000,0.00000000,0.00000000,0.00000000,0.00000000,0.00000000,0.00000000,0.00000000,0.00000000,0.00000000,0.00000000,0.00000000,0.00073878,0.00000000,0.00000000,0.00000000,0.00000000,0.00000000,0.00000000,0.01096959,0.00000000,0.00000000,0.00000000,0.00000000,0.00000000,0.00000000,0.06073607,0.00000000,0.00000000,0.00000000,0.00000000,0.00000000,0.00000000,0.00000000,0.00000000,1.03668343,0.00000000,0.00000000,0.00000000,0.00000000,0.02837456,0.00000000,0.00000000,0.00000000,0.00000000,0.02210519,0.00000000,0.00000000,0.00000000,0.23649962,0.00000000,0.00000000,0.00000000,0.00000000,0.00000000,0.00000000,0.00000000,0.00000000,0.00000000,0.00066647,0.00000000,0.00000000,0.00000000,0.00000000,0.00000000,0.00000000,0.00000000,0.00000000,0.00000000,0.00000000,0.00000000,0.00000000,0.00000000,0.00000000,0.00000000
0.00000000,0.00000000,0.00000000,0.00000000,0.00000000,0.00000000,0.00300595,0.00000000,0.00000000,0.00000000,0.00000000,0.00000000,0.00000000,0.00000000,0.00000000,0.00000000,0.00000000,0.00000000,0.00000000,0.00000000,0.00000000,0.05740058,0.00000000,0.00000000,0.00000000,0.00000000,0.00000000,0.00000000,0.00000000,0.00000000,0.00000000,0.00000000,0.00000000,0.00000000,0.00000000,0.01053931,0.00000000,0.00000000,0.00000000,0.00000000,0.00000000,0.00000000,0.00000000,0.00000000,0.00000000,0.00000000,0.00558948,0.00000000,0.00000000,0.00000000,0.00000000,0.00000000,0.00000000,0.00000000,1.44168371,0.00991901,0.00000000,0.00656023,0.00000000,0.04132480,0.00000000,0.00000000,0.00000000,0.00000000,0.00000000,0.00000000,0.07165177,0.00100662,0.00000000,0.00445900,0.00000000,0.03903351,0.00000000,0.00000000,0.00000000,0.00000000,0.00000000,1.01587657,0.00000000,0.00000000,0.00113017,0.00000000,0.00000000,0.03404352,0.00000000,0.00000000,0.00000000,0.00853190,0.00000000,0.00000000,0.00000000,0.00000000,0.00000000,0.00000000,0.00000000,0.00000000,0.00000000,0.00000000,0.00000000,0.00222923,0.02912698,0.00000000,0.00000000,0.00000000,0.00000000,0.00000000,0.00000000,0.00000000,0.00000000,0.00000000,0.00000000,0.00000000,0.00000000,0.00000000,0.00000000,0.00000000,0.01162978,0.00000000,0.00000000,0.00000000,0.00000000,0.00000000,0.00000000,0.00000000,0.00848421,0.00000000,0.07466235,0.00000000,1.28641656,0.00000000,0.00000000,0.00000000,0.00000000,0.00000000,0.00000000,0.00000000,0.00000000,0.00000000,0.02142163,0.00000000,0.00000000,0.00000000,0.00092339,0.00000000,0.02902340,0.00000000,0.00000000,0.00000000,0.00000000,0.00000000,0.00000000,0.00595884,0.00000000,0.00000000,0.00000000,0.00000000,0.00000000,0.00000000,0.00000000,0.00000000,0.00000000,0.00000000,0.00000000,0.00000000,0.00153695,0.00000000,0.00000000,0.00000000,0.00000000,0.00000000,0.00225636,0.00000000,0.00000000,0.00000000,0.00000000,0.00000000,0.00000000,0.00000000,0.00000000,0.00000000,0.00000000,0.00000000,0.00000000,0.00000000,0.00000000,0.00000000,0.00000000,0.00000000,0.00000000,0.00000000,0.00000000,0.00000000,0.00000000,0.00447766,0.00296419,0.00000000,0.00000000,0.00000000,0.00000000,0.00926763,0.00676983,0.00545374,0.00000000,0.00000000,0.00000000,0.00000000,0.00000000,0.00000000,0.00123372,0.01116270,0.00000000,0.00000000,0.00000000,0.00000000,0.00000000,0.00000000,0.00000000,0.00000000,0.00000000,0.00000000,0.00000000,0.00000000,0.00000000,0.00000000,0.00000000,0.00000000,0.00000000,0.00000000,0.00297218,0.00000000,0.00000000,0.00000000,0.00000000,0.00000000,0.00000000,0.00000000,0.00000000,0.00000000,0.00000000,0.00000000,0.00000000,0.00000000,0.00000000,0.00000000,0.00000000,0.01056836,0.00000000,0.00000000,0.00000000,0.00000000,0.00000000,0.00000000,0.00000000,0.00125472,0.00000000,0.00000000,0.00000000,0.00077874,0.00000000,0.00000000,0.00000000,0.00000000,0.00000000,0.00000000,0.00000000,0.00000000,0.00000000,0.00000000,0.00000000,0.00000000,0.00000000,0.00000000,0.00000000,0.00000000,0.00000000,0.00000000,0.00000000,0.00000000,0.00000000,0.00000000,0.00000000,0.04671544,0.02048968,0.00000000,0.00000000,0.00000000,0.00000000,0.00000000,0.02026130,0.00000000,0.00000000,0.00000000,0.00000000,0.00000000,0.00000000,0.00000000,0.00000000,0.00000000,0.00000000,0.00000000,0.00000000,0.09428382,0.00000000,0.00000000,0.00000000,0.00000000,0.01059847,0.00000000,0.00000000,0.00000000,0.00000000,0.00000000,0.00000000,0.00000000,0.00000000,0.00000000,0.00000000,0.00000000,0.00000000,0.00000000,0.00000000,0.00000000,0.00000000,0.00000000,0.00000000,0.00000000,0.00000000,0.00000000,0.00000000,0.00000000,0.00000000,0.00402522,0.00000000,0.00000000,0.00000000,0.00000000,0.00000000,0.00000000,0.00000000,0.00000000,0.00000000,0.00000000,0.00000000,0.00000000,0.00174661,0.01510564,0.00000000,0.00000000,0.00000000,0.00000000,0.00000000,0.00000000,0.00000000,0.00000000,0.00000000,0.00000000,0.00000000,0.04605219,0.01228974,0.00000000,0.00000000,0.00000000,0.00000000,0.00000000,0.00098836,0.00000000,0.00000000,0.00075907,0.02764596,0.00000000,0.00194863,0.00000000,0.00000000,0.00000000,0.00000000,0.00728025,0.00000000,0.00000000,0.00000000,0.00000000,0.01019083,0.00000000,0.00000000,0.00863841,0.00000000,0.00000000,0.00000000,0.00000000,0.00000000,0.00981412,0.00000000,0.00000000,0.00000000,0.00000000,0.00000000,0.00143147,0.00389474,0.01009015,0.00000000,0.01515910,0.00000000,0.00000000,0.00000000,0.00000000,0.00000000,0.34965484,0.00000000,0.00000000,0.00000000,0.00000000,0.00000000,0.00000000,0.00000000,0.00000000,0.00000000,0.01657497,0.00000000,0.00000000,0.00000000,0.00000000,0.00000000,0.00000000,0.00000000,0.00000000,0.00000000,0.00000000,0.00000000,0.00000000,0.00000000,0.00000000,0.00000000,0.00782455,0.00000000,0.00000000,0.00493147,0.00000000,0.00000000,0.00000000,0.00000000,0.00000000,0.00000000,0.00000000,0.00000000,0.00000000,0.00408323,0.00000000,0.00629191,0.00000000,0.00000000,0.00000000,0.00000000,0.57935150,0.00000000,0.00000000,0.00279031,0.00000000,0.00000000,0.00000000,0.00000000,0.00000000,0.00000000,0.00000000,0.00000000,0.00000000,0.00000000,0.00000000,0.00000000,0.00077712,0.01950387,0.00782678,0.00000000,0.00000000,0.00462821,0.00000000,0.00000000,0.00110250,0.00000000,0.00000000,0.00000000,0.00000000,0.00000000,0.00000000,0.00000000,0.00000000,0.00000000,0.00000000,0.00000000,0.00000000,0.00000000,0.00000000,0.00000000,0.06899748,0.00000000,0.00000000,0.00000000,0.00000000,0.00000000,0.00000000,0.00000000,0.00000000,0.00000000,0.00000000,0.00000000,0.00000000,0.00000000,0.00000000,0.00000000,0.00000000,0.00000000,0.00000000,0.00000000,0.00277354,0.00000000,0.00000000,0.00000000,0.00000000,0.00000000,0.36527244,0.00000000,0.00000000,0.00000000,0.00000000,0.00000000,0.00000000,0.00000000,0.00000000,0.00000000,0.00000000,0.00000000,0.00000000,0.00000000,0.00746832,0.00000000,0.00428315,0.00000000,0.00000000,0.02771062,0.00000000,0.00483417,0.00000000,0.05655039,0.00000000,0.00000000,0.00000000,0.00000000,0.00000000,0.00000000,0.00000000,0.45404974,0.00000000,0.00000000,0.00000000,0.00072244,0.00000000,0.00000000,0.04223291,0.00000000,0.00000000,0.00000000,0.00000000,0.00000000,0.00000000,0.00000000,0.05243262,0.00000000,0.00000000,0.00000000,0.00000000,0.00000000,0.00000000,0.00000000,0.00000000,0.00168098,0.00000000,0.00000000,0.00000000,0.00685330,0.00000000,0.00000000,0.00000000,0.00000000,0.00000000,0.00000000,0.00000000,0.00000000,0.00000000,0.00000000,0.00413005,0.00000000,0.00000000,0.00000000,3.35381625,0.00000000,0.00000000,0.00000000,0.00000000,0.00000000,0.00000000,0.00000000,0.26428792,0.00000000,0.00000000,0.00000000,0.00000000,0.00000000,0.00000000,0.00000000,0.00000000,0.00000000,0.00000000,0.00000000,0.00000000,0.00000000,0.00000000,0.00170547,0.00000000,0.00000000,0.00000000,0.00000000,0.00000000,0.00000000,0.00000000,0.00000000,0.00000000,0.00120022,0.00000000,0.00000000,0.00000000,0.00000000,0.02388155,0.00000000,0.00000000,0.00000000,0.00000000,0.00000000,0.00000000,0.00000000,0.00000000,0.00532278,0.00000000,0.00000000,0.00000000,0.00000000,0.00000000,0.00000000,0.00000000,0.00000000,0.00000000,0.00000000,0.00000000,0.00000000,0.00000000,0.03680644,0.00000000,0.00000000,0.00000000,0.00000000,0.00000000,0.00000000,0.00000000,0.00000000,0.00000000,0.00113649,0.00000000,0.00000000,0.00000000,0.00000000,0.00000000,0.00000000,0.00000000,0.00000000,0.00000000,0.00000000,0.00000000,0.00000000,0.00345845,0.00000000,0.00000000,0.00000000,0.00964479,0.00000000,0.00000000,0.00000000,0.00000000,0.00000000,0.00000000,0.00000000,0.00000000,0.00000000,0.00000000,0.00000000,0.00000000,0.00000000,0.00000000,0.00000000,0.00000000,0.00000000,0.00000000,0.00000000,0.00000000,0.00000000,0.00000000,0.00000000,0.00000000,0.00000000,0.00000000,0.02845622,0.00000000,0.00000000,0.00000000,0.00000000,0.00272568,0.00000000,0.00000000,0.00262286,0.03989392,0.00000000,0.00000000,0.00000000,0.00000000,0.06187121,0.00818667,0.00000000,0.00000000,0.00000000,0.00000000,0.00000000,0.00000000,0.00486337,0.00549164,0.00000000,0.00000000,0.00000000,0.00000000,0.00000000,0.00000000,0.00000000,0.00000000,0.00000000,0.01140589,0.00000000,0.00000000,0.00000000,0.00000000,0.00000000,0.00000000,0.00000000,0.00000000,0.01399815,0.00000000,1.66994510,0.00000000,0.00000000,0.00000000,0.00000000,0.00000000,0.00000000,0.00000000,0.00000000,0.00000000,0.00000000,0.00000000,0.00000000,0.00000000,0.00000000,0.00000000,0.00000000,0.01483259,0.00000000,0.00000000,0.00000000,0.00000000,0.00000000,0.00000000,0.00356152,0.00000000,0.00000000,0.00000000,0.00000000,0.00000000,0.00000000,0.00000000,0.00343938,0.00000000,0.00000000,0.00000000,0.00000000,0.00000000,0.00000000,0.00000000,0.00000000,0.00000000,0.00629383,0.00000000,0.00000000,0.00000000,0.00000000,0.00000000,0.00000000,0.00000000
0.00000000,0.00000000,0.00000000,0.00000000,0.00000000,0.00000000,0.00000000,0.00000000,0.00000000,0.00000000,0.00000000,0.00000000,0.00000000,0.00000000,0.00000000,0.00594437,0.00000000,0.00000000,0.00000000,0.00000000,0.00000000,0.00380222,0.00000000,0.07047222,0.00000000,0.00000000,0.00000000,0.00000000,0.00000000,0.00000000,0.00000000,0.00000000,0.00000000,0.00000000,0.00947398,0.00000000,0.00000000,0.00000000,0.00000000,0.00000000,0.00407761,0.00000000,0.00000000,0.21250846,0.00000000,0.00000000,0.00000000,0.00000000,0.00000000,0.08945209,0.00000000,0.00000000,0.00000000,0.00000000,0.00000000,0.00000000,0.00000000,0.10491908,0.00000000,0.36626322,0.00000000,0.00350895,0.00000000,0.00000000,0.00092395,0.00000000,0.00000000,0.00000000,0.00000000,0.00897418,0.00000000,0.02873620,0.00000000,0.00000000,0.00000000,0.00000000,1.15277593,0.00000000,0.00000000,0.00000000,0.00000000,0.00000000,0.00000000,0.00202501,0.00000000,0.00000000,0.00000000,0.00000000,0.00000000,0.00000000,0.00000000,0.00074519,0.01031632,0.00313825,0.00000000,0.00000000,0.00347854,0.00000000,0.00000000,0.00000000,0.00481386,0.00000000,0.00000000,0.00000000,0.00000000,0.00000000,0.30705593,0.00000000,0.00000000,0.00000000,0.01691877,0.00000000,0.00000000,0.00000000,0.01310950,0.00000000,0.00000000,0.00000000,0.00000000,0.00000000,0.00000000,0.34300775,0.00000000,0.00000000,0.00000000,0.00000000,0.00000000,0.00000000,0.00329260,0.00000000,0.00000000,0.00000000,0.00000000,0.00000000,0.00000000,0.00000000,0.05711912,0.00000000,0.00000000,0.00000000,0.00000000,0.00000000,0.00000000,0.00000000,0.00000000,0.00000000,0.00000000,0.00000000,0.00000000,0.00000000,0.00000000,0.00000000,0.00000000,0.00000000,0.00000000,0.00000000,0.00000000,0.00000000,0.02175341,0.00000000,0.00000000,0.00000000,0.00000000,0.00000000,0.00000000,0.00000000,0.00000000,0.00000000,0.00000000,0.00000000,0.00000000,0.00000000,0.00000000,0.00000000,0.00717498,0.00000000,0.03197015,0.00000000,0.00000000,0.00000000,0.00000000,0.00863701,0.00153871,0.00000000,0.00000000,0.00000000,0.00000000,0.00000000,0.00000000,0.00000000,0.00000000,0.00000000,0.00000000,0.00000000,0.00000000,0.00000000,0.00000000,0.00000000,0.00000000,0.00000000,0.00000000,0.00000000,0.00000000,0.00000000,0.18069268,0.00000000,0.00000000,0.00000000,0.00000000,0.00000000,0.00000000,0.00000000,0.00000000,0.00000000,0.00000000,0.00000000,0.00000000,0.00000000,0.00000000,0.00000000,0.00000000,0.00000000,0.00000000,0.00000000,0.00000000,0.00000000,0.02613246,0.00000000,0.00000000,0.00000000,0.00000000,0.00000000,0.00000000,0.00000000,0.00000000,0.00000000,0.00000000,0.00171391,0.00000000,0.00000000,0.00000000,0.00000000,0.00000000,0.00000000,0.00000000,0.03081535,0.00000000,0.00000000,0.00000000,0.00000000,0.00000000,0.00000000,0.00000000,0.00000000,0.00000000,0.00000000,0.00000000,0.00706313,0.00572184,0.00091017,0.00000000,0.00000000,0.00000000,0.00000000,0.00000000,0.00000000,0.02952055,0.00000000,0.00000000,0.00000000,0.00000000,0.00000000,0.00000000,0.00000000,0.00000000,0.00000000,0.02606193,0.00000000,0.00000000,0.00000000,0.65522623,0.00000000,0.00000000,0.00000000,0.00000000,0.00000000,0.00000000,0.00000000,0.00000000,0.00000000,0.00000000,0.00000000,0.00000000,0.00000000,0.00000000,0.00000000,0.00000000,0.00000000,0.00000000,0.00000000,0.00000000,0.00000000,0.00000000,0.00000000,0.00000000,0.00000000,0.00644884,0.00000000,0.00000000,0.00000000,0.00000000,0.00000000,0.00000000,0.00000000,0.00000000,0.00000000,0.00000000,0.00000000,0.00000000,0.00000000,0.00000000,0.00000000,0.00000000,0.00000000,0.00000000,0.00000000,0.00000000,0.00000000,0.00000000,0.00000000,0.00000000,0.00000000,0.00000000,0.00000000,0.00000000,0.14972458,0.00000000,0.00000000,0.00000000,0.00000000,0.00000000,0.00000000,0.00525799,0.00000000,0.00000000,0.04057789,0.00000000,0.00000000,0.00000000,0.00000000,0.00000000,0.00000000,0.00766814,0.00000000,0.00000000,0.00000000,0.00000000,0.07026544,0.00000000,0.00000000,0.00000000,0.00000000,0.00000000,0.00000000,0.00517103,3.46315826,0.00000000,0.00000000,0.00000000,0.00212481,0.00000000,0.00000000,0.00229714,0.00000000,0.00000000,0.00000000,0.00000000,0.00000000,0.00000000,0.00000000,0.00000000,0.00000000,0.00000000,0.03908861,0.00000000,0.00000000,0.00000000,0.00000000,1.07558832,0.00000000,0.00000000,0.00127858,0.00000000,0.00000000,0.00000000,0.00000000,0.00000000,0.00000000,0.00149163,0.00000000,0.00000000,0.00000000,0.00000000,0.00000000,0.00000000,0.00000000,0.00000000,0.00000000,0.02341058,0.00000000,0.00000000,0.00000000,0.00000000,0.00000000,0.00239717,0.00000000,0.00000000,0.00000000,0.00563607,0.00000000,0.00000000,0.00000000,0.00000000,0.00000000,0.00000000,0.00000000,0.01074786,0.00000000,0.00000000,0.00000000,0.00000000,0.00000000,0.00000000,0.00000000,0.00000000,0.00000000,0.00000000,0.00000000,0.00000000,0.00000000,0.00000000,0.00000000,0.00000000,0.00000000,0.00000000,0.00000000,0.00000000,0.00000000,0.00000000,0.00000000,0.00000000,0.00990172,0.00000000,0.00000000,0.00000000,0.00000000,0.00000000,0.00000000,0.00000000,0.00000000,0.00000000,0.00106625,0.01016942,0.00000000,0.00000000,0.00000000,0.00317059,0.00000000,0.00000000,0.00000000,0.00000000,0.00000000,0.00000000,0.00890664,0.00000000,0.00000000,0.00000000,0.03424158,0.00000000,0.00000000,0.00000000,0.00000000,0.00000000,0.00000000,0.00000000,3.16212652,0.00000000,0.00000000,0.00000000,0.00000000,0.00411246,0.00000000,0.05606363,0.00000000,0.00000000,0.00000000,0.00000000,0.00000000,0.00000000,0.00000000,0.00000000,0.00000000,0.00985616,0.00000000,0.00000000,0.00000000,0.00000000,0.00000000,0.00000000,0.00000000,0.00000000,0.00719723,0.00000000,0.00000000,0.00000000,0.01293846,0.00000000,0.00000000,0.00000000,0.00000000,0.00000000,0.00000000,0.00000000,0.00000000,0.00000000,0.00000000,0.00000000,0.00000000,0.00144987,0.00000000,0.01103906,0.00000000,0.00000000,0.00000000,0.00000000,0.00000000,0.00000000,0.00000000,0.06542768,0.00000000,0.00000000,0.00000000,0.00000000,0.00000000,0.00000000,0.00000000,0.00000000,0.01267263,0.00000000,0.00000000,0.00000000,0.00000000,0.00000000,0.00000000,0.00140611,0.00000000,0.00000000,0.00000000,0.00000000,0.00000000,0.00000000,0.00000000,0.00000000,0.00000000,0.00000000,0.00000000,0.00000000,0.00000000,2.13783633,0.00000000,0.00374713,0.00000000,0.00000000,0.00000000,0.02110453,0.00000000,0.00000000,0.00000000,0.00000000,0.00000000,0.00000000,0.00000000,0.03953401,0.00000000,0.00000000,0.00000000,0.05757855,0.00000000,0.00000000,0.00000000,0.00000000,0.00000000,0.00000000,0.00000000,0.00000000,0.00000000,0.00000000,0.00918039,0.00000000,0.01231349,0.00526943,0.00000000,0.00000000,0.00000000,0.00000000,0.00000000,0.00000000,0.00000000,0.00000000,0.00000000,0.01102949,0.00000000,0.00000000,0.00768257,0.00000000,0.00000000,0.00000000,0.00000000,0.01850060,0.00000000,0.00000000,0.00000000,0.00000000,0.00000000,0.00000000,0.00000000,0.00000000,0.00000000,0.00000000,0.00000000,0.00000000,0.00000000,0.00000000,0.00000000,0.00000000,0.00000000,0.00000000,0.00000000,0.00185022,0.00000000,0.00000000,0.00000000,0.00000000,0.00525695,0.00000000,0.00000000,0.00000000,0.00000000,0.00000000,0.00000000,0.00000000,0.00000000,0.00000000,0.00000000,0.02239964,0.00130648,0.03833535,0.00000000,0.00000000,0.00000000,0.00000000,0.00000000,0.00258050,0.00000000,0.00000000,0.00000000,0.00092497,0.00000000,0.01238246,0.00000000,0.00000000,0.00000000,0.00000000,0.00426245,0.00000000,0.00000000,0.00000000,0.00000000,0.00000000,0.00000000,0.00000000,0.00000000,0.00000000,0.01392432,0.00000000,0.00000000,0.00000000,0.00000000,0.00000000,0.00000000,0.00000000,0.00000000,0.00000000,0.04316365,0.00623377,0.00000000,0.00000000,0.00000000,1.06690414,0.01789026,0.00000000,0.00000000,0.00000000,0.02681908,0.00000000,0.01203774,0.05826862,0.00000000,0.00000000,0.00000000,0.00283978,0.00000000,0.11383702,0.00318050,0.00000000,0.00000000,0.00000000,0.00000000,0.00000000,0.00000000,0.65992615,0.00000000,0.00000000,0.00000000,0.00163193,0.00000000,0.00000000,0.00000000,0.00000000,0.00000000,0.00000000,0.00000000,0.00575299,0.00185415,0.00000000,0.00000000,0.00000000,0.00000000,0.00000000,0.00000000,0.00000000,0.00000000,0.00000000,0.00000000,0.00000000,0.00000000,0.00000000,0.00000000,0.00000000,0.00000000,0.00000000,0.00000000,0.00000000,0.00000000,0.00000000,0.00000000,0.00000000,0.00000000,0.00000000,0.00000000,0.00000000,0.00000000,0.00000000,0.00000000,0.00000000,0.00000000,0.00000000,0.00000000,0.00000000,0.00000000,0.00000000,0.00000000,0.00000000,0.00000000,0.00000000,0.00000000,1.77425646,0.00000000,0.00000000,0.00000000,0.00000000,0.00000000,0.00000000,0.00000000,0.00000000,0.00000000,0.00422819,0.00000000,0.00000000,0.00000000,0.00000000,0.00000000,0.00000000,0.00000000,0.00000000,0.00000000,0.00000000,0.00000000,0.02276989,0.00000000
0.00000000,0.00000000,0.00000000,0.00000000,0.00000000,0.00000000,0.00853980,0.00000000,0.00000000,0.00394496,0.00000000,0.00000000,0.00000000,0.01845860,0.00000000,0.00931652,0.00000000,0.01841334,0.00000000,0.00000000,0.07843656,0.00000000,0.00174184,0.00000000,0.00000000,0.00000000,0.00000000,0.00000000,0.00000000,0.00000000,0.01161150,0.00000000,0.00000000,0.00000000,0.00000000,0.00000000,0.00000000,0.00000000,0.00000000,0.00000000,0.00000000,0.00000000,0.00000000,0.00000000,0.00000000,0.00348611,0.02478184,0.00000000,0.01553013,0.00000000,0.00000000,0.02421422,0.00000000,0.00134860,0.00000000,0.00000000,0.00000000,0.00632466,0.00000000,0.00000000,0.00000000,0.00000000,0.00000000,0.00000000,0.00000000,0.00000000,0.00000000,0.00000000,0.00000000,0.00575046,0.00000000,0.00000000,0.00000000,0.01550375,0.00000000,0.00000000,0.00000000,0.00000000,0.00000000,0.00000000,0.00000000,0.10566454,0.00000000,0.00000000,0.00000000,0.00000000,0.00000000,0.01494179,0.00000000,0.00000000,0.00000000,0.00000000,0.00000000,0.00000000,0.00000000,0.00000000,0.00000000,0.00000000,0.00000000,0.00000000,0.00000000,0.00000000,0.00000000,0.00000000,0.00000000,0.00000000,0.00000000,0.00000000,0.00000000,0.00000000,0.00000000,0.00000000,0.00000000,0.00000000,0.00000000,0.00000000,0.00000000,0.00000000,0.00000000,0.00646373,0.00000000,0.00000000,0.02229681,0.00000000,0.00000000,0.00000000,0.00000000,0.00000000,0.00000000,0.00000000,0.00000000,0.00000000,0.00000000,0.00000000,2.30023778,0.00549408,0.00000000,0.00000000,0.00000000,0.00000000,0.00000000,0.00414286,0.00225090,0.00000000,0.00000000,0.00000000,0.00000000,0.00000000,0.00000000,0.00000000,0.00000000,0.00000000,0.00000000,0.00000000,0.00000000,0.00000000,0.00000000,0.00000000,0.00000000,0.00000000,0.00000000,0.00000000,0.00000000,0.01243265,0.05792033,0.00000000,0.00000000,0.00000000,0.00000000,0.00000000,0.00000000,0.00000000,0.00000000,0.00000000,0.00000000,0.00000000,0.00119236,0.00000000,0.00000000,0.00000000,0.00000000,0.00000000,0.00000000,0.00000000,0.00000000,0.00000000,0.00000000,0.00000000,0.00000000,0.00000000,0.00000000,0.00000000,0.00000000,0.00000000,0.00000000,0.00000000,0.00000000,0.00000000,0.00000000,0.00000000,0.00000000,0.00000000,0.00000000,0.00000000,0.00000000,0.00000000,0.00000000,0.00000000,0.00000000,0.00291100,0.00000000,0.00000000,0.00000000,0.00000000,0.00000000,2.54405105,0.00000000,0.00000000,0.00000000,0.00000000,0.00000000,0.00000000,0.00000000,0.13137895,0.00000000,0.00000000,0.00000000,0.00000000,0.00000000,0.00000000,0.00000000,0.00000000,0.00000000,0.00000000,0.00000000,0.00000000,0.00000000,0.00000000,0.00000000,0.00818855,0.00592027,0.00000000,0.00000000,0.00000000,0.00000000,0.00000000,0.00000000,0.00000000,0.00000000,0.00000000,0.00000000,0.00000000,0.00000000,0.00101838,0.02506154,0.00148767,0.00000000,0.00959001,0.00000000,0.00566696,0.00000000,0.00299308,0.00000000,0.10202977,0.00989733,0.00832617,0.00000000,0.00000000,0.00000000,0.00000000,0.00000000,0.00000000,0.00000000,0.00000000,0.00000000,0.05461427,0.00000000,0.00000000,0.00000000,0.00000000,0.00000000,0.00000000,0.00000000,0.00000000,0.00000000,0.00342531,0.00000000,0.00000000,0.00000000,0.00000000,0.00000000,0.00000000,0.00000000,0.00000000,0.00000000,0.00000000,0.00000000,0.00000000,0.00000000,0.00000000,0.00423124,0.00000000,0.00000000,0.00000000,0.00000000,0.00000000,0.00000000,0.00000000,0.00000000,0.00000000,0.00000000,0.00000000,0.00097845,0.00000000,0.00000000,0.00000000,0.00000000,0.00000000,0.00000000,0.00000000,0.00000000,0.00000000,0.00000000,0.00000000,0.00000000,0.00000000,0.00000000,0.00000000,0.00000000,0.00000000,0.00352683,0.00000000,0.00000000,0.00000000,0.00000000,0.00141563,0.00000000,0.00000000,0.00337277,0.00000000,0.00000000,0.00000000,0.00000000,0.00000000,0.00179498,0.00000000,0.00000000,0.00000000,0.00000000,0.00000000,0.00000000,0.00000000,0.00000000,0.00000000,0.00000000,0.00000000,0.00000000,0.06860054,0.00000000,0.00000000,0.00000000,0.00000000,0.00810247,0.03602641,0.00000000,0.00000000,0.00000000,0.00000000,0.00000000,0.00000000,0.00000000,0.00000000,0.00000000,0.00000000,0.00000000,0.00000000,0.00000000,0.00000000,0.00000000,0.00000000,0.00000000,0.00000000,0.00320980,0.00000000,0.00000000,0.00000000,0.00000000,0.00000000,0.00000000,0.01961900,0.00000000,0.00000000,0.00000000,0.00000000,0.00000000,0.00000000,0.00000000,0.00000000,0.00000000,0.00000000,0.00000000,0.00000000,0.00000000,0.00000000,0.00000000,0.00000000,0.00000000,0.00179900,0.00000000,0.00000000,0.00000000,0.00000000,0.00000000,0.00000000,0.00000000,0.00000000,0.00000000,0.00000000,0.00000000,0.00000000,0.00000000,0.00000000,0.00000000,0.00000000,0.00000000,0.00000000,0.00000000,0.00000000,0.00000000,0.68673438,0.00000000,0.00865056,0.00000000,0.00000000,0.00000000,0.00000000,0.00000000,0.19840731,0.00000000,0.00000000,0.05135343,0.00000000,0.00412253,0.00000000,0.00000000,0.00000000,0.00000000,0.00000000,0.00000000,0.00000000,0.00000000,0.00000000,0.00000000,0.00000000,0.00000000,0.00000000,0.00000000,0.00000000,0.00000000,0.00270830,0.00000000,0.00000000,0.00000000,0.00000000,0.00000000,0.00000000,0.00733531,0.00000000,0.00000000,0.00000000,0.00000000,0.00000000,0.00000000,0.14329438,0.00000000,0.00000000,0.00000000,0.00000000,0.00171792,0.00000000,0.00000000,0.00000000,0.00000000,0.00000000,0.00000000,0.00000000,0.01390506,0.00884590,0.00000000,0.00000000,0.00000000,0.00000000,0.00000000,0.00000000,0.00000000,0.00000000,0.00000000,0.00000000,0.00000000,0.00000000,0.00000000,0.00000000,0.00000000,0.00000000,0.00000000,0.00000000,0.00000000,0.00000000,0.00000000,0.00000000,0.00730751,0.14923865,0.00000000,0.00000000,0.00000000,0.00000000,0.00558835,0.00000000,0.00391304,0.00000000,0.00460725,0.00000000,0.00000000,0.00000000,0.00000000,0.00000000,0.00000000,0.00000000,0.01014920,0.00670427,0.00000000,0.00000000,1.80151274,0.00000000,0.00000000,1.43544157,0.00000000,0.00000000,0.00000000,0.00000000,0.00000000,0.00000000,0.00000000,0.00000000,0.01188659,0.00000000,0.00000000,0.00000000,0.04041653,0.00000000,0.00000000,0.00341019,0.00000000,0.00000000,0.00000000,0.00000000,0.00000000,0.00000000,0.00000000,0.01018038,0.00000000,0.00000000,0.00395010,0.00000000,0.00000000,0.00000000,0.00000000,0.00000000,0.00000000,0.01742459,0.00000000,0.00000000,0.00000000,0.06619430,0.00000000,0.00000000,0.00187257,0.00000000,0.00000000,0.00000000,0.04748391,0.00000000,0.00146647,0.00068636,0.00000000,0.00000000,0.00000000,0.00000000,0.00000000,0.00000000,0.00000000,0.00000000,0.00000000,0.00137278,0.00000000,0.00000000,0.00000000,0.00000000,0.00000000,0.00000000,0.48658808,0.00000000,0.00963631,0.01119103,0.13596931,0.00000000,0.00000000,0.00000000,0.00000000,0.00000000,0.00000000,0.00000000,0.00000000,0.00000000,0.00000000,0.00893420,0.00000000,0.00000000,0.00000000,0.00000000,0.00000000,0.00000000,0.00000000,0.00371887,0.00000000,0.00322641,0.00000000,0.00000000,0.00000000,0.00000000,0.01498089,0.00000000,0.00000000,0.00000000,0.00000000,0.00000000,0.00000000,0.00000000,0.00000000,0.00000000,0.00000000,0.00000000,0.00000000,0.00000000,0.00000000,0.00000000,0.00000000,0.00371481,0.00000000,0.00319696,0.00000000,0.00000000,0.00000000,0.00000000,0.00000000,0.00000000,3.46002147,0.00802137,0.00000000,0.00000000,0.00000000,0.04968574,0.00000000,0.00000000,0.00000000,0.00000000,0.00000000,0.01686259,0.00000000,0.00000000,0.00000000,0.00000000,0.00000000,0.00902901,0.00362849,0.00000000,0.02708868,0.00000000,0.00000000,0.00000000,0.00000000,0.00000000,0.00000000,0.00000000,0.00000000,0.00000000,0.00000000,0.00000000,0.00000000,0.00000000,0.23845191,0.00000000,0.00000000,0.00000000,0.00000000,0.00000000,0.00000000,0.00000000,0.08004118,0.00000000,0.00000000,0.00000000,0.00000000,0.00000000,0.00000000,0.00000000,0.00559274,0.00000000,0.00000000,0.00000000,0.00000000,0.00000000,0.02557057,0.00000000,0.00000000,0.00000000,0.00000000,0.00000000,0.00000000,0.00000000,0.00000000,0.00000000,0.00000000,0.00000000,0.00000000,0.00000000,0.00000000,0.00000000,0.00000000,0.00000000,0.00000000,0.00000000,0.00000000,0.00000000,0.00000000,0.00000000,0.00000000,0.00000000,0.00000000,0.00000000,0.00000000,0.00000000,0.00000000,0.00000000,0.00000000,0.00000000,0.00000000,0.00000000,0.00000000,0.00000000,0.00000000,0.00000000,0.00000000,0.00455969,0.00000000,0.00571987,0.00000000,0.00000000,0.00000000,0.00000000,0.00000000,0.00000000,0.00000000,0.00000000,0.00000000,0.00000000,0.00000000,0.00000000,0.00000000,0.00000000,0.00000000,0.00000000,0.00000000,0.00000000,0.00000000,0.00000000,0.00000000,0.00000000,0.00000000,0.02997414,0.00559304,0.00000000,0.00000000,0.00000000,0.00000000,0.00000000,0.00000000,0.00000000,0.00000000,0.00000000,0.00000000,0.00000000,0.00000000,0.00000000,0.09195277,0.00000000,0.00000000,0.00171066,0.00000000,0.00000000
0.02344545,0.00000000,0.00000000,0.00000000,0.00000000,0.00000000,0.00000000,0.00810449,0.00000000,0.00000000,0.00000000,0.00000000,0.00000000,0.00603058,0.20505057,0.00000000,0.00158598,0.00000000,0.00000000,0.00000000,0.00000000,0.00000000,0.00000000,0.00000000,0.00000000,0.00000000,0.00000000,0.00000000,0.00000000,0.00000000,0.00000000,0.00000000,0.00000000,0.00000000,0.00000000,0.03911102,0.00000000,0.16013933,0.00000000,0.00000000,0.00000000,0.00000000,0.00000000,0.00000000,0.00000000,0.00000000,0.00000000,0.00000000,0.00000000,0.00000000,0.00000000,0.00000000,0.00000000,0.01933092,0.00000000,0.03447687,0.02184421,0.00000000,0.00000000,0.00000000,0.00000000,0.00000000,0.00000000,0.00000000,0.00000000,0.00000000,0.00000000,0.00000000,0.01164847,0.00000000,0.00000000,0.09127605,0.00000000,0.00000000,0.00000000,0.00000000,0.00000000,0.00000000,0.00000000,0.00000000,0.00000000,0.00000000,0.00000000,0.00000000,0.00000000,0.00114238,0.00000000,0.00403495,0.00000000,0.00000000,0.00000000,0.00000000,0.00000000,0.00000000,0.00000000,0.00000000,0.00000000,0.00424966,0.00000000,0.00000000,0.00000000,0.00953965,0.00000000,0.00000000,0.00290934,0.00000000,0.00000000,0.00198927,0.00000000,0.00000000,0.00000000,0.00000000,0.00000000,0.00000000,0.00000000,0.00000000,0.00000000,0.00000000,0.00000000,0.00000000,0.00000000,0.00000000,0.00000000,0.00000000,0.00000000,0.00000000,0.00853006,0.00000000,0.07944120,0.00000000,0.00151542,0.00000000,0.00000000,0.00000000,0.00411163,0.00000000,0.00000000,0.00383118,0.00000000,0.03631755,0.00000000,0.00000000,0.00000000,0.00000000,0.00000000,0.00000000,0.00000000,0.00000000,0.00000000,0.00000000,0.00000000,0.00000000,0.00000000,0.00000000,0.00000000,0.00000000,0.00000000,0.00000000,0.00191380,0.00000000,0.00000000,0.00000000,0.00000000,0.00000000,0.00000000,0.00000000,0.00000000,0.00000000,0.00000000,0.00000000,0.00000000,0.38314083,0.00000000,0.00000000,0.00000000,0.00000000,0.00000000,0.00000000,0.00000000,0.00000000,0.00000000,0.00000000,0.00000000,0.00000000,0.00000000,0.00000000,0.00000000,0.00000000,0.00000000,0.00000000,0.00000000,0.00000000,0.00000000,0.00000000,0.00000000,0.00000000,0.00000000,0.00000000,0.14255055,0.00000000,0.00000000,0.00000000,0.00000000,0.00000000,0.00000000,0.00000000,0.01111359,0.00000000,0.00000000,0.00000000,0.04313198,0.00000000,0.00000000,0.00000000,0.00000000,0.00000000,0.00373285,0.00000000,0.00198742,0.00000000,0.00000000,0.46533806,0.00000000,0.00000000,0.00000000,0.01571182,0.00000000,0.00000000,0.00000000,0.00000000,0.00000000,0.00000000,0.00000000,0.00000000,0.00000000,0.00000000,0.00000000,0.00000000,0.00000000,0.00000000,0.04105270,0.00000000,0.00000000,0.00000000,0.00000000,0.00000000,0.00000000,0.00219886,0.00000000,0.00000000,0.00000000,0.00314642,0.00000000,0.00000000,0.00000000,0.00000000,0.00000000,0.00000000,0.00000000,0.00521599,0.00000000,0.00357252,0.00000000,0.00000000,0.04266878,0.00000000,0.00000000,0.00000000,0.00000000,0.00000000,0.00000000,0.00000000,0.00000000,0.00000000,0.00000000,0.00000000,0.00000000,0.00000000,0.00000000,0.00000000,0.00000000,0.01902889,0.00000000,0.00000000,0.00000000,0.00000000,0.00000000,0.02215137,0.00177289,0.00000000,0.00080789,0.00000000,0.00000000,0.00000000,0.00000000,0.00000000,0.00000000,0.00000000,0.00000000,0.01074768,0.00000000,0.00000000,0.00000000,0.00000000,0.00000000,0.00000000,0.00000000,0.00000000,0.00000000,0.00000000,0.00000000,0.00000000,0.00000000,0.00000000,0.00000000,0.00000000,0.00000000,0.00000000,0.00000000,0.00000000,0.00000000,0.00000000,0.00000000,0.00000000,0.00000000,0.00000000,0.00000000,0.00000000,0.00000000,0.00000000,0.00000000,0.00000000,0.00209299,0.00000000,1.40312251,0.00000000,0.00000000,0.00000000,0.00000000,0.00000000,0.00000000,0.00000000,0.00000000,0.00293438,0.00000000,0.00000000,0.00000000,0.00084662,0.00000000,0.00000000,0.00000000,0.11284223,0.00000000,0.00000000,0.00000000,0.00000000,0.01318337,0.00000000,0.00000000,0.00000000,0.00000000,0.00000000,0.00143141,0.00000000,0.00000000,0.04697073,0.00000000,0.00485397,0.00000000,0.00000000,0.00000000,0.00000000,0.00000000,0.00000000,0.33332947,0.00000000,0.00000000,0.00000000,0.00000000,0.02025930,0.00206912,0.00000000,0.00000000,0.00000000,0.00000000,0.00000000,0.00000000,0.00000000,0.00000000,0.00000000,0.00000000,0.00000000,0.00000000,0.00000000,0.00000000,0.00000000,0.00000000,0.00000000,0.00000000,0.01081252,0.00000000,0.00000000,0.00000000,0.00000000,0.00000000,0.00000000,0.00000000,0.00000000,0.00000000,0.00000000,0.00000000,0.03776377,0.00000000,0.00000000,0.00000000,0.00942099,0.00114883,0.00000000,0.00000000,0.00000000,0.00000000,0.00000000,0.00000000,0.00000000,0.00000000,0.00000000,0.00000000,0.00000000,0.00000000,0.00000000,0.00000000,0.00000000,0.00000000,0.00000000,0.00000000,0.00000000,0.07556147,0.00000000,0.00000000,0.00000000,0.00000000,0.00000000,0.00000000,0.03386617,0.00000000,0.00138536,0.00000000,0.00000000,0.00000000,0.00206031,0.00000000,0.00000000,0.00067477,0.00000000,0.00000000,0.03471040,0.00000000,0.82234512,0.00000000,0.00000000,0.00000000,0.00000000,0.00000000,0.00000000,0.00000000,0.00000000,0.09701239,0.00000000,0.00128700,0.00000000,0.00597465,0.00000000,0.00000000,0.00000000,0.00449661,0.06142890,0.00000000,0.01126337,0.00000000,0.00000000,0.00000000,0.00000000,0.00000000,0.00000000,0.00417877,0.01089756,0.12593929,0.00000000,0.00000000,0.00000000,0.03617775,0.00000000,0.00000000,0.00000000,0.00000000,0.00000000,0.01409755,0.00000000,0.00000000,0.00000000,0.00000000,0.00000000,0.00000000,0.00000000,0.00000000,0.00000000,0.00000000,0.00000000,0.03133447,0.01223516,0.00000000,0.00000000,0.01633238,0.00000000,0.00000000,0.00000000,0.00000000,0.00000000,0.00000000,0.00589392,0.02425987,0.03309442,0.00000000,0.00000000,0.00000000,0.00000000,0.00000000,0.00000000,0.00000000,0.00000000,0.00000000,0.00000000,0.00000000,0.00000000,0.00000000,0.00000000,0.00000000,0.00000000,0.00000000,0.00000000,0.00000000,0.00000000,0.00000000,0.14798974,0.00000000,0.00000000,0.00000000,0.00000000,0.00000000,0.00000000,0.00000000,0.00000000,0.00000000,0.00000000,0.00000000,0.00000000,0.00000000,0.00000000,0.00000000,0.00000000,0.00000000,0.00000000,0.00000000,0.00000000,0.00000000,0.00000000,0.00000000,0.00000000,0.00000000,0.00000000,0.00000000,0.00000000,0.00000000,0.70583364,0.00000000,0.00000000,0.00000000,0.00000000,0.00000000,0.04748391,0.00000000,0.00000000,0.00608172,0.00000000,0.00000000,0.00000000,0.00000000,0.00000000,0.02935672,0.00000000,0.00000000,0.00000000,0.02684117,0.00000000,0.00000000,0.00000000,0.11439186,0.00000000,0.00000000,0.00000000,0.00000000,0.00000000,0.00000000,0.00000000,0.00000000,0.00000000,0.00000000,0.00000000,0.00000000,0.00000000,0.00000000,0.00000000,0.00000000,0.00000000,0.00000000,0.00000000,0.00000000,0.00000000,0.00000000,0.00759429,0.00000000,0.00000000,0.00000000,0.08084299,0.00000000,0.00000000,0.00000000,0.00000000,0.00000000,0.00000000,0.00000000,0.00000000,0.00000000,0.00000000,0.00000000,0.00177944,0.00000000,0.00000000,0.00000000,0.00000000,0.00095815,0.00000000,0.00000000,0.00134282,0.00000000,0.04242823,0.01258208,0.00000000,0.00000000,0.00669211,0.00000000,0.00000000,0.00000000,0.00114126,0.00000000,0.00000000,0.00000000,0.00000000,0.00000000,0.00000000,0.00000000,0.00542324,0.00000000,0.00000000,0.00000000,0.00000000,0.00000000,0.00000000,0.00000000,0.00000000,0.00000000,0.00000000,0.00000000,0.00000000,0.00000000,0.00000000,0.00000000,0.00000000,0.00000000,0.00000000,0.00000000,0.00000000,0.00000000,0.00000000,0.00000000,0.00399292,0.02714124,0.00000000,0.00000000,0.00000000,0.00000000,0.00000000,0.00000000,0.00000000,0.00000000,0.00000000,0.00000000,0.00000000,0.00000000,0.00000000,0.00000000,0.00000000,0.01166928,0.00000000,0.00000000,0.00000000,0.00000000,0.00000000,0.00000000,0.00343488,0.00000000,0.00000000,0.00000000,0.01874993,0.00000000,0.00000000,0.00000000,0.00000000,0.00000000,0.00000000,0.00000000,0.00000000,0.00000000,0.00000000,0.00000000,0.00000000,0.00000000,0.00000000,0.00270606,0.00000000,0.00000000,0.00000000,0.00000000,0.00000000,0.00000000,0.00000000,0.00000000,0.00000000,0.00000000,0.00000000,0.00000000,0.00000000,0.00000000,0.00000000,0.00000000,0.00000000,0.00000000,0.00000000,0.00000000,0.00000000,0.00000000,0.00000000,0.00000000,0.00000000,0.00000000,0.00000000,0.00000000,0.00000000,0.00000000,0.00000000,0.00000000,0.00000000,0.00000000,0.00107978,0.00000000,0.00000000,0.00328472,0.00000000,0.00000000,0.00000000,0.00000000,0.00000000,0.00000000,0.00000000,0.00000000,0.00000000,0.00000000,0.00000000,0.00000000,0.00000000,0.00000000,0.00000000,0.05506283,0.00000000,0.00000000,0.00000000,0.00000000,0.00000000,0.00835657,0.00000000,0.00000000,0.00000000,0.11424115,0.00000000,0.00193551,0.00000000,0.00000000,0.00942611,0.00000000,0.00000000
0.00000000,0.00000000,0.00000000,0.00000000,0.00000000,0.00000000,0.00795341,0.00000000,0.00000000,0.00000000,0.00000000,0.00000000,0.00450204,0.00000000,0.00000000,0.00000000,0.00000000,0.00000000,0.00000000,0.05580506,0.00000000,0.00125900,0.00000000,0.00000000,0.00000000,0.00000000,0.00000000,0.01508381,0.00000000,0.00000000,0.00000000,0.00000000,0.00000000,0.00000000,0.00231095,0.00000000,0.00000000,0.00000000,0.01045551,0.00000000,0.00000000,0.00000000,0.00000000,0.00000000,0.00000000,0.00000000,0.00000000,0.00000000,0.00000000,0.00000000,0.00000000,0.00000000,0.00000000,0.00000000,0.37207119,0.00000000,0.00000000,0.00000000,0.11896308,0.03478477,0.00000000,0.00000000,0.00000000,0.00000000,0.00000000,0.00000000,0.00000000,0.00000000,0.00000000,0.00000000,0.00000000,0.00000000,0.00000000,0.00000000,0.00000000,0.00000000,0.00000000,0.00000000,0.01770346,0.48813474,0.00000000,0.00000000,0.00000000,0.43562602,0.00000000,0.00000000,0.00000000,0.03770276,0.00000000,0.00722327,0.00000000,0.00000000,0.00000000,0.00000000,0.00000000,0.00316189,0.00000000,0.00000000,0.00000000,0.00000000,0.00000000,0.00000000,0.00000000,0.00000000,0.00706001,0.00000000,0.00000000,0.00000000,0.00000000,0.00000000,0.00000000,0.00000000,0.00000000,0.00000000,0.00000000,0.00000000,0.00000000,0.00000000,0.00000000,0.00000000,0.00000000,0.00000000,0.00000000,0.00000000,0.00000000,0.00000000,0.00000000,0.00000000,0.16375292,0.00000000,0.00000000,0.00000000,0.00000000,0.00000000,0.00000000,0.00000000,0.00000000,0.00000000,0.00000000,0.00000000,0.00560854,0.00000000,0.00000000,0.00000000,0.00000000,0.00000000,0.00000000,0.00000000,0.00000000,0.00000000,0.00000000,0.00000000,0.00298698,0.00000000,0.00000000,0.00000000,0.00000000,0.00000000,0.00000000,0.00000000,0.00000000,0.00000000,0.02994969,0.00000000,0.00000000,0.00000000,0.00095999,0.00000000,0.00000000,0.00095718,0.00000000,0.00000000,0.00000000,0.39605759,0.01818994,0.00000000,0.00000000,0.00000000,0.00000000,0.00000000,0.00000000,0.00000000,0.00000000,0.00000000,0.00000000,0.00000000,0.01102036,0.00000000,0.00000000,0.01497125,0.01200827,0.00439167,0.00000000,0.00000000,0.00000000,0.00000000,0.00000000,0.02245377,0.00000000,0.00000000,0.00000000,0.00000000,0.00102576,0.00000000,0.00000000,0.00000000,0.00000000,0.00000000,0.00000000,0.00000000,0.00000000,0.00000000,0.00639161,0.00000000,0.00000000,0.02856672,0.00000000,0.00000000,0.00000000,0.00529775,0.00000000,0.00000000,0.00000000,0.00000000,0.00000000,0.00000000,0.00000000,0.00000000,0.00000000,0.00000000,0.00000000,0.00000000,0.00328116,0.01214575,0.00000000,0.00000000,0.00000000,0.00000000,0.00000000,0.00000000,0.00000000,0.00000000,0.01182613,0.00000000,0.00000000,0.00000000,0.00000000,0.00000000,0.00000000,0.00000000,0.00000000,0.00000000,0.00000000,0.00000000,0.00000000,0.00000000,0.00000000,0.00000000,0.05572511,0.00000000,0.00168821,0.00000000,0.00536412,0.00000000,0.00000000,0.00000000,0.00000000,0.00000000,0.00000000,0.00000000,0.00000000,0.00000000,0.00000000,0.00000000,0.00000000,0.00000000,0.00000000,0.00000000,0.00000000,0.00117217,0.00000000,0.00000000,0.00000000,0.00000000,0.00000000,0.00000000,0.00000000,0.00000000,0.00000000,0.00000000,0.00313400,0.00000000,0.00000000,0.00000000,0.00000000,0.00000000,0.00000000,0.01718370,0.00913250,0.00000000,0.00000000,0.00000000,0.00000000,0.00000000,0.00000000,0.00000000,0.00000000,0.00152732,0.00000000,0.00000000,0.00660727,0.00000000,0.00000000,0.00000000,0.00000000,0.00000000,0.00000000,0.00000000,0.00000000,0.00000000,0.00000000,0.00000000,0.01615716,0.00747835,0.00000000,0.00000000,0.00000000,0.00000000,0.00889541,0.00000000,0.00000000,0.00000000,0.00000000,0.00000000,0.00000000,0.00046503,0.00000000,0.00000000,0.00000000,0.00000000,0.00919673,0.00000000,0.00000000,0.00000000,0.00000000,0.00000000,0.00000000,0.00000000,0.00000000,0.00000000,0.00000000,0.00000000,0.00000000,0.00000000,0.00000000,0.00000000,0.00000000,0.00080540,0.00000000,0.00000000,0.00000000,0.01061987,0.00000000,0.00000000,0.00000000,0.00000000,0.00000000,2.68607920,0.00000000,0.00000000,0.00000000,0.00000000,0.00000000,0.00000000,0.00000000,0.00000000,0.00000000,0.00000000,0.00000000,0.00000000,0.00849782,0.00000000,0.00000000,0.00000000,0.00320651,0.02650472,0.00000000,0.00000000,0.00000000,0.00000000,0.00000000,0.00000000,0.00000000,0.00000000,0.00000000,0.01093102,0.00000000,0.00000000,0.00000000,0.00000000,0.00000000,0.00000000,0.00000000,0.00000000,0.00000000,0.00000000,0.00000000,0.00264681,0.00000000,0.00000000,0.00000000,0.00000000,0.00000000,0.01152924,0.00000000,0.00000000,0.10618310,0.00000000,0.00000000,0.00517319,0.00000000,0.00000000,0.00000000,0.00000000,0.00758946,0.00000000,0.00000000,0.00000000,0.00000000,0.00000000,0.00000000,0.00000000,0.00000000,0.00000000,0.00000000,0.00000000,0.00000000,0.00000000,0.00000000,0.00000000,0.00000000,0.00000000,0.00000000,0.00000000,0.00071994,0.00000000,0.00000000,0.00000000,0.01078693,0.00000000,0.00000000,0.00317425,0.00000000,0.00000000,0.00000000,0.00000000,0.00000000,0.00000000,0.00000000,0.00000000,0.00000000,0.00000000,0.00000000,0.00479872,0.00000000,0.00000000,0.00000000,0.00089462,0.00908154,0.00962109,0.00000000,0.01865650,0.00000000,0.14365913,0.00000000,0.00000000,0.00000000,0.00000000,0.00000000,0.00000000,0.00000000,0.00000000,0.00000000,0.00000000,0.00000000,0.00000000,0.00000000,0.00000000,0.00000000,0.00000000,0.00000000,0.00000000,0.00000000,0.00000000,0.00000000,0.00000000,0.00000000,0.00000000,0.18169630,0.00000000,0.00000000,0.00000000,0.00000000,0.00000000,0.00000000,0.00650895,0.00000000,0.00000000,0.01808280,0.00000000,0.00000000,0.00000000,0.00000000,0.00288853,0.00576086,0.00000000,0.00000000,0.00000000,0.00697969,0.00000000,0.00000000,0.00000000,0.00000000,0.00000000,0.00000000,0.00450531,0.00000000,0.00000000,0.00000000,0.00000000,0.00000000,0.00000000,0.00000000,0.00344547,0.00000000,0.00000000,0.00000000,0.00000000,0.00000000,0.00000000,0.00000000,0.00000000,0.01033033,0.00000000,0.00220095,0.00000000,0.00000000,0.00000000,0.00000000,0.00000000,0.00104552,0.00000000,0.00000000,0.00000000,0.00000000,0.00000000,0.00000000,0.01051606,0.00000000,0.00000000,0.00000000,0.00000000,0.00000000,0.00000000,0.03562170,0.00000000,0.04182233,0.02280768,0.00000000,0.00427130,0.00000000,0.00000000,0.00000000,0.00000000,0.00000000,0.00000000,0.59936126,0.00000000,0.00000000,0.00000000,0.00000000,0.00000000,0.00000000,0.00000000,0.00000000,0.00000000,0.00000000,0.00000000,0.00000000,0.00000000,0.00000000,0.00000000,0.00000000,0.00000000,0.00000000,0.00000000,0.01389271,0.00000000,0.00185442,0.00473209,0.00000000,0.00000000,0.00000000,0.00000000,0.00262455,0.00000000,0.00000000,0.00000000,0.00000000,0.00000000,0.00000000,0.01156514,0.00000000,0.00000000,0.00000000,0.00000000,0.00000000,0.00000000,0.00000000,0.00000000,0.00000000,0.00000000,0.00000000,0.00000000,0.00000000,0.01169651,0.00000000,0.00000000,0.00000000,0.00000000,0.00000000,0.00000000,0.00000000,0.00000000,0.00000000,0.00491171,0.00000000,0.00000000,0.00000000,0.00000000,0.00000000,0.00000000,0.00000000,0.00000000,0.00000000,0.00000000,0.00000000,0.00000000,0.00000000,0.00000000,0.01097059,0.00000000,0.00000000,0.00000000,0.00000000,0.00000000,0.00000000,0.00000000,0.00000000,0.00000000,0.01191662,0.00000000,0.00000000,0.00000000,0.00248030,0.00000000,0.00000000,0.00000000,0.00000000,0.00000000,0.00000000,0.00000000,0.00560645,0.05122115,0.00000000,0.00000000,0.00222236,0.00000000,0.00000000,0.00000000,0.00000000,0.00000000,0.00000000,0.00000000,0.00000000,0.00000000,0.00000000,0.00000000,0.00000000,0.00000000,0.00000000,0.00000000,0.00000000,0.26015819,0.00000000,0.00000000,0.00000000,0.00000000,0.00000000,0.00000000,0.00000000,0.00000000,0.00000000,0.00471229,0.01016268,0.00000000,0.00000000,0.00000000,0.00000000,0.00000000,0.05842860,0.00000000,0.00000000,0.00000000,0.00000000,0.00000000,0.00000000,0.00000000,0.00000000,0.00000000,0.00000000,0.00000000,0.00000000,0.00000000,0.00000000,0.00000000,0.00000000,0.00000000,0.00000000,0.00000000,0.00000000,0.00613062,0.00000000,0.00000000,0.00000000,0.00000000,0.00000000,0.00000000,0.00000000,0.00000000,0.00000000,0.00000000,0.00000000,0.00000000,0.00000000,0.00000000,0.00000000,0.00000000,0.00000000,0.00000000,0.00000000,0.00000000,0.00000000,0.00000000,0.00000000,0.00000000,0.00000000,0.00000000,0.04486362,0.06193246,0.00000000,0.00000000,0.00000000,0.00000000,0.00000000,0.00000000,0.00000000,0.00000000,0.00000000,0.00000000,0.05819457,0.00000000,0.00243899,0.00129638,0.00000000,0.00000000,0.00000000,0.00000000,0.00000000,0.00000000,0.00000000,0.00000000,0.00000000,0.00000000,0.00000000,0.00000000,0.00000000,0.00000000,0.00000000,0.00000000,0.00000000,0.01183489,0.00000000,0.01015498,0.00000000,0.00000000,0.00000000,0.00000000,0.00000000,0.00000000
0.00000000,0.00000000,0.00000000,0.00000000,0.00000000,0.00000000,0.00000000,0.00000000,0.00000000,0.00000000,0.00351146,0.00000000,0.00000000,0.00000000,0.00000000,0.00000000,0.00363307,0.00000000,0.00000000,0.00000000,0.00495135,0.00000000,0.00000000,0.00000000,0.02881423,0.00000000,0.00000000,0.00000000,0.06996274,0.00000000,0.00000000,0.00642226,0.00000000,0.00000000,0.00000000,0.00000000,0.00000000,0.10474086,0.00000000,0.00000000,0.00000000,0.00000000,0.00000000,0.00000000,0.00000000,0.00000000,0.00000000,0.00000000,0.00000000,0.00000000,0.00000000,0.00000000,0.00000000,0.00000000,0.00000000,0.10407290,0.00000000,0.00281713,0.00466481,0.00000000,0.00000000,0.00000000,0.00535381,0.00000000,0.00000000,0.00000000,0.00000000,0.00000000,0.00000000,0.00000000,0.00000000,0.00000000,0.00000000,0.00000000,0.00000000,0.00000000,0.00000000,0.00000000,0.00000000,0.00000000,0.00000000,0.00000000,0.00000000,0.00000000,0.00000000,0.00662545,0.00000000,0.00000000,0.00000000,0.05756511,0.00000000,0.00165461,0.00000000,0.00000000,0.00000000,0.00000000,0.00000000,0.00000000,0.00000000,0.00125290,0.00000000,0.00000000,0.00000000,0.00000000,0.00000000,0.00000000,0.00000000,0.00000000,0.00000000,0.00000000,0.00000000,0.00000000,0.00000000,0.00000000,0.00000000,0.00000000,0.00000000,0.00000000,0.00000000,0.00000000,0.00000000,0.00000000,0.00000000,0.00000000,0.00303024,0.00000000,0.00000000,0.00000000,0.00483350,0.00000000,0.00000000,0.00000000,0.00000000,0.35998323,0.00118398,0.00000000,0.00000000,0.00000000,0.00000000,0.00000000,0.00000000,0.00000000,0.00000000,0.00000000,0.00000000,0.00000000,0.00000000,0.00000000,0.00000000,0.00000000,0.00000000,0.00000000,0.00000000,0.00000000,0.00000000,0.00000000,0.00000000,0.00000000,0.00000000,0.00000000,0.00000000,0.00000000,0.00000000,0.00000000,0.00000000,0.01369602,0.02753585,0.00000000,0.00000000,0.00000000,0.00000000,0.02320107,0.00000000,0.23129963,0.00000000,0.00000000,0.00109469,0.00000000,0.00000000,0.01173748,0.00000000,0.00000000,0.00000000,0.00299599,0.00000000,0.00000000,0.00000000,0.00000000,0.00000000,0.00000000,0.00000000,0.00000000,0.00000000,0.00000000,0.00000000,0.00000000,0.00141428,0.00000000,0.00635926,0.00782440,0.00000000,0.00000000,0.00000000,0.00000000,0.05574564,0.00000000,0.00000000,0.00000000,0.00000000,0.00000000,0.00000000,0.00000000,0.00000000,0.00671066,0.00000000,0.01055042,0.00000000,0.01006215,0.00000000,0.00000000,0.00000000,0.00739143,0.00000000,0.00000000,0.00000000,0.00000000,0.67890970,0.00000000,0.00000000,0.00000000,0.00000000,0.00000000,0.00000000,0.00000000,0.00000000,0.00000000,0.07362990,0.05616594,0.00000000,0.00000000,0.00000000,0.00000000,0.00000000,0.00000000,0.02918607,0.00000000,0.00000000,0.00000000,0.00000000,0.00000000,0.00892672,0.02405656,0.01263812,0.00000000,0.00309701,0.00000000,0.00000000,0.00000000,1.95898399,0.00000000,0.00000000,0.00000000,0.00000000,0.00308485,0.00000000,0.23746596,0.00000000,0.00000000,0.00000000,0.00000000,0.00247115,0.00000000,0.00000000,0.00000000,0.00000000,0.00000000,0.00000000,0.00232255,0.00000000,0.00000000,0.00000000,0.00000000,0.00000000,0.00000000,0.00000000,0.00579929,0.00396135,0.00000000,0.00405566,0.00000000,0.00893087,0.00000000,0.00000000,0.00000000,0.00000000,0.00000000,0.00000000,0.00000000,0.00000000,0.00000000,0.00000000,0.01152991,0.00000000,0.00000000,0.00000000,0.00000000,0.00000000,0.00000000,0.00000000,0.00000000,0.00000000,0.00000000,0.00000000,0.00000000,0.00000000,0.00000000,0.00000000,0.02134534,0.00000000,0.00000000,0.03437631,0.00000000,0.00000000,0.00872337,0.00000000,0.00000000,0.02239014,0.00000000,0.00000000,0.00199031,0.00000000,0.01887009,0.00000000,0.00000000,0.00000000,0.00000000,0.00000000,0.00000000,0.00274578,0.00000000,0.00000000,0.00000000,0.00000000,0.00000000,0.00000000,0.00000000,0.00000000,0.00000000,0.00000000,0.00000000,0.00000000,0.00000000,0.00000000,0.00000000,0.00000000,0.00000000,0.00000000,0.01546804,0.00000000,0.00000000,0.00000000,0.00190872,0.00000000,0.00000000,0.00000000,0.00000000,0.00353517,0.00000000,0.01013567,0.00000000,0.00000000,0.00000000,0.00000000,0.00000000,0.00000000,0.00000000,0.00000000,0.00000000,0.00661675,0.00000000,0.00000000,0.00000000,0.00000000,0.00000000,0.00000000,0.00415049,0.00000000,0.00000000,0.00000000,0.00000000,0.00000000,0.00000000,0.00000000,0.00000000,0.00000000,0.00000000,0.00000000,0.01052048,0.00000000,0.00000000,0.00000000,0.00000000,0.00000000,0.00000000,0.00000000,0.00000000,0.00327715,0.00000000,0.00915927,0.00000000,0.00000000,0.00000000,0.00210476,0.00000000,0.00266002,0.01523970,0.00000000,0.00000000,0.00000000,0.00000000,0.00000000,0.00000000,0.00000000,0.00000000,0.00000000,0.00000000,0.00000000,0.00000000,0.00000000,0.00000000,0.00000000,0.00000000,0.00000000,0.00000000,0.00000000,0.00000000,0.00000000,0.00000000,0.00000000,0.00000000,0.00607022,0.00000000,0.00000000,0.00000000,0.00000000,0.00363637,0.00000000,0.60414388,0.00000000,0.00000000,0.00000000,0.00000000,0.00000000,0.04014725,0.00000000,0.00000000,0.00000000,0.00061258,0.00000000,1.35929122,0.00000000,0.00000000,0.00000000,0.00000000,0.00000000,0.00000000,0.02688874,0.03686355,0.01064132,0.00000000,0.00970030,0.00000000,0.00000000,0.00000000,0.00000000,0.00000000,0.00000000,0.00000000,0.00000000,0.00000000,0.00000000,0.00000000,0.00000000,0.00000000,0.00000000,0.00000000,0.00000000,0.00000000,0.00000000,0.00000000,0.00000000,0.00000000,0.00000000,0.00000000,0.00000000,0.00000000,0.00000000,0.00000000,0.00000000,0.00000000,0.00000000,0.00000000,0.06247592,0.00403358,0.00000000,0.00000000,0.00000000,0.00000000,0.00000000,0.01398655,0.00000000,0.00000000,0.00000000,0.00000000,0.00000000,0.00000000,0.00000000,0.00000000,0.00000000,0.00655287,0.00000000,0.00000000,0.00000000,0.00000000,0.00000000,0.00000000,0.32073870,0.00000000,0.00000000,0.00000000,0.00000000,0.00000000,0.00000000,0.00000000,0.00000000,0.00000000,0.00000000,0.00000000,0.00541947,0.00000000,0.00000000,0.00000000,0.00000000,0.07389445,0.00000000,0.00000000,0.00000000,0.00255210,0.00000000,0.00000000,0.00000000,0.00000000,0.00000000,0.00000000,0.00000000,0.00000000,0.00000000,0.00000000,0.00000000,0.00000000,0.00000000,0.00000000,0.00000000,0.08864534,0.00000000,0.00000000,0.00000000,0.00000000,0.00000000,0.00000000,0.00000000,0.00000000,0.00000000,0.00000000,0.00000000,0.17273404,0.00000000,0.00000000,0.03953401,0.00146647,0.00608172,0.00000000,0.00000000,0.00000000,0.00000000,0.00000000,0.00000000,0.00000000,0.00000000,0.00000000,0.00000000,0.00000000,0.00000000,0.00000000,0.00000000,0.00000000,0.00000000,0.00000000,0.00000000,0.00210472,0.00088821,0.00000000,0.00000000,0.00000000,0.00000000,0.00000000,0.00000000,0.00000000,0.00000000,0.00000000,0.00000000,0.00000000,0.00000000,0.00000000,0.02103775,0.00000000,0.00000000,0.00000000,0.00000000,0.00000000,0.00000000,0.00000000,0.00000000,0.00000000,0.00000000,0.00000000,0.00000000,0.00000000,0.00000000,0.00000000,0.00000000,0.00000000,0.00000000,0.14639124,0.00000000,0.00000000,0.00000000,0.00000000,0.00000000,0.00000000,0.00000000,0.00000000,0.00000000,0.00000000,0.00000000,0.00000000,0.00000000,0.03694289,0.01949634,0.00000000,0.00000000,0.00000000,0.00000000,0.00000000,0.00000000,0.00000000,0.00000000,0.00000000,0.00000000,0.00000000,0.00499502,0.00000000,0.00000000,0.00000000,0.00000000,0.00000000,0.00000000,0.06552898,0.00000000,0.00000000,0.00000000,0.00000000,0.00000000,0.00000000,0.17285493,0.00000000,0.00000000,0.00000000,0.00000000,0.00000000,0.00000000,0.00000000,0.00000000,0.00000000,0.00000000,0.00000000,0.00000000,0.00000000,0.00000000,0.00000000,0.00000000,0.00000000,0.00000000,0.00000000,0.00000000,0.00000000,0.00000000,0.00000000,0.00000000,0.00000000,0.00000000,0.00000000,0.00000000,0.00000000,0.00000000,0.00000000,0.00452185,0.00000000,0.00000000,0.00000000,0.00000000,0.00000000,0.00000000,0.00000000,0.00000000,0.00000000,0.00000000,0.00000000,0.00000000,0.00434196,0.00000000,0.00000000,0.00000000,0.10211618,0.00000000,0.00000000,0.00000000,0.00000000,0.00000000,0.00000000,0.00000000,0.00000000,0.00000000,0.00000000,0.00000000,0.00000000,0.00000000,0.00000000,0.00000000,0.00000000,0.00264839,0.00000000,0.00000000,0.00000000,0.00000000,0.00000000,0.00000000,0.00000000,0.00000000,0.00000000,0.00000000,0.00000000,0.00000000,0.29840020,0.00000000,0.00000000,0.00000000,0.00000000,0.00000000,0.00000000,0.00000000,0.00000000,0.00000000,0.00000000,0.00000000,0.00000000,0.00000000,0.00000000,0.00000000,0.00000000,0.00000000,0.00000000,0.00000000,0.00000000,0.00000000,0.00000000,3.13227629,0.00000000,0.00000000,0.09782985,0.00000000,0.00000000,0.00203654,2.40977457,0.00000000,0.00000000,0.00000000,1.50712436,0.00000000,0.00000000,0.00000000,0.00000000,0.00285812,0.00000000,0.00000000,0.00000000,0.00000000,0.00000000,0.00000000,0.00000000
0.00000000,0.00000000,0.00000000,0.00000000,0.00000000,0.00300211,0.01119961,0.00000000,0.00000000,0.00000000,0.00294058,0.00000000,0.04862204,0.00000000,0.00000000,0.00000000,0.00000000,0.00000000,0.03001643,0.00000000,0.00000000,0.00000000,0.00000000,0.00000000,0.00000000,0.00276797,0.00000000,0.00000000,0.00000000,0.00000000,0.00000000,0.00000000,0.00000000,0.00000000,0.00000000,0.00390017,0.00000000,0.00000000,0.00000000,0.00000000,0.00000000,0.00000000,0.04695864,0.00000000,0.00000000,0.00000000,0.00000000,0.00000000,0.00000000,0.00000000,0.00000000,0.00000000,0.00000000,0.00000000,0.00000000,0.00000000,0.00000000,0.00000000,0.00000000,0.00000000,0.00000000,0.00000000,0.00000000,0.00000000,0.00000000,0.00000000,0.00000000,0.00000000,0.00000000,0.01552381,0.00000000,0.00000000,0.01529396,0.00445035,0.00000000,0.00460635,0.00000000,0.00278447,0.00000000,0.00000000,0.00000000,0.00000000,0.00000000,0.00000000,0.00000000,0.00000000,0.00000000,0.00000000,0.00000000,0.00000000,0.00000000,0.00000000,0.01751612,0.00000000,0.00000000,0.00000000,0.00000000,0.00000000,0.00000000,0.00000000,0.00000000,0.00130428,0.00000000,0.00000000,0.00000000,0.00000000,0.00000000,0.00000000,0.00000000,0.00000000,0.00000000,0.00000000,0.00000000,0.00000000,0.00000000,0.00000000,0.00000000,0.00000000,0.00000000,0.00000000,0.00000000,0.00000000,0.00000000,0.00326963,0.00000000,0.00867493,0.00000000,0.00000000,0.00172702,0.01092660,0.00000000,0.00000000,0.00000000,0.00000000,0.00000000,0.00000000,0.00000000,0.00000000,0.00000000,0.00000000,0.02122368,0.00000000,0.00000000,0.00000000,0.00000000,0.00000000,0.00000000,0.00000000,0.00275216,0.00000000,0.00000000,0.00000000,0.00000000,0.00000000,0.00000000,0.00000000,0.00053439,1.24054118,0.00000000,0.00157897,0.00000000,1.10498418,0.00000000,0.00000000,0.00000000,0.00000000,0.00000000,0.00000000,0.00000000,0.00000000,0.00000000,0.00000000,0.00000000,0.00000000,0.00000000,0.00000000,0.00000000,0.00000000,0.00000000,0.00000000,0.00000000,0.00274938,0.00000000,0.00000000,0.00000000,0.00000000,0.00000000,0.00570637,0.00000000,0.00000000,0.00000000,0.00000000,0.00000000,0.00000000,0.00550766,0.01954723,0.00000000,0.00000000,0.00000000,0.04659915,0.00000000,0.00000000,0.00000000,0.00000000,0.00000000,0.00000000,0.00905610,0.00000000,0.00000000,0.00000000,0.00000000,0.00000000,0.00000000,0.00000000,0.00000000,0.00000000,0.00000000,0.02577543,0.00000000,0.00000000,0.00000000,0.00000000,0.00000000,0.00000000,0.00000000,0.00000000,0.00000000,0.00000000,0.01161413,0.00000000,0.00000000,0.00000000,0.00000000,0.00000000,0.01366661,0.00549766,0.00000000,0.24233250,0.00000000,0.00000000,0.00000000,0.00000000,0.00000000,0.00000000,0.00000000,0.00000000,0.00000000,0.00000000,0.00913193,0.02491715,0.00000000,0.00588539,0.00000000,0.00000000,0.00000000,0.00000000,0.11414654,0.00000000,0.00000000,0.00000000,0.00000000,0.00000000,0.00000000,0.00000000,0.00000000,0.00000000,0.00000000,0.00000000,0.00000000,0.00000000,0.00000000,0.00000000,1.80221669,0.00000000,0.00000000,0.01725694,0.00000000,0.00000000,0.00000000,0.00364307,0.00000000,0.00000000,0.00000000,0.00000000,0.00000000,0.00000000,0.00000000,0.00000000,0.00000000,0.00000000,0.00000000,0.00000000,0.00000000,0.00000000,0.00000000,0.00934455,0.05706961,0.00000000,0.00000000,0.00000000,0.00000000,0.00000000,0.13970084,0.00000000,0.00000000,0.00000000,0.00494160,0.00000000,0.00000000,0.01308384,0.00000000,0.00000000,0.00000000,1.21379678,0.00000000,0.00000000,0.00000000,0.00000000,0.00000000,0.00000000,0.00000000,0.00000000,0.00000000,0.00000000,0.00000000,0.00000000,0.01309835,0.00000000,0.00000000,1.64577959,0.00000000,0.00000000,0.00000000,0.00000000,0.00000000,0.00000000,0.00000000,0.01073853,0.04177869,0.00000000,0.09956826,0.00000000,0.00000000,0.00000000,0.00000000,0.00000000,0.00000000,0.00000000,0.00356387,0.00000000,0.00000000,0.00000000,0.00000000,0.00815258,0.00000000,0.00103716,0.00000000,0.00000000,0.00000000,0.00000000,0.00000000,0.00000000,0.00000000,0.00000000,0.00000000,0.00824710,0.00000000,0.00000000,0.00000000,0.00000000,0.00000000,0.00000000,0.00000000,0.00356730,0.00000000,0.00142184,0.00000000,0.00000000,0.00000000,0.00000000,0.00000000,0.00000000,0.00000000,0.00000000,0.00000000,0.00000000,0.00000000,0.00000000,0.00000000,0.16891313,0.00000000,0.00000000,0.00000000,0.00000000,0.00000000,0.00000000,0.00000000,0.00000000,0.00000000,0.00848143,0.00000000,0.00000000,0.00000000,0.00000000,0.00000000,0.00000000,0.00000000,0.00000000,0.00000000,0.00000000,0.00000000,0.00000000,0.00000000,0.00000000,0.00000000,0.00000000,0.00000000,0.01007683,0.00000000,0.00000000,0.00000000,0.00000000,0.00000000,0.00000000,0.00000000,0.00000000,0.00000000,0.00000000,0.00000000,0.00000000,0.00000000,0.03109590,0.00000000,0.00000000,0.00000000,0.00000000,0.00000000,0.00000000,0.00000000,0.00000000,0.00000000,0.00000000,0.00000000,0.00000000,0.00000000,0.00000000,0.00000000,0.00000000,0.00000000,0.00000000,0.00000000,0.00000000,0.00000000,0.00000000,0.00000000,0.00000000,0.11159916,0.00369888,0.00000000,0.00000000,0.00000000,0.00000000,0.00000000,0.00000000,0.00000000,0.00182261,0.00000000,0.00000000,0.00000000,0.00000000,0.00000000,0.00000000,0.00181988,0.00000000,0.00000000,0.00000000,0.00000000,0.00000000,0.00000000,0.00000000,0.25223008,0.00000000,0.00305167,0.00000000,0.00000000,0.00000000,0.00356783,0.00000000,0.00000000,0.00000000,0.00000000,0.00000000,0.00000000,0.00000000,0.00622652,0.00000000,0.00000000,0.00000000,0.00000000,0.00000000,0.00000000,0.00000000,0.00000000,0.00000000,0.00000000,0.00000000,0.00000000,0.00000000,0.00000000,0.02586542,0.80719698,0.00000000,0.00000000,0.00000000,0.00000000,0.00476078,0.00000000,0.00000000,0.00000000,0.00000000,0.00000000,0.00000000,0.00000000,0.00000000,0.00000000,0.00000000,0.00000000,0.00000000,0.02083929,0.00000000,0.00000000,0.00462264,0.47539578,0.00000000,0.00000000,0.00493834,0.00000000,0.00000000,0.02156689,0.01994880,0.00000000,0.00000000,0.00000000,0.00716140,0.00000000,0.00000000,0.00000000,0.00000000,0.00000000,0.00000000,0.00000000,0.00000000,0.00000000,0.00462661,0.00175791,0.00000000,0.00000000,0.00000000,0.00000000,0.00000000,0.00000000,0.00000000,0.00000000,0.00000000,0.00286531,0.00000000,0.00000000,0.00000000,0.00719185,0.00000000,0.00000000,0.00000000,0.05859469,0.00000000,0.00000000,0.00000000,0.00000000,0.00000000,0.00000000,0.00068636,0.00000000,0.00000000,0.00000000,0.00000000,0.00000000,0.00000000,0.00000000,0.00000000,0.00000000,0.00000000,0.00581967,0.00182178,0.00000000,0.00000000,0.00000000,0.00000000,0.00000000,0.00000000,0.00000000,0.00000000,0.00000000,0.00000000,0.00000000,0.00000000,0.00000000,0.00000000,0.00000000,0.00000000,0.00000000,0.00000000,0.00000000,0.00000000,0.00000000,0.00000000,0.00000000,0.00000000,0.00000000,0.00000000,0.00000000,0.00000000,0.00000000,0.00000000,0.00000000,0.00000000,0.00000000,0.00000000,0.00000000,0.00000000,0.00832396,0.00000000,0.00414291,0.00000000,0.00000000,0.00000000,0.01254564,0.00000000,0.00000000,0.00000000,0.00000000,0.00000000,0.00000000,0.00000000,0.00000000,0.00000000,0.00000000,0.00000000,0.00000000,0.01130704,0.00000000,0.00000000,0.00000000,0.04382281,0.00000000,0.00000000,0.00000000,0.00000000,0.00000000,0.00000000,0.00000000,0.00000000,0.00000000,0.00000000,0.00000000,0.00000000,0.00000000,0.00000000,0.00000000,0.00000000,0.00000000,0.00000000,0.00000000,0.00000000,0.10811077,0.00000000,0.00000000,0.00000000,0.00000000,0.00000000,0.00000000,0.00000000,0.00000000,0.00000000,0.00000000,0.00000000,0.00000000,0.00000000,0.00000000,0.00000000,0.00000000,0.00000000,0.00000000,0.00000000,0.00000000,0.00000000,0.00000000,0.00000000,0.00000000,0.00000000,0.00000000,0.00000000,0.00459855,0.00000000,0.00000000,0.00000000,0.00000000,0.05891732,0.00159609,0.00000000,0.00000000,0.00597879,0.00000000,0.00000000,0.00000000,0.00000000,0.00000000,0.00000000,0.00122139,0.00000000,0.00000000,0.00000000,0.00000000,0.00000000,0.04290828,0.00000000,0.00000000,0.00247520,0.00000000,0.00000000,0.00000000,0.00000000,0.00000000,0.00000000,0.13228737,0.00000000,0.00000000,0.00000000,0.00000000,0.00000000,0.00000000,0.00000000,0.00000000,0.00000000,0.00000000,0.00000000,0.00000000,0.00000000,0.00000000,0.00000000,0.00000000,0.00538905,0.00000000,0.00000000,0.00000000,0.00000000,0.00000000,0.00208339,0.00000000,0.00000000,0.35995305,0.00930643,0.01877791,0.00000000,0.00000000,0.00000000,0.00000000,0.00000000,0.00000000,0.00000000,0.00000000,0.00000000,0.07662344,0.00000000,0.00000000,0.00000000,0.00000000,0.00000000,0.00000000,0.00000000,0.00000000,0.00000000,0.00000000,0.07289437,0.00000000,0.00000000,0.00000000,0.00000000,0.00000000,0.00000000,0.00000000,0.00323739,0.00000000,0.00000000,0.01505500,0.00000000,0.00000000,0.00000000,0.00000000,0.00000000,0.00000000,0.00098402
0.00000000,0.00000000,0.00000000,0.00000000,0.00000000,0.05313764,0.00000000,0.00000000,0.00427124,0.00000000,0.00000000,0.00000000,0.00000000,0.00000000,0.00000000,0.00000000,0.00000000,0.00000000,0.02178260,0.00000000,0.00000000,0.00000000,0.00000000,0.00000000,0.00000000,0.00000000,0.00000000,0.00000000,0.00000000,0.05204232,0.00523584,0.00000000,0.00000000,0.00000000,0.00000000,0.02764070,0.00000000,0.00000000,0.00000000,0.00000000,0.00000000,0.00000000,0.00000000,0.00000000,0.00000000,0.00000000,0.00000000,0.00000000,0.00000000,0.00000000,0.02834898,0.00000000,0.00000000,0.00000000,0.00000000,0.00000000,0.00000000,0.00000000,0.00000000,0.00000000,0.00000000,0.03563763,0.00000000,0.00000000,0.00000000,0.00000000,0.00000000,0.00000000,0.00000000,0.00000000,0.06042356,0.00000000,0.00120737,0.00000000,0.00000000,0.00000000,0.00000000,0.00000000,0.00000000,0.00000000,0.00000000,0.00000000,0.00000000,0.00092643,0.00000000,0.00000000,0.00000000,0.00000000,0.00406470,0.00000000,0.00000000,0.00000000,0.00000000,0.00000000,0.00000000,0.00154546,0.00000000,2.55170048,0.00000000,0.00000000,0.00000000,0.00000000,0.00000000,0.00000000,0.00000000,0.00000000,0.00000000,0.00000000,0.00000000,0.00000000,0.00000000,0.00000000,0.00000000,0.00000000,0.00000000,0.00490302,0.00000000,0.05324405,0.00000000,0.00000000,0.03138964,0.00000000,0.00257431,0.00000000,0.00000000,0.00000000,0.00000000,0.00000000,0.00000000,0.00000000,0.00000000,0.00000000,0.00000000,0.00000000,0.00000000,0.00000000,0.00000000,0.00081409,0.00000000,0.00000000,0.00000000,0.00000000,0.00000000,0.00000000,0.01311630,0.00000000,0.00000000,0.00000000,0.00000000,0.00000000,0.00000000,0.00000000,0.00000000,0.00000000,0.00000000,0.00000000,0.00000000,0.00000000,0.00000000,0.00000000,0.00000000,0.00000000,0.00000000,0.00000000,0.00000000,0.00624651,0.00000000,0.01329282,0.00000000,0.00000000,0.00000000,0.00000000,0.00000000,0.00000000,0.00000000,0.05113622,0.26314350,0.00000000,0.00000000,0.00000000,0.00000000,0.00111541,0.00481826,0.00000000,0.00000000,0.00000000,0.04268871,0.00000000,0.00000000,0.00000000,0.00000000,0.00000000,0.00000000,0.00000000,0.00000000,0.01621302,0.00000000,0.00000000,0.00000000,0.00000000,0.00000000,0.00000000,0.00000000,0.00000000,0.00000000,0.00000000,0.00000000,0.00000000,0.00000000,0.00901532,0.00000000,0.00000000,0.00000000,0.00000000,0.00000000,0.00000000,0.00000000,0.00000000,0.00000000,0.00000000,0.00000000,0.00000000,0.00000000,0.00000000,0.03418526,0.00000000,0.01467574,0.00000000,0.00000000,0.00000000,0.00000000,0.00000000,0.00000000,0.00000000,0.00000000,0.00000000,0.00000000,0.00000000,0.00892520,0.00000000,0.00000000,0.00400515,0.00000000,0.00000000,0.00000000,0.01884536,0.00000000,0.00000000,0.00000000,0.00000000,0.00000000,0.00000000,0.00000000,0.00000000,0.00000000,0.00000000,0.00000000,0.00000000,0.00000000,0.00000000,0.00000000,0.00000000,0.00000000,0.01631201,0.00000000,0.00000000,0.00000000,0.00000000,0.00000000,0.00000000,0.00223444,0.02653065,0.00254926,0.01556550,0.00000000,0.00000000,0.07627563,0.00000000,0.00000000,0.00000000,0.00000000,0.00000000,0.00000000,0.00000000,0.00000000,0.00000000,0.00000000,0.00000000,0.01458180,0.00000000,0.00000000,0.03881475,0.00000000,0.00000000,0.00098160,0.00000000,0.00000000,0.00000000,0.03027229,0.00000000,0.00000000,0.00294763,0.00000000,0.00000000,0.00000000,0.00000000,0.00000000,0.00000000,0.00000000,0.00000000,0.00000000,0.24400823,0.00000000,0.00000000,0.00000000,0.00000000,0.00000000,0.00000000,0.00000000,0.00000000,0.00000000,0.00000000,0.00000000,0.00000000,0.00000000,0.00994133,0.00000000,0.01145323,0.00000000,0.00000000,0.00000000,0.00000000,0.00000000,0.00000000,0.00000000,0.00000000,0.00000000,0.00000000,0.00000000,0.00000000,0.00000000,0.00000000,0.00334685,0.00000000,0.00000000,0.00000000,0.00000000,0.00000000,0.00000000,0.00000000,0.00786906,0.00000000,0.00000000,0.00000000,0.00000000,0.00000000,0.00000000,0.00000000,0.00000000,0.00000000,0.00000000,0.00000000,0.00000000,0.00000000,0.00000000,0.00000000,0.00000000,0.00000000,0.00000000,0.00000000,0.00000000,0.00000000,0.00000000,0.00073852,0.00000000,0.00085729,0.00000000,0.00000000,0.00000000,0.09851655,0.00000000,0.00000000,0.00000000,0.00000000,0.00000000,0.00000000,0.00472079,0.00000000,0.00000000,0.00000000,0.01501055,0.00000000,0.00000000,0.00000000,0.00000000,0.00000000,0.00000000,0.00000000,0.00000000,0.00193929,0.00000000,0.00000000,0.00000000,0.00000000,0.00000000,0.00000000,0.00000000,0.00000000,0.00000000,0.00000000,0.00000000,0.00000000,0.00000000,0.00000000,0.00000000,0.00000000,0.00000000,0.00000000,0.00000000,0.00000000,0.00000000,0.00000000,0.00000000,0.00000000,0.00000000,0.00000000,0.00000000,0.00000000,0.00000000,0.00000000,0.00000000,0.02031719,0.00000000,0.00000000,0.00000000,0.00000000,0.00000000,0.00000000,0.00000000,0.00000000,0.00000000,0.00000000,0.00000000,0.00000000,0.00000000,0.00000000,0.00000000,0.00000000,0.00000000,0.01365930,0.00000000,0.00000000,0.00000000,0.01771834,0.00000000,0.00000000,0.09665591,0.00000000,0.00000000,0.00000000,0.00000000,0.00000000,0.00000000,0.00000000,0.00000000,0.00383520,0.00000000,0.03653099,0.00000000,0.00000000,0.00000000,0.00524360,0.00000000,0.00000000,0.00948877,0.00000000,0.00000000,0.00000000,0.00000000,0.00000000,0.00000000,0.00000000,0.01210797,0.00000000,0.00000000,0.00000000,0.00000000,0.00000000,0.00000000,0.00000000,0.00000000,0.00000000,0.02180678,0.00000000,0.00000000,0.00000000,0.00000000,0.79215214,0.00000000,0.00000000,0.03129529,0.00000000,0.00000000,0.00000000,0.00000000,0.00845681,0.00000000,0.00000000,0.00000000,0.00000000,0.00000000,0.00000000,0.00000000,0.00000000,0.00000000,0.00000000,0.00000000,0.00000000,0.00589586,0.00000000,0.00000000,0.00000000,0.00000000,0.00524794,0.00000000,0.00000000,0.00521187,0.00000000,0.00000000,0.00000000,0.00000000,0.00000000,0.00183984,0.00000000,0.00000000,0.00000000,0.00000000,0.00000000,0.00000000,0.00000000,0.00000000,0.58358005,0.00000000,0.00000000,0.00000000,0.00816172,0.00000000,0.00000000,0.00000000,0.00000000,0.00000000,0.00000000,0.00000000,0.00185101,0.00000000,0.20195691,0.00000000,0.00000000,0.00000000,0.00464323,0.00000000,0.00000000,0.00000000,0.00000000,0.00229446,0.00000000,0.00000000,0.02617360,0.00000000,0.00000000,0.00000000,0.00132310,0.00000000,0.00000000,0.00000000,0.00000000,0.00000000,0.00000000,0.00000000,0.00000000,0.00000000,0.00000000,0.00000000,0.00000000,0.00000000,0.00000000,0.00000000,0.00000000,0.00000000,0.00000000,0.00000000,0.00000000,0.00000000,0.00000000,0.00000000,0.00000000,0.00000000,0.00000000,0.01443526,0.00000000,0.02579992,0.00000000,0.00000000,0.00000000,0.00000000,0.00000000,0.00000000,0.00000000,0.00000000,0.00000000,0.00000000,0.01254870,0.00000000,0.00000000,0.00000000,0.00681439,0.00000000,0.00000000,0.00000000,0.00000000,0.00000000,0.00257477,0.00000000,0.00000000,0.00000000,0.00000000,0.00000000,0.00000000,0.00000000,0.00000000,0.00000000,0.00000000,0.00625559,0.00000000,0.00000000,0.00000000,0.00350764,0.00000000,3.98201345,0.00262332,0.00000000,0.01324443,0.00000000,0.00000000,0.00000000,0.00000000,0.00000000,0.00000000,0.00000000,0.00000000,0.00000000,0.00000000,0.00000000,0.00000000,0.02075569,0.00079818,0.15102041,0.00000000,0.00000000,0.00000000,0.00000000,0.00000000,0.00000000,0.00000000,0.00000000,0.08805472,0.00000000,0.00467534,0.00000000,0.00000000,0.00000000,0.00000000,0.00000000,0.00000000,0.00307007,0.00072770,0.00000000,0.00000000,0.00000000,0.00000000,0.00000000,0.00054425,0.00000000,0.00000000,0.00000000,0.00000000,0.00000000,0.00000000,0.10661754,0.00000000,0.00000000,0.00264289,0.00000000,0.00000000,0.00000000,0.00000000,0.00000000,0.00000000,0.00151669,0.00263068,0.03845829,0.00000000,0.00000000,0.00000000,0.00000000,0.00077108,0.00000000,0.00000000,0.00000000,0.05657545,0.00000000,0.00000000,0.00000000,0.00000000,0.00000000,0.03954135,0.00000000,0.00000000,0.00000000,0.00000000,0.01211833,0.00000000,0.00000000,0.00000000,0.00000000,0.00883195,0.00000000,0.00000000,0.00000000,0.00000000,0.00000000,0.00000000,0.00000000,0.00000000,0.00000000,0.00000000,0.00000000,0.00000000,0.00000000,0.00000000,0.00000000,0.00000000,0.00000000,0.00255860,0.00000000,0.00000000,0.00000000,0.00000000,0.00000000,0.00000000,0.00000000,0.00000000,0.00000000,0.00000000,0.00000000,0.00000000,0.00000000,0.00000000,0.00652842,0.00000000,0.00000000,0.00000000,0.00076109,0.00000000,0.00000000,0.00000000,0.00000000,0.00000000,0.00000000,0.00000000,0.00000000,0.00000000,0.00000000,0.00000000,0.00000000,0.00000000,0.00000000,0.00000000,0.00000000,0.41931009,0.00000000,0.00000000,0.00000000,0.00000000,0.00000000,0.00000000,0.01588231,0.00000000,0.00000000,0.00000000,0.00000000,0.00000000,0.00000000,0.00000000,0.00000000,0.00000000,0.00000000,0.00000000,0.00000000,0.00000000
0.01230937,0.00000000,0.00000000,0.00000000,0.00000000,0.00000000,0.00000000,0.02007741,0.00000000,0.00637284,0.00000000,0.00000000,0.00000000,0.00000000,0.00000000,0.00000000,0.00000000,0.00000000,0.00000000,0.00000000,0.00211102,0.00000000,0.00392574,0.00000000,0.00000000,0.01590263,0.00000000,0.00000000,0.00000000,0.00000000,0.00000000,0.00000000,0.00000000,0.00000000,0.00000000,0.00000000,0.00000000,0.00000000,0.00000000,0.00221941,0.00000000,0.08245245,0.00519546,0.00000000,0.00000000,0.00000000,0.00000000,0.00000000,0.00000000,0.00000000,0.00000000,0.00000000,0.00000000,0.00000000,0.00000000,0.00000000,0.04574597,0.01860419,0.00000000,0.00000000,0.00288720,0.00000000,0.00000000,0.00000000,0.00000000,0.00000000,0.00000000,0.00441577,0.00000000,0.00000000,0.00000000,0.00000000,0.00208611,0.00000000,0.00000000,0.00000000,0.00000000,0.00000000,0.00000000,0.00000000,0.00000000,0.00000000,0.00000000,0.00000000,0.00888498,0.00000000,0.00000000,0.00000000,0.00000000,0.00000000,0.00000000,0.00000000,0.00000000,0.00000000,0.00000000,0.00000000,0.02238741,0.00000000,0.00000000,0.00000000,0.00000000,0.00000000,0.00000000,0.00000000,0.00000000,0.00000000,0.00000000,0.00000000,0.00000000,0.00000000,0.00437951,0.00000000,0.00000000,0.00000000,0.00000000,0.00000000,0.00000000,0.00000000,0.00000000,0.00942370,0.00000000,0.00000000,0.06495825,0.00000000,0.00344976,0.00000000,0.00000000,0.00000000,0.00000000,0.00000000,0.00000000,0.00000000,0.01044361,0.00000000,0.00000000,0.00000000,0.00000000,0.00000000,0.00000000,0.00000000,0.00000000,0.00587295,0.00000000,0.00000000,0.00000000,0.00000000,0.00000000,0.00000000,0.00000000,0.01431534,0.00250262,0.00000000,0.00000000,0.00000000,0.00000000,0.00000000,0.00000000,0.00000000,0.00000000,0.00000000,0.00000000,0.00000000,0.00000000,0.00000000,0.00000000,0.00213975,0.00000000,0.00000000,0.00000000,0.00000000,0.00000000,0.00000000,0.00000000,0.00000000,0.00000000,0.00000000,0.00000000,0.01723085,0.00000000,0.00000000,0.00000000,0.00000000,0.00000000,0.02410728,0.00000000,0.00000000,0.00000000,0.00000000,0.00000000,0.00343295,0.00000000,0.00000000,0.00000000,0.00000000,0.00000000,0.00000000,0.00473250,0.00000000,0.00696463,0.00000000,0.00000000,0.00000000,0.00000000,0.00000000,0.00000000,0.00000000,0.25250261,0.00000000,0.00000000,0.00000000,0.00000000,0.00000000,0.00000000,0.00000000,0.00000000,0.00429236,0.01825143,0.00000000,0.00000000,0.00000000,0.00000000,0.07299924,0.00000000,0.00000000,0.00000000,0.00000000,0.00000000,0.00000000,0.00000000,0.00000000,0.00000000,0.00000000,0.00000000,0.00000000,0.09368406,0.00000000,0.00000000,0.00000000,0.00000000,0.00000000,0.00000000,0.00000000,0.00000000,0.05507270,0.00000000,0.00000000,0.00000000,0.00000000,0.00000000,0.04372741,0.00000000,0.00000000,0.00000000,0.00000000,0.00000000,0.00000000,0.00000000,0.00000000,0.02002025,0.00000000,0.00000000,0.00000000,0.00000000,0.00000000,0.00000000,0.00000000,0.00000000,0.00000000,0.02462257,0.00000000,0.00000000,0.00000000,0.00000000,0.00000000,0.00000000,0.00000000,0.00000000,0.00000000,0.00000000,0.00000000,0.00000000,0.00000000,0.00000000,0.00000000,0.00992265,0.00000000,0.00000000,0.00000000,0.00000000,0.00000000,0.00000000,0.00000000,0.98268640,0.00000000,0.01062916,0.00000000,0.00000000,0.00000000,0.00000000,0.00000000,0.00000000,0.00627464,0.00000000,0.00000000,0.00000000,0.02027805,0.01493956,0.00000000,0.00000000,0.00569154,0.01423291,0.00718708,0.00000000,0.00000000,0.00000000,0.00000000,0.00000000,0.00327603,0.00000000,0.00391335,0.00000000,0.00000000,0.00000000,0.00000000,0.00000000,0.00538179,0.00000000,0.00000000,0.00000000,0.00000000,0.00000000,0.00000000,0.00000000,0.00000000,0.00000000,0.00000000,0.00000000,0.00000000,0.00000000,0.00000000,0.00000000,0.00000000,0.00000000,0.00000000,0.00000000,0.00000000,0.00777988,0.00000000,0.00000000,0.00000000,0.00000000,0.65771833,0.00000000,0.00000000,0.00000000,0.00000000,0.00000000,0.00000000,0.00000000,0.00000000,0.00000000,0.00000000,0.00000000,0.00000000,0.00000000,0.00000000,0.00000000,0.00000000,0.00000000,0.00000000,0.00000000,0.00239994,0.00000000,0.00000000,0.00000000,0.00000000,0.00000000,0.00000000,0.00000000,0.00000000,0.00000000,0.00000000,0.03075008,0.00000000,0.00000000,0.00000000,0.00000000,0.00000000,0.00000000,0.00000000,0.00000000,0.00000000,0.00000000,0.00000000,0.00000000,0.00000000,0.00000000,0.00000000,0.00000000,0.00000000,2.70152682,0.00000000,0.00000000,0.00000000,0.00000000,0.00000000,0.00000000,0.00000000,0.00285906,0.00324984,0.00000000,0.00000000,0.00000000,0.00000000,0.00000000,0.06836588,0.41235802,0.00000000,0.04051964,0.00000000,0.00000000,0.00000000,0.00000000,0.00000000,0.00000000,0.00000000,0.00000000,0.00000000,0.01047482,0.00000000,0.00000000,0.00000000,0.00000000,0.00000000,0.00000000,0.00000000,0.00000000,0.00000000,0.00000000,0.00000000,0.00173879,0.00000000,0.00000000,0.00000000,0.00000000,0.00000000,0.00000000,0.83584634,0.00000000,0.00000000,0.00000000,0.00000000,0.00000000,0.00000000,0.00000000,0.00000000,0.05994772,0.00000000,0.00000000,0.00000000,0.00000000,0.00000000,0.00000000,0.00000000,0.00000000,0.00000000,0.00000000,0.00000000,0.00000000,0.00000000,0.00000000,0.00000000,0.00000000,0.00000000,0.00000000,0.00000000,0.00000000,0.00000000,0.00000000,0.00000000,0.00000000,0.00000000,0.00000000,0.00000000,0.00000000,0.00000000,0.00000000,0.00000000,0.00000000,0.00000000,0.00000000,0.00000000,0.00000000,0.00000000,0.00000000,0.00000000,0.00000000,0.00000000,0.00000000,0.00000000,0.00000000,0.00000000,0.00000000,0.00000000,0.00000000,0.00000000,0.00000000,0.00000000,0.01056290,0.00000000,0.00000000,0.02243402,0.00462640,0.00000000,0.00000000,0.01031777,0.00000000,0.00000000,0.00000000,0.00000000,0.00000000,0.00000000,0.00000000,0.00000000,0.09795055,0.00000000,0.00000000,0.00000000,0.00454309,0.00000000,0.00000000,0.00000000,0.00000000,0.00000000,0.00000000,0.00000000,0.00000000,0.00289731,0.00000000,0.00000000,0.00000000,0.00000000,0.01311346,0.00807185,0.01015651,0.00000000,0.00000000,0.00000000,0.00000000,0.00875404,0.00000000,0.00000000,0.00000000,0.00000000,0.00000000,0.00000000,0.00000000,0.00000000,0.00000000,0.00000000,0.00000000,0.00000000,0.00000000,0.00000000,0.00000000,0.00000000,0.00000000,0.00000000,0.00000000,0.15668167,0.00000000,0.00000000,0.00000000,0.00000000,0.00000000,0.00000000,0.01299816,0.00000000,0.00000000,0.00000000,0.00000000,0.00000000,0.00000000,0.00000000,0.00000000,0.00000000,0.00000000,0.00000000,0.00000000,0.00000000,0.00000000,0.00000000,0.00315524,0.00000000,0.00266820,0.00811663,0.00000000,0.00000000,0.00000000,0.00000000,0.00000000,0.03708566,0.00192870,0.00000000,0.00000000,0.00000000,0.00000000,0.00000000,0.00000000,0.00000000,0.00000000,0.25873048,0.00000000,0.00000000,0.00000000,0.00000000,0.00000000,0.00000000,0.00587554,0.00000000,0.00000000,0.00000000,0.00000000,0.00000000,0.00090537,0.00000000,0.00000000,0.00000000,0.00000000,0.00363657,0.00000000,0.00000000,0.00000000,0.03650867,0.00000000,0.00000000,0.00000000,0.00000000,0.00000000,0.00000000,0.00000000,0.00560429,0.00000000,0.00000000,0.00000000,0.00000000,0.00000000,0.00000000,0.00000000,0.00000000,0.01081079,0.00261398,0.00000000,0.00000000,0.00000000,0.00000000,0.00446812,0.00000000,0.00000000,0.00000000,0.00000000,0.00000000,0.00000000,0.00000000,0.00000000,0.00000000,0.00000000,0.00000000,0.00000000,0.00000000,0.00000000,0.00000000,0.00000000,0.00000000,0.00000000,0.00000000,0.00000000,0.00000000,0.00000000,0.00000000,0.00000000,0.00000000,0.00000000,0.03505926,0.00000000,0.00000000,0.00000000,0.00000000,0.00000000,0.00000000,0.01060065,0.00000000,0.00000000,0.00000000,0.00000000,0.03054153,0.00000000,0.00000000,0.00000000,0.00000000,0.00000000,0.00000000,0.00000000,0.00357605,0.00000000,0.00000000,0.00000000,0.00000000,0.00000000,0.01151931,0.00000000,0.00000000,0.00831293,0.00000000,0.28962800,0.00051698,0.00256303,0.00000000,0.00000000,0.00000000,0.00000000,0.00000000,0.00000000,0.00000000,0.06304981,0.00000000,0.00000000,0.06826301,0.00000000,0.00000000,0.00000000,0.00000000,0.00000000,0.00000000,0.00000000,0.00000000,0.00238015,0.00000000,0.00000000,0.00000000,0.00000000,0.00000000,0.00000000,0.00000000,0.00000000,0.00000000,0.00000000,0.00000000,0.00000000,0.00000000,0.00000000,0.00000000,0.00000000,0.00000000,0.00198917,0.00307040,0.00000000,0.00000000,0.00000000,0.00437171,0.00338678,0.00000000,0.00000000,0.00000000,0.00000000,0.08480261,0.00000000,0.00747612,0.00000000,0.00000000,0.00000000,0.00131703,0.00000000,0.00000000,0.00000000,0.00000000,0.00000000,0.00000000,0.00538316,0.00000000,0.00000000,0.00000000,0.00000000,0.00000000,0.00000000,0.00000000,0.00000000,0.48539325,0.00000000,0.00000000,0.00000000,0.00000000,0.00000000,0.00000000,0.00000000,0.00000000,0.00000000,0.00000000,0.00000000,0.00213840
0.00000000,0.00000000,0.00000000,0.00000000,0.00000000,0.00000000,0.00000000,0.00000000,0.00000000,0.00000000,0.00000000,0.00000000,0.00000000,0.12208004,0.00000000,0.00000000,0.00000000,0.00000000,0.00000000,0.00000000,0.00000000,0.00000000,0.00000000,0.00000000,0.00000000,0.00000000,0.00000000,0.00000000,0.00000000,0.00000000,0.00919809,0.00000000,0.00000000,0.00000000,0.00000000,0.00000000,0.00000000,0.00000000,0.00000000,0.00000000,0.00000000,0.00000000,0.00000000,0.00133562,0.02961450,0.00000000,0.00000000,0.00000000,0.00000000,0.00000000,0.00000000,0.00000000,0.00909796,0.00000000,0.00000000,0.00000000,0.00000000,0.00000000,0.00000000,0.00000000,0.00000000,0.00660234,0.00000000,0.00000000,0.00000000,0.00000000,0.00000000,0.00000000,0.00000000,0.00582025,0.00000000,0.00000000,0.01678320,0.00141631,0.00000000,0.00000000,0.00000000,0.00000000,0.00000000,0.00000000,0.00000000,0.00644883,0.00000000,0.00000000,0.00000000,0.00287434,0.00599748,0.00082914,0.00000000,0.00000000,0.00000000,0.00000000,0.00000000,0.00000000,0.00000000,0.00000000,0.00000000,0.00000000,0.00000000,0.00000000,0.00000000,0.00000000,0.00000000,0.00000000,0.00000000,0.00000000,0.00000000,0.00000000,0.00000000,0.03273486,0.00000000,0.00000000,0.00000000,0.00000000,0.00000000,0.00000000,0.00000000,0.00000000,0.00000000,0.00000000,0.00000000,0.00000000,0.00000000,0.00000000,0.00000000,0.00000000,0.00000000,0.00000000,0.00000000,0.00000000,0.00000000,0.00000000,0.00000000,0.00000000,0.01641696,0.00000000,0.00193755,0.00000000,0.00000000,0.00000000,0.00000000,0.00000000,0.00116982,0.00000000,0.00000000,0.00000000,0.00000000,0.00000000,0.00672072,0.00000000,0.00000000,0.00000000,0.00000000,0.00000000,0.00000000,0.00000000,0.00000000,0.00000000,0.00000000,0.00000000,0.00000000,0.00000000,0.00000000,0.00000000,0.00000000,0.00000000,0.00000000,0.00000000,0.00000000,0.00000000,0.00427575,0.00000000,0.00000000,0.00000000,0.00000000,0.00000000,0.00000000,0.00000000,0.00000000,0.00000000,0.00000000,0.00000000,0.00000000,0.00000000,0.00000000,0.00000000,0.00000000,0.00577359,0.00000000,0.00000000,0.14560490,0.00000000,0.00000000,0.00000000,0.00000000,0.00173232,0.00000000,0.00000000,0.00000000,0.00149285,0.00000000,0.00000000,0.00000000,0.00000000,0.06310510,0.00458261,0.00000000,0.00000000,0.00000000,0.00000000,0.00000000,0.00000000,0.00000000,0.00000000,0.00000000,0.00000000,0.00000000,0.00000000,0.00000000,0.00000000,0.00000000,0.00000000,0.00000000,0.00000000,0.00000000,0.00000000,0.00000000,0.00000000,0.00000000,0.00470141,0.00000000,0.00000000,0.00000000,0.00000000,0.00000000,0.00000000,0.00284700,0.00000000,0.00000000,0.00000000,0.00000000,0.00000000,0.00000000,0.00000000,0.00000000,0.00136834,0.00000000,0.00000000,0.12251804,0.00097689,0.00000000,0.00000000,0.00000000,0.00000000,0.00000000,0.00000000,0.00000000,0.01491061,0.00000000,0.00791058,0.00000000,0.00000000,0.00000000,0.00000000,0.00118642,0.00000000,0.00000000,0.00000000,0.00000000,0.00000000,0.00000000,0.00000000,0.00000000,0.00000000,0.00000000,0.00000000,0.00000000,0.01474516,0.00000000,0.00000000,0.00000000,0.00000000,0.00000000,0.00000000,0.00076862,0.00000000,0.00000000,0.00689085,0.00000000,0.00000000,0.00000000,0.00000000,0.00000000,0.00000000,0.00000000,0.00000000,0.13619062,0.00000000,0.02246666,0.00142779,0.00000000,0.00000000,0.00000000,0.00000000,0.00000000,0.00000000,0.00000000,0.00000000,0.00000000,0.00000000,0.00000000,0.00590112,0.00000000,0.00000000,0.00000000,0.00000000,0.00000000,0.00000000,0.00000000,0.00000000,0.00000000,0.00000000,0.00000000,0.00000000,0.00203246,0.00000000,0.00000000,0.00866440,0.00000000,0.06248553,0.00000000,0.00000000,0.00000000,0.00000000,0.00711929,0.00000000,0.00000000,0.00000000,0.00000000,0.00000000,0.00000000,0.00000000,0.00000000,0.00518614,0.00000000,0.00000000,0.00000000,0.00000000,0.00000000,0.00000000,0.00000000,0.00000000,0.00000000,0.00000000,0.00000000,0.00000000,0.00000000,0.00000000,0.00000000,0.00000000,0.00000000,0.00000000,0.00000000,0.00000000,0.02497949,0.00000000,0.00000000,0.00000000,0.00000000,0.00000000,0.00000000,0.00995960,0.00887302,0.00000000,0.00000000,0.00000000,0.00000000,0.00000000,0.00000000,0.00000000,0.00000000,0.00000000,0.00194287,0.00000000,0.00000000,0.00948201,0.00000000,0.00000000,0.00000000,0.00000000,0.00000000,0.00000000,0.00000000,0.00000000,0.00000000,0.00000000,0.00000000,0.00000000,0.00000000,0.00000000,0.00000000,0.00000000,0.00000000,0.02162692,0.00788915,0.00000000,0.00000000,0.00000000,0.00000000,0.00000000,0.00000000,0.00000000,0.00000000,0.00000000,0.00000000,0.00000000,0.00000000,0.00000000,0.00000000,0.00000000,0.00000000,0.00000000,0.00000000,0.00789181,0.00000000,0.00000000,0.00000000,0.00000000,0.10326107,0.00000000,0.00000000,0.00000000,0.00000000,0.00000000,0.19306475,0.00196750,0.00000000,0.00000000,0.00000000,0.00000000,0.00142549,0.00000000,0.00000000,0.00000000,0.00467037,0.00000000,0.00000000,0.00000000,0.00000000,0.00000000,0.60062005,0.00000000,0.00000000,0.00000000,0.00000000,0.00000000,0.00000000,0.08249883,0.00000000,0.00000000,0.00000000,0.00000000,0.00000000,0.00000000,0.00000000,0.00000000,0.00000000,0.00000000,0.00000000,0.00000000,0.00556888,0.01864633,0.00000000,0.00000000,0.00000000,0.00000000,0.00000000,0.00000000,0.00491865,0.00000000,0.00000000,0.00000000,0.00000000,0.00000000,0.00000000,0.00000000,0.00000000,0.00000000,0.00000000,0.00000000,0.00000000,0.00000000,0.00000000,0.00000000,0.00000000,0.01458731,0.00358276,0.00000000,0.00000000,0.00000000,0.16175268,0.00000000,0.00000000,0.00000000,0.00000000,0.00000000,0.00000000,0.00594024,0.00000000,0.00000000,0.00000000,0.00000000,0.00000000,0.00000000,0.00000000,0.01069832,0.00000000,0.00000000,0.00000000,0.00000000,0.00000000,0.00000000,0.00250118,0.00000000,0.00000000,0.00000000,0.00000000,0.00107049,0.04520483,0.00000000,0.00000000,0.00000000,0.00000000,0.00000000,0.00000000,0.01647480,0.00000000,0.00000000,0.00000000,0.00000000,0.00000000,0.00000000,0.00000000,0.00000000,0.03513600,0.00000000,0.00000000,0.00000000,0.00000000,0.00000000,0.00000000,0.00000000,0.02966936,0.08586012,0.00000000,0.00000000,0.00000000,0.00000000,0.00000000,0.00647722,0.00000000,0.00000000,0.00000000,0.00000000,0.00000000,0.00000000,0.00000000,0.00000000,0.00000000,0.01812766,0.00000000,0.00585006,0.00000000,0.00000000,0.00000000,0.00000000,0.00000000,0.00000000,0.05757855,0.00000000,0.00000000,0.00000000,0.00000000,0.00000000,0.00000000,0.00000000,0.00000000,0.00132329,0.00000000,0.00000000,0.00000000,0.00130008,0.00000000,0.00000000,0.00000000,0.00000000,0.00000000,0.04423323,0.00000000,0.00000000,0.00000000,0.00000000,0.00000000,0.00000000,0.00000000,0.00000000,0.00788756,0.00000000,0.00063887,0.00000000,0.00000000,0.00000000,0.00000000,0.00000000,0.00000000,0.00000000,0.00000000,0.00000000,0.00000000,0.00653857,0.00000000,0.00000000,0.00000000,0.00000000,0.00000000,0.03881133,0.00249157,0.00000000,0.00000000,0.00000000,0.00000000,0.00000000,0.00000000,0.00000000,0.00000000,0.00000000,0.00000000,0.00000000,0.00346680,0.00000000,0.00000000,0.00000000,0.00000000,0.00000000,0.00000000,0.00000000,0.00000000,0.00462810,0.00000000,0.00000000,0.00000000,0.00000000,0.00339641,0.00000000,0.00000000,0.00000000,0.00000000,0.00000000,0.00000000,0.00000000,0.00000000,0.00000000,0.00000000,0.00000000,0.00000000,0.00000000,0.00000000,0.00000000,0.00000000,0.00000000,0.00764237,0.00000000,0.00000000,0.00000000,0.00000000,0.00000000,0.00000000,0.02418420,0.00000000,0.00000000,0.00000000,0.00000000,0.28271377,0.00000000,0.00000000,0.00000000,0.00000000,0.00000000,0.00000000,0.01353280,0.02242701,0.00313483,0.00634728,0.00000000,0.00000000,0.00000000,0.00277183,0.00000000,0.00000000,0.00000000,0.00000000,0.00000000,0.00000000,0.00000000,0.00000000,0.00000000,0.00280924,0.00000000,0.00000000,0.00000000,0.00000000,0.00000000,0.00000000,0.00000000,0.00000000,0.00000000,0.00000000,0.00000000,0.00000000,0.00395590,0.00000000,0.00000000,0.00000000,0.00000000,0.00000000,0.00000000,0.00000000,0.00000000,0.00000000,0.00000000,0.00000000,0.00932505,0.01466605,0.00000000,0.00324833,0.00000000,0.00000000,0.00000000,0.00000000,0.02035380,2.46966092,0.00000000,0.00000000,0.00000000,0.03471824,0.00000000,0.00000000,0.00000000,0.00000000,0.00000000,0.00000000,0.00000000,0.00000000,0.00749296,0.00000000,0.00000000,0.00000000,0.00000000,0.00000000,0.00685256,0.09944542,0.00000000,0.00000000,0.00000000,0.00313666,0.00000000,0.00000000,0.00000000,0.00000000,0.00000000,0.00000000,0.00000000,0.00000000,0.00000000,0.00000000,0.00000000,0.00000000,0.00000000,0.00000000,0.00000000,0.00000000,0.00000000,0.01268285,0.00000000,0.00000000,0.00000000,0.00000000,0.00000000,0.00000000,0.00000000,0.00690522,0.00000000,0.00000000,0.01097866,0.00000000,0.00000000,0.01299414,0.00000000,0.00000000,0.00000000
0.00000000,0.00000000,0.00000000,0.00000000,0.00000000,0.00000000,0.00000000,0.00000000,0.00593328,0.00000000,0.00000000,0.00000000,0.00105931,0.00000000,0.00000000,0.00000000,0.00000000,0.00000000,0.00000000,0.00000000,0.00000000,0.00000000,0.00000000,0.00000000,0.00000000,0.00000000,0.00000000,0.02478919,0.00000000,0.00000000,0.27908696,0.00000000,0.00000000,0.00000000,0.00000000,0.00000000,0.00000000,0.00000000,0.00000000,0.00000000,0.00414553,0.00000000,0.00000000,0.00000000,0.00000000,0.00000000,0.00000000,0.00000000,0.00000000,0.00186870,0.00000000,0.00000000,0.00000000,0.00000000,0.00000000,0.00000000,0.04215252,0.00000000,0.00000000,0.00000000,0.00000000,0.00000000,0.00000000,0.00000000,0.22487710,0.00319905,0.00000000,0.00000000,0.00000000,0.00000000,0.00000000,0.00081905,0.00000000,0.00000000,0.00000000,0.00000000,0.00000000,0.00000000,0.00000000,0.00000000,0.00000000,0.00000000,0.00000000,0.00000000,0.00000000,0.00000000,0.00000000,0.00000000,0.00000000,0.00000000,0.00000000,0.00000000,0.00000000,0.00000000,0.30219592,0.00000000,0.00000000,0.03227268,0.00000000,0.00237074,0.00000000,0.00000000,0.00000000,0.00000000,0.03614195,0.00000000,0.00709365,0.00000000,0.00000000,0.00000000,0.00000000,0.00000000,0.00000000,0.00000000,0.00000000,0.00000000,0.00000000,0.00174469,0.00000000,0.00000000,0.00000000,0.00000000,0.00000000,0.00000000,0.00000000,0.00000000,0.00000000,0.00000000,0.00000000,0.00000000,0.00000000,0.00000000,0.00000000,0.00000000,0.00000000,0.00000000,0.00000000,0.00000000,0.00000000,0.00000000,0.16286596,0.00000000,0.00000000,0.00000000,0.00000000,0.00000000,0.00000000,0.00000000,0.00000000,0.00000000,0.00000000,0.00000000,0.00000000,0.00000000,0.00000000,0.00000000,0.03325660,0.00811743,0.00000000,0.00000000,0.00000000,0.00000000,0.00429861,0.00360305,0.00000000,0.00000000,0.00000000,0.00000000,0.00000000,0.00000000,0.00000000,0.00000000,0.00000000,0.00000000,0.00000000,0.00000000,0.00000000,0.00000000,0.00000000,0.02665024,0.00000000,0.00000000,0.00000000,0.00000000,0.00000000,0.00000000,0.00000000,0.00000000,0.00488265,0.00000000,0.00000000,0.00000000,0.00000000,0.00000000,0.00230858,0.00000000,0.00000000,0.00000000,0.00000000,0.00000000,0.00000000,0.00000000,0.00000000,0.00000000,0.00000000,0.00000000,0.00000000,0.00000000,0.00000000,0.00000000,0.00000000,0.00000000,0.00000000,0.00000000,0.00000000,0.00000000,0.00521694,0.00000000,0.00000000,0.00000000,0.00000000,0.00000000,0.00358018,0.00000000,0.00000000,0.00000000,0.00000000,0.00000000,0.00000000,0.00000000,0.00169978,0.00000000,0.00000000,0.00000000,0.00000000,0.00000000,0.00000000,0.00000000,0.00000000,0.00000000,0.00000000,0.00000000,2.42524517,0.00193859,0.00000000,0.00000000,0.00000000,0.00000000,0.00000000,0.00000000,0.00000000,0.00000000,0.00000000,0.00000000,0.00000000,0.00000000,0.00000000,0.00261436,0.00000000,0.00000000,0.00000000,0.00000000,0.00000000,0.00000000,0.00000000,0.00000000,0.01365141,0.00000000,0.00000000,0.01657206,0.07925435,0.00000000,0.08164447,0.01300984,0.00632554,0.00000000,0.00000000,0.00000000,0.00000000,0.00000000,0.00000000,0.00000000,0.00526742,0.00000000,0.00000000,0.00000000,0.00000000,0.00000000,0.01066387,0.00000000,0.00000000,0.00000000,0.00000000,0.00000000,0.00000000,0.00000000,0.00000000,0.00000000,0.00000000,0.00096093,0.08324419,0.00000000,0.00000000,0.00000000,0.00000000,0.00000000,0.00000000,0.00000000,0.00000000,0.00000000,0.00000000,0.00000000,0.00000000,0.00000000,0.00000000,0.00000000,0.00000000,0.00000000,0.00000000,0.00000000,0.00000000,0.00000000,0.00000000,0.00000000,0.00000000,0.00195100,0.00000000,0.00000000,0.00000000,0.00000000,0.00000000,0.00000000,0.00000000,0.00000000,0.00000000,0.00000000,0.00000000,0.00000000,0.00000000,0.00000000,0.00045329,0.00073992,0.00000000,0.00069588,0.00000000,0.00000000,0.00000000,0.02774450,0.00000000,0.02093318,0.00000000,0.00000000,0.00000000,0.00000000,0.00264156,0.09343796,0.00000000,0.00000000,0.02159225,0.35187506,0.00000000,0.00000000,0.00000000,0.00599152,0.00000000,0.00000000,0.00000000,0.00000000,0.00000000,0.00000000,0.00000000,0.00000000,0.00000000,0.00000000,0.00000000,0.00000000,0.00000000,0.00000000,0.00000000,0.00000000,0.00000000,0.00000000,0.00000000,0.00000000,0.00000000,0.00000000,0.00000000,0.00564715,0.00000000,0.00000000,0.00000000,0.00000000,0.00000000,0.00000000,0.00000000,0.00000000,0.00000000,0.00000000,0.00000000,0.00000000,0.00000000,0.00000000,0.00000000,0.00000000,0.00000000,0.00000000,0.00000000,0.00096547,0.00000000,0.00000000,0.00000000,0.00000000,0.00000000,1.01535958,0.00000000,0.00000000,0.00000000,0.00000000,0.00000000,0.00000000,0.00000000,0.00000000,0.00000000,0.00639437,0.00000000,0.00000000,0.00000000,0.00000000,0.00000000,0.00000000,0.00000000,0.00000000,0.00000000,0.00000000,0.00000000,0.00000000,0.00000000,0.00000000,0.00000000,0.00000000,0.00000000,0.00000000,0.00671335,0.00000000,0.00000000,0.00000000,0.00000000,0.00000000,0.00000000,0.00000000,0.00000000,0.00000000,0.00413085,0.00105463,0.00000000,0.00000000,0.02630929,0.00000000,0.00000000,0.00000000,0.00000000,0.00000000,0.00000000,0.00000000,0.00000000,0.00000000,0.05907600,0.00000000,0.00000000,0.00000000,0.00000000,0.00000000,0.00000000,0.00000000,0.00479650,0.00000000,0.00000000,0.00000000,0.00000000,0.00000000,0.00000000,0.00000000,0.00000000,0.00000000,0.00084139,0.01701825,0.00000000,0.00000000,0.00000000,0.00623362,0.00000000,0.00000000,0.00000000,0.00000000,0.00000000,0.00000000,0.00000000,0.00000000,0.00000000,0.00557766,0.00000000,0.00184539,0.00000000,0.00000000,0.00000000,0.00000000,0.00000000,0.00000000,0.00000000,0.16088925,0.00000000,0.00000000,0.00000000,0.00000000,0.00000000,0.00000000,0.00000000,0.00000000,0.00000000,0.00000000,0.00000000,0.00000000,0.00000000,0.01488758,0.00000000,0.00000000,0.00000000,0.00000000,0.00000000,0.00000000,0.00000000,0.00000000,0.00000000,0.00000000,0.00000000,0.00000000,0.03510481,0.00000000,0.00229508,0.00000000,0.00000000,0.00000000,0.00000000,0.00294852,0.00303846,0.00000000,0.00000000,0.00000000,0.01555662,0.00000000,0.00000000,0.00089733,0.00000000,0.00000000,0.00000000,0.00000000,0.00000000,0.00000000,0.00000000,0.00000000,0.00000000,0.00000000,0.00000000,0.00000000,0.00708375,0.00000000,0.00155487,0.02337463,0.00000000,0.00000000,0.00000000,0.00000000,0.00000000,0.01001429,0.00000000,0.00000000,0.00000000,0.00413005,0.00000000,0.00000000,0.00000000,0.00000000,0.00000000,0.00000000,0.00000000,0.00000000,0.00132329,0.00000000,0.00000000,0.01483910,0.00000000,0.00374229,0.02540003,0.00000000,0.00000000,0.00000000,0.00000000,0.02222317,0.00000000,0.00000000,0.00000000,0.00000000,0.00554139,0.00180480,0.00000000,0.00000000,0.00182875,0.00094796,0.00000000,0.00000000,0.00000000,0.00000000,0.00000000,0.00000000,0.00000000,0.00000000,0.00000000,0.12874671,0.00000000,0.00000000,0.00000000,0.00000000,0.00000000,0.00000000,0.00000000,0.00000000,0.00000000,0.00000000,0.00000000,0.14450469,0.00000000,0.00000000,0.01938372,0.00000000,0.00000000,0.09724436,0.00000000,0.00000000,0.03881475,0.00000000,0.00000000,0.00000000,0.04241741,0.00000000,0.00000000,0.00559064,0.00000000,0.00000000,0.00000000,0.00000000,0.00000000,0.00416832,0.00000000,0.00000000,0.00000000,0.00000000,0.00000000,0.00000000,0.00000000,0.00242141,0.65115700,0.00000000,0.00000000,0.00000000,0.00218544,0.00000000,0.00000000,0.09690126,0.00000000,0.00000000,0.02099711,0.00000000,0.00000000,0.00000000,0.00000000,0.00000000,0.00000000,0.00000000,0.00000000,0.00000000,0.00000000,0.00000000,0.00000000,0.00000000,0.00000000,0.00000000,0.00000000,0.00000000,0.00000000,0.00000000,0.00000000,0.00000000,0.00554592,0.00000000,0.00000000,0.00000000,0.00000000,0.00000000,0.00000000,1.25559230,0.00385355,0.00000000,0.00000000,0.00000000,0.00000000,0.00000000,0.00000000,0.00000000,0.01295347,0.00000000,0.00000000,0.00000000,0.00000000,0.00000000,0.00000000,0.00000000,0.00000000,0.00000000,0.00000000,0.00000000,0.00000000,0.00140401,0.01070251,0.00000000,0.00000000,0.00000000,0.00000000,0.00000000,0.00000000,0.00000000,0.01394230,0.00000000,0.00000000,0.00000000,0.00000000,0.00000000,0.00000000,0.00000000,0.00000000,0.00000000,0.01417762,0.00000000,0.00000000,0.00000000,0.00000000,0.00000000,0.00000000,0.00000000,0.00000000,0.00000000,0.00000000,0.00000000,0.00000000,0.00000000,0.00077039,0.00000000,0.00000000,0.00000000,0.00000000,0.00000000,0.00000000,0.00000000,0.00000000,0.00000000,0.00000000,0.00000000,0.00000000,0.00000000,0.00000000,0.00000000,0.00000000,0.00000000,0.00000000,0.00000000,0.00000000,0.00000000,0.00687749,0.00000000,0.00000000,0.00403933,0.00000000,0.00000000,0.00114411,0.00000000,0.00000000,0.00000000,0.00000000,0.00000000,0.00000000,0.00000000,0.00000000,0.00000000,0.00000000,0.00000000,0.00000000,0.00000000,0.00000000,0.00000000,0.00361517,0.00000000
0.00000000,0.00000000,0.00000000,0.00000000,0.00000000,0.00000000,0.03499479,0.00000000,0.00000000,0.00000000,0.00000000,0.00000000,0.00000000,0.00000000,0.00000000,0.00951047,0.00000000,0.00130507,0.00000000,0.00503885,0.00000000,0.00000000,0.00000000,0.00000000,0.00000000,0.00000000,0.00221263,0.02337051,0.00000000,0.00000000,0.00163686,0.00000000,0.00000000,0.00000000,0.00000000,0.00000000,0.00000000,0.00000000,0.00000000,0.00000000,0.00000000,0.00112543,0.00000000,0.00000000,0.00000000,0.00000000,0.00000000,0.01301721,0.00000000,0.00000000,0.00000000,0.04241875,0.00000000,0.00000000,0.00000000,0.00000000,0.00000000,0.00000000,0.00000000,0.00000000,0.00000000,0.00000000,0.00000000,0.00000000,0.00000000,0.00000000,0.00000000,0.00000000,0.00000000,0.00000000,0.00000000,0.00000000,0.00000000,0.00000000,0.00000000,0.00256987,0.01117137,0.00000000,0.00000000,0.00000000,0.00000000,0.00000000,0.00000000,0.00000000,0.00000000,0.00000000,0.00000000,0.00000000,0.00000000,0.01861263,0.00000000,0.00000000,0.00000000,0.00000000,0.00000000,0.00000000,0.00000000,0.00160772,0.00000000,0.00000000,0.00000000,0.00000000,0.00000000,0.00382198,0.00000000,0.01467279,0.00000000,0.00000000,0.00000000,0.00000000,0.00000000,0.00000000,0.00000000,0.00000000,0.00000000,0.00000000,0.00000000,0.00000000,0.01773748,0.00000000,0.00000000,0.00000000,0.00000000,0.00000000,0.00000000,0.00000000,0.00000000,0.00978627,0.00000000,0.01154653,0.00000000,0.00000000,0.00000000,0.00000000,0.00000000,0.00247096,0.00000000,0.00000000,0.00000000,0.00000000,0.00000000,0.00000000,0.00000000,0.00000000,0.00000000,0.00000000,0.00632692,0.00000000,0.00000000,0.00259531,0.00000000,0.00188679,0.00000000,0.00000000,0.00000000,0.00000000,0.00000000,0.00000000,0.00000000,0.00000000,0.00141110,0.00000000,0.00000000,0.00000000,0.00964393,0.00000000,0.00000000,0.00000000,0.00000000,0.00000000,0.00000000,0.00000000,0.09025166,0.00000000,0.00000000,0.00000000,0.01127748,0.00000000,0.06060042,0.05695799,0.00000000,0.02071068,0.00000000,0.00000000,0.00000000,0.01935444,0.00000000,0.00000000,0.00000000,0.03870001,0.00124521,0.00000000,0.00360110,0.00000000,0.00000000,0.00000000,0.00000000,0.00000000,0.00000000,1.50833150,0.00000000,0.00000000,0.00000000,0.00000000,0.00000000,0.34631867,0.00000000,0.00148517,0.00000000,0.00000000,0.00000000,0.00000000,0.00000000,0.00000000,0.00000000,0.00000000,0.00000000,0.00651782,0.00000000,0.00000000,0.00000000,0.00000000,0.01496180,0.00000000,0.00000000,0.00000000,0.00000000,0.00000000,0.00000000,0.86179702,0.00000000,0.00000000,1.73416473,0.00000000,0.00000000,0.00000000,0.00000000,0.00000000,0.00000000,0.00000000,0.00000000,0.00000000,0.00000000,0.00000000,0.00000000,0.00000000,0.00000000,0.00000000,0.00000000,0.00928878,0.00000000,0.00000000,0.00000000,0.01323396,0.00000000,0.00000000,0.00000000,0.00000000,0.00083234,0.00000000,0.00000000,0.02256985,0.00000000,0.00000000,0.00000000,0.00000000,0.00000000,0.00000000,0.00000000,0.00000000,0.00000000,0.00000000,0.00000000,0.00000000,0.00000000,0.04654960,0.00000000,0.00000000,0.00201266,0.00000000,0.00000000,0.00142396,0.00000000,0.00000000,0.00000000,0.00683890,0.00000000,0.00000000,0.00000000,0.00000000,0.00000000,0.00000000,0.00000000,0.00000000,0.00000000,0.00000000,0.00000000,0.82773343,0.00000000,0.00000000,0.00327728,0.00000000,0.00000000,0.01364823,0.00000000,0.00000000,0.00000000,0.00125216,0.00000000,0.00000000,0.00000000,0.00000000,0.00000000,0.00000000,0.00000000,0.00000000,0.00000000,0.00000000,0.00000000,0.00000000,0.00000000,0.00274463,0.00000000,0.00000000,0.00000000,0.00000000,0.00000000,0.00000000,0.00000000,0.00000000,0.00000000,0.00000000,0.00000000,0.00000000,0.00000000,0.00000000,0.00000000,0.00972129,0.00000000,0.00000000,0.00000000,0.00000000,0.00000000,0.00108726,0.00342823,0.00000000,0.00083639,0.00000000,0.00000000,0.00000000,0.00000000,0.00000000,0.00000000,0.13600125,0.00000000,0.00000000,0.00000000,0.00000000,0.00000000,0.01093207,0.00000000,0.00000000,0.00000000,0.00000000,0.00000000,0.00000000,0.00000000,0.00000000,0.00000000,0.00000000,0.00000000,0.00000000,0.00000000,0.00000000,0.00000000,0.01549605,0.00000000,0.00000000,0.00000000,0.00000000,0.00000000,0.00178893,0.00929113,0.00000000,0.00203303,0.00000000,0.00000000,0.00000000,0.01892797,0.00527334,0.00000000,0.00000000,0.00000000,0.00000000,0.00000000,0.00000000,0.00000000,0.00000000,0.00000000,0.00807652,0.00000000,0.00000000,0.00000000,0.00000000,0.00000000,0.00000000,0.00203422,0.00000000,0.00000000,0.00000000,0.00000000,0.00000000,0.00000000,0.00000000,0.00000000,0.00000000,0.00000000,0.00000000,0.00000000,0.00000000,0.00000000,0.00000000,0.00000000,0.00000000,0.00194796,0.00000000,0.00000000,0.00000000,0.00000000,0.00000000,0.00000000,0.15922061,0.00000000,0.00000000,0.00000000,0.00000000,0.00000000,0.00000000,0.00000000,0.00000000,0.00000000,0.00000000,0.00000000,0.00000000,0.00000000,0.00000000,0.00000000,0.00000000,0.00000000,0.00000000,0.00000000,0.00000000,0.00000000,0.00000000,0.00000000,0.00000000,0.00000000,0.00000000,0.00000000,0.00000000,0.01170456,0.05366384,0.00000000,0.00000000,0.00000000,0.00000000,0.00000000,0.00000000,0.02446750,0.00000000,0.00000000,0.00000000,0.01808054,0.00000000,0.00000000,0.00000000,0.00000000,0.00000000,0.00145850,0.00000000,0.00000000,0.00000000,0.00000000,0.00000000,0.00000000,0.00000000,0.00000000,0.00000000,0.00000000,0.00000000,0.00000000,0.01401717,0.00000000,0.00000000,0.00000000,0.00000000,0.00000000,0.00000000,0.00000000,0.00000000,0.00177717,0.00000000,0.00000000,0.00865856,0.00000000,0.00000000,0.00000000,0.00000000,0.00000000,0.00503328,0.00000000,0.00000000,0.00000000,0.00000000,0.00000000,0.00000000,0.00000000,0.00000000,0.00000000,0.00000000,0.00000000,0.00000000,0.00000000,0.00000000,0.00000000,0.00000000,0.00000000,0.00000000,0.00608503,0.00000000,0.00000000,0.00000000,0.00000000,0.01079632,0.00000000,0.00000000,0.00000000,0.00000000,0.00000000,0.00000000,0.00000000,0.00360943,0.00000000,0.00000000,0.00000000,0.00000000,0.00000000,0.00000000,0.00000000,0.00000000,0.00323487,0.00000000,0.00000000,0.00000000,0.00000000,0.00000000,0.00000000,0.00000000,0.00000000,0.00210096,0.00000000,0.00000000,0.00000000,0.00000000,0.07285968,0.00000000,0.00000000,0.00000000,0.00000000,0.00000000,0.00000000,0.00000000,0.00000000,0.00000000,0.00000000,0.00000000,0.00000000,0.00000000,0.00000000,0.00000000,0.02935672,0.00000000,0.00000000,0.00000000,0.00000000,0.00000000,0.00000000,0.00000000,0.00000000,0.00000000,0.00000000,0.00000000,0.00000000,0.00000000,0.00000000,0.00000000,0.00000000,0.00000000,0.00000000,0.00000000,0.00000000,0.00000000,0.00628619,0.00000000,0.00000000,0.02122018,0.00000000,0.00000000,0.00000000,0.00000000,0.00000000,0.00000000,0.00000000,0.00000000,0.00000000,0.00000000,0.00000000,0.00000000,0.00000000,0.00000000,0.00000000,0.00000000,0.00000000,0.00000000,0.00000000,0.00000000,0.00000000,0.00000000,0.00000000,0.00000000,0.00000000,0.00000000,0.00126536,0.00000000,0.00000000,0.00000000,0.00000000,0.00000000,0.00000000,0.00361752,0.00000000,0.00000000,0.00000000,0.00000000,0.00000000,0.00000000,0.07943139,0.00000000,0.00000000,0.00000000,0.00000000,0.00000000,0.00000000,0.00000000,0.00000000,0.00000000,0.00117593,0.00000000,0.00000000,0.00000000,0.00000000,0.00000000,0.00000000,0.00000000,0.00000000,0.00000000,0.00000000,0.00000000,0.00000000,0.00000000,0.00000000,0.09407374,0.00000000,0.00000000,0.00000000,0.00000000,0.00000000,0.00000000,0.01417972,0.00000000,0.00000000,0.00000000,0.00000000,0.11386900,0.00000000,0.00000000,0.00000000,0.00000000,0.00000000,0.05352958,0.00000000,0.08911571,0.00000000,0.00000000,0.01397148,0.00000000,0.00000000,0.00000000,0.00000000,0.00000000,0.00000000,0.02865790,0.00000000,0.00000000,0.00000000,0.00000000,0.00000000,0.00000000,0.00933905,0.00000000,0.00000000,0.00000000,0.00000000,0.00000000,0.00000000,0.00000000,0.00465311,0.00000000,0.00000000,0.01337836,0.00000000,0.00000000,0.00260554,0.00000000,0.00000000,0.00000000,0.00000000,0.00000000,0.00000000,0.00000000,0.00000000,0.00000000,0.00000000,0.00316120,0.00000000,0.00000000,0.00507500,0.00000000,0.00000000,0.00000000,0.03260303,0.00000000,0.00537003,0.00000000,0.00000000,0.00000000,0.00000000,0.00000000,0.00000000,0.00000000,0.00000000,0.00000000,0.00000000,0.00000000,0.00000000,0.00000000,0.00000000,0.00000000,0.00000000,0.00000000,0.00000000,0.00000000,0.00000000,0.00000000,0.00000000,0.00000000,0.00000000,0.00000000,0.00000000,0.00000000,0.00000000,0.00000000,0.11382306,0.00000000,0.00000000,0.00000000,0.00000000,0.11156920,0.00215540,0.00000000,0.00000000,0.00000000,0.00000000,0.00000000,0.02918313,0.00000000,0.00000000,0.00000000,0.00000000,0.00000000,0.15930722,0.00000000,0.00000000,0.04634808,0.00000000,0.00000000,0.00000000,0.33189372,0.00000000,0.00000000
0.00000000,0.00000000,0.00000000,0.00000000,0.00000000,0.00000000,0.00000000,0.00000000,0.01529370,0.00000000,0.00000000,0.00000000,0.00000000,0.00000000,0.00000000,0.00000000,0.00000000,0.00000000,0.00000000,0.00000000,0.00000000,0.00000000,0.00000000,0.00000000,0.00000000,0.00000000,0.00000000,0.00000000,0.00000000,0.00000000,0.00000000,0.00000000,0.00000000,0.00000000,0.00000000,0.00000000,0.00000000,0.00000000,0.00000000,0.00000000,0.00000000,0.00000000,0.00000000,0.00000000,0.00000000,0.00000000,0.00000000,0.00000000,0.00000000,0.00000000,0.00000000,0.00000000,0.00000000,0.00000000,0.00000000,0.00000000,0.00000000,0.00000000,0.00000000,0.00000000,0.00294492,0.00325015,0.00000000,0.00000000,0.00000000,0.00000000,0.00000000,0.00000000,0.00000000,0.00000000,0.01765095,0.00000000,0.00000000,0.00000000,0.00000000,0.08439255,0.00000000,0.00000000,0.01580881,0.00000000,0.00000000,0.00000000,0.01577928,0.06463731,0.00000000,0.00000000,0.00000000,0.00000000,0.00000000,0.00000000,0.00000000,0.00000000,0.00000000,0.00000000,0.00000000,0.00000000,0.00000000,0.00000000,0.00000000,0.01589407,0.00000000,0.00000000,0.00000000,0.00000000,0.00000000,0.00000000,0.00427087,0.00000000,0.00000000,0.00000000,0.00000000,0.04213292,0.00000000,0.00000000,0.00000000,0.00000000,0.00000000,0.00000000,0.00000000,0.00000000,0.00000000,0.00000000,0.00000000,0.00000000,0.00000000,0.00000000,0.00467584,0.00000000,0.00000000,0.07337319,0.00000000,0.00000000,0.00000000,0.00000000,0.00000000,0.15652161,0.00000000,0.00000000,0.00000000,0.00000000,0.00000000,0.00000000,0.00000000,0.00000000,0.00000000,0.00000000,0.00000000,0.00000000,0.00000000,0.11875921,0.00000000,0.00071925,0.00000000,0.00000000,0.00000000,0.00000000,0.00000000,0.00000000,0.00000000,0.00000000,0.00000000,0.00000000,0.00000000,0.00000000,0.00000000,0.00000000,0.02547220,0.00000000,0.00000000,0.00000000,0.00000000,0.00000000,0.00000000,0.00000000,0.20368275,0.00000000,0.00000000,0.00000000,0.00000000,0.00423684,0.00000000,0.00000000,0.00000000,0.00000000,0.00000000,0.41838316,0.01142448,0.00000000,0.00000000,0.00000000,0.12569321,0.00000000,0.00000000,0.00000000,0.01403444,0.00000000,0.00000000,0.00000000,0.00000000,0.00000000,0.00000000,0.00000000,0.00000000,0.00000000,0.00000000,0.00000000,0.00000000,0.00000000,0.00402368,0.00000000,0.00000000,0.00000000,0.00000000,0.00000000,0.01097383,0.00212827,0.01487385,0.00382059,0.00000000,0.00000000,0.00000000,0.00829312,0.00000000,0.00000000,0.00000000,0.00129544,0.00000000,0.00000000,0.00000000,0.00000000,0.00000000,0.00000000,0.00000000,0.00000000,0.00000000,0.00000000,0.00000000,0.00000000,0.00000000,0.00000000,0.00000000,0.02386876,0.00000000,0.00000000,0.00000000,0.00000000,0.00000000,0.00000000,0.00000000,0.00000000,0.00000000,0.00000000,0.12954460,0.00000000,0.00000000,0.00000000,0.00000000,0.00000000,0.00000000,0.00000000,0.00000000,0.00000000,0.00000000,0.00000000,0.00000000,0.00000000,0.00000000,0.00000000,0.00000000,0.00139274,0.00000000,0.00000000,0.00000000,0.00000000,0.00000000,0.00000000,0.02324502,0.00000000,0.00000000,0.01198417,0.00000000,0.00000000,0.00000000,0.00000000,0.10968524,0.06253474,0.00000000,0.00000000,0.00000000,0.00000000,0.03485975,0.00000000,0.00000000,0.00000000,0.00000000,0.00000000,0.00000000,0.00000000,0.00000000,0.00000000,0.00000000,0.00000000,0.00317939,0.00000000,0.00000000,0.00000000,0.96151891,0.00000000,0.00000000,0.00000000,0.00000000,0.00000000,0.00000000,0.00000000,0.00000000,0.00000000,0.00000000,0.00000000,0.00000000,0.00000000,0.00000000,0.00000000,0.00000000,0.03044141,0.00000000,0.00000000,0.00000000,0.00000000,0.00147180,0.00000000,0.00000000,0.00462513,0.00000000,0.00000000,0.19232195,0.00000000,0.00000000,0.02683508,0.00000000,0.00000000,0.00000000,0.00000000,0.00000000,0.00000000,0.00000000,0.00000000,0.00000000,0.00000000,0.00000000,0.00000000,0.00000000,0.00000000,0.00000000,0.01292318,0.00230157,0.00000000,0.00000000,0.00917751,0.02660557,0.00000000,0.00000000,0.00000000,0.00000000,0.00000000,0.00000000,0.00000000,0.00000000,0.07494790,0.00000000,0.00000000,0.00000000,0.00614876,0.00000000,0.00000000,0.00000000,0.00000000,0.00000000,0.00000000,0.00000000,0.09871044,0.00000000,0.00551851,0.00000000,0.00000000,0.00000000,0.00000000,0.00000000,0.03766622,0.00430240,0.00000000,0.00000000,0.00000000,0.00000000,0.00000000,0.00000000,0.00000000,0.01026169,0.00000000,0.00000000,0.00000000,0.00000000,0.00000000,0.00000000,0.00000000,0.00876347,0.00000000,0.00000000,0.00000000,0.00000000,0.03618661,0.00335868,0.00000000,0.00000000,0.00000000,0.00000000,0.00000000,0.00000000,0.00000000,0.00000000,0.00000000,0.00817097,0.00000000,0.00000000,0.00081319,0.00000000,0.00000000,0.04427929,0.00000000,0.00000000,0.00000000,0.00000000,0.00349481,0.00000000,0.00000000,0.00000000,0.00000000,0.00000000,0.00000000,0.00151586,0.00277321,0.00000000,0.00000000,0.00000000,0.00000000,0.00000000,0.00000000,0.09100388,0.00377071,0.00000000,0.00000000,0.00000000,0.00000000,0.00000000,0.00000000,0.00000000,0.00000000,0.00000000,0.00087108,0.00000000,0.00000000,0.00000000,0.00000000,2.43773167,0.00152696,0.00000000,0.00000000,0.00000000,0.00000000,0.00000000,0.00000000,0.00000000,0.00000000,0.00000000,0.00000000,0.00000000,0.00000000,0.00674424,0.00000000,0.00000000,0.00000000,0.00181364,0.00000000,0.00000000,0.00000000,0.00000000,0.00000000,0.00000000,0.00000000,0.00000000,0.00000000,0.00000000,0.00000000,0.00000000,0.10247215,0.00000000,0.00000000,0.00075002,0.00000000,0.00000000,0.00000000,0.00000000,0.02644936,0.00000000,0.49312015,0.00000000,0.00000000,0.00000000,0.00000000,0.00000000,0.00000000,0.00000000,0.00000000,0.02987319,0.00000000,0.00000000,0.00000000,0.00000000,0.00000000,0.00000000,0.00000000,0.01054031,0.00000000,0.00000000,0.00000000,0.00000000,0.00000000,0.00000000,0.00000000,0.00000000,0.00000000,0.00000000,0.00000000,0.00000000,0.00000000,0.02379825,0.00000000,0.00000000,0.00000000,0.00000000,0.00000000,0.00000000,0.00000000,0.00000000,0.00000000,0.00000000,0.00000000,0.01146647,0.00622185,0.00000000,0.00000000,0.00000000,0.00000000,0.00000000,0.00000000,0.00000000,0.00000000,0.00000000,0.00000000,0.00000000,0.00000000,0.00000000,0.00000000,0.00000000,0.00808552,0.00000000,0.00145286,0.00639879,0.00000000,0.00000000,0.00000000,0.00000000,0.01923029,0.00000000,0.00417496,0.00000000,0.02346041,0.00000000,0.00000000,0.00000000,0.00000000,0.00000000,0.00000000,0.00000000,0.00000000,0.00000000,0.00000000,0.00000000,0.01483910,0.00000000,0.00000000,0.00000000,0.00000000,0.00000000,0.00000000,0.00000000,0.01977484,0.00000000,0.00000000,0.00000000,0.00000000,0.00000000,0.00000000,0.00000000,0.00272236,0.01366064,0.00000000,0.00000000,0.00000000,0.00000000,0.76268932,0.00000000,0.00000000,0.00000000,0.00000000,0.00000000,0.00000000,0.02791716,0.00000000,0.00000000,0.00000000,0.00000000,0.00000000,0.00000000,0.00000000,0.00000000,0.00000000,0.00000000,0.00000000,0.00000000,0.00000000,0.00502728,0.00000000,0.00000000,0.00000000,0.00000000,0.00000000,0.00000000,0.00000000,0.00000000,0.00000000,0.00000000,0.00000000,0.00895301,0.00000000,0.00000000,0.00000000,0.00000000,0.00000000,0.00000000,0.00000000,0.00000000,0.00000000,0.00000000,0.00000000,0.00000000,0.00000000,0.00000000,0.00000000,0.00000000,0.00000000,0.15670156,0.00000000,0.00000000,0.00000000,0.00000000,0.00000000,0.00000000,0.00000000,0.01464200,0.00000000,0.00000000,0.00000000,0.00000000,0.00000000,0.00000000,0.00000000,0.00000000,0.00000000,0.00000000,0.00839378,0.00000000,0.05300721,0.00000000,0.00000000,0.00000000,0.00000000,0.00000000,0.00000000,0.00000000,0.00000000,0.00000000,0.00000000,0.00000000,0.00000000,0.00000000,0.00000000,0.00000000,0.00000000,0.00161523,0.00000000,0.00000000,0.00000000,0.00211975,0.00000000,0.00000000,0.00000000,0.00000000,0.00000000,0.00000000,0.00000000,0.00000000,0.00000000,0.00000000,0.00000000,0.00000000,0.00000000,0.00000000,0.00000000,0.00757202,0.00000000,0.00000000,0.00000000,0.00000000,0.00000000,0.00000000,0.00000000,0.00000000,0.00000000,0.00000000,0.00000000,0.00000000,0.00000000,0.00000000,0.00000000,0.00000000,0.00076934,0.00000000,0.00000000,0.02514800,0.00000000,0.00108945,0.00000000,0.00000000,0.00000000,0.00000000,0.00000000,0.00000000,0.00000000,0.00000000,0.00000000,0.00000000,0.00000000,0.00000000,0.01750939,0.07063064,0.00000000,0.00000000,0.00000000,0.00000000,0.00000000,0.00000000,0.00000000,0.00000000,0.00422278,0.00000000,0.00000000,1.94670490,0.00000000,0.00000000,0.00000000,0.00000000,0.00000000,0.00000000,0.00000000,0.00000000,0.01409992,0.00000000,0.00000000,0.00318825,0.00000000,0.00000000,0.00000000,0.00306315,0.00000000,0.00000000,0.00000000,0.00000000,0.00000000,0.00000000,0.00000000,0.00000000,0.00000000,0.00000000,0.35675427,0.00000000,1.03668343,0.00000000,0.00000000,0.00000000,0.00000000
0.00000000,0.00000000,0.00000000,0.00000000,0.00000000,0.00000000,0.00000000,0.00000000,0.00241374,0.00000000,0.00000000,0.00000000,0.00000000,0.00000000,0.00000000,0.00000000,0.00000000,0.00000000,0.00600124,0.03019722,0.00601472,0.00000000,0.00000000,0.00000000,0.00000000,0.00000000,0.01959846,0.00000000,0.00000000,0.00000000,0.00000000,0.00000000,0.00000000,0.00000000,0.00000000,0.00000000,0.00000000,0.00000000,0.00000000,0.00000000,0.00000000,0.00000000,0.03882493,0.00000000,0.00000000,0.00000000,0.00000000,0.00000000,0.00000000,0.00000000,0.00000000,0.00000000,0.00153212,0.00000000,0.00000000,0.00000000,0.00000000,0.00000000,0.00000000,0.00000000,0.12875307,0.00088249,0.00000000,0.00000000,0.00000000,0.00000000,0.00000000,0.00000000,0.00000000,0.00000000,0.00000000,0.00000000,0.00000000,0.00000000,0.00000000,0.00000000,0.00000000,0.00000000,0.00763420,0.00000000,0.03491033,0.07867976,0.04848050,0.00000000,0.00000000,0.00000000,0.00000000,0.00000000,0.00000000,0.00000000,0.00000000,0.00000000,0.00000000,0.00120661,0.00000000,0.00000000,0.00000000,0.00000000,0.00000000,0.00000000,0.00136558,0.00000000,0.00000000,0.00000000,0.00000000,0.00254321,0.00000000,0.07267566,0.00000000,0.00000000,0.00000000,0.00000000,0.00000000,0.01151282,0.00000000,0.00000000,0.03747416,0.00057648,0.00000000,0.00000000,0.00000000,0.00000000,0.00000000,0.00000000,0.00000000,0.00000000,0.00000000,0.03140911,0.00000000,0.00000000,0.00000000,0.00000000,0.00000000,0.06903633,0.00000000,0.00000000,0.00000000,1.01945307,0.00000000,0.00000000,0.00000000,0.00000000,0.00000000,0.00000000,0.00000000,0.00583458,0.00000000,0.00000000,0.00000000,0.00000000,0.01809863,0.00000000,0.00000000,0.00000000,0.03676639,0.00000000,0.00000000,0.00000000,0.00000000,0.00000000,0.00000000,0.00000000,0.00000000,0.00000000,0.00000000,0.00000000,0.00000000,0.00000000,0.00000000,0.00000000,0.00000000,0.02908265,0.00000000,0.00000000,0.01070766,0.00000000,0.00000000,0.00000000,0.00675560,0.00000000,0.00000000,0.00000000,0.05587626,0.00000000,0.00000000,0.00000000,0.00000000,0.00000000,0.00000000,0.00000000,0.00000000,0.00000000,0.00000000,0.00097744,0.00000000,0.00000000,0.00000000,0.00000000,0.00000000,0.00000000,0.00000000,0.00000000,0.00000000,0.00000000,0.00000000,0.00854809,0.00846438,0.16144556,0.00000000,0.00000000,0.00000000,0.00000000,0.00000000,0.00000000,0.00000000,0.00000000,0.00000000,0.00000000,0.00000000,0.00000000,0.79950440,0.02831408,0.00000000,0.00000000,0.00000000,0.00000000,0.00000000,0.00336200,0.00000000,0.00000000,0.00000000,0.00000000,0.01915916,0.00000000,0.00000000,0.00000000,0.00000000,0.00000000,0.00000000,0.00000000,0.00059118,0.00000000,0.00000000,0.00000000,0.00000000,0.00000000,0.00000000,0.00000000,0.00614955,0.00000000,0.00000000,0.00000000,0.00000000,0.00000000,0.00000000,0.00181427,0.00000000,0.00000000,0.00000000,0.00000000,0.00000000,0.00000000,0.00000000,0.00000000,0.12844628,0.00542661,0.00000000,0.00000000,0.00000000,0.00000000,0.00000000,0.00000000,0.00000000,0.00459666,0.00000000,0.00000000,0.00000000,0.00000000,0.00000000,0.00000000,0.00000000,0.00000000,0.00000000,0.00000000,0.00000000,0.00000000,0.00000000,0.00000000,0.00000000,0.00000000,0.00000000,0.00000000,0.00000000,0.00000000,0.00000000,0.00000000,1.08121353,0.00000000,2.29804983,0.00000000,0.00000000,0.00000000,0.00000000,0.00000000,0.00000000,0.00000000,0.00000000,0.00000000,0.00000000,0.00000000,0.00000000,0.00000000,0.00000000,0.00000000,0.00000000,0.00000000,0.00104485,0.00000000,0.00000000,0.00000000,0.00000000,0.00000000,0.00000000,0.00000000,0.00110608,0.00895018,0.00000000,0.00000000,0.00000000,0.00000000,0.00000000,0.00000000,0.00000000,0.00000000,0.00000000,0.00000000,0.00000000,0.06785345,0.00000000,0.00123092,0.00000000,0.00000000,0.00000000,0.00000000,0.00000000,0.00000000,0.00000000,0.00000000,0.00000000,0.00000000,0.00000000,0.00000000,0.00000000,0.00000000,0.00516008,0.00000000,0.00000000,0.00000000,0.00000000,0.00000000,0.00000000,0.00000000,0.00000000,0.00000000,0.00000000,0.00000000,0.00000000,0.00000000,0.00000000,0.00000000,0.00000000,0.00000000,0.00000000,0.00084542,0.00000000,0.00000000,0.00000000,0.00000000,0.00433981,0.00000000,0.00000000,0.00000000,0.00000000,0.00000000,0.01010820,0.00000000,0.00000000,0.00000000,0.00000000,0.00000000,0.00000000,0.00000000,0.00000000,0.00000000,0.00000000,0.00000000,0.00000000,0.00000000,0.03049382,0.00000000,0.00643354,0.00000000,0.00715629,0.00000000,0.00000000,0.00000000,0.00000000,0.04066919,0.00000000,0.00306436,0.00000000,0.02522441,0.15227301,0.00000000,0.00000000,0.00000000,0.00000000,0.00000000,0.00000000,0.00000000,2.13288662,0.00000000,0.00000000,0.00000000,0.04119491,0.00333694,0.00000000,0.00235866,0.00000000,0.00000000,0.00000000,0.00000000,0.09585786,0.00000000,0.01776895,0.00188515,0.00000000,0.00000000,0.00000000,0.00000000,0.00000000,1.36575793,0.00000000,0.00000000,0.00000000,0.15766952,0.00000000,0.00000000,0.00000000,0.00000000,0.00000000,0.00000000,0.00000000,0.00000000,0.00000000,0.00000000,0.00000000,0.00000000,0.00000000,0.00000000,0.00000000,0.00412790,0.00000000,0.00000000,0.00000000,0.00000000,0.00000000,0.00000000,0.00000000,0.00000000,0.00000000,0.00000000,0.00000000,0.00101760,0.00000000,0.00000000,0.00000000,0.00000000,0.00000000,0.00000000,0.00000000,0.00000000,0.00760596,0.08753000,0.00000000,0.00000000,0.00000000,0.00000000,0.00000000,0.00000000,0.00000000,0.00000000,0.00000000,0.00000000,0.00000000,0.00585307,0.00000000,0.00000000,0.00000000,0.00000000,0.00000000,0.00000000,0.00000000,0.00000000,0.35761444,0.00000000,0.00000000,0.00000000,0.00000000,0.00000000,0.00000000,0.00000000,0.00000000,0.00000000,0.00000000,0.00000000,0.00000000,0.00000000,0.00000000,0.00000000,0.00000000,0.00000000,0.00000000,0.00000000,0.00000000,0.00000000,0.00000000,0.00000000,0.00576259,0.00000000,0.00000000,0.00000000,0.00000000,0.00000000,0.00000000,0.00000000,0.00000000,0.00000000,0.00000000,0.00000000,0.00000000,0.00000000,0.00000000,0.00000000,0.00000000,0.00000000,0.00000000,0.00000000,0.00000000,0.00000000,0.00000000,0.00000000,0.00000000,0.00000000,0.00000000,0.01572899,0.00000000,0.00000000,0.00000000,0.00000000,0.00000000,0.00000000,0.00000000,0.00000000,0.00000000,0.00000000,0.00000000,0.00000000,0.00000000,0.00000000,0.02020260,0.00000000,0.00000000,0.00000000,0.00000000,0.00000000,0.00000000,0.00000000,0.00000000,0.00000000,0.00000000,0.00000000,0.00000000,0.00581967,0.00000000,0.00000000,0.00000000,0.00000000,0.00000000,0.00000000,0.00000000,0.00000000,0.00000000,0.00000000,0.00000000,0.00000000,0.61206893,0.00000000,0.00000000,0.00000000,0.00000000,0.00000000,0.00000000,0.00000000,0.00193951,0.00276893,0.00084972,0.00166203,0.00000000,0.66569808,0.00000000,0.00000000,0.00000000,0.00000000,0.00000000,0.00000000,0.00000000,0.00000000,0.00000000,0.00000000,0.00556887,0.00000000,0.00000000,0.00000000,0.00000000,0.00000000,0.00000000,0.00000000,0.00000000,0.19338727,0.00000000,0.00000000,0.00000000,0.00000000,0.01986271,0.00000000,0.00000000,0.00204524,0.00000000,0.00000000,0.00000000,0.00000000,0.00490371,0.00000000,0.00000000,0.00000000,0.00000000,0.00000000,0.00000000,0.00000000,0.11083251,0.00000000,0.13161821,0.00000000,0.00000000,0.00000000,0.00000000,0.01517091,0.00000000,0.00000000,0.00000000,0.00000000,0.00000000,0.00000000,0.00956509,0.00853646,0.00000000,0.00000000,0.00000000,0.00000000,0.00000000,0.00000000,0.01474886,0.00000000,0.00000000,0.00000000,0.00000000,0.00000000,0.00000000,0.00000000,0.00000000,0.00000000,0.00000000,0.00000000,0.00000000,0.00000000,0.00239681,0.00000000,0.00000000,0.01294903,0.00000000,0.00000000,0.00135185,0.00000000,0.00000000,0.00000000,0.00000000,0.01765747,0.00000000,0.00000000,0.00000000,0.00000000,0.00000000,0.00000000,0.00000000,0.00000000,0.00000000,0.00000000,0.01502234,0.00096781,0.00000000,0.00000000,0.00000000,0.00000000,0.00000000,0.00000000,0.00000000,0.00893305,0.00000000,0.00000000,0.00000000,0.00000000,0.00000000,0.00000000,0.00000000,0.00000000,0.00000000,0.00000000,0.00376961,0.00000000,0.00000000,0.00000000,0.00000000,0.00000000,0.00000000,0.00000000,0.00000000,0.00000000,0.00000000,0.00000000,0.00000000,0.00000000,0.00000000,0.00000000,0.00000000,0.00000000,0.00589210,0.00000000,0.00000000,0.00000000,0.00000000,0.00000000,0.00000000,0.00525379,0.00000000,0.00000000,0.00000000,0.00000000,0.00000000,0.00492976,0.00000000,0.00000000,0.00000000,0.00000000,0.00000000,0.41184966,0.00000000,0.00000000,0.00000000,0.00000000,0.00000000,0.02739915,0.00000000,0.00000000,0.02062745,0.00000000,0.00000000,0.00000000,0.00000000,0.00000000,0.00000000,0.08432654,0.00000000,0.00000000,0.00000000,0.00000000,0.00000000,0.00000000,0.00000000,0.00000000,0.00000000,0.00000000,0.00000000,0.00000000,0.00000000,0.00000000,0.00000000,0.00000000,0.00330753,0.00000000
0.00000000,0.00000000,0.00000000,0.00000000,0.00000000,0.00000000,0.00000000,0.00000000,0.03335842,0.00000000,0.00000000,0.00000000,0.00000000,0.00000000,0.00877558,0.00000000,0.00000000,0.00000000,0.00000000,0.09379886,0.00000000,0.04153256,0.00000000,0.00000000,0.00000000,0.00598116,0.00000000,0.00000000,0.00000000,0.00000000,0.00000000,0.00000000,0.00000000,0.00000000,0.00000000,0.00000000,0.00000000,0.00000000,0.00000000,0.00000000,0.00000000,0.00000000,0.00000000,0.00000000,0.00000000,0.01235120,0.00000000,0.00000000,0.00000000,0.00000000,0.00000000,0.00000000,0.00000000,0.00000000,0.00000000,0.00000000,0.00000000,0.00000000,0.01164691,0.00000000,0.00000000,0.00000000,0.00000000,0.00000000,0.00000000,0.00000000,0.00000000,0.00000000,0.00000000,0.00000000,0.00000000,0.24817869,0.00000000,0.03015616,0.00000000,0.00000000,0.00000000,0.00000000,0.00000000,0.00000000,0.00000000,0.00000000,0.00000000,0.00000000,0.00000000,0.00000000,0.00132252,0.00000000,0.00000000,0.00000000,0.00000000,0.02139126,0.00000000,0.25425067,0.00000000,0.00000000,0.00000000,0.00000000,0.00000000,0.00000000,0.00000000,0.00000000,0.00000000,0.00180330,0.00000000,0.00000000,0.00000000,0.00000000,0.00000000,0.00000000,0.00000000,0.00000000,0.00000000,0.00614839,0.00000000,0.01402881,0.00000000,0.00000000,0.00000000,0.00000000,0.00000000,0.00000000,0.00000000,0.00000000,0.00000000,0.00000000,0.00000000,0.00000000,0.00098344,0.01594334,0.00813260,0.00000000,0.00000000,0.00000000,0.00000000,0.00000000,0.00000000,0.00000000,0.01783797,0.00000000,0.00000000,0.00000000,0.00000000,0.00000000,0.00000000,0.00000000,0.00000000,0.00000000,0.00374337,0.01364143,0.00000000,0.00000000,0.00000000,0.00000000,0.00000000,0.00345273,0.00000000,0.00000000,0.00000000,0.00000000,0.00000000,0.00000000,0.00000000,0.00000000,0.00213973,0.00360017,0.09974147,0.00000000,0.08748337,0.00000000,0.00000000,0.00000000,0.00000000,0.50829182,0.00384544,0.00000000,0.00000000,0.00000000,0.00000000,0.00000000,0.00000000,0.00000000,0.00000000,0.00000000,0.00000000,0.00000000,0.00000000,0.00000000,0.00000000,0.00000000,0.00000000,0.00000000,0.00000000,0.00000000,0.00000000,0.00000000,0.00000000,0.00000000,0.00000000,0.00000000,0.00305361,0.00000000,0.00000000,0.00000000,0.00000000,0.00000000,0.00000000,0.00000000,0.00000000,0.00616620,0.00000000,0.00000000,0.00270829,0.00000000,0.00000000,0.00000000,0.00000000,0.00000000,0.00000000,0.00000000,0.32113007,0.00000000,0.00000000,0.00000000,0.00000000,0.00000000,0.00000000,0.00000000,0.05719118,0.00000000,0.00000000,0.00000000,0.00000000,0.00086959,0.00114194,0.00000000,0.00000000,0.00000000,0.00778354,0.00000000,0.00000000,0.00000000,0.00000000,0.00000000,0.00000000,0.00000000,0.00000000,0.00000000,0.00000000,0.00131731,0.00000000,0.00000000,0.00000000,0.00000000,0.00000000,0.00000000,0.00000000,0.00000000,0.00000000,0.00000000,0.00000000,0.00000000,0.00000000,0.00000000,0.00000000,0.00000000,0.00000000,0.00000000,0.00000000,0.00000000,0.00245166,0.00000000,0.00824147,0.00000000,0.00000000,0.00000000,0.00000000,0.00000000,0.00000000,0.00000000,0.00000000,0.00000000,0.00000000,0.00000000,0.00000000,0.00000000,0.00000000,0.00000000,0.00000000,0.00000000,0.00000000,0.00000000,0.00000000,0.00291399,0.00000000,0.00000000,0.00000000,0.00000000,0.00000000,0.00000000,0.00000000,0.00000000,0.00000000,0.00000000,0.00000000,0.00000000,0.00200231,0.00000000,0.00617763,0.22147897,0.00000000,0.00000000,0.00000000,0.00000000,0.00000000,0.13692136,0.00000000,0.00000000,0.00315593,0.00000000,0.00000000,0.00000000,0.00000000,0.00000000,0.19628358,0.00000000,0.00000000,0.00000000,0.00000000,0.00000000,0.00000000,0.00000000,0.00000000,0.00000000,0.00000000,0.00000000,0.00000000,0.00000000,0.00000000,0.00000000,0.00000000,0.00000000,0.00000000,0.00000000,0.00000000,0.00000000,0.00000000,0.00000000,0.00000000,0.00000000,0.00000000,0.00175797,0.00000000,0.00000000,0.02052295,0.01551609,0.00000000,0.00000000,0.00000000,0.00000000,0.00352917,0.00000000,0.00000000,0.00104294,0.00000000,0.00000000,0.00000000,0.00000000,0.00000000,0.00000000,0.00000000,0.00000000,0.00000000,0.00000000,0.00000000,0.00000000,0.01024930,0.00000000,0.00000000,0.00000000,0.00000000,0.00000000,0.00649994,0.00000000,0.00000000,0.00196776,0.00000000,0.00000000,0.00429489,0.00000000,0.00000000,0.00000000,0.00000000,0.00000000,0.00000000,0.00000000,0.00000000,0.01239304,0.00000000,0.18382467,0.00000000,0.00000000,0.00000000,0.00000000,0.12063295,0.00000000,0.00000000,0.00000000,0.00000000,0.00000000,0.00000000,0.00000000,0.00000000,0.00000000,0.00000000,0.00492464,0.00000000,0.00000000,0.00000000,0.00000000,0.02218095,0.00000000,0.00703024,0.00000000,0.13258007,0.00000000,0.00000000,0.00000000,0.00000000,0.00226186,0.00000000,0.00000000,0.00000000,0.00000000,0.00000000,0.00000000,0.00000000,0.00000000,0.00000000,0.00000000,0.00000000,0.00000000,0.00000000,0.00000000,0.00000000,0.00000000,0.00000000,0.00000000,0.00000000,0.00212757,0.00000000,0.00000000,0.00000000,0.00000000,0.00000000,0.00000000,0.00000000,0.00000000,0.00000000,0.00000000,0.01481835,0.00000000,0.00000000,0.00000000,0.00000000,0.00000000,0.00000000,0.00000000,0.00000000,0.00000000,0.00000000,0.00000000,0.00213015,0.00000000,0.00000000,0.00000000,0.00000000,0.00000000,0.00000000,0.00000000,0.00000000,0.00000000,0.00000000,0.00000000,0.04341761,0.00000000,0.00000000,0.00000000,0.00000000,0.00219652,0.00000000,0.00000000,0.00000000,0.00000000,0.00000000,0.00803755,0.00558345,0.00000000,0.02358160,0.00000000,0.00098246,0.00000000,0.00000000,0.00000000,0.00000000,0.00000000,0.00000000,0.00000000,0.00000000,0.00000000,0.00000000,0.00000000,0.00000000,0.00000000,0.00000000,0.00000000,0.00000000,0.00000000,0.02142354,0.00000000,0.01555418,0.00000000,0.00000000,0.00000000,0.00000000,0.00000000,0.00000000,0.00000000,0.00733575,0.00000000,0.00000000,0.00000000,0.00000000,0.00000000,0.00000000,0.00000000,0.00000000,0.00000000,0.00469207,0.00000000,0.00000000,0.00000000,0.00000000,0.00000000,0.00000000,0.00000000,0.00000000,0.00000000,0.00000000,0.00000000,0.00000000,0.00000000,0.00000000,0.00000000,0.00000000,0.00563437,0.00000000,0.00000000,0.00000000,0.00000000,0.00000000,0.00000000,0.00000000,0.00000000,0.00000000,0.00000000,0.00000000,0.00000000,0.00000000,0.00000000,0.00173535,0.00000000,0.00000000,0.00000000,0.00000000,0.00000000,0.00000000,3.35381625,0.00000000,0.00000000,0.00000000,0.00000000,0.00000000,0.00182178,0.00000000,0.00000000,0.00130008,0.00374229,0.00000000,0.00000000,0.00000000,0.00000000,0.00000000,0.00000000,0.10615929,0.00253915,0.00000000,0.00000000,0.00000000,0.00000000,0.00000000,0.00000000,0.00000000,0.00000000,0.00000000,0.00000000,0.00000000,0.00000000,0.00000000,0.00249317,0.00000000,0.00000000,0.00000000,0.00000000,0.00000000,0.00000000,0.00000000,0.00000000,0.00185406,0.00000000,0.00000000,0.00000000,0.00000000,0.00000000,0.00000000,0.00000000,0.00000000,0.00000000,0.00000000,0.00000000,0.00693233,0.00000000,0.00000000,0.00000000,0.00000000,0.00000000,0.03046857,0.00000000,0.00000000,0.00000000,0.00000000,0.00000000,0.00000000,0.00000000,0.00000000,0.00000000,0.00000000,0.00000000,0.00000000,0.01189976,0.00000000,0.00000000,0.00000000,0.00000000,0.00000000,0.00000000,0.00000000,0.00000000,0.00000000,0.00000000,0.00000000,0.00000000,0.00000000,0.06211555,0.00000000,0.00000000,0.00000000,0.00000000,0.00000000,0.00000000,0.00000000,0.00000000,0.00000000,0.00097768,0.00000000,0.00000000,0.00000000,0.00000000,0.01704809,0.00000000,0.00000000,0.00000000,0.00000000,0.00000000,0.00000000,0.00000000,0.00000000,0.00000000,0.00000000,0.00000000,0.00000000,0.00000000,0.00000000,0.00000000,0.00000000,0.00000000,0.00000000,0.00000000,0.00000000,0.02761797,0.00000000,0.00443726,0.00000000,0.00000000,0.00000000,0.00000000,0.00000000,0.00000000,0.00000000,0.00000000,0.00000000,0.00000000,0.00000000,0.00000000,0.00000000,0.56593923,0.00000000,0.00000000,0.00000000,0.00000000,0.01988017,0.00000000,0.00000000,0.01133864,0.00000000,0.00480501,0.00000000,0.00000000,0.06489472,0.00000000,0.00000000,0.00579383,0.00000000,0.00791844,0.00775597,0.00000000,0.00000000,0.00000000,0.00000000,0.00000000,0.00000000,0.00000000,0.00112529,0.00000000,0.00000000,0.00000000,0.00000000,0.00625265,0.00000000,0.00000000,0.00000000,0.00000000,0.00000000,0.00000000,0.00000000,0.00000000,1.58905038,0.00000000,0.00000000,0.00000000,0.00000000,0.00000000,0.00000000,0.00000000,0.00000000,0.00000000,0.00000000,0.04606715,0.00000000,0.00000000,0.00000000,0.00000000,0.00000000,0.05330573,0.00000000,0.00000000,0.00000000,0.00000000,0.00113995,0.00000000,0.00000000,0.00000000,0.00000000,0.00000000,0.01845961,0.00000000,0.01054228,0.00000000,0.00000000,0.00000000,0.04801764,0.00000000,0.00000000,0.03434355,0.00000000,0.00000000,0.00000000,0.00000000,0.00604984,0.00248555
0.00000000,0.00000000,0.00000000,0.00000000,0.00000000,0.04612164,0.00000000,0.00000000,0.00000000,0.00000000,0.00000000,0.00000000,0.00000000,0.00000000,0.00000000,0.00000000,0.00000000,0.00000000,0.00000000,0.00000000,0.00000000,0.00000000,0.00000000,0.00000000,0.00000000,0.00000000,0.00000000,0.02549757,0.00000000,0.00000000,0.00000000,0.00000000,0.00000000,0.00000000,0.00000000,0.00000000,0.00000000,0.00000000,0.00000000,0.00000000,0.00000000,0.51397700,0.00000000,0.00000000,0.00000000,0.00000000,0.00000000,0.00000000,0.00000000,0.00000000,0.00560679,0.00000000,0.00000000,0.17114262,0.25158477,0.00000000,0.00000000,0.00000000,0.00000000,0.00000000,0.00000000,0.00000000,0.01248051,0.00000000,0.00000000,0.00000000,0.00000000,0.01158951,0.00000000,0.00000000,0.00000000,0.00000000,0.00535055,1.70359870,0.00000000,0.00000000,0.00000000,0.00000000,0.00000000,0.00126242,0.00000000,0.00000000,0.00000000,0.00000000,0.00000000,0.00000000,0.00000000,0.00000000,0.00280127,0.00000000,0.00000000,0.00000000,0.00000000,0.00000000,0.00000000,0.00000000,0.00000000,0.00000000,0.00000000,0.00000000,0.00000000,0.00000000,0.00384628,0.00000000,0.00000000,0.00000000,0.00000000,0.00000000,0.00000000,0.00000000,0.00000000,0.00000000,0.04419801,0.00290040,0.00000000,0.00345588,0.00000000,0.00000000,0.00000000,0.00000000,0.00482126,0.19017964,0.00000000,0.00000000,0.00000000,0.00000000,0.00000000,0.00000000,0.00000000,0.00000000,0.00000000,0.00000000,0.00000000,0.00000000,0.00000000,0.00000000,0.00000000,0.00000000,0.00000000,0.00000000,0.00000000,0.00000000,0.00000000,0.00000000,0.00000000,0.00000000,0.00000000,0.00000000,0.00000000,0.00000000,0.00000000,0.00000000,0.00253814,0.00000000,0.00000000,0.00000000,0.00000000,0.00000000,0.00000000,0.00000000,0.00000000,0.01203635,0.00000000,0.00000000,0.00000000,0.03970558,0.00000000,0.00000000,0.00000000,0.08813435,0.00000000,0.00000000,0.00000000,0.00000000,0.00000000,0.00000000,0.07655191,0.00000000,0.00000000,0.00669533,0.00000000,0.00000000,0.00000000,0.00000000,0.00000000,0.00000000,0.00000000,0.00059542,0.00000000,0.00000000,0.00000000,0.00112789,0.00000000,0.00337691,0.00000000,0.03177490,0.00000000,0.00000000,0.01000883,0.00000000,0.00000000,0.00000000,0.00000000,0.96363801,0.00000000,0.00000000,0.00000000,0.01251555,0.00000000,0.00000000,0.00000000,0.00000000,0.00237437,0.00000000,0.00105516,0.00000000,0.00000000,0.00000000,0.00000000,0.00000000,0.00000000,0.00000000,0.00000000,0.00000000,0.00000000,0.00000000,0.04230512,0.00000000,0.00000000,0.00000000,0.00000000,0.00000000,0.00000000,0.03926089,0.00000000,0.00000000,0.00000000,0.00000000,0.00000000,0.00000000,0.00232273,0.00000000,0.00000000,0.00000000,0.00000000,0.00000000,0.00000000,0.40311419,0.00000000,0.00000000,0.00000000,0.00000000,0.00000000,0.05067419,0.00000000,0.00000000,0.00492203,0.00000000,0.00000000,0.00320531,0.00000000,0.00000000,0.00000000,0.00000000,0.00000000,0.00000000,0.00000000,0.00000000,0.00000000,0.00000000,0.00000000,0.00000000,0.00000000,0.00000000,0.00081201,0.00000000,0.00422643,0.00000000,0.00000000,0.00000000,0.00000000,0.00000000,0.00000000,0.00000000,0.00000000,0.00399770,0.00000000,0.00000000,0.00000000,0.00000000,0.13247344,0.00000000,0.00230122,0.00000000,0.00000000,0.09863470,0.00000000,0.00000000,0.00000000,0.00000000,0.00000000,0.00000000,0.00000000,0.00000000,0.00000000,0.02515522,0.00000000,0.00000000,0.00000000,0.00000000,0.00000000,0.00000000,0.00000000,0.09383793,0.00000000,0.00514176,0.00000000,0.00000000,0.00000000,0.00000000,0.00000000,0.00295084,0.00000000,0.00000000,0.00000000,0.00000000,0.00000000,0.00000000,0.00000000,0.00000000,0.00000000,0.00000000,0.00000000,0.00000000,0.00000000,0.00000000,0.00088877,0.00000000,0.00000000,0.00000000,0.00000000,0.00000000,0.00000000,0.00000000,0.00000000,0.00000000,0.00000000,0.00000000,0.00000000,0.00000000,0.00000000,0.08028644,0.00000000,0.00000000,0.00666383,0.00000000,0.00000000,0.00000000,0.00000000,0.00000000,0.00966348,0.00000000,0.00000000,0.00000000,0.00000000,0.00000000,0.00000000,0.00000000,0.00724343,0.00000000,0.00000000,0.00000000,0.00000000,0.00000000,0.00000000,0.00000000,0.00000000,0.00246655,0.00000000,0.00000000,0.00000000,0.00000000,0.00000000,0.00000000,0.00000000,0.00000000,0.00000000,0.00000000,0.00000000,0.00000000,0.00000000,0.00225858,0.00000000,0.00000000,0.05193535,0.00000000,0.00000000,0.00000000,0.06120651,0.00000000,0.00000000,0.00000000,0.00000000,0.00000000,0.00094627,0.00000000,0.00000000,0.00000000,0.00000000,0.00000000,0.00000000,0.00000000,0.00000000,0.00000000,0.00000000,0.00000000,0.00000000,0.00000000,0.00000000,0.00000000,0.01729487,0.00000000,0.00000000,0.00000000,0.00000000,0.00000000,0.00000000,0.00637002,0.00000000,0.00000000,0.00000000,0.00000000,0.00000000,0.00000000,0.00000000,0.00000000,0.00000000,0.00000000,0.04519452,0.00000000,0.00000000,0.00000000,0.00000000,0.00000000,0.04735699,0.00000000,0.00000000,0.00000000,0.01069115,0.00000000,0.00000000,0.00000000,0.00000000,0.00000000,0.00000000,0.00000000,0.00000000,0.00000000,0.00000000,0.00000000,0.00000000,0.00000000,0.00000000,0.00000000,0.00000000,0.00000000,0.03150625,0.00000000,0.00000000,0.00000000,0.23797965,0.00000000,0.00000000,0.00000000,0.00000000,0.00000000,0.03518188,0.00000000,0.00000000,0.02884067,0.00000000,0.00000000,0.00000000,0.00000000,0.00000000,0.00000000,0.00000000,0.00000000,0.00000000,0.00000000,0.00000000,0.00000000,0.00000000,0.00000000,0.00000000,0.00000000,0.00000000,0.00000000,0.00000000,0.00000000,0.00000000,0.00000000,0.00000000,0.00272652,0.00000000,0.00000000,0.00000000,0.00000000,0.00000000,0.00000000,0.00000000,0.00000000,0.00000000,0.00000000,0.00000000,0.00000000,0.00000000,0.00000000,0.00000000,0.00000000,0.00000000,0.00903352,0.00000000,0.00000000,0.00000000,0.00771732,0.01813137,0.00270194,0.00000000,0.00000000,0.00000000,0.00000000,0.00000000,0.00000000,0.00000000,0.00000000,0.13251348,0.00000000,0.00000000,0.00162053,0.00000000,0.41609991,0.00000000,0.02893115,0.00000000,0.00000000,0.00000000,0.00000000,0.00000000,0.00000000,0.00000000,0.00000000,0.00000000,0.00000000,0.00000000,0.00377704,0.00000000,0.00000000,0.00000000,0.00000000,0.00000000,0.00000000,0.00000000,0.00000000,0.00000000,0.08265900,0.00000000,0.00000000,0.00000000,0.00000000,0.00000000,0.00000000,0.00000000,0.00000000,0.00000000,0.00000000,0.00000000,0.00000000,0.00000000,0.00000000,0.02684117,0.00000000,0.00000000,0.00000000,0.00000000,0.00315524,0.00000000,0.02540003,0.00000000,0.00000000,0.00000000,0.00000000,0.00000000,0.00000000,0.02083916,0.00000000,0.00000000,0.00000000,0.00000000,0.07554571,0.00000000,0.00000000,0.00000000,0.00357381,0.00000000,0.00000000,0.00000000,0.00000000,0.00000000,0.00000000,0.00000000,0.00387675,0.00240938,0.00000000,0.00000000,0.01915967,0.00000000,0.14782377,0.00000000,0.00000000,0.00000000,0.10555524,0.00000000,0.00000000,0.00000000,0.66255615,0.00000000,0.00000000,0.00000000,0.00000000,0.00000000,0.00000000,0.00000000,0.00000000,0.00000000,0.06731501,0.00000000,0.00000000,0.00000000,0.00000000,0.00000000,0.00000000,0.00000000,0.00000000,0.00000000,0.00000000,0.18674664,0.00000000,0.00000000,0.00000000,0.00000000,0.00000000,0.00000000,0.00204311,0.00000000,0.00000000,0.00000000,0.00000000,0.00699155,0.02347511,0.00000000,0.00000000,0.00000000,0.00000000,0.00000000,0.00000000,0.00000000,0.00000000,0.00000000,0.00000000,0.00000000,0.00000000,0.00000000,0.00000000,0.00000000,0.00000000,0.00000000,0.00000000,0.00000000,0.00000000,0.00000000,0.00000000,0.00000000,0.01567380,0.00000000,0.00000000,0.00000000,0.00000000,0.00000000,0.00055494,0.00000000,0.00000000,0.00000000,0.00000000,0.00240950,0.00000000,0.00000000,0.00000000,0.00000000,0.00000000,0.00000000,0.00000000,0.00000000,0.00000000,0.00000000,0.00000000,0.00000000,0.00000000,0.00000000,0.00000000,0.00451447,0.00000000,0.00000000,0.00000000,0.00000000,0.20145612,0.00000000,0.00000000,0.01720002,0.00000000,0.00000000,0.00000000,0.00000000,0.00000000,0.01583898,0.00000000,0.00000000,0.00000000,0.00000000,0.00000000,0.00000000,0.00000000,0.00000000,0.00000000,0.00751361,0.00000000,0.00000000,0.00000000,0.00000000,0.00000000,0.00000000,0.04127147,0.00000000,0.00683981,0.00000000,0.00000000,0.00000000,0.00397443,0.00151768,0.00000000,0.00000000,0.00000000,0.00000000,0.00000000,0.00000000,0.00796920,0.00000000,0.00000000,0.00000000,0.00000000,0.00000000,0.00000000,0.00000000,0.00000000,0.00000000,0.00000000,0.00000000,0.00000000,0.00000000,0.00000000,0.00000000,0.00000000,0.00000000,0.00000000,0.00000000,0.02617709,0.00000000,0.00000000,0.00000000,0.00000000,0.00090247,0.00000000,0.00000000,0.00000000,0.00000000,0.00000000,0.00000000,0.00277748,0.00000000,0.00000000,0.23314553,0.00000000,0.00000000,0.00000000,0.00000000,0.00000000,0.00000000,0.00000000,0.00000000,0.00000000
0.00000000,0.00000000,0.00000000,0.00000000,0.00000000,0.00000000,0.00000000,0.00000000,0.00000000,0.00000000,0.00000000,0.00000000,0.00279452,0.00000000,0.00000000,0.00000000,0.00582107,0.00000000,0.00000000,0.00000000,0.00000000,0.00191975,0.00000000,0.00100304,0.09694452,0.00000000,0.00000000,0.00000000,0.00000000,0.00000000,0.00000000,0.00000000,0.00000000,0.00000000,0.00000000,0.00000000,0.00000000,0.00000000,0.00000000,0.00000000,0.00000000,0.00000000,0.00000000,0.00000000,0.00000000,0.00000000,0.00000000,0.00000000,0.00000000,0.00000000,0.00000000,0.00000000,0.00000000,0.00116570,0.00000000,0.00000000,0.00000000,0.00000000,0.00000000,0.00000000,0.00000000,0.00000000,0.00000000,0.00000000,0.00080268,0.00000000,0.00000000,0.22878562,0.00000000,0.00000000,0.00000000,0.00967274,0.00000000,0.00000000,0.00303613,0.00288700,0.00000000,0.00000000,0.01256764,0.00000000,0.00000000,0.00000000,0.00000000,0.00000000,0.00000000,0.00000000,0.00000000,0.00000000,0.00000000,0.00566701,0.00000000,0.00000000,0.00000000,0.00000000,0.00000000,0.00000000,0.00000000,0.00000000,0.00000000,0.00000000,0.00000000,0.10547635,0.00000000,0.00000000,0.00000000,0.00000000,0.00000000,0.00000000,0.00000000,0.00000000,0.00000000,0.00000000,0.00000000,0.00000000,0.00000000,0.00000000,0.00000000,0.00000000,0.00000000,0.00000000,0.00000000,0.00000000,0.00000000,0.00000000,0.00126817,0.00000000,0.00000000,0.00000000,0.00000000,0.11798040,0.00000000,0.00000000,0.00000000,0.00000000,0.00000000,0.02112921,0.00000000,0.00000000,0.00842208,0.00000000,0.00000000,0.00000000,0.00000000,0.00000000,0.00000000,0.01943190,0.00000000,0.00000000,0.00000000,0.00000000,0.00000000,0.00000000,0.00000000,0.00000000,0.00000000,0.00000000,0.00000000,0.00000000,0.00250904,0.00000000,0.00000000,0.00000000,0.01807351,0.00000000,0.00000000,0.00000000,0.00000000,0.00000000,0.00250599,0.00000000,0.00000000,0.00000000,0.00000000,0.00000000,0.00000000,0.00283899,0.00000000,0.00000000,0.00000000,1.43729569,0.02320654,0.00000000,0.00000000,0.00000000,0.00000000,0.00000000,0.00000000,0.00000000,0.00000000,0.00000000,0.00000000,0.00000000,0.02065648,0.00000000,0.00000000,0.00000000,0.00000000,0.01032745,0.15636922,0.00000000,0.00000000,0.00000000,0.00000000,0.00657450,0.02205861,0.05016124,0.00000000,0.00000000,0.00000000,0.00000000,0.00826732,0.00000000,0.00000000,0.00000000,0.00000000,0.01985204,0.00000000,0.00000000,0.00000000,0.00000000,0.00000000,0.00000000,0.00000000,0.00000000,0.00000000,0.00175398,0.00000000,0.00000000,0.00000000,0.02107772,0.00000000,0.00000000,0.00000000,0.00000000,0.00000000,0.00000000,0.01886741,0.00000000,0.00000000,0.00000000,0.00000000,0.00000000,0.00000000,0.00000000,0.00000000,0.00000000,0.00000000,0.00000000,0.00000000,0.00000000,0.00000000,0.00000000,0.00000000,0.00000000,0.00000000,0.00000000,0.09696648,0.00000000,0.10095745,0.00000000,0.00000000,0.00000000,0.02984253,0.00000000,0.00000000,0.00000000,0.00000000,0.00000000,0.00000000,0.00000000,0.00000000,0.00000000,0.00000000,0.00000000,0.00000000,0.00000000,0.03004160,0.00000000,0.00000000,0.00000000,0.00000000,0.00000000,0.00000000,0.00000000,0.00000000,0.00000000,0.01813739,0.00000000,0.00000000,0.00000000,0.00000000,0.00260704,0.00000000,0.00000000,0.00000000,0.00000000,0.00988193,0.00000000,0.00000000,0.00000000,0.00000000,0.00000000,0.00000000,0.00000000,0.00000000,0.00297531,0.00000000,0.00000000,0.00000000,0.00000000,0.00000000,0.00000000,0.07450891,0.00000000,0.00000000,0.00000000,0.00000000,0.00000000,0.01104324,0.00000000,0.00000000,0.00000000,0.00000000,0.00000000,0.00000000,0.00000000,0.00000000,0.00325382,0.00000000,0.00000000,0.00000000,0.00000000,0.00000000,0.00000000,0.00000000,0.00000000,0.00000000,0.00000000,0.05680329,0.33082988,0.00000000,0.00000000,0.00000000,0.00000000,0.00000000,0.00000000,0.00000000,0.00264726,0.00000000,0.00000000,0.00000000,0.00000000,0.00000000,0.00000000,0.00000000,0.00000000,0.00000000,0.00000000,0.00000000,0.00413071,0.00000000,0.00000000,0.00000000,0.00000000,0.00570362,0.00000000,0.00000000,0.00684356,0.00000000,0.00000000,0.00000000,0.00000000,0.00000000,0.00000000,0.00000000,0.00000000,0.00000000,0.00000000,0.00208218,0.00000000,0.00000000,0.00000000,0.00000000,0.00000000,0.00000000,0.00000000,0.00000000,0.02905071,0.00000000,0.00000000,0.00000000,0.03528767,0.00778954,0.00000000,0.00000000,0.00000000,0.00000000,0.00000000,0.00000000,0.00000000,0.00000000,0.00000000,0.00000000,0.00000000,0.00000000,0.00000000,0.00000000,0.00000000,0.00000000,0.00000000,0.00096032,0.00000000,0.09571903,0.00000000,0.00000000,1.02752195,0.00000000,0.00000000,0.00000000,0.00000000,0.00000000,0.00000000,0.00000000,0.00000000,0.00000000,0.00000000,0.00000000,0.00000000,0.00000000,0.00000000,0.00000000,0.00000000,0.00000000,0.00000000,0.00547922,0.00000000,0.00000000,0.00000000,0.00000000,0.00000000,0.00638666,0.00000000,0.00000000,0.00000000,0.00000000,0.00000000,0.00000000,0.00000000,0.00000000,0.00000000,0.00165312,0.00000000,0.26539733,0.00000000,0.00000000,0.00000000,0.00000000,0.00000000,0.00000000,0.00000000,0.00000000,0.00112899,0.00550417,0.00000000,0.00000000,0.00000000,0.00000000,0.00320987,0.00000000,0.00000000,0.00000000,0.00000000,0.00000000,0.00000000,0.00000000,0.00000000,0.00431477,0.00000000,0.00000000,0.00778309,0.00000000,0.00730407,0.00000000,0.00000000,0.00396214,0.00272516,0.00000000,0.00000000,0.00000000,0.00000000,0.00000000,0.00000000,0.00000000,0.00000000,0.04827853,0.00000000,0.22079716,0.00000000,0.00000000,0.00000000,0.00000000,0.00000000,0.00000000,0.01649667,0.00000000,0.07330987,0.00000000,0.00000000,0.00000000,0.00000000,0.00000000,0.00000000,0.00000000,0.01338266,0.00000000,0.00000000,0.00000000,0.00000000,0.00000000,0.00000000,0.00000000,0.00000000,0.00000000,0.00000000,0.00000000,0.00000000,0.00000000,0.00000000,0.00000000,0.00000000,0.00000000,0.00000000,0.09790285,0.00000000,0.00000000,0.00000000,0.00000000,0.00000000,0.00000000,0.00374717,0.00000000,0.00000000,0.00000000,0.00000000,0.00000000,0.00098785,0.01983458,0.00000000,0.00000000,0.00000000,0.00000000,0.00000000,0.00000000,0.00000000,0.00000000,0.00000000,0.00000000,0.00000000,0.00000000,0.00000000,0.00000000,0.00000000,0.00000000,0.00061610,0.00000000,0.00000000,0.00000000,0.00000000,0.00000000,0.00000000,0.00000000,0.00000000,0.00000000,0.00000000,0.00000000,0.00000000,0.00000000,0.00000000,0.00000000,0.00137278,0.00000000,0.00000000,0.00000000,0.00000000,0.00000000,0.00000000,0.00000000,0.00000000,0.00000000,0.00000000,0.00000000,0.00000000,0.00000000,0.00000000,0.00000000,0.00000000,0.00000000,0.00000000,0.00103286,0.00185669,0.00000000,0.01164464,0.00000000,0.00000000,0.00000000,0.00000000,0.00000000,0.03669124,0.00000000,0.00000000,0.00105637,0.00405962,0.00000000,0.00000000,0.00000000,0.00000000,0.00000000,0.00000000,0.00000000,0.00000000,0.00000000,0.00531067,0.00000000,0.00000000,0.00000000,0.00000000,0.00000000,0.00000000,0.00000000,0.00593928,0.00000000,0.00000000,0.00000000,0.00627150,0.00000000,0.00000000,0.00000000,0.00000000,0.00381758,0.00000000,0.00000000,0.00000000,0.00000000,0.00000000,0.00000000,0.00000000,0.00000000,0.00000000,0.00000000,0.00000000,0.00000000,0.00000000,0.00000000,0.00000000,0.00834071,0.00000000,0.00000000,0.00000000,0.00000000,0.00000000,0.00000000,0.00000000,0.00000000,0.00000000,0.00000000,0.00000000,0.00000000,0.00000000,0.00000000,0.00000000,0.00000000,0.00000000,0.00000000,0.00000000,0.00000000,0.00000000,0.00000000,0.00343528,0.00000000,0.00000000,0.00000000,0.00000000,0.00000000,0.00000000,0.01243649,0.00000000,0.00000000,0.00000000,0.00000000,0.00000000,0.51499729,0.00286315,0.00000000,0.00000000,0.00000000,0.00000000,0.00000000,0.00000000,0.00000000,0.00000000,0.00000000,0.02523903,0.00000000,0.00000000,0.00000000,0.00000000,0.00000000,0.00000000,0.00000000,0.00000000,0.00158096,0.00000000,0.00000000,0.00000000,0.47698780,0.00000000,0.00000000,0.00000000,0.00000000,0.00000000,0.00000000,0.05061107,0.00000000,0.00000000,0.00000000,0.00000000,0.00000000,0.00000000,0.00000000,0.00000000,0.05075403,0.00219036,0.00000000,0.00000000,0.01202407,0.00000000,0.00000000,0.00000000,0.00000000,0.00000000,0.01110348,0.00000000,0.00000000,0.00000000,0.00000000,0.00000000,0.00117593,0.02643641,0.01408504,0.00000000,0.34766859,0.00000000,0.00000000,0.00000000,0.00000000,0.00000000,0.00000000,0.00000000,0.00000000,0.00000000,0.00000000,0.00000000,0.00000000,0.00000000,0.00000000,0.00000000,0.00000000,0.00000000,0.00000000,0.00000000,0.00000000,0.00352311,0.00000000,0.00000000,0.00000000,0.00000000,0.00000000,0.23767412,0.01606282,0.00862050,0.00000000,0.00000000,0.00000000,0.00000000,0.00000000,0.00000000,0.00000000,0.00000000,0.00000000,0.00000000,0.00000000,0.00000000,0.00000000,0.00000000,0.00000000,0.00000000,0.00000000,0.00000000,0.00000000,0.00000000
0.00000000,0.00000000,0.00000000,0.00117740,0.01846328,0.00000000,0.00000000,0.00000000,0.00000000,0.00000000,0.00000000,0.12282283,0.00000000,0.01574345,0.00206204,0.00000000,0.00000000,0.00000000,0.00000000,0.00000000,0.00000000,0.00000000,0.00000000,0.00138616,0.00000000,0.00372240,0.00000000,0.00000000,0.00000000,0.00000000,0.00000000,0.00000000,0.00000000,0.00000000,0.00000000,0.00000000,0.01592157,0.00000000,0.00000000,0.00000000,0.00000000,0.00000000,0.00000000,0.00000000,0.00000000,0.00000000,0.00301578,0.00000000,0.00000000,0.00000000,0.00000000,0.00000000,0.00000000,0.00000000,0.00000000,0.00000000,0.00000000,0.00000000,0.00000000,0.00000000,0.00000000,0.00000000,0.01876299,0.00000000,0.00657268,0.00000000,0.00349115,0.00000000,0.00000000,0.00000000,0.00000000,0.00000000,0.00000000,0.00000000,0.00000000,0.00000000,0.00000000,0.00000000,0.00000000,0.02152149,0.00000000,0.00000000,0.00000000,0.00000000,0.00246344,0.00000000,0.00000000,0.00000000,0.00000000,0.00000000,0.00000000,0.00427805,0.00000000,0.00000000,0.00000000,0.00000000,0.00000000,0.00000000,0.00000000,0.00000000,0.00000000,0.00000000,0.00000000,0.00000000,0.00000000,0.00000000,0.00000000,0.00000000,0.00000000,0.00000000,0.00000000,0.00000000,0.00000000,0.00000000,0.00000000,0.00000000,0.00000000,0.00000000,0.00000000,0.00000000,0.00000000,0.00000000,0.00000000,0.00000000,0.00000000,0.00000000,0.00000000,0.00000000,0.00000000,0.00000000,0.00000000,0.01768906,0.00000000,0.00000000,0.00000000,0.00398340,0.00000000,0.00000000,0.00000000,0.00000000,0.00000000,0.03742785,0.00641542,0.00000000,0.01184584,0.00000000,0.00000000,0.00000000,0.00000000,0.00000000,0.00000000,0.00000000,0.00000000,0.00000000,0.00000000,0.00000000,0.00000000,0.00000000,0.04678670,0.00000000,0.00000000,0.00000000,0.00000000,0.00000000,0.00000000,0.00000000,0.00000000,0.00000000,0.00000000,0.00000000,0.00000000,0.00000000,0.00000000,0.00000000,0.00314260,0.00000000,0.00000000,0.00000000,0.00064409,0.00000000,0.00000000,0.00000000,0.00000000,0.00000000,0.00000000,0.00000000,0.00000000,0.00000000,0.00000000,0.00000000,0.00000000,0.00000000,0.00000000,0.00000000,0.00000000,0.00000000,0.00166451,0.00000000,0.00651702,0.00000000,0.00000000,0.00000000,0.00000000,0.00000000,0.04227294,0.00000000,0.00000000,0.00000000,0.00000000,0.00000000,0.00000000,0.00000000,0.00000000,0.00000000,0.00299166,0.00000000,0.00000000,0.00213098,0.00000000,0.00000000,0.00000000,0.00000000,0.00000000,0.00000000,0.00379458,0.00000000,0.00545458,0.00000000,0.00000000,0.00000000,0.00000000,0.00000000,0.00000000,0.00000000,0.00000000,0.00000000,0.00000000,0.00000000,0.00000000,0.00000000,0.00000000,0.00000000,0.00000000,0.00000000,0.00000000,0.00000000,0.00000000,0.00000000,0.00000000,0.00000000,0.00000000,0.00000000,0.00000000,0.00000000,0.00000000,0.01841018,0.00000000,1.07848490,0.01084272,0.00000000,0.00000000,0.00000000,0.00000000,0.00000000,0.00000000,0.00000000,0.00000000,0.00000000,0.00139712,0.00000000,0.00000000,0.00000000,0.00000000,0.00000000,0.00000000,0.00000000,0.00000000,0.00000000,0.00000000,0.00072511,0.00437953,0.03762317,0.00000000,0.00000000,0.00000000,0.00586645,0.00000000,0.00000000,0.00000000,0.00000000,0.00000000,0.00000000,0.00000000,0.00453383,0.00000000,0.00000000,0.00000000,0.00000000,0.00000000,0.01210998,0.00000000,0.00000000,0.00000000,0.00000000,0.00000000,0.00158576,0.00000000,0.01750748,0.00000000,0.00000000,0.00000000,0.00000000,0.00000000,0.00000000,0.00000000,0.00000000,0.00000000,0.00000000,0.00000000,0.00000000,0.00000000,0.00203814,0.00000000,0.00000000,0.00580428,0.00000000,0.00000000,0.00000000,0.00000000,0.00000000,0.00000000,0.00000000,0.00000000,0.00000000,0.00992806,0.00000000,0.00000000,0.00000000,0.00000000,0.00462313,0.00290646,0.00000000,0.01538669,0.00000000,0.00000000,0.00000000,0.00000000,0.00000000,0.00000000,0.00000000,0.00000000,0.00000000,0.00000000,0.00000000,1.40238186,0.00000000,0.00244689,0.00000000,0.00000000,0.00000000,0.00000000,0.00000000,0.00000000,0.00000000,0.00000000,0.00000000,0.00000000,0.00000000,0.00000000,0.00000000,0.00000000,0.00000000,0.00000000,0.02683046,0.00000000,0.00000000,0.00000000,0.00000000,0.00000000,0.00000000,0.00000000,0.00000000,0.01384463,0.00000000,0.02326369,0.00000000,0.02546458,0.00000000,0.00000000,0.00000000,0.00000000,0.00000000,0.00268532,0.00000000,0.00000000,0.00000000,0.05037269,0.00000000,0.00317059,0.00000000,0.00000000,0.00000000,0.00000000,0.00000000,0.00000000,0.00000000,0.00000000,0.00000000,0.00863097,0.00000000,0.00149617,0.00000000,0.00000000,0.00000000,0.00000000,0.00000000,0.00000000,0.00000000,0.00000000,0.00000000,0.00000000,0.00000000,0.00000000,0.00000000,0.00617443,0.00000000,0.00000000,0.00000000,0.00000000,0.00000000,0.03838801,0.00000000,0.00000000,0.00000000,0.00000000,0.00000000,0.00000000,0.75604582,0.00000000,0.00000000,0.00000000,0.00000000,0.00458922,0.00000000,0.00000000,0.00000000,0.00000000,0.00000000,0.00000000,0.00000000,0.00000000,0.00000000,0.00000000,0.00000000,0.00000000,0.00000000,0.00000000,0.00000000,0.00000000,0.00000000,0.00000000,0.00209891,0.00000000,0.00000000,0.00000000,0.00418813,0.00000000,0.00000000,0.00000000,0.00000000,0.00000000,0.00000000,0.00000000,0.00000000,0.00000000,0.00000000,0.00000000,0.00000000,0.00000000,0.00000000,0.00000000,0.00000000,0.00000000,0.00000000,0.00000000,0.00000000,0.00000000,0.00000000,0.00000000,0.00000000,0.00000000,0.01453866,0.00000000,0.00000000,0.00000000,0.00000000,0.00000000,0.00000000,0.00000000,0.00000000,0.00000000,0.00000000,0.00000000,0.00000000,0.00000000,0.11856632,0.00000000,0.10542888,0.00000000,0.06539293,0.00000000,0.00000000,0.00000000,0.00000000,0.00468625,0.00117532,0.00000000,0.00427483,0.00000000,0.00150878,0.00000000,0.00000000,0.00000000,0.00000000,0.00000000,0.02537070,0.00000000,0.00000000,0.00000000,0.06863965,0.00000000,0.00000000,0.00000000,0.00000000,0.00000000,0.00000000,0.00000000,0.00000000,2.02073921,0.00000000,0.00000000,0.00000000,0.00000000,0.00000000,0.00000000,0.00000000,0.00000000,0.00000000,0.00000000,0.04496206,0.07316934,0.00000000,0.00000000,0.00000000,0.00000000,0.28957304,0.00000000,0.00000000,0.01477959,0.00000000,0.00000000,0.00000000,0.00000000,0.00000000,0.00000000,0.00000000,0.00000000,0.14459015,0.00000000,0.00000000,0.00000000,0.00000000,0.00000000,0.00000000,0.00000000,0.00000000,0.00000000,0.00000000,0.00000000,0.00000000,0.00000000,0.00000000,0.00000000,0.00000000,0.00000000,0.00266820,0.00000000,0.00000000,0.00000000,0.00000000,0.00000000,0.10615929,0.02083916,0.00000000,0.00000000,0.00000000,0.00000000,0.00000000,0.00000000,0.00000000,0.00000000,0.00000000,0.00000000,0.00000000,0.00000000,0.00000000,0.00000000,0.00000000,0.00000000,0.00000000,0.00000000,0.00000000,0.00000000,0.00000000,0.00000000,0.00000000,0.00000000,0.00000000,0.05650026,0.00000000,0.00000000,0.00278873,0.00000000,0.00000000,0.00576873,0.00000000,0.00000000,0.00000000,0.00000000,0.00000000,0.00309530,0.00000000,0.00000000,0.00000000,0.00000000,0.00000000,0.00154231,0.00000000,0.00000000,0.00000000,0.00000000,0.00000000,0.00000000,0.00000000,0.00000000,0.00000000,0.00000000,0.00000000,0.00000000,0.00000000,0.00000000,0.00000000,0.00000000,0.00000000,0.00000000,0.00000000,0.00000000,0.00000000,0.00000000,0.00000000,0.00000000,0.00000000,0.01036891,0.00000000,0.00089714,0.00000000,0.00000000,0.00000000,0.04269874,0.00000000,0.00000000,0.00000000,0.00000000,0.00000000,0.00000000,0.00000000,0.00000000,0.01656183,0.00000000,0.00934001,0.00000000,0.00000000,0.02347909,0.00000000,0.00000000,0.00000000,0.00000000,0.00000000,0.00000000,0.00624235,0.00000000,0.00000000,0.00000000,0.00000000,0.00000000,0.00000000,0.00000000,0.00000000,0.00000000,0.00000000,0.06054206,0.00000000,0.00000000,0.00200359,0.00000000,0.02216718,0.00000000,0.00229476,0.00350160,0.00000000,0.00000000,0.00000000,0.00000000,0.00000000,0.00000000,0.00000000,0.00000000,0.00000000,0.00000000,0.00000000,0.00191996,0.00000000,0.00000000,0.00252323,0.00000000,0.00000000,0.00000000,0.00000000,0.00000000,0.00000000,0.00000000,0.00000000,0.00000000,0.03824075,0.00000000,0.00000000,0.00000000,0.00000000,0.00000000,0.01297480,0.00589586,0.00000000,0.00799251,0.00000000,0.01509289,0.00000000,0.00000000,0.03631819,0.00000000,0.02977489,0.00000000,0.00000000,0.00000000,0.00000000,0.00000000,0.00000000,0.00000000,0.00000000,0.00000000,0.00000000,0.00000000,0.00000000,0.00000000,0.00000000,0.00000000,0.00000000,0.00000000,0.00000000,0.03819577,0.00000000,0.00000000,0.00000000,0.00000000,0.00000000,0.00000000,0.00000000,0.00000000,0.00000000,0.00564658,0.00000000,0.00000000,0.00000000,0.00000000,0.00000000,0.00000000,0.00000000,0.00000000,0.00000000,0.00000000,0.00503001,0.00000000,0.00000000,0.00173232,0.00000000,0.00000000,0.00000000,0.00000000,0.00000000,0.00000000,0.00000000
0.00000000,0.00000000,0.00000000,0.00000000,0.00000000,0.00000000,0.00000000,0.00000000,0.00150752,0.00000000,0.00000000,0.00000000,0.00000000,0.00000000,0.00000000,0.00000000,0.00000000,0.00000000,0.00000000,0.00000000,0.00000000,0.00000000,0.00000000,0.00000000,0.00000000,0.03005902,0.00000000,0.00000000,0.00000000,0.00000000,0.00000000,0.00000000,0.00000000,0.00000000,0.00213732,0.00000000,0.63406617,0.00000000,0.00000000,0.00290417,0.00000000,0.02002911,0.00000000,0.00000000,0.00000000,0.00000000,0.00000000,0.01400482,0.00000000,0.00000000,0.00000000,0.00000000,0.00791825,0.00382604,0.00570064,0.00722825,0.00000000,0.00000000,0.00000000,0.00000000,0.00000000,0.00000000,0.00000000,0.00000000,0.00000000,0.00000000,0.00000000,0.00000000,0.00000000,0.00000000,0.00000000,0.00000000,0.00000000,0.00468590,0.00000000,0.00000000,0.00000000,0.00000000,0.00000000,0.00000000,0.00000000,0.00000000,0.00000000,0.00000000,0.00000000,0.00000000,0.00000000,0.00000000,0.00000000,0.00000000,0.00000000,0.00000000,0.00000000,0.00000000,0.00113835,0.00000000,0.00000000,0.00000000,0.00000000,0.00000000,0.00000000,0.01505372,0.00000000,0.00000000,0.00000000,0.00000000,0.00000000,0.00000000,0.00000000,0.00000000,0.00000000,0.00000000,0.00000000,0.00000000,0.00000000,0.00000000,0.00000000,0.00000000,0.00000000,0.00000000,0.00000000,0.00000000,0.00000000,0.00000000,0.00000000,0.00000000,0.27282354,0.00464709,0.00000000,0.00000000,0.00000000,0.01585949,0.00000000,0.40497887,0.00000000,0.00000000,0.00000000,0.00373870,0.00000000,0.00000000,0.00000000,0.00000000,0.00000000,0.00000000,0.00000000,0.00000000,0.00909953,0.02520432,0.00000000,0.00000000,0.00000000,0.00000000,0.00000000,0.00000000,0.00000000,0.00000000,0.00000000,0.00382905,0.00091404,0.00923512,0.00187933,0.00000000,0.00000000,0.00000000,0.02585717,0.00000000,0.00000000,0.00000000,0.00000000,0.00000000,0.00000000,0.00000000,0.00000000,0.00000000,0.00000000,0.00000000,0.00000000,0.07111836,0.00000000,0.00537365,0.00000000,0.00000000,0.00000000,0.00000000,0.00000000,0.00000000,0.00000000,0.00000000,0.00864358,0.00000000,0.00000000,0.00000000,0.00000000,0.00000000,0.00000000,0.00000000,0.00000000,0.00000000,0.00368651,0.00000000,0.00000000,0.02251690,0.00000000,0.00000000,0.00000000,0.00000000,0.00000000,0.00000000,0.00000000,0.00000000,0.00000000,0.00000000,0.00209635,0.03058523,0.00000000,0.00000000,0.35753797,0.00000000,0.00000000,0.00000000,0.00000000,0.00000000,0.00000000,0.00000000,0.00000000,0.00000000,0.00000000,0.00000000,0.00000000,0.00000000,0.00000000,0.01629921,0.00000000,0.00000000,0.00000000,0.00000000,0.00000000,0.00000000,0.00000000,0.00000000,0.00235019,0.00000000,0.00000000,0.00000000,0.00000000,0.00000000,0.01466329,0.04973572,0.00000000,0.00000000,0.00000000,0.00000000,0.00000000,0.00000000,0.00000000,0.00000000,0.00000000,0.03220280,0.00173152,0.00000000,0.00000000,0.00000000,0.00000000,0.00000000,0.00000000,0.00000000,0.00000000,0.00000000,0.00000000,0.00000000,0.00000000,0.00000000,0.00000000,0.00000000,0.00000000,0.00000000,0.00000000,0.00000000,0.00000000,0.04100892,0.00000000,0.00000000,0.00000000,0.01506843,0.00000000,0.00000000,0.00000000,0.00000000,0.00817359,0.00000000,0.00000000,0.00923197,0.00000000,0.00000000,0.00000000,0.00000000,0.00000000,0.00000000,0.00000000,0.00000000,0.00000000,0.00000000,0.00000000,0.00594528,0.00000000,0.00000000,0.00000000,0.00000000,0.00000000,0.00539725,0.00000000,0.00000000,0.00000000,0.00000000,0.00000000,0.00000000,0.00000000,0.00000000,0.00000000,0.00000000,0.00000000,0.00000000,0.00276591,0.00000000,0.00000000,0.00000000,0.00000000,0.00000000,0.00000000,0.00000000,0.00000000,0.00000000,0.00000000,0.00000000,0.00000000,0.00000000,0.00000000,0.00000000,0.00000000,0.00000000,0.07617303,0.00283396,0.00000000,0.00000000,0.00000000,0.00000000,0.00000000,0.00000000,0.04578664,0.00000000,0.00161828,0.00000000,0.00000000,0.00000000,0.00000000,0.00000000,0.00000000,0.01281398,0.00000000,0.00000000,0.00000000,0.00000000,0.00000000,0.00000000,0.00000000,0.00000000,0.00000000,0.00000000,0.00000000,0.00000000,0.00000000,0.00000000,0.00000000,0.00000000,0.00000000,0.00000000,0.00476193,0.02635855,0.00000000,0.00000000,0.00000000,0.00000000,0.00165603,0.00000000,0.00000000,0.00000000,0.00000000,0.00000000,0.00000000,0.00000000,0.00000000,0.00000000,0.00000000,0.00000000,0.00643836,0.00000000,0.00000000,0.00000000,0.00000000,0.00000000,0.00000000,0.00000000,0.00000000,0.00000000,0.00000000,0.00000000,0.00000000,0.00000000,0.00000000,0.01818920,0.00000000,0.00000000,0.00000000,0.05718287,0.00000000,0.00000000,0.00000000,0.00000000,0.00000000,0.00000000,0.00104119,0.00000000,0.00000000,0.00000000,0.00000000,0.00068528,0.00000000,0.00000000,0.01913310,0.00000000,0.00000000,0.00000000,0.00000000,0.00000000,0.00000000,0.00000000,0.00000000,0.00000000,0.00000000,0.00000000,0.00000000,0.00000000,0.00000000,0.00000000,0.00000000,0.00000000,0.00000000,0.00000000,0.00000000,0.00000000,0.00000000,0.00000000,0.15996545,0.00000000,0.00000000,0.00000000,0.00228949,0.00000000,0.00000000,0.00000000,0.00000000,0.00000000,0.02333565,0.00000000,0.00000000,0.00000000,0.00000000,0.00000000,0.00000000,0.00000000,0.00000000,0.00000000,0.95138455,0.00000000,0.00000000,0.00000000,0.00000000,0.00000000,0.00000000,0.00000000,0.00205955,0.00000000,0.00000000,0.00000000,0.01803752,0.00000000,0.00000000,0.00000000,0.00000000,0.01888448,0.00000000,0.00169169,0.00000000,0.01178913,0.00000000,0.00000000,0.00000000,0.00000000,0.00000000,0.00000000,0.00000000,0.00000000,0.00000000,0.00708553,0.00000000,0.00000000,0.00000000,0.00000000,0.00000000,0.00000000,0.00000000,0.00000000,0.00000000,0.00000000,0.00000000,0.00000000,0.00000000,0.00408185,0.00000000,0.00000000,0.00000000,0.00000000,0.00000000,0.00000000,0.00000000,0.00000000,0.00000000,0.06706610,0.00000000,0.00000000,0.00000000,0.00000000,0.00000000,0.00000000,0.00000000,0.00000000,0.00000000,0.00000000,0.00000000,0.00000000,0.00000000,0.00000000,0.00000000,0.00000000,0.00000000,0.00000000,0.00000000,0.00000000,0.06523769,0.00000000,0.00833356,0.00000000,0.00000000,0.00000000,0.00000000,0.00095366,0.00000000,0.00000000,0.00288298,0.07452067,0.00847795,0.00000000,0.00000000,0.00000000,0.00000000,0.00000000,0.00000000,0.00000000,0.07120361,0.00107136,0.00000000,0.00000000,0.09412750,0.00000000,0.00000000,0.00000000,0.00000000,0.00000000,0.00000000,0.00000000,0.00000000,0.00000000,0.00000000,0.00000000,0.00000000,0.00811663,0.00000000,0.00000000,0.00000000,0.01977484,0.00000000,0.00253915,0.00000000,0.00000000,0.00000000,0.00000000,0.00000000,0.00000000,0.00000000,0.00000000,0.00000000,0.00000000,0.00000000,0.00000000,0.00000000,0.00000000,0.00000000,0.00000000,0.00000000,0.00000000,0.00000000,0.00000000,0.00000000,0.00000000,0.00000000,0.00000000,0.00000000,0.00000000,0.00000000,0.00000000,0.00000000,0.00000000,0.00000000,0.00000000,0.00000000,0.01817217,0.00000000,0.00000000,0.00000000,0.00000000,0.00000000,0.00000000,0.00000000,0.00000000,0.00000000,0.01033333,0.00000000,0.00000000,0.00000000,0.00000000,0.00000000,0.00000000,0.00000000,0.00533277,0.00000000,0.00000000,0.00000000,0.00000000,0.00000000,0.00000000,0.00000000,0.00752372,0.00000000,0.00000000,0.00000000,0.00000000,0.00000000,0.00000000,0.02250690,0.00000000,0.00000000,0.00000000,0.00000000,0.00000000,0.00000000,0.00000000,0.00000000,0.04709456,0.00000000,0.00000000,0.00000000,0.00000000,0.00000000,0.00000000,0.00000000,0.00000000,0.00000000,0.00000000,0.00000000,0.00000000,0.00000000,0.00000000,0.00000000,0.00000000,0.00000000,0.00000000,0.10544731,0.00000000,0.00000000,0.00000000,0.00000000,0.00000000,0.00451662,0.01011748,0.00000000,0.00000000,0.00000000,0.02899883,0.01069641,0.00000000,0.00000000,0.00378141,0.00000000,0.00416233,0.00000000,0.00000000,0.03431725,0.00000000,0.00000000,0.00314859,0.00677146,0.00000000,0.00000000,0.00000000,0.00000000,0.00000000,0.00000000,0.00000000,0.00000000,0.00000000,0.00000000,0.00000000,0.00000000,0.00000000,0.00000000,0.00000000,0.00000000,0.00000000,0.00000000,0.00000000,0.00000000,0.00000000,0.00000000,0.00000000,0.00000000,0.00902538,0.00639218,0.00000000,0.00000000,3.02460112,0.00000000,0.00000000,0.00000000,0.00000000,0.00000000,0.00000000,0.00000000,0.00000000,0.00000000,0.00000000,0.07859238,0.00000000,0.00000000,0.00000000,0.00129708,0.00000000,0.01116369,0.00000000,0.00000000,0.00000000,0.00000000,0.00000000,0.00000000,0.01120090,0.00000000,0.00000000,0.00000000,0.00000000,0.00000000,0.00000000,0.00000000,0.00000000,0.00000000,0.00000000,0.00000000,0.00000000,0.00000000,0.01597543,0.00000000,0.00000000,0.00000000,0.00000000,0.00000000,0.00000000,0.00000000,0.00480439,0.00000000,0.00000000,0.00000000,0.00062180,0.00222472,0.00000000,0.00000000,0.00000000,0.02044043,0.01861263,0.00000000,0.00000000,0.00000000,0.00000000
0.05339262,0.00000000,0.00000000,0.00000000,0.00000000,0.00000000,0.00000000,0.00000000,0.00240034,0.00000000,0.00000000,0.00000000,0.00862636,0.00000000,0.00000000,0.00000000,0.00000000,0.00000000,1.50965291,0.00000000,0.00000000,0.00000000,0.00915863,0.00000000,0.00000000,0.00000000,0.00000000,0.00000000,0.00000000,0.00000000,0.00000000,0.00000000,0.00221316,0.00000000,0.00000000,0.00000000,0.00000000,0.00000000,0.00000000,0.00000000,0.00000000,0.00055722,0.00000000,0.00000000,0.00000000,0.00415391,0.00000000,0.00000000,0.00000000,0.00000000,0.00000000,0.00000000,0.00000000,0.00000000,0.00000000,0.00000000,0.00000000,0.00000000,0.03503447,0.00000000,0.00000000,0.00000000,0.00000000,0.00000000,0.00000000,0.00000000,0.00000000,0.08187377,0.00000000,0.00000000,0.00087826,0.02091617,0.00000000,0.00000000,0.00000000,0.00000000,0.00000000,0.00000000,0.00000000,0.00000000,0.00267935,0.00000000,0.00000000,0.00000000,0.00000000,0.00000000,0.00000000,0.00000000,0.00000000,0.00000000,0.05615225,0.00000000,0.00000000,0.00000000,0.00803213,0.00000000,0.00000000,0.00000000,0.00000000,0.00000000,0.00000000,0.00000000,0.00000000,0.00000000,0.00436087,0.00000000,0.00000000,0.00000000,0.00000000,0.00000000,0.00427324,0.00000000,0.00000000,0.00000000,0.00000000,0.00255170,0.00000000,0.00000000,0.00000000,0.00000000,0.00000000,0.00000000,0.00000000,0.00000000,0.00234660,0.04328078,0.00000000,0.00000000,0.00000000,0.00000000,0.01726457,0.00000000,0.00000000,0.00000000,0.00000000,0.00264813,0.00000000,0.00000000,0.00000000,0.00000000,0.00000000,0.00000000,0.00000000,0.00000000,0.00000000,0.00000000,0.00000000,0.00000000,0.00000000,0.00000000,0.00380619,1.12840781,0.00000000,0.00000000,0.00000000,0.00000000,0.00000000,0.00000000,0.00000000,0.00000000,0.00000000,0.00325637,0.00000000,0.00000000,0.00000000,0.00000000,0.00000000,0.00000000,0.00271383,0.00000000,0.00000000,0.00000000,0.00000000,0.00000000,0.01037706,0.00000000,0.00306821,0.00000000,0.00000000,0.00000000,0.00000000,0.00000000,0.00000000,0.01793216,0.00190745,0.00000000,0.00000000,0.00000000,0.00000000,0.00000000,0.00000000,0.01636599,0.00000000,0.00000000,0.00000000,0.00000000,0.00000000,0.00000000,0.00000000,0.00000000,0.00000000,0.00000000,0.00397430,0.00000000,0.00000000,0.00000000,0.00000000,0.00000000,0.00000000,0.00075381,0.01178932,0.00000000,0.02305420,0.00000000,0.00000000,0.00000000,0.00000000,0.02166122,0.00000000,0.00000000,0.00000000,0.00000000,0.00000000,1.01364978,0.00000000,0.00000000,0.00000000,0.00000000,0.00000000,0.00000000,0.08297836,0.00000000,0.00000000,0.00000000,0.00000000,0.00000000,0.07231391,0.00000000,0.00000000,0.00000000,0.00000000,0.00000000,0.00000000,0.00000000,0.00000000,0.00000000,0.00000000,0.00000000,0.00000000,0.00000000,0.00000000,0.00000000,0.00000000,0.00000000,0.00000000,0.00000000,0.00000000,0.00000000,0.00000000,0.00000000,0.00000000,0.00000000,0.00306973,0.00000000,0.00000000,0.01621474,0.00000000,0.00000000,0.00000000,0.00000000,0.00000000,0.00529387,0.00000000,0.00000000,0.00000000,0.06853445,0.00000000,0.00000000,0.00000000,0.00000000,0.00000000,0.00000000,0.00000000,0.00000000,0.00000000,0.55074091,0.00000000,0.00000000,1.00421406,0.00000000,0.00000000,0.00000000,0.00000000,0.00000000,0.00000000,0.00000000,0.00000000,0.00000000,0.00000000,0.00000000,0.00000000,0.00000000,0.00000000,0.00000000,0.00000000,0.00000000,0.00000000,0.00000000,0.00000000,0.00000000,0.00000000,0.00000000,0.00000000,0.00000000,0.00000000,0.00000000,0.00000000,0.00000000,0.00667735,0.00000000,0.00000000,0.09778515,0.01618629,0.00000000,0.00000000,0.00000000,0.00000000,0.00000000,0.00000000,0.00000000,0.48101572,0.00000000,0.00000000,0.00277296,0.00000000,0.00000000,0.00000000,0.00000000,0.00000000,0.00000000,0.00000000,0.00000000,0.00000000,0.00000000,0.00000000,0.00000000,0.00000000,0.00000000,0.00000000,0.00000000,0.00000000,0.00000000,0.00000000,0.00000000,0.00000000,0.00000000,0.00000000,0.00000000,0.00000000,0.00000000,0.00514384,0.00000000,0.00000000,0.00000000,0.00000000,0.00565230,0.00573839,0.00000000,0.00000000,0.00000000,0.00000000,0.00000000,0.00000000,0.00000000,0.00000000,0.00000000,0.00000000,0.00000000,0.00000000,1.53870480,0.00000000,0.00000000,0.00000000,2.11023496,3.88410678,0.00000000,0.00000000,0.00000000,0.00000000,0.00000000,0.00000000,0.00364755,0.00000000,0.00000000,0.00000000,0.00000000,0.00000000,0.00000000,0.00000000,0.00262797,0.00000000,0.00000000,0.00000000,0.00000000,0.00000000,0.00000000,0.00000000,0.00000000,0.00121257,0.00000000,0.00000000,0.00000000,0.00854388,0.00000000,0.00000000,0.00000000,0.00000000,0.00000000,0.00000000,0.00395082,0.00000000,0.00000000,0.00000000,0.00000000,0.00516736,0.02637243,0.00000000,0.00000000,0.00000000,0.00000000,0.00000000,0.00000000,0.00000000,0.00000000,0.00000000,0.00000000,0.00000000,0.00000000,0.00000000,0.01147852,0.00000000,0.00000000,0.00000000,0.01068104,0.00000000,0.00000000,0.00000000,0.00116212,0.00000000,0.00000000,0.00781956,0.00000000,0.00000000,0.00000000,0.00000000,0.00000000,0.00000000,0.01804209,0.00000000,0.00000000,0.00000000,0.00000000,0.00000000,0.00743788,0.00226321,0.00000000,0.00000000,0.00000000,0.00000000,0.00000000,0.00000000,0.00626442,0.00000000,0.00000000,0.00000000,0.00000000,0.00000000,0.00000000,0.00000000,0.00211938,0.00000000,0.00000000,0.00000000,0.00000000,0.00000000,0.00000000,0.00000000,0.01196327,0.03715125,0.00000000,0.00000000,0.00248417,0.00000000,0.00902893,0.00000000,0.00000000,0.00000000,0.00000000,0.00000000,0.02543356,0.00000000,0.00503997,0.00000000,0.00000000,0.00000000,0.00000000,0.00000000,0.00000000,0.00000000,0.00000000,0.00000000,0.00000000,0.00000000,0.00000000,0.00000000,0.00000000,0.02027624,0.00000000,0.00000000,0.00000000,0.00000000,0.00000000,0.00000000,0.00000000,0.00000000,0.00000000,0.00000000,0.00000000,0.00000000,0.00000000,0.00000000,0.00000000,0.00612497,0.00000000,0.00000000,0.00000000,0.00000000,0.01224067,0.00000000,0.00000000,0.00975412,0.00000000,0.00000000,0.00000000,0.00000000,0.02440028,0.00000000,0.00000000,0.00000000,0.00000000,0.05941900,0.00000000,0.00000000,0.00388636,0.00000000,0.00000000,0.00000000,0.00000000,0.00000000,0.00000000,0.00000000,0.00000000,0.00000000,0.00000000,0.00000000,0.00000000,0.00000000,0.00000000,0.00000000,0.00000000,0.00287501,0.00000000,0.00000000,0.00000000,0.00000000,0.00000000,0.00000000,0.00000000,0.00000000,0.00000000,0.11439186,0.01389271,0.00000000,0.00000000,0.00000000,0.00000000,0.00000000,0.00000000,0.00000000,0.00000000,0.61206893,0.00000000,0.00000000,0.00000000,0.00000000,0.00000000,0.00000000,0.00000000,0.00700714,0.00000000,0.00000000,0.00000000,0.00000000,0.00000000,0.00000000,0.00000000,0.00000000,0.00357735,0.00000000,0.00000000,0.00000000,0.00000000,0.00000000,0.00000000,0.00000000,0.00189242,0.00000000,0.00000000,0.00000000,0.00000000,0.00000000,0.00000000,0.00000000,0.00964602,0.00000000,0.00000000,0.00000000,0.00000000,0.00000000,0.00000000,0.00000000,0.00000000,0.00000000,0.00000000,0.00000000,0.00000000,0.00195152,0.00000000,0.00000000,0.00000000,0.00000000,0.00000000,0.00000000,0.00000000,0.00000000,0.00000000,0.00000000,0.00000000,0.00000000,0.00000000,0.00000000,0.00000000,0.00333971,0.00000000,0.00000000,0.00000000,0.00000000,0.00000000,0.00000000,0.00000000,0.00000000,0.00000000,0.00000000,0.00000000,0.00000000,0.00000000,0.00000000,0.00146605,0.00000000,0.00000000,0.00343043,0.00000000,0.00000000,0.00000000,0.00000000,0.00000000,0.00000000,0.00119724,0.00000000,0.00000000,0.00000000,0.00000000,0.00000000,0.00000000,0.00000000,0.00000000,0.00000000,0.00000000,0.00000000,0.00000000,0.00000000,0.00000000,0.00349525,0.00000000,0.00000000,0.00000000,0.00000000,0.00000000,0.00000000,0.00000000,0.00000000,0.00000000,0.00000000,0.00000000,0.00000000,0.00000000,0.00431712,0.00000000,0.00000000,0.00000000,0.00000000,0.00673808,0.00000000,0.00183657,0.00000000,0.00000000,0.00000000,0.00000000,0.00000000,0.00000000,0.00000000,0.00000000,0.00000000,0.00000000,0.02029086,0.00000000,0.00000000,0.00000000,0.00000000,0.00000000,0.00854842,0.00000000,0.00000000,0.00000000,0.00000000,0.00000000,0.00000000,0.00000000,0.00000000,0.00000000,0.00000000,0.00000000,0.00000000,0.00603441,0.00000000,0.00000000,0.00000000,0.00000000,0.00000000,0.00908613,0.00000000,0.00000000,0.00000000,0.00000000,0.01178654,0.00000000,0.00000000,0.00000000,0.00000000,0.00000000,0.00000000,0.00000000,0.01862264,0.00000000,0.00000000,0.00000000,0.00000000,0.00000000,0.00000000,0.00000000,0.00000000,0.00000000,0.00243573,0.00000000,0.00000000,0.77680931,0.00000000,0.00000000,0.00000000,0.00000000,0.01507718,0.00000000,0.00000000,0.00000000,0.00000000,0.00000000,0.01831039,0.00000000,0.00000000,0.12582498,0.00000000,0.00000000,0.00000000,0.00000000,0.00000000,0.00252964,0.00000000,0.00000000,0.00000000,0.00000000
0.00000000,0.00000000,0.00000000,0.00000000,0.00000000,0.00000000,0.00000000,0.00000000,0.00000000,0.00326822,0.00110598,0.00000000,0.00000000,0.00000000,0.00000000,0.00000000,0.00000000,0.00000000,0.00000000,0.00000000,0.00000000,0.00000000,0.00000000,0.00000000,0.00000000,0.00000000,0.00000000,0.00000000,0.00510256,0.00000000,0.00000000,0.17339200,0.00000000,0.00000000,0.01195473,0.00000000,0.01216817,0.04336112,0.00000000,0.00719715,0.00000000,0.00000000,0.00000000,0.00000000,0.00000000,0.00000000,0.00000000,0.00000000,0.00000000,0.00000000,0.00000000,0.00127650,0.00000000,0.00000000,0.00000000,0.00000000,0.00000000,0.00000000,0.00000000,0.00000000,0.00000000,0.00000000,0.00000000,0.00000000,0.00000000,0.00490855,0.00000000,0.00000000,0.00000000,0.00000000,0.00000000,0.00000000,0.00000000,0.00000000,0.00000000,0.02273627,0.00000000,0.74101174,0.00000000,0.00000000,0.00000000,0.00000000,0.00000000,0.00000000,0.00000000,0.00000000,0.00000000,0.16527837,0.00000000,0.00000000,0.00000000,0.00000000,0.00000000,0.00000000,0.00000000,0.02513616,0.00000000,0.00151105,0.00000000,0.00000000,0.18881575,0.00000000,0.00000000,0.00000000,0.00000000,0.00000000,0.00000000,0.00000000,0.00000000,0.00000000,0.00000000,0.00000000,0.00000000,0.00000000,0.00000000,0.00000000,0.00000000,0.00000000,0.00000000,0.00000000,0.07748856,0.00000000,0.00000000,0.00000000,0.00000000,0.00000000,0.00000000,0.00000000,0.00000000,0.00000000,0.00000000,0.00000000,0.00000000,0.00000000,0.00092261,0.00000000,0.00000000,0.00000000,0.00000000,0.00000000,0.00000000,0.00000000,0.00000000,0.00000000,0.00447623,0.00000000,0.00000000,0.00429153,0.00000000,0.00000000,0.01870431,0.00000000,0.00000000,0.00000000,0.00000000,0.00000000,0.00000000,0.00000000,0.00000000,0.00000000,0.00000000,0.00247806,0.00000000,0.00000000,0.00150125,0.00000000,0.05795852,0.00000000,0.00000000,0.00000000,0.00000000,0.00000000,0.00000000,0.00000000,0.00202064,0.01004573,0.00000000,0.00000000,0.00000000,0.00000000,0.00000000,0.00000000,0.00000000,0.00000000,0.00000000,0.00000000,0.00000000,0.00000000,0.00000000,0.00000000,0.00000000,0.00000000,0.00000000,0.00000000,0.00000000,0.00000000,0.00000000,0.00000000,0.00000000,0.00000000,0.00000000,0.00000000,0.00000000,0.00000000,0.00000000,0.00000000,0.04710138,0.00000000,0.00000000,0.00000000,0.00000000,0.00000000,0.00221872,0.00000000,0.00000000,0.00723674,0.01998184,0.00000000,0.00000000,0.00322411,0.00000000,0.00698391,0.00000000,0.00000000,0.00091078,0.00000000,0.00000000,0.00000000,0.00000000,0.00000000,0.00000000,0.00000000,0.00000000,0.00000000,0.00000000,0.00000000,0.00000000,0.00000000,0.00000000,0.00000000,0.00000000,0.00000000,0.00000000,0.00000000,0.00000000,0.00000000,0.00000000,0.00000000,0.00000000,0.00000000,0.00000000,0.00461061,0.00000000,0.00000000,0.00000000,0.00000000,0.00000000,0.00000000,0.82269471,0.03128446,0.00000000,0.00000000,0.00000000,0.00000000,0.00000000,0.00000000,0.00000000,0.00000000,0.00472656,0.00000000,0.00786100,0.00000000,0.00000000,0.00000000,0.00000000,0.00000000,0.00000000,0.00000000,0.00000000,0.00000000,0.00000000,0.00000000,0.05438430,0.00000000,0.00000000,0.01088103,0.00000000,0.00000000,0.00000000,0.00000000,0.00000000,0.00000000,0.00000000,0.00000000,0.20789144,0.00000000,0.00000000,0.00000000,0.00000000,0.00000000,0.00000000,0.00000000,0.00000000,0.00817174,0.00000000,0.00000000,0.00000000,0.00000000,0.00000000,0.00000000,0.02410491,0.00000000,0.00000000,0.00000000,0.00690917,0.00000000,0.00000000,0.00000000,0.00000000,0.00000000,0.00000000,0.01167806,0.00000000,0.04163478,0.00000000,0.00000000,0.00000000,0.00000000,0.00000000,0.00000000,0.00000000,0.00000000,0.00330502,0.00000000,0.06856073,0.00000000,0.00000000,0.00000000,0.00000000,0.00000000,0.00000000,0.00000000,0.00000000,0.00000000,0.00000000,0.00000000,0.00000000,0.00000000,0.00000000,0.00000000,0.00000000,0.00000000,0.00000000,0.00000000,0.00000000,0.00000000,0.00493946,0.00000000,0.00000000,0.00000000,0.00000000,0.00000000,0.00000000,0.00000000,0.00000000,0.00000000,0.00000000,0.00000000,0.00000000,0.00000000,0.00000000,0.00000000,0.00000000,0.00000000,0.00000000,0.00000000,0.00000000,0.00000000,0.00144229,0.00000000,0.00000000,0.00000000,0.00000000,0.00000000,0.00000000,0.03124798,0.00000000,0.01902163,1.03946946,0.00000000,0.00000000,0.00211631,0.00000000,0.00000000,0.00000000,0.00000000,0.00000000,0.00000000,0.00000000,0.00000000,0.01035780,0.00000000,0.00505451,0.00000000,0.00000000,0.00000000,0.00000000,0.00000000,0.00000000,0.00000000,0.00000000,0.00000000,0.00000000,0.00000000,0.00000000,0.00075693,0.00000000,0.00000000,0.00000000,0.00000000,0.00000000,0.00145698,0.00000000,0.01122995,0.00570908,0.00000000,0.00000000,0.00000000,0.03120780,0.00000000,0.00000000,0.00000000,0.00000000,0.00000000,0.00000000,0.00000000,0.00000000,0.00000000,1.57357648,0.00000000,0.00000000,0.00000000,0.00000000,0.00000000,0.00000000,0.00000000,0.00000000,0.00000000,0.05693401,0.00000000,0.00000000,0.00000000,0.00000000,0.00000000,0.00000000,0.00000000,0.04325821,0.00000000,0.00000000,0.00000000,0.00000000,0.00000000,0.00000000,0.00000000,0.00000000,0.02308516,0.01779194,0.00000000,0.00000000,0.00000000,0.00000000,0.00000000,0.01034528,0.00000000,0.01052774,0.00450253,0.00000000,0.00000000,0.00000000,0.00582059,0.00000000,0.00000000,0.00368146,0.00000000,0.00000000,0.00370953,0.00000000,0.00000000,0.00000000,0.00000000,0.00000000,0.00000000,0.00000000,0.00000000,0.00000000,0.00000000,0.00000000,0.00000000,0.00387328,0.00000000,0.00000000,0.00000000,0.00000000,0.00000000,0.00000000,0.00000000,0.00000000,0.00000000,0.00000000,0.00000000,0.00000000,0.01298579,0.00000000,0.00000000,0.00000000,0.00000000,0.00000000,0.01685054,0.00000000,0.00000000,0.00000000,0.00000000,0.00000000,0.00000000,0.00000000,0.00000000,0.00118215,0.00000000,0.00000000,0.00000000,0.00000000,0.00000000,0.00000000,0.00000000,0.00000000,0.00000000,0.00000000,0.00000000,0.00000000,0.00000000,0.00000000,0.00000000,0.00000000,0.00000000,0.00000000,0.00000000,0.00000000,0.00000000,0.00239155,0.00000000,0.00000000,0.00000000,0.00509892,0.00000000,0.00000000,0.00476116,0.00000000,0.00000000,0.00000000,0.00000000,0.00000000,0.00000000,0.00000000,0.00000000,0.02827551,0.00000000,0.00000000,0.00311242,0.00000000,0.00000000,0.00000000,0.00000000,0.00000000,0.00000000,0.00000000,0.00000000,0.00000000,0.00000000,0.00918039,0.00000000,0.00000000,0.00000000,0.00000000,0.00000000,0.00000000,0.00000000,0.04423323,0.02222317,0.00000000,0.00000000,0.00000000,0.00000000,0.00000000,0.00000000,0.00000000,0.00000000,0.00000000,0.00000000,0.00000000,0.00000000,0.00000000,0.00000000,0.00000000,0.00000000,0.00000000,0.00000000,0.00000000,0.00000000,0.00550004,0.00000000,0.00000000,0.00000000,0.00182692,0.00000000,0.00000000,0.00000000,0.00000000,0.00000000,0.00000000,0.00000000,0.00000000,0.00432315,0.00000000,0.17753768,0.00701983,0.00000000,0.00000000,0.00000000,0.00000000,0.00000000,0.00000000,0.00000000,0.00709977,0.00000000,0.00000000,0.00000000,0.00000000,0.00000000,0.00000000,0.00000000,0.00000000,0.00000000,0.00000000,0.00000000,0.00000000,0.00000000,0.15845774,0.00000000,0.00000000,0.15847672,0.02018104,0.00000000,0.00000000,0.00000000,0.00000000,0.00000000,0.00000000,0.00000000,0.00000000,0.00000000,0.02290935,0.00000000,0.00000000,0.00000000,0.00000000,0.00000000,0.00000000,0.00000000,0.00000000,0.00000000,0.00000000,0.00000000,0.00000000,0.00000000,0.00000000,0.00000000,0.00000000,0.00000000,0.00000000,0.00000000,0.00000000,0.00000000,0.00000000,0.00000000,0.00000000,0.00000000,0.00000000,0.00000000,0.00000000,0.00000000,0.00000000,0.00000000,0.00000000,0.00000000,0.00000000,0.00000000,0.00000000,0.00000000,0.00000000,0.00000000,0.00000000,0.00000000,0.00000000,0.05350685,0.00000000,0.00000000,0.00000000,0.00000000,0.00000000,0.00000000,0.00000000,0.00000000,0.01445176,0.00000000,0.00408541,0.01774577,0.00000000,0.15510377,0.00000000,0.00000000,0.00000000,0.00000000,0.00000000,0.00000000,0.00000000,0.00000000,0.00000000,0.00423611,0.00000000,0.00000000,0.00000000,0.00000000,0.00000000,0.00000000,0.00000000,0.00000000,0.00000000,0.00000000,0.00338071,1.23247803,0.00000000,1.81716260,0.00000000,0.00000000,0.00000000,0.00000000,0.00000000,0.00000000,0.00000000,0.00000000,0.00000000,0.03124793,0.00000000,0.00000000,0.00000000,0.15886345,0.00000000,0.00000000,0.00000000,0.00000000,0.00000000,0.00000000,0.00000000,0.00000000,0.59163215,0.01342281,0.00000000,0.00551512,0.00000000,0.00000000,0.01147821,0.00000000,0.00000000,0.00000000,0.00000000,0.03927970,0.00000000,0.00000000,0.00000000,0.00000000,0.00000000,0.00194321,0.00000000,0.00000000,0.00000000,0.00000000,0.00000000,0.00000000,0.01725242,0.00000000,0.00000000,0.00000000,0.00000000,0.00435554,0.00000000,0.00000000,0.00000000,0.00000000,0.00000000,0.00346575
0.00000000,0.00000000,0.03524999,0.00416230,0.00000000,0.00000000,0.00000000,0.00000000,0.00000000,0.00000000,0.00000000,0.00349890,0.00000000,0.00000000,0.00197601,0.00000000,0.00000000,0.00000000,0.00000000,0.00000000,0.00000000,0.00000000,0.00597182,0.00000000,0.00000000,0.00000000,0.00000000,0.00000000,0.00000000,0.00000000,0.00000000,0.00000000,0.00000000,0.00000000,0.00000000,0.09718871,0.00000000,0.00000000,0.00000000,0.00000000,0.00000000,0.00000000,0.00000000,0.00000000,0.00000000,0.00000000,0.00000000,0.00000000,0.19866986,0.00000000,0.00000000,0.00000000,0.00000000,0.00000000,0.00000000,0.00000000,0.00000000,0.00000000,0.00000000,0.00000000,0.00000000,0.00000000,0.00435153,0.00487102,0.00000000,0.00000000,0.00000000,0.00000000,0.03281417,0.00000000,0.00000000,0.08369899,0.00000000,0.00000000,0.00000000,0.00000000,0.00000000,0.00000000,0.00150135,0.00000000,0.00000000,0.00000000,0.00000000,0.00000000,0.00000000,0.00000000,0.00000000,0.00000000,0.00000000,0.00900369,0.00102201,0.00000000,0.00000000,0.00000000,0.03732546,0.00000000,0.00000000,0.00000000,0.00000000,0.00000000,0.00000000,0.00000000,0.00000000,0.00000000,0.00000000,0.00622867,0.04067257,0.00000000,0.00000000,0.00000000,0.00000000,0.00000000,0.00000000,0.05853150,0.00000000,0.00000000,0.00000000,0.00000000,0.13644538,0.00000000,0.00000000,0.00000000,0.00000000,0.00000000,0.00000000,0.00000000,0.00000000,0.00000000,0.00000000,0.00000000,0.00000000,0.00000000,0.00000000,0.00000000,0.00000000,0.00000000,0.00000000,0.00000000,0.00000000,0.00000000,0.00000000,0.01527883,0.00000000,0.00000000,0.00117563,0.00000000,0.00000000,0.00000000,0.00353692,0.00000000,0.00000000,0.01018063,0.00000000,0.00000000,0.00000000,0.00000000,0.00000000,0.00328955,0.00000000,0.00000000,0.00000000,0.00000000,0.00000000,0.00000000,0.00000000,0.00000000,0.00000000,0.00000000,0.00000000,0.00000000,0.00000000,0.00000000,0.00000000,0.00726864,0.00000000,0.00000000,0.00000000,0.00000000,0.00000000,0.00000000,0.00000000,0.00000000,0.00000000,0.00000000,0.00000000,0.00000000,0.00000000,0.00851233,0.00000000,0.00646757,0.00000000,0.00000000,0.00000000,0.00000000,0.00000000,0.00000000,0.00000000,0.00000000,0.00000000,0.00000000,0.00000000,0.00000000,0.00000000,0.00000000,0.00207789,0.00000000,0.00000000,0.00000000,0.00000000,0.00000000,0.00000000,0.00000000,0.00000000,0.00000000,0.00000000,0.00000000,0.00000000,0.00000000,0.00000000,0.03062283,0.00000000,0.22334194,0.00000000,0.00000000,0.00000000,0.00000000,0.00000000,0.00000000,0.00000000,0.00000000,0.00000000,0.00000000,0.08133570,0.00000000,0.00000000,0.00000000,0.00000000,0.00000000,0.00000000,0.00000000,0.00000000,0.00000000,0.00000000,0.00000000,0.00000000,0.00000000,0.00394889,0.00000000,0.00000000,0.00000000,0.00000000,0.00675332,0.00000000,0.00000000,0.00000000,0.00000000,0.00000000,0.00000000,0.00000000,0.00000000,0.00000000,0.00000000,0.00000000,0.00000000,0.00000000,0.00045408,0.00261739,0.00000000,0.00000000,0.00000000,0.00782174,0.00000000,0.00000000,0.00200549,0.02379866,0.05440051,0.00000000,0.00000000,0.00000000,0.00000000,0.00000000,0.00000000,0.00980069,0.00000000,0.00871240,0.00000000,0.00000000,0.00000000,0.00000000,0.00000000,0.01667402,0.00000000,0.00000000,0.00000000,0.00000000,0.06898586,0.00000000,0.00000000,0.00144997,0.00000000,0.00000000,0.00000000,0.00000000,0.00000000,0.00000000,0.00000000,0.00000000,0.00000000,0.00000000,0.00000000,0.00000000,0.00000000,0.00000000,0.00000000,0.32647687,0.00000000,0.00000000,0.00000000,0.00000000,0.00000000,0.03828922,0.00000000,0.00000000,0.00000000,0.00000000,0.00000000,0.00000000,0.00000000,0.00000000,0.00000000,0.05548168,0.05118425,0.00000000,0.00000000,0.00000000,0.00000000,0.00000000,0.01035801,0.00000000,0.00000000,0.00000000,0.00000000,0.00000000,0.00000000,0.00000000,0.00000000,0.00000000,0.00529906,0.00000000,0.00000000,0.00000000,0.00133731,0.00000000,0.00000000,0.00000000,1.76560637,0.03358837,0.00000000,0.00000000,0.00000000,0.00000000,0.00000000,0.00000000,0.00000000,0.00000000,0.21852515,0.00000000,0.00000000,0.00000000,0.00000000,0.00000000,0.00000000,0.00000000,0.00000000,0.00000000,0.00000000,0.00000000,0.00000000,0.00000000,0.00000000,0.00000000,0.00000000,0.00000000,0.00000000,0.00000000,0.00000000,0.00000000,0.00000000,0.00000000,0.00000000,0.00000000,0.00000000,0.00000000,0.00000000,0.00000000,0.00000000,0.00000000,0.00000000,0.00000000,0.00000000,0.00000000,0.00000000,0.00071714,0.00000000,0.00000000,0.00000000,0.00000000,0.00000000,0.00099271,0.00000000,0.00000000,0.00000000,0.00000000,0.00000000,0.00000000,0.00000000,0.00000000,0.00000000,0.01403315,0.00000000,0.01181519,0.00499861,0.00000000,0.00000000,0.00000000,0.00473962,0.00000000,0.00000000,0.00000000,0.00000000,0.00000000,0.00000000,0.00000000,0.00000000,0.00000000,0.00000000,0.00000000,0.00000000,0.00000000,0.00887236,0.00000000,0.00000000,0.00000000,0.00000000,0.00000000,0.00000000,0.00000000,0.00000000,0.00000000,0.00000000,0.00000000,0.00000000,0.00000000,0.00000000,0.00000000,0.00000000,0.00000000,0.00000000,0.00000000,0.04000044,0.03668489,0.08745373,0.00000000,0.00000000,0.00000000,0.00000000,0.00000000,0.00000000,0.00000000,0.00000000,0.00000000,0.00000000,0.00272026,0.01765522,0.00000000,0.00000000,0.00000000,1.66842408,0.00000000,0.00000000,0.00204059,0.00000000,0.00000000,0.00000000,0.00000000,0.00000000,0.00000000,0.00000000,0.00000000,0.00000000,0.00000000,0.00000000,0.11389282,0.00000000,0.00000000,0.00000000,0.00000000,0.00000000,0.00000000,0.00000000,0.00000000,0.00000000,0.00368612,0.00410569,0.00000000,0.00000000,0.00000000,0.01351419,0.00000000,0.00000000,0.00000000,0.00000000,0.00000000,0.00000000,0.00000000,0.00000000,0.00000000,0.03929407,0.00000000,0.00000000,0.00000000,0.00000000,0.00000000,0.00000000,0.00000000,0.00000000,0.00000000,0.02946394,0.00000000,0.00055518,0.00000000,0.00276972,0.00000000,0.00000000,0.00000000,0.00000000,0.00000000,2.87252531,0.00816584,0.00000000,0.00000000,0.00000000,0.00000000,0.00000000,0.00000000,0.00000000,0.00000000,0.00000000,0.00000000,0.00000000,0.00000000,0.00000000,0.00000000,0.00000000,0.00000000,0.00000000,0.00387357,0.00000000,0.09077005,0.00000000,0.00000000,0.00000000,0.00000000,0.00000000,0.00000000,0.00000000,0.00000000,0.00000000,0.00000000,0.00000000,0.00000000,0.00000000,0.00000000,0.00000000,0.00000000,0.00000000,0.00000000,0.00000000,0.00000000,0.00000000,0.00000000,0.00185442,0.00000000,0.00000000,0.01443526,0.00000000,0.00000000,0.00000000,0.00000000,0.00000000,0.00000000,0.00000000,0.00000000,0.00103286,0.00000000,0.00000000,0.00700714,0.00000000,0.00000000,0.00000000,0.00000000,0.00000000,0.00000000,0.00000000,0.00000000,0.56019540,0.00000000,0.00000000,0.00386535,0.00000000,0.00000000,0.00000000,0.00000000,0.00000000,0.00000000,0.00000000,0.00000000,0.00000000,0.00000000,0.00000000,0.00000000,0.00000000,0.00000000,0.00000000,0.00000000,0.00122720,0.00000000,0.00000000,0.00000000,0.00000000,0.00323620,0.00000000,0.00000000,0.00000000,0.00000000,0.00000000,0.01258113,0.00000000,0.00000000,0.00000000,0.00000000,0.00282968,0.00000000,0.00000000,0.00000000,0.13650253,0.00000000,0.00000000,0.02339017,0.00000000,0.00000000,0.00000000,0.00000000,0.00000000,0.00000000,0.00000000,0.00000000,0.00000000,0.00000000,0.03535364,0.00000000,0.00000000,0.00000000,0.00000000,0.00000000,0.00000000,0.00000000,0.00000000,0.00000000,0.00000000,0.00000000,0.00000000,0.00000000,0.00000000,0.00000000,0.00000000,0.00000000,0.00000000,0.00000000,0.00000000,0.00000000,0.00203417,0.00000000,0.00000000,0.01209966,0.00000000,0.00000000,0.00000000,0.00000000,0.00000000,0.00336612,0.00000000,0.00000000,0.00000000,0.00000000,0.04766632,0.00000000,0.00000000,0.00000000,0.00000000,0.00000000,0.02954826,0.00000000,0.00000000,0.00000000,0.00000000,0.00000000,0.00000000,0.00165694,0.00000000,0.07027270,0.00000000,0.00099271,0.00000000,0.00000000,0.00000000,0.00000000,0.00000000,0.00000000,0.00000000,0.00000000,0.16497529,0.00000000,0.00000000,0.00105358,0.00000000,0.00000000,0.00000000,0.00000000,0.00094938,0.00195516,0.00000000,0.00974502,0.00000000,0.00000000,0.00000000,0.00000000,0.00184093,0.00000000,0.00000000,0.00000000,0.00000000,0.00000000,0.00000000,0.00309076,0.00000000,0.00000000,0.00000000,0.00664002,0.00000000,0.00000000,0.00000000,0.00000000,0.00000000,0.00000000,0.00000000,0.00000000,0.00000000,0.00742393,0.00000000,0.00000000,0.00000000,0.00000000,0.00000000,0.00000000,0.00000000,0.00000000,0.00361450,0.00000000,0.01575010,0.00000000,0.00000000,0.00000000,0.00000000,0.00000000,0.00000000,0.00000000,0.00000000,0.00000000,0.23301101,0.00000000,0.00000000,0.00000000,0.00000000,0.00000000,0.00000000,0.00000000,0.00000000,0.00000000,0.00000000,0.00000000,0.00000000,0.01503755,0.00000000,0.00000000,0.00000000,0.00000000,0.00000000,0.00000000,0.00000000
0.00000000,0.00000000,0.00000000,0.00000000,0.01047038,0.00000000,0.00000000,0.00000000,0.00000000,0.00000000,0.00000000,0.00000000,0.01353451,0.00000000,0.00000000,0.00000000,0.00000000,0.00000000,0.00000000,0.00000000,0.00286944,0.00000000,0.00000000,0.00000000,0.00000000,0.04819450,0.00000000,0.00000000,0.00678818,0.00000000,0.00000000,0.00000000,0.00000000,0.00000000,0.00000000,0.00000000,0.00000000,0.00000000,0.00000000,0.00000000,0.00000000,0.00000000,0.00000000,0.00000000,0.00000000,0.06403788,0.00000000,0.00000000,0.00000000,0.00000000,0.00000000,0.01545551,0.00000000,0.00000000,0.00000000,0.00000000,0.00546397,0.00000000,0.00000000,0.00000000,0.00000000,0.05610267,0.00000000,0.00000000,0.00000000,0.00000000,0.00000000,0.00000000,0.00000000,0.00000000,0.00000000,0.05057053,0.00000000,0.00000000,0.00000000,0.00000000,0.02593282,0.01944373,0.00000000,0.00000000,0.00000000,0.00000000,0.00000000,0.00000000,0.00000000,0.00000000,0.00000000,0.00000000,0.00000000,0.00000000,0.04432096,0.00000000,0.00000000,0.00000000,0.00000000,0.00000000,0.00000000,0.00000000,0.00000000,0.00000000,0.00091739,0.00378094,0.00000000,0.00000000,0.00000000,0.00000000,0.00000000,0.00000000,0.00000000,0.00000000,0.00000000,0.00000000,0.00000000,0.01976726,0.00000000,0.00000000,0.00000000,0.00000000,0.00000000,0.00000000,0.00000000,0.00000000,0.00000000,0.00000000,0.00000000,0.00000000,0.00000000,0.00000000,0.04100498,0.00000000,0.00000000,0.00000000,0.00000000,0.00000000,0.00000000,0.00300367,0.00000000,0.00000000,0.00000000,0.00000000,0.00000000,0.00486310,0.00000000,0.00000000,0.00000000,0.00000000,0.00000000,0.00000000,0.00000000,0.00000000,0.00000000,0.00000000,0.00000000,0.01184770,0.00000000,0.02376234,0.00000000,0.00000000,0.00000000,0.00000000,0.00000000,1.18339591,0.00000000,0.00000000,0.00871291,0.00000000,0.00000000,0.00771507,0.00000000,0.00000000,0.00000000,0.00000000,0.01154023,0.00000000,0.00000000,0.00000000,0.00000000,0.00000000,0.00000000,0.00000000,0.00000000,0.00000000,0.00000000,0.00000000,0.00000000,0.00000000,0.00000000,0.00000000,0.00000000,0.00000000,0.00000000,0.00000000,0.00000000,0.00000000,0.00000000,0.00000000,0.00000000,0.00000000,0.00000000,0.05501240,0.00000000,0.00000000,0.00000000,0.00939904,0.00000000,0.00000000,0.00000000,0.00000000,0.03222969,0.00000000,0.00000000,0.00000000,0.00000000,0.00000000,0.00000000,0.05537181,0.11986234,0.00000000,0.00000000,0.00000000,0.00000000,0.00000000,0.00000000,0.00000000,0.00000000,0.00000000,0.00000000,0.00000000,0.00000000,0.00000000,0.00000000,0.00000000,0.00000000,0.00000000,0.00000000,0.00000000,0.00000000,0.13052703,0.00000000,0.00000000,0.00378745,0.00000000,0.00000000,0.00000000,0.00000000,0.00000000,0.00000000,0.00000000,0.00000000,0.00000000,0.00000000,0.00000000,0.00000000,0.00000000,0.00000000,0.00000000,0.00000000,0.00000000,0.00401268,0.45602668,0.00000000,0.00000000,0.00000000,0.00000000,0.00000000,0.00000000,0.00000000,0.00000000,0.00000000,0.00715729,0.00000000,0.00000000,0.00000000,0.00000000,0.00000000,0.00000000,0.00000000,0.00000000,0.00000000,0.00000000,0.00000000,0.00000000,0.00000000,0.00000000,0.00709352,0.00000000,0.00193832,0.00000000,0.00000000,0.00000000,0.00000000,0.00000000,0.00000000,0.00000000,0.00000000,0.00000000,0.00000000,0.00000000,0.00102132,0.00000000,0.00000000,0.00857907,0.00282469,0.00784274,0.00000000,0.00000000,0.00000000,0.00000000,0.00000000,0.03352602,0.00000000,0.00000000,0.00000000,0.00000000,0.00000000,0.00000000,0.00306890,0.00000000,0.00000000,0.00000000,0.00000000,0.00000000,0.00000000,0.00000000,0.00000000,0.00000000,0.00000000,0.01680720,0.00000000,0.00000000,0.00000000,0.00000000,0.01309422,0.00000000,0.06707098,0.00000000,0.00255379,0.00000000,0.00000000,0.00648678,0.00000000,0.00000000,0.00000000,0.00000000,0.00000000,0.00000000,0.00000000,0.00000000,0.00000000,0.00000000,0.00000000,0.00000000,0.00000000,0.00000000,0.00000000,0.00000000,0.00000000,0.00000000,0.01019563,0.00000000,0.00000000,0.00000000,0.00000000,0.00000000,0.00781056,0.00000000,0.00000000,0.00096475,0.00000000,0.00000000,0.00000000,0.00743201,0.00000000,0.00000000,0.00122364,0.00000000,0.00000000,0.00000000,0.00413145,0.00000000,0.00000000,0.00000000,0.00000000,0.00000000,0.00000000,0.00000000,0.00000000,0.00000000,0.00000000,0.00000000,0.00000000,0.00000000,0.00000000,0.00000000,0.00000000,0.01021928,0.00000000,0.00829967,0.12209331,0.00000000,0.00000000,0.00000000,0.00000000,0.00000000,0.00000000,0.00000000,0.00000000,0.00000000,0.00000000,0.00000000,0.00000000,0.00363212,0.00000000,0.00000000,0.00000000,0.00000000,0.00000000,0.00000000,0.24198606,0.00000000,0.00000000,0.00000000,0.00000000,0.01842347,0.00000000,0.00000000,0.00000000,0.00000000,0.00000000,0.00000000,0.00000000,0.00000000,0.00000000,0.00000000,0.00000000,0.00000000,0.00000000,0.00000000,0.01017552,0.00247507,0.00000000,0.00000000,0.00000000,0.00000000,0.00000000,0.00000000,0.00000000,0.00000000,0.00000000,0.00682027,0.00000000,0.00000000,0.00539149,0.00000000,0.00000000,0.00000000,0.00000000,0.00767892,0.00000000,0.00000000,0.00000000,0.00000000,0.00000000,0.00000000,0.00000000,0.00000000,0.00000000,0.00000000,0.00000000,0.00000000,0.00000000,0.00000000,0.01073479,0.00000000,0.00000000,0.00000000,0.00000000,0.00000000,0.00000000,0.00000000,0.00000000,0.00000000,3.04338498,0.00000000,0.00000000,0.00000000,0.00000000,0.00000000,0.00000000,0.00000000,0.00000000,0.00000000,0.00212145,0.00000000,0.00000000,0.00880987,0.01682566,0.00000000,0.00000000,0.00000000,0.00000000,0.00000000,0.00000000,0.00000000,0.00000000,0.00000000,0.54862874,0.00000000,0.00000000,0.00000000,0.00000000,0.00000000,0.00000000,0.00288323,0.00000000,0.00000000,0.00000000,0.00000000,0.00000000,0.00000000,0.00000000,0.00000000,0.00000000,0.00000000,0.00000000,0.00000000,0.00000000,0.00000000,0.00000000,1.48243132,0.00000000,0.00000000,0.00000000,0.00000000,0.00000000,0.00622375,0.00000000,0.00000000,0.00000000,0.00163844,0.00000000,0.00000000,0.00000000,0.00000000,0.00000000,0.00000000,0.00000000,0.00000000,0.00000000,0.00000000,0.00000000,0.00000000,0.00000000,0.00872354,0.00000000,0.00000000,0.00000000,0.00000000,0.00000000,0.00000000,0.00000000,0.00000000,0.00000000,0.00000000,0.00070163,0.00000000,0.00000000,0.00197169,0.02669459,0.00000000,0.00567500,0.00000000,0.00000000,0.00000000,0.00440260,0.00000000,0.08094749,0.26428792,0.01231349,0.00000000,0.00000000,0.00473209,0.00210472,0.00000000,0.00000000,0.00000000,0.00000000,0.00000000,0.00000000,0.00000000,0.00000000,0.00000000,0.07554571,0.00185669,0.00000000,0.00000000,0.00000000,0.00000000,0.00000000,0.00000000,0.00000000,0.00000000,0.00000000,0.00000000,0.00000000,0.00000000,0.00000000,0.00000000,0.00418390,0.00000000,0.00000000,0.00000000,0.00000000,0.00000000,0.15403084,0.00000000,0.00244979,0.00913637,0.00000000,0.00000000,0.00000000,0.00000000,0.00000000,0.00000000,0.00927733,0.00000000,0.00434936,0.00000000,0.00000000,0.00000000,0.00000000,0.00000000,0.00000000,0.99417309,0.00000000,0.00000000,0.00000000,0.00000000,0.00000000,0.00000000,0.00000000,0.00000000,0.00000000,0.00000000,0.00000000,0.00000000,0.00000000,0.00000000,0.00000000,0.00000000,0.00000000,0.00000000,0.00000000,0.00000000,0.00773777,0.00000000,0.00000000,0.00906525,0.00000000,0.00000000,0.00000000,0.00000000,0.03316316,0.00000000,0.00000000,0.00000000,0.00000000,0.00000000,0.00000000,0.00000000,0.00000000,0.00000000,0.00000000,0.00000000,0.00000000,2.50922535,0.00000000,0.00000000,0.00000000,0.00000000,0.00000000,0.00000000,0.00000000,0.00000000,0.00000000,0.00000000,0.00000000,0.00000000,0.00531279,0.00000000,0.00000000,0.00000000,0.00000000,0.00000000,0.00000000,0.00000000,0.00000000,0.00000000,0.00000000,0.00000000,0.00000000,0.00000000,0.02664699,0.01403251,0.02909066,0.85243491,0.00000000,0.00000000,0.07763912,0.00000000,0.00915692,0.00000000,0.00000000,0.00000000,0.00000000,0.00000000,0.00000000,0.00000000,0.00094292,0.00000000,0.00000000,0.00000000,0.00000000,0.00000000,0.00000000,0.00000000,0.00000000,0.00000000,0.00000000,0.00000000,0.16461329,0.00000000,0.00000000,0.00000000,0.00000000,0.00000000,0.00000000,0.15875844,0.00000000,0.00000000,0.00000000,0.00000000,0.00000000,0.00000000,0.00000000,0.00000000,0.00000000,0.00000000,0.04759107,0.00000000,0.00000000,0.00000000,0.00000000,0.00000000,0.00000000,0.00000000,0.00000000,0.00000000,0.00000000,0.00000000,0.00000000,0.00000000,0.00000000,0.00000000,0.00000000,0.00000000,0.00000000,0.00000000,0.00000000,0.00000000,0.00000000,0.00000000,0.00000000,0.00000000,0.00000000,0.00000000,0.00000000,0.00532137,0.00000000,0.00000000,0.00000000,0.00000000,0.02146384,0.00000000,0.00000000,0.00000000,0.00000000,0.00243619,0.00000000,0.00000000,0.00000000,0.00000000,0.00000000,0.00000000,0.29675935,0.00000000,0.00000000,0.00000000,0.00000000,0.00000000
0.00000000,0.00000000,0.00000000,0.00000000,0.00000000,0.00258031,0.00000000,0.00000000,0.00000000,0.00000000,0.02921520,0.00000000,0.00175527,0.00000000,0.00411200,0.00000000,0.00000000,0.00000000,0.00000000,0.00000000,0.00000000,0.00000000,0.00000000,0.00000000,0.00000000,0.00000000,0.00000000,0.00000000,0.00000000,0.00000000,0.00000000,0.00000000,0.00000000,0.00000000,0.01091456,0.00000000,0.00000000,0.00000000,0.00000000,0.00000000,0.00000000,0.17374744,0.00000000,0.01509836,0.02375019,0.00000000,0.00000000,0.00000000,0.00000000,0.00000000,0.00000000,0.01223041,0.00000000,0.00000000,0.00000000,0.00000000,0.00000000,0.00000000,0.00000000,0.00000000,0.00000000,0.05648226,0.00000000,0.00000000,0.00000000,0.00000000,0.00000000,0.00000000,0.00000000,0.00000000,0.00000000,0.00000000,1.73797409,0.00000000,0.00000000,0.00000000,0.00000000,0.00000000,0.00000000,0.16181483,0.02683139,0.00000000,0.10165626,0.00000000,0.00000000,0.00000000,0.00000000,0.00000000,0.00000000,0.00000000,0.00000000,0.00000000,0.00000000,0.00000000,0.00000000,0.00000000,0.00000000,0.00000000,0.00000000,0.00000000,0.00000000,0.00000000,0.00000000,0.00304194,0.00135408,0.00000000,0.00000000,0.00000000,0.00000000,0.00000000,0.00000000,0.00000000,0.00433470,0.00000000,0.00000000,0.00000000,0.00000000,0.00000000,0.00000000,0.00000000,0.00000000,0.00000000,0.00000000,0.00000000,0.00000000,0.00000000,0.00000000,0.00000000,0.00000000,0.00000000,0.00000000,0.00000000,0.00000000,0.33149947,0.00000000,0.00000000,0.00000000,0.00000000,0.00000000,0.00000000,0.00000000,0.00000000,0.00000000,0.00000000,0.00000000,0.00368460,0.00000000,0.00000000,0.00000000,0.00000000,0.00000000,0.00000000,0.00000000,0.00000000,0.03975115,0.00000000,0.00000000,0.00000000,0.00000000,0.00000000,0.00000000,0.00000000,0.00000000,0.00639683,0.00000000,0.00000000,0.00000000,0.00381909,0.00000000,0.00000000,0.00000000,0.00000000,0.00000000,0.00000000,0.00000000,0.00000000,0.00000000,0.00000000,0.00000000,0.00114888,0.00000000,0.00000000,0.00000000,0.00000000,0.00000000,0.00000000,0.02659984,0.00000000,0.00000000,0.00000000,0.01088366,0.00000000,0.00000000,0.00000000,0.00000000,0.00000000,0.00000000,0.00000000,0.00367249,0.02449565,0.00000000,0.00000000,0.00000000,0.00000000,0.00000000,0.00000000,0.00000000,0.00000000,0.00085051,0.03487050,0.00000000,0.00000000,0.00000000,0.00000000,0.00000000,0.00000000,0.00000000,0.00240478,0.00000000,0.00000000,0.00000000,0.00000000,0.00000000,0.06243189,0.03245557,0.00000000,0.00000000,0.02068479,0.00000000,0.00000000,0.00000000,0.00000000,0.00000000,0.00455461,0.00000000,0.00000000,0.00000000,0.00000000,0.00000000,0.00000000,0.01239832,0.00000000,0.00000000,0.00000000,0.00000000,0.00000000,0.00000000,0.00000000,0.00000000,0.00000000,0.01272858,0.00000000,0.00000000,0.00000000,0.00000000,0.00000000,0.00000000,0.00000000,0.00000000,0.00000000,0.00000000,0.02420080,0.00000000,0.00000000,0.00441282,0.00182692,0.00000000,0.00000000,0.04941380,0.00000000,0.00000000,0.00000000,0.00000000,0.00000000,0.07592967,0.00000000,0.00000000,0.00000000,0.00249011,0.00000000,0.00000000,0.00000000,0.00000000,0.00000000,0.00000000,0.00000000,0.00000000,0.00000000,0.00000000,0.01740773,0.00000000,0.00000000,0.00217976,0.00000000,0.00808889,0.00000000,0.00000000,0.00215248,0.00000000,0.00000000,0.00000000,0.00000000,0.00000000,0.00000000,0.05638508,0.00000000,0.00000000,0.00000000,0.00000000,0.00000000,0.00421902,0.01541363,0.00000000,0.00000000,0.00000000,0.00000000,0.00000000,0.00000000,0.00313981,0.00000000,0.00000000,0.00000000,0.00000000,0.00000000,0.00000000,0.00000000,0.00000000,0.00000000,0.00000000,0.00000000,0.00000000,0.01603335,0.00000000,0.00000000,0.00000000,0.00000000,0.00000000,0.00000000,0.00000000,0.00000000,0.03079855,0.00000000,0.00000000,0.00000000,0.00000000,0.00000000,0.00000000,0.00000000,0.00000000,0.01682058,0.00000000,0.00000000,0.01708021,0.00000000,0.00000000,0.00000000,0.00000000,0.00000000,0.00000000,0.00000000,0.00000000,0.49547706,0.00000000,0.00000000,0.00000000,0.00000000,0.00441071,0.00000000,0.00000000,0.00000000,0.00000000,0.00000000,0.00000000,0.00000000,0.00000000,0.00000000,0.00000000,0.00000000,0.00000000,0.00000000,0.00000000,0.00097956,0.00000000,0.00000000,0.00000000,0.00000000,0.00000000,0.00000000,0.00000000,0.00000000,0.00000000,0.00000000,0.00000000,0.00000000,0.00000000,0.00897613,0.00000000,0.00000000,0.00000000,0.59656974,0.00000000,0.00000000,0.01711794,0.00000000,0.00000000,0.00000000,0.00000000,0.00000000,0.00000000,0.00902635,0.00000000,0.00000000,0.00000000,0.00000000,0.00000000,0.00000000,0.00000000,0.00000000,0.00951161,0.00000000,0.00000000,0.00000000,0.00000000,0.00000000,0.00000000,0.06706732,0.00000000,0.00000000,0.00000000,0.00000000,0.00000000,0.00000000,0.00000000,0.00000000,0.00000000,0.00000000,0.00000000,0.00000000,0.00000000,0.00000000,0.00000000,0.00000000,0.00000000,0.00000000,0.00000000,0.00000000,0.00150725,0.02102091,0.00000000,2.04146329,0.00000000,0.00000000,0.00000000,0.00000000,0.00000000,0.00000000,0.00000000,0.00000000,0.00000000,0.00000000,0.00000000,0.00000000,0.00000000,0.00000000,0.00000000,0.01287923,0.00000000,0.00000000,0.00000000,0.00000000,0.00000000,0.00000000,0.00000000,0.00000000,0.00000000,0.00000000,0.00000000,0.00000000,0.00930572,0.00000000,0.00000000,0.00000000,0.00777158,0.00000000,0.00000000,0.12649302,0.00000000,0.00000000,0.00232469,0.00000000,0.00000000,0.00000000,0.00203945,0.00000000,0.01074370,0.00000000,0.00000000,0.01020541,0.00000000,0.00000000,0.00000000,0.00000000,0.00000000,0.00000000,0.00000000,0.00000000,0.00000000,0.00000000,0.00000000,0.00000000,0.00000000,0.00000000,0.00000000,0.00000000,0.00000000,0.00000000,0.00000000,0.00000000,0.00262056,0.00000000,0.00224244,0.00000000,0.00000000,0.00000000,0.04109962,0.00000000,0.00000000,0.00000000,0.00000000,0.00240849,0.00000000,0.00000000,0.00000000,0.00000000,0.00000000,0.00000000,0.00724829,0.00000000,0.00000000,0.00000000,0.00000000,0.00000000,0.00000000,0.00000000,0.00000000,0.00000000,0.00000000,0.00000000,0.00000000,0.00000000,0.00000000,0.00000000,0.00000000,0.00000000,0.00000000,0.00000000,0.00000000,0.00000000,0.00000000,0.04302469,0.00000000,0.00000000,0.00000000,0.00000000,0.00000000,0.00000000,0.00000000,0.00000000,0.02449107,0.00000000,0.00000000,0.01288715,0.00000000,0.01456356,0.00000000,0.00000000,0.00000000,0.00000000,0.00526943,0.48658808,0.00000000,0.00000000,0.00088821,0.00000000,0.02579992,0.00000000,0.00000000,0.00000000,0.00000000,0.00000000,0.00000000,0.00000000,0.00000000,0.00000000,0.00000000,0.00000000,0.00000000,0.00000000,0.00000000,0.00000000,0.00000000,0.00000000,0.00000000,0.00000000,0.00000000,0.00000000,0.00000000,0.00000000,0.00000000,0.00000000,0.03478209,0.00000000,0.00000000,0.06456113,0.00000000,0.00000000,0.00000000,0.00000000,0.00000000,0.00000000,0.00000000,0.00000000,0.00000000,0.00930363,0.00000000,0.00000000,0.00000000,0.00000000,0.00000000,0.00000000,0.00000000,0.00000000,0.00000000,0.00000000,0.00000000,0.00000000,0.00000000,0.00044373,0.00000000,0.00000000,0.00000000,0.00000000,0.00000000,0.00931337,0.00000000,0.00000000,0.00000000,0.00000000,0.00000000,0.00000000,0.00000000,0.00000000,0.00000000,0.00623247,0.00000000,0.00000000,0.02062312,0.00000000,0.00000000,0.02500426,0.00000000,0.00000000,0.00000000,0.00000000,0.00000000,0.00000000,0.00000000,0.00000000,0.00000000,0.00000000,0.00000000,0.00000000,0.00000000,0.00000000,0.00000000,0.00000000,0.00000000,0.00000000,0.01653983,0.00000000,0.00000000,0.00000000,0.00000000,0.00544089,0.00000000,0.00000000,0.00000000,0.00000000,0.00000000,0.00000000,0.00000000,0.00000000,0.00000000,0.00000000,0.00000000,0.00000000,0.02133784,0.00000000,0.00000000,0.00000000,0.00000000,0.00000000,0.00000000,0.00000000,0.00000000,0.00000000,0.00000000,0.00000000,0.00000000,0.00000000,0.00000000,0.00000000,0.00225999,0.00000000,0.00000000,0.00092087,0.00000000,0.00000000,0.00000000,0.00105725,0.00000000,0.00000000,0.00000000,0.00000000,0.00000000,0.00000000,0.00000000,0.00570624,0.00323733,0.01450970,0.00000000,0.00000000,0.00000000,0.00000000,0.03980614,0.00000000,0.00311226,0.00000000,0.00000000,0.00394872,0.00000000,0.00411752,0.00000000,0.00000000,0.00000000,0.00409853,0.00000000,0.08354881,0.00000000,0.00000000,0.00000000,0.00000000,0.00000000,0.00000000,0.00000000,0.00000000,0.00000000,0.00000000,0.00000000,0.00000000,0.00000000,0.00000000,0.00347470,0.00000000,0.00000000,0.00000000,0.00000000,0.00000000,0.00000000,0.00000000,0.00000000,0.00000000,0.00000000,0.00000000,0.00000000,0.00000000,0.00000000,0.00000000,0.00000000,0.00000000,0.00000000,0.00000000,0.00000000,0.01246123,0.00000000,0.47957503,0.00000000,0.00000000,0.00000000,0.00000000,0.00000000,0.00000000,0.00000000,0.00000000,0.00000000,0.00000000,0.00000000,0.00000000,0.00137108,0.00000000
0.00000000,0.00000000,0.00000000,0.00000000,0.00000000,0.00000000,0.00985304,0.00000000,0.00000000,0.01199019,0.00000000,0.00000000,0.05844644,0.00000000,0.00000000,0.00000000,0.00000000,0.00000000,0.00000000,0.00000000,0.00000000,0.00000000,0.00000000,0.00000000,0.00000000,0.00000000,0.00000000,0.00000000,0.00000000,0.00000000,0.01275223,0.00000000,0.00000000,0.00000000,0.00000000,0.00000000,0.00000000,0.00345569,0.00000000,0.00000000,0.00000000,0.00000000,0.00000000,0.00000000,0.00000000,0.00000000,0.00000000,0.00000000,0.00000000,0.00000000,0.00000000,0.00000000,0.00000000,0.00812758,0.00000000,0.00000000,0.01672034,0.00000000,0.00000000,0.00000000,0.00000000,0.00000000,0.00000000,0.00000000,0.00183096,0.00000000,0.00000000,0.00288437,0.00000000,0.00000000,0.00000000,1.62558002,0.00000000,0.00000000,0.00334319,0.00000000,0.00000000,0.00000000,0.00000000,0.00000000,0.00000000,0.00000000,0.00000000,0.00000000,0.00000000,0.00000000,0.00000000,0.00000000,0.00000000,0.00000000,0.00000000,0.00643316,0.11265435,0.00000000,0.00000000,0.00000000,0.00000000,0.00000000,0.00000000,0.00837906,0.00000000,0.00000000,0.00000000,0.03871587,0.00226612,0.00000000,0.00000000,0.00000000,0.00000000,0.00000000,0.00375285,0.00000000,0.00000000,0.00000000,0.00397166,0.00333863,0.00000000,0.00000000,0.00000000,0.00000000,0.00000000,0.00000000,0.00000000,0.00000000,0.00000000,0.00000000,0.00000000,0.00000000,0.00000000,0.00000000,0.00000000,0.00000000,0.00000000,0.00000000,0.00000000,0.00000000,0.00000000,0.00000000,0.00000000,0.88082118,0.00000000,0.00000000,0.00000000,0.00000000,0.00000000,0.00000000,0.00000000,0.00000000,0.00000000,0.00000000,0.00000000,0.00000000,0.00000000,0.00000000,0.00000000,0.01548480,0.00000000,0.00000000,0.00000000,0.00000000,0.00000000,0.00000000,0.00000000,0.00783150,0.00000000,0.00000000,0.00000000,0.00000000,0.00909576,0.00000000,0.00000000,0.00000000,0.00000000,0.00157137,0.00000000,0.56657600,0.00000000,0.00000000,0.00000000,0.00000000,0.00000000,0.00000000,0.00000000,0.00000000,0.00000000,0.00000000,0.00000000,0.00000000,0.00000000,0.00000000,0.00000000,0.00000000,0.00000000,0.00000000,0.00000000,0.01149679,0.00000000,0.00000000,0.00000000,0.00000000,0.00000000,0.00000000,0.00000000,0.00000000,0.00000000,0.00000000,0.00000000,0.00000000,0.00000000,0.00000000,0.00337630,0.00000000,0.00000000,0.00000000,0.00000000,0.00000000,0.00000000,0.00000000,0.00000000,0.00000000,0.32118226,0.00000000,0.00000000,0.00000000,0.00000000,0.00476008,0.00000000,0.00000000,0.00000000,0.00000000,0.00000000,0.02784805,0.00956986,0.00000000,0.00000000,0.00000000,0.00000000,0.00073166,0.00000000,0.00000000,0.00000000,0.00000000,0.00000000,0.00000000,0.21329514,0.00000000,0.00000000,0.01152773,0.00000000,0.00000000,0.06164269,0.00000000,0.00000000,0.00000000,0.00000000,0.00000000,0.00000000,0.00000000,0.00000000,0.00000000,0.00083293,0.00000000,0.00000000,0.00000000,0.00000000,0.00000000,0.00000000,0.00000000,0.00000000,0.00000000,0.00000000,0.00000000,0.00000000,0.00762843,0.00000000,2.69489652,0.00000000,0.00000000,0.00000000,0.00443982,0.00000000,0.00000000,0.00000000,0.00000000,0.00000000,0.00000000,0.00957781,0.00000000,0.00000000,0.00000000,0.00000000,0.07938934,0.00000000,0.00000000,0.00000000,0.00000000,0.00000000,0.00000000,0.00000000,0.00000000,0.00000000,0.00000000,0.00000000,0.00000000,0.00748679,0.00000000,0.00000000,0.00000000,0.00000000,0.00000000,0.00000000,0.00000000,0.00000000,0.00000000,0.00000000,0.00000000,0.00000000,0.00000000,0.00000000,0.00178998,0.00000000,0.00000000,0.00000000,0.00000000,0.00000000,0.00000000,0.00000000,0.00000000,0.00000000,0.00000000,0.00430246,0.00000000,0.00000000,0.00000000,0.00000000,0.03492819,0.00000000,0.00000000,0.00000000,0.00000000,0.00000000,0.00000000,0.00000000,0.00000000,0.00000000,0.01944088,0.00000000,0.00000000,0.00000000,0.00178686,0.00000000,0.00000000,0.00000000,0.00000000,0.00164399,0.00157802,0.00000000,0.00000000,0.00000000,0.00000000,0.00205649,0.00000000,0.00000000,0.00000000,0.00000000,0.00553886,0.00000000,0.00000000,0.00000000,0.00000000,0.00000000,0.00000000,0.03364304,0.00000000,0.00839529,0.01561670,0.00000000,0.00000000,0.00000000,0.00000000,0.00000000,0.00000000,0.00000000,0.00000000,0.00772884,0.00000000,0.00000000,0.00394749,0.00000000,0.00000000,0.00000000,0.00000000,0.00000000,0.00449973,0.00000000,0.00000000,0.00000000,0.45145746,0.00000000,0.00000000,0.00000000,0.00109862,0.01053270,0.00000000,0.00000000,0.17234787,0.00000000,0.00158630,0.00000000,0.00000000,0.00000000,0.00000000,0.00000000,0.00000000,0.00000000,0.00000000,0.00000000,0.00000000,0.00000000,0.02451985,0.00000000,0.00000000,0.00000000,0.00000000,0.00000000,0.00000000,0.00000000,0.00000000,0.00000000,0.00000000,0.00000000,0.00273342,0.00000000,0.00000000,0.21362189,0.00000000,0.00000000,0.00000000,0.01695760,0.00000000,0.00000000,0.00000000,0.00000000,0.00000000,0.00000000,0.00000000,0.00000000,0.00000000,0.00000000,0.00000000,0.00000000,0.00000000,0.00000000,0.07228608,0.00000000,0.00000000,0.00000000,0.00000000,0.00000000,0.00000000,0.00000000,0.00000000,0.00000000,0.00285477,0.00000000,0.00515499,0.00000000,0.00000000,0.00000000,0.00000000,0.00000000,0.00000000,0.00000000,0.00000000,0.00000000,0.00000000,0.00000000,0.00000000,0.00000000,0.00000000,0.00000000,0.00000000,0.00000000,0.00000000,0.00000000,0.00000000,0.01119033,0.00000000,0.00000000,0.00000000,0.00000000,0.00000000,0.00000000,0.00000000,0.00000000,0.00000000,0.00000000,0.00000000,0.00000000,0.00000000,0.01196284,0.00000000,0.00602321,0.00000000,0.00000000,0.00000000,0.00000000,0.00000000,0.00299022,0.00000000,0.00000000,0.00000000,0.00000000,0.00000000,0.00000000,0.00000000,0.00000000,0.00000000,0.00000000,0.00000000,0.00000000,0.00000000,0.00000000,0.00000000,0.00103742,0.00000000,0.00000000,0.00000000,0.00000000,0.00000000,0.00000000,0.00000000,0.00000000,0.03298550,0.00000000,0.00000000,0.00000000,0.00000000,0.00000000,0.00000000,0.00000000,0.00000000,0.00000000,0.00000000,0.00000000,0.00000000,0.00000000,0.00000000,0.00000000,0.15198733,0.00000000,0.00000000,0.00000000,0.00000000,0.00489584,0.00000000,0.00000000,0.00000000,0.00000000,0.00000000,0.00196219,0.00000000,0.00000000,0.00000000,0.00000000,0.00000000,0.00076051,0.00000000,0.00000000,0.00000000,0.00000000,0.00000000,0.00000000,0.00000000,0.00000000,0.00000000,0.00000000,0.00000000,0.00000000,0.00000000,0.00000000,0.00000000,0.00000000,0.00000000,0.00000000,0.03708566,0.00000000,0.00000000,0.00000000,0.00000000,0.00000000,0.00000000,0.00000000,0.01164464,0.00000000,0.00000000,0.00000000,0.00000000,0.00000000,0.00000000,0.00000000,0.00000000,0.00286545,0.00000000,0.00000000,0.00000000,0.00000000,0.00000000,0.00000000,0.00000000,0.00000000,0.00762266,0.00000000,0.00000000,0.00000000,0.00000000,0.00158889,0.00000000,0.07310761,0.00969090,0.00884530,0.00000000,0.11033672,0.00000000,0.00000000,0.00000000,0.00000000,0.00000000,0.00000000,0.00000000,0.00000000,0.00000000,0.00000000,0.01820254,0.00000000,0.00000000,0.00000000,0.00000000,0.00000000,0.00000000,0.00000000,0.00000000,0.06251777,0.00000000,0.00000000,0.06057786,0.00000000,0.00578349,0.00312499,0.00000000,0.00000000,0.00000000,0.00000000,0.00000000,0.00000000,0.00000000,0.00000000,0.00000000,0.00000000,0.00074132,0.00000000,0.00000000,0.00000000,0.00000000,0.00000000,0.00000000,0.00000000,0.00258768,0.00000000,0.00000000,0.00458355,0.00000000,0.00143470,0.21737408,0.00000000,0.00379670,0.00000000,0.00000000,0.00000000,0.00000000,0.00000000,0.00000000,0.00000000,0.00000000,0.00000000,0.00246599,0.00000000,0.00000000,0.03051366,0.00000000,0.00000000,0.00000000,0.00000000,0.00000000,0.00000000,0.00000000,0.00000000,0.00000000,0.00647274,0.00000000,0.00000000,0.00000000,0.00000000,0.00000000,0.02772286,0.00000000,0.00000000,0.00000000,0.00000000,0.00000000,0.00000000,0.00070061,0.05010074,0.00000000,0.00000000,0.00399542,0.00000000,0.00000000,0.00000000,0.00000000,0.00000000,0.00000000,0.00000000,0.00000000,0.00000000,0.00000000,0.00000000,0.00000000,0.00000000,0.00000000,0.00000000,0.00000000,0.00000000,0.00994237,0.00000000,0.00000000,0.00000000,0.00468470,0.00371201,0.00000000,0.00000000,0.00000000,0.00000000,0.00000000,0.08305596,0.00000000,0.00000000,0.00000000,0.00000000,0.00000000,0.00000000,0.00000000,0.00000000,0.00000000,0.00000000,0.00000000,0.00000000,0.00236151,0.00000000,0.00000000,0.00000000,0.00000000,0.00000000,0.00000000,0.00000000,0.01360007,0.00000000,0.00000000,0.00000000,0.00000000,0.00000000,0.00112736,0.00000000,0.00000000,0.00000000,0.00000000,0.00000000,0.00000000,0.00000000,0.00000000,0.00000000,0.00000000,0.00000000,0.00000000,0.00000000,0.00000000,0.00000000,0.00000000,0.00000000,0.00000000,0.00000000,0.00000000,0.00000000,0.00000000,0.00000000,0.00000000,0.00509507,0.00000000,0.00000000,0.00000000
0.00000000,0.00000000,0.00000000,0.00000000,0.00000000,0.00000000,0.00000000,0.00273145,3.67293672,0.00000000,0.00000000,0.00000000,0.00000000,0.00000000,0.00000000,0.04214153,0.00000000,0.00000000,0.00000000,0.18678892,0.00000000,0.00000000,0.00000000,0.00000000,0.00000000,0.00000000,0.00000000,0.00000000,0.00000000,0.00000000,0.00000000,0.00000000,0.00000000,0.00000000,0.00000000,0.00192566,0.00000000,0.00512726,0.00000000,0.00000000,0.00000000,0.00000000,0.00000000,0.00108370,0.00000000,0.00000000,0.00000000,0.00000000,0.00000000,0.00000000,0.00000000,0.00000000,0.00000000,0.00000000,0.00000000,0.00000000,0.00000000,0.00000000,0.00000000,0.00000000,0.00000000,0.00000000,0.00000000,0.00000000,0.00000000,0.00000000,0.00000000,0.00000000,0.00000000,0.00000000,0.89460095,0.00000000,0.00000000,0.00000000,0.00000000,0.00000000,0.00000000,0.00000000,0.00000000,0.00000000,0.00309065,0.00000000,0.00000000,0.00352442,0.00000000,0.00000000,0.00000000,0.00000000,0.00000000,0.00000000,0.00000000,0.00000000,0.00000000,0.00000000,0.00000000,0.00000000,0.00000000,0.00000000,0.00000000,0.00000000,0.00000000,0.00000000,0.00000000,0.00000000,0.00000000,0.00000000,0.00000000,0.00334513,0.00000000,0.00000000,0.00000000,0.00000000,0.00000000,0.00000000,0.00000000,0.00000000,0.00122721,0.00000000,0.00000000,0.00000000,0.00000000,0.00000000,0.00000000,0.00000000,0.00000000,0.00286667,0.00000000,0.00000000,0.00000000,0.06332140,0.00000000,0.00000000,0.00000000,0.00000000,0.00000000,0.00000000,0.00000000,0.01455885,0.00083220,0.00000000,0.00000000,0.00625423,0.00000000,0.00000000,0.00341228,0.00000000,0.00000000,0.00000000,0.00000000,0.00000000,0.00000000,0.00000000,0.00000000,0.00385926,0.00000000,0.00000000,0.00000000,0.09112891,0.00000000,0.00000000,0.05975786,0.00000000,0.00000000,0.00000000,0.00116471,0.00000000,0.00000000,0.00000000,0.00000000,0.00000000,0.00853896,0.00000000,0.00000000,0.00000000,0.00000000,0.00000000,0.00000000,0.00000000,0.00000000,0.00000000,0.02081774,0.00000000,0.00191323,0.00000000,0.00000000,0.00225671,0.01262066,0.00000000,0.00000000,0.00000000,0.04445392,0.00000000,0.00000000,1.41090667,0.00000000,0.00000000,0.00000000,0.00397585,0.00000000,0.00000000,0.00000000,0.00000000,0.00000000,0.00000000,0.00000000,0.00000000,0.00000000,0.00000000,0.00000000,0.00000000,0.00000000,0.00000000,0.10899532,0.00000000,0.00000000,0.00000000,0.01776229,0.00000000,0.00000000,0.00000000,0.00000000,0.00000000,0.00000000,0.00000000,0.00000000,0.00000000,0.00000000,0.00000000,0.00000000,0.00000000,0.00000000,0.00000000,0.00000000,0.00000000,0.00000000,0.00000000,0.06260738,0.00000000,0.00000000,0.00000000,0.00000000,0.00000000,0.00000000,0.00000000,0.00000000,0.00000000,0.03966962,0.00434551,0.00000000,0.00000000,0.00000000,0.00000000,0.00000000,0.00000000,0.00217438,0.00000000,0.00000000,0.00000000,0.00000000,0.00000000,0.00000000,0.00000000,0.00000000,0.00000000,0.19045696,0.00000000,0.06725806,0.00000000,0.00000000,0.00514153,0.00000000,0.00000000,0.00000000,0.00000000,0.03642115,0.00000000,0.00831087,0.00000000,0.00744830,0.00000000,0.00000000,0.00000000,0.01113531,0.00000000,0.00000000,0.00000000,0.00000000,0.00000000,0.00000000,0.00000000,0.00000000,0.00000000,0.01147925,0.00000000,0.00000000,0.00000000,0.00000000,0.00526459,0.00000000,0.00000000,0.00000000,0.00000000,0.00000000,0.00617477,0.00000000,0.00000000,0.00000000,0.00000000,0.00000000,0.00000000,0.00000000,0.00000000,0.00000000,1.45202858,0.00000000,0.00000000,0.00000000,0.00000000,0.00000000,0.00323480,0.00000000,0.00000000,0.00000000,0.00000000,0.00000000,0.00000000,0.00000000,0.00000000,0.00000000,0.00000000,0.00000000,0.00551866,0.01851737,0.00000000,0.00000000,0.00000000,0.00000000,0.00000000,0.00000000,0.00000000,0.00211269,0.00089358,0.00000000,0.00000000,0.00000000,0.00000000,0.00000000,0.00000000,0.00000000,0.00204535,0.00000000,0.00000000,0.00000000,0.00000000,0.00000000,0.00000000,0.00000000,0.00000000,0.00000000,0.00000000,0.00000000,0.00000000,0.00000000,0.00000000,0.00000000,0.00000000,0.00000000,0.00322554,0.00000000,0.00809759,0.00978166,0.00000000,0.00000000,0.00000000,0.00000000,0.00000000,0.00000000,0.00000000,0.00000000,0.00000000,0.00000000,0.00000000,0.00000000,0.00085687,0.00000000,0.00000000,0.00000000,0.00644924,0.00000000,0.00000000,0.02688436,0.00312009,0.00000000,0.00000000,0.00000000,0.00000000,0.00000000,0.00079833,0.00000000,0.00000000,0.00000000,0.00000000,0.00000000,0.00000000,0.00000000,0.00000000,0.00000000,0.00000000,0.00000000,0.00180639,0.00000000,0.00000000,0.00000000,0.00000000,0.00000000,0.00000000,0.00000000,0.00000000,0.00000000,0.00000000,0.00000000,0.00000000,0.05781521,0.00000000,0.00000000,0.00000000,0.00000000,0.00000000,0.00000000,0.00000000,0.00000000,0.00000000,0.00000000,0.00000000,0.00000000,0.00000000,0.00000000,0.00000000,0.00000000,0.00000000,0.00000000,0.00000000,0.00000000,0.00000000,0.00000000,0.00000000,0.00000000,0.00000000,0.00000000,0.00000000,0.00000000,0.00000000,0.02216449,0.00336635,0.00000000,0.00310617,0.00297546,0.00000000,0.00000000,0.00000000,0.00000000,0.00000000,0.00000000,0.00000000,0.00000000,0.00000000,0.00790944,0.00000000,0.00000000,0.25687739,0.00000000,0.00000000,0.00000000,0.00000000,0.00000000,0.39191611,0.00000000,0.00000000,0.00000000,0.00000000,0.00000000,0.00000000,0.00000000,0.00000000,0.00000000,0.00000000,0.00000000,0.00000000,0.00000000,0.00000000,0.00000000,0.00205687,0.00000000,0.00000000,0.00000000,0.00000000,0.00000000,0.00000000,0.00000000,0.00095397,0.00000000,0.00000000,0.30129802,0.00000000,0.00000000,0.00000000,0.00000000,0.00000000,0.01054696,0.00000000,0.00000000,0.00000000,0.00000000,0.00000000,0.01722507,0.00000000,0.00000000,0.00000000,0.00000000,0.00000000,1.19556077,0.00000000,0.00000000,0.00000000,0.00000000,0.00000000,0.00405572,0.00000000,0.00000000,0.00000000,0.00000000,0.00000000,0.00000000,0.00000000,0.00000000,0.00000000,0.00000000,0.00000000,0.00000000,0.00000000,0.00000000,0.00000000,0.00000000,0.00350124,0.00000000,0.00000000,0.00798301,0.00000000,0.00000000,0.00224689,0.00000000,0.00000000,0.00000000,0.00000000,0.00000000,0.00000000,0.00000000,0.00000000,0.00000000,0.00000000,0.00000000,0.00000000,0.00000000,0.00183216,0.00000000,0.00000000,0.00000000,0.27931358,0.00000000,0.00000000,0.00000000,0.00000000,0.00000000,0.00000000,0.00000000,0.00000000,0.00000000,0.00000000,0.00000000,0.00963631,0.00000000,0.00000000,0.00000000,0.00000000,0.00000000,0.00192870,0.00000000,0.00554139,0.00628619,0.00000000,0.00000000,0.00000000,0.00000000,0.00000000,0.00000000,0.00000000,0.00000000,0.00000000,0.00000000,0.00000000,0.00000000,0.00286545,0.00000000,0.00000000,0.00000000,0.00000000,0.00000000,0.00000000,0.00175465,0.00000000,0.00000000,0.00000000,0.00000000,0.00000000,0.00000000,0.00000000,0.00000000,0.00000000,0.28819022,0.00000000,0.00216764,0.00000000,0.00000000,0.00000000,0.00000000,0.00000000,0.00000000,0.00000000,0.00000000,0.01333040,0.00000000,0.00000000,0.00944260,0.00000000,0.00000000,0.00000000,0.00476783,0.00000000,0.00000000,0.00000000,0.01699718,0.00000000,0.00000000,0.03699784,0.00000000,0.00000000,0.00000000,0.00000000,0.00091707,0.00000000,0.00000000,0.00000000,0.00000000,0.00000000,0.00000000,0.00000000,0.00287394,0.00000000,0.00000000,0.00000000,0.00000000,1.17204569,0.00000000,0.00213654,0.00000000,0.00000000,0.17695135,0.00000000,0.00000000,0.00000000,0.04676570,0.00000000,0.00000000,0.00000000,0.00000000,0.00000000,0.00000000,0.00000000,0.00000000,0.00000000,0.00000000,0.00000000,0.00000000,0.00000000,0.00000000,0.00000000,0.00000000,0.00000000,0.00000000,0.00000000,0.00000000,0.00000000,0.00000000,0.00000000,0.00000000,0.00000000,0.00000000,0.00000000,0.00000000,0.00000000,0.00000000,0.00000000,0.00000000,0.00000000,0.00000000,0.00000000,0.00000000,0.00000000,0.00000000,0.00000000,0.00000000,0.00000000,0.00000000,0.01021936,0.00000000,0.00000000,0.02166261,0.00689776,0.00000000,0.00000000,0.00000000,0.00000000,0.00000000,0.53783298,0.00000000,0.00000000,0.01681059,0.00000000,0.00000000,0.00000000,0.00127610,0.10647020,0.00000000,0.00124761,0.00000000,0.00000000,0.00000000,0.00000000,0.05350208,0.00000000,0.00000000,0.00000000,0.00000000,0.00000000,0.00000000,0.00000000,0.00000000,0.00000000,0.00000000,0.00000000,0.00000000,0.00000000,0.00000000,0.00000000,0.00000000,0.00000000,0.00000000,0.00000000,0.00000000,0.00000000,0.00000000,0.00000000,0.00000000,0.00000000,0.00000000,0.00000000,0.00613468,0.00000000,0.00000000,0.00000000,0.00000000,0.00000000,0.00000000,0.00000000,0.00000000,0.00000000,0.00000000,0.00000000,0.00000000,0.00000000,0.00000000,0.00000000,0.00000000,0.00000000,0.00000000,0.00000000,0.00000000,0.00114733,0.04436455,0.00000000,0.00000000,0.00524233,0.00000000,0.00000000,0.00000000,0.00000000,0.00000000,0.00000000,0.00000000,0.00000000
0.00000000,0.00586554,0.00000000,0.00000000,0.00000000,0.00000000,0.00000000,0.00000000,0.00000000,0.00000000,0.00000000,0.00000000,0.00000000,0.00000000,0.00000000,0.00000000,0.00000000,0.06549441,0.00000000,0.00000000,0.00000000,0.00572749,0.00000000,0.00944129,0.00000000,0.00000000,0.00000000,0.00000000,0.00000000,0.00000000,0.00000000,0.00000000,0.00000000,0.01497964,0.00000000,0.00352621,0.16868922,0.00000000,0.00331405,0.00158129,0.00000000,0.00000000,0.00000000,0.00000000,0.00108196,0.00000000,0.00000000,0.01052557,0.00000000,0.00000000,0.00716388,0.00000000,0.00000000,0.00000000,0.00000000,0.00000000,0.00000000,0.00000000,0.00000000,0.00748777,0.02299409,0.00000000,0.00000000,0.00268621,0.00000000,0.00000000,0.00000000,0.00000000,0.00513144,0.00000000,0.00000000,0.00000000,0.00000000,0.00000000,0.00000000,0.00000000,0.00000000,0.00000000,0.00000000,0.00000000,0.00000000,0.00000000,0.00582780,0.00000000,0.00000000,0.00000000,0.00000000,0.00000000,0.00000000,0.00000000,0.00000000,0.00000000,0.00000000,0.04150021,0.00000000,0.00000000,0.00000000,0.00000000,0.00000000,0.00000000,0.00000000,0.00000000,0.00000000,0.00000000,0.00000000,0.00000000,0.00000000,0.00000000,0.00000000,0.00000000,0.00000000,0.00000000,0.00000000,0.00000000,0.00000000,0.00000000,0.00000000,0.00000000,0.00000000,0.00000000,0.00000000,0.00000000,0.00000000,0.00000000,0.05568403,0.00000000,0.00000000,0.00000000,0.00000000,0.00000000,2.58100751,0.00000000,0.00000000,0.00000000,0.00000000,0.00000000,0.00000000,0.00000000,0.00000000,0.00000000,0.00000000,0.00000000,0.00283688,0.00000000,0.00000000,0.00000000,0.00000000,0.00000000,0.00000000,0.00000000,0.00000000,0.02208512,0.00000000,0.00000000,0.10718489,0.00000000,0.00000000,0.00000000,0.04473797,0.00000000,0.00000000,0.00317846,0.00000000,0.00000000,0.00000000,0.00000000,0.00000000,0.00000000,0.00000000,0.00000000,0.00000000,0.00000000,0.00000000,0.00000000,0.00000000,0.00000000,0.00000000,0.00392582,0.00000000,0.00000000,0.00000000,0.00000000,0.00000000,0.00000000,0.00000000,0.00000000,0.00000000,0.00131508,0.00000000,0.00000000,0.00000000,0.00000000,0.00438150,0.00000000,0.01324878,0.00000000,0.00000000,0.00000000,0.00000000,0.00000000,0.00000000,0.00000000,0.01545420,0.00000000,0.00125488,0.00000000,0.00000000,0.00000000,0.00237242,0.00000000,0.00000000,0.00000000,0.00000000,0.00000000,0.00000000,0.00000000,0.00000000,0.00000000,0.00000000,0.00000000,0.00000000,0.00000000,0.00000000,0.00000000,0.00000000,0.00000000,0.00000000,0.00000000,0.00000000,0.00417421,0.00000000,0.00000000,0.00000000,0.00197512,0.00000000,0.00000000,0.00000000,0.00000000,0.00000000,0.00000000,0.01309220,0.00000000,0.00000000,0.00000000,0.00000000,0.00462831,0.00000000,0.00000000,0.00000000,0.00000000,0.00000000,0.00000000,0.00000000,0.00000000,0.00000000,0.00842115,0.00000000,0.00000000,0.00966844,0.00000000,0.00000000,0.00000000,0.00000000,0.00000000,0.00000000,0.00000000,0.00000000,0.00000000,0.00000000,0.00000000,0.00157995,0.00000000,0.11089719,0.00000000,0.00000000,0.00466308,0.00126140,0.00000000,0.00000000,0.00000000,0.00000000,0.00000000,0.00000000,0.00000000,0.00000000,0.00000000,0.00000000,0.00168218,0.00000000,0.00000000,0.00000000,0.00000000,0.00000000,0.00000000,0.00000000,0.00000000,0.00000000,0.00000000,0.00000000,0.00000000,0.00000000,0.00000000,0.01854181,0.00000000,0.00000000,0.00000000,0.00396786,0.00000000,0.00000000,0.00000000,0.00000000,0.00000000,0.00000000,0.00335995,0.00000000,0.00000000,0.00000000,0.00000000,0.00000000,0.00000000,0.00000000,0.00000000,0.00000000,0.00000000,0.00000000,0.00000000,0.00000000,0.00000000,0.00000000,0.00000000,0.00000000,0.00000000,0.00000000,0.00000000,0.06715226,0.00000000,0.00000000,0.00000000,0.00000000,0.00868637,0.00000000,0.00000000,0.00156514,0.00000000,0.00000000,0.00000000,0.00000000,0.00000000,0.00000000,0.00000000,0.00000000,0.00000000,0.00000000,0.00000000,0.00000000,0.03925129,0.00000000,0.00000000,0.00000000,0.00000000,0.00000000,0.00075602,0.03435773,0.00000000,0.00000000,0.00000000,0.00000000,0.00000000,0.00000000,0.00000000,0.00000000,0.00000000,0.00000000,0.00000000,0.00000000,0.00000000,0.00000000,0.00000000,0.00000000,0.00000000,0.00000000,0.00000000,0.00000000,0.00000000,0.00000000,0.05247510,0.00000000,0.06859132,0.00000000,0.00000000,0.00000000,0.00000000,0.00000000,0.04512404,0.00000000,0.00000000,0.00000000,0.00000000,0.00000000,0.00000000,0.00000000,0.00000000,0.00000000,0.00000000,0.00000000,0.00000000,0.00000000,0.00000000,0.00546522,0.00000000,0.00000000,0.00000000,0.00000000,0.00000000,0.00000000,0.00000000,0.00000000,0.00000000,0.00000000,0.00000000,0.00000000,0.65680964,0.00000000,0.00000000,0.00000000,0.03847155,0.00000000,1.56002986,0.00000000,0.00000000,0.00000000,0.00000000,0.01350378,0.00087401,0.00000000,0.00000000,0.00000000,0.00000000,0.00000000,0.00000000,0.00000000,0.00809537,0.00000000,0.00000000,0.00000000,0.00624241,0.00000000,0.00000000,0.00000000,0.00000000,0.00000000,0.00000000,0.00000000,0.00605804,0.00000000,0.00000000,0.00000000,0.00000000,0.00000000,0.00485652,0.00000000,0.00000000,0.00000000,0.01675313,0.00000000,0.00000000,0.00000000,0.00000000,0.00000000,0.00000000,0.00000000,0.00000000,0.00000000,0.00000000,0.40355270,0.00000000,0.00000000,0.00960180,0.00000000,0.00000000,0.00000000,0.00000000,0.06013310,0.00000000,0.00000000,0.00000000,0.00000000,0.00000000,0.00000000,0.00000000,0.00000000,0.00000000,0.00000000,0.00000000,0.00000000,0.00000000,0.00000000,0.00000000,0.00000000,0.00000000,0.00175927,0.00000000,0.00000000,0.02300949,0.00000000,0.00000000,0.00000000,0.00000000,0.00000000,0.00000000,0.00000000,0.00000000,0.00000000,0.00000000,0.00000000,0.00000000,0.00000000,0.00000000,0.00000000,0.00000000,0.00000000,0.01027309,0.00000000,0.00000000,0.00000000,0.00000000,0.00228093,0.00000000,0.00000000,0.00000000,0.00000000,0.00000000,0.03901296,0.00000000,0.00000000,0.00000000,0.00000000,1.44836986,0.00000000,0.00000000,0.00000000,0.00000000,0.00000000,0.00000000,0.00000000,0.00000000,0.00000000,0.00000000,0.00000000,0.00000000,0.00000000,0.01837035,0.00000000,0.00000000,0.00000000,0.00000000,0.00000000,0.00000000,0.01257319,0.00178282,0.00163032,0.00000000,0.00000000,0.00000000,0.00000000,0.00000000,0.00000000,0.00000000,0.00000000,0.00000000,0.00000000,0.00000000,0.00000000,0.00000000,0.00000000,0.00000000,0.00000000,0.00000000,0.00000000,0.01119103,0.00000000,0.00000000,0.00000000,0.00000000,0.00000000,0.00000000,0.00000000,0.00180480,0.00000000,0.00272236,0.00000000,0.00000000,0.00357381,0.00000000,0.00000000,0.00000000,0.00000000,0.00000000,0.00000000,0.00000000,0.00000000,0.00000000,0.00000000,0.00000000,0.01124687,0.00000000,0.00000000,0.00000000,0.00000000,0.00000000,0.00000000,0.00000000,0.00000000,0.00000000,0.02036924,0.00000000,0.00000000,0.00000000,0.00000000,0.00000000,0.00000000,0.00000000,0.00000000,0.00000000,0.00000000,0.00000000,0.00000000,0.00000000,0.00000000,0.00000000,0.00000000,0.00501591,0.01304697,0.03296127,0.00190830,0.02487610,0.00000000,0.00000000,0.00000000,0.00000000,0.00000000,0.00000000,0.00000000,0.01714543,0.00000000,0.00277309,0.00000000,0.00000000,0.00000000,0.01114424,0.00000000,0.00000000,0.00000000,0.00000000,0.00000000,0.01527758,0.00000000,0.00000000,0.00000000,0.00000000,0.00000000,0.00000000,0.00000000,0.00000000,0.00000000,0.00000000,0.00000000,0.00000000,0.00000000,0.00000000,0.00000000,0.00000000,0.00000000,0.00000000,0.00000000,0.00000000,0.00000000,0.00000000,0.00409875,0.00000000,0.00179132,0.00103659,0.00000000,0.00000000,0.00000000,0.07878055,0.00000000,0.00000000,0.00830754,0.04665887,0.00000000,0.00116087,0.00000000,0.00000000,0.00000000,0.00000000,0.00000000,0.00000000,0.00000000,0.00000000,0.00000000,0.00000000,0.00000000,0.00000000,0.00000000,0.00000000,0.00000000,0.00000000,0.00000000,0.00000000,0.00000000,0.00000000,0.00000000,0.00000000,0.00000000,0.00000000,0.00000000,0.00000000,0.00000000,0.00000000,0.00000000,0.00643561,0.00000000,0.00000000,0.00000000,0.00000000,0.08153434,0.00000000,0.00000000,0.00000000,0.04435576,0.00000000,0.00000000,0.00000000,0.00000000,0.00000000,0.00000000,0.00000000,0.00000000,0.00000000,0.00000000,0.00000000,0.00000000,0.00000000,0.00000000,0.00000000,0.00000000,0.00000000,0.00000000,0.00000000,0.00000000,0.00000000,0.00000000,0.00000000,0.00000000,0.00000000,0.00000000,0.00000000,0.00000000,0.00000000,0.00201679,0.00000000,0.00000000,0.00000000,0.00000000,0.00000000,0.00000000,0.01730875,0.00000000,0.09271092,0.00000000,0.00000000,0.00000000,0.19111073,0.00809636,0.00000000,0.00000000,0.00000000,0.00813067,0.02626487,0.01235910,0.00000000,0.00000000,0.00000000,0.00315488,0.00000000,0.00000000,0.00000000,0.00000000,0.00000000,0.00000000,0.00000000,0.00000000,0.00376129,0.00000000,0.00000000,0.00000000,0.00000000,0.00000000,0.00000000
0.00131692,0.00000000,0.00000000,0.00000000,0.00000000,0.00000000,0.00000000,0.03765441,0.00000000,0.00000000,0.05205926,0.00000000,0.00000000,0.00000000,0.00000000,0.00000000,0.02451682,0.00064481,0.02912324,0.00000000,0.00000000,0.00000000,0.00000000,0.00000000,0.00000000,0.00000000,0.00000000,0.00000000,0.00000000,0.00000000,0.00000000,0.00000000,0.00000000,0.00000000,0.00000000,0.00000000,0.00000000,0.00000000,0.00000000,0.00362162,0.00000000,0.00000000,0.00000000,0.00000000,0.00000000,0.00000000,0.00000000,0.00000000,0.00000000,0.00000000,0.00000000,0.00000000,0.00000000,0.00000000,0.00000000,0.00000000,0.00000000,0.00149217,0.00000000,0.00000000,0.00000000,0.00000000,0.00000000,0.00000000,0.00298686,0.00770845,0.00000000,0.00000000,0.00000000,0.00000000,0.00000000,0.00000000,0.00000000,0.00000000,0.00000000,0.00000000,0.42821947,0.00000000,0.03285882,0.00000000,0.00000000,0.00000000,0.00000000,0.00000000,0.00000000,0.00000000,0.00000000,0.00000000,0.00000000,0.00000000,0.00000000,0.04873989,0.00000000,0.00000000,0.00000000,0.00760467,0.00000000,0.00000000,0.00000000,0.02083597,0.00000000,0.00000000,0.00000000,0.00000000,0.00000000,0.00000000,0.00000000,0.00000000,0.00000000,0.00000000,0.00000000,0.00000000,0.00000000,0.26417552,0.00000000,0.00000000,0.00000000,0.00000000,0.00000000,0.00000000,0.00000000,0.00000000,0.00000000,0.00000000,0.00000000,0.00000000,0.00000000,0.00000000,0.00000000,0.00000000,0.00000000,0.00000000,0.00000000,0.00000000,0.00000000,0.00000000,0.00000000,0.00000000,0.00000000,0.00000000,0.00000000,0.00000000,0.00000000,0.00000000,0.00312494,0.00000000,0.00000000,0.00000000,0.00000000,0.00000000,0.00000000,0.00000000,0.00000000,0.00000000,0.00000000,0.00137637,0.00000000,0.00000000,0.00000000,0.00301169,0.00000000,0.00000000,0.12636522,0.00000000,0.00000000,0.00146723,0.00000000,0.01029675,0.00000000,0.00000000,0.00000000,0.00000000,0.00000000,0.00000000,0.03527694,0.00000000,0.00000000,0.00000000,0.00000000,0.00000000,0.00000000,0.00229203,0.00000000,0.00000000,0.00000000,0.00000000,0.00176752,0.00000000,0.00000000,0.00000000,0.00000000,0.00000000,0.00000000,0.00000000,0.00000000,0.00000000,0.00223747,0.00000000,0.00000000,0.00000000,0.00000000,0.00000000,0.00000000,0.00000000,0.00000000,0.00000000,0.00000000,0.00000000,0.00000000,0.00000000,0.00000000,1.31298318,0.00000000,0.00000000,0.00000000,0.00000000,0.00000000,0.00000000,0.00000000,0.00000000,0.00000000,0.00000000,0.00000000,0.00000000,0.00000000,0.00000000,0.00000000,0.00000000,0.00000000,0.00000000,0.00000000,0.00000000,0.00000000,0.00000000,0.00000000,0.00508821,0.00000000,0.00000000,0.00000000,0.00000000,0.00000000,0.00000000,0.00651890,0.00000000,0.01973009,0.00000000,0.00000000,0.00000000,0.00000000,0.00387422,0.00000000,0.00000000,0.00000000,0.00000000,0.00000000,0.00219583,0.00000000,0.00000000,0.00000000,0.00000000,0.00000000,0.00000000,0.00000000,0.00000000,0.00597934,0.00000000,0.00000000,0.00000000,0.00000000,0.00000000,0.00000000,0.00000000,0.00000000,0.00000000,0.00000000,0.04370983,0.00000000,0.00000000,0.00000000,0.00000000,0.01128150,0.00000000,0.00000000,0.00000000,0.31383320,0.00000000,0.00000000,0.00000000,0.02593551,0.00000000,0.00000000,0.00000000,0.00000000,0.00000000,0.00000000,0.00000000,0.00000000,0.00480752,0.00000000,4.86272201,0.00000000,0.00000000,0.00000000,0.00000000,0.00000000,0.00000000,0.00000000,0.00000000,0.00000000,0.00000000,0.00000000,0.00000000,0.00000000,0.00000000,0.00000000,0.00000000,0.00000000,0.00000000,0.00162883,0.00000000,0.00844955,0.00000000,0.00000000,0.00000000,0.04652056,0.00000000,0.00000000,0.00000000,0.00000000,0.00000000,0.00000000,0.00000000,0.00000000,0.00000000,0.00000000,0.00000000,0.00000000,0.00000000,0.14080739,0.00000000,0.00000000,0.00000000,6.80482149,0.00000000,0.00000000,0.00000000,0.00000000,0.00000000,0.00682419,0.00000000,0.02477088,0.00000000,0.00000000,0.00000000,0.00000000,0.00000000,0.00000000,0.00000000,0.00000000,0.03437057,0.00000000,0.00000000,0.00000000,0.00583605,0.00000000,0.00000000,0.00000000,0.00228013,0.00000000,0.00000000,0.00000000,0.00000000,0.00000000,0.00000000,0.00124357,0.00200869,0.89327178,0.00000000,0.00000000,0.00000000,0.00000000,0.00000000,0.00000000,0.00000000,0.00000000,0.00000000,0.00000000,0.00000000,0.00000000,0.00000000,0.00000000,0.00000000,0.00000000,0.00000000,0.00000000,0.00000000,2.33265209,0.00000000,0.00000000,0.00000000,0.00000000,0.00000000,0.00000000,0.07070606,0.33314477,0.00000000,0.00000000,0.00000000,0.00000000,0.00000000,0.00000000,0.00651622,0.00000000,0.01863218,0.00000000,0.00000000,0.00000000,0.13945054,0.00000000,0.11493977,0.00000000,0.00000000,0.00000000,0.00000000,0.00000000,0.00000000,0.00000000,0.00000000,0.04757191,0.00000000,0.02066101,0.00000000,0.00000000,0.00000000,0.00000000,0.00000000,0.00000000,0.00000000,0.00000000,0.00000000,0.00000000,0.00000000,0.00000000,0.00000000,0.00000000,0.00000000,0.00000000,0.00000000,0.00000000,0.00000000,0.00000000,0.00127494,0.00000000,0.00000000,0.00000000,1.24394011,0.00000000,0.00000000,0.00000000,0.00000000,0.00000000,0.00000000,0.00000000,0.00117204,0.00000000,0.00000000,0.06550469,0.00000000,0.00000000,0.00000000,0.00000000,0.00000000,0.00000000,0.00000000,0.00000000,0.00000000,0.00000000,0.00000000,0.01577499,0.01845847,0.00000000,0.00000000,0.00000000,0.00000000,0.00000000,0.00000000,0.00000000,0.00000000,0.00000000,0.00169842,0.00000000,0.00000000,0.00000000,0.01737227,0.00000000,0.00068342,0.00000000,0.00000000,0.00000000,0.00000000,0.00000000,0.00000000,0.00000000,0.00000000,0.00000000,0.00000000,0.00000000,0.00000000,0.00000000,0.11245296,0.00000000,0.02786604,0.00000000,0.00000000,0.00000000,0.00355902,0.00000000,0.00000000,0.00000000,0.00000000,0.00000000,0.02272581,0.00000000,0.00000000,0.00000000,0.01222908,0.00000000,0.00000000,0.00000000,0.00000000,0.00000000,0.00000000,0.00000000,0.00000000,0.00000000,0.00534349,0.00000000,0.00225862,0.00805118,0.00000000,0.00000000,0.00000000,0.00409899,0.00000000,0.00996903,0.00000000,0.00000000,0.00000000,0.00000000,0.03271050,0.00000000,0.00000000,0.00000000,0.00000000,0.00000000,0.00000000,0.00000000,0.00000000,0.00000000,0.00000000,0.00000000,0.00000000,0.00000000,0.00134587,0.00000000,0.00000000,0.00000000,0.00000000,0.00000000,0.00000000,0.00000000,0.00000000,0.00000000,0.00000000,0.00000000,0.00000000,0.00000000,0.00000000,0.00000000,0.13596931,0.00000000,0.00262455,0.00000000,0.00000000,0.00000000,0.00000000,0.00000000,0.00000000,0.00000000,0.01366064,0.00193951,0.00000000,0.00000000,0.00000000,0.00000000,0.00000000,0.00000000,0.00000000,0.00000000,0.00000000,0.00000000,0.00000000,0.00000000,0.01124687,0.00000000,0.00000000,0.00000000,0.00000000,0.11712591,0.00000000,0.00000000,0.00000000,0.00000000,0.00000000,0.00000000,0.00000000,0.00000000,0.00000000,0.00000000,0.00000000,0.00000000,0.00000000,0.00000000,0.00000000,0.00000000,0.00558998,0.00000000,0.00000000,0.00000000,0.00000000,0.00091879,0.00000000,0.00000000,0.00000000,0.00000000,0.00000000,0.00000000,0.00000000,0.01192924,0.00000000,0.00000000,0.00000000,0.00000000,0.00000000,0.00000000,0.00000000,0.00327021,0.00000000,0.00000000,0.00000000,0.00000000,0.00000000,0.00000000,0.00000000,0.00000000,0.00000000,0.00406267,0.00000000,0.00066572,0.00000000,0.00000000,0.00000000,0.01893939,0.00000000,0.00000000,0.00000000,0.00000000,0.00000000,0.00000000,0.00000000,0.00000000,0.00000000,0.00000000,0.00000000,0.00000000,0.00000000,0.00000000,0.00000000,0.00000000,0.00000000,0.00000000,0.06051338,0.00000000,0.00000000,0.00000000,0.00000000,0.00000000,0.02729156,0.00317055,0.00000000,1.43348358,0.00000000,0.05805755,0.00000000,0.00000000,0.03492918,0.00000000,0.00000000,0.00000000,0.00000000,0.00000000,0.00000000,0.00000000,0.00110283,0.00000000,0.00000000,0.00000000,0.00000000,0.00000000,0.00000000,0.00000000,0.00000000,0.00000000,0.00000000,0.00283391,0.00000000,0.00000000,0.00495227,0.03280474,0.00087454,0.00000000,0.00000000,0.00000000,0.00000000,0.00000000,0.00000000,0.00000000,0.00000000,0.00000000,0.00000000,0.00000000,0.00000000,0.00000000,0.00000000,0.00000000,0.00000000,0.00000000,0.00000000,0.00000000,0.00000000,0.00000000,0.00000000,0.00000000,0.00094635,0.00000000,0.00000000,0.00000000,0.00000000,0.00000000,0.00000000,0.00000000,0.00000000,0.00000000,0.00000000,0.00000000,0.00000000,0.00000000,0.00000000,0.00000000,0.00000000,0.00000000,0.00000000,0.00135283,0.00000000,0.00000000,0.00000000,0.00000000,0.00000000,0.00000000,0.00000000,0.00345696,0.00000000,0.00000000,0.23633158,0.00000000,0.00000000,0.00000000,0.00000000,0.00000000,0.00000000,0.00274950,0.00000000,0.00000000,0.00000000,0.14540481,0.00000000,0.00000000,0.00000000,0.00000000,0.00000000,0.00000000,0.00000000,0.00000000,0.00000000,0.00000000,0.00000000,0.00000000,0.02859697,0.11767451,0.00000000
0.00000000,0.18743221,0.00000000,0.01969394,0.00000000,0.00386561,0.00000000,0.00000000,0.00000000,0.00000000,0.00000000,0.00000000,0.00000000,0.00000000,0.00000000,0.00000000,0.00000000,0.00000000,0.00000000,0.00000000,0.00825356,0.00000000,0.00000000,0.01016610,0.00000000,0.00000000,0.00000000,0.00000000,0.00000000,0.00000000,0.00000000,0.00000000,0.00000000,0.00000000,0.00475525,0.00000000,0.00000000,0.00000000,0.00000000,0.00000000,0.00000000,0.02912999,2.60886993,0.00000000,0.00000000,0.00000000,0.03258496,0.00000000,0.00000000,0.00000000,0.00000000,0.00000000,0.00350848,0.00000000,0.00000000,0.00000000,0.01346675,0.00000000,0.00000000,0.00000000,0.00000000,0.00000000,0.00000000,0.00000000,0.00000000,0.01382047,0.00000000,0.00000000,0.00000000,0.00525524,0.00000000,0.01119404,0.00000000,0.00000000,0.00000000,0.00000000,0.00000000,0.00000000,0.00000000,0.00000000,0.00000000,0.00000000,0.00000000,0.00000000,0.00000000,0.00000000,0.00000000,0.00000000,0.00000000,0.00000000,0.00000000,0.00000000,0.00000000,0.00000000,0.00000000,0.00000000,0.00000000,0.00000000,0.00326632,0.00000000,0.00000000,0.00000000,0.00000000,0.00000000,0.00000000,0.00000000,0.00000000,0.00000000,0.10328183,0.00000000,0.00000000,0.00000000,0.28761407,0.00000000,0.00000000,0.00000000,0.00000000,0.00000000,0.00000000,0.00000000,0.00000000,0.00000000,0.00000000,0.00000000,0.00082956,0.00000000,0.00000000,0.00000000,0.00000000,0.00000000,0.00000000,0.20162471,0.00000000,0.00000000,0.00000000,0.00000000,0.00000000,0.00000000,0.00000000,0.00000000,0.01620399,0.00000000,0.00000000,0.00000000,0.00457215,0.00000000,0.00000000,0.00000000,0.00000000,0.00000000,0.00000000,0.00000000,0.00000000,0.00000000,0.00142084,0.00000000,0.00000000,0.00000000,0.00000000,0.00000000,0.00000000,0.00000000,0.00000000,0.00000000,0.00000000,0.00000000,0.05259438,0.00639071,0.00108444,0.00000000,0.00000000,0.00000000,0.00000000,0.00000000,0.00000000,0.00000000,0.00000000,0.00000000,0.00000000,0.00000000,0.00000000,0.00000000,0.00000000,0.00000000,0.00000000,0.00000000,2.68634158,0.00000000,0.00000000,0.00000000,0.02770912,0.06988561,0.00000000,0.00000000,0.00000000,0.00000000,0.00000000,0.02858647,0.00000000,0.00000000,0.04857488,0.00000000,0.00000000,0.00000000,0.00000000,0.00000000,0.00000000,0.01503558,0.00000000,0.00000000,0.00000000,0.00187194,0.00000000,0.00000000,0.00000000,0.00000000,0.00000000,0.00000000,0.00000000,0.00000000,0.00000000,0.00000000,0.00108499,0.00000000,0.00000000,0.00968788,0.00000000,0.00000000,0.00000000,0.00000000,0.00000000,0.00000000,0.00000000,0.00000000,0.00000000,0.00000000,0.00000000,0.00000000,0.03982309,0.00000000,0.00000000,0.00000000,0.00000000,0.00000000,0.00000000,0.00000000,0.00000000,0.00000000,0.01321233,0.00000000,0.00000000,0.00000000,0.00000000,0.00000000,0.02347475,0.00000000,0.00000000,0.00000000,0.00159765,0.00000000,0.00000000,0.00000000,0.00596833,0.00000000,0.00000000,0.00000000,0.02135500,0.00000000,0.00000000,0.00000000,0.00423665,0.00000000,0.00000000,0.00000000,0.00000000,0.00000000,0.00000000,0.00000000,0.00000000,0.00000000,0.00000000,0.00000000,0.00000000,0.00000000,0.00000000,0.00038736,0.00000000,0.00000000,0.00000000,0.00000000,0.00000000,0.00000000,0.00000000,0.00000000,0.00000000,0.03291359,0.00000000,0.00000000,0.00000000,0.00000000,0.00000000,0.00000000,0.00000000,0.00000000,0.00000000,0.00000000,0.00000000,0.00000000,0.00000000,0.00000000,0.00427185,0.00000000,0.00000000,0.00000000,0.00610320,0.00000000,0.00000000,0.00000000,0.00000000,0.00000000,0.00000000,0.00176072,0.00000000,0.00000000,0.00000000,0.00000000,0.00000000,0.00000000,0.00000000,0.00000000,0.00000000,0.00000000,0.00000000,0.00000000,0.00000000,0.00711631,0.00000000,0.00000000,0.00000000,0.00000000,0.00757509,0.00000000,0.00000000,0.00000000,0.01830603,0.02995663,0.00000000,0.00000000,0.00000000,0.00000000,0.00000000,0.00000000,0.00000000,0.00000000,0.00000000,0.00000000,0.00000000,0.00000000,0.00000000,0.00000000,0.00000000,0.00000000,0.00000000,0.07097055,0.00000000,0.00000000,0.00000000,0.00000000,0.00000000,0.00000000,0.00000000,0.00000000,0.00000000,0.00000000,0.00000000,0.00000000,0.69896885,0.00000000,0.00000000,0.00000000,0.00000000,0.00000000,0.00000000,0.00000000,0.00000000,0.00000000,0.00000000,0.00000000,0.00000000,0.19460731,0.00232580,0.00000000,0.00209498,0.00000000,0.00000000,0.00000000,0.00000000,0.00000000,0.00000000,0.00656844,0.00000000,0.00000000,0.00000000,0.00000000,0.00000000,0.00000000,0.00000000,0.00630289,0.00000000,0.00000000,0.00000000,0.00000000,0.00000000,0.00000000,0.00000000,0.00000000,0.00156030,0.00000000,0.00000000,0.00000000,0.00000000,0.00000000,0.00000000,0.00000000,0.00182130,0.00000000,0.00000000,0.00000000,0.00000000,0.00000000,0.01137192,0.00000000,0.00000000,0.00000000,0.00000000,0.03858689,0.00000000,0.00000000,0.00000000,0.00000000,0.00000000,0.00000000,0.00000000,0.00000000,0.00000000,0.00000000,0.00000000,0.00000000,0.00000000,0.00122187,0.00000000,0.00000000,0.00000000,0.00000000,0.00000000,0.00000000,0.00472646,0.00000000,0.00000000,0.00000000,0.00000000,0.00000000,0.00000000,0.00000000,0.00000000,0.00000000,0.00000000,0.00000000,0.00000000,0.00000000,0.00000000,0.00000000,0.00000000,0.00063374,0.00000000,0.00000000,0.05588781,0.00000000,0.00000000,0.00000000,0.03886695,0.01846736,0.02632153,0.00000000,0.00000000,0.00000000,0.00000000,0.00000000,0.00640449,0.00000000,0.00000000,0.00000000,0.00000000,0.00000000,0.00707144,0.00000000,0.00000000,0.00000000,0.00000000,0.00256054,0.00000000,0.00000000,0.00000000,0.00000000,0.00000000,0.00000000,0.00000000,0.00000000,0.00000000,0.00000000,0.00000000,0.00000000,0.00000000,0.00000000,0.00192091,2.18256282,0.04716353,0.00000000,0.00000000,0.00000000,0.00000000,0.00000000,0.00000000,0.00097508,0.07864308,0.00000000,0.00000000,0.00000000,0.00000000,0.00306077,0.00983807,0.01521821,0.00000000,0.00000000,0.00000000,0.00000000,0.00000000,0.00000000,0.00000000,0.00000000,0.00000000,0.00000000,0.00000000,0.00000000,0.00000000,0.00000000,0.00000000,0.00000000,0.00096590,0.00000000,0.00000000,0.00000000,0.00776615,0.00000000,0.00000000,0.00000000,0.00000000,0.00000000,0.00000000,0.00000000,0.00000000,0.00000000,0.00000000,0.00000000,0.00000000,0.00000000,0.00000000,0.00000000,0.01268616,0.00000000,0.00000000,0.00000000,0.00000000,0.00000000,0.00000000,0.00000000,0.00000000,0.00000000,0.00000000,0.00000000,0.00000000,0.00000000,0.00000000,0.00000000,0.00000000,0.00000000,0.00000000,0.00000000,0.02122018,0.00000000,0.00276893,0.00000000,0.00000000,0.00000000,0.00000000,0.00000000,0.00000000,0.00000000,0.56019540,0.00000000,0.00000000,0.00000000,0.00000000,0.00000000,0.00000000,0.00000000,0.00000000,0.00000000,0.00000000,0.00000000,0.00000000,0.00000000,0.00085051,0.16959812,0.03931348,0.02223422,0.00000000,0.00000000,0.00000000,0.00000000,0.00000000,0.00000000,0.00000000,0.00000000,0.00952483,0.00000000,0.00000000,0.00000000,0.00000000,0.00000000,0.00000000,0.00000000,0.00000000,0.00298749,0.00000000,0.00000000,0.00000000,0.00000000,0.00000000,0.00523598,0.00000000,0.00000000,0.00000000,0.00122478,0.00000000,0.00000000,0.00000000,0.00000000,0.00000000,0.00196075,0.00000000,0.00000000,0.00000000,0.00000000,0.00000000,0.00000000,0.00000000,0.00000000,0.00000000,0.00000000,0.86975372,0.00000000,0.00000000,0.00000000,0.00000000,0.00000000,0.00000000,0.00000000,0.00272412,0.00000000,0.00000000,0.00000000,0.00000000,0.00000000,0.03214900,0.00000000,0.00000000,0.00000000,0.00156959,0.00000000,0.03921297,0.00000000,0.00000000,0.00000000,0.00000000,0.00308552,0.00000000,0.00666263,0.00000000,0.00000000,0.00000000,0.00000000,0.00000000,0.00000000,0.00000000,0.00000000,0.00000000,0.00000000,0.00000000,0.00000000,0.00000000,0.00000000,0.00000000,0.00000000,0.00000000,0.00000000,0.00000000,0.00000000,0.00000000,0.00000000,0.00000000,0.00000000,0.03298039,0.00000000,0.00000000,0.00651181,0.00000000,0.00000000,0.00000000,0.00000000,0.00000000,0.00195780,0.00000000,0.02393565,0.00000000,0.00000000,0.00000000,0.00524475,0.00000000,0.02400297,0.01845257,0.00000000,0.00000000,0.00000000,0.00000000,0.00000000,0.00526136,0.00000000,0.00000000,0.00000000,0.00000000,0.00000000,0.00000000,0.00000000,0.00000000,0.00000000,0.00000000,0.00000000,0.07792727,0.00000000,0.00000000,0.00000000,0.00000000,0.00320584,0.00000000,0.00000000,0.00000000,0.00000000,0.00000000,0.00000000,0.00000000,0.00000000,0.00000000,0.00000000,0.00000000,0.00475808,0.00000000,0.00000000,0.00000000,0.00000000,0.00000000,0.00000000,0.00000000,0.00000000,0.00000000,0.00000000,0.00000000,0.00000000,0.00000000,0.00000000,0.00000000,0.00000000,0.00000000,0.00000000,0.00000000,0.00000000,0.00000000,0.00000000,0.00000000,0.00000000,0.00000000,0.00000000,0.00352996,0.00000000,0.00991363,0.00000000,0.00000000,0.00000000,0.00000000,0.00000000
0.00000000,0.00000000,0.00000000,0.00000000,0.00000000,0.00000000,0.00000000,0.00000000,0.00000000,0.00000000,0.00000000,0.00000000,0.00000000,0.00263660,0.00000000,0.00000000,0.00000000,0.00000000,0.00000000,0.00000000,0.00000000,0.00000000,0.02609916,0.00000000,0.00000000,0.00000000,0.00000000,0.00000000,0.00000000,0.00000000,0.00000000,0.00000000,0.00000000,0.00228718,0.00000000,0.00000000,0.00078592,0.00000000,0.00000000,0.00000000,0.00000000,0.00000000,0.00000000,1.37153657,0.00000000,0.00000000,0.00000000,0.00000000,0.00000000,0.00000000,0.00000000,0.00000000,0.00000000,0.00000000,0.00000000,0.00000000,0.00000000,0.00000000,0.00000000,0.00000000,0.00000000,0.00000000,0.00218336,0.00000000,0.00000000,0.00000000,0.00000000,0.00000000,0.00000000,0.00000000,0.00000000,0.00000000,1.62922078,0.00000000,0.00000000,0.00000000,0.00000000,0.00000000,0.00000000,1.47770653,0.00000000,0.00000000,0.00000000,0.11445216,0.00000000,0.05750828,0.00000000,0.00000000,0.00000000,0.00000000,0.00000000,0.00000000,0.00000000,0.00000000,0.00000000,0.00000000,0.00000000,0.00000000,0.00000000,0.00000000,0.00000000,0.00000000,0.00000000,0.01195303,0.00000000,0.00000000,0.00000000,0.00000000,0.00000000,0.01277139,0.00000000,0.00000000,0.00000000,0.00000000,0.00000000,0.00237200,0.00000000,0.00000000,0.00000000,0.00000000,0.00000000,0.00000000,0.00000000,0.00000000,0.00000000,0.00000000,0.00000000,0.00000000,0.00000000,0.00000000,0.00000000,0.00000000,0.00725860,0.00000000,0.00000000,0.00390420,0.00000000,0.00000000,0.00000000,0.00000000,0.01158479,0.00000000,0.00000000,0.00000000,0.02040496,0.00000000,0.00000000,0.00000000,0.43059842,0.00000000,0.00000000,0.00000000,0.01299001,0.00000000,0.00000000,0.00000000,0.00000000,0.00000000,0.00000000,0.00000000,0.00000000,0.00000000,0.00000000,0.00000000,0.00000000,0.00000000,0.00000000,0.00000000,0.00000000,0.00063538,0.09032217,0.00000000,0.00000000,0.00000000,0.00000000,0.00000000,0.00000000,0.00000000,0.00000000,0.00000000,0.00104348,0.00000000,0.00000000,0.00000000,0.05518689,0.00000000,0.00000000,0.00000000,0.00000000,0.00000000,0.00000000,0.00476053,0.00000000,0.00000000,0.00000000,0.00000000,0.00000000,0.00000000,0.00000000,0.00000000,0.00000000,0.00000000,0.00000000,0.00000000,0.00000000,0.00000000,0.25277774,0.00000000,0.00000000,0.00000000,0.00000000,0.00000000,0.00929861,0.00000000,0.00000000,0.00000000,0.00000000,0.00000000,0.00000000,0.00000000,0.00000000,0.00000000,0.00000000,0.00000000,0.00000000,0.00000000,0.00000000,0.00000000,0.00000000,0.00000000,0.00000000,0.00000000,0.05420956,0.00000000,0.00000000,0.00000000,0.00000000,0.00000000,0.02034822,0.00000000,0.00000000,0.00000000,0.00000000,0.00000000,0.00000000,0.00000000,0.00000000,0.00969913,0.00000000,0.00000000,0.00000000,0.00000000,0.00000000,0.00000000,0.00000000,0.00000000,0.00786738,0.00000000,0.00000000,0.00000000,0.00000000,0.00000000,0.02141674,0.00000000,0.00000000,0.00000000,0.00000000,0.00000000,0.00000000,0.00000000,0.00000000,0.00000000,0.00000000,0.00000000,0.00000000,0.00000000,0.00000000,0.00000000,0.00479580,0.00000000,0.00000000,0.00000000,0.00000000,0.00000000,0.00184799,0.00000000,0.00000000,0.00000000,0.00000000,0.00000000,0.01953248,0.00000000,0.00879097,0.00000000,0.00000000,0.00000000,0.00000000,0.00000000,0.00000000,0.00000000,0.00000000,0.00000000,0.00000000,0.00000000,0.00000000,0.00000000,0.00000000,0.05888747,0.00000000,0.00163271,0.00000000,0.00000000,0.00000000,0.00000000,0.00000000,0.00000000,0.00000000,0.00000000,0.00000000,0.00000000,0.00000000,0.00000000,0.00000000,0.00000000,0.00000000,0.00000000,0.00000000,0.00000000,0.00000000,0.00000000,0.00000000,0.00000000,0.00000000,0.00000000,0.00000000,0.00000000,0.00000000,0.00000000,0.00000000,0.00000000,0.00000000,0.00000000,0.00000000,0.00000000,0.00000000,0.00000000,0.00000000,0.29769215,0.00487971,0.00000000,0.00000000,0.00000000,0.00000000,0.00000000,0.00000000,0.54332361,0.00000000,0.13168306,0.00000000,0.00000000,0.01125664,0.03495951,0.00000000,0.00000000,0.00000000,0.00000000,0.00000000,0.00000000,0.00000000,0.00000000,0.00000000,0.00000000,0.00000000,0.00000000,0.06321384,0.00000000,0.00000000,0.00000000,0.00000000,0.00000000,0.00000000,0.00000000,0.00000000,0.00000000,0.00000000,0.00000000,0.00000000,0.00000000,0.00000000,0.00000000,0.00000000,0.00775267,0.00000000,0.00000000,0.00000000,0.00000000,0.00000000,0.00000000,0.04437691,0.00000000,0.00000000,0.00000000,0.00000000,0.00000000,0.00000000,0.00000000,0.00000000,0.00000000,0.00000000,0.00000000,0.00000000,0.00000000,0.00000000,0.00000000,0.00000000,0.00000000,0.00000000,0.00000000,0.00970941,0.00000000,0.00000000,0.00000000,0.00000000,0.00000000,0.03126541,0.00000000,0.00000000,0.01514923,0.02429485,0.00000000,0.02183070,0.05120563,0.00000000,0.00000000,0.00000000,0.00000000,0.00000000,0.00000000,0.00000000,0.00000000,0.00000000,0.00000000,0.00000000,0.00000000,0.00000000,0.00000000,0.00000000,0.01555278,0.00000000,0.00000000,0.00000000,0.00000000,0.00347078,0.00000000,0.00000000,0.00000000,0.00000000,0.00000000,0.00000000,0.00000000,0.00589210,0.09062997,0.00000000,0.00236033,0.06749812,0.00000000,0.00000000,0.00000000,0.00000000,0.00000000,0.00000000,0.00212813,0.00000000,0.00000000,0.00000000,0.00000000,0.00000000,0.00000000,0.00000000,0.00000000,0.00000000,0.00000000,0.61406618,0.00000000,0.00000000,0.00000000,0.00000000,0.00000000,0.00000000,0.00000000,0.00080243,0.00000000,0.00000000,0.00000000,0.04820255,0.76178675,0.00000000,0.00000000,0.00000000,0.00111541,0.00000000,0.00000000,0.00530945,0.00179679,0.00000000,0.00000000,0.00000000,0.00000000,0.00000000,0.00000000,0.00000000,0.00000000,0.00184625,0.00000000,0.00000000,0.00000000,0.00000000,0.00000000,0.00000000,0.00000000,0.00000000,0.00000000,0.00000000,0.00000000,0.00000000,0.00000000,0.00000000,0.00000000,0.00000000,0.00000000,0.00000000,0.00000000,0.00000000,0.03395470,0.00000000,0.01428988,0.00000000,0.00000000,0.00000000,0.00000000,0.00000000,0.00000000,0.00176301,0.00000000,0.00000000,0.00000000,0.00000000,0.00772685,0.00000000,0.00000000,0.00000000,0.00000000,0.00118982,0.00000000,0.00000000,0.00000000,0.00000000,0.00000000,0.00000000,0.00000000,0.00000000,0.00000000,0.07896830,0.00314872,0.00000000,0.00000000,0.00000000,0.00000000,0.00000000,0.00000000,0.00000000,1.31339623,0.00000000,0.00000000,0.01035079,0.00000000,0.01049749,0.00000000,0.00000000,0.00000000,0.00000000,0.00000000,0.00000000,0.00000000,0.00000000,0.00000000,0.00788756,0.00182875,0.00000000,0.00000000,0.00084972,0.00000000,0.00000000,0.00000000,0.00000000,0.00000000,0.00000000,0.00000000,0.00000000,0.00000000,0.00000000,0.00000000,0.00000000,0.00000000,0.00000000,0.00000000,0.00000000,0.00681516,0.00000000,0.00000000,0.00000000,0.00000000,0.02513615,0.00000000,0.00000000,0.01508443,0.00000000,0.00000000,0.00000000,0.00323889,0.00000000,0.00000000,0.00000000,0.00267977,0.00000000,0.00000000,0.00000000,0.00000000,0.00000000,0.00000000,0.00000000,0.01051394,0.00000000,0.00000000,0.00000000,0.00000000,0.00000000,0.25566267,0.00000000,0.00000000,0.00000000,0.00000000,0.00000000,0.00000000,0.00000000,0.00000000,0.00000000,0.00000000,0.06383869,0.01224468,0.00000000,0.00000000,0.00000000,0.00000000,0.00889100,0.00356000,0.00000000,0.01592266,0.00000000,0.00000000,0.00000000,0.00000000,0.00000000,0.00222520,0.00000000,0.00000000,0.00000000,0.00000000,0.00000000,0.00000000,0.00000000,0.00000000,0.00000000,0.00000000,0.00000000,0.00000000,0.00000000,0.00000000,0.00000000,0.00000000,0.00000000,0.00000000,0.00000000,0.00000000,0.00000000,0.00000000,0.00000000,0.00000000,0.00000000,0.01027783,0.00000000,0.00000000,0.00000000,0.00000000,0.80148319,0.00000000,0.00000000,0.00000000,0.00000000,0.00000000,0.13585902,0.02306130,0.00000000,0.00000000,0.00000000,0.00000000,0.00000000,0.00000000,0.00910812,0.00000000,0.00000000,0.01334819,0.00000000,0.00000000,0.00167153,0.00000000,0.03136409,0.00000000,0.02507068,0.00000000,0.00000000,0.00000000,0.00000000,0.00477667,0.02097634,0.00000000,0.01079215,0.00000000,0.09491615,0.00000000,0.00000000,0.00000000,0.00000000,0.00000000,0.00000000,0.00000000,0.00000000,0.00000000,0.00000000,0.00000000,0.00000000,0.00169441,0.00497562,0.00000000,0.00000000,0.00000000,0.00000000,0.00000000,0.00000000,0.00000000,0.00000000,0.00000000,0.00000000,0.00000000,0.00000000,0.00000000,0.00000000,0.00000000,0.00000000,0.00000000,0.00000000,0.00000000,0.00000000,0.00000000,0.00000000,0.00000000,0.00000000,0.00087221,0.00000000,0.00108148,0.00000000,0.56450040,0.00000000,0.00000000,0.00000000,0.00000000,0.31523758,0.00000000,0.00000000,0.00000000,0.00000000,0.00000000,0.00000000,0.00000000,0.00682314,0.00000000,0.12214537,0.00000000,0.00000000,0.00000000,0.00000000,0.00000000,0.00000000,0.00000000,0.00000000,0.00000000,0.00000000,0.00000000,0.00000000,0.00000000
0.00188504,0.00402512,0.00000000,0.00000000,0.00000000,0.00000000,0.00000000,0.00000000,0.00000000,0.00000000,0.00000000,0.00000000,0.00000000,0.00000000,0.00000000,0.00000000,0.00000000,0.00000000,0.01298343,0.00000000,0.00000000,0.00000000,0.00000000,0.00000000,0.00000000,0.00000000,0.00000000,0.00000000,0.00000000,0.00000000,0.00000000,0.00000000,0.00000000,0.00000000,0.00000000,0.00000000,0.00000000,0.00000000,0.00000000,0.00000000,0.00000000,0.02417331,0.00000000,0.00000000,0.00000000,0.00000000,0.00000000,0.00000000,0.00000000,0.00000000,0.00000000,0.00000000,0.00000000,0.00000000,0.00000000,0.00000000,0.00865255,0.40696182,0.00000000,0.00000000,0.00000000,0.14484251,0.00000000,0.00000000,0.00000000,0.00000000,0.00000000,0.00000000,0.00000000,0.00000000,0.04377993,0.00000000,0.00382105,0.00000000,0.00000000,0.00000000,0.00000000,0.00000000,0.00000000,0.00000000,0.00000000,0.00000000,0.00000000,0.00000000,0.00000000,0.00000000,0.00000000,0.00000000,0.00000000,0.00000000,0.00000000,0.00000000,0.00000000,0.00000000,0.00000000,0.00000000,0.00000000,0.00000000,0.00000000,0.00203646,0.00000000,0.00000000,0.00000000,0.00657970,0.00000000,0.00000000,0.00000000,0.00000000,0.00000000,0.00000000,0.00808679,0.00000000,0.00000000,0.00000000,0.00000000,0.00000000,0.00000000,0.00000000,0.00000000,0.00000000,0.00000000,0.00000000,0.00000000,0.01091963,0.00000000,0.00000000,0.00000000,0.00000000,0.00000000,0.00000000,0.00000000,0.00000000,0.00000000,0.00000000,0.00000000,0.00000000,0.00000000,0.00000000,0.00165987,0.00000000,0.00000000,0.00000000,0.00000000,0.00000000,0.00000000,0.00000000,0.00000000,0.00000000,0.00000000,0.00000000,0.00000000,0.00000000,0.07650802,0.00000000,0.00000000,0.00000000,0.10575479,0.00000000,0.00000000,0.00000000,0.02081229,0.00000000,2.14456647,0.00000000,0.00000000,0.00000000,0.00000000,0.00000000,0.00000000,0.41564882,0.01851174,0.00000000,0.00000000,0.00360515,0.00000000,0.00000000,0.00000000,0.00616421,0.00000000,0.00000000,0.00000000,0.00000000,0.00000000,0.00000000,0.00000000,0.00000000,0.00000000,0.00375858,0.00000000,0.00000000,0.00000000,0.00000000,0.00571896,0.00889761,0.00000000,0.00000000,0.00000000,0.00000000,0.00000000,0.00000000,0.00000000,0.00000000,0.12111389,0.00000000,0.00000000,0.00000000,0.00000000,0.00000000,0.00000000,0.00000000,0.00000000,0.00000000,0.00000000,0.00090710,0.00000000,0.00000000,0.00000000,0.00000000,0.00000000,0.00000000,0.00000000,0.00000000,0.00000000,0.00000000,0.00000000,0.00000000,0.00000000,0.00000000,0.00000000,0.00311834,0.00000000,0.00219843,0.00000000,0.00000000,0.00000000,0.00000000,0.00000000,0.00000000,0.00000000,0.00000000,0.00000000,0.00000000,0.00000000,0.00000000,0.00000000,0.00000000,0.00000000,0.00000000,0.00000000,0.00000000,0.00000000,0.00000000,0.00000000,0.00000000,0.00000000,0.00000000,0.00000000,0.00000000,0.00000000,0.00000000,0.00000000,0.05405351,0.62467566,0.00000000,0.01616580,0.00000000,0.00000000,0.00000000,0.00000000,0.00000000,0.00000000,0.00000000,0.00000000,0.01726559,0.00975415,0.01376407,0.00000000,0.00000000,0.00000000,0.00000000,0.00000000,0.00000000,0.00000000,0.00000000,0.00000000,0.00000000,0.00000000,0.00000000,0.00000000,0.00000000,0.00000000,0.00000000,0.08138270,0.00000000,0.00000000,0.00000000,0.00000000,0.01198570,0.00000000,0.00000000,0.00000000,0.00000000,0.00000000,0.00000000,0.00000000,0.00000000,0.00000000,0.00268375,0.00000000,0.00000000,0.00000000,0.00000000,0.00000000,0.00138534,0.00000000,0.00000000,0.00000000,0.00000000,0.00000000,0.00000000,0.00000000,0.00000000,0.00000000,0.00000000,0.01451081,0.00257408,0.00000000,0.00000000,0.00000000,0.00000000,0.00000000,0.00000000,0.00000000,0.00000000,0.00000000,0.00184417,0.00000000,0.00000000,0.00000000,0.00726987,0.00000000,0.00000000,0.00000000,0.00000000,0.00000000,0.00557072,0.00000000,0.00000000,0.00000000,0.00000000,0.00000000,0.00000000,0.00000000,0.00000000,0.00000000,0.00000000,0.00000000,0.00000000,0.00000000,0.00000000,0.00000000,0.00000000,0.00000000,0.00000000,0.00000000,0.00000000,0.00000000,0.00000000,0.00000000,0.00000000,0.00000000,0.00000000,0.00000000,0.00000000,0.01038478,0.00000000,0.00000000,0.00000000,0.00000000,0.00000000,0.00000000,0.00000000,0.00000000,0.00000000,0.00000000,0.00000000,0.00000000,0.00000000,0.00000000,0.00000000,0.00000000,0.00000000,0.00000000,0.00000000,0.00000000,0.00000000,0.00000000,0.00339300,0.00000000,0.00000000,0.00000000,0.00000000,0.00000000,0.00000000,0.01964561,0.00000000,0.00000000,0.00000000,0.00066736,0.00000000,0.00000000,0.00000000,0.00000000,0.00000000,0.00000000,0.00000000,0.00000000,0.00000000,0.00000000,0.00000000,0.00000000,0.00000000,0.00000000,0.01340396,0.00000000,0.00000000,0.00000000,0.00000000,0.00000000,0.00000000,0.00000000,0.00000000,0.00284874,0.00000000,0.00000000,0.00000000,0.00000000,0.00093599,0.00000000,0.00000000,0.00000000,0.00000000,0.00000000,0.00000000,0.01284815,0.00000000,0.00000000,0.00000000,0.00000000,0.00000000,0.00000000,0.00000000,0.00937287,0.00000000,0.00676363,0.00000000,0.00000000,0.00000000,0.01529844,0.00323639,0.00000000,0.00000000,0.00000000,0.00000000,0.00000000,0.00000000,0.00000000,0.00000000,0.00000000,0.00814626,0.00000000,0.00000000,0.00000000,0.00000000,0.00000000,0.00378173,0.00000000,0.00330645,0.00000000,0.00000000,0.00000000,0.00000000,0.00000000,0.00000000,0.00275046,0.00000000,0.00000000,0.00000000,0.00000000,0.00000000,0.00000000,0.00000000,0.00000000,0.00000000,0.00420328,0.00333151,0.00557291,0.00000000,0.00323786,0.00000000,0.00000000,0.00000000,0.00000000,0.00000000,0.00000000,0.00000000,0.00000000,0.00000000,0.00000000,0.00417353,0.08307293,0.00000000,0.00000000,0.00000000,0.00000000,0.00000000,0.00687530,0.00000000,0.00000000,0.00000000,0.00000000,0.00000000,0.00000000,0.00661694,0.00000000,0.00000000,0.00000000,0.00000000,0.00000000,0.12451755,0.00000000,0.00000000,0.00000000,0.00000000,0.00138126,0.00000000,0.00000000,0.00000000,0.00000000,0.00000000,0.00000000,0.00000000,0.02349788,0.00000000,0.00000000,0.00000000,0.00000000,0.00000000,0.00000000,0.00000000,0.00000000,0.06788768,0.00000000,0.00000000,0.00173853,0.00000000,0.01022885,0.00000000,0.00000000,0.00000000,0.00000000,0.00389878,0.00000000,0.00000000,0.00000000,0.64945532,0.00000000,0.00000000,0.00000000,0.00000000,0.00000000,0.00000000,0.00000000,0.00000000,0.00000000,0.00000000,0.04973478,0.00000000,0.00000000,0.00000000,0.00000000,0.00000000,0.00000000,0.00000000,0.00000000,0.00000000,0.00000000,0.00094796,0.00000000,0.00000000,0.00166203,0.00000000,0.00000000,0.03669124,0.00000000,0.00000000,0.00357735,0.00000000,0.00000000,0.00000000,0.00000000,0.00000000,0.00000000,0.00000000,0.00000000,0.00000000,0.00681516,0.00000000,0.03003394,0.01148358,0.00000000,0.00000000,0.00000000,0.00000000,0.00000000,0.00000000,0.14938490,0.00000000,0.00000000,0.00000000,0.00000000,0.00000000,0.00000000,0.00000000,0.02577915,0.00000000,0.00000000,0.00000000,0.00000000,0.00000000,0.00000000,0.00000000,0.02714148,0.00000000,1.31749553,0.00000000,0.00681758,0.00000000,0.00000000,0.00000000,0.00000000,0.00000000,0.00000000,0.00000000,0.00000000,0.08440166,0.00649831,0.03306736,0.00000000,0.00000000,0.00000000,0.00000000,0.00000000,0.00000000,0.01631750,0.00000000,0.00000000,0.00000000,0.00000000,0.00000000,0.02300443,0.00000000,0.00000000,0.00000000,0.00000000,0.00000000,0.00000000,0.03390020,0.00000000,0.00000000,0.00000000,0.00924246,0.00000000,0.00000000,0.00000000,0.00000000,0.00000000,0.00000000,0.00000000,0.00000000,0.00000000,0.00000000,0.00000000,0.00000000,0.00000000,0.25476815,0.00000000,0.00000000,0.00000000,0.00000000,0.00000000,0.00000000,0.00000000,0.00000000,0.00000000,0.00000000,0.00000000,0.00000000,0.00000000,0.00000000,0.00000000,0.00000000,0.04411066,0.00259956,0.00000000,0.00000000,0.00000000,0.00000000,0.00263823,0.00000000,0.05101877,0.00000000,0.04126498,0.00000000,0.00000000,0.00000000,0.00000000,0.00000000,0.00000000,0.00480281,0.00000000,0.00000000,0.00000000,0.00000000,0.00000000,0.00000000,0.00000000,0.00000000,0.00000000,0.00000000,0.00000000,0.00000000,0.00000000,0.00000000,0.00000000,0.00402915,0.00000000,0.00000000,0.00000000,0.00000000,0.00000000,0.00000000,0.00000000,0.00000000,0.00000000,0.00000000,0.00000000,0.00000000,0.00000000,0.00000000,0.00000000,0.00000000,0.00000000,0.00000000,0.00000000,0.00000000,0.00000000,0.00000000,0.00000000,0.00000000,0.00000000,0.10131619,0.00594381,0.00000000,0.00000000,0.00000000,0.00000000,0.00000000,0.00000000,0.00000000,0.00000000,0.00000000,0.00000000,0.00000000,0.00000000,0.00000000,0.00836006,0.00000000,0.00200166,0.00000000,0.00000000,0.00000000,0.00358600,0.00000000,0.00000000,0.00880435,0.00000000,0.00732780,0.00000000,0.00000000,0.00398433,0.00000000,0.00000000,0.00166456,0.00000000,0.00000000,0.00000000,0.00240806,0.00000000,0.00000000
0.00000000,0.00000000,0.00987382,0.00000000,0.00000000,0.00000000,0.00000000,0.00000000,0.00819998,0.00000000,0.00000000,0.00000000,0.00000000,0.00000000,0.00000000,0.00000000,0.00000000,0.00000000,0.00000000,0.00000000,0.00000000,0.00000000,0.00730700,0.00000000,0.00000000,0.00000000,0.28901770,0.06409854,0.00000000,0.00000000,0.00000000,0.00000000,0.59750759,0.00000000,0.00000000,0.00000000,0.00000000,0.00000000,0.00000000,0.00000000,0.00000000,0.00000000,0.00000000,0.00000000,0.00000000,0.01891821,0.00000000,0.00000000,0.00000000,0.00000000,0.00000000,0.00000000,0.00000000,0.00000000,0.00793693,0.00000000,0.00000000,0.00000000,0.00000000,0.00000000,0.00000000,0.00000000,0.01199079,0.00000000,0.00000000,0.00000000,0.00085442,0.02907833,0.00000000,0.00321445,0.00000000,0.00000000,0.00000000,0.00000000,0.00000000,0.00000000,0.00000000,0.00000000,0.00000000,0.00000000,0.00000000,0.00000000,0.00000000,0.00000000,0.00000000,0.00000000,0.00323439,0.00000000,0.00000000,0.00000000,0.00000000,0.00000000,0.00000000,0.00000000,0.00000000,0.00000000,0.00829779,0.00000000,0.00000000,0.00174421,0.00000000,0.00000000,0.11092185,0.00000000,0.00000000,0.00000000,0.00000000,0.00000000,0.00000000,0.00000000,0.01766037,0.00487467,0.02710488,0.00000000,0.00000000,0.00000000,0.00000000,0.00000000,0.00000000,0.00000000,0.04184441,0.00000000,0.00000000,0.00000000,0.00000000,0.00000000,0.00000000,0.00000000,0.00000000,0.00000000,0.00000000,0.00000000,0.00000000,0.00000000,0.06030900,0.00000000,0.00000000,0.00000000,0.00000000,0.09548910,0.00000000,0.00000000,0.00520560,0.00000000,0.00000000,0.00000000,0.00000000,0.00000000,0.00000000,0.00000000,0.00000000,0.00000000,0.00000000,0.00000000,0.00000000,0.00000000,0.01188835,0.00918892,0.00000000,0.00000000,0.00000000,0.00000000,0.00000000,0.00000000,0.00000000,0.00000000,0.00000000,0.00000000,0.00784284,0.00000000,0.00000000,0.00000000,0.00000000,0.00000000,0.00000000,0.00000000,0.00000000,0.00000000,0.00415282,0.02573850,0.00000000,0.00000000,0.00000000,0.00000000,0.00000000,0.01545949,0.00000000,0.00000000,0.00000000,0.00000000,0.00000000,0.00000000,0.00000000,0.00000000,0.00000000,0.00000000,0.00000000,0.00000000,0.00000000,0.00000000,0.00000000,0.00000000,0.00000000,0.00216340,0.03096213,0.00000000,0.00000000,0.00000000,0.00000000,0.00000000,0.00000000,0.00000000,0.00000000,0.00000000,0.00000000,0.00000000,0.00000000,0.00000000,0.00000000,0.00000000,0.00000000,0.00000000,0.00000000,0.00000000,0.00000000,0.00000000,0.00000000,0.00000000,0.00000000,0.13936484,0.00000000,0.00049225,0.00000000,0.00000000,0.00000000,0.00000000,0.00000000,0.01642435,0.00000000,0.00000000,0.00385175,0.00000000,0.00000000,0.00000000,0.00000000,0.00000000,0.00000000,0.00000000,2.63710218,0.00000000,0.00000000,0.01435670,0.00000000,0.00000000,0.00000000,0.00127900,0.01352182,0.00000000,0.00000000,0.00000000,0.00000000,0.00000000,0.00000000,0.02535664,0.00000000,0.00000000,0.00000000,0.00000000,0.00000000,0.00000000,0.00000000,0.00000000,0.00000000,0.00000000,0.00000000,0.00000000,0.00000000,0.00000000,0.00000000,0.00000000,0.00000000,0.00000000,0.00000000,0.00000000,0.00000000,0.00000000,0.00000000,0.00000000,0.00000000,0.00000000,0.00000000,0.00000000,0.00000000,0.02835026,0.00000000,0.00000000,0.00000000,0.00000000,0.00000000,0.00000000,0.00000000,0.00000000,0.00000000,0.00000000,0.00000000,0.00000000,0.09178332,0.00000000,0.00000000,0.00000000,0.00000000,0.00000000,0.00000000,0.00000000,0.00000000,0.00000000,0.00000000,0.00000000,0.00000000,0.00000000,0.01221431,0.00000000,0.00000000,0.00000000,0.00239631,0.00000000,0.00000000,0.00000000,0.00000000,0.00000000,0.00000000,0.00000000,0.00000000,0.00000000,0.00000000,0.00000000,0.00000000,0.00000000,0.00000000,0.00000000,0.02963453,0.00000000,0.00000000,0.01707435,0.00000000,0.19567525,0.00000000,0.00000000,0.00000000,0.00000000,0.01953681,0.00000000,0.00000000,0.00000000,0.00000000,0.00000000,0.00000000,0.00000000,0.00000000,0.00000000,0.00000000,0.00000000,0.00000000,0.00000000,0.00000000,0.01628477,0.00000000,0.00549181,0.00000000,0.00000000,0.00000000,0.03237709,0.00000000,0.00000000,0.00000000,0.00000000,0.00000000,0.00000000,0.00000000,0.02242856,0.00000000,0.00000000,0.00000000,0.00000000,0.00000000,0.00000000,0.00000000,0.00000000,0.00000000,0.40131405,0.00000000,0.00000000,0.00000000,0.00000000,0.00000000,0.00810469,0.00000000,1.14840592,0.00000000,0.00000000,0.00000000,0.00000000,0.00000000,0.00000000,0.00000000,0.00000000,0.00000000,0.00000000,0.00413105,0.00000000,0.12271665,0.00000000,0.00000000,0.00000000,0.00000000,0.00000000,0.00000000,0.00855585,0.00000000,0.00000000,0.00228816,0.00000000,0.00000000,0.00000000,0.00000000,0.00359846,0.00000000,0.00000000,0.00000000,0.00000000,0.00000000,0.00000000,0.00000000,0.00000000,0.00107964,0.00000000,0.00000000,0.00000000,0.00000000,0.00000000,0.00000000,0.00000000,0.00000000,0.04694601,0.00000000,0.00000000,0.00000000,0.00000000,0.00000000,0.00793472,0.00000000,0.00000000,0.00000000,0.00000000,0.00000000,0.00000000,0.00000000,0.00000000,0.00000000,0.00000000,0.04662003,0.01449128,0.00000000,0.00000000,0.00000000,0.00000000,0.00000000,0.24859586,0.00000000,0.00000000,0.00000000,0.00000000,0.00000000,0.00000000,0.00000000,0.00000000,0.00000000,0.00000000,0.00000000,0.00000000,0.09464252,0.00000000,0.00261719,0.02321935,0.00000000,0.00343628,0.00000000,0.11330871,0.00000000,0.00000000,0.00000000,0.00000000,0.00000000,0.00000000,0.00000000,0.00000000,0.00000000,0.00000000,0.00000000,0.00000000,0.00000000,0.00000000,0.00000000,0.00000000,0.00000000,0.00000000,0.00000000,0.00000000,0.00000000,0.00000000,0.00000000,0.00000000,0.00000000,0.00797506,0.00000000,0.00000000,0.00000000,0.00000000,0.00144040,0.00000000,0.00330855,0.00000000,0.00511217,0.00000000,0.00000000,0.00566256,0.00000000,0.00000000,0.00000000,0.00000000,0.00000000,0.00000000,0.00000000,0.00000000,0.00000000,0.00000000,0.00000000,0.02713939,0.00000000,0.00000000,0.00000000,0.00000000,0.00000000,0.00000000,0.00000000,0.00000000,0.00000000,0.00000000,0.00000000,0.00000000,0.00000000,0.00000000,0.00000000,0.00000000,0.00000000,0.00000000,0.00000000,0.00000000,0.07945112,0.00000000,0.06512350,0.00000000,0.01094379,0.00000000,0.00000000,0.00000000,0.00000000,0.00000000,0.00000000,0.00000000,0.02296706,0.00000000,0.00000000,0.00000000,0.00000000,0.00000000,0.00000000,0.00000000,0.00000000,0.00000000,0.00000000,0.00000000,0.00000000,0.00000000,0.00000000,0.00000000,0.00063887,0.00000000,0.00000000,0.00000000,0.00000000,0.00000000,0.00000000,0.00000000,0.00000000,0.00000000,0.00000000,0.00550004,0.00386535,0.00418390,0.00000000,0.00000000,0.00175465,0.00000000,0.11712591,0.00000000,0.00000000,0.03003394,0.00000000,0.00000000,0.00000000,0.00000000,0.00000000,0.00000000,0.00000000,0.00000000,0.00000000,0.00000000,0.00000000,0.00650541,0.00000000,0.00000000,0.00000000,0.00568171,0.00192357,0.00000000,0.00484205,0.00000000,0.00000000,0.00000000,0.00000000,0.00000000,0.00000000,0.00000000,0.00000000,0.00000000,0.00000000,0.00000000,0.00000000,0.00000000,0.00000000,1.84529760,0.00000000,0.00000000,0.00000000,0.00000000,0.00000000,0.00000000,0.02224747,0.00000000,0.00000000,0.00000000,0.00000000,0.00000000,0.00000000,0.00000000,0.00000000,0.00000000,0.00000000,0.00000000,0.00000000,0.00000000,0.00000000,0.00000000,0.00000000,0.00100228,0.00208797,0.00000000,0.00000000,0.00000000,0.08230774,0.00000000,0.00000000,0.00000000,0.00000000,0.00000000,0.00000000,0.00000000,0.00377984,0.00000000,0.00000000,0.00000000,0.00000000,0.00000000,0.00000000,0.00000000,0.00000000,0.00000000,0.00000000,0.00000000,0.00000000,0.00000000,0.00000000,0.00000000,0.00000000,0.00000000,0.00350985,0.00000000,0.00000000,0.00000000,0.00000000,0.00000000,0.00000000,0.00421403,0.00000000,0.00000000,0.00416124,0.00000000,0.00000000,0.00000000,0.00000000,0.00000000,0.00000000,0.00000000,0.00000000,0.00000000,0.00000000,0.00000000,0.58637661,0.00000000,0.00000000,0.00000000,0.00000000,0.00000000,0.00000000,2.34259958,0.00000000,0.00000000,0.00000000,0.00000000,0.31930459,0.00000000,0.00000000,0.00000000,0.00000000,0.00000000,0.00000000,0.00000000,0.00000000,0.00000000,0.00000000,0.00210099,0.00000000,0.00000000,0.00000000,0.00000000,0.00000000,0.00000000,0.00000000,0.00000000,0.00000000,0.00000000,0.00000000,0.00627988,0.00000000,0.00852504,0.01019896,0.01241265,0.00000000,0.00000000,0.00000000,0.00000000,0.00000000,0.00000000,0.00000000,0.00000000,0.00000000,0.00000000,0.01464049,0.00000000,0.00000000,0.00000000,0.00000000,0.00000000,0.00529233,0.00000000,0.00000000,0.00000000,0.20678493,0.00000000,0.00000000,0.00000000,0.00271552,0.00000000,0.00000000,0.00496657,0.00000000,0.00000000,0.00000000,0.00000000,0.00000000,0.00000000,0.00000000,0.00000000,0.00000000,0.00000000,0.00000000,0.00000000,0.00000000,0.00000000
0.00000000,0.00000000,0.00000000,0.00000000,0.00000000,0.00000000,0.00000000,0.00000000,0.00000000,0.00000000,0.00000000,0.00000000,0.00000000,0.00000000,0.00000000,0.00515081,0.00000000,0.00000000,0.00000000,0.06425165,0.00085204,0.00000000,0.00322538,0.00000000,0.00000000,0.00000000,0.00000000,0.00000000,0.00000000,0.00000000,0.00961475,0.00247089,0.00000000,0.00000000,0.00000000,0.00000000,0.00000000,0.02172844,0.00000000,0.00070562,0.09874394,0.00000000,0.00000000,0.00000000,0.00000000,0.00000000,0.04950930,0.00000000,0.00000000,0.00503069,0.00000000,0.00000000,0.00000000,0.00000000,0.00000000,0.00000000,0.00000000,0.00000000,0.00000000,0.00000000,0.00000000,0.00000000,0.00000000,0.00000000,0.00000000,0.00000000,0.00000000,0.00000000,0.00000000,0.00000000,0.00000000,0.00000000,0.00000000,0.00337305,0.00000000,0.00000000,0.00000000,0.00000000,0.02979284,0.00000000,0.00000000,0.00000000,0.01805708,0.00000000,0.00000000,0.00000000,0.00000000,0.00000000,0.00000000,0.00000000,0.34715449,0.00000000,0.00000000,0.00000000,0.00000000,0.00000000,0.00000000,0.00000000,0.00000000,0.00000000,0.00000000,0.00000000,0.00000000,0.00000000,0.00000000,0.00000000,0.00000000,0.00000000,0.00000000,0.06289008,0.00000000,0.00000000,0.00000000,0.00000000,0.01997188,0.00653381,0.00000000,0.00000000,0.00000000,0.00000000,0.00659695,0.02294113,0.00000000,0.00000000,0.00000000,0.00000000,0.00000000,0.00000000,0.00000000,0.00000000,0.00000000,0.00000000,0.00000000,0.00000000,0.00000000,0.00000000,0.00184215,0.00000000,0.00000000,0.00000000,0.00000000,0.00000000,0.00000000,0.00000000,0.00000000,0.00000000,0.00840458,0.00000000,0.00000000,0.01352404,0.00000000,0.00000000,0.00000000,0.00000000,0.00000000,0.00000000,0.00000000,0.00000000,0.28647253,0.00000000,0.10787624,0.00000000,0.00000000,0.00000000,0.00000000,0.00000000,0.00000000,0.00000000,0.00000000,0.00000000,0.00000000,0.00330899,0.00000000,0.00000000,0.00000000,0.00000000,0.00000000,0.00000000,0.00000000,0.00000000,0.00000000,0.00000000,0.00000000,0.00000000,0.00000000,0.01321366,0.00000000,0.00000000,0.00000000,0.00000000,0.00000000,0.00099880,0.00000000,0.00000000,0.00000000,0.00000000,0.00000000,0.00000000,0.00000000,0.00000000,0.00000000,0.17813467,0.00000000,0.00000000,0.00000000,0.00000000,0.00000000,0.00000000,0.00078661,0.00000000,0.00000000,0.00000000,0.00000000,0.00000000,0.00943414,0.00000000,0.00000000,0.00000000,0.00000000,0.00000000,0.00000000,0.00000000,0.00000000,0.00000000,0.00000000,0.00000000,0.00423484,0.00000000,0.00000000,0.00000000,0.00000000,0.00000000,0.00000000,0.00000000,0.00000000,0.00000000,0.00000000,0.00000000,0.00000000,0.00314240,0.00000000,0.00000000,0.00000000,0.00000000,0.00000000,0.00000000,0.00000000,0.00000000,0.00000000,0.00000000,0.26849472,0.00000000,0.00000000,0.00000000,0.00000000,0.00000000,0.00000000,0.00000000,0.00000000,0.00000000,0.00000000,0.00000000,0.00000000,0.00000000,0.00000000,0.00000000,0.00000000,0.00000000,0.00000000,0.00000000,0.00794962,0.00000000,0.00000000,0.00000000,0.00000000,0.00000000,0.00000000,0.00000000,0.00000000,0.00000000,0.00000000,0.00000000,0.04802369,0.00327772,0.00000000,0.00000000,0.00000000,0.00000000,0.00000000,0.00000000,0.00000000,0.00000000,0.00000000,0.00000000,0.00000000,0.00000000,0.00000000,0.00000000,0.00000000,0.00000000,0.00000000,0.00432099,0.00384253,0.00000000,0.00000000,0.00000000,0.00000000,0.00000000,0.00000000,0.00000000,0.22359378,0.00000000,0.00000000,0.00000000,0.00000000,0.00096273,0.00715963,0.00879105,0.01948079,0.00000000,0.03099378,0.00000000,0.00000000,0.00000000,0.00000000,0.00000000,0.00000000,0.00000000,0.00000000,0.02934007,0.00193424,0.00000000,0.00000000,0.00000000,0.09804603,0.00000000,0.00000000,0.00000000,0.00000000,0.00000000,0.00000000,0.00000000,0.00000000,0.00794840,0.00000000,0.00000000,0.00000000,0.00000000,0.00366517,0.00000000,0.00000000,0.00000000,0.00000000,0.00000000,0.00000000,0.00000000,0.00000000,0.00000000,0.00000000,0.00000000,0.00000000,0.00000000,0.00000000,0.00577307,0.00000000,0.00000000,0.00000000,0.01197986,0.00000000,0.00000000,0.00000000,0.00000000,0.00000000,0.00000000,0.00000000,0.00000000,0.00000000,0.00000000,0.00000000,0.00073472,0.00000000,0.00000000,0.00000000,0.00000000,0.00000000,0.00000000,0.00000000,0.00000000,0.00000000,0.00000000,0.00000000,0.00000000,0.00000000,0.00000000,0.00333038,0.00000000,0.00000000,0.00000000,0.00000000,0.00000000,0.00000000,0.00000000,0.00000000,0.00000000,0.00000000,0.00000000,0.00000000,0.00000000,0.00000000,0.00000000,0.00000000,0.00000000,0.00000000,0.00000000,0.00000000,0.00000000,0.00000000,0.00000000,0.00000000,0.00000000,0.00000000,0.00000000,0.00000000,0.00000000,0.00000000,0.00000000,0.00000000,0.00000000,0.00000000,0.00000000,0.00000000,0.00000000,0.00000000,1.06581399,0.00000000,0.00000000,0.00000000,0.00000000,0.00000000,0.00000000,0.00000000,0.00000000,0.00000000,0.00000000,0.00000000,0.00000000,0.00000000,0.00000000,0.00000000,0.00000000,0.00000000,0.00000000,0.00000000,0.00000000,0.00000000,0.00000000,0.00000000,0.00000000,0.00000000,0.02740363,0.00000000,0.00000000,0.00000000,0.00000000,0.00000000,0.00000000,0.00000000,0.00000000,0.00000000,0.01652985,0.00228586,0.33750180,0.00484104,0.00000000,0.00000000,0.00947135,0.00000000,0.00000000,0.00000000,0.00000000,0.00000000,0.00000000,0.00000000,0.00000000,0.00438937,0.00000000,0.00000000,0.00000000,0.06165440,0.00000000,0.00533107,0.00000000,0.00000000,0.00000000,0.00000000,0.00000000,0.00440850,0.00292667,0.00425468,0.00000000,0.00000000,0.01075582,0.00380283,0.00000000,0.00000000,0.00000000,0.00273713,0.00000000,0.00000000,0.00000000,0.00000000,0.00000000,0.00000000,0.00000000,0.00000000,0.00000000,0.00000000,0.00000000,0.00000000,0.00000000,0.00000000,0.00000000,0.00000000,0.00000000,0.00000000,0.00000000,0.00000000,0.00000000,0.00000000,0.00000000,0.00000000,0.00211301,0.00000000,0.00000000,0.00000000,0.00000000,0.00000000,0.00000000,0.00661016,0.01150130,0.00000000,0.00000000,0.00000000,0.00226044,0.00000000,0.00000000,0.00000000,0.00000000,0.00000000,0.00000000,0.10251766,0.00000000,0.00000000,0.00000000,0.00000000,0.00000000,0.02322624,0.00196246,0.00000000,0.00000000,0.00000000,0.00000000,0.00000000,0.00000000,0.08700491,0.00000000,0.00000000,0.00000000,0.00000000,0.00000000,0.00000000,0.00000000,0.00000000,0.00000000,0.00000000,0.00000000,0.00000000,0.00000000,0.00000000,0.00000000,0.00000000,0.00000000,0.00000000,0.00000000,0.00000000,0.00000000,0.00000000,0.00000000,0.00000000,0.76268932,0.66569808,0.00249317,0.00000000,0.00000000,0.00000000,0.00000000,0.00000000,0.00000000,0.00000000,0.00000000,0.00000000,0.00000000,0.00000000,0.00000000,0.00000000,0.00000000,0.00000000,0.01148358,0.00000000,0.00000000,0.00000000,0.00000000,0.00000000,0.00000000,0.00000000,0.00355815,0.00000000,0.00000000,0.00000000,0.00000000,0.00000000,0.00000000,0.00000000,0.00000000,0.00000000,0.00624439,0.00000000,0.00000000,0.00000000,0.00000000,0.00000000,0.00000000,0.00282184,0.00000000,0.00000000,0.00000000,0.00000000,0.00000000,0.00429556,0.42233612,0.10448449,0.00000000,0.00000000,0.00000000,0.00000000,0.00968600,0.00000000,0.00000000,0.00000000,0.00000000,0.00125545,0.00000000,0.00000000,0.00000000,0.00000000,0.00000000,0.00000000,0.00000000,0.00000000,0.01170248,0.00000000,0.00000000,0.02080541,0.00000000,0.00000000,0.00000000,0.01571970,0.00000000,0.00000000,0.00000000,0.00000000,0.00000000,0.00000000,0.00000000,0.00000000,0.00428739,0.00000000,0.00000000,0.00000000,0.00000000,0.00000000,0.00000000,0.00000000,0.00000000,0.00000000,0.00000000,0.00127772,0.00000000,0.00412117,0.00000000,0.00000000,0.00000000,0.13423115,0.00000000,0.00000000,0.00378600,0.00000000,0.00409184,0.00000000,0.00132393,0.00000000,0.00000000,0.00000000,0.00000000,0.00462710,0.00000000,0.00000000,0.00000000,0.00000000,0.00166455,0.00000000,0.00000000,0.00000000,0.00000000,1.95581874,0.00329837,0.00000000,0.00000000,0.00000000,0.00000000,0.00000000,0.00000000,0.00000000,0.00000000,0.00000000,0.00000000,0.00000000,0.00000000,0.00000000,0.00000000,0.00517805,0.00000000,0.00090455,0.00000000,0.00000000,0.00000000,0.00000000,0.00499925,0.00000000,0.00000000,0.00000000,0.00000000,0.00000000,0.00000000,0.25495931,0.00000000,0.00000000,0.00000000,0.00261469,0.00000000,0.00000000,0.00000000,0.00521466,0.00000000,0.00000000,0.00000000,0.00000000,0.00000000,0.00000000,0.00000000,0.00000000,0.00000000,0.00000000,0.00000000,0.00000000,0.00184686,0.00000000,0.00000000,0.00000000,0.00000000,0.00000000,0.00000000,0.00000000,0.00000000,0.00000000,0.27216291,0.00000000,0.00000000,0.00000000,0.00000000,0.00813718,0.00000000,0.00000000,0.00000000,0.00000000,0.00000000,0.00000000,0.00000000,0.00000000,0.00000000,0.00293155,0.00000000,0.00000000,0.00000000,0.00000000,0.00000000,0.00000000,0.00000000,0.00000000,0.00000000
0.00000000,0.00000000,0.01566613,0.00000000,0.00000000,0.02292654,0.00000000,0.00000000,0.00000000,0.00000000,0.00000000,0.00000000,0.00000000,0.00000000,0.00734772,0.00000000,0.00000000,0.00000000,0.00652255,0.00000000,0.00000000,0.45545969,0.00000000,0.00389645,0.00000000,0.00000000,0.00000000,0.00000000,0.00000000,0.00000000,0.00000000,0.00000000,0.00000000,0.00000000,0.00000000,0.00000000,0.00000000,0.00000000,0.00000000,0.00000000,0.00000000,0.00000000,0.00000000,0.00000000,0.00348666,0.00000000,0.00000000,0.00000000,0.00000000,0.01499498,0.00000000,0.00000000,0.00000000,0.00000000,0.00000000,0.00000000,0.00000000,0.00000000,0.00000000,0.00000000,0.00000000,0.00000000,0.00000000,0.00000000,0.00000000,0.00000000,0.00000000,0.00000000,0.00000000,0.02637485,0.03091608,0.00000000,0.00000000,0.00000000,0.00000000,0.00000000,0.00961971,0.00000000,0.00000000,0.00000000,0.00000000,0.01490931,0.00000000,0.00000000,0.00000000,0.00000000,0.17452844,0.00000000,0.00000000,0.00000000,0.00000000,0.00000000,0.00303062,0.38342136,0.00000000,0.00000000,0.00000000,0.00000000,0.15475400,0.00000000,0.00000000,0.00000000,0.00000000,0.00000000,0.00000000,0.00000000,0.03567707,0.00000000,0.00000000,0.00000000,0.00258920,0.00000000,0.01381679,0.00000000,0.00000000,0.00000000,0.00000000,0.00000000,0.00000000,0.00000000,0.00000000,0.00000000,0.00000000,0.00551114,0.05740229,0.00000000,0.00000000,0.00000000,0.00000000,0.00000000,0.00000000,0.00094643,0.00000000,0.00000000,0.00000000,0.00000000,0.00000000,0.00000000,0.00000000,0.00000000,0.00000000,0.00276108,0.00000000,0.00167379,0.00000000,0.00000000,0.00000000,0.02285361,0.00097350,0.00000000,0.00000000,0.00000000,0.00000000,0.00000000,0.00000000,0.00000000,0.00000000,0.00000000,0.00000000,0.00000000,0.00000000,0.00000000,0.00000000,0.00000000,0.00000000,0.00000000,0.00000000,0.00000000,0.00000000,0.00000000,0.27481261,0.00000000,0.00378382,0.00000000,0.00000000,0.00000000,0.14266508,0.00000000,0.00000000,0.00000000,0.00000000,0.00000000,0.00000000,0.00000000,0.00000000,0.00000000,0.00000000,0.00000000,0.00000000,0.00000000,0.00000000,0.00000000,0.00000000,0.00000000,0.00000000,0.00000000,0.00000000,0.00000000,0.00000000,0.00000000,0.00000000,0.00000000,0.00000000,0.00755795,0.00000000,0.00000000,0.00000000,0.00000000,0.00000000,0.00000000,0.00000000,0.00000000,0.00000000,0.00000000,0.05244829,0.00000000,0.00000000,0.00000000,0.00000000,0.00000000,0.00000000,0.00000000,0.01981612,0.00000000,0.00000000,0.00000000,0.00000000,0.00000000,0.00000000,0.00000000,0.01343256,0.00000000,0.00000000,0.00000000,0.00418419,0.01766357,0.00000000,0.00000000,0.00000000,0.00000000,0.00000000,0.00000000,0.00000000,0.00000000,0.00000000,0.00000000,0.00260609,0.00000000,0.00000000,0.00000000,0.00000000,0.00000000,0.00000000,0.00000000,0.00000000,0.00000000,0.00000000,0.00000000,0.00260219,0.00000000,0.01758666,0.00000000,0.00000000,0.00000000,0.02253752,0.00000000,0.00000000,0.00000000,0.00000000,0.00586390,0.00000000,0.00389221,0.00967550,0.00000000,0.00000000,0.00000000,0.00000000,0.00000000,0.00000000,0.00223569,0.00000000,0.00000000,0.00000000,0.00000000,0.00000000,0.00000000,0.00000000,0.00000000,0.00000000,0.00000000,0.00000000,0.00000000,0.00000000,0.00000000,0.00542827,0.00000000,0.00000000,0.00000000,0.00000000,0.00000000,0.00000000,0.00000000,0.00172662,0.00000000,0.00000000,0.00000000,0.01539402,0.00000000,0.00000000,0.00000000,0.04186940,0.10568383,0.00000000,0.00000000,0.00000000,0.00000000,0.03224858,0.00000000,0.00000000,0.01102901,0.00000000,0.00000000,0.00000000,0.00000000,0.00000000,0.00000000,0.00000000,1.91754209,0.00000000,0.00000000,0.02955485,0.00000000,0.00000000,0.00000000,0.00000000,0.00000000,0.00099236,0.00000000,0.00000000,0.00000000,0.00000000,0.00000000,0.00000000,0.00000000,0.00000000,0.00000000,0.00000000,0.00000000,0.00000000,0.00000000,0.00000000,0.00000000,0.00000000,0.00000000,0.00000000,0.00000000,0.00000000,0.00771215,0.00000000,0.00000000,0.00000000,0.01400312,0.00697670,0.00000000,0.00695508,0.00000000,0.00000000,0.00000000,0.00000000,0.00678052,0.00000000,0.30270424,0.00000000,0.00000000,0.00000000,0.00000000,0.00000000,0.01774978,0.00000000,0.00000000,0.00000000,0.00000000,0.00000000,0.02950956,0.04387155,0.00000000,0.00000000,0.00000000,0.00000000,0.00000000,0.00000000,0.00000000,0.00000000,0.00000000,0.00000000,0.00000000,0.00000000,0.00504001,0.00000000,0.00000000,0.00000000,0.00000000,0.00000000,0.00264151,0.00000000,0.00000000,0.00000000,0.00000000,0.00000000,0.00000000,0.00000000,0.00000000,0.00000000,0.00000000,0.00998596,0.00000000,0.00000000,0.00000000,0.00000000,0.00000000,0.00000000,0.00000000,0.00000000,0.00000000,0.00000000,0.00000000,0.00063512,0.00198567,0.00000000,0.00000000,0.00000000,0.00000000,0.00000000,0.00000000,0.00000000,0.00000000,0.00000000,0.08305635,0.00000000,0.00000000,0.00000000,0.00000000,0.00000000,0.00000000,0.00330675,0.00000000,0.00000000,0.00000000,0.00142049,0.00000000,0.00000000,0.00000000,0.00445171,0.00000000,0.00000000,0.00000000,0.00000000,0.00000000,0.00000000,0.00000000,0.00000000,0.00000000,0.00000000,0.00000000,0.00000000,0.00000000,0.00000000,0.00000000,0.00000000,0.01121925,0.00000000,0.00000000,0.00000000,0.00000000,0.00062278,0.00000000,0.00000000,0.00000000,0.00000000,0.00000000,0.00000000,0.00000000,0.00000000,0.05354224,0.00000000,0.00000000,0.00000000,0.00000000,0.01364042,0.00000000,0.00000000,0.00000000,0.00000000,0.00000000,0.00000000,0.00000000,0.00000000,0.00000000,0.00000000,0.00000000,0.00000000,0.01811893,0.00000000,0.01086620,0.00000000,0.00000000,0.02012861,0.00000000,0.00970142,0.01930696,0.02776897,0.00000000,0.00000000,0.00000000,0.00000000,0.00000000,0.00000000,0.00000000,0.00000000,0.00000000,0.00000000,0.00000000,0.00000000,0.00000000,0.00000000,0.00000000,0.00294829,0.00000000,0.00000000,0.00000000,0.00000000,0.00000000,0.00000000,0.00000000,0.00000000,0.00000000,0.00000000,0.00000000,0.00325107,0.00000000,0.00000000,0.00000000,0.00000000,0.00000000,0.00000000,0.00000000,0.00000000,0.00000000,0.00000000,0.00000000,0.00000000,0.00000000,0.00000000,0.00000000,0.00000000,0.00000000,0.00000000,0.00054007,0.00000000,0.00000000,0.00148602,0.00000000,0.00000000,0.00000000,0.00000000,0.00000000,0.00000000,0.00000000,0.00000000,0.00000000,0.00000000,0.00000000,0.00000000,0.00000000,0.00000000,0.00000000,0.00000000,0.00000000,0.01102949,0.00000000,0.00000000,0.00000000,0.00000000,0.00000000,0.00000000,0.00000000,0.00000000,0.00000000,0.00000000,0.00000000,0.00000000,0.00000000,0.00000000,0.00105637,0.00000000,0.00000000,0.00000000,0.00000000,0.00000000,0.00000000,0.03478209,0.00000000,0.00000000,0.00000000,0.00000000,0.00000000,0.00000000,0.00000000,0.00000000,0.00000000,0.00000000,0.00000000,0.00000000,0.00000000,0.00000000,0.00000000,0.00000000,0.00000000,0.00000000,0.00000000,0.01136555,0.00000000,0.00000000,0.00000000,0.00000000,0.00353033,0.00000000,0.00000000,0.00000000,0.00000000,0.83026215,0.00000000,0.00000000,0.00000000,0.00000000,0.01201425,0.00000000,0.00000000,0.00000000,0.00000000,0.00000000,0.00000000,0.00000000,0.00000000,0.00000000,0.00000000,0.00000000,0.00000000,0.00000000,0.60617623,0.00000000,0.00000000,0.00000000,0.00000000,0.00000000,0.00000000,0.00000000,0.00856195,0.00000000,0.00000000,0.00000000,0.00000000,0.00000000,0.00000000,0.00000000,0.00000000,0.02080840,0.00000000,0.00000000,0.00000000,0.00000000,0.00000000,0.00647573,0.00000000,0.00000000,0.00000000,0.00000000,0.00000000,0.00000000,0.00000000,0.00000000,0.00000000,0.00000000,0.00000000,0.01533251,0.00257653,0.00685527,0.00000000,0.00000000,0.00456620,0.00000000,0.00000000,0.00000000,0.00000000,0.00000000,0.00000000,0.00000000,0.00000000,0.09474522,0.00455653,0.75833630,0.00000000,0.00000000,0.00000000,0.00000000,0.00000000,0.00000000,0.07083850,0.00000000,0.00000000,0.00000000,0.00000000,0.00000000,0.00000000,0.00000000,0.00000000,0.00547416,0.06150619,0.00000000,0.00000000,0.00000000,0.00000000,0.00000000,0.00000000,0.00000000,0.00000000,0.00000000,0.00000000,0.00251197,0.00000000,0.00271263,0.00000000,0.00000000,0.00000000,0.00000000,0.00000000,0.03626572,0.00000000,0.00000000,0.00000000,0.00000000,0.00000000,0.00000000,0.00000000,0.00000000,0.00000000,0.00000000,0.00000000,0.00000000,0.00000000,0.00000000,0.00000000,0.00368154,0.00000000,0.00000000,0.00000000,0.00000000,0.00000000,0.00000000,0.00000000,0.00000000,0.00000000,0.00000000,0.00000000,0.00000000,0.00000000,0.00000000,0.00000000,0.00000000,0.25522065,0.00293443,0.00000000,0.00000000,0.00000000,0.00000000,0.00000000,0.00000000,0.00000000,0.00000000,0.00000000,0.00000000,0.00000000,0.00000000,0.00000000,0.00000000,0.00000000,0.00000000,0.00000000,0.00000000,0.00000000,0.00000000,0.00000000,0.00000000,0.00000000,0.00000000,0.00328952,0.00000000,0.00000000,0.00000000,0.05000969
0.00000000,0.01355080,0.00000000,0.00000000,0.00000000,0.00000000,0.00000000,0.00000000,0.02444949,0.00000000,0.00000000,0.00000000,0.00000000,0.00000000,0.00000000,0.00000000,0.00000000,0.00000000,0.00000000,0.00000000,0.00000000,0.00000000,0.00000000,0.00000000,0.00275329,0.00000000,0.00000000,0.00000000,0.00000000,0.00000000,0.00000000,0.00000000,0.00948575,0.00000000,0.00000000,0.00000000,0.00000000,0.00000000,0.00000000,0.00000000,0.00000000,0.00709610,0.00000000,0.00000000,0.00000000,0.00000000,0.00000000,0.00000000,0.00000000,0.00000000,0.00000000,0.00000000,0.00000000,0.00000000,0.00000000,0.00000000,0.00000000,0.00000000,0.00000000,0.00000000,0.00000000,0.00000000,0.00000000,0.00000000,0.00000000,0.00000000,3.98201345,0.00000000,0.00000000,0.00000000,0.00000000,0.00000000,0.01909018,0.00000000,0.00000000,0.00000000,0.00000000,0.03159493,0.03907901,0.00000000,0.01498535,0.00000000,0.00000000,0.00000000,0.00000000,0.00000000,0.09492371,0.00000000,0.04870212,0.00257875,0.00000000,0.00000000,0.00000000,0.00000000,0.00672194,0.00000000,0.04388908,0.00000000,0.00000000,0.00000000,0.00000000,0.00082242,0.00000000,0.00000000,0.00000000,0.00000000,0.00000000,0.00000000,0.00000000,0.00000000,0.00000000,0.00000000,0.00000000,0.00000000,0.00000000,0.00000000,0.00000000,0.00000000,0.00000000,0.00263705,0.02248921,0.00000000,0.00376053,0.00346326,0.00000000,0.00000000,0.00000000,0.00315218,0.00000000,0.00000000,0.00000000,0.00000000,0.00000000,0.00000000,0.01981161,0.00000000,0.00063440,0.00000000,0.12975325,0.00000000,0.00000000,0.00000000,0.00000000,0.00186722,0.00000000,0.00000000,0.00000000,0.00000000,0.00000000,0.00000000,0.00000000,0.00000000,0.00000000,0.00000000,0.00000000,0.00435789,0.00761293,0.00147637,0.00000000,0.00000000,0.00000000,0.00000000,0.00000000,0.00000000,0.00405002,0.00000000,0.00000000,0.00000000,0.00000000,0.00000000,0.00000000,0.00000000,0.00000000,0.00000000,0.00000000,0.00000000,0.00000000,0.00000000,0.00000000,0.00000000,0.00000000,0.00000000,0.00000000,0.00000000,0.00000000,0.00000000,0.00000000,0.00000000,0.00000000,0.00000000,0.00000000,0.00000000,0.41212910,0.00000000,0.00000000,0.00000000,0.00000000,0.00000000,0.00000000,0.00000000,0.00000000,0.00000000,0.00000000,0.00000000,0.00000000,0.00000000,0.00000000,0.00000000,0.00000000,0.00000000,0.00000000,0.00000000,0.00240986,0.00000000,0.00258179,0.00000000,0.00000000,0.00000000,0.00000000,0.00000000,0.00000000,0.01587442,0.01663598,0.00000000,0.00000000,0.00000000,0.00000000,0.00000000,0.00000000,0.01338541,0.00000000,0.00000000,0.00000000,0.00000000,0.00000000,0.00000000,0.00000000,0.00000000,0.00000000,0.00000000,0.02292000,0.00000000,0.00000000,0.00000000,0.00000000,0.00000000,0.00000000,0.00000000,0.00000000,0.00000000,0.00182141,0.00153470,0.01044402,0.00000000,0.00000000,0.00000000,0.00000000,0.00000000,0.00603585,0.00000000,0.00000000,0.07442408,0.00000000,0.03788928,0.00000000,0.00000000,0.00000000,0.00000000,0.00000000,0.00000000,0.00000000,0.00000000,0.00000000,0.00000000,0.00000000,0.00000000,0.00000000,0.00000000,0.00000000,0.00000000,0.03230658,0.00000000,0.00980582,2.49834091,0.00000000,0.00000000,0.00996999,0.00000000,0.00000000,0.00000000,0.00000000,0.00000000,0.00000000,0.00000000,0.00000000,0.00000000,0.00000000,0.60464366,0.00000000,0.00000000,0.00000000,0.00000000,0.00000000,0.00000000,0.00000000,0.00000000,0.00000000,0.00000000,0.00000000,0.00000000,0.00000000,0.00000000,0.00000000,0.00000000,0.00000000,0.00000000,0.00000000,0.00000000,0.00000000,0.00000000,0.00000000,0.00000000,0.00000000,0.00393261,0.00000000,0.00000000,0.00000000,0.00000000,0.00487728,0.00000000,0.00000000,0.00000000,0.00000000,0.00000000,0.00000000,0.00000000,0.00000000,0.00000000,0.00000000,0.00000000,0.00000000,0.00000000,0.00000000,0.00000000,0.00000000,0.00000000,0.00000000,0.00000000,0.00000000,0.00000000,0.00000000,0.00000000,0.00000000,0.00000000,0.00000000,0.00000000,0.00000000,0.00000000,0.00000000,0.00000000,0.00000000,0.00000000,0.00000000,0.00000000,0.00000000,0.00000000,0.00000000,0.00000000,0.00000000,0.00000000,0.00000000,0.00000000,0.01077188,0.00000000,0.00000000,0.00000000,0.00000000,0.00000000,0.00000000,0.00000000,0.00000000,0.01477259,0.00000000,0.00000000,0.00000000,0.00000000,0.00000000,0.00138884,0.00000000,0.00000000,0.00000000,0.00000000,0.00000000,0.00000000,0.00000000,0.00000000,0.00000000,0.00000000,0.00000000,0.00000000,0.00000000,0.00000000,0.00000000,0.00000000,0.00000000,0.00000000,0.00000000,0.00000000,0.00000000,0.00000000,0.00000000,4.24173634,0.00383515,0.01108690,0.00000000,0.00000000,0.00000000,0.00000000,0.00000000,0.00000000,0.00000000,0.00000000,0.00000000,0.00000000,0.00550938,0.00000000,0.00000000,0.00000000,0.00000000,0.00000000,0.00000000,0.03954920,0.00000000,0.00000000,0.00000000,0.00000000,0.00000000,0.00000000,0.00000000,0.00000000,0.00000000,0.00000000,0.00000000,0.00000000,0.00000000,0.00000000,0.00000000,0.00000000,0.00000000,0.00000000,0.00000000,0.00000000,0.00000000,0.00000000,0.00000000,0.00000000,0.00000000,0.00187335,0.00639406,0.00000000,0.00000000,0.00000000,0.00830670,0.00000000,0.00000000,0.00000000,0.00000000,0.00000000,0.08310198,0.00000000,0.00000000,0.00000000,0.00000000,0.00000000,0.00351262,0.00000000,0.00238973,0.01815699,0.00000000,0.00000000,0.00000000,0.00000000,0.00000000,0.00000000,0.00000000,0.00000000,0.26593590,0.00000000,0.00000000,0.06808830,0.00000000,0.00000000,0.00000000,0.00000000,0.00000000,0.00000000,0.00000000,0.00000000,0.00000000,0.00000000,0.00207419,0.00000000,0.00000000,0.00000000,0.00733502,0.00000000,0.00000000,0.00000000,0.00000000,0.00000000,0.00000000,0.00000000,0.00000000,0.00000000,0.00000000,0.00000000,0.00000000,0.00000000,0.00000000,0.00000000,0.00000000,0.00000000,0.00000000,0.00000000,0.00000000,0.00000000,0.00000000,0.00000000,0.00162291,0.00000000,0.00000000,0.00000000,0.10542657,0.00000000,0.02205631,0.00000000,0.00000000,0.00000000,0.00000000,0.02994776,0.00000000,0.00000000,0.02721010,0.00000000,0.00000000,0.00000000,0.00000000,0.00000000,0.00000000,0.00000000,0.00000000,0.00000000,0.00000000,0.00000000,0.00000000,0.00000000,0.00000000,0.00000000,0.00000000,2.66060657,0.00000000,0.00159555,0.00000000,0.00000000,0.00000000,0.00188959,0.00000000,0.00000000,0.02220448,0.00000000,0.00081243,0.00348894,0.00000000,0.00000000,0.00000000,0.00246223,0.00000000,0.00000000,0.00000000,0.00000000,0.00000000,0.01156514,0.00000000,0.00000000,0.01254870,0.25873048,0.00000000,0.00000000,0.00000000,0.00000000,0.00000000,0.00000000,0.00387675,0.00405962,0.00000000,0.00000000,0.00000000,0.00000000,0.00000000,0.00000000,0.00000000,0.00762266,0.00000000,0.00000000,0.00000000,0.00000000,0.00000000,0.00000000,0.00000000,0.00000000,0.00000000,0.00000000,0.00000000,0.00000000,0.00000000,0.00000000,0.00000000,0.00000000,0.00000000,0.00000000,0.00000000,0.00000000,0.00000000,0.00000000,0.00000000,0.00000000,0.00000000,0.00000000,0.00000000,0.00000000,0.00000000,1.11111935,0.00000000,0.00000000,0.00000000,0.00000000,0.01064965,0.00000000,0.00573360,0.00000000,0.00470750,0.00000000,0.00000000,0.00000000,0.00000000,0.00000000,0.00000000,0.00000000,0.00000000,0.00000000,0.00000000,0.00000000,0.00000000,0.00000000,0.05730308,0.00000000,0.00000000,0.00000000,0.00000000,0.00000000,0.00000000,0.00000000,0.00000000,0.00000000,0.00250763,0.00000000,0.00000000,0.01093727,0.22357582,0.00000000,0.00000000,0.00000000,0.00580540,0.00000000,0.00000000,0.00000000,0.01080920,0.00000000,0.01588660,0.00000000,0.00000000,0.01038478,0.00000000,0.00000000,0.01909018,0.01255556,0.00000000,0.00000000,0.00000000,0.00000000,0.00233008,0.00000000,0.00000000,0.00000000,0.00000000,0.00000000,0.00000000,0.00167815,0.00000000,0.00000000,0.00000000,0.00000000,0.00000000,0.00000000,0.00000000,0.00000000,0.00000000,0.00000000,0.00194515,0.00000000,0.00000000,0.02517851,0.00000000,0.00000000,0.00000000,0.00000000,0.00000000,0.00000000,0.00000000,0.00000000,0.00000000,0.00000000,0.00000000,0.00000000,0.00000000,0.00000000,0.00000000,0.00000000,0.00000000,0.03285418,0.00000000,0.00000000,0.00000000,0.07131921,0.00000000,0.00000000,0.00000000,0.00000000,0.00000000,0.00253482,0.00000000,0.00000000,0.00000000,0.00000000,0.00000000,0.00000000,0.00000000,0.00573781,0.10783054,0.00000000,0.00000000,0.00000000,0.00000000,0.00000000,0.00000000,0.00000000,0.00000000,0.02088342,0.00000000,0.00000000,0.00000000,0.00000000,0.00000000,0.00000000,0.00000000,0.00000000,0.00493030,0.00000000,0.00000000,0.00000000,0.00000000,0.00000000,0.00000000,0.00000000,0.00000000,0.00000000,0.00000000,0.00000000,0.00000000,0.00000000,0.00000000,0.00000000,0.00000000,0.00000000,0.00000000,0.00000000,0.00000000,0.00000000,0.00000000,0.00000000,0.00155027,0.00000000,0.00000000,0.00000000,0.04077010,0.00000000,0.00000000,0.00000000,0.01377370,0.00000000
0.00000000,0.00000000,0.00000000,0.00000000,0.02572789,0.00000000,0.00000000,0.00000000,0.00000000,0.00000000,0.00000000,0.00000000,0.00000000,0.00000000,0.00000000,0.00000000,0.00000000,0.00000000,0.00000000,0.01182406,0.00000000,0.00000000,0.00000000,0.00000000,0.00000000,0.00000000,0.00000000,0.00000000,0.00000000,0.00000000,0.06706732,0.00000000,0.03988141,0.00000000,0.00104242,0.00000000,0.00000000,0.00000000,0.00000000,0.00000000,0.00000000,0.00000000,0.00000000,0.00000000,0.00000000,0.00000000,0.00000000,0.00000000,0.00000000,0.00000000,0.00000000,0.00000000,0.00000000,0.00753662,0.00000000,0.00000000,0.00000000,0.00000000,0.00000000,0.00000000,0.00000000,0.00000000,0.00000000,0.00000000,0.00000000,0.00000000,0.00000000,0.00000000,0.00000000,0.00000000,0.00000000,0.00000000,0.00000000,0.06352888,0.00000000,0.01769298,0.00000000,0.00000000,0.00000000,0.00000000,0.00000000,0.00000000,0.00000000,0.00000000,0.00000000,0.01653983,0.00000000,0.00000000,0.00000000,0.00000000,0.00000000,0.00000000,0.00000000,0.00000000,0.00681622,0.00000000,0.00000000,0.00000000,0.00000000,0.00000000,0.00000000,0.00000000,0.00000000,0.00000000,0.02288354,0.00000000,0.01109733,0.00000000,0.00000000,0.00000000,0.00000000,0.00000000,0.00000000,0.00000000,0.00000000,0.00000000,0.00000000,0.00000000,0.00000000,0.00000000,0.00000000,0.00626751,0.00000000,0.00923902,0.00000000,0.00387259,0.00000000,0.00000000,0.00000000,0.00000000,0.00000000,0.00000000,0.00000000,0.00000000,0.00000000,0.00000000,0.00000000,0.00000000,0.00444896,0.00000000,0.00000000,0.00000000,0.00000000,0.00000000,0.00550408,0.00000000,0.00124277,0.02375019,0.00000000,0.00000000,0.00000000,0.00000000,0.00000000,0.00000000,0.00000000,0.00000000,0.00000000,0.00000000,0.00000000,0.00000000,0.00000000,0.00000000,0.00000000,0.00000000,0.00000000,0.00000000,0.01002521,0.00175527,0.00000000,0.00000000,0.00000000,0.00000000,0.03782962,0.00000000,0.00000000,0.00290447,0.00000000,0.00000000,0.00869883,0.00000000,0.00382121,0.00000000,0.00000000,0.00000000,0.00000000,0.00824170,0.01586664,0.00000000,0.00000000,0.00000000,0.00000000,0.00000000,0.00000000,0.00000000,0.02579992,0.00000000,0.00000000,0.00000000,0.00000000,0.00000000,0.00000000,0.00000000,0.00000000,0.00000000,0.00000000,0.00000000,0.01895322,0.00000000,0.00000000,0.00000000,0.00000000,0.00000000,0.00000000,0.00000000,0.00000000,0.00507500,0.00000000,0.00000000,0.00000000,0.00000000,0.00418496,0.00000000,0.00000000,0.00000000,0.00000000,0.00000000,0.00000000,0.00000000,0.00323615,0.00000000,0.00000000,0.00000000,0.00000000,0.00000000,0.00000000,0.00000000,0.00000000,0.00234782,0.00000000,0.00000000,0.00000000,0.00000000,0.00000000,0.00000000,0.00000000,0.00000000,0.00000000,0.05776436,0.00000000,0.00000000,0.00000000,0.00000000,0.00000000,0.00000000,0.00000000,0.00000000,0.00000000,0.00000000,0.00000000,0.00320767,0.00000000,0.01094098,0.00000000,0.02365601,0.00000000,0.00000000,0.00000000,0.00329660,0.00000000,0.00000000,0.00000000,0.00269473,0.00000000,0.00000000,0.00328520,0.00000000,0.00000000,0.08125088,0.00000000,0.00000000,0.00000000,0.00000000,0.00000000,0.00000000,0.00000000,0.00000000,0.00000000,0.00000000,0.00000000,0.00000000,0.00000000,0.00000000,0.04186718,0.00000000,0.00000000,0.00000000,0.00000000,0.00000000,0.00000000,0.00000000,0.00711587,0.00000000,0.00000000,0.00000000,0.00000000,0.00139529,0.00000000,0.00000000,0.00000000,0.00000000,0.00000000,0.01088366,0.00000000,0.00000000,0.00000000,0.00000000,0.00000000,0.00262056,0.00275267,0.00000000,0.00000000,0.00000000,0.01655966,0.00000000,0.00000000,0.00653866,0.00000000,0.00000000,0.00000000,0.00000000,0.00000000,0.30446978,0.00000000,0.00000000,0.00000000,0.01740773,0.00000000,0.00000000,0.00000000,0.00000000,0.00000000,0.00000000,0.00000000,0.03976903,0.00000000,0.00000000,0.00000000,0.00000000,1.44103389,0.00000000,0.00000000,0.00000000,0.00000000,0.00000000,0.00688095,0.00000000,0.00000000,0.00000000,0.02062312,0.00000000,0.00000000,0.00000000,0.01395417,0.02881500,0.00000000,0.00000000,0.00000000,0.07719567,0.00000000,0.00000000,0.00000000,0.00000000,0.02921520,0.00000000,0.00000000,0.01572618,0.00000000,0.00000000,0.00000000,0.00000000,0.00000000,0.00000000,0.03834143,0.00000000,1.36645721,0.00000000,0.00000000,0.00000000,0.00000000,0.00000000,0.00000000,0.00000000,0.00000000,0.01364486,0.00000000,0.00000000,0.01603335,0.00392540,0.00000000,0.00000000,0.14684734,0.00000000,0.00000000,0.00000000,0.00000000,0.08886466,0.00000000,0.00000000,0.00000000,0.00000000,0.00000000,0.00000000,0.00000000,0.00000000,0.00000000,0.00000000,0.00148785,0.00000000,0.00000000,0.00000000,0.00000000,0.00000000,0.00000000,0.00000000,0.00000000,0.00000000,0.00000000,0.00000000,0.00000000,0.00000000,0.00000000,0.00000000,0.00000000,0.00000000,0.00000000,0.00000000,0.00000000,0.00000000,0.00000000,0.00000000,0.00000000,0.00000000,0.00000000,0.02133784,0.00000000,0.00000000,0.00000000,0.00000000,0.00000000,0.00000000,0.02068479,0.00000000,0.00000000,0.00000000,0.00000000,0.00000000,0.00000000,0.00000000,0.00000000,0.00000000,0.00177101,0.00000000,0.00000000,0.00000000,0.00000000,0.00000000,0.00000000,0.00000000,0.00000000,0.00000000,0.00000000,0.00000000,0.00000000,0.00000000,0.00000000,0.00000000,0.00000000,0.00000000,0.00000000,0.00000000,0.00000000,0.00000000,0.00000000,0.00000000,0.01910385,0.00000000,0.00000000,0.00000000,0.00000000,0.01338778,0.00114553,0.00000000,0.00000000,0.00000000,0.00000000,0.00000000,0.00000000,0.00133767,0.00000000,0.00000000,0.00000000,0.00000000,0.00000000,0.01906067,0.00311226,0.00000000,0.00000000,0.00000000,0.00000000,0.00000000,0.00000000,0.00000000,0.00000000,0.00000000,0.00000000,0.00000000,0.00257621,0.00000000,0.00000000,0.00000000,0.00000000,0.00000000,0.02085635,0.00000000,0.00000000,0.00000000,0.00000000,0.00218159,0.00000000,0.00000000,0.00000000,0.00000000,0.00000000,0.00000000,0.00000000,0.00000000,0.00000000,0.00000000,0.00000000,0.00000000,0.00000000,0.00000000,0.00000000,0.00000000,0.00000000,0.00000000,0.00000000,0.00000000,0.00000000,0.33149947,0.00000000,0.00000000,0.00000000,0.00000000,0.00000000,0.00000000,0.00000000,0.00000000,0.00000000,0.00000000,0.00000000,0.00000000,0.00000000,0.00000000,0.00000000,0.00000000,0.00000000,0.00000000,0.00000000,0.00105798,0.00000000,0.00000000,0.00000000,0.00000000,0.00000000,0.00000000,0.00000000,0.00000000,0.00000000,0.00000000,0.00000000,0.00000000,0.00000000,0.00000000,0.00000000,0.00000000,0.00000000,0.00000000,0.00000000,0.00000000,0.00000000,0.00000000,0.00240938,0.00000000,0.00000000,0.00000000,0.00000000,0.00182692,0.00000000,0.00000000,0.00000000,0.00000000,0.00000000,0.00000000,0.00000000,0.00085051,0.02513615,0.00000000,0.00000000,0.00000000,0.00000000,0.00000000,0.00000000,0.00083465,0.00000000,0.00000000,0.00000000,0.00512240,0.03401528,0.00917320,0.00000000,0.03788744,0.00000000,0.00000000,0.00000000,0.00000000,0.00000000,0.00000000,0.06527218,0.00000000,0.00000000,0.00000000,0.00000000,0.00000000,0.05902675,0.00000000,0.00000000,0.00000000,0.00000000,0.48730025,0.00000000,0.00000000,0.00000000,0.00000000,0.00000000,0.00000000,0.00000000,0.00000000,0.00000000,0.00000000,0.00773145,0.00000000,0.00000000,0.00000000,0.00000000,0.00000000,0.00000000,0.00314872,0.00000000,0.00000000,0.00000000,0.00000000,0.00000000,0.00000000,0.00000000,0.00000000,0.00000000,0.00000000,0.00000000,0.00000000,0.00000000,0.03752333,0.00000000,0.00000000,0.00000000,0.00000000,0.00000000,0.00000000,0.00000000,0.00000000,0.00930572,0.00000000,0.00000000,0.00000000,0.00000000,0.00000000,0.00000000,0.00000000,0.06243189,0.00000000,0.00000000,0.00000000,0.00000000,0.00000000,0.00000000,0.00000000,0.00000000,0.01287923,0.00000000,0.00000000,0.00000000,0.00000000,0.00000000,0.00000000,0.00000000,0.00000000,0.00000000,0.00724350,0.00000000,0.00000000,0.00000000,0.00000000,0.00000000,0.00000000,0.00000000,0.00000000,0.00000000,0.00000000,0.00000000,0.00000000,0.00000000,0.00313981,0.00000000,0.00000000,0.00000000,0.00000000,0.00000000,0.00000000,0.00000000,0.00000000,0.00000000,0.00876098,0.00000000,0.00000000,0.00000000,0.00000000,0.00000000,0.00000000,0.00000000,0.00000000,0.00000000,0.10165626,0.00000000,0.00000000,0.02452153,0.00000000,0.00000000,0.00000000,0.00000000,0.00000000,0.00000000,0.00000000,0.00000000,0.00000000,0.00000000,0.00560767,0.00000000,0.00000000,0.00000000,0.00000000,0.00000000,0.05972481,0.00000000,0.00000000,0.00000000,0.00000000,0.00000000,0.00000000,0.00000000,0.01109052,0.00000000,0.08324316,0.00000000,0.00000000,0.00000000,0.00000000,0.00674071,0.00000000,0.00000000,0.00395293,0.00000000,0.00000000,0.00000000,0.00000000,0.00000000,0.00000000,0.00000000,0.00639218,0.00000000,0.00000000,0.00000000,0.00256904,0.00000000,0.00000000,0.00000000,0.00000000,0.00000000,0.00000000,0.01708021,0.00000000
0.00000000,0.00000000,0.00000000,0.00000000,0.00000000,0.00990816,0.00000000,0.00000000,0.00000000,0.00000000,0.07256605,0.00000000,0.00000000,0.00000000,0.00490410,0.00000000,0.00000000,0.00000000,0.00000000,0.00000000,0.00000000,0.00000000,0.00000000,0.00000000,0.00000000,0.00000000,0.00000000,0.00000000,0.00000000,0.00000000,0.00000000,0.00000000,0.00000000,0.00000000,0.00000000,0.00000000,0.00000000,0.00000000,0.00000000,0.00000000,0.00000000,0.00000000,0.28575436,0.00000000,0.00000000,0.00000000,0.00000000,0.00429740,0.00000000,0.00000000,0.00000000,0.00000000,0.00000000,0.00000000,0.00000000,0.00561294,0.00000000,0.00000000,0.00167303,0.00000000,0.00000000,0.00000000,0.00000000,0.00000000,0.00000000,0.00000000,0.00000000,0.00000000,0.00000000,0.00000000,0.00000000,0.00000000,0.00000000,0.00000000,0.00000000,0.00000000,0.00107522,0.00000000,0.00000000,0.00000000,0.00000000,0.02049194,0.00000000,0.00000000,0.00000000,0.00000000,0.00000000,0.00000000,0.00000000,0.00000000,0.00000000,0.00000000,0.00000000,0.00000000,0.00000000,0.02935456,0.00000000,0.09819685,0.00000000,0.00000000,0.00000000,0.00000000,0.00000000,0.00000000,0.00000000,0.00000000,0.00000000,0.00000000,0.00873648,0.00000000,0.00000000,0.00000000,0.00000000,0.00000000,0.00000000,0.00000000,0.00000000,0.00000000,0.00000000,0.00000000,0.02068730,0.00000000,0.00000000,0.00000000,0.00000000,0.00000000,0.00000000,0.00000000,0.00000000,0.00000000,0.00000000,0.00000000,0.00000000,0.00000000,0.00000000,0.00000000,0.00109457,0.00000000,0.00000000,0.01466926,0.00000000,0.00000000,0.00000000,0.00000000,0.00000000,0.00000000,0.00178975,0.00000000,0.01585569,0.00000000,0.00000000,0.00000000,1.70399625,0.00000000,0.00000000,0.00000000,0.00000000,0.00000000,0.00000000,0.00000000,0.00000000,0.00000000,0.00000000,0.02116252,0.87356298,0.05485986,0.00000000,0.00000000,0.00000000,0.04706831,0.00000000,0.00000000,0.00000000,0.08261257,0.00000000,0.00000000,0.00000000,0.00423081,0.00000000,0.00000000,0.00000000,0.00000000,0.00000000,0.00579216,0.00000000,0.03246875,0.00000000,0.00000000,0.00000000,0.00000000,0.00000000,0.00000000,0.00000000,0.00000000,0.00000000,0.00057045,0.00000000,0.00000000,0.00000000,0.00000000,0.00000000,0.00000000,1.19899908,0.00109722,0.00000000,0.00000000,0.00000000,0.00000000,0.00000000,0.00000000,0.00000000,0.00000000,0.04442240,0.08244121,0.01065911,0.00000000,0.00000000,0.00000000,0.00000000,0.00000000,0.00000000,0.05803625,0.00000000,0.00000000,0.00000000,0.00000000,0.00000000,0.00000000,0.23041084,0.00000000,0.00000000,0.00000000,0.00000000,0.00000000,0.01139762,0.00745727,0.00000000,0.00000000,0.00000000,0.28434687,0.00000000,0.00000000,0.00000000,0.00177207,0.00498327,0.01019378,0.01150659,0.00000000,0.00000000,0.00000000,0.00000000,0.00000000,0.00076916,0.00000000,0.00000000,0.00000000,0.00000000,0.00000000,0.00000000,0.00000000,0.00000000,0.00000000,0.00000000,0.00139766,0.00000000,0.00000000,0.00000000,0.00000000,0.00000000,0.00000000,0.00000000,0.00000000,0.00000000,0.00000000,0.00000000,0.00000000,0.00000000,0.00000000,0.00000000,0.00000000,0.00573408,0.00000000,0.00000000,0.00000000,0.00000000,0.00000000,0.00000000,0.02052734,0.00000000,0.00000000,0.00000000,0.00000000,0.00000000,0.00000000,0.00000000,0.00000000,0.00000000,0.00000000,0.00000000,0.00000000,0.00390443,0.00154458,0.00000000,0.00000000,0.00000000,0.00000000,0.21793044,0.00000000,0.00000000,0.00000000,0.00000000,0.00000000,0.00000000,0.00000000,0.00000000,0.00000000,0.00000000,0.00332461,0.00898487,0.00000000,0.00000000,0.00000000,0.00000000,0.00000000,0.00000000,0.00000000,0.00000000,0.00000000,0.00000000,0.00000000,0.00000000,0.00000000,0.00000000,0.00000000,0.00000000,0.00000000,0.00000000,0.00000000,0.00000000,0.00000000,0.00000000,0.04225550,0.00000000,0.00000000,0.00000000,0.00000000,0.00000000,0.00000000,0.00000000,0.00000000,0.00000000,0.00000000,0.00000000,0.00000000,0.00000000,0.02083173,0.00000000,0.00000000,0.20195945,0.00000000,0.00000000,0.00000000,0.00000000,0.00000000,0.00000000,0.00000000,0.00000000,0.00000000,0.00000000,0.00000000,0.00000000,0.00000000,0.00000000,0.00000000,0.00000000,0.00000000,0.00000000,0.00000000,0.00000000,0.01151550,0.00000000,0.00000000,0.00000000,0.00000000,0.00000000,0.00000000,0.00000000,0.00000000,0.00000000,0.00000000,0.00000000,0.00000000,0.00000000,0.00000000,0.71749831,0.00000000,0.00000000,0.00000000,0.00000000,0.00000000,0.00000000,0.00000000,0.00000000,0.00000000,0.00000000,0.00000000,0.00000000,0.00000000,0.00000000,0.00000000,0.00000000,0.00000000,0.00000000,0.00000000,0.00000000,0.01431617,0.00000000,0.00000000,0.00000000,0.00000000,0.00000000,0.00000000,0.00000000,0.00573186,0.00000000,0.00000000,0.00000000,0.00161243,0.00000000,0.00000000,0.00000000,0.00099196,0.00000000,0.00000000,0.00000000,0.00429885,0.00433876,0.00000000,0.00000000,0.00000000,0.00000000,0.00000000,0.00000000,0.00000000,0.00000000,0.00000000,0.04455931,0.00000000,0.00000000,0.04561241,0.00000000,0.00000000,0.00000000,0.00000000,0.00000000,0.00000000,0.00000000,0.00000000,0.00000000,0.00000000,0.00000000,0.00000000,0.00000000,0.00000000,0.00000000,0.00000000,0.01761166,0.00000000,0.00000000,0.00000000,0.00000000,0.00000000,0.00000000,0.00938221,0.00000000,0.00000000,0.00000000,0.05516051,0.00000000,0.00000000,0.00000000,0.00000000,0.00000000,0.07762314,0.00000000,0.01285077,0.00000000,0.00000000,0.00000000,0.00000000,0.00000000,0.00000000,0.00000000,0.00000000,0.00000000,0.00000000,0.00000000,0.00425458,0.00000000,0.00000000,0.00000000,0.00000000,0.00000000,0.00000000,0.00000000,0.00000000,0.00000000,0.00000000,0.00000000,0.00000000,0.00000000,0.00000000,0.00000000,0.00282192,0.00000000,0.00000000,0.00000000,0.01334465,0.00000000,0.00000000,0.00000000,0.01066356,0.00000000,0.00000000,0.00000000,0.00000000,0.00000000,0.00000000,0.00000000,0.00000000,0.00000000,0.00000000,0.00000000,0.00000000,0.00000000,0.00000000,0.00000000,0.00000000,0.00000000,0.00000000,0.01659700,0.00000000,0.00000000,0.00000000,0.00000000,0.00000000,0.00000000,0.00000000,0.00000000,0.00000000,0.00000000,0.00000000,0.00000000,0.00000000,0.00000000,0.00000000,0.00000000,0.00000000,0.00000000,0.00000000,0.00000000,0.00000000,0.00000000,0.00000000,0.00000000,0.00000000,0.00000000,0.00000000,0.00000000,0.00000000,0.00000000,0.00000000,0.00000000,0.00000000,0.00000000,0.00000000,0.00000000,0.00000000,0.00768257,0.00000000,0.00000000,0.00000000,0.00000000,0.00000000,0.00000000,0.00000000,0.00000000,0.00000000,0.00000000,0.00000000,0.00000000,0.00000000,0.00000000,0.00000000,0.00000000,0.00000000,0.00000000,0.00000000,0.00000000,0.00000000,0.06456113,0.00000000,0.00000000,0.00000000,0.00000000,0.16959812,0.00000000,0.00000000,0.00000000,0.00000000,0.00000000,0.00000000,0.00083465,0.00000000,0.00000000,0.00000000,0.00000000,0.00000000,0.00000000,0.00000000,0.00000000,0.03130850,0.00000000,0.01221166,0.00000000,0.00000000,0.00000000,0.01624698,0.00000000,0.00000000,0.00000000,0.00000000,0.00000000,0.00000000,0.00000000,0.00000000,0.00000000,0.15838423,0.00000000,0.00000000,0.00000000,0.06836712,0.00000000,0.00000000,0.03529551,0.00000000,0.00000000,0.01152770,0.00000000,0.00000000,0.00000000,0.00000000,0.01028812,0.00000000,0.00000000,0.05334495,0.00000000,0.00000000,0.01465144,0.00000000,0.00000000,0.00000000,0.00000000,0.00000000,0.00564890,0.00000000,0.00000000,0.00059567,0.00000000,0.00000000,0.00000000,0.02696685,0.01259227,0.00000000,0.00000000,0.00000000,0.00000000,0.00000000,0.00000000,0.00000000,0.00000000,0.00000000,0.00000000,0.00000000,0.00000000,0.00000000,0.00000000,0.00000000,0.00000000,0.00000000,0.00000000,0.00000000,0.00643630,0.01239085,0.00104187,0.01191814,0.00000000,0.00772946,0.00000000,0.00000000,0.00000000,0.00000000,0.03336160,0.00000000,0.00000000,0.00000000,0.00264826,0.00000000,0.00000000,0.00000000,0.00000000,0.01787945,0.00000000,0.08461981,0.00000000,0.00000000,0.00000000,0.00000000,0.00000000,0.00000000,0.07235329,0.00000000,0.00000000,0.00000000,0.00000000,0.00000000,0.00000000,0.00000000,0.00000000,0.00000000,0.00000000,0.00000000,0.00000000,0.00000000,0.00000000,0.00710595,0.00000000,0.00000000,0.00000000,0.00000000,0.00000000,0.00000000,0.00000000,0.00000000,0.00000000,0.00000000,0.00249228,0.00000000,0.00000000,0.00000000,1.62725211,0.00000000,0.56477241,0.03551355,0.00000000,0.00000000,0.00000000,0.00000000,0.00000000,0.00000000,0.00000000,0.00000000,0.00712658,0.08552816,0.00000000,0.00000000,0.00000000,0.00000000,0.00000000,0.00000000,0.01164554,0.00000000,0.20650174,0.00000000,0.00000000,0.00000000,0.00000000,0.00000000,0.00000000,0.00000000,0.00000000,0.00382882,0.00000000,0.00000000,0.00000000,0.00000000,0.00000000,0.00000000,0.00000000,0.00000000,0.00000000,0.00712692,0.00000000,0.00000000,0.00079723,0.00000000,0.00000000,0.00742712,0.00000000,0.00000000
0.00000000,0.00000000,0.00000000,0.01957686,0.00000000,0.00000000,0.00000000,0.00000000,0.00000000,0.00000000,0.00000000,0.00000000,0.00000000,0.00000000,0.00000000,0.00000000,0.00000000,0.00000000,0.00000000,0.00000000,0.00321782,0.00000000,0.00000000,0.00000000,0.00000000,0.00000000,0.00000000,0.00000000,0.01607244,0.00000000,0.00000000,0.00000000,0.00000000,0.00000000,0.00000000,0.00000000,1.59580161,0.00000000,0.00000000,0.00000000,0.00000000,0.00000000,0.00000000,0.00000000,0.00000000,0.01869085,0.01102638,0.00000000,0.00000000,0.00000000,0.00000000,0.00000000,0.00000000,0.00000000,0.00000000,0.01234688,0.00000000,0.00000000,0.00000000,0.00000000,0.00000000,0.00000000,0.00000000,0.06321927,0.00000000,0.00000000,0.00000000,0.00000000,0.00000000,0.00000000,0.00000000,0.00000000,0.00000000,0.00000000,0.00000000,0.00000000,0.00000000,0.00000000,0.00000000,0.00000000,0.00000000,0.00000000,0.00000000,0.00000000,0.00000000,0.11191931,0.00000000,0.00000000,0.00000000,0.00000000,0.00000000,0.00000000,0.00127393,0.00000000,0.00000000,0.00000000,0.01169129,0.00000000,0.00000000,0.00000000,0.00000000,0.00000000,0.00000000,0.00000000,0.00000000,0.01032760,0.00000000,0.00000000,0.00000000,0.00000000,0.00000000,0.00000000,0.00000000,0.00000000,0.00000000,0.00000000,0.00000000,0.00347579,0.00794206,0.01272599,0.00000000,0.00236422,0.00000000,0.00000000,0.00000000,0.00000000,0.00000000,0.00000000,0.00000000,0.00000000,0.00000000,0.00000000,0.00000000,0.00000000,0.00000000,0.00000000,0.00000000,0.00000000,0.00000000,0.00000000,0.00000000,0.00000000,0.00000000,0.00000000,0.00000000,0.00000000,0.00000000,0.20904859,0.00000000,0.00000000,0.00000000,0.00000000,0.00000000,0.00000000,0.00000000,0.00000000,0.01060592,0.00103764,0.00000000,0.00000000,0.00000000,0.00000000,0.00000000,0.00376026,0.00000000,0.00000000,0.00085668,0.00000000,0.00000000,0.31868398,0.00000000,0.00000000,0.00000000,0.00000000,0.00000000,0.00341884,0.00000000,0.00000000,0.00000000,0.00000000,0.06280804,0.01419460,0.00000000,0.00000000,0.00000000,0.00000000,0.00000000,0.00239973,0.00000000,0.00000000,0.07156214,0.00000000,0.00000000,0.00000000,0.00000000,0.00000000,0.00000000,0.00000000,0.00000000,0.00000000,0.00000000,0.00000000,0.00188596,0.00000000,0.00000000,0.00000000,0.00328464,0.00000000,0.00000000,0.00000000,0.03134909,0.00000000,0.00000000,0.00000000,0.00000000,0.00000000,0.00000000,0.00000000,0.01654816,0.00250439,0.00000000,0.00000000,0.00000000,0.00000000,0.00000000,0.00258826,0.00000000,0.00000000,0.00000000,0.00000000,0.00000000,0.00000000,0.00000000,0.00000000,1.38503563,0.00000000,0.00000000,0.00000000,0.06818903,0.00000000,0.00222361,0.00000000,0.00000000,0.00000000,0.00000000,0.00000000,0.00000000,0.00000000,0.00485546,0.00000000,0.00000000,0.08303059,0.00000000,0.00000000,0.00000000,0.00000000,0.02100793,0.00000000,0.00000000,0.12137637,0.00000000,0.00000000,0.00000000,0.00000000,0.00000000,0.00000000,0.00000000,0.00000000,0.00000000,0.00000000,0.00000000,0.00000000,0.00000000,0.00000000,0.00000000,0.00000000,0.00000000,0.00000000,0.00000000,0.00000000,0.00000000,0.00000000,0.00000000,0.00000000,0.00000000,0.00000000,0.00000000,0.00000000,0.00000000,0.00000000,0.00465852,0.00000000,0.00000000,0.00000000,0.00000000,0.00000000,0.00094628,0.00000000,0.00000000,0.00000000,0.00465748,0.00000000,0.00000000,0.00000000,0.00000000,0.00514775,0.01717044,0.00000000,0.01073880,0.00000000,0.00000000,0.01141595,0.00000000,0.00000000,0.00000000,0.00000000,0.05631273,0.00000000,0.00000000,0.00000000,0.00000000,0.00000000,0.00000000,0.00000000,0.00000000,0.00000000,0.00000000,0.00000000,0.00000000,0.00110009,0.00000000,0.00000000,0.00000000,0.02436241,0.00000000,0.00000000,0.00000000,0.00000000,0.27638551,0.00000000,0.00000000,0.00000000,0.00000000,0.00000000,0.00000000,0.00000000,0.00000000,0.00000000,0.00000000,0.03691925,0.00000000,0.00000000,0.00000000,0.00000000,0.00000000,0.00000000,0.00000000,0.00000000,0.00000000,0.00000000,0.00000000,0.00000000,0.00000000,0.00000000,0.00221660,0.00000000,0.00000000,0.00000000,0.00000000,0.00000000,0.00000000,0.00000000,0.00593834,0.00000000,0.00000000,0.00000000,0.02028582,0.00000000,0.00000000,0.00000000,0.00000000,0.00000000,0.00000000,0.00000000,0.00000000,0.00000000,0.00000000,0.09573575,0.00000000,0.00000000,0.00000000,0.00000000,0.00000000,0.00000000,0.00079193,0.02891545,0.00000000,0.00000000,0.00000000,0.00000000,0.00000000,0.00000000,0.00188912,0.00000000,0.00000000,0.00000000,0.00000000,0.00000000,0.00000000,0.00000000,0.00000000,0.00000000,0.00000000,0.00000000,0.00000000,0.00000000,0.00000000,0.00000000,0.00000000,0.00877694,0.00000000,0.00000000,0.00000000,0.00000000,0.00000000,0.00000000,0.00000000,0.00000000,0.00000000,0.00189691,0.00000000,0.00000000,0.00000000,0.00000000,0.00000000,0.00000000,0.00000000,0.00000000,0.00000000,0.00000000,0.00000000,0.00000000,0.00000000,0.00000000,0.00000000,0.01027533,0.00000000,0.00000000,0.00000000,0.00000000,0.00000000,0.00000000,0.00000000,0.00000000,0.00153262,0.00000000,0.00000000,0.00000000,0.00000000,0.00000000,0.27625518,0.00000000,0.00000000,0.00000000,0.00000000,0.00000000,0.00000000,0.00000000,0.00000000,0.01801824,0.00000000,0.00000000,0.00000000,0.00216634,0.00000000,0.00000000,0.00000000,0.00000000,0.00000000,0.08627556,0.00000000,0.00000000,0.00000000,0.01005891,0.00000000,0.00000000,0.00000000,0.00000000,0.00000000,0.00000000,0.00000000,0.00000000,0.00000000,0.00000000,0.00000000,0.00000000,0.00000000,0.00000000,0.00069474,0.00000000,0.00000000,0.01471507,0.00000000,0.00000000,2.75911618,0.00000000,0.00000000,0.00000000,0.00000000,0.00000000,0.00000000,0.00000000,0.00000000,0.00000000,0.00000000,0.00000000,0.00000000,0.00000000,0.00000000,0.00000000,0.00518257,0.00000000,0.00000000,0.00000000,0.00000000,0.00000000,0.01446470,0.00000000,0.00870016,0.00000000,0.00000000,0.00000000,0.00000000,0.00000000,0.00000000,0.00458699,0.00000000,0.00000000,0.00000000,0.00000000,0.00000000,0.00000000,0.00000000,0.01270665,0.00000000,0.00000000,0.00000000,0.00000000,0.00000000,0.03612550,0.00000000,0.00000000,0.00000000,0.00000000,0.00000000,0.00000000,0.00000000,0.00000000,0.00000000,0.14675647,0.01200887,0.00000000,0.00000000,0.00000000,0.00000000,0.00000000,0.00000000,0.00000000,0.00000000,0.00106697,0.00000000,0.00000000,0.00000000,0.00000000,0.00270734,0.00000000,0.00000000,0.00170547,0.00000000,0.00000000,0.00000000,0.00000000,0.02103775,0.00000000,0.00000000,0.00000000,0.00000000,0.00000000,0.00000000,0.00000000,0.00000000,0.00000000,0.00000000,0.00000000,0.00000000,0.00000000,0.00000000,0.00000000,0.00000000,0.15403084,0.00000000,0.00000000,0.00000000,0.02036924,0.00000000,0.03931348,0.00000000,0.00000000,0.00000000,0.00000000,0.00000000,0.00000000,0.00000000,0.00000000,0.00000000,0.00336733,0.00438895,0.00000000,0.00538969,0.00000000,1.13028092,0.00000000,0.00000000,0.00000000,0.00000000,0.00000000,0.00000000,0.00000000,0.00000000,0.00000000,0.00000000,0.00000000,0.00000000,0.00000000,0.03192741,0.00000000,0.00472798,0.00000000,0.00000000,0.00000000,0.00000000,0.00000000,0.00000000,0.00000000,0.00000000,0.00000000,0.00000000,0.00000000,0.00000000,0.00960563,0.00000000,0.00000000,0.00000000,0.11101153,0.00000000,0.00000000,0.00000000,0.00000000,0.00000000,0.01839676,0.19559610,0.00000000,0.00000000,0.00000000,0.00000000,0.00000000,0.00000000,0.00000000,0.00000000,0.00000000,0.00000000,0.00000000,0.00000000,0.00000000,0.00000000,0.00000000,0.00000000,0.00000000,0.00000000,0.00124086,0.00000000,0.00000000,0.00000000,0.00280295,0.00000000,0.03419573,0.00000000,0.00000000,0.00000000,0.00000000,0.00000000,0.00000000,0.00000000,0.00000000,0.00000000,0.00000000,0.00000000,0.00000000,0.00000000,0.00000000,0.05173733,0.00000000,0.00000000,0.00000000,0.00000000,0.00000000,0.00000000,0.00000000,0.00000000,0.00000000,0.00000000,0.00000000,0.00000000,0.00000000,0.00000000,0.00000000,0.00000000,0.08412910,0.00164191,0.00000000,0.00000000,0.00000000,0.00000000,0.00259471,0.00000000,0.00000000,0.00000000,0.00000000,0.00000000,0.00000000,0.00000000,0.00000000,0.00000000,0.00000000,0.00000000,0.00000000,0.00000000,0.00885755,0.01230671,0.00000000,0.00000000,0.00000000,0.00000000,0.00000000,0.05285358,0.00000000,0.00000000,0.00000000,0.00000000,0.00438607,0.00000000,0.00000000,0.00000000,0.00000000,0.00000000,0.00000000,0.00000000,0.00077036,0.00000000,0.00000000,0.00000000,0.00000000,0.00000000,0.00000000,0.00000000,0.00000000,0.01203346,0.00069013,0.00000000,0.00000000,0.00000000,0.00000000,0.00000000,0.00000000,0.00000000,0.00000000,0.00000000,0.00000000,0.00000000,0.00000000,0.00000000,0.06715387,0.00000000,0.00000000,0.00000000,0.00000000,0.00000000,0.05355467,0.00000000,0.00000000,0.00000000,0.00000000,0.00000000,0.00000000,0.00000000,0.00000000,0.00000000,0.00000000,0.02787415,0.00356367
0.00000000,0.00000000,0.00628858,0.00000000,0.00138703,0.00000000,0.00000000,0.00000000,0.00000000,0.00000000,0.00000000,0.00000000,0.00000000,0.00000000,0.00000000,0.00000000,0.00000000,0.00000000,0.00000000,0.00000000,0.00000000,0.00000000,0.00000000,0.00000000,0.00000000,0.00000000,0.00000000,0.00000000,0.00000000,0.00793411,0.00000000,0.00000000,0.00000000,0.00000000,0.00000000,0.00000000,0.00000000,0.00000000,0.00143469,0.00000000,0.00000000,0.00000000,0.00000000,0.00000000,0.00000000,0.00000000,0.00000000,0.14763266,0.00000000,0.00000000,0.00000000,0.24361986,0.00000000,0.00000000,0.00000000,0.00000000,0.00000000,0.00000000,0.00000000,0.00000000,0.00000000,0.00000000,0.00000000,0.00000000,0.00121850,0.00000000,0.00000000,0.00000000,0.00000000,0.00000000,0.00000000,0.00000000,0.00000000,0.00000000,0.00453946,0.00000000,0.00000000,0.00000000,0.00000000,0.00000000,0.00000000,0.00000000,0.00000000,0.00000000,0.00000000,0.00000000,0.00000000,0.00000000,0.01735702,0.00000000,0.00000000,0.00000000,0.00000000,0.00000000,0.00000000,0.00000000,0.01021697,0.00000000,0.00000000,0.00000000,0.00000000,0.00000000,0.00000000,0.00371928,0.00000000,0.00000000,0.00000000,0.00000000,0.00000000,0.00000000,0.00000000,0.00000000,0.07514309,0.00448786,0.00000000,0.00000000,0.00327749,0.00000000,0.00000000,0.00000000,0.00000000,0.00000000,0.00000000,0.00000000,0.00000000,0.00000000,0.00000000,0.00000000,0.00000000,0.00000000,0.00000000,0.00000000,0.00000000,0.00000000,0.00000000,0.00000000,0.00000000,0.00000000,0.00000000,0.00000000,0.00000000,0.00000000,0.00000000,0.00000000,0.00000000,0.00000000,0.01333261,0.00000000,0.00498913,0.00000000,0.00000000,0.05649981,0.00000000,0.00000000,0.00000000,0.00000000,0.00000000,0.00000000,0.00000000,0.00000000,0.00000000,0.00000000,0.00000000,0.00096149,0.00000000,0.00304818,0.00000000,0.00142219,0.00000000,0.00000000,0.00000000,0.00620195,0.00000000,0.00000000,0.00000000,0.00000000,0.00000000,0.00000000,0.00000000,0.00000000,0.00000000,0.07049161,0.00000000,0.00000000,0.00000000,0.00000000,0.00000000,0.00000000,0.00000000,0.01182758,0.00000000,0.00000000,0.00000000,0.00000000,0.00000000,0.02356998,0.00277981,0.00177180,0.00000000,0.00000000,0.00609289,0.00000000,0.10929360,0.00000000,0.02640771,0.00000000,0.00000000,0.00000000,0.00110772,0.00000000,0.00000000,0.00000000,0.32331190,0.00000000,0.12147178,0.00000000,0.00000000,0.00000000,0.00000000,0.00000000,0.00000000,0.00000000,0.00000000,0.00000000,0.00383807,0.00000000,0.00000000,0.00000000,0.00000000,0.00000000,0.00000000,0.00000000,0.00000000,0.00000000,0.00000000,0.00000000,0.00359033,0.00000000,0.00000000,0.00000000,0.00000000,0.00000000,0.35936580,0.94772155,0.01624295,0.00000000,0.00000000,0.00000000,0.00000000,0.00000000,0.00000000,0.01496909,0.00000000,0.00000000,0.00404784,0.07074077,0.00000000,0.00000000,0.00000000,0.00000000,0.00000000,0.00696102,0.00000000,0.00000000,0.00000000,0.00000000,0.00000000,0.00000000,0.00000000,0.00000000,0.00000000,0.00000000,0.00840841,0.00459869,0.00000000,0.00000000,0.43619890,0.00000000,0.00000000,0.00000000,0.00000000,0.00000000,0.00000000,0.00000000,0.00000000,0.00000000,0.00000000,0.00000000,0.00000000,0.00455816,0.00000000,0.00000000,0.00000000,0.00000000,0.00000000,0.00000000,0.00000000,0.00000000,0.00000000,0.00000000,0.00000000,0.00213268,0.00000000,0.00000000,0.00000000,0.00000000,0.00000000,0.31707780,0.00000000,0.71043419,0.00884669,0.00000000,0.00000000,0.00000000,0.00000000,0.00000000,0.00228102,0.00000000,0.00000000,0.00000000,0.00000000,0.00000000,0.00000000,0.00000000,0.00000000,0.00000000,0.00000000,0.00076565,0.00000000,0.00000000,0.00000000,0.00000000,0.00000000,0.00000000,0.00227346,0.00000000,0.00000000,0.00000000,0.00000000,0.00000000,0.00000000,0.00000000,0.00000000,0.00000000,0.00000000,0.00000000,0.00000000,0.00000000,0.00000000,0.00000000,0.00000000,0.00000000,0.00000000,0.00000000,0.00000000,0.00000000,0.00000000,0.00000000,0.00000000,0.00000000,0.00000000,0.00000000,0.00000000,0.00000000,0.00000000,0.00000000,0.00000000,0.00000000,0.01440984,0.00000000,0.00000000,0.00000000,0.00000000,0.00000000,0.00000000,0.00000000,0.00000000,0.00000000,0.00000000,0.00000000,0.00000000,0.00000000,0.00000000,0.00000000,0.00000000,0.00000000,0.00000000,0.00000000,0.00000000,0.00000000,0.00000000,0.00000000,0.00000000,0.00000000,0.00568281,0.00000000,0.00000000,0.00000000,0.00000000,0.00000000,0.00123213,0.00000000,0.00136107,0.00000000,0.00000000,0.00953051,0.00000000,0.00000000,0.00000000,0.00000000,0.00000000,0.00000000,0.00000000,0.00000000,0.00000000,0.00000000,0.00000000,0.00000000,0.04494156,0.00000000,0.00000000,0.00000000,0.00000000,0.00000000,0.00000000,0.00000000,0.00000000,0.00000000,0.00000000,0.00104466,0.00000000,0.00000000,0.00000000,0.00163948,0.00244505,0.00000000,0.00000000,0.00000000,0.00000000,0.00000000,0.00000000,0.00000000,0.00000000,0.00934074,0.00000000,0.00000000,0.00000000,0.00000000,0.00000000,0.00277223,0.00000000,0.05699332,0.00000000,0.00000000,0.00000000,0.00000000,0.00000000,0.00000000,0.00000000,0.00000000,0.00000000,0.00000000,0.00000000,0.00075703,0.00000000,0.00000000,0.02242718,0.00000000,0.00000000,0.00000000,0.00000000,0.00000000,0.00000000,0.00000000,0.00000000,0.00721538,0.00000000,0.00000000,0.00000000,0.00000000,0.00000000,0.00000000,0.00000000,0.00186849,0.00000000,0.00000000,0.00000000,0.00000000,0.00000000,0.00000000,0.00000000,0.00000000,0.00000000,0.00000000,0.00000000,0.00000000,0.00000000,0.00000000,0.00267418,0.00000000,0.00000000,0.00000000,0.00000000,0.00000000,0.35726062,0.00000000,0.00000000,0.00000000,0.00000000,0.00000000,0.00000000,0.00000000,0.00000000,0.00000000,0.00000000,0.00000000,0.00000000,0.00000000,0.00000000,0.00000000,0.00000000,0.01253030,0.00000000,0.00000000,0.02551788,0.00000000,0.00000000,0.00000000,0.00000000,0.00000000,0.00000000,0.04686045,0.00000000,0.00000000,0.01644004,0.00000000,0.00000000,0.00000000,0.00000000,0.00000000,0.00000000,0.00574707,0.00000000,0.00000000,0.00000000,0.00000000,0.00000000,0.00000000,0.00000000,0.00000000,0.00000000,0.00000000,0.00000000,0.00000000,0.00000000,0.00000000,0.00547156,0.00000000,0.00000000,0.00000000,0.00000000,0.00000000,0.00000000,0.00000000,0.00000000,0.00243821,0.00660196,0.00000000,0.00000000,0.00000000,0.00000000,0.00000000,0.08044344,0.00000000,0.00000000,0.00000000,0.00895573,0.00000000,0.00000000,0.00893420,0.00000000,0.00000000,0.00000000,0.00000000,0.00681439,0.00000000,0.00000000,0.00000000,0.00000000,0.00000000,0.00000000,0.00000000,0.01915967,0.00000000,0.00000000,0.00000000,0.00189242,0.00000000,0.00000000,0.00000000,0.00000000,0.00000000,0.00000000,0.00000000,0.00000000,0.02223422,0.01508443,0.00000000,0.00000000,0.00355815,0.00000000,0.00000000,0.00000000,0.00000000,0.00336733,0.00000000,0.00000000,0.00000000,0.00000000,0.00000000,0.00000000,0.00000000,0.00000000,0.00000000,0.00000000,0.00000000,0.00279194,0.00000000,0.00000000,0.00000000,0.00000000,0.00000000,0.00000000,0.01665458,0.00000000,0.00000000,0.00000000,0.00000000,0.00000000,0.00000000,0.00000000,0.00000000,0.00000000,0.00000000,0.00000000,0.00000000,0.00000000,0.00000000,0.00000000,0.00000000,0.00000000,0.00000000,0.00000000,0.00000000,0.00000000,0.00000000,0.00000000,0.00000000,0.00000000,0.04952094,0.00000000,0.00129634,0.10493730,0.00000000,0.00000000,0.00000000,0.01623659,0.00000000,0.00000000,0.00000000,0.00000000,0.00000000,0.00000000,0.00000000,0.00073980,0.00000000,0.00000000,0.00892475,0.00000000,0.00000000,0.00000000,0.00000000,0.00000000,0.00000000,0.00000000,0.00000000,0.00000000,0.00000000,0.00000000,0.00000000,0.00000000,0.00000000,0.00000000,0.00000000,0.00000000,0.43661004,0.00000000,0.00000000,0.00000000,0.00000000,0.00645627,0.00000000,0.00000000,0.00000000,0.00000000,0.00000000,0.00000000,0.00000000,0.00657526,0.01535752,0.00000000,0.00000000,0.00000000,0.00000000,0.00000000,0.00000000,0.00000000,0.00409748,0.00000000,0.00000000,0.00000000,0.00000000,0.00000000,0.00000000,0.00000000,0.00000000,0.00000000,0.00000000,0.00000000,0.00000000,0.00294979,0.00352582,0.05173635,0.00000000,0.00000000,0.00000000,0.00000000,0.00000000,0.00000000,0.01957963,0.00000000,0.00000000,0.00000000,0.01431798,0.00000000,0.00000000,0.00000000,0.00000000,0.00000000,0.00000000,0.00000000,0.00000000,0.00000000,0.00000000,0.00000000,0.00264384,0.00167733,0.00000000,0.07169616,0.00000000,0.00000000,0.00258923,0.00000000,0.01512678,0.00000000,0.00000000,0.00000000,0.00000000,0.00000000,0.03916637,0.00000000,0.00000000,0.00000000,0.01182251,0.00000000,0.00000000,0.00000000,0.00000000,0.00000000,0.00000000,0.00000000,0.00113551,0.00000000,0.00000000,0.00000000,0.00000000,0.00000000,0.00000000,0.00000000,0.00000000,0.00000000,0.00000000,0.00000000,0.00000000,0.00000000,0.00000000,0.00000000,0.00000000,0.00000000,0.00000000
0.00000000,0.00000000,0.00000000,0.00221664,0.00000000,0.01821246,0.00000000,0.00000000,0.00000000,0.00000000,0.01194285,0.00000000,0.00000000,0.00000000,0.00000000,0.00000000,0.02219545,0.00000000,0.00000000,0.00000000,0.00000000,0.00000000,0.00000000,0.00000000,0.00000000,0.00000000,0.00000000,0.00000000,0.00000000,0.00626738,0.00000000,0.02594821,0.00766987,0.00000000,0.01208064,0.00000000,0.00000000,0.00000000,0.00260182,0.00000000,0.00000000,0.00000000,0.00000000,0.00836240,0.00277244,0.00000000,0.00000000,0.00000000,0.00000000,0.00000000,0.01666338,0.00000000,0.00000000,0.00000000,0.00803841,0.03504759,0.00000000,0.00000000,0.00000000,0.00000000,0.00000000,0.00000000,0.00000000,0.00000000,0.00000000,0.00000000,0.00000000,0.00000000,0.05604807,0.00000000,0.00000000,0.01110119,0.00000000,0.00000000,0.00000000,0.00000000,0.00895489,0.00000000,0.00000000,0.00000000,0.00000000,0.00000000,0.00000000,0.00428527,0.00000000,0.00000000,0.00000000,0.00000000,0.00000000,0.00000000,0.00000000,0.00000000,0.00000000,0.00000000,0.00000000,0.00000000,0.00000000,0.00000000,0.00000000,0.00000000,0.16940549,0.00110516,0.00000000,0.00000000,0.00000000,0.00000000,0.00000000,0.00000000,0.00000000,0.00000000,0.00000000,0.00000000,0.00000000,0.00000000,0.00000000,0.00000000,0.00000000,0.00000000,0.00000000,0.00000000,0.00000000,0.00000000,0.00000000,0.00000000,0.00292431,0.00000000,0.00000000,0.00000000,0.00000000,0.00000000,0.01780636,0.00000000,0.00752003,0.00220125,0.00000000,0.00000000,0.00000000,0.00000000,0.00000000,0.00000000,0.00000000,0.00000000,0.00000000,0.00000000,0.00000000,0.00000000,0.00000000,0.00000000,0.00000000,0.00000000,0.00000000,0.00000000,0.01380688,0.00000000,0.00145666,0.00000000,0.00000000,0.00000000,0.00000000,0.03228369,0.00133667,0.00000000,0.00000000,0.00000000,0.00000000,0.00000000,0.00000000,0.00000000,0.00000000,0.00000000,0.00061312,0.00000000,0.00000000,0.00000000,0.00000000,0.00000000,0.00000000,0.00000000,0.00000000,0.00000000,0.00000000,0.00543037,0.00000000,0.05333207,0.00000000,0.00000000,0.02343394,0.00000000,0.00000000,0.00000000,0.00000000,0.00000000,0.00000000,0.00000000,0.00000000,0.00000000,0.00774850,0.00000000,0.00000000,0.00000000,0.00000000,0.00000000,0.00000000,0.00000000,0.00000000,0.00000000,0.00000000,0.00000000,0.00000000,0.00000000,0.00000000,0.00000000,0.00000000,0.00000000,0.00000000,0.00000000,0.00000000,0.00000000,0.00877549,0.00000000,0.00000000,0.00000000,0.00614682,0.00000000,0.00000000,0.00000000,0.00000000,0.00000000,0.00000000,0.07151559,0.00000000,0.00130330,0.00000000,0.00000000,0.00000000,0.00000000,0.00000000,0.00000000,0.00000000,0.00000000,0.00000000,0.00185022,0.00000000,0.00000000,0.00000000,0.03788142,0.00000000,0.00000000,0.00000000,0.00000000,0.00000000,0.05195776,0.00000000,0.92768986,0.00000000,0.00000000,0.01518764,0.00000000,0.00000000,0.00000000,0.00000000,0.00000000,0.00000000,0.00000000,0.00000000,0.00000000,0.00000000,0.00000000,0.00000000,0.00000000,0.00000000,0.00000000,0.00000000,0.00000000,0.00000000,0.01360343,0.00000000,0.00000000,0.00000000,0.00000000,0.00000000,0.00000000,0.00000000,0.00000000,0.00000000,0.00000000,0.00000000,0.00000000,0.00319231,0.00000000,0.00000000,0.00000000,0.00000000,0.00000000,0.00000000,0.00000000,0.00000000,0.00000000,0.00000000,0.00000000,0.00000000,0.00000000,0.00228258,0.00000000,0.00201130,0.00000000,0.00000000,0.01273698,0.00000000,0.00000000,0.00000000,0.01406224,0.03474097,0.00000000,0.00000000,0.00000000,0.00000000,0.00000000,0.00000000,0.00000000,0.00000000,0.00000000,0.01358251,0.00000000,0.00000000,0.01175403,0.00000000,0.00479649,0.00000000,0.00000000,0.00000000,0.00000000,0.00000000,0.00000000,0.00000000,0.00000000,0.15013076,0.00000000,0.00000000,0.00000000,0.77278199,0.00000000,0.00000000,0.00594730,0.00000000,0.00000000,0.04400258,0.00000000,0.00000000,0.00000000,0.00000000,0.00000000,0.00000000,0.00000000,0.00000000,0.01296838,0.00390728,0.00000000,0.00000000,0.00000000,0.11056140,0.00000000,0.06049907,0.00000000,0.52743945,0.00000000,0.00791308,0.00000000,0.02006533,0.00000000,0.00000000,0.00000000,0.00000000,0.00000000,0.00000000,0.00000000,0.00000000,0.00000000,0.00000000,0.00000000,0.00436196,0.00000000,0.00000000,0.00000000,0.00000000,0.00000000,0.00000000,0.00000000,0.00000000,0.00000000,0.00000000,0.00000000,0.00000000,0.00000000,0.00000000,0.00000000,0.02916247,0.00000000,0.00000000,0.00000000,0.00000000,0.00000000,0.00920270,0.00000000,0.00000000,0.00000000,0.00000000,0.00000000,0.00000000,0.00000000,0.00000000,0.00000000,0.00000000,0.00000000,0.00000000,0.00000000,0.00000000,0.00000000,0.00000000,0.01763854,0.00000000,0.00000000,0.00000000,0.00000000,0.00000000,0.00000000,0.00063887,0.00000000,0.00000000,0.00358479,0.00000000,0.00000000,0.00000000,0.00000000,0.00000000,0.00000000,0.00000000,0.00000000,0.00000000,0.00000000,0.00000000,0.00000000,0.00000000,0.00000000,0.00000000,0.00000000,0.00000000,0.00000000,0.00000000,0.00000000,0.00000000,0.00000000,0.00000000,0.00217396,0.00000000,0.00000000,0.23831843,0.03949604,0.00000000,0.00000000,0.00000000,0.04352873,0.00000000,0.00000000,0.00000000,0.00000000,0.00000000,0.00000000,0.00000000,0.00000000,0.00000000,0.00000000,0.00000000,0.00000000,0.00548008,0.00000000,0.00000000,0.00000000,0.00000000,0.00000000,0.00000000,0.00000000,0.00000000,0.00000000,0.00000000,0.00000000,0.00000000,0.00000000,0.00000000,0.00000000,0.00000000,0.00000000,0.00000000,0.00000000,0.01138786,0.00000000,0.00000000,0.00000000,0.00000000,0.00000000,0.00000000,0.00000000,0.00000000,0.00000000,0.00000000,0.02478600,0.00000000,0.00000000,0.00000000,0.00000000,0.00000000,0.00000000,0.00000000,0.00000000,0.00000000,0.00000000,0.01336841,0.00000000,0.00000000,0.00000000,0.00000000,0.00000000,0.00281648,0.00905032,0.00000000,0.00000000,0.00167320,0.00000000,0.00000000,0.00000000,0.00000000,0.00000000,0.00000000,0.00000000,0.00000000,0.00000000,0.00000000,0.00000000,0.00000000,0.00000000,0.00000000,0.00000000,0.00000000,0.00000000,0.00000000,0.00000000,0.02814618,0.00000000,0.00000000,0.00000000,0.00000000,0.00000000,0.00161634,0.00000000,0.00000000,0.00000000,0.00000000,0.00000000,0.00000000,0.01101609,0.00000000,0.00000000,0.00000000,0.00000000,0.00000000,0.00000000,0.01201310,0.00000000,0.00000000,0.00000000,0.00431746,0.00000000,0.00000000,0.00000000,0.00000000,0.00125531,0.00000000,0.00000000,0.00000000,0.00000000,0.00000000,0.00000000,0.00000000,0.00000000,0.00000000,0.00000000,0.00000000,0.00000000,0.00000000,0.02791716,0.00000000,0.00000000,0.00000000,0.00000000,0.00000000,0.00000000,0.00000000,0.00000000,0.00000000,0.00244979,0.00000000,0.00158889,0.00000000,0.00000000,0.00000000,0.00000000,0.00000000,0.14938490,0.00000000,0.00000000,0.00000000,0.00000000,0.00000000,0.00000000,0.00438895,0.00000000,0.00000000,0.00000000,1.36645721,0.00000000,0.00000000,0.00000000,0.00000000,0.00000000,0.00000000,0.00000000,0.00000000,0.00000000,0.00000000,0.00000000,0.00000000,0.00000000,0.00000000,0.00000000,0.00000000,0.00000000,0.00000000,0.00000000,0.00000000,0.00000000,0.00000000,0.00000000,0.00000000,0.00000000,0.00000000,0.00000000,0.00000000,0.00000000,0.00243493,0.00000000,0.00217293,0.00000000,0.00000000,0.00000000,0.00000000,0.00487584,0.00000000,0.00000000,0.00000000,0.00000000,0.00000000,0.00000000,0.01557449,0.00000000,0.00000000,0.00000000,0.00000000,0.00000000,0.01661101,0.00000000,0.00000000,0.62272631,0.00000000,0.00000000,0.00000000,0.00000000,0.00000000,0.00000000,0.00000000,0.00000000,0.00000000,0.00647874,0.00000000,0.01432623,0.00000000,0.00000000,0.00000000,0.00000000,0.00000000,0.00000000,0.00000000,0.00065495,0.00000000,0.00443940,0.00105467,0.00000000,0.00000000,0.00000000,0.00000000,0.00000000,0.00000000,0.00000000,0.00000000,0.00000000,0.00000000,0.00000000,0.00000000,0.00000000,0.00783748,0.00000000,0.00000000,0.00000000,0.19144712,0.00000000,0.00000000,0.00000000,0.00000000,0.00000000,0.00000000,0.00000000,0.00000000,0.00000000,0.00000000,0.00000000,0.00000000,0.00000000,0.00000000,0.00000000,0.00000000,0.00000000,0.00000000,0.00000000,0.00000000,0.00360732,0.00000000,0.00000000,0.00000000,0.00000000,0.00000000,0.00000000,0.00000000,0.00000000,0.00000000,0.01697618,0.00000000,0.00000000,0.00160772,0.00000000,0.00000000,0.00000000,0.00000000,0.05347277,0.00000000,0.00000000,0.00637876,0.00000000,0.00000000,0.00000000,0.00000000,0.00000000,0.00000000,0.00000000,0.02370695,0.00000000,0.00000000,0.00000000,0.00000000,0.00000000,0.00000000,0.00000000,0.00000000,0.00000000,0.00000000,0.00000000,0.00000000,0.33491759,0.00000000,0.00000000,0.00000000,0.00000000,0.00000000,0.00000000,0.00097993,0.00000000,0.00000000,0.00000000,0.00000000,0.00000000,0.00000000,0.00000000,0.00000000,0.00000000,0.00000000,0.00845542,0.00000000,0.00000000,0.00000000,0.00000000,0.00000000,0.00000000
0.00000000,0.00000000,0.00000000,0.00000000,0.00000000,0.00000000,0.00000000,0.03416822,0.00000000,0.00000000,0.00000000,0.00000000,0.00000000,0.00000000,0.02806926,0.00000000,0.00000000,0.00000000,0.00000000,0.00000000,0.00000000,0.00000000,0.00000000,0.00000000,0.00133394,0.00000000,0.00000000,0.00000000,0.00000000,0.00000000,0.75387605,0.00000000,0.00000000,0.00000000,0.00000000,0.00000000,0.00742794,0.00000000,0.00000000,0.00000000,0.00000000,0.00000000,0.00000000,0.00000000,0.00000000,0.00000000,0.00000000,0.00000000,0.01612695,0.00000000,2.99384211,0.00000000,0.00000000,0.00000000,0.00000000,0.00000000,0.00264756,0.00000000,0.00000000,0.00000000,0.00000000,0.00000000,0.00000000,0.00083344,0.00000000,0.00000000,0.00000000,0.00396153,0.00000000,0.00000000,0.00000000,0.00000000,0.00000000,0.00000000,0.00181866,0.00000000,0.00000000,0.00000000,0.00000000,0.00000000,0.00000000,0.00000000,0.00000000,0.00000000,0.00000000,0.00000000,0.00000000,0.00000000,0.00000000,0.00000000,0.00000000,0.00000000,0.00000000,0.00000000,0.00000000,0.00000000,0.00000000,0.00159026,0.00000000,0.00079687,0.00000000,0.00000000,0.00000000,0.00000000,0.00000000,0.00000000,0.00000000,0.00000000,0.01201938,0.00552980,0.00332638,0.00000000,0.00742675,0.00000000,0.00000000,0.00000000,0.00000000,0.00000000,0.00000000,0.00000000,0.00000000,0.03469359,0.00000000,0.36763065,0.00000000,0.00000000,0.00000000,0.00000000,0.00000000,0.00000000,0.00000000,0.00000000,0.00000000,0.00000000,0.00000000,0.56109866,0.08018160,0.00000000,0.00000000,0.00563014,0.00000000,0.00000000,0.00000000,0.00000000,0.00000000,0.00000000,0.00000000,0.00000000,0.00000000,0.00000000,0.00854912,0.00000000,0.00119562,0.04379069,0.00000000,0.00000000,0.00000000,0.00000000,0.00000000,0.00000000,0.00000000,0.00000000,0.00000000,0.01858560,0.00000000,0.00000000,0.00000000,0.00000000,0.00000000,0.00000000,0.00000000,0.00000000,0.00000000,0.00000000,0.00000000,0.00000000,0.00115820,0.00000000,0.00000000,0.00000000,0.00418565,0.77094713,0.00000000,0.00000000,0.01698470,0.00000000,0.00000000,0.00000000,0.00000000,0.00000000,0.00000000,0.00000000,0.00000000,0.00000000,0.00000000,0.00000000,0.00000000,0.00000000,0.00000000,0.00000000,0.00000000,0.01863105,0.00000000,0.00000000,0.00000000,0.00000000,0.00397231,0.00000000,0.00000000,0.00089316,0.00000000,0.00000000,0.00188463,0.00000000,0.00000000,0.00000000,0.00000000,0.00000000,0.18070697,0.00000000,0.00000000,0.00000000,0.00000000,0.00000000,0.01678075,0.00000000,0.00000000,0.00000000,0.00000000,0.00000000,0.00000000,0.00000000,0.00000000,0.00000000,0.00000000,0.00000000,0.00000000,0.00000000,0.00000000,0.00000000,0.00225107,0.01333495,0.00000000,0.00000000,0.00000000,0.00000000,0.00000000,0.01876190,0.00000000,0.00000000,0.00000000,0.00000000,0.00000000,0.00000000,0.00000000,0.00185624,0.00000000,0.00000000,0.00000000,0.00000000,0.00000000,0.00000000,0.00000000,0.00000000,0.00000000,0.00000000,0.00000000,0.00000000,0.00000000,0.00000000,0.00240572,0.00000000,0.00000000,0.00000000,0.03110812,0.00117573,0.00000000,0.00000000,0.06507808,0.00000000,0.00000000,0.00000000,0.00000000,0.00000000,0.00000000,0.00000000,0.00000000,0.00000000,0.00000000,0.00000000,0.00000000,0.00000000,0.00000000,0.00000000,0.00000000,0.00000000,0.00000000,0.00000000,0.00000000,0.00000000,0.00000000,0.00000000,0.00000000,0.00000000,0.00000000,0.00000000,0.00113402,0.00000000,0.00000000,0.00000000,0.00000000,0.00000000,0.00000000,0.00000000,0.00000000,0.00000000,0.00000000,0.00000000,0.00000000,0.00000000,0.00000000,0.06550113,0.00000000,0.00000000,0.00000000,0.00000000,0.00000000,0.00000000,0.00000000,0.00000000,0.00000000,0.00000000,0.00000000,0.00000000,0.00516772,0.00000000,0.00000000,0.00000000,0.00000000,0.00000000,0.00404300,0.00000000,0.00000000,0.00000000,0.00000000,0.00000000,0.00000000,0.00000000,0.00000000,0.02135231,0.00000000,0.00000000,0.00000000,0.00000000,0.00000000,0.00969120,0.00000000,0.01806444,0.00000000,0.00000000,0.00000000,0.00000000,0.00000000,0.00000000,0.00000000,0.00000000,0.00000000,0.00000000,0.00000000,0.00000000,0.00000000,0.00000000,0.00000000,0.00000000,0.00000000,0.06536475,0.00000000,0.00000000,0.01083983,0.00000000,0.00000000,0.00000000,0.00000000,0.00154038,0.00000000,0.00152414,0.00000000,0.00000000,0.00000000,0.00050739,0.00000000,0.00000000,0.02980268,0.00000000,0.00000000,0.00000000,0.01076338,0.00000000,0.45593056,0.00499766,0.00000000,0.00000000,0.00000000,0.00000000,0.00000000,0.00000000,0.00000000,0.00000000,0.01175768,0.00000000,0.05940947,0.00000000,0.00000000,0.00000000,0.00000000,0.00000000,0.00000000,0.00000000,0.00000000,0.00000000,0.00000000,0.00000000,1.26681601,0.00000000,0.01021875,0.01133049,0.00000000,0.00000000,0.00000000,0.00000000,0.00000000,0.00000000,0.00000000,0.00000000,0.00000000,0.06336986,0.00000000,0.00000000,0.00000000,0.00000000,0.00000000,0.00000000,0.00000000,0.00000000,0.00000000,0.00000000,0.00000000,0.00000000,0.00000000,0.00000000,0.00879641,0.00000000,0.07206843,0.00000000,0.00000000,0.00165549,0.00000000,0.05814866,0.00866989,0.00000000,0.00000000,0.00000000,0.00000000,0.00000000,0.00000000,0.00000000,0.00000000,0.00000000,0.00000000,0.00000000,0.00000000,0.00000000,0.01182733,0.00000000,0.00000000,0.00000000,0.00188865,0.00000000,0.00000000,0.00000000,0.00000000,0.00000000,0.00000000,0.00000000,0.00000000,0.00000000,0.00000000,0.00487046,0.00000000,0.00000000,0.00000000,0.00000000,0.00000000,0.00000000,0.00000000,0.00330347,0.00000000,0.00000000,0.00000000,0.00000000,0.00000000,0.00000000,0.00000000,1.20008661,0.01442808,0.00000000,0.00000000,0.00000000,0.28307723,0.00000000,0.00000000,0.00000000,0.00000000,0.00000000,0.00000000,0.00000000,0.00000000,0.00000000,0.00000000,0.00000000,0.49697932,0.00000000,0.00000000,0.00000000,0.00000000,0.00000000,0.00000000,0.00000000,0.00000000,0.00000000,0.00000000,0.00000000,0.00000000,3.18865230,0.00000000,0.14905037,0.00000000,0.00000000,0.00000000,0.00000000,0.00000000,0.00000000,0.00000000,0.00000000,0.00000000,0.00000000,0.00000000,0.00000000,0.00000000,0.00000000,0.00000000,0.00000000,0.00775809,0.00000000,0.00000000,0.00000000,0.00000000,0.00000000,0.00000000,0.00000000,0.00000000,0.00000000,0.00000000,0.19957507,0.00000000,0.00305073,0.00000000,0.00000000,0.00000000,0.00000000,0.00000000,0.00000000,0.00000000,0.00000000,0.00000000,0.00000000,0.00000000,0.00000000,0.00000000,0.00000000,0.00000000,0.00000000,0.00000000,0.00000000,0.00000000,0.00000000,0.00000000,0.12874671,0.00000000,0.00000000,0.00000000,0.00000000,0.14782377,0.00000000,0.00000000,0.00000000,0.00000000,0.00000000,0.00000000,0.00913637,0.00000000,0.00000000,0.00000000,0.00000000,0.00000000,0.00000000,0.00000000,0.00000000,0.00000000,0.00000000,0.00000000,0.00000000,0.00512240,0.00000000,0.00000000,0.00000000,0.00000000,0.00000000,0.00000000,0.00083498,0.00000000,0.00000000,0.00000000,0.00000000,0.00000000,0.00000000,0.00000000,0.00000000,0.00000000,0.00000000,0.00000000,0.01740753,0.00000000,0.00000000,0.12808661,0.00000000,0.11423042,0.00000000,0.00000000,0.00000000,0.00278813,0.00000000,0.01064092,0.00000000,0.00000000,0.00000000,0.00000000,0.03268099,0.00000000,0.00000000,0.00080906,0.00000000,0.00000000,0.00000000,0.00000000,0.00000000,0.00000000,0.00000000,0.00000000,0.00000000,0.00000000,0.00000000,0.00000000,0.00000000,0.00000000,0.00000000,0.00000000,0.00000000,0.00000000,0.00000000,0.00000000,0.00000000,0.00000000,0.00000000,0.00094630,0.00000000,0.00000000,0.00000000,0.00209389,0.00000000,0.00000000,0.10180260,0.00000000,0.00000000,0.00000000,0.00000000,0.00000000,0.00000000,0.00000000,0.00000000,0.15264676,0.00000000,0.00000000,0.00000000,0.00473449,0.00000000,0.00000000,0.00000000,0.00000000,0.00000000,0.00000000,0.00000000,0.11083128,0.00000000,0.00000000,0.00902048,0.00000000,0.00000000,0.00000000,0.00111445,0.00000000,0.42987937,0.00000000,0.00000000,0.00000000,0.00000000,0.00000000,0.00000000,0.00000000,0.00000000,0.00000000,0.00000000,0.00000000,0.00000000,0.00327118,0.00000000,0.00501605,0.00000000,0.00000000,0.00000000,0.00000000,0.00000000,0.00000000,0.00000000,0.00000000,0.00000000,0.00000000,0.00000000,0.00000000,0.00000000,0.00000000,0.00000000,0.00000000,0.00000000,0.00000000,0.00000000,0.00000000,0.00000000,0.00000000,0.00000000,0.00000000,0.00000000,0.00000000,0.00000000,0.00000000,0.01171611,0.00000000,0.00000000,0.00000000,0.00000000,0.00000000,0.00000000,0.00000000,0.00000000,0.00000000,0.00000000,0.00000000,0.00000000,0.00000000,0.00794837,0.00000000,0.00000000,0.00000000,0.00000000,0.00000000,0.00000000,0.00000000,0.00000000,0.00407581,0.00000000,0.00000000,0.00571403,0.00000000,0.00000000,0.00000000,0.00699523,0.00000000,0.16957567,0.00371590,0.00000000,0.00000000,0.00000000,0.00000000,0.00000000,0.00000000,0.00000000,0.00000000,0.00000000,0.00000000,0.00000000
0.00261237,0.00131501,0.00000000,0.00000000,0.00000000,0.00000000,0.00000000,0.00000000,0.00000000,0.00000000,0.00000000,0.00000000,0.00000000,0.00000000,0.00000000,0.00000000,0.00000000,0.00947984,0.00000000,0.00000000,0.00000000,0.00000000,0.00000000,0.00901645,0.00000000,0.00000000,0.00000000,0.00000000,0.00000000,0.00315862,0.16658665,0.00651468,0.00000000,0.00000000,0.00000000,0.00000000,0.00000000,0.00000000,0.00000000,0.00000000,0.00000000,0.00000000,0.00581549,0.00000000,0.00000000,0.00000000,0.00000000,0.00000000,0.00290447,0.00000000,0.00000000,0.00000000,0.00110090,0.00000000,0.00000000,0.00055581,0.00000000,0.02288354,0.00979381,0.00000000,0.00000000,0.00000000,0.00000000,0.00000000,0.00000000,0.00000000,0.00000000,0.00105798,0.00348497,0.00000000,0.00000000,0.00000000,0.00000000,0.00000000,0.07719567,0.00626751,0.00000000,0.00000000,0.01488393,0.00000000,0.06424135,0.00000000,0.00000000,0.00000000,0.00000000,0.00000000,0.00000000,0.00000000,0.00000000,0.00000000,0.00000000,0.00000000,0.00000000,0.00000000,0.00000000,0.00000000,0.00000000,0.00000000,0.00000000,0.00000000,0.01456794,0.00000000,0.00000000,0.00000000,0.00000000,0.00000000,0.00000000,0.01372709,0.00000000,0.00000000,1.60772301,0.00000000,0.00000000,0.00808513,0.00000000,0.00000000,0.00000000,0.00000000,0.00000000,0.00000000,0.00000000,0.00000000,0.00000000,0.03351762,0.00000000,0.00000000,0.00000000,0.00000000,0.00000000,0.00000000,0.00000000,0.00000000,0.00151150,0.00000000,0.00000000,0.00000000,0.00000000,0.00000000,0.00000000,0.00000000,0.00000000,0.00000000,0.00000000,0.00000000,0.00000000,0.00000000,0.00000000,0.00512240,0.00000000,0.00000000,0.00000000,0.00000000,0.00000000,0.00234782,0.00000000,0.00113768,0.00000000,0.00000000,0.00000000,0.00000000,0.00000000,0.00000000,0.00000000,0.00000000,0.00000000,0.00000000,0.00000000,0.00000000,0.00328520,0.06352888,0.00000000,0.00000000,0.00000000,0.00000000,0.00000000,0.00000000,0.00000000,0.00000000,0.00000000,0.00000000,0.00000000,0.00000000,0.00000000,0.00000000,0.00000000,0.00000000,0.00000000,0.00000000,0.00000000,0.00000000,0.00000000,0.00000000,0.00000000,0.01019966,0.00000000,0.00000000,0.00000000,0.00000000,0.00000000,0.00778882,0.00000000,0.00000000,0.00000000,0.01006733,0.02090493,0.00000000,0.00000000,0.00000000,0.00000000,0.00000000,0.00000000,0.00000000,0.00000000,0.00000000,0.00000000,0.00000000,0.00000000,0.00000000,0.00000000,0.00000000,0.00000000,0.00107585,0.00000000,0.01182406,0.00000000,0.00000000,0.00000000,0.03782962,0.00000000,0.00000000,0.00000000,0.00000000,2.44195081,0.00000000,0.00000000,0.00000000,0.00000000,0.01842418,0.00000000,0.00000000,0.00000000,0.00000000,0.00000000,0.00000000,0.00000000,0.00000000,0.11323776,0.00000000,0.00000000,0.00000000,0.00000000,0.00826533,0.00000000,0.00000000,0.00000000,0.03772146,0.00000000,0.00000000,0.00000000,0.00000000,0.00000000,0.00000000,0.01871993,0.00000000,0.00000000,0.00000000,0.00000000,0.00000000,0.00000000,0.00000000,0.00000000,0.00000000,0.00000000,0.00000000,0.02538628,0.00000000,0.00000000,0.00000000,0.00000000,0.00000000,0.00000000,0.00000000,0.00000000,0.00000000,0.00000000,0.00000000,0.00789519,0.00000000,0.00000000,0.00000000,0.00000000,0.00000000,0.00000000,0.00000000,0.00000000,0.00000000,0.00000000,0.00000000,0.00000000,0.00000000,0.00000000,0.00000000,0.00000000,0.00000000,0.00247461,0.00000000,0.00000000,0.00000000,0.00000000,0.00000000,0.00000000,0.00000000,0.00000000,0.00000000,0.00117049,0.00000000,0.00000000,0.00000000,0.00329660,0.00000000,0.00000000,0.10726235,0.00000000,0.00000000,0.00000000,0.00000000,0.00000000,0.00000000,0.00000000,0.00724350,0.00000000,0.00000000,0.00000000,0.00753662,0.00000000,0.00000000,0.00000000,0.00000000,0.07259745,0.00000000,0.00420246,0.00000000,0.00261320,0.00000000,0.00000000,0.00000000,0.00000000,0.00000000,0.00000000,0.00000000,0.00000000,0.00000000,0.00000000,0.00000000,0.00000000,0.00000000,0.00000000,0.00000000,0.00000000,0.00000000,0.00418496,0.00110997,0.00000000,0.00000000,0.00000000,0.01361320,0.00000000,0.00000000,0.00000000,0.00000000,0.00000000,0.00000000,0.00000000,0.00000000,0.00000000,0.20522289,0.00000000,0.00000000,0.00000000,0.00000000,0.00876098,0.00000000,0.00000000,0.00000000,0.00000000,0.01591436,0.00000000,0.00000000,0.00000000,0.07010138,0.00000000,0.00000000,0.00000000,0.03854902,0.00000000,0.00000000,0.00000000,0.00000000,0.00000000,0.00000000,0.00240938,0.00000000,0.00000000,0.00000000,0.00000000,0.00000000,0.00000000,0.00000000,0.00377613,0.00000000,0.00000000,0.00000000,0.00000000,0.00000000,0.00000000,0.01022177,0.00000000,0.00000000,0.00000000,0.00000000,0.00000000,0.00000000,0.00000000,0.00000000,0.00000000,0.00000000,0.00000000,0.00000000,0.00000000,0.00000000,0.04302509,0.00000000,0.00000000,0.01123327,0.00000000,0.00000000,0.00000000,0.00000000,0.00000000,0.00000000,0.00000000,0.00000000,0.00000000,0.00000000,0.00000000,0.00000000,0.00000000,0.00000000,0.00000000,0.00000000,0.00000000,0.00000000,0.00000000,0.00198119,0.00000000,0.00000000,0.00000000,0.00000000,0.01655966,0.00000000,0.00000000,0.00000000,0.36178920,0.00000000,0.00000000,0.00000000,0.00000000,0.00000000,0.00000000,0.00000000,0.00000000,0.00000000,0.00000000,0.00000000,0.00000000,0.00199717,0.00000000,0.05902675,0.00000000,0.00000000,0.00000000,0.00000000,0.00000000,0.00000000,0.00000000,0.00000000,0.00000000,0.00554739,0.00000000,0.00000000,0.00000000,0.00000000,0.00000000,0.00000000,0.00000000,0.00000000,0.00000000,0.00000000,0.00000000,0.00000000,0.00000000,0.00000000,0.00000000,0.00000000,0.00000000,0.00000000,0.00000000,0.00000000,0.00000000,0.00000000,0.00000000,0.00000000,0.00000000,0.00000000,0.00000000,0.00000000,0.00000000,0.00000000,0.00000000,0.00000000,0.00000000,0.00000000,0.00000000,0.00000000,0.00000000,0.00000000,0.02264460,0.00000000,0.00000000,0.00000000,0.00000000,0.00000000,0.00000000,0.00000000,0.00000000,0.00000000,0.00000000,0.00816112,0.00161095,0.03786512,0.00000000,0.00000000,0.00000000,0.00000000,0.02452153,0.00000000,0.00000000,0.00000000,0.00000000,0.00000000,0.00000000,0.00444896,0.00658025,0.00781799,0.00000000,0.00622706,0.00000000,0.00000000,0.00000000,0.00000000,0.00000000,0.00000000,0.00000000,0.00000000,0.00000000,0.00000000,0.00000000,0.00000000,0.00000000,0.00000000,0.00000000,0.00000000,0.00000000,0.11019632,0.00000000,0.00000000,0.00000000,0.00000000,0.01850060,0.00000000,0.00000000,0.00000000,0.00000000,0.00000000,0.00000000,0.00587554,0.00000000,0.00000000,0.00000000,0.00000000,0.00000000,0.00185406,0.00000000,0.00000000,0.05650026,0.00000000,0.00000000,0.00000000,0.00000000,0.00000000,0.00000000,0.07310761,0.28819022,0.00000000,0.00000000,0.00000000,0.00000000,0.00000000,0.00000000,0.00000000,0.00000000,0.00000000,0.03401528,0.00000000,0.00538969,0.00000000,1.36645721,0.00000000,0.00000000,0.00773145,0.00000000,0.00000000,0.00000000,0.00000000,0.00000000,0.00000000,0.00000000,0.00000000,0.00000000,0.00000000,0.00000000,0.00000000,0.01293950,0.00083465,0.00000000,0.00000000,0.00000000,0.21850048,0.00000000,0.00000000,0.00223718,0.00000000,0.00000000,0.00000000,0.00000000,0.00000000,0.00000000,0.00000000,0.00000000,0.00000000,0.00000000,0.00000000,0.00000000,0.00000000,0.00000000,0.03436461,0.00000000,0.00000000,0.00000000,0.00000000,0.00392540,0.00000000,0.00000000,0.00000000,0.00000000,0.00000000,0.00000000,0.00000000,0.00000000,0.00000000,0.00000000,0.00000000,0.00000000,0.00000000,0.00000000,0.00000000,0.00000000,0.00108556,0.00000000,0.00000000,0.00000000,0.00000000,0.00000000,0.00000000,0.00688095,0.00000000,0.04186718,0.00000000,0.00139529,0.00000000,0.00000000,0.00000000,0.00000000,0.00000000,0.00000000,0.00000000,0.00000000,0.00000000,0.00000000,0.00082695,0.00000000,0.00000000,0.00000000,0.00000000,0.00000000,0.00000000,0.00398483,0.00000000,0.00000000,0.00000000,0.00000000,0.00000000,0.00000000,0.00000000,0.00000000,0.00000000,0.00000000,0.00000000,0.00000000,0.00000000,0.00000000,0.00000000,0.00000000,0.00000000,0.00000000,0.00000000,0.00000000,0.00000000,0.00000000,0.00000000,0.00000000,0.00000000,0.00000000,0.00000000,0.00000000,0.00000000,0.00000000,0.00000000,0.00000000,0.00000000,0.00000000,0.00000000,0.00000000,0.00000000,0.00000000,0.00000000,0.00000000,0.00000000,0.00674071,0.00000000,0.00000000,0.00000000,0.00000000,0.00000000,0.00000000,0.00000000,0.00000000,0.00000000,0.00000000,0.00562290,0.00000000,0.00000000,0.00000000,0.00000000,0.00000000,0.00000000,0.00000000,0.00000000,0.00000000,0.00000000,0.00000000,0.00000000,0.00379531,0.00000000,0.01101817,0.00000000,0.00000000,0.00000000,0.00000000,0.00000000,0.00000000,0.00000000,0.00123459,0.00000000,0.00000000,0.00182337,0.00050032,0.00000000,0.00000000,0.00000000,0.00000000,0.02572789,0.00000000,0.00000000,0.00000000,0.00000000,0.00000000,0.00000000,0.00330718,0.00000000
0.00000000,0.00000000,0.00000000,0.00000000,0.00000000,0.00000000,0.00000000,0.00000000,0.00000000,0.00000000,0.00000000,0.00000000,0.00000000,0.00000000,0.00000000,0.00697536,0.00000000,0.00000000,0.00000000,0.00000000,0.00000000,0.00000000,0.00000000,0.00000000,0.00000000,0.00000000,0.00000000,0.00000000,0.00000000,0.00000000,0.00000000,0.00000000,0.00000000,0.00000000,0.00000000,0.00000000,0.00000000,0.00000000,0.00000000,0.00107716,0.00000000,0.00000000,0.00000000,0.00320025,0.00000000,0.00000000,0.00000000,0.00000000,0.00387563,0.00890240,0.00000000,0.00000000,0.00000000,0.00000000,0.00000000,0.00000000,0.00000000,0.00000000,0.00709298,0.00000000,0.00000000,0.00000000,0.00000000,0.00000000,0.00000000,0.00000000,0.00000000,0.00000000,0.00000000,0.00216623,0.00000000,0.00000000,0.00000000,0.00000000,0.00000000,0.00000000,0.00000000,0.00000000,0.00000000,0.00000000,0.00000000,0.00000000,0.00000000,0.91188586,0.00000000,0.00000000,0.00336678,0.00000000,0.00000000,0.00000000,0.00000000,0.00000000,0.01067710,0.00000000,0.00000000,0.00000000,0.00000000,0.00000000,0.00000000,0.00000000,0.01634044,0.00000000,0.01288715,0.00000000,0.00000000,0.00000000,0.13511193,0.00000000,0.00833726,0.00000000,0.00000000,0.00000000,0.00000000,0.00000000,0.00000000,0.00000000,0.00000000,0.00000000,0.00000000,0.00257874,0.00000000,0.00000000,0.00000000,0.00000000,0.00000000,0.00000000,0.00000000,0.00000000,0.00000000,0.00000000,0.00000000,0.00000000,0.00000000,0.00000000,0.01019812,0.00000000,0.00000000,0.00000000,0.00000000,0.00000000,0.00000000,0.00000000,0.00000000,0.00000000,0.00000000,0.00000000,0.00000000,0.00000000,0.00000000,0.00000000,0.00000000,0.00000000,0.00000000,0.02757463,0.00000000,0.15477354,0.00000000,0.00000000,0.00000000,0.00000000,0.00000000,0.05126128,0.00677318,0.00000000,0.00000000,0.00000000,0.00000000,0.00000000,0.00000000,0.00000000,0.00000000,0.00000000,0.00000000,0.00000000,0.00000000,0.00000000,0.00000000,0.00000000,0.00000000,0.00000000,0.00000000,0.00000000,0.00000000,0.00397673,0.00000000,0.00000000,0.03183131,0.00000000,0.00000000,0.00000000,0.00000000,0.00000000,0.00000000,0.01229456,0.00000000,0.00000000,0.00000000,0.29538385,0.00000000,0.00000000,0.00000000,0.00000000,0.00000000,0.00000000,0.00000000,0.01393215,0.00000000,0.00000000,0.00000000,0.00000000,0.00000000,0.00000000,1.19030369,0.00000000,0.00000000,0.00000000,0.08187045,0.01481684,0.00000000,0.00000000,0.00000000,0.00000000,0.00000000,0.00000000,0.00000000,0.01229279,0.00000000,0.00000000,0.00000000,0.00000000,0.00000000,0.00000000,0.00661140,0.00000000,0.00000000,0.00000000,0.00000000,0.00000000,0.00248614,0.02011171,0.00000000,0.00000000,0.00000000,0.00000000,0.00000000,0.00000000,0.02762270,0.00000000,0.00000000,0.00000000,0.00000000,0.00000000,0.00000000,0.00000000,0.00000000,0.00000000,0.00000000,0.00000000,0.00000000,0.00000000,0.62449513,0.00510189,0.03800365,0.00000000,0.00000000,0.00000000,0.00000000,0.00000000,0.00000000,0.00000000,0.00000000,0.00108540,0.00000000,0.00332965,0.00000000,0.01156725,0.00000000,0.00955822,0.00000000,0.00126192,0.00000000,0.12969206,0.00000000,0.00000000,0.00000000,0.00000000,0.00000000,0.00000000,0.00000000,0.00000000,0.00000000,0.00000000,0.00000000,0.04515942,0.00000000,0.00000000,0.00000000,0.01500682,0.00000000,0.00000000,0.00000000,0.00605194,0.00000000,0.00000000,0.00000000,0.00000000,0.00000000,0.00000000,0.00000000,0.00000000,0.00000000,0.00000000,0.00000000,0.18272584,0.00000000,0.00000000,0.00000000,0.00000000,0.00000000,0.00000000,0.02809882,0.00000000,0.00000000,0.00000000,0.00000000,0.00000000,0.00000000,0.00608962,0.00362833,0.00000000,0.00000000,0.00000000,0.00000000,0.00000000,0.01399936,0.00000000,0.00000000,0.00000000,0.00000000,0.00000000,0.00000000,0.00000000,0.04000108,0.00000000,0.00000000,0.00000000,0.00000000,0.00000000,0.00000000,0.00000000,0.00000000,0.00000000,0.00000000,0.00495979,0.00000000,0.00000000,0.00000000,0.00000000,0.00000000,0.00000000,0.00000000,0.00000000,0.00000000,0.00000000,0.00000000,0.00000000,0.00000000,0.00000000,0.00000000,0.00000000,0.00000000,0.00000000,0.00000000,0.00000000,0.00000000,0.00000000,0.00000000,0.00000000,0.00000000,0.00000000,0.00000000,0.00000000,0.00000000,0.00000000,0.00000000,0.02078526,0.00000000,0.00000000,0.00000000,0.00000000,0.00000000,0.00000000,0.00000000,0.00000000,0.00000000,0.00000000,0.00000000,0.00000000,0.00000000,0.00000000,0.00000000,0.00000000,0.01921131,0.00000000,0.00000000,0.00977207,0.00000000,0.00000000,0.00000000,0.00000000,0.00000000,0.00000000,0.00000000,0.00000000,0.00000000,0.00000000,0.00123709,0.00000000,0.00000000,0.00000000,0.00000000,0.00000000,0.09535027,0.00000000,0.00000000,0.01566876,0.00000000,0.00000000,0.00000000,0.00000000,0.00000000,0.00000000,0.00000000,0.00000000,0.00000000,1.13527382,0.10378900,0.00000000,0.00000000,0.00000000,0.00000000,0.00000000,0.00000000,0.00000000,0.00000000,0.00000000,0.00071184,0.00000000,0.00000000,0.00000000,0.00000000,0.00000000,0.00000000,0.00000000,0.00793124,0.00000000,0.00000000,0.00000000,0.00000000,0.31489136,0.00000000,0.00720604,0.00000000,0.00000000,0.00000000,0.00000000,0.00000000,0.00000000,0.00000000,0.00000000,0.00000000,0.00000000,0.00000000,0.00000000,0.04767594,0.00000000,0.00000000,0.00000000,0.00000000,0.00655468,0.00000000,0.00283265,0.00000000,0.00000000,0.00000000,0.00000000,0.09182104,0.00000000,0.00000000,0.00000000,0.00000000,2.27801076,0.00000000,0.00312979,0.00423285,0.00000000,0.00000000,0.00000000,0.00000000,0.00000000,0.02294997,0.00000000,0.00000000,0.00000000,0.03549788,0.00000000,0.00000000,0.00000000,0.00000000,0.00000000,0.00000000,0.00000000,0.00000000,0.00000000,0.00000000,0.00000000,0.00000000,0.00000000,0.00000000,0.00000000,0.01127159,0.00000000,0.01209271,0.01511610,0.00000000,0.00000000,0.00000000,0.00000000,0.00000000,0.00000000,0.00000000,0.00000000,0.00000000,0.00000000,0.00000000,0.00000000,0.00000000,0.00000000,0.00000000,0.00000000,0.00252098,0.00000000,0.00000000,0.00132310,0.00000000,0.00000000,0.00000000,0.00000000,0.00000000,0.00000000,0.00000000,0.00000000,0.02378489,0.00000000,0.00000000,0.00000000,0.00000000,0.00000000,0.00000000,0.00000000,0.00000000,0.00000000,0.00000000,0.02881500,0.00000000,0.00000000,0.00000000,0.00000000,0.00000000,0.00000000,0.00000000,0.02049343,0.00000000,0.03696017,0.00000000,0.00000000,0.00000000,0.00000000,0.00000000,0.00000000,0.00759429,0.00000000,0.00000000,0.00000000,0.00000000,0.00000000,0.00653857,0.00000000,0.00000000,0.00000000,0.00000000,0.00000000,0.00000000,0.00000000,0.00000000,0.00000000,0.00000000,0.00000000,0.00000000,0.00000000,0.00000000,0.00969090,0.00000000,0.00000000,0.00000000,0.00000000,0.00323889,0.00000000,0.00650541,0.00000000,0.00000000,0.00000000,0.00917320,0.00000000,0.00000000,0.00000000,0.00000000,0.00083498,0.00773145,0.00000000,0.00000000,0.00000000,0.00000000,0.00000000,0.00000000,0.00000000,0.00000000,0.00000000,0.00000000,0.00000000,0.00000000,0.00000000,0.00000000,0.00000000,0.00000000,0.00000000,0.00000000,0.00000000,0.00000000,0.00000000,0.00000000,0.00000000,0.00000000,0.00000000,0.00000000,0.00000000,0.00000000,0.00000000,0.00000000,0.00000000,0.00642708,0.05717960,0.00000000,0.00000000,0.00000000,0.05552237,0.00000000,0.00000000,0.00000000,0.00000000,0.00000000,0.00000000,0.00000000,0.00000000,0.00000000,0.00000000,0.00000000,0.00000000,0.01368617,0.00000000,0.00000000,0.00000000,0.00000000,0.00000000,0.00000000,0.00000000,0.02991236,0.00000000,0.00000000,0.00000000,0.00000000,0.00000000,0.00000000,0.01996579,0.00000000,0.00000000,0.00000000,0.00000000,0.00000000,0.00000000,0.00000000,0.00000000,0.05289354,0.00000000,0.00000000,0.00000000,0.00000000,0.00000000,0.01868628,0.00000000,0.01598131,0.00000000,0.00000000,0.00000000,0.00000000,0.00000000,0.00727052,0.00604145,0.00000000,0.00000000,0.00000000,0.00000000,0.00000000,0.00000000,0.00000000,0.00000000,0.00000000,0.00000000,0.00000000,0.00394594,0.00000000,0.00000000,0.00000000,0.00000000,0.00000000,0.00000000,0.00000000,0.00000000,0.00000000,0.00204978,0.00000000,0.00000000,0.00000000,0.00000000,0.00000000,0.00000000,0.00000000,0.00000000,0.00805363,0.00054891,0.00000000,0.00000000,0.00000000,0.00000000,0.00531078,0.00000000,0.00000000,0.00000000,0.00000000,0.00000000,0.00000000,0.00000000,0.00000000,0.00000000,0.01392395,0.00000000,0.00000000,0.00000000,0.00000000,0.00000000,0.00000000,0.00000000,0.00000000,0.00000000,0.00000000,0.00000000,0.00000000,0.00000000,0.00000000,0.00000000,0.00000000,0.00000000,0.00000000,0.00000000,0.00000000,0.01801297,0.00000000,0.06739562,0.01193684,0.00000000,0.00000000,0.00000000,0.00000000,0.00000000,0.00250114,0.00000000,0.00000000,0.00000000,0.00000000,0.00000000,0.00000000,0.00307306,0.00000000,0.00437838,0.00816499,0.00000000,0.00000000,0.00000000,0.00000000,0.00000000
0.00000000,0.00000000,0.00000000,0.01542445,0.00000000,0.00212665,0.00000000,0.00000000,0.00000000,0.00000000,0.00000000,0.00000000,0.00000000,0.01497683,0.00000000,0.00000000,0.00000000,0.00000000,0.00000000,0.00000000,0.00000000,0.00000000,0.00000000,0.00000000,0.00123196,0.00000000,0.00000000,0.00000000,0.00000000,0.00000000,0.00527970,0.00000000,0.00000000,0.01566762,0.00000000,0.00000000,0.00000000,0.00000000,0.00000000,0.00000000,0.00000000,0.00000000,0.00000000,0.00000000,0.00000000,0.00000000,0.00000000,0.00000000,0.00000000,0.00000000,0.00000000,0.00000000,0.00000000,0.00000000,0.00000000,0.00000000,0.00000000,0.00000000,0.00000000,0.00000000,0.00000000,0.00000000,0.00000000,0.00000000,0.12247142,0.00000000,0.00000000,0.00000000,0.01083410,0.00000000,0.01129605,0.00154410,0.00000000,0.00000000,0.02680070,0.00000000,0.00000000,0.00000000,0.00000000,0.00000000,0.00000000,0.00615149,0.00000000,0.00000000,0.00000000,0.00000000,0.00000000,0.00000000,0.00000000,0.04451495,0.00000000,0.00000000,0.00000000,0.00000000,0.00000000,0.00000000,0.00000000,0.00000000,0.00000000,0.01265507,0.00000000,0.00000000,0.00000000,0.00000000,0.00000000,0.00000000,0.00000000,0.00000000,0.00000000,0.00000000,0.00000000,0.00000000,0.00000000,0.00000000,0.00000000,0.00000000,0.00000000,0.00000000,0.00000000,0.00000000,0.00000000,0.00000000,0.00000000,0.00000000,0.00000000,0.00000000,0.00381423,0.00000000,0.00000000,0.00000000,0.00000000,0.00000000,0.00000000,0.00000000,0.00000000,0.00000000,0.00000000,0.00000000,0.00000000,0.00263495,0.00000000,0.00000000,0.00000000,0.00000000,0.00000000,0.00000000,0.00000000,0.02933127,0.00000000,0.00314593,0.00000000,0.00818395,0.00000000,0.00000000,0.00000000,0.00000000,0.00000000,0.00000000,0.00000000,0.00000000,0.00000000,0.00000000,0.00000000,0.00000000,0.00000000,0.00000000,0.00000000,0.02982171,0.00000000,0.00816048,0.00000000,0.00000000,0.00000000,0.00000000,0.00000000,0.00000000,0.00000000,0.00000000,0.00000000,0.00000000,0.00000000,0.00234551,0.00000000,0.00000000,0.00000000,0.00000000,0.00000000,0.00000000,0.00000000,0.00000000,0.00000000,0.00294493,0.00000000,0.00000000,0.00000000,0.00000000,0.00000000,0.00000000,0.00000000,0.00000000,0.00000000,0.00000000,0.01127138,0.00000000,0.00000000,0.00000000,0.00000000,0.00000000,0.00000000,0.00000000,0.00000000,0.02512572,0.00000000,0.00000000,0.00000000,0.00000000,0.00940646,0.00000000,0.00000000,0.00000000,0.00000000,0.00000000,0.00000000,0.00000000,0.00000000,0.00000000,1.48834431,0.00000000,0.00000000,0.00000000,0.00000000,0.00000000,0.00000000,0.00000000,0.00000000,0.00000000,0.00000000,0.00000000,0.00000000,0.00000000,0.00000000,0.00000000,0.00000000,0.00000000,0.00000000,0.00000000,0.00000000,0.00208151,0.00000000,0.00000000,0.00000000,0.00000000,0.00000000,0.00000000,0.00000000,0.00000000,0.00000000,0.00000000,0.00000000,0.00000000,0.00000000,0.00000000,1.34741012,0.01003761,0.00000000,0.00000000,0.00000000,0.20774404,0.03203913,0.00000000,0.00000000,0.00000000,0.00000000,0.00000000,0.00000000,0.00000000,0.00000000,0.00343340,0.00000000,0.00508929,0.00000000,0.00000000,0.29210191,0.00000000,0.00000000,0.00000000,0.00000000,0.00000000,0.02176690,0.00000000,0.03258780,0.00000000,0.00000000,0.00000000,0.00000000,0.00000000,0.00000000,0.00647265,0.00000000,0.00000000,0.00000000,0.00000000,0.00000000,0.00279961,0.26817686,0.00000000,0.00000000,0.00000000,0.00000000,0.00000000,0.00000000,0.00000000,0.01040180,0.00000000,0.00149685,0.14216202,0.00092547,0.00000000,0.00000000,0.00000000,0.00000000,0.00096437,0.00000000,0.00000000,0.00000000,0.00177327,0.00000000,0.00000000,0.09961505,0.00000000,0.00000000,0.00000000,0.00000000,0.00000000,0.00000000,0.00000000,0.00000000,0.00000000,0.01270984,0.00000000,0.00306546,0.00000000,0.00000000,0.00000000,0.00000000,0.00000000,0.03542045,0.00000000,0.00000000,0.00000000,0.01006736,0.00000000,0.00000000,0.00000000,0.00000000,0.00000000,0.00000000,0.01016712,0.00000000,0.00000000,0.00000000,0.00000000,0.04176259,0.12541585,0.00000000,0.00333389,0.00000000,0.00000000,0.00000000,0.00000000,0.00720881,0.00000000,0.00000000,0.00000000,0.00000000,0.00000000,0.00000000,0.00000000,0.00000000,0.00704973,0.00000000,0.00000000,0.00000000,0.00000000,0.00000000,0.00000000,0.00000000,0.00231016,0.00000000,0.00000000,0.02127629,0.00000000,0.00000000,0.00440066,0.00000000,0.00000000,0.00000000,0.00000000,0.00000000,0.00000000,0.00000000,0.00000000,0.00000000,0.00000000,0.00000000,0.00000000,0.00000000,0.00715489,0.00000000,0.06010138,0.00000000,0.00000000,0.00000000,0.00050183,0.00000000,0.00000000,0.00000000,0.00000000,0.00000000,0.00000000,0.00947797,0.00000000,0.00000000,0.00000000,0.00000000,0.00000000,0.00000000,0.00000000,0.00000000,0.00000000,0.00000000,0.00000000,0.00000000,0.00000000,0.00000000,0.00000000,0.00000000,0.00000000,0.00000000,0.00000000,0.00000000,0.00000000,0.00000000,1.43405768,0.00000000,0.00000000,0.00322091,0.00000000,0.02702738,0.00000000,0.00000000,0.00000000,0.00000000,0.00000000,0.00000000,0.00000000,0.00000000,0.00000000,0.00000000,0.00000000,0.00000000,0.00000000,0.28395830,0.00311188,0.00000000,0.00000000,0.00000000,0.00000000,0.00000000,0.00000000,0.00000000,0.00000000,0.00000000,0.00000000,0.00000000,0.00000000,0.00000000,0.00000000,0.00000000,0.01843393,0.00000000,0.00000000,0.00000000,0.00000000,0.00000000,0.00000000,0.00000000,0.00000000,0.00000000,0.00000000,0.00000000,0.00000000,0.00000000,0.00000000,0.00000000,0.00000000,0.00000000,0.00000000,0.00000000,0.01945523,0.00000000,0.00000000,0.00000000,0.00000000,0.00000000,0.00000000,0.00000000,0.00000000,0.00000000,0.00161435,0.00672259,0.00000000,0.00000000,0.00000000,0.00000000,0.00000000,0.00000000,0.00000000,0.00000000,0.00000000,0.00000000,0.00000000,0.00000000,0.00000000,0.00000000,0.00000000,0.08749763,0.00000000,0.00000000,0.00000000,0.00000000,0.00000000,0.00000000,0.00000000,0.00000000,0.00000000,0.01496000,0.00000000,0.00000000,0.96081665,0.00000000,0.00000000,0.00000000,0.00000000,0.00317244,0.00000000,0.00000000,0.00000000,0.00000000,0.01855709,0.00000000,0.00000000,0.00000000,0.00000000,0.00000000,0.00000000,0.00000000,0.00000000,0.00000000,0.00000000,0.00097733,0.00000000,0.00000000,0.00000000,0.00000000,0.01741528,0.00000000,0.00000000,0.00000000,0.00000000,0.00000000,0.00000000,0.02120162,0.00000000,0.00000000,0.00000000,0.00000000,0.00000000,0.00000000,0.00000000,0.00000000,0.00000000,0.00000000,0.00000000,0.00000000,0.00000000,0.00000000,0.00000000,0.00000000,0.00000000,0.00556887,0.00000000,0.00000000,0.00000000,0.00000000,0.00000000,0.00000000,0.00000000,0.00000000,0.00000000,0.00000000,0.00884530,0.00216764,0.00000000,0.00000000,0.00000000,0.00000000,0.00000000,0.00000000,0.00000000,0.01136555,0.00000000,0.00000000,0.00000000,1.13028092,0.00000000,0.00000000,0.00000000,0.00000000,0.00000000,0.00000000,0.00000000,0.00000000,0.00000000,0.00000000,0.00000000,0.01471319,0.00545291,0.00000000,0.00000000,0.54439376,0.00000000,0.00000000,0.00000000,0.00000000,0.00000000,0.00000000,0.00000000,0.03145428,0.00000000,0.00000000,0.00000000,0.00000000,0.00000000,0.01148500,0.00000000,0.00000000,0.00000000,0.00000000,0.01488524,0.00000000,0.00000000,0.00200711,0.00000000,0.01414734,0.00000000,0.00000000,0.00000000,0.00000000,0.00000000,0.00000000,0.00000000,0.00251418,0.00000000,0.00000000,0.00000000,0.00000000,0.00000000,0.00000000,0.23163262,0.00000000,0.00000000,0.00111642,0.00000000,0.00000000,0.00000000,0.00000000,0.00000000,0.00000000,0.00000000,0.00000000,0.00000000,0.00000000,0.01592041,0.00000000,0.00000000,0.00000000,0.00000000,0.00000000,0.00000000,0.00000000,0.00000000,0.00000000,0.00000000,0.06007080,0.00000000,0.00000000,0.00000000,0.00000000,0.00000000,0.00000000,0.00000000,0.00000000,0.00000000,0.00000000,0.00000000,0.00000000,0.00000000,0.00000000,0.07530758,0.00000000,0.00000000,0.00000000,0.00000000,0.00000000,0.00000000,0.00000000,0.00000000,0.00000000,0.00000000,0.00000000,0.00601970,0.00000000,0.00643732,0.00000000,0.00000000,0.00000000,0.00000000,0.00000000,0.00000000,0.00000000,0.00000000,0.00000000,0.00000000,0.01995144,0.00000000,0.00000000,0.00000000,0.00000000,0.00000000,0.00000000,0.00000000,0.00000000,0.00000000,0.00000000,0.00000000,0.00000000,0.00587070,0.00000000,0.00000000,0.00000000,0.00000000,0.00000000,0.00000000,0.00000000,0.00000000,0.01154768,0.00000000,0.00000000,0.00000000,0.01991040,0.00000000,0.00000000,0.00000000,0.00000000,0.00311640,0.00000000,0.02602613,0.00000000,0.00000000,0.00000000,0.00000000,0.00000000,0.00000000,0.00000000,0.00475325,0.00000000,0.00000000,0.00000000,0.00000000,1.17440875,0.00000000,0.01020819,0.01306428,0.00000000,0.00000000,0.00000000,0.00000000,0.00000000,0.01690279,0.00000000,0.00261879,0.00000000,0.00000000,0.00000000,0.00000000,0.00000000,0.00000000,0.00000000,0.00000000
0.00000000,0.00000000,0.00000000,0.00000000,0.00000000,0.00000000,0.00443453,0.00000000,0.04151087,0.00000000,0.00000000,0.00000000,0.00202376,0.00000000,0.00000000,0.00000000,0.00000000,0.00000000,0.00000000,0.00000000,0.00000000,0.00665374,0.01605104,0.00000000,0.04040574,0.00000000,0.00000000,0.00000000,0.00000000,0.00000000,0.00000000,0.00000000,0.00000000,0.00000000,0.00000000,0.17633413,0.00000000,0.00000000,0.00000000,0.00000000,0.00242064,0.00000000,0.00000000,0.00000000,0.00000000,0.00000000,0.00000000,0.05185948,0.00000000,0.00000000,0.00000000,0.00000000,0.00000000,0.00000000,0.00000000,0.00000000,0.00000000,0.00000000,0.00000000,0.00000000,0.00000000,0.00325138,0.00000000,0.00000000,0.00000000,0.00000000,0.03570450,0.00000000,0.00000000,0.00000000,0.00000000,0.00000000,0.00358276,0.00000000,0.05379203,0.00000000,0.00000000,0.00000000,0.00144354,0.04955890,0.00000000,0.00000000,0.00000000,0.00000000,0.00000000,0.00000000,0.00000000,0.00000000,0.00000000,0.00000000,0.00000000,0.00000000,0.00000000,0.19495306,0.00000000,0.00000000,0.00000000,0.00000000,0.00000000,0.05154970,0.00000000,0.00000000,0.00000000,0.00000000,0.00000000,0.00000000,0.00000000,0.00000000,0.00000000,0.03508999,0.00000000,0.00000000,0.00000000,0.00000000,0.00000000,0.00000000,0.00794310,0.00000000,0.00000000,0.00761844,0.00000000,0.00000000,0.00000000,0.00000000,0.00000000,0.00000000,0.00000000,0.00000000,0.00000000,0.00000000,0.00000000,0.00949321,0.00000000,0.02609241,0.00000000,0.00000000,0.00982259,0.00000000,0.00000000,0.00000000,0.00000000,0.00000000,0.00316644,0.00000000,0.00000000,0.00368841,0.00000000,0.00000000,0.01087270,0.00000000,0.00000000,0.00749441,0.00000000,0.00000000,0.00000000,0.00000000,0.00000000,0.00000000,0.00000000,0.00000000,0.00000000,0.00000000,0.00000000,0.00000000,0.00000000,0.00000000,0.00000000,0.00000000,0.00000000,0.00000000,0.00000000,0.00000000,0.02745880,0.10706092,0.00000000,0.00072509,0.00000000,0.00000000,0.00000000,0.00000000,0.00000000,0.00000000,0.07216090,0.00000000,0.00000000,0.00000000,0.00000000,0.00000000,0.00000000,0.00000000,0.00000000,0.00000000,0.00000000,0.00000000,0.00000000,0.00000000,0.00000000,0.00000000,0.00000000,0.00000000,0.00207504,0.00000000,0.00000000,0.00000000,0.00000000,0.00430359,0.00000000,0.00000000,0.00000000,0.00000000,0.00000000,0.00000000,0.00000000,0.00000000,0.00000000,0.00000000,0.00000000,0.00000000,0.00000000,0.00073333,0.00000000,0.00000000,0.00245349,0.00000000,0.00000000,0.00000000,0.00000000,0.00000000,0.00000000,0.00000000,0.00347646,0.00000000,0.00000000,0.00000000,0.00000000,0.00404319,0.00000000,0.00684444,0.00000000,0.00419616,0.00000000,0.00000000,0.00000000,0.00106565,0.00000000,0.00000000,0.00000000,0.00000000,0.00000000,0.00000000,0.00000000,0.00000000,0.00000000,0.00000000,0.00000000,0.00000000,0.00000000,0.00000000,0.00000000,0.00000000,0.00000000,0.00000000,0.00000000,0.00000000,0.00000000,0.00000000,0.05957852,0.00000000,0.00000000,0.00000000,0.00000000,0.01209966,0.00459151,0.00269439,0.00000000,0.00000000,0.00426099,0.00000000,0.00000000,0.00000000,0.00000000,0.00000000,0.00000000,0.00000000,0.00000000,0.00000000,0.01221804,0.00000000,0.00000000,0.00000000,0.00000000,0.00000000,0.00000000,0.01209542,0.00000000,0.00000000,0.00000000,0.02056078,0.00148192,0.00000000,0.00000000,0.00000000,0.00000000,0.00000000,0.00000000,0.00000000,0.00000000,0.00000000,0.00000000,0.00000000,0.00000000,0.00000000,0.00000000,0.00000000,0.00000000,0.00000000,0.00000000,0.00000000,0.00000000,0.00000000,0.00000000,0.00000000,0.00000000,0.00000000,0.00000000,0.00000000,0.00000000,0.00000000,0.00000000,0.00000000,0.00000000,0.00000000,0.00000000,0.00000000,0.00000000,0.00000000,0.00570897,0.00000000,0.00000000,0.00000000,0.00000000,0.00000000,0.00000000,0.00000000,0.00000000,0.00000000,0.00000000,0.00000000,0.00000000,0.00000000,0.00000000,0.00000000,0.00000000,0.00000000,0.00000000,0.00000000,0.00000000,0.00000000,0.00000000,0.00000000,0.00000000,0.00000000,0.00000000,0.00000000,0.00000000,0.00000000,0.00000000,0.00000000,0.00000000,0.00000000,0.00000000,0.00000000,0.00000000,0.00000000,0.00000000,0.00000000,0.00000000,0.00000000,0.49256644,0.00000000,0.00000000,0.00000000,0.00000000,0.00000000,0.00000000,0.00000000,0.00000000,0.00635534,0.00000000,0.00000000,0.00000000,0.00000000,0.00000000,0.00000000,0.00000000,0.00000000,0.00000000,0.00000000,0.00000000,0.00000000,0.00000000,0.00000000,0.00000000,0.00000000,0.00000000,0.00000000,0.00000000,0.00000000,0.04575456,0.00000000,0.00000000,0.00000000,0.00000000,0.00922783,0.00000000,0.00000000,0.00000000,0.00000000,0.00000000,0.00000000,0.00000000,0.00000000,0.00464214,0.00000000,0.00000000,0.00000000,0.00000000,0.00000000,0.02589712,0.00000000,0.00000000,0.00000000,0.00000000,0.00000000,0.00000000,0.00606595,0.00000000,0.00000000,0.00000000,0.00000000,0.00000000,0.00000000,0.00000000,0.00000000,0.00000000,0.10041924,0.00000000,0.00000000,0.00000000,0.00000000,0.00000000,0.00000000,0.00000000,0.00100628,0.00000000,0.00000000,0.00000000,0.00000000,0.00000000,0.00000000,0.00000000,0.00000000,0.00000000,0.00000000,0.00000000,0.00000000,0.00000000,0.00000000,0.00000000,0.00000000,0.00000000,0.00000000,0.00000000,0.00497635,0.00000000,0.00000000,0.00000000,0.00000000,0.00000000,0.00000000,0.00000000,0.00000000,0.00000000,0.00000000,0.00000000,0.00000000,0.00000000,0.04013841,0.00000000,0.00000000,0.00000000,0.00000000,0.00000000,0.00000000,0.00196900,0.00000000,0.00000000,0.00000000,0.00000000,0.00000000,0.00000000,0.00000000,0.01722989,0.01521041,0.00000000,0.00000000,0.00000000,0.00000000,1.56894363,0.00000000,0.00000000,0.00000000,0.00000000,0.00000000,0.00000000,0.00000000,0.00000000,0.00000000,0.00000000,0.00000000,0.00000000,0.00000000,0.00000000,0.00000000,0.01617382,0.00083351,0.00000000,0.00700695,0.00000000,0.00000000,0.00000000,0.00000000,0.00000000,0.00000000,0.00000000,0.00000000,0.00000000,0.00000000,0.00000000,0.00000000,0.00000000,0.00313545,0.00000000,0.00000000,0.02850364,0.00000000,0.00000000,0.00000000,0.23275061,0.00000000,0.01185874,0.00000000,0.00000000,0.00000000,0.00000000,0.00000000,0.00520950,0.00000000,0.00000000,0.00760562,0.16509166,0.00000000,0.00000000,0.00000000,0.00000000,0.00000000,0.00000000,0.00000000,0.04501996,0.05968026,0.00000000,0.00000000,0.00000000,0.00000000,0.00000000,0.00000000,0.00000000,0.00000000,0.00000000,0.00000000,0.00000000,0.00000000,0.00000000,0.00000000,0.00257477,0.00000000,0.00000000,0.00000000,0.00000000,0.00000000,0.00000000,0.00000000,0.10555524,0.00531067,0.00278873,0.00000000,0.00000000,0.00432315,0.00000000,0.00000000,0.00000000,0.00000000,0.00000000,0.00000000,0.00000000,0.00000000,0.00000000,0.00000000,0.00000000,0.00000000,0.00000000,0.00000000,0.03788744,0.03130850,0.00000000,0.00000000,0.00000000,0.00000000,0.00000000,0.00000000,0.00000000,0.00000000,0.00000000,0.00000000,0.00000000,0.00000000,0.00000000,0.00000000,0.00000000,0.00000000,0.00000000,0.00000000,0.00000000,0.00000000,0.00618556,0.00000000,0.00251960,0.00000000,0.02637207,0.00000000,0.00000000,0.00000000,0.00000000,0.00000000,0.00000000,0.00139371,0.00000000,0.00000000,0.00000000,0.00144875,0.00000000,0.00000000,0.00000000,0.00000000,0.00000000,0.00000000,0.00000000,0.00000000,0.00000000,0.00461071,0.00000000,0.01222053,0.00000000,0.00000000,0.00000000,0.00000000,0.00000000,0.00000000,0.00000000,0.00000000,0.00000000,0.00000000,0.00613362,0.00000000,0.00852189,0.00000000,0.07362096,0.00000000,0.00000000,0.00000000,0.00762285,0.00000000,0.00000000,0.00000000,0.00000000,0.00487388,0.00000000,0.00000000,0.00399601,0.00000000,0.00000000,0.00000000,0.00000000,0.00000000,0.00000000,0.00000000,0.02119635,0.00000000,0.00000000,0.00000000,0.00000000,0.00376366,0.00000000,0.00000000,0.00000000,0.00000000,0.00000000,0.00000000,0.00000000,0.00000000,0.00000000,0.00000000,0.00000000,0.00000000,0.00000000,0.00000000,0.00343758,0.00000000,0.00000000,0.00000000,0.00000000,0.00000000,0.00000000,0.00644320,0.00000000,0.25022657,0.00805649,1.84031378,0.00000000,0.00000000,0.00000000,0.01456144,0.00000000,0.00000000,0.00000000,0.00000000,0.00000000,0.00000000,0.00000000,0.00000000,0.00000000,0.00000000,0.00000000,0.00000000,0.00000000,0.00000000,0.00000000,0.00669828,3.42716594,0.00000000,0.00000000,0.00417767,0.00000000,0.00000000,0.00000000,0.00000000,0.00000000,0.00000000,0.00000000,0.00000000,0.00000000,0.00000000,0.00000000,0.00000000,0.04008403,0.00000000,0.00000000,0.00000000,0.00759010,0.00000000,0.00000000,0.00000000,0.00000000,0.00000000,0.00000000,0.00820684,0.00000000,0.00000000,0.00000000,0.00000000,0.00000000,0.00000000,0.00165727,0.00000000,0.00000000,0.00000000,0.00000000,0.00000000,0.00000000,0.00000000,0.00000000,0.00000000,0.00000000,0.05734032,0.00000000,0.00233471,0.00000000,0.00000000,0.00000000,0.00000000
0.00000000,0.00000000,0.00152194,0.00000000,0.00000000,0.00000000,0.00000000,0.00358337,0.78592582,0.00124683,0.00000000,0.00000000,0.00000000,0.00000000,0.00000000,0.00000000,0.00000000,0.00000000,0.00000000,0.00000000,0.00000000,0.00000000,0.00000000,0.00000000,0.00000000,0.00209844,0.00000000,0.00000000,0.00000000,0.00000000,0.00000000,0.00000000,0.00000000,0.00000000,0.00000000,0.00000000,0.00000000,0.00000000,0.00000000,0.00000000,0.00000000,0.00000000,0.00000000,0.00000000,0.00000000,0.00000000,0.01547151,0.00000000,0.00000000,0.00000000,0.00000000,0.00703032,0.00000000,0.00000000,0.00000000,0.00000000,0.00000000,0.00000000,0.00000000,0.00000000,0.00372205,0.04557643,0.00000000,0.00000000,0.00000000,0.00000000,0.00000000,0.00000000,0.00000000,0.00000000,0.00000000,0.00000000,0.00000000,0.00000000,0.00000000,0.00000000,0.00109488,0.00000000,0.00000000,0.04208688,0.00000000,0.04357722,0.00000000,0.00000000,0.00000000,0.00000000,0.00000000,0.00000000,0.00215903,0.05370103,0.00000000,0.00000000,0.00000000,0.00000000,0.00000000,0.01870641,0.00000000,0.00000000,0.00000000,0.00000000,0.00000000,0.00000000,0.00000000,0.00000000,0.00000000,0.00000000,0.00000000,0.06258854,0.90973681,0.00000000,0.00000000,0.00000000,0.00000000,0.00000000,0.01262443,0.00000000,0.00000000,0.00000000,0.00000000,0.02015907,0.00000000,0.00000000,0.00157680,0.00000000,0.00000000,0.00000000,0.00000000,0.00000000,0.00000000,0.00000000,0.00000000,0.00000000,0.01220197,0.00000000,0.00000000,0.00000000,0.00000000,0.00000000,0.00000000,0.00000000,0.00000000,0.00000000,0.00000000,0.00000000,0.00000000,0.00000000,0.00000000,0.00000000,0.00000000,0.00000000,0.00000000,0.00000000,0.14606533,0.00000000,0.00000000,0.00000000,0.00000000,0.00000000,0.00000000,0.00000000,0.00000000,0.00000000,0.00771972,0.03064728,0.00000000,0.00000000,0.00000000,0.00000000,0.00000000,0.00000000,0.00000000,0.00537894,0.00000000,0.00000000,0.00000000,0.00000000,0.00000000,0.00000000,0.00000000,0.00000000,0.00997939,0.00000000,0.03782290,0.00000000,0.00477559,0.00000000,0.00000000,0.00000000,0.00000000,0.00000000,0.00000000,0.00431447,0.00000000,0.01053105,0.00000000,0.02490741,0.00000000,0.00000000,0.00000000,0.00000000,0.00000000,0.00000000,0.00212977,0.00000000,0.02661428,0.00000000,0.00000000,0.00000000,0.31254740,0.00000000,0.00190360,0.00000000,0.00412916,0.00000000,0.00000000,0.00000000,0.00119789,0.00442478,0.00000000,0.00000000,0.00000000,0.00000000,0.00000000,0.00000000,0.00762550,0.00000000,0.00070142,0.00000000,0.00000000,0.00000000,0.00000000,0.00000000,0.00000000,0.00000000,0.00000000,0.00000000,0.00000000,0.00000000,0.00000000,0.00000000,0.00000000,0.00000000,0.00000000,0.00000000,0.00000000,0.00000000,0.00000000,0.00000000,0.00000000,0.00000000,0.00000000,0.00000000,0.00000000,0.02034194,0.00000000,0.00000000,0.00000000,0.00000000,0.00000000,0.00000000,0.00000000,0.00000000,0.00000000,4.19160034,0.00000000,0.00000000,0.00000000,0.00000000,0.00000000,0.00000000,0.00000000,0.22406315,0.00000000,0.00000000,0.00000000,0.00000000,0.00000000,0.00000000,0.00000000,0.00000000,0.00000000,0.00000000,0.00000000,0.00000000,0.00000000,0.00112873,0.00000000,0.00000000,0.00000000,0.00000000,0.00000000,0.00000000,0.00000000,0.00000000,0.00000000,0.00393201,0.00000000,0.00000000,0.00660449,0.00000000,0.00000000,0.04361414,0.00000000,0.00000000,0.00000000,0.00000000,0.00000000,0.00000000,0.00000000,0.00000000,0.00000000,0.01136355,0.00000000,0.00000000,0.00000000,0.00000000,0.00000000,0.00365049,0.00000000,0.00000000,0.00000000,0.00000000,0.00000000,0.00000000,0.00622092,0.00000000,0.00000000,0.00000000,0.00000000,0.00000000,0.04784614,0.00000000,0.00000000,0.00000000,0.00000000,0.00000000,0.03469308,0.00000000,0.00000000,0.00000000,0.00000000,0.00000000,0.00000000,0.00000000,0.00000000,0.00000000,0.00000000,0.00000000,0.00000000,0.00000000,0.00000000,0.00000000,0.00292962,0.00000000,0.00000000,0.00000000,0.00316408,0.00000000,0.00000000,0.00000000,0.00000000,0.00000000,0.00000000,0.00000000,0.00000000,0.00000000,0.00000000,0.00000000,0.00000000,0.00000000,0.00000000,0.00000000,0.00000000,0.00000000,0.00000000,0.00000000,0.00045333,0.00000000,0.00000000,0.01132930,0.00000000,0.00000000,0.00000000,0.00506415,0.00000000,0.00000000,0.22477517,0.07654728,0.00000000,0.00000000,0.00000000,0.00000000,0.00000000,0.00000000,0.00000000,0.00000000,0.00000000,0.00000000,0.00000000,0.00460646,0.00000000,0.00377897,0.00000000,0.00000000,0.00000000,0.00000000,0.00000000,0.00000000,0.00000000,0.00000000,0.00000000,0.00000000,0.00000000,0.00000000,0.00000000,0.00000000,0.00000000,0.00000000,0.00000000,0.00000000,0.00000000,0.00000000,0.00227821,0.00000000,0.00000000,0.00000000,0.00000000,0.00000000,0.00000000,0.00374574,0.00000000,0.00000000,0.00000000,0.00000000,0.00000000,0.00000000,0.00000000,0.00743126,0.00000000,0.00000000,0.00000000,0.00000000,0.00000000,0.00000000,0.01841592,0.00000000,0.00000000,0.00000000,0.00000000,0.00000000,0.00000000,0.00000000,0.00000000,0.00000000,0.00000000,0.00000000,0.00000000,0.00000000,0.00000000,0.00000000,0.00000000,0.00000000,0.00000000,0.00000000,0.06413099,0.00000000,0.00000000,0.00000000,0.00000000,0.00000000,0.00324257,0.00000000,0.13227902,0.00000000,0.00000000,0.00000000,0.00000000,0.00234912,0.00000000,0.00064245,0.05001042,0.00000000,0.08207464,0.00000000,0.00000000,0.00000000,0.00000000,0.00000000,0.00000000,0.00000000,0.00000000,0.07462489,0.00000000,0.00000000,0.00000000,0.00000000,0.00000000,0.00000000,0.00000000,0.00000000,0.00000000,0.00000000,0.00000000,0.00000000,0.00000000,0.00000000,0.00000000,0.00000000,0.00000000,0.00000000,0.00000000,0.00000000,0.00000000,0.00000000,0.00000000,0.00000000,0.00000000,0.00000000,0.00000000,0.00000000,0.00000000,0.00000000,0.00000000,0.00092023,0.00000000,0.00187369,0.00000000,0.00000000,0.00000000,0.00000000,0.00000000,0.00000000,0.00851689,0.00000000,0.00000000,0.00000000,0.01009558,0.00000000,0.00000000,0.00000000,0.00000000,0.00000000,0.00000000,0.00000000,0.01812759,0.00000000,0.00000000,0.00521829,0.00000000,0.00000000,0.00000000,0.00000000,0.00000000,0.00000000,0.00000000,0.00000000,0.00000000,0.00000000,0.00000000,0.00878306,0.00000000,0.00000000,0.00000000,0.00000000,0.00000000,0.00000000,0.00000000,0.00000000,0.00000000,0.00000000,0.00000000,0.00000000,1.31198720,0.71748177,0.00000000,0.00000000,0.00000000,0.00000000,0.00000000,0.00000000,0.00000000,0.00000000,0.00000000,0.00000000,0.00000000,0.00000000,0.00000000,0.00000000,0.00000000,0.00000000,0.00000000,0.00000000,0.00000000,0.00000000,0.00000000,0.00000000,0.00000000,0.00000000,0.00000000,0.00000000,0.00000000,0.11033672,0.00000000,0.00000000,0.00000000,0.00000000,0.00000000,0.00000000,0.00000000,0.00000000,0.00000000,0.00000000,0.00000000,0.00000000,0.00000000,0.00000000,0.00000000,0.00000000,0.00000000,0.00000000,0.00000000,0.00000000,0.00000000,0.00000000,0.00000000,0.00000000,0.00000000,0.00000000,0.00000000,0.00000000,0.00000000,0.00000000,0.00000000,0.00000000,0.02061010,0.00000000,0.02065303,0.00000000,0.02314711,0.00000000,0.00000000,0.00000000,0.06326929,0.00000000,0.00000000,0.00000000,0.00000000,0.00000000,0.00000000,0.00000000,0.00068744,0.00000000,0.03258030,0.00000000,0.00609618,0.00000000,0.00000000,0.00000000,0.00000000,0.00375338,0.00000000,0.00000000,0.00000000,0.00000000,0.00000000,0.00427918,0.00000000,0.00000000,0.00000000,0.00000000,0.00000000,0.00000000,0.00000000,0.00483859,0.00000000,0.00000000,0.00000000,0.00000000,0.00000000,0.00000000,0.00904640,0.00000000,0.00000000,0.00000000,0.00000000,0.00000000,0.00000000,0.00000000,0.00000000,0.00771238,0.00000000,0.01211099,0.00000000,0.00000000,0.00000000,0.00000000,0.00000000,0.00479569,0.00000000,0.00000000,0.00000000,0.00000000,0.00000000,0.01369581,0.00000000,0.00000000,0.01036336,0.00000000,0.00000000,0.00000000,0.00000000,0.00189780,0.00000000,0.00000000,0.00000000,0.00000000,0.00000000,0.00000000,0.00000000,0.00000000,0.00000000,0.00000000,0.00000000,0.00000000,0.00182114,0.00000000,0.00000000,0.00000000,0.00000000,0.00000000,0.00571925,1.17040611,0.00000000,0.00000000,0.00000000,0.00000000,0.00000000,0.00995643,0.00000000,0.00000000,0.00000000,0.00000000,0.03156352,0.00000000,0.00000000,0.00000000,0.00000000,0.00568010,0.00000000,0.00000000,0.00000000,0.00000000,0.00000000,0.00000000,0.00000000,0.00000000,0.00000000,0.00000000,0.00000000,0.00000000,0.00000000,0.00000000,0.00000000,0.00000000,0.00629339,0.00882935,0.00000000,0.00000000,0.02986710,0.00000000,0.00000000,0.00000000,0.00127817,0.00967149,0.00000000,0.00000000,0.00000000,0.00000000,0.00000000,0.00000000,0.00000000,0.00000000,0.00000000,0.00000000,0.00000000,0.00000000,0.00000000,0.00000000,0.00000000,0.00000000,0.00000000,0.48540486,0.00085442,0.00307883,0.00000000,0.00000000,0.00000000,0.00000000,0.00000000,0.00000000
0.00000000,0.00000000,0.00000000,0.00000000,0.00000000,0.00000000,0.00000000,0.00000000,0.00000000,0.00000000,0.00000000,0.00000000,0.00000000,0.00000000,0.00173442,0.00860600,0.00000000,0.00000000,0.00000000,0.00000000,0.00000000,0.00000000,0.00000000,0.00000000,0.00000000,0.00000000,0.00000000,0.00000000,0.00000000,0.00000000,0.00000000,0.00000000,0.00000000,0.00000000,0.00000000,0.00000000,0.00000000,0.00215692,0.00000000,0.00535703,0.00000000,0.00000000,0.00000000,0.00000000,0.00000000,0.00000000,0.01070452,0.00000000,0.00261494,0.00000000,0.00000000,0.00000000,0.00000000,0.00000000,0.00000000,0.00000000,0.73255509,0.00000000,0.00000000,0.00000000,0.00000000,0.03466466,0.00000000,1.64697108,0.00000000,0.00000000,0.00000000,0.00161767,0.00000000,0.00000000,0.00000000,0.00000000,0.00000000,0.00000000,0.00000000,0.00000000,0.00000000,0.00000000,0.00000000,0.00000000,0.00000000,0.00591835,0.00000000,0.00000000,0.00000000,0.00000000,0.02439162,0.00000000,0.00464152,0.01403713,0.01210073,0.00000000,0.00000000,0.00000000,0.00000000,0.00000000,0.00000000,0.00000000,0.00000000,0.00000000,0.00000000,0.00000000,1.57607318,0.00000000,0.16424649,0.00000000,0.00000000,0.00000000,0.01000756,0.00000000,0.00000000,0.00223869,0.00617974,0.00000000,0.00000000,0.00000000,0.00000000,0.01152130,0.00000000,0.00000000,0.00000000,0.00000000,0.00000000,0.00000000,0.00000000,0.00000000,0.00000000,0.00779666,0.00000000,0.00000000,0.00000000,0.00000000,0.00000000,0.00000000,0.00000000,0.00000000,0.00000000,0.00000000,0.00000000,0.00000000,0.90116626,0.00000000,0.00000000,0.00000000,0.00000000,0.00000000,0.00000000,0.01543399,0.00000000,0.00000000,0.00000000,0.00000000,0.00000000,0.00000000,0.00000000,0.00000000,0.00000000,0.00000000,0.00000000,0.00212049,0.49036302,0.00000000,0.00000000,0.00000000,0.00000000,0.00000000,0.01026952,0.00000000,0.00000000,0.00000000,0.00000000,0.00000000,0.00000000,0.00000000,0.00000000,0.00000000,3.25126609,0.00000000,0.00000000,0.00000000,0.00000000,0.00000000,0.00000000,0.00000000,0.00000000,0.00000000,0.00000000,0.00000000,0.00000000,0.00000000,0.00000000,0.00000000,0.00000000,0.00000000,0.00000000,0.00000000,0.00000000,0.00000000,0.00000000,0.00000000,0.00000000,0.00000000,0.00000000,0.00000000,0.00000000,0.00336500,0.00000000,0.00000000,0.00000000,0.00000000,0.00000000,0.00000000,0.00000000,0.05355938,0.00000000,0.37677442,0.00000000,0.00000000,0.00000000,0.00000000,0.00000000,0.00000000,0.00000000,0.00000000,0.00000000,0.00000000,0.00000000,0.00000000,0.00000000,0.00000000,0.00000000,0.00000000,0.00000000,0.00000000,0.00000000,0.00000000,0.00000000,0.00000000,0.00226747,0.00000000,0.00000000,0.00000000,0.00000000,0.00000000,0.00000000,0.00000000,0.00000000,0.00000000,0.00000000,0.00000000,0.00000000,0.00000000,0.00000000,0.00000000,0.00000000,0.00000000,0.00000000,0.00000000,0.00000000,0.01650192,0.00000000,0.00000000,0.00000000,0.00000000,0.00000000,0.00000000,0.00000000,0.00000000,0.00000000,0.00000000,0.00000000,0.00281717,0.00000000,0.00000000,0.00000000,0.00000000,0.00000000,0.00000000,0.00000000,0.00000000,0.00000000,0.00000000,0.00000000,0.00000000,0.00000000,0.00000000,0.00000000,0.00000000,0.01364837,0.00000000,0.00000000,0.00000000,0.00000000,0.00000000,0.00000000,0.00000000,0.05310338,0.00000000,0.01145310,0.00000000,0.00000000,0.00000000,0.00000000,0.00000000,0.00000000,0.00000000,0.00000000,0.00000000,0.00000000,0.00000000,0.01160432,0.00000000,0.00319894,0.03258143,0.00000000,0.00000000,0.01257499,0.00000000,0.00637768,0.00000000,0.00000000,0.00000000,0.00000000,0.00000000,0.00000000,0.00000000,0.00000000,0.00000000,0.00000000,0.00000000,0.00000000,0.00000000,0.00000000,0.00000000,0.00000000,0.00000000,0.00000000,0.00000000,0.00000000,0.00000000,0.00000000,0.02417413,0.00391134,0.00000000,0.00000000,0.00000000,0.00000000,0.02629037,0.00000000,0.00000000,0.00000000,0.00000000,0.00000000,0.00000000,0.00000000,0.00000000,0.00000000,0.00000000,0.00000000,0.00000000,0.00000000,0.00000000,0.00000000,0.00000000,0.00000000,0.00000000,0.00000000,0.00000000,0.00000000,0.00000000,0.00000000,0.00000000,0.01140426,0.00000000,0.00000000,0.00000000,0.00000000,0.00000000,0.00150047,0.05195434,0.00000000,0.00000000,0.03874839,0.00000000,0.00000000,0.00000000,0.00000000,0.00000000,0.03449584,0.04884142,0.00000000,0.00000000,0.00000000,0.00000000,0.00000000,0.00000000,0.00000000,0.08854967,0.00000000,0.00566783,0.00000000,0.00000000,0.00000000,0.00000000,0.00000000,0.00000000,0.00000000,0.00000000,0.00000000,0.00000000,0.00000000,0.00000000,0.00000000,0.00838821,0.00000000,0.00000000,0.00000000,0.00000000,0.00000000,0.00000000,0.00000000,0.00000000,0.00000000,0.00000000,0.00000000,0.00000000,0.00075879,0.00000000,0.00000000,0.00000000,0.00000000,0.00000000,0.00000000,1.87563918,0.00000000,0.00000000,0.00000000,0.00000000,0.00000000,0.00000000,0.00000000,0.00000000,0.00000000,0.00000000,0.00000000,0.00000000,0.00000000,0.00000000,0.00000000,0.00000000,0.00000000,0.00000000,0.00000000,0.00000000,0.00796798,0.00000000,0.01603762,0.68671273,0.07901323,0.00000000,0.00000000,0.00000000,0.00000000,0.00000000,0.00000000,0.00000000,0.00000000,0.00000000,0.01642976,0.02705324,0.00000000,0.00000000,0.00000000,0.19505370,0.00000000,0.00000000,0.00000000,0.00000000,0.01033330,0.00000000,0.00000000,0.00000000,0.00000000,0.00000000,0.00000000,0.00000000,0.00000000,0.00000000,0.00000000,0.00000000,0.00000000,0.02743985,0.00000000,0.00000000,0.00000000,0.00000000,0.00000000,0.00000000,0.00000000,0.00000000,0.00000000,0.00000000,0.00000000,0.00000000,0.00000000,0.00000000,0.01388497,0.00000000,0.00383692,0.00000000,0.00000000,0.00000000,0.00000000,0.00000000,0.00000000,0.00000000,0.00000000,0.00000000,0.00000000,0.00000000,0.00000000,0.00000000,0.00000000,0.07511381,0.00000000,0.00000000,0.00000000,0.00000000,0.00000000,0.00000000,0.00000000,0.00000000,0.00000000,0.00000000,0.00000000,0.00000000,0.00000000,0.00000000,0.00000000,0.00000000,0.00000000,0.00000000,0.00000000,0.04722131,0.00000000,0.00000000,0.00000000,0.00000000,0.00000000,0.00000000,0.00668665,0.00000000,0.00000000,0.00000000,0.00000000,0.00000000,0.00000000,0.00000000,0.00000000,0.00000000,0.00000000,0.00657436,0.00000000,0.00000000,0.00000000,0.00000000,0.00000000,0.00000000,0.00000000,0.00000000,0.00239884,0.00000000,0.00000000,1.36006010,0.00000000,0.00000000,0.00000000,0.00000000,0.00000000,0.00371887,0.08084299,0.00000000,0.00000000,0.00000000,0.00000000,0.00000000,0.00000000,0.00000000,0.00000000,0.00000000,0.00000000,0.00000000,0.00000000,0.00000000,0.00000000,0.00000000,0.00964602,0.17753768,0.00000000,0.00000000,0.00930363,0.00000000,0.00000000,0.00000000,0.00000000,0.00000000,0.00267977,0.00000000,0.00568171,0.00000000,0.00000000,0.00000000,0.00000000,0.01221166,0.00000000,0.00000000,0.00000000,0.00000000,0.00000000,0.00000000,0.00000000,0.00000000,0.00000000,0.00000000,0.00000000,0.00000000,0.00000000,0.00000000,0.03762490,0.00000000,0.00000000,0.00000000,0.00000000,0.00000000,0.16617209,0.00000000,0.00000000,0.00000000,0.00000000,0.00000000,0.00000000,0.00000000,0.00000000,0.00000000,0.00000000,0.00000000,0.00000000,0.00308760,0.00000000,3.12561962,0.00000000,0.00000000,0.00000000,0.00000000,0.01423881,0.00000000,0.00000000,0.03497164,0.00000000,0.00000000,0.00000000,0.00000000,0.00000000,0.00000000,0.00000000,0.00000000,0.00000000,0.00000000,0.00000000,0.00888625,0.00000000,0.00000000,0.00000000,0.00000000,0.02370934,0.00000000,0.00405771,0.00000000,0.00000000,0.00000000,0.00000000,0.00000000,0.00000000,0.00000000,0.00000000,0.00000000,0.00000000,0.00000000,0.00000000,0.00000000,0.00095724,0.00000000,0.00000000,0.00000000,0.00000000,0.00000000,0.00000000,0.00000000,0.00000000,0.00741201,0.00000000,0.00000000,0.00000000,0.00000000,0.00000000,0.00000000,0.00000000,0.00327704,0.02867290,0.04062028,0.00000000,0.00000000,0.00199805,0.00258726,0.00000000,0.00000000,0.00000000,0.00000000,0.00000000,0.00000000,0.00598548,0.00000000,0.00000000,0.00683881,0.00624635,0.00000000,0.00000000,0.00000000,0.00000000,0.05155725,0.00000000,0.00000000,0.00000000,0.00000000,0.00000000,0.00000000,0.00000000,0.00000000,0.00256186,0.00000000,0.00000000,0.02254314,0.00000000,0.00000000,0.00000000,0.45555936,0.00000000,0.00000000,0.00000000,0.00000000,0.00000000,0.00000000,0.00000000,0.00000000,0.00000000,0.00000000,0.00000000,0.00000000,0.00260979,0.00000000,0.00000000,0.00000000,0.00000000,0.00000000,0.00000000,0.03223949,0.00000000,0.00000000,0.00000000,0.00000000,0.00000000,0.00159120,0.02444626,0.00346670,0.00000000,0.00000000,0.00669908,0.00000000,0.01557810,0.00000000,0.00000000,0.00000000,0.00000000,0.00000000,0.00372594,0.00000000,0.00000000,0.00000000,0.00000000,0.00000000,0.00000000,0.00000000,0.00000000,0.24639936,0.00000000,0.00000000,0.00000000,0.07073090,0.00000000,0.00000000
0.00000000,0.00000000,0.00000000,0.00000000,0.00000000,0.00000000,0.00000000,0.00000000,0.00451016,0.00000000,0.00000000,0.00000000,0.00000000,0.00000000,0.00000000,0.00000000,0.00000000,0.00000000,0.00000000,0.00000000,0.00000000,0.00000000,0.00000000,0.01073984,0.01822895,0.00000000,0.00000000,0.01850917,0.00000000,0.00000000,0.01115583,0.00000000,0.00000000,0.05462145,0.00146824,0.00000000,0.00000000,0.00000000,0.00000000,0.00751992,0.00000000,0.00000000,0.00000000,0.00173195,0.01747036,0.00000000,0.00000000,0.00000000,0.00000000,0.00000000,0.00570861,0.00000000,0.00000000,0.00000000,0.00000000,0.00000000,0.00000000,0.00000000,0.04236552,0.00000000,0.00000000,0.00000000,0.00000000,0.00000000,0.00000000,0.00559162,0.00194075,0.00000000,0.00000000,0.00000000,0.00000000,0.00000000,0.00000000,0.00000000,0.00000000,0.00000000,0.00000000,0.00000000,0.00895657,0.00000000,0.00000000,0.00000000,0.00000000,0.00000000,0.00000000,0.00000000,0.00000000,0.00000000,0.00000000,0.00359773,0.00000000,0.02023875,0.00000000,0.00101185,0.00000000,0.00000000,0.00000000,0.00000000,0.00000000,0.00371904,0.04653679,0.00000000,0.00000000,0.00000000,0.00000000,0.00000000,0.00000000,0.00120335,0.00044015,0.00000000,0.00000000,0.00000000,0.21422923,0.00000000,0.00000000,0.00440636,0.00000000,0.00000000,0.00000000,0.00000000,0.01879938,0.00000000,0.00000000,0.00000000,0.01044928,0.00000000,0.00000000,0.00000000,0.00000000,0.00000000,0.00000000,0.00000000,0.00000000,0.00409097,0.00000000,0.00142218,0.00000000,0.10730314,0.00000000,0.06619479,0.00000000,0.00000000,0.00000000,0.00000000,0.00000000,0.00000000,0.00000000,0.00000000,0.00000000,0.00000000,0.00000000,0.00000000,0.00000000,0.00000000,0.00000000,0.00426387,2.20226893,0.00000000,0.00000000,0.00000000,0.00000000,0.00000000,0.00000000,0.00000000,0.00000000,0.00000000,0.00000000,0.00057615,0.00000000,0.00000000,0.00000000,0.00000000,0.00000000,0.00000000,0.00000000,0.00000000,0.00000000,0.00000000,0.00000000,0.00000000,0.00000000,0.00000000,0.00000000,0.00000000,0.00298118,0.00000000,0.00000000,0.00355688,0.00000000,0.00000000,0.96183743,0.00000000,0.00000000,0.00000000,0.00000000,0.00000000,0.00000000,0.00000000,0.00000000,0.00000000,0.01229066,0.00000000,0.00000000,0.00000000,0.00000000,0.00000000,0.01451036,0.00000000,0.00000000,0.00000000,0.00000000,0.00000000,0.00402229,0.00000000,0.01132631,0.00000000,0.00000000,0.00000000,0.00000000,0.00000000,0.00000000,0.00000000,0.00000000,0.00000000,0.00000000,0.00169473,0.00000000,0.00000000,0.00000000,0.00000000,0.00000000,0.00000000,0.00000000,0.00000000,0.00000000,0.00000000,0.00000000,0.00000000,0.00356016,0.00000000,0.01544878,0.00416877,0.65577400,0.00000000,0.00000000,0.00000000,0.00000000,0.00000000,0.00784845,0.00000000,0.00000000,0.00000000,0.00000000,0.00000000,0.00000000,0.00000000,0.00000000,0.00000000,0.00000000,0.00000000,0.00000000,0.00000000,0.00000000,0.00000000,0.00000000,0.00000000,0.00000000,0.00000000,0.00000000,0.00000000,0.00000000,0.00000000,0.00000000,0.00000000,0.01351366,0.00000000,0.00000000,0.00000000,0.00000000,0.00000000,0.00000000,0.00000000,0.00000000,0.00000000,0.00000000,0.00000000,0.00000000,0.00000000,0.30459061,0.00000000,0.00000000,0.00000000,0.00000000,0.00760612,0.00000000,0.00000000,0.01960417,0.00000000,0.00000000,0.00000000,0.00000000,0.00000000,0.00000000,0.00000000,0.00000000,0.00346024,0.00000000,0.00000000,0.00000000,0.00000000,0.00000000,0.00000000,0.00000000,0.00000000,0.00000000,0.00000000,0.00000000,0.00721568,0.00274957,0.00000000,0.00000000,0.01016066,0.00000000,0.00000000,0.01504024,0.00000000,0.00000000,0.00000000,0.00000000,0.00000000,0.00000000,0.00000000,0.00000000,0.00000000,0.01464364,0.00000000,0.00000000,0.00000000,0.00000000,0.06726587,0.00000000,0.00000000,0.00000000,0.00000000,0.00000000,0.00000000,0.00000000,0.00000000,0.00000000,0.00000000,0.00000000,0.00000000,0.00000000,0.00000000,0.00000000,0.00000000,0.00000000,0.00000000,0.00000000,0.00000000,0.00000000,0.03660156,0.00000000,0.00000000,0.00000000,0.00000000,0.00000000,0.00792781,0.00000000,0.00000000,0.00000000,0.00000000,0.00000000,0.00000000,0.00000000,0.05949894,0.00000000,0.00000000,0.00000000,0.00000000,0.00346557,0.00000000,0.00000000,0.00000000,0.00000000,0.00000000,0.00000000,0.38582341,0.00000000,0.00000000,0.00000000,0.00587499,0.00000000,0.00000000,0.00000000,0.00000000,0.00000000,0.00000000,0.00000000,0.00000000,0.00000000,0.00000000,0.00000000,0.00000000,0.00000000,0.00000000,0.00000000,0.00000000,0.00000000,0.00000000,0.00000000,0.00000000,0.03086923,0.00000000,0.00000000,0.00000000,0.00000000,0.00000000,1.03317628,0.00000000,0.00000000,0.00000000,0.20440799,0.00000000,0.00000000,0.00348459,0.00000000,0.00000000,0.00000000,0.00000000,0.00000000,0.00000000,0.00000000,0.00000000,0.00000000,0.00000000,0.00000000,0.00000000,0.90384462,0.00000000,0.00000000,0.00000000,0.00000000,0.00000000,0.00000000,0.00000000,0.00000000,0.00071292,0.00000000,0.00000000,0.00000000,0.00000000,0.00000000,0.00000000,0.00000000,0.00000000,0.00000000,0.01210084,0.00448211,0.14094252,0.00000000,0.00812292,0.00000000,0.07150828,0.00000000,0.00000000,0.00000000,0.00000000,0.00000000,0.00000000,0.00000000,0.00000000,0.00000000,0.00000000,0.00000000,0.00000000,0.00837359,0.00000000,0.00000000,0.00000000,0.00000000,0.00000000,0.00000000,0.00000000,0.00000000,0.00826003,0.00000000,0.00000000,0.00000000,0.02939482,0.00000000,0.00000000,0.00000000,0.00827619,0.00000000,0.00000000,0.00000000,0.00000000,0.00000000,0.00000000,0.00177822,0.00000000,0.00000000,0.00000000,0.00000000,0.00000000,0.00000000,0.00000000,0.00000000,0.00000000,0.00000000,0.00000000,0.00000000,0.00000000,0.00000000,0.00000000,0.00000000,0.00000000,0.00000000,0.00000000,0.00000000,0.00000000,0.00000000,0.00000000,0.67671213,0.00000000,0.00000000,0.00000000,0.00000000,0.00000000,0.00000000,0.00000000,0.00000000,0.00000000,0.00000000,0.00000000,0.00000000,0.00000000,0.00000000,0.00000000,0.00000000,0.00922781,0.00000000,0.00000000,4.66256789,0.00000000,0.00000000,0.00000000,0.00000000,0.00000000,0.00000000,0.00000000,0.00000000,0.00000000,0.00000000,0.00000000,0.00000000,0.00000000,0.00000000,0.00000000,0.00000000,0.00000000,0.00000000,0.00000000,0.00000000,0.00000000,0.00000000,0.06798208,0.01307793,0.00000000,0.00000000,0.00000000,0.00000000,0.00000000,0.00000000,0.00000000,0.00000000,0.00120022,0.00000000,0.00000000,0.00000000,0.00000000,0.00000000,0.00000000,0.00000000,0.00090537,0.00000000,0.00000000,0.00000000,0.00000000,0.00000000,0.00000000,0.00000000,0.00000000,0.00576873,0.00000000,0.00000000,0.00701983,0.00000000,0.00927733,0.00000000,0.00000000,0.00000000,0.00000000,0.00000000,0.00952483,0.00000000,0.02577915,0.00192357,0.00000000,0.00000000,0.00000000,0.00000000,0.00000000,0.00000000,0.00000000,0.00000000,0.00000000,0.00000000,0.00000000,0.00000000,0.00000000,0.00000000,0.00000000,0.00000000,0.00000000,0.00000000,0.00000000,0.00000000,0.00000000,0.00000000,0.00000000,0.00000000,0.00000000,0.00000000,0.00000000,0.00000000,0.00000000,0.00364600,0.00000000,0.00000000,0.00000000,0.00000000,0.23010492,0.00000000,0.00000000,0.00000000,0.00000000,0.00000000,0.00000000,0.00876795,0.00000000,1.08137816,0.00000000,0.00000000,0.00690002,0.00536532,0.00000000,0.00000000,0.00000000,0.00000000,0.00000000,0.00000000,0.00000000,0.00000000,0.00000000,0.00000000,0.00000000,0.00000000,0.03824117,0.00000000,0.00000000,0.00000000,0.00000000,0.00000000,0.00000000,0.00000000,0.00000000,0.00000000,0.00000000,0.00000000,0.00000000,0.00812110,0.00000000,0.00000000,0.00000000,0.00000000,0.00000000,0.00000000,0.00000000,0.00000000,0.00000000,0.00000000,0.00000000,0.00000000,0.01375547,0.00000000,0.00000000,0.00000000,0.00000000,0.00000000,0.00000000,0.00375025,0.00000000,0.00338926,0.00000000,0.00000000,0.00000000,0.00000000,0.00000000,0.00000000,0.00000000,0.00000000,0.00000000,0.00000000,0.00000000,0.01397108,0.00000000,0.00000000,0.00304123,0.00000000,0.00000000,0.00000000,0.00000000,0.00000000,0.02116137,0.00000000,0.00000000,0.00000000,0.00000000,0.00000000,0.00000000,0.00000000,0.00000000,0.00000000,0.00000000,0.00288066,0.00000000,0.00000000,0.00000000,0.00000000,0.00000000,0.00929088,0.00000000,0.00000000,0.00000000,0.01170456,0.00000000,0.00000000,0.03152788,0.00000000,0.00000000,0.00000000,0.00000000,0.00000000,0.00000000,0.00000000,0.00000000,0.00000000,0.00000000,0.00000000,0.00000000,0.00000000,0.00000000,0.00000000,0.03589615,0.00000000,0.00000000,0.00000000,0.00000000,0.00000000,0.00000000,0.00000000,0.00000000,0.00000000,0.00000000,0.03422310,0.00000000,0.00000000,0.00000000,0.00000000,0.00669124,0.00000000,0.00000000,0.00000000,0.00000000,0.00000000,0.00000000,0.00000000,0.00000000,0.00000000,0.00000000,0.00000000,0.00000000,0.00000000,0.00000000,0.00000000,0.00964896,0.00000000,0.00000000
0.00000000,0.00000000,0.00000000,0.00000000,0.00000000,0.00000000,0.00170637,0.00000000,0.00000000,0.00000000,0.00000000,0.00000000,0.00000000,0.00000000,0.00000000,0.00000000,0.00000000,0.00000000,0.00610299,0.00000000,0.00000000,0.00000000,0.00000000,0.00000000,0.00000000,0.00000000,0.01014941,0.00000000,0.00000000,0.00000000,0.00000000,0.00000000,0.00000000,0.01298155,0.00000000,0.00000000,0.00000000,0.00000000,0.00518846,0.00000000,0.00000000,0.00000000,0.00000000,0.00000000,0.00000000,0.00000000,0.00000000,0.00000000,0.00000000,0.00000000,0.00000000,0.00000000,0.00000000,0.00000000,0.00000000,0.00000000,0.00000000,0.01740678,0.00000000,0.00072832,0.00000000,0.02059266,0.00000000,0.00058367,0.00583323,0.00000000,0.00000000,0.00000000,0.00000000,0.00230388,0.01371998,0.00000000,0.00000000,0.00000000,0.00000000,0.00968114,0.00000000,0.00000000,0.00000000,0.00000000,0.00000000,0.00000000,0.00000000,0.00000000,0.00000000,0.00000000,0.00000000,0.00000000,0.00000000,0.00000000,0.00000000,0.00000000,0.00182121,0.00000000,0.00525522,0.00000000,0.00000000,0.00218243,0.00000000,0.00000000,0.00000000,0.00000000,0.00000000,0.00000000,0.00000000,0.00000000,0.00000000,0.00000000,0.00000000,0.00000000,0.00188390,0.00000000,0.00879805,0.80320892,0.00000000,0.00000000,0.00000000,0.00000000,0.00000000,0.00000000,0.00000000,0.00000000,0.00000000,0.00000000,0.00000000,0.00000000,0.00000000,0.00000000,0.00000000,0.00000000,0.00000000,0.02377967,0.00000000,0.00000000,0.00000000,0.14155238,0.00000000,0.00000000,0.00000000,0.00000000,0.00000000,0.00000000,0.00000000,0.00000000,0.00000000,0.00000000,0.00000000,0.00000000,0.00000000,0.00385432,0.00000000,0.00000000,0.00000000,0.00000000,0.00000000,0.00286686,0.00000000,0.05980329,0.00000000,0.00000000,0.00000000,0.00000000,0.00000000,0.00286996,0.00000000,0.00000000,0.00000000,0.00673331,0.00000000,0.00000000,0.00000000,0.00000000,0.00000000,0.00000000,0.17423370,0.00000000,0.00000000,0.00000000,0.00000000,0.03284869,0.00000000,0.00578632,0.00000000,0.17137051,0.00000000,0.00000000,0.00000000,0.00000000,0.00000000,0.00000000,0.00000000,0.01384570,0.00000000,0.00000000,0.00000000,0.00000000,0.00000000,0.00000000,0.00000000,0.00000000,0.14084507,0.00000000,0.00000000,0.00000000,0.00000000,0.00000000,0.00000000,0.00000000,0.00000000,0.00000000,0.00000000,0.00000000,0.00000000,0.00000000,0.00587515,0.00000000,0.00000000,0.00000000,0.00000000,0.00000000,0.00000000,0.00000000,0.00000000,0.00000000,0.00000000,0.00000000,0.00000000,0.00730339,0.00000000,0.00000000,0.00000000,0.00000000,0.00000000,0.00000000,0.00000000,0.01830748,0.00000000,0.00000000,0.00000000,0.00000000,0.00000000,0.00000000,0.00000000,0.00000000,0.10388743,0.00000000,0.00000000,0.00000000,0.00000000,0.03555262,0.00000000,0.00000000,0.00000000,0.00000000,0.00000000,0.00000000,0.00000000,0.00000000,0.00000000,0.00000000,0.00000000,0.05169877,0.00000000,0.00000000,0.00000000,0.00000000,0.00612240,0.21054331,0.05914429,0.00000000,3.13659679,0.00000000,0.00000000,0.00000000,0.00000000,0.00000000,0.00930359,0.00000000,0.00000000,0.00000000,0.00000000,0.00000000,0.00000000,0.00000000,0.00000000,0.00000000,0.00000000,0.00000000,0.00000000,0.00000000,0.00483541,0.00000000,0.00000000,0.00000000,0.00000000,0.00000000,0.00000000,0.00000000,0.00000000,0.00000000,0.02555625,0.00429717,0.00000000,0.09765469,0.00000000,0.00000000,0.00000000,0.00000000,0.00000000,0.00000000,0.00000000,0.00000000,0.00000000,0.00000000,0.00000000,0.00000000,0.00000000,0.00000000,0.00000000,0.00397065,0.00000000,0.00000000,0.03685925,0.00264580,3.71037209,0.00000000,0.00000000,0.00000000,0.00000000,0.00000000,0.00000000,0.00000000,0.00000000,0.00000000,0.00000000,0.00000000,0.00690015,0.00000000,0.00000000,0.00000000,0.00000000,0.00000000,0.00000000,0.00259247,0.00000000,0.00000000,0.00000000,0.00000000,0.01537804,0.00000000,0.00000000,0.00000000,0.00000000,0.00000000,0.07051613,0.00000000,0.00000000,0.00000000,0.00685313,0.00000000,0.01062112,0.00000000,0.00000000,0.00000000,0.00000000,0.00000000,0.00000000,0.00000000,0.00000000,0.00000000,0.00000000,0.00000000,2.93578847,0.02814157,0.00000000,0.00000000,0.00000000,0.00000000,0.00000000,0.00000000,0.00000000,0.00000000,0.00000000,0.00000000,0.00000000,0.00000000,0.00000000,0.00000000,0.00000000,0.00000000,0.00000000,0.01627325,0.00000000,0.00000000,0.00000000,0.03886706,0.00000000,0.00000000,0.00000000,0.00237648,0.00000000,0.00000000,0.00000000,0.00000000,0.00000000,0.03632822,0.00000000,0.00000000,0.00000000,0.00000000,0.00000000,0.00147772,0.00000000,0.00000000,0.00000000,0.01006550,0.00000000,0.00000000,0.00000000,0.00000000,0.00000000,0.00000000,0.00000000,1.04263046,0.00000000,0.00169490,0.00267445,0.00000000,0.00000000,0.00000000,0.00000000,0.00000000,0.00000000,0.00000000,0.00000000,0.00000000,0.00000000,0.00000000,0.00000000,0.00000000,0.00000000,0.00000000,0.00000000,0.00000000,0.00000000,0.00000000,0.00000000,0.00000000,0.00000000,0.00000000,0.00000000,0.00000000,0.00000000,0.00000000,0.00000000,0.00000000,0.00000000,0.00000000,0.00000000,0.00000000,0.00000000,0.00000000,0.00000000,0.00000000,0.00000000,0.00000000,0.00000000,0.00000000,0.00000000,0.00000000,0.00000000,0.00000000,0.00000000,0.00000000,0.00000000,0.00000000,0.00000000,0.00000000,0.00000000,0.00000000,0.00000000,0.00000000,0.00000000,0.00000000,0.00000000,0.01581586,0.00000000,0.00830713,0.00000000,0.00000000,0.00000000,0.00000000,0.00000000,0.00000000,0.00000000,0.00000000,0.00000000,0.00000000,0.00000000,0.00000000,0.00000000,0.00000000,0.00000000,0.00000000,0.00000000,0.00000000,0.00564922,0.00000000,0.00000000,0.00000000,0.00264357,0.00000000,0.00359472,0.00000000,0.00000000,0.00000000,0.00000000,0.00000000,0.00000000,0.00286139,0.00000000,0.00000000,0.00000000,0.23415174,0.00000000,0.00000000,0.00000000,0.00000000,0.00000000,0.00000000,0.00000000,0.00000000,2.92611663,0.01571272,0.00000000,0.00000000,0.00000000,0.00000000,0.00128077,0.00000000,0.00000000,0.00000000,0.00000000,0.00000000,0.00000000,0.00000000,0.00000000,0.00000000,0.00000000,0.00000000,0.00000000,0.00000000,0.04295403,0.00000000,0.00000000,0.00000000,0.00000000,0.00000000,0.00000000,0.00000000,0.00000000,0.00000000,0.00000000,0.00000000,0.00000000,0.00000000,0.00000000,0.00000000,0.00000000,0.00000000,0.00000000,0.34727009,0.00000000,0.00731509,0.00000000,0.00000000,0.00000000,0.00000000,0.00000000,0.00322641,0.00000000,0.01169651,0.00000000,0.00000000,0.00000000,0.00000000,0.03881133,0.00000000,0.00000000,0.00000000,0.00000000,0.00000000,0.66255615,0.00000000,0.00000000,0.01817217,0.00000000,0.00000000,0.00122720,0.00000000,0.00000000,0.00000000,0.00000000,0.00000000,0.00558998,0.00000000,0.00000000,0.00000000,0.00000000,0.00624439,0.00353033,0.00000000,0.00000000,0.00000000,0.00000000,0.00000000,0.00000000,0.00000000,0.00000000,0.00000000,0.00000000,0.00000000,0.00000000,0.00000000,0.00000000,0.00000000,0.00000000,0.00000000,0.00000000,0.00000000,0.00000000,0.01800079,0.00000000,0.00000000,0.00000000,0.00000000,0.00000000,0.29915299,0.00000000,0.00000000,0.00000000,0.00000000,0.00000000,0.00000000,0.00000000,0.00000000,0.00000000,0.00000000,0.00000000,0.00000000,0.00000000,0.00000000,0.00000000,0.00632032,0.00000000,0.80364978,0.00000000,0.00431979,0.00000000,0.00176505,0.00000000,0.00000000,0.00000000,0.00228726,0.00000000,0.00188087,0.00000000,0.00000000,0.00000000,0.00000000,0.00000000,0.00000000,0.00000000,0.00000000,1.76619168,0.00000000,0.00000000,0.00000000,0.00000000,0.00000000,0.00174742,0.00258773,0.00000000,0.00000000,0.00000000,0.00000000,0.00000000,0.00000000,0.00000000,0.00000000,0.00000000,0.00000000,0.00000000,0.00000000,0.00000000,0.00000000,0.00000000,0.00000000,0.00000000,0.00000000,0.00000000,0.00000000,0.00000000,0.00000000,0.00000000,0.00000000,0.00000000,0.00931184,0.00000000,0.00902156,0.00000000,0.00000000,0.00000000,0.00000000,0.00000000,0.00000000,0.00000000,0.00000000,0.00240238,0.00000000,0.04990849,0.00000000,0.00000000,0.00000000,0.00000000,0.00000000,0.00112942,0.00000000,0.00000000,0.00000000,0.01801656,0.00000000,0.00000000,0.00000000,0.00000000,0.00000000,0.00000000,0.94399574,0.00000000,0.00000000,0.00000000,0.00000000,0.00000000,0.00000000,0.00000000,0.00000000,0.00000000,0.00000000,0.00000000,0.00000000,0.00000000,0.00000000,0.00000000,0.00464556,0.00000000,0.00000000,0.00000000,0.00000000,0.00000000,0.13089631,0.00121363,0.00000000,0.00000000,0.00000000,0.00000000,0.00000000,0.00000000,0.00000000,0.00212617,0.06171847,0.00000000,0.00000000,0.00000000,0.00000000,0.00000000,0.00000000,0.00000000,0.00000000,0.00000000,0.00000000,1.09573390,0.00000000,0.00000000,0.00000000,0.00000000,0.00000000,0.00000000,0.00000000,0.00000000,0.00000000,0.00000000,0.00000000,0.00000000,0.00000000,0.00000000,0.00000000,0.00000000,0.00000000,0.00000000,0.00000000
0.00000000,0.00000000,0.01623212,0.00000000,0.00000000,0.00000000,0.00000000,0.00000000,0.00000000,0.08376090,0.00000000,0.00143739,0.00000000,0.24447035,0.00000000,0.00000000,0.00000000,0.00000000,0.00000000,0.00000000,0.00000000,0.00000000,0.00000000,0.00801176,0.00000000,0.00000000,0.00000000,0.00000000,0.01270770,0.00000000,0.00000000,0.00000000,0.00000000,0.00000000,0.00000000,0.00000000,0.00000000,0.00000000,0.00000000,0.00000000,0.00000000,0.00000000,0.00000000,0.00000000,0.03466076,0.00000000,0.00000000,0.00000000,0.00586684,0.00000000,0.03756421,0.00000000,0.00000000,0.00000000,0.00000000,0.00000000,0.00604486,0.00000000,0.00000000,0.00000000,0.00152414,0.00000000,0.00000000,0.00000000,0.00000000,0.00000000,0.16157353,0.00000000,0.00000000,0.00000000,0.00000000,0.00000000,0.00000000,0.00274181,0.00000000,0.00187697,0.00000000,0.00000000,0.00000000,0.00000000,0.00000000,0.00000000,0.00000000,0.00000000,0.00000000,0.00000000,0.00588519,0.00000000,0.00000000,0.00000000,0.00000000,0.00000000,0.00000000,0.00000000,0.00000000,0.00000000,0.00000000,0.00845010,0.00000000,0.00000000,0.00000000,0.00000000,0.00000000,0.00000000,0.00000000,0.00000000,0.00000000,0.00000000,0.00000000,0.00000000,0.00000000,0.00000000,0.00000000,0.00000000,0.00581141,0.00000000,0.00000000,0.05892811,0.00000000,0.00000000,0.00000000,0.00000000,0.00000000,0.00000000,0.00000000,0.00000000,0.00000000,0.00000000,0.00000000,0.00000000,0.00824631,0.00000000,0.00000000,0.00711730,0.00000000,0.00000000,0.06050695,0.00000000,0.00126002,0.00000000,0.80642615,0.00000000,0.00000000,0.00823395,0.00000000,0.00000000,0.00000000,0.00000000,0.00000000,0.00000000,0.00000000,0.00141142,0.00000000,0.00000000,0.00000000,0.00000000,0.00000000,0.00000000,0.00000000,0.00000000,0.04048192,0.00000000,0.00000000,0.00000000,0.00000000,0.00000000,0.00000000,0.00000000,0.00000000,0.00000000,0.00000000,0.00000000,0.00000000,0.00150097,0.00000000,0.00000000,0.00000000,0.00000000,0.00000000,0.00000000,0.00000000,0.00203624,0.00000000,0.00000000,0.00286745,0.00000000,0.00000000,0.00000000,0.00000000,0.00000000,0.00000000,0.00000000,0.05179841,0.06012069,0.00000000,0.00000000,0.00000000,0.00000000,0.00000000,0.01110652,0.00000000,0.07541891,0.00000000,0.00000000,0.00000000,0.00000000,0.00000000,0.00000000,0.00000000,0.00542207,0.00000000,0.00000000,0.00000000,0.00000000,0.00000000,0.00238511,0.00667826,0.13187404,0.00000000,0.00000000,1.23694639,0.00000000,0.00000000,0.00000000,0.00000000,0.00000000,0.00000000,0.00000000,0.00000000,0.00000000,0.00000000,0.00795972,0.00000000,0.00000000,0.03121128,0.01748421,0.00000000,0.00000000,0.00000000,0.00853597,0.00000000,0.00000000,0.00000000,0.00000000,0.00000000,0.00000000,0.00000000,0.00000000,0.01394266,0.00000000,0.00000000,0.00000000,0.00000000,0.00000000,0.00000000,0.00142126,0.00000000,0.00000000,0.00000000,0.00000000,0.15332796,0.00000000,0.00000000,0.00000000,0.00000000,0.00000000,0.00000000,0.00000000,0.00000000,0.00000000,0.00000000,0.00000000,0.00000000,0.00295585,0.00000000,0.00000000,0.00000000,0.00000000,0.00000000,0.00000000,0.00000000,0.04302551,0.00000000,0.00000000,0.00000000,0.00000000,0.00000000,0.00000000,0.00000000,0.00000000,0.00000000,0.00000000,0.00850150,0.00000000,0.00000000,0.00000000,0.00000000,0.00000000,0.00000000,0.00000000,0.00000000,0.00000000,0.00332988,0.00000000,0.00000000,0.00000000,0.00000000,0.00000000,0.00000000,0.00000000,0.00000000,0.00000000,0.00000000,0.00000000,0.00000000,0.00000000,0.00000000,0.00000000,0.00000000,0.00000000,0.00000000,0.00000000,0.00000000,0.00000000,0.00000000,0.00092533,0.00000000,0.00000000,0.00000000,0.00000000,0.00000000,0.00000000,0.02279851,0.00000000,0.00000000,0.00000000,0.00000000,0.00000000,0.00000000,0.00000000,0.00000000,0.00000000,0.00000000,0.00000000,0.00000000,0.00000000,0.00000000,0.00000000,0.00000000,0.00000000,0.00000000,0.00000000,0.00000000,0.00550792,0.00000000,0.00000000,0.00000000,0.00000000,0.00000000,0.00000000,0.00000000,0.00177094,0.00000000,0.00000000,0.00000000,0.00000000,0.03745328,0.00000000,0.00000000,0.00000000,0.00000000,0.00000000,0.00000000,0.00000000,0.00000000,0.02245533,0.00000000,0.00000000,0.00000000,0.00000000,0.00000000,0.00000000,0.00000000,0.03678663,0.01108633,0.00000000,0.00000000,0.00000000,0.00000000,0.00000000,0.00000000,0.00000000,0.00000000,0.00000000,0.00000000,0.00000000,0.00000000,0.00000000,0.00000000,0.00000000,0.00000000,0.00000000,0.00000000,0.00000000,0.00000000,0.00000000,0.14057478,0.00000000,0.03307793,0.00000000,0.00000000,0.00000000,0.00000000,0.00000000,0.00000000,0.00000000,0.00000000,0.00000000,0.00000000,0.00000000,0.00000000,0.00000000,0.00000000,0.00000000,0.00000000,0.00000000,0.00000000,0.00000000,0.00000000,0.00142873,0.00000000,0.00000000,0.00000000,0.00000000,0.00000000,0.00000000,0.00000000,0.00098684,0.00000000,0.00000000,0.00000000,0.00000000,0.00000000,0.00000000,0.00000000,0.00000000,0.00000000,0.00000000,0.00000000,0.00992431,0.00000000,0.00000000,0.00000000,0.00000000,0.00000000,0.00000000,0.18337965,0.00000000,0.00000000,0.00000000,0.00000000,0.00000000,0.00427236,0.09021275,0.00000000,0.00000000,0.00000000,0.00000000,0.00000000,0.00000000,0.00000000,0.00000000,0.00000000,0.00000000,0.02062224,0.00000000,0.03292257,0.00000000,0.00000000,0.00000000,0.00000000,0.00000000,0.00000000,0.00000000,0.00000000,0.00000000,0.00000000,0.00000000,0.00000000,0.00000000,0.00000000,0.00000000,0.00000000,0.01261333,0.00000000,0.00000000,0.00000000,0.00650938,0.00000000,0.00000000,0.00000000,0.00000000,0.00000000,0.00000000,0.00000000,0.00189739,0.00000000,0.00000000,0.38893504,0.00000000,0.00000000,0.18212219,0.00000000,0.02376555,0.00000000,0.00000000,0.00000000,0.00000000,0.00000000,0.00000000,0.00000000,0.00000000,0.00000000,0.00000000,0.00000000,0.00000000,0.02415651,0.00000000,0.00000000,0.00000000,0.00000000,0.00000000,0.00000000,0.00000000,0.02300842,0.00000000,0.00814835,0.00000000,0.00000000,0.00000000,0.00000000,0.00000000,0.00479874,0.00000000,0.00000000,0.00000000,0.00438941,0.00000000,0.00000000,0.00000000,0.00000000,0.00000000,0.00000000,0.00000000,0.00000000,0.00000000,0.00089124,0.00000000,0.00000000,0.00000000,0.00000000,0.00000000,0.00000000,0.00000000,0.00000000,0.00000000,0.00000000,0.00000000,0.00851175,0.00000000,0.00000000,0.00000000,0.00000000,0.00000000,0.00000000,0.00000000,0.00000000,0.00000000,0.00000000,0.00000000,0.00000000,0.00000000,0.00000000,0.00000000,0.00000000,0.00000000,0.00249157,0.00000000,0.00000000,0.00000000,0.00000000,0.00000000,0.00000000,0.00000000,0.00000000,0.00000000,0.00000000,0.00000000,0.00000000,0.00434936,0.00000000,0.00000000,0.00000000,0.00000000,0.00000000,0.00000000,0.00000000,0.00000000,0.00484205,0.00000000,0.00000000,0.00000000,0.00000000,0.00000000,0.00000000,0.00279194,0.00000000,0.00000000,0.00000000,0.00000000,0.01471319,0.00000000,0.00000000,0.00000000,0.00000000,0.00000000,0.00000000,0.00000000,0.03802820,0.00000000,0.00000000,0.00000000,0.00000000,0.00000000,0.00000000,0.00087189,0.00000000,0.00000000,0.00000000,0.00000000,0.00000000,0.00000000,0.00000000,0.00000000,0.00098657,0.00000000,0.00000000,0.00000000,0.00000000,0.00000000,0.00000000,0.00571581,0.00000000,0.00000000,0.00000000,0.00000000,0.00000000,0.00000000,0.00000000,0.00000000,0.00000000,0.00000000,0.00000000,0.00000000,0.00000000,0.00000000,0.05974397,0.00000000,0.00000000,0.00000000,0.01520611,0.00000000,0.00000000,0.83743804,0.00000000,0.00000000,0.00000000,0.00000000,0.00000000,0.00000000,0.00000000,0.00000000,0.00000000,0.00000000,0.00000000,0.00000000,0.00000000,0.00000000,0.00000000,0.00000000,0.00000000,0.06819457,0.00000000,0.00000000,0.00000000,0.00000000,0.00000000,0.00000000,0.00000000,0.00000000,0.00000000,0.00060881,0.00000000,0.00000000,0.00000000,0.00000000,0.00000000,0.00000000,0.01170764,0.00000000,0.00076460,0.00000000,0.00000000,2.79608441,0.00000000,0.08718731,0.00000000,0.00000000,0.00000000,0.02847354,0.00000000,0.00000000,0.00000000,0.00000000,0.02789722,0.00000000,0.00000000,0.00000000,0.00000000,0.00000000,0.00000000,0.00000000,0.00000000,0.00000000,0.00000000,0.00079973,0.00000000,0.00000000,0.00000000,0.02399539,0.00000000,0.46453966,0.00000000,0.00312879,0.00000000,0.01348710,0.00000000,0.00748220,0.00000000,0.00000000,0.00000000,0.00000000,0.00000000,0.00000000,0.00000000,0.00000000,0.00000000,0.00000000,0.00000000,0.00000000,0.00000000,0.00000000,0.00000000,0.00709635,0.00000000,0.00000000,0.00000000,0.00000000,0.00000000,0.00000000,0.00000000,0.00000000,0.00000000,0.00000000,0.00489982,0.00000000,0.01618105,0.00000000,0.00000000,0.01500511,0.00000000,0.00107452,0.00000000,0.00161683,0.00000000,0.11240822,0.00000000,0.00000000,0.00000000,0.00000000,0.00000000,0.00000000,0.00000000,0.00000000,0.01331310,0.00000000,0.00000000,0.00000000,0.00000000,0.00000000
0.00000000,0.00000000,0.00000000,0.00000000,0.01913569,0.00591244,0.00000000,0.00000000,0.00000000,0.00000000,0.00000000,0.00000000,0.00000000,0.00000000,0.05300964,0.00000000,0.00000000,0.00000000,0.00000000,0.00000000,0.00000000,0.00000000,0.03818600,0.00000000,0.00302809,0.00000000,0.00000000,0.00000000,0.00000000,0.00000000,0.00000000,0.00000000,0.00000000,0.00000000,0.00000000,0.00437649,0.00000000,0.00000000,0.00000000,0.00000000,0.00000000,0.00000000,0.00000000,0.00000000,0.00000000,0.00000000,0.00080618,0.00000000,0.00000000,0.00000000,0.00000000,1.35440022,0.00000000,0.00000000,0.00000000,0.00000000,0.00000000,0.00000000,0.00000000,0.00000000,0.00000000,0.00000000,0.00000000,0.00000000,0.00000000,0.01007961,0.00000000,0.00000000,0.00000000,0.00300689,0.00000000,0.00000000,0.00000000,0.00000000,0.00000000,0.00000000,0.55080110,0.00000000,0.01695434,0.00000000,0.00479719,0.00000000,0.00000000,0.00000000,0.00000000,0.00000000,0.00000000,0.00000000,0.00000000,0.00000000,0.00000000,0.00000000,0.00000000,0.00000000,0.00000000,0.00000000,0.00000000,0.00000000,0.00000000,0.00000000,0.00000000,0.02874083,0.00000000,0.00232706,0.00000000,0.00000000,0.00000000,0.00000000,0.00000000,0.00000000,0.00000000,0.00419037,0.05468066,0.17877407,0.00000000,0.00000000,0.00000000,0.00676628,0.00000000,0.00000000,0.00000000,0.00000000,0.00000000,0.05478128,0.00000000,0.00748388,0.01199872,0.00000000,0.00000000,0.00000000,0.00000000,0.00000000,0.00000000,0.00207941,0.00000000,0.00000000,0.00000000,0.00000000,0.00000000,0.00000000,0.00000000,0.00000000,0.00000000,0.00000000,0.00000000,0.00000000,0.00000000,0.00000000,0.00000000,0.00000000,0.00000000,0.00000000,0.00000000,0.00000000,0.00000000,0.00000000,0.00429952,0.00000000,0.00000000,0.00000000,0.00000000,0.00000000,0.03879164,0.00000000,0.00000000,0.00000000,0.00000000,0.00000000,0.00000000,0.00000000,0.00000000,0.00000000,0.00000000,0.00000000,0.00000000,0.00875961,0.00000000,0.00000000,0.00000000,0.00000000,0.00000000,0.00000000,0.14148826,0.00000000,0.00000000,0.02374177,0.00000000,0.00000000,0.00000000,0.00000000,0.00000000,0.00000000,0.00000000,0.00000000,0.00000000,0.00000000,0.00000000,0.00000000,0.00000000,0.01129070,0.00000000,0.73801895,0.00000000,0.00000000,0.01806324,0.04259725,0.00000000,0.00000000,0.00000000,0.00000000,0.00000000,0.00000000,0.00000000,0.00000000,0.00000000,0.00000000,0.00000000,0.00000000,0.00000000,0.00335279,0.00000000,0.00000000,3.23607639,0.00000000,0.00000000,0.00000000,0.00000000,0.00000000,0.00703426,0.00000000,0.00000000,0.00000000,0.00000000,0.13931065,0.00000000,0.00000000,0.00000000,0.00000000,0.00000000,0.00000000,0.00000000,0.00000000,0.00000000,0.00000000,0.00000000,0.00000000,0.00000000,0.00000000,0.00000000,0.00000000,0.00000000,0.00000000,0.00000000,0.00000000,0.00275757,0.00000000,0.00814013,0.00000000,0.00000000,0.00000000,0.00000000,0.00000000,0.00000000,0.00000000,0.00000000,0.00000000,0.00000000,0.00000000,0.00000000,0.00000000,0.00000000,0.00000000,0.00000000,0.00000000,0.00880181,0.00000000,0.00000000,0.00000000,0.00000000,0.00000000,0.00000000,0.00210026,0.00000000,0.00000000,0.00000000,0.00000000,0.00000000,0.00000000,0.00000000,0.00000000,0.09988533,0.00000000,0.00000000,0.00000000,0.00000000,0.00000000,0.00445028,0.00000000,0.00000000,0.00000000,0.00000000,0.00000000,0.00000000,0.00000000,0.00000000,0.00000000,0.00000000,0.00000000,0.00000000,0.00000000,0.00000000,0.96990655,0.02539017,0.01810790,0.00000000,0.00000000,0.00000000,0.00000000,0.00000000,0.00000000,0.00000000,0.00000000,0.00000000,0.00000000,0.00000000,0.00000000,0.00000000,0.00000000,0.00000000,0.00000000,0.00000000,0.00000000,0.00000000,0.00330697,1.51455277,0.00000000,0.00000000,0.53094710,0.00000000,0.00000000,0.00000000,0.00000000,0.00000000,0.00000000,0.00000000,0.00000000,0.00000000,0.00000000,0.00000000,0.00000000,0.00000000,0.00000000,0.00000000,0.02543356,0.14112249,0.00000000,0.03178700,0.00000000,0.01375742,0.14152662,0.00000000,0.00000000,0.00040566,0.00000000,0.00000000,0.00000000,0.00075201,0.00000000,0.03279180,0.00000000,0.00000000,0.00000000,0.01206696,0.00270190,0.00652143,0.01683618,0.00000000,0.00000000,0.00000000,0.00000000,0.00000000,0.00000000,0.00000000,0.00000000,0.00000000,0.00000000,0.00000000,0.00000000,0.00000000,0.00000000,0.00000000,0.00000000,0.00000000,0.00000000,0.00000000,0.00000000,0.00500119,0.00000000,0.00000000,0.00000000,0.00000000,0.00000000,0.00000000,0.00000000,0.00000000,0.00000000,0.00000000,0.00000000,0.00000000,0.00000000,0.00000000,0.00000000,0.00000000,0.00000000,0.00000000,0.00000000,0.00000000,0.00000000,0.00000000,0.00000000,0.00000000,0.00000000,0.00000000,0.00000000,0.02146674,0.00000000,0.00000000,0.00000000,0.00000000,0.00000000,0.00000000,0.01767277,0.00784284,0.00000000,0.00000000,0.00000000,0.00000000,0.00000000,2.07151040,0.00000000,0.00000000,0.00000000,0.00000000,0.00000000,0.03468088,0.00000000,0.01141961,0.00292641,0.00000000,0.00000000,0.00000000,0.00000000,0.00000000,0.00000000,0.00000000,0.00000000,0.00000000,0.00000000,0.00000000,0.00000000,0.00000000,0.00000000,0.00231870,0.00000000,0.00553118,0.00000000,0.00000000,0.00000000,0.00000000,0.00000000,0.00000000,0.11285187,0.00000000,0.01945523,0.00000000,0.05340587,0.00000000,0.00000000,0.00000000,0.00000000,0.00000000,0.00000000,0.00000000,0.00000000,0.00000000,0.00000000,0.00000000,0.00000000,0.00000000,0.00000000,0.00000000,0.00000000,0.00000000,0.00000000,0.00000000,0.00000000,0.00000000,0.00206474,0.00000000,0.00000000,0.00000000,0.00000000,0.00000000,0.00000000,0.00000000,0.00000000,0.38874705,0.00000000,0.02950810,0.07699680,0.00000000,0.00000000,0.00000000,0.00000000,0.00000000,0.00000000,0.00305173,0.01196635,0.00601607,0.00000000,0.00000000,0.00000000,0.00166620,0.00000000,0.00000000,0.00000000,0.00399814,0.00000000,0.00000000,0.00484607,0.01574898,0.00000000,0.00000000,0.00000000,0.00000000,0.00816746,0.00000000,0.00000000,0.00000000,0.00000000,0.00000000,0.00000000,0.00000000,0.00000000,0.00000000,0.00000000,0.00000000,0.00000000,0.00000000,0.00000000,0.00000000,0.02022303,0.00395694,0.00000000,0.00000000,0.01728377,0.00000000,0.00635554,0.00000000,0.00900006,0.00000000,0.00000000,0.00000000,0.00000000,0.00000000,0.00000000,0.00000000,0.00000000,0.00000000,0.00000000,0.00000000,0.00000000,0.00000000,0.00000000,0.00000000,0.00000000,0.00000000,0.00000000,0.00000000,0.00000000,0.00000000,0.00000000,0.00000000,0.00000000,0.00000000,0.00000000,0.00000000,0.00000000,0.00000000,0.00000000,0.00000000,0.00000000,0.00000000,0.00000000,0.00000000,0.00000000,0.00000000,0.00000000,0.00000000,0.00000000,0.00000000,0.00000000,0.00000000,0.00000000,0.00000000,0.00000000,0.00000000,0.00000000,0.00000000,0.00000000,0.00000000,0.00000000,0.00000000,0.01624698,0.00000000,0.00000000,0.00000000,0.00000000,0.00000000,0.00000000,0.00545291,0.00000000,0.00000000,0.00000000,0.00000000,0.00000000,0.00000000,0.00000000,0.00000000,0.00521284,0.00000000,0.00000000,0.00000000,0.00000000,0.00000000,0.00000000,0.00000000,0.00000000,0.00000000,0.00408793,0.01370601,0.00000000,0.00000000,0.00000000,0.00000000,0.00000000,0.00000000,0.00000000,0.00000000,0.00625943,0.00000000,0.00000000,0.00000000,0.00000000,0.00000000,0.00000000,0.00000000,0.00000000,0.00000000,0.00000000,0.03820228,0.00000000,0.00000000,0.01162328,0.00000000,0.00000000,0.00000000,0.00000000,0.00000000,0.00000000,0.00000000,0.00000000,0.00000000,0.00000000,0.00000000,0.00000000,0.00767886,0.00000000,0.00000000,0.00000000,0.00000000,0.00000000,0.00000000,0.00000000,0.00000000,0.00000000,0.00000000,0.00000000,0.00000000,0.00000000,0.00100122,0.00000000,0.00000000,0.00000000,0.00000000,0.00000000,0.00000000,0.00000000,0.00000000,0.00000000,0.00000000,0.00000000,0.00000000,0.00000000,0.00000000,0.00000000,0.00000000,0.00000000,0.00000000,0.00350000,0.00000000,0.00000000,0.00000000,0.00000000,0.00000000,0.00000000,0.00000000,0.00000000,1.41675983,0.00000000,0.00000000,0.00000000,0.00000000,0.00721920,0.00000000,0.00000000,0.00000000,0.00000000,0.00000000,0.00000000,0.00000000,0.00000000,0.00000000,0.00000000,0.00000000,0.00000000,0.00000000,0.00000000,0.02120879,0.00000000,0.00000000,0.00000000,0.00000000,0.00000000,0.00000000,0.00000000,0.00000000,0.00000000,0.00000000,0.00000000,0.00000000,0.00000000,0.00000000,0.00000000,0.00000000,0.00000000,0.00000000,0.00000000,0.00000000,0.02576743,0.00000000,0.00000000,0.02947852,0.00000000,0.00000000,0.00000000,0.00000000,0.00000000,1.66169838,0.00000000,0.00000000,0.00000000,0.00000000,0.00000000,0.00000000,0.00320781,0.00000000,0.00000000,0.00755244,0.00000000,0.00000000,0.00000000,0.00000000,0.00000000,0.00000000,0.01269533,0.00000000,0.00000000,0.00000000,0.00000000,0.00000000,0.00425168,0.00306953,0.00140225,0.00000000,0.00000000,0.10908267,0.00000000,0.00000000,0.00000000
0.00000000,0.00000000,0.00000000,0.00000000,0.00000000,0.00000000,0.00000000,0.00000000,0.00998914,0.00000000,0.00000000,0.00000000,0.00000000,0.00231864,0.00000000,0.00000000,0.26718522,0.00000000,0.00000000,0.00000000,0.00000000,0.00000000,0.00000000,0.00000000,0.00000000,0.00000000,0.00000000,0.00747499,0.00000000,0.00000000,0.00000000,0.00000000,0.00000000,0.00000000,0.03360768,0.00000000,0.00000000,0.00000000,0.00000000,0.03130167,0.00000000,0.00811481,0.00000000,0.00000000,0.00000000,0.00000000,0.00000000,0.00000000,0.00000000,0.00000000,0.04008285,0.00000000,0.00250387,0.00000000,0.00078285,0.00000000,0.00000000,0.00000000,0.00000000,0.00000000,0.00000000,0.00000000,0.00000000,0.00000000,0.00000000,0.00000000,0.00000000,0.00000000,0.00000000,0.00000000,0.00000000,0.00000000,0.00000000,0.00000000,0.00000000,0.00000000,0.00000000,0.00000000,0.00000000,1.03306329,0.00000000,0.00000000,0.03153589,0.00000000,2.96237448,0.00000000,0.00000000,0.00310291,0.00000000,0.00000000,0.00000000,0.00000000,0.00000000,0.00000000,0.00000000,0.00000000,0.00000000,0.00000000,0.00000000,0.00200150,0.00000000,0.01587667,0.00312171,0.00000000,0.00000000,0.00000000,0.00000000,0.00086211,0.00000000,0.00000000,0.00000000,0.00000000,0.00000000,0.00000000,0.00000000,0.00000000,0.00000000,0.00000000,0.00000000,0.01201209,0.00615335,0.17503621,0.00000000,0.00000000,0.00000000,0.00000000,0.00000000,0.00000000,0.00000000,0.00000000,0.00000000,0.00000000,0.01816741,0.03218371,0.00000000,0.00000000,0.00000000,0.00000000,0.00000000,0.00000000,0.02106877,0.00000000,0.00000000,0.00000000,0.05704476,0.00000000,0.00000000,0.00000000,0.00640304,0.00000000,0.62369515,0.00000000,0.00000000,0.00000000,0.00000000,0.00000000,0.00000000,0.00000000,0.00000000,0.00000000,0.00000000,0.00000000,0.00000000,0.00000000,0.00000000,0.00000000,0.00000000,0.00000000,0.00000000,0.00000000,0.00000000,0.00000000,0.00000000,0.00000000,0.00000000,0.00123519,0.00000000,0.00000000,0.00000000,0.00000000,0.00000000,0.00000000,0.00000000,0.02559624,0.53380275,0.00000000,0.00000000,0.00000000,0.00000000,0.00000000,0.00000000,0.00000000,0.00000000,0.00653011,0.09734134,0.00000000,0.00000000,0.00000000,0.00133217,0.00000000,0.00000000,0.38613605,0.00000000,0.00000000,0.00000000,0.00000000,0.00000000,0.00000000,0.00000000,0.00000000,0.00000000,1.27558044,0.00000000,0.00000000,0.00000000,0.00000000,0.00000000,0.00000000,0.00000000,0.00000000,0.00000000,0.00000000,0.02713882,0.00000000,0.00000000,0.01216762,0.00000000,0.00000000,0.00000000,0.00000000,0.00000000,0.00000000,0.00000000,0.00000000,0.00000000,0.00000000,0.00000000,0.00000000,0.00000000,0.00000000,0.00000000,0.01689883,0.00000000,0.00000000,0.00000000,0.00000000,0.00000000,0.00340681,0.00000000,0.00000000,0.00000000,0.00000000,0.00000000,0.00000000,0.00000000,0.00000000,0.00000000,0.00000000,0.00000000,0.00000000,0.00000000,0.00000000,0.00000000,0.00000000,0.00000000,0.00000000,0.01893143,0.00000000,0.00000000,0.00000000,0.00000000,0.00000000,0.05252985,0.00000000,0.00000000,0.00000000,0.00000000,0.00561028,0.00000000,0.00682711,0.00000000,0.00000000,0.00000000,0.00000000,0.00402112,0.00000000,0.00000000,0.00000000,0.00737204,0.01953200,0.00000000,0.00000000,0.00000000,0.00000000,0.00000000,0.00000000,0.00000000,0.00000000,0.00000000,0.00381545,0.00000000,0.00000000,0.00000000,0.00000000,0.00000000,0.00000000,0.00000000,0.00000000,0.00000000,0.00000000,0.00000000,0.00000000,0.00000000,0.94821458,0.00000000,0.00000000,0.00000000,0.16983104,0.00000000,0.00000000,0.00000000,0.00000000,0.00000000,0.00000000,0.00000000,0.00000000,0.00000000,0.00000000,0.00551103,0.02050824,0.00000000,0.00000000,0.21453769,0.00000000,0.00000000,0.00000000,0.00000000,0.06310715,0.00818623,0.00000000,0.00516611,0.00000000,0.00000000,0.00000000,0.00000000,0.01257720,0.00000000,0.00000000,0.00000000,0.00000000,0.00000000,0.00000000,0.00000000,0.00803164,0.00434687,0.00000000,0.00000000,0.00000000,0.00000000,0.00000000,0.00000000,0.00000000,0.00000000,0.00000000,0.00000000,0.00000000,0.00000000,0.00000000,0.00000000,0.00508754,0.00000000,0.00000000,0.00000000,0.00000000,0.00000000,0.00000000,0.00000000,0.00000000,0.11943435,0.00171914,0.00000000,0.00000000,0.00000000,0.00000000,0.00000000,0.00000000,0.00000000,0.00000000,0.00000000,0.00000000,0.00000000,0.00000000,0.00000000,0.00000000,0.00000000,0.00000000,0.03030367,0.00000000,0.00000000,0.00000000,0.00000000,0.23161210,0.00000000,0.00000000,0.00000000,0.00000000,0.00125921,0.00000000,0.00000000,0.00000000,0.00000000,0.00000000,0.00000000,0.00000000,0.00000000,0.00269260,0.00000000,0.00000000,0.00000000,0.00537880,0.00000000,0.00000000,0.00000000,2.35582003,0.00000000,0.00000000,0.00000000,0.00000000,0.00000000,0.00000000,0.00000000,0.00000000,0.00000000,0.00000000,0.00000000,0.00000000,0.00000000,0.00000000,0.00000000,0.00000000,0.00000000,0.16254063,0.00000000,0.00000000,0.00000000,0.00000000,0.00000000,0.00000000,0.00000000,0.00000000,0.05148436,0.00000000,0.00000000,0.00000000,0.00000000,0.00000000,0.00000000,0.00000000,0.00000000,0.00000000,0.00000000,0.00000000,0.00000000,0.00000000,0.00000000,0.00000000,0.00000000,0.00000000,0.00000000,0.00000000,0.00000000,0.00000000,0.00000000,0.00000000,0.00000000,0.00000000,0.00000000,0.02568646,0.00000000,0.00000000,0.00000000,4.04754129,0.00198375,0.00000000,0.00000000,0.00000000,0.00000000,0.00000000,0.00000000,0.00000000,0.00000000,0.00000000,0.00125637,0.00000000,0.00000000,0.00000000,0.25471610,0.00000000,0.00000000,0.00000000,0.00000000,0.00000000,0.04385111,0.00000000,0.00000000,0.00748158,0.00000000,0.00000000,0.00000000,0.01635529,0.00000000,0.00000000,0.00000000,0.00000000,0.00000000,0.00000000,0.00000000,0.00000000,0.00000000,0.00302713,0.00000000,0.00000000,0.00000000,0.00000000,0.00000000,0.00000000,0.00000000,0.00000000,0.00000000,0.76615263,0.00000000,0.02428442,0.09994263,0.00000000,0.00568787,0.00000000,0.00000000,0.00000000,0.00000000,0.00000000,0.00000000,0.00000000,0.00000000,0.00000000,0.00000000,0.00000000,0.00000000,0.00000000,0.00000000,0.00000000,0.00000000,0.00000000,0.00000000,0.00000000,0.00000000,0.00000000,0.00120945,0.00000000,0.00000000,0.00000000,0.00000000,0.00000000,0.00000000,0.00000000,0.00000000,0.00286955,0.00000000,0.00000000,0.00000000,0.00000000,0.00000000,0.00000000,0.00000000,0.00000000,0.00000000,0.00000000,0.00000000,0.00000000,0.00000000,0.00000000,0.00000000,0.00000000,0.00000000,0.00832396,0.00000000,0.00000000,0.00000000,0.00000000,0.00000000,0.00000000,0.00000000,0.00000000,0.00000000,0.00000000,0.00000000,0.00000000,0.00000000,0.00000000,0.00000000,0.00000000,0.00000000,0.00000000,0.00000000,0.00000000,0.00000000,0.00000000,0.00000000,0.00000000,0.00000000,0.00000000,0.00000000,0.00000000,0.06527218,0.00000000,0.00000000,0.00000000,0.00000000,0.00000000,0.00000000,0.00000000,0.00000000,0.00000000,0.00000000,0.03762490,0.00000000,0.00000000,0.03802820,0.00000000,0.00000000,0.00000000,0.00000000,0.00000000,0.00000000,0.00000000,0.02900131,0.00000000,0.00000000,0.00000000,0.00255365,0.00000000,0.00000000,0.00000000,0.00000000,0.00000000,0.00000000,0.00000000,0.00000000,0.00000000,4.02947086,0.00000000,0.00000000,0.00000000,0.00000000,0.00000000,0.00000000,0.00415127,0.00000000,0.00000000,0.00000000,0.00000000,0.00767870,0.08191957,0.00000000,0.00000000,0.00000000,0.00000000,0.00000000,0.00346764,0.00000000,0.03822131,0.02326701,0.00000000,0.01644133,0.00000000,0.00000000,0.00118150,0.00000000,0.00000000,0.00000000,0.02769870,0.00000000,0.00000000,0.00000000,0.00000000,0.00000000,0.00000000,0.00000000,0.00000000,0.00388538,0.00000000,0.00000000,0.00000000,0.00000000,0.00000000,0.00471916,0.00000000,0.00000000,0.00000000,0.00000000,0.00000000,0.00000000,0.00000000,0.00000000,0.00000000,0.00000000,0.00000000,0.00000000,0.00000000,0.00000000,0.00000000,0.04294507,0.00000000,0.00000000,0.00000000,0.00499507,0.00000000,0.00000000,0.00000000,0.00000000,0.00000000,0.00000000,0.00000000,0.00000000,0.00000000,0.00000000,0.00000000,0.00000000,0.00000000,0.00000000,0.00000000,0.00000000,0.00000000,0.00000000,0.00000000,0.02731898,0.00000000,0.00000000,0.00000000,0.00000000,0.02577397,0.00000000,0.00800829,0.00000000,0.00203680,0.00000000,0.00000000,0.00000000,0.00000000,0.00000000,0.00000000,0.00000000,0.00000000,0.00000000,0.00000000,0.00000000,0.00000000,0.00798201,0.00000000,0.00805070,0.00000000,0.00000000,0.00000000,0.00000000,0.00000000,0.00000000,0.00000000,0.00000000,0.00000000,0.00000000,0.00000000,0.00000000,0.00000000,0.00117919,0.00000000,0.00000000,0.00508931,0.00000000,0.00000000,0.00000000,0.00000000,0.00000000,0.00000000,0.00000000,0.00000000,0.00000000,0.04633576,0.00000000,0.00000000,0.00000000,0.00000000,0.00000000,0.00000000,0.00000000,0.00000000,0.00000000,0.00692107,0.00000000,0.00000000,0.00000000,0.00000000
0.00243477,0.00000000,0.00000000,0.00000000,0.00000000,0.00000000,0.00000000,0.00000000,0.00000000,0.00000000,0.00000000,0.00000000,0.00177101,0.00000000,0.00000000,0.00000000,0.00000000,0.00000000,0.00000000,0.00000000,0.08059074,0.00000000,0.00000000,0.00000000,0.00000000,0.00000000,0.00000000,0.00000000,0.00000000,0.00000000,0.00000000,0.00110147,0.00000000,0.00177736,0.00000000,0.00211988,0.00000000,0.00000000,0.00000000,0.00000000,0.00000000,0.00000000,0.00000000,0.00000000,0.00000000,0.00000000,0.00000000,0.00000000,0.00000000,0.00000000,1.25254636,0.00529538,0.00000000,0.00000000,0.00000000,0.00000000,0.00000000,0.00000000,0.00000000,0.00000000,0.01366538,0.00000000,0.00000000,0.00000000,0.00000000,0.00000000,0.00000000,0.27282079,0.00000000,0.00000000,0.00200611,0.00000000,0.00000000,0.00000000,0.00000000,0.00000000,0.00000000,0.00000000,0.00000000,0.00000000,0.00000000,0.00000000,0.00000000,0.00000000,0.67476052,0.00000000,0.00000000,0.00000000,0.00000000,0.00000000,0.00000000,0.02657076,0.00000000,0.00000000,0.01374997,0.00000000,0.00000000,0.00000000,0.00000000,0.00163560,0.00000000,0.00000000,0.00000000,0.00000000,0.00000000,0.00000000,0.00000000,0.00177217,0.00000000,0.00000000,0.00000000,0.00636359,0.00000000,0.00000000,0.00000000,0.08928056,0.00000000,0.00000000,0.00000000,0.00000000,0.00000000,0.00000000,0.00000000,0.00000000,0.00000000,0.00000000,0.00000000,0.00000000,0.00000000,0.00000000,0.00000000,0.00000000,0.00000000,0.00000000,0.00000000,0.00000000,0.00000000,0.00000000,0.00000000,0.00000000,0.00000000,0.13724590,0.00000000,0.00000000,0.00000000,0.00000000,0.00000000,0.00000000,0.00209410,0.00000000,0.00000000,0.00758294,0.00000000,0.00000000,0.00000000,0.00550296,0.00000000,0.00408570,0.00000000,0.00000000,0.00000000,0.00277898,0.08163132,0.00000000,0.00000000,0.25745385,0.00000000,0.00000000,0.00000000,0.00124986,0.00000000,0.00000000,0.00000000,0.00769606,0.00000000,0.00000000,0.00141989,0.00000000,0.00000000,0.00000000,0.00000000,0.00000000,0.00000000,0.08178075,0.00176596,0.00000000,0.00000000,0.00000000,0.08508567,0.00000000,0.00000000,0.00000000,0.00000000,0.00000000,0.00000000,0.00000000,0.00000000,0.00915148,0.00000000,0.00000000,0.00000000,0.00000000,0.00000000,0.00000000,0.00000000,0.00000000,0.00000000,0.00000000,0.00000000,0.00000000,0.00000000,0.00000000,0.00000000,0.00000000,0.00000000,0.00000000,0.00000000,0.00000000,0.00000000,0.00000000,0.00000000,0.00000000,0.00000000,0.00000000,0.00000000,2.09539570,0.00000000,0.00000000,0.00000000,0.00000000,0.00518278,0.00000000,0.00000000,0.00000000,0.00000000,0.00000000,0.00000000,0.00000000,0.00000000,0.00000000,0.00000000,0.00000000,0.00000000,0.00000000,2.15962871,0.00000000,0.00000000,0.00000000,0.00000000,0.00000000,0.00000000,0.00000000,0.00000000,0.06066523,0.00176408,0.00000000,0.00000000,0.00000000,0.00000000,0.00000000,0.00000000,0.00000000,0.00319231,0.00000000,0.00000000,1.16345238,0.00000000,0.30844736,0.00000000,0.00000000,0.00000000,0.00000000,0.00000000,0.00000000,0.00000000,0.00000000,0.00000000,0.00000000,0.00000000,0.00000000,0.00000000,0.00000000,0.00000000,0.00000000,0.00000000,0.00000000,0.00000000,0.00000000,0.00000000,0.00261740,0.00000000,0.00000000,0.00000000,0.00000000,0.00000000,0.00458060,0.00000000,0.00000000,0.00238055,0.00000000,0.00628275,0.00288568,0.00000000,0.00000000,0.83298459,0.00302482,0.00000000,0.00000000,0.00000000,0.00000000,0.00000000,0.00000000,0.00000000,0.00000000,0.02547416,0.00416879,0.00000000,0.00000000,0.00000000,0.00000000,0.00000000,0.00000000,0.00000000,0.02120625,0.00000000,0.00000000,0.00000000,0.00000000,0.00000000,0.00000000,0.00000000,0.00754421,0.00000000,0.00000000,0.00000000,0.00000000,0.00000000,0.02582300,0.00000000,0.00522014,0.00000000,0.00000000,0.00000000,0.00000000,0.00000000,0.00000000,0.00000000,0.00000000,0.00000000,0.00000000,0.00000000,0.00000000,0.00000000,0.00000000,0.00000000,0.00000000,0.00000000,0.00000000,0.10014290,0.01503468,0.00000000,0.00000000,0.00000000,0.00000000,0.00000000,0.00000000,0.00000000,0.00000000,0.01916767,0.00000000,0.00000000,0.00000000,0.00000000,0.00000000,0.00000000,0.00000000,0.00000000,0.00000000,0.00000000,0.00000000,0.00000000,0.00000000,0.00000000,0.00000000,0.00000000,0.00000000,0.00000000,0.00000000,0.00000000,0.00000000,0.00000000,0.00000000,0.00102497,0.00000000,0.00000000,0.00000000,0.00000000,0.00000000,0.00668052,0.00000000,0.00000000,0.00000000,0.00000000,0.00000000,0.00000000,0.00000000,0.00722385,0.00000000,0.00000000,0.00000000,0.00000000,0.02137564,0.00000000,0.00000000,0.00000000,0.00000000,0.00000000,0.00000000,0.00000000,0.01413887,0.12208693,0.12884827,0.00000000,0.00000000,0.00000000,0.00000000,0.00000000,0.00558239,0.00000000,0.00000000,0.00000000,0.00000000,0.00000000,0.00000000,0.00082493,0.00000000,0.00000000,0.00000000,0.00000000,0.00000000,0.00000000,0.00000000,0.00735395,0.00000000,0.00000000,0.00000000,0.00000000,0.00000000,0.00000000,0.00000000,0.00000000,0.00000000,0.03998627,0.00000000,0.00000000,0.00493369,0.00000000,0.00000000,0.00000000,0.00535764,0.00000000,0.00000000,0.00000000,0.00000000,0.01296827,0.01669925,0.00000000,0.00000000,0.00000000,0.00000000,0.00000000,0.00000000,0.00000000,0.00000000,0.00000000,0.00000000,0.00000000,0.00000000,0.00000000,0.00000000,0.00000000,0.14167464,0.00000000,0.00000000,0.00000000,0.00000000,0.00000000,0.00000000,0.00000000,0.00000000,0.00000000,0.00000000,0.00197876,0.00158434,0.00000000,0.00000000,0.00000000,0.00125352,0.00000000,0.00000000,0.00000000,0.00000000,0.00000000,0.00000000,0.00472333,0.00000000,0.00000000,0.00000000,1.53024753,0.00000000,0.00000000,0.00000000,0.00000000,0.00000000,0.00000000,0.00000000,0.00000000,0.00363411,0.00000000,0.00000000,0.00000000,0.00000000,0.00000000,0.00000000,0.00747371,0.00639128,0.00000000,0.00000000,0.00000000,0.00000000,0.00000000,0.00000000,0.00000000,0.00000000,0.00000000,0.00000000,0.00000000,0.03632693,0.00000000,0.00000000,0.00000000,0.00000000,0.00706556,0.00000000,0.00000000,0.00000000,0.01941444,0.00000000,0.00000000,0.00000000,0.00000000,0.00000000,0.00267141,0.00000000,0.00000000,0.00000000,0.00000000,0.00000000,0.01082839,0.00000000,0.00000000,0.03982395,0.00000000,0.00000000,0.00000000,0.00000000,0.00000000,0.00000000,0.00000000,0.00000000,0.00000000,0.00000000,0.00000000,0.00000000,0.00000000,0.00000000,0.00000000,0.02388155,0.00000000,0.00000000,0.00000000,0.00000000,0.00000000,0.00000000,0.00000000,0.00363657,0.00000000,0.14450469,0.00000000,0.00000000,0.19338727,0.00000000,0.00000000,0.00593928,0.00000000,0.00000000,0.00000000,0.00000000,0.00000000,0.00000000,0.00000000,0.00000000,0.01333040,0.00000000,0.00000000,0.00000000,0.00000000,0.00000000,0.00000000,0.00000000,0.00000000,0.00000000,0.00000000,0.00000000,0.00000000,0.00000000,0.00000000,0.00000000,0.00000000,0.00000000,0.00000000,0.00000000,0.00000000,0.00000000,0.00000000,0.00000000,0.00000000,0.00521284,0.00000000,0.00000000,0.00000000,0.00000000,0.00000000,0.00000000,0.00000000,0.76887549,0.00000000,0.00000000,0.00187968,0.00000000,0.00000000,0.00000000,0.00000000,0.00000000,0.00319889,0.00000000,0.00000000,0.00000000,0.00000000,0.00000000,0.00000000,0.00000000,0.00000000,0.00000000,0.00000000,0.00000000,0.00000000,0.00000000,0.00000000,0.00000000,0.00000000,0.00000000,0.00000000,0.00000000,0.00000000,0.00000000,0.00000000,0.00000000,0.00000000,0.00000000,0.00000000,0.00000000,0.00000000,0.00000000,0.10578377,0.00000000,0.00000000,0.00000000,0.00000000,0.00121458,0.18208858,0.00000000,0.00000000,0.00000000,0.00000000,0.00000000,0.00000000,0.00000000,0.00000000,0.00000000,0.00000000,0.00000000,0.00000000,0.00000000,0.00000000,0.00000000,0.00000000,0.00000000,0.00000000,0.03151732,0.07421536,0.00000000,0.00000000,0.00000000,0.00000000,0.00000000,0.00000000,0.05802742,0.00000000,0.00000000,0.00000000,0.00000000,0.00000000,0.00000000,0.00000000,0.00000000,0.00000000,0.00000000,0.04726900,0.00000000,0.00000000,0.00000000,0.00000000,0.00000000,0.00000000,0.08443072,0.00000000,0.00000000,0.00000000,0.00000000,0.00000000,0.02198469,0.06520858,0.00000000,0.00000000,0.00000000,0.00000000,0.00000000,0.00000000,0.00190794,0.00000000,0.00000000,0.00000000,0.01249449,0.00000000,0.03982688,0.02071068,0.00000000,0.00000000,0.00000000,0.00000000,0.00000000,0.00000000,0.00000000,0.00000000,0.00000000,0.00000000,0.00000000,0.00000000,0.00000000,0.00000000,0.00000000,0.00000000,0.00000000,0.00000000,0.00000000,0.00000000,0.00000000,0.00000000,0.00000000,0.00000000,0.00000000,0.00000000,0.00092362,0.00000000,0.00000000,0.00000000,0.00000000,0.00000000,0.00000000,0.00000000,0.00000000,0.00000000,0.00000000,0.00000000,0.00000000,0.00000000,0.00000000,0.00000000,0.00000000,0.00000000,0.00000000,0.04694601,0.00000000,0.00752026,0.00000000,0.00000000,0.00000000,0.00000000,0.00000000
0.00000000,0.00000000,0.00097415,0.00000000,0.00000000,0.00000000,0.00000000,0.00000000,0.00000000,0.00000000,0.00000000,0.00000000,0.00000000,0.00000000,0.00000000,0.00000000,0.00000000,0.00000000,0.00000000,0.20462999,0.00000000,0.00000000,0.14848929,0.00000000,0.00000000,0.00000000,0.00000000,0.00000000,0.00000000,0.00000000,0.00000000,0.00000000,0.00000000,0.00000000,0.00000000,0.00000000,0.00981331,0.00000000,0.00000000,0.00455178,0.00000000,0.00000000,0.00000000,0.00000000,0.00000000,0.00000000,0.00000000,0.00121315,0.00000000,0.00000000,0.00000000,0.00000000,0.00000000,0.00000000,0.00000000,0.00000000,0.00000000,0.00000000,0.00950423,0.00000000,0.00000000,0.00000000,0.00000000,0.00939550,0.00000000,0.00000000,5.21979622,0.00000000,0.00000000,0.00000000,0.00000000,0.00000000,0.01588660,0.00000000,0.00000000,0.00000000,0.00000000,0.00000000,0.00000000,0.00000000,0.00000000,0.00000000,0.01044815,0.00000000,0.00000000,0.00000000,0.00000000,0.00000000,0.00000000,0.00000000,0.00633782,0.00000000,0.00000000,0.00000000,0.00246581,0.02742724,0.00000000,0.00123769,0.00000000,0.00000000,0.00000000,0.00000000,0.00000000,0.00000000,0.00000000,0.29872875,0.00000000,0.00000000,0.00000000,0.00000000,0.00000000,0.00000000,0.00000000,0.00000000,0.00000000,0.00000000,0.00000000,0.00000000,0.00744672,0.00000000,0.00000000,0.00000000,0.00000000,0.00000000,0.00000000,0.05090804,0.00000000,0.00000000,0.00000000,0.00000000,0.00000000,0.00000000,0.00000000,0.00000000,0.00000000,0.00000000,0.00000000,0.02066384,0.00000000,0.10603808,0.01136089,0.00000000,0.00000000,0.00000000,0.69729705,0.18112894,0.01924023,0.00000000,0.02030092,0.68919992,0.00000000,0.00000000,0.00000000,0.00000000,0.00000000,0.00000000,0.00000000,0.00000000,0.00000000,0.00000000,0.00000000,0.00000000,0.00000000,0.00000000,0.00000000,0.00000000,0.00000000,0.00000000,0.00000000,0.00000000,0.00000000,0.00000000,0.00000000,0.00000000,0.00000000,0.00000000,0.00000000,0.00000000,0.00330940,0.00000000,0.00000000,0.00000000,0.00000000,0.00000000,0.00000000,0.00000000,0.00000000,0.00000000,0.00000000,0.00000000,0.00000000,0.00098875,0.00000000,0.00000000,0.00000000,0.00311597,0.00000000,0.05334636,0.00000000,0.00000000,0.00000000,0.00000000,0.00000000,0.00000000,0.00000000,0.00000000,0.00000000,0.00000000,0.00000000,0.00000000,0.00000000,0.00000000,0.00000000,0.00000000,0.00000000,0.00000000,0.00000000,0.00405585,0.00000000,0.00000000,0.00000000,0.07406410,0.00000000,0.00000000,0.05053146,0.00330006,0.00000000,0.00000000,0.00000000,0.00000000,0.00000000,0.00000000,0.00000000,0.00000000,0.00000000,0.00000000,0.00000000,0.00000000,0.00000000,0.00000000,0.00000000,0.00000000,0.00000000,0.00000000,0.00000000,0.00000000,0.00000000,0.00000000,0.00000000,0.00000000,0.01836747,0.00000000,0.01291914,0.00000000,0.00000000,0.00000000,0.00000000,0.00000000,0.00000000,0.00000000,0.00000000,0.00000000,0.00000000,0.00000000,0.00000000,0.00000000,0.01614372,0.00000000,0.00572666,0.00000000,0.00000000,0.00429952,0.02739768,0.00000000,0.00000000,0.00000000,0.00000000,0.00000000,0.00392871,0.00000000,0.00000000,0.00000000,0.00000000,0.00000000,0.00000000,0.00000000,0.00000000,0.00000000,0.00000000,0.00000000,0.00000000,0.00000000,0.00000000,0.00000000,0.00000000,0.00072085,0.00937130,0.00000000,0.00528521,0.00000000,0.00000000,0.00000000,0.00000000,0.00000000,0.00000000,0.00000000,0.00000000,0.00000000,0.00000000,0.00000000,0.00000000,0.00000000,0.00000000,0.00000000,0.00000000,0.00000000,0.00000000,0.00000000,0.12793605,0.00546541,0.00000000,0.00000000,0.00000000,0.00000000,0.00000000,0.00368622,0.00000000,0.00000000,0.00000000,0.00000000,0.00000000,0.00000000,0.00000000,0.00000000,0.00000000,0.00000000,0.00000000,0.00000000,0.00000000,0.00000000,0.00000000,0.00000000,0.00000000,0.00000000,0.11169694,0.00000000,0.08068525,0.00000000,0.00000000,0.00000000,0.00000000,0.00197378,0.00000000,0.00000000,0.00000000,0.00000000,0.00000000,0.00000000,0.00000000,0.36646884,0.00000000,0.00000000,0.00000000,0.00355110,0.00712078,0.00000000,0.00000000,0.00000000,0.00000000,0.00000000,0.00000000,0.00000000,0.00248128,0.00181049,0.00000000,0.00000000,0.00000000,0.00000000,0.00451901,0.00327305,0.00000000,0.00000000,0.01500155,0.00000000,0.00000000,0.00000000,0.00000000,0.00000000,0.00000000,0.00389321,0.00000000,0.00000000,0.97492899,0.00000000,0.00000000,0.00000000,0.00000000,0.00000000,0.00000000,0.00000000,0.00000000,0.00000000,0.00000000,0.00000000,0.00000000,0.00509344,0.00000000,0.00000000,0.00000000,0.00000000,0.00000000,0.00000000,0.00000000,0.00000000,0.00000000,0.00000000,0.00000000,0.00000000,0.00000000,0.00000000,0.00000000,0.00000000,0.00000000,0.00000000,0.00000000,0.00000000,0.00000000,0.00000000,0.00000000,0.00000000,1.27519807,0.00000000,0.00000000,0.00000000,0.00000000,0.00000000,0.00000000,0.00000000,0.00000000,0.30466954,0.00000000,0.01195705,0.00000000,0.00000000,0.00000000,0.00000000,0.00000000,0.00000000,0.00000000,0.00000000,0.00000000,0.00000000,0.00000000,0.00000000,0.00000000,0.00000000,0.00000000,0.00000000,0.00000000,0.00000000,0.00107952,0.00000000,0.00000000,0.00000000,0.00000000,0.00000000,0.00000000,0.00000000,0.00556582,0.00000000,0.00000000,0.00000000,0.00000000,0.00000000,0.00000000,0.00000000,0.00000000,0.00000000,0.00000000,0.00000000,0.00000000,0.00000000,0.00000000,0.00000000,0.00000000,0.00000000,0.00000000,0.00000000,0.00000000,0.00000000,0.00000000,0.00000000,0.00000000,0.00000000,0.00000000,0.00000000,0.00000000,0.00193519,0.00000000,0.00236336,0.00000000,0.00000000,0.00000000,0.07722058,0.00000000,0.00000000,0.00000000,0.00000000,0.00000000,0.00000000,0.02950675,0.00000000,0.00000000,4.86726388,0.00000000,0.00301898,0.00000000,0.00000000,0.00000000,0.00000000,0.17601419,0.00000000,0.00000000,0.00000000,0.07264998,0.00000000,0.00000000,0.27389741,0.00000000,0.03623065,0.00000000,0.00000000,0.00000000,0.00000000,0.00000000,0.00000000,0.00000000,0.00000000,0.00206282,0.00000000,0.00000000,0.00000000,0.00000000,0.00000000,0.00000000,0.00000000,0.00000000,0.01410915,0.04605395,0.00000000,0.00000000,0.00000000,0.00000000,0.00000000,0.00000000,0.00000000,0.00000000,0.00000000,0.00000000,0.00000000,0.00000000,0.00000000,0.00000000,0.00000000,0.00000000,0.00000000,0.00000000,0.00000000,0.00000000,0.00000000,0.00000000,0.00000000,0.00000000,0.00000000,0.00083156,0.00000000,0.00000000,0.00000000,0.00000000,0.01498089,0.00000000,0.00000000,0.00000000,0.00414291,0.00000000,0.00000000,0.00000000,0.00000000,0.00000000,0.00502728,0.00000000,0.00693233,0.00000000,0.00000000,0.00309530,0.00000000,0.00000000,0.00000000,0.00323620,0.00000000,0.00000000,0.00000000,0.00000000,0.00000000,0.00091879,0.00000000,0.00000000,0.00000000,0.00000000,0.00000000,0.83026215,0.00000000,0.00000000,0.00000000,0.00000000,0.00000000,0.00000000,0.00000000,0.00000000,0.00000000,0.54439376,0.00000000,0.00000000,0.00000000,0.00000000,0.00000000,0.00000000,0.00000000,0.00000000,0.00000000,0.00000000,0.00000000,0.00000000,0.00000000,0.00000000,0.00000000,0.00000000,0.01548226,0.00000000,0.00000000,0.00000000,0.02387761,0.00000000,0.00000000,0.00000000,0.00000000,0.00179821,0.00000000,0.00000000,0.02470118,0.00000000,0.00000000,0.00000000,0.00000000,0.00000000,0.03960228,0.00000000,0.00000000,0.00000000,0.00000000,0.00000000,0.04145885,0.00000000,0.00000000,0.00000000,0.00000000,0.00077171,0.00000000,0.00000000,0.00000000,0.00278416,0.00000000,0.00000000,0.00000000,0.00000000,0.24261217,0.00000000,0.00000000,0.00000000,0.00000000,0.00000000,0.00000000,0.00000000,0.00000000,0.00000000,0.00000000,0.00000000,0.00000000,0.00128239,0.00000000,0.00000000,0.00000000,0.00000000,0.00000000,0.00000000,0.00000000,0.00000000,0.00000000,0.00000000,0.00000000,0.00000000,0.00000000,0.00000000,0.00000000,0.00000000,0.00000000,0.00000000,0.00000000,0.00000000,0.00000000,0.00000000,0.00000000,0.00000000,0.00000000,0.00796599,0.00000000,0.00000000,0.00000000,0.00000000,0.00000000,0.00000000,0.00000000,0.00000000,0.00000000,0.00000000,0.00000000,0.00000000,0.01379122,0.00000000,0.00000000,0.00000000,0.00000000,0.00000000,0.00000000,0.00000000,0.00000000,0.00000000,0.00000000,0.00387413,0.00189090,0.00000000,0.00000000,0.00000000,0.00657413,0.00000000,0.00311071,0.00000000,0.01078850,0.00000000,0.00414067,0.00000000,0.00000000,0.00000000,0.00000000,0.00000000,0.00000000,0.00000000,0.00000000,0.00000000,0.00100676,0.00000000,0.00000000,0.00000000,0.00000000,0.00000000,0.00000000,0.00000000,0.01379490,0.00000000,0.00000000,0.00000000,0.00000000,0.00000000,0.00000000,0.00000000,0.00313844,0.03444616,0.00000000,0.00686279,0.00000000,0.00000000,0.00000000,0.00000000,0.00000000,0.00000000,0.00000000,0.00000000,0.01057493,0.00000000,0.00000000,0.00000000,0.11218177,0.00000000,0.00000000,0.00000000,0.00000000,0.00000000,0.00000000,0.00000000,0.00000000
0.00000000,0.00000000,0.00000000,0.00000000,0.00350805,0.00000000,0.00000000,0.00000000,0.00000000,0.00000000,0.00000000,0.00000000,0.00000000,0.00000000,0.00000000,0.00000000,0.00000000,0.00000000,0.00000000,0.01653093,0.00000000,0.00000000,0.00000000,0.00000000,0.00000000,0.00000000,0.00000000,0.03608387,0.00000000,0.00000000,0.00000000,0.00000000,0.00000000,0.00000000,0.00000000,0.00000000,0.00000000,0.00445864,0.10359908,0.00000000,0.00000000,0.03979882,0.00000000,0.00000000,0.00000000,0.00000000,0.00000000,0.00000000,0.00000000,0.00000000,0.00000000,0.00000000,0.01571359,0.00000000,0.00000000,0.00000000,0.00000000,0.00538345,0.00000000,0.00000000,0.00000000,0.00000000,0.00000000,0.00000000,0.00000000,0.00000000,0.00829310,0.00000000,0.00000000,0.00000000,0.00000000,0.00000000,0.00000000,0.00000000,0.00000000,0.00000000,0.00000000,0.00000000,0.00000000,0.00000000,0.00000000,0.00185539,0.00000000,0.00000000,0.01290279,0.00000000,0.00000000,0.00510857,0.00000000,0.15877832,0.00000000,0.00000000,0.00000000,0.00000000,0.00000000,0.00000000,0.22435078,0.00376692,0.00000000,0.00000000,0.00000000,0.00000000,0.00000000,0.00000000,0.00000000,0.00000000,0.00000000,0.00000000,0.00000000,0.00000000,0.00000000,0.00000000,0.00000000,0.00138600,0.00000000,0.00000000,0.00000000,0.00000000,0.00000000,0.00000000,0.00000000,0.00000000,0.00000000,0.00757407,0.00000000,0.00000000,0.00000000,0.00000000,0.00000000,0.00619141,0.00000000,0.00167117,0.00000000,0.00000000,0.00242373,0.00000000,0.00000000,0.00000000,0.00000000,0.00000000,0.00000000,0.00000000,0.00000000,0.00000000,0.00000000,0.00000000,0.04044550,0.00000000,0.00000000,0.00000000,0.00193815,0.00000000,0.00000000,0.00000000,0.00000000,0.00000000,0.00000000,0.00187452,0.00000000,0.00000000,0.00000000,0.00000000,0.00000000,0.08036494,0.00000000,0.00000000,0.00000000,0.00000000,0.00000000,0.00823982,0.00000000,0.00000000,0.00000000,0.00000000,0.00000000,0.00000000,0.00000000,0.00000000,0.00869192,0.00000000,0.00000000,0.00000000,0.00000000,0.00000000,0.00000000,0.00000000,0.00000000,0.00000000,0.00626056,0.00000000,0.00000000,0.00000000,0.00000000,0.00000000,0.00000000,0.02087630,0.00144228,0.00000000,0.00175693,0.00000000,0.00000000,0.00000000,0.00000000,0.08816474,0.00000000,0.00000000,0.06432186,0.00000000,0.00000000,0.00000000,0.00000000,0.00000000,0.00454166,0.07200925,0.00000000,0.00975604,0.00000000,0.00000000,0.00000000,0.00288020,0.00000000,0.00000000,0.00000000,0.00000000,0.00000000,0.00000000,0.00000000,0.00000000,0.00000000,0.00000000,0.00000000,0.00000000,0.00000000,0.00000000,0.00000000,0.00000000,0.00000000,0.00000000,0.00081051,0.00137748,0.00000000,0.09147049,0.00000000,0.00000000,0.01099311,0.00000000,0.00343479,0.00000000,0.00000000,0.00000000,0.00000000,0.00000000,0.00000000,0.00000000,0.00000000,0.00000000,0.00000000,0.00000000,0.00000000,0.00000000,0.00000000,0.00000000,0.00000000,0.00000000,0.00000000,0.00000000,0.00000000,0.00000000,0.00000000,0.01012607,0.00000000,0.00000000,0.00000000,0.00000000,0.00000000,0.00000000,0.00000000,0.00000000,0.01212557,0.00000000,0.00000000,0.00000000,0.00000000,0.00000000,0.00000000,0.30119013,0.00000000,0.00000000,0.00000000,0.00000000,0.00000000,0.00000000,0.00000000,0.03290522,0.00000000,0.00000000,0.00000000,0.04095545,0.00000000,0.00877326,0.00000000,0.00000000,0.00469645,0.05408009,0.00000000,0.00000000,0.00000000,0.72799342,0.00000000,0.00000000,0.00000000,0.00000000,0.00180057,0.00000000,0.00000000,0.00000000,0.00000000,0.00000000,0.00000000,0.00000000,0.01642784,0.00000000,0.00000000,0.00000000,0.00000000,0.00000000,0.00000000,0.00000000,0.00000000,0.00000000,0.00253218,0.00000000,0.00000000,0.00000000,0.00000000,0.00000000,0.00000000,0.00000000,0.00000000,0.00000000,0.01713584,0.00000000,0.00000000,0.01843329,0.00000000,0.00000000,0.00000000,0.00000000,0.00000000,0.00000000,0.00109301,0.00000000,0.05053939,0.00000000,0.00000000,0.00000000,0.00000000,0.00000000,0.02325406,0.00000000,0.00000000,0.00000000,0.00000000,0.34493728,0.00000000,0.00000000,0.00000000,0.00000000,0.00000000,0.00103689,0.00476710,0.00000000,0.00000000,0.00000000,0.00000000,0.00000000,0.00585589,0.00000000,0.00000000,0.00000000,0.00000000,0.00000000,0.00000000,0.00000000,0.00000000,0.00000000,0.00000000,0.00000000,0.00000000,0.00000000,0.00000000,0.00000000,0.00000000,0.00000000,0.00000000,0.00000000,0.00000000,0.00000000,0.00000000,0.00000000,0.03726535,0.00000000,0.00000000,0.00000000,0.00000000,0.00000000,0.00000000,0.00000000,0.00000000,0.00000000,0.00000000,0.00000000,0.00000000,0.00000000,0.00000000,0.00000000,0.00000000,0.00000000,0.00000000,0.00000000,0.00000000,0.00000000,0.00000000,0.00000000,0.00000000,0.00000000,0.00000000,0.00249787,0.00000000,0.00000000,0.00000000,0.00000000,0.00000000,0.00000000,0.00406459,0.00000000,0.00000000,0.00000000,0.02630040,0.00000000,0.00156697,0.00000000,0.00000000,0.00000000,0.00000000,0.00000000,0.00000000,0.00000000,0.00000000,0.00000000,0.00000000,0.00000000,0.00000000,0.00266801,0.00000000,0.00000000,0.00000000,0.00000000,0.00419422,0.00000000,0.00000000,0.00000000,0.00000000,0.00000000,0.00000000,0.00000000,0.19789730,0.01247907,0.01070096,0.07246462,0.00741900,0.00000000,0.00000000,0.00000000,0.00000000,0.00000000,0.00000000,0.00000000,0.00000000,0.00000000,0.00000000,0.00000000,0.00000000,0.00000000,0.00130012,0.00786316,0.00000000,0.00000000,0.00000000,0.00000000,0.00000000,0.00000000,0.00000000,0.00000000,0.00000000,0.00206459,0.00000000,0.00000000,0.00000000,0.00000000,0.00000000,0.00000000,0.00000000,0.00000000,0.00000000,0.00000000,0.00000000,0.00125119,0.00000000,0.00000000,0.00000000,0.03623684,0.00000000,0.00000000,0.00000000,0.00000000,0.00000000,0.00000000,0.00000000,0.00000000,0.00000000,0.35473306,0.00000000,0.00000000,0.00000000,0.00000000,0.00000000,0.00000000,0.00000000,0.00000000,0.00000000,0.00000000,0.00000000,0.00814093,0.00000000,0.00000000,0.00000000,0.00000000,0.00000000,0.00000000,0.00570367,0.00000000,0.00000000,0.00000000,0.00865397,0.00000000,0.00000000,0.00000000,0.00000000,0.00000000,0.00000000,0.00000000,0.00000000,0.00000000,0.00000000,0.00000000,0.00000000,0.00000000,0.00000000,0.00000000,0.00110871,0.00000000,0.00000000,0.00000000,0.00100862,0.00000000,0.00000000,0.00000000,0.00000000,0.00000000,0.00000000,0.00000000,0.00444487,0.00479999,0.00491833,0.00000000,0.00000000,0.00000000,0.00000000,0.00000000,0.00000000,0.00000000,0.00000000,0.00000000,0.00000000,0.00000000,0.00000000,0.00000000,0.00000000,0.00000000,0.00000000,0.00000000,0.00000000,0.00000000,0.00000000,0.00000000,0.00000000,0.00000000,0.00000000,0.00000000,0.00000000,0.00000000,0.00000000,0.00501591,0.00000000,0.00000000,0.01051394,0.00000000,0.00000000,0.00000000,0.00000000,1.11111935,0.00000000,0.00000000,0.00000000,0.00000000,0.00000000,0.01740753,0.00000000,0.00000000,0.00000000,0.00000000,0.00000000,0.00000000,0.00000000,0.01800079,0.00000000,0.00000000,0.00000000,0.00000000,0.00000000,0.00000000,0.00803860,0.00000000,0.00000000,0.00000000,0.00000000,0.00000000,0.00000000,0.00000000,0.00000000,0.00000000,0.00000000,0.00000000,0.00139304,0.00000000,0.00000000,0.00000000,0.03029376,0.00000000,0.00000000,0.00000000,0.00000000,0.00000000,0.00000000,0.00000000,0.00000000,0.00419155,0.12510433,0.00000000,0.00000000,0.00000000,0.00000000,0.00000000,0.00000000,0.00000000,0.00000000,0.00000000,0.00000000,0.00000000,0.00134059,0.00000000,0.00000000,0.00000000,0.00000000,0.00000000,0.00000000,0.00000000,0.00000000,0.00000000,0.00000000,0.00000000,0.00000000,0.01604077,0.00082803,0.00000000,0.00000000,0.00000000,0.00000000,0.00000000,0.00000000,0.00000000,0.00000000,0.00000000,0.00000000,0.00000000,0.00000000,0.52136315,0.00686743,0.00000000,0.00000000,0.00000000,0.00000000,0.00000000,0.00000000,0.00000000,0.00635089,0.00000000,0.00000000,0.00000000,0.00000000,0.00000000,0.00000000,0.00000000,0.00000000,0.00000000,0.00000000,0.00784910,0.00000000,0.00000000,0.00000000,0.00000000,0.41903386,0.01172582,0.00000000,0.00000000,0.00000000,0.00000000,0.00000000,0.00000000,0.00000000,0.00000000,0.00000000,0.00000000,0.00000000,0.00000000,0.00000000,0.00000000,0.00169939,0.00000000,0.00000000,0.00000000,0.00000000,0.00105458,0.00000000,0.00663851,0.00000000,0.00000000,0.00000000,0.00000000,0.00000000,0.00000000,0.00000000,0.02885136,0.00000000,0.00000000,0.00000000,0.00295213,0.00000000,0.01581085,0.00000000,0.00000000,0.00000000,0.00000000,0.00000000,0.00000000,0.00000000,0.00000000,0.00000000,0.00000000,0.00000000,0.00000000,0.00000000,0.00000000,0.00000000,0.00000000,0.00000000,0.00000000,4.15425877,0.00000000,0.00000000,0.00000000,0.00000000,0.00000000,0.00000000,0.00000000,0.00000000,0.00000000,0.00000000,0.00000000,0.00000000,0.00000000,0.00000000,0.00000000,0.00000000,0.00000000,0.00000000,0.00000000,0.00000000,0.00000000
0.00000000,0.00000000,0.00000000,0.00000000,0.00000000,0.00000000,0.00000000,2.38192401,0.00000000,0.00000000,0.00000000,0.00000000,0.00000000,0.00000000,0.00000000,0.00000000,0.00000000,0.00000000,0.00000000,0.00271396,0.00000000,0.00000000,0.00000000,0.01494377,0.00000000,0.00000000,0.00000000,0.00152593,0.00000000,0.00000000,0.00000000,0.00000000,0.00000000,0.00000000,0.00000000,0.00000000,0.01481517,0.00000000,0.00000000,0.00000000,0.00000000,0.00000000,0.00000000,0.00000000,0.00000000,0.00000000,0.00000000,0.00000000,0.00000000,0.00000000,0.00000000,0.00000000,0.00000000,0.00000000,0.00000000,0.00271096,0.00000000,0.00000000,0.00000000,0.00000000,0.00000000,0.00000000,0.00000000,0.00000000,0.00181280,0.00000000,0.00000000,0.00000000,0.00000000,0.00000000,0.04677801,0.00000000,0.00000000,0.00000000,0.00000000,0.00000000,0.00000000,0.00000000,0.00000000,0.00000000,0.00000000,0.00000000,0.00000000,0.00000000,0.00000000,0.00244824,0.00000000,0.00000000,0.00000000,0.01298523,0.00000000,0.00000000,0.00000000,0.00000000,0.00000000,0.00064125,0.00000000,0.00000000,0.00590147,0.65052884,0.00000000,0.00000000,0.00000000,0.00000000,0.00000000,0.00000000,0.00000000,0.00000000,0.00000000,0.04080599,0.00862901,0.00000000,0.00000000,0.00177661,0.02936764,0.00000000,0.00000000,0.00000000,0.00000000,0.00000000,0.00000000,0.00000000,0.00000000,0.00000000,0.00000000,0.01639528,0.00796077,0.00000000,0.00077439,0.03986369,0.00000000,0.00000000,0.00000000,0.00000000,0.00000000,0.00000000,0.00000000,0.00000000,0.02444316,0.00000000,0.00000000,0.00000000,0.00000000,0.00000000,0.00000000,0.00766938,0.00000000,0.00000000,0.00000000,0.00000000,0.00000000,0.00000000,0.00000000,0.00402598,0.00000000,0.00000000,0.00000000,0.00000000,0.00000000,0.00000000,0.00000000,0.00000000,0.00000000,0.00000000,0.00000000,1.57650720,0.00000000,0.00000000,0.00000000,0.00000000,0.00000000,0.00000000,0.00000000,0.00000000,0.27950057,0.00000000,0.00000000,0.00146578,0.00000000,0.00000000,0.00000000,0.00000000,0.00000000,0.00000000,0.00000000,0.00000000,0.00000000,0.00000000,0.00000000,0.00000000,0.00000000,0.00116458,0.00000000,0.00353131,0.00210392,0.00000000,0.00000000,0.00000000,0.00000000,0.00000000,0.00000000,0.00000000,0.00000000,0.00074835,0.00000000,0.00000000,0.00000000,0.00000000,0.00000000,0.00000000,0.00000000,0.00000000,0.00000000,0.00000000,0.00000000,0.00000000,0.00000000,0.00000000,0.03963305,0.00000000,0.00000000,0.00000000,0.00000000,0.00000000,0.00000000,0.00000000,0.00000000,0.00000000,0.00000000,0.00000000,0.00000000,0.00000000,0.00000000,0.00961427,0.00000000,0.00000000,0.00000000,0.00000000,0.00000000,0.00000000,0.00000000,0.00000000,0.00000000,0.00000000,0.00498330,0.00000000,0.00000000,0.00000000,0.00000000,0.00000000,0.00000000,0.00000000,0.00000000,0.00000000,0.00000000,0.00000000,0.00000000,0.00000000,0.00000000,0.00000000,0.00000000,0.00000000,0.00000000,0.00000000,0.76128369,0.00000000,0.00000000,0.00000000,0.00000000,0.00000000,0.20645163,0.00000000,0.00000000,0.00000000,0.00000000,0.00000000,0.00836177,0.00000000,0.00000000,0.00000000,0.00000000,0.00000000,0.00000000,0.00000000,0.00000000,0.05141238,0.00000000,0.00000000,0.00000000,0.00963805,0.00000000,0.00000000,0.00000000,0.00000000,0.00000000,0.02131826,0.00000000,0.00000000,0.00000000,0.00000000,0.00000000,0.00000000,0.00000000,0.00000000,0.00000000,0.00000000,0.00000000,0.00000000,0.06899109,1.94927699,0.00000000,0.00000000,0.00000000,0.00000000,0.00000000,0.00000000,0.00000000,0.00000000,0.00000000,0.00000000,0.00000000,0.00000000,0.01095332,0.00000000,0.00000000,0.00000000,0.00000000,0.00000000,0.00000000,0.00000000,0.00000000,1.20863932,0.00000000,0.00000000,0.00000000,0.00572781,0.01049153,0.00087501,0.00000000,0.00000000,0.00000000,0.00000000,0.00000000,0.00000000,0.00000000,0.00000000,0.00000000,0.00000000,0.00000000,0.00000000,0.00000000,0.00000000,0.00000000,0.00000000,0.00000000,0.00000000,0.00000000,0.00000000,0.00000000,0.00000000,0.04210448,0.00000000,0.00101603,0.00000000,1.20859295,0.00000000,0.00000000,0.00000000,0.00000000,0.00752082,0.00000000,0.00000000,0.00000000,0.00000000,0.00000000,0.00000000,0.00000000,0.00000000,0.00255830,0.00000000,0.00202511,0.00000000,0.00000000,0.00000000,0.00000000,0.00000000,0.00000000,0.00000000,0.00000000,0.00000000,0.00000000,0.00000000,0.00000000,0.00225788,0.00000000,0.00000000,0.00000000,0.00000000,0.00000000,0.00000000,0.00000000,0.00000000,0.00000000,0.00000000,0.00000000,0.00000000,0.00000000,0.00000000,0.00000000,0.00000000,0.00000000,0.00000000,0.03274896,0.00000000,0.00000000,0.00000000,0.00000000,0.00000000,0.00000000,0.00000000,0.00000000,0.00159932,0.02584203,0.00000000,0.00000000,0.00000000,0.02223498,0.00000000,0.00000000,0.32507640,0.00000000,0.00000000,0.00000000,0.00000000,0.00000000,0.00000000,0.00000000,0.00000000,0.00000000,0.00000000,0.00429077,0.00000000,0.00000000,0.00000000,0.00000000,0.00000000,0.00000000,0.11240876,0.00000000,0.00000000,0.00000000,0.01436934,0.00000000,0.00000000,0.00000000,0.00000000,0.00000000,0.00000000,0.00000000,0.00000000,0.00000000,0.00000000,0.00000000,0.00000000,0.00000000,0.00000000,0.00000000,0.00000000,0.00000000,0.00000000,0.00000000,0.00000000,0.00480636,0.00000000,0.00922622,0.01242533,0.10748284,0.00000000,0.00000000,0.00000000,0.00000000,0.00000000,0.00000000,0.00000000,0.00000000,0.00000000,0.00000000,0.00000000,0.00000000,0.00666785,0.00000000,0.00000000,0.00508387,0.00000000,0.00000000,0.00000000,0.00000000,0.00000000,0.16067566,0.00483147,0.00000000,0.00000000,0.05235740,0.00000000,0.00000000,0.00000000,0.00000000,0.00000000,0.00000000,0.00000000,0.00000000,0.00000000,0.00000000,0.00319453,0.13413414,0.00000000,0.00000000,0.00000000,0.00000000,0.00000000,0.00000000,0.00000000,0.00000000,0.00769301,0.00000000,0.00000000,0.00000000,0.00000000,0.00000000,0.00000000,0.00000000,0.00000000,0.00000000,0.00000000,0.00000000,0.00000000,0.00000000,0.00000000,0.00000000,0.00803142,0.00000000,0.00000000,0.06252232,0.00000000,0.00000000,0.00000000,0.00000000,0.00000000,0.00000000,0.00155763,0.00000000,0.00000000,0.00000000,1.66384091,0.00000000,0.00000000,0.00000000,0.00000000,0.00000000,0.00070973,0.00000000,0.00000000,0.00000000,0.00000000,0.00000000,0.00000000,0.00000000,0.00000000,0.00000000,0.00646043,0.00000000,0.00000000,0.00650304,0.00000000,0.00524912,0.00000000,0.00000000,0.00000000,0.00000000,0.00000000,0.00000000,0.00000000,0.00000000,0.00000000,0.00625559,0.00000000,0.00000000,0.01938372,0.00126536,0.00000000,0.00000000,0.00000000,0.00000000,0.00000000,0.00000000,0.00000000,0.00000000,0.00709977,0.00000000,0.00000000,0.00000000,0.00000000,0.00944260,0.01304697,0.00000000,0.00000000,0.00000000,0.02714148,0.00000000,0.00282184,0.00000000,0.00000000,0.00000000,0.00000000,0.00000000,0.00000000,0.00000000,0.00000000,0.01293950,0.00000000,0.00000000,0.00000000,0.00000000,0.00000000,0.00000000,0.00000000,0.00000000,0.00000000,0.00000000,0.00000000,0.00000000,0.00803860,0.00000000,0.00000000,0.00000000,0.00000000,0.00000000,0.00000000,0.00000000,0.00000000,0.00000000,0.00000000,0.00000000,0.00000000,0.00000000,0.00000000,0.00000000,0.00000000,0.00000000,0.00000000,2.16349854,0.00000000,0.00000000,0.00000000,0.00000000,0.00000000,0.00000000,0.00000000,0.00174925,0.00000000,0.17208729,0.00000000,0.00000000,0.00000000,0.00000000,0.00000000,0.00000000,0.00000000,0.00000000,0.00000000,0.00000000,0.00000000,0.00000000,0.00000000,0.00000000,0.00595434,0.00000000,0.04638313,0.00000000,0.07781864,0.00000000,0.00000000,0.00000000,0.67326666,0.00000000,0.00000000,0.00279663,0.00000000,0.00000000,0.00000000,0.00128218,0.02194673,0.00000000,0.00000000,0.00438196,0.00000000,0.00000000,0.00000000,0.02826706,0.06490047,0.00000000,0.00000000,0.00000000,0.00000000,0.00000000,0.00000000,0.00000000,0.00000000,0.00000000,0.00000000,0.00000000,0.00000000,0.00000000,0.00000000,0.00000000,0.00000000,0.00000000,0.00087124,0.00000000,0.00000000,0.00000000,0.00000000,0.00000000,0.00000000,0.00000000,0.00000000,0.00000000,0.00000000,0.00000000,1.21949746,0.00000000,0.00000000,0.00000000,0.00000000,0.19312545,0.00000000,0.00000000,0.00000000,0.00000000,0.00000000,0.00000000,0.00000000,0.00000000,0.01119490,0.00000000,0.00000000,0.01250961,0.00000000,0.00000000,0.00000000,0.00000000,0.00000000,0.00000000,0.00000000,0.00000000,0.00000000,0.00000000,0.00660559,0.00000000,0.00000000,0.00000000,0.00000000,0.00000000,0.00000000,0.00000000,0.00000000,0.00000000,0.00000000,0.00000000,0.00000000,0.00000000,0.00000000,0.00000000,0.00000000,0.00000000,0.00000000,0.02699419,0.00000000,0.00000000,0.00000000,0.00000000,0.00000000,0.00000000,0.00000000,0.00000000,0.00000000,0.00000000,0.00000000,0.00000000,0.00000000,0.00000000,0.00000000,0.00000000,0.00000000,0.00634312,0.00000000,0.00000000,0.00000000,0.00000000,0.16217741
0.00000000,0.00000000,0.00000000,0.00000000,0.01610280,0.00000000,0.00000000,0.00000000,0.00000000,0.01346501,0.00000000,0.00000000,0.01572618,0.00000000,0.00000000,0.02376720,0.01583079,0.00000000,0.00000000,0.00000000,0.00000000,0.00000000,0.00000000,0.00000000,0.00000000,0.02576315,0.00246026,0.00000000,0.00000000,0.00000000,0.00000000,0.00912286,0.00000000,0.01065185,0.00000000,0.00000000,0.00000000,0.00000000,0.00000000,0.00000000,0.00000000,0.00000000,0.00000000,0.00000000,0.01553883,0.00000000,0.00000000,0.00000000,0.04270433,0.01346003,0.00000000,0.00000000,0.00000000,0.00000000,0.00000000,0.00000000,0.00000000,0.00000000,0.00000000,0.00000000,0.00000000,0.00000000,0.00000000,0.00000000,0.00000000,0.00000000,0.00000000,0.00000000,0.00000000,0.00000000,0.00000000,0.00000000,0.00000000,0.00000000,0.00000000,0.00000000,0.00000000,1.38467080,0.00000000,0.00000000,0.00000000,0.00000000,0.00000000,0.00000000,0.00000000,0.00000000,0.00000000,0.00000000,0.00000000,0.00000000,0.00000000,0.00000000,0.00000000,0.00000000,0.00000000,0.01003839,0.00048315,0.00000000,0.00000000,0.00000000,0.00000000,0.00000000,0.00000000,0.00000000,0.00000000,0.00000000,0.00000000,0.00000000,0.00000000,0.05248858,0.00000000,0.00000000,0.00371746,0.00000000,0.00000000,0.00000000,0.00000000,0.00000000,0.00000000,0.00356088,0.00114200,0.00924602,0.00000000,0.00000000,0.00000000,0.00000000,0.00000000,0.01587483,0.00000000,0.00000000,0.00000000,0.00000000,0.00000000,0.00000000,0.00000000,0.00000000,0.00000000,0.00000000,0.00000000,0.01674471,0.00000000,0.00000000,0.03802525,0.00000000,0.00000000,0.00000000,0.00000000,0.00000000,0.02180081,0.00000000,0.00000000,0.00000000,0.00000000,0.00000000,0.00000000,0.00000000,0.00000000,0.00000000,0.00000000,0.00000000,0.00000000,0.00000000,0.00000000,0.00000000,0.00000000,0.00000000,0.00000000,0.00000000,0.05047757,0.00000000,0.00000000,0.00000000,0.00000000,0.00000000,0.00000000,0.00000000,0.00000000,0.00000000,0.00000000,0.00000000,0.00000000,0.00000000,0.00000000,0.00000000,0.00000000,0.00000000,0.00000000,0.00000000,0.00000000,0.00000000,0.00000000,0.05535948,0.00000000,0.00000000,0.00865806,0.00000000,0.00000000,0.00000000,0.00000000,0.00000000,0.00000000,0.00000000,0.00000000,0.00000000,0.00000000,0.00000000,0.00000000,0.00000000,0.00000000,0.00000000,0.00000000,0.00000000,0.00000000,0.00734288,0.00000000,0.00000000,0.00000000,0.00000000,0.00000000,0.00668794,0.00000000,0.00000000,0.00000000,0.01080948,0.14989488,0.00000000,0.00000000,0.00000000,0.00000000,0.00000000,0.00000000,0.00000000,0.00000000,0.00000000,0.00000000,0.00000000,0.00000000,0.00000000,0.00000000,0.00000000,0.00000000,0.00000000,0.00000000,0.00000000,0.00895521,0.00000000,0.00000000,0.03688295,0.00000000,0.00000000,0.00000000,0.00000000,0.00000000,0.00556661,0.00000000,0.00000000,0.00000000,0.00000000,0.00000000,0.00000000,0.00000000,0.00000000,0.00000000,0.00000000,0.00000000,0.00000000,0.00000000,0.00000000,0.00000000,0.00000000,0.00000000,0.00000000,0.00000000,0.00000000,0.00000000,0.00000000,0.00000000,0.00000000,0.00000000,0.00000000,0.00000000,0.00000000,0.00000000,0.00000000,0.03087312,0.00000000,0.00000000,0.00506708,0.00000000,0.00000000,0.00000000,0.00000000,0.00678342,0.00000000,0.00000000,0.00000000,0.00000000,0.00000000,0.00000000,0.00000000,0.00000000,0.02898991,0.00000000,0.00000000,0.00000000,0.00000000,0.00000000,0.02300474,0.00000000,0.00000000,0.00000000,0.00000000,0.00000000,0.00000000,0.00000000,0.00514380,0.00000000,0.01438052,0.00000000,0.00000000,0.00000000,0.00000000,0.00000000,0.00000000,0.00000000,0.00000000,0.00000000,0.00000000,0.00000000,0.00000000,0.00000000,0.03403456,0.00000000,0.00000000,0.00000000,0.00000000,0.00000000,0.00530386,0.00000000,0.00000000,0.00000000,0.00000000,0.00000000,0.00146013,0.00000000,0.00000000,0.01146173,0.00000000,0.00000000,0.00000000,0.00000000,0.00000000,0.00000000,0.00000000,0.00000000,0.00000000,0.00000000,0.00000000,0.22700881,0.02208682,0.00000000,0.00000000,0.00000000,0.00000000,0.00000000,0.00000000,0.00000000,0.16148807,0.00852810,0.00000000,0.00449583,0.00000000,0.00000000,0.00277844,0.00000000,0.00000000,0.00000000,0.00000000,0.00000000,0.00000000,0.00000000,0.00000000,0.00000000,0.00000000,0.74066415,0.00000000,0.00000000,0.00000000,0.00000000,0.00000000,0.00000000,0.00000000,0.00000000,0.00000000,0.00000000,0.00000000,0.00000000,0.00000000,0.00000000,0.00000000,0.00000000,0.00000000,0.00000000,0.01417487,0.00000000,0.00000000,0.00000000,0.00000000,0.00000000,0.00000000,0.00000000,0.00000000,0.00000000,0.00000000,0.00000000,0.00000000,0.00000000,0.00000000,0.00000000,0.00302245,0.00142860,0.00000000,0.00367477,0.00000000,0.00000000,0.00000000,0.00000000,0.00000000,0.00000000,0.00000000,0.00000000,0.00000000,0.00000000,0.00000000,0.00000000,0.01407295,0.00381342,0.00000000,0.03083304,0.00000000,0.00177363,0.00000000,0.00000000,0.00000000,0.00000000,0.00000000,0.00000000,0.00265771,0.00000000,0.21683380,0.00000000,0.00000000,0.00000000,0.00000000,0.10513312,0.00000000,0.00000000,0.00000000,0.00000000,0.00000000,0.00000000,0.00000000,0.00000000,0.00832731,0.00000000,0.00000000,0.00133563,0.08110032,0.00000000,0.00000000,0.15518516,0.00000000,0.00000000,0.00000000,0.00000000,0.01021611,0.00000000,0.00000000,0.00000000,0.00000000,0.00000000,0.00000000,0.00000000,0.00000000,0.00000000,0.00129513,0.00000000,0.00000000,0.00000000,0.00000000,0.00000000,0.00000000,0.00000000,0.00000000,0.00000000,0.00000000,0.01930723,0.00402978,0.00000000,0.00000000,0.00000000,0.00000000,0.00000000,0.00000000,0.00000000,0.00000000,0.00000000,0.00000000,0.00000000,0.00000000,0.00000000,0.00000000,0.00000000,0.00000000,0.00000000,0.00000000,0.00000000,0.00000000,0.00000000,0.00000000,0.00000000,0.00345258,0.00000000,0.00000000,0.29783054,0.01047865,0.00000000,0.00000000,0.00000000,0.00000000,0.00000000,0.00000000,0.01360490,0.00000000,0.00000000,0.00000000,0.00000000,0.00000000,0.00000000,0.00000000,2.37031848,0.00000000,0.00000000,0.00000000,0.00000000,0.00000000,0.00000000,0.00000000,0.00000000,0.00000000,0.00000000,0.00000000,0.00673495,0.01345143,0.00000000,0.00000000,0.00000000,0.00000000,0.17079257,0.00659339,0.00000000,0.00000000,0.00000000,0.00000000,0.00000000,0.00000000,0.00000000,0.02731678,0.00000000,0.02677726,0.00000000,0.00000000,0.00000000,0.31862744,0.00000000,0.08469786,0.00000000,0.00000000,0.00000000,0.00000000,0.00000000,0.00000000,0.14639124,0.00000000,0.00000000,0.03650867,0.00000000,0.00000000,0.00000000,0.00000000,0.00000000,0.00000000,0.00000000,0.00627150,0.00000000,0.00000000,0.00000000,0.00000000,0.00000000,0.99417309,0.00000000,0.01820254,0.00000000,0.03296127,0.00000000,0.00298749,0.00000000,0.00000000,0.00000000,0.00000000,0.00000000,0.00000000,0.00000000,0.00000000,0.00000000,0.01665458,0.00000000,0.00000000,0.00083465,0.00000000,0.00000000,0.00000000,0.00000000,0.00000000,0.00000000,0.00000000,0.00000000,0.00000000,0.00000000,0.00000000,0.00000000,0.00000000,0.00000000,0.00000000,0.00000000,0.00000000,0.00000000,0.00000000,0.49246562,0.00000000,0.00000000,0.00000000,0.00000000,0.00000000,0.01754496,0.00000000,0.00000000,0.00000000,0.00000000,0.00000000,0.00000000,0.00000000,0.00000000,0.00000000,0.00845104,0.00000000,0.00000000,0.00000000,0.12088101,0.00000000,0.00000000,0.00000000,0.00799757,0.00000000,0.00000000,0.00000000,0.00000000,0.00000000,0.00000000,0.00000000,0.00000000,0.00000000,0.00000000,0.08064873,0.00000000,0.00000000,0.00658884,0.00000000,0.00000000,0.00000000,0.00085657,0.00000000,0.00000000,0.00000000,0.00000000,0.00000000,0.00000000,0.00000000,0.03301233,0.00000000,0.00000000,0.00000000,0.00000000,0.00000000,0.00000000,0.00000000,0.00000000,0.00000000,0.00000000,0.00000000,0.00000000,0.00000000,0.00000000,0.00000000,0.00000000,0.00000000,0.00000000,0.00000000,0.00000000,0.00000000,0.00000000,0.03392700,0.00322317,0.08381798,0.00000000,0.00000000,0.00000000,0.00000000,0.00000000,0.00000000,0.00000000,0.00000000,0.00000000,0.00000000,0.00000000,0.00000000,0.00364497,0.00000000,0.00000000,0.00000000,0.00000000,0.00000000,0.00000000,0.00000000,0.00000000,0.00664460,0.00000000,0.00000000,0.00000000,0.00000000,0.00000000,0.00000000,0.00000000,0.00000000,0.00000000,0.00000000,0.00000000,0.00000000,0.00000000,0.00000000,0.00000000,0.00000000,0.00000000,0.00000000,0.00000000,0.00000000,0.00000000,0.00000000,0.00000000,0.00073493,0.00000000,0.00000000,0.00000000,0.00000000,0.00000000,0.00000000,0.00848396,0.00000000,0.00000000,0.00000000,0.00000000,0.00000000,0.00000000,0.00815724,0.00000000,0.00000000,0.00000000,0.00000000,0.00000000,0.00000000,0.00000000,0.00000000,0.00000000,0.00000000,0.00000000,0.00000000,0.00000000,0.15298651,0.00000000,0.00000000,0.00000000,0.00000000,0.03020797,0.00000000,0.05818243,0.14152662,0.00000000,0.00000000,0.00000000,0.00000000
0.00000000,0.00000000,0.00000000,0.00000000,0.12426940,0.00000000,0.00000000,0.00179085,0.00000000,0.00000000,0.00000000,0.00000000,0.00000000,0.00000000,0.00000000,0.00000000,0.00000000,0.00000000,0.00000000,0.00000000,0.00274673,0.00000000,0.00000000,0.07074902,0.00000000,0.01544983,0.00000000,0.00000000,0.00000000,0.00000000,0.00000000,0.00000000,0.00000000,0.00000000,0.00000000,0.00000000,0.00000000,0.00000000,0.01256445,0.00987946,0.00000000,0.00000000,0.00000000,0.07537444,0.00000000,0.00000000,0.00000000,0.00000000,0.00000000,0.00000000,0.00000000,0.00000000,0.00109098,0.00000000,0.00000000,0.00000000,0.00000000,0.00000000,0.00194439,0.00000000,0.00000000,0.00000000,0.00000000,0.00000000,0.00000000,0.16586810,0.00000000,0.00000000,0.00000000,0.00000000,0.00000000,0.00550137,0.01244490,0.00000000,0.00000000,0.00000000,0.00000000,0.00000000,0.00000000,0.00000000,0.00000000,0.00000000,0.00000000,0.00000000,0.00000000,0.00000000,0.00000000,0.00000000,0.00000000,0.00000000,0.00000000,0.00000000,0.00000000,0.00000000,0.00000000,0.00000000,0.00000000,0.00000000,0.00203889,0.00000000,0.00000000,0.00000000,0.00000000,0.00000000,0.00000000,0.00359694,0.00000000,0.00000000,0.00000000,0.00000000,0.00000000,0.00000000,1.73376154,0.00000000,0.00000000,0.00000000,0.00000000,0.00000000,0.00215458,0.00000000,0.00000000,0.01712833,0.00000000,0.00000000,0.00000000,0.00000000,0.15970269,0.00731822,0.00000000,0.01314933,0.00000000,0.00000000,0.00000000,0.00000000,0.00000000,0.00000000,0.00000000,0.00000000,0.00000000,0.00000000,0.00000000,0.00000000,0.00000000,0.00000000,0.07083306,0.00000000,0.01331047,0.00000000,0.00000000,0.00000000,0.00000000,0.00000000,0.00000000,0.00000000,0.00000000,0.00000000,0.00000000,0.00000000,0.00000000,0.00000000,0.00000000,0.00845177,0.00000000,0.00000000,0.02037451,0.00000000,0.00000000,0.00000000,0.00000000,0.01776014,0.00000000,0.00000000,0.00419920,0.00000000,0.00000000,0.00000000,0.00000000,0.00000000,0.00000000,0.00000000,0.00000000,0.00000000,0.00000000,0.00000000,0.00000000,0.00000000,0.00000000,0.00000000,0.00658104,0.00000000,0.07448529,0.00000000,0.00314534,0.00000000,0.00000000,0.00000000,0.00000000,0.00000000,0.02375385,0.00000000,0.00000000,0.00649516,0.00000000,0.00000000,0.00000000,0.00000000,0.00000000,0.00000000,0.02523977,0.06911766,0.06065623,0.00000000,0.00000000,0.00000000,0.00000000,0.00000000,0.00000000,0.00000000,0.00000000,0.00000000,0.01188875,0.00000000,0.00000000,0.00000000,0.00000000,0.00000000,0.00857849,0.00000000,0.00000000,0.00000000,0.03944335,0.00000000,0.00000000,0.00000000,0.00000000,0.00000000,0.00000000,0.00000000,0.00000000,0.00000000,0.12058890,0.43052664,0.00000000,0.00000000,0.00000000,0.00000000,0.00000000,0.00000000,0.06690247,0.00000000,0.00000000,0.00000000,0.00000000,0.00000000,0.00000000,0.00000000,0.00000000,0.00000000,0.00000000,0.00000000,0.00000000,0.00466701,0.00000000,0.00000000,0.00000000,0.00000000,0.00000000,0.00000000,0.00000000,0.00000000,0.00000000,0.00000000,0.00000000,0.00562230,0.00000000,0.00000000,0.00000000,0.00000000,0.00000000,0.00000000,0.00000000,0.00000000,0.00000000,0.00000000,0.64410416,0.00000000,0.01223411,0.00000000,0.00000000,0.00000000,0.00142672,0.00000000,0.00000000,0.00000000,0.00000000,0.00000000,0.00000000,0.00000000,0.04833059,0.00000000,0.00000000,0.00000000,0.00000000,0.00000000,0.01794547,0.00000000,0.00000000,0.00000000,0.00000000,0.00000000,0.00000000,0.00000000,0.00000000,0.00000000,0.00000000,0.00000000,0.00000000,0.00000000,0.60076380,0.00000000,0.00000000,0.00000000,0.00000000,0.00000000,0.00000000,0.06165111,0.00000000,0.00000000,0.00000000,0.00000000,0.00000000,0.00000000,0.00625403,0.00000000,0.00921260,0.00000000,0.00000000,0.00000000,0.00000000,0.00000000,0.00000000,0.00000000,0.00000000,0.00306049,0.00434085,0.00000000,0.03151722,0.00000000,0.00000000,0.00090998,0.00000000,0.00000000,0.00000000,0.00000000,0.00000000,0.00000000,0.00000000,0.00000000,0.00000000,0.00000000,0.00000000,0.00000000,0.00000000,0.00000000,0.00000000,0.00000000,0.00000000,0.00000000,0.00000000,0.00000000,0.00000000,0.00000000,0.00000000,0.00000000,0.00000000,0.00000000,0.00000000,0.00000000,0.00000000,0.00000000,0.00000000,0.00000000,0.00000000,0.00000000,0.00000000,0.00000000,0.00000000,0.00000000,0.00000000,0.00000000,0.00000000,0.00000000,0.00000000,0.00000000,0.00000000,0.00000000,0.00000000,0.00000000,0.00000000,0.00000000,0.00000000,0.00000000,0.00000000,0.00000000,0.00000000,0.00000000,0.00000000,0.00000000,0.00000000,0.02129213,0.00000000,0.00000000,0.00000000,0.00000000,0.00000000,0.00077512,0.00000000,0.00000000,0.00000000,0.00000000,0.00000000,0.00000000,0.00000000,0.00000000,0.00000000,0.00000000,0.00000000,0.00000000,0.00000000,0.00000000,0.00000000,0.00000000,0.00919363,0.00000000,0.00000000,0.01639425,0.00000000,0.00000000,0.00000000,0.00000000,0.00000000,0.02919748,0.00000000,0.00000000,0.09834304,0.00000000,0.00000000,0.01697472,0.00000000,0.00000000,0.00000000,0.00000000,0.00000000,0.00000000,0.00000000,0.00000000,0.00000000,0.00000000,0.00000000,0.00000000,0.00000000,0.00000000,0.00000000,0.00385146,0.00000000,0.00000000,0.00000000,0.00000000,0.00000000,0.00225258,0.00000000,0.00000000,0.00000000,0.00000000,0.06384581,0.00000000,0.00176403,0.00000000,0.00000000,0.00000000,0.00000000,0.00000000,0.00000000,0.00369080,0.00000000,0.00000000,0.00000000,0.00000000,0.00000000,0.00000000,0.00000000,0.00000000,0.01466546,0.00000000,0.00226045,0.00000000,0.00000000,0.00000000,0.00183989,0.00000000,0.00000000,0.00000000,0.00000000,0.00000000,0.04100118,0.00000000,0.00000000,0.26086710,0.00000000,0.00000000,0.00000000,0.00000000,0.00000000,0.00000000,0.00000000,0.00000000,0.00000000,0.00121594,0.00000000,0.00000000,0.00000000,0.10854929,0.00000000,0.04711723,0.00000000,0.00000000,0.00000000,0.00000000,0.00000000,0.00000000,0.00000000,0.00418674,0.00000000,0.00000000,0.00000000,0.00000000,0.00000000,0.00000000,0.00000000,0.00000000,0.00000000,0.00000000,0.00000000,0.00000000,0.00000000,0.00000000,0.00000000,0.00000000,0.00000000,0.00000000,3.54814397,0.00000000,0.00000000,0.00000000,0.00000000,0.00000000,0.00000000,0.00000000,0.00000000,0.00000000,0.00000000,0.01052028,0.00000000,0.00000000,0.00000000,0.00000000,0.00000000,0.00000000,0.00000000,0.00000000,0.00000000,0.00000000,0.00000000,0.00000000,0.00000000,0.00000000,0.00000000,0.00000000,0.00000000,0.00000000,0.00000000,0.00000000,0.00000000,0.01254564,0.00000000,0.00000000,0.00000000,0.00000000,0.00000000,0.00000000,0.01986271,0.00000000,0.00000000,0.00000000,0.00000000,0.00000000,0.00000000,0.00000000,0.00000000,0.00000000,0.00000000,0.00000000,0.00000000,0.00190830,0.00000000,0.00000000,0.00000000,1.31749553,0.00000000,0.00000000,0.00000000,0.00000000,0.05902675,0.00000000,0.03192741,0.00000000,0.00000000,0.12808661,0.00000000,0.00000000,0.00000000,0.00618556,0.02061010,0.16617209,0.00000000,0.00000000,0.00000000,0.00000000,0.02900131,0.00000000,0.00000000,0.00000000,0.00000000,0.00000000,0.00000000,0.01098899,0.00000000,0.00000000,0.00000000,0.00000000,0.02787650,0.00000000,0.00229216,0.00000000,0.00000000,0.00000000,0.00000000,0.00000000,0.00000000,0.00000000,0.01615541,0.00000000,0.00000000,0.00000000,0.00000000,0.00000000,0.00000000,0.00000000,0.00000000,0.00000000,0.00000000,0.00000000,0.00000000,0.00000000,0.00000000,0.00000000,0.00843943,0.00000000,0.00000000,0.00000000,0.00000000,0.00000000,0.00000000,0.00000000,0.00000000,0.00952018,0.00000000,0.00000000,0.00000000,0.00000000,0.00576640,0.00000000,0.00000000,0.00000000,0.00000000,0.00000000,0.00000000,0.00000000,0.00000000,0.00000000,0.00000000,0.00000000,0.00000000,0.00000000,0.00107379,0.00640855,0.00000000,0.00000000,0.00000000,0.00521779,0.00795349,0.00000000,0.00748526,0.00000000,0.00000000,0.00000000,0.00000000,0.00000000,0.00000000,0.00000000,0.00000000,0.00000000,0.00000000,0.00429277,0.00000000,0.00000000,0.00000000,0.00000000,0.00000000,0.00000000,0.00000000,0.00000000,0.00000000,0.00000000,0.00000000,0.00000000,0.00000000,0.00000000,0.08161757,0.00000000,0.00000000,0.00000000,0.00000000,0.00000000,0.00000000,0.00150322,0.00000000,0.00548198,0.00000000,0.00000000,0.00000000,0.00198244,0.00000000,0.00000000,0.00000000,0.00000000,0.00000000,0.00000000,0.05953774,0.00000000,0.00000000,0.02408527,0.00000000,0.01156666,0.00000000,0.00000000,0.00000000,0.00000000,0.00000000,0.00439499,0.00000000,0.00000000,2.94533625,0.00000000,0.00000000,0.00000000,0.00000000,0.00000000,0.00000000,0.00000000,0.00000000,0.00000000,0.00000000,0.00000000,0.00000000,0.00000000,0.00000000,0.00000000,0.00000000,0.00000000,0.00000000,0.00000000,0.00000000,0.00000000,0.00000000,0.00359393,0.00000000,0.00000000,0.00000000,0.00000000,0.00000000,0.00000000,0.00000000,0.00000000,0.00000000,0.00000000,0.00000000,0.00000000,0.00520806,0.00000000
0.00181962,0.00000000,0.00000000,0.00000000,0.00000000,0.00000000,0.00076635,0.00000000,0.00000000,0.00000000,0.00000000,0.00000000,0.00000000,0.10856666,0.00000000,0.00000000,0.00000000,0.00000000,0.00000000,0.34485096,0.93445693,0.00000000,0.22477443,0.00000000,0.00000000,0.00000000,0.00000000,0.00000000,0.01545789,0.00000000,0.00000000,0.00000000,0.00000000,0.00000000,0.00429840,0.00000000,0.00000000,0.00000000,0.00000000,0.00000000,0.00240399,0.00000000,0.00000000,0.00000000,0.00000000,0.00000000,0.01035924,0.00878460,0.00000000,0.00000000,0.00000000,0.00000000,0.00000000,0.00000000,0.00000000,0.00000000,0.00000000,0.00000000,0.00000000,0.00000000,0.00000000,0.00000000,0.00088298,0.00000000,0.00000000,0.00000000,0.00000000,0.00000000,0.00000000,0.00000000,0.00000000,0.00000000,0.00000000,0.00000000,0.00000000,0.00000000,0.00000000,0.00000000,1.47294581,0.00000000,0.00000000,0.00000000,0.00975569,0.00000000,0.00000000,0.00000000,0.00845495,0.00000000,0.00000000,0.00000000,0.00000000,0.00000000,0.00000000,0.00000000,0.00448782,0.00000000,0.08292177,0.00000000,0.00000000,0.00000000,0.00000000,0.00272193,0.00000000,0.00000000,0.00000000,0.00000000,0.00000000,0.00000000,0.00000000,0.00000000,0.00000000,0.00000000,0.00000000,0.00000000,0.00000000,0.00000000,0.00000000,0.00000000,0.00000000,0.00000000,0.00000000,0.00000000,0.07723607,0.00000000,0.00000000,0.00000000,0.00000000,0.00000000,0.00000000,0.00000000,0.00727413,0.00000000,0.00000000,0.00000000,0.00000000,0.00000000,0.00000000,0.00000000,0.00000000,0.00423149,0.00000000,0.00000000,0.00000000,0.00088898,0.00000000,0.00000000,0.00000000,0.00000000,0.00000000,0.00296363,0.00000000,0.00000000,0.01462690,0.00000000,0.00000000,0.00000000,0.00000000,0.00000000,0.00000000,0.00000000,0.00000000,0.00000000,0.00000000,0.00000000,0.00000000,0.00000000,0.00000000,0.00000000,0.00000000,0.00000000,0.00000000,0.00000000,0.00203002,0.00000000,0.00000000,0.00000000,0.00000000,0.00000000,0.00000000,0.00000000,0.00272690,0.00000000,0.00000000,0.08005868,0.00000000,0.00000000,0.00000000,0.05438874,0.00000000,0.00000000,0.00000000,0.00000000,0.00000000,0.00000000,0.00000000,0.00000000,0.00000000,0.00000000,0.00000000,0.00000000,0.00000000,0.00000000,0.00000000,0.00000000,0.00000000,0.00000000,0.00000000,0.00000000,0.00000000,0.00388877,0.00000000,0.00000000,0.72779235,0.02948975,0.00000000,0.00000000,0.00000000,0.00220296,0.00000000,0.00000000,0.00000000,0.00000000,0.00000000,0.00000000,0.05002684,0.00000000,0.00000000,0.01962288,0.00000000,0.00000000,0.00000000,0.00000000,0.00000000,0.00000000,0.00000000,0.00000000,0.00000000,0.00826278,0.00000000,0.00000000,0.00000000,0.00000000,0.00000000,0.00000000,0.00000000,0.00000000,0.00000000,0.00000000,0.00000000,0.00000000,0.00000000,0.00000000,0.00886229,0.00000000,0.00000000,0.00000000,0.00000000,0.00000000,0.00150037,0.00000000,0.00000000,0.00000000,0.00000000,0.00000000,0.00000000,0.00000000,0.00000000,0.01177547,0.00000000,0.00000000,0.00000000,0.01046237,0.00000000,0.00000000,0.04126844,0.00000000,0.00000000,0.00000000,0.00000000,0.00000000,0.00000000,0.00000000,0.00000000,0.00000000,0.00000000,0.00000000,0.00000000,0.01065189,1.44349102,0.01540580,0.00000000,0.00000000,0.00000000,0.00000000,0.00000000,0.00000000,0.01107537,0.01663644,0.00000000,0.00000000,0.00000000,0.00664894,0.00000000,0.00000000,0.00000000,0.00000000,0.00000000,0.00000000,0.02815233,0.00000000,0.00000000,0.00000000,0.00000000,0.00000000,0.00000000,0.00000000,0.00000000,0.00000000,0.00000000,0.00000000,0.00000000,0.00000000,0.00000000,0.00000000,0.00000000,0.00000000,0.00000000,0.00000000,0.00000000,0.00000000,0.00000000,0.01668483,0.74781777,0.00000000,0.00000000,0.00000000,0.00000000,0.00000000,0.00000000,0.00000000,0.00000000,0.00000000,0.00000000,0.00000000,0.00000000,0.00000000,0.00000000,0.00000000,0.00000000,0.00000000,0.00000000,0.00000000,0.00000000,0.00094917,0.00000000,0.00000000,0.00243187,0.00580487,0.00000000,0.00000000,0.00000000,0.00000000,0.00000000,0.00000000,0.00000000,0.00000000,0.00482618,0.00000000,0.00000000,0.00000000,0.00000000,0.00000000,0.00000000,0.00000000,0.00000000,0.00000000,0.00000000,0.00000000,0.00000000,0.00202737,0.00183063,0.00000000,0.00000000,0.00000000,0.00000000,0.00000000,0.00000000,0.00000000,0.00000000,0.00000000,0.00000000,0.05480366,0.00000000,0.00000000,0.00000000,0.00000000,0.00000000,0.00000000,0.00000000,0.00000000,0.51614338,0.00000000,0.00000000,0.00000000,0.00000000,0.00000000,0.00000000,0.00000000,0.00000000,0.00000000,0.00000000,0.00000000,0.00000000,0.00000000,0.00000000,0.01080800,0.00000000,0.00000000,0.00000000,0.00000000,0.00000000,0.00000000,0.00000000,0.00000000,0.23187414,0.00000000,0.00000000,0.00000000,0.00000000,0.00000000,0.00095576,0.00000000,0.00000000,0.00000000,0.00000000,0.00000000,0.00113588,0.00000000,0.00000000,0.00000000,0.00000000,0.00000000,0.01707316,0.00000000,0.00000000,0.00000000,0.00000000,0.00000000,0.00000000,0.00000000,0.00000000,0.00000000,0.00725297,0.00000000,0.00000000,0.00000000,0.00000000,0.00000000,0.00000000,0.00000000,0.00000000,0.00000000,0.00000000,0.00000000,0.00000000,0.06672617,0.00000000,0.00000000,0.00000000,0.00000000,0.00000000,0.00000000,0.01936547,0.00000000,0.00000000,0.00000000,0.00000000,0.00000000,0.00000000,0.00000000,0.00000000,0.00000000,0.00000000,0.00000000,0.00000000,0.00000000,0.00000000,0.00000000,0.00000000,0.00000000,0.00348148,0.00000000,0.00000000,0.00000000,0.00000000,0.00000000,0.00214302,0.00000000,0.00000000,0.00000000,0.00000000,0.00000000,0.00085545,0.00000000,0.00000000,0.00000000,0.00149040,0.06832544,0.00000000,0.00000000,0.00000000,0.00000000,0.00000000,0.00000000,0.00000000,0.00000000,0.00249355,0.00000000,0.00000000,0.01400184,0.00000000,0.00000000,0.00000000,0.00000000,0.00000000,0.00000000,0.00000000,0.00000000,0.00000000,0.00000000,0.00000000,0.00000000,0.00000000,0.00000000,0.00000000,0.00000000,0.01011415,0.00000000,0.00000000,0.00000000,0.00000000,0.00000000,0.00000000,0.00000000,0.00000000,0.00000000,0.00000000,0.00000000,0.00453683,0.00000000,0.00000000,0.00000000,0.09046071,0.00000000,0.03458452,0.03593370,0.00000000,0.00000000,0.00000000,0.01366175,0.00000000,0.00000000,0.00000000,0.00000000,0.00000000,0.01984608,0.00000000,0.00000000,0.00000000,0.00833458,0.00000000,0.00000000,0.00254353,0.00000000,0.00000000,0.00000000,0.00000000,0.00000000,0.00000000,0.00000000,0.00177944,0.00491171,0.00000000,0.00000000,0.00000000,0.00000000,0.00000000,0.09724436,0.00000000,0.00000000,0.00000000,0.00000000,0.06731501,0.00000000,0.00000000,0.01033333,0.00000000,0.00000000,0.00000000,0.00000000,0.00000000,0.00000000,0.00000000,0.02487610,0.00000000,0.00000000,0.00000000,0.00000000,0.00000000,0.00000000,0.01201425,0.00000000,0.00000000,0.00000000,0.00000000,0.00000000,0.00000000,0.00000000,0.00000000,0.00000000,0.00000000,0.00000000,0.00000000,0.00000000,0.00000000,0.00000000,0.00087189,0.00000000,0.00000000,0.76887549,0.00000000,0.00000000,0.00000000,0.00000000,0.01098899,0.00000000,0.00000000,0.01446964,0.00000000,0.45271751,0.00000000,0.00000000,0.00000000,0.00000000,0.00000000,0.00000000,0.00000000,0.00000000,0.00000000,0.00000000,0.00000000,0.00000000,0.00000000,0.00000000,0.00000000,0.01322823,0.00000000,0.00000000,0.00465449,0.00000000,0.00000000,0.00000000,0.00000000,0.00000000,0.00206087,0.00000000,0.00000000,0.00000000,0.00000000,0.00000000,0.00000000,0.00000000,0.00000000,0.00127913,0.00000000,0.00171630,0.00000000,0.00000000,0.00000000,0.00000000,0.00000000,0.00000000,0.11762972,0.00000000,0.00000000,0.00000000,0.00000000,0.00000000,0.00000000,0.00000000,0.00000000,0.00000000,0.00416795,0.00000000,0.00000000,0.00000000,0.00000000,0.00000000,0.01933077,0.00000000,0.00000000,0.00000000,0.00000000,0.00000000,0.00000000,0.00000000,0.69549127,0.00000000,0.00000000,0.00000000,0.00093143,0.00000000,0.00000000,0.00000000,0.00000000,0.00000000,0.00000000,0.00000000,0.00000000,0.00000000,0.00000000,0.00000000,0.00651880,0.00000000,0.00000000,0.00201478,0.00000000,0.00000000,0.00000000,0.00000000,0.00000000,0.00000000,0.00000000,0.49824272,0.00000000,0.00000000,0.00000000,0.00000000,0.00000000,0.00000000,0.00000000,0.02970306,0.00000000,0.00000000,0.00000000,0.00000000,0.00000000,0.00000000,0.00000000,0.00000000,0.00000000,0.00000000,0.00000000,0.00000000,0.00000000,0.00000000,0.00000000,0.00000000,0.00000000,0.00000000,0.00000000,0.00000000,0.00000000,0.00000000,0.01423914,0.00000000,0.00000000,0.00598544,0.61418071,0.04472114,0.00000000,0.00000000,0.00000000,0.00000000,0.00000000,0.00000000,0.00000000,0.00000000,0.00000000,0.00000000,0.00000000,0.00000000,0.00000000,0.00000000,0.00000000,0.00000000,0.00000000,0.00000000,0.00000000,0.00000000,0.00000000,0.00000000,0.00000000,0.00114512,0.00000000,0.02601691,0.00000000,0.00993502,0.00000000,0.00000000
0.00000000,0.03636379,0.00000000,0.00000000,0.00000000,0.00000000,0.00000000,0.00000000,0.01243977,0.05045178,0.04344081,0.00000000,0.00235028,0.00387069,0.00000000,0.00000000,0.00000000,0.00000000,0.00000000,0.00000000,0.00000000,0.03154667,0.00000000,0.00000000,0.00000000,0.00780625,0.00000000,0.00000000,0.00108534,0.00000000,0.04385771,0.00000000,0.00000000,0.00000000,0.00000000,0.00000000,0.00000000,0.00000000,0.00000000,0.00000000,0.00192491,0.00000000,0.00000000,0.00000000,0.00354649,0.00000000,0.00000000,0.00000000,0.06713015,0.00000000,0.00000000,0.00000000,0.00315438,0.00000000,0.00161632,0.00000000,0.00000000,0.00000000,0.00000000,0.00000000,0.00000000,0.00000000,0.00000000,0.00000000,0.00000000,0.00000000,0.00000000,0.00000000,0.00000000,0.00000000,0.03856203,0.00000000,0.00000000,0.00541257,0.00000000,0.00488419,0.00000000,0.00000000,0.00000000,0.00000000,0.00000000,0.00000000,0.00000000,0.00000000,0.00000000,0.01202171,0.00000000,0.00000000,0.00000000,0.00000000,0.00000000,0.00000000,0.00000000,0.08904933,0.00000000,0.00000000,0.00000000,0.00000000,0.09134656,0.00000000,0.00000000,0.00000000,0.00000000,0.00000000,0.00000000,0.00000000,0.00000000,0.00000000,0.00000000,0.00000000,0.00000000,0.00000000,0.00000000,0.00000000,0.00000000,0.00000000,0.00000000,0.00000000,0.00000000,0.00000000,0.00000000,0.01287554,0.00000000,0.00000000,0.00000000,0.00000000,0.00000000,0.00000000,0.00000000,0.00000000,0.00000000,0.00000000,0.00000000,0.00000000,0.00000000,0.00000000,0.05515494,0.00000000,0.00294778,0.00000000,0.00000000,0.00315405,0.00000000,0.00000000,0.00000000,0.00486835,0.00000000,0.00000000,0.00000000,0.00000000,0.00000000,0.02049826,0.00000000,0.00000000,0.00000000,0.00000000,0.00000000,0.00000000,0.00000000,0.00000000,0.00000000,0.00895195,0.00000000,0.00000000,0.00000000,0.00000000,0.00000000,0.00000000,0.00000000,0.00000000,0.00000000,0.00000000,0.00000000,0.00000000,0.00000000,0.02111800,0.00000000,0.00205386,0.00000000,0.00000000,0.00000000,0.00000000,0.00000000,0.00000000,0.00000000,0.00000000,0.00893567,0.00000000,0.00000000,0.00000000,0.00000000,0.00461356,0.00000000,0.00000000,0.00000000,0.00000000,0.00000000,0.00000000,0.00000000,0.00000000,0.00000000,0.00000000,0.00000000,0.00000000,0.00000000,0.00000000,0.00000000,0.00000000,0.00000000,0.00000000,0.00000000,0.00000000,0.00000000,0.00000000,0.02033437,0.00000000,0.00535896,0.00000000,0.00000000,0.00000000,0.00000000,0.00000000,0.00000000,0.00000000,0.00000000,0.00000000,0.00000000,0.00000000,0.00000000,0.00000000,0.77126288,0.00000000,0.00000000,0.00000000,0.00000000,0.00000000,0.00000000,0.00000000,0.00000000,0.05758853,0.00000000,0.00000000,0.00000000,0.00000000,0.00000000,0.00000000,0.00000000,0.00000000,0.00000000,0.00000000,0.00000000,0.00000000,0.00000000,0.00000000,0.00000000,0.00000000,0.00614554,0.00000000,0.00000000,0.00000000,0.03526190,0.00000000,0.00000000,0.03655381,0.00000000,0.00000000,0.00000000,0.00000000,0.00000000,0.00000000,0.00000000,0.00000000,0.00782516,0.00000000,0.00000000,0.00000000,0.00000000,0.00000000,0.00000000,0.00000000,0.00000000,0.00000000,0.00000000,0.00000000,0.00000000,0.00000000,0.00000000,0.01147733,0.03666618,0.00000000,0.00101956,0.01741662,0.00000000,0.00000000,0.00000000,0.00000000,0.00000000,0.00460396,0.00000000,0.00000000,0.00000000,0.00000000,0.00000000,0.00000000,0.00000000,0.00000000,0.00000000,0.00000000,0.00000000,0.00000000,0.00000000,0.00000000,0.00000000,0.00000000,0.00000000,0.00506754,0.00000000,0.00000000,0.00000000,0.00000000,0.00000000,0.00000000,0.00000000,0.00000000,0.00000000,0.00000000,0.00000000,0.00000000,0.00000000,0.00000000,0.75099701,0.01456778,0.00000000,0.00000000,0.00000000,0.00462619,0.00000000,0.00000000,0.00000000,0.00000000,0.01682952,0.00000000,0.00000000,0.00000000,0.00351868,0.00000000,0.00000000,0.00000000,0.00000000,0.00000000,0.00000000,0.00000000,0.00000000,0.01404580,0.00000000,0.00000000,0.00000000,1.36717663,0.00000000,0.00000000,0.00000000,0.00000000,0.00000000,0.00000000,0.00000000,0.00000000,0.08473599,0.00000000,0.00000000,0.00000000,0.07497382,0.00000000,0.00763649,0.00000000,0.00915974,0.00000000,0.00000000,0.00000000,0.00000000,0.00000000,0.00000000,0.00000000,0.00000000,0.00000000,0.00000000,0.00000000,0.00000000,0.00000000,0.00000000,0.00000000,0.15274230,0.00000000,0.00000000,0.00000000,0.00000000,0.00000000,0.00000000,0.00000000,0.00791042,0.00000000,0.00000000,0.01220514,0.01076138,0.00000000,0.00000000,0.00000000,0.00000000,0.00000000,0.00000000,0.10078641,0.00000000,0.00000000,0.00000000,0.00000000,0.41248207,0.00000000,0.00000000,0.00000000,0.01795743,0.00000000,0.00000000,0.00000000,0.03858184,0.00000000,0.00000000,0.00000000,0.00000000,0.00000000,0.00000000,0.00000000,0.00000000,0.05308489,0.00658013,0.00000000,0.00000000,0.00000000,0.00000000,0.00000000,0.02356118,0.00000000,0.00000000,0.00440544,0.00000000,0.00000000,0.00000000,0.00000000,0.00619860,0.00000000,0.00000000,0.00000000,0.00000000,0.00000000,0.00000000,0.00000000,0.00205418,0.00000000,0.00000000,0.00000000,0.00332860,0.00000000,0.00000000,0.00000000,0.00000000,0.00000000,0.00000000,0.00000000,0.00000000,0.00000000,0.00103288,0.00275283,0.00000000,0.00000000,0.00000000,0.00000000,0.00000000,0.00000000,0.00000000,0.00000000,0.00000000,0.00000000,0.00000000,0.00000000,0.00128760,0.00000000,0.00000000,0.00000000,0.00000000,0.00000000,0.00000000,0.00000000,0.00000000,0.00000000,0.00388699,0.00000000,0.00000000,0.00000000,0.00000000,0.00000000,0.01181786,0.00000000,0.00000000,0.00000000,0.00000000,0.00000000,0.00000000,0.00000000,0.00000000,0.00000000,0.00000000,0.00000000,0.00000000,0.00000000,0.00000000,0.00000000,0.00000000,0.00000000,0.00000000,0.00000000,0.00000000,0.97784184,0.00000000,0.00000000,0.00000000,0.00000000,0.00000000,0.00000000,0.00000000,0.00196054,0.00000000,0.00000000,0.00000000,0.00000000,0.00000000,0.00000000,0.00000000,0.00000000,0.00000000,0.00000000,0.00000000,0.00000000,0.00000000,0.00000000,0.00000000,0.00000000,0.00000000,0.00000000,0.00058949,0.02018977,0.00000000,0.00000000,0.00000000,0.00000000,0.00000000,0.00000000,0.00000000,0.00000000,0.03197816,0.00000000,0.00000000,0.00000000,0.00000000,0.00000000,0.00000000,0.01151021,0.00000000,0.00000000,0.00000000,0.00000000,0.00000000,0.00000000,0.00000000,0.00000000,0.00000000,0.00000000,0.00000000,0.00000000,0.00000000,0.00000000,0.00000000,0.00000000,0.00000000,0.00000000,0.00000000,0.00000000,0.00350764,0.00000000,0.00000000,0.00000000,0.00000000,0.00000000,0.00000000,0.03046857,0.00000000,0.00000000,0.00154231,0.00000000,0.00195152,0.00000000,0.01258113,0.00000000,0.00000000,0.00000000,0.00476783,0.00000000,0.00000000,0.00000000,0.00000000,0.00681758,0.00000000,0.00000000,0.00000000,0.01064965,0.00000000,0.00000000,0.00472798,0.00000000,0.00000000,0.11423042,0.00000000,0.00000000,0.00000000,0.00251960,0.02065303,0.00000000,0.00000000,0.00000000,0.00000000,0.00000000,0.00000000,0.00000000,0.00000000,0.00000000,0.00000000,0.00000000,0.00000000,0.00000000,0.00000000,0.00000000,0.00000000,0.00000000,0.00000000,0.00000000,0.00000000,0.00000000,0.00000000,0.00000000,0.00000000,0.00000000,0.00000000,0.03395370,0.00000000,0.00000000,0.00000000,0.00000000,0.00000000,0.00000000,0.00000000,0.00000000,0.00000000,0.00000000,0.00000000,0.00000000,0.00000000,0.00000000,0.00000000,0.00000000,0.00000000,0.00000000,0.00000000,0.00000000,0.00000000,0.01200972,0.00000000,0.00000000,0.00000000,0.00000000,0.00000000,0.00927180,0.00000000,0.00000000,0.00000000,0.00000000,0.00000000,0.00000000,0.00000000,0.00000000,0.00000000,0.00000000,0.00000000,0.00000000,0.00000000,0.00423089,0.00000000,0.00000000,0.00000000,0.00000000,0.00000000,0.00000000,0.00000000,0.00000000,0.00000000,0.00000000,0.00000000,0.00000000,0.00000000,0.00000000,0.00000000,0.00114639,0.00176604,0.00000000,0.00000000,0.00000000,0.01623979,0.06238348,0.00000000,0.00000000,0.00000000,0.00000000,0.00000000,0.00000000,0.00000000,0.00000000,0.00000000,0.00000000,0.00000000,0.00000000,0.00000000,0.00000000,0.00823052,0.00000000,0.12872843,0.00000000,0.00000000,0.00000000,0.00000000,0.00000000,0.00000000,0.00000000,0.00000000,0.00000000,0.00000000,0.00000000,0.00000000,0.00000000,0.00000000,0.00000000,0.00495244,0.00000000,0.00000000,0.00000000,0.00000000,0.00000000,0.00000000,0.00000000,0.00000000,0.00000000,0.00000000,0.00000000,0.00000000,0.00000000,0.00000000,0.01496158,0.00000000,0.00564699,0.00000000,1.29556662,0.00000000,0.00000000,0.00000000,0.00000000,0.04989110,0.00000000,0.59681649,0.00000000,0.00000000,0.00000000,0.00000000,0.00000000,0.00000000,0.00000000,0.00000000,0.00000000,0.00000000,1.11746597,0.00000000,0.00000000,0.00000000,0.00000000,0.00000000,0.00000000,0.00000000,0.01008795,0.00000000,0.00000000,0.00000000,0.00000000,0.02517798,0.00000000,0.00000000,0.00000000
0.00000000,0.00000000,0.00000000,0.00000000,0.37480275,0.00000000,0.00000000,0.00000000,0.00000000,0.00421032,0.00000000,0.00000000,0.00000000,0.83180950,0.00000000,0.00000000,0.00000000,0.00000000,0.00587849,0.03566674,0.00000000,0.00000000,0.00000000,0.00000000,0.00124164,0.00000000,0.05765007,0.01805417,0.00000000,0.00000000,0.00000000,0.00000000,0.00000000,0.00000000,0.00000000,0.00000000,0.00280706,0.00000000,0.00000000,0.00000000,0.00844276,0.00000000,0.00000000,0.00637269,0.00000000,0.00000000,0.00000000,0.00000000,0.00000000,0.00000000,0.00000000,0.00000000,0.00000000,0.00000000,0.00000000,0.00000000,0.00000000,0.00198966,0.18026141,0.00000000,0.00000000,0.00000000,0.00000000,0.00000000,0.00000000,0.00000000,0.68681921,0.00099609,0.00000000,0.00000000,0.00000000,0.00663775,0.00000000,0.00093783,0.00000000,0.00000000,0.00000000,0.00000000,0.00242303,0.00000000,0.00000000,0.00000000,0.00000000,0.00000000,0.00632743,0.00000000,0.00000000,0.00000000,0.00000000,0.00382905,0.00000000,0.00000000,0.00000000,0.01021190,0.00000000,0.00000000,0.00000000,0.00000000,0.00000000,0.00000000,0.00000000,0.00000000,0.00000000,0.00000000,0.00000000,0.00000000,0.00000000,0.00000000,0.01012335,0.00000000,0.03720641,0.04181664,0.00000000,0.00000000,0.00000000,0.00000000,0.00000000,0.00000000,0.00000000,0.00000000,0.00000000,0.00411896,0.00000000,0.00000000,0.00089484,0.00000000,0.00686612,0.00000000,0.00392340,0.00000000,0.00000000,0.00000000,0.00000000,0.00000000,0.00646399,0.00000000,0.00000000,0.02113645,0.00000000,0.00472031,0.00000000,0.00000000,0.00000000,0.00000000,0.00000000,0.00000000,0.00000000,0.00000000,0.00000000,0.00000000,0.00272273,0.00000000,0.00000000,0.00000000,0.00000000,0.00000000,0.00000000,0.00000000,0.00000000,0.00000000,0.00000000,0.00000000,0.00000000,0.00000000,0.00000000,0.00000000,0.00000000,0.01116038,0.00000000,0.00000000,0.30051180,0.00000000,0.00000000,0.00187017,0.00000000,0.01424829,0.00000000,0.00000000,0.00509332,0.00203582,0.00000000,0.00000000,0.00000000,0.00000000,0.00000000,0.02214755,0.00262729,0.00000000,0.00000000,0.00000000,0.00000000,0.00000000,0.00000000,0.00000000,0.00000000,0.00000000,0.00000000,0.00000000,0.00000000,0.00354712,0.00000000,0.05319039,0.00000000,0.00000000,0.00000000,0.00674371,0.00000000,0.00000000,0.00000000,0.00000000,0.00000000,0.00000000,0.00000000,0.00000000,0.00000000,0.00000000,0.00000000,0.00102494,0.00000000,0.00000000,0.00000000,0.00000000,0.00000000,0.00000000,0.00000000,0.00000000,0.00245180,0.00000000,0.00000000,0.00000000,0.00000000,0.05393361,0.00000000,0.00000000,0.00000000,0.00000000,0.00000000,0.00000000,0.00000000,0.00000000,0.00000000,0.00000000,0.00423232,0.00000000,0.00000000,0.00000000,0.00000000,0.03321692,0.00000000,0.00000000,0.01857359,0.05013397,0.06684908,0.00000000,0.00000000,0.04058752,0.00000000,0.00000000,0.00000000,0.00000000,0.00000000,0.00000000,0.00000000,0.00000000,0.00000000,0.00000000,0.00000000,0.00000000,0.00000000,0.00000000,0.00000000,0.00000000,0.00000000,0.03515329,0.00000000,0.00000000,0.00000000,0.00443711,0.00000000,0.00000000,0.00394801,0.00000000,0.00091099,0.00000000,0.00000000,0.00000000,0.00000000,0.00000000,0.00000000,0.64302737,0.00000000,0.00000000,0.00000000,0.00000000,3.52129857,0.00000000,0.00000000,0.00000000,0.00000000,0.00000000,0.00000000,0.00000000,0.00000000,0.00000000,0.00000000,0.00000000,0.00077761,0.00000000,0.00000000,0.00000000,0.00000000,0.00000000,0.00000000,0.00000000,0.00000000,0.00000000,0.00000000,0.01733440,0.00000000,0.00000000,0.10496590,0.00000000,0.00000000,0.00000000,0.00000000,0.00000000,0.00000000,0.00064878,0.00000000,0.00000000,0.00000000,0.00000000,0.00437748,0.00000000,0.00000000,0.00000000,0.00000000,0.00000000,0.00204232,0.00000000,0.00000000,0.00000000,0.00000000,0.00000000,0.00000000,0.00000000,0.00000000,0.00000000,0.00000000,0.00000000,0.00000000,0.00000000,0.00000000,0.00206885,0.00000000,0.00000000,0.00000000,0.00000000,0.00000000,0.00434280,0.00120112,0.12143716,0.00000000,0.00000000,0.00000000,0.00000000,0.00000000,0.00000000,0.05645976,0.00000000,0.00000000,0.00000000,0.00000000,0.00000000,0.00000000,0.00000000,0.01925059,0.00000000,0.00000000,0.00000000,0.00000000,0.00000000,0.00000000,0.00000000,0.00000000,0.00000000,0.00000000,0.00000000,0.00000000,0.00000000,0.00000000,0.00000000,0.00000000,0.00000000,0.00000000,0.00000000,0.00000000,0.00000000,0.00000000,0.00000000,0.00000000,0.00000000,0.00000000,0.00000000,0.00000000,0.00000000,0.00000000,0.00000000,0.00000000,0.00000000,0.00000000,0.00000000,0.00000000,0.00000000,0.00000000,0.00346699,0.00000000,0.00000000,0.00000000,0.00000000,0.00000000,0.00123316,0.02625613,0.00000000,0.00000000,0.00000000,0.00000000,0.00000000,0.00517120,0.00117520,0.00000000,0.00000000,0.00000000,0.00228449,0.00000000,0.00000000,0.00000000,0.00000000,0.00480093,0.00000000,0.00000000,0.00000000,0.00000000,0.00000000,0.00000000,0.00000000,0.00000000,0.00000000,0.00000000,0.00738977,0.00000000,0.00000000,0.00000000,0.00000000,0.00000000,0.00000000,0.00000000,0.00000000,0.00000000,0.00000000,0.00000000,0.00000000,0.00000000,0.00000000,0.00000000,0.00000000,1.28104302,0.00000000,0.00000000,0.00000000,0.00000000,0.00000000,0.00000000,0.00000000,0.00000000,0.00000000,0.00000000,0.00000000,0.00000000,0.00000000,0.00000000,0.00000000,0.00000000,0.00000000,0.00000000,0.00000000,0.00000000,0.00000000,0.00000000,0.00000000,0.00779069,0.00000000,0.00000000,0.00000000,0.00000000,0.00000000,0.00000000,0.00000000,0.00000000,0.00000000,0.00000000,0.00000000,0.00000000,0.00000000,0.00000000,0.00000000,0.14254178,0.00000000,0.00000000,0.00000000,0.00000000,0.00000000,0.32292024,0.00000000,0.00000000,0.00000000,0.00000000,0.00000000,0.00000000,0.00000000,0.06747465,0.00000000,0.00000000,0.00000000,0.00000000,0.00000000,0.00000000,0.08700809,0.00000000,0.00000000,0.00000000,0.00000000,0.00000000,0.00000000,0.01657614,0.00000000,0.00000000,0.00000000,0.00798206,0.00000000,0.00000000,0.00000000,0.02111079,0.00000000,0.00000000,0.00000000,0.00000000,0.00000000,0.00000000,0.00000000,0.00000000,0.00000000,0.00000000,0.00000000,0.43915198,0.00000000,0.00000000,0.00000000,0.00000000,0.00000000,0.00000000,0.00000000,0.00000000,0.00000000,0.00000000,0.00000000,0.00000000,0.00114704,0.00000000,0.00000000,0.00000000,0.00000000,0.01387104,0.00000000,0.00000000,0.00000000,0.00000000,0.00000000,0.00000000,0.00000000,0.00000000,0.00000000,0.00000000,0.00000000,0.00000000,0.00000000,0.00000000,0.00000000,0.00000000,0.00000000,0.00204524,0.00000000,0.00000000,0.00000000,0.00000000,0.00000000,0.00000000,0.00000000,0.00000000,0.00000000,0.00044373,0.00000000,0.00000000,0.00000000,0.00000000,0.00000000,0.25566267,0.00000000,0.00000000,0.00000000,0.00000000,0.00000000,0.00000000,0.15838423,0.00000000,0.00000000,0.00000000,0.00000000,0.21850048,0.00000000,0.00000000,0.00000000,0.00000000,0.00000000,0.00000000,0.29915299,0.00000000,0.00000000,0.00000000,0.00000000,0.01548226,0.00000000,0.00000000,0.00000000,0.00000000,0.01446964,0.00000000,0.00000000,0.00000000,0.00000000,0.00000000,0.00000000,0.00000000,0.00000000,0.00000000,0.00000000,0.00000000,0.00000000,0.00000000,0.00000000,0.00000000,0.00000000,0.00000000,0.00000000,0.00000000,0.00000000,0.00000000,0.00000000,0.00581534,0.00000000,0.00000000,0.00000000,0.00000000,0.00000000,0.00000000,0.00000000,0.00000000,0.00000000,0.00000000,0.00000000,0.00000000,0.00000000,0.00000000,0.00000000,0.00000000,0.00000000,0.00000000,0.00000000,0.00000000,0.00000000,0.00000000,0.00000000,0.00000000,0.00000000,0.00000000,0.00000000,0.00000000,0.03992082,0.00000000,0.00000000,0.00000000,0.00000000,0.00000000,0.00000000,0.00000000,0.00000000,0.00000000,0.00000000,0.00000000,0.00000000,0.00000000,0.00000000,0.01136878,0.00000000,0.00000000,0.00000000,0.00000000,2.79655044,0.00000000,0.00000000,0.00000000,0.00000000,0.00000000,0.00086383,0.00275872,0.00000000,0.00000000,0.00000000,0.00000000,0.00000000,0.00000000,0.00000000,0.00000000,0.07394248,0.00000000,0.00000000,0.00870439,0.00000000,0.00000000,0.00000000,0.00000000,0.01566893,0.00000000,0.00000000,0.00000000,0.00000000,0.00000000,0.00000000,0.00000000,0.00000000,0.00000000,0.00000000,0.00000000,0.00000000,0.00000000,0.00000000,0.00000000,0.00000000,0.00000000,0.01055410,0.01443109,0.00000000,0.00000000,0.01317022,0.00000000,0.00000000,0.00000000,0.00000000,0.00430134,0.00000000,0.00000000,0.00000000,0.00567311,0.00000000,2.40081587,0.00000000,0.00000000,0.00000000,0.00000000,0.00000000,0.00000000,0.00000000,0.00000000,0.00000000,0.00000000,0.00000000,0.00000000,0.00000000,0.00000000,0.00000000,0.00000000,0.00000000,0.00000000,0.00000000,0.00000000,0.00000000,0.00000000,0.00000000,0.00000000,0.00000000,0.00000000,0.00000000,0.00000000,0.00000000,0.00154153,0.00000000,0.00000000,0.00000000,0.00000000,0.00000000
0.00000000,0.00000000,0.00000000,0.00000000,0.00000000,0.00000000,0.00000000,0.00000000,0.00000000,0.00000000,0.00000000,0.00000000,0.00000000,0.00000000,0.00000000,0.00000000,0.00000000,0.00000000,0.00000000,0.00000000,0.00000000,0.01507743,0.00000000,0.00000000,0.00000000,0.00000000,0.00000000,0.00000000,0.00000000,0.00000000,0.01080920,0.00337809,0.00000000,0.00000000,0.00000000,0.00000000,0.00000000,0.00000000,0.00000000,0.00000000,0.00000000,0.00000000,0.00000000,0.00000000,0.01254870,0.00000000,0.00000000,0.00000000,0.00000000,0.00000000,0.00000000,0.00000000,0.00000000,0.04058581,0.00000000,0.00000000,0.00000000,0.00000000,0.00000000,0.00707791,0.00000000,0.00000000,0.00000000,0.00000000,0.00000000,0.00000000,0.00000000,0.00000000,0.00000000,0.00000000,0.00000000,0.00000000,0.00000000,0.00000000,0.00000000,0.00000000,0.00000000,0.00000000,0.00000000,0.00000000,0.00000000,0.00000000,0.00000000,0.00000000,0.00000000,0.00000000,0.00000000,0.00000000,0.00000000,0.00000000,0.00000000,0.00000000,0.00000000,0.00000000,0.00000000,0.00000000,0.00000000,0.00091095,0.00000000,0.33715933,0.00000000,0.03723808,0.00000000,0.00000000,0.00000000,0.00000000,0.00000000,0.00000000,0.00000000,0.00000000,0.00000000,0.00000000,0.00000000,0.00000000,0.00000000,0.00000000,0.00000000,0.00000000,0.00000000,0.00150200,0.00188959,0.00000000,0.00000000,0.00000000,0.00484971,0.00000000,0.03758977,0.00000000,0.00258192,0.10711379,0.00000000,0.00000000,0.00000000,0.00000000,0.00000000,0.00000000,0.00000000,0.00000000,0.00000000,0.00000000,0.00000000,0.00000000,0.00000000,0.00000000,0.00000000,0.00000000,0.00000000,0.00000000,0.06123986,0.00000000,0.00000000,0.05628585,0.00000000,0.00000000,0.00000000,0.00000000,0.00000000,0.00408570,0.01272547,0.56105065,0.00000000,0.00000000,0.00000000,0.00000000,0.54518699,0.00220984,0.00000000,0.00000000,0.00000000,0.00000000,0.00000000,0.00000000,0.00000000,0.00000000,0.00000000,0.01027783,0.00000000,0.00000000,0.00000000,0.00000000,0.00000000,0.00000000,0.00000000,0.01120097,0.00000000,2.46610432,0.00000000,0.00000000,0.00000000,0.00000000,0.00000000,0.04279430,0.00463813,0.00917605,0.00000000,0.00000000,0.00000000,0.04628508,0.00000000,0.11056140,0.00000000,0.00412256,0.00000000,0.00000000,0.00908643,0.00000000,0.00000000,0.00000000,0.00077108,0.01323138,0.00000000,0.00000000,0.00000000,0.00000000,0.00000000,0.00000000,0.00000000,0.00000000,0.00000000,0.00000000,0.00000000,0.00000000,0.00000000,0.00000000,0.00000000,0.00000000,0.00000000,0.00000000,0.00000000,0.00000000,0.00000000,0.00220125,0.07691951,0.00000000,0.00857017,0.00000000,0.00000000,0.00000000,0.00000000,0.07375533,0.00000000,0.00000000,0.00000000,0.05572908,0.00000000,0.00000000,0.00000000,0.00000000,0.00000000,0.00000000,0.00000000,0.00000000,0.00000000,0.00000000,0.00000000,0.00000000,0.00000000,0.00000000,0.01125664,0.00000000,0.00000000,0.00000000,0.00000000,0.00000000,0.00000000,0.00000000,0.00000000,0.00000000,0.00000000,0.00000000,0.01145323,0.00000000,0.72327675,0.00000000,0.04785722,0.00000000,0.00000000,0.00000000,0.00000000,0.01421411,0.00000000,0.00000000,0.00000000,0.00000000,0.01671722,0.00000000,0.00000000,0.00000000,0.00495502,0.00000000,0.00000000,0.00000000,0.00000000,0.00000000,0.00000000,0.00000000,0.00000000,0.00000000,0.00000000,0.00000000,0.00000000,0.00000000,0.00000000,0.00000000,0.00000000,0.00000000,0.00000000,0.00000000,0.00000000,0.00000000,0.00000000,0.00000000,0.00000000,0.00000000,0.00000000,0.00000000,0.00000000,0.00000000,0.00000000,0.00000000,0.00000000,0.00000000,0.00000000,0.00000000,0.00383520,0.00000000,0.00000000,0.00000000,0.01696128,0.00000000,0.00000000,0.00000000,0.00000000,0.00000000,0.00000000,0.00000000,0.00000000,0.00000000,0.00000000,0.00000000,0.00000000,0.00000000,0.00000000,0.00000000,0.00000000,0.00000000,0.00000000,0.00000000,0.00000000,0.00000000,0.00000000,0.08517524,0.00000000,0.00000000,0.00000000,0.00000000,0.00000000,0.00000000,0.00000000,0.00000000,0.00000000,0.00000000,0.00000000,0.01360343,0.00927239,0.00000000,0.00000000,0.00910247,0.00000000,0.00000000,0.00000000,0.04726900,0.00000000,0.00000000,0.00000000,0.01100311,0.00000000,0.00000000,0.00000000,0.00000000,0.00000000,0.00000000,0.00000000,0.00000000,0.00000000,0.00294763,0.08593842,0.00000000,0.00000000,0.00000000,0.00000000,0.00151560,0.00000000,0.01413239,0.00000000,0.00000000,0.00000000,0.00687378,0.00000000,0.00000000,0.00000000,0.00000000,0.00000000,0.00000000,0.00000000,0.00000000,0.00000000,0.00000000,0.00000000,0.00000000,0.00000000,0.00000000,0.00000000,0.00000000,0.00000000,0.00276230,0.00000000,0.03621469,0.00000000,0.00164583,0.00000000,0.00000000,0.00000000,0.00000000,0.00000000,0.00000000,0.73347141,0.00000000,0.00000000,0.00000000,0.00000000,0.00682572,0.00786907,0.00000000,0.00000000,0.00000000,0.00000000,0.00000000,0.00000000,0.00000000,0.00000000,0.00000000,0.00000000,0.00000000,0.00000000,0.00000000,0.00000000,0.00119656,0.00000000,0.03179264,0.00000000,0.00647678,0.00000000,0.00000000,0.00000000,0.00000000,0.00000000,0.00000000,0.00000000,0.00000000,0.00000000,0.00000000,0.00000000,0.00000000,0.00000000,0.00000000,0.00000000,0.02617360,0.00000000,0.00000000,0.00000000,0.00000000,0.00000000,0.00000000,0.00147637,0.00000000,0.00000000,0.00000000,0.00000000,0.00000000,0.00000000,0.00000000,0.00000000,0.00000000,0.00000000,0.00000000,0.00000000,0.00000000,0.00000000,0.00400515,0.00000000,0.00000000,0.00000000,0.01301858,0.00000000,0.00000000,0.00000000,0.00000000,0.00000000,0.00000000,0.00000000,0.00000000,0.00000000,0.00000000,0.00394590,0.00000000,0.00000000,0.00000000,0.00000000,0.00000000,0.00000000,0.00000000,0.00000000,0.00000000,0.00000000,0.00000000,0.00000000,0.00690454,0.00000000,0.00000000,0.00000000,0.00000000,0.00000000,0.00000000,0.00000000,0.00000000,0.00000000,0.00000000,0.00000000,0.00000000,0.00000000,0.00000000,0.00786906,0.00000000,0.00000000,0.00000000,0.00000000,0.00000000,0.00000000,0.00000000,0.00000000,0.00000000,0.00000000,0.00000000,0.00000000,0.00000000,0.00000000,0.00000000,0.00479649,0.00000000,0.00000000,0.02577461,0.00000000,0.00000000,0.00000000,0.00000000,0.00000000,0.00000000,0.00000000,0.05734993,0.00000000,0.00000000,0.00000000,0.00000000,0.00000000,0.00000000,0.00000000,1.53024753,0.05961631,0.00000000,0.02507068,0.00000000,0.00000000,0.00288568,0.00000000,0.00000000,0.00000000,0.00532278,0.00185022,0.00000000,0.00000000,0.00000000,0.00000000,0.00000000,3.98201345,0.00000000,0.00346680,0.03881475,0.00000000,0.00000000,0.00000000,0.00000000,0.00000000,0.00381758,0.00000000,0.00000000,0.00000000,0.00000000,0.00000000,0.00000000,0.00000000,0.00000000,0.00000000,0.00000000,0.01192924,0.00000000,0.00000000,0.00000000,0.00000000,0.00429556,0.00000000,0.00573360,0.00000000,0.00000000,0.00000000,0.00000000,0.00000000,0.00000000,0.00000000,0.00000000,0.03145428,0.02637207,0.02314711,0.00000000,0.00364600,0.00000000,0.00000000,0.00000000,0.00255365,0.00187968,0.00000000,0.00000000,0.00000000,0.49246562,0.00000000,0.00000000,0.00000000,0.00000000,0.00000000,0.00000000,0.00000000,0.00000000,0.00000000,0.00000000,0.00000000,0.00000000,0.00000000,0.00000000,0.00000000,0.00000000,0.00000000,0.01623422,0.00000000,0.00000000,0.00000000,0.00000000,0.00000000,0.00000000,0.00000000,0.00000000,0.00428587,0.00000000,0.00000000,0.00000000,0.00000000,0.00000000,0.00000000,0.00000000,0.00000000,0.00000000,0.00000000,0.00000000,0.00000000,0.00000000,0.00000000,0.00000000,0.00000000,0.00000000,0.00000000,0.00000000,0.00000000,0.00000000,0.00000000,0.00000000,0.00000000,0.00000000,0.00143863,0.00000000,0.00000000,0.00000000,0.00000000,0.00000000,0.00000000,0.02666200,0.00000000,0.00000000,0.00000000,0.00000000,0.00000000,0.00000000,0.00000000,0.11155031,0.00627880,0.00000000,0.00000000,0.00000000,0.00000000,0.00327244,0.00000000,0.03064656,0.00000000,0.00000000,0.00000000,0.00000000,1.68117264,0.00000000,0.00000000,0.00000000,0.00000000,0.00000000,0.00000000,0.00000000,0.00000000,0.00000000,0.00000000,0.03395470,0.00000000,0.00000000,0.00000000,0.00000000,0.00000000,0.00000000,0.00000000,0.00000000,0.00000000,0.00000000,0.00000000,0.00000000,0.00000000,0.00000000,0.00000000,0.00000000,0.00000000,0.00000000,0.00000000,0.00000000,0.00000000,0.00000000,0.00000000,0.00000000,0.00000000,0.00000000,0.00000000,0.00000000,0.00000000,0.00000000,0.00000000,0.00000000,0.00000000,0.00000000,0.00278384,0.00000000,0.00000000,0.00000000,0.00000000,0.00000000,0.00000000,0.00375098,0.00000000,0.00000000,0.00000000,0.00000000,0.00000000,0.00000000,0.00000000,0.00000000,0.00000000,0.00000000,1.28627762,0.00000000,0.01592266,0.00000000,0.00000000,0.00000000,0.00151015,0.00000000,0.00000000,0.00000000,0.00000000,0.01669925,0.00000000,0.00000000,0.00000000,0.00000000,0.00000000,0.00000000,0.00000000,0.00000000,0.00000000,0.00000000
0.00000000,0.00000000,0.00000000,0.00000000,0.00000000,0.00000000,0.00000000,0.00000000,0.00000000,0.00000000,0.00000000,0.00000000,0.00000000,0.00000000,0.00000000,0.00000000,0.00000000,0.00000000,0.00000000,0.00000000,0.00000000,0.00000000,0.04147701,0.00000000,0.00000000,0.00000000,0.00000000,0.57428473,0.00000000,0.00000000,0.00000000,0.00000000,0.00000000,0.00000000,0.00000000,0.00000000,0.00000000,0.00000000,0.00000000,0.02784021,0.00000000,0.00000000,0.00000000,0.01860545,0.00000000,0.00000000,0.00000000,0.00000000,0.00000000,0.00314400,0.00000000,0.00000000,0.02581900,0.00000000,0.00000000,0.05882026,0.00000000,0.00000000,0.00000000,0.00000000,0.00000000,0.00000000,0.00000000,0.00000000,0.00692493,0.00000000,0.00000000,0.00000000,0.00000000,0.00000000,0.00000000,0.00000000,0.00000000,0.00000000,0.00000000,0.00000000,0.00000000,0.00000000,0.00000000,0.00000000,0.00000000,0.00000000,0.00000000,0.00000000,0.00000000,0.00000000,0.00000000,0.00000000,0.00000000,0.00000000,0.00000000,0.00000000,0.00000000,0.00000000,0.40253102,0.00000000,0.00916294,0.00000000,0.00000000,0.00796791,0.00000000,1.14458683,0.00000000,0.00000000,0.01329235,0.00000000,0.00000000,0.00000000,0.00000000,0.02987994,0.00000000,0.00000000,0.00000000,0.00000000,0.00000000,0.00000000,0.01314268,0.00771592,0.00000000,0.00000000,0.00000000,0.00000000,0.00000000,0.00000000,0.00000000,0.00000000,0.00000000,0.00000000,0.03116705,0.00000000,0.00661035,0.00000000,0.00000000,0.00000000,0.00000000,0.00000000,0.00000000,0.00000000,0.00000000,0.37292224,0.00000000,0.00000000,0.00000000,0.00000000,0.00000000,0.00000000,0.00000000,0.00086651,0.02835720,0.00000000,0.00525546,0.00000000,0.10116169,0.00000000,0.00000000,0.00000000,0.00000000,0.00000000,0.00000000,0.00000000,0.00000000,0.00000000,0.00000000,0.00000000,0.00000000,0.00000000,0.00000000,0.00000000,0.00000000,0.00000000,0.00000000,0.00000000,0.00000000,0.00000000,0.00000000,0.00000000,0.00000000,0.00000000,0.00000000,0.00000000,0.00280943,0.00000000,0.00000000,0.00000000,0.00000000,0.00000000,0.00000000,0.00000000,0.01606659,0.00000000,0.00000000,0.00000000,0.00000000,0.00000000,0.00000000,0.00000000,0.00000000,0.00000000,0.10983094,0.00000000,0.00000000,0.00000000,0.00000000,0.00000000,0.00000000,0.00000000,0.00110618,0.00000000,0.00000000,0.01466948,0.00000000,0.00000000,0.00000000,0.00000000,0.00000000,0.00000000,0.00000000,0.00000000,0.00000000,0.00000000,0.00000000,0.00000000,0.00000000,0.00000000,0.00000000,0.00000000,0.00000000,0.01201754,0.00000000,0.00000000,0.00000000,0.00000000,0.00000000,0.00000000,0.00000000,0.00000000,0.00000000,0.00000000,0.00000000,0.00000000,0.00000000,0.00157954,0.00000000,0.00000000,0.00295525,0.00000000,0.00000000,0.00000000,0.00000000,0.00000000,0.00000000,0.00000000,0.00000000,0.00000000,0.00000000,0.00000000,0.00298140,0.00000000,0.00000000,0.01731583,0.00000000,0.00000000,0.02961450,0.00000000,0.01190200,0.00000000,0.00000000,0.00000000,0.01785635,0.00000000,0.00000000,0.00000000,0.00000000,0.00000000,0.00000000,0.00942107,0.00794438,0.00000000,0.00000000,0.00000000,0.26770842,0.00000000,0.00000000,0.00000000,0.00000000,0.00682461,0.00000000,0.00000000,0.00000000,0.00000000,0.00000000,0.00000000,0.00000000,0.00000000,0.00000000,0.03628944,0.00000000,0.00000000,0.00000000,0.00000000,0.00000000,0.00000000,0.00000000,0.00000000,0.00000000,0.00000000,0.00000000,0.00000000,0.00328362,0.00000000,0.00000000,0.00918405,0.00000000,0.00000000,0.00000000,0.00000000,0.00000000,0.00000000,0.00000000,0.00000000,0.00000000,0.00000000,0.00000000,0.00000000,0.00000000,0.00000000,0.00000000,0.00773480,0.23096914,0.00000000,0.00000000,0.00360350,0.00000000,0.00000000,0.00000000,0.00000000,0.00000000,0.00000000,0.00000000,0.00000000,0.00000000,0.00000000,0.00000000,0.00000000,0.00000000,0.00820493,0.00000000,0.00000000,0.01337213,0.00000000,0.00000000,0.00000000,0.00000000,0.00000000,0.00000000,0.00000000,0.00000000,0.00000000,0.29587556,0.00000000,0.00000000,0.00334229,0.00000000,0.00000000,0.00000000,0.00000000,0.00000000,0.00000000,0.00000000,0.00000000,0.00000000,0.00000000,0.00000000,0.00000000,0.05637356,0.00000000,0.00000000,0.00000000,0.00000000,0.00000000,0.00000000,0.00000000,0.00000000,0.00000000,0.00000000,0.00000000,0.00000000,0.02217942,0.00000000,0.00000000,0.00000000,0.00000000,0.00000000,0.00119477,0.00000000,0.00000000,0.00550337,0.00000000,0.00000000,0.00908300,0.04403122,0.00000000,0.00000000,0.00000000,0.00000000,0.00000000,0.00000000,0.00000000,0.00000000,0.00000000,0.00632044,0.00000000,0.00000000,0.00000000,0.00000000,0.00000000,1.24264021,0.00000000,0.00000000,0.00000000,0.00000000,0.00000000,0.00000000,0.00000000,0.00000000,0.00000000,0.00000000,0.00000000,0.76063973,0.00000000,0.00000000,0.02247244,0.00000000,0.00000000,0.00583817,0.00845891,0.00000000,0.00000000,0.01102669,0.00000000,0.97763745,0.00000000,0.00000000,0.00000000,0.00209947,0.00000000,0.00000000,0.00000000,0.00000000,0.00000000,0.00063141,0.00000000,0.00000000,0.00000000,0.00000000,0.00000000,0.00000000,0.00000000,0.00000000,0.00000000,0.00000000,0.00000000,0.00000000,0.00000000,0.00000000,0.00000000,0.00000000,0.00000000,0.17563447,0.00000000,0.00000000,0.00000000,0.00000000,0.00000000,0.00000000,0.00000000,0.00000000,0.00000000,0.00000000,0.00000000,0.00000000,0.00000000,0.00000000,0.00000000,0.00000000,0.00000000,0.00000000,0.12175312,0.00000000,0.01787167,0.00000000,0.00000000,0.00000000,0.00000000,0.00000000,0.00000000,0.00000000,0.00000000,0.00000000,0.00000000,0.00000000,0.00000000,0.00000000,0.02461082,0.00000000,0.00000000,0.00000000,1.20588741,0.00000000,0.00000000,0.00000000,0.00000000,0.00661319,0.00000000,0.00000000,0.00000000,0.00000000,0.00000000,0.00000000,0.00000000,0.15526367,0.03226037,0.01760168,0.00000000,0.00000000,0.00000000,0.00000000,0.00000000,0.00000000,0.01598230,0.00000000,0.00000000,0.00000000,0.00000000,0.00000000,0.00000000,0.00000000,0.00000000,0.00863823,0.23740002,0.00000000,0.00000000,0.00000000,0.00000000,0.00684108,0.00000000,0.00315729,0.00000000,0.03528324,0.00000000,0.00411160,0.00000000,0.00000000,0.00000000,0.00000000,0.02735371,0.00000000,0.00375294,0.00000000,0.01419636,0.00000000,0.00000000,0.00000000,0.00000000,0.00393898,0.00000000,0.00000000,0.00000000,0.00000000,0.00000000,0.00000000,0.00000000,0.00000000,0.00000000,0.00989262,0.00000000,0.00000000,0.00000000,0.00000000,0.00000000,0.00000000,0.00000000,0.00000000,0.00000000,0.00262332,0.00000000,0.00000000,0.00000000,0.00361752,0.00000000,0.00000000,0.00000000,0.00000000,0.00000000,0.00000000,0.00000000,0.00000000,0.00000000,0.00000000,0.00000000,0.00000000,0.00000000,0.00000000,0.00000000,0.00000000,0.00523598,0.00000000,0.00000000,0.00000000,0.42233612,0.00000000,0.00000000,0.48730025,0.00000000,0.00000000,0.00000000,0.00000000,0.00000000,0.00000000,0.00000000,0.00000000,0.00000000,0.00000000,0.00000000,0.00000000,0.00000000,0.00000000,0.00408793,0.00000000,0.00000000,0.00000000,0.00000000,0.00000000,0.00000000,0.00000000,0.45271751,0.00000000,0.00000000,0.00000000,0.00000000,0.00000000,0.00000000,0.04889536,0.00000000,0.00000000,0.00000000,0.00000000,0.00000000,0.00000000,0.00000000,0.84551633,0.00000000,0.00000000,0.00000000,0.00000000,0.00000000,0.00000000,0.00000000,0.00000000,0.00000000,0.03199651,0.00000000,0.00000000,0.01251898,0.00000000,0.00220374,0.00000000,0.00000000,0.00393175,0.00000000,0.00000000,0.00000000,0.00000000,0.00000000,0.00000000,0.00000000,0.00000000,0.00000000,0.00000000,0.00000000,0.00000000,0.00000000,0.00000000,0.00000000,0.00000000,0.00000000,0.00000000,0.01368376,0.00000000,0.00000000,0.00000000,0.00000000,0.00000000,0.00547524,0.00000000,0.00000000,0.00000000,0.00000000,0.00000000,0.00174982,0.00000000,0.00000000,0.00000000,0.00000000,0.00000000,0.00000000,0.00000000,0.00686035,0.00000000,0.00000000,0.00000000,0.00000000,0.00000000,0.00000000,0.00000000,0.00000000,0.00000000,0.07795577,0.00000000,0.00000000,0.00000000,0.19994948,0.00000000,0.10797682,0.00000000,0.00000000,0.00000000,0.00310883,0.00000000,0.00000000,0.00000000,0.00000000,0.00000000,0.00000000,0.00000000,0.00000000,0.00000000,0.00000000,0.00000000,0.00000000,0.00000000,0.02019095,0.00000000,0.00283325,0.00000000,0.00000000,0.00000000,0.00000000,0.00000000,0.00000000,0.00000000,0.00000000,0.00000000,0.00000000,0.00000000,0.00000000,0.00000000,0.00000000,0.00000000,0.00000000,0.00000000,0.00000000,0.00000000,0.00000000,0.00000000,0.00000000,0.00000000,0.00000000,0.00000000,0.00000000,0.00000000,0.00000000,0.00000000,0.00000000,0.00000000,0.00000000,0.02636746,0.00143586,0.00000000,0.00000000,0.00000000,0.00000000,0.00000000,0.00000000,0.00000000,0.00000000,0.00000000,0.00000000,0.00000000,0.00000000,0.00000000,0.00000000,0.00000000,0.01047639,0.00000000,0.00000000,0.00975382,0.00000000,0.00000000,0.00000000
0.00000000,0.00000000,0.00000000,0.00000000,0.01067481,0.02785222,0.00000000,0.00000000,1.13755659,0.00000000,0.00000000,0.00000000,0.00000000,0.00000000,0.00000000,0.00000000,0.00000000,0.00000000,0.00000000,0.00000000,0.00000000,0.00000000,0.00000000,0.00000000,0.00000000,0.00000000,0.00000000,0.00231806,0.00000000,0.00696277,0.00000000,0.00099667,0.00000000,0.00000000,0.00000000,0.00000000,0.00619445,0.00000000,0.00000000,0.00000000,0.00000000,0.00000000,0.00000000,0.00000000,0.00000000,0.00000000,0.00000000,0.00000000,0.00000000,0.00248306,0.00000000,0.00000000,0.00000000,0.00000000,0.00000000,0.00000000,0.00000000,0.00000000,0.00000000,0.00151077,0.00000000,0.00000000,0.00000000,0.00000000,0.00000000,0.00000000,0.00000000,0.00000000,0.00000000,0.00000000,0.00000000,0.00000000,0.00000000,0.00614079,0.00000000,0.00058545,0.00000000,0.01262656,0.00000000,0.00000000,0.00000000,0.00000000,0.00000000,0.00355825,0.00000000,0.00658490,0.00160511,0.00000000,0.00000000,0.00000000,0.12356772,0.00000000,0.00000000,0.00000000,0.00000000,0.00000000,0.00000000,0.01196949,0.00000000,0.00000000,0.00364244,0.00000000,0.00000000,0.00000000,0.00000000,0.00130347,0.00000000,0.00000000,0.00000000,0.00000000,0.00000000,0.00000000,0.00606289,0.04200472,0.00000000,0.00000000,0.00000000,0.01893108,0.00000000,0.03257497,0.00000000,0.00000000,0.00000000,0.00000000,0.00000000,0.00284901,0.00000000,0.00000000,0.00000000,0.00000000,0.00000000,0.00000000,0.00000000,0.00000000,0.00000000,0.00000000,0.00354260,0.00000000,0.33033452,0.01221281,0.00000000,0.00000000,0.00000000,0.00000000,0.00000000,0.00000000,0.00000000,0.00000000,0.00000000,0.00000000,0.00000000,0.00000000,0.00000000,0.00000000,0.00373145,0.00000000,0.00000000,0.00000000,0.00000000,0.00469529,0.00000000,0.00000000,0.00000000,0.00000000,0.00000000,0.00000000,0.00000000,0.00000000,0.00000000,0.00660652,0.00149214,0.00000000,0.00000000,0.00000000,0.00000000,0.00000000,0.00000000,0.00000000,0.00000000,0.00000000,0.00000000,0.00000000,0.00000000,0.00000000,0.00000000,0.00302925,0.00000000,0.00820315,0.00000000,0.03682954,0.00000000,0.00000000,0.00000000,0.00000000,0.00000000,0.00000000,0.00000000,0.00000000,0.00000000,0.00000000,0.00000000,0.00000000,0.00000000,0.00694448,0.00000000,0.00000000,0.00000000,0.00000000,0.00000000,0.00000000,0.00000000,0.01279884,0.00000000,0.00000000,0.00000000,0.00000000,0.00000000,0.00000000,0.00000000,0.00000000,0.00000000,0.00000000,0.01272726,0.00000000,0.00000000,0.00000000,0.00000000,0.00000000,0.00000000,0.00241905,0.01079960,0.00000000,0.00000000,0.00000000,0.00000000,0.00000000,0.00000000,0.00000000,0.00680702,0.00000000,0.00000000,0.00000000,0.00000000,0.00000000,0.00000000,0.00000000,0.00000000,0.00000000,0.00000000,0.00000000,0.00000000,0.01525603,0.00000000,0.00000000,0.00000000,0.00000000,0.00000000,0.00000000,0.00000000,0.00000000,0.00000000,0.00591689,0.01616116,0.00000000,0.00000000,0.00000000,0.00000000,0.00000000,0.01009590,0.00000000,0.04504147,0.00000000,0.00000000,0.00000000,0.00000000,0.00000000,0.00000000,0.00000000,0.00000000,0.00000000,0.00000000,0.00000000,0.00000000,0.00000000,0.00000000,0.00000000,0.00000000,0.00000000,0.00000000,0.00000000,0.00000000,0.00000000,0.00367587,0.00000000,0.00000000,0.00000000,0.00000000,0.00000000,0.00000000,0.00000000,0.00000000,0.00000000,0.00000000,0.00000000,0.00000000,0.00000000,0.00000000,0.00000000,0.00000000,0.00000000,0.00000000,0.00000000,0.00000000,0.00000000,0.00000000,0.00000000,0.00000000,0.00000000,0.00000000,0.04471188,0.00000000,0.00000000,0.00000000,0.00000000,0.00000000,0.00000000,0.00000000,0.00000000,0.00000000,0.00000000,0.00000000,0.00000000,0.00000000,0.00000000,0.00737711,0.00000000,0.00000000,0.00000000,0.01863188,0.07313490,0.00000000,0.00000000,0.00000000,0.00000000,0.00000000,0.00000000,0.00000000,0.00000000,0.00000000,0.00000000,0.00000000,0.00000000,0.00000000,0.00000000,0.00000000,0.00166770,0.00000000,0.00000000,0.02515779,0.00000000,0.00000000,0.00000000,0.00000000,0.00000000,0.00000000,0.06821472,0.00000000,0.00000000,0.00000000,0.04321877,0.00537653,0.00000000,0.00000000,0.00000000,0.00000000,0.01841328,0.00000000,0.00000000,0.00000000,0.00000000,0.00000000,0.00000000,0.01988718,0.00000000,0.00000000,0.03419292,0.00000000,0.00000000,0.00000000,0.00000000,0.00000000,0.00000000,0.00000000,0.00000000,0.00000000,0.00000000,0.00000000,0.00000000,0.00000000,0.00000000,0.00000000,0.00000000,0.00000000,0.00000000,0.00000000,0.00000000,0.00000000,0.00000000,0.00000000,0.58614042,0.00000000,0.00000000,0.00000000,0.00000000,0.00000000,0.00000000,0.00000000,0.00000000,0.00000000,0.00000000,0.00000000,0.00000000,0.00000000,0.00000000,0.00000000,0.00000000,0.01337698,0.00000000,0.00000000,0.00000000,0.00000000,0.00000000,0.00000000,0.04547277,0.00000000,0.00214345,0.00000000,0.00000000,0.00000000,0.00000000,0.01242426,0.00000000,0.00000000,0.00000000,0.00000000,0.01833029,0.00000000,0.00000000,0.00000000,1.75575525,0.00000000,0.00000000,0.00000000,0.00000000,0.00000000,0.00000000,0.00000000,0.00000000,0.01108362,0.00000000,0.00000000,0.00000000,0.00000000,0.00000000,0.00000000,0.00000000,0.00000000,0.00701579,0.00000000,0.00000000,0.00000000,0.00000000,0.00000000,1.69909790,0.00000000,0.00000000,0.16446357,0.40381007,0.00000000,0.00000000,0.00000000,0.02334157,0.00696170,0.00000000,0.00274063,0.00000000,0.00000000,0.00000000,0.00486217,0.00000000,0.00000000,0.00000000,0.00000000,0.00000000,0.00000000,0.00000000,0.00000000,0.00000000,0.00000000,0.00000000,0.00000000,0.00000000,0.01103892,0.00000000,0.00000000,0.00000000,0.00000000,0.00000000,0.00000000,0.00000000,0.00000000,0.00194943,0.16981538,0.36160700,0.00000000,0.01105953,0.00000000,0.00000000,0.03031076,0.00000000,0.00000000,0.00000000,0.00000000,0.02363233,0.00000000,0.00000000,0.00000000,0.00000000,0.00000000,0.00000000,0.00000000,0.00788303,0.00000000,0.00000000,0.00000000,0.04775927,0.00000000,0.00000000,0.00000000,0.00443065,0.00000000,0.01440343,0.00000000,0.00000000,0.00000000,0.00000000,0.00000000,0.00000000,0.00000000,0.00000000,0.00000000,0.00000000,0.00000000,0.00000000,0.00000000,0.00000000,0.00090591,0.00000000,0.00000000,0.00000000,0.00000000,0.00000000,0.00000000,0.00000000,0.00000000,0.00000000,0.00000000,0.00000000,0.00000000,0.00000000,0.00000000,0.00000000,0.00000000,0.00000000,0.00000000,0.00000000,0.00000000,0.00000000,0.00000000,0.00000000,0.00095815,0.00000000,0.00000000,0.00000000,0.00000000,0.00000000,0.00000000,0.00000000,0.00000000,0.00000000,0.00000000,0.00000000,0.00000000,0.00000000,0.00000000,0.00000000,0.00000000,0.00000000,0.00000000,0.00000000,0.00000000,0.00000000,0.01699718,0.00000000,0.00000000,0.00000000,0.00000000,0.00000000,0.00000000,0.10448449,0.00000000,0.00470750,0.00000000,0.00000000,0.00000000,0.00000000,0.00000000,0.00278813,0.00223718,0.00000000,0.00000000,0.00000000,0.00000000,0.00000000,0.00000000,0.00000000,0.00000000,0.01370601,0.00000000,0.00000000,0.00000000,0.00000000,0.00000000,0.00000000,0.02787650,0.00000000,0.00000000,0.00000000,0.00000000,0.00000000,0.00000000,0.05382540,0.00963854,0.00000000,0.00000000,0.00000000,0.00000000,0.00000000,0.00000000,0.00000000,0.00000000,0.00000000,0.00000000,0.00000000,0.00000000,0.00000000,0.00000000,0.06294093,0.00000000,0.00000000,0.00000000,0.00000000,0.00000000,0.00000000,0.00000000,0.00000000,0.40665815,0.00000000,0.00000000,0.00000000,0.00000000,0.00000000,0.00000000,0.00000000,0.00000000,0.00000000,0.00000000,0.00000000,0.00000000,0.00000000,0.00000000,0.00000000,0.00000000,0.00000000,0.00000000,0.00000000,0.00000000,0.00000000,0.00000000,0.00000000,0.00389551,0.00000000,0.04900138,0.02434081,0.00000000,0.00000000,0.00000000,0.00000000,0.00000000,0.00000000,0.00000000,0.00000000,0.00000000,0.00000000,0.00000000,0.00000000,0.00348856,0.00000000,0.00000000,0.00000000,0.00000000,0.00000000,0.00000000,0.55132806,0.00000000,0.00000000,0.00000000,0.00000000,0.00000000,0.00000000,0.00000000,0.00000000,0.00000000,0.00000000,0.00000000,0.00000000,0.00000000,0.00000000,0.00000000,0.00000000,0.00000000,0.00000000,0.00000000,0.03016121,0.00476357,0.00000000,0.00000000,0.00000000,0.00000000,0.00000000,0.00000000,0.00000000,0.00000000,0.00000000,0.00000000,0.00000000,0.00000000,0.00000000,0.00352289,0.00000000,0.00000000,0.00000000,0.00000000,0.00000000,0.00000000,0.00000000,0.00000000,0.00000000,0.00000000,0.00000000,0.00000000,0.00000000,0.00000000,0.00000000,0.00093865,0.00000000,0.00000000,0.00000000,0.00684011,0.00000000,0.00000000,0.00000000,0.00588550,0.00000000,0.00097855,0.00000000,0.00000000,0.00000000,0.00000000,0.00000000,0.00000000,0.00000000,0.00000000,0.00000000,0.00000000,0.04244791,0.02520486,0.00000000,0.11387324,0.00000000,0.00000000,0.00000000,0.00000000,0.00000000,0.00000000,0.00000000,0.00000000,0.00000000,0.00000000,0.01274361
0.00000000,0.00000000,0.00000000,0.00000000,0.00000000,0.00000000,0.00000000,0.00000000,0.00000000,0.00000000,0.00000000,0.00000000,0.00000000,0.00000000,0.08098840,0.00000000,0.00000000,0.00000000,0.00000000,0.00000000,0.00000000,0.00114916,0.00000000,0.00000000,0.00484069,0.00000000,0.00000000,0.00000000,0.01033761,0.00000000,0.00000000,0.00000000,0.02964473,0.00000000,0.00000000,0.00920699,0.00000000,0.00000000,0.00000000,0.00000000,0.00000000,0.22064695,0.00000000,0.00000000,0.00000000,0.00000000,0.00000000,0.00000000,0.00000000,0.00000000,0.00000000,0.00000000,0.09890696,0.00000000,0.00000000,0.00000000,0.00000000,0.01083686,0.00000000,0.00000000,0.00000000,0.00000000,0.00000000,0.00000000,0.00000000,0.00000000,0.00000000,0.00000000,0.00000000,0.00000000,0.00000000,0.00000000,0.00000000,0.00154919,0.00000000,0.00000000,0.00000000,0.00000000,0.05744815,0.00000000,0.00000000,0.00000000,0.00000000,0.01841884,0.00000000,0.43152591,0.00000000,0.00000000,0.00000000,0.00000000,0.00000000,0.00000000,0.00000000,0.00000000,0.00000000,0.00000000,0.00000000,0.00000000,0.00000000,0.00000000,0.01523664,0.00363931,0.00000000,0.00000000,0.00000000,0.00000000,0.00000000,0.00000000,0.00000000,0.00000000,0.00000000,0.00000000,0.00000000,0.00000000,0.00000000,0.00000000,0.00000000,0.00000000,0.00000000,0.00000000,0.01023916,0.00000000,0.00000000,0.00000000,0.00000000,0.00000000,0.00000000,0.00000000,0.00000000,0.00000000,0.00000000,0.00067464,0.00000000,0.00000000,0.00000000,0.00000000,0.00000000,0.00000000,0.04026092,0.00793342,0.00000000,0.00000000,0.00000000,0.00000000,0.00000000,0.00000000,0.00000000,0.00000000,0.00000000,0.00436614,0.00000000,0.00000000,0.00000000,0.00000000,0.00000000,0.00000000,0.00000000,0.00000000,0.00000000,0.00000000,0.00000000,0.00000000,0.00000000,0.00000000,0.00000000,0.00000000,0.00000000,0.00000000,0.00000000,0.00000000,0.00817347,0.00000000,0.00000000,0.00150256,0.00000000,0.00000000,0.00000000,0.00000000,0.00000000,0.00000000,0.00000000,0.00000000,0.00000000,0.00000000,0.00000000,0.00000000,0.00000000,0.00000000,0.00000000,0.00000000,0.00000000,0.00000000,0.00247599,0.00000000,0.00000000,0.00000000,0.00000000,0.00000000,0.00000000,0.00000000,0.00000000,0.00893504,0.00000000,0.00000000,0.00000000,0.00000000,0.00000000,0.00000000,0.00000000,0.00000000,0.00000000,0.00000000,0.00000000,0.00000000,0.00182618,0.00000000,0.00000000,0.00000000,0.00000000,0.00000000,0.00000000,0.00000000,0.00000000,0.00000000,0.00000000,0.00085829,0.00000000,0.00000000,0.00000000,0.00000000,0.00000000,0.01829179,0.00000000,0.00000000,0.00000000,0.00000000,0.21495463,0.01316400,0.00000000,0.00000000,0.00000000,0.00000000,0.00000000,0.00000000,0.00000000,0.00000000,0.00000000,0.00000000,0.00000000,0.00000000,0.00000000,0.00000000,0.00000000,0.08255124,0.00000000,0.00000000,0.00000000,0.00000000,0.00000000,0.00000000,0.00692055,0.31377767,0.00000000,0.00356222,0.00000000,0.00000000,0.00000000,0.00000000,0.00000000,0.00000000,0.00639238,0.01575010,0.00000000,0.00000000,0.00000000,0.00000000,0.00000000,0.00000000,0.00126881,0.00000000,0.00000000,0.00000000,0.00000000,0.03088217,0.00000000,0.00000000,0.00000000,0.00000000,0.00000000,0.00771390,0.00000000,0.00000000,0.00000000,0.00000000,0.00401838,0.36959440,0.00000000,0.00000000,0.00000000,0.00000000,0.00000000,0.00000000,0.00000000,0.06747198,0.00000000,0.00000000,0.00000000,0.00000000,0.00000000,0.00000000,0.00000000,0.00000000,0.00000000,0.01035504,0.00507843,0.00000000,0.00000000,0.00000000,0.00143407,0.00000000,0.00000000,0.00000000,0.00000000,0.00137358,0.00000000,0.00000000,0.12508682,0.03781918,0.00000000,0.00000000,0.00000000,0.00000000,0.00000000,0.03056985,0.00764934,0.00000000,0.00238426,0.00000000,0.00000000,0.01021995,0.00000000,0.00000000,0.00000000,0.00000000,0.00000000,0.00000000,0.00000000,0.00000000,0.00000000,0.00000000,0.00000000,0.00000000,0.00093372,0.02515951,0.00000000,0.00000000,0.00000000,0.00000000,0.00000000,0.00000000,0.00000000,0.00000000,0.00000000,0.00000000,0.00000000,0.00000000,0.00000000,0.00000000,0.00000000,0.00388082,0.00000000,0.00000000,0.00000000,0.00000000,0.00000000,0.00000000,0.00000000,0.00000000,0.00000000,0.00000000,0.00000000,0.00000000,0.00000000,0.00000000,0.00000000,0.00000000,0.00000000,0.00000000,0.00000000,0.00000000,0.00000000,0.00000000,0.00000000,0.00289219,0.00000000,0.00000000,0.00000000,0.00000000,0.12345683,0.00000000,0.00000000,0.00000000,0.00000000,0.00000000,0.00000000,0.00000000,0.03168838,0.00000000,0.00000000,0.00000000,0.00000000,0.00000000,0.00000000,0.00000000,0.00000000,0.00000000,0.00000000,0.00000000,0.00000000,0.00000000,0.00000000,0.00000000,0.00000000,0.00000000,0.00000000,0.00000000,0.00000000,0.00000000,0.00000000,0.00000000,0.00841667,0.00000000,0.00000000,0.00000000,0.00000000,0.00000000,0.00000000,0.00000000,0.00569364,0.00000000,0.00000000,0.00000000,0.00000000,0.00000000,0.00000000,0.00000000,0.00000000,0.00000000,0.00000000,0.00000000,0.00000000,0.00000000,0.00000000,0.00000000,0.00000000,0.00000000,0.02354973,0.00000000,0.00000000,0.00060398,0.00194197,0.02533117,0.00000000,0.00000000,0.00692663,0.00000000,0.00000000,0.00000000,0.00000000,0.44092260,0.00000000,0.00000000,0.00000000,0.00000000,0.00000000,0.00532115,0.00000000,0.00000000,0.00000000,0.00000000,0.00000000,0.00000000,0.00000000,0.00000000,0.00787967,0.00000000,0.00000000,0.00000000,0.02956696,0.00240854,0.00000000,0.26355196,0.00000000,0.00000000,0.00000000,0.00000000,0.00000000,0.00108043,0.00000000,1.38347689,0.00000000,0.00413025,0.00000000,0.00000000,0.00000000,0.00000000,0.00000000,0.00000000,0.00216204,0.00000000,0.00000000,0.00000000,0.00000000,0.00000000,0.00000000,0.00000000,0.00000000,0.00000000,0.00000000,0.00000000,0.00000000,0.00000000,0.00000000,0.00000000,0.00000000,0.00000000,0.00694359,0.02787199,0.00000000,0.00000000,0.00000000,0.00000000,0.00000000,0.00213832,0.00000000,0.00000000,0.00000000,0.00000000,0.00000000,0.00000000,0.03933915,0.00000000,0.00000000,0.02791637,0.00000000,0.01820633,0.00000000,0.00000000,0.00000000,0.00000000,0.00000000,0.00000000,0.00000000,0.40304818,0.00203524,0.00000000,0.00000000,0.15635656,0.00000000,0.00000000,0.00000000,0.00000000,0.03830480,0.00000000,0.00000000,0.00000000,0.00000000,0.00000000,0.00000000,0.00000000,0.35995056,0.00000000,0.00000000,0.00000000,0.04029212,0.00669904,0.00736858,0.00000000,0.00000000,0.00000000,0.00000000,0.00000000,0.00000000,0.00000000,0.01324443,0.00560429,0.00000000,0.00000000,0.00000000,0.00000000,0.00000000,0.00000000,0.00000000,0.00000000,0.00000000,0.00000000,0.00000000,0.00000000,0.00282968,0.00000000,0.00000000,0.00000000,0.00000000,0.00000000,0.00000000,0.00000000,0.00000000,0.00000000,1.84529760,0.00000000,0.00000000,0.00000000,0.00000000,0.06836712,0.00000000,0.00000000,0.00000000,0.00000000,0.00000000,0.00000000,0.00000000,0.00000000,0.00000000,0.00000000,0.00000000,0.00000000,0.00000000,0.00000000,0.00000000,0.00000000,0.02387761,0.00000000,0.00000000,0.00000000,0.00000000,0.00000000,0.00000000,0.00000000,0.00000000,0.00000000,0.05382540,0.00000000,0.00000000,0.01942419,0.00000000,0.00074160,0.00000000,0.00000000,0.04705441,0.00000000,0.00000000,0.00000000,0.00000000,0.00000000,0.00000000,0.00000000,0.00000000,0.00000000,0.00321552,0.00000000,0.00000000,0.00000000,0.00000000,0.00000000,0.01467596,0.00000000,0.00000000,0.00000000,0.00000000,0.00000000,0.00000000,0.00000000,0.00000000,0.00000000,0.00000000,0.00000000,0.00000000,0.00000000,0.00000000,0.00000000,0.00000000,0.00000000,0.00000000,0.00000000,0.00000000,0.00000000,0.00000000,0.00000000,0.00000000,0.00000000,0.00000000,0.00000000,0.00000000,0.00000000,1.20298999,0.05252890,0.00000000,0.00000000,0.00000000,0.00581405,0.00000000,0.00000000,0.00000000,0.00078927,0.00000000,0.00000000,0.00000000,0.00000000,0.00000000,0.00000000,0.00000000,0.00000000,0.00000000,0.00000000,0.00000000,0.00000000,0.00000000,0.00000000,0.00000000,0.00000000,0.00000000,0.00000000,0.00000000,0.00000000,0.00000000,0.00000000,0.00000000,0.00000000,0.00000000,0.00000000,0.00207149,0.00000000,0.00000000,0.00000000,0.00000000,0.00000000,0.00000000,0.00189553,0.00000000,0.00000000,0.00000000,0.00000000,0.14050231,0.00000000,0.00871701,0.00000000,0.00000000,0.00000000,0.00064079,0.00000000,0.00000000,0.00000000,0.00000000,0.00000000,0.00000000,0.00000000,0.00000000,0.04353600,0.00000000,0.00000000,0.00000000,0.00000000,0.00000000,0.00000000,0.00000000,0.00000000,0.00000000,0.00000000,0.00000000,0.00000000,0.00000000,0.00000000,0.00000000,0.02345059,0.00000000,0.00000000,0.00000000,0.00283038,0.00879220,0.00000000,0.00000000,0.00000000,0.00000000,0.00000000,0.00000000,0.00000000,0.00000000,0.00000000,0.00000000,0.01553584,0.00000000,0.00000000,0.00000000,0.00000000,0.00000000,0.00000000,0.00000000,0.00000000,0.00000000,0.00000000
0.00000000,0.04186046,0.00000000,0.39094871,0.00000000,2.22688779,0.00000000,0.00000000,0.00000000,0.00000000,0.00000000,0.00000000,0.00000000,0.00000000,0.00000000,0.00000000,0.00000000,0.00000000,0.00000000,0.00000000,0.00000000,0.00201180,0.00000000,0.00000000,0.00000000,0.00000000,0.00000000,0.00000000,0.00000000,0.00000000,0.00000000,0.00000000,0.00000000,0.00000000,0.00295259,0.00000000,0.18884383,0.00000000,0.00000000,0.01775379,0.00000000,0.00000000,0.00000000,0.00000000,0.00000000,0.00000000,0.00000000,0.00000000,0.00000000,0.00000000,0.00000000,0.00757487,0.00000000,0.00000000,0.00000000,0.00000000,0.00150402,0.00000000,0.00000000,0.00000000,0.00000000,0.00000000,0.00000000,0.00000000,0.00000000,0.04034119,0.00000000,0.00000000,0.00000000,0.00000000,0.00152802,0.00000000,0.00000000,0.00000000,0.00268505,0.00000000,0.00000000,0.00000000,0.00000000,0.00000000,0.00000000,0.00000000,0.00000000,0.00000000,0.00000000,0.00000000,0.00000000,0.00000000,0.00000000,0.00000000,0.00000000,0.00000000,0.00000000,0.01197630,0.00000000,0.04663508,0.00000000,0.00000000,0.00000000,0.00000000,0.01953959,0.00000000,0.12038846,0.00000000,0.00000000,0.00000000,0.00000000,0.00000000,0.00000000,0.00000000,0.00000000,0.00775966,0.00000000,0.00000000,0.00000000,0.00000000,0.00429931,0.00000000,0.00000000,0.00216242,0.00000000,0.00000000,0.00000000,0.00000000,0.00000000,0.00000000,0.00594850,0.00000000,0.00000000,0.00000000,0.00000000,0.00000000,0.00000000,0.00000000,0.01050798,0.04753586,0.00000000,0.00000000,0.00146200,0.00000000,0.02777342,0.00000000,0.00000000,0.00000000,0.00000000,0.08686415,0.00000000,0.00000000,0.00000000,0.00000000,0.04230576,0.00000000,0.15396732,0.00000000,0.00000000,0.00000000,0.85172489,0.00000000,0.00000000,0.00000000,0.03595487,0.00000000,0.00344304,0.01668273,0.00000000,0.00000000,0.00000000,0.00000000,0.00000000,0.00000000,1.13075530,0.00000000,0.00000000,0.00000000,0.00117726,0.00785492,0.00512716,0.00000000,0.00000000,0.00000000,0.00000000,0.00000000,0.00000000,0.00000000,0.00000000,0.00000000,0.00000000,0.00000000,0.00000000,0.00000000,0.00000000,0.00000000,0.00000000,0.00000000,0.00000000,0.08003109,0.00653243,0.00000000,0.00280717,0.02022802,0.50983136,0.00390862,0.00000000,0.00000000,0.00000000,0.00000000,0.00000000,0.00000000,0.00000000,0.00000000,0.00000000,0.00000000,0.00000000,0.00000000,0.00000000,0.00000000,0.00000000,0.00000000,0.00000000,0.00000000,0.00000000,0.00000000,0.00000000,0.00000000,2.00020599,0.00000000,0.00000000,0.01659084,0.00000000,0.00000000,0.00000000,0.00000000,0.00000000,0.00000000,0.00000000,0.00000000,0.00000000,0.00000000,0.00000000,0.00000000,0.00000000,0.00000000,0.00000000,0.00000000,0.00000000,0.00000000,0.00000000,0.00000000,0.00000000,0.00000000,0.00000000,0.00000000,0.00000000,0.00000000,0.00000000,0.00000000,0.00000000,0.00723445,0.00000000,0.00000000,0.00000000,0.00000000,0.00230518,0.00000000,0.00000000,0.00000000,0.00000000,0.00000000,0.00000000,0.00000000,0.00000000,0.00000000,0.00000000,0.00000000,0.00405207,0.00000000,0.00000000,0.00000000,0.00000000,0.00000000,0.00000000,0.00000000,0.00000000,0.00000000,0.00000000,0.01912487,0.00000000,0.06063719,0.00000000,0.00000000,0.00000000,0.00000000,0.00000000,0.00000000,0.00000000,0.00000000,0.00000000,0.00000000,0.00000000,0.06437003,0.00000000,0.00000000,0.00000000,0.00000000,0.01376528,0.00000000,0.00000000,0.00000000,0.00000000,0.00000000,0.00000000,0.00000000,0.00000000,0.00000000,0.00000000,0.00000000,0.00000000,0.00000000,0.00000000,0.01925900,0.00000000,0.00000000,0.00000000,0.00000000,0.00000000,0.00000000,0.00000000,0.00000000,0.00000000,0.00000000,0.00000000,0.00000000,0.00000000,0.00000000,0.00000000,0.00000000,0.00000000,0.00000000,0.00000000,0.00091138,0.00000000,0.00000000,0.00000000,0.00000000,0.00000000,0.00000000,0.00000000,0.00000000,0.00076568,0.00000000,0.00000000,0.00000000,0.00000000,0.00000000,0.01069833,0.00000000,0.00000000,0.00382144,0.00000000,0.00000000,0.69130416,0.00000000,0.00000000,0.00000000,0.01239309,0.00000000,0.00000000,0.00000000,0.00000000,0.00000000,0.00000000,0.00000000,0.00000000,0.00000000,0.00000000,0.00000000,0.00000000,0.00000000,0.00000000,0.00000000,0.00000000,0.00843557,0.00000000,0.00000000,0.00000000,0.10131890,0.00000000,0.00000000,0.00000000,0.00000000,0.00000000,0.00000000,0.00000000,0.00000000,0.00000000,0.00000000,0.00000000,0.00000000,0.00000000,0.00000000,0.00000000,0.02465892,0.00000000,0.00000000,0.00000000,0.00000000,0.00000000,0.00000000,0.00000000,0.00000000,0.00000000,0.00000000,0.00000000,0.00341328,0.00000000,0.00000000,0.00000000,0.00000000,0.00283230,0.00000000,0.00000000,0.00000000,0.02472561,0.00000000,0.01218071,0.00000000,0.00000000,0.00000000,0.00000000,0.07602869,0.00000000,0.00000000,0.00000000,0.00000000,0.00000000,0.00000000,0.00000000,0.00000000,0.00000000,0.00000000,0.00000000,0.00000000,0.00000000,0.00000000,0.00000000,0.00000000,0.00000000,0.00000000,0.01866172,0.00000000,0.00000000,0.00000000,0.00000000,0.00000000,0.00000000,0.00000000,0.00000000,0.00000000,0.00000000,0.00000000,0.00000000,0.00000000,0.00000000,0.00000000,0.00000000,0.00000000,0.00000000,0.00646964,0.00000000,0.00000000,0.00000000,0.00000000,0.00000000,0.00000000,0.00000000,0.00000000,0.00000000,0.00000000,0.00000000,0.00000000,0.00000000,0.00551063,0.00000000,0.00000000,0.00000000,0.00000000,0.00000000,0.00000000,0.00000000,0.00000000,0.00000000,0.05003208,0.00000000,0.00000000,0.00226216,0.00000000,0.00000000,0.00235686,0.00000000,1.75780549,0.00000000,0.00000000,0.00000000,0.00000000,0.00000000,0.00000000,0.00000000,0.00000000,0.00000000,0.00000000,0.15746392,0.00000000,0.00000000,0.00000000,0.00000000,0.00000000,0.00000000,0.00000000,0.01583848,0.00000000,0.00000000,0.00000000,0.00000000,0.02872946,0.04174918,0.00000000,0.03396448,0.01008639,0.00787527,0.00000000,0.00000000,0.00000000,0.00000000,0.00000000,0.00000000,0.00000000,0.00000000,0.00000000,0.00652706,0.00000000,0.00000000,0.00000000,0.00000000,0.00000000,0.00000000,1.46566595,0.00000000,0.00000000,0.00000000,0.00000000,0.00000000,0.00000000,0.00000000,0.00000000,0.00000000,0.00000000,0.00000000,0.00000000,0.00000000,0.00000000,0.00000000,0.00000000,0.00000000,0.00000000,0.00000000,0.00000000,0.00000000,0.00000000,0.00000000,0.02819103,0.00000000,0.00000000,0.00000000,0.00345519,0.00000000,0.00000000,0.00000000,0.00000000,0.00000000,0.00000000,0.00000000,0.00000000,0.00000000,0.00000000,0.00000000,0.00000000,0.00000000,0.04241741,0.00000000,0.00895301,0.00490371,0.00000000,0.00000000,0.00000000,0.00000000,0.00000000,0.00000000,0.00000000,0.00000000,0.00000000,0.00000000,0.06251777,0.00000000,0.00000000,0.00000000,0.00000000,0.00000000,0.00000000,0.00000000,0.00000000,0.00000000,0.00000000,0.00000000,0.00000000,0.00000000,0.00000000,0.00000000,0.01064092,0.00000000,0.00000000,0.00000000,0.00000000,0.06326929,0.00000000,0.00000000,0.00000000,0.00000000,0.00000000,0.00000000,0.00000000,0.00000000,0.00000000,0.00000000,0.00000000,0.00229216,0.00000000,0.00000000,0.00000000,0.00000000,0.04889536,0.00963854,0.00000000,0.00000000,0.00000000,0.00000000,0.00000000,0.00000000,0.00000000,0.00607159,0.00000000,0.00000000,0.00000000,0.00000000,0.00000000,0.00000000,0.00000000,0.00000000,0.00000000,0.04253096,0.00000000,0.00000000,0.04413875,0.00000000,0.00000000,0.00000000,0.00000000,0.00000000,0.01975812,0.00000000,0.00871167,0.00000000,0.00000000,0.02746974,0.00000000,0.00000000,0.00000000,0.00000000,0.00000000,0.00000000,0.00000000,0.00000000,0.00000000,0.00000000,0.00000000,0.00000000,0.00000000,0.00000000,0.05133464,0.00000000,0.00000000,0.00000000,0.00000000,0.00000000,0.00000000,0.00580795,0.00000000,0.00000000,0.00000000,0.00000000,0.00000000,0.00000000,0.00000000,0.00000000,0.00000000,0.00000000,0.00000000,0.01807604,0.00000000,0.00000000,0.00000000,0.00000000,0.00702551,0.00000000,0.00000000,0.00000000,0.00000000,0.00000000,0.00000000,0.00000000,0.02659132,0.00000000,0.00000000,0.00000000,0.00000000,0.00000000,0.00000000,0.00000000,0.00000000,0.01138247,0.00000000,0.00000000,0.00000000,0.00000000,0.00000000,0.00000000,0.00409013,0.00000000,0.00000000,0.00000000,0.00689164,0.02583907,0.00000000,0.00000000,0.00000000,0.00000000,0.00000000,0.00000000,0.00000000,0.00000000,0.00000000,0.00000000,0.00000000,0.00000000,0.00000000,0.00000000,0.00000000,0.00000000,0.00000000,0.00000000,0.00000000,0.00000000,0.00000000,0.00000000,0.00000000,0.00000000,0.00000000,0.00000000,0.00000000,0.00000000,0.00000000,0.00000000,0.00000000,0.00000000,0.00000000,0.00000000,0.00000000,0.00000000,0.00000000,0.00000000,0.00000000,0.00403636,0.00232261,0.00000000,0.00106799,0.02228662,0.00000000,0.00000000,0.00000000,0.01139962,0.00000000,0.01817628,0.00000000,0.00000000,0.00000000,0.00000000,0.00000000,0.00000000,0.00198526,0.00000000,0.00000000
0.00000000,0.00000000,0.00000000,0.00000000,0.00000000,0.00000000,0.00000000,0.00000000,0.00000000,0.00289885,0.00000000,0.00000000,0.00000000,0.00000000,0.00000000,0.03900154,0.00000000,0.00000000,0.00000000,0.00000000,0.00000000,0.00000000,0.00000000,0.00000000,0.00000000,0.00000000,0.00000000,0.00000000,0.00652984,0.00000000,0.00000000,0.00000000,0.00000000,0.00774454,0.00000000,0.00000000,0.00000000,0.00000000,0.00000000,0.00000000,0.00000000,0.00000000,0.04066791,0.00000000,0.00000000,0.00000000,0.00000000,0.00000000,0.00000000,0.00000000,0.02508009,0.00000000,0.00000000,0.00000000,0.00000000,0.00000000,0.00172510,0.00000000,0.00000000,0.00000000,0.00000000,0.00668117,0.00000000,0.00000000,0.00000000,0.00000000,0.00000000,0.00000000,0.00000000,0.00236955,0.00000000,0.00000000,0.00000000,0.00000000,0.00000000,0.00000000,0.00201787,0.00000000,0.00000000,0.00245912,0.00000000,0.00777350,0.00000000,0.00180584,0.00000000,0.00000000,0.00093107,0.00139703,0.00000000,0.00000000,0.00000000,0.00000000,0.00000000,0.00000000,0.00000000,0.00000000,0.00000000,0.00000000,0.00000000,0.00000000,0.00000000,0.00000000,0.00000000,0.00000000,0.00000000,0.00000000,0.00000000,0.00000000,0.00000000,0.00000000,0.00000000,0.00000000,0.00000000,0.00000000,0.00000000,0.00000000,0.00000000,0.00000000,0.00000000,0.00000000,0.00000000,0.00000000,0.00000000,0.00000000,0.05473323,0.00000000,0.00000000,0.00000000,0.00000000,0.00000000,0.00000000,0.00000000,0.00000000,0.00000000,0.00000000,0.00000000,0.00000000,0.00240779,0.00000000,0.00000000,0.00000000,0.00000000,0.00000000,0.00000000,0.00000000,0.00000000,0.00000000,0.00000000,0.00000000,0.00000000,0.00000000,0.00000000,0.00000000,0.00000000,0.00000000,0.01213433,0.00000000,0.00000000,0.00000000,0.00000000,0.00000000,0.00000000,0.00000000,0.00000000,0.00000000,0.00000000,0.00000000,0.00000000,0.00000000,0.00000000,0.00236801,0.00000000,0.00000000,0.00000000,0.00000000,0.00000000,0.00000000,0.00000000,0.00000000,0.00000000,0.00000000,0.00000000,0.00000000,0.00000000,0.00000000,0.00000000,0.00000000,0.00000000,0.00000000,0.53597111,0.00000000,0.00000000,0.00000000,0.02198138,0.00000000,0.00000000,0.00000000,0.00000000,0.00000000,0.00339718,0.00000000,0.00000000,0.00000000,0.00000000,0.00000000,0.15550663,0.00000000,0.00000000,0.00000000,0.00000000,0.00000000,0.00000000,0.00000000,0.00000000,0.00000000,0.00000000,0.00000000,0.00000000,0.00000000,0.00389999,0.00000000,0.00000000,0.00000000,0.00091709,0.00000000,0.00000000,0.00000000,0.03484600,0.00000000,0.00000000,0.00000000,0.00000000,0.01048479,0.00000000,0.00000000,0.00000000,0.00000000,0.00411572,0.00000000,0.00000000,0.00000000,0.00000000,0.00000000,0.00000000,0.00000000,0.04398210,0.00000000,0.00000000,0.00000000,0.00000000,0.00478705,0.00000000,0.38243433,0.00000000,0.00000000,0.00000000,0.00597527,0.00000000,0.00000000,0.00000000,0.00000000,0.00000000,0.00000000,0.00000000,0.00000000,0.00365492,0.00000000,0.00000000,0.00000000,0.00000000,0.00000000,0.00000000,0.00000000,0.00000000,0.00000000,0.00000000,0.00000000,0.00000000,0.00000000,0.00000000,0.00000000,0.00000000,0.00000000,0.00000000,0.00000000,0.00000000,0.12634952,0.01144228,0.00876169,0.13755013,0.00000000,0.03971212,0.00000000,0.00000000,0.00000000,0.00000000,0.00131452,0.00000000,0.01748304,0.00163248,0.00000000,0.00785977,0.00000000,0.00000000,0.00000000,0.00000000,0.00000000,0.00000000,0.00000000,0.00000000,0.92711802,0.00000000,0.00000000,0.00000000,0.00000000,0.02430327,0.00000000,0.01688337,0.00000000,0.00000000,0.00000000,0.00000000,0.00917292,0.00951737,0.00000000,0.00000000,0.00000000,0.00000000,0.00000000,0.00000000,0.00000000,0.00000000,0.02893005,0.00000000,0.00000000,0.00000000,0.00000000,0.00000000,0.00000000,0.00000000,0.00000000,0.00000000,0.00000000,0.00000000,0.00000000,0.00000000,0.00000000,0.00000000,0.00000000,0.00000000,0.00097652,0.01464847,0.00000000,0.00000000,0.20728415,0.00204559,0.00000000,0.00000000,0.00000000,0.00000000,0.26142604,0.00000000,0.00000000,0.00000000,0.00000000,0.00000000,0.00241470,0.00000000,0.00000000,0.00000000,0.00000000,0.00000000,0.00000000,0.00000000,0.00000000,0.01349968,0.00000000,0.00962922,0.01525581,0.00000000,0.00000000,0.00000000,0.00000000,0.00000000,0.00000000,0.00000000,0.00000000,0.00000000,0.00000000,0.00000000,0.00000000,0.00000000,0.00000000,0.00000000,0.00000000,0.00000000,0.00000000,0.00000000,0.00000000,0.00000000,0.00000000,0.02129773,0.03500333,0.00000000,0.00000000,0.00000000,0.00000000,0.00000000,0.00452128,0.00000000,0.00000000,0.00000000,0.00000000,0.00000000,0.00000000,0.00238155,0.00232726,0.02770181,0.00000000,0.00000000,0.00000000,0.00000000,0.00000000,0.00000000,0.00000000,0.00000000,0.00000000,0.00000000,0.00000000,0.00000000,0.00000000,0.00000000,0.00000000,0.00000000,0.00000000,0.00000000,0.00000000,0.00000000,0.00000000,0.00000000,0.00000000,0.00000000,0.00319736,0.00000000,0.00000000,0.00000000,0.00184714,0.00000000,0.00000000,0.00000000,0.00000000,0.00000000,0.00000000,0.00000000,0.00000000,0.00000000,0.00000000,0.00000000,0.00000000,0.00000000,0.00000000,0.00000000,0.00000000,0.00000000,0.00000000,0.00000000,0.00000000,0.00000000,0.00000000,0.00000000,0.00664552,0.00644406,0.00000000,0.00000000,0.00000000,0.00000000,0.00000000,0.00000000,0.00000000,0.01432093,0.00000000,0.00000000,0.00000000,0.00000000,0.00000000,0.00000000,0.00000000,0.00000000,0.00000000,0.00000000,0.03241946,0.02468671,0.00000000,0.03980516,0.00068615,0.00000000,0.00000000,0.00000000,0.00000000,0.00000000,0.00000000,1.65579123,0.00000000,0.00000000,0.00000000,0.00000000,0.00000000,0.00000000,0.00000000,0.00000000,0.00097019,0.00000000,0.00000000,0.00000000,0.00000000,0.00000000,0.00000000,0.00747541,0.04225179,0.00000000,0.00000000,0.00000000,0.00000000,0.00000000,0.00000000,0.00000000,0.00906065,0.00000000,0.00405196,0.00000000,0.00000000,0.00000000,0.00000000,0.00000000,0.00000000,0.00000000,0.00000000,0.00000000,0.00000000,0.00000000,0.00000000,0.00000000,2.10220740,0.00000000,0.00000000,0.00000000,0.00000000,0.00000000,0.00000000,0.00000000,0.00000000,0.00000000,0.00000000,0.00000000,0.00000000,0.00000000,0.00000000,0.00000000,0.00093528,0.00000000,0.00000000,0.00000000,0.00000000,0.00000000,0.00000000,0.48298341,0.00000000,0.00570790,0.00000000,0.00000000,0.00000000,0.00000000,0.00000000,0.00000000,0.04332297,0.00000000,0.00000000,0.00000000,0.00525695,0.00000000,0.00134282,0.00000000,0.00000000,0.00000000,0.00000000,0.00000000,0.00000000,0.00000000,0.00000000,0.00000000,0.00000000,0.00000000,0.00000000,0.00000000,0.00000000,0.00533277,0.00000000,0.00000000,0.00000000,0.00000000,0.00931337,0.00000000,0.03699784,0.01714543,0.00000000,0.00122478,0.00000000,0.00000000,0.00000000,0.00000000,0.00000000,0.00000000,0.00000000,0.00000000,0.00000000,0.00000000,0.00000000,0.00000000,0.00000000,0.00000000,0.00000000,0.00000000,0.00000000,0.00000000,0.23010492,0.00000000,0.00000000,0.00000000,0.00000000,0.00000000,0.00000000,0.00000000,0.00000000,0.00000000,0.00000000,0.00000000,0.00000000,0.00000000,0.00000000,0.00000000,0.00000000,0.01942419,0.00000000,0.00000000,0.00000000,0.00000000,0.00000000,0.00000000,0.00000000,0.00297255,0.01854690,0.00417270,0.00000000,0.00000000,0.00000000,0.00000000,0.00000000,0.00000000,0.00000000,0.00000000,0.00000000,0.00000000,0.00000000,0.00000000,0.00000000,0.00000000,0.00000000,0.00000000,0.00000000,0.02398265,0.00000000,0.00201814,0.00000000,0.00000000,0.00000000,0.00000000,0.00131554,0.00000000,0.00000000,0.00000000,0.00000000,0.00000000,0.00000000,0.00000000,0.00000000,0.00000000,0.00000000,0.00000000,0.00000000,0.00000000,0.00000000,0.00000000,0.00000000,0.00000000,0.00310045,0.00000000,0.00000000,0.00000000,0.00000000,0.00000000,0.00000000,0.00000000,0.00000000,0.00000000,0.00000000,0.00000000,0.00000000,0.00000000,0.00000000,0.00000000,0.00000000,0.00000000,0.00000000,0.00000000,0.00000000,0.00000000,0.00000000,0.00512688,0.00000000,0.00000000,0.00317175,0.00000000,0.00000000,0.00000000,0.00802689,0.00000000,0.00517524,0.00000000,0.00000000,0.00000000,0.00000000,0.00000000,0.00000000,0.00000000,0.00000000,0.00000000,0.00000000,0.00000000,0.00476190,0.00000000,0.00000000,0.00000000,0.00000000,0.00000000,0.00000000,0.00000000,0.00000000,0.00000000,0.00000000,0.00000000,0.00308598,0.00000000,0.00000000,0.00286422,0.00000000,0.00000000,0.00000000,0.00000000,0.00000000,0.00000000,0.00000000,0.00000000,0.00000000,0.02277016,0.01565227,0.00000000,0.00000000,0.00498845,0.00000000,0.00000000,0.00000000,0.00000000,0.00000000,0.01128688,0.00000000,0.00000000,0.00000000,0.00000000,0.00000000,0.00000000,0.00400055,0.00000000,0.00000000,0.02210781,0.00000000,0.00000000,0.00000000,0.00384762,0.00000000,0.00000000,0.00000000,0.00000000,0.00000000,0.00000000,0.01018607,0.00000000,0.00000000,0.00000000,0.00000000,0.00000000
0.00000000,0.00000000,0.00000000,0.00000000,0.00000000,0.00000000,0.01341686,0.00000000,0.00000000,0.00000000,0.00000000,0.00000000,0.00000000,0.00000000,0.00848662,0.02184279,0.00000000,0.00000000,0.02658291,0.00000000,0.00000000,0.00000000,0.00000000,0.00000000,0.00000000,0.00000000,0.00000000,0.00145762,0.00000000,0.00000000,0.00000000,0.00000000,0.00000000,0.00000000,0.00000000,0.00000000,0.00000000,0.00000000,0.00000000,0.01818102,0.00000000,0.00000000,0.00000000,0.00000000,0.00000000,0.01580230,0.00099729,0.00000000,0.00000000,0.00000000,0.00000000,0.00000000,0.00000000,0.00000000,0.00000000,0.00000000,0.00000000,0.00000000,0.00000000,0.00000000,0.00000000,0.00000000,0.00000000,0.00000000,0.00000000,0.68435668,0.00000000,0.00000000,0.00000000,0.00000000,0.00000000,0.00408968,0.00000000,0.00000000,0.00000000,0.00000000,0.00000000,0.00354441,0.00000000,0.00000000,0.01663839,0.00000000,0.00000000,0.00000000,0.00000000,0.00000000,0.00000000,0.00092108,0.00000000,0.00000000,0.00247880,0.00000000,0.00000000,0.00000000,0.00000000,0.00000000,0.00000000,0.00000000,0.00000000,0.00000000,0.00000000,0.00000000,0.00526628,0.00000000,0.00000000,0.00000000,0.00000000,0.00000000,0.00000000,0.00000000,0.00000000,0.00000000,0.00000000,0.00000000,0.00000000,0.00000000,0.00000000,0.00000000,0.00000000,0.00000000,0.00000000,0.00000000,0.00000000,0.00000000,0.00000000,0.01053560,0.00000000,0.00000000,0.00000000,0.00000000,0.00000000,0.00000000,0.00204019,0.00000000,0.00000000,0.00000000,0.00000000,0.00000000,0.00000000,0.00000000,0.00000000,0.00000000,0.00000000,0.00000000,0.00000000,0.00000000,0.00000000,0.00000000,0.00000000,0.00000000,0.00000000,0.00462979,0.00000000,0.00000000,0.00000000,0.00245877,0.00000000,0.00000000,0.00000000,0.00000000,0.00000000,0.00000000,0.00000000,0.11960607,0.00000000,0.00000000,0.01108257,0.00000000,0.00000000,0.00000000,0.00000000,0.00747209,0.00000000,0.00000000,0.00000000,0.00000000,0.00000000,0.00000000,0.00000000,0.00000000,0.00000000,0.00000000,0.00000000,0.00000000,0.00000000,0.00231479,0.00000000,0.00000000,0.00000000,0.00000000,0.00000000,0.00000000,0.00000000,0.00000000,0.03290792,0.00000000,0.00000000,0.00000000,0.00000000,0.03336018,0.00000000,0.00000000,0.00000000,0.00000000,0.00000000,0.00000000,0.00000000,0.03570324,0.00000000,0.00000000,0.00000000,0.00000000,0.00000000,0.00000000,0.00000000,0.00000000,0.00000000,0.00000000,0.00000000,0.00000000,0.00000000,0.00000000,0.00000000,0.00000000,0.00000000,0.00000000,0.00000000,0.00000000,0.00000000,0.00000000,0.00000000,0.00000000,0.00000000,0.00000000,0.00000000,0.00000000,0.00000000,0.00000000,0.00000000,0.00826455,0.00000000,0.00000000,0.00000000,0.00000000,0.00000000,0.00000000,0.00000000,0.00000000,0.00000000,0.05513303,0.00000000,0.00000000,0.01911766,0.00000000,0.00000000,0.02556980,0.00000000,0.00000000,0.08338315,0.01264945,0.00431671,0.00000000,0.00000000,1.04232034,0.00000000,0.26112409,0.00000000,0.00000000,0.00000000,0.00582390,0.00000000,0.00000000,0.00000000,0.00000000,0.00000000,0.00000000,0.00000000,0.06211694,0.00000000,0.00512899,0.00000000,0.00000000,0.00000000,0.00000000,0.00000000,0.00000000,0.00144932,0.00000000,0.00000000,0.00000000,0.08634592,0.00000000,0.00000000,0.00000000,0.00000000,0.00000000,0.00000000,0.10498994,0.00944813,0.02339890,0.00000000,0.00000000,0.00000000,0.00000000,0.00000000,0.00000000,0.00000000,0.11042831,0.00000000,0.00000000,0.00000000,0.00000000,0.00000000,0.00795329,0.00000000,0.00000000,0.00000000,0.00000000,0.00000000,0.00000000,0.00000000,0.00000000,0.00000000,0.01576000,0.00000000,0.00323553,0.00759340,0.00000000,0.00770529,0.00000000,0.00847046,0.00000000,0.00745396,0.00000000,0.00000000,0.00000000,0.18726262,0.01435743,0.00267958,0.01488097,0.00000000,0.00000000,0.00000000,0.00000000,0.00000000,0.00000000,0.00000000,0.00000000,0.02555619,0.00000000,0.00000000,0.00745109,0.00000000,0.00000000,0.00000000,0.00000000,0.00000000,0.00000000,0.00000000,0.00000000,0.00000000,0.00963795,0.00480861,0.00000000,0.00000000,0.00000000,0.00000000,0.00000000,0.00000000,0.00000000,0.00000000,0.00000000,0.00000000,0.00000000,0.07716642,0.00000000,0.01764167,0.00000000,0.00000000,0.00000000,0.00000000,0.00000000,0.00000000,0.00000000,0.00000000,0.00000000,0.00000000,0.00000000,0.00000000,0.00000000,0.00000000,0.00000000,0.00000000,0.00306216,0.00216426,0.00000000,0.00000000,0.00000000,0.00000000,0.00000000,0.00000000,0.00000000,0.00000000,0.00000000,0.00000000,0.00000000,0.00000000,0.00000000,0.09337697,0.00000000,0.01929566,0.10106800,0.00000000,0.00000000,0.07535136,0.00000000,0.01074037,1.08127739,0.00000000,0.00000000,0.00000000,0.00000000,0.00000000,0.00000000,0.00000000,0.00000000,0.04012758,0.00279253,0.11238924,0.00000000,0.00000000,0.00000000,0.00000000,0.00000000,0.00000000,0.00526729,0.00000000,0.00000000,0.00000000,0.00000000,0.00000000,0.02856164,0.00000000,0.01342209,0.00000000,0.00000000,0.00537413,0.00000000,0.00000000,0.00000000,0.00000000,0.00000000,0.00000000,0.00000000,0.00000000,0.00000000,0.00000000,0.00000000,0.00000000,0.00000000,0.00000000,0.13537205,0.00000000,0.00000000,0.00000000,0.01082291,0.01346214,0.00000000,0.00000000,0.00000000,0.00000000,0.00000000,0.03977877,0.00000000,0.00000000,0.00000000,0.00000000,0.00000000,0.00000000,0.00000000,0.00000000,0.22136078,0.01443257,0.00000000,0.00000000,0.00000000,0.00000000,0.00000000,0.00000000,0.00000000,0.00278344,0.00000000,0.00000000,0.00000000,0.00000000,0.00000000,0.00000000,0.00000000,0.00000000,0.00000000,0.00000000,0.00000000,0.00000000,0.00000000,0.00000000,0.00000000,0.00000000,0.00000000,0.00000000,0.00000000,0.02884641,0.00802661,0.00000000,0.00000000,0.00000000,0.00000000,0.00000000,0.00000000,0.00000000,0.00000000,0.00000000,0.00000000,0.00666448,0.00000000,0.00000000,0.00000000,0.00000000,0.00000000,0.00000000,0.00000000,0.00000000,0.00000000,0.00000000,0.00000000,0.00000000,0.00000000,0.00000000,0.00000000,0.00000000,0.00000000,0.00000000,0.00000000,0.00000000,0.00000000,0.00000000,0.00000000,0.01267731,0.00000000,0.00000000,0.00000000,0.00000000,0.00000000,0.00000000,0.00805188,0.00000000,0.00000000,0.00000000,0.00000000,0.00000000,0.00000000,0.00000000,0.00000000,0.00000000,0.00000000,0.00000000,0.00000000,0.00000000,0.00000000,0.00000000,0.00000000,0.00000000,0.00000000,0.00000000,0.00000000,0.00000000,0.00000000,0.00000000,0.00000000,0.00000000,0.00000000,0.00000000,0.00000000,0.00000000,0.00000000,0.00000000,0.00000000,0.00000000,0.00000000,0.00000000,0.00000000,0.00000000,0.00000000,0.00000000,0.00000000,0.00000000,0.00000000,0.00000000,0.00000000,0.00000000,0.00000000,0.00000000,0.00000000,0.00000000,0.00000000,0.00000000,0.00000000,0.00000000,0.00000000,0.00000000,0.00000000,0.00000000,0.00000000,0.00000000,0.03529551,0.00000000,0.00000000,0.00000000,0.00000000,0.00000000,0.00000000,0.01148500,0.00000000,0.00000000,0.00000000,0.00000000,0.00000000,0.00098657,0.00000000,0.00000000,0.00319889,0.00000000,0.00139304,0.00000000,0.01754496,0.00000000,0.00000000,0.00000000,0.00000000,0.00000000,0.00000000,0.00000000,0.00000000,0.00000000,0.00000000,0.00000000,0.00173851,0.00000000,0.00000000,0.00000000,0.00000000,0.00000000,0.04716848,0.01086408,0.00000000,0.00000000,0.00000000,0.00000000,0.00155450,0.00000000,0.00000000,0.00000000,0.00000000,0.00000000,0.00000000,0.00000000,0.00000000,0.04225032,0.00000000,0.00000000,0.00000000,0.00988700,0.00000000,0.00000000,0.00000000,0.00000000,0.00000000,0.00000000,0.00000000,0.00000000,0.00000000,0.00000000,0.00000000,0.00255782,0.00000000,0.00000000,0.00320456,0.00000000,0.00000000,0.00000000,0.00000000,0.00000000,0.00000000,0.00000000,0.00000000,0.00000000,0.00000000,0.00000000,0.00000000,0.00000000,0.00000000,0.00000000,0.00000000,0.00000000,0.00000000,0.00000000,0.00000000,0.00000000,0.00000000,0.00000000,0.04461944,0.00000000,0.00000000,0.01434046,0.00000000,0.00170954,0.00000000,0.00000000,0.00000000,0.00000000,0.03347209,0.00000000,0.00103912,0.00000000,0.00000000,0.00000000,0.00000000,0.00000000,0.00000000,0.00000000,0.00000000,0.00000000,0.00000000,0.00000000,0.00000000,0.00000000,0.00000000,0.00000000,0.00000000,0.00000000,0.00000000,0.00000000,0.00477470,0.00000000,0.00000000,0.00000000,0.00000000,0.00000000,0.00000000,0.00000000,0.00000000,0.00000000,0.00000000,0.00000000,0.01583940,0.00000000,0.00000000,0.00000000,0.00000000,0.00000000,0.00000000,0.00000000,0.00000000,0.00000000,0.00000000,0.00000000,0.00000000,0.00000000,0.00000000,0.00000000,0.00000000,0.00000000,0.00000000,0.00000000,0.00000000,0.00000000,0.00355474,0.00000000,0.00000000,0.00830637,0.00000000,0.00243704,0.00000000,0.00000000,0.00000000,0.00000000,0.00000000,0.00000000,0.00000000,0.00000000,0.00000000,0.00000000,0.00000000,0.00000000,0.00000000,0.00000000,0.00000000,0.00000000,0.00000000,0.00256026,0.01406047
0.00000000,0.00000000,0.00000000,0.00000000,0.00000000,0.00000000,0.00000000,0.02352502,0.00000000,0.00000000,0.00000000,0.00000000,0.00000000,0.00000000,0.00000000,0.00000000,0.00000000,0.00000000,0.00000000,0.00000000,0.00000000,0.00000000,0.00452001,0.00000000,0.00000000,0.00000000,0.00000000,0.00200850,0.00000000,0.01307184,0.00000000,0.00000000,0.00000000,0.00000000,0.00000000,0.01302750,0.00000000,0.00000000,0.00000000,0.00000000,0.00000000,0.00000000,0.00000000,0.00180646,0.00000000,0.00000000,0.00000000,0.00000000,0.00000000,0.00000000,0.00000000,0.00000000,0.00000000,0.00000000,0.00000000,0.06200698,0.00000000,0.00000000,0.00000000,0.00000000,0.00000000,0.00000000,0.00253858,0.00000000,0.00000000,0.00000000,0.00000000,0.00000000,0.03138728,0.00000000,0.00000000,0.00000000,0.00000000,0.00000000,0.00000000,0.00000000,0.00000000,0.00000000,0.00000000,0.00000000,0.00000000,0.00000000,0.00000000,0.00000000,0.00000000,0.00000000,0.00000000,0.00000000,0.00247808,0.00000000,0.02054269,0.00000000,0.00000000,0.00000000,0.00000000,0.00000000,0.00000000,0.00000000,0.00000000,0.00000000,0.00000000,0.00000000,0.00000000,0.00000000,0.00731590,0.00000000,0.00000000,0.00000000,0.00000000,0.00000000,0.00000000,0.00000000,0.00000000,0.00000000,0.00000000,0.00000000,0.00000000,0.00000000,0.01588195,0.00000000,0.00000000,0.00000000,0.00000000,0.00000000,0.00000000,0.00000000,0.00000000,0.04844139,0.00000000,0.00000000,0.00000000,0.10290499,0.00000000,0.00000000,0.00237679,0.00000000,0.00000000,0.00000000,0.00602345,0.00000000,0.00000000,0.00000000,0.06941926,0.00000000,0.06144801,0.00000000,0.00000000,0.00000000,0.00000000,0.00000000,0.00000000,0.00000000,0.02608989,0.00000000,0.00000000,0.00000000,0.00000000,0.00000000,0.00000000,0.01379561,0.00000000,0.63696524,0.00000000,0.00000000,0.01638437,0.00000000,0.00000000,0.00000000,0.00000000,0.00000000,0.00000000,0.02111753,0.00000000,0.00000000,0.00000000,0.03764541,0.00000000,0.00000000,0.00000000,0.00000000,0.00000000,0.00000000,0.00000000,0.00000000,0.00000000,0.00000000,0.00000000,0.00000000,0.00000000,0.00000000,0.00000000,0.00000000,0.00000000,0.00000000,0.00000000,0.00275597,0.00000000,0.00000000,0.00000000,0.00000000,0.00921821,0.00158303,0.04309499,0.01497033,0.00000000,0.00000000,0.00000000,0.00000000,0.00000000,0.00000000,0.00000000,0.00000000,0.00000000,0.00802810,0.00131994,0.00000000,0.00000000,0.00000000,0.02195703,0.00000000,0.00000000,0.00000000,0.00000000,0.00000000,0.00000000,0.00000000,0.00000000,0.00000000,0.00000000,0.00000000,0.00000000,0.00000000,0.00000000,0.00000000,0.00000000,0.00000000,0.00000000,0.00000000,0.01878681,0.00000000,0.00000000,0.00259024,0.00000000,0.00000000,0.00000000,0.00321803,0.00000000,0.00782949,0.00000000,0.00000000,0.00000000,0.00668863,0.00000000,0.00000000,0.00000000,0.00000000,0.00000000,0.00497627,0.00000000,0.00000000,0.00000000,0.00000000,0.00000000,0.00000000,0.00000000,0.00000000,0.00309362,0.00000000,0.00000000,0.05212645,0.00000000,0.00000000,0.00000000,0.00000000,0.00000000,0.00111071,0.00000000,0.00000000,0.00000000,0.00000000,0.00000000,0.00000000,0.00000000,0.00000000,0.00000000,0.00115548,0.00000000,0.00000000,0.00000000,0.00835671,0.00000000,0.00000000,0.00000000,0.00000000,0.00000000,0.00000000,0.00605500,0.00000000,0.00000000,0.00221613,0.00000000,0.00000000,0.00000000,0.00000000,0.00000000,0.00000000,0.00000000,0.00000000,0.00000000,0.00000000,0.00000000,0.00000000,0.00000000,0.00000000,0.00000000,0.00000000,0.00000000,0.00000000,0.00000000,0.00000000,0.04790241,0.00000000,0.00000000,0.00000000,0.00000000,0.00000000,1.31281526,0.00000000,0.00000000,0.00000000,0.00000000,0.00000000,0.00000000,0.00620272,0.00000000,0.00000000,0.00000000,0.00000000,0.00000000,0.00000000,0.00000000,0.00261054,0.00000000,0.00140871,0.00000000,0.00000000,0.00000000,0.00000000,0.00000000,0.00000000,0.00000000,0.00000000,0.00000000,0.14980988,0.00000000,0.00000000,0.00000000,0.00000000,0.00000000,0.01375186,0.00000000,0.00000000,0.00000000,0.00000000,0.00000000,0.00174392,0.00000000,0.00000000,0.00341455,0.00000000,0.00000000,0.00000000,0.00000000,0.00000000,0.00000000,0.00216389,0.00000000,0.00000000,0.00000000,0.00000000,0.11766066,0.00000000,0.00000000,0.00000000,0.00463156,0.00000000,0.92612611,0.00000000,0.00000000,0.00000000,0.00000000,0.00000000,0.00164126,0.00000000,0.00000000,0.00000000,0.00000000,0.00000000,0.00000000,0.00000000,0.00000000,0.00000000,0.00000000,0.00000000,0.00000000,0.00000000,0.00000000,0.00000000,1.98123058,0.00000000,0.00000000,0.00000000,0.00000000,0.00000000,0.00000000,0.00000000,0.00000000,0.00000000,0.00000000,0.00000000,0.00000000,0.00000000,0.00000000,0.00000000,0.00000000,0.00000000,0.00665910,0.08335114,0.00000000,0.00000000,0.00000000,0.00000000,0.00000000,0.00000000,0.00000000,0.00000000,0.00000000,0.00000000,0.00000000,0.00000000,0.00000000,0.00000000,0.00000000,0.02100445,0.00000000,0.00000000,0.00000000,0.00000000,0.00000000,0.00000000,0.01230779,0.00000000,0.00000000,0.00000000,0.00000000,0.00000000,0.00000000,0.00000000,0.00000000,0.01377168,0.00633358,0.00000000,0.00000000,0.00000000,0.00000000,0.00000000,0.00000000,0.00000000,0.00000000,0.00000000,0.00000000,0.01411447,0.00000000,0.02175387,0.00000000,0.00000000,0.00000000,0.00000000,0.01362703,0.00000000,0.00000000,0.00000000,0.00000000,0.00000000,0.00000000,0.00000000,0.00000000,0.27091613,0.00000000,0.00000000,0.00000000,0.00000000,0.00000000,0.02098678,0.00000000,0.00000000,0.01491327,0.00000000,0.00000000,0.00000000,0.00000000,0.00000000,0.00000000,0.00000000,0.01257662,2.66112058,0.00000000,0.00000000,0.00000000,0.00000000,0.00000000,0.00000000,0.00000000,0.00000000,0.00000000,0.00000000,0.00000000,0.00000000,0.00000000,0.00000000,0.00000000,0.00000000,0.00000000,0.00000000,0.00000000,0.00000000,0.00000000,0.00000000,0.00000000,0.00000000,0.00000000,0.01469389,0.00000000,0.00000000,0.60393247,0.00000000,0.00000000,0.00000000,0.00000000,0.00000000,0.00000000,0.00000000,0.00000000,0.00000000,0.00000000,0.00114619,0.00000000,0.00000000,0.00000000,0.00000000,0.00000000,0.00000000,0.00000000,0.00000000,0.00145403,0.00000000,0.00000000,0.00000000,0.00481026,0.00000000,0.00000000,0.00000000,0.00000000,0.00000000,0.00445373,0.00000000,0.00000000,0.00000000,0.00101288,0.00000000,0.00000000,0.00000000,0.00000000,0.00000000,0.00000000,0.00000000,0.00000000,0.00000000,0.00000000,0.00000000,0.04242823,0.00000000,0.00000000,0.00000000,0.00000000,0.00000000,0.00000000,0.00559064,0.00000000,0.00000000,0.00000000,0.00000000,0.00000000,0.00000000,0.00000000,0.00000000,0.00000000,0.00000000,0.13650253,0.00000000,0.00000000,0.06057786,0.00000000,0.00277309,0.00000000,0.00000000,0.00000000,0.08440166,0.00000000,0.00968600,0.00000000,0.00000000,0.00000000,0.00000000,0.00000000,0.00000000,0.00000000,0.00000000,0.00000000,0.00000000,0.00000000,0.00139371,0.00000000,0.00000000,0.00000000,0.00000000,0.00000000,0.00000000,0.00000000,0.00000000,0.00000000,0.00000000,0.00000000,0.00000000,0.00000000,0.00000000,0.00000000,0.00000000,0.00000000,0.00000000,0.00000000,0.00074160,0.00000000,0.00000000,0.00173851,0.00000000,0.00000000,0.00000000,0.00000000,0.00000000,0.00000000,0.00000000,0.00000000,0.00000000,0.00000000,0.00000000,0.00000000,0.01059196,0.00000000,0.00000000,0.00000000,0.00000000,0.00000000,0.00000000,0.00000000,0.00000000,0.00000000,0.00000000,0.00000000,0.00000000,0.00000000,0.00000000,0.00000000,0.00000000,0.00000000,0.00000000,0.00000000,0.00000000,0.01773560,0.00000000,0.00342383,0.00376303,0.00781770,0.00000000,0.00000000,0.00000000,0.00660216,0.00000000,0.00000000,0.00000000,0.00000000,0.00000000,0.00468095,0.00000000,0.00000000,0.00735245,0.00000000,0.00000000,0.00000000,0.00000000,0.00000000,0.00000000,0.00000000,0.00000000,0.00000000,0.00000000,0.02594997,0.00000000,0.00000000,0.00000000,0.00225448,0.00000000,0.00000000,0.00000000,0.00000000,0.00000000,0.01222785,0.00000000,0.00000000,0.00000000,0.00000000,0.00000000,0.00000000,0.00000000,0.00000000,0.00000000,0.00000000,0.00000000,0.00000000,0.01758509,0.00000000,0.00000000,0.00000000,0.00000000,0.00000000,0.00000000,0.00000000,0.00000000,0.00000000,0.00000000,0.00000000,0.00594192,0.00000000,0.00000000,1.82287913,0.00000000,0.00000000,0.00000000,0.00000000,0.00000000,0.00000000,0.00000000,0.87641794,0.00000000,0.00000000,0.02623076,0.00000000,0.00000000,0.00000000,0.00319022,0.00000000,0.00000000,1.55529670,0.00000000,0.00073633,0.00000000,0.00000000,0.00000000,0.00000000,0.00000000,0.00000000,0.00000000,0.00000000,0.00000000,0.00000000,0.00000000,0.00000000,0.00000000,0.00000000,0.00000000,0.00000000,0.21182428,0.02593545,0.00000000,0.00000000,0.00000000,0.00000000,0.02438913,0.00000000,0.00000000,0.00000000,0.00000000,0.00000000,0.00000000,0.00000000,0.00000000,0.00000000,0.00000000,0.00000000,0.00000000
0.00000000,0.00000000,0.00000000,0.00000000,0.00000000,0.00000000,0.00000000,0.00000000,0.00000000,0.00000000,0.00000000,0.00000000,0.00000000,0.00000000,0.00000000,0.00000000,0.00000000,0.00000000,0.00000000,0.00000000,0.16426550,0.00000000,0.00000000,0.00000000,0.00000000,0.00000000,0.00000000,0.00000000,0.00000000,0.00000000,0.00000000,0.02298052,0.00000000,0.00000000,0.00000000,0.00000000,0.00000000,0.00000000,0.00000000,0.00000000,0.00000000,0.00000000,0.00000000,0.03932319,0.00000000,0.01908905,0.00000000,0.00000000,0.00000000,0.00000000,0.06959697,0.00000000,0.00000000,0.00000000,0.10357991,0.00000000,0.00000000,0.00000000,0.00000000,0.00000000,0.00000000,0.00000000,0.00000000,0.00000000,0.05321112,0.00000000,0.00000000,0.00000000,0.00000000,0.00000000,0.00000000,0.00000000,0.00000000,0.00000000,0.00000000,0.00000000,0.00000000,0.03219431,0.00000000,0.00000000,0.00000000,0.00420599,0.00000000,0.00000000,0.00000000,0.00000000,0.00000000,0.00000000,0.00000000,0.00837425,0.00000000,0.00000000,0.00000000,0.00000000,0.00000000,0.00000000,0.53709149,0.00000000,1.65971278,0.00000000,0.00000000,0.00958072,0.00000000,0.00062842,0.00000000,0.00000000,0.00000000,0.00000000,0.00000000,0.00000000,0.00000000,0.00000000,0.00000000,0.00397619,0.00000000,0.00000000,0.02180072,0.01290045,0.00000000,0.00384369,0.00000000,0.00000000,0.00000000,0.00000000,0.00000000,0.00000000,0.00000000,0.00000000,0.00000000,0.00000000,0.00000000,0.00000000,0.00000000,0.00000000,0.00000000,0.00000000,0.00000000,0.00855419,0.00000000,0.00000000,0.00000000,0.00000000,0.00000000,0.00000000,0.00000000,0.00000000,0.00000000,0.00000000,0.00000000,0.00000000,0.00000000,0.00000000,0.00000000,0.00000000,0.00000000,0.00000000,0.00000000,0.00000000,0.00000000,0.00000000,0.01203636,0.00000000,0.00000000,0.00000000,0.00000000,0.00000000,0.00000000,0.00000000,0.00000000,0.00000000,0.00000000,0.00000000,0.00000000,0.00000000,0.00000000,0.00000000,0.00000000,0.00000000,0.00000000,0.00000000,0.00000000,0.00000000,0.00414109,0.00844456,0.00000000,0.00000000,0.00000000,0.00000000,0.14117975,0.00000000,0.00313081,0.00000000,0.00000000,0.00000000,0.00000000,0.00000000,0.00000000,0.00000000,0.00000000,0.00000000,0.00000000,0.00000000,0.00000000,0.00000000,0.00000000,0.00242410,0.00000000,0.00000000,0.00000000,0.00000000,0.00000000,0.00000000,0.00000000,0.00000000,0.00000000,0.00000000,0.00000000,0.00198700,0.00000000,0.00312904,0.00000000,0.00000000,0.00000000,0.00000000,0.00000000,4.28378752,0.00000000,0.00000000,0.00000000,0.00000000,0.00000000,0.00731320,0.00000000,0.00000000,0.00000000,0.00000000,0.00000000,0.00000000,0.00000000,0.00000000,0.00000000,0.00000000,0.00495502,0.00000000,0.00000000,0.00000000,0.00000000,0.00000000,0.00000000,0.00000000,0.00000000,0.00000000,0.00290995,0.02548643,0.00000000,0.00000000,0.07389109,0.00000000,0.00000000,0.00000000,0.00000000,0.00000000,0.00000000,0.00000000,0.00000000,0.00000000,0.00000000,0.00000000,0.00000000,0.00000000,0.00000000,0.00000000,0.00000000,0.00000000,0.00000000,0.10711379,0.00000000,0.00990585,0.00000000,0.00000000,0.00000000,0.00920270,0.00000000,0.00000000,0.00000000,0.00000000,0.00000000,0.00000000,0.00000000,0.00000000,0.00000000,0.00000000,0.00000000,0.00000000,0.00000000,0.00000000,0.00000000,0.00000000,0.00502352,0.01070953,0.00000000,0.00000000,0.00000000,0.00000000,0.00000000,0.00000000,0.00000000,0.00000000,0.00000000,0.00000000,0.02210357,0.00000000,0.00000000,0.00000000,0.00000000,0.00000000,0.59756564,0.02047567,0.00000000,0.00000000,0.00537003,0.00000000,0.00000000,0.00233792,0.00000000,0.00000000,0.00000000,0.00000000,0.03093028,0.00000000,0.00000000,0.00000000,0.00000000,0.00000000,0.00000000,0.00000000,0.00000000,2.89122666,0.00000000,0.00000000,0.41607386,0.00690413,0.00000000,0.05266596,0.00000000,0.00000000,0.00000000,0.00000000,0.00000000,0.00000000,0.00000000,0.00415512,0.00000000,0.00000000,0.00000000,0.03564303,0.00000000,0.00000000,0.00000000,0.00000000,0.00000000,0.00000000,0.00000000,0.00199114,0.00000000,0.00000000,0.00000000,0.00000000,0.00903127,0.01017684,0.00000000,0.00000000,0.00000000,0.00000000,0.00000000,0.00000000,0.05205932,0.00000000,0.00000000,0.00000000,0.00000000,0.00000000,0.00000000,0.00000000,0.00000000,0.00000000,0.00000000,0.00000000,0.00000000,0.00000000,0.00000000,0.00389823,0.00000000,0.00000000,0.00000000,0.00000000,0.00000000,0.00000000,0.00000000,0.00000000,0.00000000,0.00000000,0.00000000,0.00000000,0.00000000,0.00000000,0.00000000,0.01013367,0.00000000,0.00000000,0.00000000,0.00000000,0.00000000,0.00000000,0.00000000,0.00678407,0.00000000,0.00000000,0.00000000,0.00000000,0.00000000,0.00000000,0.00000000,0.00467112,0.00000000,1.49343826,0.00000000,0.00000000,0.00000000,0.00000000,0.00104128,0.00000000,0.00000000,0.00000000,0.00000000,0.00000000,0.00000000,0.00000000,0.00000000,0.00000000,0.00000000,0.00000000,0.04520413,0.00000000,0.00000000,0.00000000,0.00000000,0.00000000,0.00000000,0.00000000,0.00000000,0.00000000,0.00000000,0.00000000,0.01697754,0.00000000,0.00000000,0.00293185,0.00217892,0.00000000,0.00000000,0.00000000,0.00000000,0.00000000,0.00000000,0.00000000,0.00000000,0.00000000,0.00000000,0.00000000,0.00000000,0.00000000,0.00000000,0.00220984,0.00000000,0.00000000,0.00000000,0.00000000,0.00000000,0.00000000,0.00000000,0.00000000,0.00000000,0.00000000,0.00000000,0.00000000,0.00000000,0.00000000,0.00000000,0.00000000,0.00000000,0.00000000,0.01028731,0.00000000,0.00000000,0.00000000,0.00000000,0.00000000,0.00000000,0.00000000,0.00000000,0.00000000,0.00000000,0.00000000,0.00000000,0.00076159,0.00000000,0.00000000,0.00000000,0.00000000,0.00850243,0.00000000,0.00000000,0.00000000,0.00000000,0.00000000,0.00000000,0.00000000,0.00000000,0.00000000,0.00000000,0.00000000,0.00000000,0.00000000,0.00000000,0.00000000,0.00116668,0.00000000,0.00000000,0.00274438,0.00000000,0.00000000,0.06960895,0.00000000,0.00455495,1.14089987,0.00000000,0.00000000,0.00000000,0.00000000,0.00000000,0.00000000,0.00000000,0.00000000,0.00000000,0.00000000,0.00000000,0.00000000,0.00000000,0.00000000,0.00000000,0.00000000,0.00000000,0.00000000,0.03752784,0.00000000,0.00000000,0.00000000,0.00000000,0.00000000,0.00000000,0.00183653,0.00000000,0.00000000,0.00000000,0.00000000,0.00000000,0.00000000,0.00000000,0.00000000,0.00000000,0.00000000,0.00000000,0.00000000,0.00000000,0.00000000,0.00000000,0.00000000,0.00000000,0.00000000,0.01258208,0.00000000,0.00000000,0.00000000,0.00000000,0.00000000,0.00000000,0.00000000,0.07943139,0.00000000,0.00000000,0.00000000,0.18674664,0.00000000,0.00000000,0.00000000,0.00000000,0.15845774,0.00000000,0.00000000,0.00000000,0.00000000,0.00000000,0.00000000,0.00327021,0.00000000,0.00000000,0.00649831,0.00000000,0.00000000,0.00000000,0.00000000,0.00000000,0.00000000,0.00000000,0.00000000,0.00000000,0.00000000,0.00000000,0.00000000,0.00000000,0.00000000,0.00000000,0.00000000,0.00000000,0.00000000,0.00000000,0.00000000,0.00000000,0.00000000,0.00179821,0.00000000,0.00000000,0.00000000,0.00000000,0.00000000,0.00000000,0.00000000,0.00000000,0.00000000,0.00000000,0.00000000,0.00000000,0.00000000,0.00000000,0.00000000,0.00000000,0.00000000,0.00000000,0.00000000,0.00000000,0.00000000,0.00000000,0.00000000,0.02662902,0.00000000,0.00000000,0.00000000,0.00000000,0.09482090,0.00000000,0.00264699,0.00000000,0.00112696,0.00000000,0.00000000,0.00000000,0.00000000,0.01018310,0.00000000,0.00000000,0.00000000,0.00000000,0.00000000,0.00000000,0.00000000,0.01696128,0.00274539,0.00483881,0.00000000,0.00000000,0.00000000,0.00000000,0.00000000,0.00000000,0.00000000,0.00000000,0.00000000,0.00000000,0.00000000,0.00000000,0.00000000,0.00000000,0.00000000,0.00000000,0.01270520,0.00000000,0.00000000,0.00448958,0.00138128,0.00469012,0.00000000,0.00000000,0.42755934,0.00000000,0.00000000,0.00000000,0.00000000,0.00000000,0.00000000,0.00000000,0.00000000,0.00000000,0.00000000,0.65578371,0.00000000,0.00000000,0.00000000,0.00000000,0.00000000,0.00000000,0.00000000,0.00000000,0.00000000,0.00000000,0.00000000,0.00000000,0.00000000,0.00000000,0.00000000,0.03374722,0.00000000,0.00000000,0.00000000,0.00000000,0.00000000,0.00091078,0.00000000,0.00000000,0.00000000,0.00000000,0.00000000,0.79018862,0.00000000,0.00000000,0.00000000,0.00000000,0.00000000,0.00159267,0.00000000,0.00000000,0.00000000,0.09416653,0.00000000,0.00000000,0.00000000,0.00000000,0.00000000,0.00000000,0.00000000,0.00000000,0.00000000,0.00000000,0.00000000,0.00000000,0.00000000,0.00076372,0.05566211,0.00000000,0.00000000,0.00000000,0.01519173,0.00164959,0.09216102,0.00000000,0.00000000,0.01486794,0.00000000,0.00000000,0.00000000,0.01852498,0.01197312,0.00000000,0.00000000,0.00000000,0.00971366,0.00000000,0.00000000,0.01545915,0.00000000,0.00000000,0.00000000,0.02184430,0.00000000,0.00000000,0.00432564,0.08959545,0.00000000,0.00000000,0.00000000
0.00000000,0.00000000,0.00000000,0.00000000,0.00000000,0.00000000,0.00000000,0.00000000,0.00000000,0.00000000,0.00000000,0.00000000,0.00000000,0.00000000,0.00000000,0.00780306,0.00000000,0.05921625,0.00000000,0.00000000,0.00000000,0.00000000,0.00000000,0.00000000,0.00000000,0.00000000,0.00000000,0.00000000,0.00000000,0.01061630,0.00000000,0.00293047,0.00384398,0.00000000,0.00000000,0.00472276,0.00000000,0.00098196,0.00000000,0.00000000,0.00000000,0.00000000,0.00000000,0.01454475,0.00000000,0.00000000,0.00000000,0.00000000,0.00000000,0.00000000,0.00000000,0.00000000,0.00000000,0.00000000,0.00198548,0.00000000,0.00000000,0.00000000,0.00000000,0.00000000,0.00000000,0.00000000,0.00000000,0.00320599,0.00000000,0.00000000,0.00000000,0.00000000,0.00000000,0.00000000,0.00000000,0.00000000,0.00730586,0.02350216,0.00000000,0.00000000,0.00000000,0.00000000,0.00000000,0.00000000,0.01090398,0.15083996,0.00000000,0.00000000,0.00000000,0.05138408,0.00000000,0.00000000,0.00075143,0.00000000,0.00000000,0.00000000,0.00493572,0.00000000,0.00000000,0.00185250,0.00000000,0.00000000,0.00000000,0.00000000,0.00000000,0.00000000,0.00000000,0.00000000,0.00000000,0.00000000,0.00000000,0.00000000,0.00000000,0.00000000,0.00000000,0.00000000,0.00000000,0.00000000,0.00000000,0.00000000,0.01736031,0.00000000,0.00578373,0.00000000,0.01123843,0.00000000,0.00000000,0.00000000,0.00000000,0.00000000,0.00000000,0.00000000,0.00000000,0.00000000,0.01077033,0.00000000,0.06583444,0.00000000,0.00158610,0.00187347,0.00000000,0.00000000,0.00000000,0.00000000,0.00000000,0.00000000,0.00000000,0.00000000,0.00000000,0.00000000,0.00587191,0.00000000,0.00000000,0.00000000,0.00000000,0.00000000,0.00000000,0.00000000,0.00000000,0.00000000,0.00000000,0.00000000,0.00371289,0.00000000,0.00000000,0.00000000,0.00000000,0.00000000,0.59576572,0.00000000,0.00000000,0.00000000,0.00000000,0.00000000,0.00000000,0.00000000,0.00000000,0.00000000,0.00383749,0.00000000,0.00710162,0.00000000,0.00415656,0.00000000,0.00000000,0.00000000,0.00000000,0.00000000,0.00000000,0.00000000,0.00000000,0.00000000,0.00000000,0.00000000,0.00000000,0.00000000,0.01436756,0.00000000,0.00000000,0.00000000,0.00000000,0.00000000,0.00458053,0.00000000,0.00000000,0.00000000,0.00000000,0.00000000,0.00000000,0.00000000,0.00000000,0.00746864,0.00000000,0.00000000,0.00000000,0.00905523,0.00000000,0.00000000,0.00000000,0.00000000,0.00000000,0.00000000,0.00000000,0.00000000,0.00952609,0.00000000,0.00000000,0.00000000,0.00000000,0.00000000,0.00000000,0.00000000,0.00000000,0.00000000,0.00000000,0.00000000,0.00000000,0.00000000,0.00000000,0.00000000,0.00236351,0.00000000,0.00000000,0.00000000,0.00000000,0.00000000,0.00813028,0.00000000,0.00000000,0.00000000,0.00000000,0.00264638,0.00000000,0.00000000,0.00000000,0.00000000,0.00000000,0.00000000,0.00000000,0.00416346,0.00000000,0.00000000,0.00000000,0.00000000,0.00000000,0.00000000,0.00000000,0.00000000,0.00000000,0.00000000,0.00000000,0.00000000,0.00000000,0.00000000,0.00000000,0.00000000,0.00000000,0.00000000,0.00000000,0.00000000,0.00000000,0.00313303,0.00000000,0.00000000,0.00000000,0.00000000,0.00000000,0.00000000,0.00000000,0.00000000,0.00000000,0.00000000,0.00000000,0.00000000,0.00000000,0.01911597,0.00000000,0.00000000,0.00000000,0.00000000,0.00429064,0.00000000,0.00000000,0.02596077,0.00000000,0.00000000,0.03775589,0.00000000,0.00000000,0.00592702,0.00543082,0.00000000,0.00000000,0.00000000,0.00000000,0.00000000,0.00000000,0.00000000,0.00000000,0.01206308,0.00000000,0.00000000,0.00000000,0.00000000,0.00000000,0.00000000,0.00000000,0.00000000,0.00000000,0.00000000,0.00000000,0.00000000,0.01281901,0.00000000,0.00000000,0.77913879,0.00000000,0.00000000,0.00000000,0.00000000,0.00000000,0.00000000,0.00000000,0.00209629,0.00000000,0.00000000,0.00000000,0.00000000,0.36649288,0.00000000,0.00000000,0.00078970,0.00000000,0.00000000,0.00000000,0.00000000,0.00000000,0.00000000,0.00000000,0.00000000,0.00000000,0.00000000,0.00000000,0.00000000,0.00000000,0.00000000,0.17972770,0.00000000,0.00000000,0.01223295,0.00000000,0.00000000,0.00122118,0.00000000,0.00000000,0.00000000,0.00536105,0.00000000,0.00000000,0.00000000,0.00000000,0.06499764,0.00000000,0.00000000,0.00000000,0.00000000,0.00000000,0.00000000,0.00000000,0.00000000,0.00000000,0.00000000,0.00000000,0.00000000,0.00000000,0.00000000,0.00000000,0.00000000,0.00000000,0.00000000,0.00000000,0.00000000,0.00000000,0.00123365,0.00000000,0.00000000,0.00000000,0.02885647,0.20134399,0.00000000,0.00000000,0.00683731,0.00000000,0.00512139,0.00000000,0.00000000,0.00000000,0.00000000,0.00000000,0.00000000,0.00000000,0.07120520,0.00000000,0.00000000,0.00000000,0.00000000,0.00000000,0.00000000,0.00000000,2.37484010,0.00000000,0.00000000,0.00000000,0.00000000,0.00000000,0.00000000,0.00000000,0.00000000,0.00000000,0.00000000,0.00000000,0.00478657,0.03940559,0.00000000,0.00000000,0.00000000,0.03626538,0.00000000,0.00000000,0.00000000,0.00000000,0.00000000,0.00000000,0.00000000,0.00000000,0.00000000,0.00979857,0.00000000,0.00000000,0.00000000,0.00000000,0.00000000,0.00000000,0.00000000,0.00000000,0.00000000,0.00000000,0.00000000,0.00000000,0.00000000,0.00000000,0.00000000,0.02529797,0.00000000,0.00000000,0.00000000,0.00000000,0.00000000,0.00000000,0.00000000,0.00000000,0.00000000,0.00000000,0.00000000,0.00000000,0.00000000,0.00630730,0.00000000,0.00000000,0.00855416,0.00668164,0.00000000,0.00000000,0.00000000,0.00000000,0.00000000,0.00000000,0.00000000,0.00000000,0.00000000,0.00000000,0.00000000,1.07377912,0.00000000,0.00000000,0.00000000,0.00000000,0.00000000,0.00000000,0.00000000,0.00790555,0.00000000,0.00000000,0.00000000,0.00000000,0.00000000,0.00000000,0.00000000,0.00000000,0.00000000,0.00231660,0.00000000,0.10118633,0.00000000,0.00000000,0.00000000,0.00000000,0.00000000,0.00000000,0.00000000,0.00000000,0.00000000,0.00000000,0.00000000,0.00291830,0.00000000,0.00000000,0.00000000,0.00000000,0.00000000,0.00000000,0.00000000,0.00000000,0.00000000,0.00000000,0.00000000,0.00000000,0.00000000,0.00211012,0.00000000,0.02784263,0.00000000,0.00127780,0.00000000,0.00000000,0.00000000,0.00000000,0.00000000,0.00000000,0.00000000,0.06580255,0.00000000,0.00000000,0.00000000,0.00000000,0.00000000,0.00000000,0.00000000,0.00000000,0.00000000,0.00000000,0.00000000,0.00000000,0.00000000,0.00297437,0.00000000,0.00000000,0.00000000,0.00961866,0.00000000,0.01392005,0.00000000,0.00000000,0.00371481,0.00000000,0.00000000,0.03694289,0.01130704,0.00000000,0.00000000,0.00462810,0.00000000,0.00000000,0.00000000,0.00000000,0.00000000,0.00000000,0.00000000,0.00000000,0.00000000,0.00000000,0.00000000,0.00000000,0.00000000,0.00000000,0.00578349,0.00000000,0.00000000,0.00000000,0.00000000,0.00000000,0.03306736,0.00000000,0.00000000,0.00000000,0.00000000,0.00000000,0.01152770,0.00000000,0.00000000,0.00000000,0.03268099,0.00000000,0.00000000,0.00000000,0.00000000,0.00000000,0.00308760,0.00000000,0.00000000,0.00000000,0.00000000,0.00000000,0.00000000,0.00000000,0.00000000,0.00000000,0.00000000,0.00000000,0.00000000,0.00000000,0.00000000,0.00000000,0.00000000,0.00000000,0.00000000,0.00000000,0.00000000,0.00000000,0.00000000,0.00000000,0.00000000,0.00000000,0.00000000,0.00000000,0.00000000,0.00000000,0.00819438,0.00000000,0.00000000,0.00000000,0.00000000,0.02928129,0.00000000,0.00000000,0.00000000,0.00000000,0.00000000,0.00323970,0.00000000,0.00000000,0.00000000,0.00366855,0.00000000,0.00000000,0.00000000,0.00000000,0.40675722,0.00000000,0.00000000,0.00000000,0.00000000,0.00000000,0.00237189,0.00000000,0.00000000,0.00000000,0.00000000,0.00000000,0.00000000,0.00746050,0.00000000,0.00000000,0.00000000,0.00000000,0.00000000,0.00000000,0.00000000,0.00000000,0.00000000,0.00000000,0.00000000,0.00000000,0.00000000,0.00000000,0.00000000,0.00000000,0.00000000,0.00000000,0.00000000,0.00000000,0.00000000,0.00000000,0.00000000,0.00000000,0.00000000,0.00000000,0.00000000,0.00000000,0.00000000,0.00000000,0.00000000,0.00000000,0.00000000,0.03126631,0.00604418,0.00000000,0.00298312,0.00000000,0.00000000,0.00000000,0.00000000,0.00000000,0.01780706,0.00000000,0.00000000,0.00000000,0.00000000,0.00000000,0.00000000,0.00000000,0.00000000,0.00000000,0.01081706,0.00000000,0.00000000,0.00000000,0.00000000,0.01148976,0.00000000,0.00000000,0.00000000,0.00000000,0.00000000,0.00000000,0.00000000,4.21694826,0.00000000,0.00000000,0.00601656,0.00000000,0.00000000,0.00568454,0.00000000,0.00000000,0.00000000,0.00000000,0.00000000,0.00000000,0.00000000,0.00000000,0.00000000,0.00000000,0.00000000,0.00000000,0.00000000,0.00000000,0.00000000,0.00000000,0.00378301,0.00000000,0.00000000,0.00000000,0.00000000,0.00000000,0.00000000,0.00000000,0.00000000,0.00000000,0.00000000,0.00000000,0.00000000,0.00000000,0.00722518,0.00000000,0.00000000,0.00000000,0.00000000,0.00000000,0.00000000,0.00298951,0.00070894,0.00000000,0.00000000
0.00000000,0.00000000,0.00000000,0.00000000,0.09705727,0.00000000,0.00000000,0.03217150,0.00000000,0.00000000,0.00000000,0.00000000,0.00000000,0.00000000,0.00000000,0.00000000,0.00000000,0.00000000,0.00000000,0.00000000,0.00000000,0.00000000,0.00000000,0.00000000,0.00000000,0.00000000,0.05580324,0.04872125,0.00000000,0.00545820,0.00000000,0.00000000,0.00541237,0.00000000,0.00000000,0.00000000,0.00000000,0.00000000,0.00000000,0.00000000,0.00000000,0.00000000,0.00000000,0.00000000,0.00000000,0.00000000,0.00000000,0.00000000,0.00000000,0.00000000,0.00000000,0.00000000,0.00000000,0.00000000,0.00000000,0.00000000,0.00000000,0.00000000,0.00000000,0.00000000,0.00000000,0.00000000,0.00000000,0.00000000,0.00000000,0.00000000,0.00000000,0.00000000,0.00000000,0.00000000,0.00000000,0.00000000,0.00000000,0.00000000,0.00000000,0.00000000,0.00000000,0.00000000,0.00000000,0.00000000,0.00000000,0.00000000,0.00000000,0.00767440,0.00000000,0.00148834,0.00000000,0.00000000,0.02497085,0.00000000,0.00000000,0.00000000,0.00000000,0.00000000,0.00575932,0.00000000,0.00000000,0.01019998,0.00000000,0.00000000,0.00000000,0.00000000,0.00000000,0.00198537,0.00000000,0.00000000,0.00000000,0.00000000,0.00000000,0.00000000,0.00000000,0.00000000,0.00000000,0.00000000,0.00000000,0.00000000,0.00000000,0.00000000,0.00000000,0.00000000,0.00000000,0.00000000,0.00000000,0.00000000,0.00000000,0.00198858,0.00000000,0.00000000,0.00000000,0.02374423,0.00000000,0.00000000,0.00000000,0.00000000,0.00000000,0.00000000,0.00000000,0.00000000,0.00000000,0.04190193,0.00000000,0.01198314,0.00000000,0.23903766,0.00000000,0.00000000,0.00000000,0.00000000,0.00000000,0.00000000,0.00000000,0.00000000,0.01073498,0.00000000,0.00000000,0.00000000,0.00000000,0.00000000,0.00000000,0.00235569,0.00000000,0.00000000,0.00000000,0.00000000,0.00000000,0.00000000,0.00000000,0.00000000,0.00236584,0.00000000,0.00000000,0.00000000,0.00000000,0.00000000,0.24847486,0.00000000,0.00000000,0.00000000,0.00000000,0.00000000,0.00000000,0.00000000,0.00000000,0.00000000,0.00000000,0.00000000,0.00000000,0.00000000,0.00000000,0.00000000,0.00000000,0.00000000,0.00000000,0.00000000,0.00000000,0.00255213,0.00000000,0.00262271,0.00000000,0.00000000,0.00000000,0.00000000,0.00000000,0.00000000,0.00000000,0.36473714,0.00261633,0.00000000,0.00000000,0.00000000,0.00108738,0.00000000,0.00000000,0.00000000,0.00000000,0.00000000,0.00000000,0.00000000,0.00000000,0.00000000,0.00000000,0.00000000,0.00000000,0.00000000,0.00000000,0.00000000,0.00000000,0.03374061,0.00000000,0.00000000,0.00000000,0.00000000,0.00000000,0.00749602,0.00000000,0.00000000,0.00000000,0.00000000,0.00000000,0.00000000,0.00000000,0.00000000,0.00180137,0.00000000,0.00000000,0.00519513,0.00381055,0.00000000,0.00000000,0.02272766,0.00000000,0.00000000,0.00000000,0.00000000,0.00000000,0.00000000,0.00000000,0.00000000,0.00000000,0.00000000,0.00000000,0.00000000,0.00000000,0.00000000,0.00000000,0.00000000,0.00147520,0.00000000,0.00000000,0.00000000,0.00000000,0.00000000,0.00193882,0.01526831,0.00000000,0.00000000,0.00000000,0.00000000,0.00000000,0.00763266,0.00000000,0.00462915,0.00000000,0.00000000,0.00252559,0.00000000,0.00000000,0.00000000,0.00000000,0.00000000,0.00000000,0.00000000,0.00000000,0.00000000,0.00000000,0.00000000,0.00000000,0.00000000,0.00922490,0.00000000,0.00000000,0.00000000,0.00000000,0.00000000,0.00000000,0.00000000,0.00000000,0.00000000,0.00000000,0.00000000,0.00000000,0.20879458,0.00000000,0.00000000,0.00000000,0.00000000,0.00000000,0.00302592,0.00000000,0.00000000,0.00000000,0.00000000,0.00000000,0.00000000,0.00000000,0.00000000,0.00000000,0.00000000,0.00000000,0.00000000,0.00000000,0.00000000,0.00000000,0.00000000,0.00000000,0.00000000,0.00000000,0.00000000,0.00000000,0.00000000,0.00000000,0.00000000,0.00000000,0.00000000,0.00920760,0.00000000,0.00000000,0.00000000,0.02090780,0.00000000,0.00000000,0.00000000,0.00000000,0.00987445,0.00000000,0.00000000,0.00000000,0.00000000,0.00000000,0.02993962,0.01272479,0.00771000,0.00000000,0.00000000,0.00290678,0.00000000,0.00000000,0.01605483,0.00000000,0.08002581,0.00149566,0.00320928,0.97387396,0.00000000,0.00000000,0.00000000,0.00000000,0.00000000,0.00000000,0.01839314,0.00325243,0.00865803,0.00000000,0.00000000,0.00000000,0.00000000,0.00000000,0.00000000,0.00000000,0.00517446,0.00000000,0.00096620,0.02075585,0.00000000,0.00000000,0.00000000,0.04973236,0.00000000,0.00000000,0.00000000,0.00000000,0.00000000,0.00000000,0.01320016,0.00000000,0.00000000,0.00000000,0.00000000,0.00000000,0.00000000,0.00000000,0.00000000,0.00000000,0.00000000,0.00000000,0.00000000,0.00000000,0.00000000,0.00000000,0.00000000,0.00000000,0.00000000,0.01021457,0.00000000,0.00000000,0.00000000,0.00000000,0.00177028,0.26989316,0.00000000,0.00000000,0.00743610,0.00000000,0.00000000,0.00000000,0.62452229,0.00000000,0.00000000,0.00000000,0.00000000,0.00000000,0.00000000,0.00000000,0.00000000,0.00000000,0.00000000,0.00000000,0.00000000,0.00000000,0.00000000,0.00000000,0.00000000,0.00000000,0.00000000,0.00000000,0.00000000,0.00000000,0.00000000,0.00000000,0.00000000,0.00000000,0.00000000,0.00000000,0.00000000,0.00000000,0.00000000,0.00000000,0.00000000,0.00000000,0.00000000,0.00000000,0.00000000,0.00057920,0.01924613,0.00000000,0.00000000,0.00000000,0.00000000,0.37382324,0.00000000,0.02208472,0.00000000,0.00000000,0.00000000,0.00000000,0.00000000,0.00000000,0.00000000,0.00512833,0.00000000,0.00734982,0.00000000,0.00000000,0.00000000,0.00000000,0.00000000,0.61547207,0.00000000,0.00000000,0.03307574,0.00000000,0.00000000,0.00000000,0.03226556,0.00000000,0.00360096,0.00000000,0.00000000,0.00000000,0.00000000,0.00000000,0.00000000,0.00000000,0.00000000,0.00000000,0.00000000,0.00000000,0.00000000,0.00000000,0.00000000,0.00000000,0.00000000,0.00000000,0.00000000,0.00000000,0.00000000,0.00000000,0.00000000,0.00000000,0.00000000,0.00000000,0.00000000,0.00000000,0.00000000,0.00471908,0.00000000,0.00561844,0.00000000,0.00000000,0.00000000,0.00000000,0.00000000,0.00000000,0.00000000,0.00000000,0.00000000,0.00429954,0.00000000,0.00139105,0.00000000,0.00000000,0.00000000,0.00000000,0.04239974,0.10151345,0.00000000,0.00000000,0.00000000,0.00000000,0.00000000,0.00000000,0.00000000,0.00000000,0.00000000,0.00000000,0.00000000,0.00000000,0.00000000,0.00000000,0.00000000,0.00000000,0.00000000,0.00000000,0.00000000,0.00402630,0.00000000,0.02992354,0.00000000,0.00000000,0.00000000,0.00000000,0.00000000,0.01949634,0.00000000,0.00000000,0.00000000,0.00000000,0.00000000,0.00000000,0.00000000,0.00000000,0.00000000,0.00000000,0.00000000,0.00000000,0.00000000,0.00000000,0.00000000,0.02339017,0.00000000,0.00000000,0.00312499,0.00091707,0.00000000,0.00000000,0.00000000,0.06383869,0.00000000,0.02224747,0.00000000,0.00000000,0.00000000,0.00000000,0.00000000,0.00000000,0.00000000,0.00243493,0.00000000,0.00000000,0.00000000,0.00000000,0.00000000,0.00000000,0.00000000,0.00000000,0.00000000,0.00000000,0.00000000,4.02947086,0.00000000,0.00000000,0.03029376,0.00000000,0.00000000,0.00000000,0.00000000,0.00000000,0.00000000,0.00000000,0.00000000,0.00000000,0.04705441,0.00607159,0.00000000,0.00000000,0.00000000,0.00000000,0.00000000,0.00000000,0.00000000,0.00000000,0.00000000,0.00000000,0.00000000,0.00000000,0.00116051,0.00000000,0.00000000,0.00902879,0.00000000,0.00000000,0.00000000,0.00000000,0.00000000,0.00000000,0.00000000,0.00000000,0.00000000,0.00000000,0.00000000,0.00000000,0.00000000,0.00000000,0.00000000,0.00000000,0.00000000,0.00000000,0.00000000,0.00000000,0.05120037,0.00000000,0.00000000,0.00000000,0.04968297,0.00000000,0.00000000,0.00099307,0.00000000,0.00000000,0.00000000,0.00368889,0.00000000,0.00000000,0.00000000,0.00000000,0.00000000,0.00000000,0.00000000,0.00000000,0.00000000,0.00000000,0.00000000,0.00000000,0.00000000,0.00000000,0.00000000,0.00000000,0.00000000,0.00248035,0.00000000,0.08849976,0.00000000,0.00000000,0.00000000,0.00000000,0.00000000,0.00000000,0.00000000,0.00000000,0.00000000,0.00000000,0.00268332,0.00000000,0.00000000,0.00000000,0.00000000,0.00000000,0.00000000,0.00000000,0.00000000,0.00000000,0.00000000,0.00000000,0.00000000,0.00000000,0.00000000,0.00000000,0.00000000,0.00000000,0.00000000,0.00932084,0.00000000,0.00000000,0.00000000,0.00000000,0.00000000,0.00000000,0.00000000,0.00000000,0.00000000,0.00000000,0.00000000,0.00000000,0.00000000,0.00000000,0.00000000,0.00000000,0.00000000,0.00000000,0.00000000,0.00000000,0.00884178,0.00000000,0.00000000,0.00000000,0.00000000,0.00000000,0.00000000,0.00509128,0.00128428,0.00656967,0.00000000,0.00000000,0.00000000,0.00000000,0.00000000,0.00000000,0.00000000,0.00000000,0.00000000,0.00846128,0.15887360,0.00000000,0.00000000,0.00000000,0.00000000,0.00441590,0.00277440,0.00000000,0.00646084,0.00000000,0.00000000,0.00000000,0.00000000,0.00000000,0.00000000,0.00000000,0.00000000,0.00000000,0.00000000
0.00000000,0.00000000,0.00000000,0.00000000,0.00000000,0.00000000,0.00000000,0.00000000,0.01377665,0.00000000,0.00000000,0.00000000,0.00000000,0.00000000,0.00000000,0.00731214,0.00000000,0.00000000,0.00000000,0.00000000,0.00000000,0.00000000,0.00000000,0.00000000,0.00000000,0.00000000,0.00000000,0.05736413,0.00000000,0.00000000,0.00753014,0.00000000,0.00000000,0.06684061,0.00000000,0.00000000,0.00000000,0.00000000,0.00000000,0.00000000,0.00000000,0.00000000,0.00000000,0.00000000,0.00000000,0.00000000,0.00000000,0.00000000,0.00000000,0.00000000,0.00000000,0.23745324,0.00000000,0.00300297,0.00000000,0.00000000,0.00000000,0.00000000,0.00000000,0.00000000,0.00000000,0.00000000,0.00000000,0.00000000,0.00000000,0.00000000,0.00000000,0.00000000,0.00514701,0.00000000,0.00000000,0.00539594,0.00000000,0.00229828,0.00000000,0.00000000,0.00000000,0.00000000,0.01366454,0.00000000,0.00000000,0.00000000,0.00000000,0.00000000,0.00000000,0.00000000,0.00000000,0.00000000,0.00000000,0.00000000,0.00000000,0.00000000,0.00123764,0.00000000,0.00000000,0.00000000,0.00000000,0.00000000,0.00206945,0.01762642,0.02844149,0.00000000,0.00000000,0.35607271,0.00000000,0.01028979,0.00000000,0.00000000,0.00000000,0.00000000,0.00000000,0.00000000,0.00000000,0.00511937,0.00000000,0.00000000,0.00000000,0.00150125,0.00000000,0.00000000,0.00000000,0.00000000,0.00995670,0.00317704,0.00000000,0.00338895,0.00000000,0.00000000,0.00157089,0.00000000,0.00000000,0.00000000,0.00000000,0.00000000,0.00000000,0.00000000,0.00000000,0.00316635,0.00000000,0.00000000,0.00000000,0.00000000,0.00000000,0.00000000,0.00000000,0.00000000,0.00000000,0.01124462,0.00000000,0.00000000,0.00000000,0.00000000,0.00000000,0.00000000,0.00404385,0.00000000,0.00000000,0.00000000,0.00000000,0.00000000,0.01817803,0.00000000,0.00000000,0.00000000,0.00000000,0.00000000,0.00000000,0.00000000,0.00427229,0.00000000,0.00117073,0.00000000,0.00000000,0.00000000,0.00000000,0.00000000,0.00000000,0.00000000,0.00000000,0.00000000,0.00000000,0.00000000,0.00000000,0.00000000,0.00000000,0.00000000,0.00000000,0.00000000,0.00000000,0.00000000,0.00000000,0.00000000,0.00000000,0.00000000,0.00000000,0.00000000,0.00000000,0.00000000,0.00000000,0.00000000,0.00000000,0.00000000,0.00000000,0.00000000,0.00000000,0.00000000,0.00000000,0.00000000,0.00000000,0.00000000,0.00000000,0.00000000,0.00000000,0.00000000,0.03253454,0.00000000,0.00000000,0.00000000,0.00226517,0.00000000,0.00000000,0.00000000,0.00000000,0.00000000,0.00000000,0.00000000,0.00000000,0.00506518,0.00000000,0.00000000,0.00000000,0.00000000,0.00000000,0.00000000,0.04250932,0.00000000,0.00000000,0.00000000,0.00000000,0.00000000,0.00361073,0.00000000,0.00000000,0.00000000,0.00000000,0.02927886,0.00000000,0.00000000,0.00000000,0.00000000,0.00000000,0.00421879,0.00000000,0.00000000,0.00000000,0.00000000,0.00000000,0.00000000,0.00000000,0.00000000,0.00000000,0.00000000,0.00000000,0.00000000,0.05611404,0.00000000,0.00000000,0.00000000,0.00000000,0.00000000,0.00000000,0.00000000,0.00000000,0.00000000,0.00000000,0.05762181,0.00000000,0.00000000,0.00000000,0.00000000,0.00000000,0.00000000,0.00000000,0.00000000,0.00000000,0.00000000,0.00000000,0.00000000,0.00000000,0.00000000,0.80165062,0.00000000,0.00000000,0.00000000,0.00000000,0.00000000,0.00000000,0.00000000,0.00000000,0.00000000,0.00000000,0.00000000,0.00000000,0.00000000,0.00000000,0.00000000,0.00000000,0.02536765,0.00000000,0.00000000,0.00000000,0.00000000,0.00000000,0.00000000,0.00000000,0.00000000,0.03873039,0.00410304,0.00000000,0.00000000,0.00000000,0.02404603,0.00871491,0.00090333,0.00000000,0.00000000,0.00000000,0.00000000,0.00000000,0.00000000,0.00000000,0.00000000,0.00000000,0.00000000,0.04870827,0.00000000,0.00109323,0.00000000,0.00000000,0.00000000,0.00000000,0.00000000,0.00000000,0.00000000,0.00179276,0.00000000,0.00000000,0.00000000,0.00000000,0.00000000,0.00000000,0.00000000,0.00000000,0.00000000,0.00000000,0.00000000,0.01743566,0.00000000,0.00000000,0.00000000,0.00000000,0.00000000,0.00000000,0.00000000,0.00000000,0.02476443,0.00000000,0.00000000,0.00000000,0.00000000,0.00000000,0.00000000,0.00933920,0.00000000,0.00000000,0.00000000,0.00000000,0.00000000,0.00000000,0.00000000,0.00000000,0.00000000,0.00000000,0.00000000,0.00000000,0.00000000,0.01143735,0.00000000,0.00000000,0.00000000,0.00000000,0.00000000,0.00000000,0.00000000,0.00000000,0.00000000,0.00000000,0.00000000,0.00000000,0.00000000,0.00000000,0.00217375,0.00000000,0.00000000,0.00000000,0.17572651,0.00000000,0.00000000,0.00000000,0.00000000,0.00000000,0.00000000,0.00000000,0.00000000,0.00000000,0.00000000,0.00000000,0.00000000,0.00000000,0.00000000,0.00000000,0.08997858,0.00000000,0.00000000,0.00000000,0.00000000,0.00000000,0.00000000,0.09448277,0.00000000,0.00000000,0.00000000,0.03393243,0.00214299,0.00000000,0.00000000,0.00000000,0.00000000,0.00000000,0.00000000,0.02047947,0.00000000,0.00000000,0.00000000,0.00000000,0.00000000,0.00000000,0.00000000,0.00000000,0.00000000,0.00000000,0.00000000,0.00000000,0.00000000,0.00000000,0.00000000,0.00000000,0.00000000,0.00000000,0.00000000,0.00000000,0.00338764,0.00000000,0.00693005,0.00000000,0.00000000,0.00000000,0.00296088,0.00000000,0.00000000,0.00000000,0.00000000,0.00000000,0.00000000,0.00000000,0.00000000,0.00000000,0.00000000,0.00000000,0.00000000,0.11634729,0.00000000,0.00000000,0.00000000,0.00000000,0.00000000,0.00000000,0.00000000,0.00000000,0.00189765,0.00000000,0.00000000,0.00000000,0.00000000,0.00839325,0.00838089,0.00000000,0.00000000,0.00000000,0.03862514,0.00000000,0.00000000,0.00000000,0.00000000,0.00000000,0.00000000,0.00000000,0.00000000,0.00000000,0.00780446,0.00000000,0.00000000,0.00000000,0.11084672,0.00000000,0.00000000,0.00000000,0.00875867,0.00000000,0.00000000,0.00000000,0.00000000,0.00000000,0.00000000,0.00000000,0.00000000,0.00000000,0.00000000,0.00000000,0.00000000,0.00000000,0.01799690,0.00000000,0.00000000,0.00000000,0.00000000,0.00000000,0.00000000,0.00000000,0.00000000,0.00000000,0.00000000,0.00000000,0.00000000,0.00000000,0.00000000,0.00000000,0.00000000,0.00000000,0.00000000,0.00000000,0.00000000,0.00000000,0.00000000,0.04159867,0.00000000,0.00000000,0.00000000,0.00000000,0.00000000,0.00000000,0.05001999,0.00000000,0.00000000,0.00000000,0.00000000,0.00000000,0.00000000,0.00000000,0.00000000,0.00000000,0.08187045,0.00000000,0.00000000,0.00000000,0.00000000,0.00000000,0.00000000,0.00000000,0.00319696,0.00669211,0.00000000,0.00000000,0.00000000,0.00000000,0.00000000,0.00000000,0.00000000,0.00000000,0.00000000,0.00000000,0.01189976,0.00000000,0.00000000,0.00000000,0.00000000,0.00000000,0.15847672,0.00000000,0.00000000,0.00000000,0.00000000,0.00000000,0.01114424,0.00000000,0.00196075,0.01224468,0.00000000,0.00000000,0.00000000,0.60617623,0.00000000,0.00000000,0.00000000,0.00960563,0.00000000,0.00000000,0.00000000,0.00000000,0.00000000,0.01488524,0.00144875,0.00000000,3.12561962,0.00000000,0.00000000,0.00000000,0.00625943,0.00000000,0.00000000,0.02470118,0.00000000,0.00000000,0.00000000,0.00000000,0.00000000,0.03395370,0.00000000,0.00000000,0.00000000,0.00000000,0.00000000,0.00000000,0.00297255,0.00000000,0.00000000,0.00000000,0.00000000,0.00000000,0.00000000,0.00000000,0.00000000,0.00000000,0.00899321,0.00000000,0.00000000,0.00000000,0.00249191,0.00324005,0.00179528,0.00000000,0.01066232,0.00000000,0.00000000,0.00000000,0.02913294,0.00000000,0.00000000,0.00000000,0.00000000,0.00000000,0.00000000,0.01004271,0.00000000,0.00000000,0.00000000,0.00000000,0.00000000,0.00000000,0.00000000,0.00000000,0.00000000,0.00000000,0.00000000,0.00000000,0.00000000,0.00000000,0.00000000,0.00000000,0.00000000,0.00000000,0.00539026,0.00000000,0.00000000,0.00000000,0.00000000,0.00000000,0.11640634,0.00000000,0.00000000,0.00000000,0.00000000,0.04521880,0.00000000,0.67937094,0.00000000,0.00000000,0.02454746,0.00000000,0.00000000,0.00000000,0.00000000,0.00000000,0.00000000,0.00000000,0.00000000,0.00885515,0.00000000,0.00000000,0.00000000,0.00000000,0.00000000,0.00000000,0.00000000,0.00000000,0.00000000,0.00000000,0.00000000,0.00000000,0.00000000,0.29845196,0.02655014,0.00000000,0.00000000,0.00000000,0.00000000,0.00000000,0.00000000,0.00000000,0.00000000,0.00000000,0.00000000,0.00000000,0.00000000,0.00000000,0.00000000,0.00000000,0.00000000,0.00000000,0.00000000,0.00000000,0.00000000,0.00000000,0.00000000,0.00662427,0.00000000,0.00000000,0.00000000,0.00196102,0.00180831,0.00000000,0.00000000,0.00000000,0.00000000,0.00000000,0.00000000,0.00599104,0.00000000,0.00000000,0.00000000,0.00000000,0.01036800,0.00000000,0.00851933,0.00000000,0.00000000,0.00000000,0.00000000,0.00000000,0.00000000,0.00000000,0.00000000,0.00000000,0.00000000,0.00000000,0.00439256,0.00000000,0.00000000,0.00000000,0.00168863,0.00000000,0.00000000,0.00000000,0.00000000,0.00000000,0.00000000,0.00000000,0.03245374,0.00000000,0.00000000
0.00000000,0.00830245,0.00000000,0.00000000,0.00000000,0.00000000,0.00000000,0.00000000,0.00000000,0.00000000,0.00000000,0.00000000,0.00000000,0.00000000,0.00000000,0.00501104,0.00000000,0.00000000,0.00000000,0.00000000,0.00000000,0.00000000,0.07469915,0.00000000,0.00096130,0.00000000,0.00000000,0.00000000,0.00000000,0.00000000,0.00000000,0.00000000,0.00000000,0.00000000,0.00000000,0.00000000,0.00220808,0.00000000,0.00000000,0.00000000,0.00000000,0.03505086,0.00000000,0.00000000,0.00000000,0.00000000,0.00821907,0.00000000,0.00000000,0.00000000,0.00000000,0.00000000,0.00000000,0.00000000,0.00000000,0.02257642,0.00000000,0.00000000,0.00000000,0.00000000,0.00000000,0.00000000,0.00000000,0.00000000,0.00000000,0.00000000,0.00812047,0.00000000,0.00000000,0.00000000,0.00000000,0.00000000,0.00099332,0.00381319,0.00000000,0.00000000,0.00263899,0.00000000,0.00000000,0.02950769,0.00000000,0.00000000,0.00000000,0.00000000,0.00000000,0.00000000,0.00000000,0.00000000,0.00000000,2.94028123,0.00000000,0.00000000,0.00000000,0.20202101,0.00000000,0.00000000,0.00000000,0.00000000,0.00000000,0.00000000,0.00000000,0.00000000,0.00000000,0.00000000,0.00000000,0.00000000,0.00000000,0.00000000,0.00000000,0.00000000,0.00127943,0.00000000,0.00000000,0.00000000,0.00000000,0.00000000,0.00000000,0.00000000,0.00000000,0.01599666,0.00000000,0.00000000,0.00000000,0.00000000,0.00000000,0.00000000,0.00000000,0.00000000,0.00000000,0.00000000,0.00000000,0.00000000,0.00000000,0.00000000,0.00000000,0.00000000,0.00000000,0.00000000,0.00000000,0.00000000,0.00732814,0.00000000,0.01064525,0.00000000,0.00000000,0.00000000,0.00000000,0.00000000,0.00000000,0.00000000,0.00000000,0.00000000,0.00000000,0.00000000,0.00000000,0.00398123,0.00000000,0.00000000,0.00000000,0.00000000,0.00246363,0.00000000,0.00227883,0.00000000,0.00000000,0.00000000,0.00000000,0.00000000,0.00000000,0.00000000,0.00000000,0.00000000,0.00000000,0.00000000,0.00000000,0.00000000,0.00000000,0.00000000,0.00000000,0.00539520,0.00000000,0.00000000,0.00000000,0.00000000,0.01372280,0.00000000,0.00000000,0.00000000,0.00000000,0.00000000,0.00000000,0.01135887,0.01061250,0.00000000,0.00000000,0.00000000,0.00000000,0.00000000,0.00000000,0.00000000,0.00000000,0.00757434,0.00000000,0.00000000,0.00000000,0.00957378,0.00000000,0.00000000,0.06525550,0.00000000,0.00000000,0.00000000,0.00000000,0.00000000,0.00000000,0.00368682,0.00000000,0.00000000,0.00000000,0.00000000,0.00000000,0.00804038,0.00000000,0.00000000,0.00000000,0.00000000,0.00000000,0.00000000,0.00000000,0.00000000,0.00000000,0.00000000,0.00000000,0.00000000,0.00000000,0.00000000,0.01038823,0.00000000,0.00000000,0.00000000,0.00000000,0.00000000,0.00000000,0.00000000,0.00000000,0.00000000,0.00000000,0.00000000,0.00000000,0.00000000,0.00000000,0.00000000,0.00000000,0.00000000,0.00000000,0.00000000,0.00000000,0.00000000,0.00000000,0.00000000,0.00000000,0.00000000,0.00000000,0.00000000,0.00000000,0.00000000,0.01413433,0.01360622,0.00000000,0.00000000,0.00329422,0.00000000,0.00000000,0.00000000,0.00000000,0.00000000,0.00000000,0.00000000,0.00000000,0.00000000,0.00000000,0.00000000,0.00000000,0.00000000,0.00000000,0.00000000,0.00000000,0.00000000,0.00000000,0.00000000,0.79751826,0.00000000,0.00000000,0.00000000,0.00000000,0.00000000,0.00000000,0.00000000,0.00000000,0.00148528,0.00000000,0.00000000,0.00303800,0.11088331,0.00000000,0.00000000,0.00000000,0.00000000,0.00000000,0.03670938,0.00000000,0.00000000,0.00000000,0.00000000,0.00000000,0.00130646,0.08026852,0.00000000,0.00000000,0.00409900,0.00395739,0.00645586,0.00000000,0.00000000,0.00000000,0.02183300,0.00000000,0.00000000,0.00000000,0.00000000,0.00000000,0.00000000,0.00000000,0.00000000,0.00551094,0.00000000,0.00000000,0.00000000,0.00000000,0.00000000,0.00000000,0.00000000,0.00000000,0.00000000,0.00000000,0.00000000,0.00000000,0.00000000,0.00000000,0.06040564,0.00000000,0.00000000,0.00000000,0.00000000,0.00000000,0.00000000,0.00000000,0.00000000,0.00000000,0.00000000,0.00000000,0.02307359,0.00000000,0.00000000,0.00000000,0.00000000,0.00000000,0.00000000,0.00000000,0.00000000,0.01151601,0.00000000,0.00000000,0.00000000,0.00000000,0.00000000,0.00000000,0.00000000,0.00000000,0.00000000,0.00000000,0.00000000,0.72278164,0.00000000,0.00000000,0.00000000,0.05053146,0.00000000,0.00000000,0.00000000,0.00000000,0.00000000,0.00000000,0.00000000,0.00000000,0.00000000,0.00000000,0.00000000,0.00333060,0.00000000,0.00000000,0.00000000,0.00000000,0.00000000,0.00000000,0.00000000,0.00000000,0.00000000,0.00000000,0.00000000,0.00000000,0.00000000,0.00000000,0.00000000,0.00000000,0.01273458,0.00000000,0.00000000,0.00000000,0.00000000,0.00000000,0.00000000,0.00000000,0.00546442,0.00000000,0.00000000,0.00000000,0.31316361,0.00000000,0.00000000,0.00000000,0.13001767,0.00000000,0.00000000,0.00000000,0.00557661,0.00328223,0.00000000,0.00000000,0.00000000,0.00000000,0.00000000,0.00501679,0.00000000,0.00000000,0.00000000,0.00000000,0.00000000,0.00000000,0.00000000,0.00000000,0.00000000,0.00000000,0.00000000,0.00000000,0.00000000,0.00000000,0.00000000,0.00000000,0.00000000,0.00000000,0.00000000,0.00000000,0.00000000,0.00000000,0.00000000,0.00000000,0.00000000,0.00000000,0.00000000,0.00000000,0.00000000,0.00916628,0.10659547,0.00000000,0.00173293,0.00000000,0.00000000,0.00000000,0.00000000,0.00000000,0.00000000,0.00000000,0.00000000,0.00000000,0.00000000,0.00000000,0.00000000,0.06263020,0.00000000,0.00000000,0.00000000,0.00000000,0.00000000,0.00000000,0.00000000,0.00000000,0.00000000,0.00000000,0.00000000,0.00000000,0.00000000,0.00000000,0.00000000,0.00000000,0.00000000,0.00177306,0.00000000,0.01432095,0.00000000,0.00000000,0.00000000,0.00000000,0.00000000,0.00000000,0.00000000,0.00000000,0.00000000,0.00695546,0.00000000,0.00000000,0.00000000,0.00101142,0.00000000,0.00089212,0.27180415,0.02878583,0.00000000,0.00000000,0.00000000,0.00000000,0.00000000,0.00000000,0.00000000,0.00000000,0.00000000,0.00000000,0.00000000,0.00000000,0.00000000,0.00000000,0.00000000,0.00000000,0.00000000,0.00000000,0.00000000,0.00000000,0.00000000,0.00000000,0.00000000,0.00000000,0.01373697,0.00000000,0.00000000,0.00000000,0.00834498,0.00000000,0.00000000,0.00000000,0.00000000,0.00178394,0.00000000,0.00000000,0.07012477,0.00000000,0.00000000,0.00000000,0.00000000,0.00000000,0.00000000,0.01063518,0.00000000,0.00655189,0.00000000,0.00800057,0.01867194,0.00000000,0.00000000,0.00000000,0.00000000,0.00000000,0.01097059,0.00000000,0.00000000,0.00000000,0.01081079,0.00000000,0.00000000,0.00000000,0.00000000,0.11083251,0.00000000,0.00000000,0.00000000,0.00000000,0.00000000,0.00000000,0.02018104,0.00000000,0.00000000,0.00000000,0.00000000,0.00000000,0.00000000,0.00000000,0.00000000,0.00000000,0.00000000,0.00000000,0.00125545,0.00000000,0.00000000,0.00773145,0.00000000,0.00000000,0.00000000,0.00217293,0.00080906,0.00000000,0.00642708,0.00000000,0.00000000,0.00068744,0.00000000,0.00876795,0.00000000,0.00000000,0.00000000,0.00000000,0.00000000,0.00000000,0.00000000,2.16349854,0.00000000,0.01615541,0.00000000,0.00000000,0.00000000,0.00000000,0.84551633,0.00000000,0.00000000,0.00000000,0.01854690,0.00000000,0.00000000,0.00000000,0.00000000,0.00000000,0.00000000,0.00000000,0.00000000,0.00000000,0.00000000,0.00000000,0.00000000,0.01608692,0.00000000,0.00000000,0.00000000,0.00000000,0.00000000,0.00000000,0.00000000,0.00000000,0.00000000,0.00000000,0.00000000,0.00000000,0.00000000,0.00924169,0.00000000,0.00000000,0.00000000,0.00000000,0.00000000,1.36327021,0.00000000,0.00000000,0.03734224,0.00000000,0.00000000,0.00000000,0.00000000,0.00000000,0.00000000,0.00000000,0.00063932,0.00000000,0.00000000,0.01026853,0.00000000,0.00000000,0.00000000,0.00000000,0.00000000,0.00000000,0.00000000,0.00000000,0.00000000,0.29095270,0.00000000,0.00000000,0.00000000,0.00000000,0.00000000,0.01236531,0.00000000,0.00000000,0.00000000,0.00000000,0.00654927,0.00000000,0.00000000,0.00000000,0.00000000,0.00000000,0.00000000,0.00121363,0.00000000,0.00000000,0.00000000,0.00000000,0.00000000,0.00000000,0.00000000,0.00000000,0.00000000,0.00000000,0.00000000,0.00000000,0.00000000,0.00000000,0.00651123,0.00000000,0.00000000,0.00000000,0.00000000,0.00000000,0.00000000,0.00000000,0.00000000,0.00000000,0.00000000,0.00000000,0.00000000,0.31128732,0.00000000,0.00000000,0.89917313,0.00979276,0.00000000,0.00000000,0.00000000,0.00627217,0.00000000,0.49938642,0.00000000,0.00000000,0.00000000,0.00000000,0.00000000,0.00000000,0.00000000,0.00000000,0.00000000,0.00081783,0.00000000,0.00000000,0.00000000,0.00000000,0.00000000,0.00000000,0.00727741,0.01461054,0.00000000,0.00000000,0.00000000,0.00000000,0.00000000,0.00000000,0.00000000,0.00000000,0.00000000,0.00000000,0.00000000,0.00000000,0.00000000,0.00000000,0.00000000,0.00000000,0.00000000,0.00142549,0.00000000,0.00000000,0.00000000,0.00000000,0.00000000,0.00000000,0.00000000
1.73926392,0.00000000,0.00000000,0.00000000,0.00000000,0.00000000,0.00000000,0.00000000,0.00000000,0.00000000,0.00000000,0.00000000,0.00000000,0.00000000,0.03177729,0.00000000,0.00166412,0.00000000,0.00000000,0.00000000,0.00000000,0.00000000,0.00650843,0.00000000,0.00000000,0.00000000,0.01222961,1.75279244,0.00000000,0.00000000,0.00000000,0.05233130,0.00000000,0.00000000,0.00000000,0.00000000,0.00000000,0.00000000,0.00000000,0.00000000,0.07030233,0.00000000,0.00000000,0.00000000,0.00000000,0.00470441,0.31898322,0.00000000,0.00000000,0.00000000,0.00000000,0.00102672,0.00000000,0.00000000,0.00000000,0.00000000,0.00000000,0.00000000,0.00000000,0.00000000,0.00000000,0.00000000,0.00000000,0.00000000,0.00000000,0.00000000,0.00000000,0.00000000,0.00000000,0.00000000,0.00000000,0.00000000,0.00000000,0.00000000,0.00000000,0.00000000,0.00000000,0.00000000,0.00000000,0.00000000,0.00000000,0.08880442,0.00000000,0.00000000,0.00000000,0.00000000,0.00244948,0.00000000,0.00000000,0.00000000,0.00000000,0.00000000,0.00285494,0.00000000,0.00000000,0.02488120,0.00000000,0.00000000,0.00000000,0.00000000,0.00000000,0.00000000,0.00000000,0.00000000,0.00000000,0.00000000,0.00000000,0.00000000,0.00000000,0.00664562,0.00000000,0.00000000,0.00000000,0.00000000,0.00000000,0.00000000,0.00000000,0.00000000,0.00000000,0.00000000,0.00000000,0.00000000,0.00000000,0.00000000,0.00000000,0.00240670,0.00000000,0.00000000,0.00000000,0.00000000,0.00000000,0.00000000,0.00000000,0.00000000,0.00000000,0.00000000,0.00000000,0.00000000,0.00064859,0.00000000,0.00000000,0.00000000,0.00000000,0.00518353,0.00000000,0.00306146,0.00000000,0.00000000,0.00000000,0.00000000,0.00000000,0.00000000,0.00000000,0.00000000,0.00000000,1.44530068,0.00000000,0.00000000,0.00000000,0.00000000,0.00000000,0.00000000,0.00000000,0.00000000,0.00000000,0.00211365,0.00000000,0.00000000,0.00000000,0.00000000,0.00000000,0.00379197,0.00000000,0.00000000,0.00000000,0.00000000,0.00000000,0.00000000,0.00000000,0.00000000,0.00000000,0.00000000,0.00000000,0.00403085,0.00000000,0.00000000,0.00000000,0.00000000,0.00000000,0.00000000,0.00000000,0.00000000,0.00723115,0.00000000,0.00000000,0.78143826,0.00000000,0.00000000,0.00000000,0.00000000,0.00000000,0.00000000,0.00000000,0.00000000,0.00000000,0.00000000,0.00000000,0.00000000,0.00000000,0.00000000,0.00309073,0.00000000,0.00000000,0.00000000,0.00000000,0.00000000,0.00000000,0.00000000,0.12426519,0.00000000,0.00086271,0.00302267,0.00000000,0.01171599,0.00000000,0.00518474,0.00000000,0.00000000,0.02919754,0.00000000,0.00000000,0.00000000,0.00000000,0.00000000,0.00000000,0.00201080,0.00186041,0.00000000,0.00000000,0.00000000,0.00000000,0.00000000,0.33609940,0.00000000,0.00000000,0.03803055,0.00705961,0.00000000,0.00000000,0.02428961,0.00000000,0.00000000,0.00000000,0.00142098,0.00000000,0.00000000,0.00086349,0.00000000,0.00000000,0.00000000,0.00000000,0.00000000,0.00000000,0.00000000,0.01287637,0.00000000,0.00000000,0.00000000,0.00000000,0.00000000,0.00000000,0.00763215,0.00000000,0.00000000,0.00000000,0.00000000,0.00000000,0.00000000,0.00610570,0.00000000,0.00000000,0.00000000,0.00000000,0.00000000,0.00000000,0.00000000,0.00506593,0.00000000,0.00000000,0.00000000,0.01267428,0.00000000,0.00000000,0.00723718,0.00000000,0.00000000,0.00791095,0.00000000,0.00000000,0.00000000,0.00000000,0.00000000,0.00000000,0.00000000,0.00000000,0.00000000,0.00000000,0.00000000,0.00000000,0.00000000,0.00000000,0.00000000,0.00000000,0.00000000,0.00000000,0.00000000,0.00000000,0.01444220,0.00000000,0.00000000,0.00000000,0.00791982,0.00000000,0.00000000,0.00000000,0.00000000,0.00000000,0.00000000,0.00000000,0.00000000,0.00000000,0.00000000,0.00000000,0.00000000,0.00000000,0.00000000,0.00000000,0.00000000,0.00000000,0.00000000,0.00000000,0.00000000,0.00000000,0.00000000,0.00000000,0.24925432,0.00000000,0.00000000,0.01063738,0.00000000,0.01145696,0.00000000,0.00000000,0.02852311,0.00000000,0.00000000,0.00000000,0.00000000,0.00000000,0.00000000,0.00000000,0.00000000,0.00000000,0.00000000,0.00000000,0.00357991,0.00000000,0.00000000,0.00000000,0.00000000,0.00000000,0.00000000,0.00000000,0.00000000,0.00000000,0.00000000,0.00000000,0.00000000,0.00510528,0.00000000,0.00000000,0.00000000,0.00000000,0.00000000,0.00000000,0.00792521,0.00000000,0.00000000,0.00000000,0.00000000,0.00000000,0.00000000,0.00000000,0.00000000,0.00000000,0.00845507,0.00000000,0.00000000,0.00000000,0.00000000,0.00000000,0.00170269,0.00167906,0.00000000,0.00000000,0.00000000,0.00000000,0.00000000,0.01149905,0.00000000,0.00000000,0.00000000,0.00000000,0.00000000,0.00000000,0.01202559,0.00000000,0.00000000,0.00000000,0.00635348,0.00000000,0.00000000,0.00000000,0.00000000,0.00000000,0.00000000,0.00000000,0.00000000,0.00554395,0.00000000,0.00000000,0.00930564,0.00000000,0.00000000,0.00000000,0.00000000,0.00000000,0.00849617,0.00000000,0.00000000,0.00000000,0.00000000,0.00000000,0.00000000,0.00000000,0.00744930,0.00000000,0.00000000,0.00000000,0.00246741,0.00000000,0.00000000,0.00000000,0.00000000,0.00000000,0.02108860,0.00000000,0.00000000,0.00000000,0.00000000,0.00000000,0.00000000,0.00000000,0.00000000,0.00000000,0.00991299,0.00000000,0.00000000,0.47793447,0.00000000,0.00000000,0.00000000,0.00000000,0.00000000,0.00000000,0.00000000,0.00000000,0.00000000,0.00000000,0.00000000,0.00401732,0.00000000,0.00000000,0.01551669,0.00000000,0.00000000,0.00000000,0.00000000,0.00766314,0.00000000,0.00000000,0.00000000,0.00000000,0.00000000,0.00000000,0.05766969,0.00000000,0.00000000,0.00000000,0.00000000,0.00000000,0.00000000,0.00000000,1.08046059,0.00000000,0.00000000,0.00000000,0.00088548,0.00000000,0.00000000,0.00000000,0.00000000,0.00000000,0.00000000,0.00939957,0.00000000,0.00000000,0.00000000,0.00000000,0.00000000,0.00099254,0.00000000,0.00000000,0.00505871,0.00000000,0.00000000,0.00000000,0.00000000,0.00000000,0.00000000,0.00000000,0.05810166,0.00000000,0.00000000,0.00000000,0.00000000,0.00000000,0.00000000,0.00000000,0.00000000,0.00000000,0.00000000,0.00000000,0.00000000,0.00000000,0.00000000,0.00000000,0.00000000,0.00000000,0.00000000,0.00000000,0.00000000,0.00000000,0.00000000,0.00000000,0.01628265,0.00000000,0.00000000,0.00000000,0.00000000,0.00000000,0.00000000,0.03029302,0.00000000,0.12500051,0.00000000,0.00000000,0.00000000,0.00000000,0.00000000,0.00000000,0.00000000,0.00000000,0.00000000,0.00000000,0.00000000,0.00000000,0.00000000,0.00000000,0.00000000,0.00000000,0.00000000,0.00000000,0.04382281,0.00000000,0.00261398,0.00000000,0.00416832,0.00000000,0.00000000,0.00000000,0.00000000,0.00000000,0.00000000,0.00000000,0.00752372,0.00000000,0.00000000,0.00000000,0.00000000,0.00000000,0.00000000,0.00000000,0.00000000,0.00000000,0.00000000,0.00000000,0.00000000,0.00000000,0.00000000,0.00000000,0.00000000,0.00000000,0.00000000,0.00000000,0.00000000,0.00000000,0.00000000,0.00000000,0.05717960,0.00000000,0.00000000,0.00000000,0.00000000,0.00000000,0.00000000,0.00571581,0.00000000,0.00000000,0.00000000,0.00000000,0.00000000,0.00000000,0.00000000,0.00000000,0.00000000,0.00000000,0.00000000,0.01623422,0.00000000,0.00000000,0.00000000,0.00000000,0.00417270,0.04716848,0.00000000,0.00000000,0.00000000,0.00000000,0.00000000,0.00000000,0.00000000,0.00000000,0.00000000,0.00000000,0.00000000,0.00000000,0.00000000,0.00000000,0.00000000,0.00000000,0.00000000,0.00000000,0.00000000,0.00000000,0.00000000,0.06691034,0.01967011,0.00000000,0.00000000,0.00000000,0.18474535,0.21217310,0.00000000,0.00000000,0.00000000,0.00230740,0.00000000,0.00000000,0.26166106,0.06663040,0.00000000,0.00000000,0.00000000,0.00000000,0.00000000,0.00000000,0.00000000,0.00000000,0.00000000,0.00000000,0.00000000,0.00000000,0.00000000,0.00000000,0.00000000,0.00000000,0.00000000,0.00000000,0.00000000,0.00000000,0.00585953,0.00000000,0.00000000,0.00000000,0.00000000,0.00000000,0.00000000,0.00000000,0.00000000,0.00000000,0.00000000,0.00000000,0.00000000,0.00000000,0.00000000,0.00000000,0.00000000,0.00000000,0.94460393,0.00000000,0.00000000,0.00000000,0.00000000,0.00000000,0.00000000,0.00000000,0.00000000,0.00000000,0.00000000,0.00000000,0.00000000,0.00000000,0.00000000,0.00000000,0.00000000,0.00000000,0.00278541,0.00000000,0.00000000,0.00000000,0.00548666,0.00000000,0.00000000,0.00000000,0.00000000,0.00000000,0.00000000,0.00000000,0.00000000,0.00000000,0.00000000,0.00000000,0.00000000,0.00193228,0.00000000,0.00000000,0.03969736,0.00000000,0.05269499,0.01057101,0.00000000,0.00000000,0.02397839,0.00000000,0.00000000,0.00000000,0.00000000,0.00000000,0.00000000,0.00894518,0.00000000,0.00000000,0.00000000,0.00000000,0.00000000,0.00000000,0.00000000,0.00000000,0.00000000,0.00000000,0.00000000,0.00000000,0.00000000,0.00000000,0.00000000,0.00000000,0.00000000,0.00370292,0.00282596,0.00000000,0.00000000,0.00000000,0.00000000,0.03633986,0.00000000,0.00000000,0.97935809,0.00000000,0.00000000
0.00000000,0.00000000,0.00000000,0.00000000,0.00000000,0.00000000,0.00000000,0.00000000,0.00000000,0.00000000,0.00243732,0.00343590,0.00000000,0.00000000,0.00000000,0.00000000,0.00000000,0.00450531,0.00000000,0.00000000,0.00000000,0.00000000,0.00000000,0.00000000,0.00000000,0.00000000,0.00000000,0.00000000,0.00000000,0.03405012,0.00000000,0.01882659,0.00000000,0.00000000,0.00000000,0.00000000,0.00000000,0.00000000,0.00000000,0.00000000,0.00000000,0.00000000,0.00000000,0.00000000,0.00000000,0.00000000,0.00000000,0.00432333,0.00000000,0.00000000,0.00624466,0.00000000,0.00000000,0.35411531,0.00000000,0.00000000,0.00000000,0.00000000,0.00000000,0.00000000,0.00000000,0.01317191,0.01037988,0.00000000,0.02937925,0.00000000,0.00000000,0.00000000,0.00000000,0.00000000,0.00000000,0.00247546,0.00000000,0.00000000,0.00000000,0.00000000,0.00000000,0.00571930,0.00452967,0.00000000,0.00000000,0.00000000,0.00000000,0.02507167,0.00000000,0.00000000,0.00264929,0.00000000,0.00000000,0.00000000,0.00000000,0.00000000,0.00000000,0.02536829,0.03730019,0.00000000,0.00000000,0.00000000,0.00466354,0.00000000,0.03620713,0.00000000,0.00000000,0.00000000,0.00000000,0.00000000,0.59384559,0.00000000,0.00000000,0.00000000,0.00000000,0.00000000,0.00185527,0.00000000,0.00000000,0.00000000,0.00262470,0.00000000,0.00000000,0.00000000,0.00000000,0.00000000,0.00000000,0.00000000,0.00000000,0.00000000,0.03726986,0.00000000,0.00648186,0.00120743,0.00000000,0.00000000,0.00000000,0.00000000,0.00178923,0.00000000,0.19327290,0.00607489,0.00000000,0.00000000,0.00000000,0.00000000,0.00000000,0.00000000,0.00000000,0.00000000,0.00000000,0.00000000,0.00000000,0.00000000,0.00747901,0.28959579,2.31894353,0.03064452,0.00000000,0.00616796,0.00000000,0.00000000,0.00000000,0.00000000,0.00000000,0.00000000,0.00000000,0.00000000,0.00000000,0.00000000,0.00000000,0.00000000,0.00000000,0.00000000,0.00000000,0.11655293,0.00000000,0.28942329,0.00000000,0.00000000,0.00000000,0.00000000,0.00000000,0.00000000,0.00000000,0.00000000,0.00000000,0.00000000,0.00000000,0.00000000,0.00000000,0.00000000,0.00000000,0.00916762,0.00000000,0.00000000,0.00000000,0.00000000,0.00000000,0.00000000,0.04875412,0.02106655,0.00000000,0.00000000,0.11893455,0.00000000,0.00000000,0.00000000,0.00000000,0.00000000,0.00000000,0.00000000,0.00000000,0.00000000,0.00000000,0.00000000,0.00225168,0.00000000,0.00483272,0.00000000,0.00000000,0.00000000,0.00000000,0.00000000,0.00000000,0.00000000,0.00000000,0.00000000,0.00000000,0.00000000,0.00000000,0.00000000,0.00000000,0.00000000,0.00000000,0.00240688,0.00000000,0.00000000,0.00000000,0.00000000,0.00000000,0.00000000,0.00000000,0.00000000,0.00000000,0.00000000,0.00000000,0.00000000,0.00000000,0.00782366,0.00000000,0.00000000,0.05447230,0.00000000,0.00000000,0.00000000,0.00000000,0.00000000,0.00000000,0.00000000,0.00000000,0.00000000,0.00000000,0.00000000,0.00158257,0.00000000,0.00000000,0.00000000,0.00000000,0.00000000,0.04251413,0.00000000,0.00000000,0.00321117,0.01433832,0.00000000,0.00631362,0.00408423,0.00000000,0.00278647,0.00000000,0.00000000,0.00000000,0.00000000,0.00000000,0.00000000,0.00000000,0.00000000,0.00000000,0.00000000,0.00000000,0.00000000,0.00000000,0.00000000,0.00000000,0.00000000,0.00000000,0.00379976,0.00000000,0.00000000,0.00000000,0.00000000,0.00000000,0.00000000,0.00549831,0.00000000,0.00000000,0.00000000,0.00000000,0.01901669,0.00000000,0.00000000,0.00000000,0.00000000,0.00000000,0.00000000,0.00000000,0.00000000,0.00000000,0.00000000,0.00000000,0.00000000,0.00000000,0.00000000,0.00000000,0.00000000,0.00000000,0.00000000,0.00000000,0.00147112,0.00000000,0.01409584,0.00000000,0.00000000,0.00000000,0.00000000,0.00247693,0.00000000,0.00000000,0.00000000,0.00000000,0.00000000,0.00000000,0.00000000,0.00000000,0.04494121,0.00000000,0.00000000,0.00000000,0.00000000,0.00000000,0.00000000,0.00000000,0.00000000,0.00178216,0.00000000,0.00000000,0.00000000,0.00000000,0.00000000,0.00000000,0.00000000,0.00000000,0.00000000,0.00000000,0.00000000,0.00000000,0.00000000,0.00000000,0.00000000,0.00000000,0.00000000,0.00000000,0.00000000,0.01648255,0.00000000,0.00000000,0.00000000,0.00000000,0.00000000,0.65349792,0.00000000,0.00474345,0.00000000,0.00000000,0.00000000,0.00000000,0.00000000,0.00000000,0.05344451,0.00000000,0.00000000,0.00000000,0.00000000,0.00000000,0.00000000,0.00000000,0.00000000,0.00000000,0.00000000,1.08638593,0.00000000,0.00000000,0.00000000,0.00000000,0.00000000,0.00000000,0.00000000,0.00000000,0.00000000,0.00000000,0.00000000,0.00000000,0.00000000,0.00000000,0.00000000,0.00000000,0.00000000,0.00000000,0.00000000,0.00000000,0.00000000,0.00000000,0.00000000,0.00000000,0.00000000,0.00000000,0.00000000,0.00000000,0.00000000,0.00907616,0.00000000,0.01086473,0.00000000,0.00000000,0.00000000,0.00000000,0.01081542,0.00000000,0.00000000,0.00000000,0.00293219,0.00978155,0.00000000,0.00000000,0.00000000,0.00000000,0.00000000,0.00000000,0.00000000,0.00000000,0.00000000,0.00000000,0.00000000,0.00525889,0.00000000,0.00000000,0.00000000,0.01717371,0.00000000,0.00000000,0.00000000,0.00000000,0.00000000,0.00000000,0.00000000,0.00000000,0.00000000,0.00000000,0.00000000,0.00000000,0.00000000,0.00000000,0.00000000,0.00000000,0.00294200,0.00000000,0.04949659,0.00000000,0.00000000,0.00000000,0.00000000,0.00000000,0.00000000,0.00000000,0.00000000,0.00000000,0.00000000,0.00000000,0.00240561,0.01248760,0.00000000,0.00000000,0.00000000,0.00000000,0.00000000,0.00000000,0.00000000,0.00000000,0.00000000,0.00000000,0.00000000,0.00000000,0.00000000,0.00000000,0.03217620,0.00000000,0.00000000,0.00000000,0.00000000,0.00000000,0.05074474,0.00000000,0.00000000,0.00000000,0.00000000,0.00000000,0.00000000,0.00000000,0.00000000,0.01397220,0.00000000,0.00000000,0.00136672,0.02757334,0.00000000,0.00000000,0.00000000,0.00000000,0.00000000,0.00000000,0.00269468,0.00000000,0.00000000,0.00000000,0.00000000,0.00000000,0.00000000,0.00000000,0.00000000,0.00273938,0.00094057,0.00000000,0.45725209,0.00000000,0.03962314,0.00000000,0.00000000,0.00000000,0.00000000,0.00078128,0.00000000,0.00000000,0.02987380,0.00000000,0.00000000,0.00228359,0.00000000,0.00000000,0.00000000,0.00000000,0.00000000,0.00000000,0.00000000,0.00000000,0.09339794,0.00000000,0.00000000,0.00000000,0.00000000,0.00000000,0.00000000,0.00000000,0.00000000,0.00000000,0.00000000,0.00000000,0.00000000,0.00000000,0.00000000,0.00611044,0.03680644,0.00000000,0.00000000,0.00000000,0.00000000,0.00000000,0.00000000,0.00000000,0.00000000,0.00339641,0.00000000,0.00000000,0.00000000,0.13161821,0.00000000,0.00000000,0.00000000,0.00000000,0.00000000,0.00333971,0.00000000,0.00000000,0.00000000,0.00000000,0.00000000,0.00000000,0.00000000,0.00000000,0.00000000,0.00000000,0.00000000,0.00000000,0.00000000,0.00000000,0.00000000,0.00000000,0.01028812,0.00000000,0.00000000,0.00000000,0.00000000,0.00000000,0.00000000,0.00200711,0.00000000,0.03258030,0.00000000,1.08137816,0.00000000,0.00000000,0.00000000,0.00000000,0.00000000,0.00000000,0.00000000,0.00000000,0.00000000,0.00000000,0.00000000,0.00000000,0.00000000,0.00000000,0.00000000,0.00000000,0.00000000,0.00000000,0.00000000,0.01086408,0.00000000,0.00000000,0.00000000,0.00000000,0.00000000,0.00000000,0.00000000,0.00000000,0.00000000,0.00000000,0.00000000,0.00000000,0.00000000,0.00000000,0.00000000,0.00000000,0.00000000,0.00000000,0.00000000,0.00000000,0.00000000,0.00000000,0.00000000,0.00000000,0.00000000,0.00000000,0.00000000,0.00000000,0.00000000,0.00000000,0.00000000,0.00000000,0.00000000,0.00000000,0.00000000,0.00000000,0.00000000,0.00000000,0.00000000,0.02185291,0.00000000,0.00221759,0.00000000,0.00000000,0.00000000,0.00000000,0.00000000,0.00000000,0.05357899,0.00000000,0.01477915,0.02016609,0.00000000,0.00000000,0.00000000,0.00000000,0.00000000,0.00000000,0.00000000,0.00000000,0.00000000,0.00000000,0.00000000,0.00551850,0.00000000,0.00000000,0.00000000,0.00000000,0.00000000,0.00000000,0.00000000,0.00000000,0.00000000,0.01114210,0.00000000,0.00000000,0.00000000,0.00000000,0.00000000,0.00000000,0.00000000,0.00000000,0.00000000,0.00000000,0.00154479,0.00000000,0.00000000,0.00000000,0.00000000,0.00000000,0.00000000,0.00000000,0.00000000,0.00000000,0.00000000,0.00000000,0.00000000,0.00000000,0.00000000,0.00000000,0.00000000,0.00000000,0.00000000,0.00000000,0.00000000,0.00000000,0.00000000,0.00000000,0.00000000,0.00685145,0.00000000,0.00000000,0.00000000,0.00000000,4.31839790,0.00000000,0.00000000,0.00000000,0.00000000,0.00000000,0.00000000,0.00000000,0.00000000,0.00000000,0.00000000,0.00000000,0.00000000,0.00000000,0.00000000,0.00000000,0.00000000,0.00000000,0.00000000,0.00551250,0.00000000,0.00492780,0.00000000,0.00000000,0.01876965,0.00000000,0.00000000,0.00000000,0.00000000,0.00000000,0.00000000,0.00000000,0.00000000,0.00045070,0.00000000,0.00000000,0.00000000,0.00000000,0.00000000,0.00000000,0.00000000
0.00000000,0.00000000,0.00000000,0.00000000,0.00000000,0.00000000,0.00000000,0.00000000,0.00836321,0.00000000,0.00000000,0.00000000,0.00000000,0.00000000,0.00000000,0.00000000,0.00000000,0.00000000,0.00000000,0.00000000,0.00000000,0.00000000,0.00000000,0.00000000,0.31538318,0.00000000,0.00207535,0.00000000,0.00000000,0.00000000,0.00000000,0.00000000,0.03261664,0.00000000,0.00000000,0.00000000,0.00000000,0.00000000,0.00000000,0.00000000,0.00000000,0.00000000,0.00000000,0.00000000,0.00771547,0.00000000,0.00241723,0.00000000,0.00000000,0.00000000,0.00000000,0.00000000,0.00000000,0.00000000,0.00000000,0.00000000,0.00000000,0.00000000,0.00000000,0.00102182,0.00000000,0.00000000,0.04318712,0.00000000,0.00000000,0.00000000,0.00000000,0.00000000,0.00000000,0.00135069,0.00000000,0.00000000,0.00000000,0.00000000,0.00000000,0.00000000,0.00000000,0.00000000,0.00000000,0.00000000,0.00000000,0.00000000,0.00000000,0.00069362,0.00420598,0.00000000,0.00000000,0.00000000,0.00000000,0.00000000,0.00000000,0.02879168,0.00000000,0.00000000,0.00000000,0.10366699,0.01674419,0.00000000,0.00000000,0.00000000,0.00000000,0.00000000,0.00000000,0.01819154,0.00000000,0.00000000,0.00000000,0.00000000,0.00000000,0.00000000,0.00000000,0.00000000,0.00000000,0.00000000,0.00000000,0.00163209,0.00000000,0.00000000,0.00000000,0.00000000,0.00000000,0.00000000,0.00000000,0.00000000,0.00000000,0.00000000,0.00000000,0.00000000,0.00000000,0.00000000,0.00000000,0.00000000,0.00000000,0.00000000,0.00000000,0.00000000,0.00000000,0.00000000,0.03758083,0.00000000,0.00000000,0.00000000,0.00000000,0.00000000,0.00000000,0.00000000,0.00000000,0.00000000,0.00000000,0.00000000,0.00000000,0.00000000,0.00000000,0.00000000,0.00000000,0.00000000,0.00000000,0.00000000,0.00449590,0.00526008,0.00374614,0.00000000,0.00000000,0.00084957,0.00000000,0.05937242,0.02642667,0.00000000,0.00000000,0.00000000,0.14866682,0.00000000,0.01647832,0.00000000,0.00000000,0.00000000,0.00000000,0.00000000,0.00000000,0.00000000,0.00000000,0.00000000,0.00000000,0.00000000,0.00000000,0.00000000,0.00000000,0.00000000,0.00000000,0.00000000,0.01169900,0.00000000,0.00000000,0.00000000,0.00000000,0.00000000,0.00000000,0.00000000,0.00000000,0.00170058,0.04544034,0.00000000,0.00000000,0.01004726,0.00000000,0.00000000,0.00641872,0.00000000,0.00000000,0.00000000,0.00000000,0.00000000,0.00000000,0.00000000,0.00085615,0.15338131,0.00266187,0.00000000,0.00000000,0.00000000,0.00000000,0.00000000,0.00000000,0.00000000,0.00000000,0.00000000,0.00000000,0.00098161,0.01050903,0.00000000,0.00000000,0.06629028,0.00000000,0.00000000,0.00000000,0.00000000,0.00000000,0.00799906,0.00000000,0.00000000,0.00141918,0.00000000,0.00832441,0.00000000,0.00000000,0.00000000,0.00000000,0.00000000,0.00000000,0.00000000,0.00000000,0.00000000,0.00000000,0.00000000,0.00000000,0.00000000,0.00000000,0.00000000,0.00000000,0.00565955,0.00000000,0.00290675,0.00000000,0.00000000,0.00000000,0.00000000,0.00000000,0.00000000,0.00000000,0.02422915,0.00000000,0.00000000,0.00000000,0.00000000,0.00000000,0.00000000,0.00000000,0.08201832,0.00000000,0.00000000,0.00000000,0.00000000,0.00000000,0.00000000,0.00000000,0.00000000,0.00000000,0.00000000,0.00000000,0.00000000,0.09245894,0.00000000,0.00249297,0.02752801,0.00000000,0.00000000,0.00000000,0.00000000,0.00000000,0.00000000,0.00267074,0.00000000,0.00000000,0.00000000,0.00000000,0.00984560,0.00000000,0.00000000,0.00401692,0.00000000,0.00000000,0.00000000,0.00000000,0.00000000,0.00000000,0.00139237,0.00290293,0.00000000,0.00000000,0.00000000,0.00000000,0.00000000,0.00000000,0.00000000,0.00000000,0.00000000,0.00000000,0.00000000,0.00000000,0.00380186,0.00000000,0.00102902,0.00000000,0.00000000,0.00000000,0.00000000,0.00000000,0.00000000,0.00000000,0.00440546,0.00000000,0.00709696,0.00000000,0.00000000,0.05103720,0.00000000,0.00000000,0.06177752,0.00000000,0.00000000,0.00000000,0.00000000,0.00000000,0.00000000,0.00000000,0.00000000,0.00000000,0.00000000,0.00000000,0.00000000,0.00000000,0.00000000,0.00000000,0.00000000,0.00000000,0.00000000,0.00000000,0.00000000,0.00000000,0.00000000,0.00000000,2.18247960,0.00000000,0.00000000,0.00000000,0.00000000,0.00000000,0.00000000,0.00000000,0.00276010,0.00000000,0.00000000,0.00000000,0.00128144,0.00000000,0.00230651,0.00000000,0.00000000,0.00000000,0.00000000,0.00000000,0.00000000,0.00000000,0.00000000,0.00000000,0.00000000,0.00000000,0.00000000,0.00304681,0.00000000,0.00000000,0.00102164,0.00000000,0.01961406,0.00000000,0.00000000,0.00000000,0.00000000,0.00000000,0.00000000,0.00000000,0.00000000,0.00000000,0.00000000,0.00000000,0.00000000,0.00000000,0.00000000,0.00206719,0.00000000,0.00000000,0.00000000,0.00000000,0.03482140,0.00000000,0.00000000,0.00000000,0.00000000,0.00000000,0.00000000,0.00730584,0.00000000,0.00000000,0.00000000,0.00000000,0.00000000,0.00000000,0.00000000,0.00000000,0.00000000,0.11407196,0.00000000,0.00000000,0.00000000,0.00000000,0.00000000,0.00000000,0.00000000,0.00000000,0.00000000,0.00099453,0.00000000,0.00000000,0.00000000,0.00000000,0.00000000,0.00000000,0.00000000,0.00000000,0.00000000,0.12601732,0.00000000,0.00000000,0.00000000,0.00000000,0.00000000,0.00000000,0.00000000,0.00000000,0.00000000,0.00000000,0.00000000,0.06153045,0.00000000,0.00000000,0.00210122,0.00000000,0.00000000,0.00000000,0.00000000,0.00000000,0.00000000,0.00000000,0.00000000,0.00000000,0.00000000,0.00000000,0.00000000,0.00000000,0.00000000,0.00000000,0.00000000,0.00000000,0.00000000,0.00071787,0.00000000,0.00000000,0.00000000,0.00000000,0.00000000,0.00000000,0.00000000,0.00443846,0.00000000,0.00077892,0.00000000,0.00000000,0.00000000,0.00000000,0.00000000,0.00000000,0.00000000,0.00000000,0.00000000,0.00000000,0.00000000,0.00000000,0.00000000,0.00000000,0.00000000,0.00000000,0.00000000,0.00000000,0.00000000,0.00000000,0.00000000,0.00000000,0.00000000,0.00000000,0.00425284,0.00000000,0.00000000,0.00000000,0.00000000,0.00682649,0.00000000,0.02961539,0.00000000,0.00000000,0.00000000,0.00000000,0.00000000,0.00000000,0.00000000,0.00000000,0.00000000,0.04548357,0.32145265,0.00000000,0.00000000,0.00000000,0.00000000,0.00000000,0.00000000,0.22431294,0.00000000,0.00000000,0.00000000,0.00000000,0.00000000,0.05615835,0.00000000,0.00000000,0.00000000,0.00000000,0.00000000,0.00000000,0.00000000,0.00000000,0.00000000,0.00000000,0.00000000,0.00000000,0.00000000,0.01191180,0.00000000,0.00000000,0.00000000,0.00000000,0.00000000,0.00114126,0.00000000,0.00000000,0.00000000,0.00000000,0.00000000,0.00000000,0.00000000,0.00000000,0.00000000,0.00000000,0.00000000,0.00204311,0.00000000,0.00000000,0.00000000,0.00000000,0.00000000,0.00000000,0.00000000,0.00623247,0.00000000,0.00000000,0.00000000,0.00000000,0.00000000,0.00000000,0.00000000,0.00000000,0.00000000,0.00000000,0.00000000,0.00000000,0.00000000,0.11101153,0.00000000,0.00000000,0.00000000,0.00000000,0.00000000,0.00000000,0.00000000,0.00000000,0.00000000,0.00000000,0.00632032,0.00000000,0.00000000,0.00000000,0.00000000,0.00000000,0.00000000,0.00000000,0.00000000,0.00000000,0.00000000,0.00000000,0.00000000,0.00000000,0.00000000,0.00000000,0.00000000,0.00000000,0.00000000,0.00000000,0.00000000,0.00000000,0.00819438,0.00000000,0.00899321,0.00000000,0.00000000,0.00000000,0.00000000,0.00000000,0.00000000,0.00000000,0.00000000,0.00000000,0.00000000,0.00000000,0.00000000,0.00000000,0.00000000,0.00000000,0.00000000,0.00000000,0.00000000,0.00000000,0.00000000,0.00000000,0.00000000,0.00174934,0.00000000,0.00000000,0.02003952,0.00000000,0.00000000,0.00000000,0.00000000,0.00000000,0.00000000,0.00800742,0.00000000,0.00000000,0.00000000,0.00000000,0.00000000,0.00000000,0.36351991,0.00000000,0.00000000,0.00000000,0.00000000,0.00000000,0.00000000,0.00000000,0.00000000,0.00000000,0.00000000,0.00000000,0.02293801,0.00000000,0.00000000,0.00000000,0.00000000,0.00000000,0.00000000,0.00000000,0.00734727,0.05511480,0.01677221,0.00000000,0.00000000,0.08297368,0.00000000,0.00000000,0.00000000,0.00000000,0.00000000,0.00000000,0.00000000,0.00000000,0.00000000,0.00000000,0.00000000,0.11993262,0.00000000,0.00000000,0.00000000,0.00000000,0.01123341,0.00000000,0.00000000,0.02698615,0.00000000,0.00000000,0.00000000,0.00000000,0.00000000,0.00000000,0.00000000,0.00000000,0.00000000,0.00000000,0.00000000,0.04654960,0.00000000,0.00212154,0.00000000,0.00000000,0.00000000,0.00000000,0.00242521,0.00000000,0.00000000,0.00000000,0.00000000,0.00000000,0.00000000,0.00000000,0.00000000,0.00000000,0.00000000,0.00000000,0.24545923,0.00000000,0.00000000,0.00000000,0.00000000,0.00000000,0.00415394,0.00000000,0.00000000,0.00000000,0.00000000,0.00000000,0.00000000,0.00000000,0.00000000,0.00000000,0.00000000,0.06427759,0.00000000,0.00052412,0.00000000,0.00000000,0.00000000,0.00000000,0.00000000,0.05013376,0.00000000,1.38783838,0.00313190,0.00000000,0.01116323,0.00000000,0.00000000,0.03084996,0.00000000
0.00000000,0.01096492,0.00000000,0.00000000,0.25755412,0.00000000,0.00000000,0.00000000,0.00000000,0.00000000,0.00000000,0.00000000,0.00000000,0.00112071,0.00000000,0.00000000,0.00000000,0.00000000,0.00000000,0.00000000,0.00000000,0.00000000,0.00000000,0.00000000,0.00296623,0.00000000,0.02487756,0.00000000,0.00000000,0.00000000,0.00000000,0.00000000,0.00000000,0.00000000,0.00000000,0.00000000,0.00000000,0.00000000,0.00000000,0.00000000,0.00000000,0.00000000,0.00000000,0.00141978,0.00159983,0.00000000,0.00000000,0.00278489,0.00000000,0.00000000,0.00000000,0.00000000,0.00000000,0.00000000,0.00000000,0.04937814,0.00000000,0.00000000,0.00000000,0.00000000,0.00000000,0.00000000,0.00355616,0.00000000,0.00000000,0.00000000,0.00000000,0.00418310,0.00000000,0.00000000,0.02947743,0.00000000,0.00000000,0.00000000,0.01336131,0.15473478,0.00000000,0.00000000,0.00000000,0.00000000,0.00000000,0.00000000,0.01155069,0.00000000,0.00000000,0.00000000,6.13856575,0.00000000,0.00000000,0.00000000,0.00000000,0.00544844,0.00000000,0.00000000,0.00000000,0.00000000,0.00000000,0.00000000,0.00000000,0.03508288,0.00000000,0.00000000,0.00000000,0.00000000,0.00000000,0.00000000,0.00058910,0.00571835,0.00000000,0.00000000,0.00000000,0.00000000,0.00000000,0.00000000,0.00000000,0.00000000,0.00000000,0.00193713,0.00000000,0.00000000,0.00000000,0.00000000,0.00000000,0.00000000,0.00000000,0.00000000,0.00000000,0.00000000,0.00000000,0.00000000,0.00000000,1.01282527,0.00094866,0.00000000,0.00000000,0.00000000,0.02148216,0.00000000,0.00000000,0.00000000,0.00000000,0.00591411,0.00000000,0.00000000,0.00000000,0.00000000,0.00000000,0.00000000,0.00000000,0.00000000,0.00946667,0.00000000,0.00000000,0.00000000,0.00000000,0.00000000,0.00000000,0.00000000,0.00000000,0.00000000,0.00000000,0.00000000,0.01301147,0.00461336,0.00000000,0.00000000,0.00000000,0.00000000,0.00353921,0.00000000,0.00000000,0.00000000,0.00000000,0.00000000,0.00000000,0.00000000,0.00000000,0.00000000,0.00092447,0.00000000,0.00000000,0.00000000,0.00000000,0.00000000,0.00000000,0.00000000,0.00000000,0.00000000,0.00857194,0.00000000,0.00000000,0.00000000,0.00000000,0.00000000,0.00000000,0.00000000,0.00152941,0.00000000,0.00000000,0.00000000,0.00000000,0.00000000,0.00000000,0.00000000,0.02882105,0.00000000,0.00000000,0.00000000,0.00000000,0.00000000,0.00720244,0.00717882,0.00000000,0.00000000,0.00000000,0.00000000,0.00000000,0.00000000,0.00000000,0.00000000,0.00000000,0.00000000,0.00000000,0.00000000,0.00000000,0.00000000,0.00000000,0.00000000,0.00000000,0.00000000,0.00000000,0.00000000,0.01258890,0.00000000,0.00000000,2.81218787,0.00000000,0.00000000,0.00000000,0.01500937,0.08873250,0.00000000,0.00000000,0.01460664,0.00000000,0.00000000,0.00000000,0.00000000,0.00000000,0.00000000,0.00000000,0.00000000,0.00000000,0.00000000,0.00000000,0.00000000,0.00000000,0.00000000,0.00000000,0.00000000,0.05212340,0.00000000,0.00000000,0.00000000,0.00000000,0.00000000,0.00000000,0.00000000,0.00000000,0.00000000,0.00000000,0.00000000,0.00000000,0.00000000,0.00000000,0.00000000,0.00000000,0.00000000,0.00000000,0.00000000,0.00000000,0.00000000,0.00000000,0.00000000,0.00000000,0.00000000,0.00000000,0.00000000,0.00000000,0.01536960,0.00000000,0.00000000,0.00000000,0.00000000,0.00000000,0.00000000,0.00000000,0.00000000,0.00000000,0.00000000,0.00000000,0.00000000,0.00000000,0.00000000,0.04080063,0.00000000,0.00000000,0.00000000,0.04568955,0.00000000,0.00000000,0.01894922,0.00000000,0.00000000,0.00000000,0.00000000,0.00131705,0.00000000,0.00087329,0.00000000,0.00000000,0.00000000,0.00000000,0.00000000,0.00000000,0.00244694,0.00000000,0.00000000,0.00000000,0.00000000,0.00000000,0.00000000,0.00000000,0.00000000,0.00000000,0.00000000,0.00000000,0.00000000,0.00000000,0.04491900,0.00000000,0.00000000,0.00000000,0.00000000,0.00000000,0.00000000,0.00000000,0.00000000,0.00000000,0.01787508,0.00000000,0.00287689,0.00000000,0.00000000,0.00000000,0.00000000,0.00000000,0.00000000,0.00000000,0.00000000,0.00000000,0.00000000,0.00000000,0.00000000,0.01784178,0.00000000,0.00189513,0.00000000,0.00000000,0.00521966,0.00000000,0.00000000,0.00000000,0.00000000,0.00000000,0.00000000,0.00000000,0.00000000,0.00000000,0.00000000,0.00000000,0.00000000,0.00000000,0.00124420,0.00000000,0.00000000,1.07239843,0.00000000,0.00000000,0.00000000,0.00000000,0.00000000,0.00000000,0.00000000,0.00000000,0.00000000,0.00000000,0.00000000,0.00000000,0.00000000,0.00000000,0.00000000,0.00511395,0.00000000,0.00000000,0.00000000,0.00000000,0.00000000,0.00000000,0.00000000,0.32170809,0.00000000,0.00000000,0.00000000,0.00000000,0.00000000,0.00000000,0.00000000,0.00000000,0.00000000,0.00000000,0.00000000,0.00000000,0.00000000,0.00000000,0.00000000,0.00000000,0.00000000,0.00000000,0.00000000,0.00716722,0.00000000,0.00000000,0.00000000,0.00000000,0.00000000,0.00000000,1.41932278,0.06196602,0.00000000,0.00299912,0.01416199,0.00000000,0.00000000,0.00000000,0.00000000,0.00000000,0.09960192,0.00000000,0.00000000,0.00000000,0.00000000,0.00000000,0.00000000,0.00000000,0.00000000,0.00000000,0.00000000,0.00117896,0.00344057,0.00000000,0.00000000,0.00000000,0.00000000,0.06075062,0.00000000,0.00000000,0.00000000,0.00000000,0.00000000,0.00000000,0.00000000,0.00000000,0.00000000,0.00000000,0.00000000,0.00000000,0.00000000,3.23583414,0.00000000,0.00000000,0.00000000,0.01557525,0.00000000,0.00000000,0.00000000,0.00000000,0.00000000,0.00000000,0.00000000,0.00000000,0.00000000,0.02109594,0.00000000,0.00000000,0.00000000,0.00000000,0.00000000,0.00000000,0.00000000,0.00000000,0.14771055,0.00000000,0.00000000,0.00000000,0.00000000,0.00161879,0.00000000,0.00000000,0.02235629,0.00000000,0.00000000,0.00000000,0.01232237,0.00000000,0.00519724,0.00000000,0.00000000,0.00000000,0.00000000,0.00000000,0.00000000,0.00000000,0.00000000,0.00000000,0.00000000,0.00000000,0.00733147,0.00000000,0.00000000,0.00000000,0.00000000,0.00000000,0.00000000,0.00000000,0.00481890,0.02801587,0.00000000,0.00000000,0.00000000,0.00000000,0.01964966,0.00000000,0.00000000,0.00000000,0.00000000,0.00000000,0.00000000,0.00384253,0.00000000,0.00000000,0.00000000,0.00000000,0.00000000,0.00000000,0.00000000,0.00000000,0.00000000,0.00000000,0.00000000,0.00000000,0.00000000,0.00000000,0.00000000,0.00000000,0.00000000,0.00000000,0.00000000,0.00000000,0.00000000,0.00000000,0.00000000,0.00000000,0.00000000,0.00000000,0.00000000,0.00000000,0.00000000,0.02239964,0.00000000,0.00000000,0.00000000,0.00000000,0.00000000,0.02075569,0.00000000,0.00000000,0.00000000,0.00000000,0.00000000,0.00000000,0.00000000,0.00000000,0.00834071,0.00000000,0.00000000,0.00000000,0.00000000,0.00000000,0.00773777,0.00000000,0.00000000,0.00000000,0.00000000,0.00000000,0.00000000,0.00889100,0.01631750,0.00000000,0.00000000,0.00000000,0.05730308,0.00000000,0.00000000,0.00000000,0.00000000,0.00000000,0.00000000,0.00000000,0.00000000,0.01414734,0.00000000,0.00609618,0.01423881,0.00000000,0.00000000,0.00000000,0.00000000,0.00000000,0.00000000,0.00000000,0.00000000,0.00000000,0.00845104,0.00000000,0.00000000,0.00000000,0.00000000,0.00000000,0.00000000,0.00000000,0.00000000,0.00000000,0.00000000,0.00000000,0.00000000,0.02662902,0.00000000,0.00000000,0.00000000,0.00000000,0.00000000,0.00000000,0.00000000,0.00000000,0.00000000,0.00000000,0.00802270,0.37545059,0.00000000,0.00000000,0.00000000,0.00000000,0.00000000,0.00000000,0.00000000,0.00000000,0.00000000,0.00000000,0.00000000,0.00000000,0.00000000,0.02026806,0.00000000,0.00000000,0.00000000,0.02019952,0.00000000,0.00000000,0.06199192,0.00000000,0.00000000,0.00000000,0.00000000,0.00000000,0.00000000,0.00000000,0.00000000,0.00000000,0.02317696,0.00000000,0.00000000,0.00000000,0.00000000,0.00000000,0.00000000,0.00000000,0.00000000,0.00000000,0.00000000,0.00000000,0.00000000,0.00000000,4.20712826,0.00000000,0.00000000,0.00000000,0.00000000,0.00741299,0.00000000,0.00000000,0.00000000,0.00000000,0.00000000,0.00000000,0.00000000,0.00000000,0.00000000,0.00806700,0.00000000,0.00000000,0.00000000,0.00000000,0.00000000,0.00179663,0.00000000,0.00625618,0.00000000,0.01940873,0.01816628,0.00000000,0.00000000,0.00000000,0.00000000,0.00000000,0.00000000,0.00000000,0.00000000,0.01901788,0.01113256,0.00000000,0.00000000,0.00000000,0.67758493,2.34186410,0.00000000,0.00000000,0.00000000,0.01479339,0.00000000,0.00000000,0.00000000,0.00000000,0.00000000,0.00000000,0.00000000,0.00000000,0.00000000,0.00000000,0.00000000,0.00000000,0.00000000,0.00000000,0.00110091,0.00000000,0.00000000,0.00000000,0.00000000,0.00000000,0.00000000,0.00000000,0.03239420,0.00000000,0.00000000,0.00000000,0.00000000,0.00000000,0.00000000,0.00000000,0.00000000,0.00000000,0.00000000,0.00000000,0.00000000,0.00000000,0.00000000,0.00000000,0.00000000,0.00081138,0.00000000,0.00000000,0.00000000,0.00000000,0.00000000,0.00000000,0.00000000,0.02184955,0.00000000,0.00000000,0.00000000
0.00000000,3.73999092,0.00000000,0.00000000,0.00000000,0.00000000,0.00000000,0.00000000,0.00000000,0.00000000,0.00000000,0.00000000,0.00000000,0.00000000,0.00000000,0.00000000,0.00000000,0.00000000,0.00000000,0.00000000,0.00000000,0.00000000,0.00000000,0.00000000,0.01239016,0.00000000,0.00000000,0.00000000,0.00000000,0.00000000,0.00000000,0.83724011,0.00000000,0.00000000,0.00000000,0.00000000,0.00000000,0.00000000,0.00526227,0.00000000,0.00171111,0.00000000,0.00000000,0.00000000,0.00000000,0.00000000,0.00000000,0.00000000,0.00000000,0.00000000,0.01092733,0.00000000,0.00000000,0.00000000,0.00000000,0.00000000,0.00000000,0.00000000,0.00285054,0.00463766,0.07855674,0.01233532,0.01704130,0.00000000,0.00000000,0.00000000,0.00000000,0.00000000,0.00000000,0.00000000,0.00000000,0.00000000,0.00000000,0.00252923,0.00000000,0.00000000,0.07187480,0.00294115,0.00000000,0.03185540,0.00000000,0.01954324,0.20753619,0.00000000,0.00000000,0.35169405,0.00000000,0.00448576,0.00778084,0.00000000,0.00000000,0.00533061,0.00000000,0.00000000,0.00000000,0.00000000,0.00000000,0.00000000,0.00000000,0.00000000,0.00000000,0.00000000,0.00000000,0.00468115,0.00000000,0.00000000,0.00000000,0.00000000,0.00000000,0.00000000,0.04901868,0.00000000,0.01015024,0.00000000,0.00000000,0.00000000,1.32784592,0.00000000,0.00000000,0.00000000,0.00000000,0.00000000,0.00000000,0.00000000,0.00229993,0.00000000,0.00000000,0.00000000,0.00000000,0.00000000,0.00000000,0.00000000,0.00000000,0.00000000,0.00000000,0.00000000,0.00000000,0.00000000,0.00000000,0.00000000,0.00000000,0.00000000,0.04249245,0.00000000,0.00000000,0.00000000,0.00000000,0.00000000,0.00000000,0.00000000,0.00000000,0.00000000,1.30072621,0.00000000,0.00000000,0.00000000,0.00000000,0.00000000,0.00000000,0.00000000,0.00000000,0.00000000,0.00000000,0.00000000,0.00000000,0.00000000,0.00392998,0.00000000,0.00000000,0.05177714,0.00000000,0.00000000,0.00477339,0.00000000,0.00000000,0.00000000,0.00000000,0.00000000,0.00000000,0.00000000,0.00000000,0.00000000,0.00000000,0.00000000,0.00595334,0.00000000,0.00000000,0.00155298,0.00000000,0.00000000,0.00247716,0.00000000,0.00000000,0.00000000,0.00000000,0.00000000,0.00000000,0.00000000,0.00000000,0.00284906,0.00537506,0.00000000,0.00000000,0.00000000,0.00000000,0.00000000,0.00000000,0.00000000,0.00000000,0.00000000,0.00000000,0.00000000,0.00000000,0.00485442,0.00000000,0.00000000,0.00000000,0.00000000,0.00000000,0.00000000,0.00000000,0.00000000,0.00000000,0.00000000,0.00000000,0.00000000,0.00000000,0.00000000,0.03305631,0.00000000,0.00139176,0.00000000,0.00000000,0.00000000,0.00000000,0.00000000,0.00720524,0.00000000,0.00000000,0.03669734,0.00000000,0.00000000,0.00000000,0.00000000,0.00000000,0.00000000,0.42782182,0.00000000,0.00000000,0.00000000,0.00000000,0.00000000,0.00000000,0.00000000,0.00000000,0.00000000,0.00000000,0.00000000,0.02379315,0.00000000,0.00000000,0.00000000,0.00000000,0.00000000,0.00000000,0.00000000,0.00000000,0.00000000,0.00000000,0.08899059,0.00000000,0.00000000,0.00000000,0.03427576,0.00000000,0.00000000,0.00000000,0.00000000,0.00000000,0.00000000,0.00121741,0.00000000,0.00000000,0.00000000,0.00000000,0.00000000,0.00000000,0.00000000,0.00000000,0.00000000,0.00000000,0.03878079,0.00000000,0.00000000,0.00000000,0.00000000,0.00000000,0.00000000,0.00000000,0.00000000,0.00000000,0.00000000,0.04611865,0.00000000,0.00000000,0.00000000,0.00000000,0.00000000,0.00000000,0.00000000,0.00000000,0.00000000,0.00000000,0.00000000,0.00000000,0.00000000,0.00000000,0.00000000,0.00000000,0.00000000,0.00000000,0.00141758,0.00000000,0.00000000,0.00000000,0.00000000,0.00000000,0.00000000,0.00000000,0.00000000,0.00000000,0.00000000,0.01373568,0.00000000,0.00000000,0.00000000,0.00000000,0.00000000,0.11635575,0.00000000,0.00000000,0.00162291,0.00000000,0.00000000,0.00189162,0.00000000,0.00000000,0.00000000,0.04095365,0.00000000,0.00000000,0.00268658,0.38789381,0.00000000,0.00221215,0.00000000,0.00000000,0.00000000,0.00000000,0.00000000,0.00000000,0.00000000,0.00000000,0.00000000,0.00000000,0.00000000,0.00000000,0.00000000,0.00000000,0.00000000,0.00000000,0.00000000,0.00000000,0.00000000,0.00000000,0.00000000,0.00000000,0.00000000,0.00000000,0.00574053,0.00000000,0.14504703,0.00769300,0.33850821,0.00000000,0.00000000,0.00000000,0.00000000,0.00000000,0.00000000,0.00000000,0.00000000,0.00000000,0.00230983,0.00000000,0.00263775,0.00000000,0.00000000,0.00000000,0.00000000,0.00000000,0.00000000,0.00300002,0.00000000,0.00000000,0.00000000,0.00000000,0.00000000,0.00000000,0.00000000,0.00000000,0.00000000,0.00000000,0.00000000,0.00000000,0.00000000,0.00000000,0.00000000,0.00000000,0.13179843,0.00000000,0.00000000,0.00000000,0.00000000,0.00366206,0.00000000,0.00000000,0.00000000,0.00000000,0.00000000,0.00000000,0.00000000,0.00000000,0.00000000,0.00000000,0.00000000,0.00159508,0.00000000,2.22576720,0.00000000,0.00000000,0.00000000,0.00000000,2.15470275,0.00000000,0.00000000,0.00000000,0.00000000,0.00000000,0.00000000,0.00000000,0.00000000,0.00000000,0.09732487,0.00000000,0.00000000,0.00000000,0.00000000,0.00000000,0.00000000,0.00000000,0.00000000,0.00000000,0.00000000,0.00000000,0.00000000,0.00000000,0.00000000,0.00000000,0.00000000,0.00000000,0.00000000,0.00000000,0.00000000,0.00000000,0.00000000,0.00000000,0.00767236,0.00000000,0.00000000,0.00000000,0.00000000,0.00000000,0.00000000,0.00000000,0.00114065,0.00000000,0.00000000,0.00000000,0.00000000,0.00000000,0.00000000,0.00000000,0.00000000,0.00000000,0.00000000,0.00946950,0.00000000,0.00000000,0.00000000,0.00000000,0.00000000,0.00000000,0.00000000,0.00000000,0.00159745,0.00000000,0.02940040,0.00000000,0.00000000,0.00000000,0.00000000,0.79931989,0.00000000,0.00000000,0.00000000,0.00000000,0.00000000,0.01082967,0.00000000,5.30160114,0.00000000,0.00000000,0.00000000,0.00000000,0.00393141,0.00000000,0.00000000,0.00000000,0.00000000,0.00000000,0.00000000,0.00000000,0.00000000,0.00000000,0.00000000,0.00000000,0.00000000,0.00439033,0.00000000,0.00201800,0.00000000,0.00000000,0.00000000,0.00000000,0.00000000,0.00000000,0.00000000,0.00000000,0.02596264,0.00000000,0.00000000,0.00000000,0.00000000,0.00000000,0.00000000,0.00000000,0.00000000,0.06143050,0.00000000,0.00000000,0.00000000,0.00000000,0.00000000,0.00000000,0.00000000,0.00000000,0.00000000,0.00000000,0.00000000,0.00000000,0.01010858,0.00000000,0.00000000,0.00000000,0.00000000,0.00000000,0.00000000,0.00130648,0.00000000,0.00000000,0.00000000,0.00000000,0.00000000,0.00079818,0.00000000,0.00000000,0.00000000,0.00000000,0.00000000,0.00000000,0.00000000,0.00000000,0.00000000,0.00000000,0.00000000,0.00000000,0.00000000,0.00000000,0.00000000,0.00000000,0.00000000,0.00000000,0.01527758,0.00000000,0.00000000,0.00356000,0.00000000,0.00000000,0.00000000,0.00000000,0.00000000,0.00000000,0.05334495,0.00000000,0.00000000,0.00487584,0.00000000,0.03436461,0.05552237,0.00000000,0.00000000,0.00000000,0.00000000,0.00690002,0.80364978,0.00000000,0.00000000,0.00415127,0.00000000,0.03960228,0.00000000,0.00000000,0.00000000,0.00000000,0.01322823,0.00000000,0.00000000,0.00000000,0.00000000,0.00000000,0.00000000,0.00000000,0.00000000,0.00000000,0.00000000,0.00000000,0.00000000,0.00116051,0.00000000,0.00000000,0.00000000,0.00000000,0.00000000,0.00000000,0.00000000,0.00000000,0.00000000,0.00000000,0.00086176,0.00000000,0.00000000,0.00000000,0.00000000,0.00000000,0.00000000,0.00000000,0.00000000,0.00000000,0.00000000,0.00000000,0.06491898,0.00000000,0.00000000,0.00000000,0.02800022,0.00000000,0.00000000,0.00000000,0.00000000,0.00000000,0.00000000,0.00000000,0.00000000,0.00119108,0.00000000,0.00000000,0.00000000,0.00000000,0.00000000,0.00000000,0.00000000,0.00000000,0.00244473,0.00000000,0.00000000,0.00000000,0.00000000,0.00000000,0.00000000,0.00000000,0.00000000,0.00000000,0.00000000,0.00000000,0.00000000,0.00000000,0.00000000,0.00000000,0.00000000,0.00000000,0.00000000,0.16267201,0.00000000,0.00000000,0.00000000,0.00000000,0.00000000,0.00000000,0.00000000,0.00000000,0.00000000,0.00000000,0.00000000,0.00359578,0.00000000,0.00000000,0.00482132,0.00000000,0.00000000,0.00093542,0.00000000,0.00000000,0.00000000,0.00000000,0.00000000,0.00000000,0.00000000,0.00000000,0.00000000,0.00000000,0.00000000,0.00000000,0.00000000,0.03382871,0.00000000,0.00000000,0.00000000,0.00000000,0.02976445,0.00000000,0.00000000,0.00000000,0.00000000,0.06197383,0.00000000,0.00000000,0.00000000,0.00000000,0.00000000,0.00000000,0.00000000,0.00000000,0.00000000,0.00000000,0.00000000,0.00000000,0.00000000,0.00000000,0.00288861,0.00000000,0.00000000,0.00000000,0.00000000,0.00000000,0.00000000,0.00000000,0.00000000,0.00000000,0.00000000,0.00000000,0.00000000,0.00000000,0.00000000,0.00000000,0.00000000,0.00190802,0.00000000,0.00000000,0.00000000,0.00000000,0.14388250,0.00000000,0.08807712,0.00000000,0.00000000,0.00000000,0.00000000,0.00000000,0.00000000
0.00000000,0.00000000,0.01083031,0.00065105,0.00000000,0.00000000,0.00000000,0.00000000,0.00000000,0.00000000,0.00000000,0.00000000,0.00000000,0.00000000,0.00000000,0.00000000,0.00000000,0.00000000,0.01354834,0.00000000,0.00000000,0.00000000,0.00000000,0.00000000,0.02643073,0.00000000,0.00000000,0.00000000,0.00000000,0.00000000,0.00000000,0.00000000,0.00000000,0.00000000,0.00000000,0.05095048,0.00000000,0.00000000,0.00000000,0.00000000,0.00000000,0.00000000,0.00000000,0.00000000,0.00000000,0.00000000,0.00000000,0.00000000,0.00000000,0.01022387,0.00590780,0.00000000,0.00000000,0.00000000,0.00000000,0.00434360,0.00630787,0.00000000,0.00000000,0.00000000,0.00000000,0.00000000,0.00000000,0.00000000,0.00000000,0.00000000,0.00000000,0.00000000,0.00000000,0.00000000,0.00000000,0.00000000,0.00000000,0.00000000,0.01057101,0.00000000,0.00223101,0.00000000,0.03532868,0.00000000,0.00119798,0.00000000,0.00000000,0.00000000,0.00000000,0.00000000,0.00000000,0.00000000,0.00000000,0.00000000,0.00000000,0.00000000,0.00000000,0.00000000,0.00000000,0.06834518,0.00000000,0.00000000,0.00000000,0.00000000,0.04358688,0.00000000,0.00000000,0.00000000,0.00109828,0.00000000,0.00000000,0.00000000,0.00000000,0.00000000,0.00000000,0.00000000,0.00000000,0.00000000,0.00000000,0.00000000,0.00000000,0.00000000,2.51351223,0.00000000,0.25063517,0.00000000,0.00000000,0.00000000,0.00000000,0.00000000,0.00600030,0.00000000,0.01571190,0.00000000,0.00000000,0.00000000,0.00000000,0.00000000,0.00000000,0.00000000,0.00000000,0.00000000,0.00000000,0.00000000,0.00000000,0.00000000,0.00000000,0.00000000,0.00000000,0.00000000,0.00000000,0.00000000,0.00000000,0.00235308,0.00000000,0.00000000,0.00000000,0.00000000,0.00000000,0.00000000,0.00000000,0.00000000,0.03516222,0.00000000,0.00000000,0.00237783,0.00000000,0.00000000,0.00000000,0.00000000,0.00000000,0.00000000,0.00000000,0.00000000,0.00000000,0.00000000,0.00000000,0.03062253,0.00000000,0.04423536,0.00000000,0.00000000,0.00000000,0.00000000,0.00000000,0.00000000,0.00000000,0.00000000,0.00000000,0.00000000,0.00000000,0.00000000,0.00000000,0.00000000,0.00000000,0.00000000,0.00000000,0.00000000,0.00000000,0.00000000,0.00000000,0.00000000,0.00000000,0.00000000,0.00000000,0.00000000,0.00000000,0.00000000,0.00194382,0.00000000,0.00000000,0.00000000,0.00000000,0.00403811,0.00000000,0.00000000,0.00000000,0.01506455,0.00000000,0.00000000,0.00217179,0.00000000,0.00000000,0.00000000,0.00802438,0.00901646,0.00000000,0.00000000,0.00000000,0.00000000,0.00000000,0.00201679,0.00000000,0.00000000,0.00000000,0.00000000,0.00000000,0.00000000,0.00000000,0.00000000,0.00000000,0.00000000,0.00000000,0.00000000,0.00000000,0.00000000,0.00000000,0.00000000,0.00000000,0.00000000,0.00000000,0.00000000,0.00000000,0.00000000,0.00000000,0.00000000,0.03746416,0.00240297,0.00000000,0.00000000,2.74083490,0.00000000,0.00000000,0.00000000,0.00000000,0.00000000,0.00000000,0.00000000,0.00233429,0.00000000,0.00000000,0.00000000,0.00000000,0.00000000,0.00000000,0.00000000,0.00000000,0.00000000,0.03424329,0.00000000,0.01253489,0.00000000,0.00724204,0.01031121,0.00000000,0.00000000,0.00000000,0.00000000,0.00000000,0.01588164,0.00000000,0.00000000,0.00000000,0.02403211,0.00000000,0.00170246,0.00000000,0.02235408,0.00000000,0.00000000,0.00000000,0.00000000,0.00000000,0.00000000,0.00000000,0.00000000,0.00000000,0.00000000,0.00000000,0.01417764,0.00000000,0.00000000,0.07294632,0.00211034,0.00000000,0.00000000,0.00000000,0.00000000,0.00000000,0.00000000,0.00000000,0.00000000,0.00000000,0.00000000,0.00000000,0.00000000,0.00000000,0.00000000,0.00000000,0.00000000,0.00000000,0.00000000,0.41574187,0.00000000,0.00000000,0.00000000,0.00000000,0.00000000,0.00000000,0.00000000,0.00000000,0.00000000,0.00000000,0.00000000,0.00000000,0.00000000,0.00000000,0.00000000,0.00000000,0.00000000,0.00000000,0.04711067,0.00000000,0.00000000,0.00000000,0.07400062,0.00000000,0.00000000,0.00000000,0.00000000,0.03399258,0.00000000,0.00000000,0.00000000,0.00000000,0.00000000,0.00000000,0.00000000,0.00000000,0.00000000,0.00000000,0.00000000,0.00000000,0.00000000,0.00000000,0.00000000,0.00000000,0.01014498,0.01624710,0.00000000,0.00000000,0.00000000,0.00000000,0.00000000,0.00000000,0.00000000,0.00181058,0.00000000,0.00000000,0.00000000,0.00000000,0.00000000,0.01381185,0.00000000,0.00000000,0.00000000,0.00000000,0.00000000,0.00000000,0.26030963,0.00000000,0.00000000,0.00000000,0.00000000,0.00000000,0.00000000,0.00000000,0.00000000,0.00000000,0.00000000,0.00000000,0.00000000,0.00602150,0.00000000,0.00000000,0.00000000,0.00000000,0.00000000,0.00183887,0.00000000,0.00000000,0.00391117,0.00000000,0.00000000,0.00000000,0.00000000,0.00000000,0.00000000,0.00000000,0.00000000,0.00000000,0.00000000,0.00000000,0.00000000,0.00000000,0.00000000,0.00000000,0.00000000,0.00189553,0.00000000,0.00000000,0.00000000,0.00123261,0.00000000,0.00000000,0.00000000,0.00000000,0.00115765,0.03251229,0.00000000,0.00000000,0.00000000,0.00000000,0.00000000,0.00000000,0.00000000,0.00000000,0.00000000,0.00000000,0.00897460,0.00000000,0.00000000,0.00000000,0.00000000,0.00000000,0.00000000,0.00000000,0.00000000,0.00000000,0.00000000,0.00000000,0.00000000,0.00000000,0.00000000,0.00383600,0.00000000,0.00000000,0.01500909,0.00000000,0.00000000,0.00000000,0.00000000,0.00000000,0.00761417,0.00000000,0.00164302,0.00000000,0.00000000,0.00000000,0.00000000,0.09692919,0.00000000,0.00000000,0.00000000,0.00000000,0.00000000,0.00077173,0.00000000,0.00000000,0.00000000,0.00000000,0.00803204,0.00000000,0.00000000,0.00000000,0.00000000,0.00000000,0.00000000,0.00000000,0.00000000,0.00000000,0.00000000,0.00000000,0.00000000,0.00000000,0.00000000,0.02979490,0.00000000,0.00000000,0.00844902,0.00822618,0.00000000,0.00000000,0.00000000,0.00000000,0.00000000,0.00000000,0.00000000,0.00000000,0.00000000,0.00000000,0.00000000,0.00000000,0.00000000,0.00000000,0.00255916,0.00000000,0.00000000,0.00000000,0.00000000,0.03121280,0.00000000,0.00000000,0.00000000,0.00094313,0.00000000,0.00000000,0.00219505,0.00000000,0.00000000,0.00000000,0.00000000,0.02255510,0.00000000,0.00000000,0.00000000,0.00000000,0.00000000,0.00000000,0.00000000,0.00000000,0.00000000,0.00000000,0.00000000,0.00000000,0.00000000,0.00000000,0.00000000,0.00000000,0.00313465,0.00000000,0.00000000,0.08166398,0.00000000,0.00240777,0.00000000,0.00000000,0.00000000,0.00000000,0.00000000,0.00000000,0.00000000,0.03833535,3.46002147,0.00000000,0.00000000,0.00000000,0.00000000,0.15102041,0.00446812,0.00000000,0.00000000,0.00117593,0.00000000,0.00000000,0.00000000,0.00000000,0.00000000,0.00000000,0.00000000,0.00000000,0.00000000,0.00000000,0.00000000,0.02062312,0.00000000,0.00287394,0.00000000,0.00406267,0.00000000,0.00000000,0.00000000,0.00000000,0.00000000,0.00000000,0.00000000,0.00000000,0.00000000,0.00000000,0.00000000,0.00000000,0.00000000,0.00000000,0.00000000,0.00000000,0.00000000,0.00000000,0.00000000,0.00536532,0.00000000,0.00000000,0.00000000,0.00000000,0.00000000,0.00000000,0.00000000,0.00000000,0.00000000,0.00000000,0.00000000,0.00000000,0.00000000,0.00000000,0.00000000,0.00000000,0.00000000,0.00000000,0.00000000,0.00000000,0.00000000,0.00000000,0.00000000,0.00000000,0.00000000,0.01608692,0.00000000,0.00000000,0.00000000,0.00000000,0.00000000,0.00000000,0.00000000,0.00000000,0.00000000,0.00715450,0.00000000,0.00000000,0.00000000,0.00000000,0.13991830,0.00000000,0.00000000,0.00000000,0.00000000,0.01458643,0.00000000,0.00594066,0.00000000,0.00000000,0.00000000,0.00000000,0.00000000,0.02321775,0.00000000,0.00000000,0.00000000,0.03079346,0.00000000,0.00000000,0.00000000,0.00000000,0.00000000,0.00000000,0.00000000,0.08715193,0.00000000,0.00000000,0.00000000,0.00000000,0.00000000,0.00674277,2.63846977,0.00000000,0.00220881,0.00300511,0.00000000,0.00111909,0.00000000,0.00000000,0.00000000,0.00000000,0.00000000,0.00351549,0.00000000,0.00000000,0.00000000,0.00000000,0.00000000,0.00000000,0.00000000,0.00000000,0.00000000,0.00000000,0.00000000,0.00000000,0.00000000,0.00153177,0.00000000,0.00000000,0.01236511,0.02555423,0.00000000,0.00000000,0.00579431,0.00000000,0.00000000,0.00000000,0.00000000,0.00000000,0.00000000,0.00000000,0.00000000,0.00000000,0.00000000,0.00000000,0.00000000,0.00000000,0.00000000,0.00000000,0.00000000,0.00000000,0.00000000,0.00000000,0.00000000,0.00000000,0.00000000,0.00000000,0.00000000,0.00000000,0.00000000,0.00000000,0.00324218,0.00000000,0.00000000,0.00000000,0.00000000,0.00000000,0.00000000,0.00000000,0.00000000,0.00000000,0.00000000,0.00000000,0.00000000,0.00000000,0.00000000,0.09421925,0.00000000,0.00000000,0.00000000,0.00000000,0.00000000,0.01438698,0.00000000,0.01835770,0.00000000,0.00000000,0.00000000,0.00000000,0.00000000,0.00000000,0.00000000,0.00000000,0.00000000,0.00000000,0.00000000,0.00000000,0.00000000,0.00000000,0.00000000,0.00000000,0.00191600,0.00000000,0.00000000
0.00000000,0.00000000,0.00000000,0.00000000,0.00000000,0.01681130,0.00000000,0.00000000,0.00000000,0.00051986,0.00000000,0.00000000,0.00000000,0.00000000,0.00000000,0.00000000,0.00000000,0.00000000,0.00000000,0.00000000,0.00000000,0.00000000,0.00000000,0.00000000,0.00000000,0.00000000,1.37304424,0.00000000,0.00352843,0.00000000,0.00000000,0.00000000,0.00000000,0.00000000,0.00000000,0.00000000,0.00000000,0.00000000,0.00000000,0.00000000,0.06910421,0.00000000,0.00697458,0.00000000,0.00000000,0.00398439,0.00000000,0.00000000,0.00000000,0.00161952,0.00000000,0.00000000,0.00000000,0.00000000,0.00087222,0.00000000,0.00000000,0.00000000,0.00000000,0.00000000,0.00000000,0.91211557,0.00000000,0.00000000,0.00000000,0.00000000,0.00000000,0.00000000,0.00000000,0.00000000,0.00000000,0.00000000,0.00000000,0.00000000,0.00000000,0.00000000,0.00000000,0.00000000,0.00000000,0.00000000,0.00000000,0.00496270,0.00000000,0.00000000,0.00000000,0.00000000,0.00000000,0.00000000,0.00000000,0.00000000,0.00960655,0.00000000,0.00000000,0.00322211,0.00000000,0.00000000,0.00000000,0.00000000,0.00000000,0.00000000,0.00000000,0.00707011,0.02757841,0.00000000,0.00000000,0.00000000,0.00000000,0.00000000,0.07463902,0.00000000,0.02644986,0.00000000,0.00000000,0.00000000,0.00000000,0.00000000,0.00000000,0.00000000,0.00000000,0.00000000,0.00000000,0.00000000,0.00000000,0.07457870,0.00000000,0.00000000,0.00000000,0.00000000,0.00000000,0.00000000,0.00000000,0.00000000,0.00000000,0.00000000,0.00000000,0.00000000,0.00000000,0.05751863,0.00000000,0.00000000,0.00000000,0.00112894,0.00000000,0.00000000,0.00000000,0.00000000,0.00000000,0.00000000,0.00000000,0.00000000,0.00000000,0.00000000,0.00000000,0.00000000,0.00000000,0.00000000,0.00000000,0.00000000,0.00000000,0.00000000,0.00000000,0.00000000,0.00000000,0.00000000,0.00163210,0.00000000,0.00000000,0.00000000,0.00000000,0.00000000,0.00000000,0.00000000,0.00000000,0.00000000,0.00000000,0.00000000,0.00000000,0.00000000,0.00000000,0.00000000,0.00000000,0.00000000,0.00000000,0.00000000,0.00000000,0.00000000,0.00000000,0.00000000,0.00000000,0.00000000,0.00000000,0.00000000,0.00000000,0.00405821,0.00182786,0.00000000,0.00000000,0.00326294,0.00000000,0.00507331,0.00000000,0.00151015,0.00000000,0.00119269,0.00000000,0.00000000,0.00000000,0.00000000,0.00000000,0.00000000,0.00000000,0.00000000,0.00000000,0.00995482,0.00000000,0.00000000,0.00000000,0.00000000,0.00000000,0.00000000,0.00000000,0.00000000,0.00000000,0.00000000,0.00000000,0.00000000,0.00000000,0.00000000,0.00000000,0.03726986,0.00822740,0.00414045,0.00000000,0.00000000,0.00000000,0.00000000,0.00000000,0.00000000,0.00000000,0.00935361,0.00000000,0.00000000,0.00000000,0.00000000,0.01438604,0.00000000,0.00000000,0.00000000,0.00000000,0.00000000,0.00000000,0.00000000,0.00000000,0.00000000,0.00000000,0.00000000,0.19314601,0.00000000,0.00000000,0.00000000,0.00000000,0.00000000,0.00000000,0.00000000,0.00000000,0.00000000,0.00000000,0.01552281,0.00000000,0.00099332,0.00000000,0.05856966,0.00000000,0.00000000,0.01491563,0.00000000,0.00000000,0.00000000,0.00000000,0.00000000,0.00000000,0.00000000,0.00000000,0.00000000,0.00000000,0.00000000,0.00000000,0.00000000,0.04000830,0.00000000,0.00000000,0.00000000,0.00000000,0.00000000,0.00000000,0.01786878,0.00000000,0.00000000,0.00000000,0.00584699,0.00000000,0.00000000,0.00467349,0.01412646,0.00000000,0.00000000,0.00000000,0.00000000,0.00115995,0.00000000,0.00000000,0.06125705,0.00000000,0.00000000,0.00000000,0.00000000,0.00000000,0.00000000,0.00000000,0.00000000,0.00000000,0.00000000,0.00000000,0.00000000,0.00000000,0.00000000,0.00000000,0.02314711,0.00000000,0.00000000,0.00000000,0.00000000,0.00000000,0.00000000,0.00000000,0.00000000,0.00000000,0.00000000,0.00000000,0.00909098,0.00000000,0.00684877,0.00000000,0.00000000,0.00000000,0.00000000,0.00000000,0.00000000,0.00000000,0.00000000,0.00000000,0.00000000,0.00000000,0.00000000,0.00000000,0.00000000,0.00000000,0.00111417,0.00000000,0.00000000,0.00000000,0.00768135,0.00000000,0.00000000,0.01257662,0.00000000,0.00000000,0.00000000,0.00000000,0.00000000,0.00000000,0.00000000,0.00000000,0.00000000,0.01448920,0.00000000,0.00000000,0.00000000,0.01651511,0.00000000,0.00000000,0.00000000,0.00000000,0.00000000,0.00000000,0.00000000,1.24917895,0.00000000,0.00000000,0.00000000,0.00000000,0.00055755,0.00000000,0.00000000,0.00000000,0.00000000,0.02147480,0.00000000,0.00000000,0.00460340,0.00000000,0.00000000,0.00000000,0.00000000,0.00000000,0.05525394,0.00000000,0.00000000,0.00000000,0.00000000,0.00000000,0.00000000,0.00000000,0.00000000,0.07073791,0.00000000,0.00000000,0.00000000,0.00000000,0.00000000,0.00301192,0.00000000,0.01233022,0.00000000,0.00000000,0.00059712,0.00000000,0.03234794,2.36414108,0.00000000,0.00000000,0.00000000,0.00000000,0.00356137,0.00000000,0.00000000,0.00509290,0.00000000,0.00000000,0.00000000,0.00000000,0.00000000,0.00000000,0.00381423,0.10055287,0.00000000,0.00287266,0.00000000,0.00000000,0.00000000,0.00000000,0.00000000,0.00206051,0.00000000,0.00000000,0.00000000,0.00000000,0.00000000,0.00000000,0.00000000,2.07819616,0.00000000,0.04767025,0.00000000,0.00000000,0.00573360,0.00000000,0.00000000,0.00000000,0.00000000,0.00000000,0.00000000,0.00000000,0.00000000,0.00000000,0.00000000,0.00000000,0.00000000,0.00000000,0.00000000,0.00000000,0.00000000,0.00000000,0.00000000,0.00000000,0.00000000,0.00000000,0.00000000,0.00000000,0.00000000,0.00637423,0.00000000,0.00000000,0.00000000,0.00000000,0.00000000,0.00000000,0.17150377,0.00000000,0.00000000,0.00000000,0.00000000,0.00000000,0.00000000,0.00000000,0.00000000,0.00000000,0.00000000,0.00000000,0.00000000,0.00000000,0.02057078,0.01848466,0.00000000,0.00000000,0.00089093,0.00000000,0.00000000,0.00000000,0.00000000,0.00642362,0.02384887,0.00000000,0.00000000,0.00000000,0.00000000,0.00000000,0.00000000,0.00000000,0.00000000,0.00000000,0.00000000,0.00000000,0.00000000,0.00000000,0.00000000,0.00000000,0.00000000,0.00000000,0.00000000,0.00000000,0.00000000,1.82296188,0.00000000,0.00000000,0.00000000,0.00000000,0.05471109,0.00000000,0.00000000,0.00000000,0.00000000,0.00000000,0.00000000,0.00000000,0.00000000,0.00000000,0.00000000,0.00000000,0.00000000,0.00000000,0.00000000,0.00000000,0.00000000,0.00000000,0.00000000,0.00000000,0.00000000,0.00000000,0.00000000,0.01262318,0.00000000,0.00000000,0.00000000,0.00000000,0.00000000,0.00000000,0.00000000,0.00000000,0.00802137,0.00000000,0.00000000,0.00000000,0.00000000,0.00000000,0.00000000,0.00000000,0.00000000,0.00000000,0.00000000,0.01517091,0.00000000,0.00000000,0.00000000,0.00000000,0.00000000,0.00000000,0.00000000,0.00000000,0.00906525,0.00000000,0.00000000,0.00000000,0.00000000,0.00000000,0.00000000,0.01592266,0.00000000,0.00000000,0.00000000,0.00856195,0.00000000,0.00314872,0.00000000,0.00000000,0.00000000,0.00000000,0.00000000,0.00000000,0.00000000,0.00000000,0.00000000,0.00000000,0.03497164,0.00000000,0.00431979,0.00000000,0.00000000,0.00000000,0.00000000,0.00000000,0.00419155,0.00000000,0.00000000,0.00000000,0.00000000,0.00000000,0.00000000,0.00000000,0.00000000,0.06294093,0.00000000,0.00000000,0.00000000,0.00155450,0.01059196,0.00000000,0.00000000,0.00000000,0.00249191,0.00000000,0.00000000,0.00000000,0.00000000,0.00802270,0.00000000,0.00000000,0.00000000,0.01812068,0.00000000,0.00000000,0.00000000,0.00000000,0.00000000,0.00000000,0.00000000,0.00000000,0.00000000,0.00000000,0.00000000,0.00000000,0.00000000,0.00000000,0.00000000,0.00335799,0.00000000,0.54518699,0.00000000,0.00000000,0.01722967,0.00000000,0.00000000,0.00000000,0.00000000,0.00000000,0.03716712,0.00000000,0.00000000,0.00000000,0.00000000,0.00000000,0.00000000,0.00000000,0.00000000,0.00000000,0.00000000,0.00255365,0.02091548,0.00000000,0.00000000,0.00000000,0.00000000,0.00000000,0.00000000,0.00000000,0.00000000,0.00000000,0.00000000,0.00267719,0.00000000,0.00000000,0.00000000,0.00000000,0.00000000,0.00000000,0.00000000,0.00000000,0.00000000,0.00000000,0.00000000,0.00000000,0.00000000,0.01885044,0.00000000,0.00495124,0.00000000,0.00000000,0.00000000,0.00000000,0.00000000,0.00000000,0.00123003,0.00000000,0.00000000,0.00000000,0.00000000,0.00000000,0.00000000,0.00000000,0.00000000,0.00095169,0.00000000,0.00000000,0.00000000,0.00000000,0.00000000,0.00000000,0.00000000,0.00000000,0.00000000,0.00000000,0.00000000,0.00000000,0.00000000,0.97588839,0.00750319,0.00000000,0.00000000,0.00000000,0.00000000,0.00000000,0.00000000,0.00000000,0.00000000,0.00000000,0.03504328,0.00000000,0.00000000,0.00000000,0.00000000,0.00000000,0.00000000,0.00000000,0.00000000,0.01093496,0.00000000,0.00000000,0.00000000,0.00000000,0.00000000,0.00000000,0.00000000,0.00000000,0.00000000,0.00000000,0.00000000,0.00000000,0.00000000,0.00971444,0.00000000,0.00000000,0.00000000,0.00000000,0.00000000,0.00000000,0.00000000,0.00000000,0.00000000,0.00000000,0.00000000
0.00197828,0.00788848,0.00000000,0.00000000,0.00000000,0.00000000,0.00000000,0.00000000,0.00000000,0.00000000,0.00953570,0.00000000,0.00000000,0.00415863,0.00000000,0.00000000,0.00000000,0.00561751,0.00000000,0.00000000,0.00000000,0.00000000,0.00000000,0.00000000,0.00000000,0.00000000,0.00000000,0.00000000,0.00478674,0.00000000,0.00000000,0.00000000,0.00000000,0.00000000,0.00000000,0.00338952,0.00000000,0.00000000,0.00000000,0.00000000,0.00000000,0.00000000,0.00000000,0.00000000,0.00000000,0.00000000,0.00000000,0.00000000,0.00000000,0.00000000,0.00000000,0.00000000,0.00000000,0.00000000,0.00000000,0.00000000,0.00000000,0.00000000,0.00000000,0.00000000,0.00000000,0.00000000,0.00000000,0.00000000,0.00000000,0.00000000,0.00000000,0.00000000,0.00000000,0.00000000,0.00433729,0.00000000,0.00000000,0.00000000,0.00161016,0.00000000,0.00000000,0.00000000,0.02085462,0.00000000,0.00000000,0.00000000,0.00000000,0.00000000,0.00000000,0.00000000,0.00000000,0.00000000,0.00000000,0.00000000,0.00000000,0.14063901,0.00000000,0.01341533,0.00174676,0.00000000,0.01607420,0.00000000,0.00000000,0.00000000,0.00000000,0.00000000,0.02962070,0.00000000,0.00000000,0.00000000,0.00000000,0.01831684,0.00000000,0.00000000,0.00000000,0.00000000,0.00000000,0.00373795,0.00000000,0.00000000,0.00000000,0.00000000,0.00000000,0.14561522,0.00000000,0.00000000,0.00000000,0.00227292,0.00000000,0.00000000,0.00000000,0.00000000,0.00000000,0.02156957,0.00000000,0.00000000,0.02194694,0.00000000,0.00000000,0.00000000,0.00000000,0.01533979,0.00000000,0.00000000,0.00000000,0.00000000,0.00000000,0.00000000,0.00872453,0.00000000,0.00000000,0.00422551,0.00000000,0.00000000,0.00000000,0.00000000,0.00000000,0.00000000,0.00000000,0.00000000,0.00000000,0.00000000,0.00000000,0.00000000,0.00000000,0.00943218,0.00000000,0.00124819,0.08793059,0.00000000,0.00000000,0.00000000,0.00000000,0.00000000,0.00000000,0.00000000,0.00000000,0.00000000,0.00000000,0.00000000,0.00000000,0.00000000,0.00000000,0.00000000,0.00000000,0.00000000,0.00000000,0.00000000,0.00000000,0.00000000,0.00000000,0.00000000,0.00000000,0.00000000,0.00000000,0.00000000,0.00000000,0.00000000,0.00000000,0.00000000,0.00000000,0.00000000,0.00000000,0.00000000,0.00000000,0.00000000,0.00000000,0.00000000,0.00000000,0.00000000,0.00000000,0.00000000,0.00000000,0.00000000,0.00000000,0.00000000,0.00000000,0.00000000,0.00000000,0.00000000,0.00000000,0.00000000,0.00000000,0.00000000,0.05493015,0.00000000,0.00000000,0.02084945,0.00000000,0.00000000,0.00380934,0.00000000,0.00000000,0.00000000,0.00000000,0.00157500,0.00000000,0.00000000,0.02474588,0.00205387,0.00000000,0.00000000,0.00000000,0.00000000,0.00000000,0.00000000,0.00000000,0.00000000,0.00000000,0.00000000,0.00000000,0.00000000,0.00000000,0.00000000,0.00000000,0.00000000,0.00000000,0.00248445,0.00000000,0.00000000,0.00000000,0.00000000,0.00850674,0.00000000,0.00162727,0.00000000,0.00495124,0.00000000,0.00000000,0.00000000,0.00000000,0.00000000,0.00000000,0.00558242,0.00000000,0.00000000,0.00000000,0.00000000,0.00000000,0.00000000,0.00000000,0.00000000,0.00000000,0.00207170,0.00000000,0.00000000,0.00000000,0.00000000,0.00000000,0.00000000,0.00000000,0.00000000,0.00000000,0.00000000,0.00000000,0.01572575,0.00000000,0.00000000,0.00000000,0.00000000,0.00000000,0.00000000,0.00000000,0.00000000,0.00000000,0.00000000,0.00000000,2.54870322,0.00000000,0.00000000,0.00000000,0.00000000,0.00000000,0.00000000,0.00000000,0.00000000,0.00000000,0.00000000,0.00000000,0.00000000,0.00000000,0.00000000,0.00000000,0.01007411,0.00000000,0.00000000,0.00000000,0.00000000,0.00000000,0.00000000,0.00000000,0.00000000,0.00000000,0.00000000,0.00000000,0.00000000,0.00000000,0.00000000,0.00000000,0.00000000,0.00000000,0.00000000,0.00000000,0.00000000,0.00000000,0.00000000,0.00000000,0.00000000,0.00000000,0.00000000,0.00000000,0.00000000,0.00207268,0.00000000,0.00000000,0.00000000,0.00000000,0.00000000,0.00000000,0.00000000,0.00000000,0.00000000,2.03859495,0.00000000,0.00000000,0.00000000,0.00000000,0.00149341,0.00000000,0.00000000,0.12576690,0.00000000,0.06355794,0.02701982,0.00000000,0.00725746,0.00000000,0.00201490,0.00000000,0.00000000,0.00837124,0.00000000,0.00000000,0.00000000,0.00000000,0.00000000,0.00000000,0.00000000,0.00000000,0.00000000,0.02526818,0.00000000,0.00000000,0.00000000,1.23955555,0.00000000,0.00000000,0.01495093,0.02683178,0.00000000,0.00000000,0.00000000,0.00000000,0.00085285,0.00000000,0.00000000,0.00000000,0.00000000,0.00000000,0.00000000,0.00000000,0.00000000,0.00000000,0.00000000,0.04883351,0.00000000,0.00099441,0.00000000,0.32922287,0.00000000,0.00000000,0.00000000,0.00000000,0.00000000,0.00000000,0.00000000,1.22867469,0.00000000,0.00000000,0.00000000,0.00000000,0.00000000,0.00000000,0.00000000,0.00000000,0.00000000,0.00000000,0.00000000,0.00000000,0.00000000,0.00000000,0.00000000,0.00000000,0.00000000,0.00000000,0.00000000,0.00000000,0.00000000,0.00000000,0.00000000,0.00000000,0.00000000,0.01323259,0.00000000,1.94081628,0.00873557,0.00000000,0.00000000,0.00000000,0.00000000,0.00000000,0.00000000,0.00000000,0.00000000,0.00000000,0.00000000,0.00000000,0.00000000,0.00000000,0.00000000,0.00000000,0.00000000,0.00000000,0.00000000,0.00000000,0.00155767,0.00000000,0.00000000,0.00000000,0.00000000,0.00000000,0.00000000,0.00000000,0.00000000,0.00000000,0.00000000,0.00000000,0.00000000,0.00000000,0.00000000,0.00000000,0.00000000,0.00000000,0.00000000,0.00000000,0.00000000,0.00000000,0.00000000,0.00000000,0.00000000,0.00000000,0.00000000,0.00000000,0.00000000,0.00000000,0.00000000,0.00413945,0.00000000,0.00000000,0.00000000,0.00000000,0.00652602,0.00000000,0.00000000,0.00000000,0.00000000,0.00138119,0.00000000,0.00000000,0.00000000,0.00000000,0.00000000,0.00000000,0.00000000,0.00000000,0.00000000,0.00000000,0.00000000,0.00000000,0.00000000,0.00000000,0.00000000,0.00000000,0.00000000,0.00000000,0.00000000,0.00000000,0.00000000,0.00000000,0.00000000,0.00000000,0.00000000,0.00000000,0.00000000,0.04844458,0.00000000,0.00000000,0.12990439,0.24811383,0.02096910,0.00000000,0.00000000,1.09043096,0.01691182,0.00000000,0.00000000,0.00504722,0.00000000,0.00000000,0.00000000,0.00177823,0.00000000,0.00000000,0.01991385,0.00000000,0.00000000,0.00000000,0.00000000,0.00000000,0.00603141,0.00000000,0.00000000,0.00000000,0.01895659,0.00000000,0.00000000,0.00255066,0.00000000,0.00000000,0.00000000,0.00000000,0.00000000,0.00000000,0.00000000,0.00000000,0.00000000,0.00000000,0.00000000,0.00000000,0.00000000,0.00000000,0.00000000,0.00000000,0.00000000,0.00000000,0.00000000,0.00699155,0.00000000,0.00000000,0.02250690,0.00000000,0.00000000,0.00000000,0.00000000,0.00000000,0.00000000,0.00000000,0.00000000,0.00066572,0.00000000,0.00000000,0.00000000,0.00000000,0.00000000,0.00000000,0.00000000,0.00000000,0.01465144,0.00000000,0.00000000,0.00000000,0.00000000,0.00000000,0.00000000,0.00000000,0.00000000,0.00000000,0.00000000,0.00000000,0.00000000,0.00000000,0.00000000,0.00000000,0.00000000,0.00000000,0.12510433,0.00174925,0.12088101,0.00000000,0.00465449,0.00000000,0.00581534,0.00000000,0.00000000,0.00000000,0.00321552,0.04253096,0.00000000,0.00000000,0.00000000,0.00000000,0.02928129,0.00902879,0.00324005,0.00000000,0.00000000,0.00000000,0.00000000,0.37545059,0.00000000,0.00000000,0.01812068,0.00000000,0.00000000,0.00000000,0.00000000,0.00000000,0.07692310,0.00000000,0.00000000,0.01678140,0.00000000,0.01809636,0.00000000,0.00000000,0.00000000,0.00000000,0.00000000,0.00000000,0.00000000,0.00000000,0.00000000,0.00000000,0.00000000,0.00000000,0.00000000,0.00000000,0.00000000,0.00000000,0.00000000,0.00000000,0.00000000,0.02950333,0.47563372,0.00000000,0.00000000,0.00000000,0.00000000,0.00000000,0.00000000,0.00000000,0.00000000,0.00000000,0.00000000,0.00000000,0.00000000,0.00000000,0.00000000,0.00000000,0.00000000,0.00000000,0.00000000,0.00000000,0.00000000,0.00000000,0.00000000,0.00000000,0.00000000,0.00000000,0.00143299,0.00000000,0.00000000,0.00000000,0.00000000,0.00000000,0.00000000,0.00000000,0.00000000,0.00000000,0.00926176,0.00469896,0.00000000,0.00000000,0.00000000,0.00000000,0.00000000,0.00000000,0.00000000,0.00000000,0.00000000,0.00000000,0.00000000,0.00000000,0.00000000,0.00000000,0.00000000,0.00078108,0.00479015,0.00000000,0.00000000,0.00000000,0.00000000,0.00000000,2.13269106,0.00000000,0.00000000,0.00000000,0.01603785,0.00319418,0.00000000,0.00000000,0.00000000,0.00000000,0.00000000,0.00000000,0.00214074,0.00000000,0.00000000,0.01676121,0.00000000,0.00000000,0.00000000,0.00000000,0.00000000,0.00000000,0.00000000,0.00000000,0.00000000,0.00000000,0.00000000,0.00000000,0.00320782,0.00000000,0.11614580,0.00000000,0.00000000,0.00000000,0.00000000,0.00000000,0.00000000,0.00000000,0.00000000,0.00000000,0.00671368,0.00000000,0.00000000,0.04185729,0.00000000,0.00000000,0.00000000,0.00000000,0.00000000,0.00000000,0.00000000
0.00000000,0.00000000,0.00000000,0.00000000,0.00159516,0.00000000,0.00000000,0.00000000,0.00000000,0.00000000,0.00000000,0.15734342,0.00000000,0.21110360,0.00000000,0.00000000,0.00000000,0.00000000,0.00000000,0.00000000,0.00000000,0.00082338,0.00000000,0.00000000,0.00000000,0.00000000,0.00000000,0.00000000,0.00000000,0.03110907,0.00000000,0.00000000,0.00000000,0.00000000,0.00000000,0.00000000,0.00000000,0.00000000,0.00000000,0.00000000,0.00000000,0.00000000,0.00000000,0.00000000,0.00000000,0.00000000,0.00000000,0.00000000,1.31426754,0.00000000,0.00000000,0.00000000,0.00000000,0.00836276,0.00000000,0.00000000,0.00000000,0.00000000,0.00000000,0.00000000,0.00700351,0.00000000,0.02056741,0.00208730,0.00000000,0.00000000,0.00000000,0.00000000,0.00000000,0.00000000,0.00000000,0.00800876,0.00000000,0.00000000,0.00000000,0.00204983,0.00000000,0.00000000,0.00000000,0.00000000,0.00000000,0.00000000,0.00795947,0.00000000,0.00000000,0.00000000,0.00000000,0.00000000,0.00000000,0.00000000,0.00000000,0.00000000,0.00000000,0.00000000,0.00000000,0.00000000,0.00000000,0.00000000,0.00000000,0.02989971,0.00000000,0.01806270,0.00000000,0.00000000,0.00000000,0.01431813,0.00000000,0.00344159,0.00000000,0.00000000,0.00000000,0.00000000,0.00000000,0.00000000,0.00000000,0.00000000,0.00000000,0.00000000,0.00000000,0.00000000,0.00000000,0.00000000,0.00000000,0.00000000,0.01112510,0.00000000,0.00000000,0.00000000,0.00000000,0.00000000,0.00000000,0.00000000,0.00000000,0.00459739,0.00000000,0.00000000,0.00000000,0.00000000,0.00000000,0.00000000,0.05904055,0.00000000,0.00000000,0.00000000,0.00000000,0.00000000,0.00000000,0.00000000,0.00000000,0.00000000,0.00000000,0.00000000,0.00294031,0.00000000,0.00000000,0.00781384,0.00000000,0.00000000,0.00000000,0.00000000,0.00000000,0.00000000,0.00000000,0.00000000,0.00000000,0.00000000,0.00000000,0.00000000,0.00000000,0.00000000,0.00000000,0.00000000,0.00000000,0.00000000,0.00000000,0.00000000,0.01088073,0.00000000,0.00000000,0.05775455,0.00000000,0.02152565,0.15403292,0.00000000,0.00000000,0.00000000,0.01217868,0.00000000,0.00000000,0.00000000,0.00000000,0.00000000,0.00000000,0.00000000,0.00000000,0.00000000,0.00000000,0.00000000,0.02163987,0.00000000,0.00000000,0.00000000,0.00000000,0.00000000,0.00000000,0.00000000,0.00000000,0.00000000,0.00000000,0.01510016,0.00994710,0.00000000,0.00000000,0.00000000,0.00000000,0.00000000,0.00000000,0.00000000,0.00000000,0.00000000,0.00000000,0.00000000,0.00000000,0.00000000,0.00000000,0.00000000,0.00000000,0.00000000,0.00000000,0.00000000,0.00073065,0.06971514,0.00000000,0.00000000,0.00000000,0.00000000,0.03257600,0.02520536,0.00108597,0.01077353,0.00140608,0.00000000,0.00000000,0.00000000,0.00000000,0.00000000,0.00000000,0.00070456,0.00000000,0.00000000,0.00000000,0.01254613,0.00000000,0.00000000,0.00000000,0.00000000,0.00000000,0.00000000,0.00000000,0.00000000,0.00000000,0.00000000,0.00000000,0.00251858,0.00000000,0.00000000,0.00000000,0.00000000,0.00695476,0.00000000,0.00000000,0.00000000,0.00000000,0.00000000,0.00000000,0.01577197,0.00000000,0.00000000,0.00000000,0.01140941,0.00000000,0.00000000,0.00000000,0.00000000,0.00000000,0.00000000,0.00000000,0.00000000,0.00000000,0.00000000,0.00055832,0.00000000,0.00000000,0.00924923,0.00000000,0.00000000,0.03379413,0.00000000,0.00000000,0.00000000,0.00000000,0.00000000,0.00000000,0.00000000,0.00000000,0.00000000,0.00000000,0.00000000,0.00000000,0.00000000,0.00000000,0.00000000,0.00000000,0.00238373,0.00000000,0.00089325,0.00000000,0.00000000,0.00000000,0.00000000,0.00000000,0.00000000,0.04655000,0.00000000,0.00000000,0.00000000,0.00000000,0.07778620,0.00000000,0.00000000,0.00000000,0.00000000,0.00000000,0.00000000,0.00000000,0.00000000,0.00000000,0.00699892,0.00000000,0.00000000,0.00221474,0.00000000,0.00000000,0.00000000,0.00000000,0.00000000,0.00000000,0.00000000,0.05749664,0.00000000,0.00000000,0.00000000,0.00000000,0.00000000,0.00163373,0.00000000,0.00000000,0.00000000,0.00000000,0.00000000,0.00000000,0.00000000,0.00000000,0.00560465,0.00000000,0.00000000,0.00000000,0.00000000,0.00000000,0.00000000,0.01095327,0.00000000,0.01714494,0.00000000,0.00000000,0.00000000,0.00000000,0.00000000,0.00000000,0.00939179,0.00000000,0.01269221,0.00000000,0.00000000,0.00000000,0.00000000,0.00000000,0.00000000,0.00802370,0.00000000,0.00000000,0.00000000,0.00000000,0.00000000,0.00000000,0.00000000,0.00000000,0.00941994,0.00000000,0.00214541,0.00000000,0.00000000,0.00000000,0.01078031,0.00000000,0.00000000,0.00000000,0.00000000,0.00000000,0.00000000,0.00000000,0.00615705,0.00000000,0.00000000,0.00000000,0.00000000,0.00000000,0.00000000,0.00000000,0.00000000,0.00000000,0.01652166,0.02878791,0.00000000,0.00000000,0.00000000,0.00000000,0.00000000,0.00000000,0.00000000,0.00806998,0.00000000,0.00000000,0.00000000,0.00000000,0.00173201,0.00000000,0.00000000,0.00000000,0.00000000,0.00000000,0.00969886,0.00000000,0.00000000,0.00000000,0.00000000,0.00000000,0.00196397,0.00000000,0.00000000,0.00000000,0.00000000,0.00000000,0.00000000,0.00000000,0.00000000,0.00000000,0.00000000,0.00000000,0.00000000,0.00000000,0.00000000,0.00000000,0.00000000,0.00000000,0.00000000,0.00000000,0.00000000,0.00000000,0.00000000,0.00000000,0.00000000,0.00000000,0.00000000,0.00000000,0.00000000,0.00000000,0.00606132,0.00000000,0.00000000,0.00000000,0.00000000,0.00000000,0.00000000,0.00000000,0.00000000,0.01160139,0.00000000,0.00000000,0.00000000,0.00000000,0.00000000,0.00000000,0.00000000,0.00000000,0.00000000,0.00000000,0.00000000,0.00000000,2.49834091,0.00000000,0.00000000,0.00000000,0.00000000,0.00000000,0.00000000,0.00354604,0.00000000,0.00205397,0.00551362,0.00000000,0.00000000,0.00000000,0.00000000,0.00000000,0.00000000,0.00000000,0.00000000,0.00000000,0.04852687,0.00000000,0.00000000,0.00000000,0.00000000,0.02618140,0.00000000,0.00325966,0.00000000,0.00000000,0.00000000,0.69579920,0.00000000,0.00000000,0.00000000,0.00000000,0.00000000,0.00000000,0.00000000,0.00000000,0.00000000,0.00000000,0.00000000,0.00742737,0.00000000,0.00000000,0.00000000,0.00000000,0.00000000,0.00000000,0.00000000,0.00000000,0.00000000,3.92083656,0.00000000,0.00000000,0.00000000,0.00000000,0.00000000,0.00000000,0.00000000,0.00000000,0.05723150,0.00000000,0.00000000,0.00000000,0.00000000,0.00000000,0.00000000,0.00000000,0.00000000,0.00000000,0.00000000,0.00000000,0.00000000,0.00000000,0.00000000,0.00000000,0.00000000,0.00000000,0.00000000,0.00000000,0.00000000,0.00000000,0.00000000,0.00000000,0.00000000,0.00000000,0.00242141,0.00000000,0.00000000,0.00000000,0.00000000,0.02347511,0.00000000,0.00000000,0.00000000,0.00000000,0.00000000,0.03535364,0.00000000,0.02500426,0.00074132,0.00000000,0.00000000,0.00000000,0.00000000,0.00000000,0.00000000,0.00000000,0.01170248,0.00000000,0.00000000,0.00000000,0.00000000,0.01839676,0.04952094,0.00000000,0.00000000,0.00000000,0.00000000,0.00000000,0.00461071,0.00375338,0.00000000,0.00000000,0.00176505,0.00000000,0.00000000,0.00000000,0.00000000,0.00000000,0.00000000,0.00000000,0.00000000,0.00000000,0.00000000,0.00000000,0.00000000,0.00000000,0.00000000,0.00000000,0.00000000,0.00000000,0.00000000,0.00000000,0.00000000,0.09482090,0.00000000,0.00000000,0.00179528,0.00000000,0.00000000,0.00000000,0.00000000,0.00000000,0.00086176,0.00000000,0.00000000,0.00000000,0.00000000,0.00000000,0.00000000,0.00000000,0.00000000,0.00000000,0.00000000,0.00000000,0.00000000,0.00000000,0.40460517,0.00000000,0.00000000,0.00000000,0.00000000,0.00000000,0.00000000,0.00000000,0.00000000,0.00000000,0.00000000,0.00277866,0.00000000,0.00000000,0.00000000,0.00307845,0.00000000,0.00000000,0.00000000,0.00000000,0.00000000,0.00000000,0.00000000,0.00000000,0.00000000,0.00000000,0.00000000,0.00000000,0.00000000,0.00000000,0.00464392,0.00000000,0.03496607,0.00000000,0.00000000,0.00841491,0.00000000,0.00000000,0.00072681,0.00000000,0.00000000,0.00000000,0.00000000,0.00000000,0.00000000,0.00000000,0.00000000,0.00000000,0.00000000,0.00000000,0.00000000,0.00000000,0.00000000,0.00000000,0.00000000,0.00000000,0.00000000,0.00000000,0.00000000,0.00000000,0.00000000,0.00000000,0.00000000,0.00000000,0.00000000,0.00278544,0.00000000,0.00000000,0.00000000,0.00000000,0.00000000,0.00000000,0.00000000,0.00000000,0.00715393,0.00000000,0.00000000,0.00000000,0.00000000,0.00000000,0.00000000,0.00000000,0.03203510,0.00000000,0.00000000,0.00000000,0.02064130,0.00000000,0.00000000,0.00000000,0.00000000,0.00219505,0.00000000,0.00000000,0.00000000,0.05070423,0.00000000,0.00000000,0.00000000,0.00000000,0.00000000,0.00000000,0.00000000,0.00000000,0.00000000,0.00000000,0.00000000,0.00000000,0.00000000,0.00754570,0.00000000,0.00000000,0.00000000,0.00000000,0.00000000,0.00000000,0.00000000,0.00000000,0.02048207,0.10452900,0.00000000,0.00000000,0.00000000,0.00000000,0.00096155,0.00000000,0.00000000,0.00000000,0.00000000,0.00000000,0.00000000
0.00000000,0.00000000,0.00000000,0.00000000,0.00000000,0.00000000,0.00000000,0.00000000,0.00491259,0.00000000,0.00545550,0.00000000,0.00000000,0.00000000,0.00000000,0.00000000,0.00000000,0.00000000,0.01135328,0.00000000,0.00000000,0.00000000,0.00000000,0.00000000,0.02953301,0.00000000,0.00760338,0.00000000,0.01598585,0.00000000,0.00000000,0.00000000,0.00000000,0.00000000,3.14383362,0.00000000,0.00000000,0.00000000,0.00000000,0.00000000,0.00000000,0.08500848,0.00000000,0.00000000,0.00000000,0.00000000,0.00000000,0.00000000,0.00000000,0.00000000,0.00000000,0.00688471,0.00000000,0.00000000,0.00000000,0.00000000,0.00000000,0.00000000,0.00000000,0.00000000,0.00000000,0.00000000,0.00000000,0.00000000,0.00000000,0.00000000,0.00000000,0.00000000,0.00000000,0.00000000,0.00000000,0.00000000,0.00000000,0.00000000,0.00000000,0.00000000,0.00000000,0.00344958,0.00000000,0.00000000,0.00000000,0.00000000,0.00000000,0.00000000,0.00000000,0.00000000,0.00000000,0.00000000,0.00000000,0.00000000,0.00000000,0.00000000,0.00000000,0.00767179,0.00000000,0.00000000,0.00000000,0.00000000,0.00000000,0.00641999,0.00000000,0.00000000,0.00000000,0.00000000,0.00000000,0.02894145,0.00000000,0.00061086,0.13220682,0.00000000,0.00000000,0.00000000,0.00234427,0.00000000,0.00000000,1.26243307,0.00000000,0.00000000,0.00000000,0.00000000,0.00000000,0.00000000,0.00000000,0.00000000,0.00000000,0.00000000,0.00000000,0.00000000,0.00000000,0.00000000,0.00000000,0.00000000,0.00000000,0.00000000,0.00000000,0.00000000,0.00000000,0.00000000,0.00000000,0.00000000,0.02167684,0.00000000,0.00000000,0.00000000,0.00000000,0.00000000,0.00000000,0.01960350,0.00000000,0.00000000,0.00000000,0.01567408,0.00000000,0.00000000,0.00000000,0.00000000,0.00000000,0.00000000,0.00000000,0.00000000,0.00000000,0.00000000,0.00000000,0.00000000,0.00000000,0.00000000,0.00000000,0.00000000,0.00000000,0.00000000,0.00000000,0.00000000,0.00000000,0.00000000,0.00000000,0.00000000,0.00000000,0.00000000,0.00000000,0.00000000,0.00000000,0.00073309,0.00000000,0.00000000,0.00000000,0.00000000,0.00000000,0.00000000,0.10930376,0.00000000,0.00636469,0.00000000,0.00000000,0.00000000,0.02763135,0.00000000,0.09913816,0.00000000,0.00000000,0.00000000,0.00000000,0.00000000,0.00000000,0.00000000,0.00000000,0.00000000,0.00000000,0.00000000,0.00000000,0.00000000,0.00000000,0.00000000,0.00000000,0.00000000,0.00000000,0.00000000,0.00000000,0.00215967,0.00000000,0.00000000,0.00000000,0.00000000,0.00000000,0.00000000,0.00000000,0.00000000,0.00000000,0.04566441,0.00000000,0.00000000,0.00000000,0.00000000,0.00000000,0.00000000,0.00000000,0.00000000,0.00000000,0.00000000,0.00000000,0.00000000,0.00170687,0.00000000,0.00000000,0.00000000,0.00000000,0.00000000,0.00000000,0.00000000,0.00000000,0.00000000,0.11948619,0.00000000,0.00000000,0.00000000,0.00000000,0.00000000,0.00000000,0.00000000,0.00000000,0.00000000,0.04193088,0.00000000,0.00000000,0.00000000,0.00298516,0.00000000,0.00000000,0.00000000,0.00000000,0.00000000,0.00000000,0.00000000,0.00000000,0.00000000,0.00000000,0.00000000,0.05519659,0.00000000,0.00000000,0.00596342,0.00000000,0.03543494,0.00000000,0.00000000,0.00000000,0.00000000,0.00684357,0.00000000,0.00000000,0.00378353,0.00000000,0.00000000,0.00000000,0.00000000,0.00000000,0.00000000,0.00000000,0.00000000,0.00000000,0.00000000,0.00000000,0.00000000,0.00000000,0.01461391,0.00000000,0.00000000,0.00000000,0.00000000,0.00000000,0.00000000,0.00000000,0.29467439,0.00000000,0.00000000,0.00000000,0.00000000,0.00072080,0.00000000,0.00000000,0.00000000,0.00000000,0.00000000,0.00000000,0.00000000,0.00000000,0.05756624,0.00000000,0.00000000,0.00000000,0.02666200,0.00135630,0.00205315,0.00000000,0.00000000,0.00000000,0.02847154,0.00000000,0.00000000,0.00000000,0.00000000,0.00000000,0.00000000,0.00000000,0.00740304,0.00000000,0.00000000,0.00000000,0.09923887,0.00915974,0.00000000,0.01301858,0.00000000,0.00000000,0.00000000,0.00000000,0.00483125,0.00000000,0.00000000,0.00000000,0.00000000,0.00000000,0.00000000,0.00000000,0.00000000,0.00000000,0.00000000,0.00000000,0.12758749,0.00000000,0.00000000,0.00000000,0.00000000,0.00000000,0.00000000,0.00000000,0.00000000,0.00000000,0.00137886,0.00108539,0.00000000,0.00000000,0.00000000,0.00000000,0.00000000,0.00000000,0.00000000,0.00000000,0.00000000,0.00000000,0.00000000,0.00000000,0.00000000,0.00000000,0.00000000,0.00000000,0.00000000,0.00000000,0.00000000,0.00000000,0.00000000,0.00000000,0.00000000,0.00000000,0.00000000,0.00000000,0.00000000,0.00000000,0.00000000,0.00251116,0.00000000,0.00000000,0.00000000,0.00000000,0.00000000,0.00000000,0.00000000,0.00000000,0.00000000,0.00000000,0.00000000,0.00000000,0.00000000,0.00000000,0.00247100,0.03045764,0.00000000,0.00000000,0.02183718,0.00000000,0.00000000,0.00000000,0.00000000,0.01721241,0.00000000,0.00000000,0.00000000,0.00000000,0.00000000,0.00000000,0.00000000,0.00000000,0.00468148,0.00000000,0.00000000,0.00592487,0.00000000,0.00000000,0.00000000,0.00000000,0.00000000,0.00000000,0.00000000,0.00000000,0.00000000,0.00000000,0.00000000,0.00000000,0.00000000,0.00000000,0.00000000,0.00000000,0.00000000,0.00491409,0.00000000,0.00667958,0.00000000,0.00000000,0.18829415,0.00000000,0.00000000,0.00000000,0.00000000,0.00000000,0.00000000,0.00000000,0.00000000,0.00000000,0.00000000,0.00000000,0.00000000,0.00000000,0.00000000,0.00000000,0.00000000,0.02384279,0.00000000,0.00000000,0.00000000,0.00832110,0.00000000,0.00000000,0.00000000,0.00000000,0.00859581,0.00000000,0.00000000,0.00000000,0.00000000,0.00000000,0.00000000,0.00000000,0.00000000,0.00000000,0.00000000,0.00000000,0.00344060,0.00000000,0.00000000,0.00000000,0.00000000,0.00000000,0.00000000,0.00000000,0.00000000,0.01113117,0.03302289,0.00000000,0.00000000,0.00000000,0.00000000,0.00000000,0.01230749,0.00000000,0.00000000,0.00000000,0.00000000,0.00000000,0.00000000,0.00000000,0.00000000,0.00000000,0.00463813,0.00000000,0.00000000,0.00000000,0.00173889,0.05841750,0.00000000,0.00000000,0.00000000,0.00000000,0.00000000,0.01512836,0.00000000,0.00000000,0.00000000,0.00000000,0.00467584,0.00000000,0.00000000,0.00000000,0.00000000,0.00000000,0.00000000,0.00000000,0.00000000,0.00000000,0.00000000,0.00000000,0.00000000,0.00000000,0.02287704,0.00000000,0.00000000,0.00000000,0.00000000,0.00000000,0.00000000,0.00103468,0.00000000,0.00000000,0.00000000,0.00000000,0.00000000,0.00000000,0.00000000,0.20140990,0.00000000,0.00000000,0.00000000,0.00000000,0.01191662,0.00499502,0.00000000,0.00000000,0.00000000,0.00000000,0.65115700,0.00000000,0.15670156,0.00000000,0.00000000,0.00000000,0.00000000,0.00000000,0.00000000,0.00000000,0.02290935,0.00000000,0.00000000,0.00000000,0.00000000,0.00000000,0.00000000,0.00000000,0.86975372,0.00000000,0.02300443,0.00000000,0.00000000,0.00000000,0.00000000,0.00000000,0.00000000,0.19559610,0.00000000,0.00000000,0.00000000,0.00392540,0.00000000,0.00000000,0.00000000,0.00000000,0.00000000,0.00000000,0.00000000,0.00000000,0.03820228,0.00767870,0.00000000,0.00000000,0.00000000,0.17208729,0.00000000,0.00000000,0.00000000,0.00000000,0.00000000,0.00428587,0.03199651,0.00000000,0.00000000,0.00000000,0.00000000,0.00000000,0.00000000,0.00000000,0.00000000,0.00000000,0.00000000,0.00000000,0.00000000,0.00000000,0.00000000,0.00000000,0.00000000,0.00715450,0.00000000,0.00000000,0.00000000,0.00000000,0.00000000,0.00000000,0.00000000,0.00000000,0.00000000,0.00000000,0.00000000,0.00000000,0.03522362,0.00000000,0.00796670,0.00000000,0.00000000,0.00000000,0.00000000,0.00000000,0.94475582,0.00000000,0.00000000,0.00000000,0.00000000,0.01982731,0.00000000,0.00000000,0.00000000,0.00000000,0.00000000,0.00000000,0.05572908,0.00000000,0.00000000,0.00000000,0.00000000,0.00000000,0.00000000,0.00000000,0.00000000,0.00000000,0.00000000,0.00000000,0.00000000,0.00000000,0.00000000,0.00000000,0.00000000,0.00000000,0.00000000,0.04241567,2.20088716,0.00280086,0.00000000,0.00000000,0.01809173,0.00000000,0.00000000,0.00000000,0.00000000,0.01413239,0.00000000,0.00000000,0.00000000,0.01779878,0.02205339,0.00000000,0.00711362,0.00104859,0.00000000,0.00000000,0.00000000,0.00000000,0.00000000,0.00000000,0.00000000,0.00000000,0.00000000,0.00000000,0.00000000,0.00000000,0.00000000,0.00000000,0.00000000,0.00000000,0.00000000,0.00000000,0.00000000,0.00000000,0.00000000,0.00000000,0.00000000,0.00000000,0.00000000,0.00000000,0.00000000,0.00153745,0.00000000,0.00000000,0.00000000,0.00000000,0.04956506,0.00000000,0.00000000,0.00000000,0.00382194,0.00000000,0.00000000,0.00000000,0.00000000,0.00000000,0.00000000,0.00000000,0.25014029,0.00000000,0.00000000,0.00000000,0.00846464,0.00000000,0.00000000,0.00000000,0.00000000,0.00000000,0.00000000,0.00000000,0.00000000,0.00000000,0.00000000,0.00000000,0.00000000,0.00000000,0.00000000,0.04754123,0.00000000,0.00000000,0.00000000,0.00000000,0.00000000,0.00561725,0.00000000,0.00000000,0.00225279
0.00000000,0.00000000,0.00000000,0.00000000,0.00000000,0.00000000,0.00000000,0.00000000,0.00000000,0.00000000,0.00000000,0.00000000,0.00000000,0.00000000,0.00000000,0.00000000,0.00000000,0.00000000,0.00000000,0.00000000,1.66837459,0.00000000,0.00000000,0.00000000,0.00000000,0.00000000,0.00000000,0.00000000,0.02478805,0.00000000,0.00000000,0.00000000,0.00000000,0.00000000,0.00000000,0.00000000,0.00000000,0.00680390,0.00000000,0.00000000,0.00202103,0.09452202,0.00000000,0.00000000,0.00000000,0.00526427,0.00000000,0.00000000,0.00000000,0.00000000,0.00000000,0.00000000,0.00000000,0.00000000,0.00545619,0.00000000,0.00000000,0.00000000,0.00000000,0.00000000,0.00000000,0.12994115,0.00000000,0.00000000,0.00000000,0.00189937,0.00000000,0.00000000,0.00000000,0.00113820,0.00000000,0.00000000,0.00000000,0.00000000,0.00000000,0.00000000,0.00000000,0.00000000,0.01964414,0.00000000,0.00000000,0.00000000,0.00000000,0.00000000,0.00000000,0.00000000,0.00000000,0.00000000,0.00000000,0.00000000,0.00000000,0.00000000,0.00000000,0.00000000,0.00000000,0.00000000,0.00000000,1.19708159,0.00000000,0.00000000,0.00000000,0.00105957,0.00000000,0.00000000,0.00000000,0.00000000,0.00000000,0.00000000,0.00000000,0.00302901,0.00000000,0.02060319,0.00710260,0.00000000,0.00000000,0.00000000,0.00000000,0.00000000,0.00000000,0.00000000,0.01033151,0.00000000,0.00000000,0.00000000,0.00000000,0.00000000,0.00000000,0.00000000,0.00000000,0.00000000,0.10546570,0.00000000,0.00238067,0.00000000,0.00000000,0.00000000,0.04017762,0.00000000,0.01920976,0.00000000,0.00000000,0.00000000,0.00000000,0.01077729,0.00000000,0.00583596,0.00000000,0.00000000,0.00000000,0.00000000,0.00000000,0.00000000,0.00000000,0.00000000,0.00181884,0.00000000,0.00000000,0.00000000,0.00000000,0.00000000,0.00000000,0.00000000,0.00093907,0.01281731,0.00000000,0.00000000,0.00000000,0.00000000,0.00000000,0.00406194,0.00000000,0.00000000,0.00476051,0.00000000,0.00000000,0.00000000,0.03977652,0.00000000,0.00000000,0.00000000,0.00000000,0.05928816,0.00081062,0.00000000,0.00000000,0.00851527,0.00000000,0.00000000,0.00000000,0.00000000,0.00000000,0.00000000,0.00000000,0.00000000,0.05753423,0.00000000,0.00000000,0.00000000,0.00000000,0.00000000,0.00000000,0.00000000,0.00965993,0.00000000,0.00000000,0.00000000,0.00000000,0.00000000,0.00712352,0.00000000,0.05225948,0.00000000,0.00000000,0.00000000,0.00000000,0.00000000,0.00000000,0.00000000,0.00382969,0.00000000,0.00000000,0.00000000,0.00000000,0.00000000,0.00000000,0.00000000,0.00000000,0.00000000,0.00000000,0.00000000,0.00000000,0.00000000,0.00000000,0.00000000,0.00000000,0.00000000,0.00000000,0.00000000,0.00000000,0.00000000,0.02000350,0.00000000,0.00000000,0.00000000,0.00000000,0.11265623,0.00000000,0.00000000,0.00000000,0.00000000,0.00000000,0.00000000,0.00000000,0.00000000,0.02646794,0.00000000,0.00388119,0.00000000,0.00000000,0.00000000,0.00000000,0.00000000,0.00000000,0.00000000,0.08106304,0.00000000,0.01203128,0.00000000,0.00000000,0.00000000,0.00000000,0.00000000,0.00000000,0.00000000,0.00000000,0.00000000,0.00000000,0.00000000,0.00000000,0.00000000,0.00000000,0.00000000,0.00000000,0.00000000,0.00000000,0.00000000,0.00000000,0.00000000,0.00000000,0.00000000,0.00000000,0.00337871,0.00000000,0.00125260,0.00000000,0.00000000,0.00000000,0.00000000,0.00000000,0.00000000,0.00000000,0.05359581,0.00000000,0.00000000,0.00000000,0.00000000,0.01870290,0.00000000,0.00000000,0.00000000,0.00425376,0.00000000,0.00000000,0.00000000,0.00000000,0.00000000,0.00000000,0.00000000,0.00000000,0.00000000,0.00000000,0.00000000,0.00000000,0.00000000,0.00000000,0.00530902,0.00000000,0.00000000,0.00000000,0.00000000,0.00000000,0.00000000,0.00108141,0.00000000,0.00000000,0.00000000,0.00000000,0.00867219,0.00000000,0.00000000,0.00000000,0.01133460,0.00000000,0.00000000,0.00000000,0.01114639,0.01608652,0.00000000,0.00000000,0.00000000,0.00000000,0.00000000,0.00000000,0.00000000,0.00000000,0.00000000,0.00000000,0.00000000,0.02843802,0.01318169,0.00000000,0.01281266,0.00000000,0.00000000,0.00000000,0.00000000,0.00000000,0.00126108,0.00000000,0.00000000,0.00000000,0.00000000,0.02538716,0.00000000,0.00406470,0.00000000,0.00000000,0.00000000,0.00000000,0.00000000,0.00000000,0.00000000,0.00000000,0.01166220,0.00000000,0.00000000,0.00000000,0.00000000,0.00000000,0.00000000,0.00000000,0.00000000,0.00000000,0.00000000,0.00743714,0.00000000,0.00000000,0.06979245,0.00000000,0.00000000,0.00000000,0.00000000,0.00000000,0.00000000,0.00000000,0.00000000,0.01179954,0.00125275,0.00000000,0.00000000,0.00000000,0.00000000,0.00000000,0.00000000,0.53469317,0.00000000,0.00000000,0.00000000,0.00000000,0.00000000,0.00000000,0.00000000,0.00000000,0.00000000,0.00000000,0.00000000,0.00000000,0.00000000,0.00000000,0.00000000,0.00800085,0.00000000,0.00000000,0.00000000,0.00000000,0.00000000,0.00544677,0.00000000,0.00000000,0.00000000,0.00000000,0.00000000,0.00000000,0.00000000,0.00000000,0.00000000,0.00000000,0.00000000,0.00000000,0.01604217,0.00000000,0.00000000,0.00000000,0.00000000,0.00000000,0.00000000,0.00000000,0.00000000,0.00000000,0.30008026,0.00000000,0.00000000,0.00000000,0.00000000,0.00000000,0.00000000,0.00000000,0.00000000,0.00000000,0.00000000,0.00000000,0.00000000,0.00000000,0.00000000,0.00000000,0.00000000,0.00000000,0.00000000,0.00000000,0.00486051,0.00070823,0.00000000,0.00000000,0.00000000,0.00000000,0.00000000,0.00365470,0.00000000,0.00000000,0.00000000,0.00000000,0.00145869,0.00000000,0.00000000,0.00000000,0.00000000,0.00581804,0.00000000,0.00000000,0.00000000,0.00000000,0.00000000,0.00000000,0.00000000,0.00000000,0.00000000,0.00000000,0.00724406,0.05599769,0.00000000,0.00000000,0.00000000,0.00000000,0.00000000,0.02940636,0.00000000,0.00000000,0.00000000,0.00000000,0.00000000,0.00000000,0.02774696,0.00000000,0.00000000,0.00000000,0.00000000,0.00000000,0.00000000,0.00000000,0.00000000,0.00000000,0.00000000,0.00000000,0.00000000,0.00000000,0.00000000,0.00107406,0.00000000,0.00000000,0.00000000,0.00000000,0.00000000,0.00000000,0.00000000,0.00000000,0.00000000,0.03084051,0.00000000,0.00890172,0.00000000,0.00000000,0.02729755,0.00000000,0.00000000,0.00057642,0.00000000,0.00000000,0.00000000,0.00000000,0.00000000,0.00000000,0.00000000,0.00000000,0.00000000,0.00000000,0.00000000,0.00000000,0.00000000,0.00000000,0.00000000,0.00000000,0.00000000,0.00000000,0.02745212,0.00000000,0.00000000,0.00000000,0.00000000,0.00000000,0.04968574,0.00542324,0.00000000,0.00000000,0.00000000,0.00000000,0.00000000,0.00000000,0.00000000,0.00000000,0.00000000,0.00000000,0.00000000,0.00000000,0.00000000,0.00000000,0.00000000,0.00000000,0.00000000,0.00000000,0.00000000,0.00000000,0.00000000,1.17204569,0.00000000,0.00000000,0.00000000,0.00000000,0.00000000,0.00000000,0.00000000,0.00000000,0.00000000,0.00000000,0.00000000,0.00000000,0.00129634,0.00000000,0.00000000,0.00000000,0.00000000,0.00000000,0.01222053,0.00000000,0.00000000,0.00000000,0.00000000,0.00000000,0.00000000,0.08191957,0.00000000,0.04145885,0.00000000,0.00000000,0.00000000,0.00000000,0.00000000,0.00000000,0.00000000,0.00000000,0.00000000,0.00000000,0.00000000,0.04413875,0.00000000,0.00000000,0.00000000,0.00264699,0.00000000,0.00000000,0.01066232,0.00000000,0.00000000,0.00000000,0.00000000,0.00000000,0.00000000,0.00000000,0.00000000,0.00000000,0.00000000,0.00000000,0.00000000,0.00000000,0.00284765,0.00000000,0.00000000,0.00000000,0.00000000,0.00000000,0.00000000,0.00000000,0.00000000,0.00000000,0.00000000,0.00000000,0.00000000,0.00000000,0.00000000,0.00000000,0.00000000,0.00120784,0.00000000,0.00000000,0.00000000,0.00000000,0.00000000,0.00000000,0.00000000,0.00000000,0.00000000,0.00000000,0.00000000,0.00000000,0.00000000,0.00000000,0.00000000,0.00000000,0.00000000,0.00000000,0.00000000,0.00399428,0.00000000,0.00000000,0.00000000,0.00000000,0.00000000,0.00000000,0.00000000,0.00000000,0.00000000,0.00000000,0.00305188,0.00000000,0.00000000,0.00000000,0.00000000,0.00000000,0.00000000,0.00000000,0.00000000,0.00000000,0.00000000,0.00000000,0.00000000,0.00000000,0.00000000,0.00000000,0.00000000,0.00000000,0.00000000,0.00000000,0.00000000,0.00000000,0.00000000,0.00000000,0.00305054,0.00000000,0.00000000,0.00000000,0.00000000,0.00000000,0.00000000,0.00000000,0.00000000,0.00000000,0.00000000,0.00000000,0.00000000,0.00000000,0.00000000,0.00000000,0.00000000,0.00000000,0.00601074,0.01169333,0.00000000,0.00000000,0.17976223,0.00000000,0.00000000,0.00000000,0.00000000,0.00000000,0.00000000,0.00000000,0.00000000,0.00290729,0.00000000,0.00000000,0.00000000,0.00000000,0.00000000,0.00252943,1.78947519,0.00000000,0.00000000,0.04491243,0.00000000,0.00263065,0.00000000,0.00000000,0.00000000,0.00000000,0.00000000,0.00000000,0.00000000,0.00898469,0.00772138,0.00000000,0.00417404,0.00000000,0.00000000,0.00000000,0.00000000,0.00226705,0.00098298,0.00000000,0.00000000,0.00252885,0.00000000
0.00000000,0.00000000,0.00000000,0.00000000,0.00000000,0.00000000,0.00000000,0.00000000,0.00000000,0.00000000,0.00000000,0.00000000,0.00000000,0.02631848,0.00000000,0.00000000,0.00000000,0.00000000,0.00000000,0.00000000,0.00000000,0.00000000,0.00000000,0.00000000,0.00000000,0.00000000,0.00000000,0.00000000,0.00878145,0.00000000,0.00000000,0.00639822,0.00000000,0.00055614,0.00000000,0.00000000,0.00000000,0.00000000,0.05596608,0.00535752,0.00000000,0.00585959,0.00000000,0.00000000,0.00159264,0.00000000,0.00000000,0.00000000,0.00000000,0.00000000,0.01390308,0.00000000,0.00000000,0.00000000,0.00000000,0.00000000,0.00000000,0.00000000,0.00000000,0.00000000,0.00000000,0.02188488,0.00000000,0.00000000,0.00000000,0.00000000,0.00000000,0.00000000,0.00000000,0.00000000,0.00000000,0.00000000,0.00000000,0.00000000,0.00000000,0.00000000,0.00000000,0.00000000,0.00000000,0.00000000,0.00000000,0.00000000,0.00000000,0.00000000,0.00000000,0.00000000,0.00000000,0.00000000,0.00425172,0.00000000,0.00000000,0.00000000,0.00000000,0.00000000,0.00000000,0.00501569,0.00000000,0.00000000,0.00000000,0.00000000,0.00000000,0.83192500,0.00000000,0.00000000,0.00000000,0.00000000,0.00000000,0.00000000,0.00000000,0.00000000,0.00000000,0.03769236,0.00000000,0.00099919,0.00559147,0.00000000,0.00000000,0.00000000,0.00000000,0.00325716,0.00000000,0.00818998,0.00000000,0.00000000,0.00000000,0.00000000,0.00000000,0.00000000,0.00000000,0.00000000,0.00000000,0.00000000,0.00000000,0.00000000,0.00000000,0.00000000,0.00000000,0.00000000,0.00000000,0.00000000,0.00000000,0.00000000,0.00000000,0.00000000,0.00000000,0.01418068,0.00000000,0.00000000,0.00000000,0.00000000,0.00000000,0.00000000,0.00000000,0.00000000,0.00000000,0.00000000,0.00000000,0.04015075,0.04576645,0.00000000,0.05871139,0.00000000,0.00000000,0.00000000,0.00000000,0.00000000,0.00000000,0.00000000,0.09656490,0.00000000,0.00000000,0.00000000,0.00000000,0.00000000,0.00710708,0.00000000,0.00000000,0.00000000,0.00000000,0.00057804,0.00000000,0.00000000,0.00000000,0.00000000,0.00000000,0.00000000,0.06021211,0.00000000,0.00000000,0.00000000,0.00000000,0.00253358,0.00000000,0.00511084,0.00000000,0.00000000,0.00000000,0.00000000,0.00000000,0.00000000,0.00000000,0.00539275,0.00000000,0.00000000,0.00000000,0.00000000,0.00000000,0.00000000,0.00000000,0.00384007,0.00000000,0.00000000,0.00000000,0.00000000,0.00000000,0.00000000,0.00000000,0.00269025,0.00000000,0.00000000,0.00000000,0.00000000,0.00099710,0.00000000,0.00000000,0.00000000,0.00000000,0.00294151,0.00735978,0.00000000,0.00084423,0.00000000,0.01340892,0.00000000,0.01527791,0.00000000,0.01434427,0.00000000,0.00000000,0.00000000,0.00686189,0.00000000,0.00309017,0.00000000,0.00000000,0.00000000,0.00000000,0.00000000,0.00000000,0.00000000,0.00000000,0.00000000,0.00000000,0.00000000,0.00000000,0.00000000,0.00000000,0.00000000,0.00000000,0.00000000,0.00000000,0.00000000,0.00517880,0.00000000,0.00000000,0.00000000,0.00516295,0.00000000,0.00000000,0.05997618,0.00000000,0.00000000,0.00000000,0.05265165,0.00000000,0.00000000,0.00000000,0.00000000,0.00000000,0.00000000,0.00000000,0.00000000,0.00000000,0.00000000,0.00000000,0.08803219,0.00000000,0.00000000,0.00000000,0.00000000,0.00000000,0.00000000,0.00000000,0.00000000,0.00000000,0.00000000,0.00000000,0.00000000,0.00000000,0.00569013,0.00000000,0.00000000,0.00000000,0.00000000,0.00000000,0.00000000,0.04522951,0.00000000,0.00000000,0.00000000,0.00000000,0.00000000,0.00000000,0.00000000,0.00000000,0.04425210,0.00000000,0.00000000,0.00000000,0.00000000,0.00000000,0.00000000,0.00000000,0.06992551,0.00000000,0.00000000,0.00000000,0.00000000,0.00000000,0.00341663,0.00000000,0.00000000,0.00000000,0.00000000,0.00000000,0.00000000,0.00000000,0.00000000,0.00634331,0.00000000,0.00000000,0.00000000,0.00000000,0.00000000,0.00193423,0.00000000,0.00000000,0.00607738,0.00000000,0.00000000,0.00000000,0.00000000,0.00000000,0.00000000,0.00000000,0.00000000,0.00000000,0.00000000,0.00000000,0.00000000,0.00000000,0.00000000,0.00000000,0.00000000,0.00000000,0.00000000,0.00000000,0.00000000,0.00000000,0.00000000,0.00000000,0.00000000,0.00000000,0.00000000,0.00000000,0.00102412,0.00000000,0.00000000,0.00000000,0.00000000,0.00000000,0.00000000,0.00000000,0.00000000,0.00170115,0.01905463,0.00000000,0.00000000,0.00000000,0.00000000,0.00000000,0.00000000,0.00000000,0.00000000,0.00000000,0.00000000,0.00000000,0.00000000,0.00000000,0.04004276,0.00000000,0.00000000,0.00169031,0.00000000,0.00000000,0.00000000,0.00000000,0.00000000,0.00077967,0.00000000,0.00000000,0.00000000,0.00000000,0.00000000,0.00000000,0.00000000,0.00000000,0.01664345,0.00000000,0.00000000,0.00000000,0.00000000,0.00000000,0.00000000,0.00000000,0.00881187,0.00000000,0.00000000,0.00000000,0.00144283,0.00000000,0.00000000,0.00000000,0.00000000,0.00000000,0.00000000,0.00000000,0.00000000,0.00000000,0.00000000,0.00000000,0.00000000,0.00000000,0.00534215,0.00000000,0.00000000,0.00000000,0.00000000,0.00000000,0.04343143,0.00598645,0.00254570,0.00000000,0.00000000,0.00000000,0.00000000,0.00000000,0.00000000,0.00000000,0.00000000,0.00000000,0.00000000,0.00000000,0.00000000,0.00000000,0.00000000,0.00000000,0.00000000,0.00000000,0.00000000,0.00000000,0.00000000,0.00000000,0.00000000,0.00000000,0.00000000,0.00000000,0.00000000,0.00000000,0.00000000,0.16000053,0.00000000,0.00000000,0.03218767,0.00000000,0.00000000,0.00000000,0.00000000,0.00000000,0.00314826,0.00000000,0.00000000,0.00000000,0.00000000,0.00190986,0.00000000,0.28917270,0.00000000,0.00283132,0.14287859,0.00000000,0.00000000,0.00386107,0.00000000,0.00000000,0.00000000,0.00000000,0.00289279,0.00000000,0.00000000,0.00689750,0.04123639,0.00000000,0.00000000,0.00000000,0.00000000,0.00000000,0.00000000,0.00000000,0.00323974,0.00000000,0.00000000,0.00000000,0.00000000,0.00000000,0.00000000,0.00000000,0.00000000,0.00000000,0.00000000,0.00000000,0.00000000,0.00000000,0.00000000,0.00000000,0.00000000,0.00000000,0.00000000,0.00000000,0.00000000,0.00000000,0.00427007,0.00000000,0.00000000,0.00000000,0.00000000,0.00000000,0.00000000,0.00453080,0.00000000,0.00000000,0.00000000,0.00000000,0.00000000,0.00000000,0.00590603,0.01342502,0.00000000,0.00000000,0.00000000,0.00000000,0.00000000,0.00000000,0.01311214,0.00000000,0.00000000,0.00000000,0.00000000,0.00000000,0.00000000,0.00000000,0.00000000,0.00000000,0.00000000,0.00000000,0.00000000,0.00000000,0.00113649,0.00258050,0.00000000,0.00000000,0.00000000,0.00000000,0.00000000,0.00000000,0.00000000,0.00000000,0.00000000,0.00000000,0.00000000,0.00000000,0.00000000,0.00000000,0.00000000,0.01036891,0.00000000,0.00000000,0.00000000,0.00000000,0.03316316,0.00000000,0.00000000,0.00000000,0.00000000,0.01893939,0.00000000,0.00000000,0.00000000,0.00000000,0.02080541,0.00000000,0.00000000,0.00000000,0.00000000,0.00000000,0.10493730,0.01557449,0.00000000,0.00000000,0.00000000,0.00251418,0.00000000,0.00000000,0.00000000,0.00000000,0.00000000,0.00000000,0.00000000,0.00000000,0.00000000,0.00000000,0.00000000,0.00000000,0.00799757,0.00000000,0.00000000,0.00000000,0.00000000,0.00000000,0.00000000,0.00000000,0.00000000,0.00000000,0.00000000,0.00000000,0.00000000,0.00000000,0.00000000,0.00000000,0.00000000,0.00000000,0.00000000,0.00000000,0.00000000,0.00000000,0.00000000,0.00000000,0.00000000,0.00000000,0.00000000,0.00000000,0.00000000,0.00000000,0.00000000,0.00000000,0.00000000,0.00000000,0.00000000,0.00000000,0.00000000,0.00000000,0.00083143,0.00000000,0.00000000,0.00000000,0.00000000,0.00000000,0.08282024,0.00000000,0.00000000,0.00000000,0.00000000,0.00000000,0.00000000,0.00000000,0.00000000,0.00000000,0.00000000,0.00000000,0.00000000,0.00000000,0.00000000,0.00000000,0.00000000,0.00000000,0.00000000,0.00000000,0.00000000,0.00000000,0.00000000,0.00000000,0.00000000,0.00000000,0.00000000,0.00000000,0.00000000,0.00000000,0.00282223,0.00000000,0.38775130,0.00564306,0.00000000,0.00064034,0.00000000,0.00000000,0.00000000,0.00000000,0.00000000,0.00000000,0.00000000,0.00000000,0.00000000,0.00000000,0.00000000,0.00000000,0.00000000,0.00144933,0.00000000,0.00000000,0.00366363,0.00000000,0.00000000,0.00000000,0.00000000,0.00000000,0.00000000,0.00000000,0.00000000,0.00000000,0.00000000,0.00000000,0.00000000,0.00503570,0.00000000,0.00000000,0.00000000,0.00000000,0.16719965,0.00000000,0.00000000,0.00000000,0.00000000,0.00000000,0.00000000,0.00000000,0.00172317,0.00000000,0.00838610,0.00000000,0.00000000,0.00000000,0.00000000,0.00000000,0.00000000,0.00000000,0.00000000,0.00000000,0.00000000,0.00000000,0.00000000,0.00000000,0.00000000,0.07346811,0.00000000,0.00000000,0.00000000,0.00975721,0.00000000,0.00000000,0.00000000,0.00310288,0.08271949,0.00000000,0.00000000,0.00000000,0.00000000,0.00000000,0.00577362,0.00000000,0.00000000,0.00000000,0.00000000,0.00000000,2.15355145,0.00308366,0.00000000,0.00000000,0.04716667,0.00138042,0.00000000
0.00000000,0.00000000,0.00000000,0.00000000,0.00000000,0.00000000,0.00000000,0.00000000,0.00000000,0.00000000,0.00000000,0.04210042,0.00000000,0.00000000,0.00000000,0.00000000,0.00000000,0.00518278,0.00126580,0.00000000,0.00000000,0.00000000,0.00000000,0.00000000,0.00000000,0.00000000,0.00158663,0.00000000,0.00000000,0.00000000,0.00000000,0.00000000,0.00000000,0.00000000,0.00000000,0.00000000,0.00303645,0.00000000,0.00000000,0.00000000,0.00260442,0.00784281,0.00000000,0.00000000,0.00000000,0.00000000,0.00077548,0.00000000,0.00766269,0.00176195,0.00247273,0.00000000,0.00000000,0.00000000,0.00000000,0.00000000,0.00000000,0.00000000,0.00000000,0.00000000,0.00000000,0.00000000,0.00000000,0.00000000,0.00000000,0.00000000,0.02652243,0.00000000,0.00746157,0.00000000,0.42042471,0.00000000,0.00000000,0.00588819,0.05331073,0.00680022,0.00000000,0.00000000,0.00000000,0.02339732,0.00000000,0.00000000,0.00000000,0.07369509,0.00249055,0.00000000,0.00000000,0.11161614,0.02728247,0.00000000,0.00000000,0.00213693,0.00000000,0.00000000,0.00000000,0.01566041,0.04997090,0.00000000,0.00000000,0.00000000,0.00000000,0.00000000,0.00000000,0.00000000,0.03997845,0.00000000,0.00125655,0.00000000,0.17694061,0.00000000,0.00000000,0.02742519,0.00000000,0.00000000,0.00000000,0.00000000,0.00000000,0.00000000,0.00000000,0.00000000,0.00000000,0.00000000,0.00000000,0.00000000,0.00000000,0.00000000,0.00000000,0.00000000,0.00000000,0.00000000,0.00000000,0.00000000,0.00000000,0.00000000,0.06496291,0.00000000,0.00000000,0.00000000,0.00000000,0.00000000,0.00000000,0.00000000,0.00000000,0.00000000,0.00000000,0.00000000,0.00000000,0.00000000,0.00000000,0.00000000,0.00000000,0.00055592,0.00000000,0.00147753,0.00000000,0.00000000,0.00000000,0.00000000,0.00000000,0.00604929,0.00000000,0.00700223,0.00000000,0.00000000,0.00000000,0.00000000,0.00000000,0.00000000,0.00479251,0.00000000,0.00000000,0.00000000,0.00594602,0.00000000,0.00169975,0.00000000,0.00884436,0.00000000,0.00000000,0.00000000,0.00000000,0.00000000,0.03973025,0.00000000,0.01599293,0.00000000,0.00000000,0.00000000,0.00000000,0.00000000,0.00000000,0.00000000,0.00000000,0.00665876,0.00000000,0.00000000,0.00000000,0.00000000,0.00000000,0.00000000,0.00624355,0.00000000,0.00000000,0.00000000,0.00000000,0.00000000,0.00000000,0.00000000,0.00196022,0.00000000,0.00000000,0.00000000,0.00000000,0.00000000,0.00000000,0.00000000,0.00000000,0.00000000,0.00673267,0.00000000,0.00000000,0.00000000,0.02779755,0.00000000,0.00000000,0.00000000,0.00000000,0.16670194,0.00000000,0.00000000,0.00000000,0.00000000,0.00000000,0.00000000,0.00501635,0.00000000,0.00000000,0.00000000,0.00000000,0.00000000,0.00000000,0.00000000,0.00000000,0.00000000,0.00000000,0.00000000,0.00000000,0.00000000,0.00000000,0.00000000,0.00000000,0.00000000,0.00000000,0.00000000,0.00000000,0.02392735,0.00000000,0.00302799,0.00000000,0.02371030,0.00000000,0.00000000,0.00000000,0.00000000,0.00000000,0.00000000,0.00000000,0.00212140,0.01504898,0.00000000,0.00402365,0.00000000,0.00000000,0.00000000,0.00000000,0.00000000,0.00000000,0.00533798,0.00000000,0.00000000,0.00000000,0.00190891,0.00345228,0.00000000,0.00000000,0.00000000,0.00000000,0.00224354,0.00000000,0.00000000,0.00000000,0.00000000,0.00000000,0.00000000,0.00000000,0.06631355,0.00000000,0.00000000,0.00000000,0.00000000,0.00000000,0.00000000,0.00000000,0.00000000,0.00000000,0.00000000,0.00000000,0.00000000,0.00000000,0.00000000,0.00000000,0.00000000,0.00000000,0.00000000,0.00000000,0.00000000,0.00000000,0.00000000,0.00000000,0.00000000,0.00000000,0.00000000,0.09343002,0.00000000,0.00000000,0.00000000,0.00000000,0.00000000,0.00000000,0.00000000,0.00000000,0.00000000,0.00000000,0.00000000,0.00000000,0.00000000,0.00000000,0.00000000,0.00000000,0.00000000,0.00000000,0.00000000,0.00000000,0.00000000,0.00000000,0.00000000,0.00000000,0.00881885,0.00000000,0.00000000,0.00000000,0.00000000,0.00000000,0.00000000,0.00000000,0.01216109,0.00000000,0.00000000,0.00000000,0.00000000,0.00000000,0.00000000,0.00000000,0.00000000,0.00000000,0.00000000,0.00000000,0.00000000,0.00000000,0.00000000,0.00000000,0.00000000,0.00000000,0.00000000,0.00000000,0.00000000,0.00114533,0.00000000,0.00000000,0.00000000,0.00000000,0.00000000,0.00000000,0.00419239,0.00000000,0.00000000,0.00000000,0.00000000,0.00000000,0.00000000,0.00000000,0.00000000,0.00000000,0.00000000,0.00000000,0.00000000,0.00000000,0.00289307,0.00000000,0.00000000,0.00000000,0.00000000,0.00692035,0.11432042,0.00237844,0.00000000,0.00000000,0.00000000,0.00000000,0.00000000,0.00000000,0.00000000,0.00000000,0.00000000,0.00000000,0.00000000,0.00000000,0.00000000,0.02961535,0.00000000,0.00000000,0.00000000,0.00000000,0.00000000,0.00000000,0.00000000,0.01921660,0.00000000,0.00000000,0.00000000,0.00000000,0.02312207,0.00000000,0.02634272,0.00000000,0.00000000,0.09950546,0.00000000,0.00000000,0.00000000,0.00000000,0.00274406,0.00000000,0.00000000,0.00000000,0.00000000,0.00000000,0.00000000,0.00000000,0.00000000,0.00000000,0.00000000,0.00000000,0.00000000,0.00000000,0.00000000,0.00000000,0.00000000,0.00000000,0.00000000,0.00000000,0.00000000,0.00000000,0.00000000,0.00000000,0.00000000,0.00000000,0.00353651,0.00000000,0.00000000,0.01859493,0.00000000,0.00000000,0.00000000,0.00000000,0.00000000,0.00000000,0.00000000,0.00000000,0.00000000,0.00157289,0.00000000,0.00602120,0.00000000,0.00000000,0.00000000,0.00000000,0.06265967,0.00000000,0.00000000,0.00000000,0.00000000,0.00000000,0.00000000,0.00000000,0.00000000,0.00000000,0.00000000,0.00000000,0.00000000,0.01027805,0.00000000,0.00000000,0.00000000,0.00000000,0.01217491,0.00000000,0.00000000,0.00000000,0.00000000,0.00000000,0.00000000,0.01946999,0.00000000,0.02463659,0.00000000,0.00000000,0.00000000,0.00000000,0.00000000,0.00000000,0.00000000,0.00000000,0.00000000,0.00000000,0.00000000,0.00000000,0.00000000,0.00000000,0.00000000,0.00000000,0.00000000,0.00000000,0.00000000,0.00000000,0.01697284,0.00000000,0.00000000,0.00200077,0.00000000,0.00000000,0.00000000,0.00000000,0.00000000,0.00000000,0.00000000,0.00000000,0.00000000,0.00000000,0.00143582,0.00414859,0.01956893,0.00000000,0.04066728,0.00000000,0.00000000,0.00884185,0.00383752,0.00000000,0.00000000,0.00000000,0.00000000,0.00000000,0.00000000,0.00000000,0.00000000,0.00000000,0.00000000,0.00000000,0.00000000,0.00000000,0.00000000,0.00000000,0.00000000,0.00000000,0.00000000,0.00000000,0.00000000,0.00000000,0.00000000,0.00000000,0.00000000,0.00000000,0.00000000,0.00000000,0.00000000,0.00000000,0.00000000,0.00000000,0.00000000,0.00000000,0.06211555,0.00000000,0.00000000,0.00000000,0.00000000,0.00000000,0.00000000,0.00000000,0.00000000,0.00000000,0.00000000,0.00213654,0.00000000,0.00000000,0.00000000,0.00222520,0.00000000,0.00000000,0.00000000,0.00000000,0.00000000,0.00000000,0.00000000,0.00000000,0.00000000,0.00000000,0.00000000,0.00000000,0.00000000,0.00000000,0.00000000,0.00000000,0.00000000,0.00000000,0.00228726,0.00000000,0.01162328,0.00000000,0.00000000,0.00000000,0.00000000,0.00000000,0.00000000,0.00000000,0.00000000,0.00000000,0.00000000,0.00000000,0.01251898,0.00000000,0.00000000,0.00000000,0.00000000,0.00000000,0.00000000,0.00112696,0.00000000,0.00000000,0.00000000,0.00000000,0.00000000,0.00000000,0.00000000,0.00000000,0.00000000,0.00000000,0.00000000,0.07692310,0.00000000,0.00000000,0.00284765,0.00000000,0.00000000,0.00000000,0.00726406,0.01422098,0.00000000,0.00000000,0.00652225,0.00415055,0.00000000,0.00000000,0.00000000,0.10933765,0.00000000,0.00000000,0.00000000,0.00000000,0.00000000,0.00000000,0.00000000,0.00000000,0.00000000,0.00000000,0.00000000,0.00000000,0.00000000,0.00000000,0.00000000,0.00000000,0.00695839,0.00000000,0.00000000,0.00000000,0.00000000,0.00000000,0.00000000,0.00000000,0.00000000,0.00374422,0.02710585,0.00000000,0.00000000,0.00000000,0.00128138,0.00000000,0.00000000,0.00000000,0.00000000,0.00000000,0.00000000,0.00123471,0.00000000,0.00000000,0.00000000,0.01530519,0.00000000,0.00000000,0.00000000,0.00000000,0.00000000,0.00000000,0.00000000,0.00000000,0.00000000,0.00000000,0.00000000,0.00000000,0.00000000,0.00000000,0.00000000,0.00127738,0.00000000,0.00000000,0.00000000,0.00618491,0.00000000,0.00000000,0.00000000,0.00000000,0.00000000,0.00000000,0.00000000,0.00000000,0.00000000,0.00000000,0.00000000,0.00000000,0.00000000,0.00000000,0.00000000,0.00000000,0.00000000,0.00000000,0.00227903,0.00000000,0.00000000,0.00000000,0.00000000,0.00000000,0.00000000,0.00000000,0.00000000,0.00000000,0.00000000,0.00000000,0.00000000,0.00000000,0.00000000,0.00000000,0.00000000,0.00000000,0.00000000,0.00000000,0.00000000,0.00000000,0.00000000,0.00000000,0.00000000,0.00000000,0.00000000,0.00000000,0.00000000,0.00000000,0.00000000,0.00000000,0.00000000,0.00000000,0.01455469,0.00000000,0.00000000,0.00000000,0.00000000,0.00000000,0.00000000,0.00000000,0.00000000,0.00000000,0.00000000
0.00000000,0.00422594,0.00000000,0.06534350,0.00000000,0.00000000,0.00291673,0.00000000,0.00000000,0.00000000,0.00000000,0.00000000,0.00318835,0.00000000,0.00000000,0.00000000,0.00000000,0.00000000,0.00000000,0.07014016,0.00000000,0.00293580,0.00000000,0.00000000,0.00000000,0.00000000,0.00000000,0.00000000,0.00000000,0.00248277,0.00000000,0.00000000,0.00000000,0.00000000,0.00000000,0.00000000,0.00000000,0.00000000,0.00000000,0.00000000,0.00675671,0.00000000,0.00000000,0.00000000,0.00000000,0.00000000,0.00000000,0.00221840,0.00000000,0.00000000,0.00000000,0.00000000,0.00000000,0.00000000,0.00000000,0.00000000,0.00000000,0.00000000,0.00000000,0.00000000,0.00000000,0.00000000,0.00000000,0.00000000,0.04475212,0.00000000,0.00000000,0.00000000,0.00000000,0.00000000,0.00000000,0.00502119,0.17262588,0.00000000,0.00000000,0.00000000,0.00000000,0.00212068,0.00000000,0.00000000,0.00000000,0.00000000,0.00000000,0.00000000,0.00000000,0.00000000,0.00000000,0.00000000,0.00000000,0.00000000,0.20599135,0.00000000,0.00000000,0.00000000,0.00000000,0.00000000,0.00000000,0.00000000,0.00000000,0.00000000,0.00000000,0.00667721,0.00161095,0.00000000,0.00000000,0.00000000,0.00000000,0.00000000,0.02752375,0.00000000,0.00000000,0.00000000,0.00000000,0.00000000,0.00691561,0.00000000,0.00149482,0.00000000,0.00000000,0.00000000,0.03435206,0.00000000,0.12598644,0.00000000,0.00000000,0.00000000,0.00000000,0.00000000,0.00000000,0.00000000,0.00000000,0.00000000,0.00000000,0.00000000,0.00000000,0.00000000,0.00000000,0.00887879,0.00000000,0.00000000,0.00000000,0.00000000,0.00000000,0.00000000,0.00000000,0.00000000,0.00000000,0.00000000,0.00000000,0.00000000,0.00000000,0.00000000,0.00395799,0.00000000,0.00000000,0.00000000,0.00155318,0.00375235,0.00000000,0.00000000,0.00000000,0.00000000,0.00000000,0.00070828,0.00000000,0.02217548,0.00000000,0.00000000,0.00000000,0.00000000,0.00000000,0.00000000,0.00000000,0.00000000,0.00000000,0.00000000,0.05848212,0.00000000,0.00000000,0.00000000,0.00000000,0.00000000,0.00000000,0.00000000,0.00000000,0.00000000,0.00000000,0.00000000,0.00000000,0.00000000,0.00000000,0.00000000,0.00000000,0.00000000,0.00000000,0.01194991,0.00000000,0.04670714,0.00000000,0.02321495,0.00000000,0.01362106,0.00000000,0.00000000,0.00000000,0.00000000,0.00000000,0.00000000,0.00000000,0.00000000,0.00000000,0.00000000,0.00000000,0.00000000,0.00000000,0.00000000,0.01204449,0.00000000,0.00000000,0.02980340,0.00827260,0.00000000,0.00000000,0.00000000,0.00000000,0.00000000,0.00000000,0.00000000,0.00000000,0.02124234,0.00000000,0.00000000,0.00000000,0.00000000,0.00000000,0.00000000,0.06034824,0.00000000,0.00000000,0.00000000,0.00000000,0.00771936,0.00257889,0.00352166,0.00000000,0.00000000,0.00000000,0.00000000,0.00000000,0.00000000,0.00000000,0.00000000,0.07600776,0.00712266,0.00000000,0.00000000,0.00000000,0.00000000,0.00000000,0.00000000,0.00000000,0.00000000,0.00000000,0.00000000,0.00000000,0.00453846,0.00000000,0.00000000,0.00000000,0.00000000,0.00000000,0.00000000,0.00000000,0.00000000,0.00000000,0.00000000,0.00000000,0.00000000,0.00000000,0.00303179,0.00000000,0.00000000,0.00000000,0.00000000,0.00000000,0.00000000,0.00000000,0.00000000,0.00000000,0.00000000,0.00000000,0.00000000,0.00000000,0.00000000,0.00000000,0.00000000,0.00000000,0.00000000,0.00000000,0.00000000,0.00000000,0.00000000,0.00000000,0.00000000,0.00000000,0.00000000,0.00000000,0.01920140,0.00000000,0.00000000,0.00000000,0.00000000,0.00109904,0.00000000,0.00000000,0.00000000,0.00000000,0.00000000,0.00000000,0.00000000,0.00000000,0.00000000,0.00000000,0.00000000,0.00000000,0.00000000,0.00000000,0.00000000,0.00000000,0.00000000,0.00000000,0.00000000,0.00000000,0.00000000,0.00000000,0.00000000,0.00000000,0.00000000,0.00000000,0.00000000,0.00000000,0.00000000,0.00000000,0.00000000,0.00000000,0.00000000,0.00000000,0.01430996,0.00000000,0.00000000,0.00000000,0.00000000,0.00000000,0.00000000,0.00000000,0.00622008,0.00000000,0.00000000,0.00000000,0.00832731,0.00000000,0.00000000,0.00000000,0.00393544,0.02491286,0.00000000,0.00000000,0.00000000,0.00000000,0.00000000,0.00000000,0.00000000,0.01873750,0.00422642,0.00000000,0.00000000,0.00000000,0.00000000,0.00000000,0.00000000,0.00000000,0.00000000,0.02108712,0.00000000,0.00000000,0.02227891,0.00709998,0.00000000,0.00000000,0.00000000,0.00000000,0.00000000,0.00000000,0.00000000,0.00000000,0.01230041,0.00000000,0.00000000,0.00000000,0.00000000,0.00000000,0.00000000,0.00000000,0.00000000,0.00000000,0.00000000,0.00000000,0.00000000,0.00000000,0.00000000,0.00000000,0.00000000,0.00000000,0.00000000,0.00000000,0.00125189,0.00000000,0.00000000,0.00000000,0.00000000,0.00000000,0.00000000,0.08401288,0.00000000,0.00000000,0.00000000,0.00000000,0.00000000,0.00000000,0.00071698,0.00000000,0.05198057,0.00000000,0.00000000,0.00000000,0.00000000,0.00000000,0.00000000,0.00000000,0.00000000,0.00000000,0.00392496,0.00000000,0.00215912,0.00000000,0.23511331,0.00000000,0.00000000,0.00000000,0.00226687,0.00000000,0.01794213,0.00497420,0.00000000,0.00000000,0.00000000,0.00000000,0.00000000,0.00000000,0.00000000,0.00000000,0.00000000,0.00000000,0.00000000,0.00000000,0.00000000,0.00000000,0.00000000,0.00000000,0.00000000,0.00000000,0.00000000,0.00000000,0.00000000,0.00000000,0.03598559,0.00167893,0.00268934,0.00000000,0.00122307,0.00082778,0.00000000,0.00000000,0.00000000,0.00000000,0.00000000,0.00000000,0.00000000,0.00312442,0.00000000,0.00000000,0.00000000,0.00000000,0.00000000,0.00000000,0.00000000,0.00000000,0.00093848,0.00000000,0.00000000,0.00000000,0.00000000,0.18436474,0.00000000,0.00000000,0.00000000,0.00265544,0.00152788,0.00000000,0.00000000,0.00000000,0.01207393,0.00000000,0.00000000,0.00000000,0.00000000,0.00000000,0.00000000,0.00000000,0.00000000,0.01938353,0.00000000,0.00000000,0.00000000,0.00337841,0.00000000,0.00000000,0.00000000,0.00000000,0.00000000,0.00000000,0.00000000,0.00000000,0.00000000,0.00000000,0.00405681,0.00000000,0.01390558,0.00000000,0.00000000,0.00000000,0.00000000,0.00000000,0.05070353,0.00000000,0.00000000,0.00000000,0.01427678,0.00000000,0.00000000,0.00000000,0.00000000,0.00000000,0.00000000,0.00000000,0.00000000,0.00000000,0.00000000,0.00000000,0.00000000,0.00000000,0.00000000,0.00000000,0.00000000,0.00000000,0.00000000,0.00000000,0.00000000,0.00000000,0.00000000,0.00000000,0.00000000,0.00000000,0.00000000,0.00000000,0.00000000,0.00000000,0.00000000,0.00000000,0.00000000,0.00000000,0.00248030,0.00000000,0.00000000,0.00000000,0.00000000,0.00000000,0.00218544,0.00000000,0.00000000,0.00956509,0.00000000,0.00000000,0.00000000,0.00089714,0.00000000,0.00000000,0.00000000,0.00000000,0.00000000,0.00000000,0.00000000,0.00000000,0.00000000,0.00000000,0.00000000,0.00000000,0.00000000,0.00000000,0.00000000,0.00000000,0.00250763,0.00000000,0.00564890,0.00000000,0.00000000,0.00000000,0.00000000,0.00000000,0.00000000,0.00000000,0.00000000,0.00000000,0.00000000,0.00000000,0.00000000,0.00000000,0.00000000,0.00000000,0.00000000,0.00000000,0.00000000,0.00000000,0.00000000,0.00000000,0.00206087,0.00000000,0.00000000,0.00000000,0.00000000,0.00000000,0.01467596,0.00000000,0.00000000,0.00000000,0.00000000,0.00000000,0.00323970,0.00000000,0.00000000,0.00000000,0.00000000,0.00000000,0.00000000,0.00000000,0.00000000,0.00000000,0.00000000,0.00000000,0.00000000,0.00000000,0.00000000,0.00000000,0.00000000,0.00000000,0.00000000,0.00000000,0.00000000,0.00000000,0.00000000,0.00000000,0.00000000,0.00000000,0.00000000,0.00000000,0.00000000,0.00000000,0.00000000,0.00000000,0.00000000,0.00842519,0.00000000,0.00000000,0.00000000,0.00000000,0.00000000,0.00000000,0.00000000,0.00000000,0.00528420,0.00298643,0.00000000,0.00000000,0.00000000,0.00000000,0.00000000,0.00000000,0.06577516,0.00000000,0.00000000,0.00000000,0.00000000,0.00000000,0.00000000,0.00000000,0.00000000,0.01504751,0.00000000,0.00000000,0.00000000,0.00000000,0.00000000,0.00000000,0.00000000,0.00000000,0.00000000,0.00000000,0.00000000,0.00000000,0.00000000,0.00000000,0.00442308,0.00000000,0.00000000,0.00000000,0.00000000,0.02862276,0.00000000,0.00000000,0.00000000,0.00000000,0.00000000,0.00000000,0.00000000,0.00000000,0.00000000,0.00000000,0.00603585,0.02648727,0.00000000,0.00000000,0.00000000,0.00000000,0.00000000,0.01411738,0.00000000,0.00000000,0.01605639,0.00000000,0.00000000,0.00448672,0.00000000,0.00000000,0.00000000,0.00000000,0.00000000,0.00000000,0.00000000,0.00000000,0.00000000,0.00309342,0.00000000,0.00000000,0.01517071,0.00000000,0.00000000,0.00000000,0.00000000,0.00000000,0.00000000,0.00000000,0.00000000,0.00000000,0.00000000,0.00000000,0.00000000,0.00000000,0.02930048,0.00793418,0.00000000,0.00000000,0.00197007,0.00623027,0.00000000,0.00000000,0.00000000,0.00000000,0.00000000,0.00000000,0.00000000,0.00155602,0.00000000,0.00000000,0.00000000,0.01972999,0.00000000,0.27282079,0.00000000,0.00000000,0.00000000
0.00000000,0.00000000,0.00000000,0.00000000,0.00000000,0.00000000,0.00000000,0.00000000,0.00000000,0.00531373,0.00000000,0.00000000,0.00000000,0.00000000,0.00000000,0.00000000,0.00000000,0.00000000,0.00000000,0.00000000,0.00000000,0.00000000,0.00000000,0.00000000,0.00000000,0.00000000,0.00000000,0.02067787,0.00000000,0.00000000,0.00125263,0.00000000,0.00000000,0.00000000,0.00000000,0.00000000,0.00000000,0.00000000,0.00452017,0.00000000,0.00000000,0.00000000,0.00000000,0.01682108,0.00000000,0.00000000,0.00000000,0.00000000,0.00000000,0.00000000,0.00000000,0.00000000,0.00000000,0.01637217,0.00000000,0.00000000,0.00796037,0.00544350,0.00000000,0.00000000,0.00000000,0.00000000,0.00000000,0.00000000,0.08078530,0.00000000,0.04299772,0.00000000,0.00000000,0.08149784,0.00000000,0.00000000,0.00000000,0.00000000,0.00000000,0.00000000,0.00000000,0.00228426,0.04641738,0.00000000,0.00000000,0.00000000,0.00000000,0.02004662,0.00000000,0.00000000,0.00000000,0.00000000,0.00000000,0.00710786,0.02107473,0.00000000,0.00000000,0.00000000,0.00000000,0.00000000,0.00000000,0.04909119,0.00000000,0.00000000,0.00000000,0.00000000,0.00000000,0.00000000,0.00000000,0.00558010,0.00534787,0.00000000,0.00000000,0.00669437,0.00000000,0.00000000,0.02249644,0.00000000,0.00353410,0.00000000,0.01056903,0.00000000,0.00171907,0.00000000,0.00000000,0.00000000,0.00000000,0.00000000,0.01403885,0.00363396,0.00000000,0.00000000,0.00000000,0.00000000,0.00000000,0.04129057,0.00000000,0.00000000,0.00000000,0.09083244,0.00000000,0.00000000,0.00000000,0.00000000,0.00000000,0.00000000,0.00000000,0.00000000,0.00000000,0.00000000,0.00858716,0.00000000,0.00000000,0.00000000,0.00000000,0.00000000,0.00000000,0.00000000,0.00000000,0.00000000,0.00000000,0.00000000,0.00000000,0.01326262,0.00000000,0.00000000,0.00000000,0.00000000,0.00000000,0.00000000,0.00000000,0.00000000,0.00000000,0.00000000,0.00000000,0.00000000,0.00000000,0.00000000,0.00000000,0.00000000,0.00000000,0.00000000,0.00000000,0.00000000,0.00000000,0.00000000,0.00000000,0.00000000,0.02269703,0.00000000,0.00000000,0.00000000,0.00542766,0.00163525,0.00000000,0.00000000,0.00000000,0.00000000,0.38848406,0.00000000,0.00000000,0.00000000,0.00000000,0.00000000,0.00000000,0.04586681,0.00000000,0.00000000,0.00000000,0.00000000,0.00000000,0.00000000,0.00000000,0.00000000,0.00000000,0.00000000,0.00000000,0.00000000,0.00000000,0.00000000,0.00000000,0.00000000,0.00000000,0.00185990,0.00000000,0.00000000,0.00000000,0.08730854,0.00519279,0.00000000,0.00000000,0.00000000,0.00000000,0.00000000,0.02262486,0.00296809,0.00000000,0.00000000,0.00000000,0.00000000,0.00000000,0.00000000,0.00000000,0.00000000,0.00000000,0.00000000,0.00000000,0.00000000,0.00085259,0.00000000,0.00000000,0.00000000,0.02305357,0.00000000,0.00000000,0.00000000,0.00000000,0.01474729,0.00000000,0.00000000,0.00000000,0.10801068,0.00000000,0.00000000,0.00000000,0.00000000,0.00000000,0.00000000,0.00000000,0.08219065,0.00000000,0.00000000,0.00000000,0.00000000,0.00000000,0.00000000,0.00000000,0.00000000,0.00000000,0.00000000,0.00000000,0.00000000,0.00683476,0.00000000,0.00000000,0.00000000,0.00000000,0.03444208,0.00000000,0.00000000,0.00252555,0.00000000,0.00000000,0.00000000,0.00000000,0.00000000,0.00000000,0.00000000,0.00000000,0.00000000,0.00000000,0.00000000,0.00000000,0.00000000,0.00000000,0.00000000,0.00000000,0.00000000,0.00000000,0.00000000,0.00000000,0.00000000,0.00000000,0.00000000,0.00000000,0.00000000,0.00000000,0.00000000,0.00000000,0.00000000,0.00000000,0.00000000,0.00000000,0.00000000,0.00000000,0.00000000,0.00000000,0.00000000,0.00000000,0.00000000,0.00000000,0.00000000,0.00000000,0.00000000,0.00000000,0.00000000,0.00000000,0.00000000,0.00000000,0.00000000,0.00000000,0.00000000,0.00000000,0.00155471,0.00000000,0.00000000,0.00000000,0.00000000,0.00000000,0.00000000,0.00000000,0.00000000,0.00000000,0.00000000,0.00000000,0.00000000,0.00000000,1.10097709,0.00000000,0.00000000,0.00000000,0.00000000,0.00000000,0.00000000,0.00000000,0.00438966,0.00442807,0.00000000,0.00000000,0.00000000,0.00000000,0.00000000,0.00000000,0.00000000,0.00000000,0.00000000,0.00000000,0.00000000,0.00000000,0.00205982,0.00314413,0.00000000,0.00000000,0.00000000,0.00000000,0.00000000,0.00000000,0.00689826,0.00000000,0.00000000,0.00973638,0.00569634,0.00000000,0.00890090,0.00000000,0.00393530,0.00000000,0.00000000,0.00000000,0.00000000,0.00000000,0.00000000,0.00000000,0.00000000,0.00454847,0.00000000,0.00000000,0.00000000,0.00000000,0.00000000,0.00000000,0.00000000,0.00000000,0.00000000,0.00000000,0.00388902,0.00000000,0.00000000,0.00000000,0.00000000,0.01087476,0.00000000,0.00000000,0.00000000,0.00000000,0.00000000,0.00000000,0.00000000,0.00000000,0.00000000,0.00000000,0.00000000,0.00000000,0.00000000,0.00000000,0.00000000,0.00000000,0.00000000,0.00000000,0.00604778,0.00000000,0.01125640,0.00650790,0.00000000,0.00103266,0.03034445,0.00000000,0.00000000,0.05104507,0.00000000,0.00000000,0.00000000,0.12172824,0.00000000,0.03745287,0.00000000,0.00000000,0.00271888,0.00000000,0.00000000,0.00000000,0.00000000,0.00000000,0.00000000,0.00000000,0.00000000,0.00000000,0.00000000,0.00000000,0.04948712,0.00000000,0.00000000,0.00000000,0.00000000,0.00000000,0.00000000,0.00000000,0.00000000,0.00000000,0.00000000,0.00000000,0.00000000,0.00000000,0.00000000,0.00000000,0.00000000,0.00000000,0.00000000,0.00000000,0.00000000,0.00000000,0.00000000,0.00000000,0.00000000,0.00000000,0.00136803,0.00000000,0.02810166,0.13992202,0.00000000,0.00000000,0.00000000,0.00000000,0.00000000,0.00000000,0.00000000,0.00000000,0.00000000,0.00000000,0.00707174,0.00000000,0.00000000,0.01522552,0.00000000,0.00000000,0.00000000,0.00000000,0.00000000,0.00000000,0.00000000,0.00000000,0.00000000,0.00000000,0.00000000,0.00000000,0.00000000,0.00000000,0.00000000,0.00185378,0.00000000,0.00000000,0.00000000,0.00000000,0.00000000,0.00000000,0.00000000,0.00000000,0.00000000,0.00000000,0.00000000,0.00000000,0.00000000,0.00000000,0.00000000,0.00000000,0.00000000,0.00000000,0.00000000,0.00000000,0.01072177,0.00000000,0.00000000,0.00000000,0.00495451,0.00000000,0.00000000,0.00489764,0.00000000,0.00175092,0.00000000,0.00000000,0.00000000,0.00000000,0.00000000,0.00000000,0.00000000,0.00000000,0.00000000,0.00000000,0.00000000,0.00656751,0.00000000,0.00000000,0.00000000,0.00000000,0.00000000,0.00000000,0.00000000,0.00000000,0.00000000,0.00000000,0.00000000,0.00000000,0.00000000,0.00000000,0.00000000,0.00000000,0.00000000,0.08805472,0.00000000,0.00000000,0.00000000,0.00000000,0.00000000,0.00853646,0.00000000,0.00000000,0.00000000,0.00000000,0.00000000,0.00000000,0.00000000,0.00000000,0.00000000,0.00000000,0.00000000,0.00000000,0.00000000,0.00000000,0.00000000,0.00000000,0.00000000,0.00100228,0.00000000,0.00000000,0.00000000,0.00000000,0.00000000,0.00000000,0.00000000,0.00000000,0.00000000,0.00000000,0.00000000,0.00000000,0.00000000,0.00427918,0.00000000,0.00000000,0.00188087,0.00000000,0.00000000,0.00000000,0.00000000,0.00000000,0.00000000,0.00000000,0.00000000,0.00000000,0.00000000,0.00000000,0.00000000,0.00000000,0.00220374,0.00000000,0.00000000,0.00000000,0.00000000,0.00000000,0.00000000,0.00000000,0.00000000,0.00000000,0.02913294,0.00000000,0.00000000,0.00000000,0.00000000,0.00000000,0.00000000,0.13991830,0.00000000,0.00000000,0.00000000,0.00000000,0.00000000,0.00000000,0.00726406,0.00000000,0.00000000,0.00000000,0.02228575,0.00000000,0.00000000,0.00000000,0.00000000,0.00000000,0.00622969,0.00000000,0.00000000,0.00000000,0.00000000,0.00000000,0.00749582,0.00000000,0.00000000,0.00000000,0.00000000,0.00000000,0.00000000,0.00000000,0.00000000,0.01311107,0.00000000,0.00000000,0.00000000,0.00000000,0.00000000,0.00000000,0.00000000,0.00000000,0.00000000,0.00000000,0.00000000,0.00000000,0.00000000,0.00000000,0.00000000,0.00000000,0.51120639,0.00000000,0.00000000,0.00000000,0.00000000,0.00000000,0.00000000,0.00207492,0.00767082,0.00000000,0.00000000,0.00000000,0.00189619,0.00000000,0.00000000,0.00000000,0.00000000,0.00000000,0.00000000,0.00000000,0.00000000,0.00000000,0.00000000,0.00000000,0.00000000,0.00000000,0.00000000,0.00000000,0.00000000,0.00513072,0.00000000,0.00000000,0.00000000,0.00000000,0.00000000,0.00000000,0.00000000,0.00000000,0.00000000,0.00000000,0.00000000,0.00000000,0.00000000,0.01833858,0.01443893,0.00000000,0.00000000,0.00000000,0.11726966,0.00000000,0.00336061,0.00000000,0.00000000,0.01884902,0.00000000,0.01500909,0.00000000,0.00525769,0.00000000,0.00000000,0.00000000,0.00000000,0.00000000,0.00000000,0.00000000,0.00000000,0.02728273,0.00000000,0.00233105,0.00000000,0.00000000,0.00000000,0.00000000,0.00000000,0.05718276,1.23601667,0.00000000,0.00000000,0.03245302,0.00000000,0.00000000,0.00000000,0.00000000,0.00000000,0.00000000,0.00000000,0.00000000,0.00000000,0.00000000,0.00000000,0.00000000,0.00000000,0.00000000,0.00000000,0.00282095
0.00000000,0.00000000,0.00000000,0.00000000,0.00000000,0.14569652,0.00000000,0.00000000,0.00000000,0.00000000,0.00349693,0.00000000,0.00000000,0.00000000,0.00000000,0.00000000,0.00000000,0.00000000,0.00000000,0.00000000,0.00000000,0.00000000,0.00000000,0.00000000,0.00000000,0.00000000,0.01050905,0.00000000,0.00000000,0.00000000,0.00000000,0.00000000,0.00000000,0.00000000,0.00000000,0.00000000,0.00000000,0.00000000,0.00000000,0.00000000,0.00000000,0.00000000,0.00000000,0.00000000,0.00000000,0.00000000,0.00811033,0.00000000,0.00000000,0.00000000,0.00000000,0.00609656,0.00000000,0.00000000,0.00000000,0.00156059,0.00000000,0.00359293,0.00369857,0.74007307,0.00000000,0.00000000,0.00000000,0.00292706,0.00000000,0.00000000,0.00000000,0.00000000,0.00000000,0.00000000,0.00000000,0.00000000,0.00000000,0.00000000,0.00000000,0.00000000,0.00000000,0.00000000,0.00000000,0.00000000,0.15487569,0.13161659,0.00000000,0.00000000,0.00122043,0.03555415,0.00000000,0.00098627,0.00524170,0.00000000,0.00000000,0.00000000,0.00473555,0.00000000,0.00540325,0.16259324,0.00000000,0.00000000,0.00000000,0.00000000,0.00000000,0.00000000,0.00000000,0.00000000,0.00000000,0.00000000,0.00000000,0.00000000,0.00000000,0.00000000,0.00000000,0.00000000,0.00000000,0.00000000,0.02733104,0.00000000,0.00000000,0.00000000,0.00000000,0.00894478,0.00000000,0.00000000,0.00000000,0.00000000,0.00000000,0.38778538,0.00000000,0.00000000,0.00000000,0.00466298,0.34873619,0.00000000,0.00000000,0.00327186,0.04481727,0.00332976,0.02805830,0.00000000,0.00908153,0.00000000,0.00000000,0.00000000,0.00000000,0.00000000,0.00000000,0.00000000,0.00000000,0.00000000,0.00000000,0.00000000,0.00000000,0.00000000,0.00000000,0.00000000,0.00000000,0.00000000,0.00547976,0.00000000,0.06690466,0.01651351,0.00000000,0.00000000,0.00000000,0.00000000,0.00000000,0.00000000,0.00000000,0.00000000,0.00000000,0.00000000,0.00000000,0.00000000,0.00000000,0.00000000,0.00000000,0.00000000,0.00000000,3.16085647,0.00000000,0.00000000,0.00247457,0.00000000,0.00000000,0.00000000,0.00000000,0.00000000,0.00000000,0.00000000,0.00000000,0.00000000,0.00000000,0.00000000,0.00000000,0.00000000,0.00264369,0.00000000,0.00000000,0.00000000,0.00000000,0.00000000,0.00000000,0.00000000,0.00000000,0.00000000,0.00000000,0.00975779,0.00000000,0.00000000,0.00000000,0.00000000,0.00000000,0.00000000,0.00000000,0.00000000,0.00549656,0.00000000,0.00000000,0.00127774,0.05540242,0.00000000,0.00000000,0.00000000,0.00000000,0.00000000,0.00000000,0.00000000,0.00000000,0.00000000,0.12561241,0.00000000,0.00000000,0.00000000,0.00000000,0.00000000,0.00000000,0.00000000,0.00000000,0.00000000,0.00000000,0.00000000,0.00000000,0.00000000,0.00000000,0.00000000,0.00000000,0.00000000,0.00000000,0.00000000,0.00000000,0.00000000,0.53295289,0.00000000,0.00000000,0.00000000,0.00000000,0.00000000,0.00000000,0.00000000,0.00000000,0.00000000,0.00000000,0.01337558,0.00000000,0.00000000,0.00000000,0.00000000,0.00000000,0.00000000,0.00000000,0.00000000,0.00000000,0.00000000,0.00000000,0.00000000,0.00000000,0.00309466,0.00000000,0.00000000,0.00000000,0.00000000,0.00000000,0.00000000,0.00000000,0.00000000,0.00000000,0.00000000,0.00000000,0.06980796,0.21008414,0.00000000,0.00000000,0.00000000,0.00000000,0.00000000,0.00000000,0.00000000,0.00000000,0.00000000,0.00000000,0.01754441,0.02210626,0.18060070,0.00000000,0.20687743,0.00000000,0.00000000,0.00000000,0.00000000,0.05369504,0.00000000,0.00000000,0.00000000,0.00000000,0.00000000,0.00000000,0.00000000,0.00000000,0.00000000,0.00000000,0.00000000,0.00105408,2.27934815,0.00000000,0.00000000,0.00000000,0.00000000,0.00000000,0.00000000,0.00335231,0.00000000,0.05947606,0.00000000,0.00000000,0.00000000,0.00315655,0.00445787,0.00000000,0.00000000,0.00000000,0.00659380,0.00000000,0.00000000,0.00000000,0.00000000,0.00000000,0.00000000,0.00000000,0.00000000,0.00000000,0.00000000,0.00000000,0.00132885,0.00000000,0.01925084,0.00000000,0.00000000,0.00000000,0.00000000,0.00000000,0.00000000,0.00000000,0.00000000,0.00000000,0.00000000,0.00000000,0.00000000,0.00000000,0.00000000,0.00084146,0.00000000,0.00000000,0.00000000,0.00000000,0.00000000,0.00000000,0.00372547,0.00000000,0.00272941,0.00000000,0.00000000,0.00000000,0.00000000,0.00000000,0.13661006,0.00000000,0.00000000,0.01016845,0.00000000,0.00000000,0.00000000,0.00000000,0.00000000,0.00000000,0.00000000,0.00000000,0.00000000,0.00000000,0.00000000,0.00000000,0.00000000,0.00000000,0.00000000,0.00000000,0.00000000,0.00000000,0.00000000,0.00000000,0.00000000,0.00000000,0.00000000,0.00000000,0.00000000,0.00000000,0.10727377,0.00000000,0.00316204,0.00114260,0.00000000,0.00492024,0.00648311,0.00000000,0.00000000,0.00000000,0.00000000,0.00000000,0.00000000,0.00000000,0.00000000,0.00000000,0.00000000,0.00000000,0.00000000,0.00000000,0.00000000,0.00000000,0.02677674,0.00160467,0.00000000,0.00000000,0.00000000,0.00000000,0.00000000,0.00000000,0.00000000,0.00000000,0.00000000,0.00000000,0.00000000,0.00000000,0.00000000,0.00000000,0.00000000,0.00000000,0.00000000,0.00000000,0.00000000,0.00000000,0.00000000,0.00000000,0.00000000,0.00000000,0.00000000,0.00000000,0.00000000,0.00000000,0.00000000,0.00000000,0.00000000,0.00000000,0.00000000,0.00000000,0.00000000,0.00000000,0.00000000,0.00000000,0.00000000,1.15125858,0.00000000,0.00000000,0.00000000,0.00000000,0.00000000,0.00000000,0.00000000,0.00000000,0.00000000,0.00000000,0.00000000,0.00000000,0.00000000,0.00000000,0.00000000,0.00000000,0.00000000,0.10840353,0.00000000,0.00000000,0.00000000,0.00000000,0.00000000,0.00000000,0.00000000,0.00000000,0.00000000,0.00000000,0.00000000,0.00000000,0.00283908,0.00000000,0.00000000,0.00000000,0.00000000,0.00000000,0.00000000,0.00000000,0.00395276,0.00000000,0.00285383,0.00000000,0.00000000,0.00000000,0.00000000,0.00000000,0.00000000,0.00000000,0.00000000,0.00072784,0.00000000,0.00000000,0.00000000,0.00000000,0.00000000,0.00000000,0.00000000,0.01768389,0.00000000,0.00000000,0.00000000,0.00000000,0.00000000,0.00000000,0.00000000,0.00000000,0.00000000,0.00000000,0.00000000,0.00000000,0.00000000,0.00000000,0.00000000,0.00000000,0.00000000,0.00000000,0.02314065,0.00000000,0.01397800,0.00000000,0.00000000,0.00323874,0.00000000,0.00000000,0.00000000,0.05811911,0.00000000,0.00000000,0.00000000,0.00000000,0.00000000,0.00000000,0.00000000,0.00000000,0.00000000,0.51740693,0.00000000,0.00000000,0.00000000,0.00000000,0.00000000,0.00092497,0.00000000,0.00000000,0.00000000,0.00000000,0.00000000,0.00000000,0.00000000,0.00000000,0.00000000,0.00000000,0.00000000,0.00000000,0.00000000,0.00000000,0.00000000,0.00000000,0.00000000,0.00000000,0.00000000,0.00000000,0.00000000,0.00000000,0.00000000,0.17695135,0.00000000,0.00000000,0.00000000,0.00000000,0.00000000,0.00208797,0.01571970,0.02080840,0.00000000,0.00000000,0.00000000,0.00000000,0.01623659,0.00000000,0.00000000,0.00000000,0.00000000,0.00000000,0.00000000,0.00000000,0.00000000,0.00000000,0.00000000,0.05974397,0.00000000,0.00000000,0.00000000,0.00077171,0.00000000,0.00000000,0.00000000,0.00843943,0.00000000,0.00000000,0.00000000,0.00000000,0.00000000,0.40665815,0.00000000,0.00000000,0.00000000,0.04225032,0.00000000,0.00000000,0.00000000,0.00000000,0.00000000,0.00000000,0.06691034,0.00000000,0.00000000,0.00000000,0.00000000,0.00000000,0.00000000,0.01678140,0.00000000,0.00000000,0.00000000,0.00000000,0.01422098,0.00000000,0.00000000,0.00000000,0.00000000,0.00000000,0.00000000,0.00000000,0.00702257,0.00000000,0.00000000,0.00000000,0.00000000,0.00000000,0.00000000,0.00594669,0.00000000,0.00000000,0.00000000,0.00000000,0.00000000,0.00631605,0.00000000,0.00000000,0.00000000,0.00000000,0.00000000,0.00000000,0.00311745,0.00000000,0.65961276,2.26839656,0.00000000,0.00000000,0.00000000,0.00000000,0.00000000,0.00000000,0.00000000,0.00000000,0.00000000,0.00834922,0.00000000,0.00000000,0.00000000,0.00000000,0.04529220,0.00515319,0.00000000,0.00000000,0.00000000,0.00000000,0.00000000,0.00000000,0.00084215,0.00000000,0.00000000,0.00000000,0.00000000,0.00000000,0.00000000,0.00000000,0.00000000,0.00000000,0.00000000,0.00000000,0.00000000,0.00000000,0.00000000,0.00000000,0.00000000,0.00000000,0.00176823,0.00000000,0.00000000,0.00000000,0.00000000,0.00000000,0.00000000,0.00000000,0.00000000,0.00000000,0.00000000,0.00000000,0.00000000,0.00000000,0.00000000,0.00000000,0.00000000,0.00000000,0.00000000,0.00000000,0.00000000,0.00000000,0.00000000,0.00000000,0.00486680,0.00000000,0.00000000,0.00000000,0.00000000,0.00000000,0.01274362,0.00000000,0.00000000,0.00000000,0.00000000,0.27249493,0.00000000,1.74024657,0.00000000,0.00000000,0.00000000,0.00000000,0.00000000,0.00000000,0.00000000,0.00000000,0.00000000,0.00000000,0.00000000,0.00000000,0.00953216,0.00000000,0.00000000,0.00000000,0.00000000,0.00000000,0.00000000,0.00000000,0.00000000,0.00000000,0.00000000,0.00744736,0.00000000,0.00000000,0.00000000
0.00000000,0.00202179,0.00000000,0.00000000,0.00000000,0.00000000,0.00000000,0.00000000,0.00000000,0.00000000,0.00000000,0.03261821,0.00000000,0.00000000,0.00000000,0.00000000,0.00000000,0.00000000,0.00000000,0.00000000,0.00000000,0.00839460,0.00000000,0.00000000,0.00000000,0.00000000,0.02755237,0.00000000,0.00000000,0.00000000,0.00000000,0.00000000,0.00000000,0.00000000,0.00000000,0.05047722,0.00000000,0.00000000,0.00000000,0.00000000,0.00000000,0.00000000,0.00000000,0.00000000,0.00752575,0.00000000,0.00000000,0.00000000,0.03818298,0.00000000,0.00000000,0.00000000,0.00000000,0.00000000,0.00000000,0.07520961,0.00000000,0.00000000,0.00000000,0.04930189,0.00000000,0.00000000,0.00000000,0.00000000,0.00000000,0.00000000,0.00000000,0.00000000,0.00000000,0.00000000,0.00000000,0.00000000,0.00000000,0.00000000,0.00000000,0.00000000,0.00000000,0.00000000,0.00874510,0.00000000,0.00000000,0.01937649,0.00000000,0.00000000,0.00000000,0.00000000,0.00000000,0.00000000,0.00000000,0.00000000,0.00000000,0.00000000,0.00000000,0.00000000,0.00000000,0.00000000,0.05383801,0.00000000,0.00000000,0.00000000,0.00000000,0.07110157,0.00316195,0.00000000,0.00000000,0.00000000,0.00000000,0.00000000,0.00000000,0.00000000,0.00000000,0.00000000,0.00000000,0.12984655,0.00000000,0.00000000,0.00000000,0.00000000,0.00000000,0.00000000,0.00000000,0.00000000,0.04300777,0.00000000,0.00000000,0.00000000,0.00000000,0.00000000,0.00000000,0.18194027,0.01392690,0.00000000,0.00000000,0.00000000,0.00000000,0.00000000,0.00000000,0.00000000,0.00000000,0.00373864,0.00000000,0.00496546,0.00000000,0.00000000,0.00000000,0.00000000,0.01408938,0.00000000,0.00000000,0.00000000,0.00000000,0.00000000,0.00000000,0.00000000,0.00000000,0.00000000,0.00000000,0.00000000,0.00000000,0.03751677,0.00000000,0.00000000,0.00406018,0.00000000,0.00000000,0.00000000,0.00000000,0.00000000,0.00000000,0.00896142,0.00000000,0.00000000,0.00000000,0.00000000,0.00000000,0.00000000,0.00000000,0.00000000,0.00000000,0.01051528,0.00000000,0.00000000,0.01430530,0.00000000,0.00000000,0.00000000,0.00000000,0.00000000,0.00000000,0.00000000,0.00000000,0.00000000,0.00000000,0.00000000,0.00000000,0.00000000,0.00000000,0.00000000,0.00182984,0.00000000,0.00331417,0.00000000,0.25694941,0.00000000,0.00000000,0.00000000,0.00000000,0.00000000,0.00209154,0.00000000,0.00000000,0.00000000,0.00000000,0.00000000,0.00000000,0.00000000,0.00000000,0.00000000,0.00000000,0.00000000,0.00231525,0.00000000,0.00000000,0.00000000,0.00000000,0.00000000,0.00000000,0.00000000,0.00000000,0.00000000,0.00000000,0.00000000,0.00000000,0.00000000,0.00000000,0.00000000,0.00000000,0.00000000,0.00000000,0.00000000,0.00000000,0.00000000,0.00000000,0.00000000,0.00707324,0.00000000,0.00000000,0.00000000,0.00000000,0.00000000,0.00000000,0.00000000,0.00000000,0.00000000,0.00000000,0.00000000,0.00000000,0.00000000,0.00000000,0.00000000,0.00000000,0.00000000,0.00841731,0.11081456,0.00000000,0.00000000,0.00000000,0.00000000,0.00000000,0.00000000,0.00000000,0.00000000,0.00000000,0.00000000,0.00000000,0.00816484,0.00000000,0.00000000,0.00616173,0.00000000,0.00333238,0.00000000,0.00616484,0.00000000,0.00000000,0.00000000,0.00000000,0.00352280,0.00715273,0.00000000,0.00000000,0.00000000,0.00000000,0.00000000,0.00000000,0.00000000,0.00000000,0.00000000,0.01131339,0.00000000,0.00000000,0.00000000,0.00000000,0.00000000,0.00000000,0.00000000,0.00000000,0.00000000,0.00000000,0.00000000,0.00000000,0.00000000,0.00000000,0.00000000,0.00000000,0.00000000,0.00000000,0.00000000,0.00000000,0.00000000,0.00000000,0.00000000,0.00000000,0.00000000,0.00000000,0.00000000,0.00000000,0.00000000,0.00000000,0.00000000,0.00000000,0.00000000,0.00847679,0.01648002,0.00000000,0.00000000,0.00000000,0.00000000,0.00000000,0.00000000,0.00000000,0.00000000,0.00000000,0.00000000,0.00000000,0.00000000,0.00000000,0.00000000,0.00000000,0.00000000,0.00190642,0.00000000,0.00000000,0.00000000,0.00000000,0.00000000,0.00390433,0.00000000,0.00000000,0.00000000,0.00000000,0.00000000,0.00000000,0.01181243,0.00000000,0.00000000,0.00000000,0.56151189,0.00000000,0.00000000,0.00000000,0.00000000,0.00760457,0.00000000,0.00000000,0.00000000,0.00000000,0.00000000,0.00000000,0.00000000,0.00000000,0.00000000,0.00000000,0.00000000,0.00000000,0.00000000,0.00000000,0.00000000,0.00000000,0.00000000,0.00000000,0.00000000,0.00000000,0.00085113,0.00000000,0.00000000,0.00000000,0.00000000,0.00000000,0.00000000,0.00000000,0.00000000,0.00000000,0.00000000,0.00000000,0.00216974,0.00000000,0.00000000,0.00000000,0.00606898,0.00000000,0.00521954,0.00062747,0.00000000,0.00000000,0.00000000,0.00000000,0.00000000,0.00000000,0.00000000,0.00000000,0.00000000,0.00000000,0.00624831,0.00000000,0.00000000,0.00000000,0.00000000,0.00000000,0.00000000,0.00000000,0.00000000,0.00000000,0.00000000,0.00000000,0.00000000,0.00000000,0.00115773,0.00000000,0.00000000,0.00000000,0.00000000,0.00000000,0.02467167,0.00000000,0.00000000,0.00000000,0.00447736,0.00000000,0.00000000,0.00000000,0.00000000,0.00000000,0.00000000,0.00000000,0.00000000,0.00000000,0.01398267,0.00000000,0.00000000,0.00000000,0.00291718,0.00000000,0.00000000,0.00000000,0.00000000,0.00000000,0.00000000,0.00816614,0.00000000,0.04677648,0.00000000,0.00592111,0.00000000,0.00000000,0.00000000,0.00000000,0.00000000,0.00000000,0.00000000,0.00000000,0.00000000,0.00000000,0.00000000,0.00000000,0.00000000,0.00354093,0.07383376,0.00000000,0.00000000,0.00000000,0.00000000,0.01939308,0.00000000,0.00000000,0.02115697,0.00000000,0.00000000,0.00000000,0.00000000,0.00000000,0.00000000,0.00790571,0.03862790,0.00000000,0.00000000,0.00000000,0.00000000,0.00000000,0.00439077,0.00000000,0.00000000,0.00000000,0.00000000,0.00000000,0.00000000,0.00000000,0.00000000,0.00000000,0.00000000,0.00000000,0.00000000,0.00302387,0.00000000,0.00000000,0.06100552,0.00000000,0.00000000,0.00000000,0.00000000,0.00000000,0.00000000,0.00000000,0.00000000,0.00000000,0.00000000,0.02735660,0.00000000,0.00000000,0.00106888,0.00000000,0.00000000,0.00000000,0.00000000,0.00000000,0.00000000,2.86730273,0.00000000,0.00000000,0.00468961,0.00000000,0.00000000,0.00253172,0.00000000,0.00000000,0.00000000,0.00000000,0.00000000,0.00000000,0.00000000,0.00000000,0.00532651,0.01110389,0.00000000,0.00000000,0.00000000,0.00808043,0.00000000,0.00000000,0.00000000,0.00442880,0.00000000,0.00000000,0.00000000,0.00000000,0.00000000,0.00000000,0.00000000,0.00000000,0.01686259,0.00000000,0.00000000,0.06552898,0.00000000,0.00467534,0.00000000,0.00000000,0.09690126,0.00000000,0.00000000,0.00000000,0.00000000,0.00000000,0.00000000,0.00000000,0.04709456,0.00146605,0.00000000,0.00000000,0.00000000,0.00000000,0.00258768,0.00000000,0.00000000,0.00000000,0.00000000,0.00000000,0.03390020,0.00000000,0.00000000,0.00000000,0.01093727,0.00000000,0.00059567,0.00000000,0.00000000,0.00000000,0.00000000,0.00000000,0.00000000,0.00000000,0.00000000,0.00000000,0.00000000,0.00000000,0.00000000,0.00000000,0.00000000,0.00346764,0.00000000,0.00000000,0.00000000,0.00000000,0.00000000,0.00000000,0.00000000,0.00000000,0.00000000,0.00000000,0.00000000,0.00000000,0.00000000,0.01975812,0.00000000,0.00000000,0.00000000,0.00000000,0.00000000,0.00000000,0.00000000,0.00000000,0.01967011,0.00000000,0.00000000,0.00000000,0.00000000,0.00000000,0.00000000,0.00000000,0.00000000,0.00000000,0.00000000,0.00000000,0.00000000,0.00000000,0.02228575,0.00000000,0.00000000,0.00000000,0.00000000,0.00423005,0.06953245,0.00813442,0.00000000,0.00000000,0.00000000,0.00000000,0.00000000,0.00280358,0.00000000,0.00000000,0.00000000,0.00000000,0.00000000,0.00000000,0.00000000,0.00000000,0.00000000,0.00000000,0.00000000,0.00000000,0.00000000,0.00000000,0.00000000,0.03892129,0.00000000,0.00000000,0.00000000,0.00000000,0.00000000,0.00000000,0.00000000,0.00000000,0.00368325,0.00000000,0.00000000,0.00000000,0.00000000,0.00000000,0.00000000,0.00000000,0.00847895,0.00000000,0.00996392,0.00000000,0.00000000,0.00000000,0.00000000,0.00000000,0.00000000,0.00000000,0.01730025,0.00000000,0.00000000,0.00000000,0.00121925,0.00000000,0.00000000,0.00000000,0.00000000,0.00000000,0.00000000,0.00000000,0.00000000,0.00000000,0.00000000,0.00000000,0.00000000,0.00000000,0.00000000,0.00415539,0.00000000,0.00000000,0.00000000,0.00000000,0.00914587,0.00000000,0.00000000,0.00000000,0.00000000,0.00000000,0.00000000,0.00000000,0.00000000,0.00000000,0.00000000,0.00000000,0.00000000,0.00000000,0.00000000,0.00000000,0.00000000,0.00000000,0.00000000,0.01186467,0.00000000,0.05062076,0.00000000,0.00000000,0.00000000,0.01539454,0.00000000,0.00000000,0.03742989,0.00000000,0.00000000,0.00000000,0.00259673,0.00000000,0.00000000,0.00000000,0.00000000,0.02290369,0.00000000,0.00130701,0.00316120,0.00000000,0.00000000,0.00000000,0.00000000,0.00000000,0.00000000,0.00000000,0.00000000,0.00000000,0.00000000,0.00000000,0.00000000,0.00000000,0.00000000
0.00259047,0.00000000,0.00161764,0.01496320,0.00592286,0.00000000,0.00000000,0.00000000,0.00000000,0.00000000,0.00000000,0.00000000,0.00000000,0.00000000,0.00000000,0.00951494,0.00000000,0.00000000,0.00000000,0.00000000,0.00000000,0.00000000,0.00000000,0.00000000,0.00000000,0.00000000,0.00000000,0.00000000,0.00000000,0.21651589,0.00000000,0.00000000,0.00000000,0.00000000,0.00000000,0.00000000,0.00992772,0.00000000,0.00000000,0.00000000,0.00000000,0.00000000,0.02671735,0.00000000,0.00000000,0.00000000,0.01088033,0.00000000,0.00000000,0.00000000,0.00000000,0.00000000,0.00000000,0.00000000,0.00000000,0.00000000,0.00000000,0.00581247,0.00000000,0.00000000,0.00279704,0.00000000,0.00000000,0.00000000,0.00000000,0.00000000,0.00000000,0.00169266,0.00000000,0.00131847,0.00000000,0.00000000,0.02445997,0.00000000,0.00000000,0.00368508,0.00000000,0.00000000,0.00000000,0.00000000,0.00000000,0.00000000,0.00428409,0.00000000,0.00000000,0.00000000,0.00000000,0.00374839,0.00000000,0.00000000,0.00202432,0.00000000,0.00000000,0.00000000,0.00000000,0.00000000,0.00000000,0.00000000,0.00465580,0.00000000,0.04825569,0.01379725,0.00000000,0.00000000,0.00000000,0.00000000,0.00000000,2.03156860,0.00000000,0.00000000,0.00000000,0.00000000,0.00000000,0.00000000,0.00000000,0.00000000,0.00000000,0.00000000,0.00000000,0.00000000,0.00000000,0.00000000,0.00000000,0.19153319,0.00000000,0.00000000,0.00000000,0.00000000,0.00000000,0.06332718,0.00553672,0.00000000,0.00000000,0.00000000,0.00000000,0.00000000,0.00000000,0.02438861,0.00000000,0.00435229,0.00000000,0.00000000,0.00000000,0.00000000,0.00000000,0.00000000,0.00000000,0.00000000,0.00000000,0.00000000,0.00000000,0.00000000,0.00000000,0.00000000,0.00000000,0.00000000,0.00000000,0.00439233,0.00000000,0.02428124,0.00000000,0.00110967,0.00000000,0.00000000,0.00000000,0.02531366,0.00000000,0.00000000,0.00000000,0.00000000,0.00000000,0.00000000,0.00000000,0.00000000,0.00000000,0.00000000,0.00000000,0.00000000,0.00000000,0.00000000,0.00000000,0.00000000,0.00000000,0.00000000,0.00636721,0.00000000,0.00000000,0.00000000,0.00217403,0.00000000,0.00000000,0.00000000,0.00000000,0.00000000,0.00000000,0.00000000,0.00000000,0.04206917,0.00000000,0.00000000,0.00000000,0.00000000,0.00000000,0.00000000,0.00000000,0.00000000,0.00000000,0.00707725,0.00000000,0.00000000,0.00000000,0.00403042,0.00000000,0.00000000,0.00000000,0.00000000,0.00153490,0.00000000,0.00000000,0.00000000,0.00000000,0.00000000,0.00000000,0.00000000,0.00000000,0.00000000,0.00000000,0.00000000,0.00000000,0.00000000,0.00000000,0.00000000,0.00000000,0.00000000,0.00000000,0.00000000,0.00000000,0.00000000,0.00000000,0.00000000,0.00266851,0.00000000,0.00000000,0.00000000,0.00000000,0.00000000,0.00250020,0.00000000,0.00000000,0.00000000,0.01229695,0.00000000,0.00000000,0.00000000,0.00000000,0.00000000,0.00000000,0.00000000,0.00000000,0.00000000,0.00382851,0.02966093,0.00000000,0.00000000,0.00000000,0.00000000,0.00000000,0.00000000,0.00000000,0.00000000,0.00000000,0.00000000,0.00000000,0.04793957,0.00000000,0.00000000,0.00000000,0.00000000,0.00000000,0.00115625,0.00000000,0.00000000,0.00000000,0.00000000,0.09234451,0.00000000,0.00104148,0.00000000,0.00060638,0.00000000,0.00000000,0.00000000,0.00000000,0.00000000,0.00000000,0.00000000,0.00000000,0.00000000,0.00000000,0.00000000,0.03297721,0.00000000,0.00000000,0.00000000,0.00000000,0.00000000,0.00000000,0.00000000,0.00000000,0.00000000,0.00000000,0.00000000,0.00000000,0.00000000,0.00000000,0.00000000,0.00000000,0.00000000,0.00000000,0.00000000,0.00999370,0.00000000,0.00000000,0.00000000,0.00000000,0.00000000,0.00000000,0.00000000,0.02809167,0.00000000,0.00000000,0.00000000,0.00000000,0.00000000,0.00000000,0.00000000,0.00000000,0.07063218,0.00000000,0.02011505,0.00000000,0.00000000,0.00000000,0.00000000,0.00000000,0.00000000,0.00000000,0.00000000,0.00000000,0.00000000,0.03628689,0.00000000,0.00000000,0.00000000,0.00000000,0.00000000,0.00000000,0.00000000,0.00000000,0.00000000,0.00000000,0.00000000,0.00000000,0.00000000,0.02340434,0.00000000,0.00000000,0.00000000,0.00000000,0.00000000,0.00000000,0.00128813,0.00000000,0.00199027,0.00000000,0.00000000,0.00000000,2.40757816,0.00000000,0.00000000,0.00000000,0.00000000,0.00000000,0.03054176,0.00000000,0.00000000,0.00000000,0.00000000,0.00000000,0.05597104,0.00000000,0.00000000,0.00000000,0.00000000,0.00000000,0.00601296,0.00000000,0.00000000,0.00000000,0.00000000,0.00000000,0.00000000,0.00000000,0.00000000,0.00000000,0.00000000,0.00000000,0.00000000,0.00000000,0.00000000,0.00000000,0.01482381,0.00000000,0.00000000,0.00705411,0.00000000,0.00000000,0.00000000,0.00000000,0.00000000,0.00000000,0.00000000,0.00000000,0.00695610,0.00605443,0.00000000,0.00000000,0.00000000,0.00373077,0.00000000,0.00000000,0.00000000,0.00000000,0.00000000,0.00000000,0.05024889,0.00000000,0.00353587,0.00000000,0.00283905,0.00000000,0.00000000,0.00000000,1.39102212,0.00000000,0.00000000,0.00000000,0.02069372,0.00000000,0.00000000,0.00000000,0.00000000,0.00155368,0.00000000,0.00000000,0.00000000,0.00000000,0.00000000,0.00000000,0.00000000,0.00000000,0.00000000,0.00000000,0.00000000,0.00000000,0.00000000,0.00000000,0.00000000,1.10740852,0.01801719,0.00000000,0.00000000,0.00000000,0.00000000,0.00000000,0.00000000,0.00000000,0.00000000,0.00000000,0.00000000,0.01964467,0.00000000,0.00000000,0.00000000,0.00000000,0.00000000,0.00000000,0.05677386,0.00000000,0.00000000,0.00094202,0.00151754,0.00000000,0.00000000,0.00000000,0.00000000,0.00000000,0.00000000,0.00000000,0.00000000,0.04370075,0.00000000,0.00000000,0.00582882,0.00000000,0.00000000,0.00000000,0.00000000,0.00000000,0.00000000,0.00000000,0.00000000,0.00426493,0.00000000,0.00000000,0.00000000,0.00000000,0.00000000,0.00000000,0.00000000,0.00000000,0.00000000,0.00000000,0.00000000,0.00000000,0.00000000,0.00000000,0.03197199,0.00000000,0.00000000,0.00000000,0.00000000,0.00000000,0.00000000,0.00000000,0.00000000,0.00000000,0.00000000,0.00066818,0.00178211,0.00000000,0.00000000,0.00000000,0.00000000,0.00000000,0.00000000,0.00000000,0.00000000,0.00000000,0.00000000,0.00000000,0.00000000,0.00000000,0.00000000,0.00000000,0.00000000,0.00000000,0.00000000,0.00000000,0.00000000,0.00000000,0.00000000,0.00000000,0.00000000,0.00000000,0.00000000,0.00000000,0.00000000,0.00000000,0.00133261,0.00000000,0.00000000,0.00000000,0.00000000,0.00000000,0.00000000,0.00000000,0.00000000,0.01238246,0.00000000,0.00000000,0.00000000,0.00000000,0.00000000,0.00000000,0.00000000,0.00000000,0.00000000,0.00000000,0.01464200,0.00000000,0.00000000,0.00000000,0.00000000,0.04269874,0.00000000,0.00000000,0.00000000,0.00000000,0.00000000,0.00000000,0.00000000,0.00000000,0.00000000,0.00000000,0.00272412,0.00000000,0.00000000,0.00000000,0.00000000,0.00000000,0.22357582,0.00000000,0.00000000,0.00000000,0.00000000,0.01661101,0.00000000,0.00000000,0.01368617,0.00000000,0.00000000,0.00000000,0.00000000,0.00000000,0.00000000,0.00000000,0.00000000,0.00000000,0.00000000,0.00000000,0.00000000,0.00000000,0.00000000,0.00000000,0.00000000,0.00000000,0.00000000,0.00000000,0.00393175,0.00000000,0.00000000,0.00000000,0.00000000,0.00000000,0.00000000,0.01018310,0.00366855,0.00000000,0.00000000,0.00000000,0.00000000,0.00000000,0.00000000,0.00000000,0.00000000,0.00000000,0.00000000,0.01809636,0.00000000,0.00000000,0.00000000,0.00000000,0.00000000,0.00000000,0.00000000,0.00000000,0.00000000,0.00000000,0.00000000,0.00000000,0.00000000,0.00000000,0.19160956,0.00000000,0.00000000,0.00000000,0.00000000,0.00000000,0.00000000,0.00000000,0.00000000,0.00558129,0.00000000,0.00000000,0.00000000,0.00000000,0.00000000,0.00000000,0.00000000,0.00000000,0.00000000,0.00000000,0.00000000,0.00000000,2.16367284,0.00000000,0.00000000,0.00000000,0.00000000,0.00000000,0.00000000,0.00000000,0.00000000,0.00000000,0.00000000,0.00000000,0.00000000,0.00000000,0.00000000,0.00000000,0.01452447,0.00000000,0.00000000,0.00000000,0.00000000,0.00000000,0.00000000,0.00000000,0.00000000,0.00000000,0.00000000,0.00000000,0.02102808,0.00000000,0.00000000,0.00000000,0.00000000,0.00000000,0.00000000,0.00000000,0.00000000,0.00000000,0.00107153,0.00044031,0.00000000,0.00000000,0.00000000,0.00000000,0.06714515,0.00000000,0.00000000,0.00000000,0.00000000,0.00000000,0.00000000,0.00000000,0.00000000,0.04101121,0.00000000,0.00000000,0.00000000,0.00000000,0.00000000,0.00367110,0.00000000,0.00000000,0.00000000,0.00280816,0.01278007,0.00000000,0.00000000,0.00000000,0.00000000,0.00826523,0.00000000,0.00000000,0.00000000,0.00000000,0.00000000,0.00000000,0.06054608,0.00000000,0.00000000,0.00000000,0.00000000,0.00000000,0.00000000,0.01967439,0.07654553,0.00000000,0.00000000,0.00000000,0.00000000,0.00000000,0.09231358,0.00000000,0.00000000,0.00000000,0.00000000,0.00000000,0.00000000,0.00000000,0.00000000,0.00000000,0.00000000,0.00098836,0.00000000,0.00000000,0.00428597
0.00000000,0.00000000,0.00000000,0.00000000,0.00000000,0.07760934,0.00000000,0.00000000,0.00000000,0.00000000,0.00000000,0.00000000,0.00000000,0.00000000,0.00000000,0.00510516,0.00000000,0.00000000,0.00000000,0.00000000,0.00000000,0.00312540,0.00000000,0.00000000,0.00000000,0.00000000,0.00000000,0.03192026,0.00000000,0.00000000,0.09781419,0.00000000,0.00000000,0.00000000,0.00000000,0.00000000,0.00000000,0.00000000,0.00000000,0.00000000,0.00000000,0.00000000,0.00342495,0.00000000,0.00000000,0.00000000,0.00000000,0.00000000,0.00000000,0.00000000,0.00000000,0.00000000,0.13568590,0.00000000,0.00000000,0.00000000,0.00000000,0.00000000,0.00000000,0.00232050,0.00000000,0.00000000,0.00000000,0.00000000,0.00000000,0.00000000,0.00000000,0.00000000,0.00000000,0.00000000,0.00000000,0.00000000,0.00000000,0.00000000,0.00000000,0.00000000,0.00000000,0.00000000,0.00360806,0.00000000,0.00000000,0.00000000,0.00000000,0.00000000,0.00000000,0.00000000,0.00163065,0.00000000,0.00000000,0.00000000,0.00248656,0.00000000,0.00000000,0.00000000,0.00000000,0.00000000,0.00000000,0.00000000,0.00000000,0.00000000,0.00000000,0.00000000,0.00000000,0.00000000,0.00000000,0.18767459,0.00000000,0.00000000,0.00000000,0.00000000,0.00000000,0.00000000,0.00000000,0.00293916,0.00000000,0.00000000,0.00000000,0.00230249,0.01026831,0.00000000,0.00000000,0.00000000,0.00000000,0.00000000,0.00000000,0.00000000,0.00000000,0.00000000,0.01487146,0.00375658,0.00000000,0.01285175,0.00000000,0.02825038,0.00000000,0.00000000,0.00000000,0.00000000,0.00000000,0.00000000,0.00000000,0.00000000,0.00000000,0.00000000,0.00000000,0.00000000,0.00000000,0.00000000,0.00000000,0.00000000,0.00000000,0.00000000,0.00000000,0.00000000,0.00000000,0.00000000,0.00000000,0.00000000,0.00000000,0.00000000,0.00000000,0.00000000,0.00000000,0.00000000,0.00000000,0.02132428,0.00000000,0.00000000,0.00000000,0.00000000,0.00582269,0.00000000,0.00000000,0.00000000,0.00000000,0.00000000,0.01047421,0.00000000,0.00000000,0.00000000,0.00183437,0.00274315,0.00000000,0.00000000,0.00000000,0.00000000,0.00219237,0.00000000,0.00000000,0.00000000,0.00000000,0.18275025,0.00000000,0.00000000,0.00000000,0.00000000,0.00000000,0.00000000,0.00095709,0.00000000,0.00000000,0.00000000,0.00000000,0.00000000,0.00000000,0.00000000,0.00000000,0.00394429,0.00000000,0.00000000,0.00000000,0.00000000,0.00000000,0.00000000,0.00000000,0.00000000,0.00000000,0.00000000,0.00000000,0.00000000,0.00000000,0.87045435,0.00000000,0.00000000,0.00145850,0.00367763,0.00000000,0.00000000,0.00000000,0.00000000,0.00000000,0.00000000,0.00000000,0.00000000,0.00000000,0.00000000,0.00000000,0.00000000,1.19016542,0.00000000,0.00000000,0.00000000,0.00000000,0.00000000,0.00000000,0.00000000,0.00000000,0.00000000,0.00000000,0.00000000,0.00000000,0.00000000,0.00000000,0.00000000,0.00236366,0.00000000,0.00000000,0.00000000,0.00000000,0.00000000,0.00000000,2.57398101,0.00434426,0.00000000,0.00000000,0.00000000,0.14682400,0.00067320,0.00000000,0.00000000,0.00000000,0.00000000,0.00000000,0.00000000,0.00000000,0.00000000,0.00000000,0.00248876,0.00000000,0.00000000,0.00000000,0.00000000,0.00000000,0.00000000,0.00000000,0.00000000,0.00000000,0.00000000,0.00000000,0.00000000,0.00000000,0.00000000,0.00000000,0.00122031,0.00000000,0.00000000,0.00000000,0.00000000,0.00000000,0.00000000,0.00000000,0.00000000,0.00000000,0.00000000,0.00000000,0.00000000,0.00000000,0.00000000,0.00000000,0.00000000,0.00000000,0.00000000,0.00633811,0.00000000,0.00000000,0.00000000,0.00000000,0.00000000,0.00000000,0.00000000,0.00000000,0.00000000,0.00000000,0.00000000,0.00000000,0.00000000,0.00000000,0.00000000,0.00246674,0.00000000,0.00000000,0.00000000,0.00000000,0.00000000,0.00000000,0.00000000,0.00000000,0.00000000,0.00000000,0.00000000,0.00000000,0.00000000,0.00000000,0.01331821,0.00000000,0.08368004,0.00577133,0.00000000,0.00000000,0.00000000,0.00000000,0.00000000,0.00000000,0.00000000,0.00000000,0.00000000,0.00000000,0.00000000,0.00000000,0.00000000,0.01260312,0.00000000,0.00000000,0.00000000,0.00000000,0.00000000,0.00000000,0.00000000,0.00000000,1.51831069,0.00000000,0.00000000,0.00000000,0.00000000,0.00000000,0.00000000,0.00244210,0.10021908,0.00000000,0.00000000,0.48401792,0.00000000,0.00000000,0.00518725,0.00000000,0.00000000,0.00000000,0.00000000,0.00000000,0.00467207,0.01619761,0.00000000,0.00000000,0.00000000,0.00000000,0.00000000,0.00000000,0.00000000,0.01092149,0.00000000,0.00000000,0.00000000,0.00000000,0.00000000,0.00000000,0.00000000,0.00000000,0.00000000,0.00000000,0.00000000,0.00000000,0.00000000,0.00000000,0.00000000,0.00000000,0.00000000,0.00000000,0.00000000,0.00000000,0.00000000,0.00000000,0.00801795,0.00000000,0.00000000,0.00000000,0.00000000,1.85166569,0.00000000,0.00000000,0.00000000,0.00000000,0.00000000,0.00000000,0.00000000,0.00000000,0.00000000,0.00000000,0.00000000,0.00000000,0.00000000,0.00000000,0.00000000,0.00000000,0.00000000,0.00000000,0.00000000,0.00000000,0.00000000,0.00265248,0.00000000,0.00000000,0.00000000,0.00000000,0.00000000,0.00426291,0.00000000,0.00921068,0.00000000,0.00000000,0.00000000,0.00000000,0.00000000,0.00000000,0.00000000,0.00000000,0.00000000,0.00000000,0.00000000,0.00000000,0.00000000,0.01073436,0.00000000,0.00000000,0.01255320,0.00000000,0.00144352,0.00000000,0.00000000,0.00000000,0.00000000,0.00647453,0.00000000,0.00000000,0.10375325,0.00000000,0.00000000,0.00000000,0.00000000,0.00000000,0.00000000,0.00000000,0.00000000,0.00000000,0.00000000,0.00000000,0.00000000,0.00000000,0.00000000,0.00605909,0.03820228,0.00000000,0.00000000,0.01370706,0.00320818,0.00000000,0.00000000,0.02387128,0.00662527,0.00000000,0.00000000,0.00000000,0.00000000,0.00000000,0.00000000,0.00000000,0.00000000,0.00000000,0.00000000,0.00666782,0.00000000,0.00000000,0.00000000,0.00390258,0.00000000,0.00000000,0.00000000,0.00000000,0.00000000,0.00000000,0.00000000,0.00000000,0.00000000,0.00000000,0.00000000,0.00000000,0.00441633,0.00000000,0.00000000,0.00000000,0.00000000,0.00000000,0.00000000,0.00000000,0.00000000,0.00000000,0.00000000,0.00000000,0.00000000,0.00000000,0.00000000,0.00000000,0.00000000,0.00419923,0.00000000,0.00000000,0.00000000,0.00377612,0.00000000,0.00000000,0.00000000,0.00000000,0.00000000,0.00000000,0.00148537,0.00000000,0.00000000,0.00000000,0.00000000,0.00000000,0.00000000,0.00000000,0.00000000,0.00000000,0.23533432,0.00000000,0.00000000,0.00000000,0.00000000,0.00000000,0.00000000,0.00000000,0.00000000,0.00000000,0.00000000,0.00000000,0.00000000,0.00000000,0.00000000,0.00000000,0.00000000,0.00000000,0.00000000,0.00000000,0.00000000,0.00000000,0.00000000,0.00000000,0.00000000,0.00000000,0.00000000,0.00000000,0.00000000,0.00000000,0.00000000,0.00000000,0.00000000,0.00000000,0.00000000,0.00000000,0.00000000,0.00000000,0.00000000,0.00000000,0.00000000,0.00000000,0.00000000,0.00000000,0.00000000,0.00000000,0.00000000,0.23163262,0.00000000,0.00000000,0.00888625,0.03824117,0.00000000,0.00000000,0.00000000,0.03822131,0.00000000,0.00000000,0.00000000,0.00000000,0.00000000,0.00000000,0.00000000,0.00000000,0.00000000,0.00000000,0.00000000,0.00000000,0.00000000,0.00871167,0.02398265,0.00000000,0.00000000,0.00000000,0.00000000,0.00000000,0.00000000,0.00000000,0.00000000,0.00000000,0.00000000,0.00000000,0.00000000,0.00000000,0.00000000,0.00000000,0.40460517,0.03522362,0.00000000,0.00000000,0.00652225,0.00000000,0.00000000,0.00000000,0.00000000,0.00000000,0.00000000,0.00000000,0.02787574,0.00000000,0.00000000,2.56963532,0.01278670,0.00000000,0.00000000,0.01233597,0.00000000,0.00000000,0.00000000,0.00000000,0.00000000,0.00000000,0.00000000,1.02379794,0.00000000,0.00000000,0.00000000,0.00445366,0.00000000,0.00000000,0.01388574,0.00000000,0.00000000,0.00000000,0.00000000,0.00430111,0.00000000,0.00000000,0.00000000,0.00000000,0.00000000,0.00000000,0.00778783,0.00537340,0.00000000,0.00000000,0.00000000,0.00000000,0.00000000,0.00000000,0.00000000,0.00000000,0.00000000,0.00567980,0.00000000,2.24394087,0.00000000,0.00000000,0.00663330,0.00000000,0.37326432,0.00000000,0.00000000,0.00000000,0.00000000,0.00000000,0.00000000,0.00000000,0.00000000,0.00000000,0.00000000,0.00000000,0.00000000,0.00070791,0.00000000,0.00000000,0.00000000,0.00638281,0.00000000,0.00000000,0.00000000,0.00000000,0.00000000,0.00000000,0.00080177,0.00000000,0.00000000,0.04404122,0.00000000,0.00000000,0.00000000,0.00633890,0.00298903,0.00000000,0.01378427,0.00000000,0.00000000,0.05300721,0.00000000,0.01661583,0.00000000,0.00000000,0.00000000,0.00000000,0.00000000,0.00819497,0.04733849,0.07326180,0.00000000,0.00000000,0.00000000,0.00000000,0.00000000,0.00000000,0.05780249,0.00000000,0.00302349,0.00000000,0.00000000,0.00000000,0.00000000,0.00000000,0.00000000,0.00000000,0.00000000,0.00000000,0.00000000,0.00247590,0.00000000,0.00000000,0.00000000,0.00000000,0.00000000,0.00000000,0.00000000,0.00000000,0.00000000
0.00000000,0.01065549,0.00000000,0.01204882,0.00000000,0.00963241,0.00923932,0.00000000,0.00000000,0.00000000,0.00000000,0.00000000,0.00000000,0.00000000,0.00000000,0.00000000,0.00000000,0.00000000,0.00000000,0.85250204,0.01461862,0.00000000,0.00000000,0.00000000,0.00000000,0.00000000,0.00000000,0.00000000,0.00000000,0.00000000,0.00000000,0.00000000,0.00000000,0.00000000,0.00000000,0.00000000,0.00000000,0.00000000,0.00181185,0.00000000,0.00000000,0.00078265,0.00000000,0.00000000,0.00000000,0.20311873,0.00000000,0.00000000,0.00000000,0.00000000,0.00000000,0.00000000,0.00000000,0.00000000,0.00000000,0.00000000,0.00000000,0.01880499,0.00000000,0.00000000,0.00000000,0.00000000,0.00727288,0.00000000,0.00000000,0.00000000,0.00000000,0.00921463,0.00000000,0.00000000,0.00000000,0.01869782,0.00000000,0.00000000,0.00000000,0.00000000,0.00429528,0.00000000,0.00000000,0.00000000,0.00000000,0.00453516,0.00000000,0.00000000,0.00000000,0.00000000,0.00000000,0.07826896,0.00000000,0.00000000,0.00000000,0.00000000,0.00000000,0.00000000,0.00000000,0.00000000,0.00000000,0.00000000,0.00000000,0.00650990,0.00000000,0.00000000,0.00000000,0.00000000,0.00000000,0.00000000,0.00000000,0.00000000,0.00000000,0.00000000,0.00000000,0.00000000,0.00000000,0.00000000,0.00000000,0.00000000,0.00000000,0.00000000,0.00000000,0.00000000,0.00000000,0.00000000,0.00000000,0.00000000,0.00000000,0.00000000,0.00131849,0.00000000,0.00269398,0.00000000,0.00000000,0.00000000,0.01735485,0.00000000,0.01354371,0.00000000,0.00000000,0.00000000,0.00000000,0.00000000,0.00000000,0.00844249,0.00000000,0.00000000,0.00000000,0.00000000,0.00000000,0.00000000,0.00000000,0.00000000,0.00000000,0.00000000,0.00000000,0.00000000,0.00000000,0.00000000,0.00000000,0.00000000,0.00642928,0.00000000,0.00000000,0.00000000,0.00000000,0.00000000,0.03369286,0.00000000,0.00000000,0.00136639,0.02699747,0.00000000,0.00000000,0.09694261,0.00000000,0.00000000,0.00000000,0.00000000,0.20835114,0.00000000,0.00000000,0.00000000,0.00000000,0.00000000,0.00000000,0.00000000,0.00000000,0.00000000,0.00000000,0.00000000,0.00000000,0.00000000,0.00000000,0.00000000,0.00000000,0.00993453,0.00249419,0.00328183,0.00000000,0.00000000,0.00000000,0.00000000,0.00000000,0.00000000,0.03308062,0.00000000,0.00000000,0.00000000,0.00000000,0.00342584,0.00072646,0.00000000,0.00000000,0.00000000,0.00000000,0.00000000,0.46625983,0.00000000,0.00000000,0.00000000,0.00000000,0.00000000,0.00000000,0.00000000,0.00070409,0.00000000,0.00000000,0.00000000,0.00070324,0.00000000,0.00000000,0.00000000,0.00000000,0.00000000,0.00000000,0.00000000,0.00000000,0.00000000,0.00000000,0.00000000,0.00140934,0.04821634,0.00000000,0.00000000,0.00000000,0.00000000,0.00000000,0.04249723,0.00000000,0.00000000,0.00000000,0.00000000,0.02355292,0.00000000,0.00000000,0.00000000,0.02107988,0.00814687,0.00000000,0.00000000,0.00000000,0.00000000,0.00000000,0.00000000,0.00000000,0.00000000,0.00000000,0.00000000,0.00000000,0.00000000,0.00000000,0.00000000,0.00000000,0.00000000,0.00000000,0.00000000,0.00000000,0.00000000,0.00000000,0.03220986,0.00000000,0.00000000,0.00000000,0.00000000,0.00000000,0.00000000,0.00000000,0.00000000,0.00000000,0.00000000,0.00000000,0.00000000,0.00000000,0.02587886,0.00383646,0.00000000,0.00000000,0.00000000,0.00000000,0.00000000,0.00000000,0.00000000,0.00000000,0.00000000,0.00000000,0.00000000,0.00000000,0.00000000,0.00000000,0.00000000,0.00000000,0.00000000,0.00000000,0.00000000,0.00000000,0.00000000,0.00000000,0.00000000,0.00000000,0.03547664,0.00000000,0.00076870,0.06026566,0.00000000,0.00000000,0.00000000,0.00000000,0.00000000,0.00000000,0.00000000,0.00000000,0.00000000,0.00000000,0.00000000,0.00000000,0.00000000,0.00151845,0.00000000,0.00000000,0.00000000,0.00000000,0.00000000,0.00000000,0.00000000,0.00285553,0.00000000,0.00467706,0.00000000,0.00000000,0.00000000,0.00000000,0.00000000,0.00316761,0.00000000,0.00000000,0.00000000,0.00000000,0.00000000,0.00000000,0.00000000,0.00000000,0.00000000,0.00000000,0.00573992,0.00000000,0.00000000,0.00000000,0.06217582,0.00000000,0.00000000,0.00000000,0.00000000,0.00000000,0.01121220,0.00000000,0.00000000,0.03373997,0.02452351,0.00000000,0.00000000,0.00000000,0.00000000,0.00000000,0.00621064,0.00000000,0.98802047,0.00000000,0.00000000,0.00000000,0.00000000,0.00000000,0.00000000,0.00000000,0.00323077,0.00000000,0.00105459,0.00000000,0.01054575,0.00000000,0.00000000,0.00000000,0.00000000,0.00000000,0.00000000,0.00683560,0.00000000,0.00000000,0.01803761,0.00000000,0.00000000,0.00000000,0.00000000,0.00000000,0.00000000,0.00000000,0.00000000,0.00000000,0.00000000,0.00000000,0.00000000,0.00000000,0.00000000,0.00160154,0.02615652,0.00000000,0.00000000,0.00160775,0.00000000,0.00000000,0.00000000,0.00000000,0.00000000,0.00000000,0.00000000,0.00000000,0.00000000,0.00000000,0.00000000,0.00000000,0.00000000,0.00000000,0.00000000,0.00507049,0.00982796,0.00000000,0.00000000,0.00000000,0.00000000,0.00000000,0.00000000,0.00000000,0.00000000,0.00000000,0.01514266,0.00000000,0.00000000,0.00000000,0.00000000,0.00000000,0.00000000,0.00000000,0.00000000,0.07822727,0.00000000,0.00000000,0.00000000,0.00000000,0.00000000,0.00651616,0.00000000,0.00000000,0.00167829,0.00000000,0.00000000,0.00000000,0.00000000,0.00000000,0.00000000,0.00000000,0.00000000,0.00000000,0.00000000,0.00000000,0.00000000,0.00000000,0.00000000,0.00000000,0.00000000,0.00401366,0.00000000,0.00000000,0.00000000,0.00000000,0.00000000,0.00000000,0.00000000,1.47998268,0.00000000,0.00000000,0.00000000,0.00000000,0.00000000,0.00000000,0.00000000,0.00000000,0.00000000,0.00000000,0.00000000,0.00000000,0.00000000,0.00000000,0.00000000,0.00000000,0.00000000,0.00000000,0.00000000,0.00000000,0.00000000,0.02230377,0.00000000,0.00000000,0.00000000,0.00000000,0.00000000,0.00000000,0.00000000,0.00000000,0.00000000,0.00000000,0.00000000,0.00000000,0.00000000,0.00000000,0.00000000,0.00000000,0.00000000,0.00000000,0.00000000,0.00000000,0.00603475,0.00000000,0.00000000,0.00000000,0.00000000,0.04897690,0.00000000,0.00000000,0.00000000,0.00000000,0.02410036,0.00000000,0.00000000,0.00000000,0.00000000,0.00000000,0.00000000,0.00000000,0.00000000,0.00000000,0.00000000,0.00000000,0.00000000,0.00000000,0.00000000,0.03351303,0.00000000,0.00000000,0.00000000,0.00000000,0.00000000,0.00000000,0.00000000,0.11394627,0.00000000,0.00000000,0.00000000,0.00000000,0.00000000,0.00000000,0.00000000,0.00000000,0.00000000,0.00000000,0.00000000,0.00000000,0.00000000,0.00000000,0.00000000,0.00764237,0.02099711,0.00000000,0.00000000,0.00000000,0.00000000,0.00000000,0.00000000,0.00000000,0.00000000,0.00343043,0.00000000,0.00000000,0.00000000,0.00000000,0.00458355,0.04676570,0.00000000,0.00000000,0.00000000,0.00000000,0.00000000,0.08230774,0.00000000,0.00000000,0.00000000,0.00000000,0.00000000,0.00000000,0.00000000,0.00000000,0.00000000,0.00000000,0.00000000,0.00000000,0.00000000,0.00000000,0.00000000,0.00000000,0.00000000,0.01520611,0.00000000,0.02326701,0.00000000,0.00278416,0.00134059,0.00000000,0.00000000,0.00000000,0.00000000,0.00000000,0.00000000,0.00000000,0.00000000,0.00000000,0.00000000,0.00000000,0.00000000,0.00988700,0.00000000,0.00000000,0.00000000,0.00000000,0.00000000,0.00924169,0.00000000,0.00000000,0.00000000,0.00000000,0.00000000,0.01458643,0.00000000,0.00000000,0.00000000,0.00000000,0.00000000,0.00000000,0.00415055,0.00000000,0.00000000,0.00000000,0.00423005,0.00000000,0.00000000,0.00000000,0.00000000,0.00000000,0.00192076,0.00000000,0.00000000,0.00000000,0.00000000,0.00000000,0.00115039,0.00000000,0.00000000,0.00000000,0.00000000,0.00000000,0.00000000,0.00000000,0.00000000,0.00000000,0.00575230,0.00310865,0.00000000,0.00000000,0.00000000,0.00000000,0.00000000,0.00000000,0.00000000,0.00385025,0.00000000,0.37298110,0.00000000,0.00000000,0.00000000,0.00000000,0.00000000,0.00000000,0.00000000,0.00000000,0.00000000,0.00000000,0.00581186,0.00000000,0.00000000,0.00000000,0.00000000,0.00000000,0.00000000,0.00000000,0.00000000,0.00000000,0.00000000,0.00000000,0.00000000,0.00000000,0.00000000,0.01358854,0.00000000,0.00000000,0.00000000,0.00000000,0.13808943,0.00000000,0.00000000,0.00000000,0.00000000,0.00273215,0.00000000,0.00000000,0.00000000,0.05379485,0.00000000,0.00000000,0.00000000,0.00000000,0.00000000,0.00000000,0.00000000,0.00000000,0.00000000,0.00000000,0.00000000,0.00000000,0.00000000,0.00000000,0.00000000,0.00000000,0.00000000,0.00000000,0.00000000,0.00000000,0.00000000,0.00000000,0.00000000,0.00000000,0.00000000,0.00000000,0.00000000,0.00000000,0.00000000,0.00000000,0.00000000,0.00000000,0.07395391,0.00000000,0.00000000,0.00000000,0.00000000,0.00000000,0.00000000,0.00000000,0.00000000,0.30210856,0.00000000,0.00000000,0.00000000,0.00000000,0.00000000,0.00000000,0.00000000,0.09736114,0.00000000,0.00000000,0.00471903,0.00000000,0.00000000,0.00000000,0.00000000,0.02136466,0.00131660
0.00000000,0.00000000,0.00000000,0.00000000,0.00000000,0.00000000,0.00000000,0.00000000,0.00000000,0.00000000,0.00000000,0.00000000,0.00000000,0.00000000,0.00000000,0.00000000,0.22273538,0.00000000,0.00000000,0.00000000,0.00000000,0.00000000,0.00000000,0.00000000,0.00000000,0.00000000,0.00000000,0.00000000,0.00000000,0.00000000,0.00000000,0.00000000,0.00000000,0.00000000,0.00000000,0.00000000,0.00260694,0.00000000,0.00000000,0.00000000,0.00000000,0.00000000,0.00000000,0.00000000,0.00000000,0.00196123,0.00000000,0.00000000,0.00000000,0.00000000,0.00000000,0.00000000,0.00000000,0.00000000,0.00000000,0.00000000,0.00000000,0.00000000,0.00000000,0.00000000,0.00090554,0.00000000,0.01463371,0.00000000,0.00000000,0.00000000,0.00000000,0.00000000,0.00000000,0.72456140,0.00000000,0.00000000,0.00000000,0.00352254,0.00000000,0.00304053,0.00000000,0.00000000,0.00000000,0.00000000,0.00000000,0.00000000,0.00000000,0.00000000,0.00000000,0.00000000,0.00000000,0.00000000,0.01081745,0.00000000,0.01627203,0.00000000,0.00000000,0.00000000,0.00000000,0.00000000,0.00000000,0.00000000,0.00000000,0.00000000,0.00000000,0.00000000,0.00000000,0.00000000,0.00000000,0.00000000,0.00000000,0.00000000,0.00000000,0.00000000,0.00000000,0.00000000,0.00303726,0.00000000,0.00000000,0.00000000,0.00000000,0.00000000,0.00000000,0.00000000,0.00000000,0.00000000,0.00000000,0.00000000,0.00000000,0.00000000,0.00000000,0.00000000,0.00000000,0.00000000,0.06308836,0.00000000,0.00000000,0.00000000,0.01130116,0.00000000,0.00000000,0.00000000,0.00000000,0.00000000,0.00000000,0.00216295,0.00000000,0.00000000,0.00000000,0.03983305,0.05297019,0.00000000,0.00057319,0.00000000,0.00000000,0.00000000,0.00000000,0.00000000,0.00000000,0.00000000,0.00000000,0.00000000,0.00508635,0.00000000,0.00000000,0.00000000,0.00000000,0.00000000,0.00000000,0.00000000,0.00000000,0.00000000,0.00000000,0.00000000,0.00432204,0.00000000,0.00000000,0.00000000,0.00000000,0.00452121,0.00000000,0.00000000,0.00000000,0.00000000,0.00000000,0.00000000,0.00000000,0.00000000,0.00000000,0.00000000,0.00000000,0.00000000,0.00000000,0.00000000,0.10479139,0.00000000,0.00618245,0.07096090,0.00000000,0.05813004,0.00000000,0.00000000,0.00000000,0.00000000,0.00000000,0.00000000,0.00000000,0.00000000,0.00000000,0.00000000,0.00000000,0.00000000,0.00000000,0.00000000,0.00000000,0.00000000,0.00000000,0.00000000,0.00000000,0.00000000,0.00000000,0.00000000,0.00000000,0.00091897,0.00000000,0.03024447,0.00000000,0.00000000,0.00000000,0.00000000,0.00000000,0.00000000,0.00000000,0.00000000,0.00000000,0.00000000,0.00000000,0.00000000,1.81835725,0.00000000,0.00000000,0.00000000,0.00085961,0.00000000,0.00000000,0.00000000,0.00000000,0.00000000,0.00000000,0.00000000,0.00000000,0.00000000,0.00000000,0.00063524,0.00095884,0.00000000,0.00000000,0.00000000,0.25591846,0.00000000,0.00000000,0.00000000,0.00000000,0.00601472,0.00000000,0.00000000,0.00000000,0.00000000,0.00000000,0.00000000,0.00000000,0.00000000,0.00000000,0.00000000,0.00000000,0.00000000,0.01527068,0.00000000,0.00000000,0.00000000,0.00000000,0.00000000,0.00000000,0.00000000,0.00000000,0.00000000,0.00000000,0.07228075,0.00000000,0.02535005,0.13684224,0.00000000,0.00000000,0.00000000,0.00000000,0.00000000,0.00000000,0.04171576,0.00000000,0.00000000,0.00000000,0.00000000,0.00000000,0.00000000,0.00000000,0.27792735,0.00000000,0.00000000,0.00000000,0.00000000,0.00000000,0.00000000,0.00000000,0.00000000,0.00000000,0.00000000,0.00000000,0.00000000,0.01778757,0.00000000,0.00000000,0.00000000,0.00000000,0.00000000,0.00000000,0.00000000,0.00000000,0.00000000,0.00000000,0.00000000,0.00000000,0.00000000,0.00000000,0.01691467,0.00000000,0.00810781,0.00000000,0.00000000,0.00000000,0.00000000,0.00000000,0.00000000,0.00000000,0.31288734,0.00000000,0.00000000,0.00085704,0.00000000,0.00000000,0.00000000,0.00000000,0.00000000,0.18582725,0.00000000,0.00000000,0.00000000,0.00331289,0.00000000,0.00959695,0.00000000,0.00000000,0.00000000,0.00000000,0.00000000,0.00000000,0.00000000,0.00000000,0.00000000,0.00000000,0.00000000,0.31186632,0.00000000,0.00000000,0.00000000,0.00000000,0.06520294,0.00000000,0.00000000,0.00000000,0.00000000,0.00000000,0.00226336,0.00000000,0.00176478,0.00000000,0.00000000,0.00000000,0.00000000,0.00000000,0.00000000,0.00000000,0.00000000,0.00000000,0.00824920,0.00000000,0.00000000,0.00000000,0.00478082,0.00000000,0.01395797,0.09087877,0.00000000,0.00000000,0.00000000,0.00000000,0.00000000,0.00000000,0.06578753,0.00000000,0.00000000,0.00000000,0.00000000,0.00000000,0.00000000,0.00000000,0.00000000,0.00320397,0.00498823,0.00000000,0.00000000,0.00000000,0.55351217,0.00000000,0.00000000,0.00000000,0.00000000,0.00000000,0.02103554,0.00000000,0.02157451,0.00000000,0.00000000,0.00000000,0.00000000,0.00000000,0.00706263,0.00000000,0.00000000,0.00000000,0.00000000,0.00000000,0.03056942,0.00214357,0.00000000,0.00814562,0.00000000,0.00000000,0.00280344,0.00000000,0.00000000,0.00000000,0.00000000,0.00000000,0.00000000,0.00000000,0.00000000,0.00000000,0.00000000,0.00000000,0.00000000,0.00000000,0.00000000,0.00000000,0.00000000,0.00000000,0.00000000,0.00000000,0.00000000,0.00000000,0.31954286,0.00000000,0.00000000,0.00000000,0.00000000,0.00788160,0.00000000,0.00000000,0.00000000,0.00000000,0.00000000,0.00000000,0.00000000,0.00000000,0.00000000,0.00000000,0.00000000,0.12050171,0.00000000,0.00000000,0.00000000,0.00000000,0.00000000,0.00252571,0.00000000,0.00000000,0.00000000,0.00000000,0.00000000,0.00000000,0.00000000,0.00000000,0.00000000,0.00000000,0.00000000,0.00000000,0.00000000,0.00000000,0.00000000,0.00000000,0.00550938,0.00000000,0.00000000,0.00000000,0.00000000,0.00000000,0.00000000,0.00000000,0.00089941,0.00000000,0.00000000,0.00000000,0.00000000,0.00000000,0.00000000,0.00000000,0.00000000,0.00000000,0.00000000,0.00000000,0.00000000,0.00000000,0.00000000,0.00000000,0.00000000,0.00000000,0.00000000,0.00000000,0.00000000,0.00000000,0.01177683,0.00000000,0.00000000,0.00000000,0.00726501,0.00000000,0.00000000,0.00000000,0.00000000,0.00000000,0.00000000,0.00000000,0.00000000,0.00000000,0.00000000,0.00000000,0.00141825,0.00000000,0.00000000,0.00000000,0.00207006,0.00000000,0.00000000,0.00061319,0.00000000,0.00146805,0.00000000,0.00000000,0.00822444,0.00000000,0.00550483,0.00000000,0.00000000,0.00000000,0.00000000,0.00000000,0.00000000,0.00000000,0.00000000,0.00000000,0.00000000,0.00000000,0.00000000,0.00000000,0.00000000,0.00000000,0.00000000,0.00000000,0.00000000,0.00000000,0.00000000,0.00000000,0.00000000,0.09407374,0.00000000,0.00000000,0.00000000,0.00000000,0.00000000,0.00000000,0.00000000,0.00000000,0.00000000,0.00000000,0.00000000,0.00000000,0.00000000,0.00000000,0.00000000,0.00000000,0.00000000,0.00000000,0.00924246,0.00000000,0.00000000,0.00000000,0.00000000,0.03752333,0.02696685,0.00000000,0.00000000,0.62272631,0.00000000,0.00000000,0.00000000,0.00000000,0.00000000,0.00000000,0.00000000,0.00000000,0.00000000,0.00000000,0.00000000,0.00000000,0.00000000,0.00000000,0.00000000,0.00000000,0.00000000,0.00000000,0.00000000,0.01200972,0.00000000,0.00000000,0.00000000,0.00000000,0.00000000,0.00000000,0.00201814,0.00000000,0.00000000,0.00000000,0.00000000,0.00000000,0.00000000,0.00000000,0.18474535,0.00000000,0.00000000,0.00000000,0.06491898,0.00000000,0.00000000,0.00000000,0.00000000,0.00796670,0.00000000,0.00083143,0.00000000,0.00000000,0.00000000,0.00702257,0.06953245,0.00000000,0.02787574,0.00000000,0.00000000,0.00000000,0.88942156,0.00000000,0.00000000,0.00000000,0.00000000,0.00000000,0.00000000,0.00000000,0.00000000,0.00000000,0.00000000,0.00000000,0.00000000,0.00000000,0.00678719,0.00000000,0.00000000,0.00000000,0.00000000,0.00000000,0.00000000,0.00000000,0.00000000,0.01170240,0.00000000,0.02990837,0.00000000,0.00000000,0.00000000,0.00103075,0.00185262,0.00000000,0.00000000,0.00000000,0.00000000,0.00000000,0.00000000,0.02307648,0.00000000,0.00000000,0.00000000,0.00251530,0.00195311,0.01463105,0.00000000,0.00000000,0.00000000,0.00000000,0.00000000,0.00000000,0.00000000,0.00000000,0.00000000,0.00000000,0.01952616,0.00000000,0.00000000,0.00000000,0.00365244,0.00000000,0.00000000,0.00671287,0.00000000,0.00000000,0.00000000,0.00000000,0.00000000,0.00000000,0.00000000,0.00000000,0.00000000,0.00000000,0.00000000,0.00000000,0.00000000,0.00000000,0.00000000,0.00000000,0.00000000,0.00383998,0.00000000,0.00000000,0.00000000,0.00387193,0.00000000,0.00000000,0.00099232,0.00000000,0.00000000,1.17046670,0.19576244,0.00000000,0.00000000,0.00000000,0.00000000,0.00000000,0.00000000,1.76584984,0.00000000,0.00000000,0.00000000,0.00000000,0.00000000,0.00000000,0.00000000,2.84942909,2.43698085,0.00000000,0.00000000,0.00000000,0.00000000,0.00000000,0.00000000,0.00000000,0.00000000,0.00000000,0.00000000,0.00000000,0.00000000,0.00000000,0.00000000,0.00000000,0.00000000,0.00000000,0.00000000,0.00000000,0.00000000
0.00000000,0.00000000,0.00000000,0.00772233,0.00000000,0.00000000,1.99361772,0.01141882,0.00000000,0.00000000,0.00000000,0.00000000,0.00000000,0.00562529,0.00000000,0.00000000,0.00000000,0.00000000,0.00000000,0.00000000,0.00000000,0.00000000,0.00000000,0.00000000,0.00000000,0.00000000,0.00000000,0.00752818,0.00214147,0.00000000,0.00000000,0.04752884,0.00000000,0.01422162,0.00000000,0.00000000,0.00000000,0.00000000,0.00000000,0.00000000,0.00000000,0.00000000,0.00000000,0.00000000,0.00000000,0.00180105,0.00000000,0.00000000,0.00000000,0.03000825,0.00000000,0.00000000,0.00000000,0.00662292,0.00000000,0.00000000,0.00000000,0.00000000,0.00000000,0.00000000,0.00000000,0.00000000,0.00000000,0.00000000,0.00000000,0.51301556,0.00000000,0.00000000,0.00000000,0.00000000,0.00000000,0.00000000,0.00000000,0.00000000,0.00000000,0.00000000,0.00000000,0.00000000,0.00000000,0.00000000,0.00000000,0.00000000,0.01955279,0.00000000,0.00000000,0.00744569,0.00000000,0.00000000,0.00000000,0.02345078,0.00000000,0.00000000,0.00000000,0.00000000,0.00000000,0.00000000,0.00000000,0.00000000,0.00305723,0.00000000,0.00000000,0.00699302,0.00000000,0.00000000,0.00000000,0.00000000,0.00000000,0.00000000,0.00000000,0.00579112,0.00000000,0.00000000,0.00000000,0.00000000,0.00000000,0.00000000,0.00000000,0.00000000,0.00000000,0.00000000,0.00000000,0.00200606,0.00000000,0.00000000,0.00674079,0.00000000,0.00000000,0.00000000,0.01821478,0.00000000,0.00000000,0.00000000,0.00000000,0.00000000,0.00174902,0.00000000,0.00000000,0.00000000,0.00000000,0.00000000,0.00000000,0.00000000,0.03057907,0.00000000,0.00000000,0.00000000,0.00000000,0.00000000,0.00000000,0.00000000,0.00000000,0.00000000,0.00000000,0.00000000,0.00000000,0.15481584,0.00000000,0.00000000,0.00000000,0.00000000,0.00000000,0.00000000,0.00000000,0.00000000,0.00000000,0.00000000,0.00000000,0.00000000,0.00000000,0.00000000,0.00000000,0.00000000,0.00000000,0.00000000,0.00000000,0.00000000,0.00000000,0.00000000,0.00000000,0.00000000,0.00000000,0.00000000,0.00000000,0.00234518,0.02125209,0.00000000,0.00000000,0.00000000,0.00000000,0.00000000,0.00000000,0.00000000,0.00000000,0.00000000,0.00152518,0.00000000,0.00000000,0.00000000,0.00000000,0.00000000,0.00000000,0.00000000,0.00000000,0.00000000,0.00000000,0.00000000,0.00000000,0.00515853,0.00000000,0.00000000,0.00000000,0.00000000,0.00000000,0.00000000,0.00000000,0.01256485,0.00000000,0.00000000,0.00000000,0.00000000,0.00000000,0.00000000,0.00000000,0.00000000,0.00000000,0.00000000,0.00000000,0.00000000,0.00000000,0.00000000,0.00000000,0.00000000,0.00000000,0.00000000,0.09138238,0.00000000,0.00000000,0.00000000,0.00000000,0.01278387,0.00000000,0.00000000,0.00000000,0.00000000,0.00000000,0.00000000,0.00252932,0.00000000,0.00000000,0.00000000,0.00000000,0.00000000,0.00000000,0.00000000,0.00000000,0.00000000,0.00000000,0.00741259,0.00000000,0.00000000,0.00000000,0.00000000,0.07288875,0.00000000,0.00000000,0.00000000,0.00000000,0.00000000,0.00000000,0.00000000,0.00000000,0.01759798,0.01572683,0.00000000,0.00000000,0.00000000,0.00000000,0.00000000,0.00000000,0.00000000,0.00000000,0.00647792,0.00000000,0.00000000,0.00000000,0.00000000,0.03226036,0.00000000,0.00000000,0.00000000,0.00000000,0.00000000,0.00000000,0.00000000,0.06776467,0.00000000,0.00000000,0.00000000,0.00000000,0.00000000,0.00245157,0.03060582,0.00000000,0.00000000,0.00000000,0.00000000,0.00000000,0.00000000,0.00000000,0.00000000,0.00000000,0.00000000,0.00000000,0.00000000,0.00000000,0.00000000,0.00000000,0.00000000,0.00000000,0.00000000,0.00000000,0.00000000,0.00000000,0.01390486,0.01741201,0.00000000,0.00000000,0.00000000,0.00000000,0.00000000,0.00000000,0.00000000,0.00350791,0.00000000,0.58628917,0.00000000,0.00000000,0.00000000,0.00000000,0.00000000,0.00000000,0.00000000,0.00127125,0.00000000,0.00000000,0.00000000,0.00000000,0.00000000,0.00000000,0.00000000,0.00000000,0.02685911,0.04380177,0.00000000,0.00000000,0.00000000,0.00000000,0.00000000,0.00000000,0.00000000,0.00000000,0.00000000,0.00000000,0.00413442,0.00000000,0.00000000,0.00000000,0.00000000,0.00000000,0.00000000,0.00000000,0.00000000,0.00000000,0.00000000,0.00000000,0.00000000,0.00000000,0.00000000,0.00000000,0.00000000,0.00000000,0.00000000,0.00000000,0.00000000,0.00000000,0.00000000,0.00000000,0.00000000,0.00000000,0.00000000,0.00000000,0.00000000,0.00000000,0.00000000,0.00000000,0.00000000,0.00000000,0.00000000,0.00000000,0.03050377,0.00000000,0.00199071,0.00000000,0.00000000,0.00000000,0.00000000,0.00000000,0.00000000,0.00767947,0.00000000,0.00000000,0.00000000,0.00000000,1.74760302,0.02581813,0.00000000,0.00000000,0.01095518,0.00000000,0.00000000,0.00000000,0.00000000,0.00000000,0.00000000,0.00000000,0.00000000,0.00000000,0.00000000,0.00000000,0.00000000,0.00000000,0.00000000,0.00000000,0.00000000,0.00000000,0.01180295,0.00000000,0.00000000,0.00000000,0.00602829,0.00000000,0.00000000,0.00000000,0.00000000,0.00000000,0.18420389,0.00000000,0.16731174,0.00000000,0.00000000,0.00000000,0.00000000,0.00000000,0.00000000,0.00000000,0.00000000,0.00000000,0.00000000,0.00000000,0.00000000,0.00000000,0.00000000,0.00702236,0.00000000,0.00000000,0.00000000,0.00000000,0.00000000,0.00000000,0.00000000,0.00000000,0.00000000,0.00000000,0.00000000,0.00000000,0.00944539,0.00000000,0.00000000,0.00000000,0.00000000,0.00000000,0.00000000,0.00178266,0.00000000,0.00000000,0.00985781,0.00570847,0.00000000,0.01572761,0.00000000,0.00000000,0.00000000,0.00000000,0.00000000,0.00000000,0.00000000,0.00000000,0.00000000,0.00000000,0.00000000,0.00000000,0.00000000,0.00000000,0.00000000,0.00000000,0.01650020,0.00000000,0.00520477,0.00000000,0.00000000,0.00207693,0.00000000,0.00000000,1.17607971,0.00000000,0.00000000,0.08104817,0.00000000,0.00000000,0.00000000,0.00000000,0.00000000,0.00000000,0.00000000,0.00000000,0.00000000,0.00000000,0.02201827,0.00000000,0.00254444,0.00000000,0.00000000,0.00000000,0.00101841,0.00000000,0.00000000,0.00000000,0.00000000,0.00000000,0.00000000,0.00000000,0.00000000,0.00000000,0.00000000,0.00000000,0.00000000,0.00128323,0.00000000,0.08128010,0.00175693,0.00000000,0.00000000,0.00000000,0.00000000,0.00000000,0.00000000,0.00000000,0.00000000,0.00000000,0.00000000,0.00000000,0.00000000,0.00000000,0.00000000,0.00224516,0.00000000,0.00000000,0.00353358,0.00000000,0.00000000,0.00000000,0.00000000,0.00000000,0.00000000,0.00000000,0.00000000,0.08631803,0.00000000,0.00000000,0.00000000,0.00000000,0.00560645,0.00000000,0.10811077,0.00000000,0.00000000,0.00000000,0.00000000,0.00000000,0.00000000,0.01474886,0.00000000,0.00000000,0.00000000,0.00000000,0.00000000,0.00000000,0.00000000,0.00000000,0.00000000,0.00000000,0.00143470,0.00000000,0.00000000,0.00000000,0.00000000,0.00000000,0.00000000,0.00000000,0.00000000,0.00647573,0.00580540,0.00000000,0.01259227,0.00000000,0.00000000,0.00000000,0.00000000,0.00000000,0.00000000,0.00111642,0.00613362,0.00000000,0.00000000,0.00000000,0.00000000,0.00000000,0.00000000,0.01644133,0.00000000,0.00000000,0.00000000,0.00000000,0.00000000,0.00000000,0.00000000,0.00000000,0.00000000,0.00000000,0.00000000,0.00000000,0.00000000,0.02746974,0.00000000,0.00000000,0.00000000,0.00000000,0.00000000,0.00000000,0.01004271,0.00000000,0.21217310,0.00000000,0.00174934,0.02026806,0.00000000,0.00594066,0.00000000,0.00000000,0.00000000,0.00000000,0.00000000,0.00000000,0.00000000,0.00000000,0.00000000,0.00000000,0.00813442,0.00000000,0.00000000,0.00000000,0.00000000,0.00000000,0.00000000,0.00000000,0.00000000,0.00000000,0.00000000,0.00000000,0.00000000,0.00000000,0.00000000,0.00000000,0.00362589,0.00000000,0.00000000,0.00000000,0.00000000,0.00000000,0.00000000,0.00000000,0.00000000,0.00000000,0.00728982,0.00000000,0.00000000,0.00000000,0.06770871,0.00000000,0.01197299,0.00000000,0.02990490,0.00000000,0.00000000,0.00000000,0.00000000,0.00000000,0.00000000,0.00000000,0.00000000,0.00000000,0.00000000,0.00000000,0.00533309,0.00000000,0.00270614,0.00960312,0.00000000,0.00000000,0.00000000,0.00000000,0.00000000,0.00000000,0.00000000,0.00000000,0.00000000,0.00000000,0.00000000,0.00000000,0.03671663,0.00000000,0.00000000,0.00000000,0.00000000,0.00000000,0.00000000,0.00000000,0.00000000,0.00000000,0.00000000,0.00000000,0.97419750,0.00000000,0.00000000,0.00000000,0.00000000,0.00000000,0.00000000,0.00000000,0.00000000,0.00000000,0.00000000,0.00000000,0.00000000,0.00590423,0.00000000,0.00000000,0.00000000,0.00000000,0.00000000,0.00000000,0.00000000,0.00000000,0.00000000,0.00000000,0.00000000,0.00000000,0.00000000,0.00000000,0.00000000,0.00000000,0.00000000,0.00485202,0.00000000,0.00000000,0.00000000,0.00000000,0.00000000,0.00000000,0.02962100,0.00000000,0.00000000,0.00712601,0.00000000,0.00868992,0.00000000,0.00000000,0.00000000,0.00000000,0.00000000,0.00000000,0.00000000,0.00000000,0.00000000,0.00643582,0.00430126,0.00000000,0.00000000,0.02492106,0.00000000
0.00000000,0.00000000,0.00000000,0.00000000,0.00000000,0.00000000,0.00000000,0.00000000,0.00000000,0.01922160,0.00000000,0.00000000,0.00000000,0.00000000,0.00000000,0.00000000,0.00000000,0.00000000,0.00000000,0.00000000,0.00000000,0.00000000,0.00000000,0.00191385,0.00000000,0.00000000,0.00000000,0.03690281,0.00000000,0.00000000,0.00000000,0.00000000,0.00000000,0.00000000,0.00000000,0.00000000,0.00000000,0.00000000,0.00000000,0.00000000,0.00122879,0.00000000,0.00000000,0.00000000,0.39458055,0.00240990,0.01636050,0.00000000,0.00000000,0.00000000,0.00000000,0.00000000,0.00000000,0.00000000,0.00000000,0.00000000,0.00000000,0.00000000,0.00000000,0.00000000,0.00000000,0.00000000,0.00000000,0.00000000,0.00000000,0.00000000,0.00000000,0.00000000,0.00000000,0.00000000,0.00000000,0.00000000,0.00000000,0.28259900,0.00000000,0.00000000,0.00000000,0.00000000,0.00000000,0.02532114,0.00000000,0.00000000,0.00000000,0.00000000,0.00083929,0.00000000,0.00000000,0.00000000,0.00000000,0.00000000,0.00000000,0.00000000,0.00000000,0.01567624,0.00642426,0.00000000,0.00000000,0.00511395,0.00242183,0.00000000,0.00000000,0.00000000,0.00000000,0.00000000,0.00000000,0.00000000,0.00000000,0.00000000,0.00000000,0.00000000,0.00000000,0.00000000,0.00000000,0.00000000,0.00000000,0.00000000,0.00000000,0.00000000,0.00000000,0.00000000,0.00000000,0.00000000,0.00000000,0.00000000,0.00000000,0.00000000,0.00000000,0.00000000,0.00000000,0.00000000,0.00259251,0.00000000,0.00000000,0.00000000,0.00000000,0.00000000,0.00000000,0.00000000,0.00000000,0.00000000,0.00000000,0.00000000,0.00000000,0.00000000,0.00000000,0.00000000,0.00000000,0.00000000,0.00000000,0.98664668,0.00000000,0.00000000,0.00000000,0.00000000,0.00000000,0.00000000,0.00000000,0.00000000,0.00000000,0.00000000,0.00000000,0.00000000,0.13976717,0.00000000,0.00000000,0.00000000,0.00000000,0.00000000,0.00000000,0.00000000,0.00000000,0.01040544,0.00000000,0.00690702,0.00000000,0.00000000,0.00000000,0.00000000,0.00000000,0.00000000,0.00000000,0.00000000,0.00000000,0.04052369,0.00000000,0.00000000,0.24291110,0.00359773,0.00000000,0.00000000,0.00000000,0.00000000,0.00000000,0.00000000,0.00000000,0.00000000,0.00000000,0.00087507,0.00696188,0.00000000,0.00000000,0.00000000,0.00000000,0.00000000,0.00000000,0.00000000,0.00000000,0.00000000,0.00000000,0.00000000,0.00000000,0.00000000,0.00000000,0.00000000,0.00000000,0.00000000,0.00000000,0.00000000,0.00000000,0.00000000,0.00000000,0.00000000,0.00000000,0.00000000,0.00000000,0.00000000,0.00000000,0.00000000,0.00000000,0.00000000,0.00221532,0.00000000,0.02585059,0.00000000,0.00000000,0.00000000,0.00000000,0.00000000,0.00000000,0.00000000,0.00000000,0.00000000,0.00000000,0.00099583,0.00000000,0.00000000,0.00000000,0.02604467,0.00000000,0.00000000,0.00000000,0.00000000,0.00000000,0.00000000,0.00000000,0.00000000,0.00000000,0.00000000,0.00000000,0.02787858,0.00000000,0.00000000,0.00000000,0.00000000,0.00000000,0.00000000,0.00000000,0.00000000,0.00000000,0.00000000,0.00000000,0.00000000,0.00000000,0.00000000,0.01171648,0.88636741,0.00000000,0.00436584,0.00000000,0.00000000,0.00173529,0.00000000,0.00000000,0.00000000,0.00000000,0.00000000,0.00000000,0.00000000,0.00000000,0.00000000,0.00000000,0.00000000,0.00000000,0.00000000,1.67220424,0.00000000,0.00000000,0.00000000,0.00000000,0.00773326,0.00000000,0.00000000,0.00000000,0.00000000,0.00000000,0.00000000,0.00000000,0.01018256,0.00000000,0.00000000,0.00000000,0.00000000,0.00000000,0.00000000,0.00000000,0.00000000,0.00000000,0.00376108,0.00000000,0.00000000,0.00000000,0.00000000,0.00233693,0.00000000,0.00798114,0.00000000,0.00000000,0.00000000,0.00000000,0.00000000,0.01081990,0.00000000,0.00000000,0.00000000,0.00000000,0.00749644,0.00000000,0.00462528,0.00080688,0.00000000,0.00000000,0.00000000,0.00970260,0.00000000,0.00000000,0.00000000,0.00789441,0.00000000,0.00000000,0.00000000,0.00000000,0.44244021,0.00000000,0.00000000,0.00224885,0.00000000,0.00000000,0.00000000,0.00000000,0.00000000,0.00000000,0.00000000,0.00000000,0.00000000,0.00000000,0.00000000,0.00000000,0.00000000,0.00000000,0.00000000,0.00000000,0.00173365,0.00000000,0.00000000,0.01162383,0.00000000,0.00000000,0.00000000,0.00000000,0.00000000,0.00000000,0.62510147,0.00000000,0.00000000,0.00382105,0.00000000,0.00379458,0.00000000,0.00000000,0.00000000,0.00000000,0.02229658,0.00000000,0.00724882,0.00000000,0.00000000,0.00000000,0.00640920,0.00000000,0.00000000,0.00000000,0.00000000,0.00000000,0.01571031,0.00000000,0.00000000,0.00822966,0.00125090,0.00000000,0.00000000,0.00000000,0.00000000,0.00000000,0.00000000,0.00000000,0.00000000,0.00000000,0.00000000,0.00000000,0.00000000,0.00000000,0.00000000,0.00000000,0.00000000,0.00613050,0.00000000,0.00000000,0.00000000,0.00000000,0.00000000,0.00000000,0.00000000,0.00000000,0.00000000,0.00000000,0.00211390,0.00000000,0.00000000,0.00000000,0.00379572,0.00000000,0.00000000,0.00000000,0.00000000,0.00000000,0.00000000,0.00000000,0.11207164,0.00000000,0.00000000,0.00000000,0.00000000,0.00000000,0.23752583,0.00000000,0.00000000,0.00000000,0.04961625,0.00000000,0.00000000,0.00000000,0.00000000,0.00000000,0.00000000,0.00000000,0.00000000,0.08102422,0.00000000,0.00000000,1.34982280,0.00539485,0.00000000,0.00000000,0.00000000,0.00000000,0.00000000,0.00000000,0.00000000,0.00000000,0.00000000,0.00000000,0.00000000,0.00000000,0.00000000,0.00000000,0.00364716,0.00000000,0.00000000,0.00000000,0.00000000,0.00346475,0.00000000,0.54862051,0.00000000,0.00000000,0.00000000,0.00000000,0.00000000,0.00000000,0.00000000,0.00000000,0.00000000,0.00000000,0.00000000,0.00000000,0.00000000,0.00000000,0.00000000,0.00000000,0.00000000,0.00000000,0.00000000,0.00000000,0.00000000,0.00000000,0.00000000,0.00148758,0.00000000,0.00000000,0.02280770,0.00000000,0.00000000,0.00211052,0.00000000,0.00000000,0.00000000,0.00000000,0.00000000,0.00000000,0.01442183,0.00000000,0.01079933,0.00000000,0.00000000,0.00000000,0.02030697,0.00000000,0.00000000,0.00000000,0.00000000,0.00169681,0.00000000,0.00000000,0.00000000,0.00000000,0.00000000,0.00000000,0.00000000,0.00084106,0.06750578,0.00000000,0.00000000,0.00000000,0.00000000,0.00000000,0.00000000,0.00000000,0.00000000,0.00000000,0.00000000,0.00000000,0.00000000,0.00000000,0.03668971,0.00000000,0.00000000,0.00140847,0.00000000,0.00000000,0.00000000,0.03643576,0.12969206,0.00000000,0.00000000,0.00000000,0.00000000,0.00000000,0.00000000,0.00426245,0.00902901,0.00000000,0.05122115,0.00000000,0.00000000,0.00000000,0.00000000,0.00000000,0.00000000,0.00000000,0.00000000,0.00000000,0.00097768,0.00000000,0.00000000,0.00000000,0.00000000,0.00000000,0.00000000,0.00000000,0.00000000,0.00000000,0.21737408,0.00000000,0.00000000,0.00000000,0.00000000,0.00000000,0.00000000,0.00000000,0.00000000,0.00000000,0.00000000,0.00000000,0.00000000,0.00000000,0.00000000,0.00000000,0.00000000,0.00000000,0.00000000,0.00000000,0.00000000,0.00483859,0.00000000,0.00000000,0.00000000,0.83743804,0.00000000,0.00000000,0.00000000,0.00000000,0.00000000,0.00000000,0.08064873,0.00000000,0.00127913,0.00000000,0.00000000,0.00000000,0.00000000,0.00000000,0.00000000,0.00000000,0.00000000,0.00000000,0.00000000,0.00000000,0.40675722,0.00000000,0.00000000,0.00000000,0.00000000,0.00000000,0.00000000,0.00000000,0.00000000,0.00000000,0.00000000,0.00000000,0.00000000,0.00000000,0.00000000,0.00000000,0.00000000,0.00000000,0.00622969,0.00000000,0.00000000,0.19160956,0.00000000,0.00192076,0.88942156,0.00000000,0.00000000,0.00000000,0.00000000,0.00551552,0.00000000,0.00000000,0.00000000,0.00000000,0.00000000,0.00000000,0.00000000,0.00000000,0.02534120,0.00000000,0.00000000,0.00000000,0.00000000,0.00000000,0.00000000,0.00740872,0.00000000,0.00000000,0.00000000,0.00000000,0.00000000,0.00440615,0.00000000,0.00000000,0.00057931,0.00000000,0.00000000,0.00000000,0.00000000,0.00000000,0.00000000,0.00000000,0.00000000,0.01964343,0.00000000,0.00000000,0.00000000,0.00000000,0.00000000,0.00000000,0.00000000,0.01480975,0.00000000,0.00000000,0.00000000,0.00000000,0.00000000,0.00000000,0.00000000,0.00000000,0.00130231,0.01876562,0.00000000,0.00000000,0.00000000,0.02183018,0.00000000,0.00000000,0.00000000,0.00000000,0.00000000,0.00000000,0.00000000,0.00000000,0.00000000,0.00000000,1.11576794,0.00000000,0.00000000,0.00000000,0.00000000,0.00000000,0.00245391,0.00000000,0.00000000,0.00000000,0.00000000,0.00000000,0.01890765,0.00000000,0.00000000,0.00000000,0.00000000,0.00000000,0.00000000,0.00000000,0.00000000,0.00000000,0.00000000,0.00000000,0.00000000,0.00000000,0.00000000,0.00000000,0.00000000,0.00000000,0.00000000,0.00000000,0.00000000,0.00000000,0.00000000,0.00000000,0.00217244,0.00000000,0.00656418,0.00000000,0.00000000,0.00000000,0.00000000,0.00000000,0.03424325,0.00000000,0.00000000,0.00000000,0.00000000,0.00000000,0.00000000,0.00000000,0.00000000,0.00000000,0.00340512,0.00000000,0.00000000
0.00000000,0.00000000,0.00000000,0.00000000,0.00000000,0.00000000,0.00000000,0.00000000,0.00000000,0.78751453,0.00000000,0.00000000,0.00000000,0.00000000,0.00000000,0.00000000,0.00000000,0.00000000,0.00000000,0.00000000,0.00119810,0.00164824,0.00000000,0.00000000,0.00000000,0.00000000,0.00000000,0.00000000,0.01301239,0.00000000,0.00000000,0.00000000,0.00599368,0.00000000,0.00000000,0.00000000,0.00000000,0.00000000,0.00000000,0.00000000,0.00000000,0.00000000,0.00000000,0.00000000,0.00000000,0.00000000,0.00000000,0.00000000,0.00000000,0.00000000,0.00000000,0.00000000,0.00000000,0.00000000,0.00000000,0.00000000,0.00000000,0.00000000,0.00000000,0.00136948,0.00000000,0.00000000,0.00000000,0.00000000,0.00000000,0.00000000,0.00000000,0.00000000,0.00000000,0.23201924,0.00000000,0.00000000,0.00000000,0.00000000,0.00000000,0.00000000,0.00000000,0.00000000,0.00000000,0.00000000,0.00000000,0.07825395,0.00000000,0.00000000,0.00000000,0.00954231,0.00000000,0.00000000,0.01531237,0.00000000,0.00000000,0.00000000,0.36442852,0.00000000,0.00000000,0.00000000,0.78385046,0.00000000,0.00000000,0.00000000,0.00000000,0.00000000,0.00000000,0.00000000,0.00000000,0.00000000,0.00000000,0.00000000,0.00000000,0.00000000,0.00000000,0.00000000,0.00000000,0.00000000,0.00000000,0.00000000,0.00133466,0.00000000,0.00000000,0.00000000,0.00000000,0.00000000,0.00000000,0.00000000,0.00290174,0.01395203,0.00000000,0.00311121,0.00000000,0.00000000,0.00000000,0.18293557,0.00292618,0.00000000,0.02140132,0.00000000,0.00000000,0.00000000,0.00000000,0.00000000,0.00000000,0.00982543,0.00000000,0.00000000,0.00114080,0.00000000,0.00000000,0.00000000,0.00000000,0.00000000,0.00505423,0.00000000,0.00000000,0.00000000,0.00000000,0.00000000,0.01391512,0.03222458,0.10388781,0.29465427,0.00000000,0.00000000,0.00000000,0.00000000,0.00000000,0.00000000,0.00000000,0.00000000,0.00775895,0.00000000,0.00000000,0.00000000,0.00000000,0.00000000,0.00000000,0.00000000,0.00000000,0.00000000,0.00000000,0.00000000,0.00000000,0.00000000,0.00000000,0.00000000,0.00000000,0.00000000,0.00000000,0.00000000,0.00000000,0.00000000,0.00000000,0.00000000,0.00000000,0.00000000,0.00000000,0.00000000,0.00000000,0.00000000,0.00000000,0.00000000,0.00000000,0.00000000,0.00000000,0.00000000,0.00000000,0.00000000,0.00000000,0.00152388,0.00000000,0.00000000,0.00000000,0.00000000,0.00000000,0.00000000,0.00000000,0.00000000,0.00000000,0.00000000,0.00000000,0.00000000,0.00000000,0.00000000,0.00000000,0.00000000,0.00000000,0.00107380,0.00000000,0.00000000,0.00000000,0.00000000,0.00000000,0.00377807,0.00000000,0.00000000,0.00000000,0.06132263,0.00000000,0.00000000,0.00000000,0.00000000,0.00000000,0.00497232,0.00000000,0.00000000,0.00000000,0.00000000,0.00000000,0.00000000,0.00000000,0.00000000,0.00000000,0.00000000,0.00000000,0.01004600,0.00000000,0.00000000,0.00000000,0.00000000,0.00000000,0.00000000,0.00000000,0.00000000,0.00000000,0.00106985,0.00000000,0.00000000,0.11089906,0.00430783,0.00000000,0.00000000,0.00000000,0.00000000,0.00000000,0.00000000,0.00000000,0.00000000,0.00000000,0.00639751,0.00000000,0.01748378,0.00000000,0.00000000,0.00000000,0.00000000,0.00325011,0.00000000,0.01224938,0.00000000,0.00000000,0.00000000,0.00000000,0.00000000,0.00000000,0.00000000,0.00000000,0.00000000,0.00079408,0.00000000,0.00000000,1.04215573,0.00000000,0.00000000,0.00000000,0.00000000,0.00000000,0.00000000,0.00000000,0.06183573,0.00576654,0.00000000,0.02484610,0.00000000,0.00000000,0.00000000,0.00000000,0.00000000,0.00000000,0.00000000,0.00000000,0.00000000,0.00000000,0.00000000,0.00000000,0.01676899,0.00000000,0.00000000,0.00000000,0.00000000,0.00000000,0.00000000,0.00000000,0.00000000,0.00000000,0.02063129,0.02444790,0.00000000,0.00000000,0.02209984,0.00000000,0.00000000,0.00000000,0.00000000,0.00000000,0.00000000,0.00000000,0.00000000,0.00221193,0.00000000,0.00000000,0.00000000,0.00000000,0.00000000,0.00000000,0.00000000,0.00000000,0.00000000,0.00000000,0.00000000,0.00000000,0.00000000,0.00000000,0.00000000,0.00000000,0.00000000,0.00000000,0.00000000,0.00000000,0.00000000,0.00000000,0.00000000,0.00235989,0.00000000,0.00000000,0.00000000,0.00000000,0.00000000,0.00535683,0.00000000,0.00000000,0.00000000,0.00000000,0.00000000,0.00000000,0.00386073,0.00000000,0.00000000,0.00000000,0.00623298,0.00000000,0.00000000,0.00000000,0.05197868,0.00974372,0.00000000,0.00000000,0.00000000,0.00000000,0.00000000,0.01753139,0.00000000,0.00000000,0.00000000,0.00000000,0.00000000,0.00000000,0.00000000,0.00903079,0.00216739,0.00000000,0.00000000,0.02899944,0.00000000,0.00000000,0.00000000,0.00000000,0.00000000,0.00000000,0.00000000,0.00000000,0.00000000,0.00000000,0.00000000,0.00000000,0.00000000,0.00000000,0.00000000,0.00000000,0.00000000,0.00000000,0.00000000,0.00000000,0.01083666,0.00000000,0.09953111,0.00000000,0.00000000,0.00000000,0.00000000,0.00000000,0.00000000,0.00000000,0.00000000,0.00000000,0.00172937,0.00000000,0.00000000,0.00000000,0.00000000,0.00000000,0.00000000,0.00000000,0.00000000,0.00000000,0.00000000,0.00000000,0.00000000,0.00000000,0.00000000,0.00000000,0.00000000,0.00000000,0.00000000,0.00000000,0.00000000,0.00000000,0.09924377,0.00000000,0.00000000,0.00000000,0.00000000,0.00000000,0.00000000,0.00000000,0.00000000,0.00000000,0.00000000,0.00000000,0.00000000,0.00000000,0.00946231,0.00000000,0.00000000,0.02718430,0.00000000,0.00000000,0.00000000,0.00000000,0.00000000,0.00000000,0.00000000,0.00000000,0.00000000,0.00000000,0.00000000,0.00000000,0.00000000,0.00000000,0.00098414,0.00000000,0.00000000,0.00000000,0.00000000,0.07102164,0.00000000,0.00000000,0.00000000,0.06737550,0.00000000,0.00000000,0.00000000,0.00000000,0.00000000,0.00000000,0.00000000,0.00000000,0.00000000,0.00000000,0.00000000,0.00000000,0.00000000,0.00000000,0.00000000,0.00000000,0.27167248,0.00000000,0.01927008,0.00000000,0.00000000,0.00000000,0.00000000,0.02992985,0.00000000,0.00000000,0.00000000,0.00267896,0.00000000,0.00000000,0.00000000,0.00000000,0.00000000,0.00000000,0.00000000,0.00000000,0.00000000,0.00000000,0.00000000,0.00000000,0.00997175,0.00000000,0.00000000,0.00000000,0.13800889,0.00000000,0.00000000,0.00000000,0.00000000,0.00000000,0.00000000,0.00000000,0.00000000,0.00000000,0.00000000,0.00000000,0.00261217,0.00000000,0.00000000,0.00000000,0.00000000,0.00000000,0.00000000,0.00000000,0.00000000,0.00000000,0.00000000,0.00000000,0.00000000,0.00000000,0.00000000,0.00000000,0.00362849,0.00000000,0.00000000,0.17285493,0.00000000,0.00307007,0.00000000,0.00000000,0.00000000,0.00000000,0.00000000,0.00000000,0.00000000,0.00000000,0.00000000,0.00000000,0.00000000,0.00000000,0.00000000,0.00000000,0.00000000,0.00000000,0.00000000,0.00000000,0.00000000,0.00000000,0.03214900,0.00000000,0.00000000,0.00000000,0.00000000,0.00000000,0.00000000,0.00000000,0.00000000,0.00000000,0.00073980,0.00000000,0.00094630,0.00000000,0.00000000,0.00000000,0.00852189,0.00000000,0.02370934,0.00000000,1.76619168,0.00000000,0.00000000,0.00000000,0.10578377,0.00000000,0.00000000,0.00000000,0.00000000,0.00000000,0.00000000,0.00000000,0.00000000,0.00000000,0.00000000,0.00000000,0.00000000,0.00000000,0.00000000,0.00000000,0.00000000,0.00000000,0.00000000,0.00000000,0.00000000,0.00000000,0.00000000,0.00000000,0.00000000,0.00000000,0.00000000,0.00000000,0.00335799,0.00000000,0.00000000,0.00000000,0.00000000,0.00000000,0.10933765,0.00000000,0.00000000,0.00000000,0.00000000,0.00000000,2.56963532,0.00000000,0.00000000,0.00000000,0.00000000,0.00000000,0.00000000,0.00000000,0.00000000,0.00000000,0.00000000,0.00000000,0.00000000,0.00000000,0.00000000,0.00000000,0.00000000,0.00000000,0.00513721,0.00000000,0.00362488,0.00000000,0.00000000,0.00000000,0.00441620,0.00000000,0.00000000,0.00385246,0.00000000,0.05338560,0.00000000,0.03712488,0.00000000,0.00000000,0.00288844,0.00000000,0.00088792,0.00000000,0.00000000,0.00000000,0.00000000,0.00000000,0.00000000,0.00000000,0.02948161,0.00000000,0.00000000,0.00000000,0.00000000,0.01735514,0.00000000,0.00000000,0.00000000,0.00000000,0.00000000,0.00000000,0.00000000,0.00000000,0.00000000,0.00000000,0.00000000,0.00000000,0.01854089,0.00485385,0.00000000,0.00000000,0.00953033,0.00000000,0.00000000,0.00000000,0.00000000,0.01502204,0.00000000,0.00000000,0.00000000,0.00395459,0.01777480,0.00000000,0.00000000,0.00000000,0.42506521,0.00000000,0.00000000,0.00000000,0.00000000,2.87953005,0.00000000,0.00000000,0.00000000,0.00419889,0.00000000,0.00000000,0.02822330,0.00000000,0.00000000,0.00000000,0.00000000,0.00000000,0.00000000,0.00000000,0.00000000,0.00000000,0.00729091,0.00000000,0.00000000,0.00000000,0.00000000,0.00603735,0.00000000,0.00000000,0.00000000,0.00053732,0.00000000,0.00000000,0.00000000,0.00000000,0.00000000,0.00000000,0.00000000,0.00829227,0.03158559,0.00000000,0.00000000,0.00000000,0.00000000,0.00000000,0.00000000,0.00000000,0.00000000,0.00000000,0.00000000
0.00000000,0.00221595,0.00000000,0.00000000,0.00000000,0.00212214,0.00000000,0.00000000,0.00000000,0.00000000,0.00000000,0.00000000,0.00000000,0.00000000,0.00000000,0.00000000,0.00000000,0.00000000,0.00000000,0.00000000,0.00000000,0.00000000,0.00000000,0.00000000,0.00000000,0.00000000,0.00000000,0.00000000,0.00000000,0.00000000,0.00000000,0.00000000,0.00000000,0.01385618,0.00000000,0.00000000,0.00000000,0.00401416,0.00000000,0.00000000,0.00000000,0.00000000,0.00000000,0.00000000,0.00000000,0.00000000,0.00000000,0.00000000,0.00000000,0.00000000,0.00000000,0.00000000,0.14631962,0.00000000,0.00000000,0.00000000,0.00000000,0.00000000,0.05414497,0.00000000,0.01433617,0.00000000,0.00000000,0.03425106,0.00000000,0.00000000,0.00000000,0.00098198,0.00176495,0.00000000,0.00777607,0.00000000,0.00000000,0.00149308,0.00000000,0.00000000,0.00000000,0.00496328,0.00000000,0.00000000,0.00000000,0.00000000,0.00000000,0.00000000,0.00000000,0.00000000,0.00000000,0.00000000,0.01716825,0.00000000,0.00000000,0.00000000,0.00000000,0.00000000,0.00277908,0.00000000,0.00000000,0.00000000,0.00000000,0.00000000,0.00000000,0.00000000,0.00000000,0.00000000,0.00366026,0.00000000,0.00000000,0.00000000,0.00000000,0.00000000,0.00000000,0.00000000,0.00000000,0.00000000,0.00000000,0.00000000,0.00000000,0.00000000,0.00000000,0.00000000,0.00000000,0.00000000,0.00000000,0.00000000,0.00000000,0.00000000,0.00000000,0.01856847,0.00335379,0.00000000,0.00000000,0.00998454,0.00000000,0.00000000,0.00000000,0.02642708,0.00000000,0.02799493,0.02977397,0.00000000,0.00000000,0.00000000,0.00000000,0.00000000,0.00000000,0.00000000,0.00000000,0.00000000,0.00000000,0.00000000,0.00000000,0.00000000,0.00000000,0.00000000,0.00000000,0.00000000,0.00000000,3.26190747,0.00000000,0.00000000,0.00565384,0.00000000,0.00000000,0.01690002,0.00000000,0.00000000,0.00000000,0.00000000,0.00000000,0.00000000,0.00000000,0.00000000,0.00000000,0.00000000,0.00324360,0.00634064,0.00000000,0.00000000,0.00000000,0.00000000,0.00000000,0.00000000,0.00000000,0.00000000,0.00000000,0.00000000,0.00000000,0.00000000,0.02552405,0.00000000,0.00000000,0.00000000,0.00000000,0.00398133,0.03437386,0.00000000,0.00000000,0.00000000,0.00000000,0.00000000,0.00000000,0.00000000,0.00000000,0.00000000,0.00000000,0.00000000,0.00000000,0.00000000,0.01205857,0.00000000,0.29578367,0.09547267,0.00000000,0.07888091,0.00000000,0.00000000,0.00000000,0.00000000,0.00000000,0.00000000,0.00000000,0.00000000,0.00000000,0.00000000,0.00000000,0.00000000,0.00000000,0.00000000,0.00179343,0.00000000,0.00000000,0.00000000,0.00000000,0.00000000,0.00000000,0.00000000,0.00000000,0.00262097,0.00000000,0.00000000,0.00000000,0.00000000,0.00000000,0.00000000,0.00000000,0.01307831,0.00000000,0.00000000,0.00000000,0.00000000,0.00000000,0.00000000,0.00000000,0.00199165,0.00000000,0.00000000,0.00000000,0.00000000,0.00000000,0.00000000,0.00000000,0.01140407,0.00000000,0.00000000,0.00000000,0.00000000,0.01460008,0.00000000,0.00000000,0.00000000,0.00000000,0.00000000,0.24656601,0.00000000,0.04988901,0.00000000,0.00000000,0.00000000,0.00000000,0.00131541,0.00000000,0.17319744,0.00000000,0.00000000,0.00000000,0.00000000,0.00000000,0.01028192,0.00000000,0.00000000,0.00164135,0.00000000,0.00737673,0.00000000,0.00000000,0.00170722,0.00000000,0.00000000,0.00000000,0.00000000,0.00000000,0.00000000,0.00000000,0.00000000,0.00000000,0.00103534,0.00000000,0.00000000,0.00000000,0.00000000,0.00000000,0.00000000,0.00000000,0.00000000,0.00000000,0.00000000,0.00000000,0.00000000,0.00000000,0.00000000,0.00000000,0.01591164,0.00000000,0.00000000,0.00000000,0.00000000,0.00000000,0.00000000,0.00000000,0.00000000,0.52542518,0.00000000,0.01598938,0.00063294,0.00000000,0.00000000,0.00000000,0.00000000,0.00000000,0.00637458,0.00000000,0.00000000,0.00000000,0.00000000,0.02585960,0.00000000,0.00000000,0.00000000,0.00000000,0.00000000,0.01238876,0.00000000,0.00000000,0.00000000,0.00000000,0.00000000,0.00000000,0.00000000,0.00000000,0.00000000,0.00000000,0.00442044,0.00000000,0.00000000,0.00000000,0.00000000,0.00000000,0.00000000,0.00000000,0.00000000,0.00000000,0.00000000,0.00000000,0.00000000,0.00000000,0.00000000,0.00000000,0.00000000,0.00000000,0.00000000,0.00000000,0.00000000,0.00580188,0.00000000,0.00000000,0.00000000,0.00000000,0.00731868,0.00000000,0.00000000,0.00000000,0.00246416,0.00000000,0.42385695,0.00000000,0.00000000,0.00000000,0.00000000,0.00000000,0.00000000,0.00000000,0.00000000,0.07092960,0.00000000,0.00000000,0.00000000,0.00000000,0.11164648,0.00000000,0.00000000,0.00000000,0.00432113,0.00000000,0.00500909,0.00000000,0.00000000,0.00000000,0.00000000,0.00000000,0.00439952,0.00000000,0.00000000,0.00000000,0.00000000,0.00000000,0.00000000,0.00132833,0.00105414,0.00000000,0.00000000,0.00000000,0.00000000,0.00000000,0.00000000,0.00000000,0.00000000,0.00000000,0.00889032,0.00000000,0.04269818,0.00000000,0.00000000,0.00000000,0.00000000,0.00000000,0.00000000,0.00000000,0.00000000,0.00000000,0.00000000,0.00000000,0.00000000,0.00000000,0.00000000,0.00090043,0.06201001,0.00000000,0.00000000,0.00000000,0.00000000,0.00000000,0.00000000,0.00000000,0.00000000,0.00000000,0.00637902,0.00000000,0.00000000,0.00000000,0.00000000,0.00000000,0.00000000,0.00000000,0.00919654,0.01293536,0.00000000,0.00000000,0.00000000,0.00000000,0.00000000,0.00000000,0.00000000,0.00000000,0.00000000,0.00000000,0.00000000,0.00000000,0.01612571,0.00000000,0.00000000,0.00000000,0.00000000,0.00000000,0.00000000,0.00000000,0.00000000,0.00000000,0.00000000,0.00000000,0.00000000,0.00000000,0.02670177,0.00000000,0.00000000,0.00000000,0.00000000,0.00000000,0.00234866,0.00000000,0.00000000,0.00000000,0.00000000,0.00000000,0.00000000,0.00000000,0.00000000,0.00000000,0.00000000,0.00000000,0.00000000,0.00000000,0.00000000,0.02747261,0.00000000,0.00413610,0.00000000,0.01472740,0.00000000,0.00000000,0.01521552,0.00000000,0.00000000,0.01306342,0.00000000,0.00000000,0.00000000,0.00000000,0.00000000,0.00000000,0.00000000,0.00000000,0.00000000,0.00000000,0.00000000,0.00000000,0.00000000,0.00000000,0.00000000,0.00000000,0.00000000,0.00000000,0.00000000,0.00000000,0.00000000,0.00000000,0.00000000,0.00000000,0.00000000,0.01998058,0.00000000,0.00000000,0.00000000,0.00000000,0.00000000,0.00000000,0.00000000,0.00000000,0.00000000,0.00000000,0.00000000,0.00000000,0.00000000,0.00000000,0.00671079,0.00000000,0.00000000,0.00000000,0.00345845,0.00000000,0.00000000,0.00000000,0.00000000,0.00000000,0.00000000,0.00072770,0.00000000,0.00000000,0.00000000,0.00000000,0.00000000,0.00000000,0.00000000,0.00000000,0.00000000,0.00000000,0.00000000,0.00000000,0.00000000,0.00000000,2.50922535,0.00000000,0.00379670,0.00000000,0.00000000,0.00000000,0.00000000,0.00000000,0.00000000,0.00000000,0.00428739,0.00000000,0.00000000,0.00000000,0.00000000,0.00000000,0.00000000,0.00000000,0.00000000,0.00000000,0.00000000,0.00000000,0.00000000,0.00000000,0.00000000,0.00000000,0.00000000,0.00000000,0.00000000,0.00118150,0.00000000,0.24261217,0.00000000,0.00595434,0.00000000,0.00952018,0.00171630,0.00000000,0.00000000,0.00000000,0.00000000,0.00000000,0.00000000,0.00000000,0.00000000,0.00000000,0.00000000,0.00000000,0.00000000,0.00000000,0.00000000,0.00000000,0.00000000,0.00000000,0.02003952,0.00000000,0.02800022,0.00000000,0.00000000,0.00000000,0.00000000,0.00000000,0.00000000,0.00000000,0.00000000,0.00000000,0.00000000,0.00000000,0.00000000,0.00000000,0.01278670,0.00000000,0.00000000,0.00000000,0.00000000,0.00000000,0.00000000,0.00000000,0.00000000,0.00000000,0.00000000,0.00000000,0.00000000,0.37212091,0.00000000,0.00000000,0.00000000,0.00000000,0.00000000,0.00000000,0.01788298,0.00000000,0.00000000,0.00000000,0.00000000,0.00000000,0.00000000,0.00000000,0.00000000,0.04690989,0.00000000,0.00000000,0.00000000,0.00000000,0.00000000,0.00000000,0.00000000,0.00000000,0.00000000,0.00000000,0.05657977,0.00000000,0.00000000,0.00000000,0.00000000,0.00000000,0.00000000,0.00000000,0.00000000,0.00000000,0.00000000,0.00000000,0.00000000,0.00253730,0.04873520,0.00000000,0.00000000,0.00000000,0.00000000,0.00000000,0.00000000,0.00000000,0.00000000,0.00000000,0.00000000,0.00000000,0.00000000,0.00000000,0.00000000,0.20014255,0.00356903,0.00000000,0.01349994,0.00000000,0.00000000,0.00000000,0.00000000,0.00000000,0.00000000,0.00000000,0.80577749,0.00000000,0.00000000,0.00000000,0.00000000,0.00000000,0.00000000,0.00255074,0.00000000,0.00000000,0.00000000,0.00000000,0.00000000,0.00000000,0.00000000,0.00000000,0.00000000,0.00000000,0.00000000,0.00000000,0.17788639,0.00000000,0.00000000,0.00000000,0.00000000,0.00000000,0.00000000,0.00000000,0.00000000,0.00000000,0.00000000,0.05853558,0.00000000,0.00000000,0.00000000,0.11985795,0.00000000,0.00000000,0.00000000,0.00000000,0.00000000,0.35320414,0.00000000,0.00000000,0.00000000,0.00000000,0.00000000,0.00000000,0.00000000,0.00000000,0.00231481
0.00000000,0.00091921,0.00399690,0.00948451,0.00000000,0.00000000,0.00000000,0.00000000,0.00755159,0.00000000,0.00000000,0.00000000,0.00000000,0.00000000,0.00000000,0.00000000,0.00000000,0.00000000,0.00108863,0.00000000,0.00000000,0.00000000,0.00000000,0.00210950,0.00000000,0.00000000,0.00000000,0.00000000,0.00000000,0.00000000,0.00000000,0.00000000,0.00184457,0.00000000,0.00000000,0.00000000,0.00000000,0.00484039,0.00000000,0.00000000,0.00000000,0.00000000,0.00000000,0.00000000,0.00000000,0.00000000,0.00000000,0.00000000,0.00000000,0.00000000,0.00000000,0.02034549,0.00000000,0.00000000,0.00000000,0.00000000,0.00000000,0.00000000,0.00000000,0.00000000,0.00000000,0.00000000,0.00000000,0.00000000,0.00000000,0.00000000,0.00000000,0.00000000,0.00000000,0.00000000,0.00000000,0.00000000,0.00000000,0.00501645,0.00000000,0.00000000,0.00000000,0.00000000,0.00000000,0.00000000,0.00000000,0.00266320,0.00000000,0.00000000,0.00390490,0.00000000,0.00000000,0.00000000,0.00000000,0.00000000,0.00000000,0.00000000,0.00000000,0.00200266,0.00000000,0.00000000,0.00000000,0.00000000,0.00000000,0.00000000,0.01504793,0.00000000,0.00000000,0.00000000,0.00000000,0.00000000,0.00000000,0.00000000,0.00000000,0.00000000,0.00000000,0.01076331,0.00000000,0.00255667,0.00000000,0.00000000,0.00000000,0.02956614,0.00000000,0.00311609,0.00090406,0.00000000,0.03431228,0.00000000,0.00000000,0.00000000,0.00000000,0.00000000,0.00000000,0.00000000,0.00000000,0.00000000,0.00648388,0.00000000,0.00000000,0.00000000,0.00000000,0.01112583,0.00000000,0.00000000,0.00000000,0.00000000,0.00000000,0.00000000,0.00000000,0.00000000,0.00000000,0.00000000,0.00000000,0.00000000,0.01685194,0.00000000,0.00000000,0.00000000,0.00000000,0.09590287,0.00000000,0.00000000,0.00000000,0.00000000,0.01629065,0.00000000,0.00000000,0.00000000,0.00000000,0.00188270,0.00424103,0.00000000,0.00000000,0.00000000,0.00000000,0.00000000,0.00000000,0.00000000,0.00000000,0.00000000,0.00000000,0.00465817,0.00096619,0.00000000,0.00000000,0.00000000,0.00000000,0.00000000,0.00000000,0.00000000,0.00000000,0.00000000,0.00000000,0.00000000,0.00000000,0.00000000,0.00000000,0.00000000,0.00000000,0.00000000,0.00000000,0.00000000,0.00000000,0.00000000,0.00000000,0.00000000,0.00000000,0.00000000,0.00000000,0.00000000,0.00000000,0.00000000,0.00000000,0.00000000,0.10146904,0.00000000,0.00000000,0.00000000,0.00000000,0.00000000,0.00000000,0.00000000,0.00000000,0.00000000,0.00000000,0.00000000,0.10737099,0.00000000,0.00000000,0.00000000,0.00000000,0.00000000,0.00000000,0.00000000,0.00000000,0.00000000,0.00502740,0.00000000,0.00000000,0.00000000,0.00000000,0.00000000,0.00000000,0.00000000,0.00000000,0.00000000,0.00000000,0.00000000,0.00000000,0.00000000,0.00000000,0.00000000,0.00000000,0.00000000,0.00000000,0.00000000,0.00000000,0.00000000,0.00000000,0.00000000,0.00000000,0.00000000,0.00000000,0.00539885,0.00000000,0.00000000,0.00000000,0.00000000,0.00000000,0.00000000,0.00000000,0.00000000,0.00000000,0.00072770,0.00000000,0.00000000,0.00000000,0.00000000,0.00000000,0.00000000,0.00000000,0.00000000,0.00000000,0.00000000,0.00000000,0.00000000,0.00000000,0.00000000,0.00000000,0.00000000,0.00000000,0.00000000,0.00000000,0.00000000,0.00000000,0.00000000,0.00000000,0.00000000,0.00000000,0.00000000,0.00000000,0.00000000,0.00000000,0.00000000,0.00728174,0.00000000,0.24689063,0.00000000,0.00000000,0.00000000,0.00000000,0.03489390,0.00000000,0.00000000,0.00000000,0.00000000,0.00000000,0.00000000,0.00000000,0.00000000,0.00000000,0.00000000,0.00190028,0.01643486,0.00000000,0.00000000,0.00597088,0.00000000,0.00000000,0.00000000,0.09917569,0.00000000,0.00000000,0.00000000,0.00000000,0.00000000,0.00000000,0.00000000,0.02006101,0.00295784,0.04326092,0.00000000,0.00000000,0.00000000,0.00000000,0.00424023,0.00424004,0.00000000,0.00000000,0.04298909,0.00000000,0.00000000,0.00000000,0.00000000,0.03179264,0.00000000,0.00321404,0.00189553,0.00000000,0.00000000,0.00000000,0.00000000,0.00073766,0.00000000,0.00164583,0.00000000,0.00000000,0.00000000,0.00000000,0.00000000,0.00000000,0.00000000,0.00000000,0.00405906,0.00000000,0.00000000,0.00000000,0.00000000,0.00000000,0.00000000,0.04275941,0.00000000,0.04371063,0.00000000,0.00000000,0.00000000,0.00000000,0.00000000,0.00000000,0.00000000,0.00000000,0.00000000,0.00000000,0.00000000,0.00000000,0.00000000,0.00000000,0.00000000,0.00000000,0.00000000,0.00000000,0.00000000,0.00000000,0.00000000,0.00000000,0.00000000,0.00000000,0.01240117,0.00000000,0.00000000,0.00000000,0.00000000,0.00000000,0.00000000,0.00000000,0.00000000,0.00000000,0.00673318,0.00000000,0.00000000,0.00000000,0.01591262,0.00000000,0.00000000,0.00000000,0.48546101,0.00000000,0.00000000,0.00000000,0.00000000,0.00000000,0.00000000,0.02691441,0.00000000,0.00000000,0.00000000,0.00000000,0.00000000,0.00000000,0.00000000,0.00000000,0.02149656,0.00000000,0.00000000,0.00000000,0.00000000,0.00000000,0.00000000,0.01316823,0.00000000,0.00000000,0.00000000,0.00000000,0.00000000,0.00000000,0.00000000,0.00000000,0.72519775,0.00000000,0.00000000,0.00000000,0.00000000,0.00000000,0.00000000,0.00000000,0.00000000,0.01500801,0.00000000,0.00000000,0.01421411,0.00000000,0.00000000,0.00000000,0.00000000,0.00000000,0.00000000,0.00839638,0.02637207,0.15832100,0.00000000,0.00000000,0.00000000,0.00000000,0.00000000,0.00000000,0.00000000,0.00000000,0.00000000,0.00000000,0.00000000,0.00000000,0.00000000,0.00000000,0.00000000,0.01312107,0.00000000,0.00000000,0.00000000,0.12979917,0.00000000,0.01339607,0.00000000,0.00000000,0.00000000,0.00203629,0.00000000,0.00000000,0.00000000,0.00000000,0.00000000,0.00000000,0.00000000,0.00000000,0.00000000,0.00000000,0.00000000,0.00000000,0.00000000,0.00000000,0.00000000,0.00000000,0.00669776,0.00000000,0.00000000,0.42042176,0.00000000,0.00000000,0.00000000,0.00000000,0.00000000,0.00000000,0.00000000,0.00000000,0.00000000,0.00000000,0.00000000,0.00000000,0.00000000,0.00000000,0.00000000,0.00000000,0.00000000,0.00000000,0.01360207,0.00000000,0.00000000,0.00000000,0.00000000,0.00000000,0.01567050,0.00000000,0.03499248,0.00000000,0.00000000,0.00239730,0.00000000,0.00000000,0.00000000,0.00000000,0.02217881,1.76134857,0.00000000,0.00000000,0.00000000,0.00000000,0.00000000,0.00000000,0.00000000,0.00000000,0.00000000,0.00000000,0.00000000,0.25161054,0.00000000,0.00067059,0.00000000,0.00000000,0.00000000,0.00000000,0.00854696,0.00103463,0.00000000,0.00000000,0.02708868,0.00000000,0.00222236,0.00000000,0.00000000,0.00000000,0.00000000,0.00000000,0.00000000,0.00000000,0.00000000,0.00000000,0.00000000,0.00000000,0.00000000,0.00000000,0.00000000,0.00000000,0.00000000,0.00000000,0.00000000,0.00000000,0.00000000,0.00000000,0.00000000,0.00000000,0.00000000,0.00000000,0.00000000,0.00000000,0.00000000,0.00000000,0.01080920,0.00000000,0.00000000,0.00000000,0.00000000,0.00000000,0.00000000,0.00000000,0.02991236,0.00000000,0.07362096,0.00000000,0.00405771,0.00000000,0.00000000,0.00000000,0.00767886,0.00000000,0.00000000,0.00000000,0.00000000,0.00000000,0.00658884,0.00000000,0.00000000,0.00000000,0.00000000,0.00000000,0.00000000,0.00000000,0.00000000,0.00000000,0.00131554,0.00000000,0.00000000,0.01696128,0.00000000,0.00000000,0.00000000,1.36327021,0.00230740,0.00000000,0.00000000,0.02019952,0.00000000,0.00000000,0.54518699,0.00000000,0.00000000,0.00000000,0.00000000,0.00000000,0.00000000,0.00000000,0.00000000,0.00000000,0.00000000,0.00000000,0.00000000,0.00000000,0.00000000,0.00000000,0.00551552,0.00000000,0.00000000,0.00000000,0.00000000,0.00000000,0.00111854,0.00000000,0.00652143,0.00000000,0.00000000,0.00000000,0.00000000,0.00000000,0.04638081,0.00000000,0.00000000,0.00000000,0.00000000,0.00000000,0.00000000,0.00000000,0.00000000,0.00000000,0.00000000,0.00000000,0.00000000,0.00000000,0.00000000,0.00000000,0.00000000,0.00000000,0.00927239,0.00000000,0.00000000,0.03108492,0.00000000,0.00000000,0.00000000,0.00000000,0.00000000,0.24375074,0.00000000,0.01575506,0.00000000,0.00000000,0.00000000,0.00000000,0.00000000,0.00000000,0.00000000,0.00000000,0.00598721,0.00000000,0.00000000,0.00000000,0.00000000,0.00000000,0.00000000,0.00000000,0.00000000,0.00000000,0.00000000,0.00000000,0.00000000,0.00000000,0.00000000,0.00000000,0.00000000,0.00000000,0.00000000,0.00000000,0.00000000,0.00000000,0.00000000,0.00000000,0.00000000,0.00000000,0.00000000,0.00000000,0.00000000,0.00000000,0.00000000,0.00000000,0.00000000,0.00000000,0.00000000,0.00000000,0.00000000,0.00000000,0.00000000,0.00000000,0.00000000,0.00000000,0.00000000,0.00000000,0.00381503,0.00000000,0.00000000,0.00000000,0.16383548,0.00000000,0.00000000,0.00000000,0.00000000,0.00000000,0.00000000,0.01141888,0.00000000,0.00000000,0.00000000,0.00000000,0.00000000,0.00000000,0.00000000,0.00084933,0.00000000,0.00000000,0.00000000,0.02145124,0.01371334,0.00000000,0.00000000,0.01019083,0.00000000,0.00000000,0.00000000
0.00000000,0.00000000,0.00000000,0.00000000,0.00000000,0.00000000,0.00474251,0.00000000,0.00000000,0.00000000,0.00000000,0.09977918,0.00000000,0.00000000,0.00000000,0.00000000,0.00000000,0.16076408,0.00000000,0.00000000,0.00000000,0.00000000,0.00000000,0.00000000,0.00327385,0.00000000,0.00000000,0.00000000,0.00000000,0.00000000,0.00000000,0.00000000,0.00000000,0.00000000,0.00000000,0.00000000,0.00000000,0.00000000,0.00000000,0.00000000,0.00000000,0.00000000,0.00000000,0.00000000,0.00000000,0.00000000,0.00000000,0.00000000,0.00000000,0.00000000,0.00000000,0.01011323,0.00000000,0.00000000,0.00000000,0.00000000,0.00000000,0.00000000,0.00135511,0.00000000,0.00000000,0.00000000,0.00000000,0.00000000,0.00000000,0.04404556,0.00000000,0.00000000,0.01062638,0.00000000,0.00000000,0.00000000,0.00000000,0.00000000,0.00000000,0.00000000,0.00000000,0.00000000,0.01433156,0.00000000,0.00934149,0.00000000,0.00000000,0.00000000,0.00000000,0.00000000,0.00000000,0.00000000,0.00000000,0.00000000,0.00000000,0.00996448,0.00000000,0.00000000,0.00000000,0.00000000,0.00000000,0.00000000,0.00000000,0.79393329,0.00000000,0.00000000,0.00000000,0.00000000,0.00000000,0.00000000,0.00000000,0.00000000,0.01379538,0.00000000,0.00000000,0.00000000,0.00000000,0.34501664,0.00000000,0.00000000,0.00000000,0.00000000,0.00000000,0.01759035,0.00000000,0.00000000,0.00000000,0.00000000,0.00000000,0.00000000,0.01120218,0.00000000,0.00000000,0.00000000,0.00521413,0.00000000,0.00000000,0.00000000,0.00000000,0.00000000,0.00271976,0.00000000,0.00000000,0.00000000,0.00000000,0.00000000,0.00000000,0.00000000,0.00088699,0.00000000,0.00000000,0.00000000,0.00000000,0.00000000,0.00000000,0.00000000,0.00000000,0.00000000,0.02888181,0.00000000,0.00000000,0.00000000,0.00000000,0.00000000,0.00000000,0.00000000,0.00266959,0.00000000,0.00000000,0.00000000,0.00000000,0.00000000,0.00000000,0.00000000,0.00000000,0.00000000,0.00000000,0.00000000,0.00000000,0.00000000,0.00000000,0.00000000,0.00000000,0.00000000,0.00000000,0.00000000,0.00000000,0.00000000,0.00000000,0.00626936,0.00000000,0.00681519,0.00000000,0.00067421,0.00000000,0.00000000,0.00000000,0.00000000,0.00000000,0.00000000,0.00000000,0.00000000,0.00000000,0.00000000,0.00000000,0.00000000,0.00000000,0.00000000,0.00000000,0.00000000,0.00000000,0.00000000,0.00000000,0.00000000,0.00000000,0.00000000,0.00000000,0.00000000,0.00000000,0.00000000,0.00000000,0.00000000,0.00000000,1.99308603,0.00000000,0.00000000,0.01219089,0.00000000,0.00000000,0.00000000,0.00000000,0.00000000,0.00000000,0.00000000,0.01106605,0.00000000,0.00000000,0.00000000,0.00000000,2.67488316,0.00451385,0.00000000,0.00000000,0.00000000,0.00000000,0.00000000,0.07880004,0.00000000,0.00000000,0.00000000,0.00000000,0.00000000,0.00000000,0.00000000,0.00000000,0.00000000,0.00000000,0.00000000,0.00000000,0.00000000,0.00000000,0.03214889,0.00000000,0.00579941,0.00000000,0.00000000,0.00000000,0.00000000,0.00319861,0.00000000,0.00000000,0.00000000,0.02959019,0.00000000,0.00109041,0.00000000,0.00000000,0.00000000,0.00000000,0.02316990,0.00000000,0.00000000,0.00000000,0.00000000,0.00000000,0.00000000,0.01519799,0.01453217,0.00000000,0.00000000,0.00000000,0.00169327,0.01031857,0.00000000,0.00000000,0.00000000,0.11928302,0.00000000,0.00875829,0.00000000,0.00000000,0.00000000,0.00000000,0.00235670,0.00000000,0.00000000,0.00000000,0.07183812,0.00000000,0.00000000,0.00000000,0.00000000,0.00000000,0.00000000,0.00000000,0.00000000,0.00000000,0.00000000,0.00000000,0.00000000,0.00000000,0.00000000,0.00530229,0.00000000,0.00000000,0.00000000,0.00960327,0.00000000,0.00000000,0.00000000,0.00000000,0.00000000,0.00000000,0.24662599,0.00000000,0.00000000,0.00000000,0.00000000,0.00000000,0.00000000,0.00000000,0.00000000,0.00000000,0.00000000,0.00000000,0.00000000,0.00000000,0.00000000,0.00000000,0.02534982,0.00543308,0.00303187,0.02039306,0.00000000,0.00000000,0.00000000,0.01794922,0.00000000,0.00000000,0.00000000,0.00000000,0.00000000,0.00000000,0.00000000,0.00000000,0.00000000,0.00000000,0.00000000,0.00000000,0.00539347,0.00000000,0.00000000,0.00000000,0.36343704,0.02884970,0.00000000,0.00000000,0.00000000,0.00000000,0.00000000,0.00000000,0.00000000,0.00000000,0.00000000,0.00258918,0.00000000,0.00000000,0.00000000,0.00000000,0.00000000,0.00000000,0.00000000,0.00000000,0.00000000,0.00000000,0.00000000,0.00000000,0.00000000,0.00000000,0.00000000,0.00000000,0.00000000,0.00000000,0.00000000,0.00000000,0.00000000,0.00000000,0.00000000,0.02509669,0.00000000,0.00000000,0.00000000,0.00000000,0.00000000,0.00000000,0.01125035,0.00000000,0.00000000,0.00000000,0.01578686,0.00000000,0.00000000,0.00113771,0.00000000,0.00000000,0.00000000,0.00000000,0.00000000,0.00000000,0.11891612,0.01107738,0.00000000,0.00000000,0.00000000,0.00000000,0.00000000,0.00000000,0.00000000,0.00000000,0.00000000,0.40983913,0.00000000,0.00000000,0.00000000,0.00000000,0.00000000,0.00000000,0.00000000,0.00613862,0.00000000,0.00000000,0.00000000,0.00000000,0.00000000,0.01371324,0.00000000,0.03072528,0.00000000,0.00000000,0.00000000,0.00000000,0.20427826,0.01692556,0.00000000,0.00000000,0.00000000,0.00000000,0.00000000,0.00000000,0.00000000,0.00000000,0.00000000,0.00373331,0.00000000,0.00000000,0.00000000,2.41479822,0.00477483,0.00000000,0.00000000,0.00000000,0.00000000,0.00000000,0.00000000,0.00000000,0.00000000,0.00000000,0.00000000,0.00000000,0.00372037,0.00000000,0.00000000,0.01052732,0.00000000,0.00000000,0.00000000,0.00000000,0.00000000,0.00000000,0.00000000,0.00000000,0.00000000,0.00000000,0.00767886,0.00505038,0.00000000,0.00000000,0.00000000,0.02057078,0.00162967,0.00000000,0.00000000,0.00000000,0.00000000,0.00000000,0.00000000,0.00000000,0.00000000,0.00000000,0.00000000,0.00000000,0.00000000,0.00208547,0.00000000,0.00000000,0.00478956,0.00000000,0.00000000,0.00370186,0.00000000,0.00000000,0.00000000,0.00000000,0.00000000,0.00000000,0.00000000,0.00000000,0.00000000,0.00000000,0.00000000,0.00082983,0.00000000,0.00299774,0.00000000,0.00000000,0.00000000,0.00000000,0.00000000,0.00000000,0.00000000,0.00000000,0.00000000,0.00000000,0.00000000,0.00000000,0.00000000,0.00000000,0.00000000,0.00321085,0.00000000,0.00000000,0.00000000,0.00000000,0.00000000,0.00000000,0.00000000,0.00000000,0.01112535,3.38321261,0.00000000,0.00000000,0.00000000,0.00223140,0.00000000,0.00000000,0.00000000,0.00000000,0.00000000,0.00000000,0.00162163,0.07386912,0.00000000,0.00000000,0.00000000,0.00000000,0.00000000,0.00000000,0.00000000,0.00000000,0.00000000,0.02418420,0.00000000,0.00000000,0.00000000,0.00000000,0.00000000,0.00000000,0.00343528,0.01656183,0.00000000,0.00119724,0.00000000,0.00000000,0.00000000,0.00000000,0.00000000,0.00000000,0.00000000,0.00000000,0.00000000,0.00000000,0.00000000,0.00000000,0.00000000,0.00000000,0.00000000,0.00000000,0.00000000,0.00000000,0.00892475,0.00000000,0.00000000,0.00108556,0.00000000,0.00000000,0.00000000,0.00000000,0.00000000,0.00000000,0.00000000,0.00000000,0.00000000,0.00000000,0.00000000,0.00000000,0.00000000,0.04638313,0.00000000,0.00000000,0.00000000,0.00927180,0.00000000,0.00000000,0.00000000,0.00000000,0.00000000,0.00000000,0.00000000,0.00000000,0.00000000,0.00274539,0.00000000,0.00000000,0.00000000,0.00000000,0.00000000,0.00000000,0.00000000,0.00000000,0.00000000,0.00000000,0.00000000,0.00000000,0.00000000,0.94475582,0.00000000,0.08282024,0.00000000,0.00000000,0.00000000,0.00000000,0.00000000,0.00000000,0.00000000,0.00000000,0.00000000,0.00000000,0.00000000,0.00000000,0.00000000,0.00000000,0.00000000,0.00000000,0.00805478,0.00000000,0.00000000,0.00000000,0.00000000,0.00000000,0.00000000,0.00000000,0.00000000,0.00000000,0.00418860,0.00000000,0.00000000,0.00000000,0.00000000,0.00000000,0.00000000,0.00000000,0.00000000,0.00000000,0.00000000,0.00000000,0.00000000,0.03858455,0.00584093,0.00000000,0.00000000,0.00000000,0.00000000,0.00000000,0.00000000,0.00000000,0.00000000,0.00000000,0.00000000,0.00000000,0.00000000,0.00000000,0.00000000,0.00000000,0.00000000,0.00000000,0.00000000,0.00000000,0.00380190,0.00000000,0.00000000,0.00000000,0.00000000,0.00000000,0.00228547,0.00000000,0.00000000,0.00000000,0.00000000,0.00000000,0.00000000,0.00000000,0.00000000,0.00000000,0.00000000,0.00000000,0.00622451,0.00000000,0.00000000,0.00000000,0.00000000,0.00000000,0.00000000,0.00000000,0.00000000,0.01893534,0.00000000,0.00000000,0.01175260,0.00000000,0.00000000,0.00000000,0.00000000,0.00000000,0.00000000,0.00000000,0.00000000,0.00000000,0.03906808,0.00000000,0.00000000,0.00000000,0.00000000,0.00000000,0.00000000,0.00000000,0.02198719,0.00000000,0.00000000,0.00000000,0.00000000,0.00000000,0.00000000,0.00000000,0.00000000,0.00397914,0.00000000,0.00000000,0.01431369,0.00000000,0.00000000,0.00000000,0.00000000,0.00000000,0.00000000,0.00000000,0.00000000,0.00000000,0.00000000,0.00535106,0.00000000,0.00000000,0.00000000,0.00000000,0.00186011
0.00675523,0.86072347,0.01432035,0.00000000,0.00000000,0.00000000,0.00000000,0.00000000,0.00000000,0.00000000,0.00000000,0.00000000,0.00000000,0.00000000,0.00000000,0.00753972,0.00000000,0.00000000,0.00000000,0.00303842,0.00000000,0.00000000,0.00000000,0.00000000,0.00000000,0.00000000,0.00000000,0.00000000,0.00000000,0.00000000,0.00000000,0.01477377,0.00000000,0.00000000,0.00000000,0.00000000,0.00000000,0.00222313,0.00000000,0.00000000,0.00000000,0.00000000,0.00000000,0.00481841,0.00000000,0.00000000,0.00000000,0.00000000,0.00000000,0.00000000,0.00000000,0.00000000,0.00000000,0.00000000,0.00000000,0.00000000,0.00000000,0.00000000,0.00000000,0.00000000,0.00000000,0.00000000,0.00000000,0.00000000,0.00000000,0.00000000,0.04988928,0.00000000,0.00000000,0.00000000,0.00000000,0.00000000,0.00000000,0.00000000,0.00000000,0.00000000,0.00000000,0.00000000,0.00000000,0.00000000,0.00000000,0.00123566,0.00000000,0.00000000,0.04481788,0.00000000,0.01244490,0.00000000,0.00000000,0.01597543,0.00000000,0.00148329,0.00000000,0.00000000,0.00232737,0.00000000,0.00000000,0.00000000,0.00048369,0.00000000,0.00000000,0.01543207,0.00000000,0.00000000,0.00000000,0.00000000,0.00000000,0.00000000,0.00000000,0.00966641,0.00000000,0.00000000,0.00000000,0.00000000,0.00000000,0.00000000,0.00000000,0.00000000,0.00000000,0.00000000,0.00000000,0.00000000,0.00000000,0.00000000,0.00000000,0.00000000,0.00000000,0.00000000,0.00000000,0.00000000,0.01756988,0.00000000,0.00000000,0.00000000,0.02228802,0.00000000,0.00000000,0.00000000,0.01455101,0.00000000,0.00000000,0.00000000,0.00000000,0.00000000,0.00000000,0.00000000,0.00000000,0.00000000,0.00000000,0.00000000,0.00000000,0.00000000,0.00000000,0.00000000,0.00000000,0.00000000,0.00000000,0.00000000,0.00000000,0.00000000,0.00000000,0.00000000,0.00000000,0.00000000,0.00000000,0.00000000,0.00000000,0.00000000,0.00000000,0.00000000,0.03020204,0.00000000,0.00098023,0.00000000,0.00000000,0.00000000,1.62922078,0.04747042,0.00000000,0.00000000,0.00000000,0.01977517,0.00000000,0.00000000,0.00000000,0.00000000,0.00000000,0.00000000,0.00000000,0.00126338,0.00000000,0.00000000,0.00000000,0.00000000,0.00000000,0.00766295,0.00000000,0.00000000,0.00000000,0.00000000,0.00000000,0.00492183,0.00000000,0.00000000,0.00000000,0.00248471,0.00000000,0.02533709,0.00000000,0.00000000,0.00000000,0.00000000,0.00000000,0.00000000,0.00000000,0.00000000,0.00000000,0.00000000,0.00000000,0.00000000,0.00000000,0.00000000,0.00000000,0.00365836,0.00656453,0.00000000,0.00752002,0.00203938,0.00000000,0.00000000,0.00000000,0.00000000,0.00000000,0.00000000,0.00000000,0.01276234,0.00000000,0.00000000,0.00000000,0.00000000,0.00000000,0.00000000,0.00000000,0.00000000,0.09569377,0.00000000,0.00000000,0.00000000,0.00000000,0.14929396,0.00000000,0.00000000,0.00000000,0.00000000,0.00000000,0.00809136,0.00000000,0.00000000,0.00000000,0.00000000,0.00000000,0.00000000,0.00000000,0.00000000,0.00000000,0.01686769,0.00000000,0.00000000,0.00000000,0.00051853,0.00000000,0.00000000,0.00000000,0.00000000,0.00000000,0.00000000,0.00000000,0.00000000,0.00000000,0.00000000,0.00000000,0.00000000,0.02834723,0.00000000,0.00000000,0.00000000,0.00000000,0.00000000,0.00000000,0.00000000,0.00000000,0.00000000,0.03387748,0.00000000,0.00712223,0.00851373,0.00000000,0.00000000,0.00000000,0.00000000,0.00000000,0.00499773,0.00000000,0.00000000,0.04231715,0.00000000,0.00000000,0.00000000,0.00000000,0.00000000,0.00000000,0.00000000,0.03911449,0.00000000,0.00000000,0.00000000,0.00000000,0.00000000,0.00000000,0.00000000,0.00000000,0.00000000,0.01131506,0.00000000,0.00000000,0.00000000,0.00000000,0.00000000,0.00000000,0.00000000,0.00000000,0.00000000,0.00000000,0.00000000,0.03359704,0.00000000,0.00000000,0.00000000,0.00000000,0.00949018,0.00000000,0.00000000,0.00000000,0.00000000,0.00000000,0.00000000,0.00000000,0.00000000,0.00000000,0.00000000,0.00000000,0.00000000,0.00000000,0.00000000,0.00000000,0.00547285,0.00000000,0.00000000,0.00000000,0.00000000,0.00000000,0.00000000,0.00000000,0.00000000,0.00000000,0.00000000,0.00000000,0.00000000,0.00000000,0.02680132,0.00000000,0.00000000,0.00000000,0.00000000,0.00000000,0.00000000,0.00000000,0.00000000,0.00000000,0.00000000,0.00000000,0.00000000,0.00000000,0.00000000,0.00000000,0.00000000,0.00000000,0.00000000,0.00000000,0.00000000,0.00000000,0.00000000,0.00979972,0.00000000,0.00000000,0.00000000,0.00000000,0.00000000,0.03911425,0.00000000,0.00000000,0.00000000,0.00000000,0.00000000,0.03112608,0.00000000,0.00000000,0.00000000,0.00000000,0.00000000,0.00000000,0.00000000,0.00000000,0.00671147,0.00000000,0.00000000,0.00000000,0.00000000,0.00000000,0.00000000,0.03340883,0.00000000,0.00000000,0.00000000,0.00000000,0.00000000,0.00000000,0.00000000,0.00145402,0.00000000,0.00455335,0.00000000,0.00000000,0.00000000,0.00000000,0.00000000,0.00000000,0.00000000,0.00000000,0.00000000,0.00000000,0.00000000,0.00000000,0.00000000,0.00000000,0.00928535,0.00000000,0.00000000,0.00000000,0.00000000,0.00593958,0.00000000,0.00000000,0.00000000,0.00000000,0.00000000,0.00000000,0.00000000,0.00000000,0.00000000,0.00000000,0.00000000,0.00000000,0.00000000,0.00000000,0.00000000,0.00000000,0.00000000,0.00000000,0.00000000,0.03058846,0.00000000,0.00000000,0.00000000,0.00000000,0.00376454,0.00000000,0.00000000,0.00000000,0.00000000,0.05119074,0.00000000,0.00348992,0.00000000,0.00000000,0.00000000,0.00000000,0.00522296,0.00000000,0.00000000,0.00000000,0.00000000,0.00000000,0.00000000,0.00000000,0.00149533,0.00000000,0.00000000,0.00000000,0.00000000,0.00000000,0.00661782,0.00138009,0.95566306,0.07905824,0.00000000,0.00000000,0.00000000,0.00000000,0.00000000,0.00000000,0.00000000,0.00000000,0.00000000,0.00000000,0.00000000,0.00000000,0.00000000,0.00000000,0.00000000,0.00000000,0.00000000,0.00000000,0.00000000,0.00000000,0.00000000,0.00000000,0.00169223,0.00000000,0.00000000,0.00000000,0.41411553,0.00000000,0.00000000,0.00000000,0.00000000,0.00000000,0.00000000,0.00000000,0.01011216,0.03809694,0.00000000,0.00113855,0.00000000,0.00000000,0.00000000,0.00000000,0.00000000,0.00000000,0.00000000,0.00000000,0.00000000,0.00000000,0.00000000,0.00000000,0.00415844,0.00000000,0.00537742,0.00000000,0.00000000,0.00000000,0.00000000,0.00000000,0.00000000,0.78479983,0.00000000,0.00000000,0.00000000,0.00000000,0.00000000,0.00373967,0.00000000,0.00000000,0.00000000,0.00000000,0.00083170,0.00000000,0.00000000,0.00000000,0.00000000,0.00000000,0.00000000,0.00000000,0.00000000,0.00000000,0.00000000,0.00000000,0.00000000,0.01417972,0.00000000,0.00000000,0.01704809,0.00000000,0.00000000,0.00000000,0.00000000,0.00000000,0.00000000,0.00000000,0.00000000,0.01653983,0.00000000,0.00000000,0.00409875,0.00000000,0.00156959,0.00000000,0.00000000,0.00377984,0.00000000,0.00000000,0.01588660,0.00000000,0.00000000,0.00000000,0.00000000,0.00000000,0.00209389,0.00000000,0.00000000,0.00000000,0.00000000,0.00000000,0.00000000,0.00000000,0.00000000,0.00000000,0.00000000,0.00000000,0.00000000,0.00000000,0.00000000,0.00000000,0.00000000,0.00000000,0.00000000,0.00000000,0.00000000,0.00000000,0.00000000,0.00000000,0.00000000,0.00000000,0.00000000,0.00000000,0.01773560,0.00483881,0.00000000,0.00000000,0.00000000,0.00000000,0.00000000,0.00000000,0.00000000,0.00000000,0.00000000,0.02321775,0.00000000,0.00000000,0.00000000,0.00000000,0.00000000,0.00000000,0.00000000,0.00000000,0.00000000,0.00594669,0.00280358,0.00000000,0.01233597,0.00000000,0.00000000,0.00000000,0.00000000,0.00000000,0.00000000,0.00000000,0.00000000,0.00000000,0.00000000,0.00000000,0.00439080,0.00000000,0.00000000,0.00000000,0.00000000,0.00000000,0.00000000,0.00000000,0.00000000,0.00000000,0.00000000,0.00000000,0.00000000,0.00000000,0.00000000,0.00000000,0.00000000,0.00000000,0.00093795,0.00000000,0.00000000,0.00000000,0.00156038,0.00000000,0.00000000,0.00000000,0.00000000,0.00000000,0.02736359,0.00516321,0.00000000,0.00000000,0.00000000,0.00000000,0.00000000,0.00000000,0.00000000,0.00000000,0.00276060,0.00000000,0.00000000,0.00000000,0.01828779,0.00000000,0.00000000,0.00000000,0.00000000,0.00000000,0.00000000,0.00439574,0.00067266,0.03811656,0.00000000,0.00000000,0.00000000,1.10609264,0.00000000,2.59846672,0.01754070,0.00000000,0.00000000,0.00000000,0.00000000,0.00000000,0.00000000,0.00000000,0.00000000,0.00000000,0.00000000,0.00000000,0.00000000,0.00000000,0.00000000,0.00000000,0.00000000,0.00000000,0.00000000,0.00150060,0.00000000,0.00000000,0.00000000,0.00000000,0.00000000,0.00000000,0.00000000,0.00000000,0.00000000,0.00000000,0.00000000,0.00000000,0.00000000,0.00000000,0.00000000,0.00000000,0.06184971,0.00000000,0.00000000,0.29127342,0.00212438,0.00000000,0.00000000,0.00000000,0.00000000,0.00000000,0.00000000,0.00000000,0.00000000,0.00000000,0.00000000,0.00000000,0.00000000,0.00000000,0.00000000,0.01003642,0.00000000,0.00000000,0.00000000,0.00000000,0.00000000
0.00000000,0.00000000,0.00000000,0.00000000,0.00000000,0.00000000,0.08747614,0.00000000,0.00000000,0.00000000,0.00493011,1.76205434,0.00000000,0.00000000,0.00000000,0.00000000,0.00000000,0.00000000,0.00000000,0.00000000,0.00000000,0.00448181,0.00000000,0.00000000,0.07768074,0.00000000,0.00000000,0.00000000,0.00000000,0.00000000,0.00000000,0.00000000,0.00000000,0.00000000,0.00000000,0.00000000,0.00000000,0.02168020,0.00000000,0.00000000,0.00000000,0.00000000,0.00000000,0.00000000,0.00000000,0.00000000,0.00000000,0.00000000,0.00000000,0.00000000,0.00000000,0.05023251,0.00258207,0.00000000,0.00000000,0.01565917,0.00000000,0.00000000,0.02542678,0.00000000,0.00000000,0.00000000,0.00000000,0.00000000,0.00000000,0.00682262,0.00000000,0.00000000,0.00071551,0.00000000,0.00000000,0.00000000,0.00000000,0.00000000,0.00000000,0.00000000,0.00000000,0.00000000,0.00000000,0.00000000,0.00000000,0.00229004,0.00000000,0.00000000,0.00000000,0.00000000,0.00000000,0.00000000,0.01757847,0.00000000,0.00389549,0.00000000,0.00000000,0.00000000,0.00000000,0.00000000,0.00000000,0.00000000,0.00000000,0.00000000,0.00000000,0.00000000,0.00000000,0.00000000,0.00000000,0.00000000,0.00000000,0.00000000,0.00000000,0.00000000,0.00000000,0.00000000,0.00000000,0.00282019,0.00000000,0.00000000,2.47370541,0.00000000,0.01327431,0.00000000,0.00000000,0.00000000,0.00000000,0.00000000,0.00000000,0.00000000,0.00000000,0.00000000,0.00000000,0.00000000,0.00000000,0.00000000,0.00000000,0.01422886,0.00000000,0.00000000,0.00000000,0.00667710,0.00000000,0.00000000,0.00000000,0.00000000,0.00000000,0.00000000,0.24919622,0.00000000,0.00751625,0.00000000,0.00000000,0.00000000,0.00000000,0.00000000,0.00000000,0.00000000,0.00000000,0.00000000,0.00000000,0.00000000,0.00000000,0.00000000,0.00000000,0.00731697,0.00000000,0.00000000,0.00000000,0.00000000,0.00000000,0.00000000,0.00000000,0.00000000,0.00000000,0.00000000,0.00000000,0.00000000,0.00000000,0.00000000,0.00000000,0.00096959,0.00000000,0.00000000,0.00000000,0.00000000,0.00000000,0.00000000,0.00000000,0.00399256,0.00000000,0.00000000,0.00000000,0.00000000,0.00000000,0.00000000,0.00000000,0.00000000,0.00000000,0.00113162,0.00000000,0.00000000,0.00000000,0.00000000,0.00000000,0.00000000,0.00000000,0.00000000,0.00000000,0.06799417,0.00000000,0.00000000,0.00000000,0.00000000,0.00000000,0.00000000,0.00000000,0.50239875,0.00000000,0.00000000,0.00000000,0.00000000,0.00000000,0.00000000,0.00000000,0.01000055,0.00000000,0.00000000,0.00000000,0.00000000,0.00000000,0.00000000,0.00539707,0.00000000,0.01752384,0.00000000,0.00000000,0.00000000,0.00000000,0.00000000,0.00000000,0.00000000,0.00000000,0.00000000,0.00000000,0.00000000,0.00000000,0.00000000,0.00000000,0.00000000,0.00000000,0.00000000,0.00000000,0.00000000,0.00000000,0.00000000,0.02688637,0.00000000,0.00000000,0.00000000,0.00000000,0.00000000,0.00000000,0.00000000,0.00000000,0.00000000,0.00128868,0.00000000,0.00000000,0.00000000,0.00000000,0.00000000,0.00000000,0.00000000,0.00000000,0.00000000,0.00000000,0.00000000,0.00000000,0.01163565,0.00000000,0.00000000,0.00000000,0.00000000,0.00000000,0.00000000,0.00000000,0.00000000,0.00000000,0.00000000,0.00000000,0.00000000,0.00000000,0.00000000,0.00117843,0.00000000,0.00000000,0.00000000,0.00000000,0.00000000,0.00000000,0.00000000,0.00000000,0.00000000,0.00000000,0.00000000,0.00000000,0.00000000,0.00000000,0.00158326,0.00000000,0.00000000,0.00000000,0.00000000,0.00736655,0.00000000,0.00000000,0.00000000,0.00000000,0.00000000,0.00000000,0.00000000,0.00000000,0.00000000,0.00000000,0.00000000,0.00000000,0.00000000,0.00184200,0.00000000,0.00000000,0.00000000,0.00000000,0.01332119,0.00000000,0.00426749,0.00000000,0.00000000,0.00000000,0.00000000,0.00000000,0.00000000,0.00000000,0.00000000,0.00000000,0.00000000,0.00000000,0.00000000,0.00000000,0.00000000,0.00000000,0.00000000,0.00000000,0.00000000,0.01395789,0.00000000,0.00000000,0.00000000,0.00000000,0.00000000,0.00000000,0.07652601,0.00000000,0.00000000,0.01763933,0.00000000,0.00000000,0.00000000,0.00000000,0.00000000,0.00000000,0.00624305,0.00000000,0.00000000,0.00000000,0.00000000,0.00000000,0.00000000,0.00000000,0.12398924,0.06583065,0.00951706,0.00000000,0.00000000,0.00000000,0.01948435,0.00000000,0.00000000,0.00000000,0.00000000,0.00286518,0.00000000,0.00000000,0.00000000,0.00000000,0.00000000,0.00000000,0.00000000,0.00000000,0.03915241,0.00000000,0.00000000,0.00000000,0.00000000,0.00000000,0.00000000,0.00000000,0.00000000,0.01154814,0.00000000,0.00000000,0.00000000,0.00000000,0.00000000,0.00000000,0.00000000,0.00000000,0.00000000,0.00000000,0.00000000,0.00000000,0.00000000,0.00000000,0.00000000,0.00000000,0.02677400,0.00000000,0.05823005,0.00000000,0.00000000,0.00000000,0.00000000,0.00000000,0.00321697,0.00000000,0.00000000,0.00000000,0.00000000,0.00000000,0.02588628,0.00000000,0.00000000,0.00000000,0.00000000,0.00490436,0.00000000,0.00000000,0.00000000,0.00000000,0.00000000,0.00000000,0.08600124,0.00000000,0.00000000,0.00000000,0.00000000,0.00000000,0.00000000,0.00000000,0.00000000,0.00000000,0.00000000,0.00000000,0.00000000,0.00000000,0.00000000,0.01005480,0.01669568,0.00000000,0.00000000,0.00000000,0.00000000,0.00000000,0.00000000,0.29107306,0.00000000,0.00000000,0.00000000,0.00000000,0.00415538,0.00000000,0.00000000,0.00000000,0.00000000,0.00000000,0.00000000,0.00000000,0.00000000,0.00000000,0.00000000,0.00000000,0.00000000,0.00000000,0.00000000,0.00000000,0.00000000,0.00000000,0.01310013,0.00000000,0.00406122,0.00000000,0.00000000,0.00000000,0.00000000,0.00000000,0.00000000,0.00000000,0.00000000,0.00000000,0.00000000,0.00151715,0.00000000,0.00000000,0.00000000,0.00000000,0.01199287,0.00000000,0.00000000,0.00000000,0.00000000,0.00000000,0.00000000,0.00000000,0.00000000,0.00000000,0.00348715,0.00000000,0.00000000,0.00000000,0.00000000,0.05028815,0.00114003,0.00000000,0.00000000,0.00000000,0.00000000,0.04434765,0.00000000,0.00000000,0.00000000,0.00000000,0.00000000,0.00680104,0.00000000,0.00000000,0.00000000,0.00000000,0.00000000,0.00000000,0.00000000,0.00000000,0.00000000,0.00000000,0.00000000,0.00083848,0.00000000,0.00129045,0.00000000,0.00000000,0.00000000,0.38013045,0.00000000,0.00159168,0.00000000,0.00000000,0.00000000,0.00000000,0.00000000,0.00000000,0.00000000,0.00580068,0.00000000,0.00000000,0.00000000,0.00000000,0.00000000,0.00000000,0.00000000,0.00000000,0.03367288,0.00000000,0.00964479,0.00000000,0.00000000,0.00000000,0.00000000,0.00000000,0.00000000,0.00000000,0.00000000,0.00000000,0.00000000,0.00000000,0.00839378,0.00000000,0.00000000,0.00000000,0.00000000,0.00934001,0.00000000,0.00000000,0.00000000,0.00000000,0.00000000,0.00000000,0.00000000,0.00000000,0.00000000,0.00000000,0.00000000,0.00000000,0.00000000,0.00000000,0.00000000,0.00000000,0.00000000,0.00000000,0.00000000,0.00124086,0.00000000,0.00000000,0.00000000,0.00000000,0.00000000,0.00000000,0.00000000,0.00000000,0.00000000,0.00000000,0.00000000,0.00000000,0.00000000,0.02769870,0.00121458,0.00000000,0.00000000,0.07781864,0.00000000,0.00000000,0.00000000,0.00000000,0.00000000,0.00000000,0.00000000,0.00000000,0.00000000,0.00000000,0.00000000,0.00000000,0.00000000,0.00000000,0.00237189,0.05120037,0.00000000,0.03734224,0.26166106,0.00000000,0.00000000,0.06199192,0.00000000,0.00000000,0.01722967,0.00000000,0.00000000,0.00000000,0.00000000,0.00000000,0.00000000,0.00000000,0.00749582,0.00000000,0.00000000,0.00000000,0.00000000,0.00115039,0.00000000,0.00000000,0.00000000,0.00000000,0.00000000,0.00111854,0.00805478,0.00000000,0.00000000,0.00000000,0.00000000,0.01732692,0.00000000,0.00000000,0.00000000,0.00000000,0.00000000,0.00000000,0.00000000,0.00000000,0.00000000,0.00000000,0.00000000,0.00000000,0.00000000,0.00000000,0.00000000,0.00000000,0.00000000,0.00000000,0.00000000,0.00000000,0.00000000,0.00000000,0.00000000,0.01968961,0.00000000,0.00927316,0.00000000,0.00000000,0.03526140,0.00000000,0.93822833,0.00000000,0.00000000,0.00000000,0.00000000,0.00000000,0.00000000,0.00000000,0.00000000,1.50766087,0.00000000,0.00000000,0.00000000,0.00000000,0.00000000,0.00000000,0.00000000,0.00000000,0.00000000,0.00000000,0.00000000,0.00000000,0.00000000,0.01371803,0.00000000,0.00000000,0.00000000,0.00000000,0.00000000,0.00000000,0.00000000,0.00000000,0.00000000,0.00000000,0.00000000,0.00000000,0.01070039,0.00000000,0.00414601,0.08435427,0.00000000,0.00000000,0.00000000,0.00000000,0.00000000,0.00000000,0.00000000,0.00000000,0.01287055,0.00000000,0.00178489,0.01488651,0.00000000,0.00000000,0.01848274,0.00000000,0.00000000,0.00000000,0.00000000,0.00000000,0.00285410,0.00000000,0.00000000,0.00000000,0.00000000,0.00000000,0.01229417,0.00000000,0.00000000,0.00000000,0.00000000,0.00144660,0.03203168,0.00890756,0.00000000,0.93332592,0.00000000,0.00000000,0.00000000,0.00000000,0.00646282,0.00000000,0.00000000,0.00000000,0.00000000,0.00000000,0.00000000
0.00000000,0.00000000,0.00000000,0.00000000,0.00000000,0.00000000,0.00000000,0.00000000,0.00000000,0.00000000,0.00000000,0.00000000,0.00513824,0.00000000,0.00000000,0.00000000,0.00000000,0.00000000,0.01952696,0.00000000,0.00000000,0.00000000,0.00000000,0.00000000,0.00000000,0.18395510,0.00000000,0.00000000,0.00000000,0.00956409,0.00000000,0.00000000,0.00000000,0.00000000,0.00000000,0.00000000,0.00000000,0.00000000,0.00000000,0.00000000,0.00000000,0.00000000,0.00000000,0.00000000,0.00000000,0.00000000,0.00000000,0.00000000,0.00000000,0.00000000,0.00000000,0.00000000,0.00271016,0.00000000,0.00421697,0.00000000,0.01632171,0.00407045,0.00000000,0.00000000,0.00000000,0.00000000,0.00000000,0.00000000,0.00000000,0.00000000,0.03231709,0.00000000,0.00088150,0.00000000,0.00000000,0.00000000,0.00000000,0.00000000,0.01301992,0.00000000,0.00000000,0.00000000,0.00000000,0.00000000,0.00000000,0.00000000,0.00789252,0.00000000,0.00000000,0.00000000,0.01107304,0.00000000,0.00000000,0.00000000,0.00000000,0.00000000,0.01812407,0.00000000,0.00000000,0.00000000,0.00000000,0.00000000,0.00000000,0.00000000,0.00000000,0.00000000,0.00000000,0.00000000,0.00000000,0.00000000,0.00000000,0.00000000,0.00000000,0.00090482,0.00000000,0.00000000,0.00000000,0.00000000,0.00000000,0.00000000,0.00000000,0.01144036,0.00000000,0.00000000,0.00000000,0.00000000,0.00000000,0.00000000,0.00000000,0.00000000,0.00000000,0.00084780,0.14250582,0.00000000,0.00000000,0.00915660,0.00000000,0.00000000,0.00387477,0.00000000,0.00000000,0.00000000,0.00000000,0.00000000,0.00701294,0.00000000,0.00000000,0.00000000,0.00000000,0.00000000,0.00000000,0.00000000,0.00000000,0.00000000,0.00000000,0.00000000,0.00000000,0.00000000,0.00000000,0.00000000,0.00000000,0.00000000,0.00961611,0.01661193,0.00369698,0.00000000,0.00000000,0.00000000,0.00000000,0.00000000,0.00000000,0.00000000,0.00000000,0.00000000,0.00000000,0.00000000,0.00000000,0.00000000,0.00000000,0.00000000,0.00903991,0.00000000,0.00000000,0.00000000,0.00000000,0.00000000,0.00000000,0.00000000,0.00000000,0.00000000,0.00557801,0.00000000,0.00000000,0.10049551,0.00000000,0.00000000,0.00000000,0.00436572,0.00000000,0.00000000,0.00000000,0.00000000,0.00000000,0.00000000,0.00000000,0.00000000,0.00000000,0.00000000,0.00000000,0.00000000,0.00247408,0.00000000,0.00000000,0.00000000,0.00000000,0.00000000,0.00000000,0.00000000,0.00000000,0.00000000,0.00071502,0.00000000,0.00000000,0.00000000,0.00000000,0.00000000,0.00000000,0.00406269,0.00000000,0.00000000,0.00637251,0.00000000,0.00000000,0.00000000,0.00000000,0.00000000,0.00000000,0.00000000,0.00088084,0.00000000,0.02058535,0.00000000,0.00000000,0.00000000,0.02054363,0.00000000,0.00000000,0.00000000,0.00000000,0.41426664,0.00000000,0.00404454,0.00000000,0.00000000,0.00000000,0.00000000,0.00000000,0.00000000,0.01493461,0.00000000,0.00000000,0.00000000,0.00000000,0.00000000,0.01447878,0.00000000,0.00000000,0.00000000,0.00000000,0.00000000,0.00000000,0.00099881,0.00000000,0.00000000,0.00000000,0.00000000,0.00000000,0.02233371,0.00000000,0.00000000,0.00000000,0.01836904,0.00000000,0.00000000,0.00000000,0.02720759,0.00000000,0.00000000,0.00000000,0.00000000,0.00000000,0.00000000,0.00000000,0.00000000,0.00129191,0.00000000,0.00000000,0.00000000,0.00000000,0.00000000,0.00000000,0.00000000,0.00000000,0.00000000,0.00000000,0.00000000,0.00000000,0.00000000,0.00000000,0.00000000,0.00000000,0.00000000,0.00000000,0.00000000,0.11731033,0.00000000,0.00000000,0.00000000,0.00143896,0.01215283,0.00000000,0.00000000,0.00000000,0.00000000,0.00000000,0.00000000,0.00277365,0.00000000,0.02883309,0.00000000,0.05002951,0.00000000,0.00000000,0.00000000,0.00000000,0.00000000,0.01102396,0.00000000,0.00750295,0.00000000,0.00000000,0.00000000,0.00000000,0.00000000,0.00000000,0.00000000,0.00000000,0.00000000,0.00381819,0.00000000,0.00000000,0.00000000,0.00000000,0.00000000,0.00000000,0.00000000,0.01919296,0.00000000,0.00000000,0.00000000,0.00000000,0.00000000,0.00000000,0.00000000,0.00000000,0.00000000,0.00000000,0.00000000,0.03860640,0.00000000,0.00000000,0.00000000,0.00000000,0.00000000,0.00000000,0.00000000,0.00000000,0.00971172,0.00000000,0.00000000,0.00000000,0.00000000,0.06046768,0.00000000,0.00000000,0.00000000,0.00000000,0.00000000,0.00000000,0.00000000,0.00000000,0.00000000,0.00000000,0.00000000,0.00000000,0.00236098,0.00000000,0.00000000,0.00000000,0.00000000,0.00000000,0.00000000,0.00000000,0.00000000,0.00000000,0.00000000,0.00000000,0.00000000,0.03531469,0.21276488,0.00000000,0.00000000,0.00000000,0.00000000,0.00000000,0.00000000,0.00000000,0.00649028,0.00000000,0.00000000,0.00000000,0.00000000,0.00000000,0.00000000,0.00000000,0.00353940,0.00000000,0.00000000,0.00000000,0.00000000,0.00000000,0.01431497,0.00000000,0.00000000,0.00000000,0.00000000,0.00000000,0.00000000,0.00060376,0.00000000,0.00000000,0.00000000,0.00000000,0.00000000,0.00639799,0.00000000,0.00000000,0.00000000,0.02104810,0.00000000,0.00000000,0.00000000,0.00000000,0.00000000,0.00000000,0.00000000,0.00000000,0.00000000,0.00000000,0.00000000,0.00000000,0.00000000,0.00938620,0.00000000,0.00000000,0.00000000,0.00415696,0.00000000,0.00363123,0.01950898,0.00000000,0.00000000,0.00000000,0.00000000,0.00000000,0.04480769,0.00000000,0.29003215,0.00000000,0.00441167,0.00000000,0.00000000,0.26028230,0.00000000,0.00000000,0.00000000,0.00000000,0.00000000,0.00000000,0.00000000,0.00000000,0.00000000,0.00759529,0.00211874,0.00000000,0.00000000,0.00000000,0.00000000,0.00000000,0.00000000,0.00000000,0.00000000,0.00276320,0.00000000,0.24273630,0.00000000,0.00000000,0.00000000,0.00000000,0.00000000,0.00000000,0.00000000,0.00083797,0.00000000,0.00000000,0.00000000,0.00000000,0.00000000,0.00000000,0.00000000,0.00000000,0.09168452,0.00000000,0.00000000,0.00000000,0.00000000,0.00000000,0.00000000,0.00000000,0.00000000,0.00000000,0.00000000,0.00146470,0.00110758,0.00000000,0.00000000,0.00000000,0.00000000,0.00000000,0.00000000,0.00000000,0.00000000,0.00000000,0.00000000,0.00000000,0.00298151,0.00000000,0.00000000,0.00000000,0.11189215,0.00000000,0.00000000,0.00000000,0.00000000,0.00000000,0.00000000,0.00000000,0.00000000,0.00000000,0.00000000,0.00000000,0.00000000,0.00000000,0.00000000,0.00000000,0.00000000,0.23479451,0.05521042,0.00000000,0.00000000,0.00000000,0.00000000,0.00000000,0.00000000,0.00000000,0.00000000,0.00000000,0.00000000,0.62068678,0.00000000,0.01127001,0.00000000,0.00000000,0.00000000,0.00000000,0.00000000,0.00000000,0.00000000,0.00000000,0.00000000,0.00000000,0.00000000,0.00000000,0.00000000,0.00000000,0.00000000,0.00000000,0.00000000,0.00000000,0.00000000,0.00000000,0.00000000,0.00000000,0.00000000,0.00000000,0.00000000,0.00000000,0.00179132,0.00000000,0.03921297,0.00000000,0.00000000,0.00000000,0.00000000,0.00000000,0.00000000,0.00930572,0.00000000,0.00000000,0.00000000,0.00000000,0.00000000,0.00000000,0.00000000,0.00000000,0.00762285,0.00904640,0.00000000,0.00000000,0.00174742,0.00000000,0.00000000,0.00000000,0.18208858,0.00000000,0.00000000,0.00000000,0.00085657,0.00576640,0.00000000,0.00000000,0.00000000,0.00000000,0.00000000,0.00000000,0.00000000,0.00000000,0.00000000,0.00000000,0.00342383,0.00000000,0.00000000,0.00000000,0.00000000,0.00000000,0.06663040,0.00000000,0.00000000,0.00000000,0.00000000,0.00000000,0.00000000,0.00000000,0.00277866,0.00000000,0.00120784,0.00000000,0.00000000,0.00842519,0.00000000,0.00000000,0.00000000,0.00000000,0.00000000,0.00000000,0.00000000,0.00000000,0.00000000,0.00000000,0.00000000,0.00000000,0.00000000,0.00000000,0.00000000,0.00000000,0.00000000,0.00000000,0.00000000,0.00000000,0.00000000,0.08764631,0.00000000,0.00000000,0.00000000,0.00000000,0.00000000,0.00000000,0.00000000,0.00000000,0.00000000,0.00000000,0.00000000,0.00000000,0.00000000,0.00000000,0.00000000,0.00000000,0.00000000,0.00000000,0.00000000,0.00000000,0.00000000,0.00000000,0.00000000,0.00000000,0.00000000,0.00000000,0.00000000,0.00000000,0.00000000,0.00000000,0.00000000,0.00000000,0.01866126,0.00000000,0.00000000,0.00257986,0.00000000,0.00512664,0.00000000,0.00000000,0.00000000,0.00000000,0.00000000,0.00000000,0.00000000,0.00000000,0.01054810,0.00000000,0.00000000,0.00000000,0.03681781,0.00000000,0.00489898,0.00000000,0.00000000,0.00000000,0.00429406,0.00000000,0.00000000,0.00251853,0.00000000,0.00000000,0.00000000,0.00000000,0.00000000,0.00000000,0.00804314,0.00000000,0.00000000,0.00000000,0.00000000,0.00000000,0.00000000,0.00000000,0.00000000,0.00000000,0.00000000,0.00000000,0.00000000,0.00000000,0.00000000,0.00000000,0.00000000,0.00000000,0.00000000,0.00000000,0.00000000,0.00000000,0.00000000,0.00000000,0.00000000,0.00000000,0.00000000,0.00000000,0.00519457,0.10236082,0.00000000,0.00000000,0.00000000,0.00000000,0.00000000,0.00000000,0.00000000,0.00000000,0.00000000,0.00000000,0.00000000,0.00000000,0.00000000,0.00000000,0.00000000,0.00000000,0.00000000
0.00000000,0.00000000,0.00000000,0.00000000,0.00000000,0.00000000,0.00000000,0.00000000,0.00000000,0.00000000,0.00000000,0.02440134,0.00323615,0.00087453,0.00000000,0.00000000,0.00000000,0.00000000,0.00000000,0.00000000,0.00000000,0.00000000,0.00000000,0.00000000,0.00298326,0.00000000,0.00573775,0.00000000,0.00000000,0.00000000,0.00000000,0.00000000,0.00000000,0.00000000,0.00000000,0.00000000,0.00000000,0.00000000,0.00000000,0.00927483,0.00000000,0.00000000,0.00000000,0.00000000,0.00000000,0.00000000,0.00000000,0.00000000,0.00000000,0.00000000,0.00198680,0.00000000,0.00000000,0.02858098,0.00000000,0.00000000,0.00000000,0.00000000,0.00000000,0.00000000,0.00000000,0.00000000,0.00000000,0.00000000,0.00000000,0.00000000,0.00000000,0.00000000,0.00000000,0.02527050,0.00000000,0.00000000,0.00000000,0.00000000,0.00000000,0.00000000,0.00000000,0.00000000,0.00000000,0.01060662,0.00222189,0.00000000,0.00000000,0.00000000,0.00000000,0.00000000,0.00138988,0.00000000,0.00000000,0.00000000,0.00000000,0.00000000,0.01833401,0.00000000,0.00515867,0.00000000,0.00000000,0.00000000,0.00000000,0.00000000,0.00000000,0.00000000,0.00000000,0.00000000,0.00331044,0.00000000,0.00000000,0.00000000,0.00636759,0.00551219,0.00000000,0.00000000,0.00000000,0.00000000,0.00000000,0.00000000,0.01511951,0.00000000,0.00000000,0.00000000,0.00000000,0.00000000,0.00000000,0.00000000,0.00000000,0.00244921,0.00000000,0.00000000,0.00000000,0.00000000,0.00000000,0.00000000,0.00000000,0.01060674,0.00000000,0.00000000,0.00000000,0.00000000,0.00000000,0.00000000,0.00000000,0.00000000,0.00000000,0.00000000,0.00000000,0.00000000,0.00000000,0.00000000,0.00000000,0.00000000,0.00000000,0.00000000,0.00000000,0.00000000,0.00000000,0.00000000,0.00000000,0.00856056,0.00966418,0.00000000,0.00000000,0.00000000,0.00000000,0.00000000,0.00000000,0.00000000,0.00000000,0.00454418,0.00000000,0.08441161,0.01914034,0.00000000,0.00000000,0.01312857,0.00000000,0.00000000,0.00000000,0.00000000,0.00000000,0.95638943,0.00000000,0.00000000,0.00000000,0.00000000,0.01136802,0.00000000,0.00000000,0.00000000,0.00000000,0.00000000,0.00000000,0.00000000,0.00000000,0.00000000,0.00000000,0.00000000,0.00488947,0.00000000,0.00000000,0.00000000,0.00000000,0.00000000,0.00000000,0.00000000,0.00000000,0.00000000,0.00083734,0.00000000,0.01528263,0.00000000,0.00096567,0.00000000,0.00000000,0.00000000,0.00000000,0.00000000,0.00273326,0.00000000,0.04926453,0.00000000,0.00000000,0.00000000,0.00000000,0.00000000,0.00285472,0.00000000,0.00000000,0.01787092,0.00000000,0.28429640,0.00000000,0.00000000,0.00000000,0.00000000,0.04890034,0.00176635,0.00000000,0.00000000,0.00000000,0.00000000,0.00000000,0.00000000,0.00610166,0.00000000,0.00000000,0.00000000,0.00000000,0.00000000,0.00000000,0.00000000,0.00000000,0.00000000,0.00000000,0.00000000,0.00000000,0.00000000,0.00000000,0.00000000,0.00000000,0.00000000,0.00000000,0.00512884,0.00000000,0.00000000,0.00000000,0.00000000,0.00000000,0.00000000,0.00000000,0.00000000,0.00000000,0.00000000,0.00000000,0.00000000,0.00000000,0.00000000,0.00000000,0.00000000,0.00000000,0.00000000,0.00000000,0.00000000,0.00000000,0.00000000,0.00000000,0.00000000,0.00000000,0.00000000,0.00000000,0.00000000,0.10846091,0.00000000,0.00000000,0.00000000,0.00000000,0.00000000,0.00000000,0.00000000,0.00000000,0.00000000,0.00000000,0.00282979,0.00000000,0.00000000,0.00109824,0.00451929,0.00000000,0.00000000,0.02732419,0.00000000,0.00000000,0.00000000,0.00000000,0.00000000,0.00000000,0.00000000,0.00000000,0.02633693,0.00000000,0.00000000,0.00000000,0.00000000,0.00000000,0.00000000,0.00000000,0.00000000,0.00000000,0.00781169,0.10333544,0.00000000,0.00000000,0.00000000,0.00826468,0.00451110,0.00000000,0.00394355,0.00000000,0.00000000,0.00000000,0.00000000,0.00000000,0.00000000,0.00000000,0.00000000,0.00283290,0.00000000,0.00000000,0.00000000,0.00000000,0.00000000,0.00000000,0.00000000,0.00000000,0.00000000,0.00000000,0.00000000,0.00000000,0.00000000,0.00855181,0.00000000,0.00000000,0.00000000,0.00000000,0.00178844,0.00000000,0.00000000,0.00537706,0.00000000,0.00000000,0.00000000,0.00000000,0.00000000,0.00000000,0.00000000,0.00000000,0.03897828,0.00000000,0.00000000,0.00000000,0.00000000,0.00000000,0.00000000,0.00000000,0.00000000,0.00000000,0.00176936,0.00000000,0.00000000,0.00000000,0.00000000,0.00000000,0.00000000,0.00000000,0.00000000,0.00000000,0.00000000,0.00743444,0.00000000,0.00000000,0.00000000,0.00000000,0.00000000,0.00000000,0.00000000,0.00000000,0.00000000,0.00000000,0.00000000,0.00000000,0.00000000,0.36374105,0.00000000,0.00000000,0.00000000,0.00000000,0.00000000,0.00000000,0.00000000,0.00000000,0.03219431,0.00000000,0.00000000,0.00000000,0.00000000,0.00000000,0.00000000,0.00000000,0.00000000,0.00000000,0.00000000,0.00000000,0.00000000,0.00000000,0.00000000,0.00000000,0.00000000,0.00000000,0.00000000,0.00000000,0.00000000,0.00548198,0.00000000,0.00000000,0.00000000,0.00560182,0.00000000,0.00000000,0.00000000,0.00000000,0.00000000,0.00000000,0.00000000,0.00000000,0.00000000,0.00592473,0.00000000,0.00000000,0.00000000,0.00000000,0.00000000,0.00000000,0.00000000,0.21252806,0.00000000,0.00000000,0.00000000,0.00000000,0.00000000,0.00000000,0.00000000,0.02298458,0.00000000,0.00000000,0.05637356,0.00000000,0.00000000,0.00000000,0.00000000,0.00000000,0.00000000,0.00000000,0.00000000,0.00000000,0.00000000,0.00000000,0.00000000,0.00000000,0.00000000,0.00107121,0.00000000,0.00000000,0.00000000,0.03885609,0.00000000,0.00000000,0.00000000,0.00000000,0.00000000,0.00000000,0.00000000,0.00000000,0.00000000,0.00000000,0.00000000,0.00000000,0.00000000,0.00000000,0.00000000,0.00000000,0.00000000,0.00000000,0.00000000,0.01860221,0.00000000,0.00000000,0.00000000,0.00000000,0.00000000,0.00000000,0.00000000,0.00637073,0.00000000,0.00000000,0.00000000,0.00000000,0.00000000,0.00000000,0.00063139,0.01865982,0.00069175,0.00000000,0.00000000,0.00000000,0.00000000,0.02096080,0.00803802,0.00000000,0.01088015,0.00000000,0.00000000,0.00000000,0.00000000,0.00000000,0.00000000,0.00915014,0.00000000,0.00000000,0.00000000,0.00000000,0.00000000,0.00000000,0.00000000,0.00000000,0.00000000,0.00000000,0.00000000,0.00000000,0.00000000,0.04092468,0.00000000,0.00000000,0.00000000,0.00000000,0.00000000,0.00000000,0.00000000,0.00000000,0.01081347,0.00000000,0.00000000,0.00000000,0.00000000,0.00000000,0.00000000,0.00000000,0.00000000,0.00738413,0.00000000,0.00000000,0.00000000,0.00000000,0.00000000,0.00000000,0.00000000,0.00054425,0.00000000,0.00000000,0.00000000,0.00000000,0.05300721,0.00000000,0.00000000,0.00000000,0.00000000,0.00000000,0.00000000,0.00000000,0.00000000,0.00203417,0.00000000,0.00000000,0.00000000,0.00000000,0.00103659,0.06051338,0.00000000,0.00000000,0.00000000,0.00000000,0.00000000,0.00000000,0.01038478,0.00000000,0.00000000,0.00000000,0.00000000,0.00647874,0.10180260,0.00000000,0.00000000,0.00000000,0.00000000,0.00000000,0.00000000,0.00000000,0.00258773,0.00000000,0.00000000,0.00000000,0.00000000,0.00000000,0.00000000,0.00000000,0.00000000,0.00000000,0.00000000,0.00000000,0.00000000,0.00000000,0.00000000,0.00000000,0.00000000,0.00000000,0.00000000,0.00000000,0.00376303,0.00000000,0.00000000,0.00000000,0.00000000,0.00000000,0.00000000,0.00000000,0.00000000,0.00000000,0.00000000,0.00000000,0.00000000,0.00000000,0.00000000,0.00000000,0.00000000,0.00000000,0.00000000,0.00000000,0.00000000,0.00000000,0.00000000,0.00000000,0.00000000,0.00000000,0.00000000,0.00000000,0.00000000,0.00000000,0.00000000,0.00652143,0.00000000,0.00439080,0.00000000,0.00000000,0.00000000,0.00000000,0.00488335,0.00000000,0.00000000,0.00509121,0.00000000,0.00000000,0.00000000,0.00000000,0.00000000,0.00000000,0.00000000,0.00000000,0.00000000,0.00000000,0.00000000,0.00000000,0.00000000,0.00000000,0.00000000,0.00000000,0.09372356,0.00000000,0.00000000,0.00000000,0.00000000,0.00000000,0.00000000,0.06560205,0.00000000,0.00000000,0.00000000,0.00000000,0.00000000,0.01598169,0.00000000,0.00000000,0.00000000,0.00398565,0.01812141,0.00000000,0.00000000,0.00000000,0.02009136,1.97950688,0.00000000,0.03478753,0.00000000,0.00000000,0.00000000,0.00000000,0.00000000,0.00072074,0.01014365,0.00000000,0.00000000,0.00000000,0.00000000,0.00000000,0.00333967,0.00000000,0.00000000,0.00000000,0.00000000,0.00000000,0.00000000,0.00000000,0.00000000,0.00000000,0.00000000,0.00000000,0.00000000,0.00000000,0.00000000,0.02105458,0.00000000,0.00122538,0.00000000,0.00000000,0.00000000,0.00000000,0.00000000,0.00000000,0.00000000,0.00191949,0.00000000,0.00000000,0.00000000,0.00000000,0.00000000,0.00351118,0.00000000,0.00000000,0.00000000,0.00000000,0.00000000,0.00000000,0.00000000,0.00000000,0.00162477,0.00000000,0.00000000,0.00000000,0.00000000,0.01907194,0.00000000,0.00000000,0.01642417,0.00000000,0.00000000,0.00000000,0.00000000,0.00000000,0.00000000,0.00000000,0.00000000,0.00000000,0.00442028
0.00000000,0.00000000,0.00000000,0.00000000,0.00000000,0.00000000,0.00000000,0.00000000,0.00000000,0.00000000,0.00000000,0.00000000,0.00000000,0.00000000,0.00000000,0.00000000,0.00000000,0.00569560,0.00000000,0.00000000,0.00000000,0.00000000,0.00000000,0.00000000,0.00000000,0.00000000,0.00000000,0.00000000,0.00000000,0.00430958,0.00000000,0.02304081,0.00000000,0.00000000,0.00000000,0.00000000,0.00000000,0.00000000,0.00000000,0.00000000,0.00000000,0.00000000,0.00000000,0.00000000,0.00000000,0.00000000,0.00000000,0.00000000,0.00000000,0.00000000,0.00000000,0.00000000,0.00000000,0.00000000,0.00000000,0.00000000,0.00000000,0.00000000,0.00000000,0.00000000,0.00000000,0.00187226,0.00000000,0.00000000,0.00000000,0.00000000,0.00115216,0.00000000,0.00000000,0.00703868,0.00000000,0.00000000,0.00000000,0.00000000,0.02207161,0.03828424,0.00000000,0.00222800,0.00000000,0.00000000,0.00000000,0.00000000,0.00000000,0.00000000,0.00000000,0.00000000,0.01546929,0.00000000,0.00000000,0.02520432,0.00000000,0.00000000,0.00000000,0.00000000,0.00000000,0.00000000,0.00000000,0.00000000,0.00000000,0.00000000,0.00000000,0.00000000,0.00000000,0.00000000,0.00000000,0.00104221,0.00000000,0.00000000,0.00000000,0.02590327,0.00000000,0.00000000,0.00000000,0.00096284,0.00000000,0.05722611,0.00000000,0.00000000,0.00000000,0.00000000,0.00742391,0.00000000,0.00000000,0.02340912,0.00000000,0.01038289,0.00000000,0.00000000,0.00000000,0.02007094,0.00000000,0.00000000,0.00000000,0.00000000,0.00000000,0.00000000,0.00000000,0.00000000,0.00000000,0.00000000,0.00000000,0.00000000,0.00000000,0.00000000,0.00000000,0.00000000,0.00000000,0.13073986,0.00962625,0.00000000,0.00000000,0.00000000,0.00000000,0.00000000,0.00000000,0.00000000,0.00000000,0.00000000,0.00000000,0.00000000,0.00000000,0.00000000,0.00000000,0.00297903,0.00097624,0.00000000,0.00000000,0.00000000,0.01511907,0.00000000,0.00000000,0.00000000,0.00304863,0.00000000,0.00000000,0.00000000,0.00000000,0.03568127,0.00000000,0.00000000,0.00000000,0.04095410,0.00000000,0.31662768,0.00000000,0.00000000,0.00000000,0.00000000,0.00000000,0.00000000,0.00000000,0.02807897,0.00648993,0.00000000,0.00000000,0.00000000,0.00000000,0.00000000,0.00000000,0.00000000,0.00000000,0.00000000,0.00000000,0.00000000,0.00000000,0.00000000,0.00000000,0.00000000,0.00000000,0.00000000,0.00000000,0.00000000,0.00000000,0.00000000,0.00000000,0.00000000,0.00000000,0.00000000,0.00000000,0.00000000,0.00000000,0.00000000,0.02090066,0.00176646,0.00000000,0.00000000,0.00000000,0.00000000,0.00000000,0.00000000,0.01782813,0.00000000,0.00000000,0.00196005,0.00000000,2.08309282,3.02457550,0.00000000,0.00000000,0.00000000,0.00000000,0.00000000,0.00000000,0.00000000,0.00000000,0.00000000,0.00000000,0.00000000,0.00000000,0.06203564,0.00000000,0.00000000,0.00000000,0.00000000,0.00000000,0.00000000,0.00406672,0.00000000,0.00000000,0.02102058,0.00000000,0.00000000,0.00000000,0.00000000,0.00000000,0.00000000,0.00463051,0.00000000,0.00000000,0.00000000,0.00000000,0.00000000,0.00000000,0.00000000,0.00000000,0.00000000,0.00000000,0.00000000,0.00000000,0.00000000,0.00000000,0.02357649,0.00000000,0.00000000,0.00000000,0.00000000,0.00000000,0.00000000,0.00526664,0.00000000,0.00000000,0.03438771,0.00000000,0.00201691,0.00000000,0.00000000,0.00424578,0.00000000,0.00000000,0.00000000,0.00000000,0.00000000,0.00000000,0.00000000,0.00152707,0.00000000,0.00000000,0.03696616,0.07148449,0.00000000,0.00000000,0.00000000,0.00000000,0.00000000,0.00000000,0.00000000,0.00000000,0.00000000,0.00000000,0.00000000,0.00000000,0.00000000,0.00000000,0.23233217,0.00000000,0.00000000,0.00000000,0.00000000,0.00000000,0.00000000,0.00000000,0.00000000,0.00000000,0.03001821,0.00000000,0.02582806,0.00000000,0.00000000,0.00794739,0.00000000,0.00000000,0.00000000,0.00131713,0.06300387,0.00000000,0.00000000,0.00000000,0.00000000,0.00000000,0.00000000,0.00000000,0.00000000,0.00000000,0.00000000,0.00000000,0.00000000,0.00465520,0.00000000,0.00000000,0.00000000,0.00000000,0.01029266,0.00000000,0.00000000,0.00000000,0.00679539,0.00000000,0.00000000,0.00000000,0.00000000,0.00000000,0.00000000,0.00000000,0.00000000,0.00000000,0.00000000,0.51728962,0.00000000,0.00000000,0.00000000,0.00000000,0.00000000,0.00000000,0.01442482,0.00000000,0.00000000,0.00112019,0.00000000,0.00000000,0.00000000,0.00000000,0.00000000,0.00000000,0.00000000,0.00000000,0.00000000,0.00000000,0.00000000,0.02220873,0.00000000,0.00095490,0.00000000,0.00000000,0.00000000,0.00000000,0.00000000,0.00201265,0.00000000,0.00000000,0.00000000,0.00000000,0.00000000,0.00000000,0.00000000,0.00079621,0.00000000,0.00000000,0.00000000,0.00000000,0.00000000,0.05430179,0.00000000,0.00000000,0.00000000,0.00000000,0.00000000,0.00000000,0.00000000,0.00000000,0.00000000,0.00000000,1.50761639,0.00000000,0.01752174,0.00000000,0.00000000,0.00000000,0.00735663,0.00000000,0.00000000,0.01428183,0.00000000,0.00000000,0.00000000,0.00000000,0.00000000,0.00000000,0.22712387,0.00000000,0.00000000,0.00000000,0.00000000,0.00000000,0.00000000,0.00000000,0.00000000,0.00000000,0.00629226,0.00000000,0.00000000,0.00000000,0.00000000,0.00000000,0.00000000,0.01076954,0.00000000,0.00000000,0.00000000,0.00000000,0.00000000,0.00000000,0.00100956,0.00000000,0.00296836,0.00000000,0.00000000,0.00000000,0.13226143,0.00000000,0.00000000,0.00193906,0.00000000,0.00000000,0.00000000,0.00000000,0.00000000,0.10078791,0.00000000,0.00047199,0.00000000,0.00000000,0.05885077,0.00000000,0.00000000,0.00000000,0.00000000,0.00000000,0.00000000,0.00000000,0.00000000,0.00119171,0.00000000,0.00000000,0.00000000,0.00000000,0.00000000,0.00000000,0.00000000,0.00000000,0.00000000,0.00000000,0.00000000,0.00000000,0.00000000,0.00000000,0.00000000,0.00000000,0.00000000,0.00000000,0.00218227,0.00000000,0.01225430,0.00000000,0.00000000,0.00000000,0.00000000,0.00000000,0.00000000,0.00000000,0.00000000,0.00000000,0.00000000,0.00000000,0.00000000,0.00000000,0.00774602,0.00000000,0.00000000,0.00000000,0.00000000,0.00000000,0.00000000,0.00000000,0.00000000,0.00000000,0.00000000,0.00000000,0.00000000,0.00361217,0.00000000,0.00000000,0.00000000,0.00000000,0.00000000,0.00000000,0.00168895,0.00000000,0.00000000,0.00000000,0.00000000,0.00000000,0.00000000,0.00000000,0.00000000,0.00418148,0.00000000,0.00000000,0.00000000,0.00000000,0.00000000,0.00000000,0.00000000,0.00000000,0.00000000,0.01100787,0.00000000,0.00000000,0.00000000,0.00000000,0.00000000,0.00000000,0.00000000,0.00000000,0.00000000,0.00000000,0.00000000,0.28271377,0.00000000,0.00000000,0.00000000,0.00000000,0.00000000,0.00000000,0.00000000,0.02347909,0.00000000,0.00000000,0.00000000,0.00000000,0.00000000,0.00000000,0.00000000,0.00000000,0.00000000,0.00000000,0.00000000,0.00000000,0.00000000,0.00000000,0.00000000,0.00000000,0.00000000,0.00000000,0.00000000,0.00000000,0.00000000,0.00000000,0.00000000,0.00000000,0.00000000,0.00000000,0.00000000,0.00000000,0.00000000,0.00812110,0.00000000,0.00000000,0.00000000,0.00000000,0.00000000,0.00000000,0.00000000,0.00000000,0.00000000,0.00000000,0.11762972,0.00000000,0.00000000,0.00000000,0.00000000,0.00000000,0.00000000,0.00000000,0.00000000,0.00255782,0.00781770,0.00000000,0.00000000,0.00000000,0.00000000,0.00000000,0.00000000,0.00000000,0.00800742,0.00000000,0.00000000,0.03079346,0.00000000,0.00000000,0.00000000,0.01982731,0.00000000,0.00000000,0.00000000,0.00000000,0.00000000,0.00000000,0.00000000,0.00558129,0.00000000,0.00000000,0.00000000,0.00000000,0.00000000,0.00000000,0.37212091,0.00000000,0.00000000,0.00000000,0.01732692,0.00000000,0.00000000,0.00000000,0.00000000,0.00000000,0.00000000,0.00000000,0.00000000,0.00000000,0.00000000,0.00000000,0.00000000,0.00000000,0.00504737,0.00387610,0.00000000,0.02095169,0.00000000,0.00000000,0.00000000,0.00000000,0.00000000,0.00699541,0.00000000,0.00000000,0.00000000,0.00000000,0.00000000,0.00000000,0.00000000,0.00403863,0.00000000,0.00000000,0.00000000,0.00000000,0.00000000,0.04482792,0.00000000,0.00000000,0.00000000,0.00000000,0.00000000,0.00000000,0.00000000,0.00000000,0.00000000,0.00000000,0.00000000,0.00000000,0.00000000,0.00000000,0.00000000,0.00000000,0.00000000,0.00000000,0.00000000,0.00977701,0.00000000,0.00000000,0.00000000,0.00000000,0.00000000,0.01500437,0.00643587,0.00000000,0.00000000,0.00000000,0.00000000,0.00000000,0.00000000,0.01029593,0.00000000,0.00000000,0.00000000,0.00000000,0.00000000,0.00000000,0.00000000,0.00000000,0.00000000,0.00000000,0.00000000,0.00000000,0.00000000,0.00000000,0.00000000,0.00000000,0.00054787,0.00000000,0.00000000,0.00000000,0.00000000,0.00000000,0.00000000,0.01082824,0.00000000,0.00076934,0.00000000,0.00000000,0.00130386,0.00000000,0.00000000,0.00000000,0.00000000,0.00000000,0.00000000,0.02502937,0.00000000,0.00000000,0.00000000,0.00000000,0.00000000,0.00000000,0.00000000,0.00000000,0.00000000,0.00000000,0.00000000,0.00000000,0.00000000
0.00000000,0.00000000,0.00000000,0.27197503,0.00000000,0.00000000,0.00000000,0.00000000,0.00000000,0.00000000,0.00000000,0.01666566,0.00083502,0.00000000,0.00000000,0.00000000,0.00000000,0.00000000,0.00000000,0.00000000,0.00000000,0.00000000,0.00000000,0.00465217,0.00000000,0.00000000,0.00000000,0.00000000,0.00000000,0.00000000,0.00000000,0.00000000,0.00000000,0.00000000,0.03217318,0.00000000,0.00000000,0.00000000,0.00000000,0.00000000,0.00000000,0.00000000,0.00000000,0.00000000,0.00000000,0.00000000,0.00000000,0.00000000,0.01296884,0.00000000,0.00000000,0.00000000,0.00000000,0.00000000,0.01393651,0.00000000,0.00000000,0.00000000,0.00850690,0.00402938,0.00000000,0.00000000,0.00000000,0.00503050,0.00000000,0.00000000,0.00000000,0.00000000,0.00000000,0.00000000,0.00000000,0.00000000,0.00000000,0.00000000,0.00000000,0.00000000,0.00000000,0.00000000,0.00000000,0.00000000,0.00000000,0.00000000,0.00000000,0.00000000,2.18518109,0.00000000,0.00000000,0.00000000,0.00000000,0.00000000,0.00000000,0.00000000,0.00000000,0.00000000,0.00000000,0.00000000,0.00327473,0.00161254,0.00000000,0.00000000,0.00000000,0.00000000,0.00000000,0.00000000,0.00000000,0.06002621,0.00000000,0.00000000,0.00000000,0.00000000,0.01002204,0.00000000,0.00519589,0.03499244,0.00000000,0.00000000,0.00000000,0.00000000,0.00000000,0.00000000,0.00000000,0.00000000,0.00239799,0.00000000,0.00000000,0.00000000,0.00000000,0.07244577,0.00000000,0.00000000,0.00000000,0.10841554,0.00000000,0.00000000,0.00000000,0.00358901,0.00517643,0.00000000,0.00000000,0.03257264,0.18408140,0.00000000,0.00000000,0.00000000,0.00000000,0.00000000,0.00000000,0.00000000,0.00000000,0.00000000,0.00000000,0.00000000,0.00000000,0.00406894,0.00000000,0.00000000,0.00000000,0.00000000,0.00949037,0.00000000,0.00000000,0.00000000,0.00000000,0.00000000,0.00190026,0.00000000,0.00000000,0.00000000,0.00000000,0.00000000,0.00000000,0.00000000,0.00000000,0.00535281,0.00000000,0.00000000,0.00000000,0.00000000,0.00000000,0.00000000,0.00000000,0.00000000,0.00000000,0.00000000,0.00000000,0.00000000,0.00000000,0.00000000,0.00000000,0.00000000,0.00000000,0.00000000,0.00000000,0.00000000,0.00000000,0.00000000,0.00000000,0.00258562,0.00000000,0.00000000,0.00000000,0.00000000,0.00000000,0.00000000,0.00000000,0.00000000,0.00000000,0.00000000,0.00000000,0.00000000,0.00000000,0.00000000,0.00000000,0.00000000,0.00000000,0.00000000,0.00000000,0.00000000,0.00000000,0.00000000,0.00000000,0.00000000,0.09073797,0.00127628,0.00288430,0.01163225,0.00000000,0.00000000,0.00000000,0.00000000,0.00000000,0.00000000,0.00000000,0.00000000,0.00000000,0.00077799,0.00000000,0.00000000,0.09375740,0.00000000,0.00000000,0.00000000,0.00000000,3.52385862,0.00000000,0.00000000,0.00000000,0.04162496,0.00000000,0.00000000,0.00000000,0.00000000,0.00000000,0.00000000,0.01487223,0.00000000,0.02327790,0.00000000,0.00000000,0.00000000,0.00000000,0.00000000,0.00000000,0.00000000,0.02517246,0.00000000,0.00000000,0.00000000,0.00000000,0.00000000,0.00000000,0.03302394,0.00000000,0.00000000,0.00000000,0.00000000,0.00863614,0.00000000,0.00000000,0.00000000,0.00000000,0.00000000,0.00000000,0.00000000,0.00000000,0.00409286,0.00000000,0.00000000,0.00452615,0.00000000,0.00000000,0.00000000,0.00000000,0.00000000,0.00000000,0.00000000,0.00000000,0.00000000,0.01083747,0.00000000,0.40677493,0.00000000,0.00000000,0.00000000,0.00000000,1.08833460,0.00000000,0.00000000,0.00000000,0.00000000,0.00000000,0.01008600,0.00325074,0.00000000,0.00000000,0.00000000,0.00000000,0.00000000,0.00000000,0.00545881,0.00000000,0.00000000,0.00000000,0.00000000,0.00000000,0.00000000,0.00000000,0.00000000,0.00000000,0.00847466,0.00000000,0.00000000,0.00000000,0.00000000,0.00000000,0.00000000,0.00000000,0.00000000,0.00000000,0.00000000,0.00000000,0.01970725,0.00000000,0.01013935,0.00000000,0.00000000,0.00000000,0.00000000,0.00000000,0.00000000,0.00000000,0.00000000,0.00000000,0.00000000,0.00000000,0.00000000,0.00000000,0.00000000,0.00000000,0.00405906,0.00000000,0.00000000,0.00000000,0.00247071,0.00000000,0.00000000,0.00000000,0.00000000,0.00000000,0.00000000,0.00000000,0.00000000,0.00000000,0.00000000,0.00000000,0.00809898,0.00000000,0.00000000,0.00000000,0.00000000,0.00824725,0.00000000,0.03187712,0.00000000,0.00000000,0.00000000,0.02697598,0.05597548,0.00000000,0.00000000,0.00000000,0.19825500,0.00000000,0.00000000,0.00000000,0.00000000,0.00000000,0.00000000,0.00000000,0.00000000,0.00000000,0.00000000,0.00000000,0.00000000,0.00000000,0.00000000,0.00000000,0.00000000,0.00000000,0.00000000,0.00000000,0.00000000,0.00000000,0.00000000,0.00000000,0.00000000,0.02227718,0.00000000,0.00000000,0.00000000,0.00000000,0.00724426,0.00000000,0.00000000,0.00000000,0.00000000,0.00000000,0.00000000,0.00000000,0.00000000,0.00000000,0.00000000,0.00667270,0.00000000,0.00802303,0.00000000,0.00000000,0.00000000,0.00326346,0.00000000,0.00000000,0.00000000,0.08463246,0.00000000,0.00000000,0.00000000,0.00000000,0.00000000,0.00000000,0.00000000,0.00000000,0.01216020,0.00000000,0.00000000,0.00311730,0.00000000,0.01313286,0.00000000,0.00000000,0.04633934,0.00000000,0.00000000,0.00360629,0.00000000,0.00000000,0.00000000,0.00000000,0.01149367,0.00000000,0.00000000,0.00000000,0.00000000,0.00000000,0.00000000,0.00000000,0.00000000,0.00792874,0.00000000,0.00000000,0.00152033,0.00000000,0.00000000,0.00000000,0.00000000,0.00000000,0.00000000,0.00000000,0.00000000,0.00000000,0.00000000,0.00000000,0.00000000,0.00000000,0.00000000,0.00000000,0.00000000,0.00000000,0.00000000,0.04316793,0.00000000,0.00000000,0.00000000,0.00000000,0.00000000,0.00000000,0.00000000,0.00000000,0.00000000,0.00000000,0.00000000,0.00000000,0.00000000,0.00000000,0.00000000,0.00000000,0.00000000,0.00000000,0.00000000,0.00000000,0.00000000,0.00000000,0.01570598,0.00000000,0.00000000,0.00000000,0.00000000,0.00000000,0.00000000,0.00000000,0.00000000,0.00000000,0.02678053,0.00000000,0.00000000,0.00000000,0.00000000,0.00000000,0.00000000,0.00000000,0.00000000,0.00000000,0.00765913,0.01029529,0.00000000,0.00000000,0.00000000,0.00000000,0.00000000,0.00000000,0.00000000,0.00000000,0.00000000,0.00108131,0.00000000,0.00280828,0.00000000,0.00000000,0.00418241,0.00000000,0.00000000,0.00000000,0.00000000,0.00000000,0.00000000,0.00000000,0.00000000,0.00000000,0.00000000,0.00000000,0.02257235,0.00383278,0.00000000,0.00000000,0.00000000,0.00000000,0.00000000,0.03162344,0.00000000,0.01392432,0.00000000,0.00000000,0.00000000,0.00000000,0.00000000,0.00000000,0.03505926,0.00000000,0.00000000,0.11386900,0.00000000,0.00000000,0.00000000,0.01567380,0.00000000,0.00000000,0.00000000,0.00000000,0.00000000,0.00000000,0.00000000,0.00544089,0.00000000,0.00000000,0.00000000,0.00000000,0.00000000,0.00000000,0.00000000,0.00000000,0.00000000,0.00000000,0.00000000,0.00000000,0.00000000,0.00280295,0.00000000,0.01432623,0.00000000,0.00000000,0.01996579,0.01592041,0.00000000,0.00000000,0.00000000,0.00000000,0.00000000,0.00000000,0.00000000,0.00000000,0.00000000,0.00000000,0.01604077,0.67326666,0.00000000,0.00000000,0.00000000,0.00000000,0.00000000,0.00000000,0.00000000,0.00000000,0.00000000,0.00000000,0.00000000,0.00000000,0.00000000,0.00000000,0.00000000,0.04968297,0.00000000,0.00000000,0.00000000,0.00000000,0.00000000,0.00000000,0.00000000,0.00000000,0.00000000,0.00000000,0.00000000,0.00000000,0.00000000,0.00000000,0.00000000,0.00000000,0.00000000,0.00000000,0.00000000,0.00000000,0.00000000,0.00000000,0.00000000,0.00362589,0.00000000,0.00000000,0.00000000,0.00000000,0.00000000,0.00000000,0.00000000,0.00000000,0.00488335,0.00000000,0.00000000,0.00000000,0.00000000,0.00000000,0.00000000,0.00000000,0.00238283,0.00000000,0.00000000,0.00271633,0.00000000,0.00000000,0.00000000,0.00000000,0.00439093,0.00000000,0.00427366,0.00000000,0.00000000,0.00000000,0.00000000,0.00000000,0.00000000,0.00000000,0.00000000,0.00000000,0.00000000,0.00000000,0.00000000,0.00000000,0.00000000,0.03259634,0.00000000,0.00000000,0.00000000,0.00000000,0.00000000,0.00000000,0.00000000,0.00000000,0.00000000,0.00000000,0.00000000,0.00000000,0.00000000,0.00000000,0.00000000,0.00000000,0.00000000,0.00000000,0.01192947,0.00000000,0.00000000,0.00000000,0.00000000,0.00000000,0.00000000,0.00245391,0.00000000,0.00000000,0.00574690,0.00000000,0.00000000,0.00000000,0.00000000,0.00000000,0.00000000,0.00000000,0.00000000,0.00000000,0.00000000,0.00000000,0.00000000,0.00000000,0.00000000,0.00000000,0.83141005,0.00000000,0.00000000,0.00000000,0.00000000,0.01009606,0.00000000,0.00000000,0.00141395,0.00000000,0.00000000,0.00000000,0.00000000,0.00000000,0.00000000,0.00000000,0.00000000,0.00000000,0.00000000,0.00000000,0.00000000,0.00000000,0.00000000,0.00000000,0.00000000,0.00000000,0.00000000,0.00158701,0.00000000,0.00000000,0.00000000,0.00000000,0.00000000,0.00000000,0.00000000,0.00000000,0.00000000,0.00000000,0.01591650,0.00659209,0.00000000
0.00000000,0.00000000,0.00000000,0.00000000,0.00000000,0.00000000,0.00000000,0.00000000,0.00000000,0.00000000,0.00000000,0.00000000,0.00000000,0.00000000,0.00000000,0.00000000,0.00000000,0.00000000,0.00000000,0.00000000,0.02330573,0.00000000,0.00000000,0.00000000,0.00000000,0.00000000,0.00000000,0.00000000,0.00000000,0.00000000,0.00000000,0.00000000,0.00000000,0.05308767,0.00000000,0.00000000,0.00000000,0.00000000,0.00000000,0.01599581,0.00000000,0.00000000,0.00000000,0.00000000,0.00536236,0.00000000,0.00000000,0.03278234,0.00000000,0.00000000,0.01526309,0.00000000,0.00000000,0.00000000,0.00000000,0.00000000,0.00000000,0.00000000,0.00000000,0.00000000,0.00000000,0.00000000,0.00000000,0.00000000,0.00000000,0.00000000,0.00000000,0.00000000,0.00000000,0.01638836,0.00000000,0.00000000,0.00000000,0.00000000,0.00000000,0.00000000,0.00000000,0.00000000,0.00000000,0.00324380,0.05888376,0.00000000,0.00000000,0.00138147,0.00000000,0.00000000,0.00000000,0.00000000,0.00000000,0.00000000,0.00242037,0.00000000,0.00000000,0.00000000,0.00000000,0.00000000,0.00688084,0.00000000,0.00000000,0.00000000,0.00000000,0.00000000,0.00000000,0.00000000,0.10476813,0.00000000,0.00000000,0.00000000,0.00000000,0.00000000,0.00000000,0.00242069,0.00000000,0.00000000,0.00000000,0.00000000,0.00000000,0.00000000,0.00000000,0.00000000,0.00000000,0.00000000,0.00000000,0.00000000,0.00000000,0.00000000,0.00000000,0.00000000,0.00000000,0.00000000,0.00000000,0.00450437,0.00000000,0.00000000,0.00000000,0.00338640,0.01521905,0.00000000,0.00000000,0.00000000,0.00000000,0.01873617,0.00000000,0.00303424,0.00000000,0.00000000,0.00000000,0.00000000,0.00000000,0.00000000,0.00000000,0.00000000,0.00115581,0.00000000,0.00000000,0.00057210,0.00000000,0.00000000,0.00000000,0.00000000,0.00000000,0.00000000,0.00000000,0.00000000,0.00000000,0.00000000,0.00000000,0.00000000,0.00000000,0.00000000,0.01099602,0.00000000,0.00000000,0.00000000,0.00000000,0.00000000,0.00000000,0.00000000,0.00000000,0.00000000,0.00000000,0.00000000,0.07758768,0.00000000,0.00000000,0.00000000,0.00849214,0.00000000,0.00000000,0.00000000,0.00000000,0.00000000,0.00000000,0.00000000,0.00000000,0.00000000,0.00000000,0.00000000,0.00000000,0.00119460,0.00000000,0.00000000,0.00000000,0.00000000,0.00000000,0.00000000,0.00000000,0.00000000,0.00000000,0.00398762,0.00000000,0.00378289,0.00000000,0.00000000,0.01257878,0.00000000,0.17529400,0.00000000,0.00072181,0.00000000,0.00000000,0.10295319,0.00000000,0.00000000,0.00000000,0.00000000,0.04184403,0.00000000,0.01233870,0.00000000,0.00000000,0.00000000,0.00000000,0.00000000,0.00082465,0.00000000,0.00000000,0.00000000,0.00000000,0.00000000,0.00000000,0.00112752,0.00000000,0.00000000,0.00000000,0.00000000,0.50333528,0.00000000,0.00000000,0.00000000,0.00794461,0.00000000,0.00000000,0.00000000,0.00000000,0.00000000,0.00000000,0.00000000,0.00656896,0.00000000,0.00120215,0.00000000,0.00000000,0.00000000,0.00000000,0.00000000,0.00000000,0.01304913,0.00334467,0.00000000,0.00000000,0.00000000,0.00000000,0.00000000,0.00000000,0.00000000,0.00000000,0.00000000,0.00000000,0.00000000,0.00000000,0.00000000,0.01843238,0.00000000,0.00000000,0.00495035,0.00000000,0.00000000,0.00000000,0.00000000,0.00000000,0.00000000,0.00000000,0.00000000,0.00000000,0.01893299,0.00159702,0.00000000,0.00000000,0.00000000,0.00000000,0.00000000,0.00000000,0.00000000,0.00000000,0.00000000,0.00000000,0.00000000,0.00000000,0.00000000,0.00000000,0.00000000,0.00000000,0.00834683,0.00000000,0.00000000,0.00138990,0.00000000,0.00000000,0.00000000,0.00000000,0.00362729,0.00000000,0.00000000,0.00000000,0.00000000,0.00000000,0.00000000,0.00000000,0.00000000,0.00000000,0.00000000,0.00000000,0.00000000,0.00000000,0.00000000,0.00000000,0.00000000,0.00000000,0.00000000,0.00000000,0.00000000,0.00000000,0.00000000,0.00000000,0.00000000,0.00000000,0.00000000,0.00000000,0.10822559,0.00000000,0.00000000,0.00000000,0.00000000,0.01678320,0.00000000,0.00000000,0.00000000,0.00000000,0.00000000,0.00000000,0.00000000,0.00000000,0.00000000,0.00000000,0.00000000,0.00000000,0.00969671,0.00000000,0.00000000,0.00000000,0.00000000,0.00000000,0.00000000,0.00000000,0.00000000,0.00000000,0.00139768,0.00000000,0.00000000,0.00000000,0.00000000,0.00000000,0.00000000,0.00000000,0.00000000,0.00000000,0.00000000,0.00000000,0.00000000,0.00000000,0.00342930,0.00000000,0.00000000,0.13266894,0.00000000,0.01881523,0.00262158,0.00000000,0.00000000,0.00000000,0.00000000,0.00000000,0.00000000,0.00000000,0.00000000,0.00000000,0.00000000,0.00000000,0.00000000,0.00000000,0.00000000,0.01506056,0.00000000,0.00000000,0.00000000,0.00000000,0.00000000,0.01452417,0.00000000,0.00000000,0.00000000,0.00000000,0.00000000,0.00240289,0.00461754,0.00000000,0.00000000,0.00000000,0.00000000,0.00000000,0.00000000,0.00253294,0.00000000,0.00000000,0.00000000,0.00000000,0.00000000,0.00000000,0.00000000,0.00000000,0.00000000,0.00000000,0.00000000,0.00000000,0.00000000,0.00000000,0.00260909,0.00000000,0.00000000,0.00000000,0.00000000,0.00000000,0.00000000,0.00000000,0.00000000,0.00000000,0.00092939,0.00000000,0.00000000,0.00000000,0.00000000,0.00000000,0.00000000,0.00000000,0.00425365,0.00000000,0.00000000,0.00000000,0.00000000,0.00000000,0.00000000,0.00000000,0.00000000,0.00000000,0.00000000,0.00000000,0.00000000,0.00000000,0.00531038,0.00000000,0.00000000,0.00000000,0.00000000,0.00000000,0.00000000,0.00000000,0.00000000,0.00000000,0.00000000,0.00000000,0.00000000,0.00000000,0.00000000,0.00000000,0.00000000,0.00000000,0.00000000,0.00000000,0.00000000,0.00000000,0.00000000,0.00000000,0.00000000,0.00000000,0.00000000,0.00000000,0.00000000,0.00000000,0.00000000,0.00000000,0.00000000,0.00000000,0.00000000,0.00000000,0.00000000,0.00000000,0.00385950,0.00408887,0.00074650,0.00000000,0.00000000,0.00000000,0.00000000,0.00000000,0.00000000,0.00100107,0.00000000,0.00000000,0.00000000,0.01745291,0.00000000,0.00000000,0.00000000,0.00000000,0.00000000,0.00000000,0.00000000,0.00000000,0.00000000,0.00000000,0.01957595,0.00000000,0.00000000,0.01934826,0.00000000,0.00000000,0.00000000,0.00000000,0.00000000,0.00000000,0.26967008,0.00000000,0.00000000,0.00000000,0.07268748,0.00092185,0.03229050,0.00000000,0.00000000,0.00000000,0.00000000,0.01396353,0.00000000,0.00000000,0.00000000,0.00000000,0.00000000,0.00000000,0.00944800,0.00000000,0.00000000,0.00000000,0.00105940,0.03429654,0.00000000,0.00287562,0.00000000,0.00000000,0.00000000,0.00000000,0.00000000,0.00000000,0.00000000,0.00000000,0.00000000,0.00000000,0.00000000,0.00000000,0.00000000,0.00000000,0.00000000,0.00000000,0.01243649,0.00000000,0.00000000,0.00000000,0.00000000,0.01209966,0.00000000,0.00000000,0.00000000,0.00000000,0.00000000,0.00000000,0.00000000,0.00000000,0.00000000,0.00000000,0.00000000,0.01533251,0.01909018,0.00000000,0.00000000,0.00000000,0.00000000,0.00000000,0.00000000,0.00688095,0.00000000,0.00000000,0.00000000,0.00000000,0.00000000,0.00000000,0.00000000,0.00000000,0.00000000,0.00000000,0.00000000,0.00000000,0.00082803,0.00000000,0.00000000,0.00000000,0.00000000,0.00000000,0.00000000,0.00000000,0.00000000,0.00000000,0.00000000,0.00000000,0.00000000,0.00000000,0.00000000,0.00000000,0.00000000,0.00000000,0.00000000,0.00000000,0.00000000,0.02185291,0.00000000,0.00000000,0.00119108,0.00000000,0.00000000,0.00000000,0.00307845,0.00000000,0.00000000,0.00000000,0.00000000,0.00000000,0.00000000,0.00631605,0.00000000,0.00000000,0.00000000,0.00000000,0.00000000,0.00000000,0.00000000,0.00000000,0.00000000,0.00000000,0.00000000,0.00000000,0.00000000,0.00000000,0.00000000,0.00000000,0.00000000,0.00000000,0.00000000,0.00000000,0.00000000,0.00730586,0.00000000,0.00000000,0.00000000,0.00000000,0.00000000,0.00000000,0.00000000,0.00000000,0.00000000,0.00000000,0.00000000,0.00000000,0.00000000,0.00000000,0.00000000,0.00000000,0.00000000,0.00000000,0.00000000,0.00000000,0.00000000,0.00000000,0.00000000,0.00000000,0.00000000,0.00000000,0.01977106,0.00000000,0.00000000,0.00000000,0.00000000,0.00000000,0.02363118,0.00000000,0.03912366,0.00000000,0.00000000,0.00000000,0.00263983,0.00000000,0.00000000,0.00000000,0.00000000,0.00000000,0.00000000,0.27036004,0.00000000,0.00339829,0.00000000,0.00517202,0.00000000,0.00618890,0.00000000,0.00000000,0.00000000,0.00000000,0.00244748,0.01301721,0.00000000,0.00000000,0.00000000,0.00304069,0.00000000,0.00000000,0.01234995,0.00000000,0.00000000,2.42304971,0.00000000,0.00000000,0.00000000,0.00000000,0.00000000,0.00000000,0.00000000,0.00000000,0.00000000,0.00000000,0.00000000,0.00000000,0.00000000,0.00000000,0.00000000,0.00000000,0.00000000,0.00000000,0.00620172,0.00000000,0.02445997,0.00000000,0.01383696,0.00000000,0.00000000,0.00000000,0.00000000,0.00000000,0.00720109,0.00000000,0.05971259,0.03522459,0.00000000,0.00000000,0.00000000,0.00000000,0.00206792,0.00000000,0.00000000,0.00000000,0.00356037,0.01816827,0.00000000
0.00000000,0.00642308,0.00000000,0.00000000,0.00000000,0.00000000,0.00000000,0.00000000,0.00000000,0.00000000,0.00000000,0.00000000,0.00000000,0.00000000,0.00000000,0.00000000,0.00000000,0.00000000,0.00000000,0.00000000,0.00000000,0.00000000,0.00000000,0.00000000,0.00000000,0.32269343,0.00000000,0.00000000,0.00000000,0.00000000,0.00534165,0.00000000,0.00000000,0.00000000,0.00000000,0.00000000,0.00000000,0.00000000,0.23608985,0.00000000,0.00000000,0.00000000,0.05160180,0.00000000,0.00000000,0.00000000,0.00000000,0.00000000,0.00000000,0.00000000,0.00000000,0.00000000,0.00000000,0.00000000,0.00641739,0.00000000,0.00000000,0.01329799,0.00000000,0.00000000,0.00080998,0.00000000,0.00000000,0.00000000,0.00000000,0.00000000,0.00000000,0.00000000,0.00000000,0.00090823,0.00000000,0.00000000,0.00000000,0.00000000,0.00000000,0.00000000,0.00000000,0.00000000,0.00000000,0.01512708,0.00000000,0.00000000,0.00000000,0.00000000,0.01482183,0.00000000,0.00000000,0.00000000,0.00000000,0.00000000,0.00000000,0.00000000,0.00000000,0.00463503,0.00000000,0.13993376,0.00327318,0.00483427,0.00000000,0.00090716,0.00000000,0.00000000,0.00000000,0.00000000,0.00359520,0.00000000,0.00000000,0.00000000,0.00000000,0.00000000,0.00000000,0.00000000,0.00000000,0.00000000,0.00989714,0.00000000,0.00000000,0.00000000,0.00000000,0.00000000,0.00000000,0.00844080,0.00000000,0.00000000,0.00000000,0.00000000,0.00000000,0.00000000,0.00928593,0.00000000,0.00000000,0.00000000,0.00000000,0.00000000,0.00000000,0.00000000,0.00000000,0.00000000,0.00000000,0.00000000,0.00200364,0.00000000,0.00000000,0.00000000,0.00000000,0.00000000,0.00000000,0.00000000,0.00000000,0.00000000,0.05262487,0.00000000,0.00000000,0.00000000,0.00344855,0.00000000,0.00000000,0.00000000,0.00000000,0.00000000,0.00000000,0.00000000,0.00000000,0.00000000,0.00000000,0.00000000,0.00000000,0.00000000,0.00000000,0.00523356,0.00000000,0.00000000,0.00000000,0.00000000,0.00000000,0.00000000,0.00000000,0.00000000,0.00000000,0.00000000,0.00000000,0.00000000,0.00000000,0.01331293,0.00000000,0.00175674,0.00000000,0.00000000,0.00000000,0.00000000,0.00000000,0.00486224,0.00000000,0.00000000,0.00000000,0.00000000,0.00000000,0.00000000,0.00000000,0.00000000,0.00221231,0.00000000,0.00000000,0.00453961,0.00000000,0.00000000,0.00000000,0.00000000,0.00000000,0.00000000,0.00487641,0.00000000,0.00000000,0.00387160,0.00172211,0.00000000,0.00000000,0.00000000,0.00000000,0.00000000,0.00000000,0.00000000,0.00000000,0.00000000,0.00000000,0.00000000,0.00000000,0.00000000,0.00256330,0.00000000,0.00214617,0.00000000,0.00000000,0.00000000,0.00000000,2.54644231,0.00200375,0.00364134,0.00000000,0.00000000,0.00000000,0.95949681,0.00000000,0.00000000,0.00000000,0.00000000,0.00000000,0.00000000,0.00882363,0.00000000,0.00000000,0.00000000,0.01428177,0.00000000,0.00285868,0.00000000,0.00000000,0.00000000,0.00000000,0.00000000,0.00000000,0.00000000,0.00000000,0.00000000,0.00000000,0.07662906,0.00000000,0.00000000,0.00182249,0.00000000,0.00000000,0.00000000,0.00000000,0.00000000,0.00000000,0.00000000,0.00000000,0.00000000,0.00000000,0.00000000,0.00000000,0.00000000,0.00000000,0.00000000,0.00000000,0.00000000,0.00000000,0.00000000,0.00000000,0.00000000,0.00000000,0.00000000,0.00000000,0.00000000,0.00000000,0.00000000,0.00000000,0.00000000,0.05846881,0.00000000,0.00000000,0.00000000,0.00000000,0.00000000,0.00000000,0.00000000,0.00000000,0.00154230,0.00000000,0.00000000,0.00000000,0.00211262,0.00000000,0.00000000,0.00000000,0.00000000,0.06905133,0.00000000,0.00000000,0.00000000,0.00000000,0.00000000,0.00000000,0.24087966,0.00000000,0.00000000,0.00000000,0.00000000,0.00000000,0.00000000,0.27388401,0.00000000,0.00064680,0.00000000,0.00000000,0.01723215,0.00000000,0.00000000,0.00000000,0.00000000,0.00000000,0.00000000,0.00000000,0.00000000,0.00000000,0.00000000,0.00000000,0.00000000,0.00000000,0.03502167,0.00000000,0.00000000,0.00000000,0.00000000,0.00000000,0.00384626,0.00000000,0.00000000,0.00000000,0.00000000,0.00000000,0.00000000,0.00000000,0.01925577,0.00000000,0.00000000,0.00000000,0.00085352,0.00000000,0.00000000,0.00000000,0.00000000,0.00000000,0.00000000,0.00000000,0.00000000,0.00000000,0.00000000,0.00000000,0.00000000,0.00000000,0.00000000,0.00000000,0.00000000,0.00000000,0.00000000,0.00000000,0.00697727,0.00000000,0.00070028,0.02434791,0.00153868,0.00000000,0.00000000,0.00000000,0.00000000,0.00000000,0.00000000,0.00000000,0.00000000,0.00000000,0.00000000,0.00000000,0.00000000,0.00000000,0.00000000,0.00000000,0.00945811,0.00000000,0.00000000,0.00000000,0.00000000,0.00000000,0.00000000,0.00000000,0.00000000,0.00000000,0.00000000,0.01241931,0.00000000,0.00000000,0.00000000,0.00000000,0.00000000,0.00000000,0.00000000,0.00000000,0.00000000,0.00000000,0.00000000,2.45634220,0.00000000,0.00000000,0.00183474,0.00000000,0.00000000,0.00000000,0.00000000,0.00000000,0.00000000,0.00000000,0.00000000,0.00000000,0.00000000,2.69461403,0.00000000,0.00000000,0.00000000,0.00000000,0.00464982,0.11477681,0.00000000,0.00000000,0.00000000,0.00000000,0.00000000,0.00000000,0.00000000,0.00000000,0.00158699,0.00000000,0.00000000,0.00000000,0.00000000,0.00000000,0.00239420,0.00000000,0.00000000,0.00000000,0.00000000,0.00000000,0.00000000,0.00000000,0.00000000,0.00000000,0.00000000,0.00000000,0.00000000,0.01053293,0.00000000,0.00000000,0.00000000,0.00000000,0.01821503,0.00000000,0.00000000,0.00000000,0.00000000,0.00000000,0.00000000,0.00000000,0.00000000,0.00000000,0.00000000,0.00000000,0.00000000,0.00000000,0.00000000,0.00663418,0.00000000,0.00000000,0.71184872,0.00000000,0.00000000,0.00000000,0.00000000,0.00000000,0.00000000,0.00000000,0.00000000,0.01157622,0.00000000,0.00000000,0.00000000,0.00000000,0.00000000,0.00000000,0.00000000,2.91726461,0.00216622,0.00000000,0.00000000,0.00000000,0.00000000,0.00000000,0.00000000,0.00000000,0.00000000,0.00000000,0.00000000,0.00000000,0.00000000,0.00000000,0.00000000,0.00000000,0.00000000,0.00000000,0.00000000,0.00000000,0.00000000,0.00000000,0.00295108,0.00000000,0.00000000,0.00000000,0.00000000,0.00000000,0.00000000,0.00000000,0.02503704,0.00579534,0.00000000,0.00000000,0.00000000,0.00000000,0.00000000,0.03561808,0.01794175,0.00000000,0.00000000,0.00000000,0.03460730,0.00000000,0.00000000,0.00000000,0.00000000,0.00097934,0.00000000,0.00000000,0.00000000,0.00000000,0.00000000,0.00000000,0.00000000,0.00000000,0.00000000,0.00000000,0.00000000,0.00000000,0.00000000,0.00399292,0.00000000,0.00000000,0.00000000,0.00000000,0.00000000,0.00000000,0.00000000,0.00000000,0.00000000,0.00000000,0.00000000,0.00000000,0.00000000,0.00000000,0.00000000,0.00000000,0.00000000,0.00000000,0.00000000,0.00000000,0.00246599,0.00000000,0.07878055,0.00000000,0.00308552,0.00000000,0.25476815,0.00000000,0.00000000,0.00257653,0.01255556,0.00000000,0.00000000,0.03419573,0.00000000,0.00000000,0.00000000,0.00000000,0.00000000,0.00000000,0.00487388,0.00000000,0.00000000,0.00000000,0.00000000,0.00000000,0.00000000,0.00000000,0.00000000,0.00000000,0.00000000,0.00000000,0.00000000,0.00000000,0.00000000,0.00000000,0.00000000,0.00000000,0.00000000,0.00000000,0.00000000,0.00000000,0.00000000,0.00320456,0.00000000,0.00000000,0.00000000,0.00000000,0.00000000,0.00000000,0.00000000,0.00000000,0.00000000,0.00000000,0.00000000,0.00000000,0.03716712,0.00000000,0.00000000,0.00000000,0.00000000,0.00000000,0.00000000,0.00000000,0.00000000,0.00000000,0.00000000,0.00000000,0.00000000,0.00000000,0.00000000,0.00000000,0.02534120,0.00000000,0.00000000,0.00000000,0.00000000,0.00000000,0.00000000,0.00000000,0.00000000,0.00000000,0.00000000,0.00000000,0.00000000,0.00000000,0.05852044,0.00000000,0.00000000,0.00000000,0.00000000,0.02210862,0.00000000,0.00000000,0.00000000,0.00000000,0.00000000,0.00000000,0.00000000,0.00000000,0.00000000,0.00000000,0.00000000,0.01399142,0.00846593,0.00000000,0.00000000,0.00000000,0.00000000,0.00000000,0.00000000,0.01874463,0.00000000,0.00315297,0.00000000,0.00000000,0.00000000,0.00000000,0.00000000,0.00000000,0.00544617,0.00000000,0.00000000,0.00000000,0.00000000,0.00000000,0.00000000,0.00000000,0.01177312,0.06544565,0.00000000,0.00000000,0.00000000,0.00000000,0.00000000,0.00000000,0.00000000,0.00000000,0.00000000,0.00355030,0.00000000,0.00000000,0.00000000,0.00000000,0.00000000,0.00359027,0.00000000,0.00000000,0.07349206,0.00000000,0.04740607,0.00000000,0.01704034,0.00000000,0.00000000,0.00000000,0.00000000,0.00000000,0.00000000,0.00000000,0.00000000,0.00000000,0.00000000,0.00000000,0.00000000,0.00000000,0.00000000,0.00000000,0.00000000,0.00000000,0.00000000,0.15497800,0.00000000,0.00934179,0.00000000,0.00000000,0.00000000,0.00000000,0.00246290,0.00000000,0.00000000,0.00000000,0.01111758,0.00000000,0.00000000,0.00000000,0.00000000,0.00000000,0.00290937,0.00000000,0.00000000,0.00000000,0.00494802,0.00000000,0.00000000,0.00000000,0.00000000,0.00000000,0.00000000
0.00000000,0.00000000,0.00000000,0.09037415,0.00000000,0.00000000,0.00662057,0.00000000,0.00000000,0.00000000,0.00000000,0.00000000,0.00000000,0.00000000,0.00000000,0.00000000,0.00000000,0.00000000,0.00000000,0.00000000,0.00000000,0.00000000,0.00000000,0.00000000,0.00000000,0.00000000,0.00300343,0.00000000,0.00000000,0.01290459,0.00000000,0.00000000,0.00000000,0.00000000,0.00000000,0.00000000,0.00000000,0.00000000,0.00000000,0.00000000,0.00000000,0.00000000,0.00000000,0.00000000,0.00000000,0.00000000,0.00686782,0.00000000,0.00000000,0.00000000,0.00000000,0.00389409,0.00000000,0.00000000,0.00000000,0.00000000,0.13950371,0.00000000,0.00000000,0.00000000,0.00000000,0.00000000,0.00479532,0.00535026,0.00000000,0.00000000,0.00419359,0.00000000,0.00000000,0.00000000,0.00000000,0.00544815,0.00000000,0.00000000,0.00000000,0.00000000,0.00000000,0.00000000,0.00000000,0.00000000,0.00000000,0.00000000,0.00000000,0.00000000,0.00297484,0.00000000,0.00000000,0.00000000,0.00000000,0.00000000,0.00000000,0.01424780,0.00000000,0.00000000,0.64534259,0.00000000,0.00102447,0.00000000,0.00000000,0.00000000,0.00000000,0.00000000,0.00000000,0.00000000,0.41582513,0.00000000,0.00000000,0.00000000,0.00000000,0.00000000,0.00000000,1.45429179,0.00000000,0.00000000,0.00000000,0.00000000,0.00311720,0.00000000,0.00000000,0.12948992,0.00000000,0.00000000,0.00000000,0.00000000,0.00000000,0.00000000,0.00000000,0.00000000,0.00000000,0.01439073,0.00000000,0.14287859,0.00000000,0.00000000,0.00000000,1.29723493,0.00000000,0.00000000,0.00000000,0.00000000,0.00000000,0.00000000,0.00000000,0.01234107,0.00000000,0.00000000,0.00000000,0.00000000,0.00000000,0.00000000,0.00000000,0.00000000,0.00000000,0.00000000,0.00000000,0.00000000,0.00000000,0.00000000,0.00000000,0.00000000,0.00000000,0.00000000,0.21006308,0.00000000,0.00000000,0.00000000,0.00000000,0.01329644,0.00000000,0.00000000,0.00000000,0.00000000,0.00825850,0.00000000,0.00000000,0.00000000,0.00000000,0.00000000,0.00000000,0.00000000,0.00000000,0.00141376,0.00000000,0.00000000,0.00000000,0.16563575,0.00000000,0.00000000,0.00000000,0.00000000,0.00000000,0.00000000,0.00000000,0.00000000,0.00000000,0.00000000,0.00000000,0.00000000,0.00000000,0.00000000,0.00000000,0.00000000,0.00453168,0.00000000,0.00000000,0.00000000,0.00000000,0.00000000,0.00000000,0.12712659,0.00000000,0.00000000,0.00579374,0.00000000,0.00000000,0.10940824,0.00000000,0.00000000,0.00000000,0.00000000,0.02339895,0.00000000,0.00000000,0.00000000,0.00000000,0.00000000,0.00000000,0.00000000,0.00000000,0.00000000,0.00000000,0.00000000,0.00000000,0.00000000,0.00256606,0.00000000,0.00000000,0.00000000,0.00941869,0.00000000,0.00000000,0.00000000,0.00000000,0.00000000,0.03022281,0.00000000,0.00000000,0.00000000,0.00000000,0.00000000,0.00000000,0.00000000,0.02872904,0.54972175,0.00000000,0.00000000,0.00000000,0.00000000,0.00000000,0.00000000,0.00000000,0.00000000,0.00000000,0.00000000,0.00000000,0.00925297,0.05411490,0.00000000,0.00000000,0.00000000,0.03694239,0.00000000,0.00000000,0.00000000,0.00000000,0.00461628,0.00000000,0.04508649,0.00000000,0.00000000,0.00000000,0.00000000,0.00327401,0.00000000,0.00000000,0.00000000,0.03787497,0.00000000,0.00000000,0.00000000,0.00000000,0.00000000,0.00000000,0.00000000,0.00000000,0.00000000,0.00000000,0.00000000,0.00000000,0.00000000,0.00000000,0.00000000,0.00000000,0.00000000,0.00000000,0.00763715,0.00000000,0.00000000,0.00764845,0.00000000,0.00000000,0.00000000,0.00000000,0.00000000,0.00000000,0.00000000,0.01741968,0.00000000,0.00000000,0.00000000,0.37941186,0.00093040,0.00000000,0.00000000,0.00000000,0.06384550,0.00000000,0.00000000,0.00000000,0.41660521,0.00360744,0.00000000,0.00000000,0.00000000,0.00000000,0.00000000,0.00000000,0.00000000,0.00000000,0.00000000,0.00000000,0.00000000,0.00000000,0.00000000,0.00000000,0.00000000,0.00000000,0.00000000,0.00000000,0.00000000,0.00000000,0.00000000,0.00000000,0.00224989,0.00000000,0.00296257,0.01508154,0.00000000,0.00000000,0.00000000,0.00000000,0.00000000,0.01021587,0.00000000,0.00000000,0.00000000,0.00000000,0.00000000,0.00000000,0.00000000,0.00000000,0.00000000,0.00000000,0.00000000,0.00000000,0.00000000,0.00000000,0.00000000,0.00000000,0.00000000,0.00000000,0.00000000,0.00000000,0.00000000,0.00000000,0.00000000,0.00000000,0.00000000,0.00000000,0.00981506,0.00000000,0.00000000,0.00000000,0.00000000,0.00000000,0.00000000,0.00000000,0.00000000,0.00000000,0.00000000,0.00000000,0.00000000,0.00000000,0.00000000,0.00000000,0.00000000,0.00000000,0.00000000,0.00317786,0.00977293,0.00000000,0.00000000,0.00000000,0.00000000,0.00000000,0.00000000,0.00000000,0.00000000,0.00000000,0.00000000,0.00000000,0.00000000,0.00000000,0.00000000,0.00000000,0.00000000,0.00000000,0.00000000,0.00000000,0.00000000,0.00000000,0.00000000,0.00000000,0.00000000,0.00000000,0.00000000,0.00000000,0.00000000,0.00000000,0.00000000,0.00000000,0.00000000,0.00000000,0.00364395,0.05906123,0.00000000,0.00000000,0.00000000,0.00000000,0.02634984,0.00000000,0.61569093,0.00000000,0.00000000,0.00000000,0.00000000,0.00118309,0.00331997,0.00000000,0.00000000,0.00000000,0.01830398,0.00000000,0.00000000,0.00264470,0.00000000,0.00000000,0.00000000,0.00000000,0.00000000,0.00000000,0.00000000,0.00000000,0.00000000,0.03635030,0.00000000,0.00000000,0.00000000,0.00000000,0.00000000,0.00000000,0.00000000,0.00000000,0.00000000,0.00000000,0.00000000,0.00000000,0.00000000,0.00000000,0.00000000,0.00000000,1.24241913,0.00000000,0.00535055,0.00000000,0.00000000,0.00000000,0.00000000,0.00000000,0.00000000,0.00238778,0.00000000,0.00000000,0.00000000,0.00000000,0.00424790,0.00000000,0.00000000,0.00000000,0.00000000,0.00000000,0.00000000,0.00000000,0.00000000,0.00596833,0.00000000,0.00000000,0.04151020,0.00000000,0.00000000,0.00000000,0.00000000,0.00000000,0.03307460,0.00000000,0.00000000,0.00000000,0.00000000,0.00000000,0.00000000,0.01408273,0.00000000,0.00000000,0.00000000,0.00000000,0.00000000,0.00000000,0.00000000,0.00000000,0.00000000,0.00000000,0.00000000,0.00000000,0.00000000,0.00000000,0.00000000,0.00925885,0.01288538,0.00000000,0.00000000,0.00000000,0.00000000,0.00000000,0.00000000,0.00000000,0.00431821,0.00000000,0.05940617,0.00000000,0.00000000,0.00000000,0.00000000,0.00000000,0.00000000,0.00000000,0.00000000,0.00000000,0.00000000,0.00000000,0.00313717,0.00000000,0.00000000,0.00000000,0.00000000,0.00000000,0.00000000,0.00000000,0.00000000,0.00000000,0.00000000,0.02714124,0.00000000,0.00000000,0.00000000,0.00000000,0.00000000,0.00000000,0.00000000,0.00000000,0.00000000,0.00239681,0.00000000,0.00000000,0.00000000,0.00000000,0.10544731,0.00000000,0.00000000,0.00000000,0.00000000,0.00000000,0.00000000,0.00000000,0.00000000,0.00000000,0.00000000,0.00000000,0.00000000,0.00000000,0.00127772,0.00685527,0.00000000,0.00000000,0.00000000,0.00000000,0.00000000,0.00000000,0.00000000,0.04186718,0.00000000,0.00000000,0.00000000,0.00000000,0.00000000,0.00000000,0.00000000,0.00000000,0.00000000,0.00000000,0.00000000,0.00000000,0.00000000,0.00279663,0.00000000,0.00000000,0.00000000,0.00000000,0.00000000,0.00143863,0.00000000,0.00000000,0.00000000,0.00000000,0.00000000,0.00000000,0.00660216,0.00000000,0.00746050,0.00099307,0.00000000,0.00000000,0.00000000,0.00221759,0.00000000,0.00000000,0.00000000,0.00000000,0.00000000,0.00000000,0.00000000,0.00000000,0.00000000,0.00000000,0.00000000,0.00000000,0.00000000,0.00000000,0.00000000,0.00000000,1.02379794,0.00000000,0.00000000,0.00000000,0.00000000,0.00000000,0.00000000,0.00000000,0.00000000,0.00000000,0.00000000,0.08764631,0.00509121,0.00000000,0.00000000,0.00000000,0.00000000,0.00000000,0.00000000,0.00000000,0.00000000,0.00000000,0.00000000,0.01448920,0.00000000,0.00000000,0.00000000,0.00464495,0.00000000,0.00000000,0.00000000,0.00802695,0.00000000,0.00000000,0.00000000,0.00000000,0.33332947,0.00000000,0.00000000,0.00000000,0.00000000,0.00000000,0.00643486,0.00000000,0.02562807,0.00000000,0.00000000,0.00000000,0.00780548,0.00000000,0.00000000,0.00000000,0.00000000,0.00000000,0.00000000,0.00000000,0.00000000,0.00000000,0.00000000,0.00000000,0.00000000,0.00000000,0.00234438,0.02226899,0.00000000,0.00622765,0.00000000,0.00000000,0.00000000,0.00000000,0.00000000,0.00000000,0.00000000,0.00813284,0.02629840,0.00000000,0.00000000,0.00000000,0.00000000,0.00000000,0.00000000,0.00000000,0.00000000,0.00254070,0.00000000,0.00000000,0.00000000,0.00000000,0.00000000,0.00000000,0.00000000,0.00000000,0.00000000,0.01209471,0.00000000,0.00919206,0.00000000,0.00000000,0.00000000,0.00000000,0.00000000,0.00000000,0.00000000,0.00000000,0.00000000,0.00000000,0.00000000,0.00000000,0.00000000,0.00000000,0.00000000,0.00152730,0.00000000,0.00000000,0.00000000,0.00000000,0.00000000,0.00000000,0.00000000,0.00000000,0.00000000,0.00000000,0.00077803,0.00000000,0.00000000,0.00000000,0.00000000,0.00000000,0.00000000,0.00000000,0.00000000
0.00000000,0.00000000,0.00000000,0.00161588,0.00000000,0.00000000,0.00000000,0.00000000,0.00000000,0.00000000,0.00000000,0.00000000,0.00000000,0.00000000,0.00000000,0.00000000,0.00618911,0.00000000,0.00000000,0.00000000,0.00000000,0.00874251,0.00000000,0.00000000,0.00000000,0.00000000,0.00000000,0.00000000,0.00000000,0.00000000,0.00000000,0.00000000,0.00000000,0.00000000,0.00000000,0.00000000,0.00680932,0.02688469,0.00000000,0.00000000,0.00000000,0.00000000,0.00000000,0.00000000,0.00000000,0.00000000,0.00000000,0.00000000,0.00000000,0.00000000,0.00000000,0.00000000,0.00000000,0.00000000,0.00000000,0.00000000,0.00000000,0.00000000,0.00000000,0.00000000,0.00000000,0.00000000,0.00000000,0.00000000,0.03134383,0.00000000,0.00000000,0.00000000,0.00470118,0.00000000,0.00000000,0.00000000,0.00000000,0.00000000,0.00000000,0.00000000,0.00102579,0.00000000,0.00000000,0.00942690,0.00000000,0.00000000,0.00000000,0.00000000,0.00000000,0.00000000,0.00000000,0.00000000,0.01857008,0.00574655,0.00000000,0.00000000,0.00000000,0.00142174,0.00000000,0.00000000,0.00000000,0.00084246,0.00000000,0.00000000,0.00000000,0.00000000,0.00000000,0.00000000,0.00081939,0.00000000,0.00000000,0.00000000,0.00102208,0.00000000,0.00000000,0.00000000,0.01449049,0.00000000,0.00000000,0.00000000,0.00000000,0.06525871,0.00000000,0.00646000,0.00000000,0.00000000,0.00000000,0.00000000,0.00000000,0.00000000,0.00000000,0.00501147,0.00644012,0.00182592,0.00000000,0.00402773,0.00000000,0.00000000,0.00000000,0.17816071,0.00000000,0.00000000,0.05497956,0.00000000,0.00638866,0.00000000,0.00000000,0.00000000,0.00000000,0.00000000,0.00000000,0.00000000,0.00000000,0.00000000,0.00000000,0.00000000,0.00000000,0.00000000,0.00000000,0.00000000,0.00000000,0.00000000,0.00608609,0.00000000,0.00000000,0.00000000,0.00000000,0.00000000,0.00000000,0.00000000,0.00000000,0.00000000,0.00353499,0.00000000,0.00000000,0.00000000,0.00000000,0.00187239,0.00000000,0.00000000,0.00000000,0.00000000,0.00000000,0.00000000,0.00000000,0.00000000,0.00000000,0.00000000,0.00000000,0.00000000,0.00000000,0.05350880,0.00000000,0.00000000,0.00000000,0.00000000,0.00000000,0.00000000,0.00000000,0.00000000,0.00000000,0.00380032,0.00000000,0.00000000,0.00000000,0.00000000,0.00000000,0.00000000,0.00000000,0.00000000,0.06299841,0.00000000,0.00000000,0.00000000,0.00000000,0.00000000,0.00000000,0.00000000,0.00000000,0.00000000,0.00722669,0.00000000,0.00000000,0.00000000,0.00000000,0.00000000,0.00000000,0.00000000,0.00000000,0.00000000,0.00000000,0.00000000,0.00000000,0.00000000,0.00000000,0.00000000,0.00000000,0.00000000,0.00000000,0.00000000,0.00000000,0.00000000,0.00000000,0.00000000,0.00000000,0.05156161,0.00000000,0.00000000,0.00000000,0.00000000,0.00000000,0.00000000,0.00000000,0.58004425,0.00000000,0.00000000,0.00000000,0.00000000,0.00000000,0.00000000,0.00000000,0.00000000,0.00000000,0.00000000,0.00000000,0.00000000,0.00000000,0.00000000,0.01992531,0.00000000,0.00000000,0.00000000,0.00000000,0.00000000,0.00000000,0.00000000,0.00000000,0.00000000,0.00000000,0.00000000,0.00000000,0.00000000,0.00000000,0.00000000,0.00000000,0.00000000,2.48716658,0.00000000,0.00126662,0.00000000,0.00000000,0.00000000,0.00000000,0.00000000,0.00000000,0.00000000,0.00000000,0.00000000,0.00000000,0.00000000,0.00000000,0.00000000,0.00000000,0.00702661,0.00348591,0.00000000,0.00000000,0.00903742,0.00000000,0.00000000,0.00000000,0.00000000,0.00000000,0.00000000,0.00000000,0.00000000,0.00000000,0.00000000,0.03223056,0.00000000,0.00000000,0.00000000,0.00000000,0.00000000,0.00000000,0.00000000,0.00000000,0.00000000,0.00000000,0.00000000,0.00000000,0.00000000,0.00000000,0.00000000,0.00000000,0.00000000,0.00000000,0.00000000,0.00000000,0.00000000,0.00000000,0.00000000,0.00000000,0.00000000,0.00000000,0.01528263,0.00000000,0.00000000,0.04341175,0.00000000,0.00000000,0.00000000,0.00000000,0.00000000,0.00000000,0.00000000,0.00000000,0.02149670,0.03468809,0.00158070,0.00000000,0.00000000,0.00000000,0.00000000,0.00000000,0.00000000,0.00000000,0.00000000,0.00000000,0.00000000,0.00000000,0.00000000,0.00068268,0.00000000,0.00000000,0.00000000,0.00000000,0.00000000,0.00000000,0.02883789,0.00096323,0.00000000,0.00000000,0.00000000,0.00000000,0.00000000,0.00000000,0.00000000,0.00000000,0.00000000,0.00000000,0.00579801,0.02134376,0.00000000,0.00000000,0.00000000,0.00393427,0.00000000,0.00000000,0.00000000,2.74307581,1.07762734,0.00000000,0.00000000,0.00268881,0.00000000,0.00000000,0.00000000,0.01840385,0.00000000,0.00000000,0.00000000,0.00000000,0.00000000,0.00000000,0.00000000,0.00000000,0.00000000,0.00000000,0.00000000,0.00000000,0.00000000,0.00000000,0.00000000,0.00000000,0.01165994,0.13092436,0.00000000,0.00000000,0.00000000,0.00000000,0.00000000,0.00000000,0.00443714,0.00000000,0.00000000,0.00126736,0.00000000,0.00000000,0.00000000,0.00000000,0.08136419,0.00435396,0.00321087,0.00000000,0.00000000,0.01763467,0.09922130,0.00000000,0.00000000,0.00000000,0.00000000,0.00000000,0.00000000,0.00123613,0.01841025,0.01526704,0.01013585,0.00000000,0.00000000,0.00000000,0.00000000,0.00000000,0.00000000,0.00000000,0.00000000,0.00000000,0.00000000,0.00341544,0.00000000,0.00000000,0.00000000,0.00000000,0.00000000,0.00000000,0.00000000,0.00000000,0.00000000,0.00000000,0.00000000,0.00000000,0.00000000,0.00000000,0.00766449,0.00000000,0.00000000,0.00000000,0.00000000,0.00000000,0.00000000,0.00000000,0.00000000,0.00000000,0.00000000,0.00000000,0.00000000,0.00000000,0.87913531,0.00000000,0.00000000,0.00000000,0.00000000,9.50701917,0.00000000,0.00000000,0.00000000,0.00000000,0.00000000,0.00000000,0.00000000,0.01943182,0.00000000,0.00000000,0.00000000,0.00000000,0.00000000,0.00000000,0.02158124,0.00000000,0.00000000,0.00000000,0.00000000,0.00000000,0.14578978,0.01440936,0.00000000,0.00000000,0.00516397,0.00000000,0.00000000,0.00000000,0.00000000,0.00000000,0.00000000,0.02446590,0.00000000,0.00000000,0.00000000,0.00177076,0.00212908,0.00000000,0.00000000,0.00000000,0.00000000,0.00000000,0.00000000,0.00000000,0.00000000,0.01366237,0.02288110,0.00000000,0.01100790,0.00000000,0.00000000,0.00000000,0.00000000,0.00000000,0.00000000,0.00000000,0.00000000,0.00000000,0.00390553,0.00000000,0.00000000,0.00000000,0.00000000,0.00000000,0.00000000,0.00000000,0.00000000,0.00116390,0.00000000,0.00000000,0.00897787,0.00000000,0.00000000,0.00105465,0.00000000,0.00000000,0.00000000,0.00000000,0.00000000,0.00000000,0.00000000,0.00000000,0.00000000,0.00000000,0.00000000,0.00000000,0.00000000,0.00000000,0.00000000,0.00000000,0.00000000,0.00000000,0.00000000,0.00000000,0.00000000,0.00000000,0.00000000,0.00000000,0.00000000,0.00000000,0.00000000,0.00000000,0.00000000,0.00000000,0.00000000,0.02729156,0.00666263,0.00000000,0.00000000,0.00000000,0.00000000,0.00000000,0.00000000,0.00000000,0.00000000,0.00000000,0.00000000,0.00000000,0.00000000,0.00000000,0.00000000,0.00000000,0.00000000,0.00000000,0.00000000,0.00000000,0.00000000,0.00000000,0.00000000,0.00000000,0.00000000,0.00000000,0.00000000,0.00000000,0.00000000,0.00000000,0.00000000,0.00000000,0.03992082,0.00000000,0.01368376,0.00000000,0.00000000,0.05133464,0.00000000,0.00000000,0.00000000,0.00000000,0.00000000,0.00000000,0.00000000,0.00063932,0.00000000,0.00000000,0.00000000,0.00000000,0.00000000,0.00000000,0.00000000,0.00000000,0.00000000,0.00000000,0.00000000,0.00000000,0.00000000,0.00000000,0.00000000,0.00000000,0.00000000,0.00000000,0.00000000,0.00000000,0.00678719,0.00000000,0.00000000,0.00513721,0.00000000,0.04638081,0.00000000,0.00000000,0.00000000,0.00000000,0.00000000,0.00000000,0.00000000,0.00000000,0.05852044,0.00000000,0.00000000,0.00000000,1.11866815,0.00000000,0.00000000,0.00000000,0.00000000,0.00000000,0.00000000,0.00000000,0.00000000,0.00000000,0.00338103,0.00000000,0.00000000,0.00000000,0.00000000,0.00000000,0.00000000,0.00000000,0.00000000,0.00000000,0.00361207,0.00000000,0.00000000,0.00000000,0.00000000,0.00000000,0.00000000,0.00000000,0.00000000,0.00000000,0.00103983,0.00000000,0.00000000,0.00000000,0.00000000,0.00000000,0.02079697,0.00000000,0.00000000,0.49611687,0.00381563,0.09442429,0.00000000,0.00000000,0.00000000,0.04555128,0.00144969,0.00000000,0.00000000,0.00891997,0.00000000,0.00000000,0.00000000,0.00000000,0.00866066,0.01629681,0.00000000,0.00000000,0.00000000,0.00000000,0.00000000,0.00000000,0.00000000,0.00000000,0.00000000,0.00000000,0.00000000,0.00000000,0.00000000,0.00000000,0.00000000,0.00000000,0.00000000,0.00000000,0.00000000,0.00000000,0.00000000,0.00000000,0.00000000,0.00000000,0.00075480,0.00000000,0.00000000,0.00000000,0.00000000,0.00503417,0.00000000,0.00000000,0.00000000,0.00000000,0.00000000,0.00000000,0.00000000,0.00000000,0.00000000,0.00000000,0.00000000,0.00000000,0.00000000,0.00000000,0.00000000,0.00000000,0.00000000,0.00000000,0.00000000,0.00000000,0.00000000,0.00000000,0.00000000,0.74022001,0.00000000
0.00000000,0.00000000,0.00000000,0.00000000,0.00000000,0.00000000,0.00000000,0.00000000,0.00000000,0.00000000,0.00000000,0.00000000,0.00000000,0.00000000,0.00000000,0.00000000,0.00000000,0.00000000,0.00000000,0.00000000,0.00000000,0.00000000,0.00000000,0.00000000,0.00378517,0.00000000,0.00000000,0.00109362,0.00000000,0.00000000,0.00000000,0.00000000,0.00000000,0.00000000,0.00000000,0.00659608,0.00000000,0.00000000,0.00000000,0.00000000,0.01894198,0.00000000,0.00000000,0.00000000,0.00000000,0.00000000,0.00000000,0.00000000,0.00782497,0.00000000,0.00297529,0.00000000,0.00000000,0.00000000,0.00000000,0.00000000,0.00000000,0.00000000,0.00000000,0.00000000,0.00000000,0.00000000,0.00000000,0.00000000,0.00000000,0.00000000,0.00000000,0.00000000,0.00000000,0.04828674,0.00000000,0.03056285,0.00000000,0.00087269,0.00246798,0.00000000,0.00000000,0.00000000,0.00000000,0.00000000,0.00000000,0.00000000,0.06321384,0.00000000,0.00070795,0.00000000,0.00000000,0.00000000,0.30339672,0.00000000,0.00000000,0.00000000,0.00281180,0.00000000,0.00000000,0.00000000,0.00000000,0.00000000,0.00000000,0.00000000,0.00000000,0.00000000,0.00000000,0.00000000,0.00000000,0.00000000,0.00000000,0.00000000,0.00000000,0.00000000,0.00000000,0.00000000,0.00000000,0.00000000,0.00000000,0.00000000,0.00000000,0.00000000,0.03960106,0.00000000,0.00000000,0.00000000,0.00000000,0.01883769,0.00000000,0.00000000,0.00000000,0.01407630,0.00000000,0.00000000,0.00000000,0.00000000,0.00000000,0.00000000,0.00000000,0.00000000,0.01147496,0.00000000,0.00000000,0.00000000,0.00000000,0.00000000,0.00202140,0.00000000,1.53760776,0.00000000,0.00000000,0.00000000,0.00000000,0.00000000,0.00000000,0.00000000,0.00000000,0.00000000,0.00000000,0.00000000,0.00000000,0.00000000,0.00000000,0.00000000,0.00000000,0.00000000,0.00000000,0.00000000,0.21132845,0.00000000,0.00000000,0.01026698,0.00000000,0.00000000,0.00000000,0.00000000,0.00250174,0.00000000,0.00000000,0.00259825,0.00000000,0.00000000,0.00000000,0.00000000,0.00000000,0.00000000,0.00000000,0.00000000,0.00000000,0.00000000,0.00000000,0.00000000,0.00000000,0.00000000,0.00000000,0.00000000,0.00000000,0.00000000,0.00000000,0.00000000,0.00000000,0.00000000,0.00000000,0.00000000,0.00000000,0.01223131,0.00000000,0.00000000,0.00000000,0.00000000,0.00000000,0.00000000,0.00000000,0.00000000,0.00322418,0.00636843,0.04074417,0.00000000,0.00000000,0.00000000,0.00000000,0.01638605,0.00000000,0.00000000,0.00000000,0.00000000,0.00000000,0.00000000,0.00000000,0.00000000,0.00000000,0.00000000,0.00000000,0.01190209,0.00000000,0.00000000,0.00000000,0.00178922,0.00000000,0.00000000,0.00000000,0.00000000,0.00000000,0.00000000,0.00000000,0.00000000,0.10075844,0.00000000,0.00000000,0.00000000,0.00000000,0.00000000,0.00000000,0.00000000,0.00000000,0.00000000,0.01335488,0.00000000,0.00000000,0.00000000,0.00000000,0.00000000,0.00000000,0.00557451,0.00000000,0.00129924,0.39458055,0.00000000,0.00000000,0.00000000,0.15033728,0.00000000,0.00000000,0.00000000,0.00000000,0.00000000,0.00298708,0.00000000,0.00000000,0.00382299,0.00181737,0.00000000,0.09544212,0.00000000,0.00068683,0.00000000,0.00000000,0.00000000,0.00000000,0.00000000,0.00000000,0.00000000,0.00000000,0.00000000,0.00000000,0.00000000,0.00000000,0.01195076,0.00000000,0.00000000,0.00000000,0.00000000,0.00000000,0.00000000,0.00000000,0.01234629,0.00000000,0.00000000,0.00000000,0.00000000,0.00000000,0.00000000,0.00000000,0.00317281,0.00000000,0.00000000,0.00000000,0.00000000,0.00000000,0.00000000,0.00000000,0.00000000,0.00000000,0.00000000,0.00000000,0.00000000,0.00301404,0.00000000,0.00000000,0.00000000,0.00000000,0.00000000,0.00000000,0.00000000,0.00093384,0.01500880,0.00000000,0.02508108,0.00000000,0.00000000,0.00000000,0.00000000,0.00000000,0.00990834,0.00448003,0.00000000,0.00000000,0.00000000,0.00000000,0.00000000,0.00000000,0.00000000,0.00000000,0.00180463,0.00000000,0.00000000,0.00000000,0.00000000,0.00000000,0.00000000,0.00000000,0.02157339,0.00000000,0.00000000,0.00000000,0.00000000,0.00000000,0.00000000,0.00000000,0.00300728,0.00000000,0.00000000,0.00000000,0.15248818,0.00000000,0.00000000,0.00000000,0.00000000,0.00000000,0.00000000,0.00000000,0.01046516,0.00000000,0.00000000,0.00000000,0.00000000,0.00000000,0.00000000,0.00000000,0.00000000,0.00000000,0.00000000,0.00000000,0.00000000,0.00000000,0.00000000,0.00000000,0.00000000,0.00000000,0.00000000,0.00000000,0.00000000,0.00000000,0.00000000,0.00355030,0.00000000,0.00000000,0.00000000,0.00000000,0.00580014,0.00000000,0.00000000,0.01278217,0.00000000,0.00000000,0.00000000,0.00000000,0.00972247,0.00000000,0.00000000,0.00000000,0.00000000,0.04890255,0.00000000,0.00000000,0.02815563,0.00000000,0.00000000,0.00000000,0.00000000,0.24652257,0.00000000,0.00000000,0.00000000,0.00000000,0.00000000,0.00000000,0.00000000,0.00000000,0.00000000,0.00000000,0.00000000,0.00000000,0.00000000,0.00189368,0.01501912,0.00000000,0.00000000,0.00000000,0.00000000,0.00000000,0.00000000,0.00000000,0.00000000,0.00000000,0.00000000,0.00000000,0.00000000,0.00000000,0.00000000,0.00000000,0.00000000,0.00640296,0.00000000,0.00000000,0.00139369,0.00000000,0.00000000,0.00000000,0.00000000,0.00000000,0.00000000,0.02783911,0.00000000,0.00000000,0.00000000,0.00000000,0.00000000,0.00000000,0.00000000,0.00000000,0.00000000,0.00000000,0.00000000,0.00000000,0.00000000,0.00000000,0.00000000,0.00000000,0.00000000,0.00000000,0.00000000,0.00000000,0.00000000,0.00000000,0.00000000,0.00000000,0.01592988,0.00000000,0.00000000,0.00000000,0.00000000,0.00000000,0.00000000,0.00000000,0.00000000,0.00000000,0.00000000,0.00000000,0.00000000,0.00000000,0.00000000,0.00000000,0.15238700,0.00000000,0.00000000,0.00000000,0.00000000,0.00000000,0.02164036,0.00000000,0.00000000,0.00000000,0.00000000,0.00000000,0.00000000,0.00000000,0.00000000,0.00000000,0.00000000,0.00000000,0.00000000,0.00000000,0.00120885,0.00000000,0.00000000,0.00000000,0.00000000,0.00000000,0.00000000,0.00000000,0.00000000,0.00000000,0.00000000,0.00000000,0.00000000,0.00000000,0.00068130,0.00519775,0.00000000,0.00000000,0.00000000,0.00000000,0.00000000,0.00000000,0.00000000,0.00000000,0.04458912,0.00000000,0.00000000,0.00000000,0.00000000,0.00000000,0.00000000,0.00000000,0.00000000,0.05367104,0.00000000,0.00000000,0.00000000,0.00000000,0.00000000,0.00000000,0.00000000,0.00000000,0.00000000,0.00000000,0.00000000,0.00000000,0.01066162,0.00000000,0.00000000,0.00000000,0.00000000,0.00000000,0.00000000,0.00000000,0.00000000,0.10661754,0.00000000,0.00000000,0.00000000,0.00000000,0.00000000,0.00000000,0.00000000,0.00000000,0.00000000,0.00000000,0.00000000,0.00000000,0.00000000,0.00000000,0.00531279,0.00000000,0.03051366,0.00000000,0.00830754,0.00317055,0.00000000,0.00000000,0.00000000,0.00000000,0.00412117,0.00000000,0.00000000,0.06243189,0.00000000,0.00000000,0.00000000,0.00000000,0.00000000,0.00139529,0.00000000,0.00000000,0.00399601,0.00000000,0.00000000,0.00000000,0.00000000,0.00000000,0.00000000,0.00388538,0.00000000,0.00128239,0.00000000,0.00000000,0.03301233,0.00000000,0.00000000,0.00000000,0.00000000,0.00000000,0.00000000,0.00000000,0.00000000,0.00000000,0.00000000,0.00000000,0.00000000,0.00000000,0.00000000,0.00000000,0.00000000,0.00000000,0.00000000,0.00000000,0.00000000,0.00000000,0.00000000,0.00000000,0.00000000,0.02950333,0.00000000,0.00000000,0.00000000,0.00000000,0.00000000,0.00000000,0.01311107,0.00000000,0.00000000,0.00000000,0.00000000,0.00000000,0.00000000,0.00000000,0.00000000,0.00000000,0.00000000,0.00000000,0.00000000,0.00000000,0.00000000,0.00000000,0.00000000,0.00000000,0.00000000,0.00730586,0.00000000,0.00000000,0.00000000,0.00000000,0.00000000,0.00000000,0.00000000,0.01714149,0.00000000,0.00000000,0.00000000,0.00000000,0.00000000,0.00000000,0.00000000,0.00000000,0.01251011,0.00000000,0.00000000,0.00000000,0.00000000,0.00000000,0.00000000,0.00000000,0.00390685,0.00000000,0.00000000,0.00000000,0.00000000,0.00000000,0.00000000,0.00000000,0.00000000,0.05902780,0.00000000,0.03515337,0.05042458,0.00000000,0.00000000,0.00536412,0.00000000,0.00000000,0.01143367,0.00000000,0.00417004,0.00000000,0.00000000,0.00000000,0.00000000,0.00000000,0.00000000,0.00256904,0.00000000,0.00000000,0.00000000,0.00000000,0.00000000,0.00000000,0.00000000,0.00000000,0.00000000,0.00000000,0.00000000,0.00000000,0.00000000,0.00000000,0.07179957,0.00000000,0.01350936,0.00000000,0.06415639,0.00000000,0.00000000,0.00000000,0.00000000,0.00812047,0.00000000,0.01379020,0.00000000,0.00000000,0.00000000,0.00000000,0.00000000,0.00000000,0.00603735,0.00000000,0.00000000,0.00000000,0.00000000,0.00000000,0.00382308,0.00000000,0.00186006,0.01057453,0.00000000,0.00000000,0.00000000,0.00000000,0.00000000,0.00000000,0.00000000,0.00000000,0.01608188,0.00000000,0.00000000,0.00000000,0.00000000,0.00113547,0.00000000,0.00000000,0.00000000,0.13273234,0.00000000,0.00000000,0.00000000
0.00000000,0.00000000,0.00000000,0.00000000,0.00000000,0.00977541,0.00000000,0.00000000,0.00000000,0.00000000,0.00000000,0.00055177,0.00000000,0.00000000,0.00000000,0.00697515,0.00000000,0.00466271,0.00000000,0.00000000,0.00000000,0.00000000,2.07262497,0.00000000,0.00000000,0.00412256,0.00000000,0.00000000,0.00000000,0.00000000,0.05790149,0.00000000,0.00000000,0.00000000,0.00000000,0.00000000,0.00000000,0.00000000,0.00000000,0.00000000,0.00000000,0.00000000,0.00000000,0.00000000,0.00000000,0.00000000,0.00000000,0.00000000,0.00000000,0.01403953,0.00000000,0.01824174,0.00000000,0.00000000,0.00000000,0.00000000,0.02583907,0.03437631,0.00000000,0.07858187,0.00000000,0.00000000,0.00000000,0.00000000,0.00000000,0.00000000,0.00000000,0.00000000,0.00000000,0.00000000,0.00000000,0.00284789,0.00000000,0.00000000,0.00000000,0.01370149,0.19794646,0.00000000,0.00000000,0.00344581,0.00000000,0.00000000,0.00000000,0.00000000,0.00000000,0.00000000,0.00000000,0.00000000,0.00000000,0.00000000,0.00000000,0.00000000,0.01547308,0.00000000,0.00000000,0.00000000,0.00188832,0.00000000,0.00000000,0.00000000,0.00000000,0.00000000,0.02036728,0.00000000,0.00000000,0.00000000,0.00000000,0.00000000,0.00000000,0.00000000,0.00000000,0.00000000,0.00000000,0.01692748,0.00692035,0.01133260,0.04009258,0.00000000,1.31394463,0.00000000,0.00000000,0.00000000,0.00000000,0.00000000,0.00000000,0.00000000,0.19556780,0.00000000,0.00690454,0.00000000,0.00000000,0.00000000,0.00000000,0.00000000,0.00000000,0.00000000,0.00000000,0.00000000,0.00000000,0.00000000,0.00000000,0.00652577,0.00000000,0.00000000,0.00000000,0.00000000,0.00000000,0.00000000,0.00000000,0.00000000,0.00000000,0.00580163,0.00000000,0.00000000,0.00000000,0.00000000,0.00000000,0.00000000,0.00000000,0.00000000,0.00000000,0.00000000,0.00000000,0.00000000,0.00000000,0.00000000,0.00000000,0.00000000,0.01350378,0.00000000,0.00000000,0.00000000,0.00000000,0.00000000,0.00000000,0.00304156,0.00000000,0.00000000,0.00000000,0.00000000,0.04042686,0.00000000,0.00000000,0.00000000,0.00000000,0.00000000,0.00000000,0.00307378,0.00000000,0.00000000,0.00000000,0.00000000,0.00000000,0.00000000,0.00000000,0.00000000,0.00000000,0.00000000,0.00000000,0.00000000,0.00000000,0.00000000,0.00000000,0.00000000,0.00510832,0.00000000,0.00000000,0.00000000,0.00000000,0.00000000,0.00000000,0.00000000,0.00000000,0.00000000,0.00000000,0.47718599,0.00000000,0.00000000,0.00000000,0.00000000,0.00000000,0.00000000,0.00000000,0.00000000,0.00000000,0.00000000,0.00000000,0.00000000,0.00131873,0.00000000,0.00000000,0.00000000,0.00000000,0.00000000,0.00000000,0.08098435,0.00000000,0.00207031,0.00000000,0.00000000,0.00000000,0.00000000,0.00000000,0.00000000,0.00000000,0.00000000,0.00000000,0.00000000,0.00000000,0.00000000,0.00000000,0.00000000,0.00000000,0.00000000,0.00000000,0.00000000,0.02994625,0.00000000,0.00000000,0.00000000,0.02505280,0.00744366,0.00000000,0.00000000,0.00000000,0.00592864,0.00000000,0.00000000,0.00000000,0.00000000,0.00000000,0.00000000,0.02602761,0.00000000,0.00000000,0.00000000,0.00000000,0.00000000,0.00000000,0.00000000,0.00000000,0.00000000,0.00000000,0.00000000,0.00000000,0.00000000,0.00000000,0.00000000,0.00770269,0.00000000,0.00000000,0.00000000,0.00000000,0.00000000,0.00000000,0.00000000,0.00000000,0.07262489,0.00000000,0.00000000,0.00000000,0.00000000,0.00000000,0.00000000,0.00000000,1.06418112,0.00000000,0.00000000,0.00000000,0.00000000,0.00000000,0.00000000,0.00000000,0.00000000,0.00000000,0.00000000,0.00000000,0.00500109,0.00000000,0.00000000,0.00000000,0.00000000,0.00000000,0.00000000,0.00000000,0.00000000,0.00142113,0.00000000,0.00000000,0.00000000,0.00000000,0.00000000,0.00119159,0.00000000,0.00000000,0.00000000,0.00000000,0.00195578,0.00000000,0.00000000,0.00000000,0.00000000,0.00000000,0.00000000,0.00000000,0.00000000,0.01536333,0.00000000,0.00000000,0.00000000,0.00000000,0.00000000,0.00318830,0.01000442,0.00000000,0.00000000,0.00000000,0.00000000,0.00000000,0.00000000,0.00000000,0.00000000,0.00000000,0.00000000,0.00000000,0.00000000,0.00000000,0.00000000,0.01220982,0.00000000,0.00000000,0.00000000,0.00000000,0.00000000,0.00000000,0.00000000,0.00000000,0.00000000,0.00000000,0.00000000,0.00000000,0.00000000,0.00000000,0.00000000,0.00000000,0.00000000,0.00000000,0.00000000,0.00000000,0.00000000,0.00000000,0.00000000,0.00000000,0.00000000,0.00000000,0.00000000,0.00000000,0.00000000,0.00000000,0.00000000,0.00000000,0.00000000,0.00000000,0.00000000,0.00000000,0.00000000,0.00000000,0.00000000,0.00000000,0.00000000,0.00000000,0.00000000,0.00000000,0.00000000,0.00000000,0.00074026,0.00000000,0.00000000,0.00000000,0.00000000,0.00000000,0.00000000,0.00000000,0.00000000,0.00000000,0.00000000,0.00000000,0.00000000,0.00000000,0.00000000,0.00000000,0.00000000,0.00000000,0.00000000,0.01659420,0.00000000,0.00000000,0.00000000,0.00000000,0.00000000,0.00000000,0.00000000,0.00588125,0.00000000,0.00000000,0.00000000,0.00522678,0.00080356,0.00000000,0.00000000,0.00000000,0.00000000,0.00000000,0.00000000,0.00000000,0.00000000,0.01227640,0.00000000,0.00000000,0.00000000,0.00000000,0.00000000,0.00000000,0.00000000,0.00000000,0.00000000,0.00000000,0.01312004,0.00000000,0.00000000,0.00354755,0.00000000,0.02300358,0.00000000,0.00000000,0.00000000,0.00000000,0.00000000,0.00101078,0.00000000,0.00000000,0.00000000,0.00000000,0.03024660,0.00000000,0.00000000,0.00447067,0.00000000,0.00000000,0.00000000,0.01782716,0.00000000,0.00000000,0.00000000,0.00000000,0.00000000,0.00000000,0.00939583,0.08615625,0.00000000,0.00000000,0.00000000,0.00000000,0.00517093,0.00000000,0.00548540,0.00000000,0.00000000,0.00000000,0.00000000,0.00000000,0.00000000,0.00000000,0.00000000,0.00000000,0.00000000,0.00000000,0.00000000,0.00000000,0.00000000,0.00000000,0.00709365,0.00000000,0.00000000,0.00000000,0.00000000,0.00000000,0.00000000,0.00000000,0.04610791,0.01306800,0.00000000,0.00000000,0.00000000,0.00000000,0.00000000,0.14909995,0.00000000,0.02645351,0.00000000,0.00281473,0.00000000,0.00000000,0.00000000,0.00000000,0.00000000,0.60689690,0.00000000,0.00000000,0.00000000,0.00000000,0.00000000,0.00000000,0.00000000,0.43844349,0.00000000,0.00000000,0.00000000,0.00000000,0.00000000,0.00000000,0.00000000,0.00000000,0.00000000,0.00620095,0.00000000,0.00000000,0.00000000,0.00000000,0.01253180,0.00000000,0.00000000,0.00000000,0.00000000,0.00000000,0.00000000,0.00000000,0.00000000,0.00000000,0.00000000,0.00000000,0.00000000,0.00000000,0.00000000,0.00000000,0.00000000,0.01353280,0.00000000,0.05352958,0.00000000,0.01294903,0.00000000,0.00055494,0.00000000,0.00624235,0.00000000,0.00000000,0.00000000,0.00000000,0.00000000,0.00000000,0.00000000,0.00000000,0.04665887,0.00000000,0.00000000,0.01027783,0.00000000,0.00000000,0.00000000,0.00456620,0.00000000,0.00000000,0.00000000,0.00000000,0.00000000,0.00000000,0.00000000,0.00000000,0.00000000,0.00000000,0.00000000,0.00771238,0.00000000,0.00000000,0.00000000,0.00000000,0.00000000,0.00000000,0.00000000,0.00000000,0.00000000,0.00000000,0.00000000,0.00000000,0.00000000,0.00000000,0.00000000,0.00000000,0.00000000,0.00000000,0.00000000,0.00000000,0.00000000,0.00000000,0.00000000,0.00000000,0.00000000,0.00000000,0.00000000,0.00000000,0.00000000,0.00000000,0.36351991,0.02317696,0.00000000,0.00000000,0.00000000,0.47563372,0.00000000,0.05572908,0.00000000,0.00000000,0.00000000,0.00528420,0.00000000,0.00000000,0.00000000,0.00000000,0.00000000,0.00575230,0.00000000,0.00000000,0.00000000,0.00362488,0.01788298,0.00000000,0.00418860,0.00000000,0.00000000,0.00000000,0.00000000,0.00000000,0.00238283,0.00000000,0.00000000,0.00000000,1.11866815,0.00000000,0.00000000,0.04254539,0.00000000,0.00000000,0.00000000,0.00000000,0.00000000,0.00000000,0.00000000,0.00000000,0.00000000,0.00000000,0.00000000,0.00000000,0.00000000,0.00000000,0.00429556,0.00000000,0.01147768,0.00000000,0.00000000,0.00000000,0.00634745,0.00000000,0.00000000,0.00000000,0.00000000,0.00000000,0.00000000,0.00000000,0.00000000,0.00000000,0.00000000,0.00000000,0.00000000,0.00000000,0.00000000,0.00000000,0.00000000,0.00000000,0.00000000,0.00000000,0.00000000,0.00000000,0.00000000,0.00000000,0.04058581,0.00000000,0.00000000,0.00000000,0.00000000,0.00000000,0.00000000,0.00000000,0.00679097,0.00000000,0.01794680,0.00000000,0.00000000,0.00000000,0.00000000,0.00000000,0.00000000,0.00000000,0.00000000,0.00000000,0.00000000,0.00000000,0.00000000,0.00044811,0.00000000,0.00000000,0.00000000,0.01267467,0.00000000,0.00000000,0.00000000,0.00000000,0.00000000,0.00000000,0.00000000,0.00000000,0.00180038,0.00000000,0.00000000,0.00000000,0.00000000,0.00000000,0.01318949,0.00000000,0.02935590,0.00000000,0.00000000,0.00000000,0.00121552,0.00000000,0.00000000,0.00000000,0.00000000,0.00000000,0.00000000,0.00000000,0.00000000,0.00000000,0.00000000,0.00000000,0.00000000,0.00000000,0.00608024,0.00000000,0.00000000
0.00000000,0.00000000,0.00175135,0.01614701,0.00000000,0.00000000,0.00269473,0.00000000,0.00000000,0.00000000,0.00421205,0.10210572,0.00000000,0.00000000,0.00000000,0.00000000,0.00000000,0.00000000,5.77884972,0.00000000,0.00000000,0.00000000,0.00000000,0.00000000,0.00000000,0.00000000,0.00000000,0.00000000,0.00000000,0.01723451,0.00000000,0.00000000,0.00000000,0.00000000,0.00000000,0.00000000,0.00000000,0.00000000,0.00000000,0.00000000,0.00000000,0.00000000,0.00000000,0.00000000,0.00000000,0.00098464,0.00000000,0.00000000,0.00000000,0.00215213,0.00000000,0.00000000,0.00072996,0.00000000,0.00000000,0.00000000,0.00000000,0.00000000,0.00000000,0.00000000,0.00000000,0.00000000,0.00000000,0.02653065,0.00000000,0.00000000,0.00000000,0.00000000,0.03034925,0.00000000,0.00000000,0.00000000,0.00000000,0.00000000,0.00000000,0.00000000,0.00000000,0.00000000,0.00000000,0.00000000,0.00000000,0.00212902,0.00000000,0.00000000,0.00000000,0.00000000,0.00000000,0.00000000,0.00480012,0.00000000,0.00000000,0.00000000,0.01181636,0.00000000,0.00000000,0.00000000,0.00000000,0.00000000,0.00000000,0.00000000,0.00856428,0.00000000,0.09568024,0.00000000,0.00000000,0.00000000,0.00000000,0.00000000,0.00000000,0.00000000,0.00000000,0.00000000,0.00000000,0.00000000,0.00000000,0.00000000,0.00000000,0.00000000,0.00000000,0.02763155,0.00000000,0.00000000,0.00000000,0.00000000,0.00000000,0.00000000,0.00000000,0.05797981,0.00549671,0.00000000,0.00000000,0.00000000,0.00000000,0.00000000,0.00000000,0.00000000,0.00000000,0.00000000,0.00000000,0.00000000,0.00000000,0.00000000,0.00000000,0.00000000,0.00000000,0.00799762,0.00235113,0.00000000,0.00274434,0.00000000,0.00000000,0.00000000,0.00000000,0.00000000,0.00000000,0.00000000,0.00000000,0.00000000,0.00162168,0.00000000,0.00000000,0.00000000,0.00000000,0.00000000,0.00000000,0.00000000,0.00000000,0.00000000,0.00000000,0.00000000,0.00000000,0.00419008,0.00000000,0.00519022,0.00000000,0.00000000,0.00000000,0.00000000,0.00000000,0.00000000,0.00000000,0.00000000,0.00000000,0.00000000,0.00000000,0.00377182,0.00000000,0.00000000,0.00562452,0.00000000,0.00000000,0.00000000,0.00000000,0.00000000,0.00000000,0.00000000,0.00000000,1.11675199,0.00000000,0.00000000,0.00000000,0.00000000,0.00000000,0.00000000,0.00000000,0.00000000,0.00000000,0.00000000,0.00000000,0.00000000,0.00000000,0.00000000,0.00000000,0.00000000,0.00000000,0.04811348,0.00000000,0.00000000,0.00089059,0.00000000,0.00000000,0.00804571,0.00000000,0.00000000,0.00000000,0.00000000,0.00000000,0.00000000,0.01051682,0.00000000,0.00000000,0.00000000,0.00000000,0.00000000,0.00000000,0.00000000,0.00000000,0.00000000,0.00000000,0.02897026,0.00000000,0.00000000,0.00000000,0.00000000,0.00000000,0.05856966,0.00000000,0.04197761,0.03766934,0.00879332,0.00000000,0.00000000,0.00064710,0.00000000,0.00000000,0.00000000,0.00000000,0.00000000,0.00000000,0.00000000,0.00000000,0.00000000,0.00000000,0.00000000,0.00000000,0.00000000,0.00000000,0.00000000,0.00000000,0.00000000,0.00000000,0.00000000,0.00000000,0.00000000,0.00703856,0.00000000,0.00000000,0.00000000,0.00000000,0.00000000,0.00000000,0.00000000,0.00000000,0.00000000,0.00000000,0.01619746,0.00000000,0.00000000,0.00000000,0.00000000,0.00000000,0.00000000,0.00000000,0.00000000,0.00000000,0.00000000,0.00000000,0.00000000,0.00871824,0.00000000,0.00000000,0.00429741,0.07764823,0.00000000,0.00000000,0.00000000,0.00000000,0.00000000,0.00000000,0.00000000,0.00000000,0.00000000,0.00000000,0.00000000,0.00000000,0.01430347,0.00000000,0.00000000,0.00000000,0.00000000,0.00422278,0.00000000,0.00000000,0.00000000,0.00000000,0.00000000,0.00731797,0.00000000,0.00000000,0.00000000,0.00000000,0.00189264,0.00000000,0.00000000,0.00000000,0.00000000,0.06349924,0.00000000,0.00061582,0.00000000,0.00000000,0.00000000,0.00000000,0.00000000,0.00000000,0.00000000,0.00000000,0.00000000,0.00000000,0.00000000,0.00000000,0.00000000,0.23649009,0.00000000,0.00000000,0.00000000,0.02020091,0.03597174,0.00000000,0.00000000,0.00000000,0.00000000,0.00000000,0.00000000,0.00000000,0.00000000,0.00000000,0.00000000,0.00319879,0.00000000,0.00000000,0.00000000,0.00000000,0.00000000,0.00000000,0.00000000,0.00000000,0.00000000,0.00000000,0.00000000,0.00000000,0.01443265,0.00000000,0.00000000,0.00000000,0.00000000,0.00000000,0.00000000,0.00000000,0.09252540,0.00000000,0.00000000,0.00000000,0.00000000,0.00000000,0.00000000,0.00000000,0.00000000,0.00000000,0.00000000,0.00000000,0.00000000,0.00000000,0.00000000,0.00000000,0.00000000,0.00000000,0.00000000,0.00000000,0.00000000,0.00000000,0.27661869,0.00000000,0.00000000,0.00000000,0.00000000,0.00000000,0.00319031,0.00000000,0.00000000,0.00000000,0.00000000,0.00000000,0.00000000,0.01633130,0.00000000,0.00000000,0.00000000,0.00000000,0.00000000,0.00000000,0.00000000,0.00000000,0.00000000,0.00000000,0.00000000,0.00000000,0.00000000,0.01826306,0.00000000,0.00000000,0.00000000,0.00000000,0.00000000,0.00000000,0.00000000,0.00000000,0.00000000,0.00000000,0.00000000,0.00000000,0.00000000,0.00631396,0.00000000,0.00000000,2.36233561,0.00000000,0.00000000,0.00000000,0.00000000,0.00000000,0.00000000,0.00000000,0.00000000,0.00000000,0.00000000,0.00000000,0.00000000,0.00000000,0.00000000,0.00826433,0.01388813,0.00000000,0.00000000,0.00000000,0.00000000,0.00000000,0.00000000,0.00000000,0.00244056,0.00000000,0.00000000,0.00000000,0.00000000,0.00000000,0.00000000,0.00000000,0.00000000,0.00000000,0.00000000,0.00000000,0.00000000,0.00000000,0.00000000,0.00000000,0.01529400,0.00000000,0.00000000,0.00000000,0.00000000,0.00000000,0.00000000,0.00000000,0.01066633,0.00000000,0.00000000,0.00000000,0.00000000,0.00000000,0.04487589,0.00000000,0.00000000,0.00618514,0.00000000,0.00000000,0.00000000,0.00000000,0.00000000,0.00000000,0.00000000,0.00000000,0.00000000,0.00000000,0.00000000,0.00246193,0.00000000,0.00000000,0.00000000,0.00000000,0.00000000,0.00000000,0.00000000,0.00000000,0.00000000,0.01570335,0.00000000,0.00276531,0.00000000,0.00000000,0.00000000,0.14959326,0.00000000,0.00000000,0.00000000,0.00000000,0.00000000,0.00000000,0.00000000,0.00160740,0.00000000,0.00000000,0.00000000,0.00000000,0.00000000,0.01726865,0.00000000,0.00000000,0.00000000,0.00121230,0.00000000,0.00000000,0.00000000,0.00000000,0.00000000,0.00808130,0.00000000,0.00000000,0.00000000,0.00000000,0.00000000,0.00000000,0.00000000,0.00000000,0.00000000,0.00000000,0.00000000,0.00000000,0.00000000,0.00000000,0.23845191,0.00000000,0.00000000,0.00000000,0.00000000,0.00000000,0.01060065,0.02242701,0.00000000,0.00000000,0.00000000,0.00000000,0.00000000,0.00000000,0.51499729,0.00000000,0.00000000,0.00000000,0.00000000,0.00336612,0.00000000,0.00000000,0.00000000,0.00000000,0.00000000,1.43348358,0.00000000,0.00000000,0.00000000,0.00000000,0.00000000,0.00000000,0.00233008,0.00000000,0.00000000,0.00000000,0.00000000,0.00000000,0.15264676,0.00000000,0.00000000,0.00000000,0.00000000,0.00000000,0.00095724,0.00000000,0.00000000,0.00000000,0.00100122,0.00000000,0.00000000,0.00000000,0.00000000,0.00128218,0.00000000,0.00000000,0.00000000,0.00000000,0.00000000,0.00000000,0.00000000,0.00389551,0.00000000,0.00000000,0.00000000,0.00000000,0.00000000,0.00000000,0.00000000,0.00368889,0.00000000,0.01026853,0.00000000,0.00000000,0.00000000,0.00000000,0.00000000,0.08715193,0.00000000,0.00000000,0.00000000,0.00000000,0.00000000,0.00000000,0.00000000,0.00298643,0.00000000,0.00000000,0.00000000,0.00000000,0.00445366,0.00310865,0.00000000,0.00000000,0.00000000,0.00000000,0.00000000,0.00000000,0.00000000,0.00000000,0.00000000,0.00000000,0.00000000,0.00000000,0.00000000,0.00000000,0.00000000,0.00000000,0.00000000,0.00000000,0.04254539,0.00000000,0.00000000,0.00000000,0.00701085,0.01370154,0.00000000,0.00183573,0.00000000,0.00000000,0.00000000,0.00000000,0.00000000,0.00529387,0.00000000,0.00000000,0.00000000,0.00000000,0.07854823,0.00000000,0.00000000,0.00000000,0.00000000,0.00694650,0.00000000,0.00000000,0.05724930,0.53370037,0.00000000,0.00000000,0.00000000,0.00000000,0.00000000,0.00000000,0.00000000,0.00000000,0.00000000,0.00000000,0.00000000,0.00000000,0.00000000,0.00000000,0.00000000,0.00000000,0.00000000,0.00000000,0.05537538,0.00000000,0.00000000,0.00000000,0.00000000,0.00000000,0.00000000,0.00000000,0.01078425,0.00000000,0.00000000,0.00000000,0.01522723,0.00000000,0.00000000,0.00000000,0.00000000,0.00000000,0.00000000,0.05549221,0.00000000,0.00000000,0.00000000,2.28343089,0.00000000,0.00000000,0.00000000,0.00000000,0.00000000,0.00000000,0.00000000,0.17693123,0.00000000,0.00000000,0.00102493,0.00000000,0.00000000,0.00000000,0.00000000,0.06683298,0.00000000,0.00000000,0.00000000,0.00000000,0.00000000,0.00000000,0.00000000,0.00000000,0.00000000,0.00000000,0.00000000,0.00000000,0.00000000,0.00000000,0.04958662,0.00000000,0.00000000,0.00000000,0.00207972,0.00000000,0.00000000,0.00000000,0.00000000,0.00000000,0.00000000
0.00000000,0.00000000,0.00000000,0.00000000,0.00854288,0.00000000,0.00000000,0.00000000,0.00000000,0.00000000,0.06852026,0.00000000,0.00000000,0.00000000,0.00000000,0.00000000,0.00000000,0.00000000,0.00000000,0.00000000,0.00000000,0.00000000,0.26168561,0.00000000,0.00000000,0.00000000,0.00292079,0.00000000,0.00000000,0.00000000,0.00000000,0.00000000,0.00000000,0.00000000,0.00000000,0.00000000,0.00230280,0.00000000,0.00000000,0.00000000,0.00000000,0.00000000,0.00000000,0.00000000,0.00000000,0.00000000,0.00000000,0.00000000,0.00000000,0.00000000,0.00000000,0.12761224,0.00000000,0.00000000,0.00000000,0.00605527,0.00289466,0.00000000,0.00000000,0.00000000,0.00000000,0.04906856,0.00000000,0.00000000,0.00000000,0.00000000,0.00000000,0.00000000,0.00439259,0.00000000,0.00000000,0.00000000,0.29127342,0.08055250,0.00000000,0.00000000,0.04442584,0.00000000,0.00000000,0.00000000,0.00000000,0.00000000,0.00000000,0.00000000,0.00000000,0.00000000,0.00321183,0.00000000,0.00000000,0.00000000,0.00000000,0.00000000,0.00000000,0.00000000,0.00000000,0.00000000,0.00000000,0.00000000,1.96678121,0.00000000,0.00000000,0.00227224,0.00000000,0.00000000,0.00000000,0.00000000,0.00000000,0.00000000,0.00547049,0.00000000,0.00000000,0.00000000,0.00000000,0.00000000,0.00000000,0.00465629,0.00000000,0.00602035,0.00226477,0.00000000,0.00000000,0.00000000,0.00000000,0.00000000,0.00000000,0.00000000,0.01527633,0.18695522,0.00000000,0.00000000,0.00000000,0.00000000,0.00000000,0.00000000,0.00000000,0.00000000,0.00000000,0.00000000,0.00000000,0.00000000,0.00000000,0.00000000,0.00000000,0.00000000,0.00000000,0.00000000,0.00000000,0.00000000,0.00000000,0.40944856,0.00524039,0.00000000,0.00000000,0.00000000,0.00000000,0.00000000,0.00486656,0.00000000,0.00000000,0.00000000,0.00000000,0.00000000,0.00000000,0.00000000,0.00000000,0.00000000,0.00000000,0.00000000,0.00000000,0.00000000,0.00000000,0.00000000,0.00000000,0.00000000,0.00000000,0.00000000,0.00000000,0.03116763,0.00000000,0.00000000,0.00000000,0.00000000,0.00000000,0.00000000,0.00000000,0.00000000,0.00000000,0.00000000,0.00000000,0.00000000,0.00000000,0.00000000,0.00878298,0.00000000,0.00000000,0.00000000,0.00000000,0.00000000,0.00000000,0.00000000,0.00000000,0.00000000,0.00000000,0.00206115,0.00000000,0.00000000,0.00000000,0.00000000,0.00000000,0.00000000,0.00000000,0.00000000,0.00000000,0.00000000,0.00000000,0.00000000,0.00000000,0.09662050,0.00000000,0.00000000,0.00000000,0.00000000,0.00000000,0.00000000,0.00000000,0.00000000,0.02084869,0.00000000,0.00000000,0.00000000,0.00000000,0.00000000,0.00000000,0.00000000,0.00000000,0.00000000,0.00000000,0.00000000,0.00000000,0.00000000,0.00000000,0.00000000,0.00000000,0.00000000,0.00000000,0.00000000,0.00083340,0.00000000,0.00000000,0.00000000,0.00000000,0.01528716,0.05101201,0.00000000,0.06989905,0.00000000,0.02912505,0.00000000,0.00000000,0.00000000,0.00619589,0.00000000,0.00000000,0.00000000,0.00000000,0.00000000,0.00000000,0.01064149,0.00000000,0.00000000,0.00000000,0.04251976,0.00000000,0.00000000,0.00000000,0.00000000,0.00000000,0.01568934,0.00690765,0.00000000,0.00000000,0.00000000,0.35534485,0.00000000,0.00000000,0.00000000,0.00000000,0.00000000,0.00812408,0.00000000,0.00000000,0.00000000,0.00000000,0.00000000,0.00000000,0.00126401,0.00000000,0.00000000,0.00000000,0.00000000,0.00000000,0.00000000,0.00000000,0.00000000,0.00195213,0.00100818,0.00708766,0.00615963,0.00395407,0.00000000,0.00000000,0.00224329,0.00000000,0.00000000,0.00000000,0.00000000,0.00000000,0.00000000,0.00000000,0.00000000,0.00000000,0.00000000,0.00000000,0.00000000,0.00000000,0.00000000,0.00000000,0.00000000,0.00088267,0.00000000,0.00000000,0.00000000,0.00000000,0.00000000,0.00000000,0.00000000,0.00000000,0.00000000,0.00000000,1.12605633,0.00000000,0.00000000,0.03620977,0.00000000,0.00000000,0.00000000,0.00000000,0.00000000,0.00000000,0.00000000,0.00000000,0.00000000,0.00096956,0.00000000,0.02790702,0.00000000,0.00000000,0.00000000,0.00000000,0.00000000,0.14131292,0.00000000,0.00000000,0.00000000,0.00000000,0.00000000,0.00000000,0.01413798,0.00000000,0.00000000,0.00000000,0.06125606,0.00000000,0.00000000,0.00000000,0.03721334,0.00000000,0.00000000,0.00112704,0.00000000,0.00000000,0.00000000,0.00000000,0.00000000,0.00000000,0.00000000,1.36533867,0.00000000,0.00000000,0.00000000,0.00000000,0.00000000,0.00486861,0.01025168,0.00000000,0.00000000,0.00000000,0.00000000,0.00000000,0.00000000,0.00000000,0.00000000,0.00000000,0.10310363,0.00380409,0.00000000,0.00000000,0.00000000,0.00000000,0.00000000,0.00080119,0.00000000,0.01167755,0.00000000,0.00000000,0.00000000,0.00000000,0.02875680,0.09060939,0.00000000,0.00000000,0.00000000,0.00000000,0.00000000,0.00000000,0.00000000,0.00000000,0.00000000,0.00000000,0.00000000,0.00000000,0.00000000,0.00436196,0.00000000,0.00000000,0.00000000,0.00000000,0.00000000,0.00000000,0.00000000,0.00000000,0.02177481,0.00000000,0.00000000,0.00000000,0.00000000,0.00139067,0.00000000,0.00000000,0.00000000,0.00000000,0.00334179,0.00000000,0.00000000,0.00000000,0.00000000,0.00000000,0.00000000,0.00000000,0.00000000,0.00000000,0.00000000,0.00229219,0.00000000,0.00000000,0.00000000,0.00000000,0.00000000,0.00000000,0.00000000,0.00000000,0.00000000,0.00000000,0.00000000,0.00000000,0.00000000,0.00000000,0.00000000,0.00000000,0.00000000,0.00000000,0.00000000,0.00000000,0.00000000,0.00000000,0.00000000,0.00000000,0.00000000,0.00164841,0.00000000,0.00000000,0.00000000,0.00000000,0.00000000,0.00000000,0.00000000,0.00000000,0.00000000,0.00594363,0.00000000,0.00000000,0.00000000,0.00000000,0.00000000,0.01358196,0.00000000,0.00000000,0.00000000,0.00000000,0.00939908,0.00000000,0.00000000,0.00000000,0.00114175,0.00000000,0.00000000,0.00000000,0.04347178,0.00000000,0.00000000,0.00000000,0.00000000,0.00768808,0.00000000,0.00000000,0.00950357,0.00000000,0.00000000,0.00000000,0.00000000,0.00000000,0.00000000,0.00000000,0.00000000,0.00000000,0.00000000,0.00527222,0.00170314,0.00000000,0.00000000,0.00000000,0.00000000,0.00000000,0.00410212,0.00000000,0.18509596,0.00000000,0.00000000,0.00000000,0.00000000,0.00000000,0.00000000,0.00197484,0.00000000,0.00000000,0.00198251,0.00000000,0.00000000,0.00000000,0.00000000,0.00000000,0.00000000,0.00000000,0.00000000,0.00000000,0.00000000,0.00000000,0.00000000,0.00000000,0.00000000,0.00000000,0.00000000,0.00000000,0.00000000,0.00000000,0.00000000,0.00857821,0.00000000,0.00000000,0.00000000,0.00000000,0.00000000,0.00000000,0.00000000,0.00264289,0.00000000,0.00313483,0.00000000,0.08911571,0.00000000,0.00000000,0.00000000,0.00000000,0.00286315,0.00000000,0.00000000,0.00000000,0.00000000,0.00000000,0.00000000,0.00000000,0.00000000,0.00000000,0.00116087,0.00000000,0.00000000,0.00000000,0.00000000,0.00000000,0.00000000,0.00000000,0.00000000,0.00000000,0.00000000,0.00000000,0.00000000,0.00065495,0.00000000,0.00000000,0.00000000,0.00000000,0.00000000,0.01211099,0.00000000,0.00000000,0.00000000,0.06819457,0.00000000,0.00000000,0.00000000,0.00000000,0.00000000,0.02194673,0.00000000,0.00000000,0.00000000,0.00423089,0.00000000,0.00000000,0.00000000,0.00000000,0.00000000,0.00000000,0.00000000,0.00000000,0.00000000,0.00000000,0.00000000,0.00000000,0.00539026,0.00000000,0.00000000,0.00000000,0.00000000,0.00000000,0.00000000,0.00000000,0.00000000,0.00000000,0.00000000,0.00000000,0.00000000,0.00000000,0.00695839,0.00000000,0.00000000,0.00311745,0.00000000,0.00000000,0.00000000,0.00000000,0.00000000,0.00000000,0.00000000,0.00000000,0.00000000,0.00000000,0.00000000,0.00000000,0.00000000,0.00000000,0.00000000,0.00000000,0.00000000,0.00000000,0.00000000,0.00000000,0.00000000,0.00000000,0.00000000,0.00000000,0.00000000,0.00000000,0.01351121,0.00000000,0.00000000,0.00000000,0.00000000,0.00273146,0.00000000,0.00000000,0.00000000,0.00000000,0.00000000,0.00000000,0.00000000,0.00000000,0.03112539,0.00000000,0.00000000,0.00000000,0.00000000,0.00000000,0.00000000,0.02101691,0.00000000,0.00000000,0.00000000,0.00000000,0.00000000,0.48398586,0.00000000,0.00000000,0.00000000,0.00000000,0.00000000,0.00000000,0.00000000,0.00000000,0.00208186,0.00000000,0.00000000,0.00000000,0.00000000,0.00000000,0.00000000,0.00000000,0.00000000,0.00000000,0.00000000,0.00000000,0.09684575,0.00000000,0.00000000,0.00000000,0.00000000,0.00000000,0.00000000,0.00000000,0.00000000,0.03429259,0.00000000,0.00000000,0.00000000,0.00000000,0.00000000,0.00000000,0.00000000,0.30621914,0.00000000,0.00000000,0.00000000,0.00000000,0.00000000,0.00000000,0.00000000,0.00000000,0.00000000,0.00000000,0.00000000,0.00000000,0.00000000,0.00000000,0.00000000,0.00000000,0.00000000,0.00000000,0.00000000,0.00000000,0.00000000,0.00000000,0.00000000,0.00000000,0.00000000,0.00250259,0.00000000,0.00275699,0.00000000,0.00000000,0.00000000,0.00000000,0.00000000,0.00000000,0.01818584,0.00000000,0.16834392,0.00000000,0.00000000,0.00000000,0.00000000
0.00000000,0.00000000,0.00000000,0.00000000,0.00000000,0.00000000,0.00400085,0.00000000,0.00000000,0.00000000,0.12973163,0.00116308,0.00000000,0.00000000,0.00000000,0.00000000,0.00000000,0.00000000,0.00000000,0.00000000,0.00000000,0.00000000,0.00000000,0.02832220,0.00000000,0.00000000,0.00000000,0.00000000,0.00000000,0.00000000,0.00000000,0.00000000,0.02305302,0.00000000,0.00000000,0.00000000,0.00000000,0.00070220,0.00000000,0.00000000,0.00555125,0.00000000,0.00000000,0.00000000,0.00000000,0.00000000,0.00000000,0.00000000,0.00000000,0.00000000,0.00000000,0.00000000,0.00000000,0.00258192,0.00000000,0.00500736,0.00000000,0.00000000,0.00000000,0.00000000,0.00000000,0.00000000,0.00000000,0.00000000,0.00000000,0.00000000,0.00000000,0.00000000,0.00000000,0.00000000,0.00000000,0.00000000,0.00536236,0.00000000,0.00000000,0.00000000,0.00000000,0.00000000,0.00000000,0.00000000,0.00000000,0.00000000,0.00000000,0.00000000,0.00000000,0.00000000,0.00000000,0.00000000,0.00000000,0.00000000,0.00000000,0.00000000,0.04493851,0.00000000,0.00000000,0.00000000,0.00000000,0.00000000,0.00742453,0.00000000,0.00000000,0.00000000,0.00000000,0.01563523,0.00000000,0.00000000,0.01359239,0.00000000,0.00642127,0.00000000,0.00198857,0.00000000,0.00000000,0.00000000,1.58840994,0.00000000,0.00000000,0.00000000,0.00000000,0.00000000,0.00000000,0.00000000,0.00000000,0.00000000,0.00000000,0.00000000,0.00000000,0.00000000,0.00000000,0.00000000,0.00000000,0.00000000,0.00976558,0.00000000,0.00000000,0.00000000,0.00000000,0.00000000,0.00000000,0.00000000,0.02145124,0.00000000,0.00000000,0.00000000,0.00000000,0.00000000,0.03144884,0.00000000,0.00000000,0.00000000,0.41249929,0.00000000,0.00000000,0.00000000,0.00000000,0.00000000,0.00000000,0.72327675,0.00000000,0.00091469,0.00000000,0.00000000,0.00000000,0.00000000,0.00000000,0.00000000,0.00791236,0.00000000,0.00000000,0.00000000,0.00000000,0.00000000,0.00000000,0.01218186,0.00000000,0.00000000,0.01048062,0.00000000,0.00000000,0.01262082,0.00270565,0.00000000,0.00000000,0.00000000,0.00000000,0.00000000,0.03323667,0.00000000,0.00000000,0.00000000,0.00000000,0.00000000,0.00000000,0.00000000,4.46318909,0.00000000,0.00000000,0.00000000,0.00000000,0.00000000,0.00000000,0.00000000,0.00000000,0.00000000,0.00000000,0.06320889,0.06452693,0.00000000,0.01970725,0.00000000,0.00000000,0.00000000,0.00000000,0.00000000,0.00000000,0.00000000,0.00000000,0.00000000,0.00000000,1.39784086,0.00000000,0.00000000,0.00000000,0.00000000,0.00000000,0.00000000,0.00000000,0.00000000,0.00000000,0.01032559,0.00000000,0.00000000,0.00111832,0.00000000,0.00000000,0.01148371,0.00000000,0.00000000,0.00000000,0.00000000,0.00000000,0.00000000,0.00000000,0.00000000,0.00000000,0.00000000,0.00000000,0.00117360,0.00000000,0.00108695,0.00000000,0.00000000,0.00000000,0.00000000,0.00000000,0.00000000,0.00000000,0.00000000,0.00000000,0.00000000,0.00000000,0.00000000,0.00000000,0.00000000,0.00096583,0.00000000,0.00000000,0.00353831,0.00000000,0.00194906,0.00000000,0.00000000,0.00157595,0.00000000,0.00000000,0.00000000,0.00000000,0.00000000,0.00000000,0.00000000,0.00000000,0.00000000,0.00000000,0.00000000,0.00000000,0.00000000,0.00000000,0.00000000,0.00000000,0.00000000,0.00000000,0.00000000,0.00000000,0.00000000,0.06029315,0.00000000,0.00000000,0.00000000,0.00000000,0.00000000,0.00000000,0.00000000,0.02318149,0.00000000,0.00000000,0.00000000,0.00000000,0.00000000,0.03743757,0.31693553,0.00000000,0.00000000,0.00000000,0.00000000,0.00000000,0.00000000,0.00000000,0.00000000,0.00000000,0.00000000,0.00000000,0.00000000,0.00000000,0.00000000,0.00000000,0.00000000,0.00419857,0.00000000,0.00000000,0.00000000,0.00000000,0.00000000,0.00000000,0.00000000,0.00000000,0.00960730,0.00000000,0.00000000,0.00000000,0.00000000,0.00000000,0.00000000,0.00000000,0.00000000,0.02106462,0.00000000,0.00000000,0.00000000,0.00000000,0.00000000,0.00000000,0.00000000,0.00000000,0.00000000,0.00000000,0.11478348,0.00000000,0.00000000,0.25174350,0.00000000,0.00000000,0.00000000,0.00000000,0.00000000,0.00000000,0.00000000,0.00000000,0.00000000,0.00000000,0.00000000,0.00000000,0.00000000,0.01575282,0.00000000,0.00000000,0.00000000,0.00000000,0.00000000,0.00000000,0.39513970,0.00000000,0.00000000,0.00423841,0.00000000,0.00000000,0.00000000,0.00000000,0.00000000,0.00000000,0.00000000,0.04570194,0.00000000,0.00000000,0.00000000,0.00000000,0.00000000,0.00000000,0.00000000,0.00000000,0.00000000,0.00000000,0.00124392,0.00000000,0.00000000,0.00000000,0.00000000,0.00000000,0.00000000,0.00123246,0.00000000,0.00000000,0.00000000,0.00000000,0.00000000,0.00000000,0.00000000,0.00000000,0.00506371,0.00000000,0.00000000,0.00000000,0.00000000,0.00000000,0.00000000,0.00000000,0.00000000,0.00000000,0.00000000,0.00000000,0.00000000,0.00000000,0.00000000,0.00000000,0.00000000,0.00459586,0.00000000,0.00000000,0.00733343,0.00000000,0.00000000,0.00488319,0.00000000,0.00234929,0.00000000,0.00000000,0.00000000,0.00000000,0.00000000,0.01199885,0.00000000,0.00000000,0.00000000,0.00000000,0.00808171,0.00000000,0.00000000,0.00000000,0.00000000,0.00000000,0.00242818,0.00000000,0.01554215,0.00000000,0.00000000,0.00000000,0.00000000,0.00000000,0.00000000,0.10070039,0.00000000,0.00000000,0.00000000,0.00000000,0.00000000,0.00000000,0.00000000,0.00000000,0.00000000,0.00000000,0.00000000,0.00000000,0.00000000,0.00000000,0.00750818,0.00000000,0.00000000,0.00000000,0.00484225,0.00000000,0.00000000,0.00000000,0.00348485,0.00000000,0.00000000,0.04046198,0.00000000,0.00000000,0.00000000,0.00000000,0.24163545,0.00000000,0.00000000,0.00000000,0.00772110,0.00000000,0.00000000,0.00000000,0.00000000,0.00375098,0.00638956,0.00000000,0.00000000,0.16502378,0.00000000,0.00000000,0.00000000,0.00000000,0.00645298,0.00000000,0.00000000,0.00000000,0.00000000,0.00000000,0.00000000,0.00250546,0.00000000,0.00000000,0.02898396,0.00000000,0.00000000,0.00000000,0.00000000,0.00000000,0.00000000,0.00000000,0.00000000,0.00418018,0.00000000,0.00000000,0.00000000,0.00000000,0.14869218,0.00000000,0.00000000,0.00000000,0.00000000,0.00000000,0.00000000,0.00000000,0.00000000,0.00307616,0.00000000,0.00000000,0.00000000,0.00000000,0.00000000,0.00000000,0.00000000,0.00000000,0.00000000,0.00000000,0.00000000,0.00000000,0.00000000,0.00000000,0.00000000,0.00000000,0.00000000,0.00000000,0.00000000,0.00000000,0.00000000,0.00000000,0.00000000,0.00000000,0.00000000,0.00259462,0.00000000,0.00000000,0.00000000,0.00000000,0.00000000,0.00000000,0.00000000,0.00000000,0.00000000,0.00634728,0.00554592,0.00000000,0.00000000,0.00135185,0.00000000,0.00000000,0.00000000,0.00000000,0.00451662,0.00349525,0.00000000,0.00000000,0.00000000,0.00000000,0.00000000,0.00000000,0.00000000,0.05805755,0.00000000,0.00000000,0.00000000,0.00000000,0.13423115,0.00000000,0.00000000,0.00000000,0.00643630,0.00000000,0.00000000,0.00000000,0.00000000,0.00000000,0.05289354,0.00000000,0.00000000,0.00000000,0.00000000,0.00000000,0.00000000,0.00000000,0.00000000,0.00000000,0.00000000,0.00000000,0.00000000,0.00000000,0.00000000,0.00000000,0.00416795,0.00000000,0.00000000,0.00000000,0.00000000,0.04900138,0.00000000,0.00000000,0.00000000,0.00000000,0.00468095,0.00000000,0.00000000,0.00000000,0.00000000,0.00000000,0.00000000,0.00000000,0.00000000,0.00000000,0.00000000,0.00000000,0.00000000,0.00000000,0.00000000,0.00000000,0.00000000,0.00000000,0.00000000,0.00000000,0.00000000,0.00000000,0.00000000,0.00000000,0.00000000,0.00000000,0.00000000,0.00000000,0.00740872,0.00000000,0.00000000,0.00000000,0.00000000,0.00000000,0.00000000,0.00000000,0.00000000,0.00000000,0.00271633,0.00000000,0.02210862,0.01448920,0.00000000,0.01714149,0.00000000,0.00000000,0.00000000,0.00000000,0.00000000,0.00000000,0.00446351,0.00000000,0.02467906,0.00000000,0.00000000,0.00000000,0.00000000,0.00000000,0.00000000,0.00000000,0.00000000,0.00000000,0.00000000,0.00000000,0.00000000,0.00000000,0.00086460,0.00000000,0.00000000,0.00000000,0.00000000,0.00000000,0.00000000,0.00000000,0.60217845,0.02109878,0.00000000,0.00000000,0.00000000,0.00000000,0.00000000,0.00000000,0.00000000,0.03221204,0.00000000,0.00000000,0.00000000,0.00000000,0.00000000,0.00000000,0.00000000,0.00000000,0.00000000,0.00000000,0.00000000,0.00000000,0.00000000,0.00000000,0.00000000,0.00000000,0.00000000,0.00000000,0.00000000,0.00000000,0.00000000,0.00000000,0.00000000,0.00000000,0.00000000,0.00000000,0.00000000,0.00000000,0.00000000,0.00000000,0.00000000,0.00000000,0.00000000,0.00000000,0.03702986,0.01627035,0.00000000,0.00000000,0.00000000,0.00000000,0.01247343,0.00000000,0.00000000,0.00000000,0.00000000,0.00000000,0.00000000,0.00000000,0.00000000,0.00000000,0.00000000,0.00000000,0.00000000,0.00000000,0.00897829,0.00000000,0.00528518,0.00508869,0.00000000,0.00000000,0.00000000,0.00000000,0.00000000,0.00000000,0.00000000,0.00000000,0.00000000,0.01636985,0.00000000,0.00000000,0.00000000
0.00000000,0.00000000,0.00000000,0.00000000,0.00000000,0.00000000,0.00000000,0.00000000,0.00000000,0.02404754,0.00000000,0.00000000,0.00000000,0.00000000,0.00000000,0.00000000,0.00000000,0.00000000,0.00000000,0.00000000,0.00000000,0.00000000,0.00000000,0.00260507,0.00000000,0.00000000,0.00000000,0.00000000,0.00000000,0.00000000,0.00000000,0.00000000,0.00000000,0.00000000,0.00000000,0.00000000,0.00000000,0.00000000,0.00000000,0.00000000,0.00000000,0.01457542,0.00000000,0.00000000,0.00000000,0.00000000,0.00000000,0.00386091,0.00000000,0.00000000,0.00000000,0.00000000,0.00000000,0.00000000,0.00000000,0.00000000,0.00000000,0.04073420,0.00000000,0.00000000,0.00000000,0.00000000,0.00000000,0.00000000,0.00516238,0.01292398,0.00145554,0.00000000,0.00000000,0.00274433,0.00000000,0.00000000,0.00000000,0.00000000,0.00000000,0.00000000,0.00000000,0.00000000,0.00000000,0.00000000,0.00000000,0.00000000,0.00000000,0.00000000,0.00000000,0.00000000,0.00000000,0.00000000,0.00000000,0.00000000,0.00000000,0.00000000,0.00000000,0.00000000,0.00000000,0.00000000,0.00000000,0.00000000,0.00000000,0.00000000,0.01907871,0.01784060,0.00000000,0.00000000,0.00000000,0.00000000,0.00000000,0.00000000,0.00000000,0.00000000,0.00000000,0.03836941,0.00000000,0.00000000,0.00000000,0.00000000,0.00000000,0.00000000,2.00334610,0.00000000,0.00000000,0.00000000,0.00062788,0.04472653,0.04450631,0.00268202,0.43464452,2.74802069,0.00000000,0.00000000,0.00000000,0.00000000,0.00000000,0.00000000,0.00000000,0.00000000,0.00000000,0.00000000,0.00000000,0.00000000,0.00000000,0.00000000,0.00000000,0.00000000,0.00000000,0.00000000,0.00000000,0.00000000,0.00000000,0.00000000,0.00000000,0.00000000,0.00000000,0.00000000,0.00000000,0.03318296,0.00000000,0.00000000,0.00000000,0.00000000,0.00000000,0.00000000,0.02252532,0.00000000,0.00000000,0.00000000,0.00000000,0.00000000,0.00000000,0.00000000,0.00333761,0.00000000,0.04003762,0.00000000,0.00000000,0.00201205,0.00000000,0.00000000,0.00000000,0.00000000,0.00000000,0.00390412,0.00000000,0.00132961,0.02363320,0.04106340,0.00000000,0.00000000,0.00000000,0.00000000,0.00000000,0.00000000,0.00075996,0.00000000,0.00720534,0.00000000,0.01989673,0.00000000,0.00000000,0.00000000,0.00000000,0.00000000,0.00000000,0.00000000,0.00000000,0.00000000,0.00000000,0.00000000,0.00000000,0.00000000,0.00000000,0.00000000,0.00000000,0.00000000,0.00000000,0.00000000,0.00000000,0.00000000,0.00000000,0.00667754,0.02225797,0.00000000,0.01390450,0.00000000,0.00000000,0.00864342,0.00000000,0.00339910,0.00000000,0.00000000,0.00000000,0.00000000,0.00000000,0.04444783,0.00000000,0.03773718,0.00000000,0.00000000,0.00000000,0.00000000,0.00000000,0.00000000,0.00000000,0.00000000,0.00000000,0.00000000,0.00000000,0.09977565,0.00000000,0.00000000,0.01016949,0.00000000,0.00000000,0.00000000,0.00000000,0.00218092,0.00000000,0.00000000,0.00000000,0.00000000,0.00000000,0.00000000,0.00000000,0.00000000,0.00000000,0.00000000,0.00000000,0.00000000,0.00000000,0.00000000,0.00000000,0.00000000,0.00000000,0.00205798,0.00000000,0.00000000,0.00204275,0.00120034,0.00000000,0.00000000,0.01616412,0.00000000,0.00000000,0.00000000,0.00949910,0.00000000,0.00000000,0.00000000,0.00000000,0.00000000,0.00000000,0.00000000,0.00000000,0.00000000,0.00361635,0.00000000,0.00000000,0.00000000,0.00719935,0.00000000,0.00000000,0.00000000,0.00000000,0.00000000,0.00000000,0.00000000,0.00000000,0.00402104,0.00000000,0.00567995,0.00000000,0.00000000,0.00000000,0.01055696,0.00000000,0.00000000,0.00049804,0.00000000,0.00000000,0.00000000,0.00000000,0.04387420,0.01608514,0.00000000,0.00000000,0.00000000,0.00293950,0.00000000,0.00000000,0.00000000,0.00000000,0.00000000,0.00000000,0.00000000,0.00000000,0.00000000,0.00000000,0.00205685,0.00000000,0.00000000,0.00000000,0.00000000,0.00000000,0.00000000,0.00000000,0.00000000,0.00000000,0.00000000,0.00000000,0.00000000,0.00000000,0.00000000,0.00000000,0.24731484,0.00000000,0.00000000,0.00000000,0.00000000,0.00000000,0.01002146,0.00000000,0.00000000,0.00000000,0.00513847,0.00000000,0.00000000,0.00000000,0.00000000,0.00000000,0.00000000,0.00000000,0.00000000,0.00000000,0.00000000,0.00000000,0.00000000,0.00000000,0.00000000,0.00000000,0.00000000,0.00000000,0.00000000,0.00096117,0.00987280,0.19160966,0.00000000,0.00000000,0.00000000,0.00000000,0.00000000,0.00000000,0.00000000,0.02112338,0.00000000,0.00000000,0.00000000,0.00277256,0.00000000,0.00000000,0.00000000,0.00000000,0.00000000,0.00000000,0.00000000,0.00000000,0.00000000,0.00000000,0.00000000,0.00000000,0.00000000,0.00644655,0.00000000,0.00000000,0.00982342,0.00000000,0.00000000,0.00000000,0.00000000,0.00000000,0.00000000,0.00000000,0.00000000,0.00000000,0.00000000,0.00000000,0.00000000,0.00000000,0.00931647,0.00150767,0.00000000,0.00000000,0.00000000,0.00000000,0.00000000,0.00000000,0.00000000,0.00000000,0.00000000,0.00000000,0.00840068,0.00000000,0.00000000,0.14363540,0.00000000,0.00000000,0.00000000,0.00000000,0.00000000,0.00000000,0.00000000,0.00000000,0.00000000,0.00000000,0.00000000,0.00000000,0.00000000,0.00000000,0.00000000,0.00000000,0.00359723,0.00000000,0.00000000,0.00000000,0.00000000,0.00000000,0.00000000,0.00000000,0.00000000,0.00000000,0.00000000,0.00000000,0.00000000,0.00000000,0.00000000,0.00000000,0.00000000,0.00000000,0.00907910,0.00000000,0.00000000,0.00000000,0.00743108,0.00000000,0.06628808,0.00000000,0.00000000,0.02827867,0.12689907,0.00000000,0.00000000,0.00000000,0.00000000,0.00000000,0.00000000,0.00000000,0.00000000,0.00000000,0.00000000,0.07848651,0.00000000,0.00000000,0.00000000,0.00000000,0.00000000,0.00000000,0.00000000,0.00000000,0.00000000,0.00000000,0.00000000,0.00000000,0.00000000,0.00000000,0.00430818,0.00000000,0.00000000,0.00000000,0.00000000,0.00000000,0.00000000,0.00000000,0.00000000,0.00000000,0.00000000,0.00335004,0.00000000,0.00000000,0.00000000,0.00000000,0.00000000,0.00000000,0.00000000,0.00000000,0.00000000,0.00000000,0.00000000,0.00000000,0.00000000,0.00000000,0.00000000,0.00000000,0.00000000,0.02172505,0.00542721,0.00000000,0.00000000,0.00101526,0.00576898,0.00197734,0.00000000,0.00000000,0.00000000,0.00000000,0.00000000,0.00000000,0.00000000,0.00000000,0.00000000,0.00000000,0.00000000,0.00199184,0.00000000,0.00000000,0.01182893,0.00000000,0.00000000,0.00000000,0.00000000,0.00547812,0.00000000,0.00000000,0.52248232,0.00537821,0.00000000,0.00065535,0.00000000,0.00000000,0.00000000,0.04316365,0.00000000,0.00000000,0.26015819,0.00000000,0.00000000,0.00000000,0.00000000,0.00000000,0.00000000,0.00000000,0.00000000,0.00000000,0.00000000,0.00000000,0.00000000,0.00000000,0.01011748,0.00000000,0.00000000,0.00000000,0.00000000,0.00000000,0.00000000,0.00000000,0.00000000,0.00000000,0.00000000,0.00000000,0.00000000,0.00000000,0.00000000,0.00000000,0.00000000,0.00000000,0.01239085,0.00000000,0.00000000,0.00443940,0.00000000,0.00000000,0.00000000,0.00000000,0.00000000,0.00000000,0.00000000,0.00000000,0.00000000,0.00000000,0.00000000,0.00000000,0.00000000,0.00000000,0.00000000,0.00000000,0.00000000,0.00000000,0.00000000,0.00000000,0.00000000,0.02666200,0.00547524,0.02434081,0.00000000,0.00000000,0.00000000,0.00000000,0.00000000,0.00000000,0.00000000,0.00000000,0.00000000,0.00000000,0.00000000,0.05357899,0.00000000,0.00000000,0.00244473,0.00000000,0.00000000,0.00000000,0.00000000,0.00000000,0.00000000,0.00000000,0.00000000,0.00000000,0.00000000,0.65961276,0.00000000,0.00000000,0.01388574,0.00000000,0.00000000,0.00728982,0.00000000,0.00441620,0.00000000,0.00000000,0.00000000,0.00000000,0.00000000,0.00000000,0.00000000,0.00504737,0.00000000,0.00000000,0.00000000,0.00000000,0.00000000,0.00000000,0.00000000,0.00701085,0.01351121,0.00000000,0.00000000,0.00000000,0.00000000,0.00000000,0.00000000,0.00000000,0.00000000,0.00000000,0.00000000,0.00000000,0.00000000,0.00000000,0.00000000,0.00000000,0.00000000,0.00000000,0.00000000,0.00000000,0.00000000,0.00000000,0.00000000,0.00000000,0.00000000,0.00512585,0.00000000,0.00000000,0.00000000,0.00000000,0.00000000,0.00000000,0.00000000,0.00000000,0.00000000,0.00000000,0.00000000,0.00000000,0.00520649,0.00000000,0.00000000,1.30744627,0.00000000,0.00000000,0.00000000,0.00000000,0.00000000,0.00000000,0.00000000,0.00000000,0.00000000,0.00507193,0.00000000,0.00000000,0.00000000,0.00000000,0.00000000,0.00662557,0.00000000,0.00000000,0.00000000,0.00000000,0.00000000,0.00000000,0.00000000,0.00000000,0.00000000,0.00000000,0.00000000,0.00000000,0.02448470,0.00000000,0.00000000,0.00000000,0.00000000,0.00000000,0.00000000,0.00000000,0.00000000,0.00000000,0.00000000,0.00000000,0.00000000,0.00000000,0.00000000,0.00000000,0.00000000,0.00000000,0.00000000,0.00000000,0.00000000,0.00000000,0.00000000,0.00000000,0.00359328,0.00000000,0.00000000,0.00000000,0.00000000,0.00000000,0.00000000,0.00000000,0.00000000,0.00000000,0.00000000,0.00000000,0.00000000,0.00000000,0.00000000
0.00000000,0.00000000,0.06183579,0.00000000,0.00000000,0.00000000,0.02886453,0.01915822,0.00000000,0.00000000,0.00000000,0.00000000,0.00000000,0.00000000,0.00000000,0.00000000,0.00000000,0.00000000,0.01523595,0.00000000,0.00217910,0.00000000,0.00000000,0.01410210,0.00000000,0.02267459,0.00000000,0.00000000,0.00000000,0.00000000,0.00000000,0.00000000,0.00000000,0.00000000,0.00000000,0.00000000,0.00000000,0.00000000,0.00000000,0.00314207,0.00000000,0.00000000,0.00000000,0.00000000,0.00000000,0.00000000,0.00000000,0.00000000,0.00000000,0.00000000,0.00000000,0.00000000,0.00000000,0.00000000,0.00000000,0.00000000,0.00000000,0.00000000,0.00000000,0.01509404,0.00443939,0.00000000,0.00075067,0.00000000,0.00000000,0.00000000,0.00000000,0.00000000,0.17294284,0.00000000,0.00000000,0.00000000,0.00000000,0.00000000,0.00000000,0.00183556,0.00000000,0.00000000,0.00000000,0.18223439,0.00000000,0.00000000,0.00000000,0.00000000,0.00000000,0.00000000,0.00000000,0.00000000,0.00000000,0.00864358,0.00000000,0.00000000,0.00000000,0.00000000,0.00000000,0.00000000,0.00000000,0.00000000,0.00000000,0.00000000,0.01443432,0.00000000,0.00000000,0.00000000,0.00000000,0.00000000,0.01856678,0.06551356,0.00000000,0.00124970,0.00000000,0.00217440,0.00000000,0.00000000,0.00000000,0.00000000,0.00000000,0.00000000,0.00000000,0.00000000,0.00000000,0.00000000,0.00000000,0.00000000,0.00000000,0.00000000,0.00000000,0.00000000,0.00000000,0.00000000,0.01067315,0.00000000,0.00000000,0.00000000,0.00000000,0.00000000,0.00000000,0.00000000,0.00000000,0.00000000,0.00000000,0.00000000,0.00000000,0.00000000,0.00000000,0.00000000,0.00000000,0.00000000,0.00000000,0.00000000,0.00000000,0.00000000,0.00000000,0.00000000,0.00000000,0.00000000,0.01750380,0.00000000,0.00000000,0.00000000,0.00000000,0.00000000,1.64983542,0.00080470,0.00000000,0.00000000,0.00000000,0.00245147,0.00000000,0.01325184,0.00000000,0.00000000,0.00000000,0.10854263,0.00000000,0.00000000,0.00000000,0.00117669,0.00000000,0.00000000,0.00000000,0.00000000,0.00334731,0.00000000,0.01047601,0.00000000,0.00000000,0.00000000,0.00000000,0.00000000,0.00000000,0.00000000,0.00000000,0.01720239,0.00000000,0.00000000,0.00000000,0.00000000,0.00000000,0.00000000,0.00000000,0.03636291,0.00632970,0.17840571,0.00000000,0.00000000,0.00000000,0.26606105,0.00000000,0.00000000,0.00000000,0.00000000,0.01863479,0.00000000,0.00000000,0.00000000,0.00000000,0.00000000,0.00000000,0.00000000,0.00000000,0.00000000,0.00000000,0.00000000,0.00000000,0.05478932,0.00000000,0.04395306,0.00000000,0.00000000,0.00000000,0.00000000,0.08995249,0.00000000,0.00000000,0.00000000,0.00000000,0.00000000,0.00000000,0.00000000,0.00000000,0.00000000,0.00000000,0.00000000,0.01098222,0.00000000,0.00207618,0.00000000,0.00000000,0.00000000,0.00000000,0.00000000,0.00000000,0.00000000,0.00000000,0.00000000,0.00000000,0.00000000,0.02798731,0.00000000,0.00000000,0.00000000,0.00000000,0.00632977,0.00000000,0.00975826,0.00000000,0.00000000,0.00000000,0.00000000,0.00000000,0.00105358,0.00000000,0.00000000,0.00000000,0.00000000,0.00000000,0.00000000,0.00000000,0.00000000,0.00000000,0.00000000,0.00000000,0.00000000,0.00000000,0.00000000,0.00000000,0.00000000,0.00000000,0.04136665,0.00000000,0.00000000,0.00000000,0.00000000,0.00000000,0.01143327,0.00000000,0.00000000,0.00000000,0.00000000,0.00000000,0.00000000,0.00000000,0.00000000,0.00000000,0.00000000,0.00000000,0.00000000,0.00000000,0.00000000,0.00000000,0.00000000,0.00000000,0.00000000,0.00000000,0.00000000,0.00000000,0.00000000,0.00000000,0.01057392,0.00000000,0.00000000,0.00080436,0.00000000,0.00000000,0.00000000,0.00000000,0.01507647,0.00000000,0.00000000,0.00000000,0.00000000,0.00000000,0.00000000,0.00000000,0.00000000,0.00437675,0.00000000,0.00181633,0.00000000,0.00000000,0.00000000,0.00000000,0.00000000,0.00000000,0.00415181,0.00000000,0.00000000,0.00000000,0.04412305,0.00000000,0.00000000,0.00117629,0.00000000,0.00000000,0.00000000,0.00000000,0.00000000,0.00000000,0.00000000,0.00000000,0.00000000,0.00000000,0.00000000,0.00000000,0.00000000,0.00000000,0.00000000,0.00000000,0.01947123,0.00000000,0.00000000,0.00000000,0.03611738,0.00000000,0.00000000,0.00000000,0.00000000,0.00239945,0.00000000,0.00000000,0.00000000,0.00000000,0.00000000,0.00262132,0.00879583,0.00000000,0.00000000,0.00000000,0.00000000,0.00000000,0.00000000,0.00000000,0.03286498,0.00000000,0.00000000,0.00378794,0.00000000,0.00000000,0.00000000,0.00000000,0.00000000,0.00000000,0.00000000,0.00000000,0.00000000,0.00000000,0.00000000,0.00000000,0.00000000,0.03303556,0.00000000,0.00000000,0.00000000,0.00000000,0.00000000,0.00000000,0.00000000,0.00000000,0.00000000,0.00000000,0.00000000,0.00000000,0.00000000,0.00805460,0.00000000,0.00000000,0.00000000,0.00000000,0.00000000,0.00000000,0.00000000,0.00000000,0.00000000,0.00000000,0.00000000,0.00501205,0.00000000,0.00000000,0.00612948,0.00000000,0.00000000,0.00000000,0.00000000,0.00000000,0.00000000,0.01675610,0.00000000,0.00000000,0.00000000,0.06320783,0.00000000,0.00000000,0.00000000,0.00000000,0.00278009,0.00000000,0.00000000,0.00229037,0.00000000,0.00000000,0.00000000,0.00000000,0.00000000,0.00000000,0.00000000,0.00000000,0.00000000,0.00000000,0.00000000,0.00000000,0.00394696,0.00000000,0.00000000,0.00000000,0.00112602,0.00000000,0.00000000,0.00000000,0.00000000,0.00000000,0.00000000,0.00000000,0.00000000,0.00000000,0.00000000,0.00000000,0.00000000,0.00000000,0.00000000,0.00000000,0.00261447,0.00618003,0.00000000,0.00000000,0.00000000,0.00439779,0.00000000,0.00000000,0.00000000,0.00000000,0.00000000,0.00000000,0.00000000,0.00000000,0.00000000,0.00000000,0.00000000,0.00460203,0.00000000,0.00000000,0.00371063,0.06581126,0.00000000,0.00000000,0.00000000,0.02652382,0.00000000,0.00000000,0.00000000,0.00000000,0.00000000,0.00000000,0.00000000,0.00000000,0.00000000,0.00000000,0.00000000,0.00339709,0.00000000,0.00000000,0.00000000,0.00000000,0.00000000,0.00000000,0.00000000,0.00000000,0.00000000,0.00000000,0.00000000,0.00000000,0.00000000,0.00000000,0.00000000,0.00000000,0.00667823,0.00000000,0.00000000,0.00000000,0.00000000,0.00000000,0.00000000,0.00000000,0.00000000,0.00000000,0.00000000,0.00000000,0.00000000,0.00000000,0.00000000,3.26480935,0.00000000,0.00000000,0.00000000,0.00000000,0.00000000,0.00000000,0.04324418,0.00000000,0.00694206,0.00146067,0.00000000,0.05291170,0.00000000,0.00000000,0.00000000,0.00000000,0.00000000,0.00623377,0.00000000,0.00000000,0.00000000,0.00000000,0.00000000,0.00000000,0.00000000,0.00000000,0.00000000,0.01397148,0.00000000,0.00000000,0.00000000,0.00240950,0.00000000,0.00000000,0.00000000,0.00000000,0.00000000,0.00000000,0.00000000,0.00000000,0.00000000,0.00000000,0.00000000,0.00000000,0.00000000,0.80148319,0.00000000,0.00000000,0.00000000,0.00000000,0.00000000,0.00000000,0.00104187,0.00000000,0.00000000,0.00105467,0.00473449,0.00000000,0.00000000,0.06007080,0.00000000,0.00000000,0.00000000,0.00000000,0.00000000,0.00000000,0.00000000,0.00471916,0.00000000,0.00000000,0.00000000,0.00438196,0.00000000,0.00107379,0.00000000,0.00000000,0.00000000,0.00000000,0.00000000,0.00000000,1.20298999,0.00580795,0.00310045,0.00000000,0.00000000,0.00000000,0.00000000,0.00000000,0.00000000,0.00000000,0.00000000,0.00000000,0.00000000,0.00000000,0.00000000,0.00000000,0.00000000,0.00000000,0.00000000,0.00000000,0.00000000,0.00000000,0.00000000,0.00000000,0.00000000,2.26839656,0.03892129,0.00000000,0.00000000,0.00000000,0.00000000,0.00000000,0.00000000,0.00000000,0.00000000,0.00000000,0.00000000,0.00000000,0.00000000,0.00000000,0.00000000,0.00387610,0.00000000,0.00000000,0.00000000,0.00000000,0.00000000,0.00000000,0.00000000,0.01370154,0.00000000,0.00000000,0.00000000,0.00000000,0.00000000,0.00000000,0.00000000,0.00000000,0.00000000,0.00000000,0.00000000,0.00000000,0.00000000,0.00000000,0.00000000,0.00000000,0.00000000,0.00000000,0.00000000,0.00000000,0.00000000,0.00000000,0.00000000,0.00343423,0.00000000,0.00000000,0.00000000,0.00000000,0.00000000,0.00411230,0.00000000,0.00000000,0.00000000,0.00000000,0.00000000,0.00000000,0.00000000,0.00000000,0.00000000,0.00000000,0.00000000,0.00000000,0.00000000,0.00000000,0.00000000,0.00000000,0.00360376,0.00000000,0.00000000,0.00000000,0.00000000,0.00000000,0.00000000,0.00000000,0.00000000,0.00000000,0.00000000,0.00000000,0.03317950,0.00000000,0.01255576,0.00000000,0.00000000,0.00000000,0.00000000,0.00000000,0.00000000,0.00000000,0.00000000,0.00000000,0.00000000,0.00000000,0.02498501,0.00000000,0.00000000,0.00000000,0.00000000,0.00000000,0.01816899,0.00000000,0.00000000,0.01791584,0.00000000,0.00000000,0.00000000,0.00000000,0.00000000,0.00000000,0.00287695,0.00000000,0.00000000,0.00000000,0.00000000,0.00000000,0.00000000,0.00000000,0.00000000,0.00000000,0.01222358,0.00000000,0.00000000,0.00000000,0.00000000,0.00000000,0.00000000,0.00000000,0.00000000,0.00000000,0.00000000
0.00000000,0.00717310,0.00000000,0.00000000,0.00000000,0.00000000,0.00000000,0.00000000,0.00000000,0.00000000,0.00000000,0.00000000,0.00000000,0.00000000,0.00000000,0.00000000,0.00000000,0.00000000,0.00000000,0.00000000,0.00000000,0.00000000,0.00000000,0.00000000,0.00000000,0.00000000,0.00000000,0.00275311,0.00000000,0.00401543,0.00000000,0.00000000,0.02853798,0.00000000,0.00000000,0.00000000,0.00000000,0.00000000,0.00000000,0.00000000,0.00000000,0.00000000,0.00000000,0.00000000,0.00000000,0.00000000,0.00572814,0.00000000,0.00000000,0.00000000,0.00000000,0.00000000,0.00000000,0.00000000,0.00000000,0.00000000,0.68837504,0.00000000,0.00000000,0.00000000,0.00781949,0.00000000,0.00000000,0.00000000,0.00460425,0.02425396,0.00000000,0.00000000,0.00667779,0.00000000,0.00000000,0.00000000,0.00000000,0.00000000,0.00000000,0.00000000,0.00000000,0.00000000,0.00000000,0.00000000,0.00000000,1.38930877,0.00000000,0.00000000,0.00000000,0.00000000,0.00000000,0.14820812,0.00000000,0.00287398,0.00000000,0.00000000,0.00000000,0.00262599,0.00000000,0.00000000,0.00000000,0.00000000,0.00550804,0.04491068,0.00000000,0.00000000,0.00000000,0.00000000,0.00000000,0.00000000,0.00000000,0.00000000,0.00000000,0.00085073,0.00370935,0.00000000,0.00000000,0.00000000,0.00000000,0.00000000,0.01360718,0.03550285,0.00000000,0.00000000,0.00000000,0.00293338,0.00000000,0.00000000,0.00272769,0.00000000,0.00000000,0.00000000,0.00000000,0.00000000,0.00000000,0.00000000,0.00000000,0.95546685,0.00000000,0.00000000,0.00000000,0.00000000,0.00000000,0.00000000,0.00000000,0.00000000,0.00000000,0.00000000,0.00000000,0.04759724,0.00000000,0.00000000,0.00000000,0.00000000,0.00000000,0.00000000,0.00905329,0.00000000,0.00000000,0.00000000,0.00000000,0.00000000,0.00000000,0.00000000,0.00000000,0.00000000,0.00000000,0.00000000,0.00000000,0.00000000,0.00000000,0.00000000,0.00000000,0.00000000,0.00000000,0.00000000,0.00000000,0.00000000,0.00000000,0.00150959,0.00000000,0.00000000,0.00000000,0.00000000,0.00000000,0.00000000,0.00000000,0.00000000,0.00000000,0.00000000,0.00000000,0.00000000,0.00000000,0.00000000,0.00000000,0.00000000,0.00000000,0.00000000,0.00000000,0.00000000,0.00000000,0.00000000,0.00000000,0.00000000,0.00000000,0.00000000,0.13628171,0.01252718,0.00000000,0.75725229,0.00000000,0.00000000,0.00000000,0.00000000,0.00000000,0.00000000,0.00000000,0.00000000,0.00000000,0.00000000,0.00000000,0.00000000,0.00000000,0.00000000,0.00000000,0.00000000,0.00000000,0.00000000,0.00000000,0.00000000,0.00000000,0.00000000,0.00000000,0.01054516,0.00000000,0.00000000,0.00000000,0.00000000,0.00262274,2.16223248,0.00661910,0.00000000,0.00997812,0.00067204,0.00000000,0.00000000,0.00000000,0.00000000,0.00000000,0.00000000,0.00000000,0.00000000,0.00339574,0.00000000,0.00000000,0.00078051,0.00000000,0.00000000,0.00125441,0.00000000,0.00000000,0.00000000,0.00000000,0.00000000,0.00000000,0.00000000,0.05189663,0.00000000,0.01433258,0.00000000,0.10252282,0.00093137,0.00000000,0.00000000,0.00473543,0.00000000,0.00000000,0.00000000,0.00000000,0.00808604,0.00000000,0.00000000,2.69218362,0.00000000,0.00000000,0.00000000,0.00000000,0.00000000,0.00000000,0.00000000,0.00000000,0.00000000,0.00132644,0.00000000,0.01171609,0.00000000,0.00000000,0.00000000,0.00000000,0.00000000,0.00000000,0.00000000,0.00000000,0.00000000,0.00000000,0.00000000,0.00000000,0.00000000,0.00000000,0.00000000,0.00000000,0.00000000,0.00000000,0.00000000,0.00000000,0.00000000,0.00000000,0.00000000,0.00000000,0.00184989,0.00000000,0.00000000,0.00000000,0.00000000,0.00000000,0.00000000,0.00000000,0.00000000,0.00000000,0.00000000,0.00000000,0.00000000,0.00299292,0.00000000,0.00000000,0.00000000,0.00000000,0.00000000,0.00000000,0.00000000,0.00000000,0.00000000,0.01416781,0.00000000,0.00000000,0.00000000,0.00000000,0.00000000,0.01446688,0.00000000,0.00000000,0.00000000,0.07589945,0.00000000,0.00000000,0.00000000,0.00000000,0.00000000,0.00000000,0.00000000,0.00000000,0.00000000,0.00000000,0.00334903,0.00000000,0.00000000,0.00000000,0.00000000,0.01760282,0.00000000,0.00000000,0.00000000,0.00000000,0.00000000,0.00162479,0.00000000,0.00000000,0.00000000,0.00000000,0.00000000,0.00000000,0.00000000,1.77529531,0.00000000,0.00000000,0.00000000,0.00000000,0.00000000,0.00000000,0.00000000,0.00000000,0.00000000,0.00000000,0.00000000,0.00000000,0.00000000,0.00000000,0.00000000,0.00000000,0.00000000,0.00000000,0.00000000,0.00000000,0.00000000,0.00000000,0.00000000,0.01216499,0.00000000,0.00000000,0.00095363,0.00000000,0.00000000,0.00000000,0.00000000,0.00766364,0.00428764,0.00000000,0.08747186,0.00000000,0.00000000,0.00000000,0.00000000,0.00000000,0.00000000,0.00000000,0.00000000,0.00000000,0.00000000,0.00000000,0.00000000,0.00000000,0.00000000,0.00000000,0.00000000,0.00000000,0.00000000,0.00000000,0.00000000,0.00000000,0.00000000,0.00000000,0.00000000,0.42963994,0.00000000,0.00000000,0.00000000,0.00482101,0.00000000,0.00000000,0.00731981,0.00000000,0.00000000,0.00000000,0.00217224,0.00000000,0.00000000,0.00000000,0.00000000,0.00825006,0.00382005,0.00000000,0.00000000,0.00383534,0.00000000,0.00000000,0.00000000,0.00000000,0.00440303,0.00000000,0.00000000,0.00753250,0.00000000,0.00000000,0.00000000,0.00000000,0.00000000,0.00000000,0.00000000,0.00377459,0.00000000,0.00000000,0.00000000,0.00000000,0.00000000,0.00000000,0.00000000,0.00000000,0.00000000,0.00000000,0.00000000,0.00000000,0.00347925,0.00000000,0.00000000,0.00091811,0.00000000,0.00000000,0.00000000,0.00000000,0.00000000,0.00000000,0.00000000,0.00000000,0.00000000,0.00000000,0.00000000,0.00000000,0.00000000,0.00000000,0.00000000,0.00000000,0.00000000,0.00000000,0.00000000,0.01868051,0.00000000,0.00000000,0.00000000,1.27297123,0.00000000,0.00000000,0.00776676,0.00123071,0.00000000,0.00000000,0.02268032,0.00000000,0.00000000,0.00000000,0.00000000,0.00000000,0.00000000,0.00000000,0.00000000,0.00000000,0.00000000,0.00000000,0.00000000,0.00000000,0.00000000,0.00000000,0.00000000,0.00000000,0.00000000,0.00000000,0.00000000,0.10052438,0.00000000,0.00000000,0.00000000,0.00000000,0.00000000,0.00000000,0.00000000,0.00000000,0.03233043,0.00000000,0.00000000,0.00841598,0.00000000,0.00000000,0.00000000,0.00000000,0.00000000,0.00000000,0.00000000,0.06991132,0.00000000,0.00000000,0.00000000,0.00000000,0.00000000,0.00000000,0.00000000,0.00000000,0.02965915,0.74176092,0.00000000,0.00000000,0.00442160,0.00000000,0.00000000,0.00000000,0.00000000,0.00000000,0.00000000,0.00000000,0.00000000,0.00000000,0.03054153,0.00000000,0.00000000,0.00000000,0.00000000,0.00000000,0.00000000,0.00000000,0.00000000,0.00000000,0.00000000,0.00000000,0.00000000,0.04766632,0.00000000,0.00000000,0.00000000,0.00000000,0.00000000,0.03492918,0.00000000,0.00000000,0.00000000,0.00000000,0.00378600,0.00000000,0.00000000,0.00000000,0.01191814,0.00000000,0.43661004,0.00000000,0.00000000,0.00000000,0.00000000,0.00000000,0.00000000,0.00000000,0.00000000,0.01375547,0.00000000,0.00000000,0.00000000,0.00000000,0.00000000,0.00000000,0.00000000,0.00000000,0.00000000,0.00640855,0.00000000,0.00000000,0.00000000,0.00000000,0.00000000,0.00000000,0.05252890,0.00000000,0.00000000,0.00000000,0.00735245,0.01270520,0.00000000,0.00000000,0.00000000,0.00000000,0.00000000,0.01477915,0.00000000,0.00000000,0.00000000,0.00000000,0.00000000,0.00000000,0.00000000,0.00000000,0.00000000,0.00000000,0.00000000,0.00000000,0.00000000,0.00000000,0.00000000,2.16367284,0.00000000,0.00000000,0.00000000,0.00000000,0.00000000,0.00000000,0.00000000,0.00000000,0.00000000,0.00000000,0.00000000,0.00000000,0.00000000,0.00000000,0.00000000,0.00000000,0.00000000,0.00000000,0.00000000,0.00000000,0.00000000,0.00000000,0.00000000,0.00446351,0.00000000,0.00000000,0.00000000,0.07458196,0.00000000,0.00000000,0.00000000,0.00000000,0.00000000,0.00000000,0.00125089,0.00000000,0.00000000,0.00000000,0.00000000,0.00000000,0.00000000,0.00000000,0.00000000,0.00000000,0.00000000,0.00000000,0.00000000,0.00000000,0.00000000,0.00000000,0.00000000,0.00000000,0.00000000,0.00000000,0.00060195,0.01518590,0.00000000,0.00000000,0.00000000,0.00000000,0.00262296,0.00000000,0.00764519,0.00000000,0.00000000,0.00000000,0.00000000,0.00000000,0.00000000,0.00000000,0.06174094,0.00000000,0.00000000,0.00000000,0.00000000,0.00000000,0.00000000,0.00000000,0.06131088,0.00000000,0.00000000,0.00000000,0.00000000,0.00000000,0.00168783,0.00000000,0.00000000,0.00000000,0.01032880,0.00000000,0.00000000,0.89917313,0.00000000,0.01039662,0.00896002,0.00000000,0.00000000,0.00000000,0.00000000,0.00000000,0.00000000,0.00000000,0.00000000,0.00000000,0.00000000,0.00000000,0.00000000,0.00000000,0.00506519,0.00000000,0.00000000,0.00000000,0.00000000,0.00000000,0.00000000,0.00368969,0.00000000,0.00000000,0.00000000,0.00000000,0.00000000,0.00000000,0.00000000,0.00000000,0.00000000,0.00000000,0.00000000,0.00000000,0.00000000,0.00000000,0.00000000
0.00364343,0.00000000,0.00000000,0.00691574,0.00000000,0.00000000,0.00000000,0.00000000,0.01935483,0.00000000,0.00000000,0.00000000,0.00000000,0.00000000,0.00000000,0.05166348,0.00000000,0.00000000,0.00000000,0.00000000,0.00000000,0.00000000,0.00000000,0.00000000,0.00000000,0.00000000,0.00000000,0.00000000,0.00000000,0.00875606,0.00000000,0.00000000,0.00000000,0.00000000,0.00147096,0.00000000,0.00000000,0.00000000,0.00233910,0.00000000,0.00000000,0.00000000,0.00000000,0.00164743,0.00000000,0.00000000,0.00000000,0.00000000,0.00000000,0.00000000,0.00000000,0.00000000,0.00000000,0.00000000,0.00000000,0.00251461,0.00000000,0.00000000,0.00180321,0.00000000,0.00000000,0.00000000,0.00000000,0.01500567,0.00000000,0.00000000,0.00000000,0.00000000,0.00000000,0.00000000,0.00000000,0.00000000,0.00000000,0.00000000,0.00000000,0.00294115,0.00000000,0.00000000,0.00000000,0.00000000,0.00000000,0.00000000,0.00000000,0.80830058,0.00000000,0.00261313,0.07266553,0.00000000,0.00000000,0.00000000,0.00000000,0.00000000,0.00000000,0.00000000,0.00000000,0.00000000,0.00000000,0.00000000,0.00000000,0.00000000,0.00000000,0.00000000,0.00000000,0.00000000,0.00000000,0.00000000,0.00000000,0.00000000,0.00000000,0.00081419,0.00000000,0.00000000,0.00000000,0.00000000,0.00000000,0.00000000,0.00000000,0.00000000,0.00000000,0.00000000,0.00000000,0.00000000,0.00000000,0.00000000,0.00000000,0.00000000,0.00000000,0.00000000,0.00000000,0.00000000,0.00000000,0.00000000,0.00000000,0.01623422,0.00000000,0.00000000,0.00000000,0.00000000,0.00000000,0.00000000,0.00000000,0.00000000,0.00000000,0.00000000,0.00000000,0.00000000,0.00000000,0.01930607,0.00480179,0.00000000,0.00832228,0.00000000,0.00000000,0.00000000,0.00000000,0.00000000,0.00000000,0.00000000,2.86647308,0.00000000,0.00000000,0.00000000,0.00000000,0.00000000,0.00000000,0.00000000,0.00000000,0.00000000,0.00000000,0.00000000,0.00000000,0.00000000,0.00000000,0.00000000,0.00000000,0.02725922,0.00000000,0.00332308,0.00000000,0.00000000,0.00000000,0.00000000,0.00000000,0.00000000,0.00000000,0.00000000,0.00000000,0.00000000,0.00000000,0.00000000,0.00000000,0.00131611,0.00000000,0.00000000,0.00000000,0.00000000,0.00000000,0.00000000,0.00000000,0.00000000,0.00000000,0.00000000,0.00684629,0.00000000,0.00000000,0.00275404,0.00000000,0.00000000,0.00000000,0.00133408,0.00000000,0.00452545,0.00000000,0.00000000,0.00000000,0.00000000,0.00000000,0.00000000,0.00000000,0.00000000,0.00000000,0.00000000,0.00474865,0.04177724,0.00000000,0.00000000,0.03862514,0.00742923,0.00000000,0.00000000,0.00000000,0.00000000,0.00000000,0.00000000,0.00000000,0.00000000,0.00738199,0.08052835,0.00000000,0.59798005,0.00000000,0.00000000,0.00000000,0.00000000,0.00000000,0.00000000,0.00000000,0.00000000,0.00000000,0.00000000,0.00000000,0.00000000,0.00000000,0.00000000,0.96792214,0.00000000,0.00000000,0.00000000,0.00000000,0.00000000,0.00000000,0.00000000,0.00000000,0.00000000,0.00000000,0.00694526,0.00000000,0.00000000,0.00000000,0.00000000,0.00000000,0.00000000,0.00000000,0.00000000,0.19593922,0.00000000,0.00000000,0.00000000,0.00000000,0.00000000,0.00000000,0.00000000,0.00000000,0.00095397,0.00000000,0.00000000,0.00000000,0.00000000,0.00000000,0.00000000,0.00000000,0.00000000,0.00000000,0.00000000,0.00000000,0.00000000,0.00076763,0.00293216,0.00000000,0.00000000,0.00000000,0.00000000,0.01181881,0.00000000,0.00000000,0.00000000,0.00000000,0.00000000,0.19571376,0.00000000,0.00000000,0.00000000,0.00000000,0.10392544,0.00000000,0.00423693,0.00000000,0.00000000,0.00000000,0.00000000,0.00000000,0.00000000,0.00000000,0.00000000,0.00000000,0.00000000,0.01245678,0.01192924,0.00000000,0.00000000,0.00000000,0.00594850,0.00000000,0.00000000,0.00000000,0.00000000,0.02621570,0.00000000,0.02620457,0.00000000,0.00000000,0.00000000,0.00000000,0.00000000,0.00000000,0.00000000,0.00000000,0.00000000,0.00000000,0.00000000,0.00000000,0.00000000,0.00000000,0.03076847,0.00000000,0.00000000,0.00000000,0.00000000,0.00000000,0.00000000,0.00000000,0.00000000,0.00000000,0.00000000,0.00000000,0.00000000,0.00000000,0.00000000,0.00659712,0.00000000,0.00000000,0.00000000,0.00235667,0.00000000,0.00000000,0.01635692,0.00000000,0.00000000,0.00000000,0.01182854,0.00000000,0.00529821,0.00000000,0.07691951,0.00000000,0.00000000,0.00000000,0.00000000,0.00000000,0.00000000,0.00000000,0.00000000,0.00000000,0.00000000,0.00801939,0.00000000,0.00000000,0.00000000,0.00282874,0.00000000,1.82231517,0.00000000,0.00000000,0.00000000,0.00000000,0.00258575,0.00000000,0.00000000,0.00000000,0.00000000,0.00135438,0.00000000,0.04308474,0.00000000,0.00000000,0.00000000,0.00000000,0.00000000,0.00000000,0.00000000,0.00000000,0.00000000,0.00000000,0.00000000,0.00000000,0.00000000,0.00000000,0.01125589,0.00000000,0.00000000,0.00870507,0.00000000,0.00000000,0.00316118,0.00000000,0.00000000,0.00000000,0.00000000,0.01074564,0.06890042,0.00000000,0.00000000,0.00000000,0.00000000,0.00000000,0.00000000,0.00000000,0.00241257,0.00000000,0.00000000,0.00184826,0.04571232,0.00000000,0.00000000,0.00000000,0.00000000,0.00000000,0.00000000,0.00000000,0.00000000,0.00000000,0.00000000,0.00000000,0.00000000,0.00000000,0.00000000,0.00000000,0.00000000,0.00000000,0.00000000,0.00000000,0.00000000,0.00000000,0.00000000,0.00000000,0.00000000,0.00000000,0.00000000,0.00864543,0.00000000,0.00000000,0.00000000,0.00000000,0.00000000,0.00000000,0.09512108,0.00000000,0.00000000,0.00000000,0.00000000,0.31996936,0.00000000,0.00000000,0.00120737,0.00000000,0.00000000,0.00000000,0.00000000,0.00000000,0.00000000,0.00000000,0.00000000,0.00000000,0.00000000,0.00000000,0.00000000,0.02192969,0.00000000,0.00337809,0.00000000,0.00000000,0.00000000,0.00000000,0.00000000,0.00000000,0.00000000,0.00000000,0.00000000,0.00000000,0.00000000,0.00000000,0.00000000,0.00000000,0.00000000,0.00000000,0.00000000,0.00000000,0.01027909,0.00000000,0.03035200,0.00000000,0.00000000,0.00000000,0.00647678,0.00000000,0.00000000,0.01356833,0.02270721,0.00000000,0.00608211,0.00000000,0.00000000,0.00000000,0.00000000,0.00000000,0.01033197,0.00000000,0.00000000,0.00000000,0.00000000,0.00000000,0.00339346,0.00000000,0.00000000,0.00000000,0.00000000,0.00000000,0.00000000,0.00000000,0.00000000,0.00000000,0.00000000,0.00000000,0.00000000,0.00000000,0.00000000,0.00000000,0.00000000,0.00000000,0.01108613,0.00000000,0.00000000,0.00000000,0.00000000,0.00000000,0.00000000,0.00000000,0.00000000,0.00000000,0.00000000,0.00000000,0.00000000,0.00000000,0.00000000,0.00000000,0.00000000,0.00277183,0.00000000,0.00000000,0.00000000,0.00000000,0.00000000,0.00000000,0.00000000,0.00000000,0.00000000,0.00000000,0.00000000,0.00000000,0.00000000,0.02133784,0.00000000,0.00000000,0.00000000,0.00000000,0.00000000,0.00000000,0.00000000,0.00350985,0.00000000,0.00000000,0.00000000,0.00000000,0.00000000,0.00000000,0.00000000,0.00000000,0.00000000,0.00000000,0.00000000,0.00000000,0.02119635,0.00000000,0.00000000,0.00000000,0.00000000,0.00000000,0.00000000,0.00000000,0.00000000,0.00000000,0.00000000,0.00000000,0.00000000,0.00000000,0.00000000,0.00000000,0.00000000,0.00000000,0.00000000,0.00000000,0.00000000,0.00000000,0.00000000,0.00000000,0.00000000,0.00000000,0.00000000,0.00000000,0.00000000,0.00000000,0.00000000,0.02016609,0.00000000,0.00000000,0.00000000,0.00674277,0.00255365,0.00000000,0.00000000,0.00000000,0.00000000,0.00000000,0.00000000,0.00000000,0.00000000,0.00000000,0.00000000,0.00000000,0.00000000,0.00000000,0.01170240,0.00000000,0.00000000,0.00385246,0.00000000,0.00000000,0.00000000,0.00000000,0.00000000,0.00000000,0.00000000,0.02095169,0.00000000,0.00000000,0.00000000,0.00464495,0.00000000,0.00000000,0.00000000,0.00183573,0.00000000,0.00000000,0.00000000,0.00000000,0.07458196,0.00000000,0.00209882,0.00000000,0.00000000,0.00000000,0.00000000,0.00000000,0.00000000,0.00000000,0.00000000,0.00000000,0.00000000,0.00000000,0.00000000,0.00000000,0.00000000,0.00000000,0.00000000,0.00000000,0.00000000,0.00000000,0.00000000,0.00000000,0.00000000,0.22790323,0.00000000,0.00000000,0.00000000,0.00000000,0.00000000,0.00000000,0.00000000,0.00000000,0.00000000,0.00000000,0.00000000,0.00000000,0.00913180,0.00000000,0.00000000,0.00653866,0.00000000,0.00000000,0.00000000,0.00000000,0.00000000,0.01826327,0.00000000,0.05820871,0.00000000,0.00000000,0.00000000,0.00000000,0.00000000,0.00000000,0.00000000,0.00355283,0.00000000,0.03710496,0.01886670,0.00000000,0.00000000,0.00684779,0.00000000,0.00000000,0.00000000,0.00000000,0.00000000,0.00000000,0.00000000,0.00000000,0.00000000,0.00000000,0.00000000,0.08000895,0.00000000,0.00612113,0.00000000,0.00000000,0.00559803,0.00000000,0.00000000,0.00000000,0.00000000,0.03791013,0.00000000,0.00000000,0.00000000,0.00000000,0.00000000,0.00000000,0.00000000,0.00000000,0.00000000,0.00000000,0.00000000,0.00000000,0.00000000,0.00361601,0.00000000,0.00000000,0.00000000,0.00000000,0.00000000
0.00000000,0.00000000,0.00000000,0.00000000,0.00000000,0.00000000,0.00000000,0.00000000,0.00000000,0.00063705,0.00000000,0.00000000,0.00000000,0.00000000,0.00000000,1.39742569,0.01229181,0.00000000,0.00000000,0.00000000,0.00000000,0.00000000,0.00946531,0.00000000,0.00000000,0.00000000,0.00000000,0.00000000,0.00000000,0.00000000,0.00000000,0.00000000,0.00000000,0.00000000,0.08033880,0.00000000,0.00000000,0.00000000,0.00000000,0.00000000,0.00000000,0.00000000,0.00000000,0.00523880,0.00000000,0.00000000,0.00000000,0.00000000,0.00000000,0.00000000,0.00000000,0.02158170,0.00000000,0.00000000,0.23428378,0.00000000,0.00000000,0.00297711,0.00000000,0.00000000,0.00000000,0.00000000,0.00000000,0.00000000,0.00000000,0.00000000,0.00350119,0.00000000,0.00000000,0.00000000,0.00000000,0.00000000,0.00000000,0.00000000,0.00000000,0.00000000,0.00000000,0.00000000,0.00000000,0.00000000,0.00000000,2.67984183,0.00000000,0.00000000,0.00000000,0.00000000,0.00000000,0.00000000,0.00000000,0.00000000,1.40579138,0.00000000,0.00000000,0.00000000,0.00000000,0.02228026,0.01689362,0.00000000,0.02665586,0.00000000,0.00000000,0.00000000,0.00000000,0.00000000,0.00000000,0.00000000,0.00000000,0.00000000,0.00000000,0.00000000,0.00000000,0.00000000,0.03344283,0.00000000,0.00000000,0.00000000,0.00000000,0.00000000,0.00000000,0.00000000,0.00000000,0.00000000,0.00000000,0.00000000,0.00194601,0.00000000,0.00000000,0.00000000,0.00000000,0.00000000,0.00000000,0.00000000,0.00000000,0.00000000,0.00000000,0.00332602,0.00000000,0.00000000,0.00000000,0.00000000,0.00000000,0.00000000,0.00000000,0.00000000,0.00000000,0.00000000,0.00000000,0.00000000,0.00000000,0.00000000,0.00000000,0.00613780,0.00000000,0.00000000,0.00560485,0.02071603,0.00000000,0.00000000,0.00000000,0.00000000,0.00000000,0.00000000,0.00000000,0.00110215,0.00000000,0.00000000,0.00000000,0.53335599,0.00000000,0.00000000,0.00000000,0.00000000,0.00000000,0.00000000,0.00000000,0.00000000,0.00000000,0.00000000,0.00181752,0.00000000,0.00000000,0.00565497,0.00000000,0.00000000,0.11974133,0.00000000,0.00229230,0.00000000,0.00000000,0.00000000,0.00000000,0.00148140,0.00000000,0.00000000,0.00000000,0.00000000,0.00000000,0.00000000,1.76049097,0.00000000,0.00000000,0.00000000,0.00000000,0.00000000,0.00000000,0.00000000,0.00000000,0.00000000,2.15147660,0.00000000,0.00000000,0.00000000,0.00000000,0.00000000,0.00553994,0.00000000,0.02071309,0.00000000,0.00000000,0.00000000,0.00000000,0.00000000,0.00000000,0.00000000,0.00000000,0.00259509,0.00000000,0.00000000,0.00000000,0.00000000,0.00000000,0.00000000,0.00000000,0.06778813,0.00000000,0.00129353,0.00000000,0.00000000,0.00000000,0.00000000,0.00000000,0.00000000,0.00000000,0.00000000,1.24160704,0.00000000,0.00000000,0.00000000,0.00000000,0.00158123,0.00000000,0.00270694,0.00000000,0.00000000,0.00000000,0.00000000,0.00000000,0.00000000,0.00000000,0.00000000,0.00000000,0.00000000,0.00000000,0.00000000,0.10989021,0.00000000,0.00000000,0.00000000,0.00000000,0.00000000,0.00000000,0.00000000,0.00000000,0.00000000,0.00000000,0.00000000,0.00252867,0.00000000,0.00000000,0.00892245,0.00000000,0.00000000,0.00000000,0.00000000,0.00000000,0.00000000,0.00000000,0.00000000,0.00856893,0.00000000,0.00833016,0.00000000,0.00000000,0.00000000,0.00000000,0.00000000,0.01940134,0.00000000,0.00435624,0.00000000,0.00000000,0.00000000,0.00000000,0.17450912,0.00000000,0.00618418,0.00000000,0.00254721,0.00000000,0.00000000,0.00000000,0.00545922,0.00000000,0.00000000,0.00000000,0.00000000,0.12652909,0.00000000,0.00000000,0.00000000,0.00000000,0.00000000,0.00000000,0.00000000,0.00000000,0.00690206,0.00000000,0.00000000,0.01664905,0.00437982,0.00000000,0.00000000,0.00000000,0.00000000,0.00000000,0.00000000,0.00000000,0.00000000,0.00000000,0.00000000,0.00000000,0.10248462,0.00000000,0.00000000,0.00000000,0.00000000,0.00000000,0.00000000,0.00297450,0.00000000,0.01276008,0.00000000,0.00000000,0.00000000,0.00000000,0.00454294,0.00000000,0.00000000,0.00000000,0.00000000,0.00000000,0.00000000,0.00000000,0.00000000,0.00000000,0.00000000,0.00000000,0.00000000,0.00000000,0.00000000,0.00481305,0.00000000,0.00000000,0.00000000,0.00233187,0.00000000,0.00000000,0.00000000,0.00000000,0.00000000,0.02585863,0.00190883,0.02636484,0.00000000,0.00000000,0.00000000,0.00000000,0.00000000,0.01338763,0.00000000,0.00000000,0.05152455,0.00000000,0.00072586,0.00213184,0.00000000,0.00000000,0.00000000,0.00000000,0.00000000,0.00490391,0.00000000,0.00000000,0.00000000,0.00000000,0.00000000,0.00000000,0.00000000,0.00000000,0.00000000,0.00000000,0.00000000,0.00000000,0.00000000,0.00000000,0.00000000,0.00000000,0.00000000,0.03215625,0.00000000,0.00981805,0.00000000,0.00000000,0.00000000,0.00816363,0.00000000,0.00000000,0.00000000,0.00000000,0.00000000,0.00243640,0.00000000,0.00000000,0.00716636,0.00000000,0.00000000,0.00000000,0.00000000,0.00000000,0.00163677,0.00000000,0.00000000,0.00000000,0.00000000,0.00000000,0.00000000,0.00000000,0.09787189,0.00000000,0.00000000,0.00000000,0.00489287,0.00000000,0.00000000,0.08046514,0.00478526,0.00000000,0.00000000,0.00000000,0.00000000,0.00000000,0.00000000,0.03181064,0.00227112,0.00000000,0.00000000,0.00000000,0.00000000,0.00000000,0.00000000,0.00000000,0.00000000,0.00000000,0.00000000,0.00000000,0.00000000,0.00000000,0.00000000,0.00000000,0.00000000,0.00000000,0.00000000,0.00000000,0.00000000,0.00000000,0.00000000,0.01680111,0.00553969,0.00000000,0.00000000,0.00000000,0.00000000,0.00000000,0.00000000,0.00000000,0.00000000,0.00000000,0.00000000,0.00574160,0.00000000,0.00000000,0.00000000,0.00000000,0.00000000,0.00000000,0.00000000,0.00000000,0.00000000,0.00000000,0.00000000,0.00000000,0.00000000,0.00994214,0.00000000,0.00000000,0.00000000,0.00000000,0.00000000,0.00000000,0.00000000,0.00000000,0.00000000,0.00000000,0.00000000,0.00000000,0.00000000,0.00000000,0.00000000,0.00000000,0.00000000,0.00000000,0.00000000,0.00000000,0.00000000,0.00000000,0.00000000,0.00000000,0.00302015,0.00000000,0.00000000,0.00000000,0.00000000,0.00000000,0.00000000,0.00000000,0.16252912,0.00000000,0.00000000,0.00000000,0.00000000,0.00000000,0.00000000,0.00000000,0.00000000,0.00000000,0.00000000,0.00000000,0.00000000,0.00000000,0.00000000,0.00000000,0.00000000,0.00961135,0.00000000,0.00000000,0.00000000,0.00000000,0.00000000,0.00000000,0.00000000,0.00660107,0.00000000,0.00000000,0.00365287,0.00000000,0.00000000,0.00000000,0.00000000,0.00000000,0.00000000,0.00000000,0.00000000,0.00000000,0.00000000,0.00000000,0.00000000,0.00000000,0.00000000,0.00000000,0.00000000,0.01765747,0.00000000,0.00000000,0.00000000,0.00000000,0.02899883,0.00000000,0.00000000,0.00000000,0.00000000,0.00000000,0.00000000,0.00000000,0.00000000,0.00000000,0.00000000,0.00000000,0.00000000,0.00000000,0.00409184,0.00000000,0.00167815,0.01287923,0.00772946,0.00000000,0.00000000,0.00000000,0.00000000,0.00000000,0.00000000,0.00000000,0.00000000,0.00479569,0.00000000,0.00000000,0.00000000,0.00000000,0.00000000,0.00000000,0.00000000,0.00000000,0.52136315,0.00000000,0.00000000,0.00000000,0.00000000,0.00000000,0.00000000,0.00000000,0.00000000,0.00000000,0.00000000,0.00000000,0.00000000,0.00000000,0.00000000,0.00000000,0.00000000,0.00000000,0.11640634,0.00000000,0.00000000,0.00000000,0.00000000,0.00000000,0.00000000,2.63846977,0.02091548,0.00000000,0.00000000,0.00000000,0.00000000,0.00000000,0.00000000,0.06577516,0.00000000,0.00000000,0.00000000,0.00000000,0.00000000,0.00000000,0.00000000,0.06770871,0.00000000,0.00000000,0.00000000,0.00000000,0.00000000,0.00000000,0.00000000,0.00000000,0.00000000,0.00000000,0.00439093,0.00000000,0.00000000,0.00000000,0.00000000,0.00000000,0.00000000,0.00000000,0.00000000,0.02467906,0.00000000,0.00000000,0.00000000,0.00209882,0.00000000,0.00000000,0.00000000,0.00000000,0.00000000,0.00000000,0.00000000,0.00208467,0.00000000,0.00000000,0.00000000,0.00000000,0.00000000,0.00000000,0.00000000,0.00000000,0.00000000,0.01868114,0.00000000,0.00000000,0.00000000,0.00000000,0.00000000,0.00000000,0.00000000,0.00000000,0.04478990,0.00000000,0.00000000,0.00000000,0.00000000,0.00000000,0.00000000,0.00000000,0.00000000,0.00000000,0.00136703,0.00319820,0.00000000,0.00000000,0.00000000,0.00000000,0.00000000,0.00000000,0.00000000,0.00000000,0.00000000,0.00000000,0.00393413,0.00000000,0.00000000,0.00000000,0.00000000,0.00000000,0.00000000,0.00000000,0.00000000,0.00000000,0.00000000,0.00000000,0.00000000,0.00000000,0.00000000,0.00000000,0.00000000,0.00000000,0.00000000,0.00000000,0.00000000,0.00320522,0.00000000,0.00000000,0.00000000,0.00000000,0.00000000,0.00000000,0.00000000,0.00000000,0.00000000,0.00000000,0.02136633,0.00000000,0.00000000,0.00000000,0.00000000,0.00000000,0.00000000,0.00000000,0.00000000,0.00000000,0.00635286,0.00000000,0.00000000,0.00000000,0.00000000,0.01456801,0.00000000,0.00000000,0.00000000,0.00000000,0.00000000,0.00000000,0.00000000
0.00000000,0.02260552,0.00000000,0.00000000,0.00000000,0.00000000,0.00000000,0.00000000,0.02099338,0.00292680,0.00000000,0.00000000,0.00000000,0.00000000,0.00000000,0.00000000,0.00000000,0.00000000,0.00000000,0.00000000,0.00887867,0.00000000,0.00000000,0.00000000,0.00000000,0.00000000,0.00000000,0.00000000,0.00000000,0.00000000,0.00000000,0.00000000,0.00000000,0.00000000,0.00000000,0.00000000,0.00000000,0.00000000,0.00000000,0.00000000,0.00000000,0.00000000,0.00000000,0.00000000,0.00000000,0.00000000,0.00000000,0.00000000,0.00000000,0.00000000,0.00000000,0.00216915,0.00000000,0.00000000,0.00000000,0.01563003,0.00000000,0.00000000,0.00000000,0.00000000,0.00000000,0.00000000,0.01788096,0.00000000,0.78592952,0.00000000,0.00000000,0.00000000,0.00000000,0.00000000,0.00000000,0.00000000,0.00000000,0.00000000,0.00000000,0.00000000,0.00000000,0.00360917,4.04003422,0.00000000,0.00000000,0.00000000,0.00000000,0.00000000,0.00000000,0.00000000,0.00290549,0.00000000,0.00000000,0.00000000,0.00000000,0.09914139,0.00000000,0.00000000,0.00000000,0.00000000,0.00000000,0.00000000,0.00618612,0.00000000,0.06140256,0.00000000,0.00000000,0.00000000,0.00000000,0.00000000,0.00000000,0.00000000,0.00000000,0.00000000,0.08446310,0.00000000,0.00000000,0.00000000,0.00000000,0.00000000,0.00000000,0.00000000,0.00000000,0.00000000,0.00000000,0.00000000,0.00000000,0.00000000,0.00000000,0.00000000,0.00919139,0.00000000,0.11186161,0.00332621,0.00000000,0.00000000,0.00000000,0.00000000,0.00000000,0.00000000,0.00000000,0.00341173,0.00000000,0.00000000,0.00000000,0.00000000,0.00000000,0.00000000,0.00000000,0.00000000,0.00000000,0.00146939,0.00000000,0.00000000,0.00000000,0.00000000,0.00000000,0.00000000,0.00000000,0.00000000,0.00000000,0.00000000,0.00000000,0.00000000,0.00000000,0.00000000,0.00060201,0.00000000,0.00471292,0.00000000,0.00000000,0.00000000,0.00000000,0.00000000,0.00000000,0.00000000,0.00000000,0.00000000,0.00000000,0.00000000,0.00000000,0.02160001,0.00000000,0.00000000,0.00000000,0.00000000,0.00000000,0.00000000,0.00000000,0.00000000,0.00000000,0.00000000,0.00248129,0.00000000,0.00000000,0.00000000,0.00000000,0.00000000,0.00000000,0.00000000,0.00000000,0.00000000,0.00000000,0.00000000,0.00000000,0.00000000,0.00000000,0.00000000,0.00000000,0.00000000,0.00000000,0.00000000,0.00000000,0.00000000,0.00000000,0.00057775,0.01934253,0.00000000,0.00000000,0.00000000,0.00000000,0.00379774,0.00000000,0.00000000,0.00000000,0.00000000,0.00738895,0.00000000,0.00000000,0.04153145,0.03379274,0.09924127,0.00000000,0.00000000,0.00000000,0.00000000,0.00000000,0.00000000,0.00000000,0.00000000,0.00793190,0.00000000,0.00000000,0.00000000,0.00000000,0.00000000,0.00000000,0.00094423,0.00000000,0.00000000,0.00000000,0.00000000,0.00000000,0.00073417,0.00000000,0.00000000,0.09282824,0.00000000,0.00000000,0.00000000,0.00000000,0.00000000,0.00000000,0.00000000,0.00000000,0.00000000,0.00000000,0.00518572,0.00438568,0.00000000,0.00000000,0.00092817,0.00000000,0.00000000,0.10792969,0.00000000,0.00000000,0.00452013,0.00000000,0.00000000,0.00000000,0.00000000,0.00000000,0.00000000,0.00000000,0.00000000,0.00000000,0.00000000,0.00000000,0.00000000,0.00000000,0.00000000,0.00000000,0.00000000,0.00000000,0.00000000,0.00000000,0.00000000,0.00000000,0.00000000,0.00000000,0.00000000,0.01112098,0.05543094,0.00000000,0.00000000,0.00000000,0.02058053,0.00382224,0.00000000,0.00000000,0.00000000,0.00000000,0.00000000,0.00000000,0.00000000,0.00000000,0.00000000,0.00000000,0.00000000,0.02588754,0.00000000,0.03619043,0.00000000,0.00000000,0.00000000,0.00000000,0.00000000,0.00000000,0.00000000,0.00964474,0.00145720,0.00052836,0.00000000,0.00000000,0.00000000,0.00000000,0.00000000,0.00000000,0.00000000,0.00000000,0.00000000,0.00960057,0.00000000,0.00000000,0.00000000,0.00099578,0.00000000,0.00000000,0.00000000,0.00000000,0.00000000,0.00000000,0.00000000,0.00265104,0.00000000,0.00000000,0.00000000,0.00000000,0.00000000,0.00000000,0.00000000,0.00000000,0.00000000,0.00000000,0.00000000,0.00000000,0.00000000,0.00000000,0.00000000,0.00000000,0.00000000,0.00348593,0.02994657,0.00000000,0.00000000,0.00000000,0.00000000,0.06378886,0.00000000,0.00000000,0.00000000,0.00000000,0.00000000,0.17502156,0.00000000,0.00000000,0.00000000,0.00000000,0.00000000,0.00000000,0.00000000,0.01259082,0.00000000,0.00000000,0.00000000,0.00000000,0.00000000,0.00000000,0.00000000,0.07217381,0.00000000,0.00000000,0.00000000,0.00000000,0.00000000,0.00000000,0.00000000,0.00000000,0.00000000,0.00000000,0.00000000,0.00000000,0.00000000,0.00000000,0.00000000,0.00000000,0.03227033,0.00000000,0.00000000,0.00000000,0.00000000,0.00000000,0.00000000,0.00000000,0.00000000,0.00000000,0.00000000,0.00000000,0.00000000,0.00000000,0.00000000,0.00000000,0.00000000,0.00000000,0.00000000,0.00000000,0.00000000,0.00445560,0.00000000,0.00000000,0.00000000,0.00000000,0.00000000,0.00000000,0.00000000,0.00000000,0.00000000,0.00070119,0.00000000,0.00000000,0.00229980,0.00000000,0.00000000,2.07015994,0.00000000,0.00000000,0.00000000,0.27947296,0.00000000,0.00000000,0.01891895,0.00560061,0.00000000,0.00000000,0.00000000,0.00000000,0.00000000,0.00000000,0.00000000,0.00000000,0.00000000,0.00000000,0.00000000,0.00000000,0.00000000,0.00000000,0.00000000,0.00561791,0.00000000,0.00000000,0.00000000,0.00000000,0.00000000,0.00000000,0.00000000,0.00000000,0.02510935,0.00000000,0.05319721,1.22449671,0.00000000,0.00000000,0.00000000,0.00000000,0.00000000,0.00000000,0.00000000,0.00000000,0.00000000,0.66178358,0.00000000,0.00000000,0.00000000,0.00000000,0.00000000,0.00000000,0.00000000,0.00000000,0.00000000,0.00000000,0.00000000,0.00000000,0.00000000,0.00000000,0.00000000,0.00000000,0.00000000,0.00000000,0.00000000,0.00552560,0.00000000,0.00000000,0.00000000,0.00000000,0.00000000,0.00499630,0.00000000,0.00000000,0.00925407,0.00000000,0.00000000,0.09986011,0.00000000,0.00000000,0.00000000,0.02997728,0.00000000,0.00000000,0.00000000,0.00000000,0.00000000,0.00000000,0.02542403,0.00068848,0.00000000,0.02445210,0.00000000,0.00000000,0.00000000,0.00000000,0.00000000,0.00000000,0.00413738,0.00000000,0.00000000,0.00299390,0.00762352,0.00782806,0.00000000,0.00000000,0.00000000,0.00000000,0.00000000,0.03965186,0.00000000,0.00000000,0.00000000,0.00000000,0.00000000,0.00000000,0.00000000,0.00000000,0.00000000,0.01123970,0.00000000,0.00000000,0.00000000,0.00000000,0.00000000,0.00307468,0.00000000,1.06690414,0.08004118,0.00000000,0.00000000,0.00000000,0.00000000,0.00151669,0.00000000,0.00000000,0.00000000,0.00000000,0.00161523,0.00000000,0.00000000,0.00000000,0.00000000,0.00000000,0.01069641,0.00000000,0.00000000,0.00000000,0.00000000,0.00000000,0.00647274,0.00000000,0.00000000,0.00000000,0.00000000,0.00000000,0.00000000,0.00000000,0.00000000,0.09474522,0.00000000,0.00000000,0.00000000,0.00000000,0.00000000,0.00000000,0.00000000,0.00000000,0.01868628,0.00000000,0.00000000,0.00000000,0.00000000,0.00000000,0.00000000,0.00000000,0.00000000,0.00000000,0.00000000,0.00000000,0.00686743,0.02826706,0.00000000,0.00000000,0.01933077,0.00000000,0.00000000,0.00000000,0.00000000,0.00000000,0.00000000,0.00000000,0.00000000,0.00000000,0.00000000,0.00448958,0.00000000,0.00000000,0.00000000,0.00000000,0.00000000,0.00000000,0.00000000,0.00000000,0.00000000,0.00000000,0.00000000,0.00000000,0.00000000,0.00000000,0.00000000,0.00000000,0.00000000,0.00000000,0.00000000,0.00000000,0.00000000,0.00000000,0.00430111,0.00385025,0.02990837,0.00000000,0.00440615,0.05338560,0.04690989,0.00000000,0.00000000,0.00000000,0.00000000,0.00000000,0.00000000,0.00000000,0.00000000,0.00000000,0.00000000,0.00000000,0.00000000,0.00000000,0.00000000,0.00000000,0.00273146,0.00000000,0.00000000,0.00000000,0.00000000,0.00000000,0.00000000,0.00000000,0.00000000,0.00000000,0.00000000,0.00000000,0.00000000,0.00000000,0.00000000,0.00000000,0.00000000,0.00000000,0.00000000,0.00000000,0.00000000,0.00000000,0.00000000,0.00000000,0.00000000,0.00000000,0.00424675,0.00000000,0.00000000,0.00000000,0.00000000,0.00000000,0.00000000,0.00000000,0.00000000,0.00000000,0.00000000,0.00000000,0.00000000,0.00000000,0.00000000,0.00000000,0.00000000,0.00000000,0.00000000,1.56443041,0.00000000,0.00000000,0.00000000,0.00000000,0.00000000,0.00000000,0.00000000,0.00000000,0.00000000,0.00000000,0.00000000,0.00000000,0.00000000,0.00000000,0.00000000,0.00000000,0.00000000,0.00000000,0.00151040,0.00000000,0.01041572,0.00000000,0.00000000,0.00000000,0.00000000,0.00000000,0.00000000,0.00000000,0.00000000,0.00000000,0.06145173,0.00000000,0.00000000,0.00000000,0.00000000,0.00000000,0.00000000,0.00000000,0.01389870,0.00000000,0.00000000,0.00617174,0.00000000,0.00000000,0.00000000,0.00000000,0.00000000,0.00000000,0.00541512,0.00000000,0.00000000,0.03063445,0.00000000,0.00000000,0.00000000,0.00000000,0.00000000,0.00000000,0.00000000,0.00000000,0.00000000,0.00000000,0.00000000
0.00000000,0.00000000,0.00000000,0.00000000,0.00000000,0.00000000,0.00000000,0.00000000,0.00242873,0.00000000,0.00000000,0.00000000,0.00000000,0.00000000,0.00000000,0.00000000,0.00000000,0.00000000,0.00000000,0.00000000,0.00000000,0.00000000,0.08237280,0.00000000,0.02861241,0.00000000,0.00000000,0.00000000,0.00000000,0.00000000,0.00000000,0.00000000,0.00000000,0.00000000,0.02149134,0.00000000,0.00000000,0.00000000,0.14864907,0.00000000,0.00000000,0.00000000,0.00178837,0.00000000,0.00000000,0.00000000,0.00000000,0.00000000,0.00000000,0.00000000,0.40654091,0.00000000,0.00000000,0.00506271,0.00000000,0.00000000,0.00000000,0.00000000,0.00000000,0.00000000,0.00000000,0.00000000,0.00000000,0.00000000,0.00000000,0.02210900,0.20054505,0.00288926,0.00000000,0.00000000,0.00000000,0.00000000,0.00000000,0.00000000,0.17575173,0.00000000,0.00000000,0.00000000,0.00000000,0.00000000,0.00000000,0.00000000,0.00000000,0.00000000,0.00461754,0.00000000,0.00000000,0.00592973,0.00000000,0.00000000,0.00000000,0.00000000,0.00000000,0.00000000,0.00000000,0.00000000,0.00000000,0.00000000,0.00000000,0.00000000,0.51598338,0.00000000,0.00000000,0.00000000,0.00000000,0.00158232,0.00000000,0.00000000,0.00000000,0.00000000,0.04541910,0.00000000,0.00508464,0.00000000,0.00000000,0.00000000,0.00000000,0.16347456,0.00000000,0.00000000,0.00000000,0.00000000,0.00000000,0.00000000,0.03507481,0.39823456,0.00000000,0.00000000,0.01662962,0.00000000,0.38018209,0.00000000,0.00000000,0.00000000,0.00000000,0.00000000,0.00000000,0.00000000,0.00000000,0.00000000,0.00000000,0.00000000,0.00999182,0.00000000,0.00000000,0.00000000,0.00000000,0.00000000,0.00000000,0.00000000,0.00000000,0.00000000,0.01233453,0.00000000,0.00000000,0.00000000,0.00000000,0.00000000,0.00000000,0.00000000,0.00298069,0.00000000,0.00000000,0.00000000,0.00000000,0.00000000,0.00000000,0.00000000,0.00000000,0.00000000,0.01214365,0.00000000,0.00000000,0.00000000,0.00000000,0.00000000,0.00000000,0.00000000,0.00000000,0.00000000,0.00000000,0.00000000,0.02858445,0.00000000,0.00000000,0.00000000,0.00000000,0.00000000,0.02440945,0.00000000,0.00000000,0.00000000,0.00000000,0.00000000,0.00000000,0.00000000,0.00284152,0.00000000,0.00000000,0.00000000,0.00000000,0.00000000,0.00000000,0.00000000,0.00000000,0.00000000,0.00000000,0.00000000,0.00269713,0.00000000,0.00000000,0.00000000,0.00000000,0.00000000,0.00000000,0.00000000,0.00000000,0.00000000,0.00000000,0.00000000,0.00000000,0.00000000,0.00000000,0.00000000,0.00000000,0.00000000,0.00000000,0.00000000,0.00000000,0.00000000,0.00000000,0.00000000,0.00000000,0.00000000,0.00000000,0.01151150,0.00000000,0.06017449,0.00000000,0.00000000,0.00000000,0.00000000,0.02623087,0.00000000,0.00000000,0.00000000,0.00000000,0.00000000,0.00000000,0.00000000,0.00000000,0.00000000,0.00000000,0.00000000,0.00000000,0.00334023,0.00000000,0.00000000,0.00000000,0.00000000,0.00000000,0.00000000,0.00000000,0.00000000,0.00000000,0.00000000,0.00296395,0.00000000,0.00000000,0.00000000,0.00000000,0.00000000,0.00000000,0.00000000,0.00000000,0.00000000,0.00000000,0.00000000,0.00000000,0.00000000,0.00000000,0.00000000,0.00000000,0.00000000,0.00000000,0.00000000,0.00000000,0.00000000,0.00000000,0.00000000,0.00000000,0.00000000,0.00000000,0.00000000,0.00000000,0.00000000,0.01075037,0.00000000,0.00098282,0.00000000,0.00000000,0.00057841,0.00000000,0.00909346,0.00000000,0.00000000,0.00000000,0.02962990,0.00000000,0.00000000,0.00480132,0.00000000,0.00000000,0.00000000,0.00000000,0.00000000,0.00000000,0.00000000,0.00000000,0.00537127,0.00000000,0.00000000,0.00000000,0.00000000,0.00000000,0.00000000,0.00000000,0.00000000,0.00000000,0.00000000,0.00000000,0.00000000,0.00000000,0.01387474,0.03816053,0.15713450,0.00000000,0.00000000,0.00116097,0.00000000,0.00000000,0.00505557,0.00000000,0.00000000,0.00000000,0.00721867,0.00000000,0.00000000,0.00000000,0.00000000,0.00000000,0.00000000,0.00266675,0.00000000,0.00000000,0.00000000,0.00000000,0.00000000,0.00000000,0.00000000,0.00000000,0.00000000,0.00000000,0.00000000,0.00000000,0.00000000,0.00000000,0.00000000,0.00000000,0.00000000,2.09196670,0.00000000,0.00000000,0.00000000,0.09492371,0.00000000,0.00209865,0.00000000,0.00000000,0.05270923,0.00000000,0.00665459,0.00000000,0.00000000,0.00000000,0.00000000,0.00000000,0.00417342,0.00000000,0.00000000,0.00000000,0.00000000,0.00000000,0.00291132,0.00000000,0.00000000,0.00000000,0.00000000,0.00000000,0.00000000,0.00000000,0.00000000,0.00000000,0.00000000,0.00000000,0.00000000,0.00791990,0.00000000,0.00360284,0.00000000,0.00000000,0.00000000,0.00000000,0.00000000,0.02909943,0.00000000,0.03995661,0.00000000,0.00000000,0.00000000,0.00000000,0.00000000,0.00000000,0.00000000,0.00000000,0.00000000,0.00000000,0.00000000,0.02448275,0.00000000,0.00000000,0.00000000,0.01518318,0.00000000,0.00000000,0.00000000,0.00000000,0.00000000,0.00100703,0.00000000,0.01008396,0.00000000,0.00000000,0.00279181,0.00000000,0.00000000,0.00000000,0.00000000,0.00000000,0.00000000,0.00000000,0.01749047,0.00000000,0.00000000,0.00000000,0.00000000,0.00000000,0.00000000,0.00000000,0.00000000,0.00000000,0.00000000,0.00603477,0.00327868,0.00000000,0.00000000,0.00000000,0.00000000,0.00000000,0.00000000,0.00000000,0.00000000,0.00000000,0.00000000,0.00000000,0.00389036,0.00000000,0.00000000,0.00000000,0.00000000,0.00000000,0.00000000,0.00000000,0.00000000,0.00000000,0.00000000,0.00000000,0.00000000,0.00000000,0.00000000,0.00000000,0.00000000,0.00000000,0.00000000,0.00000000,0.00000000,0.00000000,0.00000000,0.00000000,0.00000000,0.00000000,0.03080151,0.00000000,0.00000000,0.00000000,0.00000000,0.00000000,0.00000000,0.00000000,0.00000000,0.00000000,0.00000000,0.00000000,0.00000000,0.00000000,0.00000000,0.00000000,0.00000000,0.00000000,0.00000000,0.00269526,0.00000000,0.00000000,0.00000000,0.00000000,0.00000000,0.00000000,0.00000000,0.00000000,0.00456749,0.00000000,0.00216950,0.00000000,0.00326386,0.00000000,0.00395836,0.00000000,0.00000000,0.00000000,0.01808285,0.00000000,0.00000000,0.00000000,0.00000000,0.00000000,0.00000000,0.00000000,0.01406828,0.00634215,0.00000000,0.00000000,0.00000000,0.00000000,0.00000000,0.00000000,0.00000000,0.02548590,0.00000000,0.00000000,0.00000000,0.00000000,0.04184248,0.00000000,0.00000000,0.00000000,0.00000000,0.00000000,0.00000000,0.00000000,0.00000000,0.00000000,0.00000000,0.00000000,0.00000000,0.00000000,0.00000000,0.00000000,0.00000000,0.01789026,0.00000000,0.00000000,0.00000000,0.00000000,0.00000000,0.00263068,0.00000000,0.00000000,1.25559230,0.00000000,0.00000000,0.00000000,0.02761797,0.00000000,0.00000000,0.00000000,0.00000000,0.00000000,0.00000000,0.00000000,0.00000000,0.00000000,0.00000000,0.00000000,0.00000000,0.00000000,0.00000000,0.00000000,0.00000000,0.00000000,0.00132393,0.00455653,0.00000000,0.00000000,0.00000000,0.00000000,0.00000000,0.00000000,0.00000000,0.00082695,0.00000000,0.00000000,0.00000000,0.00000000,0.00741201,0.00000000,0.00000000,0.00000000,0.00000000,0.00000000,0.03151732,0.00000000,0.00000000,0.06490047,0.00000000,0.00521779,0.00000000,0.00000000,0.00000000,0.00000000,0.00174982,0.00000000,0.00581405,0.00000000,0.00000000,0.00000000,0.00000000,0.00138128,0.00000000,0.00000000,0.00000000,0.00000000,0.00000000,0.00000000,0.00000000,0.00000000,0.00000000,0.00220881,0.00000000,0.00000000,0.00464392,0.00000000,0.00000000,0.00000000,0.00000000,0.00000000,0.00000000,0.00000000,0.00000000,0.00000000,0.00000000,0.00000000,0.00000000,0.01197299,0.00000000,0.00000000,0.00000000,0.00000000,0.00000000,0.00093795,0.00000000,0.00000000,0.00000000,0.00000000,0.00427366,0.00000000,0.00000000,0.00000000,0.00338103,0.00000000,0.00000000,0.00000000,0.00000000,0.00000000,0.00000000,0.00000000,0.00000000,0.00000000,0.00000000,0.00000000,0.00000000,0.00000000,0.00000000,0.00000000,0.00000000,0.00000000,0.00000000,0.00000000,0.00000000,0.00000000,0.00000000,0.00306358,0.00000000,0.00000000,0.00000000,0.00000000,0.00000000,0.00000000,0.00000000,0.00000000,0.00000000,0.00000000,0.00000000,0.00000000,0.00000000,0.00000000,0.00000000,0.00000000,0.00000000,0.00000000,0.00000000,0.00000000,0.00000000,0.00000000,0.00000000,0.00000000,0.00000000,0.00000000,0.00000000,0.00000000,0.00000000,0.00000000,0.00171995,0.00000000,0.00000000,0.00000000,0.00000000,0.00000000,0.00000000,0.01039544,0.00000000,0.00000000,0.01175153,0.00000000,0.00000000,0.00000000,0.00000000,0.00000000,0.00000000,0.00000000,0.00000000,0.00000000,0.00205221,0.00000000,0.00000000,0.00000000,0.01310382,0.00000000,0.00000000,0.00000000,0.00000000,0.00000000,0.00000000,0.00000000,0.00000000,0.00000000,0.00000000,0.00000000,0.00000000,0.02091324,0.00000000,0.00000000,0.00259426,0.00000000,0.00000000,0.00000000,0.00151003,0.00000000,0.00000000,0.00000000,0.00518543,0.00219835,0.25128925,0.00000000,0.00000000,0.00000000,0.00000000,0.00000000,0.00258686,0.00000000,0.00000000
0.00000000,0.01464657,0.00000000,0.00000000,0.03916218,0.00000000,0.04889986,0.00000000,0.00000000,0.00352486,0.00000000,0.00000000,0.00000000,0.00000000,0.00000000,0.00000000,0.00000000,0.00000000,0.00878600,0.00000000,0.00000000,0.00000000,0.00000000,0.00000000,0.00000000,0.00000000,0.00356073,0.00000000,0.00000000,0.00000000,0.00000000,0.00000000,0.00000000,0.00000000,0.00000000,0.00806038,0.00000000,0.00000000,0.00000000,0.00000000,0.00000000,0.00000000,0.04166906,0.00131827,0.00000000,0.00000000,0.00000000,0.00000000,0.00000000,0.00000000,0.00000000,0.00328623,0.00000000,0.00000000,0.00000000,0.00000000,0.00000000,0.00000000,0.00000000,0.00000000,0.00000000,0.00000000,0.00000000,1.97146553,0.00000000,0.01165068,0.00000000,0.00000000,0.00000000,0.00617397,0.00000000,0.00000000,0.00000000,0.00000000,0.00000000,0.00000000,0.00000000,0.01919500,0.00000000,2.55137773,0.00000000,0.00484641,0.02956474,0.00000000,0.00000000,0.00874527,0.00000000,0.00000000,0.00000000,0.00000000,0.00000000,0.00000000,0.00000000,0.00000000,0.00311057,0.00000000,0.00000000,0.00000000,0.00000000,0.00000000,0.01932551,0.00000000,0.00000000,0.00000000,0.00000000,0.00000000,0.06989439,0.00525158,0.00000000,0.00000000,0.00000000,0.00000000,0.00000000,0.00000000,0.00000000,0.00000000,0.00000000,0.00000000,0.00000000,0.00000000,0.00000000,0.00000000,0.00000000,0.00000000,0.00000000,0.00000000,0.00000000,0.00000000,0.01191932,0.00000000,0.00000000,0.00000000,0.00000000,0.00100610,0.00000000,0.00000000,0.04573810,0.00000000,0.02118700,0.00000000,0.00000000,0.00119939,0.00000000,0.00000000,0.15966252,0.00186328,0.00000000,0.00000000,0.00000000,0.00000000,0.00000000,0.00000000,0.00284074,0.00939735,0.00000000,0.00225970,0.00000000,0.00000000,0.01794275,0.00000000,0.00000000,0.00000000,0.00000000,0.00348023,0.00684154,0.00000000,0.00420774,0.00000000,0.00000000,0.00000000,0.00000000,0.00000000,0.00000000,0.00000000,0.00000000,0.00000000,0.00282985,0.00000000,0.00000000,0.00000000,0.00000000,0.00000000,0.00000000,0.00000000,0.00151636,0.00000000,0.00000000,0.00000000,0.00000000,0.00000000,0.00000000,0.00000000,0.00000000,0.00000000,0.00000000,0.00000000,0.00000000,0.00000000,0.00000000,0.00000000,0.00000000,0.00248061,0.00000000,0.00000000,0.00000000,0.00000000,0.00000000,0.00000000,0.00000000,0.00229196,0.00000000,0.00000000,0.00000000,0.00000000,0.00000000,0.00000000,0.00000000,0.00649900,0.00000000,0.00000000,0.00000000,0.00000000,0.00000000,0.00000000,0.00000000,0.00000000,0.00000000,0.00000000,0.00000000,0.00236153,0.00000000,0.00000000,0.00000000,0.00000000,0.03842960,0.00000000,0.00000000,0.00000000,0.00000000,0.00000000,0.00000000,0.00000000,0.01243211,0.00000000,0.02845711,0.00000000,0.00000000,0.00000000,0.00000000,0.00000000,0.00000000,0.00000000,0.00000000,0.00000000,0.00000000,0.00000000,0.00000000,0.00000000,0.00000000,0.00000000,0.00000000,0.00000000,0.02018107,0.00000000,0.00000000,0.00000000,0.00000000,0.04307392,0.00000000,0.00000000,0.00000000,0.00000000,0.00000000,0.00000000,0.00872642,0.00000000,0.00000000,0.00000000,0.00000000,0.00000000,0.00000000,0.00000000,0.00000000,0.78596595,0.00000000,0.00000000,0.00000000,0.00000000,0.00000000,0.00000000,0.00000000,0.00000000,0.00000000,0.00000000,0.00244168,0.00260015,0.00000000,0.00000000,0.00000000,0.02849384,0.00000000,0.00000000,0.00000000,0.00000000,0.00000000,0.00000000,0.00000000,0.00000000,0.00000000,0.00000000,0.00000000,0.00000000,0.00000000,0.00000000,0.00000000,0.00000000,0.00000000,0.00000000,0.00000000,0.00000000,0.00000000,0.00000000,0.00000000,0.00000000,0.00000000,0.00000000,0.00000000,0.00000000,0.00000000,0.00000000,0.00000000,0.03829201,0.00000000,0.00000000,0.00000000,0.00000000,0.00000000,0.00000000,0.00000000,0.00000000,0.00000000,0.03232964,0.00000000,0.00000000,0.24505534,0.00000000,0.00000000,0.00000000,0.00000000,0.00912215,0.00000000,0.00000000,0.00000000,0.00000000,0.00000000,0.00000000,0.00000000,0.00000000,0.00000000,0.03403456,0.00000000,0.00000000,0.00954435,0.00000000,0.00000000,0.00000000,0.00000000,0.00000000,0.00000000,0.00000000,0.00282520,0.00000000,0.00000000,0.00000000,0.00000000,0.00000000,0.00000000,0.00000000,0.00000000,0.00000000,0.00000000,0.00000000,0.00000000,0.00000000,0.00000000,0.00451086,0.00000000,0.00000000,0.00000000,0.00000000,0.09818568,0.00000000,0.00000000,0.00000000,0.01664724,0.00000000,0.01310759,0.00000000,0.00000000,0.00000000,0.00000000,0.00000000,0.00000000,0.00000000,0.00000000,0.00000000,0.00000000,0.00000000,0.00000000,0.00000000,0.00000000,0.00000000,0.00000000,0.00000000,0.00000000,0.01283353,0.00000000,0.00000000,0.00000000,0.00000000,0.00000000,0.00000000,0.00000000,0.01287124,0.00000000,0.03640432,0.00000000,0.00000000,0.00000000,0.00000000,0.00000000,0.00770182,0.00000000,0.00000000,0.00000000,0.00000000,0.00000000,0.00000000,0.00000000,0.00272849,0.02483473,0.00000000,0.00276326,0.00000000,0.00000000,0.00000000,0.00000000,0.00000000,0.00000000,0.00000000,0.00000000,0.00000000,0.00000000,0.00000000,0.00000000,0.00000000,0.00000000,0.00000000,0.00000000,0.00000000,0.00000000,0.00000000,0.00000000,0.00000000,0.00000000,0.00000000,0.00000000,0.00000000,0.00000000,0.00000000,0.00000000,0.00000000,0.00000000,0.00000000,0.01048190,0.00000000,0.00000000,0.03033858,0.00000000,0.00000000,0.00000000,0.00000000,0.00000000,0.00000000,0.00000000,0.00000000,0.00376775,0.00000000,0.00000000,0.00000000,0.00000000,0.00000000,0.00000000,0.18127023,0.00000000,0.00000000,0.00000000,0.00000000,0.00000000,0.00000000,0.04556494,0.00000000,0.00000000,0.00000000,0.00451110,0.00000000,0.00000000,0.00000000,0.00000000,0.00000000,0.00000000,0.00000000,0.00498167,0.00000000,0.00000000,0.00000000,0.00000000,0.00000000,0.00000000,0.00000000,0.00000000,0.00000000,0.00000000,0.00000000,0.00000000,0.00435462,0.00000000,0.00000000,0.00000000,0.00000000,0.04409368,0.00000000,0.00000000,0.00000000,0.00000000,0.00000000,0.00000000,0.01456699,0.02489406,0.00000000,0.00000000,0.00000000,0.00000000,0.00000000,0.00398418,0.00000000,0.00000000,0.00000000,0.00000000,0.00000000,0.00000000,0.00000000,0.00000000,0.00000000,0.00000000,0.00000000,0.00000000,0.00000000,0.00000000,0.00000000,0.00000000,0.00000000,0.00000000,0.00000000,0.00000000,0.00240249,0.00000000,0.00000000,0.00000000,0.00000000,0.00000000,0.00000000,0.00000000,0.00000000,0.00000000,0.00000000,0.00000000,0.00000000,0.00000000,0.00000000,0.00000000,0.00000000,0.00000000,0.00459855,0.03845829,0.00000000,0.00000000,0.00385355,0.00000000,0.00000000,0.00000000,0.00000000,0.00000000,0.00000000,0.06054206,0.00000000,0.00000000,0.00000000,0.00000000,0.00000000,0.00000000,0.00000000,0.00000000,0.00000000,0.00000000,0.00000000,0.13585902,0.00000000,0.00000000,0.00000000,0.75833630,0.00000000,0.00000000,0.00000000,0.05173733,0.00645627,0.00000000,0.00000000,0.00000000,0.01598131,0.00000000,0.00000000,0.00000000,0.00000000,0.00000000,0.00000000,0.00000000,0.00000000,0.00000000,0.07421536,0.00000000,0.00000000,0.00000000,0.00000000,0.00795349,0.00000000,0.00000000,0.00000000,0.00000000,0.00000000,0.00000000,0.00000000,0.00000000,0.00000000,0.00000000,0.00000000,0.00469012,0.00000000,0.00000000,0.00000000,0.29095270,0.00000000,0.00000000,0.00000000,0.00000000,0.00000000,0.00300511,0.00000000,0.00000000,0.00000000,0.00000000,0.00399428,0.00000000,0.00374422,0.00000000,0.00000000,0.00000000,0.00000000,0.00000000,0.00000000,0.37298110,0.00000000,0.00000000,0.00000000,0.03712488,0.00000000,0.00000000,0.00000000,0.00000000,0.00000000,0.00000000,0.00000000,0.00000000,0.00000000,0.00000000,0.00000000,0.00802695,0.00000000,0.00000000,0.00000000,0.00000000,0.00000000,0.00000000,0.00000000,0.00000000,0.00000000,0.00000000,0.00000000,0.00000000,0.00000000,0.00000000,0.00000000,0.00000000,0.00000000,0.00000000,0.00000000,0.00000000,0.00000000,0.00000000,0.00000000,0.00000000,0.00000000,0.00000000,0.00000000,0.00000000,0.00000000,0.00799224,0.00000000,0.00000000,0.00000000,0.00000000,0.00000000,0.00000000,0.00000000,0.00000000,0.00000000,0.00000000,0.00000000,0.00000000,0.00000000,0.00000000,0.00000000,0.00853485,0.00000000,0.00000000,0.00000000,0.00000000,0.00000000,0.00000000,0.00356227,0.00000000,0.00000000,0.00000000,0.00000000,0.00000000,0.00000000,0.03433387,0.00000000,0.00000000,0.00000000,0.07335081,0.00000000,0.00000000,0.00266763,0.00000000,0.00000000,0.00000000,0.00000000,0.00000000,0.00000000,0.00000000,0.00000000,0.00000000,0.00000000,0.00000000,0.00000000,0.00000000,0.21018461,0.00000000,0.00000000,0.00000000,0.00000000,0.01135243,0.01282188,0.00000000,0.00000000,0.00144041,0.00000000,0.00000000,0.00000000,0.00000000,0.00000000,0.00000000,0.00000000,0.02612351,0.00000000,0.00000000,0.00000000,0.00000000,0.00000000,0.00000000,0.02635908,0.00000000,0.00000000,0.00000000,0.00000000,0.00000000,0.00000000,0.00000000,0.00000000
0.00000000,0.00000000,0.02150056,0.00000000,0.00584588,0.00000000,0.13705905,0.00000000,0.00000000,0.00000000,0.00000000,0.00374276,0.00000000,0.00000000,0.00000000,0.00000000,0.00000000,0.00401287,0.00000000,0.00000000,0.00000000,0.00000000,0.00000000,0.00511690,0.00000000,0.00000000,0.00000000,0.06095947,0.00880805,0.00000000,0.00000000,0.00000000,0.00000000,0.00000000,0.00000000,0.00000000,0.00000000,0.00000000,0.00000000,0.00000000,0.00000000,0.00000000,0.02882022,0.00000000,0.00000000,0.00000000,0.00000000,0.00000000,0.00000000,0.00000000,0.00000000,0.00104262,0.00000000,0.00000000,0.00000000,0.00000000,0.00000000,0.00000000,0.00000000,0.00000000,0.00000000,0.00000000,0.00000000,0.00000000,0.00000000,0.00000000,0.00000000,0.00000000,0.00000000,0.00000000,0.00000000,0.00693764,0.00000000,0.00000000,0.00000000,0.00000000,0.00000000,0.00000000,0.00000000,0.00000000,0.00000000,0.00430693,0.00000000,0.00505429,0.00207717,0.00463409,0.00000000,0.00000000,0.00000000,0.00000000,0.00000000,0.00000000,0.00000000,0.08603930,0.00000000,0.00000000,0.00000000,0.00356153,0.03370818,0.00000000,0.00000000,0.02392681,0.00000000,0.00412916,0.00000000,0.00000000,0.00000000,0.00000000,0.00000000,0.00000000,0.00000000,0.00000000,0.00000000,0.00000000,0.00000000,0.00000000,0.00000000,0.00000000,0.00000000,0.00182086,0.00057408,0.00000000,0.00000000,0.00000000,0.00000000,0.00000000,0.12874586,0.00000000,0.00000000,0.03219188,0.00000000,0.00000000,0.00000000,0.00000000,0.00000000,0.00000000,0.00000000,0.00000000,0.00000000,0.00074179,0.00000000,0.00000000,0.00000000,0.00000000,0.00000000,0.00000000,0.00000000,0.00000000,0.00000000,0.00000000,0.00000000,0.00000000,0.00583687,0.00000000,0.00000000,0.00000000,0.00000000,0.00000000,0.00000000,0.00000000,0.00000000,0.00000000,0.00000000,0.00000000,0.00000000,0.00000000,0.00000000,0.00000000,0.01133033,0.00000000,0.28385687,0.04107248,0.00000000,0.00000000,0.00000000,0.00000000,0.00000000,0.00000000,0.00000000,0.00000000,0.00000000,0.00000000,0.00000000,0.00000000,0.00000000,0.00000000,0.00000000,0.00362946,0.00000000,0.01041416,0.00000000,0.00000000,0.00000000,0.00000000,0.00000000,0.00000000,0.00000000,0.00000000,0.00000000,0.00000000,0.00000000,0.01955290,0.00000000,0.00000000,0.00000000,0.00000000,0.01378162,0.05437333,0.00000000,0.00000000,0.00000000,0.00000000,0.00000000,0.00067531,0.00000000,0.00000000,0.00000000,0.00000000,0.00124076,0.00485384,0.00000000,0.00000000,0.00000000,0.00000000,0.00000000,0.00000000,0.00000000,0.00000000,0.00000000,0.00000000,0.00000000,0.00000000,0.00000000,0.00000000,0.07609062,0.00000000,0.00000000,0.00000000,0.00000000,0.00000000,0.00000000,0.00000000,0.00282570,0.00000000,0.00000000,0.00000000,0.00000000,0.00000000,0.00000000,0.00000000,0.00000000,0.00000000,0.00000000,0.00000000,0.00443453,0.00000000,0.00000000,0.00000000,0.00000000,0.00000000,0.00000000,0.00000000,0.00000000,0.00000000,0.00000000,0.00000000,0.00000000,0.00000000,0.00000000,0.00000000,0.00000000,0.00000000,0.00000000,0.00000000,0.00000000,0.00000000,0.00000000,0.00000000,0.00000000,0.00000000,0.00000000,0.00356905,0.00000000,0.00000000,0.00000000,0.00000000,0.00000000,0.00000000,0.00000000,0.00000000,0.02701815,0.00000000,0.00000000,0.00000000,0.00000000,0.00000000,0.00000000,0.00000000,0.00397475,0.00000000,0.00000000,0.00000000,0.00000000,0.00283467,0.00058248,0.00846060,0.00000000,0.00000000,0.00000000,0.00000000,0.00000000,0.00000000,0.00371894,0.00000000,0.00000000,0.00000000,0.00000000,0.00000000,0.00000000,0.00000000,0.00000000,0.00000000,0.00000000,0.00000000,0.00000000,0.00000000,0.01210565,0.00000000,0.00000000,0.00000000,0.00000000,0.00000000,0.00000000,0.21626536,0.00000000,0.00000000,0.00000000,0.02261878,0.02165980,0.00000000,1.50359599,0.00000000,0.00000000,0.00000000,0.00000000,0.00000000,0.00000000,0.00000000,0.00000000,0.00383790,0.00000000,0.00000000,0.00000000,0.00000000,0.00000000,0.00353288,0.00000000,0.00000000,0.00000000,0.00000000,0.14043074,0.00000000,0.00000000,0.00000000,0.00000000,0.00000000,0.00000000,0.00000000,0.00000000,0.00000000,0.00000000,0.00000000,0.00000000,0.01004130,0.00000000,0.00000000,0.00000000,0.00000000,0.00000000,0.00000000,0.00000000,0.00000000,0.00000000,0.00000000,0.00000000,0.00000000,0.00282273,0.14698169,0.00000000,0.00000000,0.00000000,0.00000000,0.00000000,0.00000000,0.00505160,0.00000000,0.00000000,0.00000000,0.00000000,0.00000000,0.00000000,0.00000000,0.00161774,0.00000000,0.00000000,0.00000000,0.00000000,0.01542781,0.00000000,0.00000000,0.00000000,0.00304549,0.00000000,0.04218297,0.00000000,0.00000000,0.00000000,0.00000000,0.00000000,0.00000000,0.00000000,0.00000000,0.00000000,0.00000000,0.00000000,0.00000000,0.00000000,0.00000000,0.00724413,0.00000000,0.00000000,0.00000000,0.00000000,0.00000000,0.00000000,0.00000000,0.00000000,0.00000000,0.00000000,0.00000000,0.00000000,0.00000000,0.00000000,0.07202793,0.00000000,0.00000000,0.00000000,0.00000000,0.00000000,0.00000000,0.00000000,0.00000000,0.00000000,0.00000000,0.00000000,0.00000000,0.01572362,0.00000000,0.00000000,0.00000000,0.00000000,0.00000000,0.00000000,1.20731358,0.00000000,0.00000000,0.00000000,0.00000000,0.00000000,0.00000000,0.00000000,0.00000000,0.00000000,0.00000000,0.00000000,0.00000000,0.00000000,0.00000000,0.00000000,0.00000000,0.00000000,0.00000000,0.00000000,0.00000000,0.01760579,0.00000000,0.00464530,0.00000000,0.00000000,0.00000000,0.00000000,0.00000000,0.00718513,0.00000000,0.00000000,0.00000000,0.00000000,0.00000000,0.00000000,0.00000000,0.00000000,0.00000000,0.00000000,0.00306205,0.00000000,0.00000000,0.00000000,0.00000000,0.00000000,0.00000000,0.00000000,0.00000000,0.00000000,0.01438558,0.00000000,0.00000000,0.00000000,0.00404663,0.00000000,0.00000000,0.00000000,0.00000000,0.00000000,0.00000000,0.00000000,0.00000000,0.00000000,0.00000000,0.00000000,0.00944229,0.00000000,0.00000000,0.00000000,0.00000000,0.00000000,0.00000000,0.00000000,0.00000000,0.00000000,0.00000000,0.00000000,0.00000000,0.00000000,0.03922586,0.00000000,0.00000000,0.00000000,0.00000000,0.00000000,0.00000000,0.00000000,0.00000000,0.00000000,0.00000000,0.00000000,0.18281949,0.00000000,0.00000000,0.00000000,0.00000000,0.00148446,0.00000000,0.00318345,0.00000000,0.00882539,0.00000000,0.00000000,0.00000000,0.00052928,0.00000000,0.00000000,0.00000000,0.00000000,0.00000000,0.00000000,0.00000000,0.00000000,0.00000000,0.00000000,0.00000000,0.00000000,0.00000000,0.00000000,0.00000000,0.00000000,0.00000000,0.00000000,0.00000000,0.02865790,0.00000000,0.00000000,0.00443726,0.00000000,0.02523903,0.00000000,0.00378141,0.00000000,0.00000000,0.02954826,0.00000000,0.00000000,0.00000000,0.00000000,0.00000000,0.00000000,0.00000000,0.02306130,0.00000000,0.00000000,0.00000000,0.00000000,0.00000000,0.00000000,0.00000000,0.00000000,0.00000000,0.00000000,0.00000000,0.00000000,0.00000000,0.00000000,0.00376366,0.00000000,0.00000000,0.00000000,0.00000000,0.00060881,0.00000000,0.00000000,0.00000000,0.00000000,0.00000000,0.00000000,0.00000000,0.00000000,0.00000000,0.00000000,0.00000000,0.11155031,0.00000000,0.00000000,0.00000000,0.00000000,0.00000000,0.00000000,0.00000000,0.00000000,0.00000000,0.00000000,0.00000000,0.00000000,0.00585953,0.00000000,0.02293801,0.00000000,0.00000000,0.00000000,0.00000000,0.00000000,0.03496607,0.00000000,0.00000000,0.00000000,0.02710585,0.00000000,0.00000000,0.00000000,0.00000000,0.00000000,0.00000000,0.00000000,0.00000000,0.02990490,0.00057931,0.00000000,0.00000000,0.00000000,0.00000000,0.00000000,0.00000000,0.00000000,0.00000000,0.00000000,0.00000000,0.00000000,0.00000000,0.00000000,0.00000000,0.01251011,0.00000000,0.00000000,0.00000000,0.00000000,0.00000000,0.00000000,0.00000000,0.00000000,0.00000000,0.00000000,0.00000000,0.00000000,0.00000000,0.00000000,0.00000000,0.00000000,0.00000000,0.00000000,0.00000000,0.00000000,0.00000000,0.00000000,0.00300415,0.19625216,0.00000000,0.00000000,0.00000000,0.00793679,0.16252749,0.00000000,0.00000000,0.00000000,0.00000000,0.00128890,0.00000000,0.00000000,0.00000000,0.00000000,0.00000000,0.99334106,0.00000000,0.00000000,0.00000000,0.00967666,0.00000000,0.00000000,0.00000000,0.00000000,0.00000000,0.00000000,0.00000000,0.00000000,0.00000000,0.00000000,0.00000000,0.00318126,0.00000000,0.00000000,0.00363303,0.00000000,0.00000000,0.00716447,0.00000000,0.02560356,0.00000000,0.00000000,0.00000000,0.00000000,0.00000000,0.00000000,0.00000000,0.00000000,0.12904590,0.00000000,0.00000000,0.00000000,0.08689644,0.00000000,0.00000000,0.00000000,0.41545204,0.00000000,0.00408442,0.00000000,0.00000000,0.00000000,0.00000000,0.00000000,0.00000000,0.01861612,0.00000000,0.00000000,0.00000000,0.00000000,0.00000000,0.00000000,0.00000000,0.00000000,0.00000000,0.00000000,0.00000000,0.00000000,0.00000000,0.00918892,0.00067636,0.00000000,0.00000000,0.00000000,0.00000000,0.00000000,0.00000000
0.00000000,0.00000000,0.00000000,1.07564425,0.00000000,0.00000000,0.00000000,0.00000000,0.00000000,0.00000000,0.00000000,0.07591095,0.00104242,0.00000000,0.00000000,0.00000000,0.00000000,0.00000000,0.00000000,0.00000000,0.00000000,0.00000000,0.00000000,0.00000000,0.00000000,0.00000000,0.00000000,0.00000000,0.00000000,0.00000000,0.00000000,0.00444422,0.00000000,0.00000000,0.01877482,0.00000000,0.00000000,0.00000000,0.00000000,0.00000000,0.35961548,0.00000000,0.00000000,0.00000000,0.00000000,0.00000000,0.00000000,0.00000000,0.00000000,0.00000000,0.00000000,0.00000000,0.00000000,0.00000000,0.00206743,0.00000000,0.00000000,0.00000000,0.00000000,0.00000000,0.00000000,1.92571517,0.00679793,0.00234842,0.00000000,0.01555670,0.00000000,0.00000000,0.00000000,0.00000000,0.00000000,0.00000000,0.00000000,0.00000000,0.00000000,0.00000000,0.00810609,0.00000000,0.00000000,0.00000000,0.00000000,0.00000000,0.00000000,0.00000000,0.00000000,0.00787476,0.00000000,0.00000000,0.00000000,0.00000000,0.00619911,0.00218790,0.01003404,0.00000000,0.00000000,0.00000000,0.00000000,0.00000000,0.00000000,0.00000000,0.00000000,0.00000000,0.00000000,0.00000000,0.01549032,0.00000000,0.00000000,0.00000000,0.00000000,0.00000000,0.00000000,0.00000000,0.00000000,0.00000000,0.00000000,0.00000000,0.00000000,0.00000000,1.47610884,0.00000000,0.00000000,0.00000000,0.00000000,0.00000000,0.00000000,0.00000000,0.00000000,0.00000000,0.00000000,0.00000000,0.15578624,0.00000000,0.00000000,0.00090383,0.00000000,0.00244006,0.00000000,0.00000000,0.00000000,0.00000000,0.00000000,0.00353648,0.00000000,0.03422310,0.00000000,0.00000000,0.00000000,0.00000000,0.00000000,0.00000000,0.00000000,0.00000000,0.00000000,0.00000000,0.00000000,0.00000000,0.03889946,0.00000000,0.00000000,0.00000000,0.00000000,0.00000000,0.00000000,0.00000000,0.00000000,0.00000000,0.00000000,0.00000000,0.00000000,0.00000000,0.00000000,0.00580805,0.00000000,0.00000000,0.00000000,0.00000000,0.00000000,0.00000000,0.00000000,0.00000000,0.00408195,0.00000000,0.01189955,0.00000000,0.00000000,0.01486794,0.00000000,0.00000000,0.00000000,0.00000000,0.00000000,0.00000000,0.00000000,0.00000000,0.00000000,0.00000000,0.37962913,0.00000000,0.00000000,0.00000000,0.00000000,0.00000000,0.00000000,0.00000000,0.00518302,0.00000000,0.00103797,0.00000000,0.00937904,0.00000000,0.00000000,0.43438828,0.00000000,0.00000000,0.00000000,0.00000000,0.00220150,0.01111516,0.00000000,0.00220594,0.00000000,0.00000000,0.00000000,0.00000000,0.00000000,0.00000000,0.00000000,0.00000000,0.00000000,0.00000000,0.00000000,0.00000000,0.00000000,0.00000000,0.00388645,0.00000000,0.00000000,0.00000000,0.00000000,0.00000000,0.00000000,0.00000000,0.00000000,0.00000000,0.00000000,0.01540816,0.00000000,0.00000000,0.00000000,0.00917569,0.00000000,0.02610279,0.00000000,0.01103906,0.00000000,0.00000000,0.00000000,0.00000000,0.04677115,0.00000000,0.00000000,0.00000000,0.00000000,0.00000000,0.00000000,0.00000000,0.00000000,0.00000000,0.00000000,0.04491243,0.00000000,0.00000000,0.00000000,0.00000000,0.00000000,0.00000000,0.00000000,0.00000000,0.00000000,0.00000000,0.00000000,0.00000000,0.00000000,0.00000000,0.00000000,0.00000000,0.00000000,0.00000000,0.00000000,0.00000000,0.01050052,0.00971254,0.00000000,0.00195449,0.00000000,0.00559013,0.00000000,0.00000000,0.01341890,0.00000000,0.00215270,0.00000000,0.00000000,0.00000000,0.00000000,0.00000000,0.00491360,0.00000000,0.00000000,0.00000000,0.00000000,0.00000000,0.00750289,0.00000000,0.00000000,0.00000000,0.00000000,0.00000000,0.00000000,0.00000000,0.00000000,0.00000000,0.00000000,0.00000000,0.00000000,0.00000000,0.00000000,0.00000000,0.08205273,0.00000000,0.00000000,0.00000000,0.00000000,0.00000000,0.00000000,0.00000000,0.01132607,0.00000000,0.00000000,0.00000000,0.00000000,0.00000000,0.00000000,0.00000000,0.00000000,0.00000000,0.00000000,0.00000000,0.00000000,0.00000000,0.00000000,0.00000000,0.00000000,0.00000000,0.00000000,0.00000000,0.00000000,0.00000000,0.00000000,0.00000000,0.05541474,0.00000000,0.00000000,0.00000000,0.00000000,0.00000000,0.00000000,0.00000000,0.00000000,0.00000000,0.00000000,0.00000000,0.00000000,0.00334907,0.00000000,0.00000000,0.00000000,0.00000000,0.00000000,0.00000000,0.00000000,0.02396730,0.00000000,0.00743776,0.00000000,0.00000000,0.00000000,0.00000000,0.00000000,0.00000000,0.00000000,0.00000000,0.00000000,0.00082833,0.00000000,0.00000000,0.00000000,0.00000000,0.00000000,0.00000000,0.00000000,0.00000000,0.00000000,0.00000000,0.00000000,0.00000000,0.00000000,0.00000000,0.00000000,0.00000000,0.25320506,0.00000000,0.00000000,0.00000000,0.00000000,0.00000000,0.00000000,0.00000000,0.00493848,0.00000000,0.00000000,0.00000000,0.00426013,0.00000000,0.00000000,0.00000000,0.00000000,0.00000000,0.00000000,0.00000000,0.00000000,0.00103253,0.00000000,0.00000000,0.04731689,0.00000000,0.00000000,0.00000000,0.08083391,0.00000000,0.00000000,0.00000000,0.03077485,0.00000000,0.00000000,0.00000000,0.00000000,0.00000000,0.00000000,0.00000000,0.00000000,0.00000000,0.00000000,0.00000000,0.00000000,0.00000000,0.00000000,0.00000000,0.00000000,0.00000000,0.00000000,0.00000000,0.00000000,0.00000000,1.30141597,0.02636746,0.00876866,0.00000000,0.00000000,0.00000000,0.00000000,0.00000000,0.00000000,0.00444933,0.00000000,0.00000000,0.00000000,0.00000000,0.00000000,0.00000000,0.00000000,0.00000000,0.00000000,0.00000000,0.00000000,0.00000000,0.00000000,0.00000000,0.00000000,0.00000000,0.00298540,0.00000000,0.41954473,0.00000000,0.04157502,0.02026203,0.00000000,0.00000000,0.00000000,0.00000000,0.01546173,0.00000000,0.00000000,0.00000000,0.00000000,0.00000000,0.00000000,0.00178900,0.00000000,0.00000000,0.00000000,0.03595170,0.00000000,0.00000000,0.21211342,0.00000000,0.00000000,0.00000000,0.00000000,0.00000000,0.00000000,0.00000000,0.00000000,0.00000000,0.00000000,0.00000000,0.00000000,0.00000000,0.01807962,0.00000000,0.00000000,0.00000000,0.00000000,0.00000000,0.00000000,0.00000000,0.00000000,0.00000000,0.00000000,0.62679412,0.00000000,0.00181530,0.00000000,0.00000000,0.00200111,0.00366294,0.00000000,0.00000000,0.00000000,0.00000000,0.00000000,0.00000000,0.00000000,0.00000000,0.00000000,0.00000000,0.00000000,0.00000000,0.00603133,0.00000000,0.00000000,0.00000000,0.00000000,0.00000000,1.82456568,0.02500824,0.00000000,0.00000000,0.00000000,0.00059133,0.00000000,0.00000000,0.00000000,0.00000000,0.00000000,0.00000000,0.00000000,0.00000000,0.00000000,0.00000000,0.01166928,0.00000000,0.00000000,0.00000000,0.00000000,0.00000000,0.00000000,0.00000000,0.00000000,0.00211975,0.00000000,0.00000000,0.00000000,0.00000000,0.00000000,0.00000000,0.00000000,0.00000000,0.00000000,0.02664699,0.00000000,0.00000000,0.00000000,0.00000000,0.00000000,0.00000000,0.00000000,0.04411066,0.00000000,0.00000000,0.00000000,0.00000000,0.00000000,0.03336160,0.00000000,0.00000000,0.00000000,0.11083128,0.00000000,0.00000000,0.00000000,0.00000000,0.00000000,0.00000000,0.00375025,0.00000000,0.00000000,0.00000000,0.00000000,0.00000000,0.00000000,0.00000000,0.00000000,0.00000000,0.00748526,0.00000000,0.00000000,0.01136878,0.00627880,0.00000000,0.00000000,0.00000000,0.00000000,0.00000000,0.00000000,0.00000000,0.00000000,0.00000000,0.00000000,0.04521880,0.00000000,0.00000000,0.00000000,0.00000000,0.00000000,0.00000000,0.00111909,0.00000000,0.00000000,0.00000000,0.00000000,0.00000000,0.00000000,0.00000000,0.00000000,0.00000000,0.00000000,0.00000000,0.00000000,0.00000000,0.00000000,0.00103075,0.00000000,0.00000000,0.00000000,0.00000000,0.00000000,0.03858455,0.00000000,0.00000000,0.00000000,0.00000000,0.00699541,0.00000000,0.00000000,0.00000000,0.00000000,0.00000000,0.00000000,0.00000000,0.00529387,0.00000000,0.00000000,0.00000000,0.00000000,0.00000000,0.00000000,0.00000000,0.00000000,0.00000000,0.00000000,0.00000000,0.00000000,0.00000000,0.00000000,0.00000000,0.00778065,0.00000000,0.00000000,0.00000000,0.00000000,0.00644878,0.01243249,0.00000000,0.00000000,0.00000000,0.00000000,0.00000000,0.00000000,0.10035042,0.00000000,0.00000000,0.00525840,0.00000000,0.00000000,0.00000000,0.00000000,0.00000000,0.00000000,0.00000000,0.00000000,0.00000000,0.00000000,0.00000000,0.00000000,0.00000000,0.00000000,0.00000000,0.00000000,0.00000000,0.00000000,0.00000000,0.00356105,0.00000000,0.00000000,0.00000000,0.00000000,0.00000000,0.00000000,0.00000000,0.00669908,0.00000000,0.00000000,0.00438919,0.00487415,0.00000000,0.02653397,0.00000000,0.00000000,0.00000000,0.00000000,0.00000000,0.00000000,0.00000000,0.00000000,0.00000000,0.00096076,0.00000000,0.00000000,0.00000000,0.00000000,0.00000000,0.00000000,0.04432234,0.00000000,0.00000000,0.00000000,0.00000000,0.00000000,0.00000000,0.00000000,0.00000000,0.00000000,0.00000000,0.00000000,0.00000000,0.00000000,0.00000000,0.00000000,0.00000000,0.00000000,0.00000000,0.00000000,0.00000000,0.00000000,0.00000000,0.00000000,0.00000000,0.00000000,0.00000000
0.00000000,0.00261717,0.00000000,0.00000000,0.00000000,0.00586796,0.00000000,0.00000000,0.00000000,0.00000000,0.06464161,0.00000000,0.00000000,0.00000000,0.00000000,0.00000000,0.00000000,0.00000000,0.00000000,0.00000000,0.00000000,0.00000000,0.00209938,0.19970279,0.00000000,0.00000000,0.00000000,0.00000000,0.00000000,0.00000000,0.00000000,0.00000000,0.00000000,0.00000000,0.00000000,0.00000000,0.00000000,0.00000000,0.00000000,0.00000000,0.00000000,0.00000000,0.00000000,0.00000000,0.00000000,0.00503246,0.00000000,0.00082487,0.00000000,0.28632195,0.00000000,0.00000000,0.00000000,0.00000000,0.00000000,0.00000000,0.00000000,0.00000000,0.00000000,0.67580847,0.00000000,0.12137612,0.00000000,0.00000000,0.00000000,0.00000000,0.00215105,0.00000000,0.00000000,0.00000000,0.00000000,0.00000000,0.00000000,0.00000000,0.00000000,0.00000000,0.00000000,0.00000000,0.00000000,0.00000000,0.00000000,0.00000000,0.00000000,0.00000000,0.00000000,0.00000000,0.00000000,0.00663681,0.00000000,0.00000000,0.00000000,0.00000000,0.00000000,0.01623327,0.00000000,0.00000000,0.00000000,0.00000000,0.00000000,0.00000000,0.00000000,0.03952021,0.00000000,0.00000000,0.00217027,0.49931245,0.00000000,0.00000000,0.00729832,0.00344083,0.00000000,0.00000000,0.01427437,0.00000000,0.00000000,0.00196912,0.00000000,0.00000000,0.00000000,0.00000000,0.01109718,0.00000000,0.00000000,0.00000000,0.00000000,0.00000000,0.00000000,0.00000000,0.00000000,0.00000000,0.00000000,0.00000000,0.00000000,0.00000000,0.00000000,0.00000000,0.00000000,0.00000000,0.00000000,0.05333727,0.00000000,0.00000000,0.00688625,0.00000000,0.00000000,0.00000000,0.00000000,0.00000000,0.00000000,0.00245579,0.00000000,0.00000000,0.00000000,0.00000000,0.00000000,0.00000000,0.00000000,0.00000000,0.00000000,0.03564321,0.00000000,0.00000000,0.00000000,0.00000000,0.00000000,0.00000000,0.00000000,0.05050243,0.00847837,0.00000000,0.00000000,0.00000000,0.00000000,0.00000000,0.00000000,0.00000000,0.00000000,0.00000000,0.02745806,0.00813761,0.00000000,0.00000000,0.00000000,0.00000000,0.00000000,0.00000000,0.00149539,0.00000000,0.00000000,0.00000000,0.00000000,0.00000000,0.00000000,0.00000000,0.00000000,0.00000000,0.00000000,0.00000000,0.00000000,0.00000000,0.00000000,0.01935571,0.00000000,0.00000000,0.00000000,0.00000000,0.00000000,0.00000000,0.00000000,0.00000000,0.00000000,0.00000000,0.00000000,0.00000000,0.00000000,0.00000000,0.00000000,0.00000000,0.00295045,0.00000000,0.00000000,0.00000000,0.00000000,0.00000000,0.00000000,0.00000000,0.00000000,0.00000000,0.00000000,0.00000000,0.00000000,0.00000000,0.00000000,0.02869815,0.00452624,0.00000000,0.00000000,0.00000000,0.00000000,0.00000000,0.00000000,0.17156559,0.00000000,0.00000000,0.08369839,0.00000000,0.00000000,0.00000000,0.00339621,0.00000000,0.00000000,0.00000000,0.00000000,0.00000000,0.00000000,0.00000000,0.00000000,0.00096445,0.00000000,0.00000000,0.00000000,0.00000000,0.00000000,0.00000000,0.00000000,0.00000000,0.00000000,0.00000000,0.00542245,0.00000000,0.00000000,0.00000000,0.00000000,0.00000000,0.00000000,0.00000000,0.12366866,0.00000000,0.00784508,0.00000000,0.00000000,0.00000000,0.00000000,0.00000000,0.00000000,0.00000000,0.00000000,0.00000000,0.00611697,0.00000000,0.00000000,0.00000000,0.00000000,0.00000000,0.00000000,0.00000000,0.00000000,0.00000000,0.00000000,0.00000000,0.00000000,0.00000000,0.00000000,0.00000000,0.00000000,0.00000000,0.00000000,0.00119175,0.00000000,0.00000000,0.00000000,0.00000000,0.00000000,0.00000000,0.00000000,0.00000000,0.00000000,0.00000000,0.00000000,0.00000000,0.00000000,0.00000000,0.00000000,0.00000000,0.00000000,0.00000000,0.00000000,0.00000000,0.00000000,0.00000000,0.00000000,0.00000000,0.00000000,0.00000000,0.00000000,0.00000000,0.00842362,0.00000000,0.02315419,0.00000000,0.00000000,0.00000000,0.00000000,0.00000000,0.00000000,0.00000000,0.00000000,0.00000000,0.00000000,0.00000000,0.00000000,0.00000000,0.00000000,0.00000000,0.00659760,0.00000000,0.00000000,0.00000000,0.00000000,0.00000000,0.00000000,0.00000000,0.00000000,0.00000000,0.00000000,0.00000000,0.00155130,0.00000000,0.00534389,0.00000000,1.36678798,0.00000000,0.02081006,0.00000000,0.00000000,0.00000000,0.00000000,0.00000000,0.00000000,0.00000000,0.12194825,0.00000000,0.00000000,0.00000000,0.00000000,0.00000000,0.00000000,0.00000000,0.00000000,0.00000000,0.00000000,0.00000000,0.00000000,0.00000000,0.00000000,0.00000000,0.00000000,0.02851339,0.00213097,0.00000000,0.00000000,0.00000000,0.00000000,0.00000000,0.00000000,0.00525987,0.00000000,0.00000000,0.00000000,0.00000000,0.00000000,0.00000000,0.00000000,0.00000000,0.00000000,0.00000000,0.00000000,0.00000000,0.00000000,0.00000000,0.00000000,0.00000000,0.00000000,0.00000000,0.00000000,0.00126736,0.00000000,0.00000000,0.00000000,0.00000000,0.00000000,0.00000000,0.93272005,0.00000000,0.00000000,0.01264198,0.00000000,0.00000000,0.00000000,0.00000000,0.00000000,0.00000000,0.00000000,0.00000000,0.00000000,0.00000000,0.00000000,0.00000000,0.00000000,0.00000000,0.00000000,0.00000000,0.00000000,0.00000000,0.00000000,0.00000000,0.00000000,0.00000000,0.00000000,0.05599262,0.00000000,0.00000000,0.04617275,0.00000000,0.00000000,0.00000000,0.77943678,0.00000000,0.00000000,0.00000000,0.00000000,0.00000000,0.00000000,0.00000000,0.00000000,0.00000000,0.00000000,0.00000000,0.00594899,0.00000000,0.00000000,0.00000000,0.00000000,0.00000000,0.00172283,0.01935267,0.00000000,0.00000000,0.00000000,0.00000000,0.00000000,0.00000000,0.00000000,0.00000000,0.00000000,0.00000000,0.97203421,0.00000000,0.08206763,0.00195395,0.00395407,0.00000000,0.00000000,0.00000000,0.00000000,0.00000000,0.00000000,0.00000000,0.00000000,0.00000000,0.00466955,0.00000000,0.00000000,0.00000000,0.00000000,0.00000000,0.00000000,0.00000000,0.00000000,0.01620693,0.00000000,0.00000000,0.00000000,0.00000000,0.00000000,0.00000000,0.00000000,0.00000000,0.00000000,0.00000000,0.00000000,0.00000000,0.00000000,0.00000000,0.00000000,0.00000000,0.00000000,0.00000000,0.00000000,0.00000000,0.00000000,0.00000000,0.00000000,0.00000000,0.00000000,0.00000000,0.00000000,0.00000000,0.00000000,0.17450714,0.00000000,0.00000000,0.01781501,0.00000000,0.00000000,0.00000000,0.00000000,0.00830994,0.00000000,0.00000000,0.00000000,0.00000000,0.00000000,0.00000000,0.00486062,0.00000000,0.00000000,0.00000000,0.00000000,0.00000000,0.00000000,0.00000000,0.00000000,0.00000000,0.00000000,0.00000000,0.04003564,0.00000000,0.02681908,0.00000000,0.00000000,0.00471229,0.00000000,0.00000000,0.00000000,0.00357605,0.00000000,0.00000000,0.00000000,0.00000000,0.00000000,0.00000000,0.00000000,0.00000000,0.00200359,0.00416233,0.00000000,0.05350685,0.00000000,0.01403251,0.00000000,0.00000000,0.00000000,0.00000000,0.00110283,0.00000000,0.00000000,0.00259956,0.00421403,0.00000000,0.00000000,0.00000000,0.00000000,0.00000000,0.00000000,0.00000000,0.00000000,0.00000000,0.00000000,0.00000000,0.00000000,0.00000000,0.01369581,0.00000000,0.00000000,0.00000000,0.00000000,0.00000000,0.00000000,0.00000000,0.00000000,0.00000000,0.00000000,0.00000000,0.00000000,0.00000000,0.00000000,0.00000000,0.00000000,0.00000000,0.00000000,0.00078927,0.00000000,0.00000000,0.00000000,0.00000000,0.42755934,0.00000000,0.00000000,0.00000000,0.00000000,0.00000000,0.00000000,0.00000000,4.20712826,0.00000000,0.00000000,0.00000000,0.00000000,0.00000000,0.00000000,0.00000000,0.00000000,0.00000000,0.00000000,0.00000000,0.00000000,0.00368325,0.00000000,0.00000000,0.00000000,0.00185262,0.00000000,0.00000000,0.00288844,0.00000000,0.00000000,0.00584093,0.00156038,0.00000000,0.00000000,0.09372356,0.00000000,0.00000000,0.00000000,0.00000000,0.00000000,0.00000000,0.00000000,0.00000000,0.00000000,0.00000000,0.00000000,0.00000000,0.00000000,0.00125089,0.00000000,0.00000000,0.00000000,0.00000000,0.00000000,0.00000000,0.00000000,0.00000000,0.00000000,0.00000000,0.00000000,0.00000000,0.00000000,0.00543852,0.00508364,0.00000000,0.00000000,0.00000000,0.00000000,0.00000000,0.00139408,0.00000000,0.00000000,0.00319434,0.00000000,0.00000000,0.05733754,0.00000000,0.00000000,0.00000000,0.00000000,0.00000000,0.00000000,0.00000000,0.00000000,0.00000000,0.00000000,0.00000000,0.00000000,0.01836926,0.00000000,0.00000000,0.00000000,0.00000000,0.00000000,0.00000000,0.00000000,0.00000000,0.00000000,0.00077374,0.00000000,0.00000000,0.01625106,0.00000000,0.00000000,0.00000000,0.00000000,0.00000000,0.00681404,0.00000000,0.00000000,0.00000000,0.00000000,0.00000000,0.00000000,0.00000000,0.00000000,0.00000000,0.00000000,0.00000000,0.00255802,0.00000000,0.00874730,0.00000000,0.00870923,0.00885236,0.00000000,0.00000000,0.00292499,0.00447960,0.00000000,0.00000000,0.00000000,0.00235453,0.00000000,0.00000000,0.00000000,0.00000000,0.00000000,0.00000000,0.00000000,0.00000000,0.00000000,0.01861833,0.00193709,0.00000000,0.28135368,0.00000000,0.00000000,0.00000000,0.00000000,0.00000000,0.00000000,0.00000000
0.00000000,0.00000000,0.00000000,0.00000000,0.00000000,0.00000000,0.00000000,0.00000000,0.00000000,0.00000000,0.00000000,0.00000000,0.00000000,0.00632852,0.00000000,0.00000000,0.00000000,0.00000000,0.00000000,0.00000000,0.00000000,0.00000000,0.00000000,0.00000000,0.00000000,0.00000000,0.00000000,0.00000000,0.01569855,0.00368633,0.00000000,0.00000000,0.00355097,0.00000000,0.00000000,0.17455576,0.04209340,0.00000000,0.00000000,0.00000000,0.00000000,0.00000000,0.00000000,0.00000000,0.00000000,0.00000000,0.00000000,0.00000000,0.00000000,0.00522633,0.00000000,0.01111743,0.00000000,0.00000000,0.00000000,0.02280463,0.00000000,0.00000000,0.00000000,0.00000000,0.00578794,0.00000000,0.00000000,0.00304885,0.00931123,0.00000000,0.00000000,0.00000000,0.00000000,0.00000000,0.00000000,0.00000000,0.26967008,0.00000000,0.08372494,0.00000000,0.00000000,0.00000000,0.00000000,0.00000000,0.00000000,0.00000000,0.00000000,0.00000000,0.00594275,0.00000000,0.00000000,0.01006721,0.00000000,0.00000000,0.00000000,0.00000000,0.00000000,0.08305119,0.00000000,0.00000000,0.00000000,0.00000000,0.00000000,0.01198178,0.00000000,0.00000000,0.00000000,0.00000000,0.00000000,0.00000000,0.00000000,0.00000000,0.00000000,0.00000000,0.00000000,0.00000000,0.00000000,0.00000000,0.00000000,0.01712822,0.00000000,0.00000000,0.00000000,0.00000000,0.00000000,0.00000000,0.00000000,0.00000000,0.00000000,0.00000000,0.00000000,0.00000000,0.00000000,0.00000000,0.00000000,0.00000000,0.00000000,0.01402522,0.00000000,0.00000000,0.00000000,0.00000000,0.00000000,0.00000000,0.00000000,0.00000000,0.00000000,0.00000000,0.00000000,0.00000000,0.00000000,0.00000000,0.00000000,0.00000000,0.00000000,0.00000000,0.00845046,0.00000000,0.00000000,0.00000000,0.00000000,0.00000000,0.00000000,0.25194970,0.00000000,0.00000000,0.00000000,0.00000000,0.00000000,0.00000000,0.00000000,0.00000000,0.00000000,0.00000000,0.00000000,0.00000000,0.00000000,0.00000000,0.00117652,0.00000000,0.00000000,0.00000000,0.00000000,0.09668668,0.00000000,0.00000000,0.00000000,0.00000000,0.00000000,0.00000000,0.00000000,0.00000000,0.00000000,0.00000000,0.00000000,0.28040055,0.00000000,0.00000000,0.15443655,0.00000000,0.00000000,0.02288349,0.00000000,0.00000000,0.00000000,0.00000000,0.00000000,0.00000000,0.00000000,0.00000000,0.00000000,0.00000000,0.00000000,0.00099338,0.00000000,0.00000000,0.00199696,0.00000000,0.00000000,0.00000000,0.00000000,0.00000000,0.00000000,0.00000000,0.00000000,0.00000000,0.00000000,0.00000000,0.00000000,0.00000000,0.00000000,0.02264363,0.00000000,0.00000000,0.00000000,0.00000000,0.00000000,0.00000000,0.00000000,0.00843680,0.00000000,0.00634158,0.00000000,0.00000000,0.00000000,0.00000000,0.00000000,0.00000000,0.00000000,0.00000000,0.00000000,0.00000000,0.00000000,0.00000000,0.00000000,0.00000000,0.00000000,0.00000000,0.00000000,0.00000000,0.00000000,0.00000000,2.39821222,0.00000000,0.01224692,0.00000000,0.00000000,0.00000000,0.00000000,0.01052703,0.00000000,0.00000000,0.02885702,0.00000000,0.00000000,0.00000000,0.00000000,0.00000000,0.00000000,0.00000000,0.00000000,0.00000000,0.00000000,0.00000000,0.00000000,0.00000000,0.00000000,0.00000000,0.00107196,0.00000000,0.00000000,0.00000000,0.00000000,0.00000000,0.00000000,0.00000000,0.00000000,0.00000000,0.00582425,0.00000000,0.00787035,0.00000000,0.00000000,0.00000000,0.00262678,0.00703268,0.00000000,0.00000000,0.00000000,0.00000000,0.01659067,0.00000000,0.00000000,0.00000000,0.00534190,0.00000000,0.00000000,0.00000000,0.00000000,0.00000000,0.29813745,0.00000000,0.00000000,0.00000000,0.00000000,0.00000000,0.00000000,0.00000000,0.00000000,0.00000000,0.01377589,0.00000000,0.00000000,0.00000000,0.00000000,0.00000000,0.00000000,0.07497091,0.00000000,0.03754804,0.00000000,0.00000000,0.00519328,0.00000000,0.00000000,0.00000000,0.00000000,0.00000000,0.00000000,0.00122965,0.00000000,0.00000000,0.00360822,0.00297932,0.00658559,0.00259062,0.00000000,0.00000000,0.00000000,0.00000000,0.00000000,0.00514852,0.00000000,0.00000000,0.00000000,0.00000000,0.00000000,0.00000000,0.00000000,0.00000000,0.00000000,0.00000000,0.00000000,0.00000000,0.00000000,0.00000000,0.00000000,0.00000000,0.00000000,0.00000000,0.00000000,0.00000000,0.37846468,0.00000000,0.00000000,0.00000000,0.00000000,0.00000000,0.00000000,0.00000000,0.00000000,0.00437442,0.00000000,0.00000000,0.00000000,0.00000000,0.00000000,0.00000000,0.00000000,0.00364315,0.00000000,0.00000000,0.00000000,0.00000000,0.00000000,0.01614410,0.00000000,0.00000000,0.00000000,0.00067646,0.00000000,0.00138030,0.00000000,0.00000000,0.00000000,0.00000000,0.00000000,0.00000000,0.00000000,0.00000000,0.00000000,0.00000000,0.00000000,0.00000000,0.00000000,0.01804931,0.00000000,0.00000000,0.00000000,0.00000000,0.00000000,0.00000000,0.00000000,0.00000000,0.00145036,0.00000000,0.00000000,0.00000000,0.00000000,0.00000000,0.00000000,0.00000000,0.00000000,0.00000000,0.00000000,0.00000000,0.00000000,2.17325432,0.00000000,0.00000000,0.00000000,0.00400245,0.00000000,0.00000000,0.22423426,0.00000000,0.00000000,0.00000000,0.00000000,0.01456810,0.00000000,0.00000000,0.00146288,0.00000000,0.00000000,0.00000000,0.00000000,0.00000000,0.00000000,0.00000000,0.00000000,0.00000000,0.00000000,0.00000000,0.00000000,0.00000000,0.00000000,0.00000000,0.00000000,0.00000000,0.00000000,0.00000000,0.01943887,0.00000000,0.01382262,0.03306270,0.00000000,0.00000000,0.00412267,0.00000000,0.00000000,0.00000000,0.00000000,0.02463177,0.00000000,0.00000000,0.01463084,0.00000000,0.00000000,0.00000000,0.00161521,0.00000000,0.00000000,0.00000000,0.00000000,0.00000000,0.00079550,0.00000000,0.02932606,0.00000000,0.00000000,0.00000000,0.00000000,0.00000000,0.05503913,0.00000000,0.00000000,0.00000000,0.00000000,0.00000000,0.00449728,0.00000000,0.00000000,0.00000000,0.00000000,0.00000000,0.00000000,0.00000000,0.00000000,0.01005567,0.00000000,0.00483575,0.00000000,0.04208316,0.00000000,0.00000000,0.00000000,0.00329583,0.03183972,0.00000000,0.00000000,0.00000000,0.00000000,0.00000000,0.00000000,0.00000000,0.00000000,0.01977563,0.00000000,0.00000000,0.00000000,0.00000000,0.00000000,0.00000000,0.00000000,0.00189480,0.00000000,0.00000000,0.00000000,0.00000000,0.00000000,0.00000000,0.00000000,0.00000000,0.00000000,0.10968194,0.00000000,0.00000000,0.00000000,0.00000000,0.00000000,0.00179078,0.00000000,0.00000000,0.00000000,0.00000000,0.00000000,0.00000000,0.00000000,0.00000000,0.00000000,0.00000000,0.00000000,0.00000000,0.00000000,0.01016268,0.00000000,0.00000000,0.00000000,0.00000000,0.00000000,0.00000000,0.00000000,0.00000000,0.00000000,0.00000000,0.00000000,0.00000000,0.00000000,0.00000000,0.00000000,0.00000000,0.00000000,0.02909066,0.00000000,0.02772286,0.00000000,0.00000000,0.00000000,0.00000000,0.00000000,0.00000000,0.00000000,0.00462710,0.00000000,0.00000000,0.00000000,0.00000000,0.00000000,0.00000000,0.00000000,0.00000000,0.00000000,0.00000000,0.00000000,0.00000000,0.00000000,0.00000000,0.00338926,0.00000000,0.00000000,0.00000000,0.00000000,0.00000000,0.00000000,0.00000000,0.00000000,0.00000000,0.00000000,0.00000000,0.00000000,0.00000000,0.00000000,0.00000000,0.00000000,0.00000000,0.00000000,0.00000000,0.00000000,0.00000000,0.00000000,0.00000000,0.00000000,0.67937094,0.00000000,0.00000000,0.00000000,0.00000000,0.00000000,0.00000000,0.00000000,0.00000000,0.00000000,0.00841491,0.00000000,0.00000000,0.00000000,0.00000000,0.00000000,0.00000000,0.00834922,0.00000000,0.00000000,0.00000000,0.00000000,0.00000000,0.00000000,0.00000000,0.00000000,0.00000000,0.00000000,0.00000000,0.00000000,0.00000000,0.00000000,0.00000000,0.00000000,0.00000000,0.00000000,0.01399142,0.00000000,0.00000000,0.00000000,0.00000000,0.00000000,0.00000000,0.00000000,0.00000000,0.00000000,0.00000000,0.00000000,0.00208467,0.00000000,0.00000000,0.00000000,0.00000000,0.00000000,0.00000000,0.00000000,0.00000000,0.00000000,0.00000000,0.03324258,0.00000000,0.00000000,0.00388994,0.00000000,0.00519696,0.00000000,0.00000000,0.00000000,0.01004820,0.00000000,0.00000000,0.00000000,0.00000000,0.00000000,0.00000000,0.00000000,0.00000000,0.00000000,0.00000000,0.00000000,0.00000000,0.00000000,0.00000000,0.00000000,0.00000000,0.00000000,0.00000000,0.00000000,0.00000000,0.00000000,0.02877321,0.00000000,0.00000000,0.00000000,0.00000000,0.00000000,0.00000000,0.00000000,0.00000000,0.05492164,0.00000000,0.00000000,0.00000000,0.00748002,0.00000000,0.00000000,0.00000000,0.00000000,0.00000000,0.02066199,0.00000000,0.00000000,0.00000000,0.00338877,0.00000000,0.00000000,0.00000000,0.00000000,0.00000000,0.00000000,0.01988163,0.00000000,0.00642548,0.00813153,0.00000000,0.00000000,0.00000000,0.00000000,0.06048124,0.00000000,0.00000000,0.00000000,0.00000000,0.00135322,0.01387949,0.00382847,0.00000000,0.00000000,0.00000000,0.00000000,0.00000000,0.00000000,0.00000000,0.00000000,0.00000000,0.00000000,0.00000000,0.00000000,0.02788088,0.00000000,0.00000000
0.00000000,0.00000000,0.00000000,0.00000000,0.00000000,0.00000000,0.00000000,0.00441954,0.00000000,0.00327113,0.00000000,0.00000000,0.00000000,0.00000000,0.00000000,0.00000000,0.00802822,0.00000000,0.00000000,0.00000000,0.00000000,0.00176616,0.00000000,0.00000000,0.00000000,0.00000000,0.00000000,0.00000000,0.00000000,0.00000000,0.00000000,0.00000000,0.00000000,0.00000000,0.00000000,0.00000000,0.00213514,0.00000000,0.00000000,0.00000000,0.00000000,0.00000000,0.00000000,0.00000000,0.00000000,0.00000000,0.00000000,0.00000000,0.00000000,0.00000000,0.00000000,0.00000000,0.00000000,0.00000000,0.00278292,0.00000000,0.00000000,0.00000000,0.00000000,0.00000000,0.00000000,0.00000000,0.00000000,0.00000000,0.00000000,0.01756193,0.00000000,0.00509507,0.00000000,0.00000000,0.00000000,0.00000000,0.00000000,0.00000000,0.00000000,0.00000000,0.00000000,0.00000000,0.00000000,0.00000000,0.00000000,0.00000000,0.01120097,0.00128418,0.00000000,0.00931714,0.00000000,0.00000000,0.00000000,0.00000000,0.00000000,0.00000000,0.02746519,0.00000000,0.31954609,0.00705278,0.00000000,0.00000000,0.00000000,0.00000000,0.00154492,0.00000000,0.00000000,0.00301842,0.00000000,0.00000000,0.00167333,0.00000000,0.00000000,0.00000000,0.00000000,0.00000000,0.00000000,0.00000000,0.00000000,0.00000000,0.00000000,0.00000000,0.02281502,0.00000000,0.00000000,0.00000000,0.00000000,0.00000000,0.00000000,0.00000000,0.00000000,0.00000000,0.00000000,0.00000000,0.00000000,0.00000000,0.00000000,0.00000000,0.00000000,0.00000000,0.00668601,0.00000000,0.00000000,0.00000000,0.00000000,0.00000000,0.00000000,0.00000000,0.00000000,0.00000000,0.00000000,0.00000000,0.01035595,0.00000000,0.00000000,0.00000000,0.00000000,0.00000000,0.00000000,0.00000000,0.00000000,0.00000000,0.00000000,0.03443027,0.00000000,0.00000000,0.00000000,0.00000000,0.00000000,0.00000000,0.00000000,0.00000000,0.00000000,0.00000000,0.00000000,0.00000000,0.00000000,0.00000000,0.00000000,0.00000000,0.00000000,0.00000000,0.00000000,0.00000000,0.00000000,0.00000000,0.23731706,0.05889383,0.00000000,0.00000000,0.00000000,0.00000000,0.00000000,0.00000000,0.00000000,0.00000000,0.00000000,0.00000000,0.00000000,0.00000000,0.00000000,0.07137058,0.00000000,0.00000000,0.00000000,0.00000000,0.00000000,0.00000000,0.00000000,0.00000000,0.00000000,0.00000000,0.00515955,0.00000000,0.00000000,0.00000000,0.00000000,0.00179825,0.00000000,0.00000000,0.00000000,0.00462946,0.00000000,0.00000000,0.00000000,0.00000000,0.00000000,0.00000000,0.00000000,0.00211191,0.00000000,0.00000000,0.00000000,0.00000000,0.00000000,0.00161197,0.01496346,0.00000000,0.00000000,0.00000000,0.00000000,0.00000000,0.00000000,0.00000000,0.00000000,0.00000000,0.00000000,0.00000000,0.00000000,0.00000000,0.00397425,0.00000000,0.00000000,0.00000000,0.00000000,0.00000000,0.00000000,0.00000000,0.00000000,0.00000000,0.00000000,0.00000000,0.00000000,0.00727860,0.00000000,0.00000000,0.00404353,0.00000000,0.00000000,0.00000000,0.01431328,0.00000000,0.00000000,0.00000000,0.00000000,0.00000000,0.00000000,0.00000000,0.00000000,0.00000000,0.00000000,0.00000000,0.00000000,0.00000000,0.01168691,0.03327253,0.00491608,0.00000000,0.00000000,0.00000000,0.00000000,0.00000000,0.00000000,0.00000000,0.00000000,0.00000000,0.00000000,0.00000000,0.00000000,0.00000000,0.00000000,0.00000000,0.00000000,0.00000000,0.00000000,0.00000000,0.00000000,0.00000000,0.00000000,0.03102572,0.00000000,0.00000000,0.00000000,0.00000000,0.00000000,0.00162690,0.00000000,0.00000000,0.00000000,0.00000000,0.00000000,0.00068884,0.00260114,0.00000000,0.00000000,0.00000000,0.42667972,0.00000000,0.00000000,0.00000000,0.01245474,0.00000000,0.00000000,0.00000000,0.00000000,0.00000000,0.00000000,0.00000000,0.00000000,0.00000000,0.00000000,0.00000000,0.00000000,0.00000000,0.00000000,0.00000000,0.00000000,0.00000000,0.00000000,0.00319753,0.00000000,0.00000000,0.00000000,0.00000000,0.00000000,0.15177871,0.00000000,0.00000000,0.03806315,0.00000000,0.00498438,0.04664985,0.00000000,0.00000000,0.00000000,0.00000000,0.00000000,0.00000000,0.00000000,0.00000000,0.00000000,0.00000000,0.00000000,0.00000000,0.00000000,0.00000000,0.12525817,0.00000000,0.00000000,0.00997515,0.00000000,0.00110673,0.00000000,0.00000000,0.00000000,0.00000000,0.00000000,0.00000000,0.00000000,0.03023422,0.00000000,0.00000000,0.00000000,0.00000000,0.00000000,0.00095272,0.00000000,0.00000000,0.02430412,0.00000000,0.00000000,0.00000000,0.00000000,0.00000000,0.00000000,0.00000000,0.00000000,0.00000000,0.00000000,0.00000000,0.00000000,0.00000000,0.00000000,0.00000000,0.00747244,0.00000000,0.00000000,0.00000000,0.00000000,0.00000000,0.00000000,0.00000000,0.00000000,0.00000000,0.52343071,0.00000000,0.00227121,0.00000000,3.08029918,0.00000000,0.00000000,0.00000000,0.00000000,0.00000000,0.00000000,0.00000000,0.02059627,0.00000000,0.00000000,0.00000000,0.00000000,0.00000000,0.00000000,0.00000000,0.00000000,0.00000000,0.00000000,0.00000000,0.00000000,0.00000000,0.00528620,0.00000000,0.00000000,0.00000000,0.00000000,0.00000000,0.00000000,0.00000000,0.00000000,0.00000000,0.00000000,0.00000000,0.00000000,0.00000000,0.00000000,0.00000000,0.00000000,0.00000000,0.00000000,0.00000000,0.00000000,0.00000000,1.01024965,0.00000000,0.00213534,0.00000000,0.00129075,0.00000000,0.25169767,0.00000000,0.00000000,0.00588366,0.00000000,0.00000000,0.01142628,0.00000000,0.00000000,0.00000000,0.00000000,0.00000000,0.00000000,0.07337603,0.00000000,0.00000000,0.00000000,0.02745801,0.00000000,0.00439491,0.00000000,0.00000000,0.00000000,0.00000000,0.00000000,0.00000000,0.00000000,0.02684623,0.00000000,0.00000000,0.01130812,0.00000000,1.28539043,0.00000000,0.00000000,0.00000000,0.00000000,0.00000000,0.00000000,0.00736708,0.00000000,0.01070458,0.00000000,0.00000000,0.00000000,0.00000000,0.00000000,0.00000000,0.13475982,0.00000000,0.00000000,0.00000000,0.00000000,0.00000000,0.00000000,0.00000000,0.00000000,0.00000000,0.00000000,0.00000000,0.00000000,0.00000000,0.00000000,0.00000000,0.00000000,0.00000000,0.00000000,0.02701309,0.00000000,0.00000000,0.00000000,0.00000000,0.00091829,0.00000000,0.00000000,0.00000000,0.00000000,0.00000000,0.00000000,0.00000000,0.00000000,0.00000000,0.00262157,0.00000000,0.00000000,0.00000000,0.00000000,0.00000000,0.00000000,0.00000000,0.00000000,0.00276230,0.00000000,0.00000000,0.02646499,0.00000000,0.00000000,0.00000000,0.00000000,0.00000000,0.00000000,0.00000000,0.14610287,0.00000000,0.01203774,0.00000000,0.00000000,0.00000000,0.00000000,0.05891732,0.00077108,0.00000000,0.00000000,0.00000000,0.00000000,0.00000000,0.00000000,0.00000000,0.00000000,0.00000000,0.02216718,0.00000000,0.00000000,0.00000000,0.00000000,0.85243491,0.00000000,0.00000000,0.00000000,0.00000000,0.00000000,0.00000000,0.00000000,0.00000000,0.00000000,0.00000000,0.00000000,0.00000000,0.00000000,0.00000000,0.00000000,0.00000000,0.00000000,0.00902048,0.00000000,0.00000000,0.00000000,0.00000000,0.00000000,0.00000000,0.00000000,0.00000000,0.00000000,0.00000000,0.00000000,0.00000000,0.00000000,0.00000000,0.00000000,0.00000000,0.00000000,0.00000000,0.00000000,0.00000000,0.00000000,0.00000000,0.00000000,0.00000000,0.00000000,0.00000000,0.00000000,0.00000000,0.00000000,0.00000000,0.00000000,0.00000000,0.00000000,0.00000000,0.00000000,0.00000000,0.00000000,0.00000000,0.00000000,0.00000000,0.00000000,0.00000000,0.00000000,0.00000000,0.00000000,0.00128138,0.00000000,0.51120639,0.00000000,0.00000000,0.00000000,0.00778783,0.00000000,0.00000000,0.00000000,0.00000000,0.00088792,0.00000000,0.00927239,0.00000000,0.00000000,0.00000000,0.00000000,0.00000000,0.00000000,0.00000000,0.00000000,0.00846593,0.33332947,0.00000000,0.00000000,0.00429556,0.00000000,0.00000000,0.00000000,0.00000000,0.00000000,0.00000000,0.00000000,0.00000000,0.00000000,0.00000000,0.00000000,0.00000000,0.00000000,0.00000000,0.00000000,0.00000000,0.00000000,0.00000000,0.00000000,0.01721269,0.00000000,0.00000000,0.00357284,0.00000000,0.00000000,0.08421963,0.00000000,0.00000000,0.00000000,0.00000000,0.00000000,0.00000000,0.00000000,0.00640729,0.00000000,0.00000000,0.00253391,0.00000000,0.00000000,0.01703227,0.00000000,0.00000000,0.00000000,0.00000000,0.00000000,0.00000000,0.00000000,0.00000000,0.00000000,0.00000000,0.00000000,0.00000000,0.00000000,0.00000000,0.00000000,0.00000000,0.00000000,0.00000000,0.00000000,0.00000000,0.00000000,0.00291793,0.00099948,0.00000000,0.00000000,0.00000000,0.00000000,0.00000000,0.00000000,0.00000000,0.00379952,0.00000000,0.00308381,0.02928779,0.00000000,0.00000000,0.00191822,0.00000000,0.00482665,0.03444616,0.00000000,0.00000000,0.00000000,0.00000000,0.00000000,0.00000000,0.00000000,0.03764288,0.00000000,0.00000000,0.00000000,0.00000000,0.00000000,0.02363378,0.00000000,0.00000000,0.00944593,0.00000000,0.00000000,0.00000000,0.00000000,0.00000000,0.00803473,0.00000000,0.00000000,0.00404700,0.00000000,0.00000000,0.00000000,0.00000000
0.00000000,0.00000000,0.00000000,0.00000000,0.00000000,0.00000000,0.00000000,0.00000000,0.00000000,0.00000000,0.00000000,0.00000000,0.00000000,0.00000000,0.00000000,0.00000000,0.00000000,0.00000000,0.00000000,0.00000000,0.00000000,0.00000000,0.00000000,0.00000000,0.01050535,0.00000000,0.00000000,0.00000000,0.00000000,0.00000000,0.00000000,0.00000000,0.00000000,0.31678050,0.00000000,0.00000000,0.00000000,0.00000000,0.02838342,0.00000000,0.05127406,0.00000000,0.00000000,0.00000000,0.00000000,0.00000000,0.00175601,0.00544452,0.00000000,0.00000000,0.00000000,0.02271049,0.00000000,0.06673560,0.00000000,0.00000000,0.02832733,0.00000000,0.00000000,0.00000000,0.00000000,0.00000000,0.46802641,0.00101896,0.00000000,0.00000000,0.00000000,0.00566761,0.00000000,0.00000000,0.00000000,0.00000000,0.00000000,0.00000000,0.00000000,0.00000000,0.00000000,0.00000000,0.00000000,0.01557913,0.00000000,0.00000000,0.00000000,0.00000000,0.00000000,0.00333806,0.00000000,0.00000000,0.00000000,0.00000000,0.00000000,0.00000000,0.00000000,0.00000000,0.00000000,0.00000000,0.00454929,0.00000000,0.00000000,0.00000000,0.00000000,0.00000000,0.00000000,0.00000000,0.00000000,0.00000000,0.00000000,0.00000000,0.00000000,0.00000000,0.00000000,0.00000000,0.00000000,0.00000000,0.00000000,0.00000000,0.00000000,0.00000000,0.00000000,0.00000000,0.00000000,0.00000000,0.00000000,0.00000000,0.00000000,1.17391083,0.00000000,0.00000000,0.00000000,0.00000000,0.00000000,0.00000000,0.00000000,0.00000000,0.00000000,0.00000000,0.00000000,0.00000000,0.00000000,0.00000000,0.03373778,0.00098901,0.00000000,0.00000000,0.00000000,0.00000000,0.00000000,0.00000000,0.00000000,0.00375587,0.00000000,0.00000000,0.00000000,0.00000000,0.01774381,0.01296258,0.00000000,0.00000000,0.00000000,0.00000000,0.00000000,0.00000000,0.00000000,0.00000000,0.00000000,0.00000000,0.00326079,0.00574146,0.00000000,0.00000000,0.00000000,0.00000000,0.00000000,0.00000000,0.00000000,0.00000000,0.00000000,0.00000000,0.00597066,0.00000000,0.00000000,0.00000000,0.00000000,0.02502818,0.00000000,0.00000000,0.00000000,0.00000000,0.00000000,0.00000000,0.00000000,0.00000000,0.00000000,0.00000000,0.00000000,0.00758189,0.00000000,0.00000000,0.00437064,0.00000000,0.00000000,0.00000000,0.00000000,0.00000000,0.00000000,0.00000000,0.00000000,0.02467686,0.05210104,0.00000000,0.02656313,0.00000000,0.00000000,0.00000000,0.00000000,0.00000000,0.00000000,0.00000000,0.00534769,0.00000000,0.00000000,3.13957730,0.00000000,0.00000000,0.00000000,0.00000000,0.00000000,0.00000000,0.00000000,0.01404253,0.00000000,0.00000000,0.01810254,0.00000000,0.00000000,0.00000000,0.00000000,0.00000000,0.00000000,0.00000000,0.00000000,0.00000000,0.00000000,0.00000000,0.00000000,0.00000000,0.00460465,0.00328397,0.00000000,0.00000000,0.00000000,0.00000000,0.00000000,0.00000000,0.00000000,0.00000000,0.00000000,0.00000000,0.00000000,0.00000000,0.00000000,0.00000000,0.00000000,0.00000000,0.00000000,0.00000000,0.00000000,0.00000000,0.00000000,0.00000000,0.00000000,0.00000000,0.00000000,0.00000000,0.01917021,0.00000000,0.00000000,0.00000000,0.00000000,0.00392930,0.00000000,0.00000000,0.00000000,0.00297902,0.00000000,0.00000000,0.00000000,0.00000000,0.00000000,0.00000000,0.00000000,0.00000000,0.00000000,0.02319528,0.00000000,0.00000000,0.00000000,0.00000000,0.00792905,0.00000000,0.00000000,0.00000000,0.00000000,0.00000000,0.00000000,0.00706323,0.00000000,0.00000000,0.06263624,0.00000000,0.00000000,0.00000000,0.00000000,0.01826133,0.00000000,0.01236573,0.00000000,0.00000000,0.02915410,0.01733829,0.00000000,0.00000000,0.00000000,0.00000000,0.00000000,0.00000000,0.00000000,0.00000000,0.00000000,0.00000000,0.03507864,0.00000000,0.00000000,0.00000000,0.00000000,0.00000000,0.00000000,0.00000000,0.00000000,0.00000000,0.00000000,0.00236584,0.00000000,0.00179304,0.01533174,0.00000000,0.00000000,0.00000000,0.00000000,0.00000000,0.00000000,0.00000000,0.00000000,0.00000000,0.00000000,0.00000000,0.00000000,0.00000000,0.10147525,0.00000000,0.00000000,0.00000000,0.00112468,0.00000000,0.00000000,0.00000000,0.00000000,0.00801461,0.00000000,0.00000000,0.00000000,0.00000000,0.00000000,0.00000000,0.00000000,0.00000000,0.00000000,0.00000000,0.00000000,0.01027735,0.00000000,0.01915369,0.00000000,0.00000000,0.00000000,0.00000000,0.00000000,0.00000000,0.00000000,0.00000000,0.00000000,0.00581485,0.00000000,0.00000000,0.00000000,0.00000000,0.00000000,0.00000000,0.00000000,0.00000000,0.00143609,0.00000000,0.00000000,0.02124274,0.00000000,0.00000000,0.03853159,0.00000000,0.00000000,0.00832273,0.00000000,0.00000000,0.00000000,0.00000000,0.00000000,0.00000000,0.00000000,0.00000000,0.00000000,0.00000000,0.00000000,0.00000000,0.00000000,0.00000000,0.00000000,0.00000000,0.00000000,0.00322577,0.00000000,0.00000000,0.00000000,0.00000000,0.00000000,0.00000000,0.00000000,0.00000000,0.00000000,0.00000000,0.00000000,0.00000000,0.01226728,0.00395616,0.00000000,0.00000000,0.00000000,0.00000000,0.00000000,0.00000000,0.00000000,0.00000000,0.00000000,0.00000000,0.00000000,0.00000000,0.30020740,0.00000000,0.02645484,0.00000000,0.00000000,0.00000000,0.00000000,0.00000000,0.00000000,0.00000000,0.01105717,0.00000000,0.00000000,0.00000000,0.00000000,0.00000000,0.00000000,0.00000000,0.00000000,0.00000000,0.00000000,0.02624130,0.00000000,0.00000000,0.00000000,0.00000000,0.00000000,0.00000000,0.00000000,0.00000000,0.00000000,0.00000000,0.00000000,0.00000000,0.00000000,0.00906495,0.00000000,0.00000000,0.00000000,0.05756013,0.00000000,0.00000000,0.00000000,0.00000000,0.00000000,0.00000000,0.00000000,0.00000000,0.00000000,0.00000000,0.00000000,0.00000000,0.00000000,0.00000000,0.00000000,0.00000000,0.00000000,0.00000000,0.00000000,0.00000000,0.00000000,0.00000000,0.00000000,0.00000000,0.00000000,0.00000000,0.00000000,0.00000000,0.00097271,0.00000000,0.00000000,0.00000000,0.00284694,0.00000000,0.00682014,0.00000000,0.02908742,0.00804667,0.00000000,0.00000000,0.00000000,0.00000000,0.00000000,0.00000000,0.00000000,0.02611420,0.00545636,0.00000000,0.00000000,0.00000000,0.00000000,0.00000000,0.00000000,0.00000000,0.00000000,0.00000000,0.00000000,0.00000000,0.00718507,0.00000000,0.00000000,0.00000000,0.00917859,0.00000000,0.00000000,0.00000000,0.00000000,0.00423282,0.00000000,0.00000000,0.00000000,0.00000000,0.00000000,0.00000000,0.00000000,0.00000000,0.00000000,0.00000000,0.00000000,0.00000000,0.00000000,0.00000000,0.00000000,0.02845622,0.05826862,0.00559274,0.00000000,0.00000000,0.00452185,0.00159609,0.00000000,0.00000000,0.00280924,0.00000000,0.00000000,0.00000000,0.00000000,0.00000000,0.00000000,0.00000000,0.00000000,0.03431725,0.00431712,0.00000000,0.00000000,0.00000000,0.00000000,0.00000000,0.00000000,0.00000000,0.00000000,0.00000000,0.00000000,0.00000000,0.00416124,0.00000000,0.00000000,0.00000000,0.00000000,0.00264826,0.00000000,0.00000000,0.00000000,0.00000000,0.00398483,0.00727052,0.00000000,0.00000000,0.01036336,0.00000000,0.00000000,0.00000000,0.00000000,0.00000000,0.00000000,0.00000000,0.00000000,0.00635089,0.00000000,0.00000000,0.00000000,0.69549127,0.00000000,0.00000000,0.00000000,0.00000000,0.00348856,0.00000000,0.01807604,0.00000000,0.00000000,0.02594997,0.00000000,0.00000000,0.00000000,0.00000000,0.01236531,0.00000000,0.00000000,0.00000000,0.00000000,0.00000000,0.00000000,0.00000000,0.00000000,0.00000000,0.00000000,0.00000000,0.00000000,0.00000000,0.01504751,0.00000000,0.00000000,0.00000000,0.00000000,0.00537340,0.00000000,0.00000000,0.00000000,0.00000000,0.00000000,0.00000000,0.00000000,0.00000000,0.00000000,0.01968961,0.00000000,0.00000000,0.00000000,0.00000000,0.00000000,0.00000000,0.00000000,0.00000000,0.00000000,0.00000000,0.00000000,0.00000000,0.00000000,0.00000000,0.00000000,0.00000000,0.00000000,0.00000000,0.00000000,0.00000000,0.00000000,0.00000000,0.00778065,0.00000000,0.00000000,0.00000000,0.00000000,0.00000000,0.00000000,0.00000000,0.00000000,0.00000000,0.00000000,0.00000000,0.04679508,0.00000000,0.00000000,0.00000000,0.00000000,0.00000000,0.00000000,0.00493905,0.00000000,0.00000000,0.00000000,0.00000000,0.01323954,0.00000000,0.00000000,0.00000000,0.00000000,0.00000000,0.00000000,0.00000000,0.00000000,0.01531823,0.00000000,0.00000000,0.00000000,0.00000000,0.00505618,0.00000000,0.00000000,0.00000000,0.00000000,0.00000000,0.00000000,0.00000000,0.00000000,0.00000000,0.00000000,0.01257778,0.00000000,0.00000000,0.00000000,0.00000000,0.00000000,0.00000000,0.00401610,0.00000000,0.01438698,0.00000000,0.00000000,0.00000000,0.00000000,0.00000000,0.00566361,0.00000000,0.00000000,0.00000000,0.00000000,0.00000000,0.00000000,0.00000000,0.00000000,0.00000000,0.00000000,0.00000000,0.00000000,0.00000000,0.00000000,0.00223074,0.00000000,0.00000000,0.00000000,0.00202967,0.00000000,0.00000000,0.00000000,0.00000000,0.00000000,0.00000000,0.00000000,0.00000000,0.00000000,0.00000000,0.00000000,0.00000000,0.00000000,0.00000000
0.00000000,0.00000000,0.00000000,0.00823268,0.00000000,0.00000000,0.00000000,0.00000000,0.00350877,0.00105102,0.00000000,0.00000000,1.10375200,0.00000000,0.00000000,0.00000000,0.00374314,0.00000000,0.00000000,0.00000000,0.00935480,0.00000000,0.00000000,0.04312722,0.00000000,0.00000000,0.00000000,0.00000000,0.00000000,0.00609655,0.00000000,0.00725907,0.00000000,0.00000000,0.00000000,0.00000000,0.00000000,0.00000000,0.00000000,0.59639993,0.00000000,0.00000000,0.00000000,0.00000000,0.00000000,0.00559362,0.00000000,0.00000000,0.09680716,0.00000000,0.00000000,0.00000000,0.00000000,0.00000000,0.00000000,0.00000000,0.00000000,0.00000000,0.00000000,0.00000000,0.01411058,0.00000000,0.00000000,0.00000000,0.00000000,0.00000000,0.06686325,0.00000000,0.00000000,0.00000000,0.00000000,0.00000000,0.00000000,0.00000000,0.00000000,0.00000000,0.00329405,0.00000000,0.00000000,0.00000000,0.00000000,0.00000000,0.04179469,0.00000000,0.00000000,0.00000000,0.00000000,0.00000000,0.00587314,0.00082487,0.00000000,0.00000000,0.00000000,0.00000000,0.00000000,0.00000000,0.00000000,0.00000000,0.00502437,0.00000000,0.00000000,0.00000000,0.00117579,0.00000000,0.00000000,0.00000000,0.00000000,0.00000000,0.00000000,0.00000000,0.00000000,0.00000000,0.00000000,0.00000000,0.00000000,0.00000000,0.00000000,0.00000000,0.01074348,0.00000000,0.76664941,0.00000000,0.00000000,0.00000000,0.00000000,0.00000000,0.00000000,0.00000000,0.00000000,0.00000000,0.00000000,0.00000000,0.00000000,0.00000000,0.06561545,0.00000000,0.00000000,0.02825507,0.00000000,0.00000000,0.00000000,0.00000000,0.00000000,0.00000000,0.00000000,0.00000000,0.00000000,0.00000000,0.00000000,0.00000000,0.00000000,0.00000000,0.00000000,0.00000000,0.00000000,0.00000000,0.00000000,0.00000000,0.00000000,0.00000000,0.00000000,0.00000000,0.00000000,0.00000000,0.00000000,0.00000000,0.00000000,0.00000000,0.00000000,0.00000000,0.00000000,0.00000000,0.00000000,0.01684649,0.00000000,0.00000000,0.00000000,0.00000000,0.00000000,0.00000000,0.00000000,0.00343611,0.00000000,0.00000000,0.00000000,0.00000000,0.00000000,0.00000000,0.00000000,0.00000000,0.00000000,0.00000000,0.00000000,0.01480913,0.00000000,0.01102443,0.00000000,0.00000000,0.07939571,0.00000000,0.00000000,0.00000000,0.00000000,0.00000000,0.00611195,0.00000000,0.00000000,0.03600215,0.00000000,1.93906058,0.00000000,0.00000000,0.00000000,0.00000000,0.00138510,0.00000000,0.00000000,0.00000000,0.00000000,0.01012691,0.00000000,0.00000000,0.00000000,0.00000000,0.00000000,0.00000000,0.08236686,0.00000000,0.00000000,0.00000000,0.00000000,0.00000000,0.00000000,0.00000000,0.00000000,0.00000000,0.00000000,0.00000000,0.00000000,0.02158508,0.00000000,0.00719714,0.00000000,0.00000000,0.00000000,0.00000000,0.00000000,0.00000000,0.00000000,0.00000000,0.00000000,0.00000000,0.00000000,0.00000000,0.00000000,0.00000000,0.00000000,0.00000000,0.00168942,0.00289953,0.00000000,0.00000000,0.00000000,0.00000000,0.00000000,0.00000000,0.00000000,0.00000000,0.00000000,0.00000000,0.00000000,0.00000000,0.00000000,0.00417837,0.00000000,0.00000000,0.00000000,0.00000000,0.00000000,0.00000000,0.00000000,0.00000000,0.00000000,0.00000000,0.01591583,0.00393888,0.00000000,0.00000000,0.00000000,0.07542849,0.00000000,0.00000000,0.00000000,0.00000000,0.00000000,0.00000000,0.00000000,0.00000000,0.00000000,0.00000000,0.00000000,0.00000000,0.00000000,0.00820613,0.00000000,0.00000000,0.00000000,0.00000000,0.00000000,0.00000000,0.00000000,0.00000000,0.00000000,0.00000000,0.00000000,0.00000000,0.00000000,0.00000000,0.00000000,0.00000000,0.00000000,0.00000000,0.00000000,0.00000000,0.00000000,0.00000000,0.00000000,0.00000000,0.31776599,0.00000000,0.96849693,0.00000000,0.00000000,0.00000000,0.00000000,0.00000000,0.00000000,0.00000000,0.00000000,0.00000000,0.00000000,0.00617119,0.00000000,0.01088172,0.00000000,0.00000000,0.00000000,0.00495007,0.00000000,0.00000000,0.00000000,0.00000000,0.00000000,0.00000000,0.00000000,0.00000000,0.00000000,0.03280517,0.00345533,0.00000000,0.00000000,0.00000000,0.00000000,0.00000000,0.00000000,0.00000000,0.00436368,0.00000000,0.00000000,0.00000000,0.00000000,0.01299324,0.00000000,0.00000000,0.00000000,0.00000000,0.00000000,0.00000000,0.00000000,0.00000000,0.00000000,0.00000000,0.00000000,0.00000000,0.00000000,0.00000000,0.00000000,0.00000000,0.00000000,0.00000000,0.00000000,0.00000000,0.00000000,0.00059344,0.00000000,0.00000000,0.00000000,0.00000000,0.00000000,0.00000000,0.00000000,0.00000000,0.00000000,0.00000000,0.00000000,0.00374331,0.00000000,0.00000000,0.00000000,0.00552728,0.00332571,0.00000000,0.00000000,0.00000000,0.00000000,0.02796619,0.00000000,0.00000000,0.00000000,0.00000000,0.00000000,0.00000000,0.00000000,0.00000000,0.00000000,0.00000000,0.00000000,0.00993224,0.00595481,0.00000000,0.00000000,0.00000000,0.00000000,0.00000000,0.00000000,0.00000000,0.00000000,0.00000000,0.00000000,0.00000000,0.00354282,0.00000000,0.00000000,0.00696072,0.00000000,0.01510484,0.00000000,0.00000000,0.01765599,0.00000000,0.00000000,0.00000000,0.00000000,0.01716954,0.00000000,0.00000000,0.00000000,0.00000000,0.03369199,0.00942891,0.06635385,0.00000000,0.00000000,0.15721409,0.00000000,0.00000000,0.00000000,0.00000000,0.00000000,0.00000000,0.00000000,0.00000000,0.00000000,0.06075057,0.00000000,0.00000000,0.00000000,0.00584259,0.00000000,1.16351366,0.00000000,0.00000000,0.00000000,0.00000000,0.00000000,0.00000000,0.00000000,0.00000000,0.00000000,0.00000000,0.00000000,0.00000000,0.00000000,0.00000000,0.00000000,0.00000000,0.00000000,0.00000000,0.00000000,0.01253290,0.00000000,0.00000000,0.00000000,0.08004846,0.00000000,0.00000000,0.00000000,0.00087691,0.00000000,0.00000000,0.00000000,0.00000000,0.00000000,0.00000000,0.00000000,0.00000000,0.00000000,0.00000000,0.00000000,0.00000000,0.00000000,0.00000000,0.00000000,0.00000000,0.00000000,0.00000000,0.00000000,0.00000000,0.00000000,0.00246803,0.00000000,0.00000000,0.03128181,0.00000000,0.00000000,0.01559774,0.02837117,0.00000000,0.00000000,0.00000000,0.00000000,0.00000000,0.02114433,0.00000000,0.00000000,0.00000000,0.00000000,0.00000000,0.00000000,0.04801713,0.00000000,0.00000000,0.00000000,0.00000000,0.00000000,0.00000000,0.00000000,0.00000000,0.00000000,0.00000000,0.00000000,0.00000000,0.00000000,0.00000000,0.00000000,0.00000000,0.01163541,0.00000000,0.00000000,0.00000000,0.00000000,0.00000000,0.00000000,0.00195539,0.00000000,0.00000000,0.00000000,0.00000000,0.00000000,0.00000000,0.00000000,0.00000000,0.00000000,0.00000000,0.00000000,0.00000000,0.00000000,0.00000000,0.00000000,0.00000000,0.00000000,0.00000000,0.00000000,0.00000000,0.00229476,0.00000000,0.00000000,0.00000000,0.00000000,0.00000000,0.00000000,0.00000000,0.00000000,0.00000000,0.00000000,0.00000000,0.00000000,0.00000000,0.00000000,0.00000000,0.07083850,0.00000000,0.00724350,0.00000000,0.00000000,0.00000000,0.00000000,0.00000000,0.00000000,0.00604145,0.00000000,0.00000000,0.00000000,0.00327704,0.00000000,0.00931184,0.00000000,0.00000000,0.00000000,0.05802742,0.00000000,0.00000000,0.00000000,0.00000000,0.00000000,0.00000000,0.00114639,2.79655044,0.00327244,0.00686035,0.00000000,0.00000000,0.00000000,0.00000000,0.00000000,0.00000000,0.00000000,0.00000000,0.00000000,0.02454746,0.00000000,0.00000000,0.00000000,0.00000000,0.00000000,0.00000000,0.00000000,0.00000000,0.00000000,0.00072681,0.00000000,0.00000000,0.00282223,0.00000000,0.00000000,0.00000000,0.00000000,0.00000000,0.00000000,0.00000000,0.00000000,0.00000000,0.00000000,0.00000000,0.00000000,0.00000000,0.00000000,0.00000000,0.00000000,0.00000000,0.00000000,0.00000000,0.00000000,0.00000000,0.00000000,0.00000000,0.00000000,0.00000000,0.00000000,0.01147768,0.07854823,0.03112539,0.00000000,0.00000000,0.00000000,0.00000000,0.00000000,0.00000000,0.00000000,0.00000000,0.00000000,0.00000000,0.00000000,0.00000000,0.00000000,0.00000000,0.00000000,0.00000000,0.00000000,0.00000000,0.00000000,0.00000000,0.00000000,0.00000000,0.00000000,0.00000000,0.00000000,0.00000000,0.00000000,0.01513468,0.00000000,0.00000000,0.00000000,0.00000000,0.00000000,0.00000000,0.00557874,0.00000000,0.00000000,0.00000000,0.00000000,0.00000000,0.03567088,0.01904387,0.00000000,0.00000000,0.00000000,0.00000000,0.00000000,0.00000000,0.00000000,0.00000000,0.00000000,0.00000000,0.00000000,0.00000000,0.00000000,0.00000000,0.00000000,0.00000000,0.00000000,0.06443881,0.00235881,0.00000000,0.00000000,0.00000000,0.00000000,0.00000000,0.00000000,0.00000000,0.00000000,0.00000000,0.00538868,0.00000000,0.00000000,0.00000000,0.00000000,0.00000000,0.00000000,0.00000000,0.00073724,0.85165931,0.00120959,0.00243398,0.00000000,0.00000000,0.00000000,0.00000000,0.01695714,0.00138581,0.00000000,0.00000000,0.00000000,0.00000000,0.00000000,0.00000000,0.00000000,0.00000000,0.00000000,0.00000000,0.00000000,0.00000000,0.00000000,0.00000000,0.00000000,0.00000000,0.00959302,0.00000000,0.00000000,0.00000000
0.00743583,0.26509859,0.00000000,0.00619359,0.00000000,0.00543581,0.00711707,0.00000000,0.00000000,0.00000000,0.01133032,0.00000000,0.00000000,0.22865799,0.00000000,0.00000000,0.00000000,0.00000000,0.00000000,0.00000000,0.00000000,0.00000000,0.00000000,0.00000000,0.00000000,0.00000000,0.13719253,0.00780605,0.00000000,0.00000000,0.12781419,0.00000000,0.00000000,0.00000000,0.00000000,0.00000000,0.00000000,0.00000000,0.00000000,0.00000000,0.00000000,0.00000000,0.00000000,0.00000000,0.00000000,0.00000000,0.00000000,0.00000000,0.00000000,0.00000000,0.00000000,0.00000000,0.00000000,0.00000000,0.06848421,0.00000000,0.00675439,0.00000000,0.00000000,0.00586413,0.00000000,0.00000000,0.00000000,0.00000000,0.00000000,0.00000000,0.00000000,0.00000000,0.00000000,0.03798293,0.00000000,0.00000000,0.00000000,0.00000000,0.00000000,0.00000000,0.00000000,0.00000000,0.00000000,0.00000000,0.00000000,0.00000000,0.00000000,0.00000000,0.00362864,0.00000000,0.00000000,0.02308413,0.00000000,0.00000000,0.00000000,0.00000000,0.00000000,0.00000000,0.19290993,0.00000000,0.00120074,0.00000000,0.00000000,0.00000000,0.00000000,0.00000000,0.01454961,0.00000000,0.00000000,0.00000000,0.00000000,0.00000000,0.00000000,0.00000000,0.00000000,0.00000000,0.45574582,0.00000000,0.00000000,0.00000000,0.00000000,0.00000000,0.00000000,0.00000000,0.00000000,0.00000000,0.00000000,0.05927195,0.00000000,0.00000000,0.00000000,0.00000000,0.00000000,0.04132476,0.00000000,0.00000000,0.00000000,0.00000000,0.00000000,0.00000000,0.00000000,0.00000000,0.00000000,0.00000000,0.00000000,0.00000000,0.00000000,0.00000000,0.00000000,0.12803548,0.00000000,0.00000000,0.00000000,0.00000000,0.00000000,0.00000000,0.01548815,0.00000000,0.00000000,0.00000000,0.00000000,0.00000000,0.00000000,0.00000000,0.00000000,0.00000000,0.00000000,0.00000000,0.00000000,0.00000000,0.00000000,0.00135057,0.00000000,0.00088173,0.00000000,0.00000000,0.00000000,0.00000000,0.00000000,0.00000000,0.00000000,0.00000000,0.00000000,0.00000000,0.00327990,0.00000000,0.00000000,0.00000000,0.00000000,0.00000000,0.00000000,0.00000000,0.00000000,0.00000000,0.00000000,0.00000000,0.00000000,0.00000000,0.00000000,0.00000000,0.00000000,0.00000000,0.00215012,0.00000000,0.00000000,0.04904566,0.00000000,0.00226637,0.00000000,0.00000000,0.00000000,0.00000000,0.00000000,0.00000000,0.00000000,0.00000000,0.00000000,0.00000000,1.71724169,0.00000000,0.02461033,0.00000000,0.00000000,0.00000000,0.00000000,0.00448303,0.01484344,0.00000000,0.00000000,0.00000000,0.00000000,0.00000000,0.00000000,0.00000000,0.00891640,0.00195455,0.00000000,0.00000000,0.00000000,0.00000000,0.00000000,0.00000000,0.00000000,0.00000000,0.00000000,0.02659589,0.00000000,0.00000000,0.00000000,0.00000000,0.00000000,0.00000000,0.00608257,0.00000000,0.00000000,0.00000000,0.00000000,0.00000000,0.00000000,0.00000000,0.00000000,0.00000000,0.00000000,0.00000000,0.00000000,0.00000000,0.00000000,0.00000000,0.00000000,0.00000000,0.00000000,0.00000000,0.00000000,0.00000000,0.00000000,0.00000000,0.00000000,0.00000000,0.00000000,0.00000000,0.00000000,0.00000000,0.00000000,0.00000000,0.00000000,0.00000000,0.00000000,0.00000000,0.00000000,0.00000000,0.00000000,0.00000000,0.00000000,0.00000000,0.00000000,0.00000000,0.00000000,0.00000000,0.00000000,0.00000000,0.00349796,0.00000000,0.00000000,0.00000000,0.00000000,0.00000000,0.00000000,0.00000000,0.00101977,0.00000000,0.01974141,0.00000000,0.00000000,0.00000000,0.00000000,0.00000000,0.00000000,0.00000000,0.00000000,0.00000000,0.00000000,0.00000000,0.00000000,0.12484635,0.00000000,0.00000000,0.00000000,0.00000000,0.00000000,0.00000000,0.00000000,0.00000000,2.43565854,0.00000000,0.00399703,0.00000000,0.00000000,0.00000000,0.00000000,0.00000000,0.00000000,0.00000000,0.00000000,0.00000000,0.00000000,0.00171235,0.00000000,0.00000000,0.00000000,0.00000000,0.00000000,0.00000000,0.00000000,0.00000000,0.00000000,0.02334517,0.00000000,0.00000000,0.00000000,0.00112469,0.00000000,0.00000000,0.00000000,0.00373471,0.00000000,0.01356566,0.00000000,0.03094963,0.00000000,0.00000000,0.00000000,0.00000000,0.00000000,0.00000000,0.00000000,0.00000000,0.00000000,0.00000000,0.00000000,0.00000000,0.00000000,0.00000000,0.00000000,0.00000000,0.00000000,0.00000000,0.00000000,0.00000000,0.00000000,0.00000000,0.02765426,0.00000000,0.00000000,0.00000000,0.00000000,0.00000000,0.00000000,0.00000000,0.00000000,0.01796341,0.00000000,0.00000000,0.00000000,0.00000000,0.00000000,0.00000000,0.00000000,0.00000000,0.00000000,0.00000000,0.00000000,0.04230712,0.00000000,0.00000000,0.00000000,0.00000000,0.00000000,0.00000000,0.11193989,0.00000000,0.00000000,0.00288337,0.00000000,0.00000000,0.00000000,0.00000000,0.00000000,0.00000000,0.00000000,0.00000000,0.00000000,0.00000000,0.00000000,0.00000000,0.01404904,0.00768027,0.00000000,0.00000000,0.00000000,0.00000000,0.00000000,0.00232968,0.00000000,0.00000000,0.00000000,0.00000000,0.00000000,0.00000000,0.00000000,0.00000000,0.00000000,0.00000000,0.00000000,0.00000000,0.00000000,0.00000000,0.02976071,0.00000000,0.00000000,0.00000000,0.00000000,0.00000000,0.00000000,0.00444676,0.09598019,0.00000000,0.00000000,0.00000000,0.05851879,0.00000000,0.00000000,0.00000000,0.00000000,0.01887172,1.50378750,0.00000000,0.00000000,0.00000000,0.00000000,0.00000000,0.00000000,0.00000000,0.00000000,0.00000000,0.00000000,0.00000000,0.00000000,0.00000000,0.00000000,0.00000000,0.00000000,0.00000000,0.00000000,0.00000000,0.04022007,0.00000000,0.00000000,0.00000000,0.00000000,0.00000000,0.00328327,0.23219468,0.00000000,0.00000000,0.00000000,0.00000000,0.00000000,0.00000000,0.00000000,0.00000000,0.00000000,0.00000000,0.00000000,0.00000000,0.00000000,0.00000000,0.00000000,0.00000000,0.00000000,0.00000000,0.00000000,0.00000000,0.00000000,0.00000000,0.00000000,0.00000000,0.00000000,0.00000000,0.00000000,0.00000000,0.00000000,0.00000000,0.00139371,0.00000000,0.00000000,0.00000000,0.00000000,0.04381473,0.00000000,0.00000000,0.00000000,0.00000000,0.00000000,0.00000000,0.00000000,0.02798826,0.00000000,0.00000000,0.00000000,0.00000000,0.00000000,0.00000000,0.00000000,0.00000000,0.00000000,0.00000000,0.00000000,0.00000000,0.00000000,0.00000000,0.00000000,0.00000000,0.15061638,0.00000000,0.00000000,0.00000000,0.00000000,0.00000000,0.00000000,0.00000000,0.00000000,0.19709630,0.00000000,0.00000000,0.00000000,0.00000000,0.00000000,0.00000000,0.00000000,0.00000000,0.00000000,0.00000000,0.00000000,0.00000000,0.00000000,0.00000000,0.00000000,0.00000000,0.00000000,0.00000000,0.00000000,0.01295347,0.00933905,0.00000000,0.01502234,0.00000000,0.00000000,0.00000000,0.00350160,0.00000000,0.00000000,0.00000000,0.00165694,0.07763912,0.00000000,0.00000000,0.00000000,0.00000000,0.00000000,0.00000000,0.00910812,0.00263823,0.00000000,0.00000000,0.00000000,0.00194515,0.00000000,0.00000000,0.00000000,0.00657526,0.00783748,0.00000000,0.00000000,0.00000000,0.00000000,0.00000000,0.00000000,0.02867290,0.00000000,0.00000000,0.01170764,0.00000000,0.00000000,0.00000000,0.00000000,0.00000000,0.00000000,0.00000000,0.00000000,0.00000000,0.00176604,0.00000000,0.00000000,0.00000000,0.00000000,0.00000000,0.00000000,0.00000000,0.00000000,0.00000000,0.00000000,0.00000000,0.00248035,0.00000000,0.00000000,0.00000000,0.00551850,0.00000000,0.00741299,0.00000000,0.00351549,0.00267719,0.00000000,0.00000000,0.04241567,0.00000000,0.00000000,0.00000000,0.00000000,0.00000000,0.00000000,0.00000000,0.00000000,0.00000000,0.00000000,0.00000000,0.00000000,0.00000000,0.00000000,0.00000000,0.03108492,0.00000000,0.00000000,0.00927316,0.00000000,0.00000000,0.00000000,0.00000000,0.00000000,0.00000000,0.00000000,0.00000000,0.00000000,0.00000000,0.00000000,0.00000000,0.00000000,0.00000000,0.00000000,0.00000000,0.00000000,0.00000000,0.00000000,0.00000000,0.00000000,0.00000000,0.00000000,0.00000000,0.03324258,0.00000000,0.00000000,0.00000000,0.00000000,0.00000000,0.00000000,0.32525704,0.00000000,0.00134602,0.00000000,0.10406197,0.00000000,2.55664690,0.00000000,0.00000000,0.00000000,0.00000000,0.76570419,0.00498781,0.00000000,0.00000000,0.00000000,0.00000000,0.00000000,0.00000000,0.00000000,0.00000000,0.00000000,0.00000000,0.00000000,0.00144092,0.00000000,0.00000000,0.00000000,0.00000000,0.00000000,0.00548863,0.00000000,0.00000000,0.00000000,0.00000000,0.00000000,0.00000000,0.00000000,0.00000000,0.00000000,0.00000000,0.00000000,0.00000000,0.00000000,0.00000000,0.00398129,0.00442411,0.00000000,0.01212561,0.00000000,0.00569011,0.00000000,0.00000000,0.00000000,0.00299819,0.00000000,0.00118090,0.00000000,0.00000000,0.00000000,0.02399792,0.00000000,0.00000000,0.00000000,0.07777637,0.00000000,0.00000000,0.00000000,0.04033645,0.00000000,0.00000000,0.00000000,0.00000000,0.00000000,0.00000000,0.00000000,0.00000000,0.00000000,0.00000000,0.00000000,0.00000000,0.00323439,0.04450930,0.00000000,0.00000000,0.00000000,0.00000000,0.00000000,0.00000000
0.00000000,0.00000000,0.00000000,0.00000000,0.00000000,0.00000000,0.00000000,0.00000000,0.00000000,0.00000000,0.00000000,0.00000000,0.00000000,0.00000000,0.00347149,0.02126249,0.00000000,0.00324598,0.00000000,0.00000000,0.00000000,0.00000000,0.00000000,0.00000000,0.00000000,0.00000000,0.00000000,2.56768832,0.03901263,0.00813177,0.00000000,0.00000000,0.00000000,0.00000000,0.00000000,0.00000000,0.00000000,0.00000000,0.00000000,0.00000000,0.00000000,0.00000000,0.00000000,0.00000000,0.00000000,0.00000000,0.00000000,0.00000000,0.00000000,0.00000000,0.00000000,0.00000000,0.00173517,0.00000000,0.00000000,0.00000000,0.00000000,0.00000000,0.00000000,0.00000000,0.00000000,0.00083017,0.00000000,0.00000000,0.00000000,0.00000000,0.00000000,0.00000000,0.00000000,0.00000000,0.00000000,0.00000000,0.00000000,0.00000000,0.00000000,0.00000000,0.00224665,0.00000000,0.00000000,0.01497713,0.00000000,0.00000000,0.00000000,0.00000000,0.00000000,0.03517554,0.00000000,0.00000000,0.00000000,0.00000000,0.00000000,0.00000000,0.00000000,0.00000000,0.00000000,0.00000000,0.00000000,0.00000000,0.00000000,0.00000000,0.00000000,0.00000000,0.00000000,0.00000000,0.04021894,0.00000000,0.00000000,0.00000000,0.00000000,0.00000000,0.00000000,0.00000000,0.00000000,0.00000000,0.00000000,0.00000000,0.00167678,0.00000000,0.00000000,0.00000000,0.00000000,0.00129910,0.12434927,0.00000000,0.00000000,0.00000000,0.00000000,0.00000000,0.00000000,0.00000000,0.00000000,0.00000000,0.00000000,0.00000000,0.00000000,0.24570342,0.00000000,0.00000000,0.00000000,0.00000000,0.00000000,0.00000000,0.00000000,0.00000000,0.00000000,0.00000000,0.00000000,0.00000000,0.00000000,0.00000000,0.00000000,0.03721814,0.00000000,0.00000000,0.00000000,0.09283447,0.00000000,0.00000000,0.00000000,0.00000000,0.00000000,0.00000000,0.00000000,0.00000000,0.00000000,0.02607069,0.00000000,0.00000000,0.00000000,0.00000000,0.00000000,0.00459646,0.00000000,0.00000000,0.00000000,0.00000000,0.00000000,0.00000000,0.00000000,0.01176296,0.00000000,0.00000000,0.00000000,0.00000000,0.00000000,0.09117952,0.00000000,0.00000000,0.00000000,0.00000000,0.00000000,0.00000000,0.00000000,1.43713196,0.00000000,0.00000000,0.00000000,0.00410326,0.00000000,0.00000000,0.00000000,0.00000000,0.00000000,0.00000000,0.00000000,0.00000000,0.00000000,0.00000000,0.00000000,0.00000000,0.00000000,0.00000000,0.00000000,0.00000000,0.00000000,0.00000000,0.00000000,0.00000000,0.00000000,0.00000000,0.00000000,0.00000000,0.00457198,0.00000000,0.00000000,0.00000000,0.00000000,0.02650166,0.00000000,0.00000000,0.00000000,0.00172984,0.00000000,0.00000000,0.00151556,0.00000000,0.00000000,0.01587204,0.00000000,0.00000000,0.00000000,0.00000000,0.00000000,0.00000000,0.00000000,0.00000000,0.00000000,0.00000000,0.00000000,0.00000000,0.04983360,0.00000000,0.00000000,0.00000000,0.00000000,0.00000000,0.00000000,0.00000000,0.00000000,0.00000000,0.00000000,0.00000000,0.00000000,0.00000000,0.00000000,0.06364891,0.00000000,0.00000000,0.00000000,0.00000000,0.00000000,0.00000000,0.00210940,0.00000000,0.00000000,0.00000000,0.00000000,0.00000000,0.00000000,0.00000000,0.00000000,0.00000000,0.00000000,0.00000000,0.00000000,0.00000000,0.00199014,0.00000000,0.00000000,0.00000000,0.00000000,0.00000000,0.00000000,0.00000000,0.00000000,0.00239781,0.00000000,0.00000000,0.00000000,0.00000000,0.00000000,0.00000000,0.00000000,0.00000000,0.00000000,0.00000000,0.00000000,0.00000000,0.00000000,0.00460442,0.00000000,0.00000000,0.00000000,0.00000000,0.00000000,0.00000000,0.00000000,0.00000000,0.00000000,0.00000000,0.00000000,0.00000000,0.00000000,0.00000000,0.01514042,0.00000000,0.01824867,0.00000000,0.00000000,0.00000000,0.00000000,0.00000000,0.00000000,0.00000000,0.00000000,0.00000000,0.00000000,0.00000000,0.00000000,0.00000000,0.00000000,0.00000000,0.02407557,0.00000000,0.00000000,0.00000000,0.00000000,0.00000000,0.00000000,0.00000000,0.00000000,0.00000000,0.00144707,0.00000000,0.00000000,0.00000000,0.00000000,0.00000000,0.00000000,0.00000000,0.00214222,0.00000000,0.00000000,0.00000000,0.00000000,0.00000000,0.00000000,0.00000000,0.00000000,0.00315143,0.00000000,0.01760646,0.00000000,0.00000000,0.00000000,0.00000000,0.00000000,0.00000000,0.00102456,0.00000000,0.00000000,0.00000000,0.00000000,0.00441097,0.00000000,0.00000000,0.00000000,0.00000000,0.00000000,0.00000000,0.00000000,0.00000000,0.01008928,0.00000000,0.00000000,0.00000000,0.00000000,0.00230505,0.00069730,0.00000000,0.00419846,0.00000000,0.14183216,0.00000000,0.00000000,0.00000000,0.00000000,0.00000000,0.00000000,0.00000000,0.00000000,0.05188279,0.00539015,0.00000000,0.00000000,0.00805322,0.00000000,0.00000000,0.00000000,0.00000000,0.00799774,0.00000000,0.00000000,0.00000000,0.00000000,0.00000000,0.04485391,0.00000000,0.00000000,0.00000000,0.28791950,0.00000000,0.00000000,0.00000000,0.00000000,0.00079706,0.00000000,0.00728568,0.00000000,0.00000000,0.00000000,0.00000000,0.00000000,0.00000000,0.00000000,0.00000000,0.00000000,0.00000000,0.00000000,0.00000000,0.00000000,0.00000000,0.00000000,0.00000000,0.00000000,0.00000000,0.00000000,0.00000000,0.00000000,0.00000000,0.00000000,0.00000000,0.00000000,0.00000000,0.00000000,0.00000000,0.00000000,0.00000000,0.00000000,0.00000000,0.00000000,0.00000000,0.00000000,0.00000000,0.00000000,0.00167093,0.00000000,0.00000000,0.00000000,0.00000000,0.00000000,0.00000000,0.00000000,0.00000000,0.00000000,0.00000000,0.00000000,0.00668871,0.00000000,0.00000000,0.00000000,0.00000000,0.00000000,0.00000000,0.00000000,0.00000000,0.00000000,0.00000000,0.00000000,0.00860303,0.00000000,0.00000000,0.00000000,0.00000000,0.00000000,0.00201318,0.00000000,0.00000000,0.00000000,0.00000000,0.00000000,0.00000000,0.00000000,0.00000000,0.00000000,0.02025590,0.00000000,0.00000000,0.00423853,0.01397217,0.00000000,0.00000000,0.00000000,0.00000000,0.00000000,0.00000000,0.00000000,0.00000000,0.00000000,0.00000000,0.00000000,0.00000000,0.00000000,0.00000000,0.00000000,0.00000000,0.00000000,0.00000000,0.00000000,0.01865330,0.00000000,0.00000000,0.00000000,0.00000000,0.00430583,0.00000000,0.13971270,0.00265013,0.00000000,0.00000000,0.00000000,0.00000000,0.00000000,0.00000000,0.00000000,0.00000000,0.00000000,0.00000000,0.00000000,0.00000000,0.00000000,0.00000000,0.00000000,0.12429315,0.00000000,1.34222685,0.00000000,0.00000000,0.00000000,0.00000000,0.00000000,0.00209237,0.00000000,0.00000000,0.00000000,0.00000000,0.00000000,0.00000000,0.00000000,0.00000000,0.00343488,0.00000000,0.00000000,0.00597879,0.05657545,0.01151931,0.00000000,0.00000000,0.00000000,0.00000000,0.00096781,0.00000000,0.00000000,0.00000000,0.00000000,0.00314859,0.00000000,0.00000000,0.00000000,0.00000000,0.00000000,0.00000000,0.00000000,0.00000000,0.00000000,0.00000000,0.00000000,0.00000000,0.00000000,0.00166455,0.00000000,0.00000000,0.00000000,0.00000000,0.00000000,0.01535752,0.00000000,0.00111445,0.00000000,0.00000000,0.07530758,0.00000000,0.00000000,0.04062028,0.00000000,0.00902156,0.00000000,0.00350000,0.00000000,0.00000000,0.00000000,0.00000000,0.00000000,0.00000000,0.00000000,0.00000000,0.00000000,0.00000000,0.03064656,0.00000000,0.00000000,0.00000000,0.00000000,0.00000000,0.04461944,0.00000000,0.00000000,0.00000000,0.00000000,0.00000000,0.00000000,0.00000000,0.00000000,0.00734727,0.00000000,0.00000000,0.00000000,0.00000000,0.00000000,0.00000000,2.20088716,0.00000000,0.38775130,0.00000000,0.00000000,0.00000000,0.04529220,0.00000000,0.00000000,0.00000000,0.00000000,0.00000000,0.00000000,0.00000000,0.00000000,0.05657977,0.00000000,0.00000000,0.02736359,0.00000000,0.00000000,0.00000000,0.00000000,0.00000000,0.00000000,0.00000000,0.00000000,0.00361207,0.00390685,0.00000000,0.00000000,0.00000000,0.00000000,0.00000000,0.00000000,0.00000000,0.00000000,0.00000000,0.00000000,0.00000000,0.00000000,0.00000000,0.00000000,0.00543852,0.00000000,0.01721269,0.00000000,0.00000000,0.00000000,0.00000000,0.08006170,0.00000000,0.00000000,0.00000000,0.00000000,0.00000000,0.00450751,0.00000000,0.00000000,0.00000000,0.00000000,0.00000000,0.00000000,0.01322160,0.00000000,0.00000000,0.00000000,0.00000000,0.00000000,0.00000000,0.00000000,0.00000000,0.00000000,0.00000000,0.00000000,0.00000000,0.00000000,0.00000000,0.00000000,0.00079645,0.00000000,0.00000000,0.00000000,0.00000000,0.00000000,0.00000000,0.00259531,0.00720007,0.00000000,0.00000000,0.00000000,0.00000000,0.00000000,0.00207811,0.01764241,0.00000000,0.00414318,0.00000000,0.00000000,0.01207970,0.00000000,0.00000000,0.00000000,0.02300190,0.00099971,0.00000000,0.00000000,0.02190437,0.00000000,0.00000000,0.00000000,0.00000000,0.00831568,0.00569992,0.00000000,0.00000000,0.00000000,0.00000000,0.00000000,0.00000000,0.00000000,0.00000000,0.00000000,0.00000000,0.00000000,0.00252024,0.00000000,0.00000000,0.00000000,0.00000000,0.00000000,0.00000000,0.00000000,0.00000000,0.00505594,0.00000000,0.00000000,0.00098608,0.00000000,0.00000000
0.00000000,0.00000000,0.00000000,0.00000000,0.00000000,0.00000000,0.00000000,0.00000000,0.00000000,0.00000000,0.00000000,0.00000000,0.00000000,0.00533815,0.00000000,0.00000000,0.00000000,0.00000000,0.00000000,0.00000000,0.00000000,0.00000000,0.00000000,0.00000000,0.00125423,0.02240073,0.00000000,0.00000000,0.00000000,0.00000000,0.00000000,0.00000000,0.00000000,0.00000000,0.00000000,0.00570146,0.00000000,0.02033182,0.00000000,0.00000000,0.00000000,0.00000000,0.00000000,0.00000000,0.00000000,0.00000000,0.00000000,0.00000000,0.00260034,0.00000000,0.00083364,0.00000000,0.00000000,0.00000000,0.00000000,0.00000000,0.00000000,0.00000000,0.00000000,0.00000000,0.00122362,0.00000000,0.02525649,0.00407896,0.00000000,0.00000000,0.00000000,0.00000000,0.00000000,0.00000000,0.00000000,0.00352276,0.00000000,0.00000000,0.00000000,0.00096958,0.00000000,0.00000000,0.00000000,0.00000000,0.00000000,0.00000000,0.02001217,0.00000000,0.00000000,0.00000000,0.00000000,0.00000000,0.00000000,0.00000000,0.00000000,0.00000000,0.00000000,0.00000000,0.00000000,0.00087121,0.00000000,0.00000000,0.00000000,0.00000000,0.00000000,0.00000000,0.00000000,0.00000000,0.00000000,0.00000000,0.01660619,0.00000000,0.00000000,0.00000000,0.00000000,0.00000000,0.00000000,0.00000000,0.00000000,0.00000000,0.00000000,0.04958949,0.00000000,0.00000000,0.00000000,0.03761782,0.01382688,0.00000000,0.00000000,0.00000000,0.00000000,0.00000000,0.00000000,0.00000000,0.00000000,0.00000000,0.00000000,0.00000000,0.00000000,0.00000000,0.00000000,0.00582137,0.00000000,0.00000000,0.00000000,0.00000000,0.00000000,0.00000000,0.00000000,0.00000000,0.00000000,0.00000000,0.00000000,0.00000000,0.00000000,0.00000000,0.00000000,0.00000000,0.00000000,0.00000000,0.00000000,0.00000000,0.00000000,0.00000000,0.00000000,0.00000000,0.00000000,0.00000000,0.00250210,0.00000000,0.00000000,0.00000000,0.00000000,0.00000000,0.00091074,0.00000000,0.00000000,0.00000000,0.00000000,0.00000000,0.00000000,0.00000000,0.00000000,0.00000000,0.00000000,0.00000000,0.00000000,0.02391836,0.00000000,0.00000000,0.00000000,0.00441069,0.00109553,0.00000000,0.00000000,0.00000000,0.00000000,0.00446418,0.00000000,0.00000000,0.00000000,0.00000000,0.00000000,0.00000000,0.00000000,0.00000000,0.00000000,0.00000000,0.00000000,0.00000000,0.00000000,0.00000000,0.00232631,0.00000000,0.03750379,0.00000000,0.00000000,0.00000000,0.00000000,0.00000000,0.00253463,0.00000000,0.00000000,0.00000000,0.00000000,0.00000000,0.00000000,0.00000000,0.00000000,0.00000000,0.00000000,0.00000000,0.00000000,0.00000000,0.00000000,0.00000000,0.00000000,0.00303010,0.00000000,0.00291102,0.00000000,0.00000000,0.00000000,0.00000000,0.00000000,0.00000000,0.00000000,0.00000000,0.00000000,0.00000000,0.00000000,0.00000000,0.00000000,0.00763748,0.00000000,0.01595859,0.00000000,0.00000000,0.00000000,0.00000000,0.00292880,0.00000000,0.00000000,0.00000000,0.27532307,0.00000000,0.00000000,0.00000000,0.00000000,0.00000000,0.00000000,0.00000000,0.02268160,0.00000000,0.00000000,0.00328955,0.00000000,0.00000000,0.00000000,0.00000000,0.00000000,0.00000000,0.00000000,0.00000000,0.00000000,0.00000000,0.00000000,0.00000000,0.00000000,0.00000000,0.00000000,0.00000000,0.01102913,0.00334879,0.00000000,0.00000000,0.07590273,0.00000000,0.07272935,0.01067938,0.00000000,0.00000000,0.00000000,0.00000000,0.00000000,0.00000000,0.00000000,0.04711469,0.00000000,0.01614189,0.00000000,0.00000000,0.00000000,0.00000000,0.00713895,0.00000000,0.00000000,0.00466966,0.00000000,0.00159728,0.00000000,0.00000000,0.00000000,0.00000000,0.00000000,0.00000000,0.00000000,0.00000000,0.01633298,0.00222020,0.00000000,0.00000000,0.00000000,0.00000000,0.00000000,0.00000000,0.00000000,2.95651736,0.02754696,0.00000000,0.00000000,0.00000000,0.00000000,0.00000000,0.00000000,0.00000000,0.00000000,0.00000000,0.00000000,0.00000000,0.00000000,0.00000000,0.00000000,0.00000000,0.00000000,0.00000000,0.00000000,0.00000000,0.00000000,0.00000000,0.00000000,0.00000000,0.00000000,0.00000000,0.00000000,0.00000000,0.03586047,0.00000000,0.00000000,0.00000000,0.00000000,0.00000000,0.00000000,0.00000000,0.12849885,0.00062119,0.00000000,0.00000000,0.00000000,0.00000000,0.00000000,0.00000000,0.00000000,0.00000000,0.00000000,0.00000000,0.00000000,0.00000000,0.00928236,0.00000000,0.00000000,0.00000000,0.00000000,0.01405517,0.00000000,0.00000000,0.00000000,0.00000000,0.00000000,0.00000000,0.00000000,0.00000000,0.00097828,0.00000000,0.00000000,0.00098487,0.00000000,0.00000000,0.00000000,0.00000000,0.00000000,0.00000000,0.00000000,0.00000000,0.00000000,0.00000000,0.00000000,0.00000000,0.00000000,0.00000000,0.00000000,0.00000000,0.00000000,0.00000000,0.00000000,0.00000000,0.00400482,0.00000000,0.00000000,0.00000000,0.00000000,0.00000000,0.00815681,0.01886595,0.00867655,0.00000000,0.00000000,0.00000000,0.00000000,0.00000000,0.00000000,0.00000000,0.02313417,0.00000000,0.00000000,0.00000000,0.00000000,0.00000000,0.00000000,0.00000000,0.00000000,0.00000000,0.00000000,0.00000000,0.01835372,0.00000000,0.02740143,0.02322213,0.00000000,0.00000000,0.01572670,0.00000000,0.00000000,0.00000000,0.00000000,0.00000000,0.00000000,0.00000000,0.00000000,0.00000000,0.00000000,0.00000000,0.00000000,0.00000000,0.00079061,0.00000000,0.00167188,0.01557134,0.00000000,0.00000000,0.00000000,0.00000000,0.00000000,0.00000000,0.00000000,0.00000000,0.20951512,0.00000000,0.00947029,0.00000000,0.00000000,0.00000000,0.00000000,0.00000000,0.00000000,0.00000000,0.00000000,0.00000000,0.00000000,0.00000000,0.00000000,0.00000000,0.00000000,0.00188889,0.00000000,0.00000000,0.00000000,0.00000000,0.00000000,0.00000000,0.00000000,0.00000000,0.00000000,0.00000000,0.00000000,0.00000000,0.00000000,0.00000000,0.00000000,0.00000000,0.08383345,0.00000000,0.00000000,0.00000000,0.00000000,0.00166195,0.00000000,0.00000000,0.00000000,0.00000000,0.00000000,0.00000000,0.00000000,0.01059951,0.00000000,0.00000000,0.00000000,0.00000000,0.00000000,0.00000000,0.00000000,0.00000000,0.00000000,0.00000000,0.00000000,0.00413570,0.00569207,0.00000000,0.00000000,0.00000000,0.00000000,0.00000000,0.01079815,0.00000000,0.00000000,0.00000000,0.00000000,0.00000000,0.00145702,0.00739414,0.00000000,0.00000000,0.00000000,0.00000000,0.00000000,0.00000000,0.01603140,0.00000000,0.00000000,0.00000000,0.00000000,0.00000000,0.00000000,0.00000000,0.00000000,0.00000000,0.00000000,0.00000000,0.00000000,0.00000000,0.00000000,0.00000000,0.00283978,0.00000000,0.00000000,0.05842860,0.00000000,0.00000000,0.00000000,0.00000000,0.00000000,0.00000000,0.00000000,0.00000000,0.00000000,0.00000000,0.00451447,0.00158096,0.00000000,0.00677146,0.00000000,0.00000000,0.07027270,0.00915692,0.00000000,0.00000000,0.00000000,0.00000000,0.00000000,0.00000000,0.00000000,0.05101877,0.00000000,0.00000000,0.00000000,0.00000000,0.00000000,0.00000000,0.00000000,0.00000000,0.00000000,0.00000000,0.00000000,0.00000000,0.00000000,0.00000000,0.00000000,0.00000000,0.00000000,0.00000000,0.00076460,0.00000000,0.04294507,0.00000000,0.00000000,0.00000000,0.00000000,0.00000000,0.00000000,0.00093143,0.00000000,0.00000000,0.00000000,0.00000000,0.00000000,0.00000000,0.00000000,0.00000000,0.00000000,0.00225448,0.00000000,0.00000000,0.08849976,0.00000000,0.00000000,0.00000000,0.00000000,0.05511480,0.00000000,0.00000000,0.00000000,0.00000000,0.00000000,0.00000000,0.00280086,0.00000000,0.00564306,0.00000000,0.00000000,0.00000000,0.00515319,0.00000000,0.00000000,0.00000000,0.00000000,0.02307648,0.00000000,0.01964343,0.00000000,0.00000000,0.00000000,0.00000000,0.00516321,0.00000000,0.00000000,0.06560205,0.00403863,0.00000000,0.00000000,0.00000000,0.00000000,0.00000000,0.00000000,0.00000000,0.00000000,0.00000000,0.00000000,0.00000000,0.00000000,0.00000000,0.00000000,0.00000000,0.00000000,0.00306358,0.00000000,0.00000000,0.00000000,0.00508364,0.00000000,0.00000000,0.00000000,0.00000000,0.00000000,0.08006170,0.00000000,0.00000000,0.00000000,0.00000000,0.00000000,0.00000000,0.00000000,0.00000000,0.00000000,0.00000000,0.00689944,0.00000000,0.00000000,0.00000000,0.00000000,0.00000000,0.00000000,0.00000000,0.00000000,0.00000000,0.00000000,0.00000000,0.00000000,0.00000000,0.01440799,0.00000000,0.00000000,0.00000000,0.00000000,0.00000000,0.00000000,0.00000000,0.00000000,0.00000000,0.00000000,0.03584459,0.64721091,0.00000000,0.00000000,0.00000000,0.00000000,0.00000000,0.00000000,0.00000000,0.00000000,0.00000000,0.00000000,0.00000000,0.00000000,0.00000000,0.00000000,0.00000000,0.00000000,0.00000000,0.00000000,0.00000000,0.00000000,0.00000000,0.00000000,0.00000000,0.00000000,0.00000000,0.00000000,0.00000000,0.00000000,0.00000000,0.00000000,0.00000000,0.00000000,0.00000000,0.01000533,0.00000000,0.00000000,0.00000000,0.00000000,0.00000000,0.00000000,0.00000000,0.00414956,0.00000000,0.00000000,0.00442204,0.00000000,0.00000000,0.00000000,0.00000000,0.00000000,0.01285717,0.00000000,0.00000000
0.00000000,0.00000000,0.00000000,0.00000000,0.00323761,0.00000000,0.00000000,0.00000000,0.00000000,0.00000000,0.00000000,0.00000000,0.00000000,0.00116580,0.00000000,0.00000000,0.00000000,0.00000000,0.00000000,0.00000000,0.00000000,0.00000000,0.00000000,0.00000000,0.00000000,0.00000000,0.00000000,0.00000000,0.00000000,0.00000000,0.00000000,0.00000000,0.00000000,0.00000000,0.00000000,0.00000000,0.00000000,0.01407226,0.00000000,0.00000000,0.00000000,0.00287537,0.00000000,0.00000000,0.00000000,0.00000000,0.00000000,0.00000000,0.00000000,0.00000000,0.00000000,0.00000000,0.00000000,0.01599428,0.00000000,0.00000000,0.00000000,0.00000000,0.00000000,0.00000000,0.00000000,0.00000000,0.01182256,0.00000000,0.00000000,0.00000000,0.00000000,0.00000000,0.00000000,0.00000000,0.00000000,0.01182356,0.00000000,0.00000000,0.00000000,0.00000000,0.00000000,0.00000000,0.00000000,0.00000000,0.00000000,0.00000000,0.00000000,0.00000000,0.00000000,0.00000000,0.00000000,0.00000000,0.00000000,0.00000000,0.00000000,0.00000000,0.00000000,0.00000000,0.00000000,0.00000000,0.00000000,0.00000000,0.00000000,0.00000000,0.00000000,0.00000000,0.00000000,0.00000000,0.00127090,0.00000000,0.00000000,0.00000000,0.00625131,0.00000000,0.00000000,0.00000000,0.00000000,0.00000000,0.00000000,0.00000000,0.00000000,0.00000000,0.00000000,0.00365966,0.00433081,0.00000000,0.00000000,0.00000000,0.00000000,0.00000000,0.00000000,0.00000000,0.00374156,0.00000000,0.00000000,0.00000000,0.00000000,0.00000000,0.00000000,0.00000000,0.00000000,0.00000000,0.00000000,0.00000000,0.00000000,0.00000000,0.02909852,0.00000000,0.00000000,0.00000000,0.00000000,0.00000000,0.00274034,0.00000000,0.00000000,0.00000000,0.00000000,0.00000000,0.00000000,0.00000000,0.00000000,0.00000000,3.27812987,0.00000000,0.00000000,0.00000000,0.00000000,0.00000000,0.00000000,0.00522686,0.00000000,0.00000000,0.00000000,0.00000000,0.00000000,0.00000000,0.00000000,0.00000000,0.00000000,0.00000000,0.00000000,0.00000000,0.00363913,0.00000000,0.00000000,0.24545497,0.00000000,0.00000000,0.00000000,0.00000000,0.00000000,0.00000000,0.00000000,0.00000000,0.00208994,0.00000000,0.00691056,0.00000000,0.00000000,0.00000000,0.00000000,0.00353545,0.00000000,0.12490104,0.00000000,0.00000000,0.00000000,0.00818786,0.00000000,0.00000000,0.00000000,0.00000000,0.00000000,0.00000000,0.00000000,0.03323939,0.00727590,0.00290261,2.36494323,0.00000000,0.00000000,0.00000000,0.00000000,0.00000000,0.00000000,0.00000000,0.00000000,0.01735672,0.00000000,0.00000000,0.00000000,0.00000000,0.00000000,0.00000000,0.00000000,0.00000000,0.00000000,0.00000000,0.00000000,0.00000000,0.00792969,0.00422939,0.00000000,0.00000000,0.00000000,0.00876652,0.00000000,0.00000000,0.00000000,0.00000000,0.00000000,0.00000000,0.00000000,0.00000000,0.00000000,0.00000000,0.00000000,0.00000000,0.00000000,0.00000000,0.00000000,0.00000000,0.00000000,0.00000000,0.00000000,0.00000000,0.00000000,0.00000000,0.00000000,0.00000000,0.08590553,0.00000000,0.00690743,0.00000000,0.00000000,0.00000000,0.00000000,0.00000000,0.00000000,0.00000000,0.00000000,0.00000000,0.00000000,0.00000000,0.01129569,0.00000000,0.00000000,0.00630452,0.00000000,0.00000000,0.00000000,0.00000000,0.00000000,0.00000000,0.03117482,0.00000000,0.00000000,0.00000000,0.00000000,0.00000000,0.00000000,0.00000000,0.00000000,0.00000000,0.00000000,0.00000000,0.00000000,0.00000000,0.00000000,0.00000000,0.00000000,0.00119549,0.00604223,0.00000000,0.00000000,0.00000000,0.00000000,1.40190416,0.01767827,0.00000000,0.00000000,0.00000000,0.00000000,0.00309851,0.00000000,0.00000000,0.00000000,0.00000000,0.00000000,0.00000000,0.42897077,0.00000000,0.00000000,0.00181579,0.08110589,0.00000000,0.00000000,0.00000000,0.00000000,0.00000000,0.00000000,0.00000000,0.00000000,0.00000000,0.00000000,0.00155874,0.00000000,0.00000000,0.00000000,0.00000000,0.00000000,0.00000000,0.00000000,0.00675862,0.00000000,0.00000000,0.00000000,0.00000000,0.00000000,0.00102704,0.00605174,0.00000000,0.00000000,0.00000000,0.00000000,0.00000000,0.00000000,0.00000000,0.00000000,0.00000000,0.00000000,0.00000000,0.00000000,0.00000000,0.00000000,0.00000000,0.00000000,0.00000000,0.00000000,0.00000000,0.00000000,0.75370101,0.00000000,0.00000000,0.00000000,0.00000000,0.00000000,0.00000000,0.00000000,0.00000000,0.00000000,0.00000000,0.00000000,0.00000000,0.00000000,0.00111000,0.00000000,0.00000000,0.00000000,0.00665349,0.00000000,0.00000000,0.00000000,0.00000000,0.00000000,0.00000000,0.00000000,0.00000000,0.00000000,0.03296397,0.00000000,0.00000000,0.00000000,0.00000000,0.00000000,0.00000000,0.06464165,0.00000000,0.00000000,0.00000000,0.00000000,0.00000000,0.00000000,0.00000000,0.00000000,0.00000000,0.01843531,0.00000000,0.00000000,0.00000000,0.00166615,0.05075087,0.00000000,0.00000000,0.00000000,0.00000000,0.00000000,0.00000000,0.00000000,0.00000000,0.00000000,0.00000000,0.00000000,0.00000000,0.00000000,0.00997750,0.00000000,0.00000000,0.00000000,0.00000000,0.00000000,0.00000000,0.50356435,0.00000000,0.00000000,0.00000000,0.00000000,0.00000000,0.01424525,0.00000000,0.00000000,0.00000000,0.00000000,0.00000000,0.00229025,0.00000000,0.00000000,0.00000000,0.00000000,0.00000000,0.00000000,0.00000000,0.00000000,0.00000000,0.00000000,0.00000000,0.00000000,0.00000000,0.00000000,0.00000000,0.00000000,0.00000000,0.00000000,0.00000000,0.00085179,0.00000000,0.00000000,0.00000000,0.01728527,0.00000000,0.00000000,0.00000000,0.00000000,0.00000000,0.00000000,0.00000000,0.00000000,0.00000000,0.00000000,0.00000000,0.00211080,0.00000000,0.00000000,0.00000000,0.00000000,0.00000000,0.00000000,0.00000000,0.00000000,0.00000000,0.00175221,0.00000000,0.00000000,0.00546703,0.00000000,0.00000000,0.00000000,0.68255922,0.00816252,0.00000000,0.00000000,0.00000000,0.00000000,0.00000000,0.00000000,0.00000000,0.00000000,0.00000000,0.00000000,0.00000000,0.00000000,0.00000000,0.01097621,0.00000000,0.08390834,0.00131815,0.00000000,0.00514350,0.00000000,0.00000000,0.00000000,0.00000000,0.00000000,0.00356338,0.00000000,0.00000000,0.00000000,0.00000000,0.00000000,0.00000000,0.00000000,0.00000000,0.00000000,0.00000000,0.00000000,0.00000000,0.00000000,0.20789745,0.05457858,0.00000000,0.00000000,0.00000000,0.00358142,0.00000000,1.72892563,0.00000000,0.00207043,0.00000000,0.00000000,0.00000000,0.00000000,0.00000000,0.00000000,0.00000000,0.00637756,0.00000000,0.00000000,0.00000000,0.00000000,0.00000000,0.00000000,0.00272568,0.00000000,0.00000000,0.00000000,0.00000000,0.00000000,0.00000000,0.00000000,0.00000000,0.00000000,0.00000000,0.00000000,0.00000000,0.00000000,0.00000000,0.00000000,0.00000000,0.00000000,0.00000000,0.00673808,0.00000000,0.00000000,0.00000000,0.00000000,0.00070061,0.00000000,0.00000000,0.00000000,0.00000000,0.01334819,0.00000000,0.00000000,0.00000000,0.00000000,0.02517851,0.00000000,0.01787945,0.00000000,0.00000000,0.00000000,0.42987937,0.00000000,0.00000000,0.00000000,0.00000000,0.00189780,0.00000000,0.00000000,0.00000000,0.00000000,0.00000000,0.00000000,0.00000000,0.00000000,0.00000000,0.00000000,0.03392700,0.00000000,0.00000000,0.00000000,0.00000000,0.00000000,0.00000000,0.00000000,0.00000000,0.00702551,0.00000000,0.00000000,0.00000000,0.00000000,0.00000000,0.00000000,0.00000000,0.00654927,0.00000000,0.00000000,0.01677221,0.00000000,0.00000000,0.00000000,0.00000000,0.00000000,0.00000000,0.00000000,0.00305188,0.00000000,0.00000000,0.00000000,0.00000000,0.00000000,0.00847895,0.01452447,0.00000000,0.00581186,0.00000000,0.00000000,0.00000000,0.00000000,0.00000000,0.00000000,0.00000000,0.00000000,0.03526140,0.00000000,0.00000000,0.00000000,0.00000000,0.00000000,0.00000000,0.00643486,0.00000000,0.00000000,0.00634745,0.00000000,0.00000000,0.00086460,0.00000000,0.00000000,0.00000000,0.00000000,0.00000000,0.00000000,0.00000000,0.00000000,0.00300415,0.00644878,0.00000000,0.00388994,0.00000000,0.00000000,0.00000000,0.32525704,0.00000000,0.00000000,0.00000000,0.00000000,0.00000000,0.00000000,0.00000000,0.00000000,0.00000000,0.77169817,0.00000000,0.00000000,0.00000000,0.00000000,0.00000000,0.00000000,0.00000000,0.04586743,0.00000000,0.00000000,0.00000000,0.00000000,0.00000000,0.01303642,0.00000000,0.00000000,0.00000000,0.00000000,0.02036728,0.00000000,0.00000000,0.00000000,0.01239303,0.02166070,0.00000000,0.00000000,0.00000000,0.00000000,0.00000000,0.00000000,0.00000000,0.00000000,0.00000000,0.17625505,0.00000000,0.00000000,0.00000000,0.00000000,0.00000000,0.00891650,0.00000000,0.00000000,0.00000000,0.00000000,0.00000000,0.00000000,0.00000000,0.02314441,0.00000000,0.00000000,0.00000000,0.00000000,0.00000000,0.00000000,0.00000000,0.00000000,0.00000000,0.00364372,0.00000000,0.00000000,0.00000000,0.00000000,0.00000000,0.04029935,0.00000000,0.00000000,0.00000000,0.00000000,0.00000000,0.00000000,0.00000000,0.00000000,0.00078176,0.00000000,0.00000000,0.00000000,0.00000000,0.00000000,0.00000000,0.00000000,0.00000000
0.00000000,0.00000000,0.00000000,0.00000000,0.00000000,0.00000000,0.00000000,0.00000000,0.00000000,0.00000000,0.00000000,0.03975652,0.00000000,0.00000000,0.00000000,0.00000000,0.00000000,0.00310042,0.02463831,0.00000000,0.00000000,0.00000000,0.00594173,0.00000000,0.00000000,0.00000000,0.10538382,0.00000000,0.00000000,0.00000000,0.00000000,0.00000000,0.00000000,0.00000000,0.00000000,0.00000000,0.00000000,0.00244703,0.00000000,0.00000000,0.00000000,0.00000000,0.00000000,0.00000000,0.00000000,0.00000000,0.00000000,0.00351912,0.00000000,0.00724399,0.00677805,0.00000000,0.00000000,0.02373175,0.00000000,0.00000000,0.00000000,0.00000000,0.00000000,0.00000000,0.00000000,0.00000000,0.00000000,0.00000000,0.00000000,0.00000000,0.00000000,0.00000000,0.00000000,0.00000000,0.00000000,0.00000000,0.00000000,0.00000000,0.00000000,0.00000000,0.00000000,0.00000000,0.00000000,0.00000000,0.00000000,0.00000000,0.00000000,0.00270981,0.00146620,0.00000000,0.00000000,0.00000000,0.00629437,0.00000000,0.00000000,0.22027088,0.00000000,0.00000000,0.00000000,0.00000000,0.00000000,0.00000000,0.00000000,0.00000000,0.00000000,0.00000000,0.00000000,0.00000000,0.00000000,0.00000000,0.00000000,0.00000000,0.00000000,0.00000000,0.00686418,0.02010357,0.00000000,0.00000000,0.00000000,0.00000000,0.00000000,0.00000000,0.00628659,0.00000000,0.00000000,0.00000000,0.00000000,0.00000000,0.00000000,0.00000000,0.00520108,0.00000000,0.00000000,0.00000000,0.00000000,0.00000000,0.00000000,0.00000000,0.00000000,0.00000000,0.00000000,0.00000000,0.00142035,0.00000000,0.00000000,0.00000000,0.00000000,0.00000000,0.00000000,0.00000000,0.00000000,0.00585252,0.00000000,0.00000000,0.00000000,0.00206090,0.00000000,0.00000000,0.00837715,0.00000000,0.00000000,0.00000000,0.00000000,0.00000000,0.00000000,0.00000000,0.00000000,0.00000000,0.00000000,0.00000000,0.00000000,0.00000000,0.04767873,0.00000000,0.00000000,0.00000000,0.00000000,0.00000000,0.00000000,0.00000000,0.00000000,0.00000000,0.00000000,0.00000000,0.00000000,0.00000000,0.00000000,0.00000000,0.00000000,0.00000000,0.01911640,0.00000000,0.00000000,0.00000000,0.00000000,0.00000000,0.00000000,0.00000000,0.00000000,0.00000000,0.00000000,0.00000000,0.00000000,0.00000000,0.00000000,0.00685728,0.00000000,0.00000000,0.00000000,0.00000000,0.00477060,0.00000000,0.00000000,0.00210234,0.00000000,0.00000000,0.00000000,0.00000000,0.00000000,0.00000000,0.00000000,0.00000000,0.00000000,0.00000000,0.00000000,0.00000000,0.00000000,0.00000000,0.00000000,0.00105272,0.00000000,0.00000000,0.00000000,0.00000000,0.00000000,0.00000000,0.00000000,0.00000000,0.00000000,0.00000000,0.00000000,0.00000000,0.00000000,0.00000000,0.00000000,0.00000000,0.00000000,0.00000000,0.00000000,0.01871647,0.00000000,0.00000000,0.00000000,0.00000000,0.00000000,0.00000000,0.00000000,0.00000000,0.00000000,0.00000000,0.00000000,0.00000000,0.00000000,0.00000000,0.00000000,0.00000000,0.00000000,0.00000000,0.00000000,0.00000000,0.00000000,0.00000000,0.00000000,0.00000000,0.00000000,0.00000000,0.00000000,0.00000000,0.00000000,0.00000000,0.00000000,0.00000000,0.00000000,0.09644839,0.00680082,0.00000000,0.00000000,0.00000000,0.00000000,0.00000000,0.00207620,0.00000000,0.00000000,0.00000000,0.00000000,0.23658059,0.00000000,0.00000000,0.00000000,0.00000000,0.00000000,0.00000000,0.00000000,0.04007109,0.00000000,0.00000000,0.00000000,0.00000000,0.00000000,0.00276485,0.00000000,0.00000000,0.00000000,0.00000000,0.00000000,0.00000000,0.04361544,0.00000000,0.06428843,0.00000000,0.00000000,0.00000000,0.00000000,0.00000000,0.00000000,0.00000000,0.46474928,0.00000000,0.00000000,0.00000000,0.00000000,0.01680449,0.00000000,0.00000000,0.00000000,0.00000000,0.00000000,0.00222358,0.00000000,0.00000000,0.00000000,0.00000000,0.00000000,0.00459426,0.00000000,0.00000000,0.00000000,0.00000000,0.00000000,0.00000000,0.00000000,0.00000000,0.00000000,0.00000000,0.00000000,0.00341457,0.00000000,0.00000000,0.00000000,0.01932929,0.00000000,0.01132841,0.00000000,0.01184836,0.00000000,0.00000000,0.00000000,0.00000000,0.00000000,0.00519997,0.00000000,0.00000000,0.00000000,0.00000000,0.00000000,0.00000000,0.00000000,0.01778182,0.00000000,0.00000000,0.09908494,0.00000000,0.00000000,0.00000000,0.33732460,0.00674339,0.00000000,0.00000000,0.00304915,0.00000000,0.00000000,0.00327822,0.00000000,0.01321177,0.00000000,0.00000000,0.00000000,0.00000000,0.00000000,0.00000000,0.00000000,0.00302170,0.00000000,0.00000000,0.00000000,0.00000000,0.00000000,0.00000000,0.00000000,0.03157215,0.00000000,0.06597721,0.00000000,0.00000000,0.00000000,0.00000000,0.00000000,0.00000000,0.00000000,0.00000000,0.00000000,0.00000000,0.00000000,0.00000000,0.00000000,0.00844130,0.00000000,0.00000000,0.00000000,0.00000000,0.00000000,0.00000000,0.00000000,0.00000000,0.00000000,0.00000000,0.00000000,0.00000000,0.00000000,0.00000000,0.00000000,0.00000000,0.00000000,0.00000000,0.00000000,0.00000000,0.00000000,0.00083507,0.00000000,0.00000000,0.00000000,0.00000000,0.00000000,0.00000000,0.00000000,0.00000000,0.00000000,0.00325863,0.00000000,0.00000000,0.00000000,0.00000000,0.00000000,0.00000000,0.00000000,0.03627159,0.00000000,0.00000000,0.00000000,0.00000000,0.02489563,0.00000000,0.12965265,0.00000000,0.00000000,0.00000000,0.00000000,0.00000000,0.00000000,0.00000000,0.00000000,0.00443158,0.00000000,0.00000000,0.00000000,0.00000000,0.00000000,0.00000000,0.00000000,0.00000000,0.00000000,0.00115704,0.00000000,0.00000000,0.00000000,0.00000000,0.00000000,0.00000000,0.00000000,0.00000000,0.00000000,0.00000000,0.00071266,0.00233264,0.00000000,0.00045367,0.00000000,0.00000000,0.00000000,0.00000000,0.00000000,0.00000000,0.00000000,0.00000000,0.00000000,0.00000000,0.03851083,0.00000000,0.00000000,0.08546282,0.00000000,0.01002583,0.01410711,0.00000000,0.00000000,0.00000000,0.00000000,0.00000000,0.00000000,0.00000000,0.00000000,0.00000000,0.00000000,0.00000000,0.00000000,0.00000000,0.00000000,0.00000000,0.00000000,0.00000000,0.00000000,0.00000000,0.00000000,0.00000000,0.85139010,0.00000000,0.00000000,0.00000000,0.00000000,0.00000000,0.00000000,0.00000000,0.05855437,0.00820267,0.00000000,0.00000000,0.00000000,0.00000000,0.00000000,0.00921429,0.00000000,0.00000000,0.00000000,0.00000000,0.00000000,0.30315492,0.00000000,0.00000000,0.00000000,0.00000000,0.00000000,0.00000000,0.00000000,1.38145192,0.00000000,0.00000000,0.00000000,0.00000000,0.00000000,0.00929648,0.00000000,0.00000000,0.11383702,0.02557057,0.00000000,0.00000000,0.00000000,0.00000000,0.00000000,0.00831293,0.00000000,0.00000000,0.00000000,0.00000000,0.00000000,0.00000000,0.00000000,0.00000000,0.00000000,0.00000000,0.00000000,0.01445176,0.00099271,0.00000000,0.00225999,0.05010074,0.00000000,0.00000000,0.00000000,0.03298039,0.00000000,0.04126498,0.00000000,0.00000000,0.00000000,0.00000000,0.00000000,0.00000000,0.00000000,0.00000000,0.19144712,0.00000000,0.00000000,0.00000000,0.00000000,0.00000000,0.00000000,0.00199805,0.00000000,0.00000000,0.00000000,0.00000000,0.00000000,0.00000000,0.00000000,0.00000000,0.00000000,0.00322317,0.00000000,0.00000000,0.01623979,0.00000000,0.00000000,0.00000000,0.00000000,0.00000000,0.00000000,0.00000000,0.01434046,0.00000000,0.00000000,0.00000000,0.00000000,0.00000000,0.00000000,0.00000000,0.00000000,0.00000000,0.00000000,0.16267201,0.00000000,0.00000000,0.00000000,0.00000000,0.00000000,0.00000000,0.00064034,0.00123471,0.00000000,0.00207492,0.00000000,0.00000000,0.00000000,0.00000000,0.00000000,0.00000000,0.00000000,0.00000000,0.00000000,0.00000000,0.00000000,0.00000000,0.00000000,0.00000000,0.00000000,0.00000000,0.00000000,0.00000000,0.00000000,0.01874463,0.00000000,0.00000000,0.00000000,0.00000000,0.00694650,0.00000000,0.00000000,0.00000000,0.00000000,0.00000000,0.00000000,0.00000000,0.00000000,0.00000000,0.00000000,0.19625216,0.01243249,0.00000000,0.00000000,0.00357284,0.00000000,0.00000000,0.00000000,0.00000000,0.00000000,0.00000000,0.00000000,0.00000000,0.00000000,0.00000000,0.00000000,0.00000000,0.00000000,0.00000000,0.00000000,0.01856354,0.00000000,0.00000000,0.00000000,0.00000000,0.00000000,0.00000000,0.00000000,0.00000000,1.48136827,0.00000000,0.00000000,0.00000000,0.00000000,0.00000000,0.00000000,0.41212910,0.00000000,0.00000000,0.00000000,0.00777983,0.00000000,0.00000000,0.00000000,0.00901751,0.00000000,0.00000000,0.00134940,0.00000000,0.00000000,0.00000000,0.00000000,0.00000000,0.00000000,0.00000000,0.00000000,0.00000000,0.01702409,0.00000000,0.00000000,0.00000000,0.00679288,0.14474081,0.00000000,0.00000000,0.00000000,0.00000000,0.00000000,0.00000000,0.00000000,0.00000000,0.00000000,0.00000000,0.00000000,0.00000000,0.00000000,0.00000000,0.00177697,0.00000000,0.00000000,0.00000000,0.00000000,0.00000000,0.00000000,0.00000000,0.00000000,0.00000000,0.00152049,0.00000000,0.00000000,0.00000000,0.00000000,0.00915539,0.00000000,0.00552808,0.00000000,0.00000000,0.00000000,0.00000000
0.00000000,0.00000000,0.00000000,0.00000000,0.00000000,0.00000000,0.00000000,0.00000000,0.00000000,0.00000000,0.00000000,0.00000000,0.00000000,0.00000000,0.00000000,0.00000000,0.00000000,0.00000000,0.00000000,0.00000000,0.00000000,0.00000000,0.03552531,0.00000000,0.04809616,0.00000000,0.00000000,0.00000000,0.00728910,0.00000000,0.01904952,0.00000000,0.00000000,0.00000000,0.00000000,0.00000000,0.00000000,0.00000000,0.00000000,0.00000000,0.00000000,0.03458849,0.00000000,0.00000000,0.00000000,0.00000000,0.00000000,0.00000000,0.00000000,0.00000000,0.00000000,0.00000000,0.00000000,0.00000000,0.00000000,0.00000000,0.00000000,0.00000000,0.00000000,0.00000000,0.00636068,0.00000000,0.00000000,0.00000000,0.00000000,0.00000000,0.00000000,0.00000000,0.00000000,0.00000000,0.00000000,0.00000000,0.00000000,0.00000000,0.03208716,0.00000000,0.00000000,0.00000000,0.00000000,2.30244597,0.00000000,0.00000000,0.00000000,0.00000000,0.00000000,0.00000000,0.08139813,0.00000000,0.00000000,0.00000000,0.00000000,0.00000000,0.00000000,0.00000000,0.00000000,0.00000000,0.00000000,0.00000000,0.00000000,0.00000000,0.00000000,0.00000000,0.00000000,0.00000000,0.00000000,0.00289417,1.80344511,0.00229500,0.00000000,0.00000000,0.00000000,0.03835745,0.02222707,0.00000000,0.00000000,0.00000000,0.00000000,0.00000000,0.00000000,0.00000000,0.00000000,0.00000000,0.00000000,0.00000000,0.00000000,0.00289122,0.00000000,0.00000000,0.00000000,0.00000000,0.00000000,0.00000000,0.00000000,0.00000000,0.00000000,0.00000000,0.00000000,0.00000000,0.00000000,0.01002146,0.00000000,0.00000000,0.00081400,0.00000000,0.00000000,0.00000000,0.00000000,0.00000000,0.03624164,0.00000000,0.26470103,0.00000000,0.00376626,0.00000000,0.00000000,0.00000000,0.00000000,0.00000000,0.00000000,0.04871564,0.00000000,0.00000000,0.00000000,0.00000000,0.00000000,0.00000000,0.00000000,0.00000000,0.00176570,0.00000000,0.00495465,0.00000000,0.00000000,0.00000000,0.00000000,0.00000000,0.00000000,0.00000000,0.00000000,0.00320364,0.00000000,0.00000000,0.00000000,0.00000000,0.00000000,0.00000000,0.00000000,0.00000000,0.00000000,0.07339956,0.00000000,0.00000000,0.00000000,0.00000000,0.00000000,0.00000000,0.00430956,0.00000000,0.00000000,0.00000000,0.00000000,0.01484257,0.00000000,0.00000000,0.00000000,0.00000000,0.00682728,0.00000000,0.00000000,0.00000000,0.00000000,0.00000000,0.00000000,0.00000000,0.02940665,0.00000000,0.03437057,0.00000000,0.00000000,0.00000000,0.00000000,0.00000000,0.00000000,0.00000000,0.00000000,0.00000000,0.00543758,0.00000000,0.00000000,0.00000000,0.00000000,0.00000000,0.00000000,0.00000000,0.00000000,0.00000000,0.00000000,0.00000000,0.00000000,0.00000000,0.00000000,0.00000000,0.23139971,0.00000000,0.00000000,0.00000000,0.00000000,0.00000000,0.00000000,0.02188016,0.00000000,0.00000000,0.00000000,0.00000000,0.00000000,0.00000000,0.00000000,0.00000000,0.00000000,0.00000000,0.00000000,0.00000000,0.00000000,0.00000000,0.00000000,0.00000000,0.00000000,0.00000000,0.00000000,0.00000000,0.00000000,0.00000000,0.00000000,0.00000000,0.00000000,0.00199182,0.00000000,0.00000000,0.01812347,0.00000000,0.00000000,0.09005138,0.00000000,0.00000000,0.00000000,0.00000000,0.00000000,0.01711560,0.00000000,0.00000000,0.00273585,0.02354072,0.00359668,0.00000000,0.00000000,0.00000000,0.00000000,0.00000000,0.00000000,0.00000000,0.00000000,0.00000000,0.00000000,0.00000000,0.00000000,0.00000000,0.00000000,0.00000000,0.00517506,0.00000000,0.00000000,0.00000000,0.00000000,0.00000000,0.00000000,0.00000000,0.01154438,0.00242087,0.00000000,0.00000000,0.00000000,0.00000000,0.00000000,3.19241574,0.00000000,0.39055981,0.00000000,0.00000000,0.00000000,0.00000000,0.09088664,0.00000000,0.00765789,0.00000000,0.00000000,0.00000000,0.02196479,0.00000000,0.00000000,0.00000000,0.00000000,0.00000000,0.00000000,0.00000000,0.00000000,0.00000000,0.00000000,0.00000000,0.00000000,0.00000000,0.00000000,0.13227684,0.00000000,0.00000000,0.00000000,0.00000000,0.00000000,0.00000000,0.00000000,0.00000000,0.00293372,0.00000000,0.00000000,0.00000000,0.00000000,0.00000000,0.00230324,0.00000000,0.00000000,0.00000000,0.00000000,0.00000000,0.00000000,0.00000000,0.00000000,0.00000000,0.00000000,0.00000000,0.00000000,0.15137662,0.04165687,0.00000000,0.00000000,0.35187506,0.02993962,0.00000000,0.00000000,0.00350053,0.00000000,0.00000000,0.00000000,0.00000000,0.00000000,0.00000000,0.00625262,0.00000000,0.00000000,0.00000000,0.00151366,0.00000000,0.00000000,0.00000000,0.00464405,0.00000000,0.00000000,0.00000000,0.16181849,0.00000000,0.05367800,0.00000000,0.00000000,0.00000000,0.00000000,0.00000000,0.00000000,0.00000000,0.00172015,0.00000000,0.00000000,0.00000000,0.00000000,0.00000000,0.00000000,0.00000000,0.00000000,0.00000000,0.00000000,0.00000000,0.00000000,0.00000000,0.00000000,0.00000000,0.00000000,0.00000000,0.00000000,0.00000000,0.06535305,0.00000000,0.00000000,0.00000000,0.00000000,0.00000000,0.00000000,0.00000000,0.02744565,0.00000000,0.00000000,0.00000000,0.00000000,0.00000000,0.00000000,0.00000000,0.00000000,0.00000000,0.00000000,0.00000000,0.00722746,0.00563777,0.16051246,0.00000000,0.00000000,0.00000000,0.00000000,0.00000000,0.00000000,0.00000000,0.00000000,0.00000000,0.00087716,0.00000000,0.00000000,0.00000000,0.00000000,0.00000000,0.00000000,0.00000000,0.00000000,0.00000000,0.00000000,0.00000000,0.00000000,0.00000000,0.00000000,0.00000000,0.00000000,0.00250592,0.00000000,0.00000000,0.00000000,0.00000000,0.00000000,0.00000000,0.00000000,0.00000000,0.00000000,0.00000000,0.00000000,0.00000000,0.00000000,0.00000000,0.00000000,0.00000000,0.00000000,0.00000000,0.00000000,0.00000000,0.00000000,0.00000000,0.00000000,0.00000000,0.00000000,0.00113642,0.00000000,0.00269331,0.00000000,0.00000000,0.00000000,0.00197232,0.00000000,0.00000000,0.00000000,0.00000000,0.00000000,0.00000000,0.00000000,0.00000000,0.00634250,0.00000000,0.00000000,0.00000000,0.00000000,0.00000000,0.00000000,0.00000000,0.00000000,0.00000000,0.00000000,0.00000000,0.00000000,0.00000000,0.00000000,0.00000000,0.00000000,0.00000000,0.00000000,0.00380766,0.00000000,0.00000000,0.00000000,0.00000000,0.00000000,0.02439561,0.00000000,0.00000000,0.00000000,0.00000000,0.00000000,0.00450954,0.00000000,0.00000000,0.00000000,0.00000000,0.00122675,0.00000000,0.00000000,0.00000000,0.00000000,0.00000000,0.05310676,0.00000000,0.00000000,0.00000000,0.00000000,0.00000000,0.00000000,0.00000000,0.00000000,0.00000000,0.00318050,0.00000000,0.01874993,0.00000000,0.00000000,0.00000000,0.00000000,0.00000000,0.00000000,0.00000000,0.00000000,0.00000000,0.00000000,0.00000000,0.00000000,0.00000000,0.00000000,0.00000000,0.00183657,0.00000000,0.00000000,0.00000000,0.00000000,0.00000000,0.01021936,0.00000000,0.00000000,0.00000000,0.00000000,0.00000000,0.00000000,0.00000000,0.00000000,0.00000000,0.00000000,0.08461981,0.00000000,0.00000000,0.00000000,0.00000000,0.00000000,0.00000000,0.00000000,0.00000000,0.00000000,0.00258726,0.00000000,0.00000000,2.79608441,0.00000000,0.00000000,0.00000000,0.00000000,0.00000000,0.00000000,0.08381798,0.00429277,0.00000000,0.06238348,0.00086383,0.00000000,0.00000000,0.55132806,0.00000000,0.00000000,0.00000000,0.00000000,0.00000000,0.00000000,0.00000000,0.00000000,0.00000000,0.00000000,0.00000000,0.00000000,0.00000000,0.00000000,0.00000000,0.00000000,0.00000000,0.00000000,0.00000000,0.01809173,0.00000000,0.00000000,0.00000000,0.00000000,0.00767082,0.00000000,0.00996392,0.00000000,0.00000000,0.00000000,0.00000000,0.00533309,0.00000000,0.02948161,0.00000000,0.00000000,0.00000000,0.00000000,0.93822833,0.00000000,0.00000000,0.00000000,0.00000000,0.00000000,0.00000000,0.02562807,0.00000000,0.00000000,0.00000000,0.00000000,0.00000000,0.00000000,0.00000000,0.00000000,0.00000000,0.00000000,0.00000000,0.00000000,0.00000000,0.00000000,0.00000000,0.00000000,0.00000000,0.00519696,0.00000000,0.00000000,0.00000000,0.00134602,0.00000000,0.00000000,0.00000000,0.00000000,0.00000000,0.00000000,0.00245714,0.00000000,0.00000000,0.00000000,0.00000000,0.00000000,0.00000000,0.05622065,0.00000000,0.00000000,0.00000000,0.00000000,0.00000000,0.00000000,0.01168531,0.00000000,0.00000000,0.00000000,0.00000000,0.00238399,0.02766834,0.00000000,0.00359862,0.00000000,0.00000000,0.00000000,0.00068439,0.00144350,0.00000000,0.00000000,0.00000000,0.00000000,0.00000000,0.00000000,0.00000000,0.00000000,0.00000000,0.00000000,0.00000000,0.00000000,0.00000000,0.00000000,0.00000000,0.07075546,0.00802568,0.00000000,0.00000000,0.00000000,0.00000000,0.00000000,0.00000000,0.00000000,0.00000000,0.00371811,0.00000000,0.00000000,0.00000000,0.00000000,0.00000000,0.02032547,0.70149127,0.00000000,0.00000000,0.00000000,0.00000000,0.00000000,0.00000000,0.00000000,0.00000000,0.00000000,0.00000000,0.00000000,0.00000000,0.00000000,0.00000000,0.00000000,0.00000000,0.00000000,0.00000000,0.01084978,0.00000000,0.00000000,0.05218334,0.00000000,0.00000000
0.00000000,0.00000000,0.00000000,0.00000000,0.00000000,0.00000000,0.00000000,0.00459274,0.00000000,0.00000000,0.03346396,0.00000000,0.00000000,0.13253723,0.00000000,0.00000000,0.00000000,0.00000000,0.00000000,0.21895517,0.00581270,0.00000000,0.00000000,0.00000000,0.00000000,0.00000000,0.00000000,0.00000000,0.05501571,0.00000000,0.00000000,0.00000000,0.00000000,0.00000000,0.00000000,0.00000000,0.00000000,0.00965675,0.00000000,0.01226922,0.00000000,0.00000000,0.00000000,0.00000000,0.00000000,0.00000000,0.00000000,0.00000000,0.01590172,0.00000000,0.00000000,0.00000000,0.00000000,0.00000000,0.00000000,0.12248793,0.00000000,0.00000000,0.00000000,0.00000000,0.00000000,0.00000000,0.00000000,0.00000000,0.00000000,0.00000000,0.00000000,0.00000000,0.06300979,0.00000000,0.00000000,0.07360101,0.00000000,0.00000000,0.00000000,0.00418088,0.00000000,0.00378353,0.00000000,0.00000000,0.00000000,0.00000000,0.00457285,0.00575091,0.00000000,0.00000000,0.00000000,0.00000000,0.00000000,0.00000000,0.00069221,0.00000000,0.00000000,0.00000000,0.00601400,0.00000000,0.00000000,0.00000000,0.00000000,0.00000000,0.00000000,0.00000000,0.00000000,0.00000000,0.00000000,0.00000000,0.00000000,0.00000000,0.00000000,0.00000000,0.00000000,0.00000000,0.00000000,0.00000000,0.00000000,0.00000000,0.00000000,0.00321578,0.00000000,0.00000000,0.00000000,0.00000000,0.00000000,0.00000000,0.00000000,0.00000000,0.00000000,0.00000000,0.00000000,0.00000000,0.00000000,0.00000000,0.00000000,0.00000000,0.00000000,0.00000000,0.00000000,0.00000000,0.00000000,0.00000000,0.00000000,0.00000000,0.00000000,0.02556843,0.00000000,0.00000000,0.00000000,0.00430512,0.73147227,0.00000000,0.00000000,0.00000000,0.00540530,0.00000000,0.00000000,0.00000000,0.00000000,0.00000000,0.00000000,0.00000000,0.00000000,0.00000000,0.00000000,0.00000000,0.00000000,0.00000000,0.02201525,0.00000000,0.00000000,0.00000000,0.00000000,0.00000000,0.00000000,0.00000000,0.00000000,0.00000000,0.00000000,0.00000000,0.00000000,0.00000000,0.00000000,0.00926241,0.00000000,0.00000000,0.00000000,0.00000000,0.00000000,0.01377016,0.00000000,0.00000000,0.00000000,0.00000000,0.00000000,0.00000000,0.00953987,0.00000000,0.00000000,0.00000000,0.00000000,0.00000000,0.00000000,0.00000000,0.00000000,0.00000000,0.00000000,0.00000000,0.02996222,0.00000000,0.00000000,0.00000000,0.00000000,0.00000000,0.00000000,0.07808289,0.00000000,0.00000000,0.00000000,0.00000000,0.00000000,0.00000000,0.00000000,0.00000000,0.00000000,0.00000000,0.00000000,0.00000000,0.00000000,0.00000000,0.00000000,0.03264882,0.00000000,0.04284516,0.00000000,0.00000000,0.00000000,0.00000000,0.00000000,0.13674130,0.00908804,0.00000000,0.00000000,0.00000000,0.00000000,0.00000000,0.00000000,0.00000000,0.00000000,0.00000000,0.00000000,0.00000000,0.00000000,0.00166211,0.00000000,0.15731993,0.00000000,0.00000000,0.00000000,0.00000000,0.00000000,0.00000000,0.00000000,0.00000000,0.00000000,0.00000000,0.00000000,0.00000000,0.00000000,0.00000000,0.00000000,0.00000000,0.00000000,0.00000000,0.00000000,0.00000000,0.00000000,0.00000000,0.00000000,0.01271622,0.00000000,0.00000000,0.00000000,0.00000000,0.01135391,0.00000000,0.00000000,0.00142565,0.00000000,0.00000000,0.00000000,0.00000000,0.00000000,0.00000000,0.19568523,0.00000000,0.00000000,0.21077505,0.00113991,0.00000000,0.00000000,0.00000000,0.00000000,0.00232570,0.00000000,0.00000000,0.00000000,0.01873616,0.00000000,0.00000000,0.01020898,0.00000000,0.00000000,0.00000000,0.00000000,0.00000000,0.00000000,0.38585623,0.00000000,0.00000000,0.00000000,0.00000000,0.00000000,0.00000000,0.00000000,0.00000000,0.02761572,0.00000000,0.00000000,0.00000000,0.00000000,0.00000000,0.00000000,0.01004216,0.00000000,0.00000000,0.00000000,0.00372630,0.00000000,0.00000000,0.00000000,0.00000000,0.00000000,0.00000000,0.00000000,0.00000000,0.00000000,0.00094104,0.00000000,0.00000000,0.00000000,0.00000000,0.00000000,0.00000000,0.00000000,0.00000000,0.00000000,0.00000000,0.00000000,0.09969760,0.00000000,0.00000000,0.00000000,0.00000000,0.00000000,0.00455507,0.00000000,0.00000000,0.00000000,0.00000000,0.00000000,0.00000000,0.00000000,0.00000000,0.03865004,0.00000000,0.02621570,0.00000000,0.00000000,0.00000000,0.00000000,0.00342090,0.00000000,0.01638572,0.00000000,0.00000000,0.00000000,0.02339783,0.00000000,0.01185483,0.00000000,0.00000000,0.00000000,0.00000000,0.00000000,0.00000000,0.00000000,0.00000000,0.00000000,0.00000000,0.01418651,0.00000000,0.00000000,0.00000000,0.00000000,0.00000000,0.00000000,0.00000000,0.00174913,0.00000000,0.00000000,0.00000000,0.00000000,0.00000000,0.00000000,0.00000000,0.00000000,0.03074125,0.00000000,0.00000000,0.00000000,0.00000000,0.00000000,0.00328509,0.00000000,0.00000000,0.00000000,0.03439908,0.00000000,0.00000000,0.00000000,0.00000000,0.00000000,0.01481913,0.00000000,0.00000000,0.00000000,0.03757487,0.00000000,0.00000000,0.00000000,0.00000000,0.00000000,0.00000000,0.00000000,0.00144754,0.00000000,0.01451448,0.00161929,0.00989638,0.00000000,0.00000000,0.06240497,0.00000000,0.00000000,0.00000000,0.00000000,0.00000000,0.00000000,0.00000000,0.00000000,0.00000000,0.00000000,0.00000000,0.00000000,0.00000000,0.00000000,0.00221496,0.00000000,0.00000000,0.00000000,0.00000000,0.00000000,0.00000000,0.00000000,0.00000000,0.00000000,0.00000000,0.00000000,0.00320734,0.00000000,0.00000000,0.02522680,0.00000000,0.00000000,0.00000000,0.00000000,0.00000000,0.00339452,0.00000000,0.00156222,0.00000000,0.01783110,0.00000000,0.00000000,0.00000000,0.00000000,0.00000000,0.00000000,0.02290980,0.00000000,0.00000000,0.00000000,0.04836787,0.00000000,0.00000000,0.00000000,0.00000000,0.00000000,0.00000000,0.00000000,0.00067313,0.00000000,0.00000000,0.00000000,0.00000000,0.00000000,0.00990473,0.00000000,0.00000000,0.00000000,0.00000000,0.00000000,0.00000000,0.00000000,0.00000000,0.00000000,0.00000000,0.00000000,0.00000000,0.00000000,0.00000000,0.00000000,0.00000000,0.00000000,0.00000000,0.00000000,0.00000000,0.00000000,0.00070213,0.00000000,0.00000000,0.00000000,0.00000000,0.00295641,0.00000000,0.00000000,0.00000000,0.00000000,0.00000000,0.00000000,0.00000000,0.00000000,0.00000000,0.00000000,0.00000000,0.00000000,0.00000000,0.00000000,0.00000000,0.00817104,0.00000000,0.00000000,0.00000000,0.01291158,0.00000000,0.00000000,0.00000000,0.00000000,0.00000000,0.00000000,0.00000000,0.00000000,0.00000000,0.00000000,0.00000000,0.00000000,0.00000000,0.00000000,0.00262286,0.00000000,0.00000000,0.00000000,0.00000000,0.00000000,0.00000000,0.00000000,0.28962800,0.00000000,0.00000000,0.00000000,0.00000000,0.00000000,0.00000000,0.00000000,0.47698780,0.00000000,0.00000000,0.00000000,0.00408541,0.00000000,0.00000000,0.00000000,0.00000000,0.00000000,0.00000000,0.00283391,0.00000000,0.00167153,0.00000000,0.00000000,1.95581874,0.00000000,0.00000000,0.00000000,0.00000000,0.00000000,0.00000000,0.00000000,0.00000000,0.00000000,0.00000000,0.00000000,0.00000000,0.00000000,0.00000000,0.00000000,0.00000000,0.00000000,0.00000000,0.00499507,0.00000000,0.00796599,0.00000000,0.00000000,0.00000000,0.00000000,0.00000000,0.00000000,0.00275872,1.68117264,0.00000000,0.00000000,0.00000000,0.00000000,0.00000000,0.00170954,0.00000000,0.65578371,0.00000000,0.00000000,0.00000000,0.00000000,0.00000000,0.00000000,0.08297368,0.00000000,0.00000000,0.00000000,0.00000000,0.00000000,0.00000000,0.00000000,0.00000000,0.00000000,0.00000000,0.00000000,0.00000000,0.00000000,0.00000000,0.00000000,0.00000000,0.00000000,0.00251530,0.00000000,0.00000000,0.00000000,0.00000000,0.24375074,0.00000000,0.00000000,0.00000000,0.00000000,0.00000000,0.00000000,0.03259634,0.00000000,0.00315297,0.00000000,0.00000000,0.00000000,0.00000000,0.00000000,0.02101691,0.00000000,0.00000000,0.00343423,0.00000000,0.00000000,0.01868114,0.00000000,0.00000000,0.00000000,0.00000000,0.00000000,0.00000000,0.00000000,0.00000000,0.04679508,0.00000000,0.00000000,0.00000000,0.00000000,0.00000000,0.00000000,0.00000000,0.00000000,0.00000000,0.00000000,0.00000000,0.00465134,0.00000000,0.00000000,0.00000000,0.00000000,0.09023613,0.00000000,0.00000000,0.00000000,0.00000000,0.00000000,0.00000000,0.00000000,0.00000000,0.00000000,0.00000000,0.00000000,0.00000000,0.00000000,0.00000000,0.00000000,0.03299130,0.00000000,0.00000000,0.00000000,0.00000000,0.00000000,0.00000000,0.00000000,0.00000000,0.00000000,0.00000000,0.00000000,0.00000000,0.00000000,0.00000000,0.00000000,0.00000000,0.01122291,0.00000000,0.00000000,0.00000000,0.00000000,0.00000000,0.00000000,0.00000000,0.00000000,0.00000000,0.00000000,0.00000000,0.00000000,0.00000000,0.00880806,0.00438874,0.00000000,0.00000000,0.00000000,0.00000000,0.00000000,0.00000000,0.00000000,0.00000000,0.00000000,0.00000000,0.00000000,0.00000000,0.00000000,0.00000000,0.00000000,0.00000000,0.00000000,0.03181406,0.00983993,0.00000000,0.00000000,0.00000000,0.00825087,0.00000000,0.00000000,0.00000000,0.00000000,0.00000000
0.00000000,0.00000000,0.00000000,0.00000000,0.00000000,0.00000000,0.00000000,0.00000000,0.00000000,0.00000000,0.00288393,0.00000000,0.00000000,0.00000000,0.00000000,0.01896063,0.00000000,0.00000000,0.00000000,0.00264297,0.00834119,0.00000000,0.00000000,0.00000000,0.00000000,0.00000000,0.00000000,0.00000000,0.00000000,0.01021974,0.00000000,0.00425761,0.00000000,0.00000000,0.00000000,0.00000000,0.00000000,0.00000000,0.00000000,0.00000000,0.00000000,0.00000000,0.00000000,0.00000000,0.00000000,0.00000000,0.02975007,0.00000000,0.00089630,0.00000000,0.00000000,0.00000000,0.00000000,0.00000000,0.00356142,0.00000000,0.00000000,0.00000000,0.00000000,0.00000000,0.00000000,0.00000000,0.00000000,0.00000000,0.00000000,0.00000000,0.00000000,0.00682453,0.00000000,0.00000000,0.00000000,0.00751185,0.00000000,0.00000000,0.06158289,0.00000000,0.00000000,0.00000000,0.00000000,0.00000000,0.01298594,0.00000000,0.00000000,0.00156298,0.00000000,0.00000000,0.00000000,0.00000000,0.00000000,0.00000000,0.00000000,0.01238591,0.00000000,0.00000000,0.00000000,0.00000000,0.00000000,0.00000000,0.01750947,0.00000000,0.00000000,0.00000000,0.00000000,0.00000000,0.00000000,0.00000000,0.00000000,0.00000000,0.00000000,0.00000000,0.00000000,0.00000000,0.00000000,0.00000000,0.00000000,0.00098829,0.00000000,0.00000000,0.00000000,0.00000000,0.00000000,0.00000000,0.00350247,0.00000000,0.00000000,0.00000000,0.00000000,0.00742593,0.00000000,0.00721380,0.00000000,0.00000000,0.00000000,0.00000000,0.00000000,0.01896415,0.00000000,0.00000000,0.00000000,0.00000000,0.00000000,0.00000000,0.00701199,0.00000000,0.00000000,0.00000000,0.00000000,0.00000000,0.00000000,0.00000000,0.00000000,0.00000000,0.00000000,0.00000000,0.00668497,0.00000000,0.00000000,0.00000000,0.00000000,0.00000000,0.00000000,0.00159138,0.00000000,0.00000000,0.00000000,0.00000000,0.00000000,0.00000000,0.00000000,0.00734347,0.00000000,0.00839492,0.00000000,0.00000000,0.00000000,0.00000000,0.00000000,0.00000000,0.00000000,0.00000000,0.00793861,0.00000000,0.00000000,0.00000000,0.00000000,0.01712889,0.00000000,0.00000000,0.00000000,0.00000000,0.00335718,0.00000000,0.00000000,0.00000000,0.00000000,0.02617567,0.00000000,0.00000000,0.00000000,0.00000000,0.00000000,0.00000000,0.00000000,0.00199515,0.00000000,0.00520635,0.01103490,0.00000000,0.00162403,0.00000000,0.00000000,0.00000000,0.00000000,0.39440895,0.00000000,0.00000000,0.00000000,0.00000000,0.00000000,0.00000000,0.00000000,0.00000000,0.00000000,0.00000000,0.00000000,0.00000000,0.00000000,0.00000000,0.04086777,0.01283013,0.00000000,0.00000000,0.00000000,0.00000000,0.00000000,0.00000000,0.00000000,0.00000000,0.00000000,0.00231557,0.00000000,0.00000000,0.00000000,0.00117476,0.00000000,0.00000000,0.00000000,0.00000000,0.00000000,0.00000000,0.00000000,0.00000000,0.00000000,0.00000000,0.00000000,0.00000000,0.00000000,0.02880340,0.00000000,0.00000000,0.00000000,0.00000000,0.00000000,0.00000000,0.00000000,0.00000000,0.09041738,0.00000000,0.00000000,0.00000000,0.00000000,0.00000000,0.00000000,0.01565052,0.00000000,0.00000000,0.00000000,0.00000000,0.00000000,0.00000000,0.00000000,0.00000000,0.00000000,0.00000000,0.00000000,0.00000000,0.00000000,0.00980080,0.00000000,0.00000000,0.00000000,0.00000000,0.00000000,0.00000000,0.00000000,0.00000000,0.00000000,0.00000000,0.00000000,0.00000000,0.00000000,0.00000000,0.00000000,0.00000000,0.00000000,0.00000000,0.00000000,0.00000000,0.00000000,0.00000000,0.02106138,0.00000000,0.00000000,0.00000000,0.00000000,0.00000000,0.00000000,0.00000000,0.00000000,0.00000000,0.00000000,0.00000000,0.00000000,0.00000000,0.00000000,0.00000000,0.00000000,0.00000000,0.00000000,0.00000000,0.00000000,0.00000000,0.00000000,0.00000000,0.00000000,0.00000000,0.00000000,0.00000000,0.00986779,0.00126972,0.00988259,0.00000000,0.00000000,0.00000000,0.00000000,0.00000000,0.00458682,0.00000000,0.00000000,0.00000000,0.00000000,0.00000000,0.00000000,0.00000000,0.00000000,0.00000000,0.00000000,0.00000000,0.00000000,0.00000000,0.00000000,0.00000000,0.00000000,0.14119285,0.00000000,0.00000000,0.00000000,0.00000000,0.01473639,0.00000000,0.01529377,0.00000000,0.00000000,0.00308225,0.00000000,0.00000000,0.00000000,0.00000000,0.00000000,0.02235134,0.00000000,0.00000000,0.00000000,0.00000000,0.00000000,0.00000000,0.02082238,0.00000000,0.00000000,0.00000000,0.00000000,0.00000000,0.00000000,0.00000000,0.00000000,0.00164888,0.00000000,0.00000000,0.00000000,0.00000000,0.00000000,0.00000000,0.00000000,0.00000000,0.03152204,0.00000000,0.00000000,0.00000000,0.02020605,0.00000000,0.00000000,0.00000000,0.00075831,0.24367487,0.00000000,0.00000000,0.00000000,0.00000000,0.07179061,0.00000000,0.00000000,0.00000000,0.00272219,0.00000000,0.00000000,0.00000000,0.00000000,0.02777828,0.00000000,0.00000000,0.00000000,0.00000000,0.12194825,0.00169158,0.00000000,0.00000000,0.00000000,0.02457695,0.00000000,0.00000000,0.00000000,0.00000000,0.00000000,0.00000000,0.00000000,0.00000000,0.00000000,0.00000000,0.00000000,0.00000000,0.00000000,0.00000000,0.00000000,0.00000000,0.00431703,0.00000000,0.00000000,0.00000000,0.00000000,0.00000000,0.00000000,0.00000000,0.00000000,0.00000000,0.00000000,0.00000000,0.01223864,0.00000000,0.00000000,0.00000000,0.00000000,0.00000000,0.00000000,0.00000000,0.00000000,0.00000000,0.00000000,0.00000000,0.00000000,0.00000000,0.00000000,0.00000000,0.00000000,0.00000000,0.00000000,0.00000000,0.00000000,0.00000000,0.00046498,0.00000000,0.00000000,0.00000000,0.00000000,0.00000000,0.00000000,0.01360698,0.00000000,0.00000000,0.00000000,0.00000000,0.00000000,2.98066638,0.00000000,0.00000000,0.00000000,0.00000000,0.00000000,0.11225942,0.00000000,0.00000000,0.00000000,0.00000000,0.00414755,0.00166895,0.00000000,0.00000000,0.00000000,0.00000000,0.00000000,0.00382219,0.00000000,0.00000000,0.00000000,0.00000000,0.00000000,0.00000000,0.00000000,0.00000000,0.00000000,0.00000000,0.00000000,0.00000000,0.00000000,0.00000000,0.00000000,0.00000000,0.00000000,0.00894447,0.00000000,0.00402498,0.00000000,0.02101183,0.00000000,0.00000000,0.00000000,0.00000000,0.00000000,0.00000000,0.00000000,0.00000000,0.00404778,0.00000000,0.00000000,0.00586856,0.01485096,0.00000000,0.00218954,0.01820069,0.00848463,0.00000000,0.01014174,0.02583335,0.00000000,0.00000000,0.00000000,0.00000000,0.00000000,0.00000000,0.00000000,0.00000000,0.00000000,0.00434691,0.00000000,0.00000000,0.00000000,0.22827127,0.00000000,0.03989392,0.00000000,0.00000000,0.00000000,0.00000000,0.00000000,0.00000000,0.03954135,0.00051698,0.00000000,0.00000000,0.00000000,0.00000000,0.00000000,0.56593923,0.20145612,0.00000000,0.00000000,0.00000000,0.00000000,0.01774577,0.00000000,0.00000000,0.00092087,0.00399542,0.00000000,0.00000000,0.00000000,0.00651181,0.00000000,0.00000000,0.00000000,0.00329837,0.00000000,0.00000000,0.00000000,0.00000000,0.00000000,0.00000000,0.00000000,0.00000000,0.00000000,0.00000000,0.00000000,0.00000000,0.00000000,0.00000000,0.00000000,0.00000000,0.08718731,0.00000000,0.00000000,0.00000000,0.00000000,0.00000000,0.00000000,0.00000000,0.00000000,0.00000000,0.00000000,0.00000000,0.00000000,0.00000000,0.00000000,0.00000000,0.00000000,0.00000000,0.00000000,0.00000000,0.00000000,0.00000000,0.00000000,0.00000000,0.00000000,0.00000000,0.00000000,0.00000000,0.00000000,0.00000000,0.00000000,0.00000000,0.00143299,0.00000000,0.00000000,0.00000000,0.00000000,0.00000000,0.00000000,0.00000000,0.00000000,0.00000000,0.00000000,0.00000000,0.00000000,0.00195311,0.00270614,0.00000000,0.00000000,0.00000000,0.00000000,0.00000000,0.00000000,0.00000000,0.00000000,0.00000000,0.00000000,0.00000000,0.01977106,0.00000000,0.00000000,0.00000000,0.00000000,0.00000000,0.05724930,0.00000000,0.00000000,0.00000000,0.00000000,0.00000000,0.00000000,0.00000000,0.00000000,0.00000000,0.00000000,0.00000000,0.00000000,0.00000000,0.00000000,0.08421963,0.00000000,0.00000000,0.10406197,0.00000000,0.00000000,0.00000000,0.00000000,0.00245714,0.00000000,0.00000000,0.00000000,0.00662892,0.00000000,0.00000000,0.00000000,0.00000000,0.00000000,0.00000000,0.00000000,0.00512805,0.00000000,0.00000000,0.00000000,0.00000000,0.00000000,0.00000000,0.00000000,0.00000000,0.00000000,0.00000000,0.00000000,0.00000000,0.00000000,0.00000000,0.00000000,0.00000000,0.00000000,0.00000000,0.00000000,0.00000000,0.00000000,0.00000000,0.00000000,0.00811854,0.00000000,0.00000000,0.00000000,0.00000000,0.00000000,0.00000000,0.00000000,0.00000000,0.00000000,0.00350941,0.00543928,0.00000000,0.00000000,0.00000000,0.00917706,0.00000000,0.00000000,0.00000000,0.00000000,0.00000000,0.00000000,0.00000000,0.00000000,0.00000000,0.00000000,0.00000000,0.00000000,0.32557195,0.00000000,0.00000000,0.00000000,0.00000000,0.00085423,0.00000000,0.00000000,0.00000000,0.00000000,0.00000000,0.00000000,0.00000000,0.00000000,0.00000000,0.00000000,0.00000000,0.00000000,0.00000000,0.00000000,0.00000000,0.00000000,0.00000000
0.00000000,0.00000000,0.00000000,0.00000000,0.00000000,0.00000000,0.00000000,0.00000000,0.00000000,0.00000000,0.00000000,0.00000000,0.00000000,0.00261210,0.00000000,0.00000000,0.00000000,0.00000000,0.00000000,0.00000000,0.00000000,0.00000000,0.00000000,0.00000000,0.00000000,0.00000000,0.00000000,0.00000000,0.00000000,0.00000000,0.00000000,0.00000000,0.00000000,0.00000000,0.00000000,0.00000000,0.00000000,0.00000000,0.00000000,0.00000000,0.00000000,0.00000000,0.00000000,0.00000000,0.00000000,0.02397740,0.00000000,0.00000000,0.00000000,0.00000000,0.00000000,0.00000000,0.00000000,0.00000000,0.00000000,0.00000000,0.00000000,0.00000000,0.00000000,0.04832669,0.00000000,0.00000000,0.00000000,0.00000000,0.00000000,0.00000000,0.01149046,0.00000000,0.00000000,0.00000000,0.00000000,0.00000000,0.00782492,0.00000000,0.00134894,0.00000000,0.00000000,0.00707020,0.00000000,0.01524506,0.00000000,0.00000000,0.00000000,0.00000000,0.00000000,0.00000000,0.00000000,0.00000000,0.00000000,0.00000000,0.00000000,0.00000000,0.00000000,0.00000000,0.00000000,0.00694835,0.00000000,0.00000000,0.00566581,0.00000000,0.00000000,0.00000000,0.00000000,0.00000000,0.00000000,0.00000000,0.00000000,0.00000000,0.00000000,0.00000000,0.00000000,0.00000000,0.00000000,0.00000000,0.00000000,0.00000000,0.00000000,0.00000000,0.00000000,0.00000000,0.01007873,0.00000000,0.00000000,0.00000000,0.00000000,0.00000000,0.00000000,0.00000000,0.00000000,0.00000000,0.00000000,0.00000000,0.00000000,0.00823569,0.00000000,0.00000000,0.00000000,0.01510874,0.00345540,0.00329449,0.00000000,0.00000000,0.00000000,0.00000000,0.00000000,0.00000000,0.00000000,0.00000000,0.00000000,0.14589817,0.00000000,0.00000000,0.00000000,0.00000000,0.01445695,0.00000000,0.00000000,0.00657194,0.00000000,0.00000000,0.06300906,0.00000000,0.00000000,0.00000000,0.00000000,0.00160778,0.00000000,0.00445370,0.00000000,0.00000000,0.00000000,0.00000000,0.00000000,0.00000000,0.00000000,0.00000000,0.00000000,0.00000000,0.00000000,0.00000000,0.00000000,0.00000000,0.00000000,0.00000000,0.34820625,0.00000000,0.00000000,0.00110524,0.00000000,0.00000000,0.00360465,0.00000000,0.00000000,0.00000000,0.00000000,0.00000000,0.01413868,0.00000000,0.00000000,0.00000000,0.00000000,0.00000000,0.00599635,0.00000000,0.00000000,0.00000000,0.00000000,0.00000000,0.00741392,0.00000000,0.01187821,0.00432382,0.00000000,0.00000000,0.00373860,0.00000000,0.00000000,0.00000000,0.00000000,0.00000000,0.00000000,0.00573235,0.00000000,0.00000000,0.00000000,0.00000000,0.00000000,0.00000000,0.00000000,0.00000000,0.00000000,0.00000000,0.05330607,0.00000000,0.00000000,0.00000000,0.00000000,0.00000000,0.00000000,0.00000000,0.00000000,0.34247317,0.00000000,0.00000000,0.00000000,0.00000000,0.00000000,0.00000000,0.02015612,0.00000000,0.00000000,0.00000000,0.00000000,0.00000000,0.00000000,0.00000000,0.00082958,0.00000000,0.00000000,0.00000000,0.00000000,0.00000000,0.00000000,0.00000000,0.00000000,0.00000000,0.00000000,0.01062448,0.00000000,0.00000000,0.00000000,0.00000000,0.00000000,0.00000000,0.00000000,0.00000000,0.00000000,0.00713185,0.00000000,0.00000000,0.00000000,0.00000000,0.00000000,0.00000000,0.00000000,0.00000000,0.00000000,0.00000000,0.00000000,0.00000000,0.00000000,0.00000000,0.00000000,0.00000000,0.03971982,0.00000000,0.00000000,0.00000000,0.00000000,0.00000000,0.00000000,0.00000000,0.00000000,0.00000000,0.00000000,0.00000000,0.00080998,0.00000000,0.00000000,0.00000000,0.00000000,0.00000000,0.00000000,0.00000000,0.00000000,0.00000000,0.01689688,0.00052579,0.00000000,0.00000000,0.00000000,0.00000000,0.00000000,0.00000000,0.01692853,0.24964655,0.00000000,0.00000000,0.00000000,0.00000000,0.00000000,0.00000000,0.00000000,0.00229312,0.00000000,0.00000000,0.00000000,0.00000000,0.00000000,0.00000000,0.00000000,0.00000000,0.00294004,0.00000000,0.00244186,0.00000000,0.00000000,0.00000000,0.00000000,0.02965863,0.00000000,0.00000000,0.00589422,0.00000000,0.00000000,0.00000000,0.00000000,0.00000000,0.00000000,0.00000000,0.00000000,0.00000000,0.00000000,0.00000000,0.00000000,0.00000000,0.00000000,0.00000000,0.00000000,0.00000000,0.00000000,0.00000000,0.07905824,0.00000000,0.00000000,0.00000000,0.00000000,0.00000000,0.00000000,0.00000000,0.00000000,0.00000000,0.00000000,0.00000000,0.00000000,0.00000000,0.00000000,0.00000000,0.00000000,0.00000000,0.00000000,0.00000000,0.00000000,0.00000000,0.00000000,0.00000000,0.00000000,0.00000000,0.00159048,0.00000000,0.00000000,0.00000000,0.00000000,0.00000000,0.00000000,0.00000000,0.00000000,0.00000000,0.00000000,0.06938091,0.00000000,0.00000000,0.00000000,0.00000000,0.00000000,0.00000000,0.00000000,0.00000000,0.00000000,0.00000000,0.00000000,0.00000000,0.00000000,0.00000000,0.00000000,0.01070004,0.00000000,0.00881867,0.00000000,0.00000000,0.00000000,0.00000000,0.00000000,0.00000000,0.00000000,0.00000000,0.00000000,0.00000000,0.00122389,0.01173283,0.00000000,0.00000000,0.00000000,0.00068565,0.00000000,0.00638498,0.00000000,0.00000000,0.00000000,0.00000000,0.00000000,0.04457720,0.00000000,0.00000000,0.00000000,0.00063647,0.00000000,0.00000000,0.00000000,0.00000000,0.00000000,0.00127413,0.00000000,0.00094197,0.00000000,0.00000000,0.08278250,0.00000000,0.00000000,0.02130257,0.00000000,0.00000000,0.00000000,0.00000000,0.00000000,0.05394073,0.00000000,0.00000000,0.00000000,0.00000000,0.00000000,0.00000000,0.05013972,0.00000000,0.00000000,0.00000000,0.00000000,0.00000000,0.00000000,0.00000000,0.00000000,0.00000000,0.00000000,0.00000000,0.00000000,0.00000000,0.00000000,0.00000000,0.00000000,0.00000000,0.00000000,0.00000000,0.00000000,0.00000000,0.00330697,0.00000000,0.00000000,0.00000000,0.00000000,0.00000000,0.00000000,0.00000000,0.00000000,0.00000000,0.00000000,0.00000000,0.00000000,0.00000000,0.00000000,0.00000000,0.00000000,0.00000000,0.00000000,0.00000000,0.00000000,0.00000000,0.00000000,0.00000000,0.00000000,0.00000000,0.00000000,0.00000000,0.00000000,0.00000000,1.58577336,0.00000000,0.00000000,0.00000000,0.00000000,0.00000000,0.00000000,0.00000000,0.00000000,0.00000000,0.00000000,0.00000000,0.00000000,0.01432444,0.00000000,0.00891377,0.00000000,0.02883230,0.19918803,0.00000000,0.00000000,0.00000000,0.00000000,0.01952652,0.00000000,0.00000000,0.00000000,0.00000000,0.00000000,0.00000000,0.00000000,0.00000000,0.00000000,0.15067815,0.00000000,0.00000000,0.00000000,0.00132034,0.00000000,0.00000000,0.00000000,0.12589592,0.00000000,0.00000000,0.00000000,0.00000000,0.00000000,0.00000000,0.00000000,0.00122139,0.00000000,0.00256303,0.00000000,0.00000000,0.00465311,0.00000000,0.00000000,0.00000000,0.00000000,0.00000000,0.00000000,0.00000000,0.00000000,0.00000000,0.00000000,0.00000000,0.00000000,0.00000000,0.02166261,0.00000000,0.00000000,0.00000000,0.03136409,0.00000000,0.00000000,0.00000000,0.00547416,0.00000000,0.00000000,0.00000000,0.00000000,0.00000000,0.00000000,0.00000000,0.00000000,0.00000000,0.00000000,0.00343758,0.00000000,0.00000000,0.01397108,0.00000000,0.00000000,0.00000000,0.00000000,0.00000000,0.00000000,0.00000000,0.00000000,0.00000000,0.00000000,0.00000000,0.00000000,0.00000000,0.00000000,0.00000000,0.00000000,0.00000000,0.00000000,0.00000000,0.00000000,0.01222785,0.00000000,0.00000000,0.00000000,0.00885515,0.00000000,0.00000000,0.00000000,0.00000000,0.00000000,0.00000000,0.00000000,0.00000000,0.00000000,0.00000000,0.00000000,0.00000000,0.00000000,0.01530519,0.00000000,0.00000000,0.00000000,0.00000000,0.00000000,0.00567980,0.00000000,0.01463105,0.00960312,0.00000000,0.00000000,0.00000000,0.01575506,0.00000000,0.00000000,0.00000000,0.00000000,0.01598169,0.04482792,0.00000000,0.00000000,0.00000000,0.00000000,0.00000000,0.00000000,0.00000000,0.53370037,0.00000000,0.00000000,0.00512585,0.00000000,0.00000000,0.00000000,0.00000000,0.00000000,0.00000000,0.00799224,0.00793679,0.00000000,0.00139408,0.00000000,0.00000000,0.00000000,0.00000000,0.00000000,0.00450751,0.00000000,0.00000000,0.00000000,0.00000000,0.00000000,0.00000000,0.00000000,0.00000000,0.00000000,0.00218392,0.00000000,0.00000000,0.00000000,0.00000000,0.00000000,0.00166505,0.00000000,0.00000000,0.00000000,0.00415991,0.02107344,0.00000000,0.00346798,0.00000000,0.00000000,0.00803473,0.00000000,0.02201023,0.00000000,0.00000000,0.00000000,0.00000000,0.00000000,0.00000000,0.00564907,0.00000000,0.00000000,0.00000000,0.01397804,0.00000000,0.00000000,0.00000000,0.01255022,0.00000000,0.00000000,0.00000000,0.05404672,0.00214226,0.00000000,0.00000000,0.00000000,0.00000000,0.00000000,0.00000000,0.00000000,0.00000000,0.00000000,0.00795290,0.00000000,0.00000000,0.00000000,0.00000000,0.00000000,0.00000000,0.00000000,0.00000000,0.00000000,0.00000000,0.00000000,0.01345200,0.00000000,0.00000000,0.00000000,0.00427318,0.00000000,0.00000000,0.01688961,0.00000000,0.00000000,0.00000000,0.00000000,0.00000000,0.00000000,0.00000000,0.00000000,0.00000000,0.00000000,0.00000000,0.00000000,0.00000000
0.00000000,0.00000000,0.00000000,0.00000000,0.00000000,0.00000000,0.00000000,0.00000000,0.00000000,0.00000000,0.00000000,0.00000000,0.00000000,0.01254936,0.01392484,0.00000000,0.00000000,0.00000000,0.00000000,0.00000000,0.00000000,0.00000000,0.00195384,0.00000000,0.00000000,0.00000000,0.48615969,0.00000000,0.00000000,1.19627513,0.00000000,0.00000000,0.00000000,0.00000000,0.00000000,0.00000000,0.00000000,0.00000000,0.00000000,0.00000000,0.00000000,0.00000000,0.00000000,0.00000000,0.00000000,0.00421163,0.00000000,0.00000000,0.00000000,0.00000000,0.00000000,0.07201601,0.00000000,0.00000000,0.00000000,0.00000000,0.00000000,0.00000000,0.00000000,0.00000000,0.00000000,0.00000000,0.00000000,0.00774721,0.00000000,0.00000000,0.00000000,0.02609287,0.00000000,0.00000000,0.00000000,0.00000000,0.00000000,0.00000000,0.00000000,0.00000000,0.00311214,0.00000000,0.00000000,0.00000000,0.00000000,0.00000000,0.00000000,0.00000000,0.00000000,0.00000000,0.00762222,0.00000000,0.18185139,0.00000000,0.00000000,0.00000000,0.00000000,0.00000000,0.00000000,0.00000000,0.05546568,0.00000000,0.00000000,0.00000000,0.00000000,0.00000000,0.02234520,0.00000000,0.00000000,0.00000000,0.00000000,0.00508500,0.01263707,0.00000000,0.00000000,0.00000000,0.00000000,0.00000000,0.00075727,0.00392844,0.00000000,0.00000000,0.00000000,0.00000000,0.00000000,0.00000000,0.00000000,0.00000000,0.00000000,0.00000000,0.00000000,0.00000000,0.00000000,0.00000000,0.01236652,0.00000000,0.02091430,0.00306359,0.00000000,0.00000000,0.00000000,0.00000000,0.00000000,0.00000000,0.00000000,0.00000000,0.00000000,0.00280468,0.00000000,0.00000000,0.00000000,0.00000000,0.00000000,0.00000000,0.00000000,0.00000000,0.00000000,0.00000000,0.00000000,0.00000000,0.00000000,0.00000000,0.00000000,0.00000000,0.00000000,0.00000000,0.00000000,0.00000000,0.03253725,0.00000000,0.00000000,0.00000000,0.00000000,0.00894460,0.59695489,0.00000000,0.00076607,0.00000000,0.13856269,0.00502925,0.00000000,0.00000000,0.00597723,0.00000000,0.00883668,0.00000000,0.00000000,0.00000000,0.00000000,0.00000000,0.00000000,0.00000000,0.00000000,0.00717923,0.00000000,0.00165509,0.00000000,0.00000000,0.00000000,0.00000000,0.00000000,0.00000000,0.00000000,0.00000000,0.00000000,0.00000000,0.00000000,0.00000000,0.00000000,0.00000000,0.00000000,0.00000000,0.00000000,0.00000000,0.00000000,0.00000000,0.00000000,0.00000000,0.00000000,0.00000000,0.00000000,0.00000000,0.00000000,0.00000000,0.00000000,0.00000000,0.00000000,0.00000000,0.00000000,0.00000000,0.00000000,0.00000000,0.00000000,0.00000000,0.00764500,0.00000000,0.00000000,0.00000000,0.00000000,0.00000000,0.00000000,0.00000000,0.00000000,0.00000000,0.00000000,0.00000000,0.00000000,0.00000000,0.00679699,0.00000000,0.00000000,0.00000000,0.00000000,0.00115833,0.00000000,0.00000000,0.00000000,0.00000000,0.00000000,0.00000000,0.00000000,0.00000000,0.00000000,0.00000000,0.00966742,0.00000000,0.00000000,0.00000000,0.00000000,0.00000000,0.01063552,0.00000000,0.00000000,0.00000000,0.00000000,0.00000000,0.00000000,0.00000000,0.00307575,0.00488155,0.00000000,0.00000000,0.00000000,0.00000000,0.00000000,0.00000000,0.00000000,0.00000000,0.00000000,0.00000000,0.00000000,0.00000000,0.00000000,0.00000000,0.00000000,0.00000000,0.00000000,0.00000000,0.00000000,0.00000000,0.00000000,0.89042216,0.00000000,0.36414433,0.01737041,0.00000000,0.00471917,0.00000000,0.00000000,0.00000000,0.00312108,0.00000000,0.02014339,0.00144657,0.00000000,0.00000000,0.00000000,0.00000000,0.00000000,0.00000000,0.00000000,0.00000000,0.00000000,0.00000000,0.00000000,0.00000000,0.04919693,0.00000000,0.00420608,0.00000000,0.00000000,0.00000000,0.00000000,0.00000000,0.00000000,0.00000000,0.00000000,0.00000000,0.00000000,0.00000000,0.00000000,0.02548555,0.00000000,0.00000000,0.00000000,0.00000000,0.00000000,0.26836210,0.00000000,0.00000000,0.00000000,0.00000000,0.00000000,0.00000000,0.00000000,0.00000000,0.00000000,0.00000000,0.00000000,0.01449811,0.00000000,0.00000000,0.02012504,0.00000000,0.00000000,0.00000000,0.00000000,0.00000000,0.00000000,0.00000000,0.00000000,0.00000000,0.00000000,0.00000000,0.00000000,0.00000000,0.00000000,0.00000000,0.00000000,0.00000000,0.00000000,0.00000000,0.00120247,0.00000000,0.00000000,0.00000000,0.00000000,0.00840541,0.00000000,0.00000000,0.00000000,0.00000000,0.00000000,0.00300396,0.00000000,0.00000000,0.00000000,0.01250622,0.00000000,0.00000000,0.00000000,0.00000000,0.00000000,0.00000000,0.00000000,0.00000000,0.00000000,0.00000000,0.00000000,0.00000000,0.00000000,0.53081542,0.00000000,0.00000000,0.00000000,0.00000000,0.00157469,0.00000000,0.00000000,0.00000000,0.00000000,0.16403353,0.00000000,0.00000000,0.00000000,0.00000000,0.14025344,0.00000000,0.09633244,0.00000000,0.02833073,0.00000000,0.00000000,0.00965597,0.00000000,0.00000000,0.00000000,0.00000000,0.00000000,0.00000000,0.00000000,0.00000000,0.00000000,0.00375822,0.00000000,0.00000000,0.01320444,0.00000000,0.00000000,0.00000000,0.00000000,0.00000000,0.00000000,0.00000000,0.00000000,0.00000000,0.00000000,0.06792030,0.00000000,0.00000000,0.00000000,0.00000000,0.00000000,0.00000000,0.00000000,0.00000000,0.00000000,0.00161773,0.00000000,0.00000000,0.00000000,0.00000000,0.00000000,0.00000000,0.00000000,0.00000000,0.00000000,0.00000000,0.00000000,0.00000000,0.00000000,0.00000000,0.01327445,0.00000000,0.00000000,0.00000000,0.00000000,0.00000000,0.00000000,0.00000000,0.00000000,0.00000000,0.00000000,0.00000000,0.00000000,0.00000000,0.00000000,0.00000000,0.00000000,0.00000000,0.00000000,0.00000000,0.00000000,0.00000000,0.00000000,0.00000000,0.00000000,0.00000000,0.00000000,0.00000000,0.00000000,0.00000000,0.00000000,0.00000000,0.03586287,0.00000000,0.01795948,0.00000000,0.00000000,0.00000000,0.00000000,0.00000000,0.00619564,0.00000000,0.00131354,0.00000000,0.09713250,0.00000000,0.00000000,0.00000000,0.00000000,0.00721746,0.00000000,0.00000000,0.08643790,0.00000000,0.00071499,0.00000000,0.00000000,0.00000000,0.00000000,0.00000000,0.01163759,0.00000000,0.00000000,0.00000000,0.00000000,0.00000000,0.00000000,0.00000000,0.00000000,0.00000000,0.00000000,0.00000000,0.00000000,0.00936715,0.00000000,0.00000000,0.00000000,0.29633850,0.00000000,0.00000000,0.00000000,0.00000000,0.00000000,0.00000000,0.00000000,0.00000000,0.00000000,0.00592143,0.00000000,0.00000000,0.00000000,0.00000000,0.00000000,0.00000000,0.00000000,0.00000000,0.00000000,0.00000000,0.00000000,0.00000000,0.00000000,0.00000000,0.00000000,0.00000000,0.00000000,0.00000000,0.00000000,0.00000000,0.00000000,0.00000000,0.00000000,0.00000000,0.00893305,0.00000000,0.00000000,0.00000000,0.00000000,0.00000000,0.00000000,0.15510377,0.00000000,0.00000000,0.00000000,0.00000000,0.00689776,0.00000000,0.00495227,0.00000000,0.00000000,0.00000000,0.00000000,0.00000000,0.06150619,0.00000000,0.00000000,0.00000000,0.08412910,0.00409748,0.00000000,0.00000000,0.00000000,0.00000000,0.00000000,0.00000000,0.00000000,0.00000000,0.00000000,0.00000000,0.00000000,0.00000000,0.00000000,0.00000000,0.00000000,0.00784910,0.00087124,0.00000000,0.00000000,0.00000000,0.00000000,0.00000000,0.00000000,0.07795577,0.00000000,0.00000000,0.00000000,0.00512688,0.00000000,0.00000000,0.00000000,0.00000000,0.00000000,0.00000000,0.00000000,0.00000000,0.00000000,0.00000000,0.00000000,0.00000000,0.00000000,0.00000000,0.00000000,0.00000000,0.00000000,0.00000000,0.00000000,0.00000000,0.00000000,0.00189619,0.00084215,0.00000000,0.00000000,0.00000000,0.00000000,0.00000000,0.00000000,0.00000000,0.00000000,0.00000000,0.00000000,0.00000000,0.00000000,0.00000000,0.00000000,0.00000000,0.00000000,0.00000000,0.00000000,0.00000000,0.00780548,0.00000000,0.00000000,0.00000000,0.00000000,0.00000000,0.00000000,0.00000000,0.00000000,0.00000000,0.00000000,0.00000000,0.00424675,0.00000000,0.00000000,0.16252749,0.00000000,0.00000000,0.01004820,0.00000000,0.00000000,0.00000000,2.55664690,0.00000000,0.00000000,0.00000000,0.00000000,0.00000000,0.00000000,0.00662892,0.00000000,0.00000000,0.00000000,0.00000000,0.00000000,0.00278073,0.00000000,0.00000000,0.00000000,0.00000000,0.00000000,0.00000000,0.02631662,0.00000000,0.00000000,0.00342254,0.00000000,0.00000000,0.00000000,0.00000000,0.00000000,0.00000000,0.00000000,0.00000000,0.00000000,0.01344580,0.02349298,0.00000000,0.00000000,0.00000000,0.00000000,0.00000000,0.04472389,0.00000000,0.00000000,0.00000000,0.01473753,0.00000000,0.00000000,0.00000000,0.00000000,0.00000000,0.00000000,0.00000000,0.00695546,0.00000000,0.00000000,0.00000000,0.00000000,0.00000000,0.00393141,0.00000000,0.00000000,0.00000000,0.00000000,0.00130476,0.01160879,0.00000000,0.00000000,0.00000000,0.00707737,0.00000000,0.00381053,0.00000000,0.00000000,0.00000000,0.00000000,0.00000000,0.00000000,0.00000000,0.00000000,0.00000000,0.00000000,0.00000000,1.04430282,0.00000000,0.00000000,0.00000000,0.00000000,0.00000000,0.00000000,0.00000000,0.02209428,0.00000000
0.00000000,0.01677310,0.00000000,0.00000000,0.00000000,1.46383839,0.00000000,0.00000000,0.00000000,0.00000000,0.00000000,0.00000000,0.00000000,0.00000000,0.00000000,0.00000000,0.00000000,0.00000000,0.00000000,0.00000000,0.00709727,0.00000000,0.00000000,0.00000000,0.00000000,0.00000000,0.00000000,0.00000000,0.00000000,0.00000000,0.00358484,0.00000000,0.00000000,0.00000000,0.00000000,0.00000000,0.00000000,0.00000000,0.00000000,0.00000000,0.00000000,0.09318239,0.00000000,0.00000000,0.00000000,0.00411231,0.00000000,0.00000000,0.00917605,0.01095653,0.00000000,0.00000000,0.01138252,0.33715933,0.01763737,0.00000000,0.00000000,0.00000000,0.00000000,0.00000000,0.00334430,0.00000000,0.00000000,0.00000000,0.00000000,0.00000000,0.00000000,0.00000000,0.00558140,0.00000000,0.00000000,0.00000000,0.00000000,0.00000000,0.00000000,0.00000000,0.00000000,0.00000000,0.00000000,0.00000000,0.00000000,0.00000000,0.00000000,0.00000000,0.00000000,0.00000000,0.00000000,0.00000000,0.00000000,0.00429357,0.17294657,0.00000000,0.00000000,0.00000000,0.00000000,0.00000000,0.03933247,0.00000000,0.00000000,0.00000000,0.00168004,0.00000000,0.00000000,0.00000000,0.00000000,0.00577462,0.00000000,0.00000000,0.00000000,0.00000000,0.00000000,0.00000000,0.00000000,0.00000000,0.00715629,0.00000000,0.00000000,0.00000000,0.00000000,0.00000000,0.00000000,0.00000000,0.00000000,0.00000000,0.00000000,0.00274755,0.00000000,0.00000000,0.00000000,0.00000000,0.00000000,0.00000000,0.00000000,0.00000000,0.07954707,0.00000000,0.00000000,0.00000000,0.00000000,0.00000000,0.00434832,0.00000000,0.00341554,0.00000000,0.00000000,0.00000000,0.00000000,0.00000000,0.00000000,0.00000000,0.00000000,0.00000000,0.00000000,0.03621469,0.00000000,0.00000000,0.00000000,0.00000000,0.00000000,0.00000000,0.00000000,0.01625484,0.00000000,0.00000000,0.00806908,0.00000000,0.00000000,0.01689149,0.00000000,0.00000000,0.00000000,0.00000000,0.05087542,0.00000000,0.00000000,0.00000000,0.00000000,0.01188457,0.00000000,0.00629801,0.00000000,0.00000000,0.00000000,0.00000000,0.00000000,0.00000000,0.07153919,0.00429357,0.00000000,0.00000000,1.21768437,0.00000000,0.00000000,0.00000000,0.00000000,0.01456801,0.00082065,0.00000000,0.00000000,0.00000000,0.00000000,0.00000000,0.00000000,0.00000000,0.00000000,0.00000000,0.00143802,0.00000000,0.00000000,0.00000000,0.00000000,0.00000000,0.00000000,0.00000000,0.00000000,0.00000000,0.00000000,0.00000000,0.00000000,0.00000000,0.00077382,0.00000000,0.00000000,0.00000000,0.00000000,0.00000000,0.00000000,0.00000000,0.00000000,0.00000000,0.00000000,0.00000000,0.05709220,0.00000000,0.00427499,0.00000000,0.00000000,0.00000000,0.02099759,0.00000000,0.00000000,0.00000000,0.00000000,0.00000000,0.00000000,0.00000000,0.00000000,0.01953758,0.00000000,0.00000000,0.00000000,0.00000000,0.00000000,0.00000000,0.00000000,0.10217239,0.00000000,0.04451136,0.00000000,0.00000000,0.00000000,0.00000000,0.00000000,0.00000000,0.01931424,0.00000000,0.00000000,0.00000000,0.00000000,0.00000000,0.00000000,0.00000000,0.00000000,0.00053026,0.00000000,0.04279430,0.00000000,0.00647954,0.00000000,0.00000000,0.00000000,0.00000000,0.00000000,0.00000000,0.00000000,0.00000000,0.00000000,0.00000000,0.00000000,0.00000000,0.00000000,0.00000000,0.00000000,0.00146005,0.00000000,0.00360673,0.00000000,0.00000000,0.00000000,0.00000000,0.00000000,0.00000000,0.00000000,0.00000000,0.00355140,0.00000000,0.00000000,0.00000000,0.00000000,0.01424929,0.00000000,0.00000000,0.00000000,0.00000000,0.00093470,0.00000000,0.00000000,0.00000000,0.00000000,0.05854189,0.00000000,0.00000000,0.00998252,0.00000000,0.00000000,0.00000000,0.00000000,0.00000000,0.00000000,0.00000000,0.00000000,0.00000000,0.00000000,0.05589550,0.00000000,0.00000000,0.00000000,0.00000000,0.00000000,0.00000000,0.00000000,0.00000000,0.00000000,0.00000000,0.00000000,0.01855502,0.00000000,0.00000000,0.00000000,0.00000000,0.00000000,0.00000000,0.00000000,0.00000000,0.00000000,0.00000000,0.00000000,0.00000000,0.14042934,0.00000000,0.00000000,0.00000000,0.00000000,0.00000000,0.00000000,0.00090152,0.00000000,0.00000000,0.00000000,0.00000000,0.00000000,0.00000000,0.00000000,0.00000000,0.00000000,0.00678906,0.00000000,0.00000000,0.00000000,0.00000000,0.00000000,0.00000000,0.00000000,0.00000000,0.00000000,0.00000000,0.00000000,0.00000000,0.00000000,0.00000000,0.00000000,0.00000000,0.00752288,0.00000000,0.00000000,0.00000000,0.00000000,0.00959388,0.00000000,0.00000000,0.00000000,0.00000000,0.00000000,2.33864995,0.00000000,0.00000000,0.00000000,0.27247535,0.00000000,0.07884737,0.00000000,0.00000000,0.08799367,0.00000000,0.00000000,0.00000000,0.00000000,0.00000000,0.00000000,0.00000000,0.00000000,0.00065183,0.00000000,0.00382453,0.00000000,0.00000000,0.00000000,0.00000000,0.00000000,0.00425466,0.00000000,0.00000000,0.00000000,0.00000000,0.00000000,0.00000000,0.00000000,0.01505243,0.00000000,0.00000000,0.00000000,0.00000000,0.00000000,0.00000000,0.00000000,0.09408652,0.00188369,0.00000000,0.00000000,0.00000000,0.00000000,0.00000000,0.00000000,0.00000000,0.00000000,0.00000000,0.00000000,0.00000000,0.00000000,0.00000000,0.00198690,0.00000000,0.00000000,0.00000000,0.00000000,0.00000000,0.00000000,0.00000000,0.00000000,0.00000000,0.00000000,0.00000000,0.79437602,0.00428587,0.00000000,0.00000000,0.00498406,0.00000000,0.00000000,0.00597263,0.00000000,0.00000000,0.00000000,0.00000000,0.00000000,0.00000000,0.00000000,0.00000000,0.01184058,0.00000000,0.00000000,0.00000000,0.00000000,0.00000000,0.00000000,0.00000000,0.00000000,0.00000000,0.00000000,0.00000000,0.02121017,0.00000000,0.05756043,0.02282156,0.00000000,0.00000000,0.00241832,0.00000000,0.00000000,0.00000000,0.00000000,0.00000000,0.00000000,0.00000000,0.00000000,0.00000000,0.00000000,0.00000000,0.00740161,0.00000000,0.00000000,0.00000000,0.00000000,0.00000000,0.00000000,0.00000000,0.00000000,0.00000000,0.00000000,0.00000000,0.00000000,0.00000000,0.00000000,0.00000000,0.00000000,0.00000000,0.00000000,0.00082620,0.00000000,0.01242739,0.00000000,0.00000000,0.00000000,0.00000000,0.00000000,1.65089663,0.00000000,0.00000000,0.00000000,0.00000000,0.00000000,0.00000000,0.00000000,0.00000000,0.00000000,0.00000000,0.00000000,0.00000000,0.00000000,0.00000000,0.00000000,0.00000000,0.00000000,0.00000000,0.00000000,0.00000000,0.00000000,0.00000000,0.00000000,0.00000000,0.00000000,0.00000000,0.00000000,0.00000000,0.00000000,0.00000000,0.00000000,0.00000000,0.00000000,0.00000000,0.00000000,0.00000000,0.00000000,0.00000000,0.00000000,0.00000000,0.00000000,0.00000000,0.00000000,0.00757202,0.00000000,0.00000000,0.01720002,0.00000000,0.00000000,0.00000000,0.00000000,0.00000000,0.00000000,0.00094292,0.00000000,0.00000000,0.00000000,0.00000000,0.03280474,0.00000000,0.02507068,0.00000000,0.58637661,0.00000000,0.00000000,0.00000000,0.00000000,0.00000000,0.00164191,0.00000000,0.00000000,0.00000000,0.00000000,0.00000000,0.00000000,0.00000000,0.00000000,0.00000000,0.00000000,0.00240238,0.00000000,1.41675983,0.00000000,0.04726900,0.00000000,0.00000000,0.00000000,0.00000000,0.00000000,0.00000000,0.00000000,0.00000000,0.00000000,0.00000000,0.00000000,0.00000000,0.00000000,0.00000000,0.00000000,0.00000000,0.00000000,0.00000000,0.00000000,0.00000000,0.00121363,0.00000000,0.01114210,0.00000000,0.00806700,0.00000000,0.00000000,0.00000000,0.00000000,0.00000000,0.01413239,0.00000000,0.00000000,0.00000000,0.00000000,0.00000000,0.00000000,0.00000000,0.00000000,2.24394087,0.00000000,0.00000000,0.00000000,0.01480975,0.01735514,0.00000000,0.00000000,0.00000000,0.00000000,0.00000000,0.00000000,0.00000000,0.00000000,0.00000000,0.00000000,0.00000000,0.00000000,0.00000000,0.05902780,0.00000000,0.00000000,0.00000000,0.00000000,0.00000000,0.00000000,0.00000000,0.00000000,0.00000000,0.00000000,0.00000000,0.00000000,0.00000000,0.00000000,0.00000000,0.00000000,0.00000000,0.00000000,0.00000000,0.00000000,0.00000000,0.00000000,0.77169817,0.00000000,0.00000000,0.00465134,0.00000000,0.00000000,0.00000000,0.00000000,0.00000000,0.00000000,0.00000000,0.00000000,0.00000000,0.00000000,0.00000000,0.00000000,0.00000000,0.00000000,0.00000000,0.06377171,0.00000000,0.00000000,0.00171756,0.00000000,0.00000000,0.00000000,0.00000000,0.00000000,0.00000000,0.00000000,0.00192985,0.00000000,0.00000000,0.00000000,0.00000000,0.00000000,0.00000000,0.00000000,0.00784774,0.00000000,0.00000000,0.00000000,0.03417223,0.00118192,0.00000000,0.00000000,0.00000000,0.00000000,0.00000000,0.00217293,0.00000000,0.00000000,0.00000000,0.00000000,0.00000000,0.00000000,0.00000000,0.00000000,0.00000000,0.00000000,0.00000000,0.00000000,0.00000000,0.00000000,0.00000000,0.00000000,0.00000000,0.00000000,0.00000000,0.00000000,0.00000000,0.00000000,0.00000000,0.00000000,0.00000000,0.00000000,0.00000000,0.00000000,0.00000000,0.00000000,0.00000000,0.00000000,0.03790762,0.00000000,0.00900369,0.00000000,0.00000000,0.00000000,0.00000000
0.00000000,0.00000000,0.00000000,0.00352309,0.00000000,0.00000000,0.00000000,0.00000000,0.00000000,0.01685934,0.00000000,0.00000000,0.00000000,0.00566327,0.01064955,0.00000000,0.00000000,0.00000000,0.00000000,0.00000000,0.00000000,0.00000000,0.00191838,0.00000000,0.00000000,0.00000000,0.00271711,0.00000000,0.00000000,0.00423245,0.00000000,0.00000000,0.00000000,0.00000000,0.00000000,0.00000000,0.00000000,0.00000000,0.00000000,0.02074687,0.00000000,0.00000000,0.00000000,0.00000000,0.00000000,0.00000000,0.00000000,0.00000000,0.00000000,0.00000000,0.00000000,0.00000000,0.01428997,0.00000000,0.00000000,0.00000000,0.00000000,0.00000000,0.00000000,0.00000000,0.00000000,0.00000000,0.00000000,0.00000000,0.00000000,0.00000000,0.00000000,0.00000000,0.00000000,0.00000000,0.00000000,0.00000000,0.00000000,0.04001503,0.00000000,0.00067221,0.00000000,0.00000000,0.00635179,0.00000000,0.01856270,0.00000000,0.00000000,0.00000000,0.00000000,0.00000000,0.00000000,2.14433013,0.00000000,0.00000000,0.00000000,0.00000000,0.00000000,0.00000000,0.00376748,0.00000000,0.00000000,0.00000000,0.00000000,0.00000000,0.00000000,0.00000000,0.00000000,0.00000000,0.00000000,0.00000000,0.00000000,0.00000000,0.01661619,0.11290045,0.01611796,0.00847436,0.00000000,0.00513465,0.00000000,0.00000000,0.00000000,0.00000000,0.00000000,0.05369663,0.00000000,0.00000000,0.00000000,0.00000000,0.00000000,0.00000000,0.00000000,0.00000000,0.00000000,0.00000000,0.00000000,0.00000000,0.00000000,0.00000000,0.00000000,0.00000000,0.00323633,0.00000000,0.00000000,0.00000000,0.00787830,0.00000000,0.00000000,0.00000000,0.00000000,0.01637517,0.00000000,0.00000000,0.00000000,0.00000000,0.00000000,0.00000000,0.00000000,0.00000000,0.00040132,0.04695069,0.00127619,0.00000000,0.00000000,0.00866415,0.00000000,0.00000000,0.00000000,0.03155593,0.00000000,1.70407182,0.00000000,0.00000000,0.00000000,0.00000000,0.03384667,0.00000000,0.00072552,0.00000000,0.00000000,0.00000000,0.00000000,0.00000000,0.00000000,0.00000000,0.00000000,0.00000000,0.00380588,0.00000000,0.00759511,0.00000000,0.00000000,0.00000000,0.00329662,0.00000000,0.00000000,0.00000000,0.00000000,0.00000000,0.00323739,0.00000000,0.00000000,0.00123760,0.00000000,0.00000000,0.00000000,0.00000000,0.00000000,0.00175370,0.00000000,0.00000000,0.00000000,0.00000000,0.00000000,0.00000000,0.00000000,0.00000000,0.00961078,0.00000000,0.00000000,0.00000000,0.00000000,0.00456526,0.00000000,0.00000000,0.00000000,0.00000000,0.00000000,0.00000000,0.00000000,0.00000000,0.00000000,0.00000000,0.00000000,0.00000000,0.00000000,0.00000000,0.00000000,0.00000000,0.00000000,0.00000000,0.00000000,0.00000000,0.00000000,0.00000000,0.00000000,0.00000000,0.00246408,0.00000000,0.00000000,0.00000000,0.00000000,0.00000000,0.00000000,0.00000000,0.00000000,0.00000000,0.00000000,0.00000000,0.00000000,0.01841951,0.00000000,0.00000000,0.00000000,0.00000000,0.02065627,0.00000000,0.00000000,0.00000000,0.00000000,0.00359830,0.00000000,0.00000000,0.03776092,0.00000000,0.00000000,0.00000000,0.00000000,0.00000000,0.00000000,0.00000000,0.00000000,0.00000000,0.00000000,0.00000000,0.00000000,0.00505457,0.00000000,0.00000000,0.00766618,0.01720125,0.00000000,0.00000000,0.00000000,0.00000000,0.00000000,0.00000000,0.00000000,0.00000000,0.00000000,0.00000000,0.12362008,0.00000000,0.00000000,0.00000000,0.00000000,0.00000000,0.00000000,0.00000000,0.00491572,0.00000000,0.00000000,0.00000000,0.00000000,0.00000000,0.00000000,0.00000000,0.00000000,0.00328458,0.00000000,0.00000000,0.00000000,0.00000000,0.00000000,0.00000000,0.00000000,0.00539978,0.00000000,0.00000000,2.18945086,0.00093696,0.00000000,0.00000000,0.00000000,0.00000000,0.00000000,0.00000000,0.00000000,0.02917162,0.00296439,0.00000000,0.00124745,0.00000000,0.00000000,0.00000000,0.00000000,0.00000000,0.00000000,0.01023095,0.00000000,0.00000000,0.00000000,0.00000000,0.00000000,0.00000000,0.00364083,0.00000000,0.00000000,0.00000000,0.00000000,0.00000000,0.00000000,0.00000000,0.00000000,0.00000000,0.00000000,0.00000000,0.00000000,0.00000000,0.00000000,0.00000000,0.00000000,0.00000000,0.00000000,0.00000000,0.00000000,0.00000000,0.00000000,0.00000000,0.00000000,0.00000000,0.00000000,0.00000000,0.00000000,0.00000000,0.00000000,0.00000000,0.00000000,0.00000000,0.00000000,0.00000000,0.00000000,0.01751405,0.00000000,0.01788557,0.00000000,0.00000000,0.00000000,0.00000000,0.00000000,0.00000000,0.00000000,0.00217251,0.00779079,0.02461863,0.00000000,0.00000000,0.00000000,0.00000000,0.00000000,0.00000000,0.00000000,0.00000000,0.00000000,0.00000000,0.00000000,0.00000000,0.00000000,0.00000000,0.00000000,0.00000000,0.00000000,0.00000000,0.00000000,0.00000000,0.00000000,0.00000000,0.00000000,0.00000000,0.00000000,0.00000000,0.01012804,0.00000000,0.00000000,0.00000000,0.00000000,0.00000000,0.00000000,0.00000000,0.00000000,0.00000000,0.00000000,0.00000000,0.00000000,0.00000000,0.00000000,0.00370112,0.00000000,0.00000000,0.00000000,0.00000000,0.00000000,0.00546190,0.00000000,0.00000000,0.00368644,0.00000000,0.00000000,0.00000000,0.00000000,0.00000000,0.00000000,0.00000000,0.00000000,0.03336306,0.00140135,0.00000000,0.00000000,0.00446438,0.00000000,0.00000000,0.00000000,0.00000000,0.00000000,0.00000000,0.00000000,0.00000000,0.00000000,0.00000000,0.00000000,0.00000000,0.00498218,0.00645918,0.00000000,0.00000000,0.00000000,0.00000000,0.00000000,0.00000000,0.00000000,0.00000000,1.05710650,0.00000000,0.00000000,0.00000000,0.00000000,0.00000000,0.00000000,0.00715780,0.00000000,0.00000000,0.00000000,0.02708134,0.00000000,0.00000000,0.00000000,0.00000000,0.00000000,0.00000000,0.00000000,0.00000000,0.00000000,0.02006577,0.00000000,0.00000000,0.00000000,0.00000000,0.00000000,0.00000000,0.00000000,0.00000000,0.00000000,0.01266551,0.00000000,0.00000000,0.00000000,0.00000000,0.00000000,0.00000000,0.00000000,0.00000000,0.00000000,0.73732268,0.00000000,0.00000000,0.00000000,0.00000000,0.00000000,0.00000000,0.00000000,0.00000000,0.00000000,0.00000000,0.00000000,0.00000000,0.00000000,0.00000000,0.00000000,0.00000000,0.00000000,0.00000000,0.00000000,0.00000000,0.00000000,0.00000000,0.00164226,0.00000000,0.00000000,0.00000000,0.00000000,0.00000000,0.00000000,0.00000000,0.00000000,0.00000000,0.00326236,0.00000000,0.00000000,0.00000000,0.00000000,0.00000000,0.00000000,0.00000000,0.00000000,0.00000000,0.00000000,0.00000000,0.00000000,0.00000000,0.00000000,0.00000000,0.00000000,0.00000000,0.00000000,0.00000000,0.00000000,0.00000000,0.00434196,0.00000000,0.00000000,0.00000000,0.00395590,0.00000000,0.01337836,0.00000000,0.00000000,0.00000000,0.00000000,0.00000000,0.00000000,0.00000000,0.00000000,0.00000000,0.00000000,0.00000000,0.00105725,0.00000000,0.00000000,0.00000000,0.00087454,0.00000000,0.00000000,0.00480281,0.00000000,0.00000000,0.00000000,0.00000000,0.00000000,0.00000000,0.00000000,0.00000000,0.00000000,0.00000000,0.00000000,0.00394594,0.00000000,0.00000000,0.00000000,0.00000000,0.00304123,0.00000000,0.02847354,0.00000000,0.00000000,0.00000000,0.00000000,0.00000000,0.00000000,0.00000000,0.00000000,0.00000000,0.00000000,0.00000000,0.00000000,0.00000000,0.00000000,0.00000000,0.02659132,0.00000000,0.03347209,0.00000000,0.00000000,0.00000000,0.00000000,0.00000000,0.00000000,0.94460393,0.00000000,0.00000000,0.00000000,0.00000000,0.00000000,0.00000000,0.00000000,0.00000000,0.00000000,0.00000000,0.00000000,0.00000000,0.00000000,0.00000000,0.00000000,0.00000000,0.00000000,0.00000000,0.00000000,0.00000000,0.00000000,0.00000000,0.00000000,0.00000000,0.00000000,0.00000000,0.00276060,0.00000000,0.01866126,0.00000000,0.00000000,0.00000000,0.00000000,0.00000000,0.00000000,0.00103983,0.00000000,0.00000000,0.00000000,0.00000000,0.60217845,0.00000000,0.00000000,0.00000000,0.00000000,0.00000000,0.00000000,0.00000000,0.00000000,0.00000000,0.10035042,0.00319434,0.00000000,0.00000000,0.00000000,0.01513468,0.00000000,0.00000000,0.00000000,0.00000000,0.00000000,0.00000000,0.00000000,0.00000000,0.00218392,0.00000000,0.00000000,0.00000000,0.00000000,0.00000000,0.00000000,0.00000000,0.00000000,0.00000000,0.00000000,0.00000000,0.00000000,0.00000000,0.00000000,0.00000000,0.00000000,0.00000000,0.00000000,0.01393822,0.00000000,0.02159485,0.00000000,0.00000000,0.00000000,0.00000000,0.00000000,0.00000000,0.00000000,0.00000000,0.00000000,0.00000000,0.00000000,0.00405302,0.00000000,0.00000000,0.00648870,0.00000000,0.00000000,0.00305938,0.00000000,0.00000000,0.00000000,0.00000000,0.00170246,0.00000000,0.01187283,0.00000000,0.00000000,0.00000000,0.00000000,0.00000000,0.00000000,0.00000000,0.00000000,0.00000000,0.00000000,0.00000000,0.00000000,0.00000000,0.05763774,0.00000000,0.00000000,0.00000000,0.19560784,0.00000000,0.00000000,0.00000000,0.00000000,0.00000000,0.01327189,0.00000000,0.00000000,0.00000000,0.00000000,0.00000000,0.00115525,0.00000000,0.00000000,0.00000000,0.00000000,0.01280112,0.00000000,0.00265674
0.00000000,0.00000000,0.00000000,0.00000000,0.00000000,0.00000000,0.00000000,0.00000000,0.00136772,0.00000000,0.00000000,0.00734079,0.00000000,0.00000000,0.00000000,0.00000000,0.00000000,0.00000000,0.00592274,0.00000000,0.00000000,0.00079795,0.00000000,0.00000000,0.00000000,0.00000000,0.00273006,0.00000000,0.00000000,0.00000000,0.00000000,0.00000000,0.00000000,0.00000000,0.00000000,0.05711263,0.00000000,0.00000000,0.00000000,0.00000000,0.00000000,0.00000000,0.00000000,0.00000000,0.00000000,0.00000000,0.00000000,0.01529915,0.00000000,0.00000000,0.00000000,0.00000000,0.00000000,0.00000000,0.00000000,0.00000000,0.00000000,0.00000000,0.00000000,0.00000000,0.00000000,0.00000000,0.00000000,0.00000000,0.00000000,0.00536108,0.00171752,0.00000000,0.00000000,0.00000000,0.00000000,0.00000000,0.00000000,0.00000000,0.00000000,0.00000000,0.00352398,0.00000000,0.00000000,0.00000000,0.00000000,0.00000000,0.00000000,0.00000000,0.00000000,0.00000000,0.00000000,0.00000000,0.00684748,0.00506383,0.00000000,0.00000000,0.17330808,0.00000000,0.00626640,0.00000000,0.00000000,0.00000000,0.00000000,0.00000000,0.00000000,0.00000000,0.00000000,0.00000000,0.00000000,0.00000000,0.00000000,0.00000000,0.00000000,0.00890343,0.00000000,0.00000000,0.00000000,0.00000000,0.00000000,0.00000000,0.00000000,0.00000000,0.01415112,0.00000000,0.00000000,0.00000000,0.00000000,0.00000000,0.00000000,0.00000000,0.00000000,0.00000000,0.00000000,0.00000000,0.00000000,0.00000000,0.05543452,0.00000000,0.00000000,0.00000000,0.00000000,0.00000000,0.00000000,0.00000000,0.00138885,0.00353086,0.00000000,0.00000000,0.00000000,0.00000000,0.00000000,0.00000000,0.00000000,0.00000000,0.00721761,0.00000000,0.00000000,0.00000000,0.00000000,0.00000000,0.00000000,0.00000000,0.00000000,0.00417461,0.00000000,0.00000000,0.00000000,0.00000000,0.00000000,0.00000000,0.00000000,0.00000000,0.00000000,0.00000000,0.00000000,0.00000000,0.00000000,0.00000000,0.00776076,0.00000000,0.00000000,0.00000000,0.00000000,0.00000000,0.00000000,0.00149393,0.00000000,0.00000000,0.00306689,0.00000000,0.00000000,0.00000000,0.00761118,0.00000000,0.00000000,0.00000000,0.22570526,0.00000000,0.00000000,0.00000000,0.00000000,0.00000000,0.00000000,0.00000000,0.00000000,0.00000000,0.00000000,0.00000000,0.00000000,0.00000000,0.00000000,0.00000000,0.00000000,0.00000000,0.00000000,0.04760164,0.00000000,0.00000000,0.00000000,0.00000000,0.00000000,0.00000000,0.00000000,0.00000000,0.00000000,0.00000000,0.00000000,0.00000000,0.00000000,0.00000000,0.00000000,0.00000000,0.00000000,0.08567819,0.01952390,0.00000000,0.00261076,0.00000000,0.00000000,0.00000000,0.00828410,0.00000000,0.00000000,0.00000000,0.00000000,0.00000000,0.00263369,0.00000000,0.00358162,0.00000000,0.00000000,0.00000000,0.00000000,0.00000000,0.01203783,0.00000000,0.00000000,0.00000000,0.00000000,0.00000000,0.00000000,0.00000000,0.00000000,0.00000000,0.00000000,0.00000000,0.00000000,0.00000000,0.00000000,0.00000000,0.00000000,0.00268440,0.00000000,0.00000000,0.00000000,0.06299248,0.00000000,0.00000000,0.00000000,0.00000000,0.00000000,0.00000000,0.00727121,0.00000000,0.00000000,0.00000000,0.00000000,0.00000000,0.00000000,0.00000000,0.00000000,0.00000000,0.00000000,0.03255368,0.00000000,0.00000000,0.00000000,0.00000000,0.00000000,0.00000000,0.00000000,0.01298485,0.00000000,0.00000000,0.00000000,0.00245999,0.00000000,0.00000000,0.00000000,0.00000000,0.21945447,0.00000000,0.00000000,0.00000000,0.00000000,0.00000000,0.00000000,0.07087540,0.00000000,0.00000000,0.00000000,0.00000000,0.00000000,0.00000000,0.00656023,0.00000000,0.00000000,0.16817088,0.00000000,0.00000000,0.00000000,0.00000000,0.00000000,0.00000000,0.00000000,0.00000000,0.00000000,0.00000000,0.00000000,0.00000000,0.00000000,0.00000000,0.00000000,0.01568271,0.00000000,0.00000000,0.02887399,0.00000000,0.00448054,0.00000000,0.00000000,0.16861793,0.00000000,0.00000000,0.00000000,0.00000000,0.00000000,0.00000000,0.00000000,0.00000000,0.00297698,0.00000000,0.00000000,0.00000000,0.00000000,0.00000000,0.00000000,0.00000000,0.00000000,0.00000000,0.00000000,0.00000000,0.00000000,0.00000000,0.00332834,0.00000000,0.00000000,0.00000000,0.00000000,0.00000000,0.00887734,0.00000000,0.00000000,0.00128742,0.00000000,0.00000000,0.00000000,0.22050960,0.00000000,0.00000000,0.00000000,0.09846851,0.00000000,0.02433389,0.00000000,0.00000000,0.00000000,0.00000000,0.00000000,0.00116703,0.00000000,0.00000000,0.00000000,0.00000000,0.00608815,0.00000000,0.00000000,0.00000000,0.00000000,0.00000000,0.00000000,0.00000000,0.00000000,0.00000000,0.00000000,0.00000000,0.00000000,0.00000000,0.00000000,0.00000000,0.00000000,0.00000000,0.00000000,0.02730886,0.00000000,0.00000000,0.00000000,0.00000000,0.00000000,0.00000000,0.00000000,0.00000000,0.02138889,0.00000000,0.00000000,0.00000000,0.52120252,0.00000000,0.00430029,0.00000000,0.00804966,0.00195535,0.00000000,0.00000000,0.00000000,0.00000000,0.00000000,0.00000000,0.00000000,0.00000000,0.00000000,0.00000000,0.00000000,0.00000000,0.15354991,0.00000000,0.00000000,0.00000000,0.00000000,0.00529259,0.00000000,0.00000000,0.00000000,0.00000000,0.14068531,0.00000000,0.00000000,0.00000000,0.00000000,0.00000000,0.00000000,0.00000000,0.00000000,0.00000000,0.00000000,0.00000000,0.00000000,0.00000000,0.00000000,0.02175303,0.00000000,0.00000000,0.00000000,0.00000000,0.00000000,0.00000000,0.04013556,0.00000000,0.00000000,0.00000000,0.00000000,0.00000000,0.00000000,0.00000000,0.21838425,0.00000000,0.00348717,0.00000000,0.03437965,0.19473977,0.00000000,0.03618845,0.00000000,0.00000000,0.07959827,0.00000000,0.00000000,0.00000000,0.00000000,0.00000000,0.00000000,0.00000000,0.00000000,0.00000000,0.00000000,0.00000000,0.00000000,0.00000000,0.00000000,0.00000000,0.00000000,0.00000000,0.00000000,0.00000000,0.00000000,0.00000000,0.00000000,0.00000000,0.00144333,0.28102032,0.00000000,0.00000000,0.00000000,0.00000000,0.00000000,0.00000000,0.00000000,0.00000000,0.00000000,0.01049103,0.02585488,0.00000000,0.00000000,0.00000000,0.00000000,0.00000000,0.00000000,0.02994791,0.00000000,0.00000000,0.00000000,0.00000000,0.00000000,0.03278484,0.00121296,0.00000000,0.00000000,0.00000000,0.00000000,0.00000000,0.00278872,0.00000000,0.00000000,0.00000000,0.00000000,0.00000000,0.00000000,0.00000000,0.00000000,0.00000000,0.00000000,0.23653877,0.00000000,0.00000000,0.00217821,0.00000000,0.00000000,0.00000000,0.00000000,0.00000000,0.00000000,0.06187121,0.65992615,0.00000000,0.00000000,0.00000000,0.00000000,0.00000000,0.01211833,0.00000000,0.00000000,0.00000000,0.00000000,0.00000000,0.00000000,0.01988017,0.00000000,0.00000000,0.00191996,0.00000000,0.00000000,0.00000000,0.00000000,0.00000000,0.00000000,0.00000000,0.00000000,0.00000000,0.00000000,0.00000000,0.00000000,0.00000000,0.00000000,0.00000000,0.00000000,0.00000000,0.00000000,0.07235329,0.00000000,0.00000000,0.00000000,0.00000000,0.00000000,0.00000000,0.00000000,0.00000000,0.00000000,0.00598548,0.00000000,0.04990849,0.00000000,0.00000000,0.00000000,0.00000000,0.00000000,0.00000000,0.00000000,0.00000000,0.00000000,0.00000000,0.00000000,0.00000000,0.00000000,0.00000000,0.00000000,0.00000000,0.00000000,0.00317175,0.00000000,0.00000000,0.00000000,0.03126631,0.00000000,0.00000000,0.00000000,0.00000000,0.00000000,0.00000000,0.00000000,0.00000000,0.00000000,0.00000000,0.00000000,0.00000000,0.00000000,0.00000000,0.00000000,0.00000000,0.00000000,0.00000000,0.00000000,0.00000000,0.00000000,0.00000000,0.00000000,0.00000000,0.00000000,0.00000000,0.00000000,0.00000000,0.00000000,0.00000000,0.00000000,0.00000000,0.00000000,0.00398565,0.00000000,0.00000000,0.00000000,0.00000000,0.00000000,0.00000000,0.03515337,0.00000000,0.00000000,0.48398586,0.02109878,0.00000000,0.00411230,0.00000000,0.22790323,0.00000000,0.00000000,0.00000000,0.00000000,0.00000000,0.00000000,0.00000000,0.00000000,0.00000000,0.00000000,0.00000000,0.00000000,0.00000000,0.00689944,0.00000000,0.00000000,0.00000000,0.00000000,0.00000000,0.00000000,0.00000000,0.00000000,0.00000000,0.00000000,0.00000000,0.00000000,0.00000000,0.00000000,0.02028791,0.00000000,0.00000000,0.00000000,0.00000000,0.00000000,0.00000000,0.00000000,0.00000000,0.00000000,0.01794063,0.00000000,0.00000000,0.00000000,0.00000000,0.00000000,0.00000000,0.00000000,0.00000000,0.00000000,0.00000000,0.00322082,0.00000000,0.00000000,0.00000000,0.40072528,0.00000000,0.00000000,0.00944506,0.00000000,0.00000000,0.00000000,0.00000000,0.00000000,0.00000000,0.00000000,0.00000000,0.00994574,0.00000000,0.00000000,2.13307861,0.00000000,0.13851709,0.00000000,0.04875566,0.00000000,0.00000000,0.00114086,0.00000000,0.00000000,0.00000000,0.00000000,0.00000000,0.00000000,0.00000000,0.00258394,5.18279373,0.00000000,0.00000000,0.00000000,0.00000000,0.00000000,0.00000000,0.00000000,0.00000000,0.00000000,0.00000000,0.00000000,0.01353521,0.00000000,0.00000000,0.00000000,0.00000000,0.00000000,0.00000000
0.00000000,0.00000000,0.00000000,0.00000000,0.00000000,0.00000000,0.00000000,0.00000000,0.00000000,0.00000000,0.00000000,0.00000000,0.00000000,0.00000000,0.00000000,0.01526667,0.00000000,0.00000000,0.00000000,0.00000000,0.00000000,0.02009120,0.00281964,0.00000000,0.01113471,0.00000000,0.00000000,0.00000000,0.00000000,0.00000000,0.00000000,0.00000000,0.00000000,0.02778755,0.00000000,0.00000000,0.00000000,0.00000000,0.00000000,0.00000000,0.00000000,0.00000000,0.00000000,0.00000000,0.00000000,0.00000000,0.00000000,0.00000000,0.00000000,0.00000000,0.00825927,0.02297810,0.00000000,0.00000000,0.00000000,0.00000000,0.00000000,0.00000000,0.00000000,0.00945444,0.00000000,0.02883071,0.00000000,0.00000000,0.04056135,0.00000000,0.00000000,0.00000000,0.00000000,0.00000000,0.00000000,0.00000000,0.02284748,0.00000000,0.00000000,0.00000000,0.00000000,0.00000000,0.00000000,0.00000000,0.00921014,0.00000000,0.00000000,0.00825506,0.00000000,0.00000000,0.00000000,0.00000000,0.00000000,0.00000000,0.00093635,0.00000000,0.00000000,0.01453463,0.00000000,0.00000000,0.00000000,0.00000000,0.00000000,0.00000000,0.00000000,0.00000000,0.00000000,0.00000000,0.00000000,0.00000000,0.00000000,0.00000000,0.00000000,0.03203903,0.00000000,0.00000000,0.00000000,0.00000000,1.47368562,0.00000000,0.00348039,0.00000000,0.00000000,0.00000000,0.00000000,0.00000000,0.48960838,0.00321107,0.00000000,0.00000000,0.00000000,0.00000000,0.00192383,0.00000000,0.00000000,0.24116443,0.00000000,0.00415513,0.00000000,0.00000000,0.48294796,0.00075445,0.00000000,0.00000000,0.00000000,0.00000000,0.00000000,0.00000000,1.49863373,0.00000000,0.00000000,0.00000000,0.00000000,0.00000000,0.00000000,0.00000000,0.00000000,0.00000000,0.00000000,0.00000000,0.00432680,0.00000000,0.00000000,0.00000000,0.00000000,0.00000000,0.00000000,0.00000000,0.00106208,0.00000000,0.00000000,0.00000000,0.00000000,0.00592760,0.00000000,0.00000000,0.00000000,0.00000000,0.00000000,0.00000000,0.00000000,0.00000000,0.00000000,0.00000000,0.00000000,0.00000000,0.00000000,0.00000000,0.03413563,0.00000000,0.00000000,0.00000000,0.00000000,0.00000000,0.00000000,0.00000000,0.00000000,0.00000000,0.00000000,0.00000000,0.00000000,0.00840168,0.00000000,0.00000000,0.00000000,0.00000000,0.00000000,0.00136509,0.00000000,0.00000000,0.00000000,0.00000000,0.00000000,0.00000000,0.00000000,0.00000000,0.00000000,0.00000000,0.00000000,0.00000000,0.00000000,0.00000000,0.00000000,0.00000000,0.00000000,0.00000000,0.00718155,0.00000000,0.00000000,0.00000000,0.00000000,0.00000000,0.00715442,0.00000000,0.00000000,0.00000000,0.00000000,0.00000000,0.00000000,0.00000000,0.00000000,0.00000000,0.00000000,0.00000000,0.00000000,0.00000000,0.00000000,0.00000000,0.00000000,0.00000000,0.00000000,0.00000000,0.00000000,0.00000000,0.00000000,0.01793722,0.00000000,0.00000000,0.00000000,0.00000000,0.00000000,0.00000000,0.00000000,0.00000000,0.00000000,0.00000000,0.00000000,0.00000000,0.23848643,0.00000000,0.00579530,0.00000000,0.00000000,0.00000000,0.00000000,0.00000000,0.00000000,0.00000000,0.00000000,0.00000000,0.00000000,0.00000000,0.00000000,0.00000000,0.00000000,0.00000000,0.00000000,0.00000000,0.00000000,0.00446245,0.00000000,0.00000000,0.00000000,0.02125008,0.00000000,0.00766009,0.00000000,0.00000000,0.00000000,0.00000000,0.00000000,0.00000000,0.00000000,0.00000000,0.00668331,0.00000000,0.00000000,0.00000000,0.00604320,0.00000000,0.00171390,0.00000000,0.00241789,0.00000000,0.00000000,0.00000000,0.00000000,0.00000000,0.00000000,0.00000000,0.00000000,0.01778900,0.00000000,0.00000000,0.00000000,0.00000000,0.00000000,0.00000000,0.00000000,0.00000000,0.00000000,0.00325651,0.00000000,0.00000000,0.00000000,0.27376762,0.00000000,0.00000000,0.00000000,0.00000000,0.00000000,0.00000000,0.00000000,0.00000000,0.00000000,0.00000000,0.08568016,0.00000000,0.00000000,0.00000000,0.00000000,0.00000000,0.00000000,0.00244353,0.00000000,0.00000000,0.00000000,0.00000000,0.00000000,0.00000000,0.00000000,0.00000000,0.01420949,0.02576315,0.00000000,0.00000000,0.00000000,0.00000000,0.00000000,0.00000000,0.00000000,0.00000000,0.00000000,0.00000000,0.00000000,0.00000000,0.00000000,0.05356759,0.00263349,0.00000000,0.00000000,0.00000000,0.00000000,0.00000000,0.06557948,0.00000000,0.00000000,0.00000000,0.00000000,0.00000000,0.26694873,0.00000000,0.00000000,0.00000000,0.00000000,0.00000000,0.00000000,0.00000000,0.00000000,0.00000000,0.00800040,0.00000000,0.00000000,0.00000000,0.00000000,0.00111559,0.00000000,0.00000000,0.00000000,0.04135306,0.00000000,0.00000000,0.00000000,0.00000000,0.00000000,0.00000000,0.00000000,0.00000000,0.01323084,0.00000000,0.00000000,0.00000000,0.00000000,0.00000000,0.00000000,0.00000000,0.01453123,0.00000000,0.00000000,0.00000000,0.00000000,0.00000000,0.00000000,0.00000000,0.00000000,0.00000000,0.00000000,0.00271243,0.00000000,0.00000000,0.00000000,0.00000000,0.00512244,0.00000000,0.00000000,0.00000000,0.00000000,0.00000000,0.00000000,0.00000000,0.00000000,0.00000000,0.00000000,0.00000000,0.00000000,0.00000000,0.00000000,0.00000000,0.00000000,0.00000000,0.00000000,0.00000000,0.00000000,0.00000000,0.00000000,0.00000000,0.00773588,0.00000000,0.01860754,0.00000000,0.00000000,0.00000000,0.00000000,0.00000000,0.00000000,0.00000000,0.00000000,0.00000000,0.00000000,0.00000000,0.00000000,0.00000000,0.00000000,0.00878024,0.00000000,0.00000000,0.00000000,0.00000000,0.00000000,0.00000000,0.00000000,0.00000000,0.00000000,0.00000000,0.00000000,0.00108061,0.02797249,0.00000000,0.00000000,0.00000000,0.00000000,0.00000000,1.78065859,0.06102429,0.00000000,0.00000000,0.00000000,0.00000000,0.00000000,0.00000000,0.00000000,0.00000000,0.00000000,0.00000000,0.01445257,0.00000000,0.00051092,0.00000000,0.06430606,0.00000000,0.00000000,0.04342858,0.00357325,0.00000000,0.00000000,0.00000000,0.00000000,0.00000000,0.00000000,0.00000000,0.00000000,0.00000000,0.00000000,0.00000000,0.00000000,0.00000000,0.00000000,0.00000000,0.00000000,0.00000000,0.00000000,0.00000000,0.00000000,0.00000000,0.00218394,0.00000000,0.00000000,0.00000000,0.00156339,0.00000000,0.00000000,0.00000000,0.00000000,0.03381911,0.00000000,0.01316664,0.00000000,0.00000000,0.00000000,0.00000000,0.00000000,0.00000000,0.00164253,0.00000000,0.00000000,0.00000000,0.00000000,0.00000000,0.00000000,0.00000000,0.00000000,0.00000000,0.00000000,0.00000000,0.00000000,0.00000000,0.00000000,0.00000000,0.00000000,0.00233116,0.00000000,0.00818667,0.00000000,0.00000000,0.00000000,0.00000000,0.00000000,0.00000000,0.00000000,0.00000000,0.00000000,0.00140401,0.00000000,0.00000000,0.00000000,0.00000000,0.00000000,0.05061107,0.00000000,0.00000000,0.00000000,0.00000000,0.16497529,0.00000000,0.00000000,0.00000000,0.00000000,0.00643561,0.00000000,0.00195780,0.00000000,0.00000000,0.00000000,0.00000000,0.00000000,0.00000000,0.00313981,0.00000000,0.00000000,0.00000000,0.00000000,0.00000000,0.00000000,0.00000000,0.00601970,0.00000000,0.00000000,0.00000000,0.00000000,0.00000000,0.00000000,0.00000000,0.00000000,0.00000000,0.00000000,0.00000000,0.00000000,0.00000000,0.00000000,0.00000000,0.00000000,0.00000000,0.00000000,0.19994948,0.00000000,0.00000000,0.00000000,0.00000000,0.00103912,0.00000000,0.00000000,0.00604418,0.00268332,0.00000000,0.00000000,0.00000000,0.00000000,0.00000000,0.00000000,0.00000000,0.00000000,0.00000000,0.00000000,0.00000000,0.00000000,0.00000000,0.00000000,0.00000000,0.00442308,0.00000000,0.00000000,0.01730025,0.00000000,0.00663330,0.00000000,0.00000000,0.00000000,0.00000000,0.00000000,0.00000000,0.00000000,0.00000000,0.00000000,0.00000000,0.00000000,0.01812141,0.00000000,0.00000000,0.02363118,0.00544617,0.00000000,0.00000000,0.05042458,0.00000000,0.00000000,0.00000000,0.00000000,0.00000000,0.00000000,0.00000000,0.00000000,0.00000000,0.00000000,0.00000000,0.00000000,0.00000000,0.00000000,0.00000000,0.00000000,0.00000000,0.00493905,0.00000000,0.00000000,0.00000000,0.00000000,0.00000000,0.01856354,0.00000000,0.00000000,0.00000000,0.00000000,0.00278073,0.00000000,0.00000000,0.00000000,0.00000000,0.02070337,0.00000000,0.00000000,0.00000000,0.00000000,0.00000000,0.00000000,0.00228637,0.00000000,0.00000000,0.00000000,0.00000000,0.00000000,0.00796215,0.00000000,2.05149944,0.00240174,0.00000000,0.01310965,0.00000000,0.00000000,0.00000000,0.00000000,0.00000000,0.00000000,0.00000000,0.00000000,0.00000000,0.00000000,0.00662442,0.00000000,0.00000000,0.00000000,0.00000000,0.00000000,2.48609579,0.00000000,0.00000000,0.00000000,0.00000000,0.00000000,0.00000000,0.00000000,0.00000000,0.00000000,0.00000000,0.00000000,0.00000000,0.00000000,0.00000000,0.00000000,0.00000000,0.00000000,0.00000000,0.00000000,0.00000000,0.00000000,0.00000000,0.00000000,0.00889837,0.00000000,0.04154331,0.00000000,0.00000000,0.00000000,0.01338410,0.00000000,0.00000000,0.00000000,0.00000000,0.00000000,0.00000000,0.00119677,0.00000000,0.00000000,0.00000000,0.00000000,0.00000000
0.00000000,0.00000000,0.00000000,0.00000000,0.00000000,0.00000000,0.00000000,0.00000000,0.00000000,0.00000000,0.00000000,0.00000000,0.00000000,0.00000000,0.00000000,0.00836326,0.00000000,0.00000000,0.00000000,0.00000000,0.00062221,2.41502875,0.00000000,0.00000000,0.00000000,0.00000000,0.00000000,0.00000000,0.00000000,0.00000000,0.00000000,0.00000000,0.00000000,0.00000000,0.00000000,0.00000000,0.00000000,0.00000000,0.00000000,0.00000000,0.00000000,0.01941965,0.00000000,0.00000000,0.00000000,0.00000000,0.00000000,0.00000000,0.00000000,0.00000000,0.00000000,0.00000000,0.00000000,0.00000000,0.00000000,0.00000000,0.00000000,0.01791957,0.00000000,0.01208190,0.00000000,0.00000000,0.00000000,0.00000000,0.00000000,0.00000000,0.00000000,0.00000000,0.00000000,0.00329219,0.01505393,0.00000000,0.00074092,0.00000000,0.00722239,0.15104247,0.00000000,0.00000000,0.00214962,0.00475870,0.00000000,0.00000000,0.00000000,1.78286312,0.00000000,0.01366776,0.00000000,0.00000000,0.00000000,0.00000000,0.01559239,0.00000000,0.00000000,0.00000000,0.00000000,0.00000000,0.00000000,0.00000000,0.00000000,0.00000000,0.00000000,0.00000000,0.00000000,0.00000000,0.00000000,0.00000000,0.00000000,0.00000000,0.00000000,0.00000000,0.00000000,0.00000000,0.00000000,0.00000000,0.00000000,0.00173942,0.00168338,0.00000000,0.00000000,0.00000000,0.00191409,0.00000000,0.00000000,0.00000000,0.00000000,0.00000000,0.00000000,0.00000000,0.00000000,0.00000000,0.00000000,0.00000000,0.00000000,0.00225897,0.00000000,0.00000000,0.00000000,0.00000000,0.00000000,0.00000000,0.00000000,0.00000000,0.00000000,0.00000000,0.00000000,0.00000000,0.00000000,0.00000000,0.00000000,0.00000000,0.00000000,0.00000000,0.00000000,0.00000000,0.00000000,0.00000000,0.00000000,0.00000000,0.00000000,0.00000000,0.00000000,0.00000000,0.00000000,0.00000000,0.00000000,0.00000000,0.00000000,0.00000000,0.00000000,0.00000000,0.00000000,0.00371882,0.00000000,0.00000000,0.00000000,0.00000000,0.00000000,0.00000000,0.00000000,0.00000000,0.00000000,0.00000000,0.00000000,0.00000000,0.00000000,0.00000000,0.00000000,0.00234753,0.00000000,0.00000000,1.55508529,0.00109292,0.00000000,0.00000000,0.01793550,0.00000000,0.00000000,0.00000000,0.00000000,0.02542065,0.00156151,0.00000000,0.00000000,0.00000000,0.00000000,0.00000000,0.00000000,0.00307618,0.00000000,0.00000000,0.00000000,0.00000000,0.00000000,0.00000000,0.00000000,0.00000000,0.00000000,0.00000000,0.00000000,0.00000000,0.00000000,0.00000000,0.00000000,0.00000000,0.00000000,0.00000000,0.00000000,0.00000000,0.00000000,0.00000000,0.00000000,0.00000000,0.00000000,0.00000000,0.00000000,0.00000000,0.00000000,0.00000000,0.00000000,0.00000000,0.00000000,0.00000000,0.01482906,0.00000000,0.00000000,0.00000000,0.00000000,0.00000000,0.00000000,0.00000000,0.00000000,0.00000000,0.00565996,0.00000000,0.00000000,0.00061483,0.01173788,0.00000000,0.00000000,0.00000000,0.00000000,0.00000000,0.00000000,0.00000000,0.00000000,0.00000000,0.00000000,0.00000000,0.00000000,0.00000000,0.40881382,0.00000000,0.00000000,0.00000000,0.00000000,0.00492964,0.00000000,0.00000000,0.00000000,0.00000000,0.00000000,0.00000000,0.00000000,0.00000000,0.00000000,0.00000000,0.00000000,0.00000000,0.00000000,0.00000000,0.00000000,0.00000000,0.00142901,0.00000000,0.01138391,0.00212616,0.00000000,0.00000000,0.00000000,0.00000000,0.00000000,0.00000000,0.00000000,0.00000000,0.00000000,0.00000000,0.00000000,0.00000000,0.00000000,0.00000000,0.00000000,0.00000000,0.00000000,0.00000000,0.00000000,0.00000000,0.00000000,0.00000000,0.00000000,0.00000000,0.00000000,0.00000000,0.00000000,0.00000000,0.00000000,0.00000000,0.00453693,0.00000000,0.00000000,0.00000000,0.00000000,0.00000000,0.00000000,0.00000000,0.00597876,0.00000000,0.00000000,0.00000000,0.00000000,0.00000000,0.00000000,0.00000000,0.00477104,0.00000000,0.00000000,0.00000000,0.00000000,0.03288778,0.00365630,0.00000000,0.00000000,0.00000000,0.00000000,0.00000000,0.00000000,0.00000000,0.04993628,0.00142897,0.00000000,0.00000000,0.00000000,0.00000000,0.00000000,0.00000000,0.00319598,0.00000000,0.00000000,0.00000000,0.00000000,0.00000000,0.00000000,0.00000000,0.00000000,0.00000000,0.00000000,0.00000000,0.00000000,0.00855372,0.00000000,0.00000000,0.17693874,0.00000000,0.00000000,0.00000000,0.00000000,0.00000000,0.00000000,0.01903522,0.00000000,0.09164000,0.00000000,0.00000000,0.00000000,0.00000000,0.00000000,0.00000000,0.00000000,0.00000000,0.00000000,0.00000000,0.00000000,0.00000000,0.00000000,0.00000000,1.90439194,0.00000000,0.13755102,0.00370065,0.00000000,0.00000000,0.00000000,0.00000000,0.00000000,0.00000000,0.00000000,0.00000000,0.02392511,0.00000000,0.01266194,0.00000000,0.00000000,0.00000000,0.00000000,0.00000000,0.00000000,0.00000000,0.00659536,0.00000000,0.00000000,0.00000000,0.00000000,0.00000000,0.00000000,0.00000000,0.00000000,0.00000000,0.00000000,0.00000000,0.30160595,0.00000000,0.00000000,0.00000000,0.00000000,0.00000000,0.00000000,0.00000000,0.00000000,0.00000000,0.00000000,0.00000000,0.00000000,0.00000000,0.00000000,0.00253912,0.00000000,0.02651008,0.00000000,0.00000000,0.00000000,0.00000000,0.00286348,0.00000000,0.00000000,0.00000000,0.00000000,0.00000000,0.00000000,0.00000000,0.00000000,0.02767992,0.00000000,0.00000000,0.00000000,0.00109906,0.00000000,0.00873515,0.00000000,0.00000000,0.00113751,0.00000000,0.00000000,0.00000000,0.00000000,0.00000000,0.00000000,0.00000000,0.00000000,0.00000000,0.00000000,0.17043655,0.00000000,0.00353976,0.00000000,0.01979359,0.00000000,0.00000000,0.00000000,0.00000000,0.00000000,0.00000000,0.00000000,0.03557199,0.00000000,0.00000000,0.00000000,0.00000000,0.00000000,0.09932333,0.01137752,0.00000000,0.06925823,0.00763129,0.00000000,0.00000000,0.00295089,0.00000000,0.00000000,0.00000000,0.00000000,0.00000000,0.00635693,0.00000000,0.00000000,0.00000000,0.00000000,0.00000000,0.00000000,0.00000000,0.00000000,0.00000000,0.00000000,0.00000000,0.01131564,0.00000000,0.00000000,0.00000000,0.00000000,0.00000000,0.00000000,0.00000000,0.00000000,0.00000000,0.38727755,0.00000000,0.00000000,0.00000000,0.00000000,0.00000000,0.00477486,0.00000000,0.00000000,0.00000000,0.00000000,0.00000000,0.00000000,0.00000000,0.00000000,0.00000000,0.00000000,0.00000000,0.00000000,0.00742356,0.01080339,0.00000000,0.00000000,0.00000000,0.00000000,0.00000000,0.00365642,0.00000000,0.00000000,0.00000000,0.00000000,0.00000000,0.01405694,1.74285769,0.00000000,0.00000000,0.00000000,0.00000000,0.00000000,0.00000000,0.00000000,0.04290828,0.00000000,0.00000000,0.00000000,0.01070251,0.00260554,0.00000000,0.00000000,0.00000000,0.00000000,0.00000000,0.00000000,0.00000000,0.00000000,0.00000000,0.00000000,0.00000000,0.00000000,0.00000000,0.00000000,0.00000000,0.00000000,0.00000000,0.00000000,0.00000000,0.00000000,0.00000000,0.00000000,0.00000000,0.00000000,0.00000000,0.00000000,0.00000000,0.00000000,0.00000000,0.00000000,0.00000000,0.00000000,0.00000000,0.00000000,0.00000000,0.00000000,0.00000000,0.00000000,0.00000000,0.00000000,0.00000000,0.00000000,0.41903386,0.00000000,0.00000000,0.00000000,0.00651880,0.00000000,0.00000000,0.00000000,0.00000000,0.00000000,0.00000000,0.00000000,0.00000000,0.00000000,0.00000000,0.00000000,0.00000000,0.00000000,0.00000000,0.00000000,0.00000000,0.00000000,0.00000000,0.00000000,0.00000000,0.00153177,0.01885044,0.00000000,0.00000000,0.01779878,0.00000000,0.00000000,0.00000000,0.00000000,0.00000000,0.00000000,0.00000000,0.00000000,0.00000000,0.00000000,0.00000000,0.00000000,0.00000000,0.00000000,0.00253730,0.00000000,0.00000000,0.00000000,1.50766087,0.00257986,0.00000000,0.00000000,0.00000000,0.00000000,0.00000000,0.00000000,0.00000000,0.00000000,0.00000000,0.00000000,0.00000000,0.00000000,0.00000000,0.00000000,0.00000000,0.00000000,0.00000000,0.00000000,0.00000000,0.00000000,0.00128890,0.00525840,0.05733754,0.00000000,0.00000000,0.00000000,0.00000000,0.76570419,0.00000000,0.00000000,0.00000000,0.00000000,0.05622065,0.00000000,0.00000000,0.00000000,0.00000000,0.00000000,0.00000000,0.00000000,0.02070337,0.00000000,0.00097222,0.00000000,0.00000000,0.00000000,0.00000000,0.00747817,0.00000000,0.00838198,0.00000000,0.00000000,0.00000000,0.01077610,0.00000000,0.00000000,0.00000000,0.00000000,0.00000000,0.00000000,0.02054323,0.00000000,0.00000000,0.00000000,0.00000000,0.00000000,0.00505069,0.00000000,0.00000000,0.00000000,0.00000000,0.00000000,0.25556733,0.00235066,0.00000000,0.00000000,0.00000000,0.00000000,0.00000000,0.00000000,0.00000000,0.00000000,0.00000000,0.00000000,0.00000000,0.00000000,0.00000000,0.00000000,0.00306357,0.00000000,0.14570600,0.00000000,0.00000000,0.00502783,0.00000000,0.00000000,0.00143789,0.00000000,0.00000000,0.00000000,0.01551433,0.00000000,0.00000000,0.00000000,0.00000000,0.00000000,0.00000000,0.00000000,0.00000000,0.00000000,0.00000000,0.02883230,0.00000000,0.00000000,0.00000000,0.00000000,0.00131706,0.00000000,0.01032165
0.00000000,0.00000000,0.00000000,0.00000000,0.00000000,0.00000000,0.00000000,0.00000000,0.00000000,0.00000000,0.00000000,0.00000000,0.00000000,0.00000000,0.00000000,0.00000000,0.00000000,0.00000000,0.00000000,0.00000000,0.00000000,0.00000000,0.00000000,0.00000000,0.00000000,0.00000000,0.00000000,0.00000000,0.00000000,0.00000000,0.00000000,0.00000000,0.00000000,0.00000000,0.00000000,0.00000000,0.00000000,0.00000000,0.00000000,0.00000000,0.00000000,0.00000000,0.00000000,0.00000000,0.00000000,0.00000000,0.00000000,0.01442259,0.00638359,0.00800824,0.00000000,0.00000000,0.00000000,0.00000000,0.00000000,0.00000000,0.00000000,0.00000000,0.00000000,0.00000000,0.00000000,0.00000000,0.00000000,0.00000000,0.00000000,0.00000000,0.00000000,0.00000000,0.00070955,0.00000000,0.01717156,0.00000000,0.00000000,0.14780677,0.00000000,0.00000000,0.00000000,0.00000000,0.00000000,0.00000000,0.00000000,0.00000000,0.00000000,0.00000000,0.00000000,0.00000000,0.00000000,0.00000000,0.00000000,0.00000000,0.00000000,0.00000000,0.00000000,0.00000000,0.00000000,0.00000000,1.58527508,0.00000000,0.00000000,0.00000000,0.00000000,0.00350878,0.00000000,0.00000000,0.00000000,0.00000000,0.00000000,0.00000000,0.00000000,0.00000000,0.00000000,0.00000000,0.00000000,0.00000000,0.00000000,0.03818324,0.00000000,0.00000000,0.00000000,0.00000000,0.00193679,0.00800967,0.00000000,0.00000000,0.00000000,0.00000000,0.00000000,0.00000000,0.00000000,0.00000000,0.00000000,0.00000000,0.00000000,0.00000000,0.00000000,0.00000000,0.00000000,0.00000000,0.00000000,0.00000000,0.00000000,0.00000000,0.00000000,0.00000000,0.00000000,0.00000000,0.00000000,0.00000000,0.00000000,0.00000000,0.00314543,0.00000000,0.00000000,0.00000000,0.00000000,0.03085339,0.00000000,0.00000000,0.00000000,0.00000000,0.01009627,0.00000000,0.00412795,0.00211226,0.00000000,0.00000000,0.00000000,0.00000000,0.00000000,0.00000000,0.00000000,0.00000000,0.00000000,0.00000000,0.00000000,0.00000000,0.00000000,0.00000000,0.00430236,0.00000000,0.00000000,0.00000000,0.00000000,0.00000000,0.00000000,1.20045270,0.00000000,0.00000000,0.00000000,0.00197900,0.00000000,0.00000000,0.00000000,0.00000000,0.00079894,0.04118485,0.00706580,0.01056609,0.02468033,0.00000000,0.00000000,2.13289833,0.00000000,0.00000000,0.00000000,0.00000000,0.00000000,0.00000000,0.00000000,0.00000000,0.00000000,0.00000000,0.00000000,0.00000000,0.00000000,0.00000000,0.00000000,0.00723935,0.00000000,0.00000000,0.00000000,0.00241122,0.00000000,0.00000000,0.00000000,0.00000000,0.00000000,0.00000000,0.00387293,0.00000000,0.01925626,0.00000000,0.00000000,0.00000000,0.00000000,0.00000000,0.00000000,0.00000000,0.01590421,0.00000000,0.00000000,0.00000000,0.00000000,0.00000000,0.00000000,0.00000000,0.00000000,0.00097570,0.00000000,0.00100149,0.00000000,0.00000000,0.00000000,0.00445741,0.00000000,0.00000000,0.00000000,0.00000000,0.00000000,0.00000000,0.00000000,0.00000000,0.00000000,0.00000000,0.00000000,0.00000000,0.02692940,0.00000000,0.00000000,0.00000000,0.00000000,0.00000000,0.00000000,0.01341140,0.00000000,0.00000000,0.00000000,0.00000000,0.00000000,0.00000000,0.00493704,0.00920659,0.00000000,0.00000000,0.00000000,0.00000000,0.00000000,0.00000000,0.00000000,0.00000000,0.00000000,0.00000000,0.00000000,0.00000000,0.00000000,0.00074759,0.00000000,0.00000000,0.00000000,0.00000000,0.00000000,0.00000000,0.00367099,0.00000000,2.77807316,0.00000000,0.00000000,0.00000000,0.00000000,0.00000000,0.00000000,0.00000000,0.00000000,0.00000000,0.00000000,0.00000000,0.00000000,0.00000000,0.00000000,0.00000000,0.00687353,0.02546694,0.00000000,0.00000000,0.00000000,0.00000000,0.00000000,0.00000000,0.00000000,0.00000000,0.00000000,0.00000000,0.00000000,0.01032449,0.00000000,0.00000000,0.00000000,0.00520594,0.00000000,0.00311931,0.00000000,0.00000000,0.00000000,0.00000000,0.00000000,0.00211420,0.00000000,0.00000000,0.00000000,0.00000000,0.00000000,0.00000000,0.00000000,0.00000000,0.00000000,0.00000000,0.00000000,0.00000000,0.00000000,0.00000000,0.00000000,0.00000000,0.00000000,0.00000000,0.00000000,0.00000000,0.00000000,0.00000000,0.00141454,0.00000000,0.00000000,0.00000000,0.00000000,0.00000000,0.00000000,0.00000000,0.00000000,0.00000000,0.01733013,0.41517161,0.01770851,0.00000000,0.00000000,0.00000000,0.00000000,0.00000000,0.00185769,0.00000000,0.00000000,0.00524707,0.00000000,0.94016897,0.00000000,0.00212018,0.00697275,0.00000000,0.00000000,0.00000000,0.00000000,0.00000000,0.00000000,0.00000000,0.00000000,0.00000000,0.00000000,0.00000000,0.00000000,0.00000000,0.00000000,0.00000000,0.00000000,0.00000000,0.00000000,0.04852370,0.00000000,0.00000000,0.00000000,0.00000000,0.00000000,0.00000000,0.00000000,0.00767798,0.00000000,0.00000000,0.00000000,0.00000000,0.00000000,0.00000000,0.00000000,0.00000000,0.00000000,0.00575949,0.00000000,0.00000000,0.00000000,0.00000000,0.00000000,0.00000000,0.00000000,0.00670597,0.00000000,0.00000000,0.00238699,0.00000000,0.00000000,0.00000000,0.00000000,0.00000000,0.00000000,0.00000000,0.00000000,0.00000000,0.00074098,0.00000000,0.00187726,0.00000000,0.00000000,0.00000000,0.00000000,0.00000000,0.00000000,0.01257418,0.00000000,0.00000000,0.00000000,0.00183509,0.00722684,0.00000000,0.00000000,0.00000000,0.00000000,0.00000000,0.00000000,0.00000000,0.00000000,0.00000000,0.00000000,0.00000000,0.00000000,0.00000000,0.00481207,0.00000000,0.00000000,0.00000000,0.00000000,0.00000000,0.00000000,0.00000000,0.00000000,0.00062375,0.00324536,0.00000000,0.00000000,0.00000000,0.00000000,0.00000000,0.00000000,0.00000000,0.00000000,0.00475730,0.00000000,0.00825573,0.00000000,0.00000000,0.00000000,0.00000000,0.00524320,0.00000000,0.00000000,0.00000000,0.00000000,0.00000000,0.00000000,0.00000000,0.00000000,0.00000000,0.00907496,0.00000000,0.00000000,0.00000000,0.00000000,0.00000000,0.00000000,0.00000000,0.00000000,0.00000000,0.00000000,0.00000000,0.00000000,0.00000000,0.00000000,0.00000000,0.00000000,0.23401805,0.00400903,0.00000000,0.00000000,0.00000000,0.19873576,0.00000000,0.00000000,0.00000000,0.00000000,0.00000000,0.00000000,0.00000000,0.00000000,0.00000000,0.04572012,0.04875644,0.00000000,0.00000000,0.00000000,0.00000000,0.00000000,0.00000000,0.00000000,0.00000000,0.00000000,0.00000000,0.00000000,0.00000000,0.00000000,0.00000000,0.00000000,0.00000000,0.01588026,0.00000000,0.00000000,0.00000000,0.00000000,0.00000000,0.00000000,0.00557872,0.00000000,0.00000000,0.00000000,0.00000000,0.00000000,0.00000000,0.00000000,0.00000000,0.10211618,0.00000000,0.00000000,0.00000000,0.00000000,0.00000000,0.00000000,0.00000000,0.00000000,0.01133864,0.00000000,0.00000000,0.00252323,0.00000000,0.00000000,0.00000000,0.00000000,0.00000000,0.00000000,0.00000000,0.53783298,0.00000000,0.00000000,0.02393565,0.00477667,0.00000000,0.00000000,0.00000000,0.00000000,0.00000000,0.00000000,0.00000000,0.00259471,0.00000000,0.00000000,0.00000000,0.00000000,0.00000000,0.00643732,0.00644320,0.00000000,0.00683881,0.00000000,0.00000000,0.00000000,0.00721920,0.00000000,0.00000000,0.00000000,0.01172582,0.00000000,0.00000000,0.00000000,0.00000000,0.00000000,0.07394248,0.00000000,0.10797682,0.00000000,0.00000000,0.00000000,0.00000000,0.00000000,0.00000000,0.00000000,0.00298312,0.00000000,0.00000000,0.00000000,0.00000000,0.00000000,0.00000000,0.00000000,0.00000000,0.00000000,0.00000000,0.00000000,0.00000000,0.02205339,0.00000000,0.00000000,0.00000000,0.00000000,0.00000000,0.00000000,0.00000000,0.02102808,0.37326432,0.00000000,0.00000000,0.00000000,0.00000000,0.00000000,0.04873520,0.00000000,0.00380190,0.01828779,0.00000000,0.00000000,0.00000000,0.00000000,0.00000000,0.03912366,0.00000000,0.00000000,0.00000000,0.00000000,0.00000000,0.00000000,0.00000000,0.00000000,0.00000000,0.00000000,0.00060195,0.00000000,0.04478990,0.00000000,0.00000000,0.00000000,0.00000000,0.00000000,0.00000000,0.00000000,0.00640729,0.00000000,0.00000000,0.00498781,0.01322160,0.00000000,0.00000000,0.00000000,0.00000000,0.09023613,0.00000000,0.00000000,0.00000000,0.00000000,0.00000000,0.00000000,0.00000000,0.00097222,0.00000000,0.00000000,0.00000000,0.00000000,0.00000000,0.00000000,0.00000000,0.01527516,0.00000000,0.00000000,0.00000000,0.00000000,0.00000000,0.00000000,0.00000000,0.00000000,0.00000000,0.20687570,0.00000000,0.00000000,0.00000000,0.00000000,0.00000000,0.00000000,0.00000000,0.00000000,0.00000000,0.00000000,0.00000000,0.00000000,0.00000000,0.00000000,0.00000000,0.00000000,0.00000000,0.00000000,0.00501182,0.00000000,0.00000000,0.00000000,0.00000000,0.00634247,0.00000000,0.00000000,0.00000000,0.00000000,0.00000000,0.00000000,0.00000000,0.00000000,0.00000000,0.00000000,0.00000000,0.00000000,0.00000000,0.00000000,0.00000000,0.00000000,0.00000000,0.00000000,0.00000000,0.00000000,0.00000000,0.00000000,0.00000000,0.00000000,0.00000000,0.00000000,0.00000000,0.00000000,0.00000000,0.00265620,0.00188573,0.00000000,0.00000000,0.00000000,0.00000000
0.00000000,0.00000000,0.00000000,0.00000000,0.00000000,0.00380196,0.00000000,0.00000000,0.00000000,0.00000000,0.00000000,0.00000000,0.00000000,0.00694271,0.00000000,0.00000000,0.00000000,0.00000000,0.00000000,0.00000000,0.00000000,0.00000000,0.00000000,0.00000000,0.00000000,0.00000000,0.00000000,0.00000000,0.00000000,0.00000000,0.00000000,0.00000000,0.00090056,0.00474110,0.00000000,0.00000000,0.00080009,0.00000000,0.00000000,0.00000000,0.00000000,0.00000000,0.00000000,0.00000000,0.00000000,0.00000000,0.00000000,0.00000000,0.00000000,0.00000000,0.00000000,0.00000000,0.00000000,0.00000000,0.00000000,0.00000000,0.00081856,0.00000000,0.00000000,0.00000000,0.00000000,0.00000000,0.00000000,0.00000000,1.85870606,0.00000000,0.00000000,0.00000000,0.00227603,0.03849017,0.00000000,0.00000000,0.00636469,0.00000000,0.00000000,0.00000000,0.00000000,0.00000000,0.00000000,0.00000000,0.00000000,0.00000000,0.00000000,0.00000000,0.00000000,0.00000000,0.00000000,0.00000000,0.00000000,0.00231714,0.00000000,0.00000000,0.00000000,0.00000000,0.00000000,0.00000000,0.00000000,0.00000000,0.02448500,0.00000000,0.00000000,0.00280489,0.00000000,0.00000000,0.00000000,0.00000000,0.05460322,0.00000000,0.00000000,0.00000000,0.00000000,0.00348597,0.00081994,0.00000000,0.00000000,0.00145892,0.00000000,0.00000000,0.00000000,0.00000000,0.00000000,0.00000000,0.00000000,0.00000000,2.33686858,0.00000000,0.00000000,0.00000000,0.00000000,0.00000000,0.00000000,0.00000000,0.00000000,0.00000000,0.00000000,0.00000000,0.00000000,0.00000000,0.00000000,0.00271664,0.01950127,0.00000000,0.00000000,0.00000000,0.00000000,0.00000000,0.00000000,0.00000000,0.00000000,0.00000000,0.00000000,0.00000000,0.00000000,0.03247178,0.00000000,0.00000000,0.00000000,0.00000000,0.00000000,0.00000000,0.00538423,0.00000000,0.00000000,0.00000000,0.00000000,0.00000000,0.01003329,0.00000000,0.00000000,0.00528147,0.00000000,0.00000000,0.00000000,0.00000000,0.00000000,0.00000000,0.05189663,0.00000000,0.00000000,0.00000000,0.00171144,0.00000000,0.00000000,0.00000000,0.00000000,0.00000000,0.00000000,0.00000000,0.00000000,0.00000000,0.00000000,0.00000000,0.00000000,0.05141543,0.00000000,0.00000000,0.00128906,0.00000000,0.00000000,0.00000000,0.00000000,0.00000000,0.00000000,1.17202734,0.05401785,0.00000000,0.00000000,0.00000000,0.00000000,0.00000000,0.01565218,0.00000000,0.00000000,0.00000000,0.00000000,0.00237588,0.00000000,0.00337003,0.00000000,0.00000000,0.00000000,0.00000000,0.03821915,0.00086830,0.00000000,0.00000000,0.02984253,0.00000000,0.00000000,0.00000000,0.00000000,0.00000000,0.00712236,0.00000000,0.00000000,0.00000000,0.00000000,0.00000000,0.00000000,0.95960755,0.00000000,0.00000000,0.00000000,0.04037402,0.00000000,0.00000000,0.00000000,0.00000000,0.00000000,0.32761617,0.00000000,0.00000000,0.00000000,0.00000000,0.00000000,0.00000000,0.00000000,0.00000000,0.00000000,0.00000000,0.00000000,0.00000000,0.00000000,0.00000000,0.00000000,0.00000000,0.00000000,0.00000000,0.01424267,0.00000000,0.00000000,0.00538462,0.00000000,2.16586800,0.00000000,0.00000000,0.00000000,0.00000000,0.00000000,0.00000000,0.00000000,0.00000000,0.00000000,0.00000000,0.00000000,0.00000000,0.90665368,0.00000000,0.00000000,0.00000000,0.00000000,0.00000000,0.00000000,0.00740632,0.00000000,0.00000000,0.00000000,0.16664854,0.00000000,0.00000000,0.00000000,0.00000000,0.00000000,0.00000000,0.00000000,0.00000000,0.00000000,0.00000000,0.00000000,0.00000000,0.00000000,0.00000000,0.00000000,0.00000000,0.00000000,0.00364398,0.00000000,0.00000000,0.00000000,0.00000000,0.00000000,0.00000000,0.00000000,0.00392228,0.00000000,0.00000000,0.00000000,0.00000000,0.00000000,0.00000000,0.00000000,0.00000000,0.00000000,0.02020655,0.00074004,0.00000000,0.00000000,0.00000000,0.00000000,0.00000000,0.00000000,0.00482576,0.00000000,0.00000000,0.00000000,0.00000000,0.00000000,0.00000000,0.00000000,0.00000000,0.00000000,0.01101809,0.00196496,0.00000000,0.00000000,0.00000000,0.00000000,0.00000000,0.00000000,0.00000000,0.00000000,0.00000000,0.00000000,0.00000000,0.00000000,0.00000000,0.00155205,0.00000000,0.00824829,0.00000000,0.00000000,0.00000000,0.00000000,0.00000000,0.00000000,0.00000000,0.00000000,0.01052381,0.00000000,0.00000000,0.00000000,0.01414904,0.00000000,0.00000000,0.00000000,0.00000000,0.00000000,0.00000000,0.00000000,0.00000000,0.00000000,0.00000000,0.00000000,0.00000000,0.04639699,0.00000000,0.00000000,0.00000000,0.00556678,0.00000000,0.00000000,0.00000000,0.00000000,0.00000000,0.00000000,0.00000000,0.00864675,0.00000000,0.00000000,0.02100783,0.00000000,0.00000000,0.00000000,0.00000000,0.00000000,0.00000000,0.00000000,0.00000000,0.00000000,0.00245993,0.00000000,0.00000000,0.00000000,0.00000000,0.00000000,0.00000000,0.00500096,0.00000000,0.00000000,0.00000000,0.00000000,0.00000000,0.00000000,0.00000000,0.00000000,0.00000000,0.00471322,0.00000000,0.00000000,0.00000000,0.00000000,0.03073484,0.00449181,0.00000000,0.00000000,0.00000000,0.00000000,0.00000000,0.00000000,0.00000000,0.00000000,0.00000000,0.00000000,0.00000000,0.00000000,0.00000000,0.00000000,0.00000000,0.00000000,0.00000000,0.00000000,0.00000000,0.00775229,0.00000000,0.04565151,0.00000000,0.00000000,0.00000000,0.00000000,0.00000000,0.00000000,0.00000000,0.00000000,0.00000000,2.09521477,0.03438468,0.00000000,0.00000000,0.04276400,0.00000000,0.00000000,0.00000000,0.00000000,0.03124321,0.00000000,0.00000000,0.00000000,0.00000000,0.00000000,0.00000000,0.00000000,0.00000000,0.00000000,0.00739299,0.00000000,0.00000000,0.00000000,0.00000000,0.01882922,0.00000000,0.87215886,0.00000000,0.03207985,0.00000000,0.00000000,0.00000000,0.00276450,0.00000000,0.00230518,0.00427481,0.00000000,0.35726062,0.00000000,0.00000000,0.00792418,0.00000000,0.00000000,0.00000000,0.79756938,0.00000000,0.00000000,0.00000000,0.00000000,0.00000000,0.00000000,0.00000000,0.00000000,0.00000000,0.00000000,0.00000000,0.00000000,0.00000000,0.00000000,0.00000000,0.00000000,0.00000000,0.00000000,0.00000000,0.00000000,0.00000000,0.00000000,0.00000000,0.00000000,0.00000000,0.00000000,0.00000000,0.00000000,0.00000000,0.02685012,0.00000000,0.00000000,0.00000000,0.01360626,0.00000000,0.00000000,0.07919865,0.00000000,0.00000000,0.00000000,0.00000000,0.00000000,0.00000000,0.00000000,0.00000000,0.00000000,0.00000000,0.00000000,0.00524132,0.00000000,0.00000000,0.00000000,0.00000000,0.00000000,0.00000000,0.00000000,0.00000000,0.00000000,0.00000000,0.00163193,0.00000000,0.00000000,0.00000000,0.00000000,0.00000000,0.00000000,0.06304981,0.00000000,0.00000000,0.00000000,0.00000000,0.00000000,0.00000000,0.01583898,0.00000000,0.00000000,0.00000000,0.02029086,0.00000000,0.00105358,0.00000000,0.00000000,0.00000000,0.00000000,0.00000000,0.00000000,0.00000000,0.02097634,0.00000000,0.00000000,0.00000000,0.00000000,0.00000000,0.00000000,0.00000000,0.00000000,0.00000000,0.00000000,0.00327118,0.00000000,0.00000000,0.00000000,0.00000000,0.00182114,0.00624635,0.00000000,0.00000000,0.02789722,0.00000000,0.00000000,0.00000000,0.00000000,0.00000000,0.00000000,0.00000000,0.00000000,0.00000000,0.00000000,0.00000000,0.00000000,0.00000000,0.00000000,0.00000000,0.00000000,0.00802689,0.00000000,0.00000000,0.00000000,0.00000000,0.00000000,0.00000000,0.00000000,0.00000000,0.00000000,0.00000000,0.00179663,0.00359578,0.00000000,0.00495124,0.00000000,0.00000000,0.00000000,0.00000000,0.00000000,0.00000000,0.00000000,0.00000000,0.00000000,0.00000000,0.00000000,0.00000000,0.00000000,0.00000000,0.00000000,0.00000000,0.00000000,0.00000000,0.00000000,0.00000000,0.00000000,0.00000000,0.00512664,0.00000000,0.00000000,0.00000000,0.00000000,0.00000000,0.00000000,0.00000000,0.00536412,0.00000000,0.00000000,0.00000000,0.00000000,0.00000000,0.00000000,0.01518590,0.00000000,0.00000000,0.00000000,0.00000000,0.00000000,0.00000000,0.00000000,0.00000000,0.00000000,0.00000000,0.00000000,0.00000000,0.00000000,0.00000000,0.00000000,0.00000000,0.00000000,0.00000000,0.00000000,0.00000000,0.00000000,0.00000000,0.00000000,0.00000000,0.00000000,0.00000000,0.00000000,0.00000000,0.00000000,0.00000000,0.00000000,0.00000000,0.01864205,0.00000000,0.00099207,0.00000000,0.00622381,0.00169631,0.00000000,0.00000000,0.00000000,0.00000000,0.00000000,0.00000000,0.00000000,0.00000000,0.00000000,0.04548998,0.00000000,0.00000000,0.00000000,0.01896885,0.00000000,0.00000000,0.00000000,0.00000000,0.00752699,0.00000000,0.00000000,0.00000000,0.00000000,0.00000000,0.00000000,0.00000000,0.00000000,0.02248717,0.00000000,0.00000000,0.00000000,0.00000000,0.00000000,0.00000000,0.00000000,0.00000000,0.00000000,0.00000000,0.00000000,0.00000000,0.00000000,0.00106916,0.00929938,0.00000000,0.00000000,0.00000000,0.00000000,0.00000000,0.00000000,0.00000000,0.00000000,0.00000000,0.00000000,0.00000000,0.00000000,0.00000000,0.00575654,0.00000000,0.00000000,0.00000000,0.00000000,0.00000000,0.00000000,0.00000000,0.00000000,0.00000000
0.00000000,0.00000000,0.00000000,0.00000000,0.00000000,0.00000000,0.00000000,0.00000000,0.00000000,0.00000000,0.00000000,0.00000000,0.00000000,0.00000000,0.00000000,0.00290180,0.00000000,0.00000000,0.00000000,0.00000000,0.00000000,0.00000000,0.00000000,0.00000000,0.00000000,0.00000000,0.00000000,0.00000000,0.00000000,0.00000000,0.00000000,0.00000000,0.00000000,0.00000000,0.00959206,0.13036556,0.00000000,0.00000000,0.00000000,0.00000000,0.00000000,0.00000000,0.00000000,0.00673731,0.00000000,0.00112736,0.00000000,0.00000000,0.00000000,0.00000000,0.00000000,0.00000000,0.00000000,0.00000000,0.00000000,0.00000000,0.00000000,0.00565829,0.02187526,0.07858446,0.00000000,0.00000000,0.00586046,0.00000000,0.00000000,0.00000000,0.00000000,0.00000000,0.00000000,0.00000000,0.01103301,0.00000000,0.00000000,0.00000000,0.00000000,0.00000000,0.00495172,0.00000000,0.00000000,0.00000000,0.00000000,0.00000000,0.00000000,0.00000000,0.00000000,0.00000000,0.00000000,0.00000000,0.00000000,0.00000000,0.00000000,0.00000000,0.00000000,0.00000000,0.00000000,0.00000000,0.00000000,0.00000000,0.00000000,0.00000000,0.00000000,0.00000000,0.00000000,0.00000000,0.00000000,0.00000000,0.00000000,0.00000000,0.00000000,0.00000000,0.00000000,0.00617755,0.00549642,0.00000000,0.02287556,0.00000000,0.00000000,0.00000000,0.00245629,0.00000000,0.00000000,0.00000000,0.00000000,0.00000000,0.00000000,0.00000000,0.00000000,0.00000000,0.00000000,0.00000000,0.00000000,0.01308166,0.00000000,0.00000000,0.00000000,0.00000000,0.00000000,0.00000000,0.00000000,0.00000000,0.01843496,0.00000000,0.00000000,0.00000000,0.00000000,0.00000000,0.00000000,0.00000000,0.00000000,0.00000000,0.00000000,0.00589604,0.00000000,0.00000000,0.00000000,0.00000000,0.00000000,0.00000000,0.00000000,0.00483757,0.00000000,0.07131134,0.00000000,0.00000000,0.00000000,0.00000000,0.00000000,0.00000000,0.00000000,0.00000000,0.00503786,0.00000000,0.00000000,0.00378152,0.00000000,0.00000000,0.00000000,0.00000000,0.00000000,0.00000000,0.01657607,0.00000000,0.00000000,0.00000000,0.10241903,0.00000000,0.00000000,0.00000000,0.00000000,0.00000000,0.00000000,0.00000000,0.00000000,0.00000000,0.00000000,0.00000000,0.00000000,0.00000000,0.00000000,0.00000000,0.00000000,0.00000000,0.00000000,0.00000000,0.00000000,0.03155065,0.00000000,0.00000000,0.00000000,0.00000000,0.00000000,0.00000000,0.00000000,0.00000000,0.00000000,0.00000000,0.00000000,0.00000000,0.03094016,0.00434142,0.00000000,0.00000000,0.00000000,0.00000000,0.00508811,0.02206125,0.00000000,0.00000000,0.00000000,0.00000000,0.00000000,0.00000000,0.00000000,0.00000000,0.00000000,0.00000000,0.00000000,0.00000000,0.00000000,0.07272999,0.00000000,0.00000000,0.00000000,0.04532792,0.00000000,0.00000000,0.00000000,0.00000000,0.00000000,0.00000000,0.00000000,0.00000000,0.02320238,0.01339755,0.00000000,0.02560512,0.15555293,0.00000000,0.07682633,0.00000000,0.00000000,0.00000000,0.00000000,0.00000000,0.00000000,0.00000000,0.00000000,0.00000000,0.00000000,0.00000000,0.04663091,0.00000000,0.00000000,0.00000000,0.00000000,0.00000000,0.00000000,0.00000000,0.00000000,0.00000000,0.00000000,0.00000000,0.00000000,0.00000000,0.00000000,0.00000000,0.00000000,0.00000000,0.00000000,0.00000000,0.19172324,0.00000000,0.00000000,0.01452047,0.00000000,0.00000000,0.00000000,0.00000000,0.00000000,0.00000000,0.00000000,0.00000000,0.00000000,0.00000000,0.00000000,0.00000000,0.00000000,0.00000000,0.00000000,0.00000000,0.00190165,0.00000000,0.00000000,0.00000000,0.00000000,0.22253269,0.00000000,0.00000000,0.00000000,0.00000000,0.00000000,0.00000000,0.00000000,0.12483762,0.00000000,1.92658164,0.00000000,0.00000000,0.00000000,0.13150938,0.00000000,0.00000000,1.00946661,0.32759416,0.00000000,0.00000000,0.00000000,0.00000000,0.00860749,0.00000000,0.00000000,0.00000000,0.00000000,0.00000000,0.00000000,0.00000000,0.00538043,0.01285957,0.00000000,0.00000000,0.00000000,0.00000000,0.00000000,0.00000000,0.00000000,0.01067646,0.00000000,0.00000000,0.00000000,0.00000000,0.00000000,0.00857682,0.00000000,0.00000000,0.00000000,0.00000000,0.00000000,0.00000000,0.03981141,0.00000000,0.00000000,0.00000000,0.00000000,0.00000000,0.00000000,0.00000000,0.00000000,0.00000000,0.00181587,0.00000000,0.00000000,0.00000000,0.00000000,0.00000000,0.00000000,0.00000000,0.00102788,0.00000000,0.00000000,0.00000000,0.02136920,0.00000000,0.00000000,0.00000000,0.00000000,0.00000000,0.00000000,0.00000000,0.00000000,0.00000000,0.00000000,0.00000000,0.00000000,0.00000000,0.00000000,0.00000000,0.00000000,0.00000000,0.00000000,0.00000000,0.00000000,0.00000000,0.00000000,0.00000000,0.00000000,0.00000000,0.00055046,0.00000000,0.00000000,0.01169906,0.00000000,0.00000000,0.00000000,0.00000000,0.00136527,0.00143661,0.00000000,0.02356038,0.00000000,0.02951202,0.00000000,0.12071552,0.00000000,0.00000000,0.00000000,0.00092750,0.00000000,0.00000000,0.00000000,0.00150544,0.00163055,0.00000000,0.00238502,0.00000000,0.00000000,0.00000000,0.01653734,0.00000000,0.00000000,0.00000000,0.01270966,0.00000000,0.00000000,0.00000000,0.00000000,0.00945287,0.00000000,0.00000000,0.00000000,0.00000000,0.00000000,0.00000000,0.00000000,0.05540676,0.00000000,0.00000000,0.00000000,0.00000000,0.01411716,0.00000000,0.00000000,0.00000000,0.00000000,0.00000000,0.00000000,0.00000000,0.00000000,0.00000000,0.00000000,0.00000000,0.00000000,0.00000000,0.00000000,0.02021105,0.00000000,0.00000000,0.00000000,0.00000000,0.00000000,0.00000000,0.00000000,0.00000000,0.00000000,0.00000000,0.00000000,0.43561765,0.00000000,0.00000000,0.00000000,0.00000000,0.00000000,0.00000000,0.00000000,0.00000000,0.00000000,0.00000000,0.00000000,0.00000000,0.00000000,0.00000000,0.00000000,0.00000000,0.00000000,0.00000000,0.00000000,0.00000000,0.00000000,0.00000000,0.00000000,0.00000000,0.00000000,0.00000000,0.00000000,0.00000000,0.00000000,0.00000000,0.00000000,0.00000000,0.00000000,0.00000000,0.00000000,0.00000000,0.00000000,0.00000000,0.09032314,0.00000000,0.00000000,0.01354736,0.00780106,0.00000000,0.00000000,0.00000000,0.00000000,0.00000000,0.00000000,0.01426217,0.00000000,0.00000000,0.00000000,0.00000000,0.00000000,0.00000000,0.00000000,0.00000000,0.00000000,0.00000000,0.00000000,0.33158952,0.00000000,0.00000000,0.00000000,0.00000000,0.00000000,0.00000000,0.00133732,0.00000000,0.00000000,0.00000000,0.00000000,0.00000000,0.00393742,0.00000000,0.00000000,0.01741032,0.00000000,0.00000000,0.00000000,0.00000000,0.00000000,0.00000000,0.00000000,0.00000000,0.00000000,0.00247520,0.00883195,0.00000000,0.00000000,0.00000000,0.00000000,0.00000000,0.00000000,0.00480501,0.00000000,0.00000000,0.00000000,0.00000000,0.00000000,0.00000000,0.00000000,0.00000000,0.00000000,0.00000000,0.00000000,0.00000000,0.00000000,0.00000000,0.00000000,0.00000000,2.34259958,0.00000000,0.00000000,0.00000000,0.00000000,0.00000000,0.00000000,0.00000000,0.00000000,0.00000000,0.00000000,0.00000000,0.00000000,0.25022657,0.00000000,0.00000000,0.02116137,0.00000000,0.00000000,0.00000000,0.00000000,0.08443072,0.00000000,0.00000000,0.00000000,0.00000000,0.00000000,0.00201478,0.00000000,0.00000000,0.03395470,0.00000000,0.00000000,0.00000000,0.00000000,0.00000000,0.00000000,0.00000000,0.00000000,0.00000000,0.00000000,0.00000000,0.00000000,0.00000000,0.00000000,0.00000000,0.00000000,0.00000000,0.01236511,0.00000000,0.00926176,0.00000000,0.00711362,0.00000000,0.00000000,0.00000000,0.00000000,0.00000000,0.00000000,0.00121925,0.00000000,0.00000000,0.00000000,0.00000000,0.00000000,0.00000000,0.00000000,0.00000000,0.00598721,0.00000000,0.00000000,0.00000000,0.00000000,0.02009136,0.00000000,0.00000000,0.00000000,0.00000000,0.00000000,0.02079697,0.00000000,0.00000000,0.00000000,0.00000000,0.00000000,0.00000000,0.00000000,0.00000000,0.00000000,0.00000000,0.00000000,0.00000000,0.00000000,0.00000000,0.00000000,0.00000000,0.00000000,0.00000000,0.00000000,0.00000000,0.00000000,0.00000000,0.00000000,0.00000000,0.00000000,0.00000000,0.00000000,0.00512805,0.00166505,0.00000000,0.00000000,0.00000000,0.02028791,0.00000000,0.00000000,0.00000000,0.00000000,0.00000000,0.00000000,0.00000000,0.00000000,0.00000000,0.00000000,0.00000000,0.00000000,0.00000000,0.00000000,0.00000000,0.00000000,0.00000000,0.01209203,0.00000000,0.00000000,0.00000000,0.00000000,0.00000000,0.00000000,0.00000000,0.00000000,0.00000000,0.00000000,0.00000000,0.01152956,0.00000000,0.00000000,0.00000000,0.00000000,0.00000000,0.00000000,0.00000000,0.00000000,0.00883461,1.36327021,0.00000000,0.00000000,0.00439852,0.00000000,0.00000000,0.00000000,0.00000000,0.00000000,0.00000000,0.00978748,0.00000000,0.00073521,0.00000000,0.00238929,0.00000000,0.00000000,0.00000000,0.00000000,0.00000000,0.02892665,0.00000000,0.00000000,0.00000000,0.24006219,0.00000000,0.00000000,0.00000000,0.00398831,0.00000000,0.00000000,0.00328013,0.00000000,0.00000000,0.00213136,0.00000000,0.00000000,0.00000000,0.00279796,0.00000000
0.00000000,0.00000000,0.00000000,0.00000000,0.00000000,0.00000000,0.00000000,0.00000000,0.00100378,0.00560251,0.00000000,0.00000000,0.00000000,0.00000000,0.00000000,0.00122482,0.00519787,0.00000000,0.00000000,0.00000000,0.00000000,0.00000000,0.00000000,0.00000000,0.00000000,0.00000000,0.00000000,0.00000000,0.00000000,0.00000000,0.00000000,0.00000000,0.00000000,0.00000000,0.00000000,0.00872061,0.00000000,0.00628629,0.00000000,0.00000000,0.00000000,0.00000000,0.00000000,0.00000000,0.00000000,0.00000000,0.00000000,0.00000000,0.01056142,0.00000000,0.00000000,0.00000000,0.11147080,0.00274698,0.00000000,0.00270571,0.00000000,0.00000000,0.00000000,0.00000000,0.00000000,0.00000000,0.00000000,0.00000000,0.00000000,0.00000000,0.00000000,0.00000000,0.00000000,0.00000000,0.00000000,0.00000000,0.00000000,0.00000000,0.00000000,0.00000000,0.00000000,0.00000000,0.00000000,0.00000000,0.00000000,0.00083725,0.00000000,0.00000000,0.00000000,0.00000000,0.00000000,0.00000000,0.00000000,0.00000000,0.00000000,0.00000000,0.00000000,0.00000000,0.00000000,0.00000000,0.00000000,0.00000000,0.00000000,0.00000000,0.00000000,0.00000000,0.00000000,0.00000000,0.00000000,0.00000000,0.00000000,0.00000000,0.00000000,0.00000000,0.01849712,0.00000000,0.00000000,0.00000000,0.00000000,0.00000000,0.02408165,0.00000000,0.00000000,0.13835542,0.00000000,0.00834521,0.00000000,0.00000000,0.00000000,0.00000000,0.00000000,0.00000000,0.00000000,0.00000000,0.00000000,0.00000000,0.00000000,0.00000000,0.00000000,0.00000000,0.00000000,0.69485211,0.00000000,0.00000000,0.00000000,0.00000000,0.00000000,0.00000000,0.00000000,0.00000000,0.00000000,0.00000000,0.00000000,0.00000000,0.00000000,0.00000000,0.00000000,0.00000000,0.02622863,0.00000000,0.00000000,0.00000000,0.00000000,0.00000000,0.00000000,0.00000000,0.00000000,0.00000000,0.01014075,0.00000000,0.00000000,0.00000000,0.00896626,0.00000000,0.00000000,0.00000000,0.00000000,0.00000000,0.00000000,0.00120251,0.00000000,0.00000000,0.00000000,0.00000000,0.00000000,0.00000000,0.00000000,0.04183684,0.00895575,0.00000000,0.00000000,0.00000000,0.00000000,0.00000000,0.00000000,0.00000000,0.00000000,0.00000000,0.00000000,0.00000000,0.03139334,0.00000000,0.00000000,0.00000000,0.00000000,0.00000000,0.00000000,0.00000000,0.00000000,0.00000000,0.00000000,0.00289715,0.33582779,0.01305915,0.00000000,0.00000000,0.00000000,0.00000000,0.00000000,0.00000000,0.00000000,0.00000000,0.00000000,0.00876480,0.00000000,0.00000000,0.00919624,0.00000000,0.00000000,0.00000000,0.00488795,0.00000000,0.00000000,0.00000000,0.01486910,0.00000000,0.00000000,0.00458871,0.00000000,0.00000000,0.00000000,0.00000000,0.00000000,0.00000000,0.00000000,0.00000000,0.16992303,0.00000000,0.00000000,0.00000000,0.00000000,0.00000000,0.00968394,0.00000000,0.00000000,0.00000000,0.00000000,0.10074368,0.00000000,0.00366603,0.00000000,0.00000000,0.00000000,0.00000000,0.00000000,0.00000000,0.00000000,0.00419632,0.00000000,0.00000000,0.00000000,0.00000000,0.01316262,0.00000000,0.00904306,0.00000000,0.00000000,0.00000000,0.00000000,0.00248201,0.00000000,0.00000000,0.00000000,0.00000000,0.00000000,0.00000000,0.00000000,0.00000000,0.00000000,0.00000000,0.00501448,0.00000000,0.00000000,0.00000000,0.00000000,0.00000000,0.00000000,0.00000000,0.08561918,0.00000000,0.00000000,0.00000000,0.00000000,0.00000000,0.02711613,0.00000000,0.00000000,0.00000000,0.00000000,0.00000000,0.00000000,0.00000000,0.00000000,0.00000000,0.00000000,0.00000000,0.01366737,0.00000000,0.00000000,0.00000000,0.00000000,0.00378725,0.00000000,0.00000000,0.00000000,0.00000000,0.00000000,0.00000000,0.00000000,0.00000000,0.02083509,0.00000000,0.00000000,0.00000000,0.00000000,0.00000000,1.90323162,0.00000000,0.00000000,0.00301922,0.00000000,0.00000000,0.00000000,0.00000000,0.00000000,0.00000000,0.00000000,0.00000000,0.02351679,0.00000000,0.00000000,0.00000000,0.00000000,0.00000000,0.00000000,0.00000000,0.00324615,0.00000000,0.00000000,0.00000000,0.13625666,0.00000000,0.00000000,0.23139971,0.00000000,0.00000000,0.00000000,0.00000000,0.00000000,0.00000000,0.00000000,0.00000000,0.00000000,0.00000000,0.00000000,0.00000000,0.05373764,0.00000000,0.00000000,0.00000000,0.00000000,0.00000000,0.00000000,0.00000000,0.00000000,0.40219853,0.00000000,0.00000000,0.00000000,0.00000000,0.00000000,0.00000000,0.00000000,0.00000000,0.00000000,0.00000000,0.00000000,0.00000000,0.00000000,0.00000000,0.00000000,0.00000000,0.00000000,0.00000000,0.00000000,0.00000000,0.00000000,0.00000000,0.00093390,0.00000000,0.00000000,0.00000000,0.00000000,0.02406120,0.00000000,0.00000000,3.02472751,0.15109938,0.00000000,0.00000000,0.00000000,0.00000000,0.00000000,0.00000000,0.00385624,0.00000000,0.00000000,0.00000000,0.00000000,0.00000000,0.00000000,0.00000000,0.01822331,0.05279716,0.00155307,0.00000000,0.00669776,0.00000000,0.00000000,0.00000000,0.00000000,0.00000000,0.00000000,0.00000000,0.00000000,0.00000000,0.00000000,0.00000000,0.00000000,0.00701367,0.00000000,0.00414727,0.00000000,0.00000000,0.00000000,0.00000000,0.00000000,0.00000000,0.00000000,0.00000000,0.00000000,0.00000000,0.00000000,0.00000000,0.00000000,0.00000000,0.00000000,0.00000000,0.07004230,0.00000000,0.00000000,0.00000000,0.00000000,0.00000000,0.00000000,0.00000000,0.00000000,0.00000000,0.00000000,0.00000000,0.00000000,0.00275610,0.00000000,0.00000000,0.00000000,0.00000000,0.00000000,0.00185370,0.00000000,0.00819639,0.00000000,0.00000000,0.00000000,0.12224331,0.00000000,0.00000000,0.00000000,0.00000000,0.00000000,0.00909778,0.00000000,0.00000000,0.00000000,1.41675983,0.00685892,0.00596097,0.00000000,0.00000000,0.00000000,0.00000000,0.01733397,0.00000000,0.00000000,0.00000000,0.00000000,0.00000000,0.00000000,0.00000000,0.00000000,0.00000000,0.00000000,0.00000000,0.00000000,0.00210035,0.00000000,0.01064416,0.00000000,0.00000000,0.00000000,0.01796910,0.00000000,0.00000000,0.00000000,0.00000000,0.00000000,0.00000000,0.00000000,0.00000000,0.00000000,0.00000000,0.00000000,0.00000000,0.00000000,0.00000000,0.00000000,0.00000000,0.00370898,0.00000000,0.00000000,0.00536762,0.00000000,0.00000000,0.00000000,0.00000000,0.00124985,0.00000000,0.00000000,0.00000000,0.00000000,0.00000000,0.00000000,0.00000000,0.00000000,0.00000000,0.03247468,0.00000000,0.00000000,0.00000000,0.00000000,0.00000000,0.00000000,0.00000000,0.00000000,0.00000000,0.00000000,0.00000000,0.00000000,0.00000000,0.00000000,0.00000000,0.00000000,0.00000000,0.00000000,0.00000000,0.00000000,0.00000000,0.00000000,0.00000000,0.00000000,0.00000000,0.00000000,0.00000000,0.00000000,0.00000000,0.00000000,0.00000000,0.00000000,0.00000000,0.00000000,0.00000000,0.00000000,0.00000000,0.00000000,0.00000000,0.00000000,0.00000000,0.01681059,0.08153434,0.00000000,0.00000000,0.01079215,0.00000000,0.00000000,0.00000000,0.00000000,0.00000000,0.00000000,0.00000000,0.00000000,0.00000000,0.00000000,0.00501605,0.00000000,0.00000000,0.00000000,0.00805649,0.00000000,0.00000000,0.00000000,0.00112942,0.00000000,0.00000000,0.00000000,0.00000000,0.00000000,0.00000000,0.00000000,0.00364497,0.00000000,0.00000000,0.00000000,0.00870439,0.00000000,0.00000000,0.00000000,0.00000000,0.00000000,0.00517524,0.00000000,0.00000000,0.00000000,0.00000000,0.00000000,0.00000000,0.00000000,0.00000000,0.00000000,0.11993262,0.00625618,0.00000000,0.02555423,0.00000000,0.00469896,0.00000000,0.00104859,0.00000000,0.00144933,0.00000000,0.02862276,0.00000000,0.00000000,0.00000000,0.00000000,0.00000000,0.01358854,0.00000000,0.00000000,0.00000000,0.00000000,0.00000000,0.00000000,0.00000000,0.00000000,0.00000000,0.00000000,1.97950688,0.00000000,0.00000000,0.00000000,0.00000000,0.00000000,0.00000000,0.00000000,0.00000000,0.00000000,0.00000000,0.00000000,0.00000000,0.00000000,0.00000000,0.00000000,0.00000000,0.00000000,0.00000000,0.00000000,0.00000000,0.00000000,0.00000000,0.00000000,0.00253391,0.01323954,0.00557874,0.00000000,0.00000000,0.00000000,0.04586743,0.00000000,0.00000000,0.00000000,0.00000000,0.00000000,0.00000000,0.00000000,0.00000000,0.00000000,0.00000000,0.00000000,0.00000000,0.00000000,0.00000000,0.00000000,0.00000000,0.00000000,0.00000000,0.00000000,0.00000000,0.00000000,0.00000000,0.00000000,0.00000000,0.00000000,0.00000000,0.02777209,0.00000000,0.00000000,0.00000000,0.00000000,0.00000000,0.00000000,0.00000000,0.00000000,0.00000000,0.00000000,0.00000000,0.00000000,0.00000000,0.00000000,0.00000000,0.00000000,0.00000000,0.00000000,0.00000000,0.00000000,0.00000000,0.00000000,0.00000000,0.00433982,0.00910995,0.00000000,0.00000000,0.00000000,0.00000000,0.00000000,0.00000000,0.00000000,0.00000000,0.00000000,0.00000000,0.00000000,0.00072377,0.00000000,0.00000000,0.00000000,0.00000000,0.00000000,0.00000000,0.00329590,0.00000000,0.00000000,0.01146196,0.00000000,0.00000000,0.06630602,0.00000000,0.00000000,0.03325998,0.00000000,0.07938270,0.00000000,0.00000000,0.00118309,0.00000000,0.00000000,0.00200485
0.00000000,0.00558575,0.00000000,0.00000000,0.00000000,0.00000000,0.00000000,0.00000000,0.00000000,0.00000000,0.00818089,0.00000000,0.00219842,0.00000000,0.00000000,0.01266363,0.00000000,0.00000000,0.11166715,0.00000000,0.00000000,0.00000000,0.00000000,0.00000000,0.00000000,0.00000000,0.00000000,0.00000000,0.00000000,0.00000000,0.04421006,0.00000000,0.00000000,0.00000000,0.00000000,0.00000000,0.00000000,0.00000000,0.00000000,0.00000000,0.00000000,0.00388203,0.00000000,0.00000000,0.00000000,0.00000000,0.00000000,0.00000000,0.00000000,0.00000000,0.00000000,0.00000000,0.00000000,0.00000000,0.00000000,0.01329953,0.00605821,0.00000000,0.00000000,0.00000000,0.00000000,0.00000000,0.00588352,0.00000000,0.00206466,0.00000000,0.00000000,0.00000000,0.00000000,0.00000000,0.00000000,0.00372977,0.00000000,0.00184773,0.00000000,0.00000000,0.00000000,0.00000000,0.00000000,0.00000000,0.00000000,0.00000000,0.00000000,0.00000000,0.00000000,0.00000000,0.00000000,0.00000000,0.00000000,0.00000000,0.00000000,0.00000000,0.00000000,0.00000000,0.00000000,0.00000000,0.00000000,0.00000000,0.02069744,0.00000000,0.00000000,0.00000000,0.00000000,0.00000000,0.00000000,0.00000000,0.00000000,0.00000000,0.00000000,0.00000000,0.00000000,0.00000000,0.00171990,0.00000000,0.00000000,0.00000000,0.00000000,0.00000000,0.00000000,0.08490212,0.00000000,0.01511016,0.00000000,0.00000000,0.00000000,0.00000000,0.00000000,0.00000000,0.00000000,0.00000000,0.00000000,0.00000000,0.00000000,0.00000000,0.01473673,0.00000000,0.02475733,0.00000000,0.00483975,0.00000000,0.00000000,0.00000000,0.00000000,0.00000000,0.00000000,0.00000000,0.00365382,0.03919251,0.00113689,0.00000000,0.00000000,0.00000000,0.00000000,0.00000000,0.00000000,0.00000000,0.00000000,0.00720770,0.00000000,0.00000000,0.00000000,0.00000000,0.04901182,0.00000000,0.01489145,0.00000000,0.02025107,0.00000000,0.00000000,0.00000000,0.00000000,0.00000000,0.00000000,0.00000000,0.00000000,0.00000000,0.00000000,0.00000000,0.00000000,0.00000000,0.00000000,0.00000000,0.00000000,0.00000000,0.00000000,0.00000000,0.00000000,0.00000000,0.00000000,0.00000000,0.00000000,0.00000000,0.00000000,0.00000000,0.82518273,0.00000000,0.00000000,0.01325803,0.00000000,0.00000000,0.00296897,0.00000000,0.01053579,0.00000000,0.00000000,0.00000000,0.00000000,0.00000000,0.00000000,0.00000000,0.00000000,0.00000000,0.00000000,0.00000000,0.00000000,0.00000000,0.00000000,0.00000000,0.00000000,0.00000000,0.00000000,0.00000000,0.01306547,0.00000000,0.00000000,0.00000000,0.00000000,0.00000000,0.00000000,0.00000000,0.00000000,0.00000000,0.00387610,0.00000000,0.00000000,0.00000000,0.00000000,0.00000000,0.00000000,0.00000000,0.00000000,0.00000000,0.00000000,0.00000000,0.00000000,0.00000000,0.00679023,0.00000000,0.00000000,0.00000000,0.00000000,0.00000000,0.00000000,0.00000000,0.00000000,0.00000000,0.00000000,0.00000000,0.00000000,0.00000000,0.00000000,0.00000000,0.00000000,0.00000000,0.00000000,0.00000000,0.09140783,0.00377972,0.00000000,0.00000000,0.00000000,0.00000000,0.43736469,0.00000000,0.00000000,0.00000000,0.00000000,0.12585362,0.00000000,0.00000000,0.00000000,0.00000000,0.00000000,0.00000000,0.00188571,0.00000000,0.00000000,0.00000000,0.00305645,0.00000000,0.00000000,0.00000000,0.00000000,0.00000000,0.00189357,0.00000000,0.00000000,0.00000000,0.00000000,0.00000000,0.00000000,0.00000000,0.00000000,0.00000000,0.00000000,0.00000000,0.00000000,0.00000000,0.00000000,0.00000000,0.00000000,0.00000000,0.00000000,0.00000000,0.00000000,0.00000000,0.00676249,0.00000000,0.00000000,0.00000000,0.00000000,0.00000000,0.00000000,0.00000000,0.00000000,0.00000000,0.00000000,0.00000000,0.00000000,0.00000000,0.00000000,0.00000000,0.00000000,0.00273928,0.00000000,0.00000000,0.00000000,0.00000000,0.03046179,0.00000000,0.00250774,0.00000000,0.00071424,0.00000000,0.00000000,0.00000000,0.01676610,0.00000000,0.00000000,0.01136735,0.00000000,0.00000000,0.00000000,0.00000000,0.00000000,0.00000000,0.00000000,0.00000000,0.00000000,0.00000000,0.00000000,0.00056801,0.00056009,0.00000000,0.00000000,0.06777221,0.00000000,0.00000000,0.00000000,0.00000000,0.00077140,0.07107323,0.00000000,0.03440601,0.01231502,0.00358468,0.00000000,0.00000000,0.00000000,0.00000000,0.00303697,0.00000000,0.00000000,0.00000000,0.00000000,0.00000000,0.00000000,0.00000000,0.00112822,0.00000000,0.00886103,0.00000000,0.00115582,0.00000000,0.00000000,0.00000000,0.00000000,0.00000000,0.00427496,0.00000000,0.00000000,0.00000000,0.00000000,0.00000000,0.00000000,0.00000000,0.00000000,0.07260906,0.00000000,0.02418767,0.00000000,0.00000000,0.00000000,0.03290672,0.57332609,0.00000000,0.00000000,0.00000000,0.00000000,0.00000000,0.00000000,0.00000000,0.00000000,0.00261413,0.00000000,0.00000000,0.00000000,0.00000000,0.00000000,0.00000000,0.00000000,0.00000000,0.01885056,0.00000000,0.00000000,0.00000000,0.00000000,0.01501962,0.00000000,0.00000000,0.00000000,0.00000000,0.00000000,0.00000000,0.00000000,0.00000000,0.00000000,0.00132486,0.00000000,0.03503972,0.00000000,0.00000000,0.00000000,0.00000000,0.00000000,0.00000000,0.00000000,0.04874826,0.00000000,0.00000000,0.00000000,0.00000000,0.00000000,0.00000000,0.00000000,0.00000000,0.38077329,0.00354664,0.00000000,0.00000000,0.00000000,0.00000000,0.00000000,0.00429219,0.00000000,0.00000000,0.00000000,0.00000000,0.00000000,0.00000000,0.00000000,0.00000000,0.02332103,0.00000000,0.00000000,0.00000000,0.00000000,0.00114932,0.00000000,0.00000000,0.00000000,0.00000000,0.00403742,0.00000000,0.00000000,0.00000000,0.00000000,0.00000000,0.00000000,0.00084302,0.00000000,0.00000000,0.00000000,0.06405230,0.00000000,0.00000000,0.00000000,0.00000000,0.00000000,0.02874887,0.00000000,0.00000000,0.00000000,0.00000000,0.00185561,0.00000000,0.00000000,0.00000000,0.00000000,0.00000000,0.00418107,0.00000000,0.00000000,0.00000000,0.00000000,0.00000000,0.00000000,0.00000000,0.00000000,0.00000000,0.00000000,0.00000000,0.00000000,0.00810716,0.00000000,0.01572459,0.00000000,0.00000000,0.00000000,0.00000000,0.00000000,0.00472450,0.00000000,0.00000000,0.06098662,0.00000000,0.00000000,0.00306864,0.00000000,0.00000000,0.00000000,0.00000000,0.00000000,0.00000000,0.00000000,0.00253853,0.00000000,0.00000000,0.00000000,0.00000000,0.01652252,0.00000000,0.00000000,0.00000000,0.00000000,0.00000000,0.00000000,0.00000000,0.00000000,0.00000000,0.00000000,0.00425168,0.00000000,0.00000000,0.01518041,0.00000000,0.00000000,0.00000000,0.00000000,0.00000000,0.00000000,0.00000000,0.00000000,0.00000000,0.00000000,0.06826301,0.00000000,0.00000000,0.00000000,0.00000000,0.00000000,0.00000000,0.00000000,0.00000000,0.00000000,0.00000000,0.00000000,0.00423611,0.00000000,0.00000000,0.00570624,0.00000000,0.00000000,0.00000000,0.00000000,0.00524475,0.00000000,0.00000000,0.00000000,0.00000000,0.00000000,0.00000000,0.00000000,0.00000000,0.00000000,0.00000000,0.00000000,0.00000000,0.00000000,0.00000000,0.00000000,1.84031378,0.00000000,0.00000000,0.00000000,0.00000000,0.00000000,0.00000000,0.00000000,0.00000000,0.01379122,0.00000000,0.00000000,0.00000000,0.00000000,0.00000000,0.00000000,0.00000000,0.00000000,0.00310883,0.00000000,0.00000000,0.00000000,0.00000000,0.00000000,0.00000000,0.00000000,0.00000000,0.00000000,0.00000000,0.00000000,0.00000000,0.00000000,0.00000000,0.00000000,0.00482132,0.00000000,0.00000000,0.00000000,0.00000000,0.00000000,0.00000000,0.00000000,0.00000000,0.00000000,0.00000000,0.00000000,0.00000000,0.00000000,0.00000000,0.00000000,0.01952616,0.00000000,0.00130231,0.00000000,0.00000000,0.00000000,0.00000000,0.00000000,0.00000000,0.00000000,0.00000000,0.00000000,0.00000000,0.00263983,0.00000000,0.00000000,0.00000000,0.01143367,0.00000000,0.00000000,0.00000000,0.00000000,0.00000000,0.00000000,0.00000000,0.00000000,0.00000000,0.00000000,0.00000000,0.00000000,0.00000000,0.00000000,0.00000000,0.00000000,0.00000000,0.00000000,0.00000000,0.00000000,0.00000000,0.00000000,0.00000000,0.00000000,0.00000000,0.00000000,0.00000000,0.00000000,0.00000000,0.00000000,0.00000000,0.00000000,0.00000000,0.00000000,0.00000000,0.00000000,0.00000000,0.00000000,0.00000000,0.00000000,0.00000000,0.00000000,0.00000000,0.00000000,0.00000000,0.00000000,0.00000000,0.00000000,0.00000000,0.00000000,0.00000000,0.00000000,0.06867990,0.40514467,0.00000000,0.68586588,0.01162247,0.00000000,0.01715198,0.00000000,0.00000000,0.00000000,0.00000000,0.00000000,0.00000000,0.00000000,0.00000000,0.00000000,0.00071869,0.00000000,0.00308763,0.00192778,0.02088203,0.00000000,0.00000000,0.00000000,0.05377597,0.00000000,0.00000000,0.00236501,0.00000000,0.00000000,0.00000000,0.00000000,0.00000000,0.00000000,0.00000000,0.00000000,0.00000000,0.00000000,0.00000000,0.00000000,0.00000000,0.00000000,0.00000000,0.00000000,0.00000000,0.00000000,0.00000000,0.00000000,0.00000000,0.00000000,0.00000000,0.00000000,0.00000000,0.00000000,0.00000000,0.00000000,0.00000000,0.00000000,0.00000000
0.00000000,0.00000000,0.00000000,0.00000000,0.00000000,0.00000000,0.00000000,0.00000000,0.00000000,0.00000000,0.00000000,0.05123609,0.00000000,0.00127859,0.02366334,0.00000000,0.00000000,0.00000000,0.00000000,0.00000000,0.00000000,0.00000000,0.00000000,0.00000000,0.00000000,0.00000000,0.00498813,0.03829074,0.00000000,0.00000000,0.00000000,0.01018689,0.00000000,0.00000000,0.00000000,0.00000000,0.00000000,0.00000000,0.00000000,0.00000000,0.00000000,0.00000000,0.00000000,0.00000000,0.00000000,0.00000000,0.00000000,0.00000000,0.01963179,0.00000000,0.00000000,0.00600843,0.00000000,0.07990369,0.00460453,0.00000000,0.00000000,0.00000000,0.00000000,0.14514576,0.00000000,0.00921841,0.00000000,0.00000000,0.00000000,0.00000000,0.00000000,0.00000000,0.00000000,0.00000000,0.00000000,0.00000000,0.00000000,0.00000000,0.00000000,0.00000000,0.00000000,0.00000000,0.00000000,0.00000000,0.00000000,0.00000000,0.33094912,0.00000000,0.00000000,0.00979601,0.00244077,0.00000000,0.00000000,0.00000000,0.00000000,0.03071483,0.00000000,0.00000000,0.00000000,0.00000000,0.00000000,0.00000000,0.05405668,0.00000000,0.00000000,0.00000000,0.00000000,0.00000000,0.00000000,0.00000000,0.00000000,0.00000000,0.00000000,0.00000000,0.00000000,0.00000000,0.00000000,0.00000000,0.00000000,0.00000000,0.00000000,0.00000000,0.00000000,0.73021652,0.00000000,0.00000000,0.00000000,0.00000000,0.00000000,0.00000000,0.00000000,0.00000000,0.00000000,0.00000000,0.00000000,0.00000000,0.00000000,0.00000000,0.00000000,0.01963035,0.00000000,0.00000000,0.00000000,0.00278065,0.00000000,0.01402782,0.00000000,0.00000000,0.00000000,0.00000000,0.00000000,0.00000000,0.00000000,0.00000000,0.00000000,0.00000000,0.00000000,0.00105861,0.00000000,0.00881412,0.00000000,0.00339890,0.00000000,0.00000000,0.00000000,0.00000000,0.00000000,0.00000000,0.00000000,0.00000000,0.00000000,0.02506213,0.00000000,0.00000000,0.00000000,0.00000000,0.00000000,0.00000000,0.00000000,0.00000000,0.00424601,0.00000000,0.00000000,0.00122646,0.00000000,0.00000000,0.00000000,0.01314558,0.00000000,0.00000000,0.00000000,0.00000000,0.00000000,0.00000000,0.00000000,0.00000000,0.00000000,0.00000000,0.00000000,0.00340053,0.00000000,0.00000000,0.00000000,0.06133502,0.00000000,0.00000000,0.00000000,0.00788908,0.00000000,0.00000000,0.00000000,0.00000000,0.03545407,0.00371433,0.00000000,0.00000000,0.00000000,0.00271648,0.00000000,0.00000000,0.00000000,0.00000000,0.00000000,0.00689398,0.00000000,0.00000000,0.00000000,0.04826746,0.00000000,0.00000000,0.00000000,0.00000000,0.00000000,0.00000000,0.00000000,0.00000000,0.33981990,0.00000000,0.00000000,0.02344165,0.00000000,0.00000000,0.00000000,0.00000000,0.00915555,0.00000000,0.00000000,0.00000000,0.00892857,0.00000000,0.00000000,0.04916848,0.00000000,0.00000000,0.00000000,0.01211272,0.00000000,0.00000000,0.00000000,0.00000000,0.00000000,0.00000000,0.00000000,0.00000000,0.00000000,0.00000000,0.00000000,0.00000000,0.00000000,0.00000000,0.25446972,0.00000000,0.01955533,0.00000000,0.00000000,0.00000000,0.00000000,0.00000000,0.00000000,0.00000000,0.00000000,0.00000000,0.00000000,0.04780673,0.00000000,0.00000000,0.00000000,0.00000000,0.00443314,0.00000000,0.00000000,0.00000000,0.00000000,0.00000000,0.00000000,0.00000000,0.00000000,0.00000000,0.00000000,0.00000000,0.00000000,0.00238090,0.00000000,0.00000000,0.00000000,0.01216945,0.00000000,0.00000000,0.00000000,0.00000000,0.00000000,0.00000000,0.00000000,0.00000000,0.00000000,0.00233557,0.00000000,0.00000000,0.00000000,0.00000000,0.00000000,0.00000000,0.00000000,0.01109625,0.00000000,0.00000000,0.00000000,0.01336261,0.00000000,0.00000000,0.00000000,0.00000000,0.00000000,0.00000000,0.00848640,0.00000000,0.00000000,0.00000000,0.00000000,0.00000000,0.00000000,0.00000000,0.00000000,0.00000000,0.00000000,0.00000000,0.00000000,0.00000000,0.00000000,0.00000000,0.00000000,0.00000000,0.00000000,0.00000000,0.00000000,0.00818231,0.00000000,0.00000000,0.00000000,0.00000000,0.00000000,0.00570045,0.00000000,0.00000000,0.00000000,0.00000000,0.00142868,0.00000000,0.00000000,0.00000000,0.00000000,0.00000000,0.00000000,0.00000000,0.00000000,0.03625245,0.00000000,0.00000000,0.00509121,0.00000000,0.00000000,0.00000000,0.00000000,0.00000000,0.00000000,0.00000000,0.00000000,0.00000000,0.00000000,0.00000000,0.00134472,0.00000000,0.00000000,0.00000000,0.00000000,0.00000000,0.00000000,0.00000000,0.00000000,0.00000000,0.00000000,0.00000000,0.00000000,0.00000000,0.08459479,0.00000000,0.00000000,0.00000000,0.00000000,0.00000000,0.64505814,0.00000000,0.00000000,0.00000000,0.10264942,0.00000000,0.00000000,0.00000000,0.00000000,0.00000000,0.00000000,0.00000000,0.00000000,0.00352350,2.16029873,0.00000000,0.00000000,0.00000000,0.00000000,0.00000000,0.00000000,0.08001293,0.00000000,0.00000000,0.00000000,0.00000000,0.00000000,0.00000000,0.00552666,0.00000000,0.00000000,0.00000000,0.00000000,0.00000000,0.00000000,0.00000000,0.00000000,0.00000000,0.00000000,0.00000000,0.00000000,0.00000000,1.19719795,0.00000000,0.00000000,0.00000000,0.00000000,0.00000000,0.00000000,0.00000000,0.00000000,0.00000000,0.00000000,0.00000000,0.00114792,0.08492824,0.00000000,0.00000000,0.01498968,0.00000000,0.00000000,0.00000000,0.00000000,0.00000000,0.00000000,0.00000000,0.00000000,0.00000000,0.00404312,0.00000000,0.01583922,0.00000000,0.00000000,0.00000000,0.00000000,0.03408995,0.00000000,0.00000000,0.00000000,0.00000000,0.00000000,0.00000000,0.00000000,0.00000000,0.00000000,0.00000000,0.00000000,0.00000000,0.00000000,0.00000000,0.00000000,0.00000000,0.00862065,0.00000000,0.00331382,0.00000000,0.00000000,0.00000000,0.00000000,0.00000000,0.00000000,0.00253359,0.00000000,0.00000000,0.00000000,0.00000000,0.00000000,0.00000000,0.00000000,0.02150363,0.00000000,0.00000000,0.00000000,0.00000000,0.01583031,0.00000000,0.00000000,0.00000000,0.00000000,0.00000000,0.00000000,0.00000000,0.00000000,0.01825510,0.00000000,0.00116582,0.00000000,0.00000000,0.00000000,0.00000000,0.00000000,0.00000000,0.00000000,0.00000000,0.00000000,0.00000000,0.00000000,0.00000000,0.00000000,0.00000000,0.00000000,0.00000000,0.00000000,0.00000000,0.00000000,0.00000000,0.00367628,0.00375050,0.00000000,0.00000000,0.00000000,0.00000000,0.00000000,0.00000000,0.00000000,0.05360427,0.00000000,0.00000000,0.00000000,0.00000000,0.00000000,0.00000000,0.00000000,0.00000000,0.00000000,0.00864796,0.00000000,0.00000000,0.00000000,0.00000000,0.00000000,0.00486337,0.00000000,0.00000000,0.00270606,0.00000000,0.00000000,0.00000000,0.00000000,0.00000000,0.00000000,0.00000000,0.00000000,0.00000000,0.00376961,0.06489472,0.00000000,0.00000000,0.00000000,0.00000000,0.00000000,0.00000000,0.00000000,0.00000000,0.00323733,0.00000000,0.00000000,0.00000000,0.00000000,0.00000000,0.09491615,0.00000000,0.00000000,0.00000000,0.00251197,0.00000000,0.00000000,0.00000000,0.00000000,0.00000000,0.00000000,0.00000000,0.00000000,0.00000000,0.00000000,0.00000000,0.00000000,0.00000000,0.00000000,0.00000000,0.00000000,0.00000000,0.00000000,0.00000000,0.00000000,0.00000000,0.00000000,0.00000000,0.08161757,0.00000000,0.00823052,0.00000000,0.00000000,0.00000000,0.00000000,0.00000000,0.01138247,0.00000000,0.00000000,0.00000000,0.00000000,0.00000000,0.00000000,0.00000000,0.00000000,0.00000000,0.00000000,0.00000000,0.01940873,0.00000000,0.00000000,0.00000000,0.00000000,0.00000000,0.00000000,0.00000000,0.00000000,0.00000000,0.00000000,0.00000000,0.00000000,0.00000000,0.00000000,0.00000000,0.00000000,0.00000000,0.00000000,0.01876562,0.00000000,0.00000000,0.00000000,0.00000000,0.00000000,0.00000000,0.00000000,0.03478753,0.00000000,0.00000000,0.00000000,0.00000000,0.00000000,0.49611687,0.00000000,0.00000000,0.00000000,0.00000000,0.03221204,0.00000000,0.00000000,0.00000000,0.00000000,0.00000000,0.00000000,0.00000000,0.00000000,0.99334106,0.00000000,0.00000000,0.00000000,0.00000000,0.00000000,0.00000000,0.00000000,0.00000000,0.00000000,0.00000000,0.00000000,0.00000000,0.00000000,0.00000000,0.00000000,0.02631662,0.00000000,0.00000000,0.00000000,0.00000000,0.00747817,0.00000000,0.01864205,0.00000000,0.00000000,0.00000000,0.00000000,0.00000000,0.00000000,0.00000000,0.00000000,0.00000000,0.00750522,0.00305161,0.00000000,0.00000000,0.02486295,0.00000000,0.00740161,0.00000000,0.00000000,0.00000000,0.00000000,0.01951786,0.00000000,0.00000000,0.00000000,0.00000000,0.00000000,0.00000000,0.00000000,0.00344201,0.00000000,0.00000000,0.00000000,0.00000000,0.01467786,0.00000000,0.00000000,0.00000000,0.00196470,0.00000000,0.00000000,0.00462375,0.00000000,0.00000000,0.02335185,0.00000000,0.00000000,0.00000000,0.00000000,0.00000000,0.00000000,0.00000000,0.00000000,0.00000000,0.00000000,0.00000000,0.00000000,0.00000000,0.03943344,0.00000000,0.00000000,0.00000000,0.00000000,0.00000000,0.00000000,0.00000000,0.00000000,0.00000000,0.00000000,0.00000000,0.00000000,0.00000000,0.00000000,0.00000000,0.00000000,0.00306857
0.02601915,0.00870631,0.00000000,0.00000000,0.00000000,0.00103843,0.00327378,0.00000000,0.00000000,0.01100589,0.00000000,0.00000000,0.00000000,0.00000000,0.00199733,0.00294414,0.00000000,0.00000000,0.00000000,0.00000000,0.00000000,0.00000000,0.00000000,0.00000000,0.00000000,0.00000000,0.00000000,0.00000000,0.00000000,0.00000000,0.00000000,0.00000000,0.00000000,0.00108593,0.00000000,0.00000000,0.00000000,0.00000000,0.00000000,0.00000000,0.00000000,0.00283454,0.00000000,0.00000000,0.00000000,0.00000000,0.00000000,0.00000000,0.00000000,0.00000000,0.00000000,0.00101809,0.00000000,0.00000000,0.00000000,0.00000000,0.00000000,0.00000000,0.00000000,0.00000000,0.00000000,0.00000000,0.00000000,0.00000000,0.00000000,0.00000000,0.00000000,0.00000000,0.00000000,0.00000000,0.00000000,0.00000000,0.00000000,0.00000000,0.83661225,0.00390702,0.00000000,0.00318579,0.93594942,0.00000000,0.00000000,0.00000000,0.00000000,0.00000000,0.00000000,0.03026670,0.00000000,0.00000000,0.00000000,0.00000000,0.00208527,0.00133670,0.00000000,0.00000000,0.00000000,0.00000000,0.00000000,0.00000000,0.00000000,0.00000000,0.00000000,0.00000000,0.00219217,0.00000000,0.00000000,0.00000000,0.00000000,0.00000000,0.00000000,0.00000000,0.00000000,0.00387584,0.00000000,0.00000000,0.00000000,0.00000000,0.00000000,0.00000000,0.00000000,0.00000000,0.00000000,0.00000000,0.00000000,0.02073324,0.00000000,0.00000000,0.00000000,0.00000000,0.00000000,0.00000000,0.00000000,0.00000000,0.00000000,0.00000000,0.00000000,0.00000000,0.00000000,0.00000000,0.00000000,0.00000000,0.00000000,0.00000000,0.00000000,0.00000000,0.00000000,0.00000000,0.00000000,0.00000000,0.00000000,0.00000000,0.00000000,0.00000000,0.00000000,0.00000000,0.00000000,0.00000000,0.00000000,0.00000000,0.00000000,0.00000000,0.00000000,0.00000000,0.00706492,0.00000000,0.08779334,0.01832651,0.00000000,0.00000000,0.00000000,0.00000000,0.00000000,0.00000000,0.00000000,0.00000000,0.00000000,0.00000000,0.00000000,0.00000000,0.00000000,0.00000000,0.00000000,0.00000000,0.00000000,0.00000000,0.40126382,0.00000000,0.00000000,0.00000000,0.00000000,0.00000000,0.00000000,0.00000000,0.00000000,0.00000000,0.00000000,0.00000000,0.00362319,0.00000000,0.00000000,0.00000000,0.01837685,0.00000000,0.00000000,0.07472856,0.00000000,0.00000000,0.00000000,0.02086178,0.00000000,0.00895335,0.00000000,0.00000000,0.00000000,0.00000000,0.00000000,0.00000000,0.00000000,0.00000000,0.00000000,0.00000000,0.00000000,0.00000000,0.00000000,0.00870656,0.00000000,0.00495670,0.00000000,0.00000000,0.00000000,0.00000000,0.00000000,0.00000000,0.00000000,0.00000000,0.00986630,0.00000000,0.17934529,0.00000000,0.00000000,0.00000000,0.00000000,0.00000000,0.00000000,0.00000000,0.00000000,0.00000000,0.02256304,0.00000000,0.00000000,0.00000000,0.00000000,0.00000000,0.00000000,0.00000000,0.00000000,0.00000000,0.00000000,0.00000000,0.00000000,0.00000000,0.00000000,0.00000000,0.00000000,0.00000000,0.00123067,0.00000000,0.00000000,0.00000000,0.00000000,0.00000000,0.00000000,0.00000000,0.00000000,0.00130258,0.00000000,0.00000000,0.00000000,0.00000000,0.00000000,0.00000000,0.00000000,0.00000000,0.00000000,0.00000000,0.00000000,0.00000000,0.00629534,0.00000000,0.00000000,0.02534461,0.00000000,0.00000000,0.00000000,0.00000000,0.00000000,0.00000000,0.01374457,0.00000000,0.00000000,0.00000000,0.00000000,3.59706577,0.00000000,0.00000000,0.00000000,0.00000000,0.00000000,0.00000000,0.00000000,0.00000000,0.00293021,0.00000000,0.00000000,0.00000000,0.00000000,0.00000000,0.00000000,0.00000000,0.00000000,0.00000000,0.00000000,0.00000000,0.00000000,0.00000000,0.00000000,0.00000000,0.00000000,0.00000000,0.00000000,0.00454323,0.00000000,0.01312177,0.00000000,0.00000000,0.00000000,0.00000000,0.00000000,0.00000000,0.03441855,0.00000000,0.00078992,0.00000000,0.00000000,0.00000000,0.00000000,0.00000000,0.00000000,0.00000000,0.00000000,0.00000000,0.00000000,0.00000000,0.00000000,0.00000000,0.00000000,0.00000000,0.00000000,0.00000000,0.01715537,0.00000000,0.00000000,0.00000000,0.00000000,0.00000000,0.00000000,0.00000000,0.00000000,0.00000000,0.00000000,0.00000000,0.00000000,0.00000000,0.00000000,0.00000000,0.00225279,0.00542607,0.00000000,0.00000000,0.01562625,0.00000000,0.00000000,0.00000000,0.00000000,0.00000000,0.00000000,0.00000000,0.00000000,0.00000000,0.00000000,0.00000000,0.00000000,0.00000000,0.00000000,0.00000000,0.00000000,0.00000000,0.00670615,0.00000000,0.00000000,0.00000000,0.00000000,0.00872805,0.00000000,0.00000000,0.00000000,0.00000000,0.00000000,0.00000000,0.00000000,0.00000000,0.00000000,0.00000000,0.00000000,0.00000000,0.00000000,0.00000000,0.00619147,0.00271906,0.00000000,0.00000000,0.00748533,0.00000000,0.00000000,0.00000000,0.00000000,0.00000000,0.00000000,0.01848111,0.00000000,0.00000000,0.00000000,0.00000000,0.00000000,0.00000000,0.00000000,0.00000000,0.02474776,0.00322265,0.00000000,0.00000000,0.00000000,0.00000000,0.00000000,0.00000000,0.00000000,0.00079298,0.00000000,0.00000000,0.00000000,0.00000000,0.00000000,0.00000000,1.89740265,0.00000000,0.00000000,0.00000000,0.00000000,0.00000000,0.00316130,0.00202624,0.00000000,0.00000000,0.00000000,0.00000000,0.00000000,0.00000000,0.00083199,0.00000000,0.00000000,0.00000000,0.05308276,0.00000000,0.00000000,0.00000000,0.00000000,0.00000000,0.00000000,0.00000000,0.00000000,0.00000000,0.00000000,0.00000000,0.00000000,0.00000000,0.08721416,0.00000000,0.00000000,0.00000000,0.00000000,0.00000000,0.00000000,0.00521500,0.00000000,0.00000000,0.00000000,0.00000000,0.00000000,0.00000000,0.00000000,0.00000000,0.00000000,0.00000000,0.00000000,0.00000000,0.00000000,0.00000000,0.00000000,0.00000000,0.00000000,0.00000000,0.00000000,0.00000000,0.00000000,0.16778882,0.00000000,0.00000000,0.00000000,0.00434953,0.00000000,0.00000000,0.00000000,0.00000000,0.01455979,0.00137886,0.00000000,0.00000000,0.01352556,0.00000000,0.00000000,0.00000000,0.00000000,0.00000000,0.00000000,0.00000000,0.00000000,0.00000000,0.00000000,0.00000000,0.00000000,0.00000000,0.00000000,0.01667191,0.00000000,0.00000000,0.00000000,0.00000000,0.00000000,0.00000000,0.00000000,0.00000000,0.00655628,0.00000000,0.17169060,0.00000000,0.00000000,0.00000000,0.00000000,0.00000000,0.00000000,0.00404678,0.00000000,0.00000000,0.00000000,0.00000000,0.00000000,0.00506417,0.00000000,0.00000000,0.00000000,0.00000000,0.00000000,0.00000000,0.00000000,0.00000000,0.00108710,0.00000000,0.00000000,0.00549164,0.00000000,0.00000000,0.00000000,0.00000000,0.00000000,0.00000000,0.00000000,0.00000000,0.00000000,0.00000000,0.00000000,0.00000000,0.00000000,0.00000000,0.00000000,0.00000000,0.00000000,0.00000000,0.00000000,0.00000000,0.00094938,0.00000000,0.01450970,0.00000000,0.00000000,0.00000000,0.00000000,0.02400297,0.00000000,0.00000000,0.00000000,0.00000000,0.00000000,0.03285418,0.00000000,0.00000000,0.00000000,0.00000000,0.00000000,0.00000000,0.00000000,0.00204978,0.00000000,0.00000000,0.00000000,0.05155725,0.00000000,0.00000000,0.00000000,0.00000000,0.00000000,0.00000000,0.00000000,0.00000000,1.21949746,0.00000000,0.00000000,0.00000000,0.00000000,0.00000000,0.00000000,0.00000000,0.00000000,0.00000000,0.00000000,0.00000000,0.00000000,0.01758509,0.00000000,0.01780706,0.00000000,0.00000000,0.00000000,0.00000000,0.00154479,0.00000000,0.01816628,0.00000000,0.00579431,0.00000000,0.00000000,0.00000000,0.00000000,0.00000000,0.00366363,0.00000000,0.00000000,0.00000000,0.00000000,0.00000000,0.00000000,0.00000000,0.00000000,0.00000000,0.03671663,0.00000000,0.00000000,0.00000000,0.00000000,0.00228547,0.00000000,0.00000000,0.00000000,0.00000000,0.00000000,0.00000000,0.00000000,0.01177312,0.00000000,0.00381563,0.00417004,0.00000000,0.00000000,0.00208186,0.00000000,0.00520649,0.00000000,0.00262296,0.00000000,0.00000000,0.00000000,0.00000000,0.00000000,0.00000000,0.00000000,0.00000000,0.00000000,0.01703227,0.00000000,0.00000000,0.00000000,0.00000000,0.00000000,0.00000000,0.00000000,0.01168531,0.00000000,0.00000000,0.00415991,0.00000000,0.00000000,0.00000000,0.00000000,0.00228637,0.00000000,0.00000000,0.00000000,0.00000000,0.00000000,0.00000000,0.00000000,0.00000000,0.49222104,0.00000000,0.00000000,0.00000000,0.00000000,0.01918145,0.00544471,0.00000000,0.00000000,0.00000000,0.00000000,0.00000000,0.00000000,0.00000000,0.00000000,0.00000000,0.00000000,0.00000000,0.00000000,0.00000000,0.05343184,0.00000000,0.00108376,0.00000000,0.00000000,0.00000000,0.00225189,0.14478997,0.00000000,0.00000000,0.01292318,0.00000000,0.00000000,0.00000000,0.00000000,0.00000000,0.00000000,0.00000000,0.00000000,0.00000000,0.00000000,0.00000000,0.00000000,0.00000000,0.01806471,0.00000000,0.00000000,0.00000000,0.00061103,0.00000000,0.00000000,0.00000000,0.00000000,0.00000000,0.00000000,0.00000000,0.04564812,0.00000000,0.00000000,0.00000000,0.00000000,0.00000000,0.00000000,0.00886790,0.00000000,0.00000000,0.00000000,0.00000000,0.00000000,0.00000000
0.00158269,0.00000000,0.00000000,0.00000000,0.00000000,0.00000000,0.00000000,0.00000000,0.00000000,0.00000000,0.00000000,0.00000000,0.00000000,0.00000000,0.00000000,0.00000000,0.01921413,0.00000000,0.00000000,0.00000000,0.02317975,0.00000000,0.00416156,0.00000000,0.03469026,0.00000000,0.00000000,0.00000000,0.00000000,0.00000000,0.00000000,0.00000000,0.00000000,0.00000000,0.00000000,0.00000000,0.00000000,0.00000000,0.00000000,0.00000000,0.00000000,0.00000000,0.00000000,0.00000000,0.00000000,0.00000000,0.00000000,0.01394087,0.00000000,0.00000000,0.00000000,0.04060140,0.00000000,0.00000000,0.00000000,0.00000000,0.00000000,0.00478689,0.00000000,0.00000000,0.00000000,0.01205228,0.00000000,0.00000000,0.00000000,0.00000000,0.00000000,0.00000000,0.00000000,0.00000000,0.00000000,0.00000000,0.02913515,0.00000000,0.00000000,0.00000000,0.00000000,0.00000000,0.00000000,0.00000000,0.00000000,0.00458894,0.00000000,0.00000000,0.00000000,0.00062653,0.00000000,0.00000000,0.00000000,0.00000000,0.00000000,0.00000000,0.00000000,0.00000000,0.00000000,0.00000000,0.00000000,0.00000000,0.00000000,0.00000000,0.00000000,0.00000000,0.00000000,0.00000000,0.00000000,0.00000000,0.00145674,0.00000000,0.00000000,0.00000000,0.00334940,0.00000000,0.07028275,0.00000000,0.00000000,0.00000000,0.00000000,0.00000000,0.17172890,0.00000000,0.00000000,0.00000000,0.00000000,0.00000000,0.00000000,0.01155155,0.00000000,0.00000000,0.00000000,0.00167722,0.01131323,0.00000000,0.00000000,0.06260408,0.00000000,0.00000000,0.00000000,0.00000000,0.00000000,0.00133464,0.00000000,0.00000000,0.00000000,0.00000000,0.00000000,0.00000000,0.00000000,0.00000000,0.00000000,0.00000000,0.00000000,0.34884304,0.00000000,0.00000000,0.00000000,0.00000000,0.00000000,0.00000000,0.00000000,0.00000000,0.00000000,0.00000000,0.00000000,0.00000000,0.00000000,0.15902374,0.00000000,0.00000000,0.00000000,0.00000000,0.00000000,0.00000000,0.00000000,0.00000000,0.00765896,0.00000000,0.00000000,0.00000000,0.00000000,0.00354916,0.00000000,0.00000000,0.00000000,0.00000000,0.00171624,0.00461558,0.00000000,0.00000000,0.00000000,0.00000000,0.00000000,0.00000000,0.00000000,0.00000000,0.00000000,0.00000000,0.00000000,0.00000000,0.00000000,0.00000000,0.00000000,0.00000000,0.00000000,0.00000000,0.00000000,0.00000000,0.00000000,0.00000000,0.00000000,0.00000000,0.00000000,0.00000000,0.00000000,0.00000000,0.02827689,0.00985004,0.00000000,0.00000000,0.00000000,0.00000000,6.10034569,0.00000000,0.00000000,0.00000000,0.00000000,0.00000000,0.00000000,0.00000000,0.00287173,0.00000000,0.00000000,0.00000000,0.00000000,0.00000000,0.01088693,0.00000000,0.00000000,0.02740861,0.00000000,0.00000000,0.00000000,0.00000000,0.00000000,0.00000000,0.00000000,0.00000000,0.00000000,0.00000000,0.00000000,0.00000000,0.00000000,0.00000000,0.00000000,0.00000000,0.00000000,0.00000000,0.00000000,0.00000000,0.00000000,0.00000000,0.00000000,0.00319924,0.09548910,0.00000000,0.00000000,0.00000000,0.00000000,0.00000000,0.00000000,0.00000000,0.00000000,0.00183573,0.00000000,0.10773780,0.00000000,0.00000000,0.00000000,0.00000000,0.00000000,0.00112341,0.00000000,0.00000000,0.00000000,0.00000000,0.00000000,0.00000000,0.02375795,0.00000000,0.00000000,0.07585024,0.01652547,0.00000000,0.00000000,0.00000000,0.00000000,0.00000000,0.00000000,0.14260333,0.00000000,0.00000000,0.00000000,0.00000000,0.00000000,0.00000000,0.00000000,0.02322967,0.00000000,0.00000000,0.01287743,0.00000000,0.00000000,0.00000000,0.00000000,0.00000000,0.00000000,0.00000000,0.00000000,0.00000000,0.00000000,0.00000000,0.00000000,0.00000000,0.00000000,0.00000000,0.00000000,0.00000000,0.00000000,0.00000000,0.00000000,0.00000000,0.00189355,0.00000000,0.00000000,0.00000000,0.16110978,0.00000000,0.02919377,0.00000000,0.00000000,0.00000000,0.00000000,0.00000000,0.00000000,0.00351063,0.00000000,0.00000000,0.00000000,0.00000000,0.00000000,0.00000000,0.00000000,0.00000000,0.00000000,0.00000000,0.00000000,0.01266270,0.00000000,0.00000000,0.00000000,0.16051246,0.00000000,0.00000000,0.00000000,0.00000000,0.00000000,0.00000000,0.00000000,0.00519253,0.04283521,0.00000000,0.00519404,0.00000000,0.00000000,0.00000000,0.30339672,0.00000000,0.00788271,0.00000000,0.00000000,0.00000000,0.00000000,0.00000000,0.00000000,0.01202135,0.00000000,0.00000000,0.00000000,0.00000000,0.00000000,0.00000000,0.00000000,0.00000000,0.00000000,0.00000000,0.00000000,0.00000000,0.00000000,0.00000000,0.00000000,0.00000000,0.00000000,0.00000000,0.00000000,0.00000000,0.00000000,0.00000000,0.00000000,0.00000000,0.00000000,0.00000000,0.00000000,0.00303909,0.00000000,0.00000000,0.00000000,0.00000000,0.00000000,0.00000000,0.00000000,0.00908657,0.00000000,0.00000000,0.00000000,0.00000000,0.00000000,0.00000000,0.00000000,0.00000000,0.00000000,3.35224963,0.00000000,0.00000000,0.00000000,0.05884470,0.00000000,0.00000000,0.00000000,0.07108772,0.00000000,0.00000000,0.00000000,0.00000000,0.00000000,0.00000000,0.00000000,0.00000000,0.00000000,0.00000000,0.00000000,0.00000000,0.00000000,0.00000000,0.00366127,0.00000000,0.00000000,1.53093974,0.00210283,0.00000000,0.00000000,0.00000000,0.00000000,0.00000000,0.00126974,0.16098696,0.00000000,0.02878592,0.00000000,0.00000000,0.00000000,0.00000000,0.00000000,0.00185167,0.00000000,0.00000000,0.00000000,0.00000000,0.00000000,0.00000000,0.00000000,0.00000000,0.00000000,0.00000000,0.00000000,0.00000000,0.00000000,0.00000000,0.00000000,0.00000000,0.00000000,0.01188034,0.00000000,0.00000000,0.00000000,0.00000000,0.00000000,0.00000000,0.00000000,0.00000000,0.00000000,0.00000000,0.00000000,0.00000000,0.00000000,0.00000000,0.00450988,0.00000000,0.00000000,0.00000000,0.00000000,0.00000000,0.00000000,0.00337848,0.00000000,0.00000000,0.00000000,0.00000000,0.00000000,0.02200461,0.00000000,0.00000000,0.00000000,0.00000000,0.00000000,0.00000000,0.00000000,0.00000000,0.00254329,0.00000000,0.00000000,0.00000000,0.00000000,0.00000000,0.00000000,0.00000000,0.00000000,0.00000000,0.00000000,0.00000000,0.00000000,0.00000000,0.00000000,0.00000000,0.00000000,0.00000000,0.00000000,0.00000000,0.00000000,0.00000000,0.00000000,0.00000000,0.00000000,0.00000000,0.00000000,0.00000000,0.00000000,0.00000000,0.00000000,0.00000000,0.00000000,0.00000000,0.00000000,0.00000000,0.02807186,0.00000000,0.00000000,0.00000000,0.01350316,0.00000000,0.00000000,0.00000000,0.00000000,0.00000000,0.00000000,0.01622032,0.00000000,0.00856428,0.00000000,0.00000000,0.00000000,0.00000000,0.00000000,0.00000000,0.00000000,0.00000000,0.00000000,0.00000000,0.00000000,0.01394230,0.00000000,0.00000000,0.00000000,0.00000000,0.00000000,0.05075403,0.00000000,0.00000000,0.00854842,0.00000000,0.00195516,0.16461329,0.00000000,0.00000000,0.00127610,0.04435576,0.00000000,0.01845257,0.00000000,0.00000000,0.31930459,0.00517805,0.00271263,0.00000000,0.00000000,0.00000000,0.00000000,0.00294979,0.00000000,0.00000000,0.00000000,0.00000000,0.00000000,0.00000000,0.00571925,0.00000000,0.00000000,0.01801656,0.00000000,0.00000000,0.00000000,0.00000000,0.00000000,0.00000000,0.00000000,0.00000000,0.00000000,0.00000000,0.12872843,0.00000000,0.00000000,0.00000000,0.00000000,0.00207149,0.00000000,0.00000000,0.00000000,0.00000000,0.03374722,0.00000000,0.00000000,0.29845196,0.00000000,0.00000000,0.00000000,0.00000000,0.00000000,0.00093542,0.00000000,0.00000000,0.00000000,0.00000000,0.00000000,0.00000000,0.00000000,0.00000000,0.00000000,0.00000000,0.00000000,0.00000000,0.00000000,0.00000000,0.00000000,0.00000000,0.00000000,0.00000000,0.00000000,0.00000000,0.00000000,0.00000000,0.00439574,0.00000000,0.00000000,0.00000000,0.00000000,0.00000000,0.00000000,0.06544565,0.00000000,0.09442429,0.00000000,0.00000000,0.00000000,0.00000000,0.00000000,0.00000000,0.00000000,0.00000000,0.00000000,0.00000000,0.00000000,0.00000000,0.00000000,0.00000000,0.00000000,0.00000000,0.00000000,0.00000000,0.00000000,0.00000000,0.00000000,0.00000000,0.00000000,0.00000000,1.48136827,0.00000000,0.00000000,0.00000000,0.02107344,0.00000000,0.06377171,0.00000000,0.00000000,0.00000000,0.00838198,0.01527516,0.00099207,0.00000000,0.00000000,0.00000000,0.00000000,0.49222104,0.00000000,0.00000000,0.00000000,0.00000000,0.00000000,0.00000000,0.00000000,0.00000000,0.00000000,0.00000000,0.00000000,0.00000000,0.00000000,0.02618216,0.00000000,0.00137342,0.00000000,0.00000000,0.00229534,0.00000000,0.00000000,0.00000000,0.00000000,0.00000000,0.00000000,0.00000000,0.00000000,0.00465598,0.00000000,0.00000000,0.00000000,0.00000000,0.00000000,0.00000000,0.00000000,0.00000000,0.00000000,0.00000000,0.00000000,0.00000000,0.00000000,0.00000000,0.00000000,0.00000000,0.00000000,0.00443656,0.00000000,0.00745242,0.00000000,0.00000000,0.00000000,0.00000000,0.00854133,0.00000000,0.00000000,0.05731174,0.00000000,0.00000000,0.00000000,0.00000000,0.00000000,0.00000000,0.00000000,0.00000000,0.00000000,0.00000000,0.00000000,0.00000000,0.00000000,0.00000000
0.00000000,0.00000000,0.00615217,0.00000000,0.00000000,0.00000000,0.00000000,0.01282462,0.00000000,0.00000000,0.00000000,0.00000000,0.00000000,0.00610807,0.00000000,0.00000000,0.00000000,0.00000000,0.00853768,0.00000000,0.00000000,0.00000000,0.02577672,0.00000000,0.00000000,0.00000000,0.00000000,0.00000000,0.00000000,0.00000000,0.00000000,0.00000000,0.00000000,0.00000000,0.00000000,0.00000000,0.00000000,0.00986535,0.63151092,0.00000000,0.00000000,0.00000000,0.00000000,0.00000000,0.00000000,0.00000000,0.00000000,0.00000000,0.00000000,0.16624332,0.00000000,0.00000000,0.00000000,0.00000000,0.02800787,0.00000000,0.00000000,0.00000000,0.00000000,0.00000000,0.00000000,0.00000000,0.00000000,0.00000000,0.00000000,0.12152594,0.00000000,0.00000000,0.00000000,0.00061636,0.00000000,0.00000000,0.00000000,0.00000000,0.01031120,0.00056885,0.00000000,0.00000000,0.00000000,0.00000000,0.01258284,0.00000000,0.00000000,0.00000000,0.00000000,0.00757590,0.00000000,0.00000000,0.00000000,0.00000000,0.00000000,0.00000000,0.00000000,0.00000000,0.06456042,0.00000000,0.00000000,0.00000000,0.00000000,0.00000000,0.00000000,0.00000000,0.00000000,0.00000000,0.00000000,0.00000000,0.00000000,0.00000000,0.00000000,0.00807667,0.00000000,0.00000000,0.00000000,0.00000000,0.00000000,0.00000000,0.00000000,0.00000000,0.01390650,0.00000000,0.00000000,0.00000000,0.00000000,0.00000000,0.00000000,0.00219032,2.51322392,0.01530935,0.00000000,0.00000000,0.00253781,0.00000000,0.00000000,0.00000000,0.00000000,0.00358306,0.00000000,0.00000000,0.00000000,0.00000000,0.00000000,0.00000000,0.00000000,0.00000000,0.00000000,0.00000000,0.00000000,0.00000000,0.00000000,0.00894736,0.00000000,0.00000000,0.00000000,0.00000000,0.00000000,0.00000000,0.00000000,0.00000000,0.00000000,0.00000000,0.00000000,0.00000000,0.00000000,0.00000000,1.56633888,0.00000000,0.03099404,0.00000000,0.00000000,0.00000000,0.00000000,0.00000000,0.00000000,0.00000000,0.00000000,0.00000000,0.00000000,0.00000000,0.00000000,0.00000000,0.00000000,0.00000000,0.00000000,0.00000000,0.00000000,0.00000000,0.00000000,0.00000000,0.00000000,0.00000000,0.00639949,0.00176818,0.00000000,0.00000000,0.00000000,0.14147369,0.00000000,0.00000000,0.00000000,0.00000000,0.00000000,0.00000000,0.00000000,0.00250573,0.00000000,0.00000000,0.00000000,0.00000000,0.04080963,0.00000000,0.00000000,0.00000000,0.00000000,0.00000000,0.00000000,0.00000000,0.00000000,0.00000000,0.00000000,0.00000000,0.00000000,0.00000000,0.01085725,0.00000000,0.00000000,0.00000000,0.00000000,0.00494857,0.00000000,0.00000000,0.00324056,0.00000000,0.00000000,0.00000000,0.00000000,0.00749075,1.13726071,0.00000000,0.00210468,0.00000000,0.00000000,0.00000000,0.00000000,0.00000000,0.00000000,0.00000000,0.00000000,0.00000000,0.00000000,0.00000000,0.00000000,0.00000000,0.00000000,0.00000000,0.00000000,0.00733991,0.00000000,0.00000000,0.00000000,0.00000000,0.00000000,0.00000000,0.00873617,0.00000000,0.00000000,0.00000000,0.00000000,0.00000000,0.00000000,0.00000000,0.00000000,0.00000000,0.00000000,0.00000000,0.00187615,0.00000000,0.00000000,0.00000000,0.00000000,0.00000000,0.00113585,0.00000000,0.00000000,0.00000000,0.00326706,0.00000000,0.00000000,0.63852121,0.00000000,0.00000000,0.00000000,0.00000000,0.00000000,0.00000000,0.00000000,0.00000000,0.00000000,0.00000000,0.00000000,0.00000000,0.00000000,0.00000000,0.00000000,0.00000000,0.00000000,0.00000000,0.00000000,0.00485628,0.00000000,0.00000000,0.00000000,0.00538691,0.00383807,0.01488929,0.00000000,0.00000000,0.00000000,0.00000000,0.00000000,0.06412236,0.00000000,0.00000000,0.00000000,0.00000000,0.00000000,0.02909233,0.00000000,0.00000000,0.00000000,0.00000000,0.04029260,0.00000000,0.05258720,0.00000000,0.00000000,0.00000000,0.00000000,0.00000000,0.00000000,0.00000000,0.00000000,0.00000000,0.00000000,0.00000000,0.00000000,0.03886579,0.01874051,0.00000000,0.00000000,0.00000000,0.00000000,0.00000000,0.00000000,0.00000000,0.00000000,0.00000000,0.00622543,0.00000000,0.00080511,0.00000000,0.00000000,0.00000000,0.00000000,0.00000000,0.00000000,0.00000000,0.00000000,0.00000000,0.00000000,0.00000000,0.01800661,0.00000000,0.00000000,0.00000000,0.00000000,0.00000000,0.00000000,0.00000000,0.00000000,0.00623232,0.00000000,0.00308786,0.00000000,0.00000000,0.00265865,0.00000000,0.00229724,0.00000000,0.00000000,0.00000000,0.00000000,0.00000000,0.00000000,0.00000000,0.00000000,0.00000000,0.00000000,0.00000000,0.00000000,0.00000000,0.00000000,0.00000000,0.02826786,0.00363644,0.25371855,0.00336994,0.00000000,0.00000000,0.00000000,0.00000000,0.00000000,0.00000000,0.00000000,0.00000000,0.00000000,0.00000000,0.00000000,0.00000000,0.00000000,0.00000000,0.00000000,0.00000000,0.00000000,0.00000000,0.00000000,0.00000000,0.00000000,0.00319013,0.00000000,0.00000000,0.00000000,0.00646619,0.00000000,0.00000000,0.00951506,0.00000000,0.00000000,0.00000000,0.00000000,0.00000000,0.00000000,0.00000000,0.00000000,0.00000000,0.00000000,0.00000000,0.00000000,0.00000000,0.01491902,0.01117466,0.00000000,0.00780894,0.00000000,0.00000000,0.00000000,0.00000000,0.00000000,0.00000000,0.00000000,0.00000000,0.00224397,0.00000000,0.00000000,0.00000000,0.00000000,0.00000000,1.01522371,0.00000000,0.00000000,0.00000000,0.00000000,0.00000000,0.00000000,0.00000000,0.00000000,0.00000000,0.05002684,0.09927689,0.07606034,0.00000000,0.00000000,0.00000000,0.00000000,0.00000000,0.00000000,0.00000000,0.00000000,0.00000000,0.03957323,0.00000000,0.00000000,0.00000000,0.00000000,0.00000000,0.00000000,0.95478544,0.00000000,0.00000000,0.00000000,0.00000000,0.00000000,0.00000000,0.00000000,0.00000000,0.00000000,0.00000000,0.00166339,0.00000000,0.00000000,0.00000000,0.00000000,0.00000000,0.00000000,0.00000000,0.00000000,0.00000000,0.00000000,0.00000000,0.01022640,0.00000000,0.00127376,0.00000000,0.09324300,0.00277032,0.00000000,0.00000000,0.00000000,0.01961565,0.00000000,0.00000000,0.00393608,0.00000000,0.00000000,0.00000000,0.00000000,0.00000000,0.00000000,0.00000000,0.00000000,0.00000000,0.00000000,0.00145246,0.00000000,0.00000000,0.00000000,0.00000000,0.00000000,0.00000000,0.00000000,0.00000000,0.00000000,0.00427693,0.00000000,0.00000000,0.00000000,0.00000000,0.00000000,1.26570271,0.00000000,0.00000000,0.00000000,0.00000000,0.00000000,0.00000000,0.00000000,0.00000000,0.00000000,0.00000000,0.00000000,0.00000000,0.00000000,0.00000000,0.03974229,0.00000000,0.00000000,0.00000000,0.00000000,0.00000000,0.00000000,0.00000000,0.00000000,0.00613062,0.00000000,0.00000000,0.00000000,0.00000000,0.00932505,0.00000000,0.00000000,0.00000000,0.00000000,0.00579383,0.00000000,0.00219036,0.00000000,0.00000000,0.00000000,0.00000000,0.00000000,0.00000000,0.00000000,0.00000000,0.10647020,0.00000000,0.00000000,0.00000000,0.00000000,0.00000000,0.00000000,0.00000000,0.00000000,0.00000000,0.00876098,0.00000000,0.00000000,0.00352582,0.00000000,0.00000000,0.00000000,0.00000000,0.00000000,0.01456144,1.17040611,0.00000000,0.00000000,0.00000000,0.00000000,0.00000000,0.00000000,0.02198469,0.00000000,0.00000000,0.00000000,0.00000000,0.00000000,0.00000000,0.00000000,0.01566893,0.00000000,0.00000000,0.00000000,0.00000000,0.00000000,0.00000000,0.00000000,0.00000000,0.00000000,0.00000000,0.00000000,0.02655014,0.00000000,0.00000000,0.00000000,0.01123341,0.00000000,0.00000000,0.00000000,0.00123003,0.00000000,0.00000000,0.00000000,0.00000000,0.00000000,0.00000000,0.00000000,0.00000000,0.00000000,0.00000000,0.00000000,0.00000000,0.13808943,0.00365244,0.00000000,0.00000000,0.01854089,0.00000000,0.00000000,0.00000000,0.00067266,0.00000000,0.00000000,0.00000000,0.00000000,0.00000000,0.00000000,0.00000000,0.00234438,0.00000000,0.00000000,0.00000000,0.00000000,0.00000000,0.00000000,0.00000000,0.00000000,0.00764519,0.00000000,0.00000000,0.00000000,0.00000000,0.00000000,0.00000000,0.00000000,0.00000000,0.00000000,0.00000000,0.00000000,0.00000000,0.00000000,0.00000000,0.00000000,0.00000000,0.00000000,0.00000000,0.00000000,0.00000000,0.00000000,0.00342254,0.00000000,0.00000000,0.00000000,0.00000000,0.00000000,0.00000000,0.00000000,0.00000000,0.00000000,0.00000000,0.00000000,0.00000000,0.00000000,0.00000000,0.00000000,0.00000000,0.00000000,0.00000000,0.00000000,0.00000000,0.00000000,0.00000000,0.00000000,0.00000000,0.00000000,0.00000000,0.00000000,0.00000000,0.00000000,0.00000000,0.00000000,0.00000000,0.00000000,0.00475926,0.00000000,0.00000000,0.00000000,0.00000000,0.00000000,0.00000000,0.00000000,0.00000000,0.00000000,0.00000000,0.00000000,0.00000000,0.00000000,0.00000000,0.00000000,0.00000000,0.00000000,0.00000000,0.00000000,0.00000000,0.00000000,0.00000000,0.00000000,0.01013126,0.00000000,0.00000000,0.00000000,0.00000000,0.00000000,0.00000000,0.01078603,0.00000000,0.00000000,0.00000000,0.00000000,0.00000000,0.15307507,0.01650627,0.00000000,0.00000000,0.00000000,0.00000000,0.00000000,0.00000000,0.00000000,0.00000000,0.00000000,0.00000000
0.05889253,0.00000000,0.00000000,0.00000000,0.00000000,0.00000000,0.00000000,0.00000000,0.00000000,0.00000000,0.00000000,0.00943864,1.20671499,0.00399268,0.00000000,0.00000000,0.00000000,0.00000000,0.00000000,0.00000000,0.00000000,0.38286511,0.00000000,0.00000000,0.00000000,0.00000000,0.02552172,0.00000000,0.00000000,0.00000000,0.00000000,0.00000000,0.00000000,0.01428347,0.00000000,0.00000000,0.00000000,0.00000000,0.00000000,0.00000000,0.00000000,0.00000000,0.00000000,0.00000000,0.00000000,0.00000000,0.00000000,0.00000000,0.04520064,0.00000000,0.00000000,0.00000000,0.00000000,0.00000000,0.00000000,0.00000000,0.00000000,0.00000000,0.02148758,0.00000000,0.00000000,0.00000000,0.00000000,0.00000000,0.00000000,0.00000000,0.00000000,0.00000000,0.00079099,0.03801513,0.00000000,0.00000000,0.00000000,0.00000000,0.00000000,0.00000000,0.00000000,0.00000000,0.00000000,0.00000000,0.00000000,0.00000000,0.00000000,0.00000000,0.00000000,0.00000000,0.00000000,0.00000000,0.00000000,0.00000000,0.00000000,0.00000000,0.00000000,0.00000000,0.00000000,0.00000000,0.00000000,0.00000000,0.00000000,0.00000000,0.00000000,0.00000000,0.00000000,0.00000000,0.00000000,0.00000000,0.00000000,0.00000000,0.00000000,0.00000000,0.00000000,0.00000000,0.00000000,0.00000000,0.00000000,0.00000000,0.13317121,0.00000000,0.00000000,0.00199669,0.00000000,0.00000000,0.00000000,0.00000000,0.00000000,0.00000000,0.00000000,0.00000000,0.02656543,0.00000000,0.00000000,0.00000000,0.58201846,0.00000000,0.00000000,0.00000000,0.00000000,0.00000000,0.00000000,0.00000000,0.00000000,0.00000000,0.00000000,0.00000000,0.01395202,0.00637792,0.00000000,0.00000000,0.00000000,0.00000000,0.00000000,0.00000000,0.00000000,0.00000000,0.00000000,0.00000000,0.00000000,0.00000000,0.00000000,0.00000000,0.00000000,0.00000000,0.00000000,0.00000000,0.00000000,0.00000000,0.00000000,0.00648545,0.00000000,0.00000000,0.00000000,0.00000000,0.00000000,0.00000000,0.00000000,0.00000000,0.00000000,0.01611022,0.00000000,0.00000000,0.08167666,0.00000000,0.00114581,0.00000000,0.00000000,0.00000000,0.00000000,0.00000000,0.00000000,0.00000000,0.00736827,0.00000000,0.00000000,0.00000000,0.00000000,0.00160343,0.00000000,0.00000000,0.00000000,0.00000000,0.00518740,0.00000000,0.00253641,0.00000000,0.01552472,0.00000000,0.00000000,0.00000000,0.00000000,0.00000000,0.00280999,0.01246592,0.03806594,0.00355433,0.00000000,0.00370116,0.00000000,0.00000000,0.00000000,0.00000000,0.00000000,0.00000000,0.00000000,0.00000000,0.00000000,0.00000000,0.00000000,0.01031681,0.00000000,0.00000000,0.03000916,0.00000000,0.00000000,0.03950927,0.00000000,0.00000000,0.00000000,0.00000000,0.00000000,0.00000000,0.01141526,0.00000000,0.00000000,0.00000000,0.00000000,0.00000000,0.00000000,0.00000000,0.02575404,0.02658163,0.00000000,0.00000000,0.03367417,0.00000000,0.00154814,0.00000000,0.04956864,0.00000000,0.00168475,0.00000000,0.00405898,0.00000000,0.00000000,0.00000000,0.64719859,0.00000000,0.00000000,0.00000000,0.00000000,0.00000000,0.00000000,0.00000000,0.00453445,0.00000000,0.00000000,0.00000000,0.00000000,0.00000000,0.01711830,0.00000000,0.00103591,0.00000000,0.00000000,0.00000000,0.00000000,0.12968404,0.00000000,0.00532420,0.00000000,0.00000000,0.00283882,0.00000000,0.00000000,0.11152073,1.65013113,0.00000000,0.00000000,0.00000000,0.00000000,0.00000000,0.00000000,0.00000000,0.00000000,0.00000000,0.00000000,0.00229239,0.00000000,0.00000000,0.00000000,0.00000000,0.00000000,0.00000000,0.00833116,0.00000000,0.00000000,0.00000000,0.00000000,0.00000000,0.00286318,0.00000000,0.00000000,0.00000000,0.00000000,0.00000000,0.00000000,0.00000000,0.00000000,0.00000000,0.04978704,0.01958225,0.00000000,0.00000000,0.00000000,0.00000000,0.00000000,0.00000000,0.00000000,0.00000000,0.00000000,0.00000000,0.00000000,0.00000000,0.00000000,0.00000000,0.00657232,0.00000000,0.01825551,0.00000000,0.02116593,0.00000000,0.00000000,0.00000000,0.00000000,0.00000000,0.00000000,0.00000000,0.00000000,0.00000000,0.01314190,0.00000000,0.00000000,0.00000000,0.00000000,0.00000000,0.00000000,0.01050415,0.00000000,0.00000000,0.00000000,0.00000000,0.00000000,0.00000000,0.00000000,0.00000000,0.00000000,0.00000000,0.00000000,0.00000000,0.00000000,0.00000000,0.00000000,0.00000000,0.00000000,0.00000000,0.00000000,0.00000000,0.00000000,0.00000000,0.00000000,0.00703492,0.00000000,0.00000000,0.00000000,0.01871199,0.00000000,0.00000000,0.00549601,0.00000000,0.00000000,0.00000000,0.00000000,0.00000000,0.00000000,0.00000000,0.00000000,0.00000000,0.00000000,0.00000000,0.00000000,0.00000000,0.00000000,0.00000000,0.00723113,0.00000000,0.00000000,0.00000000,0.00407344,0.00000000,0.00000000,0.00000000,0.00000000,0.01270509,0.00000000,0.03249132,0.00000000,0.00000000,0.00000000,0.00000000,0.00000000,0.00000000,0.00000000,0.00000000,0.00000000,0.00000000,0.01506858,0.00000000,0.00000000,0.00000000,0.00000000,0.00000000,0.00135296,0.00000000,0.00000000,0.00000000,0.00000000,0.00000000,0.00171088,0.00000000,0.00000000,0.00000000,0.00000000,0.00000000,0.06422227,0.00000000,0.00000000,0.00000000,0.00000000,0.06376428,0.00000000,0.00000000,0.00000000,0.00000000,0.00000000,0.00000000,0.00000000,0.00000000,0.00000000,0.00000000,0.00000000,0.00000000,0.00000000,0.00000000,0.00000000,0.00000000,0.00000000,0.00000000,0.00000000,0.00000000,0.00000000,0.00000000,0.00000000,0.00000000,0.00000000,0.00000000,0.00000000,0.00000000,0.00000000,0.00000000,0.00000000,0.00000000,0.00000000,0.00000000,0.00000000,0.00000000,0.16897363,0.00000000,0.00000000,0.00000000,0.00000000,0.00000000,0.00000000,0.00000000,0.00000000,0.05775105,0.00000000,0.00000000,0.00000000,0.00000000,0.00382129,0.00000000,0.00000000,0.03422769,0.00000000,0.00000000,0.00000000,0.00000000,0.00000000,0.00000000,0.00000000,0.00000000,0.00000000,0.00000000,0.00000000,0.00000000,0.00000000,0.00000000,0.00000000,0.06153321,0.00000000,0.21617127,0.00000000,0.00000000,0.00320976,0.00633368,0.00000000,0.00000000,0.02758628,0.00000000,0.00000000,0.00000000,0.00000000,0.00000000,0.00000000,0.00000000,0.00000000,0.00000000,0.00000000,0.00000000,0.00000000,0.00000000,0.00000000,0.00000000,0.00000000,0.00000000,0.00414636,0.00000000,0.00000000,0.00000000,0.00406444,0.00000000,0.00000000,0.00000000,0.00000000,0.00000000,0.00000000,0.00000000,0.00000000,0.00000000,0.00000000,0.00000000,0.00000000,0.01926575,0.00000000,0.00000000,0.00000000,0.00000000,0.00000000,0.00000000,0.00575299,0.00000000,0.00000000,0.00000000,0.00000000,0.13228737,0.00000000,0.00000000,0.01466605,0.00000000,0.00000000,0.00000000,0.00000000,0.00000000,0.00000000,0.00000000,0.00000000,0.00000000,0.00000000,0.00000000,0.00974502,0.00000000,0.00000000,0.00000000,0.00000000,0.00000000,0.00000000,0.00000000,0.00000000,0.00000000,0.00000000,0.00090455,0.00000000,0.00000000,0.00000000,0.00000000,0.00000000,0.05173635,0.00000000,0.00000000,0.00000000,0.00000000,0.00000000,0.00000000,0.00000000,0.00000000,0.00000000,0.00000000,0.00000000,0.00000000,0.00000000,0.06520858,0.00000000,0.00000000,0.00000000,0.00000000,0.00000000,0.00000000,0.00000000,0.00000000,0.00000000,0.00000000,0.00000000,0.00000000,0.00000000,0.00000000,0.00000000,0.00000000,0.00000000,0.00000000,0.00000000,0.00000000,0.00000000,0.00000000,0.00000000,0.00000000,0.00000000,0.00000000,0.00000000,0.00000000,0.00000000,0.00000000,0.00000000,0.00000000,0.00000000,0.00127738,0.00000000,0.00000000,0.00000000,0.00000000,0.00000000,0.00000000,0.00000000,0.00000000,0.00000000,0.02183018,0.00485385,0.00000000,0.00000000,0.00000000,0.03811656,0.00000000,0.00000000,0.00000000,0.00000000,0.00000000,0.00000000,0.00000000,0.02226899,0.00000000,0.00000000,0.00000000,0.00000000,0.00000000,0.00000000,1.30744627,0.00000000,0.00000000,0.00000000,0.00000000,0.00000000,0.00000000,0.00853485,0.00967666,0.00000000,0.00000000,0.00000000,0.00000000,0.00000000,0.03567088,0.00000000,0.00000000,0.00000000,0.01303642,0.00000000,0.00000000,0.00000000,0.00000000,0.00346798,0.00000000,0.00000000,0.00000000,0.00000000,0.00000000,0.00000000,0.00000000,0.00622381,0.00000000,0.00000000,0.00000000,0.00000000,0.00000000,0.00000000,0.00000000,0.00000000,0.00000000,0.00000000,0.00000000,0.00000000,0.00000000,0.00000000,0.00349995,0.00000000,0.00000000,0.00000000,0.00000000,0.00000000,0.00000000,0.00342823,0.00000000,0.00457244,0.00000000,0.00000000,0.00000000,0.00000000,0.00000000,0.00000000,0.00000000,0.00538415,0.00000000,0.00000000,0.00000000,0.00000000,0.00000000,0.14810484,0.00000000,0.00000000,0.00000000,0.00912018,0.00488235,0.00000000,0.02230753,0.00000000,0.00000000,0.00000000,0.01200159,0.00000000,0.01872012,0.00000000,0.00000000,0.00000000,0.00000000,0.00000000,0.00000000,0.00000000,0.00000000,0.00000000,0.00000000,0.00000000,0.00000000,0.00000000,0.00000000,0.00000000,0.00000000,0.00000000,0.00000000,0.00000000,0.00000000,0.00000000,0.00000000,0.00000000,0.00000000
0.00000000,0.00000000,0.00000000,0.00000000,0.00914715,0.00000000,0.00000000,0.00000000,0.00000000,0.00000000,0.00000000,0.00000000,0.00000000,0.00000000,0.00000000,0.00810439,0.00000000,0.00000000,0.00000000,0.00000000,0.01023973,0.00000000,0.00000000,0.00000000,0.00000000,0.00000000,0.00000000,0.12271186,0.00000000,0.00000000,0.00000000,0.00000000,0.00000000,0.00423962,0.00000000,0.00169818,0.00000000,0.00000000,0.00000000,0.00295146,0.00000000,0.00000000,0.00000000,0.00000000,0.13986725,0.00000000,0.00000000,0.00000000,0.00000000,0.00000000,0.00000000,0.00000000,1.36379357,0.00000000,0.00000000,0.00000000,0.00000000,0.00000000,0.00000000,0.00000000,0.00000000,0.00000000,0.00000000,0.00000000,0.01001969,0.00000000,0.00000000,0.00000000,0.00000000,0.00000000,0.00000000,0.00000000,0.00000000,0.00000000,0.00000000,0.00000000,0.00000000,0.00000000,0.00063284,0.00000000,0.00000000,0.00000000,0.00000000,0.00000000,0.00000000,0.00000000,0.00155533,0.00000000,0.02096231,0.00000000,0.00000000,0.00000000,0.00000000,0.00191046,0.00000000,0.00000000,0.06476794,0.00000000,0.00500828,0.00000000,0.00000000,0.00000000,0.03411972,0.00079858,0.00000000,0.00000000,0.00000000,0.00000000,0.00000000,0.05957528,0.00000000,0.00000000,0.00000000,0.00000000,0.00000000,0.00000000,0.00000000,0.00000000,0.00000000,0.00000000,0.00000000,0.00000000,0.00000000,0.00000000,0.01116406,0.00000000,0.00000000,0.00000000,0.00320572,0.00000000,0.00000000,0.00755054,0.00159440,0.00000000,0.00000000,0.00000000,0.00000000,0.00000000,0.00000000,0.00000000,0.00000000,0.00000000,0.00000000,0.00000000,0.00000000,0.00000000,0.00000000,0.00000000,0.00000000,0.05897946,0.00000000,0.00000000,0.00000000,0.00000000,0.00000000,0.00000000,0.00000000,0.00000000,2.09012371,0.00331955,0.00000000,0.00000000,0.00000000,0.00000000,0.00000000,0.00109131,0.00000000,0.00000000,0.00000000,0.00000000,0.00000000,0.00000000,0.00000000,0.00000000,0.02265791,0.00000000,0.00000000,0.00000000,0.00819098,0.00000000,0.00000000,0.00000000,0.00846447,0.00000000,0.00000000,0.00000000,0.00230628,0.00000000,0.00000000,0.00000000,0.00000000,0.00000000,0.00000000,0.00259023,0.00770761,0.00000000,0.00000000,0.00707826,0.00000000,1.92108077,0.00000000,0.00000000,0.00000000,0.00000000,0.00000000,0.00000000,0.08964505,0.00000000,0.00000000,0.00000000,0.00538972,0.00000000,0.00000000,0.00822585,0.00000000,0.00000000,0.00000000,0.00000000,0.00000000,0.00000000,0.00000000,0.03951000,0.00000000,0.00563841,0.00000000,0.00000000,0.00000000,0.00000000,0.00000000,0.02167081,0.00000000,0.00000000,0.00000000,0.00644021,0.00000000,0.00000000,0.00230860,0.00000000,0.00000000,0.05532312,0.00000000,0.00000000,0.03397319,0.00000000,0.00000000,0.00277409,0.00000000,0.00115693,0.00000000,0.06675606,0.00000000,0.00000000,0.00000000,0.00000000,0.00000000,0.00000000,0.00000000,0.00000000,0.00000000,0.00000000,0.00000000,0.00000000,0.00000000,0.00000000,0.00000000,0.00000000,0.00000000,0.00000000,0.00000000,0.00000000,0.00000000,0.00000000,0.00000000,0.00000000,0.00000000,0.00000000,0.00000000,0.00000000,0.00000000,0.00000000,0.00000000,0.00000000,0.00000000,0.20116578,0.00000000,0.00000000,0.00609900,0.00000000,0.00000000,0.00000000,0.00000000,0.00000000,0.00000000,0.00000000,0.00000000,0.05551676,0.00000000,0.09717152,0.00000000,0.00311048,0.00000000,0.00000000,0.00000000,0.00000000,0.00000000,0.00000000,0.00000000,0.00000000,0.00000000,0.01181563,0.00000000,0.00000000,0.00000000,0.00000000,0.00000000,0.00000000,0.48943761,0.00000000,0.00000000,0.13536152,0.00000000,0.33008558,0.00000000,0.00000000,0.00000000,0.00000000,0.00000000,0.00262631,0.00000000,0.00000000,0.00000000,0.00000000,0.00000000,0.00000000,0.00000000,0.00000000,0.00000000,0.00189604,0.09195255,0.00000000,0.00000000,0.00000000,0.00000000,0.00000000,0.00000000,0.00000000,0.00000000,0.00000000,0.00000000,0.00000000,0.00000000,0.02751816,0.00000000,0.00801386,0.00000000,0.00000000,0.00272746,0.00000000,0.00000000,0.00000000,0.00381404,0.00000000,0.00000000,0.00000000,0.00000000,0.00000000,0.00000000,0.00000000,0.00000000,0.00000000,0.06156307,0.00000000,0.00946938,0.00000000,0.00000000,0.01245148,0.00000000,0.00000000,0.00000000,0.00000000,0.00000000,0.04882260,0.00000000,0.00000000,2.64422984,0.00000000,0.00000000,0.00000000,0.00000000,0.00000000,0.00000000,0.00000000,0.00000000,0.00000000,0.00000000,0.00000000,0.00000000,0.00000000,0.19776613,0.00000000,0.00000000,0.00000000,0.00000000,0.00160080,0.00000000,0.01338724,0.00000000,0.00000000,0.00358438,0.00000000,0.00000000,0.00000000,0.00000000,0.00000000,0.00000000,0.00000000,0.00000000,0.00000000,0.00000000,0.22880226,0.00000000,0.00000000,0.00000000,0.00000000,0.00000000,0.00000000,0.00000000,0.00000000,0.00000000,0.00000000,0.00000000,0.00000000,0.06563360,0.00000000,0.00000000,0.00000000,0.00000000,0.00000000,0.00000000,0.00553176,0.00000000,0.00000000,0.00000000,0.00000000,0.00000000,0.00000000,0.00000000,0.00000000,0.00000000,0.00000000,0.00000000,0.00000000,0.00000000,0.00000000,0.00000000,0.00330727,0.00000000,0.00000000,0.00000000,0.00000000,0.00000000,0.00000000,0.00000000,0.00000000,0.00000000,0.00000000,0.00000000,0.00000000,0.00000000,0.00000000,0.00000000,0.00000000,0.00000000,0.00000000,0.00000000,0.00000000,0.00000000,0.00000000,0.09043004,0.00000000,0.00000000,0.00000000,0.00000000,0.00000000,0.00000000,0.01606981,0.00000000,0.00000000,0.00000000,0.00000000,0.00000000,0.00000000,0.00000000,0.00000000,0.00000000,0.00000000,0.00000000,0.00000000,0.00000000,0.00000000,0.00000000,6.86513626,0.00000000,0.00000000,0.00000000,0.00000000,0.00000000,0.00986295,0.00000000,0.00000000,0.00000000,0.02120211,0.00000000,0.00000000,0.00000000,0.09896377,0.00000000,0.01732191,0.00000000,0.00000000,0.00000000,0.00000000,0.00000000,0.00000000,0.00000000,0.00000000,0.00000000,0.00000000,0.00000000,0.00000000,0.00000000,0.00000000,0.00000000,0.00000000,0.00000000,0.00000000,0.00000000,0.00000000,0.00000000,0.00000000,0.00000000,0.00000000,0.00000000,0.00000000,0.00000000,0.00000000,0.00000000,0.00000000,0.00000000,0.00000000,0.00000000,0.00000000,0.00000000,0.00000000,0.00000000,0.00000000,0.38931404,0.00000000,0.00000000,0.00000000,0.00000000,0.00000000,0.00000000,0.00000000,0.00000000,0.00789023,0.00000000,0.00000000,0.00000000,0.00000000,0.00000000,0.01362927,0.00000000,0.00000000,0.00000000,0.00151357,0.00000000,0.00000000,0.00185415,0.00000000,0.00000000,0.00000000,0.00000000,0.00000000,0.00000000,0.00000000,0.00000000,0.00000000,0.00316120,0.00000000,0.00000000,0.00791844,0.00000000,0.00000000,0.03824075,0.00000000,0.00000000,0.00000000,0.00000000,0.00000000,0.00000000,0.00994237,0.00124761,0.00000000,0.00000000,0.00000000,0.00000000,0.00000000,0.00000000,0.00000000,0.00000000,0.07131921,0.00000000,0.00000000,0.00000000,0.00000000,0.00360732,0.00000000,0.00000000,0.00000000,0.00000000,0.00000000,0.00000000,0.00000000,0.00000000,0.00000000,0.00000000,0.00000000,0.00000000,0.00000000,0.00000000,0.00000000,0.00000000,0.00000000,0.00000000,0.49824272,0.00000000,0.00000000,0.00000000,0.00000000,0.03016121,0.00000000,0.00000000,0.00000000,0.00000000,0.00000000,0.00000000,0.00000000,0.00000000,0.00000000,0.00651123,0.00000000,0.00000000,0.00000000,0.00000000,0.00000000,0.00000000,0.00000000,0.00000000,0.00000000,0.00000000,0.00000000,0.00000000,0.00000000,0.00000000,0.00000000,0.00000000,0.00000000,0.00107153,0.00000000,0.00000000,0.00000000,0.00000000,0.00000000,0.00000000,0.00000000,0.00000000,0.00000000,0.00000000,0.00000000,0.01054810,0.00000000,0.00000000,0.01192947,0.00000000,0.00000000,0.00000000,0.00000000,0.00000000,0.00000000,0.00000000,0.00000000,0.00000000,0.00000000,0.00000000,0.00000000,0.00913180,0.00136703,0.00000000,0.00000000,0.00000000,0.00000000,0.00000000,0.00000000,0.00000000,0.00000000,0.00000000,0.01904387,0.00000000,0.00000000,0.00000000,0.00000000,0.00000000,0.00000000,0.00000000,0.00000000,0.00000000,0.00000000,0.00171756,0.00000000,0.00000000,0.00000000,0.00000000,0.00000000,0.00169631,0.00000000,0.00000000,0.00000000,0.00000000,0.00000000,0.00000000,0.00000000,0.00000000,0.00000000,0.00000000,0.00000000,0.00000000,0.00000000,0.00000000,0.00474672,0.00000000,0.00000000,0.00000000,0.00000000,0.00000000,0.00000000,0.00000000,0.00000000,0.00000000,0.00000000,0.00000000,0.00820982,0.00000000,0.00000000,0.00000000,0.00000000,0.00000000,0.00000000,0.00000000,0.00000000,0.00000000,0.00000000,0.00000000,0.00000000,0.00000000,0.00000000,0.00000000,0.02176861,0.00000000,0.00000000,0.03996870,0.00000000,0.13379848,0.00000000,0.00000000,0.00000000,0.00000000,0.00000000,0.00000000,0.00000000,0.00000000,0.00000000,0.00000000,0.00000000,0.00000000,0.00000000,0.00000000,0.00000000,0.00000000,0.00000000,0.05250093,0.00000000,0.00000000,0.00000000,0.00000000,0.00000000,0.00000000,0.00000000,0.00000000,0.00884400
0.00000000,0.00000000,0.00000000,0.00000000,0.00000000,0.00000000,0.00000000,0.00419733,0.00000000,0.00000000,0.20451998,0.00000000,0.00000000,0.07229109,0.00000000,0.00000000,0.00000000,0.00000000,0.00828662,0.00000000,0.00000000,0.00000000,0.00000000,0.00000000,0.00000000,0.00291413,0.00000000,0.00000000,0.00000000,0.00000000,0.00000000,0.00000000,0.00000000,0.00000000,0.00000000,0.00000000,0.00000000,0.00000000,0.00000000,0.00000000,0.00000000,0.00000000,0.00000000,0.00000000,0.00000000,0.00000000,0.00000000,0.00000000,0.00000000,0.00000000,0.00000000,0.00000000,0.00310244,0.00000000,0.00000000,0.00000000,0.00000000,0.00000000,0.00000000,0.00000000,1.01654557,0.00000000,0.00000000,0.00000000,0.00225460,0.00000000,0.00000000,0.00000000,0.00000000,0.00000000,0.00000000,0.00000000,0.00000000,0.00000000,0.00000000,0.04003867,0.00000000,0.00000000,0.01404160,0.00000000,0.00000000,0.00000000,0.00000000,0.00000000,0.00000000,0.00000000,0.00000000,0.00826858,0.00000000,0.00000000,0.00000000,0.00000000,0.00000000,0.00000000,0.00000000,0.00000000,0.00000000,0.11253704,0.00000000,0.00000000,0.00000000,0.01191533,0.00534543,0.00000000,0.00000000,0.00000000,0.00000000,0.00000000,0.00000000,0.00000000,0.00000000,0.00000000,0.00000000,0.00000000,0.00000000,0.00000000,0.00000000,0.00000000,0.00000000,0.01959734,0.00000000,0.00000000,0.00384904,0.00000000,0.00000000,0.00000000,0.00000000,0.00000000,0.00000000,0.00000000,0.00000000,0.00000000,0.00107596,0.00000000,0.00000000,0.00000000,0.00000000,0.00000000,0.00000000,0.00000000,0.00000000,0.00000000,0.00000000,0.00000000,0.00000000,0.00000000,0.00000000,0.00000000,0.02568247,0.00000000,0.00108928,0.00231328,0.00000000,0.00000000,0.00000000,0.00000000,0.00000000,0.00000000,0.00000000,0.00000000,0.02514340,0.00000000,0.00000000,0.00000000,0.00000000,0.00000000,0.00000000,0.00000000,0.00882886,0.00000000,0.00000000,0.00000000,0.01099254,0.00000000,0.00000000,0.00000000,0.00000000,0.00000000,0.00000000,0.00000000,0.00000000,0.00000000,0.00000000,0.00000000,0.00000000,0.00000000,0.00000000,0.00000000,0.00000000,0.00000000,0.00000000,0.02198407,0.00000000,0.04470317,0.00000000,0.00000000,0.00000000,0.00000000,0.00000000,0.00000000,0.00000000,0.00000000,0.00000000,0.00000000,0.00000000,0.00000000,0.00000000,0.00000000,0.00000000,0.00000000,0.00000000,0.00000000,0.00000000,0.08971941,0.00000000,0.00000000,0.00000000,0.00000000,0.00000000,0.05798208,0.00000000,0.00000000,0.02606466,0.00000000,0.00000000,0.00000000,0.00745485,0.00000000,0.00000000,0.00065950,0.00000000,0.00000000,0.00000000,0.00000000,0.00000000,0.00000000,0.00000000,0.00000000,0.00000000,0.00000000,0.00000000,0.00000000,0.00000000,0.00363282,0.00000000,0.00000000,0.00000000,0.00000000,0.00000000,0.00000000,0.00000000,0.00000000,0.00000000,0.00000000,0.00000000,0.00000000,2.74852337,0.00000000,0.00000000,0.00000000,0.00000000,0.00000000,0.00000000,0.00000000,0.07234649,0.00000000,0.00000000,0.00000000,0.00000000,0.00000000,0.00000000,0.00000000,0.00000000,0.00000000,0.00000000,0.00000000,0.00000000,0.00000000,0.00000000,0.00000000,0.00000000,0.00000000,0.04775205,0.00000000,0.06060126,0.82995621,0.00000000,0.00000000,0.00000000,0.00000000,0.00000000,0.00000000,0.00000000,0.00000000,0.00000000,0.00000000,0.00000000,0.00000000,0.00000000,0.00000000,0.00000000,0.00789800,0.00197276,0.00000000,0.00098277,0.00000000,0.00000000,0.00000000,0.00000000,0.00000000,0.00000000,0.00000000,0.00000000,0.00000000,0.00000000,0.00000000,0.00000000,0.00079135,0.00000000,0.00000000,0.00462767,0.00000000,0.00000000,0.00000000,0.00000000,0.00000000,0.00000000,0.00000000,0.00000000,0.00000000,0.00000000,0.00000000,0.00000000,0.00000000,0.00000000,0.00000000,0.00000000,0.00092110,0.00000000,0.00000000,0.00000000,0.00000000,0.00000000,0.00000000,0.00000000,0.00000000,0.00000000,0.00121504,0.00000000,0.00000000,0.00000000,0.00000000,0.00000000,0.00000000,0.00000000,0.00000000,0.00000000,0.08361468,0.08077997,0.00000000,0.00000000,0.00000000,0.00000000,0.00000000,0.00000000,0.00000000,0.02188681,0.00000000,0.00000000,0.00000000,0.00000000,0.00000000,0.03940308,0.00000000,0.00000000,0.00000000,0.00000000,0.00000000,0.00000000,0.00000000,0.00000000,0.00000000,0.00000000,0.00000000,0.00239315,0.00000000,0.01662292,0.00000000,0.00000000,0.00000000,0.02808959,0.00000000,0.00171900,0.00000000,0.00000000,0.00000000,0.00000000,0.00000000,0.00000000,0.00000000,0.00000000,0.00000000,0.00235439,0.00000000,0.00000000,0.00000000,0.00000000,0.00000000,0.00000000,0.00000000,0.00000000,0.00000000,0.01155341,0.00000000,0.00000000,0.00000000,0.00000000,0.00000000,0.00000000,0.00000000,0.00000000,0.03325781,0.00000000,0.00000000,0.00000000,0.02513858,0.00369665,0.01547356,0.00000000,0.00000000,0.00000000,0.00000000,0.00000000,0.00000000,0.00091947,0.00000000,0.00000000,0.01868259,0.00000000,0.00000000,0.00000000,0.00000000,0.00000000,0.00000000,0.00000000,0.00000000,0.02926077,0.00000000,0.01666104,0.00000000,0.00837480,0.00000000,0.00000000,0.00000000,0.00000000,0.00000000,0.01397632,0.01122043,0.00000000,0.00000000,0.00000000,0.00000000,0.00000000,0.00000000,0.00201312,0.00000000,0.00000000,0.03687497,0.00000000,0.00000000,0.00000000,0.00000000,0.00000000,0.00000000,0.00588745,0.00000000,0.00000000,0.00000000,0.00000000,0.00000000,0.00000000,0.00000000,0.00000000,0.08046063,0.00000000,0.00000000,0.00000000,0.00000000,0.00267623,0.01894486,0.00000000,0.00000000,0.02928277,0.00000000,0.04895806,0.00239414,0.13018864,0.00000000,0.00000000,0.00000000,0.00000000,0.00000000,0.00000000,0.00000000,0.00000000,0.00000000,0.00000000,0.00000000,0.00000000,0.01196668,0.00000000,0.00000000,0.00000000,0.06297876,0.00000000,0.00000000,0.00000000,0.01886474,0.00000000,0.00639358,0.00000000,0.00000000,0.00000000,0.00000000,0.00000000,0.00000000,0.00000000,0.00000000,0.00000000,0.00000000,0.00000000,0.00000000,0.00000000,0.00000000,0.00000000,0.00000000,0.00000000,0.00000000,0.00000000,0.00000000,0.00000000,0.00000000,0.00000000,0.00000000,0.00249028,0.00000000,0.00000000,0.00000000,0.00000000,0.00000000,0.00000000,0.00000000,0.00000000,0.00000000,0.00000000,0.00000000,0.00000000,0.00000000,0.00000000,0.00000000,0.00000000,0.00000000,0.00000000,0.04306851,0.00000000,0.00000000,0.00000000,0.00000000,0.01491224,0.00077450,0.00000000,0.00000000,0.00000000,0.00000000,0.00000000,0.00000000,0.00000000,0.00000000,0.00000000,0.00000000,0.00000000,0.00000000,0.00000000,0.00000000,0.00000000,0.00000000,0.00324833,0.00000000,0.00000000,0.00000000,0.00000000,0.00775597,0.00751361,0.01202407,0.00000000,0.00000000,0.00000000,0.00000000,0.00000000,0.00000000,0.03980614,0.00000000,0.00000000,0.00000000,0.00000000,0.00000000,0.00000000,0.00000000,0.00000000,0.00000000,0.00000000,0.00000000,0.00000000,0.00000000,0.00000000,0.00000000,0.00000000,0.00000000,0.00000000,0.00000000,0.01995144,0.00000000,0.00000000,0.00000000,0.00000000,0.00000000,0.00000000,0.00000000,0.02731898,0.00000000,0.00000000,0.00000000,0.19312545,0.00000000,0.00000000,0.00000000,0.00000000,0.00000000,0.00000000,0.00000000,0.00476357,0.00000000,0.00000000,0.00000000,0.00000000,0.00000000,0.00000000,0.00000000,0.00000000,0.00000000,0.00000000,0.00000000,0.00000000,0.02698615,0.00000000,0.00000000,0.00000000,0.00000000,0.00000000,0.00278544,0.00000000,0.00000000,0.00000000,0.00000000,0.00000000,0.00513072,0.00000000,0.00000000,0.00044031,0.00000000,0.00000000,0.00671287,0.00000000,0.00000000,0.00000000,0.00000000,0.00000000,0.00000000,0.00000000,0.00000000,0.00000000,0.00072074,0.00000000,0.00000000,0.27036004,0.00000000,0.00622765,0.04555128,0.00000000,0.00000000,0.00000000,0.00000000,0.00000000,0.00000000,0.00000000,0.00000000,0.00000000,0.00319820,0.00000000,0.00000000,0.00000000,0.00000000,0.00000000,0.00000000,0.00000000,0.00000000,0.00000000,0.00000000,0.00000000,0.00000000,0.01440799,0.00000000,0.00000000,0.00238399,0.00000000,0.00000000,0.00000000,0.00000000,0.00000000,0.00000000,0.00000000,0.00000000,0.01077610,0.00000000,0.00000000,0.00000000,0.00000000,0.00000000,0.00750522,0.00000000,0.00000000,0.00000000,0.00000000,0.00000000,0.00000000,0.00000000,0.00170007,0.00000000,0.01044789,0.00000000,0.00000000,0.00000000,0.00000000,0.00000000,0.00000000,0.00000000,0.00000000,0.21258897,0.00000000,0.00000000,0.00000000,0.00000000,0.56051230,0.00000000,0.00000000,0.00000000,0.00306373,0.00000000,0.00694822,0.00000000,0.00000000,0.00000000,0.00000000,0.00000000,0.00000000,0.00000000,0.00000000,0.00000000,0.00000000,0.01812014,0.03522306,0.00000000,0.00000000,0.00000000,0.00000000,0.00000000,0.00000000,0.01523710,0.00000000,0.00000000,0.00000000,0.00000000,0.00000000,0.00000000,0.00000000,0.00000000,0.00000000,0.00000000,0.00000000,0.00000000,0.00000000,0.00000000,0.00000000,0.00000000,0.00000000,0.00000000,0.00000000,0.00000000,0.00000000,0.00000000
0.00631336,0.00000000,0.00473034,0.00000000,0.00000000,0.00000000,0.00000000,0.00000000,0.00000000,0.00000000,0.00000000,0.00000000,0.00000000,0.37932815,0.00000000,0.00000000,0.00000000,0.00000000,0.00000000,0.00000000,0.00000000,0.00000000,0.00000000,0.00000000,0.00000000,0.00000000,0.00000000,0.00000000,0.00000000,0.00000000,0.00000000,0.00000000,0.00000000,0.00207691,0.00000000,0.00000000,0.00000000,0.00000000,0.00000000,0.00000000,0.00000000,0.00000000,0.00000000,0.00000000,0.00000000,0.00000000,0.00000000,0.00000000,0.00000000,0.00000000,0.00000000,0.00000000,0.00000000,0.00000000,0.00000000,0.00000000,0.00000000,0.00000000,0.00000000,0.00000000,0.00000000,0.00000000,0.00000000,0.00000000,0.00000000,0.00000000,0.00000000,0.00000000,0.00000000,0.00000000,0.00000000,0.00000000,0.00000000,0.00000000,0.00000000,0.00000000,0.00000000,0.00000000,0.00000000,0.00000000,0.00000000,0.00000000,0.00000000,0.00000000,0.00000000,0.00000000,0.00000000,0.00000000,0.00000000,0.00000000,0.00000000,0.00000000,0.00000000,0.00000000,0.02005394,0.00000000,0.00000000,0.00000000,0.00000000,0.00000000,0.00000000,0.00000000,0.00000000,0.00000000,0.00000000,0.00000000,0.00000000,0.00000000,0.00634126,0.02843869,0.00540844,0.00365296,0.00000000,0.00000000,0.00000000,0.00000000,0.00000000,0.00000000,0.00000000,0.00136634,0.03001172,0.00000000,0.00000000,0.00000000,0.00000000,0.00000000,0.00000000,0.00272099,0.00346680,0.06215086,0.00000000,0.00000000,0.00000000,0.00000000,0.00000000,0.00000000,0.00000000,0.00000000,0.00000000,0.00000000,0.00000000,0.00000000,0.00000000,0.00000000,0.00000000,0.03640465,0.00000000,0.00000000,0.00274332,0.00000000,0.00000000,0.00000000,0.00676965,0.00000000,0.00000000,0.00669970,0.00000000,0.00000000,0.00000000,0.00000000,0.00000000,0.00000000,0.00000000,0.00000000,0.00000000,0.02416424,0.00000000,0.00000000,0.00000000,0.00000000,0.00000000,0.00000000,0.00000000,0.00000000,0.00000000,0.00000000,0.00000000,0.00546916,0.00000000,0.00000000,0.00230649,0.00000000,0.00000000,0.00000000,0.00000000,0.00000000,0.00000000,0.00000000,0.00000000,0.00000000,0.00000000,0.00000000,0.00000000,0.00000000,0.00000000,0.00000000,0.00000000,0.00000000,0.00000000,0.00731060,0.00000000,0.00000000,0.00000000,0.00000000,0.00000000,0.00000000,0.00000000,0.00000000,0.00000000,0.00000000,0.00000000,0.00000000,0.00000000,0.00000000,0.00000000,0.00000000,0.00000000,0.00000000,0.00000000,0.00000000,0.00000000,0.00925842,0.00000000,0.00000000,0.00000000,0.00000000,0.00000000,0.00530709,0.00000000,0.00000000,0.00000000,0.03632792,0.00000000,0.00000000,0.00000000,0.00000000,0.00000000,0.00000000,0.00000000,0.00000000,0.00000000,0.00000000,0.00000000,0.03752005,0.00000000,0.19983468,0.00000000,0.00000000,0.00000000,0.00000000,0.00000000,0.00000000,0.00000000,0.00000000,0.00000000,0.00000000,0.00000000,0.00000000,0.00000000,0.00000000,0.00930933,0.00000000,0.00000000,0.01183574,0.00000000,0.01357184,0.00925398,0.00000000,0.00000000,0.00000000,0.00710537,0.00473962,0.00516341,0.00341409,0.00000000,0.00000000,0.00000000,0.00000000,0.02883175,0.00000000,0.00000000,0.00000000,0.00968135,0.00000000,0.00000000,0.00256586,0.00000000,0.00000000,0.00000000,0.00000000,0.00000000,0.00000000,0.00000000,0.00000000,0.00000000,0.00000000,0.00000000,0.00000000,0.00000000,0.00000000,0.00000000,0.00000000,0.00000000,0.00000000,0.00000000,0.00000000,0.00000000,0.00000000,0.00000000,0.00190106,0.00000000,0.00000000,0.00000000,0.00000000,0.00000000,0.00000000,0.00000000,0.00000000,0.00000000,0.00000000,0.00000000,0.00000000,0.00000000,0.00000000,0.00000000,0.00000000,0.00908629,0.00000000,0.00000000,0.00000000,0.00000000,0.00264839,0.00000000,0.00000000,0.00000000,0.00000000,0.00000000,0.00000000,0.00000000,0.00000000,0.02178254,0.00000000,0.01318086,0.00000000,0.00000000,0.00000000,0.00000000,0.00000000,0.00000000,0.00000000,0.00000000,0.00000000,0.00000000,0.00000000,0.00000000,0.00000000,0.00000000,0.00000000,0.00711321,0.00000000,0.49246562,0.00000000,2.23576924,0.00000000,0.00000000,0.00000000,0.00000000,0.00000000,0.00000000,0.00000000,0.00000000,0.00000000,0.07691210,0.00000000,0.00000000,0.00000000,0.00000000,0.00000000,0.00000000,0.00000000,0.00000000,0.00000000,0.00000000,0.00000000,0.00000000,0.39174499,0.15659827,0.00000000,0.00000000,0.00000000,0.00524756,0.00000000,0.00000000,0.00000000,0.00000000,0.00000000,0.00000000,0.00000000,0.00000000,0.01718232,0.00000000,0.00000000,0.00000000,0.00000000,0.00000000,0.00000000,0.00000000,0.00000000,0.00000000,0.00428972,0.01496355,0.00000000,0.00000000,0.00000000,0.00634630,0.00000000,0.00000000,0.00000000,0.01232047,0.00000000,0.00000000,0.00000000,0.00000000,0.00000000,0.03836339,0.00000000,0.00000000,0.00284379,0.00000000,0.00000000,0.00000000,0.00000000,0.00000000,0.00000000,0.68204509,0.00000000,0.00000000,0.00000000,0.00000000,0.29898890,0.00000000,0.00404009,0.00000000,0.00000000,0.00000000,0.00000000,0.00000000,0.00000000,0.00000000,0.00000000,0.00000000,0.00000000,0.00000000,0.00000000,0.00000000,0.00000000,0.01010812,0.00000000,0.00000000,0.00000000,0.00000000,0.00000000,0.00000000,0.00000000,0.00000000,0.00000000,0.00000000,0.00000000,0.00000000,0.00000000,0.00919450,0.00000000,0.00000000,0.00000000,0.00000000,0.12979536,0.00000000,0.00000000,0.00000000,0.00000000,0.00000000,0.00000000,0.00000000,0.00000000,0.00000000,0.00000000,0.00000000,0.00000000,0.12058392,0.00589440,0.00000000,0.00000000,0.00000000,0.00000000,0.00000000,0.00000000,0.00060939,0.00000000,0.00000000,0.02248842,0.00000000,0.00000000,0.00000000,0.00000000,0.00000000,0.00441304,0.00000000,0.00000000,0.00000000,0.00000000,0.00000000,0.00000000,0.00000000,0.00000000,0.00000000,0.00630223,0.00333949,0.00000000,0.00000000,0.00000000,0.00000000,0.03242089,0.00000000,0.00000000,0.00000000,0.03128653,0.00000000,0.00000000,0.00000000,0.00000000,0.00000000,0.00000000,0.01723830,0.01323138,0.00000000,0.00000000,0.00000000,0.00099851,0.00000000,0.00000000,0.00000000,0.00000000,0.00618958,0.00000000,0.00000000,0.00000000,0.00000000,0.00000000,0.00000000,0.00000000,0.00000000,2.61274258,0.00000000,1.69827060,0.00000000,0.01452196,0.00000000,0.00000000,0.00000000,0.00000000,0.00000000,0.00000000,0.00000000,0.00000000,0.00000000,0.00000000,0.00000000,0.00000000,0.00000000,0.00000000,0.00000000,0.00000000,0.00000000,0.00000000,0.00084705,0.00000000,0.00000000,0.00000000,0.00000000,0.00000000,0.00000000,0.00000000,0.00000000,0.00000000,0.00000000,0.00000000,0.00000000,0.00000000,0.00000000,0.00076934,0.00000000,0.00000000,0.00000000,0.00000000,0.00000000,0.00902538,0.00000000,0.00000000,0.00000000,0.00000000,0.00000000,0.00000000,0.00000000,0.00000000,0.00000000,0.00000000,0.00000000,0.00402915,0.00000000,0.00000000,0.00000000,0.00000000,0.00000000,0.00710595,0.00000000,0.00000000,0.00000000,0.00000000,0.00000000,0.00000000,0.00000000,0.00000000,0.00000000,0.00000000,0.00000000,0.00000000,0.00079973,0.00000000,0.00000000,0.00000000,0.00000000,0.00000000,0.00000000,0.00664460,0.00150322,0.00000000,0.00000000,0.00000000,0.00000000,0.00000000,0.00000000,0.00000000,0.00409013,0.00000000,0.00000000,0.00000000,0.00000000,0.00000000,0.00000000,0.00000000,0.00000000,0.00000000,0.00000000,0.00000000,0.00000000,0.00000000,0.00000000,0.00000000,0.00000000,0.00000000,0.00000000,0.00305054,0.00000000,0.00000000,0.00000000,0.00000000,0.00176823,0.00000000,0.00000000,0.00000000,0.00000000,0.00000000,0.00000000,0.00000000,0.00953033,0.00000000,0.00000000,0.00000000,0.00000000,0.00000000,0.00000000,0.01014365,0.00000000,0.00000000,0.00000000,0.00000000,0.00000000,0.00144969,0.00000000,0.04058581,0.05537538,0.00000000,0.00000000,0.00000000,0.00000000,0.00000000,0.00000000,0.00000000,0.00000000,0.00000000,0.00000000,0.00000000,0.00000000,0.01836926,0.00000000,0.00000000,0.01531823,0.00000000,0.00144092,0.00000000,0.00000000,0.00000000,0.00000000,0.02766834,0.00000000,0.00000000,0.00803473,0.00000000,0.00000000,0.01393822,0.01794063,0.00796215,0.00000000,0.00000000,0.00000000,0.00000000,0.00000000,0.00000000,0.00305161,0.01918145,0.00000000,0.00000000,0.00000000,0.00000000,0.00000000,0.00000000,0.00000000,0.00000000,0.00000000,0.00117618,0.00000000,0.00000000,0.00000000,0.00000000,0.00118840,0.00000000,0.00000000,0.00000000,0.00000000,0.00443548,0.00000000,0.00000000,0.00000000,0.00172615,0.00000000,0.00000000,0.00000000,0.00000000,0.00000000,0.00000000,0.00000000,0.00000000,0.00000000,0.00000000,0.00000000,0.00000000,0.00000000,0.00000000,0.00000000,0.00000000,1.88361167,0.00000000,0.00000000,0.00000000,0.02123912,0.00000000,0.00000000,0.00000000,0.15875844,0.00000000,0.00000000,0.00000000,0.01428337,0.00000000,0.00000000,0.00000000,0.00000000,0.00000000,0.00000000,0.00796070,0.00000000,0.00000000,0.00000000,0.00000000,0.00000000,0.00000000,0.00000000,0.00000000,0.00000000,0.00000000
0.00000000,0.00000000,0.00000000,0.00000000,0.00000000,0.00000000,0.00000000,0.00097951,0.00000000,0.00000000,0.00000000,0.01871627,0.00000000,0.00000000,0.00000000,0.00453538,0.00000000,0.00000000,0.02079167,0.00000000,0.00000000,0.00000000,0.00000000,0.96044515,0.00000000,0.00000000,0.00000000,0.00000000,0.00000000,0.00000000,0.00000000,0.00000000,0.00000000,0.00000000,0.00000000,0.00000000,0.00000000,0.00000000,0.00000000,0.00000000,0.00000000,0.00000000,0.00000000,0.00000000,0.00000000,0.00000000,0.00000000,0.00275267,0.30446978,0.00000000,0.00000000,0.00000000,0.00000000,0.08125088,0.00000000,0.00000000,0.00000000,2.00020599,0.00000000,0.00000000,0.02848088,0.00000000,0.00000000,0.00000000,0.00000000,0.00000000,0.00000000,0.00000000,0.00000000,0.00000000,0.00000000,0.00000000,0.00000000,0.00000000,0.00000000,0.00000000,0.00000000,0.00000000,0.00000000,0.00000000,0.00000000,0.00993528,0.00000000,0.00000000,0.00000000,0.00000000,0.00000000,0.00000000,0.00000000,0.03840687,0.00000000,0.00329607,0.00000000,0.00000000,0.00000000,0.01806067,0.00000000,0.00148785,0.00943239,0.01739839,0.00000000,0.00550135,0.00124277,0.00000000,0.00237145,0.00231120,0.00000000,0.02677575,0.00000000,0.00000000,0.00000000,0.00000000,0.00000000,0.00000000,0.00000000,0.00000000,0.00403727,0.00000000,0.00000000,0.00000000,0.00000000,0.00000000,0.00000000,0.00000000,0.00278745,0.00000000,0.00000000,0.00000000,0.00000000,0.00000000,0.00000000,0.01338778,0.00000000,0.00000000,0.00000000,0.00000000,0.00000000,0.00000000,0.00000000,0.00000000,0.00000000,0.00000000,0.00000000,0.00000000,0.00000000,0.01166832,0.00000000,0.00000000,0.00495705,0.00000000,0.00000000,0.00000000,0.00000000,0.00218159,0.00000000,0.00095402,0.00000000,0.00000000,0.00000000,0.00000000,0.00000000,0.00000000,0.00000000,0.00000000,0.00220710,0.00000000,0.00000000,0.00000000,0.00824170,0.00000000,0.00000000,0.00000000,0.00000000,0.00000000,0.00000000,0.00000000,0.04406006,0.00303685,0.00000000,0.00000000,0.00000000,0.00000000,0.00000000,0.00000000,0.00619225,0.00000000,0.00000000,0.00000000,0.00000000,0.00000000,0.00000000,0.00000000,0.00000000,0.00000000,0.00000000,0.00000000,0.00000000,0.00000000,1.84850061,0.00000000,0.00000000,0.00000000,0.15722922,0.00000000,0.00000000,0.00000000,0.00000000,0.00000000,0.00000000,0.00000000,0.00000000,0.00000000,0.00000000,0.00000000,0.00000000,0.00000000,0.00000000,0.00000000,0.00000000,0.00000000,0.00000000,0.00000000,0.00000000,0.01395417,0.00000000,0.00000000,0.00000000,0.00000000,0.00000000,0.00000000,0.00000000,0.00000000,0.00000000,0.00000000,0.00000000,0.00000000,0.00858548,0.00000000,0.00000000,0.00000000,0.00735572,0.00000000,0.00000000,0.00000000,0.01941927,0.00000000,0.00000000,0.00000000,0.00000000,0.00000000,0.00000000,0.00000000,0.00000000,0.00541693,0.00000000,1.72320866,0.00000000,0.00000000,0.00000000,0.00000000,0.00000000,0.00000000,0.00000000,0.00000000,0.00000000,0.00000000,0.00000000,0.00000000,0.00000000,0.00000000,0.00000000,0.00000000,0.00000000,0.00000000,0.00000000,0.00000000,0.00000000,0.00000000,0.00400257,0.00000000,0.00000000,0.00234092,0.00000000,0.00000000,0.00000000,0.00000000,0.00000000,0.00000000,0.00000000,0.00000000,0.00000000,0.00000000,0.00000000,0.00869883,0.00000000,0.00000000,0.00000000,0.00673629,0.00000000,0.00000000,0.00000000,0.00000000,0.00000000,0.00000000,0.00483994,0.00000000,0.00000000,0.00000000,0.00000000,0.00000000,0.00000000,0.04131816,0.00000000,0.00000000,0.00000000,0.00000000,0.00000000,0.00000000,0.00000000,0.00000000,0.00000000,0.00000000,0.00000000,0.00000000,0.00000000,0.00000000,0.00000000,0.00000000,0.00000000,0.00000000,0.00000000,0.00000000,0.00000000,0.00000000,0.00000000,0.00000000,0.00000000,0.00000000,0.00000000,0.02409435,0.00066550,0.00000000,0.00000000,0.00000000,0.00000000,0.00336172,0.00000000,0.00000000,0.00000000,0.00000000,0.00000000,0.00000000,0.01769298,0.00000000,0.00000000,0.00000000,0.55833818,0.00000000,0.00000000,0.00000000,0.00000000,0.00000000,0.00000000,0.03732085,1.44103389,0.00000000,0.62307936,0.02267585,0.00000000,0.00000000,0.00177675,0.00000000,0.00000000,0.00000000,0.00000000,0.00000000,0.00000000,0.00000000,0.00000000,0.00000000,0.00000000,0.00000000,0.01148074,0.01843968,0.00000000,0.00000000,0.00000000,0.00000000,0.00000000,0.00000000,0.00000000,0.06724343,0.00000000,0.00000000,0.00000000,0.00000000,0.00000000,0.00000000,0.02391473,0.00000000,0.00000000,0.00000000,0.00000000,0.00146991,0.00000000,0.00000000,0.00000000,0.00000000,0.00000000,0.00000000,0.00000000,0.00000000,0.00000000,0.00000000,0.00000000,0.00000000,0.00000000,0.00000000,0.00000000,0.00000000,0.00858470,0.00000000,0.00000000,0.00711587,0.00077968,0.00000000,0.00109198,0.00000000,0.00263679,0.00000000,0.00000000,0.00000000,0.00000000,0.00000000,0.00000000,0.00000000,0.00000000,0.00000000,0.00000000,0.00213085,0.00000000,0.00000000,0.00000000,0.00000000,0.00000000,0.00000000,0.00000000,0.00000000,0.00000000,0.00000000,0.00000000,0.00000000,0.00000000,0.00000000,0.00000000,0.00000000,0.00000000,0.00000000,0.00000000,0.00000000,0.06527218,0.00000000,0.00000000,0.00000000,0.00000000,0.00923902,0.00000000,0.00000000,0.00000000,0.07518721,1.01081568,0.00000000,0.00000000,0.00000000,0.00000000,0.00000000,0.00000000,0.00000000,0.00000000,0.00000000,0.00000000,0.00000000,0.00000000,0.00000000,0.00000000,0.00000000,0.00000000,0.00000000,0.01623047,0.00000000,0.00000000,0.00000000,0.00000000,0.00184550,0.00000000,0.00000000,0.00000000,0.00000000,0.00000000,0.00000000,0.00000000,0.00000000,0.00000000,0.00000000,0.00000000,0.00000000,0.00000000,0.00000000,0.00000000,0.16215672,0.00000000,0.00000000,0.00000000,0.00000000,0.00000000,0.00000000,0.00000000,0.00000000,0.02365601,0.00000000,0.00000000,0.00000000,0.00000000,0.01906067,0.00000000,0.00000000,0.00000000,0.00000000,0.00000000,0.00000000,0.26258307,0.00000000,0.00000000,0.00000000,0.00000000,0.00000000,0.00000000,0.00000000,0.00000000,0.00000000,0.00000000,0.00000000,0.00000000,0.00000000,0.00000000,0.00000000,0.00000000,0.00000000,0.01267602,0.00000000,0.00000000,0.00000000,0.00000000,0.00000000,0.00000000,0.00000000,0.00000000,0.00000000,0.00000000,0.00000000,0.00000000,0.00000000,1.16868912,0.00000000,0.00000000,0.00000000,0.00000000,0.00000000,0.00000000,0.00000000,0.00000000,0.00466278,0.00000000,0.00000000,0.15234270,0.00000000,0.00000000,0.00000000,0.00000000,0.00000000,0.00000000,0.00000000,0.00000000,0.00000000,0.00000000,0.00238015,0.00000000,0.00000000,0.00507500,0.00000000,0.00000000,0.00000000,0.00000000,0.00000000,0.00000000,0.00639218,0.00000000,0.00000000,0.00000000,0.00000000,0.00311226,0.00000000,0.00000000,0.00000000,0.00000000,0.00526136,0.00000000,0.00000000,0.00000000,0.00000000,0.03626572,0.00000000,0.00000000,0.00000000,0.00000000,0.00000000,0.00000000,0.00000000,0.00000000,0.00000000,0.00000000,0.00000000,0.00000000,0.00000000,0.00288066,0.00000000,0.00000000,0.00000000,0.00000000,0.00000000,0.00000000,0.00000000,0.00000000,0.00000000,0.00000000,0.00000000,0.00000000,0.00000000,0.00000000,0.00000000,0.00000000,0.00000000,0.00000000,0.00000000,0.00000000,0.00000000,0.00091078,0.00000000,0.00000000,0.00000000,0.00000000,0.00000000,0.00000000,0.00000000,0.00000000,0.00000000,0.00000000,0.00000000,0.00000000,0.00000000,0.00000000,0.00000000,0.00000000,0.00618491,0.00000000,0.00000000,0.00000000,0.00000000,0.00000000,0.00070791,0.00273215,0.00000000,0.00000000,0.00000000,0.00000000,0.00000000,0.00000000,0.00000000,1.10609264,0.01371803,0.00000000,0.00000000,0.00977701,0.00000000,0.00339829,0.00000000,0.00000000,0.00000000,0.00256904,0.00000000,0.00000000,0.00000000,0.00000000,0.00000000,0.00000000,0.00000000,0.00653866,0.00000000,1.56443041,0.00000000,0.00000000,0.00000000,0.00000000,0.00000000,0.00000000,0.00000000,0.00000000,0.00000000,0.00000000,0.00000000,0.00000000,0.00000000,0.00000000,0.00000000,0.00000000,0.00000000,0.00000000,0.00000000,0.00000000,0.00000000,0.00000000,0.00000000,0.00000000,0.00000000,0.00000000,0.00000000,0.00000000,0.00000000,0.00000000,0.00544471,0.00000000,0.00000000,0.00000000,0.00000000,0.00170007,0.00000000,0.00000000,0.00785040,0.00000000,0.13637468,0.00000000,0.00000000,0.00000000,0.00000000,0.00000000,0.00000000,0.00000000,0.00000000,0.00000000,0.00000000,0.03988141,0.00717904,0.00000000,0.00000000,0.00194492,0.00252130,0.00000000,0.00000000,0.00000000,0.00000000,0.00000000,0.00000000,0.00000000,0.00434106,0.00000000,0.00000000,0.00000000,0.00000000,0.03670987,0.00000000,0.00000000,0.00000000,0.00000000,0.00000000,0.01515538,0.00000000,0.00000000,0.00000000,0.00000000,0.00000000,0.00000000,0.00000000,0.00000000,0.00238842,0.00000000,0.00000000,0.00000000,0.00000000,0.00000000,0.00000000,0.00000000,0.00000000,0.00000000,0.00000000,0.00075937,0.00000000,0.00000000,0.00000000,0.00000000,0.00000000
0.00000000,0.00000000,0.00000000,0.00000000,0.00000000,0.00000000,0.00000000,0.00000000,0.00000000,0.00000000,0.00000000,0.00000000,0.00000000,0.00000000,0.00147591,0.00000000,0.00000000,0.00000000,0.00000000,0.03408118,0.00000000,0.00000000,0.00000000,0.00000000,0.00000000,0.00000000,0.00000000,0.00000000,0.00000000,0.00000000,0.00000000,0.00000000,0.13168382,0.00000000,0.00000000,0.00000000,0.00000000,0.00000000,0.00000000,0.00000000,0.11679730,0.00000000,0.00000000,0.00000000,0.00224989,0.00000000,0.00000000,0.12473751,0.00000000,0.00000000,0.00000000,0.00000000,0.00000000,0.00000000,0.00000000,0.00000000,0.00295972,0.00000000,0.00000000,0.00000000,0.03385096,0.00000000,0.00000000,0.00000000,0.00000000,0.00000000,0.04003424,0.01057453,0.00460376,0.00000000,0.00000000,0.00000000,0.00000000,0.00000000,0.00000000,0.00000000,0.00000000,0.00000000,0.17212956,0.00000000,0.00000000,0.00000000,0.00000000,0.00000000,0.01015115,0.00000000,0.00000000,0.00000000,0.00000000,0.00000000,0.00000000,0.00000000,0.00000000,0.00000000,0.00000000,0.00000000,0.00000000,0.00000000,0.00000000,0.00000000,0.01026511,0.00000000,0.00000000,0.00000000,0.00000000,0.00000000,0.00947710,0.00000000,0.00000000,0.00000000,0.00000000,0.00000000,0.26314350,0.00000000,0.00000000,0.00000000,0.00000000,0.00000000,0.00000000,0.00000000,0.00000000,0.00000000,0.00000000,0.00000000,0.00000000,0.00000000,0.00000000,0.00000000,0.00000000,0.00000000,0.00000000,0.00000000,0.00000000,0.00000000,0.00000000,0.00000000,0.00000000,0.00104764,0.00000000,0.00000000,0.00000000,0.01000442,0.00000000,0.00000000,0.00000000,0.00000000,0.00000000,0.00000000,0.00000000,0.00000000,0.00000000,0.00000000,0.00000000,0.00497932,0.00000000,0.00000000,0.00000000,0.06824815,0.00000000,0.00000000,0.01164781,0.08147888,0.00000000,0.00000000,0.00000000,0.00000000,0.00000000,0.00000000,0.00000000,0.00000000,0.00000000,0.00000000,0.20691534,0.00000000,0.02852778,0.00000000,0.00906779,0.00000000,0.00000000,0.00000000,0.00000000,0.00000000,0.00000000,0.00000000,0.00000000,0.00000000,0.98664668,0.00000000,0.00000000,0.00000000,0.00000000,0.00245579,0.00000000,0.00000000,0.00000000,0.00000000,0.03541125,0.00000000,0.00000000,0.00000000,0.00000000,0.00000000,0.00000000,0.00000000,0.00288972,0.00000000,0.00000000,0.00000000,0.00000000,0.00000000,0.00000000,0.00000000,0.00000000,0.00000000,0.00000000,0.00400499,0.00000000,0.00000000,0.00000000,0.00000000,0.00000000,0.00000000,0.00000000,0.00000000,0.00000000,0.00000000,0.00000000,0.00000000,0.00103472,0.00000000,0.00000000,0.00000000,0.00000000,0.00000000,0.00000000,0.00000000,0.00000000,0.01598169,0.00000000,0.00000000,0.00000000,0.00000000,0.00000000,0.00000000,0.00000000,0.00000000,0.00000000,0.00000000,0.00000000,0.00000000,0.00000000,0.00000000,0.00000000,0.08295257,0.00000000,0.00000000,0.00000000,0.00000000,0.00000000,0.00202374,0.00000000,0.00000000,0.00000000,0.00000000,0.00000000,0.00000000,0.00000000,0.01149046,0.00000000,0.00000000,0.00000000,0.00000000,0.00000000,0.00000000,0.00000000,0.00000000,0.00000000,0.00000000,0.00000000,0.00000000,0.00488319,0.00000000,0.00000000,0.00000000,0.00000000,0.00000000,0.00432556,0.00000000,0.03238141,0.00141989,0.00000000,0.00000000,0.00000000,0.00000000,0.00000000,0.00000000,0.00000000,0.00000000,0.00000000,0.01397804,0.00000000,0.00058136,0.00000000,0.00000000,0.00000000,0.00000000,0.00000000,0.00000000,0.00811623,0.00000000,0.00000000,0.00000000,0.00000000,0.00000000,0.00000000,0.00082101,0.00651286,0.00000000,0.00000000,0.00352356,0.00000000,0.00000000,0.00293725,0.00000000,0.00419831,0.00000000,0.00000000,0.00000000,0.00100217,0.00000000,0.00000000,0.00000000,0.00000000,0.00000000,0.00985940,0.00000000,0.00000000,0.00000000,0.00000000,0.00000000,0.00000000,0.00000000,0.00000000,0.00000000,0.00000000,0.00000000,0.00000000,0.00000000,0.00000000,0.00000000,0.00000000,0.00000000,0.00000000,0.00434988,0.00000000,0.00000000,0.00000000,0.00000000,0.00000000,0.00000000,0.00870307,0.01949601,0.03076847,0.00000000,0.00000000,0.00000000,0.00000000,0.01315893,0.00000000,0.00000000,0.00000000,0.00000000,0.00000000,0.00000000,0.00113767,0.00000000,0.01148049,0.00000000,0.00000000,0.00000000,0.00000000,0.00000000,0.00000000,0.00000000,0.00000000,0.00000000,0.00000000,0.00000000,0.00000000,0.00000000,0.00000000,0.00000000,0.00382134,0.00801141,0.00000000,0.00000000,0.00000000,0.00000000,0.00000000,0.12643243,0.00000000,0.00000000,0.28648003,0.00000000,0.00000000,0.03491283,0.00000000,0.02757841,0.00000000,0.00000000,0.00253151,0.00872255,0.01048062,0.00000000,0.00000000,0.00000000,0.00000000,0.00000000,0.00000000,0.00230042,0.00189368,0.00000000,0.00215220,0.00000000,0.00000000,0.00000000,0.00000000,0.00000000,0.00000000,0.00000000,0.00000000,0.07038349,0.00000000,0.00000000,0.00000000,0.00000000,0.00000000,0.00000000,0.00000000,0.00000000,0.00000000,0.00000000,0.00000000,0.00000000,0.00000000,0.00000000,0.00000000,0.00000000,0.00000000,0.00000000,0.00000000,0.00000000,0.00707657,0.00000000,0.00000000,0.00000000,0.00000000,0.00000000,0.00000000,0.00000000,0.00000000,0.00000000,0.00000000,0.00000000,0.00000000,0.00000000,0.00000000,0.00000000,0.00000000,0.00000000,0.00000000,0.00758921,0.00000000,0.00000000,0.00000000,0.00000000,0.00000000,0.00000000,0.00000000,0.00000000,0.00000000,0.00000000,0.00000000,0.00000000,0.00000000,0.00731812,0.00000000,0.00000000,0.00000000,0.00000000,0.00000000,0.00000000,0.00000000,0.00000000,0.00000000,0.00000000,0.00000000,0.00000000,0.00000000,0.00000000,0.00000000,0.00000000,0.00000000,0.00000000,0.00000000,0.00000000,0.00000000,0.00000000,0.00000000,0.01620587,0.01234107,0.00000000,0.00000000,0.00000000,0.00000000,0.00000000,0.00186722,0.00000000,0.00000000,0.00000000,0.00000000,0.00000000,0.00000000,0.00000000,0.00000000,0.00000000,0.00000000,0.00000000,0.00000000,0.00000000,0.00000000,1.81047259,0.00000000,0.00000000,0.00000000,0.00000000,0.00000000,0.00084353,0.00000000,0.00000000,0.00000000,0.00000000,0.00000000,0.00000000,0.00000000,0.00000000,0.00000000,0.00000000,0.00000000,0.00000000,0.00000000,0.00000000,0.00000000,0.00617672,0.00000000,0.00000000,0.00000000,0.00000000,0.00000000,0.00000000,0.00000000,0.00094197,0.00000000,0.00000000,0.00000000,0.00000000,0.00000000,0.00000000,0.00000000,0.00000000,0.00208368,0.00000000,0.00000000,0.00000000,0.00000000,0.00000000,0.00073878,0.00000000,0.00000000,0.00000000,0.00000000,0.00000000,0.00000000,0.00000000,0.00000000,0.00000000,0.00000000,0.00000000,0.00000000,0.00000000,0.00000000,0.00000000,0.00000000,0.00000000,0.00000000,0.00000000,0.00000000,0.00000000,0.00184093,0.15875844,0.00000000,0.00468470,0.00000000,0.00000000,0.00000000,0.00000000,0.00000000,0.00000000,0.00000000,0.00499925,0.00000000,0.00000000,0.00000000,0.00000000,0.00885755,0.00000000,0.00000000,0.00000000,0.00000000,0.00000000,0.00000000,0.00000000,0.00995643,0.00000000,0.00000000,0.94399574,0.00000000,0.00000000,0.00000000,0.00000000,0.00000000,0.00000000,0.00000000,0.00000000,0.00548198,0.00000000,0.00000000,0.00000000,0.00000000,0.00000000,0.00000000,0.00189553,0.00000000,0.00000000,0.00000000,0.00000000,0.00000000,0.00000000,0.00000000,0.00000000,0.00000000,0.00278541,0.00000000,0.00000000,0.00000000,0.00000000,0.00000000,0.00000000,0.00000000,0.00000000,0.00000000,0.00000000,0.00000000,0.00000000,0.00603585,0.00000000,0.00000000,0.00000000,0.00000000,0.00000000,0.00000000,0.00000000,0.00000000,0.00000000,0.00000000,0.00000000,0.00000000,0.00000000,0.00000000,0.00000000,0.03681781,0.00000000,0.00000000,0.00000000,0.00000000,0.00000000,0.00000000,0.00000000,0.00000000,0.00000000,0.00000000,0.00000000,0.00000000,0.00000000,0.00360376,0.00000000,0.00000000,0.00000000,0.00000000,0.00000000,0.00000000,0.00000000,0.00000000,0.00000000,0.00000000,0.00000000,0.00000000,0.00000000,0.00000000,0.00000000,0.00000000,0.02036728,0.41212910,0.00359862,0.00000000,0.00000000,0.02201023,0.00000000,0.00000000,0.02159485,0.00000000,2.05149944,0.00000000,0.00000000,0.00000000,0.00000000,0.00000000,0.00000000,0.00000000,0.00000000,0.00000000,0.00000000,0.00000000,0.00000000,0.00000000,0.00000000,0.00785040,0.00000000,0.00000000,0.00000000,0.00000000,0.00000000,0.00000000,0.00000000,0.00000000,0.00297644,0.00000000,0.00000000,0.00000000,0.00000000,0.00689804,0.06780779,0.00000000,0.00000000,0.00000000,0.00000000,0.02389571,0.00000000,0.00000000,0.00000000,0.00000000,0.00000000,0.00000000,0.00173241,0.00000000,0.00734387,0.00000000,0.00000000,0.00000000,0.00000000,0.00000000,0.00000000,0.00000000,0.00000000,0.00000000,0.00000000,0.11875921,0.00000000,0.00000000,0.00000000,0.00000000,0.00000000,0.00000000,0.12017136,0.00000000,0.00000000,0.09399186,0.00000000,0.00000000,0.00000000,0.00000000,0.00221162,0.01950258,0.01361551,0.00000000,0.00653576,0.00000000,0.00000000,0.00000000,0.00000000
0.00000000,0.00000000,0.00000000,0.00000000,0.00000000,0.00123455,0.00000000,0.00000000,0.00070673,0.00000000,0.01578005,0.00000000,0.00000000,0.00000000,0.00000000,0.00000000,0.00000000,0.00000000,0.00000000,0.24013001,0.00000000,0.00000000,0.00000000,0.00000000,0.00000000,0.00000000,0.00000000,0.00000000,0.00000000,0.00947380,0.00000000,0.00000000,0.00561719,0.00000000,0.00000000,0.00000000,0.02958542,0.00000000,0.00000000,0.00000000,0.00000000,0.44549695,0.00000000,0.17861195,0.00000000,0.05632513,0.00000000,0.00000000,0.00000000,0.00939055,0.00000000,0.00000000,0.00000000,0.00000000,0.00000000,0.00000000,0.00000000,0.00000000,0.00000000,0.00000000,0.00000000,0.00000000,0.00000000,0.00000000,0.00000000,0.00000000,0.14850517,0.00000000,0.00000000,0.00000000,0.00000000,0.00687975,0.00000000,0.00000000,0.00000000,0.00000000,0.00000000,0.00000000,0.00000000,0.00000000,0.00000000,0.71103104,0.00000000,0.00000000,0.00000000,0.00000000,0.00000000,0.00000000,0.00000000,0.00000000,0.00000000,0.00000000,0.07879632,0.00000000,0.00000000,0.03317598,0.00000000,0.00000000,0.00000000,0.00000000,0.00398986,0.00389782,0.00000000,0.00000000,0.00000000,0.00301086,0.00000000,0.00000000,0.00000000,0.00000000,0.00000000,3.10364154,0.00000000,0.00000000,0.00000000,0.00000000,0.00000000,0.00000000,0.00000000,0.00000000,0.00000000,0.00000000,0.00000000,0.00000000,0.00000000,0.04419568,0.00000000,0.02381776,0.00000000,0.00000000,0.00000000,0.00000000,0.02776847,0.00000000,0.00000000,0.00000000,0.00000000,0.00000000,0.00000000,0.00000000,0.00000000,0.00000000,0.00000000,0.00000000,0.00000000,0.00000000,0.00000000,0.00000000,0.00000000,0.00000000,0.00000000,0.00000000,0.00000000,0.00000000,0.00000000,0.00000000,0.00000000,0.00000000,0.00000000,0.00000000,0.00000000,0.00000000,0.00000000,0.00000000,0.00000000,0.15781880,0.00000000,0.00000000,0.37866184,0.01156078,0.00000000,0.00000000,0.00000000,0.00000000,0.00000000,0.00000000,0.00000000,0.01581840,0.00000000,0.00000000,0.00000000,0.00000000,0.00000000,0.00000000,0.00000000,0.00000000,0.00000000,0.00000000,0.00000000,0.00000000,0.00000000,0.00000000,0.00000000,0.00000000,0.00000000,0.00000000,0.01908955,0.00000000,0.00000000,0.00798567,0.00000000,0.00000000,0.00000000,0.00000000,0.00000000,0.00000000,0.00000000,0.00000000,0.00000000,0.00000000,0.00000000,0.00000000,0.09236234,2.03882254,0.00000000,0.00000000,0.00000000,0.00000000,0.00000000,0.00000000,0.00222898,0.00000000,0.00000000,0.00000000,0.00000000,0.06454384,0.00000000,0.00000000,0.00000000,0.04222005,0.00000000,0.00000000,0.00000000,0.00000000,0.00612630,0.00000000,1.72333073,0.00294342,0.00000000,0.00000000,0.00000000,0.00000000,0.01079095,0.00000000,0.00000000,0.00378173,0.00000000,0.00000000,0.00000000,0.00000000,0.00000000,0.00000000,0.00000000,0.00000000,0.00000000,0.00000000,0.00000000,0.00000000,0.00000000,0.00000000,0.00000000,0.00000000,0.00000000,0.00000000,0.00000000,0.68211217,0.00000000,0.00000000,0.00000000,0.00000000,0.05319102,0.00000000,0.00000000,0.00000000,0.00528661,0.00000000,0.00000000,0.00000000,0.00000000,0.00000000,0.00648832,0.00000000,0.00000000,0.00000000,0.00000000,0.00000000,0.07387246,0.00470032,0.00896496,0.00000000,0.00000000,0.00000000,0.00000000,0.00000000,0.00000000,0.00000000,0.00000000,0.00000000,0.00000000,0.00000000,0.00000000,0.00000000,0.00000000,0.00000000,0.01114845,0.00000000,0.00956759,0.00000000,0.00000000,0.06183710,0.00000000,0.00000000,0.00000000,0.00000000,0.00000000,0.00000000,0.00000000,0.00000000,0.00000000,0.00000000,0.00000000,0.00000000,0.00000000,0.00367609,0.00000000,0.00000000,0.00000000,0.00000000,0.00000000,0.00000000,0.00000000,0.00000000,0.00000000,0.00000000,0.00000000,0.00000000,0.00000000,0.00000000,0.00000000,0.00000000,0.00000000,0.00000000,0.00000000,0.00404785,0.00000000,0.01249543,0.00252850,0.00000000,0.00000000,0.00000000,0.00000000,0.00000000,0.00000000,1.36603360,0.00000000,0.00000000,0.00000000,0.00000000,0.00000000,0.00000000,0.00000000,0.00000000,0.00000000,0.00000000,0.00000000,0.19260325,0.00000000,0.00000000,0.00000000,0.00000000,0.00421303,0.00000000,0.00000000,0.00000000,0.00000000,0.00000000,0.00000000,0.01615986,0.00000000,0.00000000,0.00000000,0.00000000,0.00000000,0.00000000,0.00000000,0.00000000,0.00000000,0.00000000,2.57668782,0.00000000,0.00000000,0.00000000,0.00000000,0.00000000,0.00722418,0.00000000,0.00000000,0.00000000,0.00000000,0.00000000,0.00000000,0.00000000,0.00000000,0.00000000,0.00000000,0.00000000,0.00000000,0.00000000,0.00000000,0.00000000,0.00000000,0.00000000,0.00000000,0.05154672,0.00000000,0.00000000,0.00000000,0.00000000,0.00000000,0.00000000,0.00000000,0.00000000,0.00000000,0.00000000,0.00663946,0.00000000,0.00000000,0.00000000,0.00000000,0.00000000,0.00000000,0.00000000,0.00645298,0.00000000,0.00000000,0.00141148,0.00000000,0.00000000,0.00000000,0.00000000,0.00000000,0.00000000,0.00000000,0.00000000,0.00000000,0.00000000,0.00000000,0.00000000,0.00979387,0.79727201,0.00000000,0.00000000,0.00372233,0.00000000,0.04250359,0.00000000,0.00000000,0.00000000,0.00000000,0.00160086,0.00000000,0.04347111,0.00000000,0.00797519,0.00000000,0.00000000,0.00000000,0.00000000,0.00000000,0.00000000,0.00000000,0.00000000,0.00000000,0.00000000,0.00000000,0.00000000,0.00000000,0.00000000,0.01515390,0.00000000,0.00000000,0.00000000,0.00000000,0.00000000,0.00000000,0.00833237,0.02382595,0.00303279,0.00000000,0.00000000,0.04520185,0.00000000,0.00386468,0.00000000,0.00000000,0.00000000,0.00000000,0.00000000,0.00000000,0.00000000,0.00000000,0.00000000,0.01217575,0.00000000,0.00000000,0.00000000,0.00000000,0.00000000,0.00000000,0.00000000,0.00185451,0.02256988,0.00000000,0.00000000,0.00000000,0.00000000,0.00000000,0.00000000,0.00000000,0.00000000,0.00000000,0.00000000,0.00000000,0.00000000,0.00000000,0.01061575,0.00000000,0.00000000,0.01092591,0.00000000,0.04863117,0.00000000,0.00000000,0.00000000,0.00000000,0.00000000,0.15442941,0.00000000,0.00000000,0.00000000,0.00000000,0.00000000,0.00000000,0.00000000,0.00000000,0.00000000,0.00000000,0.00000000,0.00000000,0.00000000,0.00518592,0.00000000,0.00000000,0.00000000,0.00000000,0.00000000,0.00684984,0.00000000,0.00000000,0.02070450,0.00000000,0.00632732,0.00000000,0.00000000,0.00000000,0.01235722,0.00000000,0.00000000,0.00000000,0.00000000,0.00000000,0.00000000,0.00000000,0.00000000,0.00000000,0.00000000,0.00000000,0.00000000,0.00000000,0.00000000,0.00000000,0.00000000,0.00000000,0.00000000,0.00000000,0.00000000,0.00000000,0.00000000,0.00000000,0.02514800,0.00000000,0.00000000,0.00000000,0.00000000,0.00000000,0.00000000,0.00000000,0.00338071,0.00000000,0.00000000,0.00000000,0.00371201,0.05350208,0.00000000,0.00000000,0.00000000,0.00000000,0.00000000,0.00000000,0.00000000,0.00000000,0.00000000,0.00000000,0.00000000,0.01230671,0.00000000,0.00000000,0.00000000,0.00000000,0.00805363,0.00000000,0.00000000,0.00000000,0.00256186,0.00000000,0.00000000,0.00000000,0.02120879,0.00000000,0.00000000,0.00387413,0.00169939,0.00000000,0.00000000,0.00000000,0.00000000,0.00000000,0.00000000,0.00000000,0.00000000,0.00000000,0.00000000,0.00000000,0.00476190,0.00000000,0.00000000,0.00000000,0.00000000,0.00000000,0.00000000,0.00000000,0.00000000,0.00000000,0.00000000,0.01901788,0.00000000,0.00000000,0.00000000,0.00000000,0.00000000,0.00000000,0.00000000,0.00000000,0.00000000,0.02648727,0.00000000,0.00000000,0.00000000,0.00000000,0.00000000,0.00000000,0.00000000,0.00000000,0.00000000,0.00000000,0.20014255,0.00000000,0.00000000,2.59846672,0.00000000,0.00000000,0.00000000,0.00000000,0.00000000,0.00517202,0.00000000,0.00000000,0.00891997,0.00000000,0.00000000,0.00000000,0.00000000,0.00000000,0.00000000,0.00000000,0.00000000,0.00000000,0.00000000,0.00000000,0.00000000,0.00000000,0.00000000,0.00000000,0.00000000,0.00000000,0.00000000,0.00000000,0.00000000,0.00000000,0.00000000,0.00000000,0.00000000,0.00000000,0.00000000,0.00000000,0.00000000,0.00000000,0.00000000,0.00000000,0.00000000,0.00000000,0.00240174,0.00000000,0.00000000,0.00000000,0.01209203,0.02777209,0.00000000,0.02486295,0.00000000,0.00000000,0.00000000,0.00000000,0.00000000,0.01044789,0.00000000,0.00000000,0.00000000,0.00000000,0.00000000,0.00000000,0.00000000,0.00000000,0.00000000,0.00000000,0.00000000,0.00000000,0.00000000,0.00000000,0.00000000,0.00000000,0.00000000,0.00000000,0.00000000,0.00000000,0.00000000,0.00000000,0.00000000,0.00000000,0.00000000,0.00000000,0.00000000,0.00000000,0.00000000,0.00000000,0.00000000,0.00000000,0.00000000,0.00000000,0.00000000,0.00000000,0.00000000,0.00000000,0.00000000,0.00000000,0.00000000,0.00000000,0.00000000,0.00000000,0.00000000,0.00000000,0.00096700,0.00000000,0.00000000,0.00000000,0.00000000,0.00000000,0.00000000,0.01252211,0.00000000,0.00000000,0.00507420,0.00000000,0.00000000,0.00000000,0.00000000,0.00000000,0.00000000,0.00705670,0.00000000
1.15028307,0.00000000,0.00000000,0.00000000,0.00000000,0.01360351,0.00207422,0.04292353,0.00000000,0.00000000,0.00000000,0.00000000,0.00000000,0.01114856,0.00000000,0.00000000,0.00000000,0.00000000,0.00000000,0.00000000,0.00000000,0.00000000,0.00000000,0.00000000,0.00000000,0.13468734,0.00000000,0.00000000,0.00000000,0.00000000,0.00000000,0.00000000,0.00000000,0.44735587,0.00000000,0.00000000,0.00000000,0.00000000,0.07364870,0.00000000,0.00000000,0.00000000,0.00000000,0.00000000,0.00000000,0.00000000,0.01209040,0.00000000,0.00000000,0.00000000,0.00226819,0.00000000,0.00000000,0.00000000,0.00000000,0.00000000,0.00000000,0.00000000,0.00000000,0.00000000,0.00000000,0.00000000,0.00000000,0.05835313,0.00000000,0.00000000,0.00000000,0.00284643,0.00000000,0.00000000,0.00000000,0.00000000,0.00000000,0.00000000,0.00000000,0.00000000,0.00000000,0.00000000,0.00000000,0.00000000,0.00000000,0.00000000,0.00000000,0.00000000,0.00000000,0.00075509,0.00000000,0.00000000,0.00000000,0.00000000,0.00000000,0.00000000,0.00000000,0.00157723,0.00000000,0.00000000,0.00000000,0.00000000,0.00000000,0.00000000,0.00000000,0.00000000,0.00000000,0.00000000,0.00000000,0.00000000,0.00000000,0.00000000,0.00000000,0.00000000,0.00000000,0.00000000,0.00000000,0.00000000,0.00000000,0.00000000,0.00000000,0.00000000,0.00000000,0.00000000,0.00000000,0.00000000,0.00000000,0.04719614,0.00000000,0.00000000,0.00000000,0.00000000,0.00000000,0.00000000,0.00000000,0.00000000,0.00000000,0.00000000,0.00000000,0.00000000,0.00000000,0.00000000,0.00000000,0.00000000,0.00000000,0.00000000,0.00000000,0.00000000,0.00000000,0.00000000,0.00000000,0.00000000,0.00000000,0.00000000,0.00000000,0.00000000,0.00000000,0.00209805,0.01413872,0.00000000,0.00000000,0.00000000,0.00000000,0.00000000,0.00000000,0.00000000,0.00000000,0.00000000,0.00000000,0.00000000,0.00000000,0.00000000,0.00000000,0.00364804,0.02922495,0.00000000,0.00000000,0.00000000,0.00000000,0.00000000,0.00000000,0.00000000,0.00000000,0.00000000,0.00000000,0.00000000,0.00000000,0.00000000,0.02628257,0.00000000,0.00000000,0.00000000,0.00000000,0.00000000,0.00000000,0.07857912,0.00000000,0.02039226,0.00000000,0.00000000,0.00155602,0.00000000,0.00000000,0.00000000,0.00000000,0.00000000,0.00000000,0.00000000,0.00169932,0.01211492,0.00490848,0.00000000,0.00000000,0.00000000,0.00203649,0.00000000,0.00000000,0.00000000,0.00000000,0.00000000,0.00000000,0.00000000,0.00000000,0.00000000,0.00000000,0.00000000,0.00000000,0.00000000,0.00000000,0.00000000,0.00000000,0.00000000,0.00000000,0.00000000,0.00000000,0.00000000,0.00000000,0.00000000,0.00000000,0.00000000,0.00000000,0.00843762,0.00000000,0.00000000,0.00000000,0.00000000,0.00827724,0.00000000,0.00000000,0.00000000,0.00000000,0.00087198,0.00000000,0.00000000,0.00000000,0.00000000,0.00000000,0.00000000,0.00547274,0.01056691,0.00000000,0.00431469,0.00000000,0.00000000,0.00000000,0.00000000,0.00000000,0.00000000,0.00000000,0.00000000,0.00000000,0.00000000,0.00000000,0.00000000,0.00000000,0.00000000,0.00078383,0.00000000,0.00000000,0.00000000,0.00000000,0.00000000,0.00178314,0.00000000,0.00000000,0.00000000,0.00000000,0.00000000,0.02051454,0.00000000,0.00000000,0.00000000,0.00000000,0.00000000,0.00000000,0.00000000,0.00000000,0.00000000,0.00000000,0.00000000,0.00000000,0.00000000,0.00420626,0.00000000,0.00000000,0.00000000,0.00000000,0.00000000,0.00000000,0.00000000,0.00000000,0.00000000,0.00000000,0.00000000,0.00000000,0.00219943,0.00000000,0.00000000,0.00000000,0.00000000,0.00000000,0.00000000,0.00000000,0.00000000,0.00000000,0.00000000,0.00000000,0.00000000,0.00000000,0.10523866,0.00000000,0.00000000,0.00000000,0.01362831,0.00000000,0.00000000,0.00422334,0.00000000,0.00000000,0.00000000,0.00348162,0.00000000,0.00000000,0.00000000,0.00000000,0.00000000,0.00000000,0.00000000,0.00000000,0.00000000,0.00000000,1.17609087,0.00000000,0.00000000,0.00000000,0.00000000,0.00000000,0.00000000,0.00000000,0.00000000,0.00000000,0.00000000,0.00000000,0.00000000,0.00000000,0.00000000,0.00000000,0.00000000,0.01888183,0.01017374,0.00000000,0.00000000,0.00000000,0.00000000,0.00000000,0.00000000,0.00000000,0.00000000,0.10688947,0.00102903,0.00000000,0.00000000,0.00000000,0.00000000,0.00000000,0.00000000,0.00000000,0.00000000,0.00000000,0.00000000,0.01366920,0.00000000,1.35033747,0.00000000,0.13347471,0.00000000,0.00000000,0.00000000,0.12593159,0.00000000,0.00000000,0.00000000,0.00300447,0.00000000,0.00000000,0.00134819,0.00000000,0.00000000,0.00000000,0.00000000,0.00000000,0.06586983,0.00000000,0.00000000,0.00000000,0.00000000,0.00000000,0.00000000,0.00000000,0.01114210,0.00000000,0.00000000,0.02406683,0.00000000,0.00000000,0.01401264,0.00000000,0.00000000,0.00000000,0.00000000,0.00000000,0.00000000,0.06534735,0.00000000,0.00000000,0.00000000,0.00000000,0.00000000,0.00000000,0.00000000,0.00000000,0.00000000,0.00000000,0.00000000,0.00000000,0.00000000,0.00000000,0.00000000,0.00000000,0.01057431,0.00000000,0.00000000,0.00000000,0.00000000,0.00000000,0.00000000,0.00000000,0.00000000,0.00000000,0.00000000,0.00000000,0.00000000,0.00000000,0.00000000,0.00000000,0.00000000,0.00000000,0.00000000,0.00000000,0.00000000,0.00000000,0.01402455,0.00000000,0.00000000,0.05711612,0.00000000,0.00000000,0.00000000,0.00000000,0.00000000,0.00000000,0.00000000,0.00000000,0.00000000,0.00000000,0.00000000,0.00000000,0.00000000,0.00000000,0.00000000,0.00000000,0.00000000,0.00225665,0.00000000,0.00000000,0.00000000,0.00000000,0.00000000,0.00000000,0.00000000,0.00000000,0.00000000,0.00658302,0.00000000,0.00000000,0.00000000,0.00000000,0.00000000,0.00000000,0.00000000,0.00000000,0.00000000,0.00000000,0.00000000,0.00000000,0.00000000,0.00000000,0.00000000,0.00000000,0.00000000,0.00000000,0.00000000,0.00000000,0.00000000,0.00000000,0.00000000,0.00000000,0.18511181,0.00000000,0.00000000,0.00000000,0.00000000,0.00000000,0.05660367,0.00000000,0.00000000,0.00000000,0.00000000,0.00000000,0.00000000,0.00000000,0.00000000,0.00000000,0.00000000,0.00000000,0.00000000,0.00000000,0.00000000,0.00000000,0.00294372,0.00205951,0.00000000,0.00000000,0.00000000,0.00235161,0.00000000,0.07245125,0.00000000,0.00472802,0.00000000,0.00000000,0.00000000,0.00000000,0.00000000,0.00000000,0.00000000,0.00000000,0.00000000,0.24422327,0.00000000,0.00000000,0.84336645,0.00000000,0.00000000,0.00000000,0.00000000,0.00540857,0.00000000,0.00000000,0.05873312,0.00000000,0.01140589,0.00000000,0.00000000,0.00000000,0.00000000,0.00000000,0.00000000,0.00000000,0.00000000,0.02035380,0.00000000,0.00000000,0.00000000,0.00000000,0.00000000,0.00000000,0.00000000,0.01297480,3.02460112,0.00000000,1.23247803,0.00000000,0.00000000,0.00394872,0.00000000,0.00000000,0.00000000,0.00000000,0.00000000,0.00000000,0.00000000,0.00000000,0.00000000,0.00000000,0.00253482,0.00000000,0.00000000,0.00000000,0.01957963,0.00000000,0.00000000,0.00000000,0.00054891,0.00000000,0.00000000,0.00000000,0.00000000,0.00000000,0.00000000,0.02399539,0.00000000,0.02577397,0.00190794,0.00189090,0.00000000,0.00000000,0.00000000,0.00000000,0.00000000,0.00000000,0.00000000,0.00000000,0.00000000,0.00000000,0.00000000,0.00689164,0.00000000,0.00000000,0.00000000,0.00000000,0.01081706,0.00000000,0.00000000,0.00000000,0.00000000,0.00000000,0.00000000,0.01113256,0.00000000,0.00000000,0.00000000,0.00000000,0.00000000,0.00000000,0.00000000,0.00000000,0.00000000,0.00000000,0.00000000,0.00000000,0.00000000,0.06714515,0.00000000,0.00000000,0.00000000,0.00000000,0.00000000,0.00000000,0.00356903,0.00000000,0.00000000,0.01754070,0.00000000,0.00489898,0.00000000,0.00000000,0.00000000,0.00000000,0.00000000,0.00000000,0.00000000,0.00000000,0.00000000,0.00000000,0.00000000,0.00000000,0.00000000,0.00000000,0.06174094,0.00000000,0.00000000,0.00000000,0.00000000,0.00356227,0.00000000,0.00000000,0.00000000,0.02877321,0.00000000,0.00000000,0.00000000,0.00000000,0.00079645,0.00000000,0.00000000,0.00000000,0.00000000,0.03299130,0.00000000,0.00000000,0.00000000,0.00000000,0.00000000,0.00000000,0.00000000,0.00000000,0.00000000,0.00000000,0.00000000,0.00000000,0.00000000,0.00000000,0.00000000,0.00000000,0.00000000,0.00349995,0.00474672,0.00000000,0.00117618,0.13637468,0.00000000,0.00000000,0.00000000,0.00000000,0.00000000,0.00000000,0.00000000,0.00000000,0.00000000,0.00608503,0.00000000,0.00000000,0.00878219,0.00000000,0.00420290,0.00000000,0.00000000,0.00000000,0.00000000,0.00000000,0.00000000,0.00603663,0.00000000,0.01632021,0.00000000,0.00000000,0.00000000,0.00000000,0.00000000,0.00000000,0.00000000,0.00000000,0.00000000,0.00000000,0.00000000,0.00000000,0.00000000,0.00000000,0.01526704,0.04677115,0.00000000,0.00000000,0.00000000,0.00000000,0.00000000,0.00000000,0.00000000,0.00000000,0.04519183,0.00000000,0.54289707,0.00000000,0.03286098,0.00000000,0.00000000,0.00000000,0.00000000,0.00000000,0.00000000,0.00000000,0.00000000,0.00000000,0.00885695
0.01629927,0.00000000,0.00000000,0.00000000,0.00000000,0.30905859,0.00000000,0.00000000,0.00000000,0.00000000,0.00000000,0.00000000,0.00000000,0.00000000,0.00000000,0.00000000,0.00000000,0.01300076,0.00000000,0.00560911,0.00000000,0.00000000,0.00000000,0.00000000,0.00159267,0.02213747,0.00000000,0.00000000,0.00259377,0.00000000,0.00000000,0.00000000,0.00000000,0.00000000,0.00000000,0.00000000,0.00000000,0.00000000,0.00000000,0.00000000,0.00000000,0.00000000,0.00000000,0.00000000,0.00000000,0.00000000,0.00000000,0.00000000,0.00000000,0.00000000,0.00000000,0.00000000,0.00000000,0.00000000,0.00000000,0.00681584,0.00462382,0.00000000,0.00000000,0.00000000,0.00000000,0.00000000,0.00000000,0.00000000,0.00000000,0.00346145,0.00000000,0.00000000,0.00000000,0.01936816,0.10661754,0.00000000,0.00000000,0.00306681,0.00000000,0.00000000,0.00000000,0.00000000,0.00000000,0.00000000,0.00000000,0.00000000,0.00000000,0.00000000,0.00000000,0.00000000,0.00000000,0.00000000,0.00000000,0.00000000,0.00000000,0.00000000,0.00000000,1.82231517,0.00000000,0.00000000,0.00000000,0.00000000,0.00000000,0.00000000,0.00000000,0.00000000,0.00000000,0.00000000,0.01574759,0.00000000,1.66897518,0.00000000,0.00313352,0.00282797,0.00000000,0.00000000,0.00000000,0.00000000,0.00000000,0.00000000,0.00000000,0.00000000,0.00000000,0.01625106,0.00562089,0.00000000,0.00000000,0.00000000,0.00000000,0.00000000,0.00000000,0.00000000,0.00000000,0.00498406,0.00000000,0.00543967,0.00000000,0.00000000,0.00000000,0.00238973,0.00000000,0.00000000,0.00000000,0.00621786,0.00000000,0.00000000,0.01190209,0.00000000,0.00000000,0.00000000,0.00000000,0.00000000,0.03400739,0.00215105,0.00000000,0.00000000,0.00000000,0.00000000,0.00000000,0.00658329,0.00000000,0.00000000,0.00000000,0.00000000,0.00080495,0.00000000,0.00000000,0.04574904,0.00000000,0.00000000,0.00000000,0.00000000,0.00000000,0.00000000,0.00000000,0.00000000,0.01643486,0.00000000,0.00000000,0.00000000,0.00000000,0.00000000,0.00000000,0.00000000,0.00000000,0.00000000,0.02106462,0.00000000,0.00000000,0.00000000,0.00000000,0.00000000,0.00000000,0.00000000,0.00000000,0.00000000,0.00000000,0.00000000,0.00000000,0.00000000,0.00000000,0.00000000,0.00000000,0.00455495,0.00000000,0.00000000,0.00000000,0.00000000,0.00000000,0.00000000,0.00000000,0.00000000,0.00000000,0.00000000,0.00000000,0.00000000,0.00000000,0.00000000,0.00000000,0.00000000,0.00000000,0.00365145,0.00000000,0.02120942,0.00000000,0.00213201,0.00000000,0.00000000,0.00000000,0.00000000,0.00000000,0.00000000,0.02806288,0.00000000,0.00000000,0.00000000,0.02290766,0.00000000,0.00000000,0.00000000,0.00000000,0.00000000,0.04558537,0.00000000,0.00000000,0.00000000,0.01636050,0.00000000,0.00000000,0.00000000,0.00000000,0.00000000,0.00000000,0.00000000,0.00000000,0.00000000,0.00311582,0.00000000,0.00000000,0.00000000,0.00000000,0.00427515,0.00000000,0.00000000,0.00357044,0.00416801,0.00000000,0.00000000,0.00000000,0.00000000,0.00000000,0.00000000,0.00000000,0.00076051,0.00000000,0.01167645,0.00000000,0.00000000,0.00606603,0.00000000,0.00000000,0.00000000,0.00000000,0.00000000,0.00000000,0.00000000,0.05795528,0.00000000,0.00000000,0.00000000,0.00000000,0.00443548,0.00000000,0.00000000,0.00000000,0.00000000,0.00000000,0.00000000,0.00000000,0.00000000,0.00000000,0.00000000,0.00000000,0.00000000,0.00000000,0.00000000,0.00000000,0.00000000,0.00101750,0.76178675,0.00000000,0.00000000,0.00000000,0.00000000,0.00000000,0.00000000,0.00000000,0.00000000,0.00000000,0.00000000,0.00000000,0.00000000,0.00000000,0.00000000,0.00000000,0.00000000,0.00000000,0.00000000,0.00000000,0.00000000,0.00000000,0.00000000,0.00000000,0.00000000,0.00000000,0.00000000,0.00000000,0.00000000,0.00000000,0.00000000,0.00000000,0.00000000,0.00000000,0.00000000,0.00000000,0.00099310,0.00000000,0.00000000,0.00000000,0.00000000,0.05937949,0.00000000,0.00000000,0.00000000,0.00754421,0.00000000,0.00000000,0.00000000,0.00000000,0.00000000,0.00000000,0.00000000,0.00000000,0.00000000,0.00000000,0.00000000,0.00000000,0.00000000,0.00000000,0.00000000,0.00784774,0.00000000,0.01714149,0.00000000,0.00000000,0.00000000,0.97111250,0.00000000,0.02096080,0.00000000,0.00000000,0.00066641,0.00000000,0.00000000,0.00000000,0.01836926,0.00000000,0.00000000,0.00000000,0.00000000,0.00000000,0.00000000,0.10783054,0.00000000,0.00000000,0.00211733,0.00000000,0.00000000,0.00000000,0.00000000,0.00000000,0.00000000,0.00000000,0.00000000,0.00000000,0.00000000,0.00000000,0.00000000,0.00000000,0.00000000,0.00000000,0.00000000,0.00000000,0.11741213,0.00000000,0.00000000,0.00000000,0.00000000,0.00000000,0.00000000,0.00000000,0.00000000,0.00000000,0.00000000,0.00000000,0.00000000,0.00000000,0.00000000,0.00000000,0.00000000,0.00000000,0.00000000,0.00000000,0.00000000,0.00000000,0.00000000,0.00000000,0.00000000,0.00000000,0.00000000,0.00000000,0.00000000,0.00000000,0.00000000,0.00000000,0.00000000,0.00000000,0.00000000,0.00000000,0.00000000,0.00000000,0.05521076,0.00000000,0.00000000,0.00000000,0.00000000,0.00000000,0.00000000,0.00351711,0.00000000,0.00000000,0.00000000,0.00000000,0.00000000,0.17156559,0.00000000,0.00000000,0.02637607,0.00349302,0.00212442,0.00000000,0.27655088,0.00000000,0.07265196,0.00000000,0.00000000,0.00000000,0.00000000,0.00000000,0.00000000,0.00000000,0.00000000,0.00000000,0.00000000,0.00000000,0.00848967,0.00000000,0.00000000,0.00000000,0.00100990,0.01123092,0.00000000,0.00000000,0.00000000,0.00000000,0.00000000,0.00000000,0.00000000,0.00000000,0.00000000,0.00000000,0.00000000,0.00000000,0.00000000,0.00000000,0.00000000,0.00000000,0.00000000,0.00000000,0.00000000,0.01382592,0.00000000,0.00000000,0.00000000,0.00000000,0.57719014,0.00000000,0.00000000,0.00000000,0.00000000,0.00000000,0.00000000,0.00000000,0.07337292,0.00000000,0.00000000,0.00000000,0.00000000,0.00000000,0.00000000,0.00000000,0.00000000,0.42755934,0.00000000,0.00000000,0.00000000,0.00000000,0.00000000,0.00000000,0.03879049,0.00000000,0.00000000,0.00000000,0.00000000,0.00000000,0.00000000,0.00000000,0.00000000,0.00100477,0.00000000,0.00000000,0.00000000,0.00331086,0.00000000,0.00000000,0.00000000,0.00000000,0.00000000,0.00000000,0.00000000,0.00000000,0.00000000,0.00000000,0.00000000,0.00000000,0.00000000,0.01694330,0.00000000,0.00000000,0.21732138,0.00000000,0.00000000,0.00000000,0.00000000,0.00000000,0.00000000,0.00000000,0.00000000,0.00000000,0.00000000,0.00000000,0.00000000,0.00000000,0.00000000,0.00000000,0.00000000,0.00264839,0.00000000,0.00000000,0.00000000,2.46966092,0.01417762,0.03260303,0.00108945,0.00000000,0.00000000,0.00000000,0.01110348,0.00589586,0.00000000,0.00000000,0.00000000,0.00000000,0.00000000,0.00000000,0.00000000,0.00000000,0.00000000,0.00000000,0.00000000,0.00000000,0.00000000,0.00000000,0.00000000,0.00000000,0.00000000,0.00000000,0.00000000,0.00000000,0.00000000,0.00000000,0.00000000,0.00000000,0.00000000,0.00000000,0.00000000,0.00000000,0.00000000,0.00000000,0.00000000,0.00000000,0.00000000,0.00000000,0.00000000,0.00000000,0.00000000,0.00000000,0.00000000,0.00000000,0.00000000,0.00000000,0.00000000,0.00000000,0.00000000,0.00000000,0.00000000,0.02583907,0.00000000,0.00000000,0.00000000,0.00000000,0.00000000,0.00932084,0.00000000,0.00000000,0.00000000,0.00000000,0.00000000,0.00000000,0.00000000,0.00000000,0.00095169,0.00000000,0.00000000,0.00000000,0.00000000,0.00000000,0.00000000,0.00000000,0.00000000,0.00000000,0.00415539,0.00000000,0.00638281,0.05379485,0.00000000,0.00000000,0.00000000,0.01502204,0.00000000,0.00000000,0.00000000,0.00000000,0.00000000,0.00000000,0.00000000,0.00000000,0.00245391,0.00618890,0.00355030,0.00000000,0.00000000,0.00000000,0.00000000,0.00000000,0.00000000,0.00000000,0.00000000,0.00000000,0.00000000,0.00000000,0.00000000,0.00000000,0.00000000,0.00000000,0.00000000,0.00000000,0.00000000,0.00000000,0.00000000,0.00505618,0.00000000,0.00000000,0.00000000,0.00000000,0.00000000,0.00000000,0.00000000,0.00000000,0.00000000,0.00000000,0.00000000,0.00000000,0.00000000,0.00000000,0.01310965,0.00000000,0.20687570,0.00000000,0.00000000,0.00000000,0.00000000,0.00740161,0.00000000,0.00000000,0.00000000,0.00000000,0.00000000,0.00000000,0.00000000,0.00000000,0.00000000,0.00000000,0.00000000,0.00000000,0.00000000,0.00000000,0.00000000,0.05854189,0.00601839,0.00000000,0.00000000,0.00000000,0.00000000,0.00000000,0.02205631,0.00000000,0.00000000,0.00000000,0.00000000,0.00000000,0.00000000,0.00000000,0.00000000,0.00000000,0.01815699,0.00000000,0.00000000,0.01212635,0.00588366,0.00000000,0.00000000,0.00000000,0.00000000,0.00000000,0.00000000,0.00000000,0.00000000,0.00000000,0.00000000,0.00000000,0.01935571,0.00000000,0.00000000,0.00000000,0.00000000,0.00000000,0.00000000,0.00000000,0.00000000,0.00000000,0.00000000,0.00000000,0.00000000,0.00000000,0.01036896,0.00000000,0.00000000,0.00000000,0.00000000,0.00000000,0.00000000,0.26066359,0.03876711
0.00000000,0.00000000,0.00000000,0.00972306,0.00000000,0.00000000,0.00000000,0.00000000,0.00000000,0.00000000,0.00000000,0.00000000,0.00000000,0.00000000,0.00000000,0.00000000,0.00000000,0.00000000,0.00000000,0.00000000,0.00000000,0.00000000,0.00000000,0.01226754,0.00000000,0.00000000,0.00000000,0.00000000,0.00000000,0.00000000,0.00000000,0.03702652,0.00994549,0.00000000,0.00000000,0.00000000,0.00000000,0.00000000,0.13759130,0.00000000,0.00000000,0.00813304,0.00000000,0.00000000,0.00000000,0.00000000,0.00000000,0.00000000,0.00000000,0.00000000,0.00000000,0.00000000,0.00000000,0.00000000,0.00000000,0.06025494,0.00000000,0.00000000,0.00000000,0.00000000,0.00000000,0.00000000,0.00000000,0.00000000,0.00000000,0.00000000,0.00000000,0.00000000,0.00000000,0.04343569,0.00000000,0.00000000,0.00000000,0.00159652,0.00000000,0.00000000,0.00000000,0.00000000,0.00000000,0.00000000,0.00000000,0.00000000,0.00000000,0.00000000,0.00930367,0.00000000,0.00000000,0.00000000,0.00132111,0.00000000,0.00147611,0.00000000,0.00000000,0.00000000,0.00000000,0.00000000,0.00000000,0.00000000,0.00000000,0.00000000,0.00000000,0.00000000,0.00000000,0.00000000,0.00000000,0.00000000,0.00000000,0.00000000,0.00000000,0.00000000,0.00192691,0.00000000,0.00000000,0.00081345,0.00670253,0.00000000,0.00000000,0.00000000,0.00000000,0.00000000,0.00000000,0.00000000,0.00000000,0.00000000,0.00000000,0.00000000,0.00000000,0.00000000,0.00000000,0.00000000,0.00000000,0.00000000,0.00000000,0.00000000,0.00290748,0.00000000,0.00000000,0.00000000,0.00000000,0.00000000,0.00000000,0.00343433,0.00000000,0.00000000,0.00000000,0.00000000,0.00000000,0.00000000,0.01503661,0.00000000,0.00000000,0.00000000,0.00757473,0.00000000,0.00000000,0.00094995,0.00000000,0.00000000,0.00000000,0.00000000,0.00000000,0.00000000,0.00000000,0.00000000,0.00000000,0.00000000,0.00000000,0.00000000,0.00000000,0.00000000,0.00000000,0.00000000,0.00000000,0.00000000,0.00000000,0.00000000,0.00000000,0.00000000,0.00000000,0.00000000,0.00000000,0.00000000,0.00000000,0.00000000,0.00000000,0.00000000,0.00000000,0.00000000,0.00000000,0.00000000,0.00000000,0.00000000,0.07891341,0.00582616,0.00619596,0.00000000,0.00000000,0.00000000,0.00000000,0.00000000,0.00000000,0.00000000,0.00000000,0.00000000,0.01077385,0.00000000,0.00000000,0.00000000,0.00000000,0.00000000,0.00000000,0.00308087,0.00754411,0.74984140,0.00000000,0.00000000,0.00000000,0.02674623,0.00000000,0.00000000,0.00000000,0.00000000,0.00000000,0.00000000,0.00000000,0.00000000,0.06250184,0.00000000,0.00000000,0.00000000,0.00000000,0.00000000,0.00000000,0.00000000,0.00000000,0.00000000,0.00000000,0.00000000,0.00247604,0.01049675,0.00000000,0.00000000,0.00000000,0.29345040,0.00000000,0.00000000,0.00000000,0.00000000,0.00000000,0.00000000,0.00000000,0.00000000,0.00000000,0.03551641,0.01733262,0.00535084,0.00000000,0.01160010,0.00000000,0.00000000,0.02704817,0.00000000,0.00000000,0.00000000,0.00000000,0.00000000,0.00000000,0.00000000,0.07743014,0.03895823,0.00000000,0.00000000,0.00000000,0.00000000,0.00000000,0.00000000,0.00000000,0.01587017,0.00000000,0.00000000,0.00000000,0.82849419,0.00000000,0.00000000,0.00000000,0.00000000,0.00000000,0.00000000,0.00000000,0.00000000,0.00000000,0.00000000,0.00000000,0.00000000,0.00000000,0.00000000,0.00086669,0.00000000,0.00000000,0.00000000,0.00000000,0.00000000,0.00000000,0.00000000,0.00000000,0.00000000,0.00000000,0.00000000,0.00000000,0.00000000,0.00000000,0.00000000,0.00000000,0.00000000,0.00000000,0.00000000,0.00000000,0.00000000,0.00091393,0.00000000,0.00000000,0.00000000,0.00000000,0.00000000,0.00000000,0.00000000,0.00000000,0.00000000,0.00000000,0.00000000,0.00000000,0.00000000,0.00000000,0.00000000,0.00000000,0.00000000,0.00000000,0.00000000,0.00000000,0.00000000,0.00000000,0.00000000,0.00000000,0.00000000,0.00000000,0.00407513,0.00000000,0.00000000,0.00000000,0.00000000,0.05422934,0.00000000,0.03249334,0.00000000,0.00000000,0.00000000,0.00000000,0.00000000,0.00000000,0.00000000,0.00000000,0.00000000,0.00000000,0.07550166,0.00000000,0.00346539,0.00000000,0.00000000,0.00000000,0.00000000,0.00978130,0.00000000,0.00000000,0.00000000,0.00000000,0.00000000,0.00000000,0.00768044,0.00000000,0.00000000,0.01082273,0.00000000,0.03228555,0.00000000,0.00000000,0.00000000,0.00000000,0.00000000,0.00000000,0.00000000,0.00000000,0.00000000,0.00000000,0.00000000,0.02099898,0.02731505,0.00000000,0.00363826,0.00000000,0.00000000,0.44351371,0.00000000,0.00000000,0.00000000,0.00000000,0.00000000,0.00000000,0.00000000,0.00000000,0.00246057,0.00000000,0.00000000,0.00000000,0.00000000,0.00000000,0.00000000,0.00000000,0.00000000,0.08464327,0.00000000,0.00766257,0.00000000,0.00287041,0.00000000,0.00477536,0.00000000,0.00000000,0.00000000,0.00320048,0.00000000,0.00000000,0.00000000,0.00000000,0.00000000,0.00000000,0.00000000,0.00000000,0.00000000,0.00000000,0.00000000,0.00000000,0.00000000,0.00000000,0.00000000,0.00000000,0.00000000,0.00169989,0.00000000,0.00000000,0.00000000,0.00000000,0.00496689,0.00000000,0.00124923,0.00000000,0.00000000,0.01153392,0.00000000,0.00000000,0.00000000,0.01313975,0.00000000,0.00000000,0.00000000,0.00000000,0.00000000,0.00000000,0.00000000,0.00000000,0.00000000,0.00000000,0.00000000,0.00302708,0.00000000,0.00000000,0.00000000,0.00000000,0.00000000,0.00000000,0.00000000,0.00000000,0.00000000,0.00000000,0.00000000,0.00000000,0.00000000,0.00000000,0.00000000,0.00000000,0.00000000,0.00000000,0.00000000,0.00000000,0.00000000,0.00000000,0.00000000,0.00261462,0.00000000,0.01782063,0.00000000,0.02443844,0.00000000,0.00000000,0.01192398,0.00000000,0.00000000,0.00000000,0.00000000,0.00119477,0.01822104,0.00000000,0.00000000,0.00000000,0.00000000,0.01376825,0.00000000,0.00000000,0.00000000,0.00000000,0.00000000,0.00559366,0.00000000,0.00000000,0.00000000,0.00000000,0.00000000,0.00000000,0.00000000,0.00000000,0.00000000,0.00000000,0.00251396,0.00000000,0.00000000,0.00000000,0.85430954,0.01042481,0.00393358,0.00000000,0.00000000,0.00000000,0.00000000,0.00000000,0.00000000,0.00000000,0.00000000,0.00000000,0.00000000,0.00000000,0.00000000,0.00000000,0.00000000,0.00000000,0.00000000,0.00000000,0.00000000,0.00000000,0.00000000,0.00000000,0.00000000,0.00000000,0.00000000,0.03135674,0.00000000,0.00000000,0.00000000,0.00000000,0.00000000,0.00000000,0.00000000,0.00000000,0.00000000,0.00000000,0.00000000,0.00000000,0.00000000,0.00000000,0.00000000,0.00000000,0.00000000,0.00000000,0.00000000,0.00000000,0.00000000,0.00000000,0.00000000,0.00000000,0.00000000,0.00000000,0.00000000,0.00000000,0.00000000,0.04127147,0.00000000,0.00000000,0.00000000,0.00000000,1.81716260,0.00000000,0.00000000,0.00411752,0.00000000,0.00000000,0.00000000,0.00000000,0.00000000,0.00169441,0.00000000,0.00210099,0.00000000,0.00000000,0.00000000,0.10165626,0.00000000,0.00000000,0.00000000,0.00000000,0.00000000,0.00000000,0.00000000,0.00000000,0.00000000,0.00000000,0.02254314,0.00000000,0.00000000,0.46453966,0.00000000,0.00800829,0.00000000,0.00000000,0.00000000,0.00000000,0.00000000,0.00198244,0.02970306,0.00000000,0.00000000,0.00000000,0.02019095,0.00000000,0.00000000,0.00000000,0.00000000,0.00477470,0.00594192,0.00000000,0.00000000,0.00000000,0.00000000,0.00000000,0.00548666,0.00000000,0.00000000,0.00000000,0.00000000,0.00000000,0.00000000,0.00000000,0.00000000,0.00000000,0.00000000,0.00000000,0.00000000,0.00000000,0.00000000,0.00000000,0.00000000,0.00000000,0.00000000,0.00000000,0.00000000,0.97419750,0.00000000,0.00000000,0.01349994,0.00000000,0.00622451,0.00000000,0.00000000,0.00000000,0.00333967,0.00000000,0.00000000,0.00000000,0.00000000,0.00000000,0.00000000,0.00000000,0.00000000,0.00000000,0.09684575,0.00000000,0.00000000,0.00000000,0.00000000,0.00000000,0.00000000,0.00000000,0.00171995,0.00000000,0.00000000,0.00000000,0.00000000,0.00000000,0.00000000,0.00000000,0.00000000,0.00548863,0.00000000,0.00000000,0.01239303,0.00777983,0.00068439,0.00000000,0.00000000,0.00000000,0.01344580,0.00192985,0.00000000,0.00000000,0.00000000,0.02054323,0.00000000,0.00000000,0.00000000,0.00000000,0.06867990,0.00000000,0.00000000,0.00000000,0.00000000,0.00000000,0.00000000,0.00000000,0.00000000,0.00000000,0.00000000,0.00000000,0.00000000,0.00000000,0.00000000,0.00000000,0.00000000,0.00000000,0.00000000,0.00000000,0.00000000,0.00000000,0.00000000,0.00000000,0.00000000,0.00000000,0.00000000,0.00000000,0.00000000,0.00000000,0.00000000,0.00000000,0.00000000,0.00000000,0.00000000,0.00000000,0.00000000,0.00000000,0.00000000,0.00000000,0.00000000,0.00000000,0.00000000,0.00000000,0.00179206,0.00000000,0.00000000,0.00000000,0.00000000,0.00000000,0.00210342,0.00000000,0.00000000,0.00000000,0.00000000,0.00238873,0.00000000,0.00000000,0.00000000,0.00000000,0.12128103,0.00000000,0.00000000,0.00000000,0.00000000,0.00000000,0.00000000,0.00000000,0.00000000,0.00000000,0.00000000,0.00000000,0.00000000
0.00000000,0.00000000,0.00000000,0.00000000,0.00000000,0.00000000,0.00510251,0.00000000,0.00000000,0.00000000,0.00687353,0.00000000,0.00000000,0.00000000,0.00000000,0.00000000,0.00000000,0.00000000,0.00000000,0.00000000,0.92368906,0.04543338,0.00000000,0.00000000,0.00000000,0.03099378,0.00000000,0.00000000,0.00000000,0.00000000,0.00000000,0.00000000,0.00000000,0.00000000,0.00000000,0.00000000,0.06639095,0.00943984,0.00588189,0.00000000,0.00000000,0.00000000,0.00000000,0.00000000,0.00000000,0.00000000,0.00000000,0.00000000,0.01634820,0.00000000,0.00000000,0.00000000,0.00000000,0.00000000,0.00000000,0.00000000,0.00000000,0.00000000,0.00491964,0.00000000,0.00000000,0.00000000,0.00000000,0.00000000,0.00000000,0.00000000,0.00000000,0.00355449,0.00110028,0.00000000,0.00000000,0.00000000,0.19955795,0.00000000,0.00000000,0.00000000,0.00192098,0.00000000,0.00000000,0.00000000,0.00000000,0.00000000,0.00000000,0.00000000,0.00000000,0.00000000,0.00000000,0.00000000,0.00000000,0.00000000,0.00000000,0.00000000,0.00000000,0.00000000,0.03624981,0.00000000,0.00000000,0.00000000,0.00000000,0.19194453,0.00000000,0.00000000,0.00000000,0.12344315,0.00000000,0.00000000,0.00000000,0.00000000,0.00000000,0.18843587,0.00000000,0.01622820,0.00000000,0.00399050,0.00000000,0.00000000,0.00000000,0.00000000,0.00000000,0.00000000,0.00000000,0.00000000,0.00000000,0.00237121,0.00489432,0.00000000,0.00000000,0.00000000,0.00000000,0.00000000,0.00000000,0.00000000,0.00000000,0.00000000,0.00000000,0.00000000,0.00878918,0.00000000,0.00000000,0.00000000,0.00000000,0.00000000,0.00000000,0.00000000,0.00000000,0.00000000,0.00104842,0.00000000,0.00000000,0.00000000,0.00000000,0.00000000,0.00000000,0.00000000,0.00000000,0.00000000,0.00280443,0.00000000,0.00000000,0.01583104,0.00000000,0.00000000,0.00000000,0.00000000,0.00000000,0.00000000,0.00000000,0.00000000,0.00000000,0.00000000,0.00000000,0.00000000,0.00000000,0.00000000,0.00000000,0.00000000,0.00000000,0.00000000,0.00940762,0.01927944,0.00000000,0.06026566,0.00000000,0.00000000,0.00000000,0.00000000,0.00000000,0.00000000,0.00000000,0.00000000,0.00000000,0.00000000,0.00000000,0.15244891,0.00000000,0.00000000,0.00000000,0.00000000,0.00345137,0.00000000,0.00000000,0.00000000,0.00000000,0.00000000,0.08585901,0.00000000,0.00000000,0.00000000,0.00000000,0.00000000,0.00839405,0.00000000,0.00000000,0.00000000,0.00000000,0.00000000,0.00000000,0.00000000,0.00000000,0.00000000,0.00000000,0.00000000,0.00000000,0.00000000,0.00000000,0.00000000,0.00000000,0.00000000,0.00000000,0.00000000,0.00000000,0.00000000,0.00000000,0.00000000,0.00000000,0.00000000,0.00000000,0.00000000,0.00000000,0.00000000,0.01092558,0.00000000,0.00000000,0.00000000,0.00000000,0.00000000,0.00000000,0.00000000,0.00000000,0.00000000,0.00000000,0.00000000,0.00000000,0.00000000,0.00000000,0.00000000,0.00480749,0.00000000,0.00000000,0.00076064,0.02734238,0.00000000,0.00000000,0.00000000,0.00000000,0.00000000,0.01475906,0.00113171,0.00000000,0.00000000,0.00000000,0.00000000,0.00000000,0.00000000,0.00000000,0.00000000,0.00000000,0.00000000,0.00263894,0.00000000,0.00000000,0.00000000,0.00000000,0.00000000,0.00000000,0.00000000,0.00000000,0.00000000,0.00105408,0.00000000,0.00000000,0.00000000,0.02059119,0.00000000,0.00000000,0.00162961,0.00000000,0.00727312,0.00000000,0.00000000,0.00000000,0.00000000,0.00000000,0.00000000,0.00156478,0.00000000,0.00000000,0.00000000,0.00000000,0.00000000,0.00000000,0.00000000,0.00000000,0.00000000,0.00000000,0.00000000,0.00000000,0.00000000,0.00000000,0.00000000,0.00000000,0.00000000,0.00000000,0.00254640,0.00000000,0.00000000,0.00000000,0.00000000,0.00000000,0.00000000,0.00270788,0.00000000,0.00000000,0.00000000,0.00000000,0.00000000,0.00000000,0.00000000,0.00000000,0.00161473,0.00000000,0.00000000,0.00000000,0.00000000,0.00000000,0.00701950,0.00000000,0.00000000,0.00000000,0.00000000,0.00000000,0.00000000,0.00000000,0.00000000,0.00000000,0.00000000,0.00000000,0.00000000,0.00000000,0.00000000,0.00000000,0.00000000,0.00000000,1.63285696,0.00000000,0.00000000,0.00472884,0.00000000,0.00000000,0.00000000,0.00000000,0.00000000,0.00000000,0.08294590,0.00000000,0.00000000,1.56214882,0.00000000,0.00000000,0.00000000,0.01071794,0.00000000,0.00000000,0.00000000,0.37941186,0.00000000,0.00000000,0.00000000,0.00000000,0.00000000,0.00000000,0.00000000,0.01140588,0.00000000,0.00000000,0.00000000,0.00000000,0.04633432,0.00000000,0.00000000,0.00000000,0.00000000,0.00000000,0.00000000,0.00000000,0.00000000,0.00000000,0.00000000,0.00000000,0.00000000,0.00000000,0.00000000,0.00474022,0.00000000,0.01109501,0.00000000,0.00460213,0.00000000,0.00000000,0.00000000,0.00000000,0.00000000,0.00000000,0.00000000,0.00000000,0.19152704,0.00000000,0.00000000,0.00000000,0.00000000,0.00000000,0.00000000,0.00000000,0.00000000,0.00000000,0.04320061,0.00000000,0.00000000,0.00000000,0.00000000,0.00000000,0.40300643,0.06023927,0.00000000,0.00000000,0.00000000,0.00000000,0.00000000,0.00413834,0.00000000,0.00000000,0.00000000,0.00000000,0.00000000,0.00000000,0.02795557,0.00000000,0.00000000,0.00000000,0.00000000,0.00000000,0.00000000,0.00000000,0.00000000,0.00000000,0.00000000,0.00000000,0.00000000,0.00000000,0.02138435,0.00000000,0.00000000,0.00000000,0.01981830,0.00000000,0.01393306,0.00000000,0.00000000,0.00000000,0.00000000,0.00000000,0.00000000,0.00000000,0.00000000,0.01127452,0.00354172,0.00000000,0.00000000,0.00000000,0.00000000,0.00555811,0.00232600,0.00000000,0.00000000,0.00000000,0.00000000,0.00210991,0.00000000,0.00000000,0.00000000,0.00000000,0.00000000,0.00000000,0.00000000,0.00000000,0.00000000,0.00623606,0.00000000,0.00000000,0.00000000,0.00000000,0.00000000,0.00000000,0.00000000,0.00000000,0.00000000,0.00000000,0.03111306,0.00395739,0.00000000,0.00000000,0.00000000,0.00000000,0.00000000,0.00000000,1.61862811,1.38887470,0.00000000,0.00000000,0.00894424,0.00000000,0.00000000,0.90283403,0.00000000,0.00000000,0.00000000,0.00000000,0.00000000,0.00000000,0.00000000,0.00000000,0.00000000,0.00000000,0.00000000,0.00000000,0.00000000,0.00000000,0.00000000,0.00000000,0.00341100,0.00000000,0.00000000,0.00000000,0.00000000,0.00000000,0.00000000,0.00000000,0.01549772,0.00000000,0.00000000,0.00000000,0.00000000,0.00000000,0.00000000,0.00000000,0.00000000,0.00000000,0.00000000,0.00267957,0.00000000,0.00000000,0.00000000,0.00000000,0.00000000,0.00000000,0.00000000,0.00000000,0.00000000,0.00000000,0.00000000,0.00000000,0.00000000,0.00000000,0.00000000,0.00000000,0.00000000,0.00000000,0.00000000,0.00537003,0.00000000,0.00000000,0.00112529,0.00000000,0.00000000,0.00799251,0.00000000,0.00000000,0.00000000,0.00000000,0.00000000,0.00000000,0.00000000,0.00000000,0.00000000,0.00000000,0.00000000,0.00497562,0.00000000,0.00000000,0.00000000,0.00000000,0.00000000,0.00000000,0.00000000,0.00000000,0.00000000,0.00000000,0.00000000,0.00000000,0.00000000,0.00000000,0.00000000,0.03156352,0.00000000,0.00929088,0.00000000,0.00000000,0.00000000,0.00000000,0.00000000,0.00000000,0.00000000,0.00000000,0.00000000,0.00000000,0.00000000,0.00000000,0.00000000,0.00000000,0.00000000,0.00000000,0.14050231,0.00000000,0.00000000,0.00000000,0.00000000,0.79018862,0.00000000,0.00000000,0.00000000,0.00000000,0.00000000,0.00000000,0.00000000,0.00000000,0.00000000,0.00000000,0.00000000,0.00078108,0.00000000,0.00000000,0.00000000,0.00503570,0.00000000,0.00000000,0.00000000,0.00000000,0.00000000,0.00000000,0.00000000,0.00000000,0.00000000,0.00000000,0.00000000,0.00000000,0.00000000,0.00000000,0.00000000,0.00000000,0.00000000,0.00000000,0.00000000,0.01500437,0.00000000,0.00000000,0.00000000,0.00813284,0.00000000,0.00000000,0.00000000,0.00000000,0.00000000,0.00000000,0.00507193,0.00000000,0.00000000,0.01826327,0.00000000,0.00000000,0.00000000,0.00000000,0.00000000,0.00356105,0.00000000,0.00000000,0.00000000,0.00000000,0.00000000,0.00000000,0.00000000,0.00000000,0.02166070,0.00000000,0.00144350,0.00000000,0.00000000,0.00000000,0.02349298,0.00000000,0.00000000,0.00000000,0.00000000,0.00000000,0.00000000,0.00000000,0.00000000,0.00000000,0.40514467,0.00000000,0.00000000,0.00000000,0.00000000,0.00000000,0.00000000,0.00000000,0.00000000,0.00000000,0.00000000,0.00000000,0.00000000,0.00000000,0.00000000,0.00000000,0.00000000,0.00000000,0.01455859,0.00000000,0.02781467,0.00000000,0.00000000,0.00000000,0.03882476,0.00000000,0.00000000,0.02349203,0.00000000,0.00000000,0.00000000,0.00000000,0.00000000,0.00000000,0.00000000,0.00000000,0.00000000,0.00000000,0.00000000,0.00000000,0.00000000,0.00000000,0.00000000,0.00000000,0.00000000,0.00000000,0.00000000,0.00000000,0.00000000,0.00000000,0.07721633,0.00000000,0.00000000,0.00000000,0.00000000,0.00000000,0.01108693,0.01433133,0.00000000,0.00529339,0.00000000,0.00000000,0.00000000,0.01655778,0.00000000,0.00000000,0.00000000,0.00000000,0.00000000,0.02907833,0.00274558,0.00000000,0.00000000
0.00000000,0.00000000,0.00000000,0.00000000,0.00000000,0.00000000,0.00000000,0.00121848,0.00000000,0.00000000,0.00172384,0.00539354,0.60216632,0.00000000,0.00000000,0.00329578,0.00000000,0.00000000,0.00000000,0.00000000,0.00000000,0.01727839,0.00000000,0.00000000,0.00000000,0.00000000,0.00000000,0.00000000,0.00000000,0.00000000,0.00000000,0.02144032,0.00000000,0.00000000,0.00000000,0.00000000,0.00000000,0.00000000,0.04791142,0.00000000,0.00000000,0.00000000,0.00000000,0.00000000,0.00000000,0.00000000,0.00000000,0.01723062,0.00000000,0.00000000,0.00000000,0.00000000,0.48964330,0.00000000,0.00000000,0.00000000,0.02568070,0.00000000,0.00000000,0.00000000,0.00000000,0.00000000,0.00000000,0.00000000,0.00000000,0.00000000,0.00000000,0.00000000,0.00000000,0.00234486,0.00000000,0.00073489,0.00000000,0.00000000,0.00000000,0.00000000,0.01392943,0.00000000,0.00323428,0.00000000,0.00000000,0.05948031,0.00000000,0.00000000,0.00000000,0.00000000,0.00000000,0.00000000,0.00087046,0.00000000,0.00000000,0.00000000,0.00000000,0.00000000,0.00000000,0.00000000,0.00000000,0.00000000,0.00000000,0.00000000,0.00000000,0.00000000,0.00578033,0.00000000,0.00000000,0.00000000,0.82103812,0.00000000,0.00000000,0.00000000,0.00000000,0.00000000,0.00000000,0.00000000,0.00000000,0.00000000,0.00000000,0.00000000,0.00000000,0.00000000,0.00000000,0.04923880,0.00000000,0.00000000,1.32644290,0.00000000,0.00700498,0.00000000,0.00000000,0.00000000,0.00000000,0.00000000,0.00000000,0.01853365,0.00000000,0.00000000,0.00000000,0.00000000,0.00000000,0.00000000,0.00000000,0.00000000,0.00000000,0.00000000,0.01628776,0.00000000,0.00000000,0.00000000,0.00000000,0.00000000,0.00000000,0.00237269,0.00000000,0.00074954,0.00000000,0.00000000,0.00000000,0.00000000,0.00000000,0.00000000,0.00000000,0.00000000,0.00000000,0.00000000,0.00000000,0.00000000,0.00000000,0.00000000,0.01876520,0.00000000,0.00000000,0.00000000,0.00000000,0.00000000,0.00000000,0.04205097,0.00000000,0.00000000,0.00000000,0.00000000,0.00000000,0.00000000,0.00000000,0.00000000,0.00000000,0.00000000,0.00000000,0.01878942,0.00993236,0.00000000,0.00000000,0.00000000,0.00000000,0.00000000,0.00000000,0.00000000,0.00000000,0.00000000,0.00000000,0.00000000,0.00000000,0.00000000,0.00000000,0.00000000,0.00000000,0.00000000,0.00000000,0.00505418,0.00000000,0.00000000,0.00000000,0.00000000,0.00258611,0.00000000,0.00000000,0.00000000,0.00000000,0.00000000,0.00000000,0.00000000,0.00117744,0.00000000,0.00000000,0.00000000,0.00000000,0.00000000,0.00000000,0.00000000,0.00000000,0.00000000,0.00000000,0.00000000,0.00000000,0.00000000,0.00000000,0.00000000,0.00000000,0.00000000,0.00000000,0.00000000,0.00786613,0.00000000,0.00000000,0.00000000,0.00000000,0.00000000,0.00000000,0.00000000,0.00000000,0.00000000,0.00000000,0.00000000,0.00000000,0.00000000,0.00000000,0.00000000,0.00000000,0.00455729,0.00000000,0.00000000,0.00000000,0.00000000,0.00000000,0.00000000,0.00000000,0.00000000,0.00000000,0.00000000,0.00000000,0.00000000,0.00000000,0.01443526,0.00000000,0.00000000,0.00000000,0.00000000,0.00000000,0.00000000,0.00000000,0.00000000,0.00000000,0.00826701,0.00000000,0.00000000,0.00000000,0.00000000,0.00000000,0.00000000,0.00000000,0.00000000,0.00000000,0.72726437,0.00000000,0.00000000,0.00000000,0.00000000,0.00000000,0.00000000,0.00000000,0.00000000,0.10285439,0.00000000,0.00000000,0.00000000,0.00000000,0.00000000,0.00000000,0.00078020,0.00958137,0.00000000,0.00000000,0.00739073,0.00000000,0.00000000,0.00000000,0.00000000,0.00000000,0.00000000,0.00000000,0.00000000,0.00000000,0.00000000,0.00000000,0.00000000,0.00000000,0.00000000,0.00390110,0.00000000,0.00000000,0.00000000,0.00000000,0.00000000,0.00000000,0.00000000,0.00000000,0.00000000,0.00000000,0.00000000,0.00000000,0.00000000,0.00117017,0.00000000,0.00000000,0.00000000,0.00000000,0.00000000,0.00000000,0.00000000,0.00000000,0.00000000,0.00000000,3.69735716,0.00000000,0.00000000,0.00000000,0.00000000,0.00000000,0.00000000,0.00000000,0.00000000,0.00000000,0.00000000,0.00000000,0.00000000,0.00000000,0.02846814,0.00555690,0.05325971,0.00000000,0.00000000,0.00000000,0.00000000,0.00000000,0.00000000,0.00000000,0.00000000,0.00000000,0.00000000,0.00000000,0.00000000,0.00000000,0.00000000,0.01109486,0.00000000,0.00781727,0.00000000,0.00000000,0.00000000,0.00000000,0.00000000,0.00000000,0.00000000,0.00000000,0.00000000,0.01411050,0.00000000,0.00000000,0.00000000,0.00000000,0.00422641,0.00000000,1.52564047,0.00000000,0.00000000,0.00000000,0.00000000,0.00102834,0.00000000,0.00000000,0.00000000,0.00000000,0.00000000,0.00000000,0.00000000,0.00000000,0.00000000,0.00000000,0.00000000,0.00000000,0.00000000,0.00000000,0.00000000,0.00000000,0.00000000,0.01326530,0.00000000,0.00000000,0.00000000,0.00000000,0.00000000,0.00000000,0.00087910,0.00000000,0.00000000,0.00000000,0.00000000,0.00000000,0.00000000,0.00000000,0.00000000,0.00000000,0.00000000,0.00000000,0.00000000,0.00000000,0.00000000,0.00412350,0.00000000,0.00221313,0.00189580,0.00000000,0.00351634,2.66336000,0.00000000,0.00000000,0.00000000,0.00000000,0.00000000,0.00000000,0.00000000,0.00000000,0.02107433,0.00000000,0.00000000,0.00000000,0.00000000,0.05872650,0.00000000,0.00000000,0.03356972,0.00000000,0.00000000,0.00000000,0.00000000,0.00000000,0.00000000,0.00000000,0.00000000,0.00750803,0.00000000,0.00000000,0.00000000,0.00000000,0.00000000,0.00000000,0.48061719,0.00000000,0.00000000,0.00000000,0.00000000,0.00000000,0.00000000,0.00000000,0.00295962,0.00000000,0.00000000,0.00000000,0.00000000,0.00000000,0.00000000,0.00000000,0.00000000,0.00000000,0.00000000,0.00000000,0.05362947,0.19257668,0.00000000,0.00427818,0.00000000,0.05025519,0.11490935,0.00000000,0.00000000,0.00000000,0.00000000,0.00000000,0.00719963,0.00000000,0.00000000,0.00000000,0.00000000,0.00000000,0.00000000,0.00000000,0.00000000,0.00000000,0.00000000,0.00000000,0.00000000,0.00000000,0.00000000,0.00000000,0.00000000,0.00000000,0.01099818,0.00000000,0.00000000,0.00000000,0.00000000,0.00000000,0.00000000,0.00000000,0.00000000,0.00000000,0.00000000,0.01546551,0.00000000,0.00803547,0.00000000,0.00000000,0.00000000,0.00000000,0.00100136,0.00000000,0.01254343,0.00000000,0.00000000,0.00000000,0.00000000,0.00000000,0.00000000,0.00000000,0.00000000,0.00000000,0.00000000,0.00000000,0.00000000,0.00400770,0.00000000,0.00000000,0.00000000,0.00000000,0.00000000,0.00000000,0.02525420,0.00000000,0.00000000,0.00000000,0.00000000,0.00000000,0.00000000,0.00000000,0.00000000,0.00255860,0.00000000,0.00000000,0.00000000,0.00000000,0.00000000,0.00000000,0.00000000,0.00683981,0.00000000,0.00000000,0.00000000,0.00603441,0.00000000,0.00000000,0.00000000,0.00000000,0.00000000,0.00000000,0.00000000,0.00094635,0.00000000,0.00000000,0.00000000,0.00000000,0.00000000,0.00000000,0.00000000,0.00000000,0.00000000,0.00000000,0.01431798,0.01697618,0.00000000,0.00000000,0.00000000,0.00000000,0.00000000,0.00000000,0.00000000,0.00000000,0.00000000,0.00312879,0.00000000,0.00203680,0.01249449,0.00657413,0.00105458,0.01119490,0.00000000,0.00000000,0.00000000,0.00000000,0.00000000,0.00000000,0.00283325,0.00000000,0.00000000,0.00000000,0.00000000,0.00000000,0.00000000,0.00000000,0.00000000,0.00000000,0.00000000,0.00000000,0.00000000,0.00000000,0.00000000,0.67758493,0.00000000,0.00000000,0.00000000,0.00479015,0.00715393,0.00000000,0.00000000,0.00000000,0.00000000,0.00000000,0.00000000,0.00000000,0.00000000,0.00000000,0.00000000,0.00000000,0.00000000,0.00000000,1.11576794,0.00000000,0.00000000,0.00000000,0.00000000,0.00000000,0.00000000,0.00429406,0.00000000,0.00643587,0.00574690,0.00000000,0.00000000,0.02629840,0.00866066,0.00000000,0.00679097,0.01078425,0.00000000,0.00000000,0.00000000,0.00000000,0.00000000,0.00000000,0.00000000,0.00000000,0.00000000,0.00000000,0.00000000,0.00000000,0.00000000,0.00000000,0.00000000,0.00000000,0.00000000,0.00000000,0.00000000,0.00000000,0.00000000,0.00000000,0.00000000,0.00000000,0.00000000,0.00000000,0.00000000,0.00000000,0.00000000,0.00000000,0.00000000,0.00000000,0.00000000,0.04548998,0.00000000,0.00000000,0.00000000,0.00000000,0.00000000,0.02618216,0.00000000,0.00000000,0.00000000,0.00000000,0.00000000,0.00000000,0.00000000,0.00000000,0.00000000,0.00000000,0.00000000,0.00000000,0.00000000,0.00000000,0.00000000,0.00000000,0.00000000,0.00000000,0.00340697,0.00172817,0.00000000,0.00514346,0.00000000,0.00000000,0.00000000,0.00000000,0.00000000,0.00000000,0.00000000,0.00000000,0.00000000,0.00000000,0.00995770,0.00000000,0.00000000,0.00000000,0.00000000,0.00000000,0.00102390,0.00000000,0.00000000,0.00000000,0.00000000,0.05406769,0.00000000,0.00000000,0.00000000,0.00000000,0.00000000,0.00000000,0.00000000,0.00000000,0.00000000,0.00000000,0.00000000,0.00000000,0.00000000,0.01468944,0.00000000,0.00000000,0.00000000,0.00000000,0.00000000,0.00000000,0.00000000,0.00000000,0.00603913,0.00000000,0.00000000
0.00000000,0.00000000,0.00000000,0.00000000,0.00000000,0.00231614,0.02757689,0.15740099,0.03627209,0.00000000,0.00000000,0.00000000,0.00000000,0.00000000,0.00000000,0.00212995,0.00000000,0.00000000,0.00000000,0.00000000,0.00000000,0.07048246,0.00000000,1.25781640,0.02712735,0.01629596,0.00832249,0.00278387,0.00000000,0.00000000,0.01651071,0.00000000,0.00000000,0.00000000,0.00332125,0.00000000,0.00000000,0.00000000,0.00000000,0.00000000,0.00000000,0.00000000,0.00000000,0.00000000,0.00000000,0.00000000,0.00000000,0.00000000,0.00000000,0.00000000,0.00000000,0.00000000,0.00000000,0.00000000,0.00000000,0.00000000,0.00000000,0.00000000,0.00000000,0.00000000,0.00000000,0.00000000,0.00000000,0.00000000,0.00000000,0.00000000,0.00000000,0.00000000,0.00000000,0.00000000,0.00000000,0.00000000,0.00000000,0.00000000,0.00000000,0.00000000,0.14773024,0.00000000,1.44738008,0.00000000,0.00000000,0.00000000,0.00000000,0.00000000,0.00000000,0.00000000,0.00000000,0.00000000,0.00000000,0.00000000,0.00079246,0.00000000,0.00000000,0.00000000,0.00000000,0.06721486,0.00000000,0.00000000,0.00000000,0.00000000,0.00000000,0.00000000,0.00000000,0.00000000,0.00000000,0.44456916,0.00000000,0.00000000,0.00000000,0.00000000,0.00000000,0.00000000,0.00000000,0.00000000,0.00000000,0.00000000,0.00462236,0.00362753,0.00000000,0.00000000,0.00000000,0.00000000,0.00716840,0.00000000,0.00000000,0.00000000,0.00000000,0.00000000,0.00000000,0.00000000,0.00000000,0.00000000,0.00000000,0.00000000,0.00000000,0.00000000,0.00000000,0.00000000,0.00000000,0.00000000,0.00000000,0.00000000,0.00000000,0.00000000,0.00095825,0.00000000,0.00000000,0.00000000,0.04575083,0.00000000,0.00400295,0.00000000,0.00000000,0.00000000,0.00000000,0.00000000,0.00000000,0.69535068,0.00000000,0.00000000,0.00000000,0.00000000,0.00000000,0.00000000,0.00000000,0.00000000,0.00000000,0.00755581,0.00000000,0.00000000,0.00000000,0.00000000,0.00000000,0.00000000,0.00000000,0.00000000,0.00000000,0.00000000,0.00000000,0.00000000,0.00000000,0.00000000,0.00000000,0.00000000,0.00000000,0.00000000,0.00000000,0.00000000,0.00000000,0.00000000,0.00000000,0.00000000,0.00000000,0.00000000,0.00000000,0.00000000,0.00000000,0.00000000,0.01492926,0.00000000,0.00000000,0.00000000,0.00000000,0.00221911,0.00000000,0.00000000,0.00000000,0.00458364,0.00000000,0.00000000,0.00000000,0.00000000,0.00000000,0.00000000,0.00000000,0.00000000,0.00000000,0.00000000,0.00000000,0.00000000,0.00000000,0.00000000,0.00000000,0.00000000,0.00000000,0.69274226,0.00000000,0.00000000,0.00000000,0.00000000,0.00000000,0.00000000,0.00000000,0.00000000,0.01376686,0.00000000,0.00000000,0.00000000,0.00000000,0.00000000,0.02001392,0.00000000,0.00000000,0.00000000,0.00000000,0.00158110,0.00000000,0.00000000,0.00000000,0.00000000,0.00000000,0.00000000,0.00000000,0.00000000,0.00000000,0.00000000,0.00000000,0.00308115,0.00391285,0.00000000,0.00933359,0.00000000,0.00000000,0.00000000,0.00061481,0.00000000,0.00000000,0.00000000,0.00000000,0.00000000,0.00000000,0.00000000,0.00000000,0.00000000,0.00000000,0.00000000,0.00563594,0.00000000,0.00000000,0.00000000,0.00000000,0.00000000,0.00000000,0.04033546,0.00000000,0.00000000,0.00000000,0.00000000,0.15374516,0.00000000,0.00000000,0.00000000,0.00000000,0.00000000,0.00000000,0.00000000,0.00000000,0.00000000,0.00000000,0.00000000,0.00000000,0.00000000,0.00000000,0.02767226,0.00000000,0.00000000,0.00000000,0.00000000,0.00000000,0.00000000,0.00000000,0.00000000,0.00000000,0.00326611,0.00000000,0.00177222,0.00000000,0.00000000,0.00000000,0.01702110,0.00000000,0.00000000,0.00000000,0.00000000,0.00000000,0.00731627,0.00000000,0.00000000,0.00000000,0.00000000,0.00000000,0.00000000,0.00000000,0.00000000,0.00000000,0.00276498,0.00000000,0.00000000,0.00000000,0.00000000,0.00000000,0.00000000,0.00000000,0.00000000,0.01029430,0.00000000,0.00000000,0.00000000,0.00951053,0.00000000,0.00000000,0.00000000,0.00000000,0.00000000,0.00000000,0.00000000,0.00000000,0.03816421,0.00000000,0.01023992,0.00000000,0.00000000,0.00000000,0.00000000,0.00000000,0.00000000,0.00000000,0.00000000,0.00000000,0.00000000,0.00000000,0.00000000,0.00000000,0.00000000,0.00000000,0.00000000,0.00000000,0.00567390,0.00000000,0.00000000,0.00000000,0.00000000,0.00000000,0.00000000,0.01328386,0.00000000,0.00000000,0.00000000,0.00000000,0.00000000,0.00000000,0.00000000,0.00000000,0.00066245,0.00000000,0.00000000,0.00000000,0.00000000,0.00000000,0.00000000,0.00000000,0.42212446,0.00000000,0.00323012,0.00000000,0.02236963,0.00000000,0.00000000,0.00000000,0.00000000,0.00000000,0.00000000,0.00000000,0.00150140,0.00000000,0.02038735,0.00000000,0.00000000,2.74671111,0.00000000,0.00000000,0.00000000,0.00000000,0.00000000,0.00000000,0.00000000,0.11256761,0.00000000,0.00000000,0.00000000,0.00066444,0.00000000,0.00000000,0.00000000,0.00000000,0.00000000,0.01376185,0.00000000,0.34104044,0.00000000,0.00000000,0.00000000,0.00000000,0.01363401,0.00000000,0.00000000,0.00000000,0.04124100,0.00000000,0.00000000,0.44521189,0.00000000,0.00000000,0.00186432,0.00000000,0.00000000,0.01621348,0.00000000,0.00000000,0.00000000,0.00000000,0.01285840,0.00000000,0.00000000,0.00000000,0.00000000,0.00000000,0.00000000,0.00000000,0.00000000,0.00000000,0.00000000,0.00000000,0.00567465,0.00000000,0.00000000,0.00000000,0.00000000,0.00000000,0.00000000,0.03391935,0.00000000,0.00000000,0.00000000,0.00000000,0.00000000,0.00000000,0.00000000,0.00000000,0.00000000,0.00000000,0.00000000,0.00000000,0.00000000,0.00000000,0.00000000,0.00000000,0.00000000,0.00000000,0.00000000,0.00000000,0.00000000,0.00000000,0.00000000,0.00000000,0.00000000,0.00000000,0.00000000,0.00000000,0.00502192,0.00000000,0.00000000,0.00000000,0.00000000,0.00823506,0.00226542,0.00098879,0.00000000,0.00000000,0.00000000,0.00000000,0.00000000,0.00000000,0.00000000,0.00000000,0.00000000,0.01052639,0.00000000,0.00000000,0.02520499,0.02039874,0.00000000,0.00000000,0.00000000,0.00000000,0.00000000,0.00000000,0.00000000,0.00000000,0.00776484,0.00000000,0.00000000,0.00000000,0.00000000,0.00000000,0.00000000,0.00000000,0.00000000,0.00000000,0.00000000,0.00157685,0.00000000,0.00000000,0.00000000,0.00000000,0.00000000,0.00000000,0.00000000,0.00000000,0.00000000,0.00000000,0.00000000,0.00000000,0.14077578,0.00000000,0.00000000,0.00000000,0.00000000,0.00000000,0.01033426,0.00000000,0.00275074,0.00000000,0.00000000,0.00000000,0.00000000,0.01096959,0.00000000,0.00000000,0.00000000,0.00000000,0.00000000,0.00000000,0.00000000,0.00000000,0.00000000,0.03471824,0.00000000,0.00000000,0.00000000,0.00000000,0.00000000,0.00000000,0.00000000,0.01509289,0.00000000,0.00000000,0.00000000,0.00309076,0.00000000,0.00000000,0.08305596,0.00000000,0.00000000,0.00000000,0.00000000,0.00000000,0.00000000,0.00000000,0.25495931,0.00000000,0.00000000,0.02452153,0.00000000,0.05285358,0.00000000,0.00000000,0.00000000,0.00000000,0.00531078,0.00000000,0.00000000,0.00000000,0.00000000,0.00000000,0.00000000,0.00000000,0.00000000,0.00000000,0.00000000,0.00000000,0.00000000,0.00000000,0.00000000,0.00000000,0.00000000,0.00000000,0.00000000,0.00000000,0.00000000,0.00000000,0.00871701,0.00000000,0.00000000,0.00000000,1.82287913,0.00000000,0.01148976,0.00000000,0.00000000,0.00000000,0.00000000,0.00000000,0.00000000,2.34186410,0.03382871,0.00000000,0.00000000,0.00000000,0.00000000,0.00000000,0.00000000,0.00000000,0.00000000,0.01411738,0.00000000,0.00000000,0.00000000,0.00000000,0.00000000,0.00000000,0.00000000,0.00000000,0.00000000,0.00395459,0.00000000,0.00000000,0.00000000,0.00000000,0.00000000,0.00000000,0.00000000,0.00000000,0.00000000,0.00000000,0.00000000,0.00000000,0.01629681,0.00000000,0.00000000,0.00000000,0.00000000,0.00000000,0.00000000,0.00000000,0.00000000,0.05820871,0.00000000,0.00000000,0.00000000,0.00000000,0.00318126,0.00000000,0.00000000,0.00000000,0.00000000,0.00000000,0.00000000,0.00000000,0.00000000,0.00000000,0.00000000,0.00000000,0.00000000,0.00000000,0.00000000,0.00564907,0.00000000,0.00000000,0.00000000,0.00000000,0.00000000,0.00000000,0.00000000,0.00000000,0.00000000,0.00000000,0.68586588,0.00000000,0.00000000,0.00000000,0.00000000,0.00000000,0.00000000,0.00000000,0.00118840,0.00000000,0.00000000,0.00000000,0.00000000,0.05854189,0.00000000,0.00000000,0.00000000,0.00000000,0.00000000,0.00000000,0.00000000,0.00000000,0.00000000,0.00000000,0.01218964,0.00000000,0.00000000,0.00000000,0.00000000,0.00000000,0.00000000,0.00000000,3.20752567,0.00000000,0.00000000,0.00000000,0.00000000,0.00000000,0.00000000,0.00000000,0.00000000,0.00000000,0.00000000,0.00000000,0.00000000,0.00000000,0.00000000,0.00000000,0.00000000,0.00000000,0.00000000,0.00000000,0.00000000,0.00000000,0.00000000,0.00000000,0.00000000,0.00000000,0.00733445,0.00559909,0.00307620,0.00000000,0.00000000,0.00575931,0.00000000,0.00000000,0.00000000,0.00088634,0.00000000,0.00000000,0.00806130,0.00000000,0.00000000
0.00000000,0.00000000,0.00168116,0.00000000,0.00000000,0.00000000,0.00000000,0.00000000,0.00000000,0.00000000,0.00000000,0.00000000,0.00000000,0.00000000,0.00000000,0.00000000,0.00000000,0.01798212,0.00000000,0.01291227,0.00294687,0.00147409,0.00000000,0.00000000,0.00000000,0.00000000,0.00000000,0.00000000,0.00000000,0.00000000,0.00000000,0.00000000,0.00000000,0.00000000,0.00137465,0.00000000,0.00000000,0.00000000,0.05258949,0.00000000,0.00000000,0.00000000,0.00000000,0.00000000,0.03769015,0.00000000,0.00000000,0.00000000,0.00000000,0.00000000,0.00000000,0.00000000,0.00000000,0.00000000,0.00000000,0.00000000,0.00000000,0.00000000,0.00000000,0.00000000,0.00000000,0.00000000,0.00000000,0.00000000,0.00000000,0.05454164,0.00000000,0.00000000,0.00000000,0.00000000,0.00817642,0.00000000,0.00000000,0.00000000,0.00000000,0.00000000,0.00000000,0.00000000,0.00000000,0.28137347,0.00000000,0.00000000,0.00000000,0.00000000,0.00000000,0.00000000,0.00000000,0.00000000,0.00000000,0.00000000,0.00000000,0.00000000,0.00000000,0.00000000,0.07538372,0.00000000,0.00000000,0.00000000,0.05546574,0.00000000,0.00000000,0.00000000,0.00000000,0.00000000,0.00271514,0.00000000,0.00000000,0.00000000,0.00000000,0.00000000,0.00000000,0.00000000,0.00000000,0.00000000,0.00000000,0.00000000,0.00000000,0.00000000,0.00000000,0.00000000,0.00000000,0.23861673,0.00000000,0.00000000,0.00000000,0.00000000,0.00000000,0.00000000,0.00000000,0.00000000,0.26277859,0.00000000,0.00120439,0.00000000,0.00000000,0.00000000,0.00000000,0.00000000,0.00000000,0.00000000,0.00000000,0.00000000,0.00000000,0.00000000,0.00000000,0.00000000,0.00000000,0.00000000,0.00000000,0.00000000,0.00000000,0.00000000,0.00000000,0.00000000,0.01648245,0.00000000,0.00000000,0.00000000,0.00000000,0.00000000,0.00000000,0.00000000,0.00502344,0.00000000,0.00000000,0.00000000,0.00000000,0.00000000,0.03618621,0.00000000,0.00000000,0.00000000,0.00000000,0.00000000,0.00000000,0.00000000,0.00000000,0.00000000,0.14968990,0.00000000,0.00000000,0.00000000,0.00000000,0.00000000,0.00000000,0.00000000,0.00655166,0.00000000,0.00000000,0.00000000,0.00000000,0.00000000,0.00000000,0.00000000,0.00000000,0.00000000,0.00000000,0.00000000,0.40041371,0.00000000,0.00911047,0.00000000,0.00000000,0.00000000,0.00000000,0.00000000,0.00000000,0.00000000,0.00000000,0.00000000,0.00000000,0.00000000,0.00000000,0.00000000,0.00000000,0.00000000,0.00000000,0.00000000,0.00000000,0.00000000,0.00000000,0.00000000,0.00000000,0.00000000,0.00000000,0.04555238,0.00000000,0.00000000,0.00000000,0.00000000,0.00000000,0.00126273,0.00000000,0.00000000,0.03479958,0.00000000,0.00000000,0.00000000,0.01650332,0.00000000,0.06392589,0.00000000,0.00000000,0.00000000,0.00000000,0.00000000,0.00000000,0.00000000,0.00401923,0.04751398,0.00000000,0.01358291,0.00000000,0.01341197,0.00000000,0.00000000,0.00000000,0.00000000,0.00000000,0.00261672,0.00000000,0.00000000,0.00000000,0.00470804,0.00000000,0.00000000,0.00000000,0.00000000,0.00112407,0.00000000,0.00000000,0.00000000,0.00000000,0.00000000,0.00000000,0.00000000,0.00801786,0.00086701,0.07099261,0.00000000,0.00000000,0.05503395,0.00000000,0.00000000,0.00000000,0.00000000,0.00000000,0.02006317,0.00000000,0.00000000,0.00111138,0.00000000,0.00000000,0.00000000,0.00000000,0.00000000,0.00000000,0.00000000,0.00000000,0.00000000,0.00000000,0.00000000,0.00000000,0.00202234,0.00210797,0.00087047,0.00000000,0.04217477,0.00000000,0.00000000,0.00000000,0.00000000,0.00000000,0.00000000,0.00000000,0.33491703,0.00000000,0.00000000,0.00000000,0.01111578,0.02821252,0.00000000,0.00000000,0.00000000,0.00000000,0.00000000,0.00000000,0.00000000,0.00000000,0.00000000,0.00000000,0.00000000,0.00000000,0.00000000,0.00000000,0.00000000,0.00000000,0.00000000,0.00576930,0.00000000,0.00000000,0.00000000,0.00000000,0.00000000,0.00152055,0.00000000,0.00000000,0.00000000,0.00000000,0.00848296,0.00596963,0.00000000,0.00000000,0.00000000,0.00000000,0.00000000,0.00090354,0.00000000,0.00000000,0.00000000,0.00000000,0.00000000,0.00000000,0.00000000,0.01738673,0.00000000,0.00000000,0.00000000,0.01768115,0.00000000,0.00000000,0.00000000,0.00000000,0.00000000,0.00000000,0.00000000,0.01457733,0.00000000,0.00264137,0.00000000,0.00996270,0.00000000,0.00000000,0.00000000,0.00000000,0.00000000,0.00000000,0.00000000,0.00000000,0.00000000,0.00237074,0.00000000,0.00000000,0.00000000,0.00068548,0.00000000,0.00000000,0.00000000,0.00000000,0.00252944,0.03744489,0.01153024,0.00000000,0.00882641,0.00000000,0.00000000,0.00000000,0.00000000,0.00000000,0.00000000,0.00973421,0.00000000,0.00000000,0.00000000,0.00116942,0.00000000,0.00071325,0.00000000,0.00000000,0.00000000,0.00000000,0.00000000,0.00000000,0.00000000,0.00000000,0.00000000,0.00000000,0.00000000,0.00000000,0.00000000,0.00000000,0.00000000,0.00000000,0.00000000,0.00000000,0.00000000,0.00000000,0.00000000,0.01875041,0.00000000,0.00000000,0.00000000,0.00000000,0.00000000,0.00000000,0.00000000,0.00000000,0.00000000,0.00000000,0.00000000,0.00000000,0.00000000,0.00000000,0.00000000,0.00000000,0.00000000,0.00000000,0.00000000,0.00000000,0.00000000,0.00000000,0.00000000,0.00000000,0.00000000,0.01493033,0.00000000,0.00000000,0.00000000,0.00000000,0.01140622,0.00000000,0.00000000,0.00000000,0.00000000,0.00331770,0.00000000,0.00000000,0.00000000,0.04152949,0.00806204,0.00000000,0.00606880,0.00000000,0.05913485,0.00000000,0.00000000,0.00000000,0.00000000,0.00294001,0.00000000,0.00000000,0.00000000,0.00000000,0.00000000,0.00000000,0.00000000,0.00000000,0.00000000,0.00000000,0.00000000,0.00000000,0.00000000,0.00000000,0.00000000,0.00000000,0.00000000,0.00000000,0.00000000,0.00000000,0.00000000,0.00000000,0.10973936,0.00000000,0.00000000,0.00000000,0.00206072,0.00000000,0.00000000,0.00000000,0.00000000,0.00000000,0.00000000,0.00000000,0.00000000,0.00000000,0.00596099,0.00000000,0.00000000,0.00000000,0.00000000,0.00216219,0.00000000,0.00000000,0.00000000,0.00664064,0.00000000,0.00000000,0.00000000,0.00000000,0.00000000,0.00000000,0.00000000,0.00000000,0.00000000,0.00000000,0.00000000,0.00000000,1.63092737,0.00000000,0.00000000,0.00000000,0.00000000,0.00000000,0.00000000,0.00000000,0.00000000,0.00000000,0.00078284,0.00000000,0.00000000,0.00000000,0.00000000,0.00000000,0.00000000,0.00324861,0.00071145,0.00000000,2.94415297,0.00000000,0.00000000,0.00000000,0.00079316,0.00000000,0.00880590,0.00000000,0.00000000,0.00000000,0.00000000,0.00000000,0.00000000,0.00000000,0.00000000,0.00000000,0.00000000,0.00000000,0.00000000,0.00000000,0.00000000,0.00000000,0.00000000,0.00000000,0.00000000,0.00000000,0.00000000,0.00000000,0.00000000,0.00000000,0.00000000,0.00000000,0.00000000,0.00409853,0.00000000,0.00000000,0.00000000,0.00000000,0.00000000,0.00000000,0.00000000,0.00000000,0.00000000,0.00000000,0.00000000,0.00000000,0.00000000,0.00000000,0.00000000,0.00000000,0.00000000,0.00000000,0.00000000,0.00000000,0.00000000,0.00000000,0.45555936,0.00000000,0.00000000,0.01348710,0.00000000,0.00000000,0.03982688,0.00311071,0.00663851,0.00000000,0.00000000,0.00000000,0.00000000,0.00000000,0.00000000,0.00000000,0.00000000,0.00000000,0.00000000,0.00000000,0.00000000,0.00000000,0.00000000,0.00000000,0.00000000,0.00000000,0.00000000,0.00000000,0.00000000,0.00000000,0.00000000,0.00000000,0.00000000,0.00000000,0.00000000,0.00000000,0.00000000,0.00000000,0.00000000,0.00000000,0.00000000,0.00000000,0.00000000,0.00000000,0.00914587,0.00000000,0.00000000,0.00000000,0.00000000,0.00000000,0.00000000,0.01777480,0.00000000,0.00000000,0.00000000,0.00000000,0.00000000,0.00000000,0.00000000,0.00000000,0.00000000,0.00244748,0.00000000,0.00000000,0.00000000,0.00000000,0.01794680,0.00000000,0.00000000,0.00000000,0.00000000,0.00000000,0.00000000,0.00000000,0.00393413,0.00000000,0.00000000,0.00000000,0.00000000,0.00000000,0.00077374,0.00000000,0.00000000,0.00000000,0.00000000,0.00000000,0.00000000,0.03584459,0.00000000,0.00901751,0.00000000,0.00000000,0.00000000,0.00000000,0.00000000,0.00000000,0.00000000,0.00000000,0.00000000,0.00000000,0.00000000,0.00000000,0.00000000,0.00000000,0.01162247,0.01951786,0.00000000,0.00137342,0.00000000,0.00000000,0.00000000,0.00000000,0.00000000,0.00000000,0.00297644,0.00000000,0.00000000,0.00601839,0.00000000,0.01455859,0.00000000,0.00000000,0.00000000,0.00000000,0.00000000,0.00000000,0.00000000,0.00000000,0.00000000,0.00961924,0.00000000,0.00000000,0.00000000,0.00000000,0.00000000,0.00277973,0.00000000,0.00000000,0.00000000,0.00000000,0.00000000,0.00000000,0.00000000,0.00000000,0.00000000,0.00000000,0.07964287,0.00000000,0.00000000,0.00000000,0.00000000,0.00242473,0.01750824,0.00000000,0.00000000,0.00000000,0.00000000,0.00000000,0.00000000,0.00000000,0.00000000,0.00000000,0.00000000,0.00000000,0.00000000,0.00000000,0.00000000,0.00000000,0.00000000,0.00000000,0.00000000,0.00000000,0.00000000,0.00000000,0.00000000,0.00000000,0.00000000
0.02129776,0.00000000,0.00000000,0.00069592,0.00000000,0.00000000,0.00000000,0.00000000,0.00495465,0.00000000,0.00000000,0.00000000,0.00000000,0.00000000,0.00658152,0.00000000,0.00000000,0.00000000,0.00000000,0.00000000,0.00000000,0.00000000,0.00000000,0.00000000,0.00000000,0.00000000,0.00000000,0.00000000,0.00000000,0.00183901,0.00680674,0.00000000,0.00000000,0.00000000,0.00345859,0.00415282,0.00000000,0.00000000,0.00000000,0.01316290,0.00000000,0.00000000,0.00000000,0.00000000,0.00000000,0.00395289,0.00000000,0.00000000,0.00000000,0.00000000,0.00000000,0.00000000,0.00000000,0.00000000,0.00000000,0.00000000,0.00000000,0.00000000,0.00000000,0.00000000,0.01467487,2.07819616,0.03020204,0.00000000,0.00000000,0.00000000,0.00000000,0.00000000,0.00000000,0.00000000,0.04350509,0.07602798,0.00000000,0.00000000,0.00465311,0.00000000,0.00000000,0.01077188,0.00000000,0.00000000,0.00000000,0.00000000,0.00000000,0.00096619,0.00000000,0.00000000,0.00000000,0.00000000,0.00188852,0.00822058,0.00000000,0.00000000,0.01220798,0.00000000,0.00000000,0.00420599,0.00000000,0.00000000,0.00000000,0.00000000,0.00000000,0.00496270,0.00000000,0.00000000,0.00000000,0.00000000,0.00000000,0.00000000,0.00000000,0.00000000,0.00000000,0.00000000,0.00323487,0.00000000,0.00000000,0.00000000,0.00000000,0.00000000,0.00000000,0.00000000,0.00000000,0.01079632,0.00000000,0.00177224,0.00000000,0.00000000,0.00000000,0.00000000,0.00000000,0.00124521,0.12961254,0.00221324,0.00000000,0.00000000,0.00000000,0.00000000,0.11156920,0.00000000,0.00000000,0.00000000,0.14825715,0.00000000,0.00000000,0.00000000,0.00000000,0.00000000,0.00000000,0.00000000,0.00000000,0.00000000,0.00000000,0.00000000,0.00000000,0.00000000,0.09032217,0.00000000,0.00000000,0.00000000,0.00000000,0.00000000,0.00000000,0.00000000,0.00000000,0.00000000,0.00000000,0.00000000,0.00000000,0.00000000,0.00000000,0.00000000,0.00000000,0.00000000,0.00000000,0.00000000,0.00000000,0.00000000,0.00000000,0.00000000,0.00000000,0.00411896,0.00000000,0.00000000,0.00000000,0.00000000,0.00000000,0.00000000,0.00000000,0.00000000,0.00000000,0.00000000,0.00000000,0.00000000,0.00000000,0.00000000,0.01042146,0.00000000,0.00000000,0.00000000,0.00000000,0.00000000,0.00000000,0.00000000,0.00000000,0.00000000,0.00000000,0.00000000,0.00000000,0.00203303,0.00000000,0.00000000,0.00000000,0.00000000,0.00000000,0.00000000,0.00000000,0.01131204,0.00000000,0.00000000,0.00000000,0.00000000,0.00000000,0.00000000,0.00000000,0.00000000,0.00000000,0.00198690,0.04488812,0.00000000,0.00000000,0.00000000,0.00360110,0.00000000,0.01621393,0.00000000,0.00000000,0.00000000,0.00000000,0.00000000,0.00000000,0.00000000,0.00247540,0.01018027,0.00000000,0.00000000,0.00000000,0.00000000,0.00000000,0.00000000,0.00000000,0.00000000,0.00000000,0.00000000,0.00000000,0.00000000,0.00000000,0.00000000,0.00000000,0.00000000,0.00000000,0.00000000,0.00000000,0.00000000,0.00000000,0.00000000,0.00000000,0.00000000,0.00000000,0.00000000,0.00000000,0.00000000,0.00000000,0.00000000,0.00000000,0.00000000,0.00142396,0.00000000,0.00000000,0.00000000,0.34348209,0.00968380,0.00000000,0.00000000,0.00215540,0.00000000,0.00000000,0.00000000,0.00000000,0.00000000,0.00000000,0.00644883,0.00000000,0.00000000,0.00000000,0.00000000,0.00000000,0.00000000,0.00000000,0.00000000,0.00000000,0.00000000,0.00000000,0.00000000,0.00061312,0.00000000,0.00000000,0.00000000,0.00000000,0.00000000,0.00000000,0.00000000,0.00000000,0.00000000,0.00000000,0.00000000,0.00000000,0.00000000,0.00000000,0.00000000,0.00000000,0.04299396,0.00000000,0.00000000,0.00000000,0.01935444,0.00000000,0.02193884,0.00000000,0.00000000,0.00000000,0.00000000,0.00000000,0.00000000,0.00000000,0.00000000,0.46751918,0.00000000,0.00000000,0.00000000,0.00000000,0.00000000,0.00000000,0.04662003,0.01564803,0.00000000,0.00000000,0.00000000,0.00000000,0.86179702,0.00000000,0.00000000,0.00000000,0.00000000,0.00000000,0.00000000,0.00000000,0.00000000,0.00000000,0.00000000,0.00000000,0.00000000,0.13600125,0.00000000,0.00000000,0.00000000,0.00000000,0.00000000,0.00000000,0.00000000,0.01273177,0.00000000,0.00000000,0.09471307,0.00000000,0.00000000,0.05352958,0.00000000,0.01003032,0.00000000,0.00000000,0.00000000,0.00000000,0.00000000,0.00123566,0.00000000,0.00000000,0.00000000,0.00000000,0.00000000,0.00000000,0.00000000,0.00000000,0.00000000,0.00000000,0.00000000,0.00000000,1.26564806,0.00000000,0.00000000,0.00000000,0.00000000,0.00000000,0.00000000,0.00000000,0.00000000,0.00000000,0.00611090,0.00000000,0.00000000,0.00000000,0.00000000,0.00000000,0.00000000,0.00000000,0.00000000,0.00000000,0.00000000,0.00000000,0.00000000,0.00000000,0.00494239,0.00284064,0.00000000,0.00000000,0.00000000,0.00000000,0.00000000,0.07761595,0.00000000,0.00000000,0.00000000,0.00000000,0.04621854,0.00000000,0.00000000,0.00000000,0.00000000,0.00000000,0.00000000,0.00000000,0.00000000,0.00000000,0.00000000,0.04270742,0.00000000,0.00000000,0.01417972,0.00000000,0.00000000,0.00000000,0.00000000,0.00000000,0.00000000,0.00000000,0.00000000,0.00000000,0.00000000,0.00000000,0.05329146,0.00000000,0.00000000,0.02242527,0.00000000,0.00000000,0.01127748,0.00000000,0.00000000,0.34738524,0.00000000,0.00000000,0.00000000,0.00000000,0.00000000,0.08235667,0.00000000,0.00000000,0.00000000,0.00000000,0.00000000,0.02745806,0.00000000,0.00000000,0.00000000,0.00000000,0.00000000,0.00000000,0.00161787,0.00000000,0.00000000,0.00000000,0.00000000,0.00000000,0.00000000,0.00000000,0.07943139,0.00000000,0.00000000,0.04201401,0.00387920,0.00000000,0.00000000,0.00000000,0.00000000,0.00000000,0.02721557,0.00359452,0.00000000,0.00000000,0.00000000,0.00000000,0.14032689,0.00000000,0.00000000,0.00000000,0.00000000,0.00392837,0.00000000,0.00000000,0.00000000,0.00000000,0.00000000,0.00000000,0.00000000,0.01260119,0.00000000,0.03499479,0.00000000,0.00000000,0.00000000,0.00000000,0.00095944,0.00083234,0.00000000,0.00000000,0.00000000,0.00000000,0.00000000,0.00000000,0.00000000,0.00000000,0.00000000,0.00000000,0.00000000,0.00000000,0.00000000,0.00000000,0.00466481,0.00000000,0.00000000,0.00000000,0.00000000,0.00000000,0.00000000,0.00000000,0.00000000,0.00000000,0.00000000,0.00000000,0.00221609,0.00000000,0.00000000,0.00000000,0.00000000,0.00000000,0.00000000,0.00000000,0.00000000,0.00000000,0.00000000,0.00000000,0.00000000,0.00000000,0.00000000,0.00000000,0.00000000,0.00000000,0.00000000,0.00000000,0.00000000,0.00000000,0.00000000,0.00000000,0.00000000,0.00000000,0.00000000,0.00000000,0.00000000,0.00000000,0.00000000,0.00000000,0.00000000,0.00589210,0.00000000,0.00000000,0.00117593,0.00000000,0.00000000,0.00000000,0.00000000,0.00000000,0.00000000,0.00000000,0.00000000,0.00000000,0.00000000,0.00000000,0.00000000,0.00000000,0.00000000,0.00000000,0.00000000,0.00000000,0.00000000,0.00000000,0.00249228,0.00000000,0.00000000,0.00160772,0.00000000,0.00000000,0.00000000,0.00000000,0.00000000,0.00000000,0.00000000,0.01170456,0.00000000,0.00000000,0.00000000,0.00000000,0.02071068,0.00000000,0.00000000,0.01250961,0.00000000,0.00000000,0.00000000,0.00495244,0.00000000,0.00000000,0.00000000,0.00000000,0.00000000,0.00000000,0.00000000,0.00000000,0.00000000,0.00000000,0.00000000,0.00000000,0.00000000,0.31128732,0.00000000,0.00000000,0.04654960,0.00000000,0.00000000,0.00000000,0.00000000,0.00000000,0.00000000,0.00000000,0.00000000,0.00000000,0.00000000,0.00000000,0.00000000,0.00000000,0.00000000,0.00000000,0.00000000,0.00000000,0.00000000,0.00000000,0.00000000,0.00000000,0.00000000,0.00000000,0.00000000,0.00000000,0.00000000,0.00251853,0.00000000,0.00000000,0.00000000,0.01301721,0.00359027,0.00000000,0.00000000,0.00000000,0.00000000,0.00000000,0.00000000,0.00000000,0.00000000,0.00000000,0.00000000,0.00000000,0.00000000,0.00000000,0.00000000,0.03433387,0.00000000,0.00000000,0.00000000,0.00000000,0.00000000,0.00000000,0.00000000,0.00000000,0.00259531,0.64721091,0.00000000,0.00000000,0.00000000,0.00000000,0.00000000,0.00000000,0.00000000,0.00000000,0.00000000,0.00322082,0.00000000,0.00000000,0.00000000,0.00000000,0.00000000,0.00000000,0.00000000,0.00000000,0.00000000,0.00000000,0.00000000,0.00342823,0.00000000,0.00000000,0.00000000,0.00000000,0.00000000,0.00000000,0.00608503,0.00000000,0.00000000,0.00000000,0.00000000,0.00000000,0.00000000,0.00000000,0.00000000,0.00427575,0.00000000,0.00000000,0.00000000,0.01099602,0.00000000,0.00369408,0.00000000,0.00000000,0.00000000,0.00000000,0.00000000,0.00000000,0.00366973,0.00000000,0.00000000,0.00000000,0.00000000,0.00000000,0.00000000,0.00000000,0.00000000,0.00000000,0.00000000,0.00000000,0.00000000,0.00000000,0.30789515,0.00000000,0.00000000,0.00000000,0.00000000,0.00000000,0.00000000,0.00000000,0.00000000,0.00000000,0.00000000,0.00000000,0.00000000,0.00000000,0.00000000,0.00000000,0.00266320,0.00000000,0.00000000,0.00000000,0.00000000,0.00000000,0.00000000,0.00000000,0.00000000
0.04542627,0.00000000,0.00000000,0.01844236,0.00000000,0.00000000,0.00000000,0.00000000,0.00000000,0.00000000,0.00000000,0.00000000,0.00000000,0.00000000,0.00000000,0.00000000,0.00000000,0.57360400,0.00000000,0.00000000,0.01187641,0.00000000,0.00000000,0.00000000,0.00000000,0.00000000,0.00000000,0.00000000,0.00000000,0.00000000,0.00000000,0.00000000,0.00000000,0.00000000,0.00110011,0.00194154,0.00000000,0.00000000,0.00000000,0.00000000,0.00000000,0.00000000,0.00000000,0.00000000,0.00000000,0.00000000,0.00000000,0.00000000,0.00000000,0.00000000,0.00000000,0.00000000,0.00000000,0.00895753,0.00715926,0.00000000,0.00000000,0.00000000,0.00000000,0.00000000,0.00000000,0.00000000,0.00000000,0.00000000,0.00000000,0.00000000,0.00000000,0.00000000,0.05886084,0.00000000,0.00000000,0.00000000,0.00000000,0.00000000,0.00000000,0.00000000,0.00000000,0.01933192,0.03048084,0.00000000,0.00000000,0.00000000,0.00000000,0.00000000,0.00000000,0.00000000,0.00000000,0.00000000,0.00000000,0.00000000,0.00000000,0.00000000,0.00000000,0.02522917,0.00000000,0.00000000,0.00000000,0.00000000,0.00000000,0.00000000,0.00000000,0.00000000,0.00000000,0.00000000,0.00000000,0.00000000,0.00000000,0.00000000,0.00000000,0.00000000,0.00000000,0.00000000,0.00000000,0.00000000,0.00000000,0.00000000,0.00000000,0.00000000,0.00212610,0.00000000,0.00000000,0.00532726,0.00000000,0.00141682,0.00000000,0.00000000,0.00000000,0.00000000,0.00000000,0.00000000,0.00981966,0.00000000,0.00000000,0.00000000,0.00000000,0.00000000,0.00000000,0.00000000,0.00000000,0.00000000,0.00826424,0.00000000,0.00400075,0.00000000,0.00204777,0.00000000,0.00000000,0.00000000,0.00000000,0.00000000,0.00000000,0.00000000,0.00000000,0.01893850,0.00000000,0.00000000,0.00000000,0.01218260,0.02629448,0.00000000,0.00000000,0.00000000,0.00000000,0.00000000,0.00000000,0.00000000,0.07168541,0.00000000,0.00000000,0.01429028,0.00000000,0.00000000,0.00000000,0.00859773,0.00000000,0.00000000,0.00000000,0.00000000,0.00261694,0.00000000,0.00000000,0.00000000,0.00000000,0.00000000,0.00000000,0.00000000,0.00000000,0.02204268,0.00000000,0.00000000,0.00000000,0.00000000,0.20847002,0.00000000,0.00000000,0.00000000,0.00000000,0.00000000,0.00000000,0.00000000,0.00000000,0.01596181,0.00000000,0.00000000,0.00000000,0.00000000,0.00000000,0.00000000,0.00000000,0.07080042,0.00000000,0.00000000,0.00000000,0.00000000,0.00000000,0.00000000,0.00000000,0.00000000,0.00000000,0.00000000,0.00000000,0.00000000,0.00000000,0.00000000,0.00000000,0.00000000,0.00000000,0.00000000,0.00000000,0.00298390,0.00000000,0.00000000,0.00000000,0.00000000,0.00000000,0.00000000,0.00000000,0.00000000,0.00000000,0.00000000,0.00000000,0.00000000,0.00000000,0.00235740,0.00000000,0.00000000,0.00000000,0.00215336,0.00000000,0.00000000,0.00000000,0.00000000,0.00000000,0.00795235,0.00000000,0.00000000,0.00000000,0.00000000,0.00000000,0.01154888,0.00098939,0.00000000,0.00403579,0.00000000,0.00000000,0.00000000,0.00000000,0.00000000,0.00000000,0.00000000,0.00000000,0.19866986,0.00674115,0.00000000,0.00000000,0.00000000,0.00000000,0.00000000,0.00000000,0.00000000,0.00000000,0.13656727,0.00000000,0.00000000,0.00000000,0.00000000,0.00000000,0.00000000,0.00000000,0.00000000,0.00000000,0.00000000,0.00000000,0.00000000,0.00000000,0.00000000,0.00000000,0.03594622,0.00000000,0.04168016,0.00000000,0.00000000,0.00000000,0.00000000,0.00000000,2.61790559,0.00000000,0.00000000,0.00000000,0.01164775,0.00000000,0.00000000,0.00000000,0.00000000,0.00000000,0.00000000,0.05824946,0.00000000,0.00000000,0.00000000,0.00000000,0.00000000,0.00000000,0.00000000,0.00000000,0.00000000,0.00000000,0.01538966,0.00000000,0.00000000,0.00000000,0.00000000,0.00000000,0.00000000,0.00000000,0.01051105,0.00000000,0.00000000,0.00454814,0.00000000,0.00000000,0.00000000,0.00000000,0.00000000,0.00000000,0.00000000,0.00000000,0.00000000,0.00000000,0.00000000,0.00000000,0.00000000,0.00000000,0.00000000,0.00000000,0.00352748,0.00000000,0.00000000,0.00000000,0.00000000,0.00000000,0.00191933,0.00000000,0.00000000,0.00000000,0.00000000,0.00000000,0.00000000,0.00000000,0.02997195,0.00000000,0.00000000,0.00000000,0.00000000,0.05756043,0.00000000,0.00234114,0.00000000,0.00000000,0.00000000,0.00000000,0.00000000,0.00000000,0.00000000,0.01558121,0.00000000,0.00000000,0.00000000,0.00000000,0.00000000,0.00000000,0.00000000,0.00000000,0.00000000,0.00000000,3.54860589,0.00000000,0.03578683,0.00000000,0.00000000,0.26551477,0.00000000,0.00167960,0.00000000,0.00000000,0.00000000,0.00000000,0.00000000,0.00000000,0.00000000,0.00000000,0.00000000,0.00000000,0.00000000,0.00000000,0.00000000,0.00000000,0.00000000,0.00000000,0.00091318,0.00000000,0.00000000,0.00000000,0.00000000,0.00000000,0.00000000,0.00000000,0.00000000,0.00000000,0.00000000,0.00000000,0.00000000,1.30459554,0.00000000,0.00000000,0.09618594,0.00298180,0.00000000,0.00000000,0.00000000,0.00000000,0.00000000,0.00000000,0.00188178,0.00000000,0.02189018,0.00000000,0.00000000,0.00000000,0.00000000,0.01603758,0.00000000,0.00000000,0.00000000,2.59964869,0.00000000,0.00000000,0.02784498,0.00000000,0.00000000,0.00000000,0.00000000,0.00000000,0.04649762,0.03538892,0.00000000,0.00000000,0.00000000,0.00000000,0.57836567,0.00000000,0.00000000,0.00000000,0.00000000,0.00000000,0.00000000,0.00000000,0.01138101,0.00000000,0.01737899,0.00000000,0.00000000,0.00000000,0.00000000,0.00000000,0.10148626,0.00000000,0.01277085,0.00000000,0.00000000,0.00000000,0.00000000,0.00000000,0.00000000,0.00000000,0.03623707,0.00000000,0.00000000,0.00000000,0.00000000,0.00000000,0.00000000,0.00000000,0.00000000,0.00000000,0.00000000,0.00071002,0.00000000,0.00000000,0.00000000,0.00000000,0.00000000,0.00000000,0.00000000,0.00000000,0.00311432,0.00000000,0.00319177,0.00000000,0.00000000,0.00000000,0.00000000,0.00000000,0.00000000,0.00000000,0.00000000,0.00000000,0.00000000,0.00658756,0.00000000,0.00000000,0.00000000,0.00000000,0.00000000,0.00000000,0.00000000,0.00000000,0.00000000,0.00000000,0.00000000,0.00000000,0.00000000,0.00000000,0.01265088,0.00000000,0.00000000,0.00000000,1.46048397,0.00000000,0.00000000,0.00000000,0.00000000,0.00000000,0.00000000,0.00000000,0.00847339,0.00000000,0.00000000,0.00000000,0.00000000,0.00000000,0.00000000,0.00000000,0.00000000,0.00000000,0.00000000,1.96123820,0.00000000,0.00000000,0.00000000,0.00000000,0.00000000,0.00000000,0.00000000,0.00505771,0.01578472,0.00000000,0.00000000,0.00000000,0.00000000,0.00000000,0.00000000,0.00000000,0.00000000,0.00000000,0.00000000,0.00000000,0.00000000,0.00000000,0.00000000,0.00000000,0.00625265,0.00397443,0.02643641,0.03631819,0.00000000,0.00000000,0.00000000,0.00000000,0.00000000,0.08354881,0.00000000,0.00000000,0.00000000,0.00000000,0.00000000,0.00000000,0.00000000,0.00000000,0.00000000,0.00000000,0.00573781,0.00000000,0.00000000,0.00000000,0.00000000,0.00000000,0.00000000,0.00000000,0.00000000,0.00587070,0.00669828,0.00568010,0.00000000,0.00000000,0.00000000,0.00748220,0.00000000,0.00000000,0.00000000,0.01078850,0.00000000,0.00000000,0.00000000,0.00000000,0.00000000,0.00000000,0.00000000,0.00000000,0.00000000,0.00000000,0.00000000,0.00000000,0.00000000,0.00000000,0.00000000,0.00000000,0.00000000,0.00000000,0.00000000,0.00000000,0.00000000,0.00000000,0.00000000,0.00000000,0.00000000,0.00000000,0.00000000,0.00000000,0.00000000,0.00000000,0.00000000,0.16719965,0.00000000,0.01605639,0.00000000,0.00000000,0.00000000,0.00000000,0.00080177,0.00000000,0.00000000,0.00000000,0.00000000,0.00000000,0.00000000,0.00000000,0.00000000,0.00000000,0.00000000,0.00000000,0.00000000,0.00000000,0.00000000,0.00000000,0.00000000,0.00000000,0.00000000,0.00000000,0.00000000,0.01522723,0.00000000,0.00000000,0.00000000,0.00000000,0.06131088,0.00000000,0.00000000,0.00000000,0.00000000,0.00000000,0.00363303,0.00000000,0.00000000,0.00000000,0.00000000,0.00000000,0.00000000,0.00000000,0.00720007,0.00000000,0.00000000,0.00000000,0.00000000,0.00000000,0.00000000,0.00000000,0.00000000,0.00000000,0.00000000,0.00000000,0.00000000,0.00505069,0.00000000,0.01896885,0.00000000,0.00000000,0.01715198,0.00000000,0.00000000,0.00000000,0.00000000,0.00000000,0.00000000,0.21258897,0.00000000,0.00000000,0.00000000,0.00000000,0.00000000,0.00000000,0.00000000,0.02781467,0.00000000,0.00000000,0.00000000,0.00000000,0.00000000,0.00000000,0.00000000,0.00000000,0.00000000,0.00000000,0.00000000,0.00000000,0.01010847,0.00000000,0.00000000,0.00000000,0.01912560,0.00000000,0.00000000,0.00000000,0.00000000,0.00000000,0.00000000,0.00000000,0.00000000,0.00089075,0.00000000,0.00000000,0.00000000,0.00000000,0.00000000,0.00000000,0.00273333,0.00000000,0.00000000,0.00000000,0.00000000,0.00000000,0.00000000,0.00000000,0.00000000,0.00000000,0.00000000,0.00000000,0.00000000,0.00000000,0.00000000,0.00000000,0.00000000,0.00000000,0.00000000,0.00000000,0.00354531,0.00000000,0.00000000,0.01022309,0.00000000
0.00000000,0.00000000,0.00000000,0.00000000,0.00870149,0.00000000,0.00000000,0.02194141,0.00000000,0.00000000,0.00418966,0.00000000,0.00000000,0.00000000,0.00000000,0.00000000,0.00000000,0.00000000,0.00000000,0.00385338,0.00000000,0.00000000,0.00000000,0.00000000,0.00000000,0.00000000,0.00000000,0.00000000,0.26066359,0.00000000,0.00000000,0.00752007,0.00000000,0.00000000,0.00000000,0.00000000,0.00000000,0.01192665,0.00000000,0.00000000,0.00803674,0.00000000,0.00000000,0.00000000,0.00000000,0.00000000,0.00000000,0.00000000,0.00000000,0.00000000,0.00000000,0.00000000,0.00000000,0.00000000,0.00000000,0.00000000,0.00000000,0.00000000,0.00000000,0.00000000,0.00000000,0.00000000,0.00000000,0.02951102,0.00177239,0.00000000,0.00000000,0.00000000,0.01828281,0.00000000,0.00000000,0.00000000,0.00000000,0.00000000,0.00000000,0.02826431,0.00000000,0.00000000,0.00000000,0.00000000,0.00159242,0.00000000,0.00621786,0.00000000,0.00000000,0.00000000,0.00000000,0.00000000,0.00000000,0.00000000,0.00000000,0.00000000,0.00000000,0.00000000,0.00000000,0.00000000,0.00000000,0.00000000,0.10968263,0.00290964,0.00000000,0.00000000,0.00000000,0.00000000,0.00000000,0.00000000,0.00000000,0.00000000,0.02945688,0.00000000,0.00000000,0.01640886,0.00000000,0.00000000,0.00233822,0.00000000,0.00000000,0.00000000,0.00000000,0.00000000,0.00000000,0.00000000,0.00000000,0.00000000,0.00000000,0.00000000,0.00000000,0.00000000,0.00000000,0.00000000,0.00000000,0.00000000,0.00000000,0.00000000,0.00000000,0.00000000,0.00000000,0.00000000,0.00000000,0.00000000,0.00000000,0.00000000,0.00000000,0.00000000,0.00000000,0.00983249,0.00000000,0.00000000,0.00000000,0.00000000,0.00000000,0.00000000,0.00000000,0.00000000,0.00000000,0.00000000,0.00000000,0.00000000,0.00000000,0.00000000,0.07424722,0.00000000,0.00000000,0.00000000,0.02178489,0.00000000,0.00000000,0.00000000,0.00000000,0.00000000,0.00000000,0.00000000,0.00000000,0.00000000,0.00000000,0.00000000,0.00000000,0.00000000,0.00000000,0.00732843,0.00000000,0.00000000,0.00000000,0.00237234,0.00000000,0.00000000,0.00000000,0.00000000,0.00000000,0.00465620,0.00000000,0.00000000,0.00000000,0.00000000,0.07012667,0.00000000,0.00000000,0.00000000,0.00000000,0.00000000,0.00000000,0.00000000,0.00000000,0.00000000,0.00000000,0.00000000,0.00000000,0.00000000,0.00000000,0.00000000,0.00000000,0.09892055,0.00000000,0.00000000,0.00000000,0.00000000,0.00000000,0.00000000,0.00000000,0.01267549,0.00000000,0.00000000,0.00000000,0.00000000,0.00000000,0.00116618,0.00000000,0.00000000,0.12111036,0.00000000,0.00000000,0.00000000,0.00105779,0.00000000,0.01599962,0.00000000,0.00000000,0.00000000,0.00000000,0.00000000,0.00000000,0.00000000,0.00000000,0.13701494,0.00000000,0.00000000,0.00245497,0.00000000,0.01565123,0.00000000,0.00000000,0.00000000,0.00000000,0.00000000,0.00000000,0.00000000,0.00410745,0.00000000,0.00293725,0.00000000,0.00000000,0.00000000,0.00000000,0.00000000,0.00000000,0.00000000,0.00000000,0.00000000,0.00000000,0.00000000,0.00000000,0.00000000,0.00000000,0.00000000,0.00000000,0.04574904,0.00000000,0.00000000,0.00000000,0.00000000,0.00000000,0.00000000,0.00000000,0.00000000,0.00000000,0.00000000,0.00000000,0.00000000,0.00000000,0.00000000,0.00000000,0.00000000,0.00000000,0.00000000,0.00000000,0.00000000,0.00000000,0.00000000,0.00000000,0.00055975,0.00000000,0.00000000,0.00000000,0.00000000,0.00000000,0.00000000,0.00000000,0.00000000,0.00000000,0.00000000,0.00000000,0.00000000,0.00000000,0.00000000,0.00000000,0.00000000,0.00000000,0.00000000,0.00000000,0.00000000,0.00000000,0.00000000,0.00000000,0.00000000,0.00000000,0.00000000,0.00000000,0.00000000,0.00453492,0.00000000,0.00000000,0.00000000,0.00000000,0.00000000,0.00000000,0.00000000,0.00000000,0.00340392,0.00000000,0.02051343,0.00000000,0.00000000,0.00000000,0.00000000,0.00313352,0.00000000,0.00000000,0.00000000,0.00000000,0.00000000,0.00000000,0.00000000,0.00000000,0.00000000,0.00000000,0.00000000,0.00000000,0.00000000,0.00000000,0.00000000,0.00000000,0.00000000,0.00000000,0.00000000,0.00000000,0.00000000,0.00000000,0.00000000,0.00086592,0.00000000,0.00000000,0.00000000,0.00000000,0.00000000,0.00000000,0.00000000,0.00000000,0.00000000,0.00000000,0.00000000,0.00000000,0.00000000,0.00000000,0.00000000,0.00000000,0.00000000,0.00000000,0.00000000,0.00000000,0.00000000,0.00000000,0.00398836,0.00000000,0.00525023,0.00000000,0.00000000,0.04090836,0.00000000,0.00000000,0.00000000,0.00000000,0.00000000,0.00000000,0.00000000,0.00000000,0.00000000,0.00000000,0.00000000,0.00000000,0.00000000,0.00000000,0.00000000,0.01247543,0.00000000,0.00000000,0.04783697,0.00000000,0.00000000,0.00000000,0.00000000,0.00000000,0.00000000,0.00000000,0.00000000,0.00263729,0.00000000,0.00000000,0.00000000,0.00486323,0.00000000,0.00419439,0.00000000,0.00000000,0.05116572,0.00505651,0.00000000,0.00000000,0.00000000,0.00000000,0.00000000,0.00000000,0.00000000,0.00000000,0.00000000,0.00000000,0.00000000,0.02005877,0.00000000,0.00000000,0.00000000,0.00000000,0.00000000,0.00000000,0.00000000,0.00000000,0.00113547,0.00000000,0.00000000,0.00000000,0.00000000,0.00000000,0.00000000,0.00000000,0.00000000,0.00045070,0.01300076,0.00000000,0.00000000,0.10613664,0.00000000,0.00000000,0.00000000,0.00000000,0.00000000,0.00000000,0.00000000,0.00000000,0.00000000,0.00000000,0.00000000,0.00158820,0.01250434,0.00000000,0.00000000,0.00418807,0.00000000,0.00000000,0.00000000,0.00000000,0.00000000,0.00423557,0.00000000,0.00000000,0.00000000,0.00000000,0.00000000,0.00000000,0.00000000,0.00000000,0.00000000,0.00000000,0.00000000,0.00000000,0.00000000,0.04148589,0.00000000,0.00000000,0.00000000,0.00000000,0.00000000,0.00000000,0.00000000,0.00000000,0.00000000,0.00194561,0.00239196,0.00000000,0.00000000,0.00000000,0.01165054,0.00000000,0.00462692,0.00000000,0.00000000,0.00000000,0.00000000,0.00000000,0.00000000,0.00000000,0.00000000,0.00000000,0.00000000,0.00000000,0.00000000,0.03879049,0.00000000,0.00000000,0.00779263,0.00250998,0.21733534,0.00000000,0.00000000,0.00445332,0.00000000,2.94028123,0.00000000,0.00000000,0.00000000,0.00857936,0.00000000,0.00000000,0.00000000,0.00000000,0.00000000,0.00000000,0.00000000,0.00000000,0.00000000,0.00000000,0.00000000,0.00194923,0.00000000,0.00000000,0.00000000,0.00000000,0.00000000,0.00000000,0.00000000,0.00000000,0.00000000,0.00000000,0.00000000,0.00000000,0.00000000,0.00000000,0.00000000,0.00000000,0.01399815,0.00000000,0.00000000,0.00000000,0.00000000,0.00000000,0.00000000,0.00000000,0.00000000,0.00000000,0.00000000,0.00000000,0.00000000,0.00000000,0.00000000,0.00151768,0.01408504,0.00000000,0.00000000,0.00000000,0.00000000,0.00664002,0.04759107,0.00000000,0.00000000,0.00000000,0.00000000,0.00000000,0.07792727,0.00000000,0.00000000,0.00000000,0.00261469,0.00000000,0.10783054,0.00000000,0.00000000,0.00000000,0.00000000,0.00000000,0.00000000,0.00674071,0.00000000,0.00000000,3.42716594,0.00000000,0.00000000,0.00000000,0.00000000,0.00000000,0.00000000,0.00000000,0.00000000,0.00000000,0.00000000,0.00000000,0.00000000,0.05953774,0.00000000,0.00000000,0.00000000,0.00000000,0.00000000,0.00352289,0.00064079,0.00000000,0.00000000,0.00000000,0.00000000,0.00159267,0.00000000,0.00000000,0.00000000,0.00000000,0.00000000,0.00000000,0.00212154,0.01479339,0.00000000,0.00000000,0.00000000,0.00000000,0.00000000,0.00000000,0.00000000,0.00000000,0.00000000,0.00000000,0.01833858,0.00000000,0.00000000,0.04101121,0.00000000,0.00000000,0.00000000,0.00000000,0.00000000,0.00000000,0.00000000,0.00000000,0.00000000,0.00000000,0.00000000,0.00000000,0.00000000,0.00000000,0.00000000,0.00000000,0.00000000,0.00000000,0.00000000,0.00000000,0.00000000,0.00000000,0.00000000,0.00000000,0.00662557,0.00000000,0.00000000,0.00000000,0.00000000,0.00000000,0.01039544,0.00000000,0.00000000,0.00000000,0.01625106,0.05492164,0.00000000,0.00000000,0.00000000,0.00000000,0.00000000,0.00000000,0.00000000,0.00134940,0.00000000,0.00000000,0.00000000,0.01397804,0.04472389,0.00000000,0.00000000,0.00000000,0.00000000,0.00000000,0.00000000,0.00000000,0.00000000,0.00000000,0.00000000,0.00000000,0.00000000,0.00229534,0.00000000,0.00457244,0.00000000,0.00000000,0.00000000,0.00000000,0.00000000,0.00000000,0.00000000,0.00000000,0.00000000,0.00000000,0.00000000,0.00000000,0.00000000,0.00427575,0.00000000,0.00000000,0.00505618,0.04753626,0.00000000,0.00000000,0.01640090,0.00000000,0.00559065,0.00000000,0.20987675,0.00000000,0.00000000,0.00000000,0.00000000,0.00000000,0.00000000,0.00000000,0.00184825,0.00000000,0.00000000,0.00000000,0.00000000,0.00000000,0.04320782,0.00000000,0.00000000,0.00000000,0.00000000,0.00000000,0.00000000,0.00000000,0.00000000,0.00000000,0.00000000,0.00000000,0.00000000,0.00000000,0.00000000,0.03004194,0.01105815,0.00000000,0.00000000,0.00000000,0.00000000,0.00000000,0.01839648,0.00000000,0.00000000,0.00000000,0.00000000,0.00000000,0.00000000
0.00000000,0.00000000,0.00000000,0.00000000,0.00000000,0.00000000,0.00000000,0.00000000,0.00000000,0.00000000,0.00107203,0.00000000,0.00000000,0.00000000,0.02321503,0.00000000,0.00000000,0.00000000,0.00000000,0.02797778,0.08502315,0.00000000,0.00000000,0.00000000,3.67639308,0.00000000,2.04866521,0.00000000,0.00000000,0.00000000,0.03226490,0.00000000,0.00000000,0.00000000,0.00000000,0.00000000,0.00000000,0.00000000,0.00000000,0.00000000,0.00571468,0.00000000,0.00000000,0.00000000,0.00000000,0.00000000,0.00000000,0.00000000,0.00000000,0.00402751,0.00000000,0.00000000,0.00000000,0.00000000,0.00074312,0.00000000,0.00000000,0.00000000,0.00601922,0.00000000,0.00000000,0.00000000,0.00000000,0.00000000,0.00000000,0.00000000,0.00000000,0.00000000,0.00000000,0.00000000,0.00000000,0.00156331,0.00000000,0.00000000,0.00000000,0.00000000,0.00000000,0.00000000,0.00000000,0.00000000,0.00000000,0.00000000,0.00000000,0.00000000,0.00000000,0.00000000,0.00000000,0.00279133,0.00000000,0.00000000,0.00000000,0.00000000,0.00000000,0.00000000,0.00000000,0.00123203,0.00000000,0.00000000,0.00000000,0.01157916,0.00000000,0.00000000,0.00208368,0.00078901,0.02205254,0.00000000,0.00000000,0.00000000,0.78222191,0.00000000,0.02619689,0.00000000,0.00000000,0.00000000,0.00000000,0.00000000,0.00000000,0.00000000,0.00000000,0.00000000,0.00000000,0.00281746,0.00000000,0.00000000,0.00000000,0.00000000,0.00000000,0.00940031,0.00000000,0.00000000,0.00000000,0.00000000,0.00000000,0.00000000,0.00000000,0.02217639,0.00176370,0.00000000,0.00000000,0.00000000,0.00000000,0.00000000,0.00000000,0.00000000,0.00104730,0.00255883,0.00000000,0.00000000,0.00000000,0.00000000,0.00000000,0.00000000,0.00000000,0.00427515,0.00000000,2.89411749,0.00000000,0.00000000,0.00000000,0.01371381,0.00000000,0.00000000,0.00000000,0.00000000,0.00000000,0.00000000,0.00000000,0.00000000,0.00000000,0.00000000,0.00000000,0.00000000,0.00000000,0.00000000,0.00000000,0.00000000,0.00000000,0.00000000,0.00000000,0.00000000,0.00000000,0.00603836,0.00776518,0.00000000,0.00000000,0.00000000,0.00000000,0.00000000,0.00000000,0.00000000,0.00000000,0.00336747,0.00000000,0.00000000,0.00000000,0.00000000,0.00000000,0.00000000,0.00000000,0.00000000,0.00000000,0.07337292,0.00000000,1.42637795,0.00000000,0.00000000,0.00000000,0.00729888,0.00000000,0.00244052,0.00000000,0.00000000,0.00000000,0.00000000,0.00000000,0.00000000,0.00000000,0.00000000,0.00000000,0.02673657,0.00000000,0.00000000,0.00000000,0.00000000,0.00000000,0.00000000,0.00091683,0.00000000,0.00000000,0.02290766,0.00000000,0.00000000,0.00000000,0.00000000,0.00000000,0.00000000,0.00000000,0.00000000,0.00000000,0.00000000,0.00000000,0.00000000,0.00000000,0.00000000,0.00000000,0.00000000,0.00000000,0.00000000,0.00000000,0.00000000,0.00984451,0.00000000,0.00073795,0.00000000,0.03046713,0.00000000,0.00672343,0.01320246,0.00000000,0.00000000,0.00377057,0.00000000,0.00000000,0.01342676,0.00000000,0.00000000,0.00000000,0.01404512,0.00000000,0.00000000,0.02741525,0.00000000,0.00000000,0.00000000,0.00000000,0.00000000,0.00158589,0.00000000,0.00000000,0.00000000,0.00000000,0.00000000,0.00000000,0.00000000,0.00000000,0.00519279,0.01179843,0.00000000,0.00000000,0.00000000,0.00249025,0.00000000,0.00000000,0.00000000,0.00000000,0.00000000,0.00000000,0.00000000,0.00000000,0.00000000,0.00000000,0.00000000,0.00000000,0.00000000,0.00000000,0.00000000,0.00000000,0.00000000,0.00301710,0.00000000,0.01732018,0.00000000,0.00976581,0.00000000,0.00207103,0.00000000,0.00000000,0.00167302,0.00000000,0.00000000,0.00000000,0.00000000,0.00000000,0.00000000,0.00000000,0.00000000,0.00000000,0.00000000,0.00000000,0.00000000,0.00000000,0.00000000,0.00000000,0.00000000,0.00000000,0.00251884,0.00000000,1.12642137,0.00000000,0.00000000,0.00000000,0.00000000,0.00000000,0.00000000,0.00000000,0.00000000,0.00000000,0.00000000,0.00000000,0.00000000,0.00000000,0.00000000,0.00000000,0.00000000,0.00000000,0.00000000,0.00000000,0.00000000,0.00000000,0.00000000,0.00000000,0.00000000,0.00000000,0.00000000,0.00000000,0.00215291,0.00000000,0.00000000,0.00000000,0.00000000,0.00000000,0.11958392,0.00000000,0.01617226,0.00000000,0.01014710,0.00000000,0.00000000,0.00000000,0.00000000,0.00000000,0.00000000,0.00000000,0.00000000,0.00000000,0.00000000,0.14406532,0.00000000,0.00000000,0.00000000,0.00000000,0.00000000,0.00000000,0.00000000,0.00000000,0.00000000,0.00000000,0.00000000,0.00000000,0.00000000,0.00000000,0.00105775,0.00000000,0.00000000,0.00000000,0.00000000,0.01047837,0.00000000,0.00000000,0.00000000,0.00000000,0.00000000,0.00000000,0.57553641,0.00000000,0.00000000,0.00000000,0.00000000,0.00000000,0.00000000,0.00000000,0.00000000,0.00000000,0.00000000,0.00000000,0.00000000,0.00000000,0.00000000,0.00000000,0.00000000,0.00000000,0.00000000,0.00000000,0.00000000,0.00000000,0.00000000,0.00000000,0.00000000,0.00000000,0.00000000,0.00000000,0.00000000,0.00000000,0.00000000,0.00000000,0.00224876,0.00000000,0.00000000,0.01062354,0.00000000,0.00513058,0.00000000,0.00000000,0.00000000,0.00000000,0.00000000,0.00000000,0.00000000,0.01405206,0.00000000,0.00000000,0.00000000,0.01194074,0.00000000,0.00000000,0.00000000,0.00000000,0.00000000,0.00000000,0.00000000,0.00000000,0.28870268,0.00000000,0.00000000,0.00000000,0.00000000,0.00000000,0.00000000,0.00000000,0.00000000,0.00000000,0.00000000,0.01869914,0.00000000,0.00000000,0.00000000,0.00000000,0.00000000,0.00000000,0.00000000,0.00000000,0.00000000,0.00918458,0.00000000,1.01977330,0.00000000,0.00000000,0.00000000,0.00000000,0.00000000,0.00000000,0.00000000,0.00000000,0.00000000,0.00000000,0.00000000,0.00000000,0.00000000,0.00000000,0.00000000,0.00000000,0.00000000,0.00000000,0.00000000,0.02242479,0.00000000,0.00000000,0.00000000,0.00000000,0.00000000,0.00000000,0.00000000,0.00642641,0.00000000,0.00000000,0.00000000,0.00000000,0.00000000,0.00000000,0.00000000,0.00098980,0.00000000,0.00000000,0.00000000,0.00000000,0.00000000,0.00000000,0.00000000,0.00000000,0.00000000,0.00000000,0.00000000,0.00000000,0.00000000,0.00000000,0.00000000,0.00000000,0.00000000,0.00000000,0.00000000,0.00000000,0.00681584,0.00000000,0.00000000,0.00000000,0.00000000,0.00000000,0.00000000,0.00000000,0.00000000,0.03370976,0.00000000,0.00000000,0.00257621,0.00000000,0.00000000,0.00000000,0.00000000,0.00000000,0.00000000,0.00000000,0.00000000,0.00000000,0.01923284,0.00000000,0.00000000,0.00000000,0.00000000,0.00000000,0.00000000,0.00000000,0.00000000,0.00000000,0.00538905,0.00000000,0.00000000,0.00000000,0.00000000,0.00000000,0.00000000,0.00000000,0.00000000,0.00000000,0.00000000,0.02977489,0.00000000,0.00908613,0.00000000,0.00000000,0.00000000,0.00000000,0.00000000,0.00000000,0.00000000,0.00000000,0.00000000,0.00000000,0.00000000,0.00000000,0.00000000,0.00000000,0.00000000,0.00000000,0.00000000,0.00438607,0.00000000,0.00000000,0.00000000,0.00000000,0.00000000,0.00000000,0.00000000,0.00000000,0.00000000,0.03152788,0.00000000,0.00000000,0.00000000,0.00000000,0.00000000,0.00414067,0.00000000,0.00000000,0.00000000,0.00000000,0.00000000,0.00000000,0.01055410,0.00000000,0.00000000,0.00000000,0.00000000,0.00000000,0.00000000,0.00000000,0.00000000,0.00000000,0.00000000,0.00000000,0.00000000,0.89917313,0.00000000,0.00000000,0.00000000,0.00000000,0.02976445,0.00000000,0.00000000,2.13269106,0.00000000,0.00000000,0.00000000,0.00000000,0.00000000,0.00000000,0.01443893,0.00000000,0.00000000,0.00000000,0.00000000,0.00000000,0.00000000,0.00000000,0.00245391,0.42506521,0.80577749,0.00000000,0.00000000,0.00000000,0.01070039,0.00000000,0.00000000,0.00000000,0.00000000,0.00000000,0.07349206,0.00000000,0.00000000,0.00000000,0.00000000,0.00000000,0.00000000,0.00000000,0.00000000,0.03317950,0.00000000,0.00000000,0.00000000,0.00000000,0.00000000,0.00000000,0.00000000,0.00000000,0.00000000,0.00000000,0.00000000,0.00000000,0.00000000,0.00000000,0.00000000,0.00000000,0.00000000,0.00000000,0.00000000,0.00000000,0.00811854,0.00000000,0.00000000,0.00784774,0.00405302,0.00000000,0.00000000,0.00000000,0.00000000,0.00000000,0.00000000,0.00000000,0.00000000,0.00000000,0.00000000,0.00000000,0.00000000,0.00000000,0.00000000,0.00000000,0.00443548,0.00000000,0.00000000,0.00000000,0.00878219,0.00000000,0.00000000,0.00000000,0.00340697,0.00000000,0.00000000,0.00000000,0.00000000,0.00505618,0.00000000,0.00000000,0.00000000,0.02682322,0.00000000,0.00000000,0.04416676,0.00269404,0.01031998,0.00000000,0.00000000,0.00000000,0.00000000,0.00000000,0.00000000,0.00000000,0.00000000,0.00000000,0.00000000,0.00000000,0.00000000,0.00000000,0.00000000,0.00000000,0.00000000,0.00000000,0.00000000,0.04715960,0.00000000,0.00000000,0.00000000,0.00000000,0.00000000,0.00000000,0.00000000,0.00000000,0.00000000,0.00180183,0.00000000,0.00000000,0.00000000,0.00000000,0.00000000,0.00000000,0.00000000,0.00000000,0.00000000,0.00000000,0.00000000,0.00000000,0.00295451
0.00000000,0.00000000,0.00000000,0.00000000,0.00000000,0.00000000,0.00000000,0.00098259,0.00000000,0.00000000,0.00000000,0.00000000,0.01910385,0.00000000,0.05735067,0.00000000,0.00000000,0.00000000,0.00000000,0.00000000,0.00000000,0.00229995,0.00000000,0.00000000,0.00000000,0.00000000,0.00000000,0.00000000,0.00487162,0.00000000,0.03190634,0.00000000,0.00000000,0.00000000,0.00000000,0.00406488,0.00000000,0.00000000,0.00000000,0.01451274,0.00000000,0.00643890,0.00000000,0.00000000,0.00000000,0.00000000,0.00000000,0.00000000,0.00000000,0.00000000,0.00000000,0.00000000,0.00000000,0.00000000,0.06518939,0.00000000,0.00000000,0.00000000,0.00000000,0.00000000,0.00000000,0.00000000,0.00000000,0.00000000,0.00000000,0.00000000,0.00000000,0.00000000,0.00000000,0.00459425,0.00000000,0.00000000,0.00000000,0.00000000,0.00000000,0.00000000,0.00000000,0.00000000,0.00000000,0.03471693,0.00000000,0.00000000,0.00000000,0.04124309,0.02216533,0.00000000,0.00000000,0.00000000,0.00000000,0.00000000,0.00000000,0.00000000,0.01331231,0.00000000,0.00000000,0.00000000,0.00000000,0.00000000,0.00357616,0.00000000,0.00000000,0.00000000,0.00000000,0.11935856,0.00000000,0.00000000,0.00000000,0.00364394,0.00000000,0.00000000,0.00000000,0.00000000,0.00000000,0.00000000,0.00000000,0.00000000,0.00000000,0.00000000,0.00000000,0.00000000,0.00000000,0.00640105,0.00000000,0.00000000,0.00000000,0.00000000,0.00000000,0.00000000,0.00000000,0.00000000,0.00000000,0.00000000,0.09231813,0.00000000,0.00267868,0.00000000,0.28515221,0.00000000,0.00000000,0.00000000,0.00000000,0.00000000,2.72700670,0.00000000,0.00000000,0.00000000,0.00000000,0.00000000,2.09083045,0.00390110,0.00000000,0.00000000,0.00000000,0.00464405,0.00000000,0.00000000,0.04251976,0.00000000,0.00000000,0.00000000,0.00000000,0.00000000,0.00000000,0.00000000,0.00000000,0.03998223,0.00000000,0.00000000,0.00000000,0.00000000,0.00000000,0.00000000,0.00000000,0.00000000,2.09763452,0.00000000,0.00136107,0.00000000,0.01467487,0.02359113,0.00000000,0.00000000,0.00893168,0.00000000,0.00000000,0.00000000,0.00000000,0.03047883,0.00000000,0.00000000,0.00000000,0.00000000,0.00000000,0.00000000,0.00000000,0.00000000,0.00000000,0.00000000,0.00000000,0.00000000,0.00000000,0.00000000,0.00000000,0.00000000,0.00000000,0.00000000,0.00000000,0.00000000,0.00000000,0.00419953,0.00000000,0.00000000,0.00000000,0.00095080,0.00478799,0.00000000,0.00000000,0.00000000,0.00000000,0.00000000,0.00201447,0.00000000,0.00000000,0.01835209,0.00000000,0.00000000,0.00000000,0.06550131,0.00000000,0.00000000,0.00000000,0.05512130,0.00000000,0.00000000,0.00000000,0.00000000,0.00000000,0.00000000,0.00000000,0.00791189,0.00000000,0.01566998,0.00000000,0.00542002,0.00000000,0.00000000,0.00000000,0.00000000,0.00000000,0.00000000,0.00000000,0.00000000,0.00000000,0.00000000,0.00400566,0.00000000,0.00000000,0.00635185,0.01921131,0.00000000,0.00000000,0.00000000,0.00000000,0.00000000,0.00000000,0.00000000,0.00000000,0.00000000,0.00000000,0.00000000,0.00366704,0.00000000,0.00000000,0.00000000,0.00000000,0.00000000,0.00000000,0.00000000,0.00000000,0.02467943,0.00000000,0.00000000,0.00000000,0.00000000,0.00000000,0.00000000,0.00000000,0.00000000,0.00000000,0.00000000,0.00000000,0.00000000,0.08764844,0.00000000,0.00000000,0.00000000,0.00000000,0.00000000,0.00000000,0.01782310,0.00000000,0.00000000,0.00000000,0.02060239,0.00000000,0.00000000,0.00000000,0.00000000,0.02017968,0.00000000,0.00000000,0.00000000,0.00000000,0.00000000,0.00000000,0.00000000,0.04645820,0.00000000,0.00000000,0.00000000,0.00000000,0.04141582,0.00000000,0.00000000,0.00000000,0.00000000,0.00000000,0.00000000,0.00000000,0.07089010,0.00000000,0.00000000,0.00000000,0.00000000,0.00000000,0.00000000,0.00000000,0.00000000,0.00000000,0.00356213,0.00000000,0.01713737,0.00549856,0.00000000,0.00000000,0.05872352,0.00000000,0.00000000,0.00000000,0.00000000,0.00000000,0.00000000,0.00000000,0.00000000,0.00000000,0.00000000,0.00000000,0.00000000,0.00000000,0.00000000,0.00000000,0.00000000,0.00000000,0.00000000,0.00000000,0.00000000,0.00000000,0.00000000,0.00000000,0.00000000,0.00000000,0.00000000,0.00000000,0.00000000,0.00000000,0.00000000,0.00000000,0.00000000,0.00000000,0.00000000,0.00000000,0.00000000,0.00000000,0.00000000,0.00000000,0.00000000,0.00000000,0.00779449,0.00589078,0.00000000,0.00000000,0.00141826,0.00000000,0.00000000,0.00000000,0.47196077,0.00000000,0.00000000,0.00000000,0.00000000,0.00000000,1.29481963,0.00000000,0.00000000,0.00000000,0.00000000,0.00000000,0.00000000,0.00000000,0.00000000,0.00000000,0.00000000,0.00000000,0.00000000,0.00000000,0.00000000,0.00000000,0.00000000,0.00000000,0.00000000,0.00000000,0.00000000,0.00174014,0.00000000,0.00000000,0.01550365,0.00000000,0.00000000,0.00000000,0.00000000,0.00000000,0.00000000,0.00000000,0.00000000,0.00000000,0.00000000,0.00000000,0.00000000,0.03873335,0.00000000,0.00000000,0.00000000,0.00000000,0.00000000,0.01578552,0.00000000,0.00000000,0.00000000,0.00000000,0.00000000,0.00000000,0.00000000,0.00000000,0.00000000,0.00000000,0.00000000,0.00000000,0.04695998,0.01180117,0.00000000,0.00000000,0.00000000,0.00000000,0.00000000,0.00000000,0.00000000,0.00000000,0.00000000,0.00000000,0.00000000,0.00000000,0.11622973,0.00000000,0.00000000,0.00000000,0.00000000,0.00000000,0.00000000,0.00000000,0.00000000,0.00000000,0.00000000,0.00636603,0.00000000,0.00000000,0.00000000,0.00000000,0.00000000,0.00000000,0.00000000,0.00000000,0.00000000,0.00000000,0.00000000,0.00112443,0.00000000,0.00639144,0.00000000,0.00000000,0.00000000,0.00000000,0.00000000,0.00000000,0.00465431,0.00000000,0.00000000,0.00000000,0.00000000,0.00000000,0.00000000,0.00000000,0.00000000,0.00000000,0.00000000,0.00000000,0.00000000,0.00000000,0.00000000,0.00000000,0.06430105,0.02011930,0.02694430,0.08611316,0.00000000,0.00000000,0.00000000,0.00000000,0.00000000,0.00000000,0.00000000,0.00000000,0.00000000,0.00000000,0.00000000,0.00000000,0.00000000,0.00000000,0.00000000,0.00000000,0.00000000,0.00161462,0.00000000,0.00000000,0.00000000,0.00000000,0.00000000,0.00000000,0.04368434,0.00000000,0.00000000,0.00000000,0.00000000,0.00000000,0.00111984,0.00110511,0.00000000,0.08983693,0.00648705,0.00000000,0.00000000,0.00607660,0.00000000,0.00000000,0.00000000,0.00000000,0.00000000,0.00000000,0.00000000,0.00000000,0.00000000,0.01255097,0.00000000,0.00000000,0.00000000,0.07960586,0.00000000,0.00000000,1.66994510,0.00000000,0.00000000,0.00000000,0.00000000,0.00000000,0.00000000,0.00000000,0.00000000,0.00000000,0.00000000,0.00000000,0.00000000,0.00000000,0.00000000,0.00000000,0.34766859,0.00000000,0.07859238,0.00000000,0.00000000,0.00000000,0.00000000,0.00000000,0.00000000,0.00000000,0.00000000,0.00000000,0.00000000,0.00000000,0.00000000,0.00000000,0.00000000,0.00000000,0.00000000,0.00000000,1.62725211,0.00000000,0.00000000,0.00000000,0.00000000,0.00000000,0.00000000,0.00000000,0.00000000,0.00000000,0.00000000,0.00000000,0.00000000,0.00000000,0.00000000,0.00000000,0.00000000,0.00000000,0.00000000,0.00000000,0.00000000,0.00000000,0.00000000,0.00000000,0.01443109,0.00000000,0.00000000,0.00000000,0.00000000,0.00000000,0.00308598,0.00000000,0.00000000,0.00000000,0.00000000,0.00000000,0.00000000,0.00979276,0.00000000,0.00000000,0.00000000,0.00000000,0.00000000,0.00000000,0.00000000,0.00000000,0.00000000,0.00000000,0.00000000,0.00000000,0.00000000,0.00448672,0.00000000,0.00000000,0.00000000,0.00000000,0.04404122,0.00000000,0.00000000,0.00000000,0.00000000,0.00000000,0.00000000,0.00000000,0.01893534,0.00000000,0.00000000,0.00000000,0.00000000,0.01029593,0.00000000,0.00304069,0.00000000,0.00000000,0.00000000,0.00000000,0.00000000,0.00000000,0.03429259,0.00000000,0.00000000,0.00000000,0.00000000,0.00000000,0.00000000,0.00000000,0.00000000,0.07335081,0.00716447,0.00669908,0.00000000,0.00000000,0.00000000,0.00000000,0.00000000,0.00000000,0.00000000,0.00000000,0.00000000,0.00000000,0.00000000,0.00000000,0.00000000,0.00000000,0.00000000,0.00000000,0.00000000,0.40072528,0.00000000,0.00000000,0.00000000,0.00000000,0.01152956,0.00000000,0.00000000,0.00000000,0.05343184,0.00000000,0.00000000,0.00000000,0.00000000,0.00000000,0.00000000,0.03988141,0.00689804,0.00000000,0.00000000,0.00000000,0.00000000,0.00000000,0.00172817,0.00000000,0.00000000,0.00000000,0.00000000,0.04753626,0.00000000,0.00000000,0.00000000,0.00000000,0.00410947,0.00000000,0.00000000,0.00000000,0.00000000,0.00000000,0.00000000,0.00000000,0.00000000,0.00000000,0.00000000,0.00000000,0.00000000,0.00000000,0.00000000,0.00000000,0.00000000,0.00000000,0.00000000,0.00000000,0.00000000,0.00000000,0.00000000,0.00000000,0.00000000,0.00000000,0.00000000,0.00000000,0.00000000,0.00000000,0.00000000,0.00000000,0.00000000,0.00000000,0.00000000,0.00000000,0.00000000,0.00000000,0.00000000,0.00264470,0.00000000,0.00000000,0.00000000,0.00000000,0.00000000,0.00000000,0.00000000
0.00000000,0.00000000,0.00000000,0.00000000,0.00793674,0.00000000,0.00000000,0.00000000,0.00000000,0.05706555,0.00000000,0.00000000,0.00000000,0.00000000,0.00000000,0.00000000,0.00000000,0.00000000,0.03415826,0.00000000,0.00643271,0.00000000,0.00000000,0.00000000,0.00000000,0.00000000,0.00000000,0.00000000,0.00000000,0.00000000,0.00000000,0.00000000,0.00000000,0.01565803,0.00000000,0.00000000,0.00000000,0.00000000,0.00000000,0.00000000,0.00000000,0.00000000,0.00000000,0.00000000,0.00000000,0.00000000,0.01269934,0.00000000,0.00000000,0.00000000,0.00000000,0.00000000,0.07160658,0.00000000,0.00000000,0.00000000,0.00000000,0.00000000,0.00000000,0.00000000,0.00000000,0.00000000,0.00377134,0.03853544,0.00000000,0.00000000,0.00000000,0.00000000,0.00000000,0.00000000,0.00756717,0.00000000,0.00000000,0.07800430,0.00000000,0.10034369,0.00000000,0.00000000,0.00000000,0.00000000,0.00000000,0.00000000,0.00000000,0.48279150,0.00000000,0.00000000,0.00699515,0.00000000,0.03691343,0.00000000,0.00000000,0.00000000,0.00000000,0.00000000,0.00000000,0.00000000,0.00000000,0.00000000,0.00000000,0.00325998,0.00000000,0.00000000,0.00000000,0.00000000,0.00000000,0.00000000,0.00000000,0.00000000,0.00000000,0.00000000,0.00663893,0.01138343,0.00000000,0.00000000,0.00000000,0.00000000,0.00000000,0.12578624,0.00000000,0.00000000,0.13432061,0.00000000,0.00000000,0.00000000,0.00000000,0.00000000,0.00000000,0.00000000,0.00000000,0.00000000,0.00000000,0.00000000,0.00000000,0.00000000,0.00000000,0.00105181,0.00000000,0.00000000,0.00000000,0.00000000,0.00000000,0.00000000,0.00000000,0.00000000,0.00000000,0.00000000,0.00000000,0.00000000,0.00000000,0.00000000,0.00000000,0.00000000,0.00000000,0.00000000,0.00000000,0.00000000,0.00000000,0.00000000,0.00000000,0.00000000,0.00000000,0.00000000,0.00000000,0.00000000,0.00000000,0.00000000,0.08845762,0.00000000,0.00000000,0.00000000,0.00000000,0.00000000,0.00000000,0.00000000,0.00000000,0.00000000,0.00000000,0.00000000,0.00000000,0.00000000,0.00000000,0.00000000,0.00122123,0.00000000,0.00000000,0.00000000,0.00000000,0.00000000,0.00713574,0.00000000,0.00000000,0.00000000,0.00000000,0.00000000,0.00000000,0.00000000,0.00000000,0.00000000,0.00000000,0.00068193,0.00000000,0.00000000,0.00000000,0.00000000,0.00060950,0.00000000,0.00000000,0.00000000,0.00000000,0.00000000,0.00534201,0.00000000,0.00000000,0.00000000,4.60655196,0.00000000,0.00000000,0.00000000,0.00000000,0.00000000,0.02783240,0.00000000,0.00000000,0.00000000,0.00000000,0.00000000,0.00000000,0.04870989,0.00000000,0.00000000,0.00000000,0.00000000,0.00000000,0.00000000,0.00364413,0.00000000,0.00000000,0.10182259,0.00000000,0.00000000,0.00000000,0.00000000,0.00078893,0.00000000,0.00000000,0.00000000,0.00000000,0.00000000,0.00000000,0.00000000,0.00000000,0.00287130,0.00000000,0.00000000,0.00000000,0.00000000,0.00000000,0.00000000,0.00000000,0.00000000,0.00000000,0.00000000,0.00000000,0.00000000,0.00000000,0.00000000,0.00000000,0.00000000,0.26288649,0.00000000,0.00000000,0.00000000,0.00000000,0.00000000,0.00282560,0.00000000,0.00000000,0.01666728,0.00302578,0.00000000,0.00000000,0.00000000,0.00980994,0.03109964,0.00000000,0.00000000,0.00000000,0.00000000,0.00000000,0.00000000,0.00000000,0.00000000,0.00000000,0.00000000,0.00000000,0.00098917,0.00000000,0.00000000,0.00000000,0.00000000,0.00000000,0.00000000,0.00000000,0.00000000,0.00000000,0.00000000,0.00000000,0.00000000,0.00000000,0.00000000,0.07432354,0.00000000,0.00000000,0.00000000,0.00000000,0.00000000,0.00000000,0.00000000,0.00000000,0.00000000,3.08835407,0.00000000,0.00000000,0.00000000,0.00000000,0.00000000,0.00000000,0.00000000,0.00000000,0.00000000,0.00000000,0.00000000,0.00000000,0.00462541,0.00000000,0.00000000,0.00000000,0.00000000,0.00000000,0.00000000,0.00079632,0.00000000,0.00000000,0.00000000,0.00000000,0.00000000,0.00000000,0.00000000,0.00000000,0.00000000,0.00000000,0.00000000,0.00000000,0.00000000,0.00000000,0.00404149,0.00000000,0.00000000,0.00000000,0.00000000,0.00000000,0.00000000,0.00000000,0.00000000,0.01994448,0.00000000,0.00000000,0.00000000,0.00000000,1.88714130,0.00133762,0.00000000,0.00000000,0.00000000,0.00000000,0.00000000,0.00000000,0.00000000,0.00000000,0.00000000,0.00000000,0.01375642,0.00000000,0.00000000,0.00000000,0.00000000,0.00571568,0.00000000,0.00000000,0.00000000,0.00000000,0.00000000,0.01694983,0.00000000,0.03490226,0.00000000,0.00000000,0.00000000,0.00000000,0.00000000,0.00000000,0.07335942,0.00000000,0.00000000,0.00000000,0.00000000,0.00000000,0.08597233,0.00000000,0.00000000,0.02275040,0.00000000,0.04199347,0.00000000,0.00000000,0.00931196,0.00300555,0.00000000,0.00000000,0.00000000,0.00000000,0.00000000,0.00000000,0.00000000,0.00000000,0.00000000,0.00000000,0.00000000,0.00000000,0.00000000,0.00000000,0.00236025,0.13450434,0.00000000,0.00000000,0.00000000,0.00000000,0.00000000,0.00000000,0.00000000,0.00000000,0.00000000,0.00000000,0.00000000,0.00000000,0.00000000,0.00000000,0.00000000,0.00000000,1.01894111,0.00000000,0.00000000,0.00000000,0.00000000,0.00000000,0.00000000,0.00000000,0.00000000,0.00000000,0.00000000,0.00000000,0.00000000,0.00000000,0.00000000,0.00000000,0.00000000,0.00000000,0.00000000,0.00000000,0.00000000,0.00000000,0.00000000,0.00000000,0.00109498,0.00000000,0.00000000,0.00000000,0.00000000,0.00506581,0.00000000,0.00000000,0.00000000,0.00917561,0.00000000,0.00000000,0.00000000,0.00000000,0.00000000,0.00000000,0.00000000,0.00000000,0.00000000,0.01941406,0.02480718,0.00000000,0.00000000,0.00000000,0.13691955,0.00000000,0.00000000,0.00000000,0.00000000,0.00000000,0.00370000,0.00000000,0.00000000,0.00000000,0.00000000,0.00257627,0.00000000,0.10413631,0.00000000,0.00000000,0.00000000,0.00267138,0.00000000,0.00000000,0.00000000,0.00962011,0.00000000,0.00000000,0.10031362,0.00000000,0.00000000,0.00000000,0.00000000,0.00000000,0.00000000,0.00000000,0.00000000,0.00261112,0.00000000,0.00000000,0.00000000,0.00482130,0.00000000,0.00000000,0.00000000,0.00000000,0.00000000,0.00000000,0.00000000,0.00000000,0.00000000,0.00000000,0.00000000,0.00000000,0.00000000,0.00000000,0.00000000,0.00000000,0.00000000,0.00000000,0.00000000,0.01974857,0.00000000,0.00000000,0.00000000,0.00000000,0.12764025,0.00000000,0.00000000,0.00000000,0.00489574,0.00000000,0.00000000,0.00143343,0.00000000,0.01662061,0.01437981,0.02055163,0.00000000,0.00000000,0.00000000,0.00000000,0.00000000,0.06073607,0.00000000,0.00000000,0.00000000,0.00000000,0.00000000,0.00000000,0.00000000,0.00000000,0.00000000,0.00000000,0.00000000,0.00000000,0.00000000,0.00000000,0.00000000,0.00000000,0.00000000,0.00000000,0.00000000,0.00000000,0.03124793,0.00000000,0.00000000,0.00000000,0.00000000,0.00000000,0.00000000,0.00000000,0.00000000,0.00000000,0.00000000,0.00000000,0.00000000,0.00000000,0.00000000,0.00000000,0.00000000,0.00000000,0.00000000,0.05347277,0.00000000,0.00000000,0.00000000,0.00000000,0.00417767,0.00000000,0.00000000,0.00000000,0.00000000,0.00000000,0.00000000,0.00000000,0.00000000,0.00000000,0.00000000,0.00000000,0.00000000,0.02408527,0.00000000,0.00000000,0.00000000,0.00000000,0.00000000,0.00000000,0.00000000,0.00000000,0.00000000,0.00000000,0.00000000,0.00000000,0.00000000,0.00000000,0.00000000,0.00000000,0.00000000,0.00000000,0.00000000,0.00000000,0.00000000,0.00000000,0.00000000,0.00000000,0.03203510,0.00000000,0.00000000,0.00000000,0.00000000,0.00000000,0.00000000,0.00000000,0.00000000,0.00000000,0.00000000,0.00000000,0.00000000,0.00000000,0.00000000,0.00000000,0.00000000,0.00000000,0.00000000,0.00000000,0.00414601,0.00000000,0.00000000,0.00000000,0.00000000,0.00000000,0.04740607,0.00000000,0.00000000,0.07179957,0.00000000,0.00000000,0.00000000,0.00000000,0.00000000,0.01255576,0.00000000,0.00000000,0.00000000,0.00000000,0.01175153,0.00000000,0.00000000,0.00000000,0.00000000,0.00000000,0.00291793,0.01257778,0.06443881,0.00000000,0.00000000,0.00000000,0.00000000,0.00000000,0.00000000,0.00000000,0.00000000,0.00000000,0.00000000,0.00000000,0.00000000,0.00000000,0.00662442,0.00000000,0.00000000,0.00000000,0.00000000,0.00000000,0.00000000,0.00000000,0.00000000,0.00000000,0.00475926,0.00000000,0.00820982,0.00000000,0.00000000,0.00717904,0.06780779,0.00000000,0.00420290,0.02205631,0.00000000,0.03882476,0.00000000,0.01218964,0.00000000,0.00000000,0.00000000,0.00000000,0.00000000,0.00000000,0.00000000,0.00000000,0.00000000,0.00000000,0.00000000,0.00000000,0.00000000,0.00000000,0.00000000,0.00000000,0.00000000,0.00000000,0.00741521,0.05064362,0.00000000,0.04807029,0.05119388,0.00000000,0.00515449,0.00000000,0.00000000,0.00000000,0.00000000,0.00077975,0.00000000,0.00000000,0.00000000,0.00000000,0.00000000,0.00000000,0.00000000,0.00000000,0.00000000,0.00000000,0.00000000,0.00000000,0.00000000,0.00000000,0.03958322,0.00000000,0.00000000,0.00000000,0.00000000,0.00000000,0.00000000,0.07597199,0.00000000,0.00000000,0.00000000
0.00000000,0.00000000,0.00000000,0.00000000,0.00000000,0.00000000,0.00000000,0.00000000,0.00000000,0.22455242,0.00000000,0.00000000,0.00000000,0.00000000,0.01999971,0.00000000,0.00000000,0.00000000,0.17146635,0.00000000,0.00000000,0.00000000,0.00000000,0.00787640,0.00000000,0.00000000,0.00000000,0.00000000,0.00000000,0.00000000,0.00000000,0.00000000,0.00000000,0.00000000,0.00484942,0.00000000,0.03035687,0.00000000,0.00000000,0.00000000,0.00000000,0.00000000,0.00080145,0.00000000,0.00000000,0.00000000,0.00000000,0.00000000,0.01413276,0.00000000,0.00000000,0.00000000,0.00000000,0.00000000,0.00000000,0.00000000,0.00000000,0.00000000,0.00000000,0.00000000,0.00000000,0.00000000,0.00000000,0.00000000,0.03935969,0.00000000,0.00000000,0.00000000,0.00000000,0.00000000,0.00000000,0.00000000,0.00000000,0.00000000,0.00000000,0.00000000,0.00000000,0.00000000,0.00000000,0.00000000,0.00000000,0.00000000,0.00000000,0.00000000,0.00442953,0.00000000,0.00000000,0.00000000,0.00000000,0.00000000,0.00000000,0.00000000,0.00000000,0.00000000,0.00000000,0.00000000,0.00000000,0.00000000,0.00000000,0.00000000,0.01295861,0.00000000,0.00000000,0.00000000,0.00000000,0.00000000,0.00000000,0.00000000,0.00000000,0.00000000,0.00000000,0.00000000,0.00000000,0.00000000,0.00000000,0.00000000,0.00000000,0.00000000,0.00000000,0.00000000,0.00000000,0.00000000,0.00000000,0.00000000,0.00000000,0.00000000,0.00000000,0.00565377,0.00000000,0.00000000,0.17864875,0.00443333,0.00000000,0.00000000,0.00000000,0.00343698,0.00000000,0.00000000,0.00000000,0.00000000,0.00000000,0.00000000,0.00000000,0.00000000,0.00000000,0.00000000,0.00149540,0.00000000,0.00000000,0.90161782,0.00000000,0.00000000,0.00000000,0.01657312,0.00000000,0.00000000,0.01264055,0.04292514,0.00000000,0.00158578,0.00000000,0.00000000,0.00000000,0.00000000,0.00000000,0.00000000,0.00000000,0.00000000,0.01367014,0.00000000,0.00000000,0.00000000,0.00000000,0.00000000,0.00000000,0.00000000,0.00000000,0.00000000,0.00000000,0.00000000,0.00000000,0.00000000,0.00000000,0.00000000,0.00000000,0.00000000,0.00000000,0.00000000,0.08672971,0.00650616,0.03855509,0.00000000,0.00000000,0.00000000,0.00000000,0.00000000,0.00000000,0.00000000,0.00000000,0.00000000,0.00000000,0.00000000,0.00000000,0.00000000,0.20705322,0.00000000,0.00000000,0.00235043,0.00000000,0.00000000,0.00000000,0.00000000,0.00000000,0.00000000,0.00000000,0.00000000,0.00000000,0.00000000,0.00311155,0.00000000,0.00000000,0.00000000,0.00000000,0.00000000,0.00000000,0.00000000,0.00000000,0.00326751,0.00000000,0.00000000,0.00506731,0.00910747,0.00000000,0.00000000,0.00000000,0.00277924,0.00000000,0.00000000,0.00000000,0.00000000,0.00000000,0.00000000,0.00000000,0.00000000,0.00000000,0.00000000,0.00000000,0.00000000,0.00000000,0.00000000,0.00000000,0.00000000,0.00000000,0.00000000,0.00000000,0.08250380,0.00000000,0.00000000,0.00000000,0.00000000,0.00000000,0.00000000,0.00000000,0.00000000,0.00000000,0.00000000,0.00000000,0.00000000,0.03546453,0.00000000,0.00000000,0.00000000,0.00000000,0.00000000,0.00000000,0.00000000,0.00000000,0.00000000,0.02470154,0.00000000,0.00000000,0.00244061,0.00000000,0.00000000,0.00668927,0.00000000,0.00204213,0.00000000,0.00000000,0.00214475,0.00000000,0.00000000,0.00000000,0.00000000,0.00000000,0.00000000,0.00000000,0.00000000,0.00000000,0.02199128,0.00000000,0.00000000,0.00000000,0.00000000,0.00000000,0.00000000,0.00000000,0.00000000,0.00000000,0.05303944,0.00000000,0.00000000,0.00000000,0.00000000,0.00000000,0.00000000,0.00000000,0.00000000,0.00000000,0.00000000,0.00000000,0.00000000,0.00000000,1.06121146,0.00000000,0.00000000,0.00000000,0.00000000,0.00000000,0.03178282,0.00000000,0.00000000,0.00000000,0.00000000,0.00000000,0.00000000,0.00000000,0.00000000,0.00000000,0.00000000,0.00000000,0.00000000,0.00000000,0.00000000,0.00000000,0.00000000,0.00000000,0.00000000,0.00000000,0.00000000,0.00000000,0.00000000,0.00000000,0.00000000,0.00000000,0.00000000,0.00000000,0.00593205,0.00000000,0.00409205,0.00000000,0.00000000,0.00000000,0.00385722,0.00000000,0.00000000,0.00000000,0.00000000,0.24601755,0.00000000,0.00000000,0.00000000,0.00000000,0.00000000,0.00000000,0.00000000,0.08071289,0.00000000,0.00000000,0.00000000,0.00000000,0.00000000,0.00000000,0.00000000,0.00000000,0.00000000,0.00000000,0.00000000,0.00000000,0.00000000,0.00000000,0.00000000,0.00000000,0.00000000,0.00000000,0.00000000,0.00583305,0.00358552,0.00000000,0.00000000,0.00847172,0.00000000,0.01236550,0.07329193,0.00000000,0.00000000,0.00000000,0.00000000,0.00000000,0.00000000,0.00000000,0.00000000,0.00156112,0.00000000,0.00000000,0.00000000,0.00000000,0.00000000,0.00000000,0.00000000,0.00000000,0.00000000,0.00000000,0.00000000,0.00000000,0.00000000,0.00000000,1.45357926,0.00000000,0.01872900,0.00000000,0.00000000,0.00000000,0.00000000,0.00000000,0.00000000,0.00323468,0.00000000,0.00000000,0.00000000,0.00000000,0.00000000,0.00000000,0.00000000,0.00000000,0.00000000,0.00000000,0.00664513,0.00000000,0.00000000,0.00000000,0.00000000,0.00000000,0.00000000,0.00000000,0.00000000,0.00000000,0.00000000,0.00000000,0.00462189,0.00000000,0.00248632,0.00000000,0.00000000,0.00000000,0.01315165,0.00000000,0.00000000,0.00000000,0.00000000,0.00000000,0.02303572,0.00000000,0.00000000,0.00000000,0.00000000,0.00000000,0.00000000,0.00000000,0.00000000,0.00000000,0.02624578,0.00000000,0.00000000,0.00000000,0.00000000,0.00000000,0.00000000,0.00000000,0.00764925,0.00000000,0.00000000,0.00000000,0.00000000,0.00000000,0.00777007,0.00000000,0.00000000,0.00000000,0.00000000,0.00000000,0.00000000,0.00000000,0.00402769,0.00086830,0.00000000,0.00000000,0.00000000,0.00256414,0.00000000,0.05190766,0.00108899,0.01210278,0.00000000,0.00000000,0.00000000,0.04260624,0.00000000,0.00143772,0.00000000,0.00000000,0.00000000,0.00000000,0.00000000,0.00000000,0.00000000,0.00000000,0.04601443,0.00000000,0.00000000,0.00000000,0.00000000,0.00093147,0.00000000,0.01548582,0.00000000,0.00352413,0.00000000,0.00000000,0.00537150,0.00000000,0.00000000,0.00000000,0.00000000,0.00000000,0.00000000,0.00000000,0.00000000,0.00000000,0.00000000,0.00000000,0.00000000,0.00000000,0.00000000,0.00000000,0.00000000,0.00000000,0.01004824,0.00450293,0.00000000,0.00000000,0.00000000,0.00000000,0.00000000,0.00226967,0.00000000,0.00000000,0.00000000,0.09382174,0.00948803,0.00000000,0.00000000,0.00000000,0.00000000,0.00000000,0.00000000,0.00000000,0.00000000,0.00000000,0.00000000,0.00000000,0.00000000,0.00000000,0.00000000,0.00000000,0.00000000,0.00000000,0.00000000,0.00000000,0.00000000,0.00000000,0.00000000,0.00000000,0.00000000,0.00000000,0.00000000,0.00000000,0.00000000,0.00000000,0.00000000,0.00000000,0.00000000,0.00000000,0.00000000,0.00000000,0.00000000,0.00000000,0.00000000,0.00000000,0.00521466,0.00368154,0.00000000,0.00000000,0.56477241,0.00000000,0.00000000,0.00000000,0.00000000,0.00000000,0.00000000,0.00000000,0.00000000,0.00000000,0.00000000,0.00000000,0.00000000,0.00000000,0.00000000,0.00000000,0.00000000,0.00000000,0.00000000,0.00000000,0.00000000,0.00000000,0.00000000,0.00000000,0.00000000,0.00000000,0.00000000,0.00000000,0.00000000,0.00000000,0.00000000,0.00000000,0.87641794,0.09416653,4.21694826,0.00000000,0.00000000,0.00000000,0.00000000,0.00000000,0.00000000,0.00000000,0.00000000,0.00000000,0.00000000,0.00000000,0.00000000,0.00000000,0.00000000,0.00000000,0.00000000,0.00000000,0.00000000,0.00000000,0.00000000,0.00000000,0.00000000,0.00000000,0.00383998,0.00000000,0.00000000,0.00000000,0.00000000,0.00000000,0.00000000,0.00000000,0.08435427,0.00000000,0.00000000,0.00000000,0.00000000,0.00000000,0.00000000,0.00254070,0.00000000,0.00000000,0.00000000,0.00000000,0.00000000,0.00000000,0.00000000,0.00000000,0.00000000,0.00355283,0.00000000,0.00000000,0.00000000,0.00000000,0.02560356,0.00000000,0.00000000,0.00748002,0.00099948,0.00000000,0.00235881,0.00000000,0.00000000,0.00000000,0.17625505,0.00000000,0.00000000,0.00000000,0.00000000,0.01255022,0.01473753,0.00000000,0.00648870,0.00000000,0.00000000,0.00000000,0.00000000,0.00752699,0.00000000,0.00000000,0.00000000,0.00000000,0.00108376,0.00000000,0.00000000,0.00000000,0.00000000,0.56051230,0.00000000,0.00000000,0.00000000,0.00000000,0.00000000,0.00000000,0.00000000,0.00000000,0.00514346,0.00000000,0.00961924,0.01099602,0.00000000,0.00000000,0.02682322,0.00000000,0.00000000,0.00000000,0.00000000,0.00000000,0.16540015,0.00000000,0.00000000,0.07101545,0.00000000,0.00000000,0.00000000,0.00000000,0.01299790,0.00000000,0.00229364,0.00000000,0.00000000,0.00000000,0.00000000,0.00000000,0.00000000,0.00000000,0.00000000,0.00000000,0.00000000,0.00000000,0.00000000,0.00000000,0.00000000,0.00000000,0.00000000,0.00000000,0.00000000,0.05174411,0.00000000,0.00000000,0.00000000,0.00000000,0.00000000,0.02805575,0.00000000,0.00000000,0.00000000,0.00000000,0.00000000,0.00000000,0.00000000,0.00000000,0.00000000
0.00000000,0.00000000,0.00000000,0.00000000,0.00000000,0.00000000,0.00000000,0.00000000,0.00000000,0.00957998,0.00000000,0.00000000,0.00000000,0.00000000,0.00000000,0.00000000,0.00000000,0.00000000,0.00000000,0.00000000,0.00000000,0.00000000,0.00000000,0.00000000,0.00000000,0.00000000,0.00000000,0.00000000,0.00000000,0.00000000,0.00000000,0.00000000,0.00000000,0.06379478,0.00000000,0.34153209,0.00000000,0.00000000,0.00650268,0.00000000,0.00236079,0.00000000,0.06069481,0.00000000,0.07163890,0.00000000,0.00000000,0.00000000,0.00000000,0.00000000,0.00000000,0.00000000,0.00000000,0.00000000,0.00000000,0.00000000,0.00678016,0.07013071,0.00430304,0.01105742,0.00000000,0.00000000,0.00000000,0.00456916,0.00000000,0.00000000,0.00000000,0.00000000,0.00000000,0.00000000,0.26265158,0.00000000,0.00000000,0.00632890,0.00000000,0.00000000,0.00000000,0.00000000,0.00000000,0.00000000,0.00357421,0.00000000,0.00000000,0.00000000,0.00000000,0.00000000,0.00000000,0.00000000,0.00000000,0.00000000,0.00000000,0.00000000,0.00000000,0.00000000,0.00000000,0.01816310,0.00919362,0.00000000,0.00000000,0.00000000,0.00000000,0.00000000,0.00000000,0.00000000,0.00000000,0.00000000,0.00000000,0.02607464,0.00000000,0.00000000,0.00000000,0.00000000,0.00000000,0.00000000,0.00000000,0.00000000,0.00000000,0.00000000,0.00000000,0.00000000,0.00000000,0.00000000,0.00000000,0.00000000,0.00000000,0.00000000,0.00000000,0.01065438,0.00201314,0.00000000,0.00000000,0.00000000,0.00000000,0.00000000,0.00000000,0.00000000,0.00000000,0.00000000,0.00000000,0.00000000,0.13207494,0.00000000,0.00000000,0.00000000,0.00000000,0.00000000,0.00957648,0.00000000,0.00000000,0.00000000,0.00000000,0.00000000,0.00000000,0.00000000,0.00000000,0.00000000,0.00000000,0.00000000,0.00000000,0.00000000,0.00000000,0.00000000,0.00000000,0.00000000,0.00000000,0.00000000,0.00000000,0.00000000,0.01667837,0.00000000,0.00000000,0.00000000,0.00000000,0.00000000,0.00000000,0.00000000,0.00000000,0.00000000,0.00000000,0.00000000,0.00000000,0.00000000,0.00000000,0.00000000,0.00000000,0.00000000,0.00000000,0.00000000,0.00000000,0.00000000,0.00000000,0.00000000,0.00000000,0.00000000,0.00000000,0.00000000,0.00000000,0.00000000,0.00000000,0.00000000,0.00000000,0.00000000,0.01979442,0.00000000,0.00000000,0.00000000,0.00000000,0.00000000,0.00000000,0.00000000,0.00000000,0.00000000,0.00606986,0.00000000,0.00000000,0.00000000,0.00000000,0.00000000,0.00000000,0.00000000,0.00000000,0.00000000,0.00000000,0.00000000,0.00000000,0.00000000,0.00000000,0.00645616,0.00000000,0.00000000,0.00000000,0.00000000,0.00000000,0.00523606,0.00000000,0.00602245,0.00378331,0.10198028,0.00000000,0.00000000,0.00000000,0.00000000,0.00000000,0.00000000,0.00000000,0.00000000,0.00000000,0.00000000,0.00000000,0.00361919,0.00000000,0.02189073,0.00000000,0.00000000,0.00000000,0.01110202,0.00000000,0.00000000,0.00000000,0.00000000,0.00000000,0.00000000,0.00000000,0.00000000,0.00000000,0.00000000,0.00000000,0.02830449,0.00000000,0.00000000,0.00645800,0.00000000,0.00000000,0.00000000,0.00000000,0.00000000,0.00000000,0.00000000,0.00000000,0.02661380,0.00000000,0.00000000,0.00000000,2.13432367,0.00000000,0.00000000,0.00000000,0.00000000,0.00000000,0.00000000,0.00000000,0.00000000,0.00893937,0.00000000,0.00000000,0.00000000,0.00000000,0.03045659,0.00000000,0.00000000,0.00000000,0.00000000,0.00000000,0.00000000,0.00000000,0.00000000,0.00000000,0.00000000,0.00000000,0.00000000,0.00000000,0.04481015,0.00000000,0.00000000,0.00000000,0.00000000,0.00000000,0.00000000,0.00000000,0.00000000,0.00000000,0.00000000,0.00000000,0.00000000,0.00000000,0.03030919,0.00118797,0.00000000,0.00000000,0.00000000,0.00000000,0.00000000,0.00000000,0.00000000,0.00000000,0.01901260,0.02977294,0.00000000,0.00000000,0.00857703,0.00000000,0.00000000,0.00000000,0.03605438,0.00000000,0.00000000,0.00000000,0.00000000,0.00000000,0.11459539,0.00000000,0.00000000,0.00000000,0.00000000,0.00000000,0.00000000,0.00000000,0.00000000,0.00000000,0.00000000,0.00000000,0.00000000,0.00000000,0.00000000,0.00000000,0.00000000,0.00000000,0.00000000,0.00000000,0.00000000,0.00000000,0.00758442,0.00000000,0.00000000,0.00000000,0.00000000,0.00581595,0.00000000,0.00000000,0.00000000,0.00000000,0.00000000,0.00000000,0.00000000,0.00000000,0.00000000,0.00351492,0.00000000,0.00000000,0.00000000,0.00000000,0.01348669,0.00000000,0.00000000,0.00000000,0.00000000,0.00000000,0.00000000,0.00000000,0.00000000,0.00000000,0.00401627,0.00000000,0.00000000,0.01504179,0.00000000,0.00000000,0.00000000,0.00000000,0.00000000,0.00000000,0.00000000,0.00248760,0.00000000,0.00000000,0.00000000,0.00000000,0.00000000,0.00000000,0.00000000,0.00000000,0.00000000,0.00000000,0.00000000,0.00000000,0.00000000,0.00000000,0.00000000,0.00000000,0.00000000,0.00000000,0.00000000,0.00000000,0.00000000,0.00000000,0.00000000,0.00000000,0.00000000,0.02703460,0.00000000,0.00000000,0.00000000,0.00000000,0.00000000,0.00572003,0.00000000,0.00000000,0.00000000,0.00000000,0.00734877,0.00000000,0.00000000,0.00000000,0.00000000,0.00000000,0.00000000,0.00000000,0.00742553,0.00000000,0.00000000,0.00000000,0.03563045,0.00000000,0.00000000,0.00000000,0.00000000,0.00000000,0.00000000,0.00000000,0.00000000,0.00000000,0.00000000,0.00000000,0.00000000,0.00000000,0.00000000,0.00000000,0.00517487,0.00000000,0.00000000,0.00000000,0.00000000,0.00000000,0.00000000,0.00000000,0.00000000,0.01454858,0.00088862,0.00611450,0.00000000,0.00000000,0.00000000,0.00000000,0.03979432,0.00000000,0.00000000,0.00000000,0.00000000,0.00000000,0.02969710,0.00000000,0.00000000,0.03588101,0.00000000,0.00000000,0.00000000,0.00000000,0.00000000,0.00000000,0.00000000,0.01388939,0.00000000,0.00000000,0.00000000,0.00000000,0.00000000,0.00000000,0.00000000,0.00397333,0.00000000,0.00000000,0.00000000,0.00000000,0.00000000,0.00000000,0.00000000,0.00000000,0.00000000,0.00000000,0.00000000,0.00000000,0.00000000,0.00000000,0.00000000,0.00000000,0.00000000,0.00000000,0.00000000,0.00000000,0.00000000,0.00000000,0.00000000,0.00000000,0.00000000,0.00000000,0.00000000,0.00000000,0.00000000,0.00000000,0.00000000,0.00000000,0.00000000,0.00194849,0.00000000,0.00000000,0.00000000,0.00000000,0.00000000,0.00000000,0.00000000,0.00000000,0.00000000,0.00000000,0.00000000,0.00000000,0.03142665,0.00000000,0.00000000,0.00000000,0.00000000,0.00000000,0.00000000,0.00000000,0.00000000,0.00000000,0.14857784,0.00000000,0.00000000,0.00000000,0.00455969,0.00000000,0.00000000,0.29840020,0.00000000,0.00000000,0.00000000,0.00749296,0.00000000,0.00000000,0.01750939,0.00525379,0.00000000,0.00000000,0.00000000,0.00000000,0.00000000,0.00000000,0.00000000,0.00000000,0.00000000,0.00000000,0.00000000,0.00000000,0.00000000,0.00000000,0.00320584,0.00000000,0.00000000,0.00627988,0.00000000,0.00000000,0.00000000,0.00000000,0.03551355,0.00000000,0.00000000,0.00000000,0.00000000,0.00000000,0.00000000,0.00000000,0.00000000,0.00000000,0.00000000,0.00000000,0.00464556,0.00000000,0.00000000,0.00000000,0.00000000,0.00000000,0.02885136,0.00000000,0.00000000,0.01156666,0.00000000,0.00000000,0.01317022,0.00000000,0.00000000,0.00000000,0.00000000,0.00000000,0.00286422,0.01583940,0.00000000,0.00000000,0.00000000,0.00000000,0.00000000,0.00000000,0.00000000,0.00000000,0.00242521,0.00000000,0.00000000,0.00000000,0.00000000,0.01603785,0.00000000,0.00000000,0.00601074,0.00000000,0.00000000,0.00000000,0.11726966,0.00000000,0.00000000,0.00000000,0.00000000,0.00000000,0.00000000,0.00000000,0.00000000,0.00000000,0.00000000,0.00000000,0.01175260,0.00000000,0.00000000,0.00804314,0.00000000,0.00000000,0.00000000,0.01234995,0.01704034,0.00000000,0.00000000,0.01350936,0.00000000,0.00000000,0.00000000,0.00000000,0.00000000,0.00000000,0.00168783,0.00000000,0.00000000,0.00000000,0.00000000,0.00266763,0.00000000,0.00438919,0.00000000,0.00000000,0.00000000,0.00000000,0.00000000,0.00000000,0.00207811,0.00000000,0.00000000,0.00000000,0.00000000,0.00000000,0.00000000,0.00000000,0.00000000,0.03417223,0.00000000,0.00944506,0.00000000,0.25556733,0.00000000,0.00000000,0.00000000,0.00000000,0.00000000,0.00344201,0.00000000,0.00000000,0.00000000,0.00000000,0.00000000,0.00000000,0.00172615,0.00000000,0.00000000,0.00000000,0.00000000,0.00000000,0.00000000,0.00000000,0.00000000,0.00000000,0.00000000,0.00000000,0.00000000,0.01640090,0.00000000,0.00410947,0.00000000,0.00000000,0.00000000,0.00000000,0.00000000,0.00000000,0.00504020,0.00000000,0.00000000,0.00000000,0.00000000,0.02986667,0.00000000,0.00000000,0.00180480,0.01615210,0.00000000,0.00000000,0.00000000,0.00000000,1.47739947,0.00000000,0.00000000,0.26621709,0.00000000,0.00000000,0.00000000,0.00000000,0.04264261,0.00000000,0.00000000,0.00132506,0.00000000,0.01196087,0.00000000,0.00000000,0.00000000,0.00000000,0.00000000,0.00000000,0.00000000,0.00000000,0.00000000,0.00000000,0.00000000,0.00000000,0.00000000,0.00000000,0.00000000
0.00000000,0.00000000,0.00000000,0.00000000,0.00000000,0.00000000,0.00000000,0.00000000,0.00000000,0.00158625,0.00000000,0.00000000,0.00000000,0.00000000,0.00000000,0.00000000,0.00000000,0.56015743,0.04765830,0.00160781,0.01069562,0.00000000,0.00000000,0.00000000,0.01294993,0.00000000,0.00378468,0.00000000,0.00000000,0.00184453,0.00000000,0.01715293,0.00838607,0.00000000,0.00000000,0.00000000,0.00000000,0.00586169,0.00000000,0.00000000,0.00000000,0.00000000,0.00072955,0.00000000,0.00000000,0.00000000,0.00000000,0.00000000,0.00000000,0.00000000,0.00000000,0.00000000,2.25027697,0.00000000,0.00000000,0.00389149,0.00000000,0.00000000,0.00000000,0.00000000,0.00000000,0.00000000,0.00219627,0.00000000,0.00000000,0.00000000,0.05083428,0.00000000,0.00000000,0.00654000,0.00000000,0.00000000,0.00000000,0.00000000,0.00000000,0.00000000,0.00000000,0.00000000,0.00000000,0.00000000,0.00000000,0.00000000,0.00000000,0.00000000,0.00000000,0.00000000,0.00000000,0.00000000,0.00000000,0.00000000,0.00489399,0.00000000,0.00000000,0.00000000,0.00000000,0.00000000,0.00000000,0.00000000,0.00000000,0.00000000,0.00000000,0.00000000,0.00000000,0.00000000,0.00000000,0.00000000,0.00000000,0.00000000,0.00000000,0.00871942,0.00000000,0.00000000,0.00000000,0.00000000,0.00000000,0.00287287,0.00080487,0.00000000,0.00000000,0.00000000,0.00000000,0.00000000,0.00000000,0.00000000,0.00000000,0.00341023,0.00000000,0.00000000,0.00000000,0.00000000,2.30329778,0.00000000,0.00000000,0.00000000,0.00000000,0.00000000,0.00000000,0.00964538,0.00000000,0.00000000,0.00000000,0.00000000,0.00000000,0.00000000,0.00000000,0.00000000,0.00000000,0.09060060,0.00000000,0.00000000,0.00000000,0.00000000,0.00000000,0.00000000,0.00000000,0.00000000,0.00000000,0.00000000,0.00138583,0.00000000,0.00000000,0.00000000,0.00000000,0.04076246,0.00000000,0.00000000,0.00000000,0.00000000,0.00000000,0.00000000,0.00000000,0.00000000,0.00000000,0.00000000,0.00523997,0.00000000,0.00000000,0.00000000,0.00000000,0.00000000,0.00000000,0.00000000,0.00000000,0.00000000,0.00000000,0.00000000,0.00000000,0.00000000,0.00000000,0.00000000,0.00000000,0.00000000,0.00000000,0.00000000,0.00000000,0.00000000,0.00000000,0.00000000,0.00000000,0.00000000,0.00000000,0.00000000,0.00000000,0.00000000,0.00000000,0.00000000,0.00000000,0.00000000,0.00000000,0.00000000,0.00000000,0.00000000,0.00000000,0.00000000,0.02064116,0.00000000,0.00573130,0.00000000,0.00000000,0.01561230,0.00000000,0.00381516,0.00000000,0.00000000,0.00000000,0.04734494,0.00402980,0.00000000,0.00000000,0.00000000,0.00000000,0.00000000,0.00000000,0.00000000,0.00000000,0.00000000,0.00180030,0.00000000,0.00000000,0.00000000,0.00000000,0.00000000,0.00000000,0.00000000,0.00000000,0.00000000,0.00000000,0.00000000,0.00000000,0.00000000,0.00000000,0.00000000,0.00000000,0.00000000,0.00000000,0.00179906,0.00000000,0.00000000,0.00000000,0.00000000,0.00000000,0.00000000,0.00000000,0.00000000,0.00000000,0.00000000,0.00000000,0.00000000,0.00000000,0.00000000,0.00236672,0.00000000,0.00000000,0.00697619,0.00000000,0.00000000,0.00000000,0.00000000,0.00465336,0.00000000,0.00000000,0.00000000,0.00087764,0.00000000,0.00000000,0.00000000,0.00000000,0.00000000,0.00000000,0.00000000,0.00000000,0.05118601,0.00000000,0.00000000,0.00000000,0.00000000,0.00000000,0.00000000,0.00111166,0.00000000,0.00000000,0.00000000,0.00000000,0.00000000,0.00000000,0.00000000,0.00000000,0.00000000,0.03067567,0.00000000,0.00074522,0.00000000,0.00000000,0.00000000,0.00000000,0.12527150,0.02595185,0.00000000,0.00000000,0.00000000,0.00000000,0.00000000,0.00000000,0.00000000,0.00000000,0.00000000,0.00000000,0.00000000,0.00000000,0.00000000,0.00000000,0.00000000,0.00000000,0.00000000,0.00000000,0.06317713,0.00320940,0.00000000,0.00000000,0.00000000,0.00601149,0.00266021,0.00000000,0.00000000,0.00000000,0.00000000,0.01170710,0.00000000,0.00000000,0.00000000,0.00000000,0.00000000,0.00000000,0.00000000,0.10065065,0.00000000,0.00000000,0.00000000,0.00000000,0.00293372,0.00000000,0.00000000,0.00000000,0.00330174,0.00000000,0.00000000,0.00000000,0.00000000,0.00539266,0.00000000,0.00000000,0.00000000,0.00761817,0.00000000,0.00000000,0.00000000,0.00000000,0.00000000,0.00000000,0.00000000,0.00000000,0.00000000,0.00830665,0.00000000,0.00000000,0.00000000,0.00000000,0.00000000,0.00000000,0.00000000,0.00000000,0.00000000,0.00000000,0.00000000,0.00000000,0.00066259,0.00000000,0.00000000,0.00000000,0.00000000,0.00000000,0.00000000,0.00000000,0.00000000,0.00000000,0.00000000,0.00000000,0.00000000,0.00000000,0.00000000,0.00000000,0.00000000,0.00000000,0.00000000,0.00000000,0.00000000,0.00000000,0.00000000,0.00000000,0.00000000,0.00000000,0.00000000,0.01376818,0.00200246,0.00000000,0.00000000,0.00000000,0.00000000,0.00000000,0.00000000,0.00000000,0.00000000,0.00000000,0.00000000,0.00000000,0.00000000,0.00000000,0.00000000,0.06594264,0.00000000,0.00000000,0.00000000,0.05073257,0.00000000,0.00000000,0.00000000,0.00000000,0.00684987,0.00000000,0.00000000,0.00000000,0.00000000,0.00000000,0.00975323,0.01229019,0.00000000,0.00000000,0.00000000,0.00000000,0.00000000,0.00389968,0.00000000,0.00000000,0.00000000,0.00000000,0.00000000,0.00000000,0.00000000,0.00000000,0.00000000,0.00670854,0.00000000,0.00000000,0.00000000,0.00000000,0.00000000,0.78227703,0.00000000,0.00000000,0.00000000,0.00000000,0.00000000,0.07354176,0.00000000,0.00000000,0.00000000,0.00000000,0.00000000,0.00000000,0.00000000,0.00000000,0.00000000,0.00000000,0.00000000,0.00000000,0.00000000,0.00000000,0.00000000,0.00000000,0.00000000,0.00000000,0.00276246,0.00000000,0.00000000,0.00000000,0.00000000,0.00000000,0.00000000,1.76402257,0.00000000,0.00000000,0.00000000,0.00000000,0.00201518,0.00000000,0.02531351,0.00000000,0.00000000,0.00000000,0.00000000,0.12892499,0.00000000,0.00000000,0.00000000,0.00000000,0.00000000,0.00000000,0.51501257,0.00000000,0.00000000,0.00000000,0.00000000,0.00000000,0.00000000,0.00000000,0.00000000,0.00000000,0.00000000,0.00000000,0.00000000,0.00000000,0.00000000,0.00000000,0.00000000,0.00000000,0.00000000,0.00000000,0.00000000,0.00000000,0.00121766,0.00000000,0.00000000,0.00000000,0.00000000,0.00000000,0.00000000,0.00000000,0.00000000,0.00000000,0.00000000,0.00000000,0.00137568,0.00000000,0.00000000,0.00000000,0.00000000,0.00000000,0.00000000,0.00000000,0.00000000,0.00000000,0.00000000,0.00683938,0.00000000,0.00000000,0.03826487,0.00000000,0.00000000,0.00000000,0.00000000,0.00000000,0.00000000,0.00000000,0.00000000,0.00000000,0.00198917,0.00000000,0.00077039,0.00000000,0.07063064,0.00000000,0.00000000,0.00000000,0.00000000,0.00000000,0.00129708,0.01178654,0.00000000,0.00000000,0.00000000,0.00000000,0.00000000,0.00000000,0.00000000,0.00000000,0.00000000,0.00000000,0.00000000,0.00000000,0.00000000,0.00000000,0.00000000,0.00000000,0.00000000,0.00000000,0.00000000,0.00637876,0.00000000,0.00000000,0.01392395,0.00000000,0.00000000,0.00000000,0.00000000,0.00000000,0.00000000,0.00000000,0.00000000,0.00000000,0.00000000,0.00000000,0.00000000,0.00000000,0.00000000,0.00000000,0.00000000,0.00000000,0.00000000,0.00000000,0.00000000,0.00000000,0.00000000,0.00000000,0.00000000,0.00000000,0.00000000,0.00000000,0.00000000,0.00000000,0.00662427,0.00627217,0.00193228,0.00685145,0.00000000,0.00000000,0.06197383,0.00000000,0.97588839,0.00319418,0.00000000,0.00153745,0.01169333,0.00000000,0.00000000,0.00000000,0.00000000,0.00000000,0.00000000,0.00367110,0.00633890,0.00000000,0.00000000,0.00590423,0.00000000,2.87953005,0.00000000,0.00000000,0.00000000,0.00000000,0.00000000,0.00000000,0.00000000,0.00000000,0.00000000,0.00000000,0.00000000,0.00000000,0.00000000,0.00000000,0.00000000,0.05549221,0.00000000,0.00000000,0.00000000,0.00000000,0.00000000,0.03710496,0.00000000,0.00000000,0.00000000,0.00000000,0.00000000,0.00487415,0.00681404,0.00000000,0.00000000,0.00000000,0.00000000,0.00000000,0.01764241,0.00000000,0.00000000,0.00000000,0.00000000,0.00000000,0.00000000,0.00000000,0.00000000,0.00118192,0.00000000,0.00000000,0.00000000,0.00235066,0.00000000,0.00000000,0.00000000,0.00000000,0.00000000,0.00000000,0.00000000,0.00000000,0.00000000,0.00000000,0.00000000,0.00000000,0.00000000,0.00194492,0.00000000,0.00000000,0.00000000,0.00000000,0.00000000,0.02349203,0.00000000,0.00000000,0.00000000,0.00369408,0.00000000,0.00000000,0.00000000,0.00000000,0.00000000,0.00000000,0.00000000,0.00000000,0.00000000,0.00000000,0.00000000,0.00000000,0.05798889,0.00000000,0.00000000,0.00000000,0.00000000,0.00000000,0.00000000,0.00000000,0.00000000,0.00000000,0.00000000,0.00000000,0.00000000,0.00000000,0.00000000,0.00000000,0.00000000,0.00406881,0.04027739,0.00000000,0.00000000,0.02675545,0.00000000,0.00000000,0.00000000,0.00000000,0.00000000,0.00000000,0.00000000,0.00000000,0.00000000,0.00000000,0.00000000,0.00000000,0.00000000,0.00000000,0.00000000,0.00000000,0.00811119,0.00000000,0.00000000
0.00000000,0.00000000,0.00000000,0.00000000,0.00000000,0.00000000,0.00000000,0.00000000,0.00000000,0.01176885,0.00000000,0.00000000,0.00000000,0.00000000,0.00000000,0.02479899,0.00264425,0.00000000,0.00000000,0.00000000,0.00000000,0.00000000,0.00000000,0.00401114,0.00000000,0.00404353,0.00000000,0.00000000,0.00000000,0.00000000,0.02335254,0.00000000,0.00666810,0.00000000,0.00000000,0.00000000,0.00000000,0.00000000,0.00000000,0.00000000,0.00687972,0.00000000,0.00000000,0.00000000,0.00000000,0.00000000,0.00000000,0.00000000,0.00000000,0.00000000,0.00000000,0.00000000,0.00000000,0.00000000,0.00000000,0.01073366,0.00000000,0.00000000,0.00000000,0.12559497,0.00000000,0.00000000,0.00000000,0.00000000,0.00610866,0.00000000,0.00000000,0.00000000,0.00000000,0.00000000,0.00000000,0.00000000,0.00000000,0.00000000,0.00000000,0.00000000,0.00000000,0.00000000,0.00000000,0.00000000,0.00000000,0.00000000,0.00000000,0.00205281,0.00000000,0.00000000,0.00000000,0.00000000,0.00000000,0.00000000,0.01155862,0.00343682,0.00465113,3.26041559,0.00000000,0.00000000,0.00000000,0.00000000,0.00000000,0.00000000,0.00000000,0.00000000,0.00000000,0.00069385,0.00000000,0.00000000,0.00000000,0.00000000,0.00000000,0.00000000,0.00000000,0.00000000,0.00000000,0.00000000,0.00000000,0.00389082,0.00000000,0.00000000,0.00000000,0.00000000,0.00000000,0.00000000,0.00000000,0.00000000,0.00000000,0.00000000,0.00000000,0.00000000,0.00000000,0.00000000,0.00000000,0.00595938,0.00000000,0.00000000,0.00000000,0.00000000,0.00000000,0.00000000,0.00000000,0.02004085,0.00000000,0.00000000,0.00000000,0.00000000,0.05276472,0.02497340,0.00000000,0.00000000,0.00000000,0.00000000,0.00000000,0.00000000,0.00000000,0.00000000,0.00000000,0.00000000,0.00000000,0.00000000,0.00000000,0.00000000,0.00000000,0.00000000,0.00000000,0.00000000,0.00000000,0.00000000,0.00000000,0.00000000,0.00000000,0.00000000,0.01991040,0.00000000,0.00000000,0.00000000,0.00000000,0.00000000,0.00000000,0.00000000,0.00354441,0.00000000,0.00000000,0.00000000,0.00000000,0.00000000,0.00000000,0.00000000,0.00463320,0.00000000,0.00000000,0.00000000,0.00000000,0.00000000,0.00000000,0.00000000,0.00000000,0.00000000,0.00000000,0.00000000,0.00000000,0.00000000,0.00000000,0.01616116,0.00000000,0.00000000,0.00000000,0.00000000,0.00000000,0.00000000,0.00000000,0.00000000,0.00000000,0.00000000,0.00000000,0.00000000,0.00000000,0.00000000,0.00000000,0.00000000,0.00000000,0.00000000,0.00000000,0.00000000,0.01193326,0.00247694,0.00000000,0.00415983,0.00532539,0.00000000,0.00000000,0.00000000,0.00000000,0.00000000,0.00000000,0.00000000,0.00000000,0.32431498,0.00000000,0.00000000,0.00000000,0.00000000,0.00000000,0.00000000,0.00000000,0.00000000,0.00000000,0.00000000,0.00000000,0.00000000,0.00000000,0.00000000,0.00000000,0.01092025,0.00000000,0.00000000,0.00492831,0.00000000,0.00000000,0.00000000,0.00000000,0.00000000,0.30360184,0.00000000,0.00000000,0.00000000,0.00000000,0.00000000,0.00000000,0.00000000,0.00000000,0.00000000,0.00000000,0.00000000,0.36613305,0.00000000,0.00000000,0.00000000,0.00270748,0.02767542,0.00000000,0.00000000,0.00000000,0.00000000,0.00000000,0.00000000,0.00000000,0.00000000,0.00000000,0.00000000,0.00000000,0.00000000,0.00000000,0.00000000,0.00000000,0.00000000,0.00000000,0.00000000,0.00000000,0.00000000,0.00000000,0.00000000,0.00000000,0.00000000,0.00000000,0.00000000,0.00000000,0.00000000,0.00000000,0.00000000,0.00000000,0.00000000,0.00000000,0.00000000,0.00000000,0.00802975,0.00000000,0.07835124,0.00000000,0.00000000,0.02715198,0.00000000,0.00000000,0.00242354,0.00000000,0.00000000,0.00000000,0.00979162,0.00000000,0.00000000,0.00000000,0.00000000,0.00000000,0.00000000,0.00000000,0.00000000,0.00000000,0.00000000,0.00000000,0.00000000,0.00000000,0.00000000,0.00000000,0.00000000,0.00000000,0.00000000,0.00000000,0.00000000,0.00000000,0.00000000,0.00000000,0.00000000,0.00000000,0.00000000,0.00000000,0.00000000,0.02737063,0.00000000,0.00000000,0.00000000,0.00000000,0.02766646,0.00000000,0.00000000,0.00000000,0.00000000,0.00472333,0.03000942,0.00000000,0.00000000,0.00000000,0.00000000,0.00000000,0.00443295,0.00248332,0.12795484,0.00767826,0.00000000,0.03941867,0.00450600,0.00000000,0.00000000,0.00000000,0.00081807,0.00000000,0.00000000,0.00000000,0.00000000,0.00000000,0.53572223,0.00000000,0.00000000,0.00000000,0.00000000,0.01027504,0.00000000,0.00000000,0.00000000,0.00000000,0.03183462,0.00000000,0.00000000,0.00000000,0.00000000,0.00000000,0.00000000,0.01409962,0.00000000,0.00000000,0.00000000,0.04152408,0.00000000,0.00000000,0.00000000,0.00000000,0.00000000,0.95016228,0.00000000,0.00000000,0.00000000,0.00000000,0.00000000,0.00000000,0.00000000,0.00000000,0.00000000,0.02902604,0.00000000,0.01809884,0.00000000,0.00000000,0.00000000,0.00000000,0.00000000,0.00000000,0.00000000,0.00000000,0.00000000,0.00000000,0.00000000,0.00000000,0.00000000,0.00080273,0.00000000,0.00000000,0.00000000,0.00099990,0.00000000,0.00000000,0.00000000,0.00000000,0.00000000,0.00000000,0.00000000,0.00000000,0.00000000,0.00000000,0.62467566,0.00298951,0.00392790,0.00000000,0.00000000,0.00000000,0.06044966,0.00000000,0.00000000,0.00000000,0.00000000,0.00000000,0.16009243,0.00000000,0.00000000,0.00000000,0.01619689,0.00000000,0.00000000,0.00000000,0.00000000,0.05283242,0.00000000,0.00000000,0.00000000,0.00000000,0.00000000,0.00000000,0.07106148,0.76975724,0.00000000,0.00000000,0.00000000,0.00000000,0.00000000,0.00000000,0.00000000,0.00000000,0.00000000,0.00000000,0.03800365,0.00000000,0.00000000,0.00000000,0.00000000,0.00000000,0.00000000,0.00000000,0.00000000,0.00000000,0.00372121,0.00000000,0.00000000,0.05336750,0.00000000,0.00000000,0.00000000,0.00000000,0.00000000,0.00000000,0.00000000,0.00000000,0.00000000,0.00000000,0.00000000,0.06340425,0.00000000,0.00000000,0.00000000,0.00000000,0.00000000,0.00000000,0.00000000,0.00000000,0.00000000,0.00000000,0.00000000,0.00000000,0.00000000,0.00000000,0.00554569,0.00000000,0.00000000,0.00000000,0.00000000,0.00000000,0.00000000,0.00000000,0.00000000,0.00000000,0.00000000,0.00000000,0.00000000,0.00000000,0.00000000,0.00000000,0.00000000,0.02707443,0.00000000,0.00000000,0.00000000,0.00000000,0.00000000,0.00256386,0.02939735,0.01147611,0.00000000,0.00000000,0.00000000,0.00000000,0.07967672,0.00000000,0.00000000,0.00000000,0.00000000,0.00000000,0.00000000,0.00000000,0.00000000,0.00000000,0.01418815,0.00000000,0.00000000,0.00000000,0.00571987,0.00000000,0.00000000,0.00000000,0.00208339,0.00000000,0.00307040,0.00000000,0.00000000,0.00000000,0.00000000,0.00000000,0.00000000,0.00796920,0.00000000,0.00000000,0.00000000,0.00000000,0.15886345,0.00000000,0.00000000,0.00000000,0.00000000,0.00000000,0.00000000,0.00000000,0.00000000,0.00000000,0.00000000,0.00852504,0.00000000,0.00000000,0.00000000,0.00560767,0.00000000,0.00000000,0.00264384,0.00000000,0.01171611,0.00000000,0.00000000,0.00000000,0.00000000,0.00000000,0.00000000,0.00000000,0.00000000,0.00000000,0.00000000,0.00000000,0.00000000,0.00000000,0.00000000,0.00000000,0.00000000,0.00000000,0.00000000,0.00000000,0.00000000,0.00000000,0.00000000,0.00000000,0.00000000,0.00000000,0.00000000,0.00000000,0.02623076,0.00000000,0.00601656,0.00000000,0.00000000,0.00000000,0.00000000,0.00000000,0.00000000,0.00000000,0.00000000,0.00000000,0.00750319,0.00000000,0.02064130,0.00000000,0.00000000,0.00172317,0.00227903,0.00000000,0.00336061,0.00000000,0.00000000,0.00000000,0.00298903,0.00000000,0.00000000,0.00000000,0.01890765,0.00000000,0.00000000,0.00000000,0.00000000,0.00000000,0.00000000,0.00000000,0.00000000,0.00000000,0.00000000,0.00000000,0.00000000,0.00000000,0.00000000,0.06415639,0.00000000,0.00000000,0.00000000,0.00000000,0.00000000,0.00000000,0.00000000,0.01886670,0.00000000,0.00151040,0.00000000,0.00000000,0.00000000,0.00000000,0.00000000,0.00000000,0.00000000,0.00000000,0.00000000,0.00000000,0.00000000,0.00000000,0.00000000,0.00000000,0.00000000,0.00000000,0.00000000,0.00000000,0.00000000,0.00000000,0.00305938,0.00000000,0.00000000,0.00000000,0.00000000,0.00000000,0.00000000,0.00000000,0.00000000,0.00000000,0.00000000,0.00000000,0.00000000,0.00000000,0.00000000,0.00000000,0.00000000,0.00252130,0.00000000,0.00000000,0.00000000,0.00000000,0.00000000,0.00000000,0.00000000,0.00000000,0.00000000,0.00000000,0.01010847,0.00559065,0.04416676,0.00000000,0.00000000,0.16540015,0.00000000,0.00000000,0.00000000,0.00000000,0.00000000,0.00000000,0.00000000,0.00000000,0.00000000,0.00000000,0.00000000,0.01661514,0.00000000,0.00000000,0.00000000,0.00000000,0.00000000,0.00000000,0.00000000,0.00000000,0.00000000,0.00000000,0.00000000,0.00000000,0.00000000,0.00000000,0.00000000,0.00000000,0.00000000,0.00000000,0.00000000,0.00000000,0.00000000,0.04213141,0.00000000,0.00000000,0.00000000,0.00000000,0.00000000,0.00193942,0.00319767,0.00000000,0.00000000,0.00000000,0.00000000,0.00000000,0.00000000
0.00492493,0.00000000,0.00000000,0.00000000,0.00000000,0.00000000,0.00000000,0.03764593,0.00000000,0.00000000,0.00000000,0.00000000,0.00000000,0.00000000,0.00386822,0.00000000,0.00000000,0.00000000,0.00000000,0.00000000,0.00000000,0.00000000,0.00000000,0.00000000,0.00000000,0.00000000,0.00000000,0.00000000,0.00818916,0.00000000,0.00000000,0.00000000,0.00000000,0.00000000,0.00000000,0.00000000,0.00000000,0.00000000,0.00000000,0.00081860,0.00000000,0.00000000,0.00000000,0.00000000,0.00000000,0.00000000,0.00000000,0.00000000,0.00000000,0.00000000,0.00000000,0.01982033,0.00000000,0.00000000,0.00000000,0.00000000,0.00000000,0.00000000,0.00000000,0.00000000,0.00840965,0.00000000,0.00000000,0.00000000,0.00000000,0.00000000,0.00000000,0.00000000,0.00269556,0.00000000,0.00000000,0.00000000,0.00000000,0.00000000,0.00000000,0.00000000,0.00000000,0.00000000,0.00000000,0.00000000,0.00000000,0.00000000,0.00119211,0.00000000,0.00000000,0.00000000,0.00000000,0.00000000,0.00000000,0.00000000,0.00174972,0.00000000,0.00644210,0.00000000,0.00000000,0.00000000,0.00000000,0.00000000,0.00000000,0.00000000,0.00000000,0.00253084,0.00000000,0.00000000,0.00000000,0.00000000,0.00281682,0.00000000,0.00000000,0.00000000,0.00000000,0.00000000,0.00000000,0.00000000,0.00000000,0.00000000,0.00000000,0.00000000,0.02910842,0.00000000,0.00000000,0.00000000,0.00000000,0.00000000,0.00000000,0.00000000,0.00000000,0.00000000,0.00000000,0.00000000,0.00000000,0.00000000,0.00000000,0.00000000,0.00000000,0.00000000,0.00000000,0.00000000,0.00000000,0.00000000,0.00000000,0.00513380,0.00000000,0.00000000,0.00000000,0.00000000,0.00000000,0.00628332,0.00000000,0.00000000,0.00000000,0.00000000,0.05140410,0.00280537,0.00523630,0.00000000,0.00000000,0.00000000,0.00000000,0.00000000,0.00000000,0.00000000,0.00000000,0.00000000,0.01504389,0.00000000,0.00000000,0.00000000,0.00000000,0.00000000,0.00000000,0.00000000,0.00000000,0.00000000,2.86487184,0.00000000,0.00615375,0.00000000,0.00000000,0.00000000,0.00000000,0.00000000,0.00000000,0.00000000,0.00000000,0.00000000,0.00000000,0.00000000,0.00000000,0.05197875,0.01060710,0.00000000,0.00000000,1.48945252,0.00000000,0.00000000,0.00000000,0.00000000,0.00000000,0.00000000,0.00000000,0.00000000,0.00000000,0.00000000,0.00412445,0.00000000,0.00558330,0.00000000,0.00000000,0.00000000,0.00000000,0.00000000,0.00000000,0.00069840,0.00000000,0.00000000,0.00000000,0.00000000,0.00000000,0.00000000,0.01031885,0.00000000,0.02653279,0.00139706,0.00000000,0.00000000,0.00000000,0.00000000,0.00000000,0.00000000,0.00000000,0.00000000,0.00112091,0.00000000,0.00000000,0.00000000,0.00079885,0.04597426,0.00000000,0.00000000,0.00000000,0.00000000,0.00000000,0.00000000,0.00000000,0.00000000,0.00000000,0.00000000,0.00000000,0.00000000,0.00000000,0.00000000,0.00000000,0.00000000,0.00000000,0.00000000,0.00000000,0.00000000,0.00000000,0.00000000,0.24175887,0.00468142,0.00000000,0.00000000,0.00000000,0.00000000,0.00000000,0.00000000,0.00000000,0.00096381,0.07752164,0.00000000,0.00000000,0.00000000,0.00000000,0.00939742,0.00000000,0.00000000,1.44743942,0.00000000,0.00000000,0.00000000,0.00000000,0.00000000,0.00000000,0.00000000,0.00000000,0.00000000,0.00000000,0.11884084,0.00000000,0.00000000,0.01632363,0.00000000,0.00000000,0.00000000,0.00273251,0.00000000,0.00000000,0.00000000,0.00000000,0.00000000,0.00000000,0.00000000,0.01793768,0.00000000,0.00000000,0.00000000,0.00000000,0.00000000,0.00000000,0.00000000,0.00000000,0.00000000,0.00000000,0.00000000,0.00272694,0.00000000,0.00000000,0.00000000,0.00000000,0.00000000,0.00000000,0.00000000,0.00000000,0.00000000,0.00000000,0.00000000,0.00082919,0.00000000,0.00000000,0.00000000,0.00000000,0.00000000,0.00000000,0.00000000,0.00000000,0.00000000,0.00000000,0.00000000,0.00201240,0.00000000,0.00000000,0.00000000,0.00000000,0.02865069,0.00000000,0.00000000,0.00000000,0.00000000,0.01624377,0.00000000,0.03036249,0.00000000,0.00000000,0.00000000,0.00000000,0.00837039,0.00000000,0.00000000,0.00000000,0.00000000,0.00000000,0.01978299,0.00000000,0.00000000,0.00000000,0.00000000,0.00000000,0.00451490,0.00000000,0.00000000,0.00000000,0.00000000,0.00000000,0.00000000,0.00000000,0.00000000,0.00000000,0.00000000,0.00255860,0.00000000,0.00110464,0.00798194,0.00000000,0.00000000,0.00000000,0.00000000,0.00000000,0.00000000,0.01848761,0.00000000,0.00000000,0.00000000,0.00000000,0.00000000,0.00610684,0.25843881,0.00000000,0.00000000,0.00000000,0.00000000,0.00000000,0.01382583,0.04703580,0.00000000,0.10036167,0.00000000,0.00000000,0.00000000,0.00000000,0.00000000,0.00000000,0.00000000,0.00087640,0.00000000,0.00000000,0.00000000,0.00141152,0.01887189,0.00000000,0.00000000,0.00000000,0.00000000,0.09976480,0.00000000,0.00218014,0.12833168,0.00000000,0.00000000,0.27507875,0.00000000,0.00059712,0.00000000,1.67848884,0.00000000,0.00000000,0.00000000,0.00000000,0.00000000,0.00000000,0.00000000,0.00000000,0.00000000,0.00000000,0.00000000,0.00000000,0.00000000,0.00000000,0.00000000,0.00000000,0.00000000,0.00000000,0.00000000,0.00000000,0.01024473,0.00000000,0.00000000,0.00000000,0.00000000,0.00000000,0.00000000,0.00000000,0.00000000,0.00000000,0.00000000,0.00266157,0.00000000,0.00000000,0.00000000,0.00000000,0.00000000,0.00000000,0.00000000,0.00000000,0.00000000,0.00050366,0.00564247,0.00000000,0.00000000,0.00000000,0.00000000,0.00000000,0.00000000,0.00000000,0.00000000,0.00000000,0.00000000,0.00000000,0.00000000,0.00000000,0.00000000,0.00000000,0.03219750,0.01171852,0.00000000,0.00000000,0.00000000,0.00000000,0.00000000,0.00000000,0.00000000,0.00000000,0.00000000,0.00000000,0.00000000,0.00000000,0.00000000,0.00000000,0.00000000,0.00000000,0.00000000,0.00000000,0.00000000,0.00000000,0.00000000,0.00000000,0.00000000,0.00000000,0.00260314,0.00000000,0.00000000,0.07770682,0.00000000,0.00000000,0.00000000,0.00000000,0.00000000,0.00314547,0.00089283,0.00000000,0.00394970,0.00000000,0.00000000,0.00000000,0.00000000,0.00000000,0.00000000,0.00000000,0.00000000,0.00000000,0.00000000,0.00307018,0.00000000,0.00000000,0.00000000,0.00000000,0.00000000,0.00000000,0.00240699,0.00000000,0.00000000,0.00000000,0.01057284,0.00000000,0.00000000,0.00619930,0.00000000,0.00000000,0.00609681,0.00000000,0.00000000,0.00000000,0.00000000,0.00000000,0.00000000,0.00000000,0.00000000,0.00000000,0.00000000,0.00000000,0.00000000,0.00000000,0.00000000,0.00000000,0.00686353,0.00000000,0.00000000,0.00000000,0.00000000,0.00000000,0.00000000,0.00000000,0.00000000,0.00000000,0.00000000,0.00000000,0.00000000,0.00000000,0.00000000,0.00000000,1.58905038,0.00000000,0.00000000,0.00000000,0.01116369,0.00000000,0.00000000,0.00000000,0.00000000,0.00000000,0.00000000,0.00000000,0.00000000,0.00000000,0.00000000,0.00000000,0.00000000,0.01019896,0.00000000,0.00000000,0.00000000,0.00000000,0.00000000,0.00000000,0.00167733,0.00000000,0.00000000,0.00000000,0.00000000,0.01154768,0.00000000,0.00000000,0.00000000,0.00000000,0.00000000,0.00000000,0.00000000,0.00798201,0.00000000,0.00000000,0.00000000,0.00000000,0.00000000,0.00000000,0.00000000,0.00000000,0.00000000,0.00000000,0.00000000,0.00000000,0.00000000,0.00000000,0.00000000,0.00000000,0.00000000,0.00000000,0.00000000,0.00000000,0.00000000,0.49938642,0.00000000,0.00000000,0.00000000,0.00000000,0.00000000,0.00000000,0.00000000,0.00000000,0.00000000,0.00000000,0.00000000,0.00000000,0.00000000,0.00000000,0.00000000,0.00000000,0.00000000,0.00000000,0.00000000,0.00000000,0.00387193,0.00000000,0.00000000,0.00000000,0.00255074,0.00000000,0.00000000,0.00000000,0.00000000,0.00000000,0.02105458,0.00000000,0.00000000,2.42304971,0.00000000,0.00000000,0.00000000,0.00000000,0.00000000,0.00000000,0.00000000,0.00000000,0.00000000,0.00000000,0.00000000,0.00000000,0.00000000,0.00000000,0.00000000,0.00000000,0.00000000,0.02653397,0.00000000,0.00000000,0.00000000,0.00000000,0.00000000,0.00398129,0.00414318,0.00000000,0.00000000,0.00000000,0.00000000,0.01122291,0.00000000,0.05404672,0.00000000,0.00000000,0.00000000,0.00000000,0.00000000,0.00000000,0.00000000,0.00000000,0.00000000,0.00000000,0.00000000,0.00000000,0.00225189,0.00000000,0.00000000,0.00538415,0.00000000,0.00306373,0.00000000,0.00000000,0.02389571,0.00000000,0.00000000,0.00000000,0.00000000,0.00000000,0.00000000,0.00000000,0.00000000,0.00000000,0.00000000,0.00000000,0.00269404,0.00000000,0.00000000,0.00000000,0.00000000,0.00000000,0.00000000,0.00000000,0.00000000,0.00000000,0.00000000,0.00084715,0.00000000,0.00000000,0.00000000,0.18367791,0.02872015,0.01165342,0.00000000,0.00000000,0.00000000,0.00000000,0.00000000,0.00000000,0.00000000,0.00000000,0.00000000,0.00000000,0.00000000,0.00000000,0.00000000,0.00000000,0.00000000,0.00000000,0.00000000,0.00000000,0.00000000,0.00000000,0.00000000,0.00000000,0.00000000,0.00000000,0.00000000,0.00000000,0.11273844,0.00000000,0.00000000,0.00000000,0.00000000,0.00000000,0.00000000
0.00000000,0.00000000,0.01433943,0.00000000,0.01262870,0.00000000,0.02371605,0.00000000,0.00000000,0.00000000,0.00000000,0.00000000,0.00000000,0.00000000,0.00000000,0.00000000,0.00000000,0.00000000,0.00000000,0.00177698,0.00000000,0.00000000,0.00000000,0.00000000,0.00000000,0.00000000,0.00000000,0.01312586,0.00000000,0.00450010,0.00313084,0.00000000,0.00000000,0.00000000,0.00000000,0.00000000,0.00000000,0.00000000,0.00000000,0.00000000,0.01173597,0.00000000,0.00000000,0.00000000,0.00000000,0.00000000,0.00000000,0.00000000,0.00000000,0.00000000,0.01459684,0.00000000,0.00000000,0.00000000,0.00000000,0.01532206,0.00000000,0.00000000,0.07115412,0.00000000,0.04614492,0.00000000,0.00000000,0.00000000,0.00000000,0.00000000,0.00000000,0.00000000,0.00000000,0.00000000,0.00000000,0.00000000,0.00000000,0.00000000,0.00000000,0.00000000,0.00000000,0.00000000,0.00000000,0.00000000,0.00000000,0.00000000,0.00000000,0.00582403,0.00000000,0.00000000,0.00000000,0.00000000,0.00000000,0.00000000,0.00000000,0.00000000,0.00000000,0.00000000,0.00000000,0.00376194,0.00000000,0.00437867,0.00000000,0.00000000,0.00000000,0.00000000,0.00000000,0.00000000,0.00000000,0.00000000,0.00000000,0.00422495,0.00000000,0.00000000,0.00000000,0.00000000,0.04178372,0.00000000,0.00000000,0.00000000,0.00000000,0.26235809,0.00000000,0.00000000,0.00000000,0.00946575,0.00000000,0.00000000,0.00000000,0.00000000,0.00000000,0.00000000,0.00000000,0.00000000,0.00000000,0.00000000,0.00000000,0.00000000,0.00000000,0.05144128,0.00000000,0.00000000,0.00000000,0.00000000,0.00000000,0.83492103,0.00000000,0.00000000,0.00000000,0.00000000,0.00000000,0.00000000,0.00000000,0.00000000,0.00000000,0.00562292,0.00000000,0.00000000,0.00000000,0.00000000,0.00472100,0.00000000,0.00000000,0.00712273,0.00000000,0.00000000,0.00000000,0.00000000,0.00000000,0.00000000,0.00000000,0.00000000,0.00070016,0.00000000,0.00000000,0.00239801,0.00000000,0.00000000,0.00186990,0.02507135,0.00000000,0.00000000,0.00000000,0.00000000,0.00000000,0.00000000,0.00000000,0.00000000,0.00000000,0.00000000,0.00000000,0.00302002,0.00000000,0.00000000,0.00000000,0.00000000,0.00000000,0.00000000,0.00000000,0.00000000,0.00000000,0.00000000,0.00587241,0.00000000,0.00000000,0.00000000,0.00000000,0.00000000,0.00000000,0.00000000,0.00000000,0.00000000,0.00000000,0.00000000,0.00000000,0.00000000,0.00000000,0.00000000,0.00000000,0.00000000,0.00000000,0.00000000,0.00000000,0.00962769,0.00000000,0.00000000,0.00605347,0.00000000,0.00000000,0.00831873,0.00000000,0.00000000,0.00000000,0.01272573,0.00000000,0.00000000,0.00000000,0.00103013,0.00000000,0.00000000,0.00000000,0.00000000,0.00000000,0.00851201,0.00000000,0.00000000,0.00000000,0.00000000,0.00000000,0.00000000,0.00000000,0.00000000,0.00000000,0.00000000,0.00000000,0.00000000,0.00000000,0.00000000,0.00000000,0.00000000,0.00000000,0.40373304,0.00000000,0.00000000,0.00000000,0.00000000,0.14803826,0.00000000,0.00000000,0.00359194,0.00000000,0.00000000,0.01432418,0.00000000,0.00000000,0.10658033,0.00000000,0.00000000,0.01801907,0.00000000,0.00000000,0.00000000,0.00000000,0.00160438,0.00000000,0.00000000,0.00000000,0.00697585,0.00000000,0.00000000,0.00000000,0.00000000,0.00000000,0.00591084,0.00000000,0.86685881,0.00000000,0.00000000,0.00000000,0.00000000,0.00000000,0.00000000,0.00000000,0.00000000,0.00000000,0.00000000,0.00000000,0.00000000,0.00000000,0.00000000,0.00000000,0.00194595,0.00000000,0.00000000,0.00000000,0.00000000,0.00000000,0.00000000,0.00000000,0.00000000,0.00000000,0.00487811,0.01454064,0.00000000,0.00641918,0.00000000,0.00000000,0.00000000,0.00000000,0.00000000,0.00000000,0.00979370,0.00000000,0.00000000,0.00000000,0.00000000,0.00000000,0.00000000,0.00000000,0.00000000,0.00000000,0.00000000,0.00000000,0.00000000,0.00000000,0.00000000,0.00000000,0.00000000,0.07694986,0.00000000,0.00000000,0.05589429,0.00000000,0.02666701,0.00000000,0.00000000,0.00000000,0.00000000,0.00000000,0.00000000,0.00386745,0.00000000,0.00000000,0.00000000,0.00000000,0.00401359,0.00000000,0.00000000,0.00000000,0.00446979,0.00000000,0.00000000,0.00000000,0.00000000,0.00000000,0.00000000,0.00000000,0.00000000,0.00000000,0.00684584,0.00699420,0.00000000,0.00000000,0.00000000,0.00000000,0.00000000,0.00000000,0.00000000,0.00000000,0.00000000,0.00000000,0.00000000,0.00000000,0.00000000,0.00000000,0.00000000,0.00000000,0.00000000,0.02493083,0.00722838,0.00000000,0.00000000,0.01720959,0.00000000,0.00000000,0.00000000,0.00000000,0.00000000,0.00759661,0.00000000,0.00000000,0.00000000,0.00000000,0.00000000,0.00000000,0.00000000,0.00000000,0.00000000,0.00807821,0.00000000,0.00000000,0.00000000,0.00000000,0.00000000,0.00000000,0.00000000,0.02581216,0.00000000,0.00000000,0.00000000,0.00000000,0.03231696,0.00000000,0.00000000,0.00000000,0.00000000,0.00000000,0.00000000,0.00000000,0.00000000,0.00000000,0.00729323,0.00000000,0.01606533,0.00000000,0.01305841,0.00000000,0.00000000,0.00000000,0.00000000,0.00000000,0.00000000,0.00000000,0.00000000,0.00000000,0.00000000,0.00000000,0.00000000,0.00000000,0.00000000,0.00000000,0.00288380,0.00000000,0.00000000,0.00000000,0.00000000,0.00000000,0.00000000,0.00000000,0.00000000,0.00000000,0.00000000,0.00000000,0.00000000,0.00000000,0.00000000,0.00000000,0.00000000,0.00000000,0.00000000,0.01541915,0.00000000,0.00000000,0.00000000,0.00000000,0.00000000,0.00000000,0.00151130,0.00803837,0.00000000,0.00319831,0.00000000,0.00000000,0.00166095,0.00000000,0.00000000,0.00000000,0.00000000,0.01812294,0.00000000,0.00000000,0.00000000,0.00000000,0.00294836,0.00000000,0.00000000,0.00000000,0.00000000,0.00582521,0.00000000,0.00000000,0.00000000,0.00000000,0.00000000,0.00000000,0.00000000,0.00000000,0.00000000,0.00000000,0.00000000,0.00000000,0.01214508,0.00000000,0.00000000,0.00401720,0.00000000,0.00000000,0.00453830,0.00000000,0.00000000,0.00000000,0.00000000,0.00000000,0.00000000,0.00000000,0.00000000,0.00000000,0.00000000,0.00000000,0.00000000,0.00000000,0.00000000,0.00000000,0.00000000,0.00681265,0.08603246,0.00000000,0.00000000,0.00000000,0.00000000,0.00000000,0.00000000,0.00000000,0.00000000,0.00000000,0.00000000,0.00000000,0.00000000,0.00280460,0.00000000,0.00000000,0.00000000,0.01486457,0.00000000,0.00000000,0.00000000,0.00000000,0.00000000,0.00000000,0.00000000,0.00000000,0.00000000,0.00000000,0.00000000,0.00000000,0.00000000,0.04206857,0.00000000,0.00000000,0.00000000,0.00000000,0.00000000,0.00000000,0.00000000,0.00000000,0.00000000,0.00000000,0.00000000,0.00000000,0.00000000,0.00000000,0.00000000,0.00000000,0.00000000,0.00000000,0.00000000,0.00000000,0.00000000,0.00000000,0.00000000,0.00000000,0.00000000,0.00000000,0.00000000,0.00000000,0.00236151,0.00000000,0.00000000,0.00000000,0.00000000,0.00000000,0.00000000,0.01241265,0.00000000,0.00000000,0.02088342,0.00000000,0.00000000,0.00077036,0.00000000,0.00000000,0.00000000,0.00000000,0.00000000,0.00000000,0.00000000,0.00000000,0.00000000,0.00000000,0.00000000,0.00000000,0.00000000,0.00000000,0.00000000,0.00000000,0.00295213,0.00660559,0.00000000,0.00000000,0.00000000,0.00000000,0.00000000,0.00000000,0.00000000,0.00000000,0.04353600,0.00000000,0.00000000,0.00000000,0.00000000,0.00000000,0.00000000,0.00000000,0.00000000,0.00000000,0.03969736,0.00000000,0.00000000,0.00000000,0.00000000,0.00324218,0.00000000,0.00000000,0.00000000,0.00000000,0.17976223,0.00838610,0.00000000,0.00000000,0.00000000,0.00000000,0.00000000,0.00000000,0.01378427,0.00000000,0.00000000,0.00000000,0.00000000,0.00000000,0.00000000,0.00000000,0.00000000,0.00000000,0.00000000,0.00000000,0.00000000,0.00000000,0.00000000,0.00000000,0.00000000,0.00000000,0.00000000,0.00000000,0.00000000,0.00000000,0.00000000,0.00000000,0.00000000,0.00000000,0.01032880,0.00000000,0.00000000,0.01041572,0.00000000,0.00000000,0.00000000,0.00000000,0.00000000,0.00000000,0.00000000,0.00000000,0.00000000,0.00442411,0.00000000,0.00000000,0.00000000,0.00000000,0.00000000,0.00000000,0.00000000,0.00214226,0.00000000,0.00000000,0.00000000,0.00000000,2.48609579,0.00000000,0.00000000,0.00000000,0.00000000,0.00000000,0.00071869,0.00000000,0.14478997,0.00465598,0.00000000,0.00000000,0.00000000,0.00000000,0.00000000,0.00000000,0.00000000,0.00000000,0.00000000,0.00000000,0.00000000,0.00000000,0.00000000,0.00000000,0.00000000,0.00000000,0.00000000,0.20987675,0.01031998,0.00000000,0.00000000,0.00000000,0.00504020,0.00000000,0.00000000,0.00000000,0.00000000,0.00000000,0.00000000,0.00000000,0.00000000,0.00000000,0.00000000,0.00000000,0.00000000,0.00000000,0.00000000,0.00000000,0.00000000,0.02593783,0.00000000,0.00000000,0.00000000,0.00000000,0.00000000,0.00000000,0.00000000,0.00000000,0.00330382,0.00000000,0.00000000,0.00000000,0.00000000,0.00000000,0.00000000,0.00000000,0.00000000,0.00364083,0.11001673,0.00000000,0.00000000,0.00667958,0.00000000,0.00000000,0.00000000,0.00000000,0.00000000,0.00000000,0.00000000
0.00000000,0.00000000,0.00000000,0.00000000,0.00000000,0.00000000,0.00000000,0.00000000,0.01710313,0.00000000,0.00000000,0.00000000,0.02724108,0.00000000,0.40825876,0.00000000,0.00000000,0.00000000,0.00000000,0.00000000,0.00000000,0.00000000,0.00000000,0.00000000,0.00000000,0.04888300,0.00000000,0.00000000,0.00000000,0.00000000,0.00000000,0.00000000,0.16335655,0.00000000,0.00000000,0.00000000,0.29668257,0.00000000,0.00000000,0.00000000,0.00877136,0.00000000,0.00000000,0.00254442,0.00000000,0.00000000,0.00000000,0.00000000,0.00000000,0.00000000,0.00000000,0.00000000,0.00000000,0.00000000,0.03836123,0.00000000,0.00000000,0.00000000,0.00000000,0.00344167,0.00000000,0.00000000,0.00000000,0.00000000,0.00000000,0.00000000,0.00000000,0.00000000,0.00000000,0.00000000,0.00897125,0.00000000,0.00000000,0.00000000,0.00000000,0.00000000,0.00000000,0.00000000,0.00000000,0.00000000,0.00000000,0.00211434,0.00000000,0.00000000,0.00000000,0.00000000,0.00000000,0.00000000,0.00000000,0.00000000,0.00000000,0.00000000,0.00000000,0.00000000,0.00000000,0.00000000,0.00000000,0.00000000,0.00000000,0.00000000,0.00000000,0.01736835,0.00000000,0.00000000,0.00000000,0.00000000,0.00000000,0.00000000,0.00000000,0.00000000,0.00000000,0.00237854,0.05711397,0.00000000,0.00000000,0.00000000,0.00000000,0.00000000,0.00000000,0.00000000,0.00000000,0.00000000,0.00000000,0.00000000,0.00000000,0.00000000,0.00000000,0.05340806,0.00000000,0.00000000,0.00000000,0.00000000,0.00000000,0.00000000,0.22971194,0.00000000,0.00949991,0.00000000,0.02059800,0.00106014,0.00000000,0.00000000,0.00000000,0.00000000,0.00000000,0.00000000,0.00000000,0.00592561,0.00000000,0.00000000,0.00000000,0.04088839,0.00000000,0.00000000,0.00000000,0.00000000,0.00000000,0.00000000,0.00000000,0.00000000,0.50103397,0.00000000,0.00000000,0.00000000,0.00000000,0.00000000,0.00000000,0.00000000,0.00000000,0.00000000,0.00000000,0.00000000,0.00000000,0.00000000,0.00000000,2.76136961,0.00000000,0.00000000,0.00000000,0.00000000,0.00000000,0.00000000,0.00000000,0.00000000,0.00000000,0.00000000,0.00000000,0.00000000,0.00000000,0.00196720,0.00000000,0.00000000,0.00000000,0.00000000,0.00000000,0.00000000,0.00000000,0.00000000,0.00991116,0.00000000,0.00000000,0.00000000,0.00000000,0.00000000,0.00000000,0.00000000,0.00000000,0.00000000,0.00000000,3.60458181,0.00000000,0.00000000,0.00000000,0.00000000,0.00000000,0.00000000,0.00000000,0.00000000,0.00000000,0.00000000,0.00000000,0.00000000,0.00000000,0.00000000,0.00000000,0.00000000,0.00000000,0.00000000,0.00000000,0.00000000,0.00000000,0.00000000,0.00000000,0.00000000,0.01264525,0.00000000,0.00000000,0.00000000,0.00000000,0.00000000,0.00000000,0.00000000,0.00000000,0.00176774,0.00000000,0.00000000,0.00000000,0.00000000,0.00000000,0.00000000,0.00000000,0.00000000,0.00000000,0.00000000,0.00000000,0.00000000,0.00000000,0.00000000,0.00000000,0.00000000,0.02010360,0.02305244,0.00000000,0.00000000,0.00000000,0.00000000,0.00000000,0.00000000,0.00000000,0.04420777,0.00000000,0.00306898,0.00000000,0.00000000,0.00000000,0.00000000,0.00000000,0.00000000,0.00000000,0.00000000,0.00000000,0.00000000,0.00000000,0.00000000,0.00000000,0.00000000,0.29315834,0.00000000,0.00000000,0.00000000,0.03270813,0.07548293,0.00347284,0.00000000,0.00000000,0.00000000,0.00000000,0.00000000,0.00000000,0.00000000,0.00000000,0.01546627,0.00000000,0.00000000,0.00000000,0.00497924,0.00000000,0.00000000,0.00000000,0.00000000,0.00000000,0.00730189,0.00000000,0.00000000,0.00000000,0.00000000,0.00524980,0.00000000,0.00805219,0.00000000,0.00000000,0.01541594,0.00000000,0.00000000,0.00000000,0.00000000,0.00109126,0.00000000,0.00000000,0.00000000,0.00000000,0.00000000,0.00391557,0.00000000,0.00000000,0.00000000,0.00000000,0.00099810,0.00000000,0.00000000,0.00000000,0.00000000,0.00000000,0.00000000,0.00000000,0.00000000,0.00000000,0.00000000,0.00000000,0.00272055,0.00000000,0.00000000,0.00000000,0.00000000,0.00000000,0.09072033,0.00000000,0.00000000,0.00000000,0.00000000,0.00000000,0.00000000,0.00000000,0.00000000,0.00000000,0.00000000,0.00000000,0.00367454,0.00000000,0.00000000,0.00000000,0.00000000,0.00000000,0.00000000,0.00487971,0.00000000,0.00000000,0.00000000,0.00805718,0.00000000,0.00000000,0.00000000,0.00000000,0.00334262,0.01896896,0.00000000,0.00000000,0.29110426,0.00000000,0.00000000,0.01249489,0.13623962,0.00000000,0.00000000,1.17856211,0.00000000,0.14363181,0.04182385,0.00881194,0.00569208,0.00000000,0.00000000,0.08355422,0.00000000,0.00000000,0.00000000,0.00000000,0.00076030,0.00000000,0.00000000,0.00000000,0.00000000,0.00000000,0.00000000,0.00000000,0.00000000,0.00000000,0.00000000,0.00000000,0.00000000,0.00000000,0.00000000,0.00000000,0.00174979,0.00000000,0.00000000,0.00000000,0.00000000,0.00000000,0.00000000,0.00200666,0.00632813,0.00000000,0.00000000,0.00000000,0.00000000,0.00000000,0.00000000,0.00000000,0.00000000,0.00000000,0.00000000,0.00000000,0.00000000,0.00000000,0.00000000,0.00000000,0.00000000,0.00000000,0.00000000,0.00000000,0.00000000,0.00000000,0.00000000,0.00000000,0.00000000,0.00000000,0.00000000,0.01213383,0.01672984,0.00000000,0.00000000,0.00000000,0.00000000,0.00000000,0.00000000,0.00434322,0.00000000,0.00000000,0.00000000,0.00000000,0.00000000,0.00000000,0.00000000,0.00000000,0.00000000,0.00000000,0.00000000,0.00000000,0.00000000,0.00000000,0.00000000,0.00000000,0.00000000,0.00000000,0.00000000,0.00000000,0.00000000,0.00000000,0.00000000,0.00752255,0.00000000,0.00000000,0.00000000,0.00619440,0.00000000,0.00000000,0.00000000,0.00000000,0.00000000,0.00000000,0.00000000,0.00000000,0.00000000,0.00000000,0.00000000,0.00000000,0.00000000,0.00000000,0.08583229,0.00000000,0.00000000,0.00326353,0.00000000,0.00458747,0.00000000,0.00000000,0.00000000,0.00000000,0.00000000,0.00000000,0.00000000,0.00000000,0.00000000,0.00000000,0.00000000,0.00000000,0.00000000,0.00000000,0.00000000,0.00000000,0.00000000,0.00000000,0.00000000,0.00000000,0.00000000,0.00000000,0.00000000,0.00000000,0.00000000,0.00000000,0.00000000,0.00000000,0.00000000,0.00000000,0.00000000,0.00000000,0.00000000,0.00000000,0.00000000,3.66075907,0.00000000,0.00000000,0.00000000,0.00000000,0.00000000,0.00000000,0.00000000,0.00000000,0.00000000,0.00000000,0.00000000,0.00000000,0.00000000,0.00000000,0.03227828,0.00000000,0.00000000,0.01494157,0.00000000,0.00000000,1.20542893,0.00000000,0.00000000,0.00000000,0.00000000,0.00000000,0.00000000,0.00000000,0.00000000,0.00000000,0.04486362,0.00000000,0.35995305,0.00652842,0.00000000,0.00000000,0.00000000,0.00000000,0.00000000,0.00000000,0.00000000,0.00000000,0.00000000,0.00000000,0.00000000,0.00000000,0.00000000,0.00742393,0.00000000,0.00000000,0.00000000,0.00000000,0.00000000,0.00000000,0.00000000,0.00000000,0.00000000,0.00000000,0.00000000,0.00000000,0.00000000,0.00000000,0.00000000,0.00000000,0.07169616,0.00000000,0.00000000,0.00000000,0.00000000,0.00000000,0.00000000,0.00000000,0.00260979,0.00000000,0.00000000,0.00000000,0.00000000,0.00805070,0.00000000,0.00000000,0.00000000,0.00000000,0.00000000,0.00000000,0.00000000,0.00000000,0.00430134,0.00000000,0.00000000,0.00000000,0.00000000,0.00000000,0.00000000,0.00000000,0.00000000,0.00000000,0.00568454,0.00000000,0.00196102,0.00000000,0.00000000,0.00000000,0.00000000,0.00000000,0.00000000,0.00000000,0.00000000,0.00000000,0.00000000,0.00000000,0.00000000,0.00000000,0.00000000,0.00000000,0.01884902,0.00000000,0.00000000,0.00280816,0.00000000,0.00000000,0.00000000,0.00000000,0.00000000,0.00419889,0.00000000,0.00000000,0.00000000,0.00150060,0.00000000,0.00000000,0.00122538,0.00000000,0.00000000,0.00000000,0.00000000,0.00000000,0.00000000,0.00000000,0.00044811,2.28343089,0.30621914,0.00000000,0.00000000,0.00000000,0.00000000,0.00684779,0.00000000,0.00000000,0.00000000,0.00000000,0.00000000,0.00000000,0.00000000,0.02066199,0.00000000,0.00401610,0.00000000,0.00000000,0.00000000,0.00000000,0.00891650,0.01702409,0.07075546,0.00000000,0.00000000,0.00000000,0.00000000,0.00000000,0.00000000,0.00000000,0.00000000,0.00000000,0.00000000,0.00000000,0.00000000,0.00000000,0.00000000,0.01467786,0.00000000,0.00000000,0.00000000,0.00000000,0.00000000,0.00694822,0.00000000,0.00000000,0.00000000,0.00000000,0.00603663,0.00000000,0.00000000,0.00000000,0.00000000,0.00000000,0.00277973,0.00000000,0.00000000,0.00000000,0.00000000,0.00000000,0.00000000,0.07101545,0.00000000,0.00000000,0.00000000,0.00000000,0.00000000,0.00000000,0.00000000,0.00000000,0.00000000,0.00000000,0.00000000,0.00000000,1.09351271,0.00054233,0.00000000,0.00000000,0.00000000,0.00000000,1.81785164,0.00000000,0.00000000,0.00000000,0.00000000,0.00000000,0.00000000,0.00801037,0.00000000,0.00000000,0.00000000,0.00668226,0.00000000,0.00000000,0.00000000,0.00000000,0.00000000,0.00000000,0.00000000,0.00000000,0.00446236,0.00000000,0.00128340,0.00000000,0.00000000,0.00000000,0.00000000,0.00000000,0.00000000
0.00000000,0.00752610,0.00000000,0.00000000,0.00000000,0.00000000,0.00000000,0.00000000,0.00000000,0.00000000,0.00000000,0.00000000,0.00000000,0.00000000,0.00000000,0.00000000,0.00000000,0.00000000,0.00000000,0.00529451,0.00000000,0.00000000,0.00000000,0.00000000,0.00000000,0.00000000,0.00000000,0.00000000,0.00000000,0.00000000,0.00000000,0.00000000,0.00000000,0.00000000,0.00000000,0.00000000,0.00000000,0.00000000,0.00000000,0.00842084,0.00000000,0.00000000,0.00000000,0.00000000,0.00000000,0.00000000,0.01224548,0.00000000,0.00257848,0.00000000,0.00000000,0.00000000,0.00000000,0.00000000,0.00000000,0.00000000,0.00000000,0.00000000,0.00000000,0.00000000,0.00000000,0.00000000,0.00000000,0.00000000,0.00000000,0.00000000,0.00000000,0.00000000,0.00000000,0.00000000,0.00000000,0.00000000,0.00000000,0.00325098,0.00000000,0.00000000,0.00000000,0.00000000,0.23890868,0.08043764,0.00000000,0.00000000,0.00000000,0.00000000,0.00000000,0.00000000,0.03350658,0.00000000,0.00000000,0.00000000,0.00000000,0.00000000,0.00000000,0.00000000,0.02367627,0.00000000,0.00000000,0.00000000,0.00000000,0.00000000,0.00000000,0.00000000,0.00000000,0.00000000,0.00000000,0.00311007,0.00000000,0.00000000,0.00000000,0.00000000,0.00000000,0.00000000,0.00000000,0.00000000,0.00320391,0.00000000,0.00000000,0.00644122,0.00000000,0.00000000,0.00000000,0.00000000,0.00000000,0.00000000,0.00000000,0.00000000,0.00000000,0.00000000,0.00000000,0.00000000,0.02430967,0.00000000,0.00000000,0.00000000,0.00000000,0.00000000,0.00000000,0.00000000,0.00000000,0.01669747,0.00000000,0.02431311,0.01992879,0.00000000,0.00000000,0.02087134,0.00000000,0.00000000,0.00000000,0.00000000,0.00000000,0.00000000,0.00000000,0.00000000,0.00000000,0.00000000,0.00000000,0.00000000,0.00000000,0.00000000,0.00000000,0.00000000,0.00000000,0.00360142,0.00000000,0.00000000,0.00000000,0.00000000,0.00000000,0.00286198,0.00000000,0.00211545,0.00000000,0.00000000,0.00000000,0.00000000,0.00000000,0.00000000,0.00000000,0.00000000,0.00000000,0.00000000,0.00000000,0.00000000,0.00000000,0.00000000,0.00000000,0.00000000,0.00000000,0.00000000,0.00000000,0.00000000,0.00000000,0.00000000,0.00000000,0.00000000,0.00000000,0.02064055,0.00000000,0.00000000,0.00000000,0.00000000,0.00000000,0.00000000,0.00000000,0.02209253,0.00000000,0.00000000,0.00000000,0.00000000,0.00000000,0.00000000,0.00000000,0.01196287,0.00000000,0.00000000,0.00000000,1.64362032,0.00000000,0.00000000,0.00000000,0.00000000,0.00000000,0.00000000,0.00000000,0.06559873,0.00000000,0.00000000,0.00000000,0.00000000,0.00000000,0.00000000,0.00000000,0.00000000,0.00000000,0.00000000,0.00000000,0.00000000,0.00000000,0.00000000,0.00000000,0.00000000,0.00000000,0.00000000,0.00000000,0.00000000,0.00000000,0.00000000,0.00000000,0.00000000,0.00000000,0.00000000,0.00000000,0.00000000,0.00000000,0.00000000,0.00000000,1.69057190,0.00000000,0.00541260,0.00000000,0.00593851,0.00000000,0.00000000,0.00162503,0.00000000,0.00000000,0.00000000,0.00767518,0.00000000,0.00000000,0.00000000,0.01679844,0.00000000,0.13563838,0.00000000,0.00176729,0.00000000,0.00000000,0.00000000,0.00000000,0.00000000,0.00000000,0.00000000,0.00000000,0.00000000,0.00000000,0.00000000,0.00000000,0.00000000,0.00400336,0.00000000,0.00000000,0.00000000,0.00000000,0.00000000,0.00000000,0.00000000,0.00000000,0.00000000,0.00000000,0.00096738,0.00000000,0.00000000,0.00000000,0.00000000,0.00000000,0.00000000,0.00000000,0.00000000,0.00000000,0.00391166,0.00000000,0.00000000,0.00000000,0.00000000,0.00000000,0.00000000,0.00000000,0.00000000,0.00000000,0.01940470,0.00000000,0.15946039,0.00000000,0.00000000,0.00000000,0.00000000,0.00000000,0.00000000,0.00000000,0.00000000,0.00000000,0.00000000,0.00000000,0.00000000,0.00000000,0.08141600,0.00000000,0.00000000,0.00000000,0.00000000,0.00000000,0.00000000,0.00000000,0.00000000,0.00000000,0.00000000,0.00000000,0.00000000,0.00000000,0.00000000,0.00000000,0.00000000,0.00000000,0.00000000,0.00000000,0.00000000,0.00668553,0.00000000,0.07632618,0.00000000,0.02174165,0.00000000,0.00000000,0.00000000,0.00111199,0.00000000,0.00000000,0.00000000,0.00000000,0.00000000,0.00000000,0.00000000,0.00000000,0.00960325,0.00000000,0.00000000,0.00000000,0.00214003,0.00000000,0.00000000,0.00000000,0.00000000,0.00000000,0.00000000,0.00000000,0.00000000,0.00000000,0.00000000,0.00000000,0.00000000,0.00000000,0.00000000,0.00000000,0.00000000,0.00000000,0.00000000,0.00075019,0.00000000,0.00000000,0.00000000,0.00000000,0.00000000,0.00000000,0.00162173,0.00000000,0.00000000,0.00000000,0.01369703,0.00000000,0.00000000,0.00000000,0.00413054,0.00000000,0.00000000,0.00000000,0.00000000,0.00000000,0.00000000,0.00000000,0.00000000,0.00000000,0.00000000,0.00000000,0.00000000,0.00000000,0.00000000,0.00000000,0.00000000,0.00000000,0.00000000,0.00000000,0.00000000,0.00000000,0.00000000,0.00000000,0.02500909,0.00161487,0.00000000,0.00000000,0.00000000,0.00000000,0.00841488,0.01483218,0.00000000,0.00000000,0.00000000,0.00000000,0.00000000,0.00000000,0.00000000,0.00000000,0.00000000,0.00000000,0.00000000,0.00000000,0.00000000,0.00000000,0.00000000,0.00000000,0.00000000,0.00000000,0.00000000,0.00000000,0.00000000,0.00000000,0.00000000,0.00057424,0.00000000,0.00000000,0.00000000,0.00000000,0.09353654,0.00000000,0.00000000,0.00000000,0.00000000,0.00000000,0.00000000,0.00000000,0.00000000,0.00000000,0.00000000,0.00000000,0.00000000,0.00000000,0.00000000,0.00000000,0.00000000,0.00000000,0.00000000,0.00000000,0.04560531,0.00136619,0.00000000,0.00070246,0.00000000,0.00000000,0.00000000,0.00000000,0.01071683,0.00000000,0.00000000,0.00000000,0.00000000,0.00000000,0.00000000,0.00000000,0.00266445,0.00000000,0.00000000,0.00000000,0.00000000,0.02907464,0.00000000,0.00000000,0.00000000,0.00000000,0.00000000,0.00188841,0.00000000,0.00000000,0.00000000,0.00000000,0.23180759,0.00000000,0.00000000,0.00000000,0.00000000,0.00000000,0.00000000,0.00000000,0.00000000,0.00000000,0.00000000,0.00000000,0.00000000,0.00000000,0.00000000,0.00000000,0.00000000,0.00000000,0.00000000,0.00000000,0.00083787,0.00000000,0.00000000,0.08967211,1.23749265,0.00000000,0.00000000,0.02296128,0.00000000,0.00344553,0.00129834,0.00123864,0.00000000,0.00473363,0.00148143,0.00000000,0.00000000,0.00000000,0.00000000,0.00000000,0.00000000,0.00000000,0.04425600,0.00000000,0.01795913,0.00000000,0.00000000,0.00000000,0.00728726,0.18485375,0.00000000,0.00000000,0.00000000,0.00000000,0.00000000,0.00000000,0.06193246,0.00000000,0.00930643,0.00000000,0.00437171,0.00685256,0.00000000,0.00000000,0.00000000,0.00492976,0.00000000,0.00000000,0.00000000,0.00000000,0.00000000,0.00000000,0.00000000,0.00000000,0.00000000,0.00000000,0.00000000,0.00000000,0.00000000,0.00000000,0.00000000,0.00000000,0.00000000,0.00000000,0.00000000,0.00000000,0.00000000,0.00000000,0.00000000,0.00000000,0.00000000,0.00000000,0.00000000,0.00562290,0.00000000,0.00000000,0.00000000,0.00000000,0.00000000,0.00000000,0.13089631,0.00000000,0.02576743,0.00000000,0.00000000,0.00100676,0.01581085,0.00000000,0.00073493,0.00439499,0.00000000,0.00000000,0.00000000,0.00000000,0.00000000,0.00000000,0.00000000,0.00000000,0.00000000,0.00000000,0.00319022,0.00000000,0.00000000,0.00000000,0.00180831,0.00000000,0.05269499,4.31839790,0.00000000,0.00000000,0.00000000,0.00000000,0.00000000,0.00000000,0.00000000,0.04956506,0.00000000,0.00000000,0.00000000,0.00000000,0.00000000,0.00486680,0.00000000,0.01278007,0.00000000,0.00000000,0.00099232,0.00000000,0.00000000,0.00000000,0.00000000,0.00000000,0.00000000,0.00000000,0.00000000,0.00000000,0.00000000,0.00000000,0.83141005,0.00000000,0.00000000,0.00000000,0.00000000,0.00000000,0.00000000,0.00000000,0.00000000,0.00000000,0.00000000,0.00000000,0.00000000,0.00000000,0.00000000,0.00000000,0.00000000,0.00000000,0.00000000,0.00000000,0.00000000,0.00000000,0.00000000,0.00000000,0.00000000,0.01212561,0.01207970,0.00000000,0.00000000,0.00000000,0.00802568,0.00000000,0.00350941,0.00000000,0.00000000,0.00000000,0.00000000,0.00000000,0.00000000,0.00000000,0.00501182,0.00000000,0.00883461,0.00000000,0.00308763,0.00000000,0.00000000,0.00000000,0.00000000,0.00000000,0.00000000,0.00000000,0.00000000,0.00000000,0.00000000,0.00000000,0.00000000,0.00000000,0.00000000,0.00000000,0.00000000,3.20752567,0.00000000,0.00000000,0.01912560,0.00000000,0.00000000,0.00000000,0.00000000,0.00000000,0.00000000,0.05798889,0.00000000,0.00000000,0.00000000,0.00000000,0.00000000,0.00000000,0.03303356,0.00000000,0.00000000,0.00000000,0.01313484,0.00000000,0.06083989,0.00000000,0.00000000,0.00000000,0.00299162,0.00000000,0.00000000,0.00000000,0.00000000,0.00000000,0.00000000,0.00000000,0.00000000,0.00000000,0.00000000,0.00000000,0.00000000,0.00000000,0.00000000,0.00000000,0.00000000,0.01075482,0.00000000,0.00000000,0.10060833,0.00000000,0.00000000,0.00000000,0.00000000,0.00000000,0.00000000,0.00000000,0.00000000
0.00000000,0.00000000,0.02379825,0.00000000,0.00000000,0.01432095,0.00000000,0.00000000,0.01455101,0.00000000,0.00000000,0.00000000,0.00000000,0.00000000,0.00000000,0.00000000,0.00000000,0.00000000,0.00000000,0.00000000,0.00000000,0.00000000,0.01213353,0.00000000,0.00000000,0.00000000,0.00000000,0.00000000,0.00000000,0.00000000,0.00111909,0.00000000,0.00000000,0.00000000,0.00000000,0.00000000,0.00000000,0.01608692,0.00000000,0.00000000,0.00000000,0.00000000,0.00000000,0.00000000,0.00000000,0.00000000,0.00000000,0.00000000,0.01574609,0.00000000,0.00075002,0.00856356,0.00000000,0.00000000,0.00000000,0.00000000,0.00000000,0.00000000,0.00000000,0.00000000,0.00000000,0.00000000,0.00000000,0.10247215,0.00000000,0.00000000,0.00000000,0.00000000,0.00000000,0.00000000,0.00000000,0.00000000,0.00000000,0.00000000,0.00000000,0.00000000,0.00000000,0.00000000,0.00000000,0.00000000,0.00000000,0.00000000,0.08803037,0.00000000,0.00000000,0.00000000,0.00000000,0.00000000,0.00000000,0.00000000,0.00000000,0.00000000,0.00000000,0.00000000,0.00318825,0.00000000,0.00000000,0.00000000,0.00000000,0.00000000,0.00000000,0.00000000,0.54986059,0.00000000,0.00249690,0.00000000,0.00000000,0.00000000,0.00000000,0.00235308,0.00000000,0.00000000,0.00000000,0.00000000,0.00000000,0.00000000,0.00000000,0.00000000,0.00000000,0.15670156,0.00000000,0.00000000,0.00000000,0.00000000,0.00000000,0.00000000,0.00152696,0.00000000,0.00000000,0.00000000,0.01086332,0.02477684,0.00000000,0.00000000,0.00000000,0.00000000,0.00000000,0.00000000,0.00000000,0.00000000,0.00000000,0.00000000,0.00000000,0.00000000,0.00000000,0.00000000,0.00000000,0.00000000,0.00000000,0.00000000,0.00000000,0.00546442,0.00000000,0.00000000,0.00000000,0.00253664,0.00000000,0.00000000,0.00000000,0.00235398,0.00000000,0.00000000,0.00000000,0.00000000,0.00000000,0.00000000,0.00000000,0.00000000,0.00000000,0.00000000,0.00000000,0.00000000,0.00000000,0.00000000,0.00000000,0.00000000,0.00000000,0.00000000,0.00000000,0.00000000,0.02791716,0.00000000,0.00000000,0.00000000,0.00000000,0.00000000,0.00000000,0.00000000,0.00000000,0.00000000,0.01456285,0.00000000,0.00735014,0.00000000,0.00000000,0.00000000,0.00000000,0.00000000,0.00000000,0.00000000,0.00000000,0.00000000,0.00000000,0.00000000,0.00000000,0.01061250,0.00000000,0.00000000,0.00000000,0.00000000,0.00000000,0.00000000,0.00000000,0.00000000,0.00545550,0.00000000,0.00979276,0.00000000,0.00000000,0.00000000,0.12973163,0.00000000,0.00000000,0.00000000,0.00000000,0.00000000,0.00000000,0.00462513,0.00000000,0.00732814,0.00000000,0.00000000,0.00000000,0.00000000,0.00000000,0.00000000,0.01373697,0.00000000,0.00000000,0.00000000,0.00000000,0.00000000,0.00000000,0.01358902,0.00000000,0.27920334,0.00000000,0.00000000,0.00000000,0.00000000,0.00000000,0.00081319,0.00402368,0.00000000,0.00000000,0.00000000,0.00000000,0.00674277,0.00000000,0.00000000,0.00000000,0.00000000,0.00000000,0.00000000,0.00000000,0.00000000,0.00000000,0.00000000,0.00000000,0.00000000,0.00000000,0.00000000,0.00000000,0.00000000,0.00000000,0.00000000,0.01487385,0.00000000,0.00000000,0.00000000,0.00000000,0.00348443,0.00000000,0.00000000,0.00000000,0.00000000,0.00000000,0.00000000,0.00000000,0.00000000,0.00000000,0.00000000,0.00000000,0.02235408,0.00000000,0.00000000,0.00000000,0.00000000,0.00418966,0.00000000,0.00000000,0.12975325,0.00000000,0.00000000,0.00000000,0.00000000,0.00000000,0.00000000,0.00000000,0.00000000,0.00000000,0.00000000,0.00000000,0.00000000,0.00000000,0.00000000,0.00000000,0.00000000,0.00715450,0.00000000,0.00000000,0.00000000,0.00000000,0.00000000,0.00000000,0.00131666,0.00000000,0.00000000,0.00000000,0.03838809,0.00000000,0.00455348,0.00000000,0.00000000,0.00000000,0.00000000,0.00000000,0.06464161,0.00000000,0.01169486,0.00000000,0.00000000,0.00000000,0.01577928,0.00000000,0.00000000,0.00000000,0.00280423,0.00313465,0.00000000,0.00000000,0.00000000,0.00000000,0.10659547,0.00107203,0.00000000,0.00000000,0.12569321,0.00000000,0.00000000,0.00000000,0.00000000,0.00000000,0.00000000,0.00369825,0.00000000,0.00000000,0.00145286,0.00000000,0.00000000,0.00000000,0.00000000,0.00000000,0.00000000,0.00000000,0.00000000,0.00000000,0.00000000,0.00000000,0.00000000,0.00000000,0.00000000,0.00000000,0.00000000,0.00000000,0.00000000,0.00000000,0.00000000,0.00000000,0.00000000,0.00000000,0.00000000,0.00000000,0.00000000,0.00000000,0.00000000,0.00000000,0.00000000,0.00000000,0.00000000,0.00000000,0.00000000,0.00000000,0.00000000,0.00000000,0.00622185,0.00000000,0.00000000,0.00000000,0.00217179,0.00000000,0.00000000,0.00000000,0.00000000,0.00000000,0.00000000,0.00000000,0.00000000,0.00000000,0.00000000,0.00000000,0.00000000,0.00000000,0.00000000,0.00000000,0.00000000,0.00255916,0.00000000,0.00000000,0.00000000,0.00000000,0.00000000,0.00000000,0.00115765,0.00000000,0.00000000,0.00000000,0.00000000,0.00000000,0.00000000,0.00000000,0.00000000,0.00000000,0.00000000,0.00000000,0.00000000,0.00000000,0.00000000,0.00000000,0.00964790,0.00000000,0.00802438,0.00000000,0.00000000,0.00000000,0.00000000,0.00000000,0.01571190,0.02321775,0.00000000,0.00000000,0.00000000,0.00000000,0.00000000,0.00000000,0.00000000,0.00000000,0.00000000,0.00000000,0.00000000,0.00000000,0.00897460,0.00000000,0.00000000,0.00000000,0.00981814,0.00000000,0.00000000,0.00000000,0.00000000,0.00000000,0.00000000,0.00000000,1.58471955,0.00000000,0.00000000,0.00000000,0.15102041,0.00000000,0.00000000,0.00000000,0.00000000,0.00000000,0.00000000,0.00000000,0.00000000,0.00000000,0.00000000,0.00000000,0.00409900,0.00179061,0.00139274,0.00000000,0.00000000,0.00000000,0.00000000,0.00000000,0.00000000,0.00000000,0.00000000,0.00000000,0.00000000,0.00000000,0.00395029,0.00000000,0.00000000,0.00000000,0.00000000,0.00000000,0.00000000,0.01977484,0.00000000,0.00000000,0.00000000,1.59468644,0.00000000,0.00000000,0.01131812,0.00000000,0.00000000,0.00000000,0.00000000,0.00000000,0.00000000,0.00757434,0.00000000,0.00000000,0.00000000,0.00000000,0.00000000,0.00000000,0.00821907,0.00000000,0.00000000,0.41838316,0.00000000,0.00000000,0.00000000,0.00000000,0.00000000,0.00000000,0.00000000,0.00000000,0.00287781,0.00000000,0.01194285,0.00000000,0.00000000,0.00000000,0.00000000,0.00000000,0.00000000,0.00000000,0.00345540,0.00000000,0.00000000,0.00630787,0.00000000,0.00000000,0.00000000,0.00000000,0.00642708,0.00000000,0.00000000,0.00000000,0.00000000,1.03668343,0.00000000,0.00000000,0.00000000,0.00000000,0.00000000,0.00000000,0.01877791,0.00000000,0.00338678,0.09944542,0.00000000,0.00000000,0.00000000,0.00000000,0.00000000,0.00000000,0.00000000,0.00000000,0.00000000,0.00000000,0.00000000,0.00000000,0.00000000,0.00000000,0.00000000,0.00000000,0.00201679,0.00000000,0.00000000,0.00000000,0.00000000,0.00000000,0.00000000,0.00000000,0.00000000,0.00000000,0.00000000,0.00000000,0.00000000,0.00000000,0.00000000,0.00000000,0.00000000,0.01991040,0.00000000,0.00000000,0.00000000,0.00000000,0.00121363,0.00000000,0.00000000,0.00000000,0.00000000,0.00000000,0.00000000,0.00000000,0.00000000,0.00000000,0.00000000,0.00000000,0.00000000,0.00278384,0.00000000,0.00000000,0.00000000,0.00000000,0.00000000,0.00000000,0.00000000,0.00000000,0.00000000,0.00000000,0.00000000,0.00000000,0.01057101,0.00000000,0.00000000,0.00000000,0.00000000,0.00000000,0.00000000,0.00000000,0.00219505,0.00000000,0.00000000,0.00000000,0.00000000,0.00309342,0.01500909,0.00000000,0.00000000,0.00000000,0.05300721,0.00000000,0.00000000,0.00000000,0.00000000,0.00000000,0.00000000,0.00000000,0.00000000,0.00000000,0.00000000,0.00000000,0.00000000,0.00000000,0.00000000,0.00000000,0.00000000,0.00000000,0.00000000,0.00812047,0.00000000,0.00000000,0.00000000,0.00000000,0.00000000,0.00000000,0.89917313,0.00000000,0.00000000,0.00000000,0.00000000,0.00000000,0.00000000,0.00000000,0.00000000,0.00000000,0.00379952,0.01438698,0.00000000,0.00000000,0.00000000,0.00000000,0.00000000,0.00000000,0.00000000,0.00000000,0.00543928,0.00000000,0.00695546,0.00217293,0.00170246,0.00000000,0.00000000,0.00000000,0.00000000,0.00000000,1.36327021,0.00000000,0.00192778,0.00000000,0.01292318,0.00000000,0.00000000,0.00000000,0.00000000,0.00000000,0.00000000,0.00000000,0.00000000,0.00000000,0.01632021,0.00000000,0.00000000,0.00000000,0.00000000,0.00000000,0.00000000,0.00000000,0.00000000,0.00000000,0.00000000,0.00000000,0.00000000,0.00000000,0.00000000,0.00000000,0.00000000,0.00084715,0.00000000,0.00000000,0.00000000,0.00000000,0.00000000,0.00000000,0.00000000,0.00000000,0.00000000,0.00000000,0.00000000,0.00000000,0.00000000,0.00000000,0.00000000,0.00000000,0.00000000,0.00000000,0.00190576,0.01914034,0.00000000,0.00000000,0.00000000,0.00554833,0.00000000,0.06525550,0.00000000,0.00000000,0.00000000,0.00000000,0.00000000,0.00000000,0.00000000,0.00000000,0.00000000,0.00000000,0.00000000,0.00000000,0.00000000,0.02142163,0.00000000,0.00000000,0.00000000
0.00000000,0.00000000,0.00000000,0.00000000,0.00000000,0.00000000,0.03530560,0.00000000,0.03021311,0.00000000,0.00000000,0.00000000,0.00571971,0.00000000,0.00000000,0.00000000,0.00000000,0.00000000,0.00000000,0.00000000,0.00000000,0.00191634,0.01227399,0.00000000,0.14462310,0.00000000,0.00000000,0.00000000,0.00000000,0.00000000,0.00000000,0.00000000,0.10448474,0.00000000,0.00000000,0.00000000,0.00000000,0.00000000,0.00000000,0.00000000,0.00414243,0.00000000,0.00000000,0.00000000,0.00000000,1.08100904,0.03555155,0.00000000,0.00000000,0.02344276,0.00000000,0.06092390,0.00000000,0.00000000,0.00000000,0.00000000,0.00000000,0.00000000,0.00000000,0.00000000,0.00000000,0.00000000,0.00244457,0.00000000,0.00000000,0.00000000,0.00000000,0.00000000,0.00000000,0.00000000,0.00000000,0.00000000,0.00656896,0.00000000,0.00889106,0.05719600,0.00000000,0.00000000,0.00000000,0.00000000,0.00000000,0.00000000,0.00000000,0.00000000,0.00000000,0.00000000,0.00000000,0.00000000,0.00000000,0.00000000,0.00000000,0.00000000,0.00000000,0.00000000,0.00000000,0.00000000,0.00000000,0.00000000,0.00277380,0.00000000,0.23341009,0.00000000,0.00000000,0.00000000,0.00000000,0.00000000,0.00000000,0.00000000,0.00000000,0.00000000,0.00000000,0.00000000,0.00000000,0.00000000,0.00889762,0.00000000,0.00000000,0.00000000,0.23532134,0.00000000,0.00000000,0.00000000,0.00000000,0.00000000,0.00000000,0.00000000,0.00000000,0.00000000,0.00000000,0.00000000,0.00000000,0.00000000,0.00000000,0.07760006,0.00000000,0.00000000,0.00000000,0.00000000,0.00000000,0.00000000,0.00000000,0.00000000,0.00000000,0.00302018,0.00000000,0.00000000,0.11806767,0.00000000,0.00000000,0.00000000,0.00000000,0.02576274,0.00000000,0.08923821,0.00000000,0.00884296,0.00769782,0.00000000,0.00000000,0.00000000,0.03239413,0.00000000,0.00000000,0.00000000,0.00000000,0.00000000,0.00539621,0.00000000,0.00000000,0.00000000,0.00000000,0.00000000,0.00247356,0.00000000,0.00395545,0.00000000,0.00000000,0.00000000,0.00000000,0.00000000,0.00000000,0.00000000,0.00000000,0.00000000,0.00000000,0.00000000,0.00000000,0.00000000,0.00000000,0.00000000,0.00000000,0.00000000,0.00234349,1.97142710,0.00000000,0.00000000,0.00000000,0.00884870,0.09921604,0.00000000,0.00000000,0.00000000,0.01273109,0.00000000,0.00000000,0.00000000,0.00000000,0.00000000,0.00000000,0.00000000,0.00000000,0.00000000,0.00000000,0.00000000,0.00000000,0.00000000,0.00000000,0.00000000,0.00000000,0.00000000,0.00000000,0.00000000,0.00000000,0.26891893,0.00000000,0.00000000,0.01874084,0.00000000,0.00000000,0.00000000,0.00000000,0.00000000,0.00000000,0.00000000,0.00000000,0.00000000,0.00000000,0.00000000,0.00000000,0.00000000,0.00000000,0.00000000,0.00000000,0.00000000,0.00000000,0.00000000,0.00000000,0.00000000,0.00000000,0.00000000,0.00000000,0.00000000,0.00202074,0.00000000,0.00000000,0.00000000,0.00000000,0.00000000,0.00000000,0.00000000,0.00000000,0.00000000,0.00000000,0.00664995,0.00000000,0.00000000,0.00000000,0.00000000,0.00000000,0.00000000,0.00000000,0.00000000,0.00000000,0.00000000,0.00000000,0.00000000,0.00000000,0.00000000,0.00000000,0.00000000,0.00000000,0.00000000,0.00595590,0.00000000,0.05544643,0.00000000,0.00349572,0.00000000,0.00000000,0.00261669,0.00000000,0.00000000,0.00000000,0.00000000,0.00000000,0.00000000,0.00376375,0.00000000,0.00000000,0.00239355,0.00000000,0.00197904,0.00000000,0.00000000,0.00000000,0.00000000,0.00000000,0.00710481,0.00390719,0.00000000,0.00000000,0.00000000,0.00000000,0.04051203,0.01417710,0.00000000,0.00000000,0.00000000,0.00000000,0.00000000,0.00000000,0.00000000,0.00000000,0.00000000,0.00000000,0.00000000,0.00000000,0.00000000,0.00000000,0.00000000,0.00000000,0.00000000,0.00120189,0.00000000,0.00000000,0.00000000,0.00000000,0.00000000,0.00381559,0.00183025,0.00000000,0.00000000,0.00000000,0.00000000,0.00000000,0.00000000,0.00000000,0.00155113,0.01411444,0.00000000,0.00000000,0.00000000,0.00000000,0.00000000,0.00092155,0.00000000,0.00000000,0.00000000,0.08373405,0.00658437,0.00000000,0.00227286,0.00000000,0.00000000,0.00000000,0.00000000,0.00000000,0.00000000,0.00000000,0.00171040,0.00000000,0.00983172,0.00000000,0.00000000,0.00000000,0.00000000,0.00000000,0.00953791,0.00000000,0.00000000,0.00000000,1.36196148,0.00000000,0.00000000,0.00000000,0.00000000,0.40075424,0.00000000,0.00443983,0.00000000,0.00000000,0.00000000,0.00000000,0.00000000,0.00097173,0.00000000,0.00000000,0.00000000,0.00000000,0.00000000,0.00000000,0.00000000,0.00000000,0.00000000,0.01844237,0.00000000,0.00000000,0.00000000,0.00000000,0.00000000,0.00000000,0.00000000,0.00000000,0.00000000,0.00000000,0.00000000,0.00000000,0.00441056,0.00000000,0.00000000,0.00000000,0.00000000,0.00000000,0.00000000,0.00000000,0.00000000,0.00000000,0.00000000,0.00000000,0.00000000,0.00062396,0.00000000,0.00892694,0.00000000,0.00000000,0.00000000,0.00000000,0.00000000,0.00000000,0.00000000,0.00000000,0.00000000,2.04635864,0.00000000,0.00000000,0.00000000,0.00000000,0.00641366,0.00000000,0.00000000,0.00000000,0.00000000,0.00000000,0.00000000,0.00000000,0.00973842,0.00308108,0.00000000,0.04652111,0.00000000,0.00000000,0.00000000,0.03006679,0.00000000,0.00000000,0.00000000,0.00913575,0.00000000,0.00000000,0.00000000,0.00000000,0.00246837,0.00419478,0.00354696,0.00000000,0.00000000,0.00384518,0.00000000,0.00000000,0.00000000,0.00000000,0.00000000,0.00000000,0.00383450,0.00000000,0.00000000,0.04963512,0.00000000,0.00000000,0.00000000,0.00000000,0.00000000,0.00000000,0.00000000,0.00000000,0.00000000,0.00000000,0.00000000,0.00000000,0.00000000,0.00000000,0.00000000,0.03273030,0.00000000,0.00000000,0.00000000,0.00000000,0.00000000,0.00000000,0.00000000,0.00000000,0.00000000,0.00000000,0.00064592,0.00000000,0.00435954,0.00000000,0.00000000,0.00000000,0.00000000,0.00000000,0.00000000,0.00478631,0.00000000,0.00000000,0.00000000,0.00000000,0.00000000,0.00000000,0.00000000,0.00000000,0.01612558,0.00000000,0.00000000,0.00000000,0.00000000,0.00000000,0.00000000,0.00000000,0.00000000,0.00000000,0.00000000,0.00595909,0.00000000,0.00000000,0.00000000,0.00000000,0.00000000,0.00000000,0.00000000,0.00000000,0.00000000,0.00000000,0.00000000,0.00000000,0.00000000,0.00000000,0.00000000,0.00000000,0.00000000,0.00000000,0.00000000,0.00000000,0.00000000,0.02418587,0.00000000,0.00000000,0.00000000,0.00000000,0.00000000,0.00000000,0.00000000,0.00000000,0.00000000,0.00000000,0.00000000,0.00000000,0.00000000,0.00000000,0.00000000,0.00000000,0.00000000,0.00000000,0.00000000,0.00000000,0.00000000,0.00000000,0.00000000,0.00000000,0.00000000,0.00000000,0.00000000,0.00000000,0.00000000,0.00000000,0.00000000,0.00000000,0.00000000,0.00000000,0.00000000,0.00000000,0.00000000,0.00000000,0.00000000,0.00000000,0.00000000,0.00000000,0.10131619,0.00000000,0.00000000,0.00000000,0.00000000,0.05972481,0.00000000,0.00000000,0.00258923,0.00000000,0.00000000,0.00000000,0.00000000,0.00000000,0.00000000,0.00000000,0.00000000,0.00000000,0.00000000,0.00000000,0.00000000,0.00000000,0.00000000,0.00000000,0.00000000,0.00000000,0.00000000,0.00000000,0.00000000,0.01496158,0.00000000,0.00000000,0.00000000,0.00000000,0.00000000,0.00000000,0.00000000,0.00000000,0.00000000,0.00000000,0.00000000,0.00884178,0.00000000,0.00000000,0.00000000,0.00000000,0.00000000,0.00000000,0.00000000,0.00000000,0.00000000,0.00214074,0.00000000,0.00000000,0.00000000,0.00000000,0.00000000,0.00000000,0.00000000,0.00000000,0.00000000,0.00000000,0.00000000,0.00000000,0.00000000,0.00000000,0.00000000,0.02822330,0.00000000,0.00000000,0.00000000,0.00000000,0.01287055,0.00000000,0.00000000,0.00000000,0.00000000,0.00000000,0.00000000,0.00000000,0.00000000,0.00000000,0.00000000,0.00000000,0.00000000,0.00000000,0.02448470,0.00000000,0.00000000,0.00000000,0.00000000,0.00000000,0.00205221,0.00000000,0.12904590,0.00000000,0.00000000,0.00000000,0.00000000,0.00000000,0.00000000,0.00569011,0.00000000,0.00000000,0.00000000,0.00000000,0.00000000,0.00000000,0.00000000,0.00000000,0.00000000,0.00000000,0.00000000,0.00000000,0.00000000,0.00000000,0.00000000,0.02248717,0.00000000,0.00000000,0.02088203,0.00000000,0.00000000,0.00000000,0.00000000,0.00000000,0.00000000,0.00000000,0.00000000,0.00000000,0.00000000,0.00000000,0.00000000,0.01815699,0.00000000,0.00000000,0.00000000,0.00000000,0.00000000,0.00366973,0.00000000,0.00000000,0.00000000,0.00000000,0.00000000,0.00000000,0.00000000,0.00000000,0.00000000,0.00000000,0.00000000,0.00000000,0.03303356,0.00000000,0.00000000,0.00000000,0.00000000,0.00000000,0.00673001,0.00000000,0.00147299,0.00000000,0.00000000,0.00000000,0.00000000,0.00000000,0.00000000,0.00000000,0.00784554,0.00000000,0.00000000,0.00000000,0.00000000,0.00000000,0.00000000,0.00000000,0.00280055,0.02070899,0.00000000,0.00000000,0.00000000,0.00000000,0.00000000,0.00000000,0.00608832,0.00000000,0.00000000,0.00000000,0.00000000,0.00000000,0.00000000,0.00000000,0.00000000
0.00000000,0.00000000,0.00000000,0.00000000,0.00000000,0.00000000,0.00000000,0.00000000,0.00000000,0.00000000,0.00000000,0.00000000,0.00000000,0.05484962,0.00297104,0.00000000,0.00000000,0.00000000,0.00000000,0.00000000,0.01553353,0.00000000,0.00000000,0.00000000,0.00000000,0.00000000,0.00000000,0.00000000,0.00000000,0.00000000,0.00000000,0.00224478,0.00000000,0.03658182,0.00000000,0.00000000,0.00000000,0.00000000,0.00000000,0.00000000,0.00000000,0.02736174,0.00000000,0.00000000,0.01901883,0.00000000,0.00000000,0.00413842,0.00000000,0.00814204,0.00000000,0.00000000,0.00000000,0.00000000,0.00000000,0.00000000,0.00000000,0.00000000,0.00000000,0.00000000,0.00000000,0.00000000,0.00000000,0.00000000,0.00000000,0.00000000,0.00000000,0.00000000,0.00000000,0.00000000,0.00384739,0.00000000,0.01328579,0.00000000,0.00000000,0.00000000,0.03939656,0.00000000,0.00000000,0.00000000,0.00000000,0.00000000,0.00000000,0.00000000,0.00000000,0.00000000,0.00000000,0.00000000,0.00000000,0.00000000,0.00000000,0.00000000,0.00000000,0.00000000,0.00000000,0.00000000,0.00000000,0.00000000,0.00000000,0.00000000,0.01638025,0.00000000,0.00000000,0.00000000,0.07493909,0.00000000,0.00000000,0.00000000,0.00000000,0.00000000,0.00000000,0.00000000,0.00000000,0.00000000,0.00000000,0.00000000,0.00000000,0.00000000,0.00000000,0.01734451,0.00000000,0.00201117,0.00000000,0.00000000,0.00000000,0.00000000,0.00000000,0.00000000,0.00000000,0.00000000,0.00000000,0.00000000,0.16442642,0.00000000,0.00000000,0.00000000,0.00000000,0.00000000,0.00000000,0.00000000,0.00000000,0.00000000,0.00000000,0.00000000,0.00000000,0.00000000,0.08311468,0.00000000,0.00000000,0.00000000,0.00000000,0.00000000,0.00000000,0.29481770,0.49376287,0.00000000,0.95020814,0.03028476,0.00000000,0.01030425,0.00000000,0.71101545,0.00000000,0.00000000,0.00000000,0.00000000,0.00000000,0.00000000,0.32826806,0.00000000,0.00000000,0.00000000,0.00000000,0.00000000,0.00000000,0.00000000,0.00000000,0.00000000,0.00392744,0.00000000,0.00000000,0.13434494,0.00000000,0.00000000,0.00000000,0.00000000,0.00000000,0.00000000,0.01991641,0.00000000,0.00000000,0.00000000,0.00000000,0.00000000,0.00000000,0.00000000,0.00000000,0.00000000,0.00000000,0.00000000,0.00000000,0.00000000,0.00155511,0.00000000,0.00000000,0.00000000,0.00000000,0.00000000,0.00000000,0.00000000,0.00000000,0.01865902,0.00000000,0.00000000,0.00000000,0.00000000,0.00000000,0.00000000,0.03183906,0.00000000,0.00000000,0.03237397,0.00000000,0.00685043,0.00000000,0.00000000,0.00000000,0.00000000,0.00000000,0.00000000,0.00000000,0.00000000,0.00000000,0.00238761,0.00105181,1.15611387,0.00000000,0.00000000,0.00000000,0.00000000,0.00000000,0.00354646,0.00000000,0.00804184,0.00000000,0.00000000,0.00000000,0.00000000,0.00000000,0.00000000,0.00000000,0.00000000,0.00000000,0.00081683,0.00000000,0.00000000,0.00000000,0.00000000,0.01453857,1.67024743,0.00000000,0.03088667,0.00000000,0.00000000,0.00000000,0.00000000,0.00000000,0.00000000,0.00000000,0.00000000,0.00000000,0.00000000,0.00000000,0.00000000,0.00000000,0.50330540,0.00000000,0.00000000,3.22264127,0.00000000,0.00000000,0.00000000,0.00000000,0.00000000,0.00000000,0.00000000,0.00000000,0.00000000,0.00049911,0.00662298,0.00000000,0.00000000,0.00000000,0.01325292,0.00000000,0.00000000,0.00000000,0.00000000,0.00000000,0.00000000,0.02158138,0.00000000,0.00000000,0.00000000,0.00670706,0.00000000,0.00000000,0.00000000,0.00000000,0.00000000,0.00000000,0.00000000,0.00000000,0.00000000,0.00000000,0.00000000,0.00000000,0.00000000,0.00000000,0.00000000,0.00000000,0.00000000,0.00000000,0.00000000,0.00000000,0.01640696,0.00000000,0.00000000,0.00000000,0.00292481,0.00000000,0.00000000,0.00000000,0.00000000,0.00000000,0.00000000,0.00000000,0.00000000,0.00000000,0.00000000,0.00000000,0.00000000,0.00000000,0.00000000,0.00000000,0.00936881,0.00000000,0.00000000,0.00000000,0.00000000,0.00000000,0.00000000,0.00000000,0.13750603,0.00000000,0.00000000,0.00000000,0.00000000,0.00000000,0.09005138,0.00303980,0.00000000,0.00000000,0.00000000,0.00000000,0.00000000,0.00000000,1.17461769,0.00000000,0.00000000,0.05948342,0.00000000,0.00000000,0.00000000,0.00000000,0.00000000,0.00000000,0.00000000,0.00000000,0.00000000,0.00000000,0.00000000,0.00000000,0.00000000,0.00000000,0.00000000,0.00466787,0.00000000,0.00000000,0.00000000,0.00000000,0.00000000,0.00000000,0.00000000,0.00000000,0.00000000,0.00000000,0.00000000,0.00291297,0.00000000,0.00000000,0.00000000,0.00000000,0.00000000,0.00000000,0.00000000,0.00000000,0.00000000,0.00000000,0.00000000,0.00000000,0.00333688,0.00000000,0.00000000,0.00981480,0.00000000,0.00000000,0.00000000,0.00000000,0.00000000,0.00000000,0.00000000,0.00000000,0.00000000,0.00000000,0.00651567,0.00131978,0.00000000,0.00000000,0.00000000,0.00000000,0.00000000,0.00000000,0.00000000,0.00000000,0.00000000,0.00000000,1.30080486,0.00000000,0.00000000,0.00000000,0.00000000,0.00000000,0.00000000,0.00000000,0.00000000,0.00000000,0.00634308,0.00204965,0.00000000,0.00000000,0.00248680,0.06041687,0.00000000,0.00000000,0.00058719,0.00000000,0.00000000,0.00000000,0.00000000,0.00000000,0.00000000,0.00000000,0.01087858,0.00000000,0.00000000,0.00000000,0.00000000,0.00000000,0.00000000,0.00000000,0.01213303,0.00000000,0.01093231,0.00000000,0.00000000,0.00000000,0.00000000,0.00000000,0.00000000,0.00000000,0.00000000,0.00000000,0.00000000,0.02807013,0.00000000,0.00000000,0.00000000,0.00000000,0.00000000,0.00000000,0.00000000,0.00000000,0.00000000,0.01217637,0.00000000,0.00000000,0.00000000,0.00000000,0.00000000,0.00000000,0.00000000,0.00000000,0.00000000,0.00000000,0.00000000,0.00000000,0.00000000,0.16752759,0.00000000,0.00000000,0.00000000,0.00000000,0.00000000,0.00090476,0.00000000,0.00000000,0.00000000,0.00000000,0.00000000,0.00000000,0.00000000,0.00000000,0.00293341,0.00000000,0.01737247,0.00000000,0.00000000,0.00000000,0.00000000,0.00000000,0.00000000,0.00000000,0.00000000,0.00000000,0.00000000,0.00000000,0.00000000,0.00000000,0.00000000,0.00071862,0.00000000,0.00000000,0.00000000,0.00000000,0.00000000,0.00000000,0.00000000,0.00000000,0.00000000,0.00000000,0.00000000,0.00000000,0.00000000,0.00000000,0.00000000,0.00000000,0.00000000,0.00000000,0.00000000,0.00000000,0.00000000,0.00000000,0.00000000,0.00000000,0.00000000,0.00000000,0.00000000,0.00000000,0.00000000,0.01696304,0.00000000,0.00000000,0.00000000,0.00000000,0.00000000,0.00000000,0.00000000,0.00000000,0.00000000,0.00000000,0.00000000,0.00000000,0.00000000,0.00076109,0.00000000,0.00000000,0.00000000,0.00000000,0.00000000,0.00000000,0.00000000,0.00000000,0.00000000,0.00000000,0.00000000,0.01862264,0.00000000,0.00000000,0.00000000,0.00347470,0.00000000,0.00000000,0.00000000,0.00135283,0.00000000,0.00000000,0.00594381,0.00000000,0.00000000,0.00000000,0.00000000,0.00000000,0.00712658,0.00000000,0.00000000,0.02370695,0.00000000,0.00000000,0.00000000,0.00000000,0.00000000,0.00000000,0.00000000,0.00000000,0.00000000,0.00000000,0.02947852,0.00000000,0.00000000,0.00000000,0.00000000,0.00000000,0.00000000,2.94533625,0.00000000,0.00000000,0.00567311,0.00000000,0.00000000,0.00000000,0.00000000,0.00000000,0.00000000,0.00000000,1.55529670,0.00000000,0.00000000,0.00000000,0.00000000,0.00000000,0.00000000,0.00000000,0.00000000,0.00000000,0.00000000,0.00000000,0.00000000,0.00000000,0.00000000,0.00000000,0.00000000,0.00000000,0.00000000,0.00000000,0.00525769,0.00000000,0.00000000,0.00000000,0.01661583,0.00000000,1.17046670,0.00000000,0.00000000,0.00000000,0.00000000,0.00000000,0.00000000,0.00000000,0.00000000,0.00000000,0.00000000,0.00000000,0.00000000,0.00000000,0.00000000,0.01209471,0.00000000,0.01379020,0.01267467,0.00000000,0.00000000,0.00000000,0.00000000,0.00000000,0.01039662,0.00000000,0.00000000,0.00000000,0.00000000,0.00000000,0.00000000,0.00000000,0.00000000,0.00338877,0.00308381,0.00000000,0.00538868,0.00000000,0.00000000,0.00000000,0.00000000,0.00679288,0.00000000,0.00000000,0.00000000,0.00000000,0.00000000,0.00000000,0.01187283,0.00994574,0.00000000,0.00000000,0.00000000,0.00000000,0.00000000,0.00433982,0.00000000,0.00196470,0.00000000,0.00000000,0.00000000,0.14810484,0.00000000,0.00000000,0.00000000,0.00000000,0.00000000,0.00000000,0.00000000,0.00000000,0.00000000,0.00000000,0.00000000,0.00000000,0.00000000,0.00000000,0.00000000,0.00000000,0.00000000,0.00000000,0.00000000,0.00000000,0.02986667,0.00000000,0.00000000,0.00000000,0.00000000,0.00000000,0.00000000,0.00000000,0.00000000,0.00000000,0.03704966,0.00000000,0.00000000,0.00000000,0.00000000,0.00000000,0.00000000,0.00000000,0.00000000,0.00000000,0.00000000,0.00000000,0.00494209,0.00000000,0.00000000,0.00000000,0.00000000,0.00000000,0.00000000,0.00000000,0.00000000,0.00000000,0.00247952,0.00397003,0.00000000,0.00000000,0.00000000,0.00000000,0.02961827,0.00000000,0.00000000,0.00000000,0.00000000,0.00000000,0.00000000,0.01370519,0.00000000
0.00000000,0.00000000,0.00000000,0.00000000,0.00000000,0.00000000,0.00000000,0.01885257,0.00000000,0.00000000,0.00000000,0.00000000,0.00000000,0.00000000,0.00000000,0.00000000,0.00000000,0.00000000,0.00000000,0.00143233,0.00000000,0.00000000,0.00000000,0.00000000,0.00000000,0.00000000,0.00000000,1.88487818,0.00000000,0.18635042,0.00000000,0.00000000,0.00000000,0.06125942,1.52224359,0.00000000,0.00000000,0.00000000,0.00000000,0.00000000,0.00204085,0.00000000,0.00000000,0.00575103,0.00633764,0.00000000,0.11888323,0.00000000,0.00000000,0.00000000,0.00217360,0.00000000,0.00000000,0.00000000,0.00000000,0.00000000,0.00000000,0.00000000,0.00000000,0.00000000,0.00000000,0.00000000,0.00000000,0.10908267,0.00000000,0.00000000,0.00000000,0.00289102,0.00000000,0.00000000,0.00000000,0.00000000,0.00000000,0.00000000,0.10043845,0.00000000,0.00000000,0.00000000,0.00000000,0.00000000,0.00000000,0.04790241,0.00000000,0.00000000,0.00000000,0.00000000,0.00000000,0.00000000,0.00000000,0.00000000,0.00000000,0.00000000,0.00000000,0.00000000,0.00000000,0.00000000,0.00000000,0.00000000,0.45748846,2.86989481,0.00000000,0.00324947,0.00000000,0.00000000,0.00000000,0.05548079,0.00000000,0.00000000,0.00000000,0.00000000,0.00000000,0.00000000,0.00000000,0.00394446,0.00000000,0.00000000,0.00000000,0.00000000,0.00943586,0.00000000,0.00000000,0.00000000,0.00000000,0.00000000,0.00000000,0.00000000,0.06290036,0.00000000,0.00000000,0.00000000,0.00000000,0.00000000,0.00000000,0.00000000,0.00000000,0.00000000,0.00000000,0.00000000,0.00000000,0.00000000,0.00000000,0.00000000,0.00000000,0.23919510,0.00000000,0.00270723,0.00244267,0.00235711,0.00000000,0.00000000,0.00000000,0.00000000,0.00000000,0.00000000,0.00000000,0.00000000,0.00000000,0.00000000,0.00000000,0.00000000,0.00000000,0.00000000,0.00000000,0.00000000,0.00000000,0.00000000,0.00000000,0.00283346,0.00000000,0.00000000,0.00000000,0.00000000,0.00000000,0.00000000,0.00955636,0.00000000,0.00000000,0.00000000,0.00000000,0.00000000,0.00000000,0.00000000,0.00000000,0.04400902,0.00000000,0.00000000,0.00000000,0.10496590,0.01507373,0.00000000,0.00303359,0.00000000,0.00000000,0.00000000,0.00000000,0.08132447,0.00000000,0.00000000,0.00000000,0.00000000,0.00000000,0.00000000,0.00000000,0.00000000,0.00000000,0.00000000,0.00000000,0.00000000,0.00000000,0.00000000,0.00000000,0.00000000,0.00000000,0.00000000,0.00000000,0.00000000,0.00000000,0.00000000,0.00000000,0.00000000,0.00000000,0.00000000,0.00000000,0.00000000,0.00000000,0.00000000,0.00000000,0.00000000,0.01049162,0.02596873,0.00000000,0.00000000,0.00000000,0.00000000,0.00000000,0.00000000,0.00000000,0.00000000,0.00000000,0.00000000,0.00000000,0.00000000,0.00000000,0.00000000,0.00000000,0.00000000,0.00000000,0.00000000,0.00000000,0.44705419,0.00000000,0.00000000,0.00000000,0.00707367,0.00000000,0.00000000,0.00000000,0.00000000,0.00000000,0.00000000,0.00000000,0.00000000,0.00000000,0.00000000,0.01064744,0.00000000,0.00000000,0.00000000,0.00000000,0.01983764,0.00000000,0.00000000,0.00000000,0.00000000,0.00000000,0.01556929,0.00000000,0.00000000,0.00000000,0.00000000,0.00000000,0.00000000,0.00000000,0.00000000,0.00000000,0.00000000,0.01822278,0.00000000,0.00000000,0.00000000,0.00000000,0.00844955,0.00000000,0.00000000,0.00000000,0.00000000,0.00000000,0.00000000,0.00000000,0.00000000,0.00000000,0.00000000,0.00000000,0.00000000,0.00000000,0.00000000,0.00000000,0.00000000,0.00000000,0.00000000,0.00000000,0.00000000,0.00000000,0.00000000,0.00000000,0.00000000,0.00000000,0.05733471,0.00000000,0.00000000,0.00000000,0.00000000,0.00000000,0.00000000,0.00000000,0.00000000,0.00000000,0.00000000,0.00000000,0.00000000,0.00000000,0.00000000,0.00000000,0.00000000,0.00000000,0.00000000,0.00000000,0.00000000,0.00000000,0.00000000,0.00132151,0.00000000,0.00000000,0.00000000,0.00000000,0.00000000,0.00000000,0.00000000,0.00000000,0.00000000,0.00000000,0.00000000,0.00000000,0.03910091,0.00000000,0.00841647,0.00000000,0.00000000,0.00000000,0.00000000,0.00000000,0.00000000,0.00000000,0.00000000,0.00321950,0.04280716,0.00623024,0.00000000,0.00000000,0.00000000,0.00000000,0.00000000,0.00076936,0.00000000,0.00000000,0.00000000,0.00000000,0.02969690,0.00000000,0.00000000,0.00000000,0.00000000,0.00000000,0.00000000,0.00000000,0.00000000,0.00000000,0.00000000,0.00000000,0.00000000,0.00000000,0.00000000,0.00000000,0.00000000,0.00000000,0.07411432,0.00000000,0.00000000,0.00377422,0.00000000,0.00000000,0.00000000,0.00000000,0.00000000,0.00000000,0.00000000,0.00000000,0.00000000,0.00000000,0.00000000,0.08423708,0.00000000,0.00000000,0.00000000,0.00000000,0.00000000,0.00323900,0.00000000,0.00000000,0.00000000,0.03808927,0.00000000,0.00686513,0.00000000,0.00000000,0.00000000,0.00000000,0.00000000,0.00000000,0.00000000,0.00000000,0.00000000,0.00000000,0.00000000,0.00000000,0.00000000,0.00000000,0.00000000,0.00000000,0.00000000,0.00000000,0.00000000,0.00498854,0.00312697,0.00000000,0.00092529,0.00000000,0.00000000,0.00000000,0.00000000,0.00000000,0.00000000,0.00000000,0.00343152,0.00000000,0.00000000,0.00000000,0.00000000,0.00000000,0.34305181,0.00106646,0.00000000,0.00000000,0.00000000,0.00000000,0.00000000,0.00000000,0.00000000,0.00000000,0.00000000,0.00000000,0.00000000,0.00000000,0.00000000,0.00000000,0.00000000,0.00000000,0.00000000,0.00000000,0.00000000,0.00000000,0.00000000,0.00000000,0.00000000,0.07242432,0.00000000,0.00000000,0.00000000,0.00000000,0.00462767,0.00000000,0.00000000,0.00501750,0.16969931,0.00000000,0.00398594,0.75538611,0.00000000,0.00000000,0.01250675,0.00000000,0.00000000,0.00000000,0.00000000,0.00000000,0.00255656,0.00000000,0.00000000,0.00000000,0.00000000,0.00000000,0.00000000,0.00000000,0.00000000,0.01779593,0.00667587,0.00000000,0.00000000,0.00000000,0.00000000,0.00000000,0.00000000,0.00000000,0.00000000,0.00000000,0.00000000,0.00000000,0.10115549,0.00000000,0.00000000,0.00000000,0.00000000,0.00000000,0.00000000,0.00000000,0.00000000,0.00000000,0.00000000,0.00000000,0.01149534,0.00000000,0.00000000,0.00000000,0.00000000,0.00000000,0.00000000,0.08197489,0.01221431,0.00000000,0.00000000,0.00000000,0.00000000,0.00000000,0.00000000,0.00000000,0.00000000,0.00000000,0.00155528,0.00000000,0.00000000,0.00000000,0.00000000,0.00000000,0.00000000,0.00000000,0.00000000,0.00000000,0.00000000,0.14232396,0.00000000,0.00000000,0.00000000,0.00000000,0.00000000,0.00000000,0.00000000,0.00000000,0.00000000,0.00000000,0.00000000,0.00107978,0.00000000,0.00000000,0.00000000,0.00000000,0.00000000,0.00000000,0.00000000,0.00000000,0.00422278,0.00000000,0.00000000,0.00000000,0.00000000,0.00000000,0.01120090,0.00000000,0.00000000,0.00000000,0.00000000,0.00000000,0.00000000,0.00000000,0.00000000,0.00000000,0.00000000,0.00000000,0.00000000,0.00000000,0.00000000,0.00000000,0.00000000,0.00000000,0.08552816,0.00000000,0.01512678,0.00000000,0.00000000,0.00000000,0.00000000,0.00000000,0.00000000,0.00000000,0.00000000,0.00000000,0.00000000,0.00709635,0.00000000,0.00000000,0.00000000,0.00000000,0.00000000,0.00000000,0.00000000,0.00000000,0.00000000,0.00564699,0.00000000,0.00000000,0.00000000,0.00000000,0.00000000,0.00000000,0.02277016,0.00000000,0.00000000,0.00000000,0.00000000,0.00000000,0.00000000,0.00000000,0.02397839,0.00000000,0.00000000,0.00110091,0.00000000,0.00000000,0.00000000,0.00000000,0.00000000,0.00382194,0.00000000,0.00000000,0.00000000,0.01517071,0.00000000,0.00000000,0.00000000,0.00000000,0.00000000,0.00000000,0.19576244,0.00000000,0.00000000,0.00000000,0.00000000,0.00000000,0.03906808,0.00000000,0.00178489,0.00000000,0.00000000,0.00000000,0.00000000,0.00000000,0.00000000,0.00000000,0.00000000,0.00000000,0.00000000,0.00000000,0.00000000,0.03702986,0.00000000,0.02498501,0.00896002,0.00000000,0.00000000,0.00000000,0.00000000,0.00000000,0.00000000,0.00000000,0.00000000,0.00000000,0.02928779,0.00000000,0.00000000,0.00000000,0.02300190,0.00000000,0.00000000,0.14474081,0.00000000,0.00000000,0.00000000,0.00000000,0.00000000,0.00000000,0.00000000,0.00000000,0.00000000,0.00000000,0.00000000,0.00000000,0.00439852,0.00910995,0.00000000,0.00000000,0.00000000,0.00000000,0.00000000,0.00000000,0.00000000,0.00000000,0.00000000,0.00434106,0.00173241,0.00000000,0.00000000,0.00000000,0.00000000,0.00000000,0.00995770,0.00000000,0.00000000,0.00000000,0.00000000,0.00000000,0.00000000,0.00000000,0.00741521,0.01299790,0.00000000,0.00000000,0.00000000,0.00000000,0.00000000,0.00000000,0.00000000,0.00000000,0.00000000,0.03704966,0.00000000,0.00000000,0.08289572,0.00000000,0.00000000,0.00000000,0.00000000,0.00000000,0.00000000,0.00000000,0.00000000,0.00000000,0.00484643,0.00000000,3.08835407,0.00000000,0.00000000,0.00000000,0.00000000,0.01465287,0.00000000,0.00000000,0.00674849,0.00000000,0.00000000,0.00000000,0.00000000,0.00000000,0.00254035,0.00000000,0.00000000,0.00000000,0.00000000,0.00000000,0.00000000,0.00000000,0.00000000
0.00401459,0.00376737,0.00000000,0.00000000,0.00000000,0.00000000,0.00000000,0.00000000,0.07572504,0.00000000,0.00384781,0.00000000,0.00000000,0.00000000,0.00000000,0.00000000,0.13339354,0.00344135,0.02131018,0.00000000,0.00604214,0.00000000,0.00000000,0.00000000,0.00000000,0.00000000,0.00000000,0.00000000,0.00000000,0.00000000,0.00000000,0.00000000,0.00000000,0.04004960,0.00000000,0.00108801,0.00355748,0.00000000,0.01395068,0.00000000,0.00000000,0.00000000,0.00000000,0.00000000,0.00000000,0.00000000,0.00000000,0.00096106,0.00000000,0.00000000,0.00000000,0.00000000,0.00000000,0.00000000,0.00000000,0.00000000,0.00000000,0.00000000,0.00000000,0.00000000,0.00000000,0.00000000,0.00000000,0.00000000,0.00000000,0.00000000,0.00000000,0.00000000,0.00000000,0.00000000,0.00000000,0.00000000,0.00000000,0.00000000,0.00000000,0.00000000,0.00000000,1.56058150,0.00000000,0.00000000,0.00000000,0.00000000,0.00000000,0.00000000,0.00000000,0.00000000,0.00000000,0.01360713,0.00000000,0.00000000,0.00000000,0.00000000,0.02507920,0.00000000,0.00383226,2.34776738,0.00000000,0.00000000,0.00000000,0.03089538,0.00000000,0.00000000,0.00000000,0.00000000,0.00000000,0.00000000,0.00000000,0.00912875,0.00000000,0.04755418,0.00000000,0.00000000,0.00000000,0.00000000,0.00000000,0.00000000,0.00000000,0.00607776,0.06579595,0.00000000,0.00000000,0.00000000,0.14532319,0.00000000,0.00000000,0.00000000,0.00000000,0.00000000,0.00000000,0.00000000,0.00000000,0.00836794,0.00000000,0.00000000,0.00383901,0.00000000,0.01576386,0.00554447,0.00000000,0.00000000,0.00000000,0.00000000,0.00000000,0.00000000,1.48720772,0.00000000,0.00000000,0.00000000,0.00000000,0.00000000,0.00000000,0.00000000,0.00000000,0.00000000,0.00000000,0.00000000,0.00000000,0.00000000,0.00769378,0.00000000,0.00000000,0.00000000,0.00334607,0.00000000,0.00000000,0.00222832,0.00000000,0.00000000,0.00000000,0.00000000,0.00000000,0.00000000,0.00000000,0.00000000,0.00000000,0.00000000,0.00000000,0.00000000,0.00000000,0.00000000,0.00000000,0.00000000,0.00000000,0.00000000,0.00865945,0.00000000,0.00787704,0.00000000,0.00000000,0.00000000,0.00000000,0.03118015,0.00000000,0.03645827,0.00000000,0.00000000,0.00000000,0.00000000,0.00813662,0.00000000,0.00000000,0.00000000,0.00000000,0.00000000,0.00000000,0.00000000,0.00000000,0.00000000,0.00000000,0.00000000,0.00000000,0.00000000,0.00000000,0.00000000,0.00000000,0.00000000,0.00612038,0.00000000,0.00370704,0.00000000,0.00000000,0.00000000,0.00000000,0.00000000,1.10609264,0.00000000,0.00000000,0.00000000,0.00000000,0.00000000,0.00000000,0.00487451,0.00000000,0.00000000,0.00000000,0.00000000,0.00000000,0.00000000,0.00000000,0.00000000,0.00000000,0.00000000,0.00000000,0.00000000,0.00000000,0.00111223,0.00000000,0.00000000,0.00000000,0.00000000,0.00000000,0.00000000,0.00000000,0.00000000,0.00000000,0.00000000,0.12818597,0.00000000,0.00000000,0.00000000,0.00000000,0.00000000,0.00000000,0.00000000,0.00000000,0.00000000,0.00000000,0.02626020,0.01004877,0.00000000,0.00000000,0.00000000,0.00000000,0.00000000,0.00000000,0.00000000,0.00000000,0.00000000,0.00000000,0.00000000,0.00000000,0.00000000,0.00000000,0.00000000,0.00000000,0.02495353,0.00000000,0.00000000,0.00000000,0.00000000,0.00000000,0.00000000,0.00000000,0.00000000,0.00000000,0.00000000,0.00000000,0.00600589,0.00000000,0.00000000,0.00000000,0.00000000,0.00000000,0.00000000,0.00000000,0.00000000,0.00000000,0.00000000,0.00000000,0.00000000,0.00000000,0.00072433,0.00000000,0.00000000,0.02939336,0.00000000,0.00000000,0.00000000,0.00000000,0.00000000,0.00000000,0.00000000,0.00000000,0.00000000,0.00962654,0.00000000,0.00000000,0.00000000,0.00000000,0.00000000,0.00000000,0.00000000,0.01539066,0.00000000,0.00000000,0.00000000,0.00000000,0.00000000,0.00000000,0.00000000,0.00000000,0.00500784,0.00000000,0.00000000,0.00604458,0.00000000,0.00000000,0.00000000,0.00000000,0.00000000,0.00000000,0.00000000,0.00000000,0.00000000,0.00481170,0.00000000,0.00000000,0.00000000,0.00000000,0.00000000,0.00000000,0.00000000,0.00000000,0.00000000,0.00000000,0.00398010,0.00000000,0.00000000,0.00000000,0.00000000,0.00000000,0.00391232,0.00000000,0.00000000,0.00000000,0.00000000,0.00000000,0.00000000,0.00000000,0.00073804,0.00000000,0.00000000,0.00000000,0.00000000,0.00000000,0.01522017,0.00000000,0.00000000,0.00000000,0.00000000,0.00000000,0.00000000,0.00000000,0.00000000,0.00000000,0.00987657,0.00000000,0.00000000,0.00000000,0.04254274,0.00238762,0.00000000,0.00000000,0.00000000,0.00000000,0.00000000,0.00527732,0.00000000,0.00000000,0.00000000,0.00471911,0.00418271,0.00000000,0.00000000,0.00000000,0.00000000,0.00000000,0.00000000,0.00672326,0.83963212,0.00000000,0.00000000,0.00000000,0.00000000,0.03196353,0.00000000,0.00000000,0.00000000,0.00000000,0.00000000,0.00000000,0.00000000,0.00000000,0.00000000,0.00000000,0.00000000,0.00000000,0.00000000,0.00000000,0.00000000,0.00000000,0.00000000,0.00000000,0.00000000,0.04298017,0.00000000,0.00000000,0.00000000,0.00000000,0.00000000,0.00000000,0.00000000,0.00146379,0.00000000,0.00000000,0.00000000,0.00000000,0.00000000,0.02390579,0.00000000,0.00000000,0.00000000,0.00000000,0.00000000,0.00000000,0.00000000,0.00000000,0.00000000,0.00000000,0.00000000,0.00000000,0.00000000,0.00000000,0.00000000,0.00000000,0.00000000,0.00470781,0.00000000,0.00000000,0.00000000,0.00000000,0.00000000,0.00000000,0.00000000,0.00000000,0.00000000,0.00000000,0.00000000,0.00000000,0.01214801,0.00000000,0.00000000,0.00000000,0.00000000,0.00000000,0.00000000,0.00892252,0.00000000,0.00000000,0.00000000,0.01728032,0.00000000,0.00071102,0.00000000,0.00000000,0.00000000,0.00000000,0.00000000,0.00000000,0.00000000,0.00000000,0.00000000,0.00000000,0.00775779,0.00000000,0.00000000,0.00000000,0.00000000,0.00000000,0.00000000,0.00000000,0.00000000,0.00000000,0.00000000,0.00000000,0.00921865,0.00093098,0.00000000,0.03077212,0.00000000,0.00000000,0.00000000,0.00000000,0.06384775,0.00000000,0.00000000,0.00931479,0.00000000,0.00000000,0.00317292,0.00000000,0.00000000,0.00000000,0.00000000,0.00000000,0.00000000,0.00000000,0.03789186,0.00000000,0.00000000,0.00000000,0.00000000,0.00000000,0.00263725,0.00000000,0.00000000,0.00000000,0.00534790,0.00000000,0.00000000,0.00000000,0.00000000,0.00000000,0.00000000,0.00000000,0.00000000,0.00300026,0.01617352,0.00000000,0.00000000,0.00000000,0.00000000,0.00000000,0.00000000,0.00000000,0.00000000,0.00000000,0.00000000,0.00000000,0.00000000,0.00000000,0.00000000,0.00000000,0.00000000,0.00000000,0.00000000,0.00313666,0.00000000,0.00000000,0.00000000,0.00000000,0.00000000,0.00000000,0.00000000,0.00000000,0.00000000,0.00000000,0.59163215,0.00000000,0.00000000,0.00000000,0.00000000,0.00000000,0.00000000,0.00000000,0.00000000,0.00000000,0.00000000,0.00000000,0.00000000,0.00000000,0.00000000,0.00000000,0.00000000,0.00000000,0.00000000,0.00000000,0.00000000,0.00000000,0.00000000,0.00000000,0.04008403,0.00629339,0.00000000,0.00000000,0.00000000,0.00000000,0.00000000,0.00000000,0.00000000,0.00000000,0.00000000,0.00000000,0.00000000,0.00000000,0.01423914,0.00000000,2.40081587,0.00000000,0.00000000,0.00093865,0.00000000,0.00000000,0.01565227,0.00000000,0.00073633,0.00000000,0.00000000,0.00000000,0.00000000,0.00000000,0.00000000,0.00000000,0.00000000,0.00000000,0.00000000,0.00000000,0.00000000,0.01676121,0.05070423,0.00000000,0.00000000,0.00000000,0.00000000,0.00000000,0.00000000,0.00000000,0.01186467,0.00826523,0.00000000,0.00000000,0.00000000,0.00000000,0.00000000,0.00000000,0.00000000,0.00000000,0.00000000,0.00000000,0.01488651,0.00000000,0.00000000,0.00000000,0.01009606,0.00000000,0.00000000,0.00919206,0.00000000,0.00000000,0.00000000,0.00000000,0.00000000,0.01627035,0.00000000,0.00000000,0.00000000,0.00000000,0.00000000,0.00000000,0.00000000,0.00000000,0.00000000,0.00000000,0.00000000,0.00000000,0.00000000,0.00000000,0.00000000,0.00000000,0.00099971,0.00000000,0.00000000,0.00000000,0.00000000,0.00000000,0.00917706,0.00000000,0.00000000,0.00000000,0.00000000,0.00000000,0.00000000,0.00000000,0.00634247,0.00000000,0.00000000,0.00000000,0.00000000,0.00000000,0.00000000,0.00000000,0.00000000,0.00000000,0.00000000,0.00000000,0.00000000,0.00000000,0.00000000,0.00000000,0.00000000,0.01212635,0.00000000,0.00000000,0.00000000,0.00000000,0.00000000,0.00000000,0.00000000,0.00000000,0.00000000,0.00000000,0.05064362,0.00000000,0.00000000,0.00000000,0.01661514,0.18367791,0.00000000,0.00000000,0.00000000,0.00000000,0.00000000,0.00000000,0.00000000,0.00000000,0.00000000,0.00000000,0.00000000,0.00000000,0.00000000,0.00000000,0.00000000,0.02269064,0.00000000,0.00000000,0.00000000,0.00000000,0.00000000,0.00000000,0.00000000,0.00000000,0.00000000,0.00000000,0.00000000,0.00000000,0.06862651,0.00000000,0.00000000,0.00000000,0.00000000,0.00000000,0.00000000,0.00000000,0.00000000,0.00000000,0.00000000,0.00000000,0.00000000,0.06591516,0.00000000
0.00000000,0.00000000,0.00000000,0.00000000,0.00000000,0.01098086,0.00000000,0.00000000,0.00000000,0.00000000,0.00000000,0.00000000,0.00000000,0.00000000,0.00000000,0.00000000,0.00000000,0.00000000,0.00058088,0.00000000,0.00000000,0.00000000,0.00000000,0.00000000,0.00000000,0.00000000,0.00000000,0.00000000,0.00000000,0.00000000,0.00000000,0.00973824,0.00000000,0.00000000,0.00000000,0.00000000,0.00000000,0.02087286,0.00000000,0.01697702,0.00000000,0.00000000,0.00000000,0.00000000,0.00000000,0.02383631,0.00000000,0.00000000,0.00000000,0.00000000,0.00421763,0.00000000,0.00000000,0.00000000,0.00000000,0.00000000,0.00000000,0.00000000,0.00000000,0.48786419,0.00000000,0.00000000,0.00000000,0.00000000,0.03310761,0.00000000,0.00000000,0.01144444,0.00529204,0.03079611,0.00000000,0.00978392,0.00000000,0.00000000,0.00000000,0.00000000,0.00000000,0.00000000,0.00000000,0.00000000,0.00000000,0.00000000,0.00000000,0.00000000,0.00000000,0.00000000,0.00000000,0.00619850,0.00000000,0.00000000,0.00000000,0.00000000,0.00000000,0.00000000,0.63122382,0.00000000,0.00000000,0.00000000,0.00000000,0.00000000,0.01664718,0.00000000,0.00000000,0.00000000,0.00314229,0.00000000,0.00000000,0.00000000,0.00000000,0.00000000,0.00000000,0.00000000,0.01128198,0.09590321,0.00000000,0.00000000,0.00000000,0.00000000,0.00000000,0.00000000,0.00000000,0.00000000,0.00000000,0.00000000,0.00344526,0.00000000,0.00951008,0.00000000,0.00000000,0.00000000,0.00000000,0.00000000,0.00000000,0.00000000,0.00000000,0.00000000,0.00000000,0.00000000,0.00000000,0.00000000,0.00000000,0.08885716,0.00000000,0.00116674,0.00000000,0.00000000,0.00000000,0.00000000,0.00000000,0.00000000,0.01288260,0.00000000,0.00000000,0.00000000,0.00000000,0.00000000,0.00000000,0.00000000,0.00000000,0.00000000,0.00000000,0.00000000,0.00000000,0.00000000,0.00000000,0.00451514,0.29223415,0.00000000,0.00000000,0.00000000,0.00247009,0.00000000,0.00000000,0.00000000,0.00178134,0.00000000,0.00000000,0.00000000,0.00000000,0.00000000,0.00000000,0.02120835,0.00000000,0.00000000,0.00000000,0.00000000,0.00000000,0.00000000,0.00000000,0.00481629,0.00000000,0.00000000,0.00000000,0.00000000,0.00000000,0.00000000,0.01084792,0.00090668,0.00000000,0.00000000,0.02612865,0.00000000,0.00000000,0.00000000,0.00000000,0.00000000,0.00000000,0.00000000,0.00000000,0.00000000,0.00000000,0.00000000,0.01874213,0.00000000,0.03722660,0.00000000,0.00000000,0.00000000,0.00100010,0.00000000,0.00000000,0.00000000,0.00000000,0.00000000,0.00639949,0.00000000,0.00000000,0.00000000,0.00000000,0.00000000,0.00000000,0.00000000,0.00821015,0.00000000,0.00000000,0.00000000,0.00000000,0.00000000,0.00000000,0.00000000,0.00000000,0.00000000,0.00000000,0.00000000,0.00000000,0.05376386,0.00000000,0.00000000,0.00000000,0.00000000,0.00000000,0.00000000,0.00000000,0.00000000,0.00000000,0.00000000,0.00000000,0.00000000,0.00000000,0.00000000,0.00000000,0.00000000,0.00000000,0.00000000,0.00000000,0.00000000,0.00000000,0.00000000,0.00000000,0.00000000,0.00000000,0.00000000,0.11991699,0.00000000,0.00000000,0.00000000,0.00000000,0.00000000,0.00000000,0.00000000,0.01692257,0.00000000,0.00000000,0.00000000,0.00000000,0.00000000,0.00000000,0.00000000,0.00000000,0.00000000,0.00000000,0.00000000,0.00000000,0.00000000,0.04115576,0.00000000,0.00000000,0.00000000,0.00000000,0.00000000,0.00000000,0.00000000,0.01522120,0.00000000,0.00000000,0.00000000,0.00000000,0.00000000,0.00000000,0.00000000,0.01926770,0.00000000,0.00000000,0.00000000,0.00000000,0.00000000,0.39139192,0.00000000,0.00000000,0.00000000,0.01415334,0.00000000,0.00000000,0.00000000,0.00000000,0.00000000,0.00000000,0.00000000,0.00000000,0.00000000,0.01221104,0.00398854,0.00000000,0.00000000,0.00000000,0.03315110,0.00000000,0.00000000,0.01884612,0.01643979,0.00000000,0.00090786,0.00000000,0.00000000,0.00000000,0.00207330,0.00000000,0.00000000,0.01361360,0.00290652,0.00000000,0.00000000,0.00000000,0.00000000,0.00000000,0.09471844,0.00345436,0.00000000,0.00000000,0.00000000,0.00000000,0.00000000,0.00000000,0.00000000,0.02688555,0.00000000,0.00101753,0.00000000,0.00000000,0.00000000,0.00000000,0.00000000,0.00000000,0.00000000,0.00000000,0.00000000,0.00000000,0.00000000,0.00000000,0.00000000,0.00412361,0.00000000,0.00000000,0.00000000,0.00000000,0.00000000,0.00000000,0.00000000,0.00000000,0.00000000,0.00000000,0.00000000,0.00000000,0.00000000,0.00000000,0.00000000,0.00000000,0.00000000,0.00000000,0.00000000,0.00000000,0.00000000,0.00000000,0.00000000,0.00000000,0.00619911,0.00000000,0.00000000,0.00000000,0.08243311,0.00000000,0.00000000,0.00000000,0.00000000,0.00000000,0.00000000,0.00000000,0.00000000,0.00000000,0.00000000,0.00000000,0.00000000,0.00000000,0.00000000,0.00000000,0.96845759,0.00000000,0.00000000,0.00000000,0.00000000,0.03629630,0.00000000,0.00000000,0.00000000,0.00000000,0.00000000,0.00000000,0.00000000,0.00000000,0.05453414,0.00000000,0.00000000,0.00000000,0.00000000,0.00920013,0.00000000,0.00000000,0.00000000,0.00000000,0.00000000,0.00000000,0.00000000,0.00000000,0.00000000,0.00000000,0.00000000,0.00000000,0.00813993,0.00000000,0.00000000,0.00000000,0.00000000,0.00000000,0.00000000,0.00000000,0.00000000,0.00000000,0.00000000,0.00000000,0.00000000,0.34424704,0.00000000,0.00000000,0.00000000,0.00000000,0.00000000,0.00000000,0.00000000,0.00000000,0.00000000,0.00000000,0.00000000,0.00000000,0.00000000,0.00000000,0.00000000,0.00000000,0.00000000,0.00000000,0.00000000,0.00000000,0.00000000,0.00000000,0.00000000,0.00000000,0.00000000,0.00000000,0.00000000,0.00000000,0.00000000,0.00000000,0.00000000,0.00000000,0.01884532,0.00000000,0.05541336,0.00000000,0.00000000,0.00000000,0.00000000,0.00432153,0.00000000,0.00115713,0.00000000,0.00000000,0.00442755,0.00000000,0.00000000,0.02705299,0.00000000,0.03158470,0.00000000,0.00000000,0.00000000,0.00000000,0.00000000,0.00000000,0.00000000,0.00000000,0.00000000,0.00000000,0.00000000,0.00285218,0.00000000,0.00000000,0.00000000,0.00000000,0.01228846,0.00000000,0.00000000,0.00000000,0.00000000,0.00000000,0.00000000,0.01688348,0.00000000,0.00000000,0.00000000,0.00000000,0.00000000,0.00000000,0.00000000,0.00000000,0.00000000,0.00000000,0.00000000,0.00000000,0.00000000,0.00000000,0.00000000,0.00568117,0.00000000,0.00000000,0.00000000,1.90445994,0.00000000,0.00000000,0.00000000,0.00108194,0.00000000,0.00000000,0.00297242,0.00000000,0.00000000,0.01491553,0.00000000,0.02837456,0.00000000,0.00000000,0.00000000,0.00000000,0.00000000,0.00000000,0.00000000,0.00000000,0.08480261,0.00000000,0.00000000,0.00000000,0.00000000,0.41184966,0.00000000,0.00000000,0.00000000,0.00000000,0.00000000,0.00000000,0.01342281,0.00000000,0.00000000,0.00000000,0.01360007,0.00000000,0.00000000,0.00000000,0.00475808,0.00000000,0.00000000,0.00000000,0.00184686,0.00000000,0.00000000,0.00000000,0.00000000,0.00000000,0.00000000,0.00000000,0.00000000,0.00000000,0.00000000,0.00311640,0.00000000,0.00882935,0.03223949,0.03589615,0.00000000,0.00000000,0.00000000,0.00000000,0.00000000,0.00000000,0.00000000,0.00000000,0.00000000,0.00000000,0.00000000,1.29556662,0.00000000,0.00000000,0.00000000,0.00000000,0.00000000,0.00000000,0.00000000,0.00000000,0.00000000,0.00000000,0.00000000,0.00000000,0.00000000,0.00000000,0.00000000,0.00000000,0.24545923,0.00000000,0.00000000,0.00000000,0.03504328,0.00000000,0.00000000,0.00000000,0.00000000,0.00000000,0.00000000,0.00000000,0.00000000,0.01274362,0.00000000,0.00000000,0.00000000,0.00000000,0.00000000,0.00000000,0.00000000,0.00000000,0.00000000,0.00000000,0.00000000,0.00000000,0.00000000,0.00000000,0.00000000,0.00000000,0.00000000,0.00000000,0.00000000,0.00000000,0.00000000,0.00000000,0.00000000,0.00000000,0.00000000,0.00000000,0.00000000,0.00000000,0.00000000,0.00000000,0.00000000,0.00000000,0.01310382,0.00000000,0.08689644,0.00000000,0.00000000,0.00000000,0.00000000,0.00000000,0.00000000,0.00299819,0.00000000,0.00000000,0.00000000,0.00000000,0.00000000,0.00000000,0.00000000,0.00000000,0.00000000,0.00000000,0.00000000,2.13307861,0.00000000,0.00000000,0.00000000,0.00000000,0.00000000,0.00000000,0.05377597,0.00462375,0.00000000,0.00000000,0.00000000,0.00000000,0.00000000,0.00000000,0.00000000,0.00000000,0.00734387,0.00000000,0.00000000,0.00588366,0.00000000,0.00000000,0.00000000,0.00000000,0.00000000,0.00000000,0.00000000,0.00184825,0.00000000,0.00000000,0.00000000,0.00229364,0.00180480,0.00000000,0.00000000,0.02872015,0.00000000,1.09351271,0.01313484,0.00000000,0.00673001,0.00000000,0.08289572,0.00000000,0.00000000,0.00000000,0.00000000,0.00000000,0.00000000,0.00000000,0.00000000,0.00000000,0.00000000,0.00000000,0.00000000,0.00000000,0.00000000,0.00000000,0.00000000,0.00000000,0.00000000,0.00000000,0.00000000,0.00000000,0.00000000,0.00000000,0.00000000,0.00000000,0.00000000,0.00000000,0.00000000,0.00000000,0.00000000,0.00000000,0.00000000,0.00000000,0.00000000,0.00000000,0.00000000
0.00000000,0.00000000,0.00000000,0.00000000,0.00000000,0.00315137,0.00000000,0.00000000,0.00000000,0.00000000,0.00000000,0.00108684,0.00000000,0.00000000,0.00000000,0.00000000,0.00000000,0.00000000,0.00000000,0.00000000,0.00000000,0.00000000,0.00000000,0.00701819,0.00000000,0.00000000,0.00000000,0.00000000,0.00000000,0.00000000,0.00000000,0.00000000,0.00000000,0.00000000,0.00000000,0.00000000,0.00000000,0.03093715,0.00000000,0.00000000,0.00000000,0.00000000,0.00000000,0.00496551,0.00000000,0.00000000,0.04813372,0.00000000,0.00000000,0.00000000,0.00000000,0.00000000,0.00423946,0.00000000,0.00000000,0.00000000,0.11123518,0.00000000,0.00000000,0.00078282,0.03966838,0.00000000,0.00000000,0.00000000,0.00000000,0.00000000,0.00000000,0.00000000,0.00000000,0.00000000,0.00000000,0.00000000,0.00000000,0.00000000,0.00000000,0.00000000,0.00000000,0.00000000,0.00000000,0.00000000,0.00000000,0.00000000,0.00000000,0.04829961,0.00000000,0.00000000,0.00000000,0.00000000,0.07996051,0.00000000,0.00000000,0.00000000,0.00000000,0.00236432,0.00000000,0.00400341,0.00401863,0.80567367,0.00000000,0.00000000,0.00000000,0.00000000,0.00000000,0.00000000,0.00406131,0.00000000,0.00000000,0.02528891,0.00000000,0.00000000,0.00000000,0.00000000,0.00000000,0.00000000,0.00129627,0.00000000,0.00000000,0.00000000,0.00539484,0.00000000,0.00000000,0.00000000,0.04580864,0.00000000,0.00000000,0.00000000,0.00000000,0.00000000,0.00000000,0.00000000,0.00000000,0.00000000,0.00000000,0.00000000,0.00000000,0.00000000,0.00000000,0.00000000,0.00000000,0.05623483,0.00000000,0.00000000,0.00000000,0.00000000,0.00000000,0.00000000,0.00000000,0.00000000,0.00000000,0.00000000,0.00000000,0.00000000,0.00000000,0.00000000,0.04885050,0.00000000,0.00000000,0.00000000,0.00000000,0.00000000,0.00000000,0.00000000,0.00000000,0.00180147,0.00000000,0.00000000,0.00000000,0.00000000,0.00000000,0.00000000,0.00000000,0.00000000,0.00000000,0.00000000,0.00000000,0.01019590,0.00000000,0.00000000,0.00000000,0.00571700,0.00000000,0.00000000,0.00000000,0.00000000,0.00356585,0.01844634,0.00000000,0.01121135,0.00306666,0.00000000,0.00000000,0.00000000,0.00000000,0.00000000,0.00000000,0.00275747,0.00000000,0.00000000,0.00000000,0.00000000,0.00000000,0.00000000,0.00000000,0.00000000,0.00000000,0.08131953,0.03830370,0.00000000,0.00000000,0.00000000,0.01826279,0.00000000,0.00000000,0.00000000,0.00000000,0.00000000,0.03388397,0.00000000,0.00000000,0.00000000,0.00000000,0.00000000,0.00000000,0.00000000,0.00101107,0.00000000,0.00000000,0.04315670,0.00000000,0.00000000,0.00000000,0.00000000,0.00000000,0.00000000,0.00000000,0.00000000,0.00000000,0.00000000,0.00000000,0.00856619,0.00000000,0.00000000,0.00631806,0.00000000,0.00000000,0.00000000,0.00000000,0.00000000,0.00000000,0.06483433,0.00000000,0.03589755,0.00000000,0.00000000,0.00000000,0.00000000,0.00000000,0.00000000,0.00000000,0.00717482,0.00000000,0.00194169,0.00000000,0.03670790,0.00000000,0.00000000,0.06733820,0.00000000,0.00000000,0.00000000,0.00000000,0.00000000,0.00000000,0.00000000,0.00000000,0.00000000,0.00000000,0.00000000,0.00000000,0.00000000,0.00000000,0.00000000,0.00000000,0.00000000,0.00000000,0.00000000,0.00000000,0.00000000,0.07298461,0.00000000,0.00000000,0.00000000,0.00000000,0.00000000,0.00564505,0.01664836,0.00000000,0.00000000,0.00000000,0.00000000,0.00000000,0.00000000,0.03342522,0.00000000,0.00000000,0.00000000,0.00000000,0.00000000,0.00000000,0.00000000,0.00000000,0.00000000,0.00695514,0.00000000,0.00000000,0.00000000,0.00000000,0.00000000,0.00000000,0.00138473,0.00000000,0.00000000,0.00000000,0.00000000,0.00000000,0.00000000,0.00000000,0.00000000,0.00000000,0.00000000,0.00000000,0.00000000,0.00000000,0.00000000,0.00000000,0.00000000,0.00000000,0.00719735,0.00000000,0.00000000,0.00000000,0.00000000,0.00000000,0.35479931,0.00000000,0.00000000,0.00000000,0.00000000,0.03922365,0.02072669,0.01217192,0.00000000,0.00000000,0.00000000,0.00373805,0.00000000,0.00000000,0.00000000,0.04823972,0.00000000,0.00000000,0.00000000,0.00000000,0.00098121,1.19665837,0.00000000,0.00000000,0.00000000,0.00000000,0.00000000,0.00000000,0.00000000,0.00000000,0.00000000,0.00000000,0.00000000,0.00000000,0.00000000,0.00000000,0.00000000,0.00000000,0.00000000,0.00000000,0.00000000,0.00085713,0.00000000,0.00000000,0.00000000,0.00000000,0.00000000,0.00000000,0.00000000,0.00000000,0.00000000,0.00000000,0.00202865,0.00000000,0.00000000,0.00000000,0.00000000,0.00000000,0.00000000,0.00000000,0.01622463,0.00000000,0.00000000,0.00000000,0.00000000,0.00000000,0.00000000,0.04318233,0.00000000,0.00000000,0.00000000,0.00000000,0.00000000,0.00000000,0.00000000,0.00140528,0.00000000,0.00000000,0.00000000,0.00000000,0.00000000,0.00212734,0.00000000,0.00000000,0.00000000,0.00877726,0.00000000,0.00000000,0.00000000,0.00486999,0.00000000,0.00000000,0.00000000,0.00000000,0.00000000,0.00000000,0.00000000,0.00000000,0.00000000,0.00000000,0.10807950,0.00000000,0.01223855,0.00000000,0.00000000,0.00000000,0.32100781,0.00562154,0.00000000,0.00000000,0.00000000,0.00000000,0.00000000,0.00000000,0.00000000,0.00000000,0.00699859,0.00000000,0.00000000,0.00000000,0.00000000,0.00330190,0.00000000,0.00000000,0.00000000,0.00000000,0.00000000,0.00000000,0.02370335,0.00000000,0.00000000,0.00000000,0.00000000,0.00000000,0.00000000,0.00000000,0.00000000,0.00000000,0.00000000,0.00000000,0.01228804,0.00000000,0.00000000,0.00000000,0.00000000,0.00000000,0.00000000,0.00000000,0.00000000,0.00000000,0.00000000,0.00000000,0.00000000,0.00000000,0.00000000,0.00000000,0.00000000,0.00000000,0.00000000,0.00000000,0.00000000,0.00000000,0.00000000,0.00000000,0.00000000,0.00000000,0.00000000,0.00000000,0.00000000,0.00000000,0.00000000,0.00000000,0.00000000,0.00000000,0.00000000,0.00000000,0.00000000,0.00000000,0.00881648,0.00000000,0.00000000,0.00000000,0.00000000,0.00000000,0.00000000,0.00000000,0.00000000,0.00000000,0.00000000,0.00000000,0.00000000,0.00677558,0.00000000,0.00000000,0.00000000,0.00799570,0.00000000,4.31506989,0.05352911,0.00000000,0.00000000,0.00000000,0.00000000,0.00000000,0.19100343,0.00000000,0.00000000,0.00000000,0.00000000,0.00000000,0.00000000,0.00000000,0.00000000,0.01958062,0.00000000,0.00000000,0.00000000,0.01045447,0.00000000,0.00000000,0.00000000,0.00000000,0.05041901,0.00000000,0.00000000,0.00000000,0.00000000,0.00000000,0.00000000,0.00000000,0.00000000,0.00000000,0.01416532,0.00000000,0.00000000,0.00000000,0.00000000,0.00328472,0.00000000,0.00000000,0.00000000,0.00000000,0.00000000,0.00000000,0.00000000,0.00000000,1.94670490,0.00000000,0.00000000,0.00000000,0.00000000,0.00000000,0.00000000,0.00000000,0.00000000,0.00000000,0.00000000,0.00000000,0.00000000,0.00613468,0.00000000,0.00000000,0.00000000,0.00000000,0.00000000,0.00000000,0.00000000,0.00000000,0.00493030,0.00000000,0.00000000,0.01203346,0.00000000,0.00000000,0.00000000,0.00000000,0.00000000,0.00000000,0.00000000,0.00000000,0.00000000,0.00000000,0.00000000,0.00000000,0.00000000,0.00000000,0.00000000,0.00000000,0.00000000,0.00000000,0.00848396,0.00000000,0.00000000,0.00000000,0.00000000,0.00000000,0.00000000,0.00000000,0.00000000,0.00000000,0.00000000,0.00000000,0.00000000,0.00076372,0.00000000,0.00000000,0.00599104,0.00081783,0.00000000,0.00000000,0.00000000,0.00000000,0.00000000,0.00000000,0.00000000,0.00000000,0.00000000,0.00000000,0.00290729,0.00000000,0.00000000,0.00000000,0.00000000,0.00000000,0.05062076,0.00000000,0.00000000,0.00000000,0.00000000,0.00000000,0.00000000,0.00000000,0.00000000,0.00000000,0.00000000,0.00000000,0.00000000,0.00000000,0.00191949,0.00000000,0.00000000,0.00000000,0.00000000,0.00000000,0.00000000,0.00000000,0.00000000,0.17693123,0.00000000,0.00000000,0.00000000,0.00000000,0.00000000,0.00000000,0.00320522,0.00000000,0.00000000,0.00000000,0.00000000,0.00096076,0.00255802,0.00000000,0.00191822,0.00566361,0.00000000,0.00000000,0.00000000,0.00000000,0.02314441,0.00000000,0.00000000,0.00000000,0.00000000,0.00000000,0.00393141,0.00000000,0.00000000,0.00000000,0.00000000,0.00000000,0.00000000,0.00000000,0.00000000,0.00000000,0.00000000,0.00000000,0.00000000,0.00000000,0.00000000,0.00912018,0.00000000,0.00000000,0.00000000,0.00000000,0.00000000,0.00000000,0.00000000,0.00000000,0.00000000,0.00000000,0.00000000,0.00000000,0.00000000,0.00000000,0.00000000,0.00000000,0.00000000,0.00000000,0.04807029,0.00000000,0.01615210,0.00000000,0.00000000,0.01165342,0.00000000,0.00054233,0.00000000,0.00000000,0.00000000,0.00000000,0.00000000,0.00000000,0.00000000,0.00000000,0.00000000,0.00000000,0.00000000,0.00000000,0.00000000,0.00000000,0.00000000,0.00000000,0.00000000,0.00000000,0.00000000,0.00000000,0.00000000,0.02969930,0.00000000,0.07146683,0.00000000,0.00000000,0.00000000,0.00000000,0.00000000,0.00000000,0.00000000,0.00000000,0.00704163,0.00000000,0.00000000,0.00000000,0.00000000,0.00000000,0.00000000,0.00000000,0.00000000
0.00000000,0.00000000,0.00431664,0.00000000,0.00000000,0.00000000,0.00000000,0.00294327,0.00093552,0.00000000,0.00000000,0.00150746,0.00000000,0.00719422,0.00000000,0.00000000,0.00109574,0.00000000,0.00138637,0.00000000,0.00000000,0.00000000,0.00000000,0.00000000,0.00000000,0.00000000,0.00000000,0.00000000,0.00000000,0.00000000,0.00000000,0.00278269,0.00000000,0.00000000,0.00000000,0.00000000,0.00000000,0.00000000,0.00000000,0.00000000,0.00000000,0.00000000,0.00000000,0.00000000,0.00000000,0.04628432,0.00000000,0.00000000,0.06386976,0.00000000,0.00000000,0.00218184,0.00000000,0.00000000,0.00000000,0.00000000,0.00000000,0.00000000,0.00000000,0.00000000,0.00000000,0.00000000,0.00000000,0.00000000,0.00000000,0.00000000,0.00000000,0.00000000,0.00000000,0.00000000,0.00000000,0.00000000,0.00000000,0.00000000,0.00000000,0.00999338,0.00000000,0.00000000,0.00000000,0.00000000,0.00000000,0.00000000,0.00000000,0.00000000,0.00000000,0.02596478,0.00000000,0.00000000,0.00559749,0.00817359,0.00000000,0.00000000,0.00000000,0.00491468,0.00000000,0.00000000,0.01641950,0.00525648,0.00000000,0.00000000,0.00000000,0.00000000,0.00000000,0.00000000,0.00000000,0.00000000,0.06007405,0.00000000,0.00000000,0.00000000,0.00000000,0.00000000,0.00000000,0.00000000,0.00000000,0.00000000,0.00719253,0.00000000,0.00000000,0.00000000,0.00000000,0.00000000,0.00000000,0.00000000,0.00000000,0.00000000,0.00000000,0.00000000,0.00000000,0.00000000,0.00000000,0.00000000,0.00000000,0.00000000,0.00000000,0.00000000,0.00000000,0.03957840,0.00000000,0.00000000,0.00000000,0.00000000,0.00000000,0.00000000,0.00000000,0.00000000,0.00000000,0.01710914,0.00000000,0.00000000,0.00000000,0.00000000,0.00633832,0.00000000,0.00000000,0.00000000,0.00566945,0.00147695,0.00000000,0.00000000,0.00000000,0.00000000,0.00000000,0.01017862,0.00000000,0.00000000,0.00000000,0.00000000,0.00000000,0.00000000,0.00000000,0.00000000,0.00000000,0.00557189,0.00000000,0.00000000,0.00000000,0.00000000,0.00000000,0.00000000,0.00000000,0.00000000,0.00000000,0.00000000,0.04149530,0.00000000,0.00000000,0.00000000,0.00337361,0.00080424,0.00000000,0.00000000,0.00000000,0.00000000,0.00000000,0.00000000,0.00000000,0.00000000,0.00000000,0.00000000,0.00000000,0.00000000,0.00000000,0.00000000,0.00000000,0.00000000,0.00000000,0.00000000,0.00000000,0.00000000,0.00000000,0.00000000,0.00000000,0.00000000,0.00000000,0.00636659,0.00000000,0.00000000,0.00000000,0.00000000,0.00000000,0.00000000,0.00000000,0.00000000,0.00000000,0.00000000,0.00000000,0.00000000,0.00000000,0.00000000,0.00000000,0.12634042,0.00000000,0.00000000,0.00000000,0.12022196,0.00867523,0.00000000,0.00000000,0.00000000,0.00000000,0.00000000,0.00000000,0.00065404,0.00000000,0.00000000,0.22081167,0.00000000,0.00000000,0.00000000,0.00000000,0.00000000,0.00258113,0.00000000,0.00884686,0.00000000,0.00000000,0.00639018,0.00000000,0.00000000,0.00000000,0.00000000,0.00000000,0.00000000,0.00000000,0.00000000,0.00000000,0.00000000,0.00000000,1.12408056,0.00000000,0.00000000,0.00000000,0.00000000,0.00000000,0.00000000,0.00000000,0.00000000,0.00000000,0.00903286,0.00000000,0.00000000,0.00000000,0.00000000,0.00000000,0.00000000,0.00000000,0.02023535,0.00000000,0.00000000,0.00000000,0.00000000,0.00000000,0.00000000,0.00000000,0.00000000,0.00528696,0.00363951,0.00000000,0.00000000,0.00000000,0.00000000,0.00000000,0.00000000,0.00000000,0.00000000,0.00000000,0.00000000,0.00930664,0.00000000,0.00000000,0.00000000,0.05147842,0.00000000,0.00000000,0.01234579,0.00290115,0.00000000,0.00000000,0.00000000,0.01779593,0.00000000,0.00000000,0.00000000,0.00000000,0.00000000,0.00000000,0.00000000,0.00000000,0.00000000,0.00000000,0.00000000,0.00000000,0.00000000,0.00000000,0.02864389,0.00000000,0.00000000,0.00000000,0.00000000,0.00000000,0.00000000,0.01284889,0.00000000,0.00000000,0.00000000,0.00000000,0.14137307,0.00000000,0.00000000,0.00000000,0.00000000,0.08348350,0.00000000,0.00000000,0.00000000,0.13270741,0.00000000,0.00000000,0.00000000,0.00000000,0.00000000,0.00000000,0.00000000,0.00000000,0.00000000,0.00000000,0.00000000,0.00000000,0.00000000,0.00000000,0.00000000,0.00000000,0.00000000,0.00364395,0.00000000,0.36890267,0.00381975,0.00000000,0.00000000,0.00000000,0.00000000,0.00000000,0.00000000,0.00000000,0.00000000,0.00000000,0.00000000,0.00000000,0.00000000,0.00000000,0.00000000,0.00000000,0.00000000,0.00000000,0.00000000,0.30515621,0.00000000,0.00000000,0.00000000,0.00000000,0.00677749,0.00000000,0.00000000,0.00000000,0.00125133,0.00000000,0.00000000,0.00000000,0.00000000,0.00000000,0.00000000,0.00000000,0.00000000,0.00000000,0.00000000,0.00000000,0.02315815,0.00000000,0.00000000,0.00000000,0.00000000,0.00000000,0.00000000,0.00000000,0.00000000,0.00000000,0.00000000,0.00000000,0.01074318,0.00717316,0.00000000,0.00000000,0.00000000,0.00000000,0.00000000,0.00000000,0.00000000,0.05280798,0.00000000,0.00000000,0.00000000,0.00000000,0.00000000,0.00000000,0.00000000,0.00000000,0.00000000,0.00000000,0.00000000,0.00000000,0.00000000,0.00000000,0.00000000,0.00000000,0.00000000,0.01426518,0.00000000,0.00000000,0.00000000,0.00590192,0.00000000,0.00000000,0.00000000,0.00000000,0.00000000,0.00000000,0.00000000,0.00000000,0.00000000,0.09160419,0.00000000,0.00000000,0.00000000,0.00000000,0.00000000,0.00000000,0.00000000,0.00000000,0.01405448,0.08269407,0.00000000,0.00000000,0.00000000,0.00000000,0.00000000,0.00000000,0.00000000,0.00000000,0.00000000,0.00000000,0.00000000,0.00000000,0.00000000,0.00000000,0.00000000,0.00000000,0.02670211,0.06592461,0.00000000,0.00000000,0.00000000,0.00000000,0.00805045,0.00000000,0.00000000,0.00000000,0.00000000,0.00000000,0.00000000,0.00000000,0.00000000,0.00000000,0.00000000,0.00000000,0.00000000,0.00000000,0.00000000,0.00000000,0.00000000,0.00435017,0.00000000,0.00000000,0.00000000,0.00000000,0.00000000,0.00000000,0.00486903,0.00000000,0.00000000,0.00000000,0.00000000,0.00000000,0.00000000,0.00000000,0.00000000,0.00000000,0.00000000,0.00000000,0.00450098,0.00000000,0.00631368,0.00000000,0.00000000,0.00000000,0.00237429,0.00000000,0.00000000,0.00000000,0.00000000,0.00000000,0.00000000,0.00000000,0.00000000,0.00000000,0.00000000,0.62993169,0.00000000,0.00000000,0.00000000,0.00379048,0.00000000,0.00000000,0.00000000,0.00000000,0.00000000,0.00000000,0.00082929,0.00000000,0.00000000,0.00000000,0.00650541,0.00000000,0.00000000,0.00000000,0.00000000,0.00000000,0.01483259,0.00000000,0.00000000,0.00000000,0.00000000,0.00000000,0.00000000,0.00000000,0.00747612,0.00000000,0.00000000,0.00000000,0.00000000,0.00000000,0.04606715,0.00000000,0.00000000,0.00000000,0.00000000,0.00000000,0.00551512,0.00361450,0.00000000,0.00000000,0.00000000,0.00000000,0.01730875,0.00000000,0.00000000,0.00087221,0.00000000,0.00000000,0.00000000,0.00000000,0.00000000,0.00000000,0.00000000,0.00069013,0.00000000,0.00000000,0.00000000,0.00000000,0.00000000,0.02602613,0.00000000,0.00000000,0.00000000,0.00000000,0.00000000,0.00000000,0.00000000,0.00000000,0.00000000,0.01379490,0.00000000,0.00000000,0.00000000,0.00000000,0.00598544,0.00000000,0.00000000,0.00375098,0.00000000,0.00000000,0.00000000,0.00000000,0.00498845,0.00000000,0.00000000,0.05566211,0.00000000,0.00000000,0.00000000,0.00000000,0.00000000,0.00000000,0.00000000,0.00000000,0.00000000,0.00000000,0.00000000,0.00000000,0.00000000,0.00000000,0.00000000,0.00000000,0.00000000,0.00000000,0.00000000,0.00000000,0.00000000,0.00000000,0.00000000,0.00000000,0.00000000,0.00000000,0.00000000,0.00000000,0.00000000,0.00000000,0.00000000,0.00000000,0.01848274,0.00000000,0.00000000,0.00054787,0.00141395,0.00000000,0.00000000,0.00000000,0.00000000,0.00000000,0.00000000,0.00000000,0.00000000,0.00000000,0.00000000,0.00000000,0.00000000,0.00000000,0.00000000,0.06145173,0.00000000,0.21018461,0.00000000,0.00000000,0.00000000,0.00000000,0.00000000,0.00000000,0.00000000,0.00118090,0.02190437,0.00000000,0.00000000,0.00000000,0.00000000,0.00000000,0.00000000,0.00795290,0.00000000,0.00000000,0.00000000,0.13851709,0.00000000,0.00000000,0.00000000,0.00000000,0.00000000,0.00000000,0.00000000,0.00000000,0.00000000,0.00000000,0.00000000,0.00488235,0.02176861,0.00000000,0.00000000,0.00000000,0.00000000,0.00000000,0.00000000,0.00000000,0.00000000,0.00000000,0.00000000,0.00000000,0.00000000,0.00000000,0.00000000,0.00000000,0.00000000,0.00000000,0.05119388,0.00000000,0.00000000,0.00000000,0.00000000,0.00000000,0.00000000,0.00000000,0.06083989,0.00000000,0.00147299,0.00000000,0.00000000,0.00000000,0.00000000,0.00000000,0.00000000,0.00374215,0.00000000,0.00000000,0.00000000,0.00000000,0.00000000,0.00000000,0.00000000,0.00000000,0.00000000,0.00000000,0.00000000,0.00000000,0.00000000,0.00000000,0.00000000,0.00000000,0.00000000,0.00000000,0.00000000,0.00000000,0.00000000,0.00000000,0.04764823,0.04625698,0.00000000,0.00000000,0.00000000,0.00348270,0.00000000,0.00467699,0.00000000
0.00000000,0.00000000,0.00000000,0.00000000,0.00000000,0.00000000,0.00153304,0.00000000,0.00000000,0.00000000,0.00000000,0.00000000,0.00000000,0.64340655,0.00000000,0.00000000,0.00000000,0.00000000,0.09487133,0.00000000,0.00115448,0.00000000,0.00000000,0.00000000,0.01113377,0.00000000,0.00000000,0.00000000,0.00000000,0.00000000,0.00000000,0.00000000,0.02944083,0.00000000,0.00000000,0.00000000,0.00000000,1.42225836,0.00000000,0.00000000,0.00000000,0.00000000,0.00216678,0.00000000,0.00098460,0.00000000,0.24210396,0.00000000,0.00000000,0.00000000,0.00000000,0.00000000,1.01019480,0.00000000,0.00677731,0.00000000,0.00000000,0.00000000,0.00000000,0.02306611,0.00000000,0.00000000,0.00000000,0.00888324,0.00000000,0.00604724,0.00000000,0.00000000,0.00000000,0.00000000,0.01916859,0.00000000,0.00000000,0.00000000,0.00000000,0.00000000,0.00000000,0.00000000,0.00000000,0.00000000,0.00058621,0.00000000,0.00000000,0.00000000,0.00000000,0.00000000,0.00000000,0.00000000,0.00053676,0.00000000,0.00000000,0.00000000,0.00000000,0.02375259,0.00000000,0.00000000,0.00000000,0.00000000,0.00000000,0.00101385,0.00000000,0.00000000,0.00000000,0.00000000,0.00000000,0.00000000,0.00129884,0.00000000,0.00000000,0.00000000,0.00000000,0.00000000,0.00000000,0.18216547,0.00000000,0.00000000,0.07321216,0.00000000,0.00000000,0.00000000,0.00000000,0.00000000,0.00000000,0.00000000,0.00000000,0.00000000,0.00000000,0.00000000,0.00000000,0.00000000,0.00000000,0.00000000,0.00000000,1.81549903,0.00000000,0.00000000,0.00000000,0.00000000,0.00000000,0.00000000,0.00000000,0.00897018,0.00000000,0.00000000,0.46118411,0.00000000,0.00000000,0.00000000,0.00000000,0.00000000,0.00000000,0.00000000,0.00000000,0.00000000,0.00000000,0.00000000,0.00000000,0.00000000,0.00000000,0.00000000,0.00198616,0.00000000,0.00000000,0.00000000,0.00000000,0.01508893,0.00000000,0.05333874,0.00000000,0.00000000,0.00000000,0.00000000,0.00000000,0.00000000,0.00000000,0.00000000,0.00000000,0.00000000,0.00000000,0.00000000,0.00000000,0.00000000,0.00000000,0.00000000,0.00000000,0.00000000,0.00000000,0.00000000,0.00132465,0.01398508,0.00000000,0.00000000,0.00000000,0.00000000,0.00000000,0.00000000,0.00000000,0.00000000,0.00000000,0.00345378,0.00000000,0.00000000,0.00000000,0.00000000,0.00000000,0.00000000,0.00000000,0.00000000,0.00000000,0.00000000,0.00000000,0.00000000,0.00000000,0.00000000,0.00000000,0.00000000,0.00000000,0.00394748,0.00000000,0.00582881,0.00211590,0.00000000,0.00000000,0.01730837,0.00000000,0.00000000,0.00000000,0.00000000,0.00000000,0.00271811,0.00000000,0.00000000,0.00000000,0.00000000,0.00000000,0.01551792,0.01283325,0.00000000,0.00000000,0.01721759,0.00000000,0.00000000,0.00000000,0.00000000,0.00000000,0.00000000,0.00000000,0.00000000,0.00200150,0.00000000,0.04782466,0.00000000,0.00000000,0.00000000,0.00000000,0.00000000,0.00000000,0.00000000,0.00000000,0.00000000,0.00561849,0.00000000,0.00000000,0.00259589,0.00000000,0.00000000,0.00000000,0.00000000,0.00000000,0.00000000,0.00000000,0.01368965,0.00000000,0.00000000,0.00000000,0.00000000,0.00287370,0.00000000,0.00612747,0.00000000,0.00000000,0.00000000,0.00000000,0.00000000,0.00000000,0.00000000,0.05664299,0.00000000,0.00000000,0.00000000,0.00000000,0.00000000,0.00000000,0.00499479,0.00000000,0.00000000,0.00436688,0.00000000,0.01433372,0.00000000,0.00000000,0.00000000,0.00000000,0.51308773,0.00000000,0.00122001,0.00000000,0.00000000,0.00000000,0.00000000,0.00000000,0.00000000,0.00087096,0.00000000,0.00000000,0.00000000,0.00000000,0.00000000,0.00000000,0.00000000,0.00000000,0.00000000,0.00000000,0.01071001,0.00000000,0.00000000,0.00000000,0.00000000,0.00000000,0.00000000,0.00000000,0.00000000,0.00000000,0.00000000,0.00000000,0.00000000,0.00000000,0.00000000,0.00000000,0.00000000,0.00000000,0.00000000,0.00000000,0.00000000,0.00000000,0.00000000,0.00000000,0.00000000,0.00000000,0.00573637,0.00928427,0.00000000,0.00000000,0.00367338,0.02402480,0.00000000,0.00000000,0.00000000,0.00340318,0.00000000,0.00000000,0.00000000,0.00000000,0.00000000,0.00000000,0.00000000,0.00000000,0.00156952,0.00000000,0.00000000,0.00000000,0.00000000,0.00000000,0.00000000,0.00000000,0.01104906,0.00289505,0.00000000,0.00000000,0.00000000,0.00000000,0.00000000,0.00000000,0.00000000,0.00000000,0.00000000,0.31028252,0.00000000,0.00000000,0.00000000,0.00000000,0.00000000,0.00000000,0.00000000,0.00000000,0.00000000,0.00000000,0.00000000,0.00000000,0.01056874,0.00000000,0.00000000,0.00000000,0.00000000,0.00000000,0.00000000,0.00000000,0.00000000,0.00000000,0.01286233,0.00000000,0.00000000,0.00000000,0.00000000,0.00000000,0.00000000,0.00000000,0.00000000,0.00000000,0.00456931,0.00000000,0.00000000,0.00000000,0.00000000,0.00000000,0.00000000,0.00000000,0.00000000,0.00000000,0.00000000,0.00000000,0.00359077,0.00000000,0.00000000,0.00000000,0.00000000,0.00000000,0.00000000,0.00000000,0.00000000,0.00000000,0.00000000,0.00000000,0.00000000,0.00000000,0.00383002,0.28478021,0.00000000,0.00000000,0.00000000,0.00000000,0.00000000,0.00000000,0.00000000,1.62696417,0.00000000,0.01101349,0.00000000,0.00000000,0.00000000,0.00000000,0.00000000,0.00000000,0.00000000,0.00000000,0.00000000,0.00000000,0.00000000,0.00000000,0.00000000,0.00000000,0.00000000,0.00000000,0.00000000,0.00000000,0.00000000,0.00000000,0.00000000,0.00000000,0.00000000,0.00000000,0.00000000,0.00000000,0.00000000,0.00000000,0.00000000,0.00000000,0.00383828,0.00000000,0.00000000,0.00696906,0.00000000,0.00000000,0.00000000,0.02868672,0.00000000,0.00000000,0.00000000,0.00000000,0.00000000,0.00864015,0.00000000,0.00000000,0.00000000,0.00000000,0.00000000,0.00000000,0.00000000,0.00000000,0.00000000,0.03215240,0.00000000,0.00000000,0.00000000,0.00487828,0.00000000,0.00000000,0.01582072,0.00000000,0.00000000,0.00000000,0.00000000,0.00000000,0.00000000,0.00000000,0.02111908,0.00000000,0.00000000,0.00000000,0.00000000,0.00000000,0.00000000,0.00000000,0.00000000,0.00000000,0.00000000,0.01443216,0.00000000,0.00000000,0.00000000,0.01414211,0.00000000,0.00000000,0.00000000,0.00000000,0.00174666,0.00000000,0.00000000,0.00000000,0.00000000,0.00639125,0.00000000,0.00000000,0.00000000,0.00000000,0.00000000,0.00000000,0.00000000,0.00000000,0.00000000,0.00000000,0.00000000,0.00429483,0.00000000,0.00336517,0.00000000,0.00000000,0.00000000,0.00000000,0.00490884,0.00000000,0.00000000,0.00609926,0.00000000,0.00000000,0.00000000,0.00000000,0.00000000,0.00000000,0.00000000,0.00000000,0.00000000,0.00000000,0.00000000,0.00000000,0.00000000,0.00000000,0.00000000,0.00000000,0.00000000,0.00000000,0.00000000,0.00000000,0.00000000,0.03819577,0.00000000,0.00000000,0.00000000,0.00000000,0.00000000,0.00000000,0.00000000,0.00000000,0.00000000,0.00000000,0.00000000,0.00000000,0.00000000,0.01464049,0.00000000,0.00000000,0.00000000,0.00000000,0.00000000,0.00000000,0.00000000,0.00000000,0.00000000,0.00000000,0.00000000,0.00000000,0.00759010,0.02986710,0.00000000,0.00000000,0.00212617,0.00000000,1.66169838,0.00000000,0.00000000,0.00000000,0.00000000,0.00000000,0.00000000,0.00000000,0.61418071,0.00000000,0.00000000,0.00000000,0.00000000,0.00684011,0.00000000,0.00000000,0.00000000,0.00000000,0.00000000,0.00000000,0.00000000,0.00509128,0.00000000,0.00000000,0.00000000,0.00000000,0.00000000,0.00000000,0.00000000,0.00000000,0.00000000,0.00000000,0.00000000,0.00000000,0.00000000,0.00000000,0.00000000,0.00000000,0.00000000,0.00000000,0.00000000,0.00000000,0.00819497,0.00000000,0.00000000,0.00000000,0.00000000,0.00000000,0.00000000,0.00000000,0.00000000,0.00000000,0.00000000,0.00000000,0.00000000,0.00000000,0.00000000,0.00000000,0.00000000,0.00000000,0.00000000,0.00000000,0.00000000,0.00000000,0.00000000,0.00000000,0.00000000,0.00000000,0.00000000,0.00000000,0.00000000,0.00000000,0.00000000,0.00000000,0.00000000,0.00000000,0.00874730,0.00000000,0.00482665,0.00000000,0.00000000,0.00000000,0.00000000,0.00000000,0.00000000,0.00000000,0.00371811,0.00000000,0.00000000,0.00000000,0.00000000,0.00000000,0.00000000,0.00000000,0.00000000,0.00000000,0.00000000,0.00000000,0.00000000,0.00000000,0.00236501,0.02335185,0.00000000,0.00000000,0.00000000,0.00000000,0.00000000,0.00000000,0.00000000,0.03670987,0.00000000,0.00000000,0.00000000,0.00000000,0.00000000,0.00000000,0.00000000,0.00000000,0.00000000,0.00000000,0.00089075,0.00000000,0.00000000,0.00000000,0.00000000,0.00000000,0.00000000,0.00000000,0.00000000,0.00000000,0.00000000,0.00000000,0.00000000,0.00000000,0.00000000,0.00000000,0.00000000,0.00000000,0.00000000,0.00000000,0.00374215,0.00000000,0.02699893,0.00000000,0.00000000,0.00000000,0.00000000,0.00000000,0.00000000,0.00000000,0.00000000,0.00000000,0.00000000,0.04978333,0.00000000,0.00000000,0.00917570,0.04273007,0.00487344,0.00000000,0.00000000,0.00000000,0.00000000,1.38384458,0.00000000,0.00000000,0.00000000,0.00000000,0.00000000,0.00076159,0.00000000,0.00488285,0.00000000
0.00000000,0.00000000,0.00000000,0.00000000,0.00000000,0.00000000,0.00000000,0.00000000,0.00000000,0.00000000,0.00000000,0.00000000,0.00000000,0.00000000,0.00000000,0.00000000,0.00000000,0.00000000,0.00000000,0.00000000,0.00238770,0.00000000,0.00000000,0.00000000,0.00000000,0.00000000,0.00000000,0.00339203,0.00000000,0.00000000,0.00000000,0.00000000,0.00000000,0.00349165,0.00000000,0.00000000,0.00000000,0.00000000,0.00000000,0.00000000,0.01497411,0.00000000,0.00000000,0.00000000,0.00000000,0.00000000,0.00000000,0.00000000,0.00000000,0.00000000,0.00000000,0.00000000,0.00000000,0.00000000,0.00000000,0.00000000,0.00000000,0.00000000,0.00000000,0.00000000,0.00000000,0.00000000,0.00000000,0.00000000,0.00000000,0.00000000,0.00000000,0.00000000,0.00000000,0.00000000,0.00000000,0.00000000,0.00000000,0.00000000,0.00000000,0.00000000,0.00000000,0.00135219,0.00000000,0.00000000,0.00000000,0.00000000,0.00000000,0.00000000,0.00000000,0.00000000,0.00000000,0.00000000,0.00000000,0.00000000,0.00000000,0.00000000,0.00000000,0.00000000,0.00523851,0.00000000,0.00000000,0.00000000,0.00000000,0.00000000,0.00000000,0.00000000,0.00000000,0.00000000,0.00000000,0.00000000,0.00000000,0.00000000,0.00000000,0.01031990,0.00000000,0.00000000,0.00000000,0.00000000,0.00000000,0.00000000,0.00000000,0.00000000,0.00000000,0.00000000,0.00000000,0.00000000,0.00000000,0.00121203,0.00000000,0.04215422,0.00274639,0.00000000,0.00000000,0.00000000,0.00000000,0.00836006,0.00000000,0.00000000,0.00000000,0.00000000,0.00084920,0.00000000,0.01169486,0.00000000,0.00975721,0.00000000,0.00000000,0.00000000,0.00000000,0.00000000,0.00103899,0.00000000,0.00000000,0.00000000,0.00000000,0.00000000,0.01188208,0.00000000,0.00000000,0.00000000,0.00000000,0.00000000,0.00000000,0.00818419,0.00000000,0.00000000,0.00000000,0.00335423,0.00000000,0.04935819,0.00489682,0.00930015,0.00000000,0.00000000,0.00000000,0.00000000,0.00000000,0.00000000,0.00000000,0.00000000,0.00000000,0.00000000,0.00822058,0.00000000,0.00000000,0.02371415,0.00000000,0.00000000,0.01453221,0.00000000,0.00000000,0.00000000,0.00000000,0.00000000,0.00000000,0.00000000,0.00000000,0.00000000,0.00000000,0.00000000,0.70987376,0.00000000,0.00000000,0.00000000,0.00000000,0.00000000,0.00000000,0.00000000,0.00000000,0.00000000,0.00000000,0.00000000,0.00754195,0.00000000,0.00000000,0.00000000,0.00000000,0.00000000,0.00000000,0.00000000,0.00000000,0.00000000,0.00000000,0.00000000,0.00000000,0.00000000,0.00000000,0.00272946,0.04080963,0.00000000,0.00000000,0.00000000,0.00631411,3.13227629,0.00190323,0.00000000,0.00000000,0.00000000,0.00331174,0.00000000,0.00000000,0.00000000,0.00000000,0.00000000,0.00137506,0.00000000,0.00000000,0.00527312,0.00000000,0.00000000,0.00000000,0.00000000,0.00000000,0.00000000,0.00000000,0.00000000,0.00000000,0.00918124,0.00000000,0.00000000,0.00000000,0.00000000,0.00000000,0.00000000,0.00000000,0.00000000,0.00000000,0.00000000,0.00000000,0.00000000,0.00000000,0.00000000,0.00000000,0.00000000,0.00000000,0.00000000,0.00000000,0.00000000,0.00184569,0.00000000,0.02271969,0.00000000,0.02452487,0.00000000,0.00000000,0.00000000,0.00000000,0.00000000,0.00000000,0.00000000,0.00000000,0.02518882,0.00000000,0.00000000,0.00000000,0.00000000,0.00000000,0.00000000,0.04142689,0.01521749,0.00000000,0.00000000,0.00000000,0.00000000,0.00000000,0.00000000,0.00000000,0.00000000,0.00112938,0.00000000,0.00000000,0.00000000,0.00000000,0.00000000,0.00000000,0.00674222,0.00000000,0.00000000,0.00000000,0.00000000,0.00000000,0.00627912,0.00000000,0.00000000,0.00000000,0.00000000,0.00000000,0.00000000,0.00000000,0.03482654,0.00000000,0.00000000,0.00000000,0.00000000,0.00000000,0.00000000,0.00000000,0.00000000,0.00000000,0.00000000,0.00000000,0.00260507,0.00000000,0.00000000,0.00000000,0.00000000,0.00000000,0.00091424,0.00000000,0.00000000,0.00000000,0.00000000,0.00000000,0.00000000,0.31523758,0.00000000,0.00000000,0.00000000,0.00210308,0.00000000,0.00000000,0.00948512,0.00000000,0.00000000,0.00925487,0.00000000,0.00000000,0.00000000,0.08026055,0.22507583,0.00401157,0.00000000,0.00000000,0.00000000,0.00000000,0.05110368,0.00000000,0.00000000,0.00000000,0.00000000,0.00000000,0.00000000,0.00000000,0.00000000,0.00000000,0.00000000,0.00000000,0.00000000,0.00000000,0.00000000,0.00000000,0.00000000,0.00902480,0.00000000,0.00000000,0.00000000,0.00000000,0.00000000,0.00000000,0.00000000,0.00000000,0.00000000,0.00000000,0.00000000,0.00000000,0.00000000,0.00000000,0.00000000,0.00000000,0.00000000,0.00761148,0.00000000,0.00000000,0.00000000,0.00000000,0.00000000,0.00000000,0.00590592,0.00000000,0.00000000,0.00000000,0.00000000,0.00000000,0.00000000,0.00000000,0.02342138,0.00000000,0.00000000,0.00000000,0.00000000,0.00000000,0.00000000,0.00000000,0.00000000,0.00000000,0.00000000,0.00000000,0.00000000,0.00000000,0.00000000,0.00000000,0.00000000,0.00000000,0.00000000,0.00000000,0.00000000,0.00000000,0.00000000,0.01418627,0.00000000,0.00000000,0.00085198,0.00000000,0.00000000,0.00191485,0.00000000,0.00000000,0.00000000,0.00000000,0.00000000,0.00000000,0.00000000,0.00000000,0.00000000,0.00284064,0.00000000,0.00000000,0.00000000,0.00000000,0.00354274,0.00000000,0.00000000,0.00000000,0.02100993,0.03295291,0.00000000,0.00301823,0.00000000,0.00000000,0.00000000,0.00144041,0.00435347,0.00000000,0.00000000,0.00000000,0.00000000,0.01069431,0.00000000,0.00000000,0.00000000,0.00000000,0.00000000,0.00000000,0.00000000,0.00000000,0.00000000,0.00000000,0.00000000,0.00000000,0.00000000,0.00000000,0.00000000,0.00000000,0.83709010,0.00000000,0.00000000,0.00000000,0.00000000,0.00000000,0.00000000,0.00000000,0.00000000,0.00000000,0.00000000,0.00000000,0.00000000,0.00000000,0.01987756,0.00000000,0.00000000,0.83433977,0.00000000,0.00000000,0.00000000,0.00000000,0.00000000,0.00000000,0.00406881,0.00000000,0.00000000,0.00000000,0.00000000,0.00000000,0.00000000,0.00000000,0.00000000,0.00000000,0.00000000,0.00107876,0.00000000,0.00000000,0.00000000,0.00000000,0.00000000,0.00000000,0.00916699,0.00000000,0.00000000,0.00000000,0.00000000,0.00000000,0.02474435,0.00000000,0.00000000,0.00000000,0.00336040,0.00000000,0.00000000,0.00000000,0.00000000,0.00000000,0.00000000,0.00000000,0.00000000,0.00000000,0.00000000,0.00000000,0.00000000,0.00000000,0.00000000,0.00872228,0.00000000,0.00000000,0.00000000,0.00000000,0.00000000,0.00000000,0.00000000,0.00000000,0.00000000,0.00000000,0.00000000,0.00000000,0.00000000,0.00000000,0.00000000,0.00000000,0.00000000,0.00000000,0.00000000,0.00000000,0.00000000,0.00000000,0.00000000,0.00000000,0.00000000,0.00000000,0.00000000,0.00000000,0.00000000,0.00000000,0.00000000,0.01575010,0.00000000,0.00000000,0.00000000,0.00000000,0.09271092,0.00000000,0.00000000,0.00108148,0.00000000,0.00000000,0.00000000,0.25522065,0.00000000,0.01109052,0.00000000,0.00000000,0.03916637,0.00000000,0.00794837,0.00000000,0.00000000,0.00000000,0.00000000,0.00000000,0.00000000,0.00000000,0.06171847,0.00000000,0.00000000,0.00000000,0.00000000,0.00000000,0.00000000,0.00000000,0.00000000,0.00000000,0.04472114,0.00000000,0.00000000,0.00000000,0.00000000,0.00000000,0.00000000,0.00000000,0.00000000,0.00000000,0.00000000,0.00000000,0.00000000,0.00128428,0.00000000,0.00000000,0.00000000,0.00000000,0.00000000,0.00000000,0.00288861,0.00000000,0.00000000,0.00000000,0.00000000,0.00000000,0.00000000,0.00000000,0.00000000,0.00000000,0.00000000,0.00000000,0.00000000,0.00000000,0.04733849,0.00000000,0.00000000,0.00000000,0.00000000,0.00000000,0.17788639,0.00381503,0.00000000,0.00000000,0.00000000,0.00000000,0.00000000,0.00000000,0.00000000,0.00000000,0.00000000,0.00000000,0.00075480,0.00603735,0.00000000,0.00102493,0.00000000,0.01247343,0.00000000,0.01816899,0.00000000,0.00000000,0.00000000,0.00000000,0.00000000,0.00000000,0.41545204,0.00000000,0.00000000,0.01988163,0.03444616,0.00000000,0.00000000,0.00000000,0.00000000,0.00000000,0.00000000,0.00000000,0.00000000,0.00000000,0.00000000,0.00000000,0.00000000,0.00000000,0.00000000,0.04875566,0.00000000,0.00306357,0.00000000,0.00000000,0.00000000,0.00000000,0.00000000,0.00000000,0.00000000,0.00000000,0.00000000,0.02230753,0.00000000,0.01812014,0.00000000,0.00000000,0.00000000,0.00000000,0.00000000,0.00000000,0.00000000,0.00000000,0.00102390,0.00000000,0.07964287,0.00000000,0.00000000,0.00000000,0.00000000,0.00000000,0.00515449,0.00000000,0.00000000,0.00000000,0.00000000,0.00000000,0.00000000,0.00000000,0.00000000,0.00000000,0.00000000,0.00000000,0.00000000,0.00000000,0.00000000,0.00000000,0.00000000,0.02699893,0.00000000,0.00281095,0.00266956,0.00150271,0.00590556,0.00000000,0.00000000,0.00000000,0.00000000,0.00000000,0.00000000,0.00000000,0.00000000,0.00000000,0.00000000,0.00000000,0.00000000,0.00000000,0.00258010,0.00000000,0.00000000,0.00000000,0.00000000,0.00000000,0.00000000,0.00000000,0.00000000,0.00000000,0.00000000,0.00000000,0.00000000
0.00000000,0.00000000,0.00000000,0.01653899,0.00000000,0.08064585,0.00000000,0.00000000,0.00000000,0.00000000,0.00000000,0.00000000,0.00000000,0.00000000,0.00000000,0.00000000,0.00000000,0.00000000,0.00000000,0.00000000,0.00000000,0.00000000,0.00000000,0.00000000,0.00000000,0.00000000,0.13413652,0.00000000,0.00000000,0.00000000,0.00000000,0.00000000,0.00000000,0.00000000,0.00000000,0.00281546,0.00000000,0.00000000,0.00000000,0.00000000,0.00000000,0.00286491,0.00000000,0.00242419,0.00000000,0.00000000,0.00000000,0.00000000,0.00000000,0.00000000,0.00000000,0.00000000,0.00331386,0.03473979,0.00000000,0.00000000,0.00000000,0.00542000,0.24076861,0.00000000,0.01046594,0.00138134,0.00000000,0.06922874,0.00000000,0.00000000,0.00000000,0.00000000,0.07891442,0.00000000,0.00000000,0.00226708,0.00000000,0.01389423,0.00000000,0.00000000,0.00000000,0.00000000,0.00949998,0.00000000,0.00000000,0.00000000,0.00000000,0.00000000,0.00000000,0.00071236,0.00000000,0.01291579,0.00000000,0.00000000,0.00000000,0.00167039,0.00000000,0.00000000,0.00000000,0.01090983,0.00000000,0.00000000,0.00000000,0.00000000,0.04598421,0.00000000,0.00000000,0.00000000,0.00000000,0.00219063,0.00000000,0.00000000,0.00000000,0.09825851,0.00000000,0.00000000,0.00000000,0.00000000,0.00000000,0.00000000,0.00000000,0.00558354,0.00000000,0.00000000,0.00000000,0.00000000,0.00000000,0.00000000,0.40868188,0.05678494,0.00000000,0.00000000,0.00000000,0.00000000,0.00000000,0.01365645,0.03440320,0.00000000,0.00000000,0.00602666,0.00000000,0.00000000,0.00000000,0.00000000,0.00000000,0.00000000,0.34287081,0.00000000,0.00000000,0.00000000,0.00000000,0.00000000,0.00000000,0.00000000,0.00000000,0.00000000,0.00000000,0.00000000,0.00937026,0.00000000,0.00000000,0.00000000,0.00000000,0.00000000,0.00103138,0.00000000,0.00000000,0.00000000,0.00329816,0.00000000,0.00000000,0.00000000,0.00000000,0.00000000,0.00000000,0.00000000,0.00000000,0.00000000,0.00000000,0.00000000,0.00461801,0.00000000,0.00000000,0.04249120,0.00120411,0.00000000,0.00470733,0.00000000,0.00000000,0.00000000,0.00000000,0.00000000,0.00000000,0.00000000,0.00000000,0.00525287,0.00000000,0.00000000,0.00000000,0.00725888,0.00000000,0.00000000,0.00000000,0.00000000,0.00000000,0.00000000,0.00000000,0.00000000,0.00000000,0.00000000,0.00000000,0.00000000,0.00000000,0.00000000,0.00000000,0.00000000,0.00000000,0.00000000,0.00000000,0.00000000,0.00000000,0.00000000,0.00000000,0.00000000,0.02607296,0.00000000,0.00000000,0.00112182,0.00000000,0.00000000,0.00000000,0.00000000,0.00000000,0.06795569,0.00000000,0.00000000,0.00000000,0.00000000,0.00000000,0.00000000,0.00000000,0.00000000,0.00000000,0.00000000,0.00000000,0.00218051,0.00196790,0.00000000,0.00000000,0.02960248,0.00000000,0.00000000,0.00000000,0.00000000,0.00000000,0.00000000,0.00070697,0.00000000,0.00000000,0.00793035,0.00000000,0.00000000,0.00000000,0.00212027,0.00000000,0.00000000,0.00000000,0.00000000,0.00000000,0.00000000,0.00000000,0.00000000,0.00000000,0.00000000,0.00000000,0.00000000,0.00000000,0.00000000,0.00000000,0.00000000,0.00000000,0.00000000,0.00000000,0.00000000,0.00000000,0.00000000,0.00000000,0.00000000,0.00000000,0.00000000,0.00000000,0.01120416,0.00000000,0.00000000,0.00000000,0.00000000,0.00000000,0.00000000,0.00000000,0.00000000,0.00000000,0.00000000,0.00000000,0.00000000,0.00000000,0.00000000,0.00000000,0.00000000,0.00000000,0.00000000,0.00000000,0.00000000,0.00000000,0.00330176,0.00000000,0.00000000,0.00000000,0.00000000,0.00316626,0.00000000,0.00000000,0.00000000,0.00000000,0.00000000,0.00000000,0.00000000,0.00000000,0.00000000,0.00000000,0.00000000,0.00000000,0.00000000,0.00000000,0.00000000,0.00000000,0.00000000,0.00000000,0.00000000,0.00000000,0.00000000,0.00000000,0.00000000,0.00000000,0.00000000,0.00000000,0.00000000,0.00000000,0.00000000,0.00000000,0.00000000,0.00000000,0.00000000,0.00000000,0.00000000,0.00000000,0.00000000,0.00000000,0.00000000,0.00000000,0.00000000,0.00000000,0.00000000,0.00266608,0.00000000,0.00591262,0.00000000,0.00136723,0.00200403,0.00000000,0.00000000,0.00409280,0.00000000,0.00000000,0.00000000,0.00000000,0.00000000,0.00779944,0.00000000,0.00657269,0.00000000,0.00000000,0.00000000,0.00000000,0.00000000,0.00459724,0.00089167,0.00000000,0.00000000,0.00000000,0.00000000,0.00000000,0.00000000,0.00000000,0.00000000,0.00000000,0.00176144,0.00000000,0.00000000,0.00000000,0.01869492,0.00000000,0.00000000,0.00077397,0.00000000,0.00000000,0.00000000,0.00000000,0.00000000,0.00000000,0.00000000,0.00000000,0.00000000,0.03703333,0.00000000,0.00000000,0.00000000,0.00000000,0.00000000,0.00000000,0.00000000,0.00000000,0.00153181,0.00000000,0.00000000,0.00000000,0.00000000,0.00000000,0.00000000,0.00000000,0.00524213,0.00000000,0.00000000,0.00935421,0.00000000,0.00000000,0.00000000,0.00000000,0.00000000,0.00000000,0.00000000,0.01667856,0.00000000,0.00000000,0.00000000,0.00000000,0.00138167,0.00000000,0.00000000,0.00000000,0.00959840,0.00000000,0.00000000,0.00000000,0.00000000,0.00000000,0.00000000,0.00000000,0.00000000,0.00000000,0.00000000,0.00000000,0.00000000,0.00000000,0.00000000,0.00000000,0.00000000,0.02685171,0.00000000,0.00000000,0.00000000,0.00793397,0.00000000,0.00000000,0.00077815,0.05353766,1.06592212,0.00336753,0.00000000,0.00000000,0.00000000,0.00000000,0.00000000,0.00000000,0.00000000,0.00000000,0.00000000,0.00000000,0.00000000,0.00000000,0.00000000,0.00000000,0.00000000,0.00000000,0.00000000,0.00000000,0.00000000,0.00000000,0.00000000,0.00000000,0.00000000,0.00000000,0.00000000,0.00180603,0.00000000,0.00000000,0.00000000,0.03346694,0.00000000,0.00000000,0.00000000,0.00000000,0.00000000,0.00641818,0.00000000,0.00000000,0.00000000,0.00000000,0.00000000,0.00000000,0.18541847,0.00000000,0.00000000,0.00000000,0.00000000,0.00000000,0.00000000,0.00000000,0.00000000,0.00000000,0.00000000,0.00000000,0.00000000,0.00000000,0.00000000,0.00000000,0.01484265,0.00000000,0.00000000,0.00000000,0.00000000,0.00066676,0.00000000,0.01049430,0.00000000,0.00000000,0.00000000,0.00000000,0.00000000,0.00000000,0.00000000,0.00000000,0.00000000,0.00000000,0.00000000,0.00000000,0.00000000,0.03537157,0.00000000,0.00000000,0.00000000,0.00000000,0.00000000,0.00000000,0.00000000,0.00000000,0.00000000,0.00000000,0.00000000,0.00000000,0.00000000,0.00000000,0.00000000,0.00000000,0.00000000,0.00000000,0.00000000,0.00190888,0.00000000,0.00000000,0.00000000,0.02210519,0.00000000,0.00000000,0.00000000,0.00000000,0.05819457,0.00000000,0.07662344,0.00000000,0.00000000,0.00000000,0.00000000,0.00000000,0.00000000,0.00000000,0.00000000,0.00000000,0.00000000,0.00000000,0.00000000,0.00000000,0.01147821,0.00000000,0.00000000,0.00000000,0.00000000,0.00000000,0.00000000,0.00345696,0.00000000,0.00000000,0.00000000,0.00000000,0.00000000,0.00293443,0.00000000,0.00000000,0.01164554,0.00000000,0.00000000,0.00000000,0.00000000,0.00000000,0.00000000,0.00000000,0.00000000,0.00000000,0.00000000,0.00000000,0.00000000,0.00000000,0.00000000,0.00000000,0.00000000,0.00000000,0.00000000,0.00000000,0.00000000,0.00000000,0.00000000,0.04989110,0.00000000,0.00000000,0.00000000,0.00000000,0.00000000,0.00000000,0.00000000,0.00000000,0.00000000,0.00000000,0.00000000,0.00656967,0.00000000,0.00000000,0.00894518,0.00000000,0.00000000,0.00000000,0.00000000,0.00000000,0.00000000,0.00000000,0.00000000,0.00000000,0.00000000,0.00000000,0.00000000,0.00000000,0.00000000,0.27249493,0.01539454,0.00000000,0.07326180,0.00000000,1.76584984,0.00000000,0.00000000,0.00000000,0.00000000,0.00000000,0.00000000,0.00000000,0.00000000,0.00000000,0.00000000,0.00000000,0.00000000,0.00000000,0.00000000,0.00000000,0.00000000,0.00000000,0.00000000,0.00000000,0.00000000,0.00000000,0.00000000,0.00000000,0.00000000,0.08000895,0.00000000,0.00000000,0.00000000,0.00000000,0.00000000,0.00000000,0.00870923,0.00000000,0.00000000,0.00000000,0.00073724,0.00000000,0.00000000,0.00000000,0.00000000,0.00000000,0.00000000,0.00880806,0.00000000,0.00000000,0.00000000,0.00000000,0.00000000,0.00000000,0.00000000,0.00000000,0.00000000,0.00000000,0.00978748,0.00000000,0.00000000,0.00000000,0.00000000,0.00000000,0.00000000,0.00000000,0.03996870,0.03522306,1.88361167,0.00000000,0.00000000,0.00000000,0.00000000,0.00000000,0.00000000,0.00000000,0.00000000,0.00000000,0.00000000,0.00000000,0.00000000,0.00000000,0.00000000,0.00000000,0.00000000,0.00000000,0.00000000,0.00000000,0.00000000,0.00000000,0.02593783,0.00000000,0.00000000,0.00000000,0.00000000,0.00000000,0.00000000,0.00000000,0.00000000,0.00000000,0.00000000,0.00000000,0.00281095,0.00000000,0.00000000,0.00000000,0.00000000,0.00000000,0.00000000,0.00000000,0.00000000,0.00000000,0.00420422,0.00000000,0.00000000,0.00218414,0.00000000,0.00000000,0.00000000,0.00000000,0.00000000,0.00000000,0.00000000,0.00000000,0.00000000,0.00000000,0.00000000,0.00000000,0.02975107,0.00000000,0.00000000,0.00000000,0.00710218
0.00000000,0.00000000,0.00000000,0.00000000,0.00000000,0.00000000,0.00000000,0.00000000,0.00000000,0.00000000,0.00000000,0.00000000,0.18197796,0.00000000,0.00000000,0.00000000,0.00548339,0.00000000,0.00000000,0.00000000,0.00000000,0.00000000,0.00000000,0.00314036,0.00000000,0.00000000,0.00000000,0.00225937,0.05090570,0.00000000,0.00000000,0.00000000,0.00000000,0.00000000,0.00000000,0.30087686,0.00000000,0.00000000,0.00000000,0.00000000,0.00000000,0.00000000,0.00734137,0.00000000,0.00000000,0.00000000,0.00000000,0.00000000,0.00000000,0.00000000,0.00000000,0.00000000,0.00000000,0.00000000,0.00000000,0.00000000,0.00000000,0.00000000,0.00000000,0.00000000,0.00623324,0.00000000,0.00000000,0.00000000,0.00000000,1.73728470,0.00000000,0.00000000,0.00000000,0.00000000,0.00000000,0.00000000,0.00000000,0.00000000,0.00000000,0.00000000,0.00000000,0.00249654,0.00000000,0.00000000,0.00000000,0.00000000,0.00352225,0.00000000,0.00000000,0.00000000,0.00000000,0.00000000,0.00000000,0.00000000,0.00477751,0.00000000,0.00000000,0.00000000,0.00000000,0.00000000,0.00000000,0.00000000,0.00000000,0.00000000,0.00000000,0.00000000,0.00000000,0.00000000,0.00000000,0.00000000,0.00000000,0.00000000,0.00000000,0.00000000,0.00000000,0.00000000,0.00000000,0.00000000,0.00000000,0.00401723,0.00000000,0.00000000,0.00000000,0.00000000,0.00000000,0.00000000,0.00000000,0.00000000,0.00000000,0.00000000,0.00000000,0.00000000,0.00000000,0.01283394,0.00000000,0.00000000,0.00212986,0.00000000,0.00000000,0.25067087,0.00000000,0.03439242,0.00000000,0.00000000,0.00000000,0.00000000,0.00000000,0.00000000,0.00000000,0.00000000,0.00000000,0.00000000,0.00000000,0.01537043,0.00000000,0.00000000,0.00000000,0.00000000,0.00000000,0.00000000,0.00000000,0.00000000,0.00000000,0.00000000,0.00519053,0.00000000,0.00000000,0.00000000,0.00000000,0.00000000,0.00000000,0.00000000,0.00000000,0.00000000,0.00676902,0.00000000,0.00000000,0.00000000,0.00000000,0.00000000,0.00000000,0.00000000,0.00000000,0.00000000,0.00000000,0.00000000,0.00085116,0.00447959,0.00000000,0.00000000,0.00000000,0.00000000,0.00000000,0.00000000,0.00000000,0.00000000,0.00000000,0.01012131,0.00163676,0.00000000,0.00000000,0.00000000,0.00000000,0.00000000,0.00000000,0.00096343,0.00000000,0.00000000,0.15139420,0.25582326,0.00000000,0.00000000,0.00000000,0.00000000,0.00533467,0.00000000,0.00000000,0.00000000,0.00000000,0.00000000,0.00708251,0.00000000,0.00000000,0.00000000,0.00000000,0.00000000,0.00000000,0.18073605,0.00554957,0.00000000,0.00000000,0.00000000,0.00000000,0.00000000,0.00000000,0.00000000,0.00000000,0.00772093,0.00000000,0.00000000,0.00000000,0.00000000,0.00000000,0.00000000,0.00000000,0.00000000,0.00000000,0.00000000,0.03259767,0.00000000,0.00000000,0.00000000,0.00000000,0.00000000,0.00102550,0.00000000,0.00000000,0.00000000,0.00000000,0.00000000,0.03863808,0.00564055,0.00390197,0.00000000,0.00000000,0.00000000,0.00000000,0.00000000,0.00000000,0.00000000,0.00000000,0.00347448,0.00000000,0.00000000,0.00000000,0.00000000,0.00000000,0.00000000,0.00000000,0.00000000,0.00000000,0.00000000,0.00000000,0.01802517,0.00000000,0.00000000,0.00000000,0.04557349,0.00000000,0.00000000,0.00000000,0.00000000,0.00000000,0.00000000,0.00000000,0.00427015,0.00000000,0.00210083,0.00000000,0.00000000,0.00000000,0.00446894,0.00000000,0.00241258,0.00000000,0.00000000,0.00000000,0.00000000,0.00000000,0.00556927,0.00000000,0.00000000,0.00000000,0.00000000,0.00000000,0.00000000,0.00000000,0.00000000,0.00517402,1.26686613,0.00000000,0.00000000,0.00000000,0.00000000,0.01507373,0.00000000,0.00000000,0.00000000,0.00000000,0.54309414,0.00000000,0.00000000,0.00000000,0.00808220,0.00000000,0.00677504,0.00000000,0.00000000,0.00000000,0.00000000,0.00000000,0.00000000,0.00000000,0.00000000,0.00000000,0.00000000,0.00000000,0.00000000,0.04273075,0.09645399,0.00000000,0.00000000,0.00000000,0.00000000,0.00000000,0.00000000,0.00000000,0.00000000,0.00000000,0.00000000,0.00000000,0.00000000,0.00000000,0.00000000,0.00000000,0.00000000,0.00000000,0.00000000,0.00000000,0.00000000,0.00000000,0.00000000,0.00000000,0.00000000,0.00000000,0.00000000,0.00000000,0.00000000,0.00000000,0.00000000,0.00000000,0.00000000,0.00000000,0.00000000,0.00000000,0.00000000,0.00000000,0.00000000,0.00000000,0.00000000,0.00000000,0.00000000,0.00000000,0.01882903,0.00000000,0.00000000,0.00000000,0.00000000,0.00000000,0.00000000,0.00000000,0.00000000,0.00000000,0.00000000,0.00000000,0.00000000,0.00000000,0.00000000,0.00000000,0.00000000,0.00000000,0.00000000,0.00000000,0.00000000,0.00000000,0.00000000,0.00000000,0.00000000,0.00000000,0.00000000,0.00000000,0.00000000,0.01987716,0.00000000,0.00000000,0.00000000,0.00000000,0.00000000,0.00000000,0.01007574,0.00000000,0.00000000,0.00724600,0.00000000,0.00000000,0.00000000,0.00000000,0.00000000,0.00000000,0.00000000,0.00000000,0.00000000,0.00000000,0.00000000,0.00000000,0.50749935,0.00000000,0.00000000,0.00940931,0.00000000,0.00000000,0.00000000,0.00334535,0.00000000,0.00000000,0.00000000,0.00000000,0.00000000,0.00000000,0.00000000,0.00000000,0.00000000,0.07131244,0.00000000,0.00000000,0.00000000,0.00000000,0.00000000,0.06181617,0.00000000,0.00000000,0.00000000,0.00000000,0.00000000,0.00000000,0.00000000,0.00000000,0.00000000,0.00000000,0.00000000,0.00000000,0.00000000,0.00000000,0.00000000,0.01435529,0.00000000,0.00637803,0.02127535,0.00000000,0.00000000,0.00000000,0.00000000,0.00000000,0.00000000,0.00323209,0.00000000,0.00000000,0.00000000,0.00000000,0.05909655,0.00242100,0.00000000,0.00000000,0.00000000,0.00000000,0.00000000,0.00000000,0.00000000,0.00000000,0.00000000,0.00000000,0.00000000,0.02267447,0.00000000,0.02213357,0.00000000,0.00000000,0.00503078,0.00000000,0.00000000,0.00000000,0.00000000,0.00000000,0.00000000,0.00000000,0.00000000,0.00000000,0.00645024,0.00000000,0.00000000,0.00000000,0.01011427,0.00000000,0.00000000,0.00000000,0.00000000,0.00000000,0.00000000,0.00000000,0.00000000,0.00000000,0.00000000,0.00000000,0.06648538,0.00000000,0.00000000,0.00000000,0.00000000,0.00000000,0.00000000,0.00000000,0.00000000,0.00000000,0.00000000,0.00000000,0.00000000,0.00000000,0.00150189,0.00000000,0.00000000,0.00000000,0.00000000,0.00000000,0.00000000,0.00000000,0.00000000,0.00000000,0.00000000,0.00000000,0.00000000,0.00000000,0.00302579,0.00000000,0.00566685,0.00000000,0.06739562,0.00000000,0.00000000,0.00148379,0.00000000,0.00000000,0.00000000,0.00000000,0.00000000,0.00000000,0.00000000,0.00000000,0.00000000,0.00000000,0.00131703,0.00000000,0.00000000,0.00000000,0.00000000,0.02739915,0.00000000,0.00000000,0.00352311,0.00000000,0.00000000,0.00000000,0.00000000,0.00000000,0.00000000,0.00000000,0.00112736,0.00000000,0.00000000,0.00000000,0.00000000,0.56450040,0.00000000,0.00000000,0.00000000,0.00000000,0.00000000,0.08324316,0.00000000,0.00000000,0.00000000,0.00000000,0.00000000,0.00000000,0.00000000,0.00000000,0.00000000,0.00000000,0.00159120,0.00000000,0.00000000,0.00000000,0.00000000,0.00000000,0.00000000,0.00000000,0.00000000,0.00000000,0.00000000,0.00000000,0.00000000,0.00000000,0.00000000,0.00000000,0.00000000,0.00000000,0.00000000,0.00000000,0.00000000,0.00000000,0.00000000,0.01519173,0.00000000,0.00000000,0.01036800,0.00000000,0.00000000,0.00000000,0.00415394,0.03239420,0.00000000,0.00000000,0.00000000,0.00000000,0.00000000,0.25014029,0.00000000,0.00000000,0.00000000,0.00000000,0.02728273,0.00000000,0.00000000,0.06054608,0.00000000,0.00000000,0.00000000,0.00000000,0.00000000,0.00729091,0.00000000,0.00000000,0.02198719,0.00000000,0.00000000,0.00000000,0.00000000,0.00000000,0.00000000,0.00000000,0.00000000,0.00000000,0.00000000,0.00000000,0.00180038,0.00000000,0.00000000,0.00000000,0.00000000,0.00000000,0.00000000,0.00000000,0.00000000,0.00000000,0.00000000,0.00000000,0.00408442,0.00000000,0.00885236,0.00642548,0.00000000,0.00000000,0.85165931,0.02399792,0.00000000,0.00000000,0.00000000,0.00000000,0.00000000,0.00438874,0.00000000,0.00000000,0.00130476,0.00000000,0.00000000,0.00000000,0.00000000,0.14570600,0.00000000,0.00000000,0.00000000,0.00000000,0.00000000,0.00000000,0.00000000,0.00000000,0.00000000,0.00000000,0.00000000,0.00000000,0.00000000,0.00000000,0.00000000,0.00000000,0.00000000,0.00000000,0.00179206,0.00000000,0.00000000,0.00000000,0.00000000,0.00000000,0.00000000,0.04320782,0.00000000,0.00000000,0.00000000,0.00000000,1.47739947,0.00000000,0.00000000,0.00000000,0.00000000,1.81785164,0.00299162,0.00000000,0.00000000,0.00000000,0.00000000,0.00000000,0.00000000,0.00000000,0.00000000,0.00000000,0.00266956,0.00000000,0.00000000,0.04436162,0.01112964,0.00000000,0.00000000,0.00000000,0.00000000,0.00000000,0.00093285,0.00000000,0.00000000,0.00000000,0.00000000,0.00000000,0.04962599,0.00000000,0.00000000,0.00000000,0.00000000,0.00000000,0.00000000,0.00000000,0.00000000,0.00000000,0.00000000,0.00000000,0.00000000,0.00000000,0.00000000
0.00000000,0.00000000,0.00000000,0.00000000,0.00000000,0.02407580,0.00000000,0.03225688,0.00000000,0.00000000,0.00000000,0.00000000,0.00000000,0.00000000,0.00000000,0.45612423,0.00000000,0.00211159,0.00000000,0.00279946,0.00000000,0.00000000,0.00536626,0.00000000,0.00000000,0.00000000,0.00000000,0.00000000,0.00000000,0.00000000,0.00000000,0.00000000,0.00000000,0.00000000,0.00000000,0.00000000,0.00000000,0.00000000,0.00000000,0.00000000,0.00000000,0.00472909,0.00000000,0.00111676,0.00000000,0.00000000,0.00000000,0.00000000,0.00000000,0.00000000,0.00000000,0.00000000,0.00000000,0.00000000,0.00000000,0.00000000,0.00000000,0.00000000,0.02254616,0.00000000,2.94849359,0.00000000,0.00414121,0.00000000,0.00000000,0.00000000,0.00000000,0.01457854,0.00000000,0.00000000,0.00000000,0.00000000,0.00000000,0.00489642,0.00000000,0.02815759,0.00000000,0.00000000,0.00000000,0.00000000,0.00000000,0.00000000,0.00000000,0.01021957,0.04201444,0.00000000,0.00000000,0.00000000,0.00000000,0.00000000,0.00000000,0.00000000,0.00000000,0.07998753,0.00000000,0.00000000,0.00000000,0.00000000,0.00000000,0.00000000,0.00000000,0.00000000,0.00000000,0.00000000,0.00000000,0.00000000,0.00000000,0.00000000,0.20867608,0.00000000,0.00000000,0.00000000,0.00000000,0.00000000,0.00000000,0.00000000,0.00000000,0.00000000,0.00000000,0.00000000,0.00000000,0.00000000,0.00000000,0.00000000,0.00233500,0.00000000,0.03499248,0.00000000,0.00000000,0.00144807,0.00777494,0.00000000,0.00000000,0.00000000,0.00000000,0.00000000,0.00000000,0.00000000,0.00596013,0.00000000,0.00000000,0.00000000,0.00000000,0.00000000,0.00000000,0.01095883,0.00000000,0.00000000,0.00000000,0.00000000,0.00000000,0.00000000,0.00000000,0.00000000,0.00000000,0.00000000,0.00000000,0.00000000,0.00000000,0.00000000,0.00000000,0.00000000,0.00000000,0.00000000,0.00000000,0.00000000,0.00000000,0.00000000,0.00000000,0.00000000,0.00000000,0.00000000,0.00000000,0.00000000,0.00000000,0.00000000,0.00000000,0.00000000,0.00000000,0.00000000,0.00000000,0.00000000,0.00000000,0.00000000,0.00000000,0.00000000,0.00000000,0.00000000,0.00000000,0.00000000,0.00000000,0.00000000,0.02857176,0.00000000,0.00000000,0.00000000,0.00000000,0.00000000,0.00000000,0.00000000,1.62751543,0.00000000,0.00000000,0.00000000,0.00000000,0.00590641,0.00000000,0.00000000,0.00000000,0.00000000,0.00823124,0.00000000,0.00000000,0.00000000,0.00000000,0.00000000,0.00000000,0.00000000,0.00000000,0.00000000,0.00000000,0.00075168,0.00000000,0.00000000,0.00000000,0.00000000,0.00000000,0.00000000,0.00000000,0.00000000,0.00000000,0.00000000,0.00000000,0.00103353,0.00000000,0.00362200,0.00000000,0.00000000,0.00000000,0.00000000,0.00000000,0.00730009,0.00000000,0.00000000,0.00000000,0.00000000,0.00000000,0.00000000,0.00548407,0.00000000,0.00121640,0.00000000,0.00000000,0.00000000,0.00000000,0.00000000,0.00096679,0.00000000,0.00000000,0.00000000,0.00000000,0.00897195,0.00000000,0.00000000,0.00000000,0.00000000,0.03704589,0.00326340,0.00000000,0.00000000,0.00000000,0.06127021,0.00000000,0.00000000,0.00000000,0.00000000,0.00000000,0.00000000,0.00000000,0.00000000,0.00000000,0.00000000,0.00000000,0.00000000,0.00000000,0.00000000,0.37869564,0.00000000,0.02848817,0.00000000,0.00000000,0.00000000,0.00000000,0.00000000,0.00000000,0.00000000,0.00000000,0.00000000,0.00000000,0.00000000,0.00000000,0.03026772,0.00000000,0.00000000,0.00000000,0.00550963,0.00000000,0.00000000,0.00000000,0.00000000,0.00000000,0.00000000,0.00000000,0.00000000,0.06434373,0.00000000,0.00000000,0.00000000,0.00000000,0.00413291,0.00000000,0.00000000,0.00000000,0.00000000,0.00000000,0.00000000,0.00000000,0.00000000,0.00000000,0.00000000,0.00000000,0.00000000,0.00000000,0.00000000,0.00000000,0.00000000,0.00000000,0.00000000,0.00000000,0.00000000,0.00000000,0.00000000,0.00000000,0.00000000,0.00000000,0.00000000,0.00000000,0.00000000,0.00000000,0.00000000,0.00936616,0.00000000,0.00000000,0.00000000,0.00000000,0.01362824,0.00000000,0.02476605,0.00997056,0.00000000,0.00000000,0.00000000,0.00000000,0.00000000,0.00000000,0.00202800,0.00000000,0.00239841,0.00000000,0.00000000,0.00000000,0.00000000,0.00000000,0.00000000,0.00438717,0.00000000,0.00000000,0.00000000,0.00000000,0.00000000,0.00000000,0.00000000,0.01665215,0.00000000,0.00000000,0.00000000,0.00000000,0.00000000,0.00000000,0.00000000,0.00000000,0.00000000,0.00000000,0.00315941,0.00000000,0.00418552,0.00000000,0.00000000,0.00000000,0.00000000,0.00000000,0.00000000,0.00000000,0.00000000,0.01561211,0.00000000,0.00000000,0.00000000,0.00076640,0.00000000,0.00000000,0.00000000,0.00000000,0.00000000,0.00000000,0.00000000,0.00000000,0.16831444,0.00000000,0.00861530,0.01720426,0.01511189,0.00000000,0.00000000,0.00000000,0.00000000,0.00000000,0.00000000,0.00000000,0.00000000,0.00000000,0.00000000,0.00000000,0.00000000,0.00000000,0.00330595,0.00000000,0.00000000,0.00000000,1.68438377,0.00000000,0.00000000,0.00000000,0.01056848,0.00395884,0.00000000,0.00000000,0.00000000,0.00000000,0.00000000,0.00000000,0.00000000,0.00000000,0.00486460,0.00000000,0.00000000,0.00000000,0.00000000,0.09793211,0.00000000,0.00068337,0.00000000,0.00000000,0.01096868,0.00000000,0.00000000,0.00000000,0.00000000,0.00000000,0.00000000,0.00000000,0.00000000,0.00000000,0.00000000,0.00000000,0.00000000,0.00000000,0.00000000,0.00000000,0.00000000,0.00000000,0.00000000,0.00000000,0.00000000,0.00000000,0.00000000,0.00000000,0.00000000,0.00000000,0.00135652,0.00000000,0.00000000,0.03030811,0.00000000,0.00000000,0.00000000,0.00000000,0.00000000,0.00000000,0.00000000,0.00000000,0.00000000,0.00000000,0.00000000,0.00000000,0.00000000,0.00000000,0.00000000,0.00000000,0.00000000,0.00000000,0.00000000,0.00000000,0.00350353,0.00000000,0.00000000,0.00000000,0.00000000,0.00000000,0.00000000,0.00000000,0.00000000,0.00000000,0.00000000,0.01652914,0.00000000,0.00000000,0.00000000,0.33260273,0.00428886,0.00000000,0.00000000,0.00376257,0.00000000,0.00000000,0.00000000,0.00000000,0.00000000,0.00000000,0.00000000,0.00000000,0.00000000,0.00000000,0.00000000,0.00000000,0.00000000,0.00000000,0.00000000,0.00000000,0.00000000,0.00000000,0.00000000,0.00000000,0.00000000,0.00000000,0.00000000,0.00000000,0.00000000,0.00000000,0.00000000,0.00000000,0.00000000,0.00000000,0.00000000,0.00000000,0.00000000,0.00000000,0.00000000,0.00000000,0.00000000,0.00630097,0.00000000,0.00246293,0.04183772,0.00000000,0.00000000,0.00000000,0.00000000,0.00000000,0.00000000,0.00000000,0.00243899,0.00000000,0.00000000,0.00000000,0.00000000,0.00000000,0.00000000,0.11382306,0.00000000,0.00000000,0.00000000,0.00000000,0.00000000,0.00000000,0.00000000,0.00243573,0.00000000,0.00000000,0.00000000,0.00000000,0.00000000,0.00000000,0.00000000,0.00000000,0.00000000,0.00000000,0.00000000,0.00000000,0.00000000,0.00000000,0.00000000,0.00000000,0.20650174,0.00000000,0.00000000,0.00000000,0.00000000,0.00379531,0.00000000,0.00000000,0.00000000,0.00127817,0.02444626,0.00000000,0.00000000,0.00000000,0.00000000,0.00117919,0.00000000,0.00000000,0.00000000,0.00000000,0.00000000,0.00000000,0.00000000,0.59681649,0.00000000,0.00000000,0.00000000,0.00588550,0.00000000,0.00000000,0.00000000,0.00000000,0.00000000,0.00164959,0.00000000,0.00000000,0.00000000,0.00000000,0.00000000,0.00000000,0.00000000,0.00000000,0.00000000,0.09421925,0.00000000,0.00000000,0.00000000,0.00000000,0.00252943,0.07346811,0.00000000,0.00000000,0.00000000,1.74024657,0.00000000,0.00000000,0.00000000,0.00000000,0.00000000,0.00485202,0.00000000,0.00000000,0.00000000,0.00000000,0.00000000,0.00000000,0.00000000,0.00000000,0.00351118,0.00000000,0.00000000,0.00000000,0.15497800,0.00000000,0.00000000,0.00000000,0.00000000,0.00000000,0.00000000,0.00000000,0.00000000,0.01791584,0.00000000,0.00612113,0.00000000,0.00000000,0.00000000,0.01135243,0.00000000,0.00000000,0.00000000,0.00813153,0.00000000,0.00000000,0.00120959,0.00000000,0.00831568,0.00000000,0.00000000,0.00000000,0.00000000,0.00000000,0.00000000,0.00000000,0.01160879,0.00000000,0.00000000,0.00114086,0.00000000,0.00000000,0.00000000,0.00000000,0.00073521,0.00000000,0.00000000,0.00000000,0.00000000,0.00000000,0.00000000,0.00000000,0.13379848,0.00000000,0.00000000,0.00000000,0.00000000,0.00000000,0.00000000,0.00000000,0.00000000,0.00000000,0.00000000,0.00000000,0.00000000,0.00000000,0.00000000,0.00000000,0.00000000,0.00000000,0.00000000,0.00000000,0.00000000,0.00000000,0.00000000,0.00000000,0.00000000,0.00000000,0.00000000,0.00000000,0.00000000,0.00000000,0.00000000,0.02269064,0.00000000,0.00000000,0.00000000,0.00000000,0.00150271,0.00000000,0.04436162,0.00000000,0.00000000,0.00000000,0.00535845,0.00000000,0.00000000,0.00000000,0.00334754,0.00000000,0.00000000,0.00000000,0.00000000,0.00000000,0.00000000,0.00000000,0.00000000,0.00000000,0.00000000,0.00000000,0.00000000,0.00000000,0.00370015,0.50535071,0.00000000,0.00000000,0.00000000,0.00000000,0.00000000
0.00000000,0.00000000,0.00000000,1.07525992,0.00000000,0.00000000,0.00000000,0.02094179,0.00000000,0.00000000,0.00000000,0.00000000,0.00000000,0.00370430,0.00504631,0.00000000,0.00000000,0.00000000,0.00000000,0.00000000,0.00000000,0.00000000,0.00000000,0.00000000,0.00000000,0.00000000,0.00000000,0.00000000,0.00000000,0.00000000,0.00000000,0.00000000,0.00000000,0.00402852,0.00000000,0.00000000,0.00000000,0.00000000,0.00000000,0.00000000,0.00000000,0.00000000,0.00000000,0.01605684,0.00000000,0.00000000,0.03144527,0.00000000,0.00000000,0.00000000,0.10833899,0.00000000,0.00000000,0.01152717,0.00000000,0.00000000,0.00000000,0.00000000,0.00000000,0.00000000,0.00000000,0.00000000,0.00000000,0.00000000,0.00000000,0.00000000,0.00000000,0.00000000,0.00000000,0.02531722,0.00000000,0.00000000,0.00000000,0.01027248,0.00000000,0.00000000,0.00000000,0.00000000,0.00000000,0.00000000,0.00000000,0.00000000,0.00000000,0.00000000,0.00000000,0.00000000,0.00000000,0.00000000,0.00000000,0.00297683,0.00000000,0.00505836,0.00000000,0.00000000,0.00000000,0.00613076,0.00000000,0.00000000,0.00000000,0.00000000,0.00000000,0.00000000,0.00000000,0.00000000,0.00000000,0.00000000,0.00000000,0.00000000,0.00000000,0.00000000,0.00000000,0.00142581,0.00119365,0.00000000,0.06153499,0.00000000,0.00000000,0.01003939,0.00000000,0.00000000,0.00000000,0.00000000,0.00000000,0.00000000,0.00000000,0.00000000,0.00000000,0.00000000,0.00000000,0.00000000,0.00000000,0.00000000,0.00000000,0.00000000,0.00000000,0.00000000,0.00000000,0.00000000,0.00237357,0.01561375,0.00000000,0.00399673,0.00000000,0.00000000,0.00000000,0.00000000,0.00000000,0.00512356,0.00000000,0.00000000,0.00000000,0.00000000,0.00000000,0.00000000,0.00000000,0.00000000,0.00400961,0.00000000,0.00000000,0.00000000,0.00000000,0.00000000,1.56569042,0.00000000,0.00000000,0.00000000,0.00000000,0.00000000,0.00000000,0.00000000,0.00000000,0.00000000,0.00000000,0.00000000,0.00000000,0.00000000,0.00000000,0.00000000,0.00000000,0.00000000,0.00000000,0.00229283,0.00000000,0.00000000,0.00000000,0.00000000,0.00000000,0.00000000,0.00000000,0.00000000,0.00000000,0.01652836,0.00600008,0.00000000,0.00000000,0.00000000,0.00080374,0.00820899,0.00000000,0.00000000,0.00000000,0.00000000,0.00000000,0.00000000,0.01997405,0.00000000,0.02040864,0.00000000,0.00000000,0.00000000,0.00000000,0.00000000,0.00000000,0.00000000,0.00000000,0.03022661,0.00000000,0.00860484,0.00761864,0.00000000,0.00000000,0.00000000,0.03094461,0.00000000,0.00234438,0.00000000,0.00000000,0.00000000,0.00000000,0.00000000,0.00000000,0.00000000,0.00847796,0.03121462,0.00000000,0.00000000,0.00000000,0.00000000,0.00000000,0.00000000,0.00000000,0.00000000,0.00107802,0.00000000,0.00000000,0.00450324,0.00000000,0.00000000,0.01612432,0.00000000,0.00000000,0.00000000,0.00000000,0.00000000,0.00000000,0.00479199,0.00000000,0.00000000,0.00000000,0.00000000,0.00000000,0.00000000,0.00000000,0.00000000,0.00000000,0.00000000,0.00000000,0.00000000,0.00000000,0.00000000,0.00000000,0.00000000,0.00000000,0.00000000,0.00000000,0.00000000,0.00000000,0.00000000,0.00000000,0.00000000,0.00000000,0.00000000,0.00000000,0.00476734,0.00000000,0.00000000,0.00098304,0.00000000,0.01232829,0.00000000,0.00000000,0.00000000,0.00000000,0.00000000,0.00000000,0.00000000,0.00000000,0.02171440,0.00000000,0.09167326,0.00000000,0.00000000,0.00000000,0.00000000,0.00000000,0.00000000,0.00000000,0.00000000,0.00000000,0.00279145,0.00000000,0.00000000,0.00000000,0.00000000,0.00000000,0.00000000,0.00000000,0.00000000,0.00078142,0.00000000,0.00000000,0.00258023,0.00000000,0.00000000,0.00000000,0.00000000,0.00000000,0.00000000,0.00000000,0.00000000,0.00000000,0.00000000,0.31331922,0.00000000,0.00000000,0.00000000,0.03243015,0.00000000,0.00000000,0.00000000,0.00000000,0.00000000,0.00000000,0.00000000,0.00000000,0.00000000,0.00000000,0.00000000,0.00000000,0.00000000,0.00000000,0.00000000,0.00000000,0.00000000,0.00000000,0.00000000,0.07529181,0.00000000,0.00000000,0.00000000,0.00000000,0.00000000,0.00000000,0.00000000,0.00000000,0.00000000,0.00000000,0.00000000,0.00000000,0.00000000,0.00000000,0.00000000,0.00000000,0.00000000,0.00781169,0.01732249,0.00000000,0.00000000,0.00000000,0.00000000,0.00000000,0.00000000,0.00000000,0.10955526,0.00000000,0.00000000,0.00000000,0.00000000,0.01024727,0.00000000,0.00490848,0.00000000,0.00000000,0.00000000,0.00000000,0.00000000,0.00000000,0.00388575,0.00425138,0.00140417,0.00000000,0.00000000,0.00000000,0.00000000,0.00000000,0.00000000,0.00000000,0.00000000,0.00000000,0.00000000,0.00000000,0.03383990,0.00000000,0.00000000,0.00000000,0.00000000,0.00078412,0.00000000,0.00000000,0.02169141,0.00000000,0.00000000,0.00000000,0.00000000,0.00000000,0.00758845,0.00000000,0.00000000,0.00000000,0.00000000,0.00000000,0.00000000,0.00000000,0.00000000,0.00000000,0.00000000,0.00000000,0.00000000,0.00000000,0.00000000,0.00000000,0.00000000,0.00000000,0.00000000,0.00000000,0.00000000,0.00000000,0.00000000,0.00000000,0.00000000,0.02630888,0.00459662,0.00000000,0.00000000,0.00000000,0.00000000,0.00000000,0.00000000,0.00000000,0.00000000,0.00832883,1.14139696,1.17837424,0.01379171,0.00000000,0.00000000,0.00000000,0.00000000,0.00000000,0.02644508,0.00000000,0.02732322,0.00000000,0.00000000,0.00823860,0.00000000,0.00000000,0.00000000,0.00000000,0.14883688,0.00000000,0.00000000,0.00000000,0.00000000,0.00000000,0.00000000,0.00250248,0.00703448,0.00000000,0.00000000,0.00000000,0.00000000,0.00000000,0.00000000,0.00000000,0.00000000,0.00000000,0.00000000,0.00000000,0.00000000,0.00000000,0.00000000,0.00000000,0.00000000,0.00000000,0.00000000,0.00000000,0.00000000,0.00000000,0.00000000,0.01230723,0.01416617,0.00000000,0.00000000,0.00000000,0.00000000,0.00000000,0.00000000,0.00000000,0.00000000,0.00000000,0.00000000,0.00000000,0.00000000,0.00000000,0.00000000,0.00514231,0.00274381,0.00000000,0.00000000,0.00000000,0.00000000,0.00000000,0.00000000,0.00000000,0.00000000,0.00000000,0.00000000,0.00642080,0.00000000,0.00000000,0.00000000,0.00000000,0.00000000,0.00000000,0.00000000,0.00000000,0.00000000,0.00000000,0.00000000,0.00000000,0.00000000,0.00000000,0.17734105,0.00000000,0.00000000,0.00000000,0.05120928,0.00000000,0.00000000,0.00784621,0.00000000,0.03538361,0.00000000,0.00000000,0.00000000,0.00000000,0.00000000,0.00000000,0.00000000,0.00000000,0.00000000,0.00000000,0.00000000,0.00000000,0.00000000,0.00000000,0.00000000,0.00000000,0.00000000,0.00000000,0.00129638,0.00000000,0.00000000,0.00000000,0.00000000,0.00000000,0.00000000,0.00000000,0.00000000,0.00000000,0.05330573,0.00000000,0.00000000,0.00000000,0.00000000,0.00000000,0.00000000,0.00000000,0.00000000,0.00000000,0.00000000,0.00000000,0.19111073,0.23633158,0.00000000,0.00000000,0.00000000,0.00000000,0.00000000,0.00000000,0.00000000,0.00000000,0.00000000,0.00000000,0.01182251,0.00000000,0.00000000,0.00000000,0.00000000,0.00000000,0.00000000,0.00967149,0.00346670,0.00000000,0.00000000,0.00000000,0.00000000,0.00000000,0.00092362,0.00000000,0.00000000,0.00000000,0.00815724,0.00000000,0.00000000,0.00000000,0.00000000,0.00000000,0.00000000,0.00000000,0.02345059,0.00000000,0.01128688,0.00000000,0.00000000,0.09216102,0.00000000,0.00000000,0.00851933,0.00727741,0.00000000,0.00000000,0.00000000,0.00000000,0.00000000,0.00000000,0.00000000,0.00000000,0.00000000,0.00000000,1.78947519,0.00000000,0.00000000,0.00000000,0.00233105,0.00000000,0.03742989,0.00000000,0.00000000,0.07395391,0.00000000,0.00000000,0.00000000,0.00000000,0.00000000,0.16383548,0.00000000,0.00000000,0.00285410,0.00000000,0.00000000,0.00000000,0.00000000,0.00000000,0.00000000,0.00000000,0.00000000,0.00000000,0.00000000,0.00000000,0.00000000,0.00000000,0.00000000,0.00000000,0.00000000,0.00000000,0.00000000,0.00000000,0.00000000,0.01282188,0.00000000,0.04432234,0.00000000,0.00000000,0.00000000,0.00000000,0.00243398,0.00000000,0.00569992,0.00000000,0.00000000,0.00000000,0.00000000,0.00000000,0.00000000,0.00000000,0.00000000,0.00000000,0.00000000,0.00000000,0.00000000,0.00000000,0.00000000,0.00000000,0.00000000,0.00000000,0.00000000,0.00000000,0.00000000,0.00000000,0.00000000,0.01200159,0.00000000,0.00000000,0.00000000,0.00000000,0.00000000,0.00000000,0.00000000,0.00000000,0.00000000,0.00000000,0.00000000,0.00000000,0.00000000,0.00000000,0.00000000,0.00000000,0.00000000,0.00000000,0.00000000,0.00000000,0.00000000,0.00000000,0.00000000,0.00000000,0.00000000,0.00000000,0.00000000,0.00000000,0.00000000,0.00000000,0.00000000,0.00000000,0.00000000,0.00000000,0.00000000,0.00000000,0.00590556,0.00000000,0.01112964,0.00000000,0.00000000,0.00000000,0.00000000,0.00000000,0.00000000,0.00000000,0.00000000,0.00000000,0.00000000,0.00000000,0.00000000,0.00000000,0.00000000,0.00000000,0.00000000,0.00000000,0.00000000,0.00000000,0.00000000,0.00000000,0.00000000,0.00000000,0.00105282,0.00000000,0.00000000,0.00000000,0.00000000
0.01982267,0.00000000,0.00000000,0.23453525,0.00000000,0.00000000,0.00000000,0.00000000,0.01144594,0.00000000,0.00000000,0.00355853,0.00000000,0.00000000,0.00000000,0.00000000,0.00000000,0.00000000,0.00000000,0.00000000,0.00000000,0.00000000,0.00000000,0.00000000,0.00000000,0.00156674,0.00000000,0.00998266,0.00000000,0.00000000,0.00000000,0.00000000,0.00000000,0.00000000,0.00000000,0.00000000,0.00000000,0.00000000,0.00000000,0.00000000,0.00000000,0.00000000,0.00000000,0.01217354,0.00000000,0.00000000,0.00000000,0.00000000,0.00000000,0.00000000,0.00000000,0.00000000,0.00000000,0.01008707,0.00000000,0.00000000,0.00000000,0.00000000,0.01081957,0.01508645,0.00000000,0.00000000,0.00000000,0.00000000,0.00000000,0.00000000,0.00000000,0.01483312,0.00000000,0.00000000,0.00000000,0.03103246,0.00000000,0.00000000,0.00000000,0.00000000,0.00000000,0.00000000,0.00688065,0.00000000,0.00000000,0.00742780,0.00681792,0.00000000,0.00000000,0.00733810,0.00000000,0.00000000,0.00000000,0.00000000,0.00000000,0.00000000,0.00000000,0.00000000,0.00000000,0.00000000,0.00000000,0.00000000,0.00000000,0.00000000,0.00000000,0.00000000,0.00000000,0.00000000,0.00000000,0.01279414,0.00000000,0.00000000,0.00000000,0.00000000,0.00000000,0.00000000,0.09883518,0.00512597,0.00000000,0.00000000,0.00000000,0.00000000,0.00000000,0.00000000,0.00000000,0.00000000,0.01155603,0.00000000,0.00000000,0.00000000,0.00000000,0.00000000,0.00000000,0.00000000,0.00000000,0.05036608,0.00000000,0.00000000,0.00000000,0.00482454,0.00000000,0.00510558,0.00000000,0.00000000,0.00000000,0.00000000,0.00255435,0.00000000,0.00000000,0.00000000,0.00137139,0.00000000,0.00000000,0.00000000,0.00000000,0.00000000,0.00000000,0.00000000,0.00000000,0.00000000,0.00000000,0.00000000,0.00000000,0.00000000,0.00000000,0.00000000,0.00000000,0.00000000,0.13168950,0.00000000,0.00000000,0.00000000,0.00000000,0.00000000,0.00000000,0.00000000,0.00000000,0.00000000,0.00000000,0.00000000,0.00000000,0.00000000,0.00387026,0.00000000,0.00000000,0.00000000,0.00000000,0.00000000,0.00946164,0.04725654,0.00000000,0.00000000,0.00000000,0.00000000,0.00000000,0.00000000,0.00000000,0.00000000,0.00000000,0.00000000,0.00000000,0.00000000,0.00000000,0.00000000,0.00000000,0.00000000,0.00000000,0.00000000,0.00000000,0.00000000,0.00000000,0.00454342,0.00000000,0.00000000,0.00000000,0.00000000,0.00000000,0.00000000,0.00000000,0.00000000,0.00000000,0.01235101,0.00000000,0.00000000,0.00000000,0.00000000,0.00000000,0.07169403,0.00000000,0.00000000,0.00000000,0.00000000,0.00000000,0.00000000,0.00000000,0.00000000,0.00000000,0.00000000,0.00000000,0.00000000,0.00000000,0.00000000,0.00000000,0.01380282,0.00000000,0.00000000,0.00000000,0.00000000,0.00000000,0.00000000,0.00000000,0.01597006,0.00000000,0.00000000,0.00000000,0.00000000,0.00000000,0.00000000,0.00000000,0.00000000,0.00000000,0.00000000,0.01204615,0.00000000,0.00000000,0.00000000,0.00000000,0.00000000,0.00000000,0.00000000,0.00000000,0.00000000,0.00000000,0.00000000,0.00000000,0.00000000,0.00000000,0.00000000,0.00000000,0.00000000,0.00000000,0.02289863,0.00000000,0.00000000,0.00000000,0.01048862,0.01447550,0.00000000,0.00153317,0.00000000,0.00000000,0.00000000,0.00159019,0.00000000,0.00659148,0.00000000,0.00000000,0.00000000,0.00000000,0.00000000,0.00000000,0.00725910,0.00000000,0.00371754,0.00000000,0.00000000,0.05195908,0.01976428,0.00000000,0.00772830,0.00000000,0.00000000,0.00000000,0.00000000,0.00000000,0.00000000,0.00000000,0.00000000,0.00000000,0.00389285,0.00000000,0.00000000,0.00000000,0.00000000,0.00000000,0.00000000,0.00000000,0.00000000,0.00000000,0.00000000,0.00000000,0.00000000,0.00000000,0.00000000,0.00674842,0.00000000,0.00000000,0.00000000,0.00000000,0.00000000,0.00000000,0.00000000,0.03853476,0.00000000,0.00000000,0.00000000,0.00000000,0.00000000,0.00000000,0.00000000,0.00000000,0.00480185,0.00000000,0.00000000,0.00000000,0.00000000,0.00000000,0.00059186,0.00000000,0.00000000,0.00000000,0.00000000,0.00000000,0.02354072,0.00852678,0.00000000,0.00000000,0.00000000,0.00000000,0.10457658,0.00000000,0.00000000,0.00000000,0.00000000,0.00000000,0.00000000,0.00000000,0.00000000,0.00000000,0.00000000,0.00000000,0.00000000,0.00000000,0.00000000,0.00000000,0.00000000,0.00000000,0.00000000,0.00000000,0.00000000,0.00000000,0.09254196,0.00000000,0.00000000,0.00000000,0.00000000,0.00000000,0.00000000,0.00000000,0.00000000,0.00000000,0.00000000,0.00000000,0.00000000,0.00000000,0.00000000,0.00000000,0.00000000,0.00000000,0.00000000,0.00000000,0.00000000,0.00000000,0.00000000,0.00000000,0.00000000,0.00000000,0.00000000,0.00000000,0.00000000,0.00000000,0.00000000,0.00000000,0.00000000,0.00000000,0.00000000,0.02821239,0.00000000,0.00000000,0.00000000,0.00000000,0.00000000,0.00000000,0.00000000,0.00000000,0.00000000,0.00000000,0.00000000,0.01815541,0.00000000,0.00000000,0.00000000,0.00000000,0.00000000,0.00000000,0.00000000,0.01089871,0.00000000,0.00000000,0.00000000,0.07890772,0.00000000,0.43800799,0.00000000,0.00000000,0.00000000,0.00000000,0.00000000,0.00000000,0.03295848,0.00000000,0.00000000,0.00000000,0.00383867,0.00000000,0.00000000,0.00298612,0.00000000,0.02681658,0.00000000,0.00000000,0.00000000,0.00000000,0.00000000,0.00632790,0.00000000,0.00000000,0.00000000,0.00000000,0.00000000,0.00000000,0.00000000,0.00000000,0.00000000,0.00000000,0.00000000,0.00000000,0.00000000,0.00000000,0.00000000,0.00000000,0.00000000,0.00000000,0.00000000,0.00000000,0.00000000,0.00000000,0.00000000,0.00000000,0.00000000,0.00282393,0.00232213,0.07884064,0.00000000,0.00000000,0.00511444,0.00000000,0.00000000,0.00000000,0.00000000,0.00000000,0.00000000,0.00000000,0.00000000,0.00000000,0.00000000,0.00000000,0.00000000,0.00000000,0.00000000,0.00000000,0.00000000,0.00000000,0.00000000,0.04860041,0.00000000,0.00000000,0.01123960,0.00000000,0.01281456,0.00168124,0.00000000,0.00000000,0.00000000,0.00000000,0.01698295,0.01121346,0.00000000,0.00000000,0.00000000,0.00000000,0.00000000,0.00000000,0.00000000,0.00000000,0.00000000,0.00000000,0.00746189,0.00000000,0.00000000,0.00000000,0.00000000,0.00000000,0.00000000,0.00000000,0.02327367,0.00000000,0.00000000,0.00000000,0.00000000,0.00000000,0.04908076,0.00000000,0.00000000,0.00000000,0.00000000,0.06376100,0.00000000,0.00000000,0.00000000,0.00000000,0.02793413,0.00000000,0.01238592,1.38321439,0.00000000,0.02153483,0.00000000,0.00186298,0.00000000,0.23649962,0.00356152,0.00000000,0.00000000,0.00000000,0.00000000,0.00000000,0.00000000,0.00000000,0.00000000,0.00000000,0.00000000,0.00000000,0.00000000,0.02062745,0.00000000,0.00000000,0.00000000,0.00000000,0.00000000,0.00000000,0.00000000,0.00000000,0.00000000,0.00000000,0.00000000,0.00000000,0.00809636,0.00000000,0.00000000,0.00000000,0.00000000,0.00529233,0.00000000,0.00000000,0.00000000,0.00000000,0.00000000,0.00000000,0.00000000,0.00000000,0.00000000,0.01101817,0.00000000,0.00000000,0.00000000,0.00000000,0.00000000,0.00000000,0.00000000,0.00489982,0.00000000,0.00000000,0.00000000,0.00000000,0.00000000,0.00000000,0.00000000,0.00000000,0.00000000,0.00000000,0.00000000,0.00000000,0.00000000,0.00097855,0.00000000,0.00000000,0.00000000,0.00000000,0.00000000,0.00000000,0.00000000,0.00000000,0.00000000,0.01461054,0.00000000,0.00000000,0.00000000,0.00000000,0.00000000,0.00000000,0.01093496,0.00000000,0.00000000,0.00000000,0.00000000,0.00000000,0.00000000,0.00000000,0.00000000,0.00000000,0.00000000,0.00000000,0.00000000,0.00000000,0.00000000,0.00000000,0.00000000,0.00000000,0.00000000,0.00000000,0.00000000,0.00000000,0.00000000,0.00000000,0.00000000,0.01082824,0.00000000,0.00000000,0.00934179,0.00000000,0.00503417,0.00000000,0.00000000,0.06683298,0.00000000,0.00000000,0.00000000,0.00000000,0.00000000,0.00000000,0.00000000,0.00000000,0.00000000,0.00000000,0.00000000,0.00000000,0.00292499,0.00000000,0.00000000,0.00000000,0.00000000,0.00000000,0.00000000,0.00000000,0.00000000,0.00000000,0.02032547,0.00000000,0.00000000,0.00000000,0.00000000,0.00000000,0.00000000,0.00000000,0.00000000,0.00502783,0.00000000,0.00000000,0.00238929,0.00000000,0.00000000,0.00000000,0.01806471,0.00000000,0.00000000,0.00000000,0.00000000,0.00000000,0.02123912,0.01515538,0.00000000,0.00000000,0.00000000,0.00000000,0.00000000,0.00000000,0.05406769,0.00000000,0.00242473,0.00000000,0.00000000,0.00000000,0.00000000,0.00000000,0.00077975,0.00000000,0.26621709,0.00000000,0.00000000,0.00000000,0.00000000,0.00000000,0.00000000,0.00000000,0.00000000,0.00000000,0.00000000,0.00000000,0.00000000,0.00000000,0.00000000,0.00000000,0.00000000,0.00000000,0.00000000,0.00000000,0.00000000,0.00000000,0.00000000,0.00000000,0.01071915,0.00000000,0.00000000,0.00000000,0.00000000,0.00000000,0.09930625,0.00000000,0.00000000,0.00000000,0.00000000,0.00000000,0.00000000,0.00000000,0.00000000,0.00000000,0.00728989,0.00000000,0.00000000,0.00000000,0.00376401,0.00000000,0.00132396
0.00000000,0.00000000,0.00415518,0.00000000,0.00000000,0.00000000,0.00000000,0.00000000,0.00000000,0.00000000,0.00000000,0.00000000,0.00000000,0.00000000,0.00353354,0.00000000,0.00000000,0.00000000,0.00000000,0.00000000,0.00000000,0.00000000,0.00000000,0.00158493,0.15422638,0.00000000,0.00000000,0.00000000,0.02719497,0.00000000,0.00000000,0.00000000,0.00621293,0.00000000,0.09143798,0.00000000,0.00000000,0.00000000,0.00000000,0.00000000,0.55166249,0.00000000,0.00000000,0.00000000,0.00000000,0.00000000,0.00000000,0.00000000,0.00000000,0.00662123,0.00000000,0.00000000,0.00000000,0.00000000,0.00000000,0.00000000,0.00000000,0.00000000,0.00000000,0.00000000,0.00000000,0.00000000,0.00000000,0.00512555,0.00000000,0.00000000,0.00393094,0.00000000,0.00000000,0.00000000,0.00000000,0.01189405,0.00000000,0.00000000,0.00000000,0.00000000,0.00000000,0.00000000,0.00331312,0.00000000,0.00000000,0.00000000,0.00000000,0.00000000,0.00000000,0.00000000,0.00000000,0.00000000,0.00000000,0.00000000,0.02341128,0.00000000,0.00000000,0.00000000,0.00000000,0.00000000,0.00000000,0.00000000,0.00000000,0.00000000,0.00000000,0.00000000,0.00000000,0.00000000,0.00000000,0.00000000,0.00000000,0.00000000,0.00000000,0.00795209,0.00000000,0.01186628,0.00000000,0.00000000,0.00000000,0.00000000,0.00000000,0.00000000,0.00000000,0.00000000,0.00000000,0.00000000,0.00000000,0.00000000,0.00000000,0.00000000,0.00000000,0.00000000,0.00000000,0.00000000,0.00000000,0.00000000,0.00000000,0.00000000,0.00000000,0.00000000,0.10676986,0.00000000,0.00000000,0.00000000,0.00000000,0.00000000,0.00000000,0.00000000,0.00000000,0.00000000,0.00000000,0.00000000,0.00000000,0.00000000,0.00000000,0.00000000,0.00000000,0.00000000,0.00000000,0.00000000,0.00000000,0.00000000,0.00000000,0.00000000,0.00000000,0.00000000,0.00000000,0.00000000,0.00000000,0.00000000,0.00000000,0.00000000,0.00000000,0.00350428,0.00000000,0.00000000,0.00000000,0.00000000,0.00000000,0.00000000,0.00000000,0.00000000,0.00000000,0.00000000,0.00000000,0.33520441,0.00000000,0.00000000,0.00000000,0.00000000,0.00000000,0.00000000,0.00000000,0.00000000,0.00000000,0.00000000,0.00000000,0.00000000,0.00000000,0.00000000,0.00000000,0.00000000,0.01335709,0.00000000,0.00000000,0.00000000,0.00000000,0.00109876,0.00000000,0.00000000,0.00000000,0.00000000,0.00000000,0.00000000,0.00000000,0.00000000,0.00168925,0.00000000,0.00000000,0.00000000,0.00000000,0.00000000,0.00280218,0.00000000,0.00360161,0.00000000,0.00000000,0.00943350,0.00000000,0.00000000,0.00000000,0.00590565,0.02479295,0.11841625,0.00000000,0.00000000,0.00000000,0.00000000,0.00000000,0.00000000,0.00000000,0.00000000,0.00000000,0.00000000,0.00000000,0.00000000,0.00000000,0.00000000,0.00000000,0.00000000,0.00000000,0.00000000,0.00000000,0.00000000,0.00000000,0.00000000,0.00000000,0.00000000,0.00000000,0.00000000,0.00000000,0.00000000,0.00000000,0.00000000,0.00000000,0.00000000,0.00000000,0.00000000,0.00000000,0.00000000,0.00000000,0.00000000,0.02274467,0.00000000,0.00000000,0.00000000,0.00000000,0.00000000,0.00000000,0.05997855,0.00000000,0.00000000,0.00253978,0.00000000,0.00000000,0.00000000,0.00000000,0.00000000,0.00000000,0.00000000,0.00000000,0.00000000,0.00000000,0.00000000,0.00000000,0.00000000,0.00000000,0.00000000,0.00000000,0.00000000,0.00000000,0.00000000,0.00000000,0.00000000,0.00000000,0.00000000,0.00000000,0.00000000,0.00000000,0.00000000,0.00000000,0.00000000,0.00000000,0.00083148,0.00000000,0.00000000,0.00000000,0.00000000,0.00000000,0.00825149,0.00000000,0.00000000,0.00000000,0.09667347,0.00000000,0.00000000,0.00495534,0.00000000,0.00000000,0.00000000,0.00000000,0.00000000,0.00584372,0.95360699,0.00595934,0.00000000,0.00000000,0.00000000,0.00000000,0.00000000,0.00000000,0.00000000,0.00000000,0.00000000,0.00000000,0.00000000,0.00000000,0.00000000,0.00000000,0.00000000,0.00000000,0.00000000,0.00000000,0.00000000,0.00000000,0.00000000,0.00000000,0.00000000,0.00000000,0.01442027,0.00000000,0.00000000,0.00000000,0.00000000,0.00000000,0.19424374,0.00000000,0.00000000,0.00000000,0.03291620,0.00000000,0.00000000,0.00000000,0.04304645,0.00000000,0.00000000,0.00000000,0.00259337,0.00419359,0.00000000,0.00000000,0.00000000,0.00000000,0.00000000,0.00000000,0.00000000,0.00000000,0.00000000,0.00000000,0.00000000,0.00000000,0.00000000,0.00000000,0.00000000,0.00000000,0.00000000,0.00000000,0.00000000,0.01705898,0.00000000,0.00000000,0.00000000,0.00000000,0.00000000,0.00000000,0.00000000,0.00000000,0.00558506,0.00000000,0.00000000,0.00000000,0.00000000,0.00000000,0.00000000,0.00000000,0.00000000,0.00000000,0.00000000,0.00293822,0.00000000,0.00000000,0.00000000,0.00248613,0.00000000,0.01340235,0.00000000,0.03792069,0.01379073,0.00000000,0.00000000,0.00000000,0.00000000,0.00000000,0.00000000,0.00792194,0.00000000,0.00000000,0.00000000,0.00000000,0.00000000,0.00000000,0.00000000,0.00000000,0.00000000,0.00000000,0.00000000,0.00000000,0.00000000,0.00000000,0.00000000,0.00000000,0.00000000,0.00000000,0.00270340,0.00246368,0.00000000,0.00000000,0.00000000,0.00553919,0.00000000,0.00000000,0.00000000,0.00000000,0.00000000,0.00000000,0.00000000,0.00000000,0.00000000,0.00000000,0.00160863,0.00000000,0.24637776,0.00000000,0.04169104,0.01623717,0.00000000,0.00000000,0.00830664,0.00000000,0.00000000,0.00000000,0.00000000,0.00000000,0.00687749,0.00000000,0.01279595,0.00000000,0.00000000,0.01895718,0.00000000,0.81032224,0.00000000,0.00000000,0.00000000,0.00000000,0.00000000,0.00000000,0.00000000,0.00000000,0.00000000,0.00000000,0.00000000,0.00000000,0.00120699,0.00000000,0.00000000,0.00000000,0.00000000,0.00000000,0.00352385,0.00000000,0.00000000,0.00000000,0.00000000,0.00000000,0.00000000,0.00000000,0.00000000,0.00800938,0.00000000,0.00000000,0.00000000,0.05958912,0.00000000,0.66987631,0.00000000,0.00000000,0.00069895,0.00000000,0.00000000,0.00000000,0.00000000,0.00000000,0.00000000,0.00744151,0.00000000,0.00000000,0.00000000,0.00000000,0.00000000,0.00000000,0.00000000,0.00000000,0.00000000,0.00000000,0.00000000,0.00000000,0.00000000,0.00000000,0.00000000,0.00000000,0.00000000,0.00000000,0.00000000,0.00000000,0.00000000,0.00000000,0.00000000,0.00600939,0.00000000,0.02234260,0.00000000,0.00000000,0.00000000,0.00000000,0.00000000,0.00000000,0.00000000,0.00000000,0.00000000,0.00000000,0.00929079,0.00000000,0.00000000,0.00000000,0.00000000,0.00000000,0.00000000,0.00000000,0.00000000,0.00000000,0.00000000,0.00000000,0.00000000,0.00000000,0.00000000,0.00000000,0.00000000,0.00000000,0.00000000,0.00000000,0.00000000,0.00000000,0.01409992,0.00000000,0.00000000,0.02617709,0.00000000,0.00000000,0.00000000,0.77680931,0.03927970,0.00000000,0.00000000,0.00000000,0.00000000,0.00000000,0.00000000,0.00000000,0.00000000,0.00000000,0.00000000,0.00000000,0.27216291,0.00000000,0.00000000,0.00000000,0.00000000,0.00000000,0.00000000,0.33491759,0.00000000,0.00000000,0.01801297,0.00475325,0.00820684,0.00000000,0.00000000,0.00000000,0.00000000,0.00000000,0.00320781,0.00508931,0.00000000,0.00313844,0.00000000,0.00000000,0.00000000,0.00000000,0.00000000,0.00000000,0.00000000,0.00000000,0.00000000,0.00000000,0.00000000,0.00000000,0.00000000,0.00355474,0.00000000,0.00000000,0.00378301,0.00000000,0.00000000,0.00000000,0.00000000,0.00000000,0.00000000,0.00000000,0.00000000,0.00000000,0.00000000,0.00000000,0.00000000,0.00846464,0.00000000,0.00000000,0.00000000,0.00000000,0.00000000,0.00000000,0.00000000,0.00000000,0.00000000,0.00000000,0.00000000,0.00000000,0.00000000,0.00000000,0.00000000,0.00000000,0.00000000,0.06184971,0.00000000,0.00000000,0.00000000,0.00000000,0.00000000,0.00620172,0.00000000,0.00000000,0.00000000,0.00382308,0.00000000,0.00000000,0.00000000,0.00000000,0.00000000,0.00000000,0.00000000,0.00559803,0.00000000,0.01389870,0.00000000,0.00000000,0.00000000,0.00000000,0.00447960,0.00000000,0.00000000,0.00000000,0.00000000,0.07777637,0.00000000,0.00000000,0.00000000,0.00000000,0.70149127,0.00000000,0.00000000,0.00000000,0.00000000,0.00000000,0.00000000,0.00000000,0.00000000,0.00000000,0.00000000,0.00106916,0.00000000,0.00072377,0.00000000,0.00000000,0.00000000,0.00443656,0.01013126,0.01872012,0.00000000,0.00000000,0.00000000,0.00000000,0.00000000,0.00000000,0.01526704,0.00000000,0.00000000,0.00000000,0.00000000,0.00000000,0.01750824,0.30789515,0.00273333,0.00000000,0.00000000,0.00000000,0.00000000,0.00000000,0.00000000,0.00000000,0.00000000,0.00000000,0.00000000,0.00000000,0.00000000,0.00190576,0.00784554,0.00494209,0.00484643,0.00000000,0.00000000,0.00000000,0.00000000,0.00000000,0.00000000,0.00000000,0.00000000,0.00535845,0.00000000,0.00000000,0.00000000,0.00000000,0.00000000,0.00000000,0.00000000,0.00000000,0.00000000,0.00000000,0.00000000,0.00000000,0.00000000,0.00000000,0.00339277,0.00000000,0.06715252,0.00000000,0.00000000,0.00000000,0.00000000,0.00000000,0.05831028,0.00000000,0.00000000,0.00000000,0.00000000
0.00000000,0.04872977,0.00000000,0.00000000,0.00336328,0.00000000,0.00000000,0.00000000,0.00000000,0.00000000,0.00000000,0.00000000,0.00000000,0.00000000,0.00000000,0.00000000,0.00925487,0.00000000,0.00000000,0.00000000,0.00000000,0.00000000,0.00000000,0.00000000,0.00000000,0.00743776,0.00000000,0.00108148,0.00000000,0.02978997,0.00000000,0.00000000,0.00000000,0.00000000,0.00000000,0.00000000,0.00000000,0.00000000,0.00000000,0.00000000,0.00000000,0.00211975,0.00000000,0.00000000,0.00000000,0.00000000,0.00750289,0.00000000,0.00000000,0.00000000,0.00000000,0.00000000,0.00000000,0.00000000,0.00000000,0.00000000,0.00000000,0.00000000,0.00000000,1.19452393,0.00000000,0.00000000,0.00000000,0.00000000,0.00000000,0.00000000,0.00896578,0.00000000,0.00000000,0.00000000,0.00000000,0.00000000,0.00000000,0.00000000,0.01132607,0.00000000,0.00000000,0.00000000,0.00000000,0.00000000,0.00000000,0.00000000,0.00000000,0.00000000,0.00000000,0.00000000,0.00000000,0.00000000,0.00000000,0.00000000,0.00218086,0.00000000,0.04454126,0.00000000,0.00000000,0.00000000,0.00000000,0.00000000,0.00000000,0.00000000,0.00000000,0.02474435,0.00000000,0.00000000,0.05541474,0.00000000,0.00976581,0.00000000,0.00000000,0.00000000,0.00000000,0.00000000,0.00336040,0.00000000,0.00000000,0.00000000,0.00000000,0.08254477,0.00090383,0.00000000,0.00000000,0.00000000,0.00000000,0.00000000,0.00000000,0.00000000,0.00000000,0.00000000,0.00000000,0.00000000,0.00000000,0.00000000,0.00000000,0.00000000,0.00000000,0.00000000,0.00000000,0.00000000,0.00874023,0.00000000,0.00000000,0.00000000,0.02371415,0.00000000,0.00000000,0.00000000,0.00000000,0.00000000,0.00000000,0.00000000,0.00000000,0.00000000,0.00000000,0.00000000,0.00000000,0.00000000,0.00000000,0.00000000,0.00937904,0.00000000,0.00000000,0.00544990,0.00000000,0.00000000,0.00000000,0.00000000,0.00000000,0.00000000,0.00989414,0.00000000,0.00000000,0.00000000,0.00000000,0.00000000,0.00000000,0.02829737,0.00000000,0.00000000,0.00000000,0.00000000,0.00435347,0.00000000,0.00000000,0.00000000,0.00000000,0.00000000,0.00000000,0.00000000,0.00000000,0.00000000,1.30141597,0.00000000,0.00000000,0.00000000,0.00000000,0.00267345,0.00000000,0.00000000,0.00355570,0.00000000,0.00000000,0.00000000,0.00000000,0.00000000,0.00000000,0.00000000,0.10974759,0.01431614,0.00236699,0.00000000,0.00000000,0.00107876,0.00000000,0.00000000,0.00000000,0.00000000,0.00000000,0.00000000,0.00000000,0.00000000,0.00000000,0.00200111,0.00000000,0.00000000,0.00000000,0.00000000,0.00000000,0.00000000,0.00000000,0.00000000,0.00000000,0.00000000,0.00000000,0.00000000,0.00000000,0.00195449,0.00000000,0.00000000,0.00000000,0.00000000,0.00000000,0.00000000,0.00000000,0.00000000,0.00000000,0.00000000,0.29768280,0.00000000,0.00000000,0.00674424,0.00000000,0.00000000,0.00000000,0.02539017,0.00000000,0.00000000,0.00000000,0.00000000,0.00000000,0.00000000,0.00000000,0.09353390,0.00000000,0.03497382,0.00000000,0.00000000,0.00000000,0.00000000,0.00000000,0.00000000,0.00000000,0.01475971,0.00000000,0.00757202,0.00000000,0.00000000,0.00000000,0.34989326,0.00000000,0.00000000,0.03261987,0.00000000,0.00000000,0.00000000,0.00000000,0.00000000,0.00000000,0.00000000,0.00000000,0.00000000,0.00000000,0.00000000,0.00000000,0.00000000,0.00000000,0.00000000,0.00000000,0.00000000,0.00000000,0.00000000,0.00000000,0.00000000,0.00309067,0.00000000,0.00000000,0.00000000,0.00000000,0.00000000,0.00000000,0.00000000,0.00000000,0.00000000,0.00000000,0.00000000,0.00000000,0.00000000,0.00000000,0.00000000,0.00305232,0.00000000,0.00000000,0.00000000,0.00000000,0.00000000,0.00000000,0.00000000,0.00000000,0.00000000,0.00000000,0.00000000,0.00000000,0.00000000,0.00000000,0.00000000,0.03788142,0.00000000,0.00000000,0.00000000,0.00000000,0.00000000,0.00000000,0.00000000,0.19983468,0.00000000,0.00000000,0.00000000,0.00000000,0.00000000,0.00000000,0.02611801,0.00000000,0.00000000,0.00000000,0.00000000,0.00000000,0.00000000,0.00000000,0.00210308,0.00000000,0.00000000,0.02026203,0.00218790,0.00000000,0.00000000,0.00000000,0.00932836,0.00107580,0.00000000,0.00000000,0.00000000,0.00000000,0.00000000,0.00000000,0.00000000,0.00000000,0.00000000,0.00000000,0.00000000,0.01540816,0.00000000,0.00000000,0.00000000,0.00000000,0.00000000,0.00000000,0.00000000,0.00000000,0.00000000,0.00000000,0.00000000,0.00000000,0.00000000,0.00000000,0.00296786,0.00000000,0.00000000,0.00000000,0.02500824,0.00000000,0.00000000,0.00000000,0.01115927,0.00000000,0.00000000,0.01247343,0.00000000,0.00000000,0.00000000,0.00000000,0.00406195,0.00000000,0.00000000,0.00000000,0.00000000,0.00220150,0.00000000,0.00000000,0.00000000,0.00000000,0.00000000,0.00000000,0.00000000,0.01807962,0.00000000,0.00000000,0.00000000,0.00000000,0.00000000,0.00000000,0.01987756,0.00000000,0.00000000,0.00000000,0.00000000,0.00000000,0.00444933,0.00000000,0.00000000,0.00000000,0.00000000,0.00000000,0.00331976,0.00000000,0.00000000,0.00000000,0.00000000,0.00000000,0.00000000,0.00000000,0.00000000,0.00000000,0.00000000,0.00000000,0.00000000,0.00000000,0.03911449,0.00000000,0.00000000,0.01884536,0.00000000,0.00354274,0.00000000,0.00000000,0.00000000,0.00000000,0.00000000,0.00000000,0.00000000,0.00000000,0.00000000,0.00000000,0.00000000,0.00000000,0.00754195,0.00000000,0.00000000,0.00000000,0.00000000,0.00000000,0.07863610,0.00000000,0.00230157,0.00000000,0.00178900,0.00000000,0.00000000,0.00000000,0.00000000,0.02285236,0.00000000,0.00000000,0.00000000,0.00000000,0.00000000,0.00000000,0.00000000,0.00000000,0.00000000,0.00381503,0.02833812,0.00000000,0.00000000,0.00000000,0.04543623,0.00000000,0.02386876,0.00000000,0.00000000,0.00000000,0.00000000,0.00000000,0.00000000,0.00000000,0.00000000,0.00000000,0.00000000,0.00000000,0.21415158,0.00494002,0.00000000,0.21211342,0.00000000,0.00000000,0.00000000,0.00000000,0.00000000,0.00000000,0.00000000,0.00000000,0.00000000,0.00000000,0.00000000,0.00000000,0.00000000,0.00398309,0.00000000,0.00477300,0.00000000,0.00000000,0.03474097,0.00000000,0.00000000,0.03796381,0.00000000,0.00971254,0.00000000,0.00000000,0.00000000,0.00000000,0.00000000,0.00000000,0.00000000,0.00000000,0.00000000,0.00000000,0.00000000,0.00000000,0.00000000,0.00000000,0.00000000,0.00000000,0.00000000,0.00000000,0.00136834,0.00000000,0.00000000,0.00000000,0.00000000,0.00000000,0.00000000,0.00000000,0.00000000,0.00000000,0.00000000,0.00000000,0.00000000,0.00000000,0.00000000,1.77425646,0.00000000,0.00000000,0.00000000,3.13227629,0.00000000,0.00000000,0.00000000,0.00000000,0.00687749,0.00000000,0.00000000,0.00000000,0.00000000,0.00000000,0.00000000,0.00000000,0.00000000,0.00000000,0.00000000,0.00000000,0.00000000,0.00000000,0.00000000,0.00000000,0.00000000,0.00000000,0.00000000,0.31523758,0.00836006,0.00000000,0.00000000,0.00000000,0.00000000,0.00674071,0.00000000,0.00000000,0.00000000,0.00000000,0.00000000,0.00000000,0.00000000,0.00000000,0.00000000,0.00000000,0.00669908,0.03422310,0.00000000,0.01618105,0.00000000,0.00000000,0.00000000,0.03444616,0.00000000,0.02699419,0.00000000,0.00000000,0.00000000,0.00000000,0.00000000,0.00000000,0.02636746,0.00000000,0.00000000,0.00000000,0.00000000,0.00000000,0.00000000,0.01486794,0.00000000,0.00000000,0.00000000,0.00000000,0.00000000,0.00000000,0.00000000,0.00000000,0.00000000,0.00000000,0.00000000,0.00000000,0.00000000,0.00000000,0.04491243,0.00975721,0.00000000,0.00000000,0.00000000,0.00000000,0.00000000,0.00000000,0.00000000,0.00000000,0.00000000,0.00000000,0.00000000,0.00603735,0.00000000,0.00000000,0.00000000,0.00000000,0.00000000,0.00000000,0.00000000,0.00076934,0.00000000,0.00000000,0.00000000,0.00000000,0.00000000,0.00000000,0.00000000,0.00000000,0.00000000,0.00000000,0.00000000,0.00000000,0.00000000,0.00000000,0.00000000,0.00000000,0.00000000,0.00144041,0.00000000,0.00000000,0.00000000,0.00000000,0.00000000,0.00000000,0.00000000,0.00000000,0.00000000,0.00000000,0.00364372,0.00000000,0.00000000,0.00000000,0.00000000,0.00000000,0.00707737,0.00000000,0.05763774,0.00000000,0.00000000,0.00000000,0.00000000,0.00929938,0.00000000,0.00000000,0.00000000,0.00000000,0.00000000,0.00000000,0.00000000,0.00000000,0.00000000,0.00000000,0.00000000,0.00000000,0.11875921,0.00000000,0.04677115,0.00000000,0.00000000,0.00000000,0.00000000,0.00000000,0.00000000,0.00000000,0.00000000,0.00000000,0.04715960,0.00000000,0.00000000,0.00000000,0.00000000,0.00406881,0.00000000,0.00000000,0.00000000,0.00000000,0.00000000,0.01914034,0.00000000,0.00000000,0.00000000,0.00000000,0.00000000,0.00000000,0.00000000,0.00000000,0.00000000,0.00000000,0.00000000,0.00000000,0.00000000,0.00000000,0.00000000,0.00000000,0.00000000,0.07816423,0.00000000,0.00000000,0.00000000,0.00000000,0.00000000,0.00000000,0.00000000,0.00000000,0.00000000,0.00000000,0.00000000,0.00000000,0.00000000,0.00000000,0.00000000,0.00000000,0.00000000,0.00000000,0.00000000,0.00000000,0.00000000
0.04684330,0.00000000,0.00000000,0.00000000,0.00000000,0.00000000,0.00775243,0.00000000,0.00000000,0.00000000,0.00000000,0.00000000,0.00000000,0.00000000,0.00000000,0.00000000,0.00000000,0.00710456,0.06126928,0.00205247,0.00000000,0.00000000,0.00000000,0.01922702,0.01033194,0.00000000,0.00000000,0.00000000,0.00000000,1.26102047,0.00000000,0.00278092,0.00000000,0.00000000,0.00000000,0.00000000,0.00000000,0.00582936,0.00000000,0.00000000,0.00000000,0.00000000,0.00000000,0.00000000,0.00000000,0.00000000,0.00000000,0.00000000,0.06290036,0.00000000,0.00000000,0.00000000,0.00268889,0.00000000,0.00000000,0.00000000,0.00259377,0.00000000,0.00000000,0.00000000,0.00000000,0.00000000,0.00000000,0.00000000,0.00000000,0.00000000,0.00000000,0.00000000,0.00000000,0.00000000,0.00000000,0.00000000,0.00340697,0.00000000,0.00000000,0.00000000,0.00000000,0.00000000,0.00000000,0.00000000,0.00000000,0.00000000,0.00000000,0.00000000,0.00000000,0.00000000,0.00000000,0.00000000,0.00000000,0.00000000,0.00000000,0.00000000,0.02891883,0.00000000,0.00000000,0.00000000,0.00000000,0.00000000,0.00000000,0.00000000,0.01174926,0.00000000,0.94399574,0.00000000,0.00000000,0.01047925,0.23252552,0.00000000,0.00000000,0.00000000,0.00000000,0.00000000,0.00000000,0.00000000,0.08083819,0.00000000,0.00000000,0.00000000,0.00000000,0.00000000,0.00000000,0.00000000,0.10503016,0.00000000,0.00000000,0.00000000,0.00000000,0.00000000,0.00000000,0.00000000,0.00000000,0.00000000,0.00000000,0.00000000,0.00000000,0.00000000,0.00000000,0.00000000,0.00000000,0.00000000,0.12277604,0.00000000,0.00000000,0.00000000,0.00000000,0.00000000,0.00000000,0.00000000,0.00000000,0.00000000,0.00124161,0.00000000,1.15736608,0.00000000,2.67154820,0.00000000,0.00000000,0.00000000,0.01446727,0.00000000,0.00000000,0.00000000,0.00000000,0.00000000,0.00000000,0.01288554,0.00000000,0.00000000,0.03473078,0.00000000,0.00000000,0.00000000,0.00000000,0.00000000,0.00000000,0.00000000,0.00000000,0.00000000,0.00000000,0.00000000,0.00000000,0.00000000,0.00000000,0.00000000,0.01761441,0.00000000,0.00000000,0.00478635,0.00000000,0.00000000,0.00000000,0.00000000,0.00000000,0.00000000,0.00000000,0.00000000,0.00000000,0.00000000,0.00000000,0.00000000,0.00000000,0.00000000,0.00000000,0.00000000,0.00000000,0.00000000,0.00000000,0.00000000,0.00617119,0.00000000,0.00000000,0.00000000,0.00000000,0.00000000,0.00000000,0.00000000,0.00000000,0.02147296,0.04264511,0.00000000,0.00000000,0.00000000,0.00000000,0.00000000,0.00000000,0.00000000,0.02392332,0.00000000,0.00000000,0.02447330,0.00000000,0.00000000,0.01539477,0.00374315,0.01933249,0.00000000,0.00000000,0.00000000,0.02179740,0.00000000,0.00000000,0.00000000,0.00000000,0.00000000,0.00000000,0.00000000,0.00000000,0.00000000,0.00000000,0.00000000,0.00000000,0.00000000,0.00000000,0.00000000,0.10994480,0.00000000,0.00085935,0.00000000,0.00000000,0.00000000,0.00000000,0.00000000,0.00000000,0.00000000,0.00000000,0.00088746,0.00000000,0.00000000,0.00000000,0.00000000,0.00000000,0.00000000,0.00000000,0.00000000,0.00000000,0.00000000,0.16636387,0.00000000,0.00000000,0.00300042,0.00000000,0.00000000,0.00000000,0.00000000,0.00000000,0.00000000,0.00000000,0.00000000,0.00000000,0.00000000,0.00000000,0.00000000,0.00000000,0.00000000,0.00000000,0.00000000,0.03832245,0.00000000,0.00000000,0.00000000,0.00000000,0.00000000,0.00000000,0.00000000,0.00000000,0.00000000,0.03173080,0.00397644,0.00342508,0.00000000,0.00000000,0.00000000,0.00000000,0.00000000,0.00000000,0.00000000,0.00000000,0.00000000,0.00000000,0.00000000,0.00000000,0.01069871,0.00000000,0.00000000,0.00000000,0.00000000,0.00000000,0.00000000,0.00000000,0.00000000,0.00000000,0.00000000,0.00000000,0.01108579,0.00000000,0.00627724,0.00000000,0.00000000,0.00000000,0.00000000,0.00000000,0.02380458,0.00000000,0.00000000,0.00000000,0.00000000,0.00000000,0.00000000,0.00000000,0.00000000,0.00000000,0.00000000,0.00000000,0.00000000,0.00000000,0.00000000,0.00000000,0.00000000,0.00979788,0.00000000,0.00000000,0.00000000,0.00000000,0.03670769,0.07344177,0.04189205,0.00000000,0.00000000,0.00000000,0.00000000,0.06555213,0.00000000,0.00000000,0.00000000,0.00000000,0.00000000,0.00000000,0.00000000,0.00000000,0.00000000,0.93272005,0.00000000,0.00216809,0.00000000,0.00000000,0.00138648,0.00000000,0.00000000,0.00000000,0.00000000,0.00000000,0.02252062,0.00000000,0.00000000,0.01090191,0.00000000,0.01390246,0.01261034,0.00000000,0.00000000,0.97111250,0.00000000,0.00000000,0.00000000,0.00000000,0.00000000,0.00000000,0.00000000,0.00000000,0.00000000,0.05772764,0.00000000,0.00000000,0.00000000,0.00000000,0.01149632,0.00000000,0.00000000,0.00000000,0.00000000,0.00000000,0.00000000,0.00000000,0.00138183,0.00000000,0.00000000,0.00000000,0.00000000,0.00000000,0.00000000,0.00000000,0.00000000,0.00000000,0.00000000,0.00000000,0.00000000,0.00000000,0.00000000,0.00258539,0.00000000,0.00000000,0.00000000,0.00000000,0.00000000,0.02342640,0.00000000,0.00000000,0.00000000,0.00000000,0.00000000,0.00000000,0.00849450,0.00000000,0.00000000,0.00000000,0.00000000,0.00000000,0.00000000,0.00000000,0.00000000,0.00000000,0.00000000,0.00000000,0.00000000,0.00000000,0.00000000,0.00000000,0.00000000,0.00000000,0.00999741,0.00000000,0.00000000,0.00000000,0.00000000,0.00000000,0.00000000,0.00000000,0.00000000,0.00000000,0.00000000,0.00000000,0.00075980,0.00000000,0.00000000,0.00000000,0.00000000,0.00000000,0.00000000,0.01631082,0.00000000,0.00000000,0.01495762,0.00000000,0.00000000,0.00000000,0.00462382,0.00000000,0.00000000,0.00000000,0.00000000,0.00000000,0.00000000,0.00000000,0.00000000,0.00000000,0.00254067,0.00000000,0.00000000,0.00000000,0.00000000,0.00000000,0.00000000,0.00000000,0.00000000,0.00000000,0.00000000,0.12010344,0.00000000,0.00000000,0.00000000,0.00000000,0.00000000,0.00000000,0.00000000,0.00000000,0.12986343,0.00000000,0.00000000,0.00000000,0.00000000,0.00000000,0.00000000,0.00000000,0.00000000,0.00000000,0.00000000,0.00000000,0.00000000,0.00000000,0.00000000,0.00000000,0.00000000,0.15155967,0.01292640,0.00000000,0.00000000,0.00000000,0.00000000,0.00000000,0.00000000,0.00000000,0.00145825,0.00000000,0.00826097,0.00000000,0.00000000,0.00000000,0.00000000,0.00000000,0.00000000,0.00000000,0.00000000,0.00000000,0.00000000,0.00000000,0.00000000,0.00000000,0.00000000,0.00000000,0.00000000,0.00000000,0.00000000,0.00000000,0.00000000,0.00000000,0.00000000,0.00000000,0.00000000,0.00000000,0.00000000,0.00000000,0.00000000,0.00000000,0.00000000,0.00000000,0.00000000,0.00000000,0.00000000,0.11156920,0.00000000,0.00000000,0.00000000,0.00000000,0.23767412,0.00000000,0.01597543,0.00000000,0.00000000,0.00000000,0.00532137,0.00000000,0.00000000,0.00000000,0.00000000,0.00000000,0.00000000,0.00000000,0.00000000,0.00000000,0.00000000,0.00000000,0.00000000,0.00000000,0.00000000,0.00000000,0.00000000,0.00000000,0.00000000,0.00000000,0.06739562,0.00000000,0.00000000,0.00000000,0.00000000,0.00000000,0.00000000,0.00000000,0.00000000,0.00000000,0.00000000,0.00000000,0.00000000,0.00000000,0.00000000,0.00000000,0.00000000,0.00000000,0.00000000,0.00000000,0.00143586,0.00000000,0.00283038,0.00000000,0.00000000,0.00000000,0.00000000,0.00000000,0.00000000,0.00000000,0.00000000,0.00000000,0.00000000,0.00000000,0.00000000,0.00000000,0.00000000,0.00000000,0.00000000,0.00320782,0.00000000,0.00000000,0.00000000,0.00000000,0.00000000,0.02930048,0.00000000,0.00000000,0.00259673,0.00000000,0.05780249,0.00000000,0.00000000,0.00000000,0.00000000,0.00000000,0.00000000,0.00000000,0.00000000,0.00000000,0.00000000,0.00000000,0.00000000,0.00000000,0.00000000,0.02445997,0.00000000,0.00000000,0.00000000,0.00186006,0.01318949,0.00000000,0.00000000,0.00000000,0.00000000,0.00000000,0.00506519,0.00000000,0.02136633,0.00000000,0.00000000,0.00000000,0.00000000,0.00000000,0.00000000,0.06048124,0.03764288,0.00000000,0.00000000,0.00000000,0.00000000,0.00000000,0.00000000,0.00000000,0.00000000,0.00000000,0.32557195,0.00000000,0.00000000,0.00000000,0.00000000,0.00000000,0.00000000,0.00143789,0.00000000,0.00000000,0.00000000,0.00000000,0.00000000,0.00000000,0.00000000,0.00745242,0.00000000,0.00000000,0.00000000,0.01523710,0.00000000,0.00000000,0.00000000,0.00000000,0.00000000,0.01935571,0.00210342,0.07721633,0.00000000,0.00000000,0.00000000,0.00000000,0.00000000,0.00000000,0.00000000,0.00000000,0.00000000,0.00000000,0.00000000,0.04027739,0.00000000,0.00000000,0.00000000,0.00000000,0.00000000,0.00000000,0.00000000,0.00000000,3.08835407,0.00000000,0.00000000,0.00000000,0.00000000,0.00000000,0.00000000,0.00000000,0.00000000,0.00000000,0.00000000,0.01071915,0.00000000,0.00000000,0.00000000,0.00995643,0.00253329,0.00000000,0.00000000,0.00000000,0.00000000,0.00067228,0.00000000,0.00000000,0.00000000,0.00000000,0.00000000,0.00000000,0.00000000,0.00000000,0.00000000,0.00000000,0.00000000,0.00000000,0.00000000,0.00000000,0.00000000
0.00000000,0.00000000,0.00000000,0.00000000,0.00000000,0.00000000,0.00000000,0.00281523,0.28495399,0.00000000,0.00235398,0.00000000,0.03976903,0.00000000,0.00000000,0.00000000,0.00000000,0.00000000,0.00000000,1.01865507,0.00000000,0.00000000,0.00000000,0.00000000,0.00000000,0.00000000,0.00000000,0.00000000,0.00000000,0.00000000,0.00000000,0.00000000,0.04390526,0.00000000,0.00000000,0.00000000,0.00000000,0.00000000,0.00000000,0.00000000,0.00000000,0.00000000,0.00000000,0.00000000,0.00000000,0.00000000,0.01315893,0.00000000,0.00000000,0.00000000,0.00137944,0.00000000,0.00000000,0.00000000,0.00000000,0.00000000,0.00000000,0.00000000,0.00000000,0.00000000,0.00000000,0.00000000,0.00000000,0.00000000,0.00000000,0.00000000,0.00000000,0.00000000,0.00000000,0.00000000,0.00000000,0.00000000,0.00000000,0.00000000,0.00000000,0.00000000,0.00000000,0.00513128,0.01550983,0.00000000,0.00000000,0.00000000,0.00000000,0.00000000,0.00000000,0.00000000,0.00000000,0.00000000,0.00000000,0.00000000,0.00000000,0.00000000,0.00000000,0.00000000,0.00000000,0.02085390,0.00000000,0.00000000,0.00000000,0.00000000,0.00000000,0.00000000,0.00084353,0.00093272,0.00000000,0.00000000,0.00000000,0.00000000,0.00179849,0.00000000,0.01947087,0.00000000,0.00000000,0.00000000,0.00000000,0.00000000,0.00000000,0.00000000,0.00000000,0.00000000,0.00000000,0.00000000,0.00000000,0.00000000,0.00000000,0.00000000,0.00000000,0.03166824,0.00000000,0.00000000,0.00000000,0.00000000,0.00000000,0.00000000,0.00527292,0.00000000,0.00000000,0.00000000,0.00000000,0.00000000,0.00000000,0.00000000,0.00000000,0.00000000,0.00000000,0.00000000,0.00000000,0.00000000,0.00880099,0.00000000,0.03047335,0.00000000,0.00000000,0.00000000,0.00000000,0.00000000,0.00000000,0.00000000,0.00000000,0.00000000,0.00000000,0.00000000,0.11377740,0.00000000,0.00000000,0.00000000,0.00000000,0.00000000,0.00000000,0.00000000,0.00000000,0.00000000,0.05842690,0.00000000,0.00000000,0.00000000,0.00000000,0.00984739,0.00000000,0.00000000,0.00000000,0.00000000,0.01222476,0.00000000,0.00000000,0.00000000,0.01375538,0.00000000,0.00000000,0.00000000,0.00000000,0.03183451,0.00000000,0.00000000,0.00780375,0.00000000,0.00000000,0.00000000,0.00000000,0.00000000,0.00000000,0.00382134,0.00000000,0.00000000,0.00000000,0.00000000,0.00000000,0.00000000,0.00000000,0.00000000,0.01494650,0.00000000,0.00000000,0.00000000,0.00000000,0.00000000,0.00000000,0.00000000,0.02019086,0.00000000,0.00000000,0.00157468,0.00000000,0.00000000,0.00000000,0.00000000,0.00000000,0.00000000,0.00000000,0.00000000,0.00000000,0.04303611,0.00000000,0.00000000,0.00000000,0.00000000,0.00000000,0.00000000,0.00000000,0.00000000,0.00000000,0.00000000,0.00000000,0.00921029,0.00000000,0.00000000,0.00000000,0.00000000,0.00000000,0.00144974,0.00000000,0.00000000,0.00000000,0.00000000,0.00000000,0.00000000,0.00000000,0.00000000,0.00000000,0.01669415,0.00000000,0.00000000,0.00000000,0.00772428,0.00000000,0.00153453,0.00000000,0.00000000,0.00000000,0.00000000,0.00000000,0.00000000,0.00000000,0.00000000,0.00000000,0.00000000,0.00000000,0.00000000,0.00000000,0.00000000,0.00000000,0.25091320,0.00000000,0.83709010,0.00000000,0.00000000,0.00000000,0.00131663,0.00000000,0.00000000,0.00000000,0.00000000,0.00000000,0.00000000,0.00000000,0.01176423,0.00000000,0.00000000,0.00000000,0.00000000,0.00000000,0.00000000,0.00000000,0.00000000,0.00000000,0.00000000,0.00000000,0.00000000,0.00000000,0.00000000,0.00000000,0.00000000,0.00309067,0.00000000,0.00000000,0.00000000,0.00000000,0.00000000,0.02965915,0.00000000,0.00000000,0.00000000,0.00000000,0.00117956,0.00000000,0.00000000,0.00000000,0.00000000,0.00000000,0.00906779,0.00000000,0.00000000,0.00000000,0.00000000,0.00000000,0.00000000,0.00000000,0.00000000,0.00000000,0.00000000,0.00000000,0.00000000,0.00000000,0.00000000,0.00000000,0.00000000,0.00000000,0.00000000,0.00215220,0.00000000,0.00000000,0.00000000,0.00000000,0.01949601,0.03307574,0.00000000,0.00000000,0.00000000,0.01976640,0.00000000,0.00000000,0.00000000,0.00000000,0.00000000,0.00000000,0.00000000,0.00000000,0.00000000,0.00000000,0.00000000,0.00000000,0.00000000,0.00000000,0.00848731,0.00000000,0.00000000,0.00000000,0.00000000,0.00000000,0.00000000,0.00000000,0.00000000,0.00000000,0.00000000,0.00687216,0.00000000,0.00000000,0.01740447,0.00000000,0.00000000,0.00000000,0.00000000,0.00000000,0.00000000,0.00000000,0.00000000,0.00000000,0.00765461,0.00082868,0.00000000,0.00000000,0.28064602,0.00000000,0.00000000,0.00000000,0.00000000,0.00000000,0.00000000,0.00000000,0.00000000,0.00000000,0.01658645,0.01528354,0.00000000,0.00000000,0.00000000,0.00000000,0.00000000,0.02220056,0.00000000,0.01939933,0.00000000,0.00000000,0.00000000,0.02157259,0.00000000,0.00000000,0.00000000,0.00000000,0.00000000,0.00000000,0.00000000,0.00000000,0.00000000,0.00000000,0.00000000,0.00000000,0.00000000,0.00000000,0.00000000,0.00000000,0.00090044,0.00000000,0.00000000,0.00000000,0.01243839,2.11643609,0.00000000,0.00000000,0.00000000,0.00000000,0.04262868,0.00000000,0.00000000,0.00000000,0.00000000,0.00000000,0.00000000,0.00000000,0.00000000,0.00000000,0.00000000,0.00259693,0.00000000,0.00000000,0.00000000,0.00000000,0.00000000,0.00000000,0.00000000,0.00000000,0.00000000,0.00000000,0.00000000,0.00490958,0.00000000,0.00000000,0.00000000,0.00000000,0.00000000,0.00000000,0.00000000,0.00000000,0.00000000,0.00000000,0.00000000,0.00000000,0.00000000,0.00000000,0.00000000,0.00000000,0.00000000,0.00000000,0.00000000,0.00000000,0.00000000,0.00000000,0.00000000,0.00000000,0.00000000,0.00000000,0.10814005,0.00000000,0.00000000,0.00000000,0.00380709,0.00000000,0.00000000,0.00000000,0.00375994,0.00000000,0.00520475,0.00000000,0.00000000,0.00000000,0.00000000,0.00000000,0.00000000,0.00000000,0.00000000,0.00000000,0.00000000,0.00000000,0.00000000,0.00000000,0.00000000,0.00000000,0.00000000,0.00000000,0.00000000,0.00000000,0.00000000,0.00000000,0.00000000,0.00000000,0.00000000,0.00000000,0.00000000,0.05304444,0.00000000,0.00000000,0.00000000,0.00000000,0.00295972,0.00000000,0.02117773,0.00000000,0.00000000,0.00000000,0.00000000,0.00000000,0.03408118,0.01114588,0.00000000,0.00000000,0.00000000,0.00000000,0.00000000,0.00000000,0.00000000,0.00000000,0.00000000,0.00000000,0.00000000,0.00000000,0.00000000,0.00000000,0.00000000,0.00000000,0.00000000,0.00000000,0.00000000,0.00000000,0.00630272,0.00000000,0.00000000,0.00000000,0.00000000,0.00000000,0.00000000,0.00000000,0.00000000,0.00000000,0.00000000,0.00000000,0.00538316,0.00000000,0.00000000,0.00215540,0.00318825,0.00000000,0.00113995,0.00000000,0.01606282,0.00564658,0.00000000,0.00000000,0.00000000,0.00000000,0.00000000,0.00000000,0.00000000,0.00000000,0.00813067,0.00000000,0.00000000,0.00000000,0.00200166,0.20678493,0.00000000,0.00000000,0.00000000,0.00000000,0.00000000,0.00000000,0.00000000,0.00000000,0.00407581,0.00000000,0.01193684,0.00000000,0.00000000,0.00000000,0.01557810,0.00000000,0.00000000,0.00000000,0.00755244,0.00000000,0.00000000,0.00686279,4.15425877,0.00000000,0.00000000,0.00000000,0.00000000,0.00000000,0.00000000,1.28627762,0.00000000,0.00000000,0.00879220,0.00000000,0.00000000,0.00830637,0.00000000,0.00000000,0.00000000,0.00000000,0.00000000,0.00000000,0.00000000,0.00551250,0.00000000,0.00000000,0.00000000,0.01438698,0.00000000,0.00000000,0.00754570,0.00000000,0.00263065,0.00000000,0.00000000,0.00793418,0.00000000,0.00000000,0.00000000,0.01967439,0.00000000,0.00000000,2.84942909,0.00000000,0.00000000,0.00000000,0.00000000,0.00000000,0.00000000,0.29127342,0.00000000,0.00000000,0.00000000,0.00000000,0.00000000,0.00000000,0.00000000,0.00000000,0.00000000,0.01057453,0.00000000,0.00000000,0.00000000,0.00000000,0.00000000,0.00000000,0.00000000,0.00000000,0.00000000,0.00617174,0.02091324,0.00000000,0.01861612,0.00000000,0.00000000,0.00000000,0.00000000,0.00000000,0.01695714,0.00000000,0.00000000,0.00000000,0.00000000,0.00177697,0.00000000,0.00000000,0.00000000,0.00000000,0.00381053,0.00000000,0.00000000,0.00000000,0.00000000,0.00000000,0.00000000,0.00000000,0.00000000,0.00000000,0.00000000,0.00000000,0.00061103,0.00000000,0.00000000,0.00000000,0.00000000,0.00000000,0.15875844,0.00000000,0.00000000,0.00000000,0.00000000,0.00000000,0.00000000,0.00000000,0.00000000,0.00000000,0.00000000,0.00000000,0.00000000,0.00000000,0.00000000,0.00000000,0.00000000,0.00000000,0.00000000,0.00000000,0.00000000,0.00000000,0.00000000,0.00801037,0.00000000,0.00000000,0.00000000,0.00000000,0.00000000,0.00000000,0.00000000,0.00000000,0.00000000,0.00000000,0.00000000,0.00000000,0.00000000,0.00000000,0.00000000,0.00000000,0.00000000,0.07816423,0.00995643,0.00000000,0.00000000,0.00000000,0.00000000,0.00000000,0.00000000,0.00000000,0.00000000,0.00000000,0.00000000,0.00000000,0.00000000,0.00000000,0.00000000,0.00000000,0.00000000,0.00000000,0.00000000,0.00000000,0.00000000,0.00000000,0.00707657
0.00000000,0.00091298,0.00000000,0.00121756,0.00649422,0.00000000,0.00000000,0.00000000,0.00000000,0.00000000,0.00000000,0.00000000,0.00000000,0.00000000,0.00000000,0.00000000,0.00000000,0.00337231,0.00000000,0.00000000,0.00000000,0.00000000,0.00000000,0.00000000,0.00000000,0.00000000,0.00000000,0.00000000,0.00523754,0.00149091,0.02304635,0.00000000,0.00000000,0.00000000,0.00000000,0.00000000,0.01559945,0.00000000,0.00204003,0.00000000,0.00000000,0.00000000,0.00000000,0.00000000,0.00000000,0.00000000,0.00000000,0.00000000,0.00000000,0.00000000,0.00000000,0.00821522,0.00000000,0.00000000,0.00000000,0.00000000,0.00303991,0.00000000,0.00603205,0.00000000,0.00000000,0.00000000,0.00000000,0.00000000,0.00000000,0.00098400,0.00000000,0.00000000,0.00000000,0.00000000,0.00688648,0.00000000,0.00000000,0.00000000,0.00000000,0.00000000,0.00000000,0.00000000,0.00000000,0.00081483,0.00333107,0.00000000,0.02386385,0.00000000,0.00000000,0.00000000,0.00118902,0.00000000,0.00000000,0.00000000,0.00000000,0.00000000,0.00000000,0.00000000,0.00000000,0.01718397,1.34561487,0.00000000,0.00000000,0.01346790,0.00000000,0.00000000,0.00000000,0.00000000,0.00000000,0.00503124,0.00000000,0.00000000,0.00000000,0.00000000,0.00585903,0.00000000,0.00000000,0.00000000,0.00000000,0.00000000,0.00000000,0.00000000,0.00000000,0.00000000,0.00000000,0.00000000,0.00000000,0.00000000,0.00000000,0.00000000,0.00000000,0.00000000,0.00000000,0.00000000,0.06676208,0.00000000,0.00000000,0.00000000,0.00000000,0.00000000,0.00000000,0.00000000,0.00000000,0.00000000,0.00000000,0.00000000,0.00000000,0.00000000,0.00000000,0.00000000,0.00000000,0.04782036,0.00000000,0.00000000,0.00078774,0.00000000,0.00000000,0.00000000,0.00000000,0.00000000,0.00000000,0.00000000,0.00000000,0.00000000,0.00000000,0.00000000,0.00000000,0.00000000,0.00000000,0.00000000,0.00000000,0.00000000,0.00000000,0.00000000,0.00000000,0.00000000,0.00353983,0.00000000,0.00501023,0.00000000,0.00000000,0.00000000,0.00000000,0.00000000,0.00000000,0.00000000,0.00626946,0.00000000,0.00000000,0.00000000,0.00000000,0.00000000,0.00000000,0.00000000,0.00000000,0.00000000,0.00000000,0.00000000,0.00356775,0.00000000,0.00000000,0.00000000,0.00000000,0.00000000,0.00000000,0.00000000,0.00000000,0.00000000,0.00549601,0.00000000,0.00000000,0.00000000,0.00000000,0.00000000,0.00000000,0.00000000,0.00098284,0.00000000,0.00000000,0.00000000,0.00000000,0.00000000,0.00000000,0.00000000,0.00000000,0.00000000,0.00000000,0.00000000,0.00000000,0.00000000,0.00000000,0.00000000,0.00000000,0.00000000,0.00000000,0.00000000,0.00000000,0.03255179,0.00000000,0.00000000,0.00000000,0.00567945,0.00000000,0.00000000,0.00000000,0.00000000,0.00000000,0.00000000,0.00000000,0.00000000,0.00000000,0.00000000,0.00000000,0.00387617,0.00000000,0.00000000,0.00000000,0.00000000,0.00000000,0.00000000,0.00107136,0.00000000,0.00000000,0.00000000,0.00000000,0.00000000,0.00000000,0.00000000,0.00000000,0.00000000,0.00100263,0.00093619,0.00000000,0.00000000,0.00000000,0.00000000,0.00000000,0.00000000,0.00000000,0.00000000,0.00000000,0.00000000,0.00000000,0.00000000,0.00000000,0.00000000,0.00000000,0.00373471,0.00000000,0.00000000,0.00000000,0.00000000,0.00000000,0.04949718,0.00000000,0.00000000,0.00000000,0.00000000,0.00000000,0.33808465,0.00000000,0.00000000,0.00000000,0.00000000,0.00000000,0.00000000,0.00000000,0.00000000,0.00000000,0.00000000,0.00000000,0.00413015,0.00000000,0.00000000,0.00000000,0.00000000,0.00000000,0.00000000,0.00000000,0.00000000,0.00000000,0.00000000,0.00000000,0.00000000,0.00000000,0.00000000,0.00000000,0.00000000,0.00000000,0.00000000,0.00000000,0.01184836,0.00000000,0.00000000,0.00000000,0.00000000,0.00000000,0.00251728,0.00000000,0.01131144,0.00000000,0.00000000,0.00000000,0.01855627,0.00169720,0.00000000,0.00000000,0.00000000,0.00000000,0.00000000,0.00000000,0.00000000,0.00000000,0.00000000,0.00000000,0.00000000,0.01214890,0.00000000,0.00000000,0.00000000,0.00000000,0.00000000,0.00000000,0.00000000,0.00000000,0.00000000,0.00000000,0.00835241,0.00000000,0.00000000,0.00000000,0.00000000,0.00000000,0.00000000,0.00000000,0.00000000,0.00000000,0.00000000,0.00000000,0.00000000,0.00000000,0.00000000,0.00000000,0.00498376,0.01851384,0.00000000,0.00000000,0.00000000,0.00000000,0.00000000,0.00000000,0.00000000,0.00577183,0.00000000,0.00588468,0.00000000,0.00000000,0.00000000,0.00782281,0.00210130,0.00000000,0.00000000,0.00388287,0.00000000,0.00000000,0.00000000,0.00000000,0.00000000,0.00000000,0.00000000,0.00000000,0.00000000,0.00000000,0.00000000,0.10110259,0.00000000,0.00000000,0.00000000,0.00000000,0.00000000,0.00000000,0.00000000,0.00000000,2.87300334,0.00000000,0.00305818,0.00000000,0.01023992,0.00000000,0.00000000,0.00000000,0.00000000,0.00000000,0.00000000,0.00000000,0.00000000,0.00000000,0.00000000,0.00000000,0.00000000,0.00000000,0.00000000,0.00000000,0.00000000,0.00000000,0.00000000,0.00000000,0.00000000,0.00000000,0.00000000,0.00000000,0.00000000,0.00000000,0.00000000,0.00000000,0.00000000,0.00000000,0.00000000,0.00000000,0.00000000,0.00000000,0.00000000,0.00000000,0.00000000,0.09471307,0.00000000,0.00000000,0.00000000,0.00000000,0.00000000,0.00000000,0.00000000,0.00000000,0.00000000,0.00000000,0.00000000,0.00265003,0.00000000,0.00000000,0.00000000,0.06114396,0.00000000,0.00000000,0.00000000,0.00000000,0.00000000,0.00000000,0.00000000,0.00000000,0.00000000,0.00000000,0.00000000,0.00000000,0.00000000,0.00000000,0.00000000,0.00000000,0.00000000,0.00000000,0.00000000,0.00000000,0.00000000,0.00124890,0.00000000,0.00000000,0.00000000,0.00000000,0.00000000,0.00000000,0.00000000,0.00000000,0.00000000,0.00000000,0.00000000,0.00000000,0.00000000,0.27898415,0.00000000,0.00658437,0.00000000,0.00000000,0.00000000,0.00000000,0.00000000,0.00000000,0.00052793,0.00000000,0.00000000,0.00000000,0.00000000,0.00000000,0.00000000,0.00000000,0.00000000,0.00000000,0.00000000,0.00000000,0.02645134,0.00000000,0.00000000,0.00000000,0.00000000,0.00000000,0.00000000,0.00235968,0.00000000,0.00000000,0.00000000,0.00000000,0.00000000,0.00000000,0.00000000,0.00968263,0.00000000,0.00000000,0.00000000,0.00000000,0.34392597,0.00000000,0.00000000,0.00000000,0.00000000,0.00992095,0.00000000,0.00000000,0.00000000,0.00000000,0.00000000,0.00000000,0.00558009,0.10696008,0.06997905,0.00000000,0.00000000,0.00000000,0.00605194,0.00000000,0.00000000,0.00000000,0.00000000,0.00000000,0.00000000,0.00000000,0.02997414,0.00000000,0.00000000,0.09782985,0.00000000,0.41931009,0.00000000,0.00000000,0.00403933,0.00000000,0.00000000,0.00000000,0.00000000,0.00000000,0.00862050,0.00000000,0.00000000,0.00000000,0.00000000,0.23301101,0.00000000,0.00000000,0.00000000,0.00000000,0.02626487,0.00000000,0.00000000,0.00000000,0.00000000,0.00000000,0.00000000,0.00000000,0.00000000,0.00395293,0.00000000,0.00000000,0.00000000,0.00000000,0.00000000,0.00000000,0.00000000,0.00000000,0.00000000,0.00000000,0.00000000,0.00000000,0.00000000,0.01500511,0.00000000,0.00000000,0.00000000,0.00000000,0.00000000,0.00000000,0.00000000,0.00000000,0.00000000,0.00000000,0.00000000,0.00000000,0.00000000,0.00000000,0.00000000,0.00000000,0.00000000,0.00000000,0.00000000,0.00000000,0.00000000,0.00000000,0.00000000,0.00000000,0.00000000,0.00000000,0.00000000,0.00000000,0.00000000,0.00000000,0.00000000,0.11614580,0.00000000,0.00000000,0.00000000,0.00000000,0.00000000,0.00000000,0.05718276,0.00000000,0.00000000,0.07654553,0.00302349,0.00000000,2.43698085,0.02962100,0.00217244,0.00000000,0.00000000,0.00000000,0.00000000,0.00212438,0.01229417,0.00000000,0.00000000,0.00130386,0.00000000,0.01383696,0.00246290,0.00000000,0.00000000,0.00000000,0.02935590,0.00000000,0.00000000,0.00000000,0.00000000,0.00287695,0.00000000,0.00000000,0.00000000,0.00000000,0.00000000,0.00000000,0.00000000,0.00000000,0.00235453,0.00000000,0.00000000,0.00000000,0.00138581,0.04033645,0.00000000,0.00000000,0.00000000,0.00000000,0.00000000,0.00000000,0.00000000,0.01345200,0.00000000,0.00000000,0.00000000,0.00000000,0.00000000,0.00000000,0.00000000,0.00000000,0.00000000,0.00000000,0.00000000,0.00000000,0.00000000,0.00000000,0.00000000,0.00000000,0.00000000,0.00000000,0.00000000,0.00000000,0.00000000,0.00000000,0.00000000,0.00000000,0.00000000,0.00000000,0.00000000,0.00000000,0.00000000,0.00000000,0.00000000,0.00000000,0.00000000,0.00000000,0.00000000,0.00000000,0.04264261,0.00000000,0.00000000,0.00000000,0.00330382,0.00000000,0.00000000,0.00000000,0.00000000,0.00000000,0.00000000,0.00000000,0.00000000,0.00000000,0.00000000,0.00000000,0.00000000,0.00420422,0.00093285,0.00334754,0.00000000,0.00000000,0.00000000,0.00000000,0.00253329,0.00000000,0.00000000,0.00000000,0.00000000,0.00000000,0.00190495,0.34160219,0.00602311,0.00000000,0.00000000,0.00000000,0.00000000,0.00000000,0.00000000,0.00000000,0.00000000,0.05153845,0.00000000,0.00289102,0.00000000,0.00000000,0.00000000
0.00000000,0.00000000,0.00000000,1.47561773,0.00480122,0.00000000,0.00000000,0.00000000,0.00000000,0.00000000,0.00000000,0.00000000,0.00000000,0.01294253,0.00000000,0.00000000,0.00653122,0.00000000,0.00000000,0.00000000,0.00000000,0.00000000,0.00000000,0.00000000,0.00000000,0.00351678,0.00000000,0.00000000,0.00000000,0.00000000,0.00000000,0.01787520,0.00000000,0.00000000,0.00000000,0.00000000,0.00000000,0.00000000,0.01424188,0.00000000,0.00000000,0.00000000,0.00000000,0.00000000,0.00000000,0.00384978,0.00000000,0.00000000,0.00000000,0.00000000,0.00127884,0.00000000,0.00000000,0.00000000,0.00000000,0.00000000,0.00000000,0.00000000,0.00000000,0.00000000,0.00000000,0.01146138,0.00000000,0.00000000,0.00000000,0.00000000,0.00000000,0.00000000,0.00000000,0.00000000,0.00000000,0.00000000,0.00000000,0.45811198,0.00000000,0.00000000,0.00953598,0.00000000,0.00000000,0.00000000,0.00000000,0.00000000,0.00000000,0.00000000,0.00000000,0.09942254,0.00000000,0.00000000,0.00000000,0.00000000,0.00000000,0.00000000,0.00000000,0.00000000,0.00000000,0.00000000,0.00000000,0.08433692,0.00000000,0.00000000,0.00000000,0.00000000,0.00000000,0.00000000,0.00000000,0.00000000,0.00000000,0.00000000,0.00202760,0.00000000,0.00000000,0.00000000,0.00000000,0.00000000,0.04394480,0.00000000,0.00000000,0.00000000,0.00000000,0.00242532,0.00000000,0.00000000,0.00000000,0.00000000,0.00213536,0.00000000,0.00000000,0.00000000,0.00000000,0.00000000,0.00000000,0.00000000,0.27162075,0.00000000,0.00000000,0.00000000,0.00000000,0.00000000,0.00000000,0.00883288,0.00000000,0.00000000,0.00000000,0.00000000,0.00000000,0.00000000,0.00000000,0.00108924,0.03975354,0.00000000,0.00000000,0.00000000,0.00000000,0.00825933,0.00405017,0.00000000,0.00000000,0.00000000,0.00729554,0.00000000,0.00000000,0.00000000,0.00000000,0.00000000,0.00000000,0.00000000,0.00000000,0.00000000,0.00000000,0.00000000,0.00000000,0.00000000,0.00000000,0.00000000,0.00000000,0.00000000,0.00000000,0.00000000,0.00000000,0.02134145,0.00000000,0.00000000,0.00000000,0.00000000,0.00000000,0.00000000,0.00000000,0.00000000,0.00000000,0.00000000,0.00000000,0.00000000,0.00000000,0.00000000,0.00000000,0.00000000,0.00000000,0.00000000,0.00000000,0.00000000,0.00000000,0.00000000,0.00000000,0.00000000,0.00000000,0.00000000,0.00000000,0.02107459,0.00000000,0.00000000,0.00000000,0.00000000,0.00000000,0.00396118,0.00000000,0.00000000,0.00000000,0.00000000,0.00000000,0.00000000,0.00000000,0.00000000,0.00000000,0.00000000,0.00000000,0.00000000,0.00000000,0.00166646,0.00000000,0.00000000,0.00000000,0.00000000,0.04731319,0.00000000,0.00000000,0.00000000,0.00000000,0.00000000,0.00000000,0.00000000,0.00000000,0.00000000,0.00000000,0.00000000,0.00000000,0.00000000,0.00000000,0.00000000,0.00000000,0.00953461,0.00000000,0.00000000,0.00000000,0.00928300,0.02135075,0.00000000,0.00000000,0.00000000,0.00000000,0.00000000,0.00000000,0.00000000,0.00000000,0.02698126,0.00000000,0.00000000,0.00000000,0.00602543,0.00000000,0.00000000,0.07644669,0.00000000,0.00000000,0.00000000,0.00000000,0.00000000,0.00000000,0.00000000,0.00000000,0.00000000,0.00000000,0.00000000,0.00000000,0.00000000,0.00000000,0.00000000,0.00000000,0.00000000,0.00000000,0.00450565,0.00000000,0.00000000,0.00000000,0.00000000,0.00000000,0.00000000,0.00000000,0.00310143,0.00000000,0.00000000,0.00000000,0.00000000,0.00238575,0.00000000,0.00000000,0.00000000,0.00000000,0.00000000,0.00000000,0.00000000,0.00000000,0.00000000,0.00000000,0.00000000,0.00000000,0.00701153,0.00000000,0.00000000,0.00000000,0.00000000,0.01634820,0.00000000,2.16526146,0.00000000,0.00000000,0.00000000,0.00000000,0.00000000,0.00000000,0.00000000,0.00000000,0.00000000,0.00000000,0.00000000,0.00000000,0.00000000,0.00000000,0.00000000,0.00000000,0.00000000,0.00000000,0.00273261,0.00000000,0.00000000,0.00000000,0.00000000,0.00326783,0.00000000,0.00000000,0.00000000,0.00000000,0.00000000,0.00000000,0.00000000,0.00000000,0.00000000,0.00000000,0.00000000,0.00000000,0.00000000,0.00000000,0.00528397,0.00000000,0.00000000,0.00000000,0.05810387,0.00000000,0.00000000,0.00912226,0.00000000,0.00000000,0.00000000,0.00000000,0.00000000,0.00000000,0.00665171,0.00000000,0.00000000,0.00000000,0.00000000,0.00000000,0.00000000,0.00000000,0.00000000,0.17753594,0.00000000,0.00000000,0.00000000,0.00000000,0.00000000,0.00000000,0.02035816,0.00000000,0.00173693,0.00083729,0.00000000,0.00000000,0.00309615,0.00000000,0.00000000,0.00000000,0.00000000,0.00000000,0.00000000,0.00000000,0.00000000,0.00000000,0.00000000,0.00000000,0.00000000,0.00000000,0.00000000,0.00000000,0.00299683,0.00000000,0.00000000,0.00000000,0.00000000,0.02161697,0.00288266,0.00000000,0.01814251,0.00000000,0.00000000,0.00000000,0.00000000,0.00000000,0.00000000,0.00000000,0.00000000,0.00000000,0.00000000,0.00000000,0.00000000,0.00882043,0.00000000,0.08837406,0.00000000,0.00000000,0.00000000,0.00000000,0.00000000,0.00000000,0.00000000,0.00000000,0.00000000,0.00000000,0.00000000,0.00000000,0.00000000,0.00000000,0.00046369,0.00307674,0.00000000,0.00000000,0.00000000,0.00000000,0.00000000,0.00000000,0.00000000,0.00951516,0.00000000,0.00000000,0.01133621,0.00000000,0.00000000,0.00339306,0.00000000,0.00000000,0.00000000,0.00000000,0.00000000,0.00000000,0.00000000,0.03404534,0.00000000,0.00000000,0.00000000,0.00000000,0.03080674,0.00000000,0.00760242,0.00754115,0.00000000,0.00000000,0.00000000,0.00000000,0.00000000,0.00000000,0.00000000,0.00000000,0.00000000,0.03973119,0.00000000,0.00000000,0.00000000,0.00000000,0.00000000,0.00000000,0.00000000,0.00000000,0.04826206,0.00000000,0.00000000,0.00000000,0.00000000,0.00000000,0.00000000,0.00000000,0.00000000,0.00000000,0.00000000,0.00000000,0.00000000,0.00000000,0.00000000,0.00000000,0.00000000,0.00000000,0.00277706,0.00000000,0.00000000,0.00000000,0.13299347,0.00000000,0.00000000,0.00112852,0.00000000,0.00000000,0.00000000,0.00000000,0.00000000,0.00000000,0.00860006,0.00000000,0.00000000,0.00000000,0.00000000,0.00000000,0.00000000,0.00000000,0.00000000,0.00000000,0.00000000,0.00000000,0.00000000,0.00000000,0.00647874,0.00000000,0.00000000,0.00000000,0.00000000,3.76850456,0.00000000,0.00000000,0.00000000,0.00000000,0.00000000,0.01331575,0.00000000,0.00000000,0.00000000,0.00000000,0.05705843,0.00000000,0.00000000,0.00000000,0.00000000,0.00000000,0.00000000,0.00000000,0.00000000,0.00000000,0.00000000,0.00000000,0.00000000,0.00000000,0.00000000,0.00000000,0.00559304,0.00000000,0.00000000,0.00000000,0.00000000,0.00000000,0.00000000,0.00000000,0.00000000,0.00000000,0.00000000,0.00000000,0.00000000,0.00090247,0.00000000,0.00000000,0.00000000,0.01507718,0.00000000,0.00000000,0.00000000,0.00000000,0.00000000,0.00000000,0.01235910,0.00274950,0.00000000,0.00000000,0.00000000,0.00000000,0.00813718,0.00000000,0.00000000,0.00000000,0.00000000,0.00000000,0.00000000,0.00000000,0.00000000,0.00000000,0.00000000,1.17440875,0.00000000,0.00000000,0.00000000,0.00000000,1.09573390,0.00000000,0.00000000,0.00000000,0.00000000,0.00000000,0.00000000,0.00000000,0.00000000,0.00000000,0.00000000,0.00000000,0.00000000,0.01592266,0.00000000,0.00000000,0.00000000,0.00403636,0.00400055,0.00243704,0.00000000,0.01852498,0.00000000,0.00846128,0.00000000,0.00000000,0.00000000,0.00492780,0.00000000,0.00000000,0.00000000,0.01835770,0.00000000,0.00000000,0.00000000,0.00000000,0.00000000,0.00310288,0.00000000,0.00000000,1.23601667,0.00000000,0.00000000,0.00000000,0.00000000,0.00000000,0.00000000,0.00000000,0.00000000,0.00053732,0.05853558,0.01141888,0.00397914,0.00000000,0.00000000,0.00000000,0.00000000,0.00000000,0.00000000,0.00000000,0.00000000,0.00152730,0.00000000,0.00000000,0.00000000,0.00000000,0.00000000,0.00000000,0.00000000,0.00000000,0.00000000,0.03791013,0.00000000,0.00000000,0.00000000,0.00000000,0.00000000,0.00000000,0.00000000,0.00000000,0.00000000,0.00000000,0.00000000,0.00000000,0.00000000,0.01000533,0.00000000,0.00000000,0.00000000,0.00000000,0.00000000,0.00000000,0.00000000,0.00000000,0.19560784,0.00258394,0.00000000,0.00000000,0.00000000,0.00000000,0.02892665,0.00000000,0.00000000,0.00000000,0.00000000,0.00000000,0.00000000,0.00000000,0.00000000,0.00000000,0.00000000,0.00000000,0.00000000,0.00000000,0.00000000,0.00000000,0.00000000,0.00000000,0.00000000,0.00000000,0.00000000,0.00000000,0.00000000,0.00000000,0.00000000,0.00000000,0.00000000,0.00000000,0.00000000,0.02675545,0.00000000,0.00000000,0.00000000,0.00000000,0.00000000,0.00554833,0.00000000,0.00000000,0.00000000,0.00000000,0.00000000,0.02969930,0.00000000,0.04978333,0.00000000,0.00000000,0.00000000,0.00000000,0.00000000,0.00000000,0.00000000,0.00000000,0.00000000,0.00000000,0.00000000,0.00000000,0.00000000,0.30293527,0.00000000,0.04866168,0.00000000,0.00000000,0.00000000,0.00121664,0.00000000,0.00000000,0.00000000,0.00000000,0.00000000,0.00000000,0.00000000,0.00000000,0.01668261,0.00000000,0.00000000
0.00000000,0.00000000,0.00000000,0.00000000,0.00000000,0.00000000,0.00000000,0.00000000,0.00000000,0.00000000,0.00000000,0.00135355,0.00000000,0.00343134,0.00000000,0.00127665,0.01064372,0.00000000,0.00000000,0.00000000,0.00000000,0.00000000,0.00000000,0.00469851,0.00000000,0.00000000,0.00000000,0.00000000,0.01330301,0.00000000,0.00000000,0.00000000,0.00000000,0.00000000,0.00000000,0.01229043,0.00000000,0.00000000,0.00000000,0.00000000,0.00000000,0.00000000,0.05016965,0.00000000,0.00000000,0.00000000,0.00000000,0.00000000,0.00000000,0.00000000,0.00000000,0.00000000,0.00071510,0.00000000,0.00000000,0.00000000,0.00000000,0.00000000,0.07877207,0.00114625,0.00000000,0.00000000,0.00000000,0.00000000,0.00000000,0.00000000,0.00000000,0.01152513,0.00000000,0.00000000,0.00000000,0.00000000,1.21768437,0.00000000,0.00000000,0.00000000,0.00000000,0.00000000,0.00000000,3.89819871,0.00395566,0.00000000,0.00143982,2.61207883,0.00000000,0.00000000,0.00000000,0.00154703,0.00000000,0.00000000,0.00000000,0.00000000,0.00000000,0.00000000,0.00000000,0.00000000,0.00000000,0.01630651,0.00000000,0.00000000,0.00000000,0.00000000,0.00000000,0.00000000,0.00000000,1.45722408,0.00000000,0.00000000,0.00000000,0.00000000,0.00000000,0.02989470,0.00000000,0.00000000,0.00408364,0.00000000,0.00000000,0.00000000,0.00000000,0.00000000,0.00000000,0.00674531,0.00000000,0.00000000,0.00000000,0.00000000,0.00000000,0.00000000,0.01068795,0.00000000,0.00000000,0.00000000,0.00000000,0.00000000,0.00000000,0.00000000,0.00000000,0.00000000,0.00000000,0.00542059,0.00505303,0.00000000,0.00138533,0.00000000,0.00000000,0.00000000,0.00000000,0.00000000,0.00000000,0.00000000,0.00000000,0.00000000,0.00000000,0.00000000,0.00000000,0.00000000,0.00000000,0.20167144,0.12699899,0.00000000,0.00000000,0.00000000,0.00000000,0.00365853,0.00220748,0.00000000,0.00000000,0.00146153,0.00000000,0.00000000,0.00000000,0.00000000,0.00000000,0.00000000,0.00000000,0.00000000,0.00000000,0.00000000,0.00000000,0.00000000,0.00000000,0.00083787,0.00000000,0.00000000,0.00000000,0.00000000,0.00000000,0.00000000,0.00000000,0.00000000,0.00000000,0.00000000,0.00000000,0.00000000,0.00000000,0.00000000,0.00000000,0.00000000,0.00000000,0.01446330,0.00000000,0.01318262,0.00000000,0.00000000,0.01495126,0.00142818,0.00000000,0.00000000,0.00000000,0.00000000,0.00000000,0.00000000,0.00000000,0.00000000,0.00000000,0.00000000,0.06947684,0.00000000,0.00000000,0.00000000,0.00250353,0.00000000,0.00121447,0.00471899,0.00000000,0.00762831,0.09163913,0.00000000,0.00000000,0.00000000,0.00000000,0.00000000,0.14032219,0.00000000,0.00000000,0.00000000,0.00000000,0.00000000,0.00000000,0.02852705,0.00000000,0.00000000,0.00000000,0.00000000,0.00000000,0.00000000,0.01989883,0.00207202,0.00000000,0.00000000,0.01288226,0.00000000,0.03848228,0.00000000,0.00000000,0.00000000,0.05613668,0.00000000,0.00000000,0.00000000,0.00000000,0.00000000,0.00000000,0.00000000,0.00000000,0.00000000,0.00000000,0.00000000,0.00000000,0.00000000,0.00000000,0.00000000,0.00000000,0.00000000,0.16158401,0.00000000,0.00000000,0.00000000,0.00000000,0.00000000,0.00000000,0.00000000,0.00000000,0.00000000,0.00000000,0.00000000,0.00000000,0.00000000,0.00000000,0.03224558,0.00000000,0.00000000,0.00000000,0.00000000,0.00000000,0.00000000,0.00000000,0.00000000,0.00000000,0.00000000,0.00000000,0.00000000,0.00000000,0.00000000,0.00000000,0.00000000,0.00000000,0.00000000,0.00000000,0.00000000,0.00000000,0.00070667,0.00000000,0.00000000,0.00000000,0.00000000,0.00000000,0.00360960,0.00418939,0.00000000,0.00000000,0.00000000,0.00000000,0.00000000,0.00000000,0.00000000,0.00000000,0.00000000,0.00000000,0.00000000,0.00000000,0.00000000,0.00224616,0.00000000,0.00000000,0.00000000,0.00000000,0.00000000,4.15878404,0.00000000,0.00000000,0.00000000,0.00000000,0.01380609,0.00000000,0.00000000,0.00000000,0.00000000,0.00000000,0.00000000,0.00000000,0.00000000,0.00303679,0.00000000,0.00000000,0.00000000,0.00000000,0.00000000,0.00000000,0.00000000,0.00000000,0.00000000,0.00000000,0.00000000,0.00000000,0.00000000,0.00000000,0.00000000,0.00000000,0.00000000,0.00000000,0.00211863,0.00000000,0.00093182,0.00000000,0.00000000,0.00000000,0.00000000,0.00000000,0.00000000,0.00000000,0.01060080,0.00000000,0.00000000,0.00000000,0.00000000,0.00000000,0.00367409,0.00000000,0.00000000,0.00000000,0.00000000,0.00000000,0.00000000,0.00000000,0.00000000,0.00000000,0.00000000,0.00000000,0.00000000,0.00000000,0.00000000,0.00000000,0.00000000,0.00000000,0.00000000,0.01812380,0.00000000,0.00000000,0.00000000,0.00000000,0.00000000,0.00000000,0.00000000,0.00000000,0.00000000,0.00000000,0.00000000,0.00000000,0.00000000,0.00000000,0.00000000,0.00000000,0.00667386,0.00000000,0.00000000,0.00000000,0.00000000,0.00000000,0.00000000,0.00000000,0.00000000,0.00000000,0.00650137,0.00000000,0.00000000,0.00000000,0.00000000,0.00000000,0.00000000,0.00000000,0.00000000,0.00000000,0.00000000,0.00000000,0.00000000,0.00000000,0.00000000,0.00000000,0.00467006,0.00000000,0.00000000,0.00000000,0.00000000,0.00000000,0.00000000,0.00000000,0.00000000,0.00000000,0.00000000,0.00000000,0.00000000,0.00000000,0.00000000,0.00000000,0.00000000,0.00000000,0.00000000,0.00000000,0.00000000,0.00567359,0.00000000,0.00558435,0.00000000,0.00000000,0.00000000,0.00365694,0.00000000,0.02641266,0.00000000,0.00000000,0.00000000,0.00000000,0.00000000,0.00000000,0.00000000,0.00139422,0.00000000,0.00000000,0.00000000,0.00000000,0.00188530,0.00454350,0.34203675,0.00000000,0.00000000,0.00579444,0.00000000,0.00000000,0.00000000,0.00000000,0.00000000,0.00000000,0.00716763,0.00000000,0.00000000,0.00000000,0.00000000,0.00000000,0.16410239,0.00000000,0.00000000,0.00000000,0.00000000,0.00000000,0.00000000,0.00000000,1.62653925,0.00000000,0.00000000,0.00000000,0.00000000,0.00000000,0.00000000,0.00000000,0.00000000,0.00166705,0.00000000,0.00000000,0.00000000,0.00000000,0.00000000,0.00000000,0.02578048,0.00000000,0.00000000,0.00000000,0.00000000,0.00000000,0.00000000,0.00299290,0.00000000,0.01505078,0.00000000,0.00000000,0.00000000,0.00000000,0.00000000,0.00000000,0.00000000,0.00000000,0.00000000,0.00000000,0.00000000,0.00000000,0.00000000,0.00000000,0.00000000,0.00000000,0.00000000,1.91658889,0.00000000,0.00000000,0.00654128,0.00000000,0.00000000,0.00000000,0.00000000,0.00000000,0.00000000,0.00000000,0.00390633,0.00000000,0.00533068,1.87304006,0.00000000,0.00000000,0.00000000,0.00000000,0.00000000,0.00000000,0.00000000,0.00000000,0.07289437,0.00000000,0.00000000,0.00000000,0.00000000,0.00000000,0.00000000,0.08432654,0.00000000,0.00000000,0.00000000,0.00000000,0.00000000,0.00000000,0.00194321,0.00000000,0.00000000,0.00000000,0.00000000,0.00000000,0.00000000,0.00000000,0.00000000,0.00000000,0.00000000,0.00000000,0.00000000,0.00000000,0.00000000,0.00000000,0.00382882,0.06715387,0.00113551,0.00000000,0.00571403,0.00000000,0.00000000,0.00000000,0.00000000,0.00000000,0.00000000,0.00669124,0.00000000,0.00107452,0.00000000,0.00000000,0.00000000,0.00000000,0.00000000,0.00000000,0.00000000,0.00000000,0.00000000,0.00000000,0.00000000,0.00000000,0.00000000,0.00000000,0.00000000,0.00232261,0.00000000,0.00000000,0.21182428,0.01197312,0.00000000,0.15887360,0.00000000,0.00000000,0.00000000,0.00000000,0.00000000,0.00000000,0.00000000,0.00000000,0.00000000,0.00000000,0.00000000,0.00000000,0.00000000,0.08271949,0.00000000,0.00197007,0.00000000,0.00000000,0.00000000,0.00000000,0.00000000,0.00000000,0.00000000,0.00000000,0.00656418,0.00000000,0.00000000,0.00000000,0.00000000,0.00000000,0.00000000,0.00519457,0.00162477,0.00000000,0.00000000,0.00000000,0.00000000,0.00000000,0.00000000,0.00000000,0.00000000,0.00000000,0.00000000,0.00000000,0.00000000,0.00000000,0.00000000,0.00000000,0.00000000,0.00000000,0.00259426,0.00000000,0.00000000,0.00000000,0.00000000,0.00000000,0.00000000,0.00223074,0.00000000,0.00000000,0.00000000,0.00000000,0.00000000,0.00000000,0.00000000,0.00000000,0.00000000,0.00000000,0.00000000,0.00000000,0.00000000,5.18279373,0.00889837,0.01551433,0.00000000,0.00000000,0.00000000,0.00000000,0.00000000,0.00000000,0.00000000,0.00000000,0.00000000,0.00000000,0.00000000,0.00000000,0.00000000,0.00000000,0.00000000,0.00096700,0.00000000,0.00000000,0.00000000,0.00000000,0.00000000,0.00000000,0.00000000,0.00000000,0.00000000,0.00000000,0.00000000,0.00000000,0.00000000,0.00000000,0.00000000,0.00000000,0.00000000,0.00000000,0.00000000,0.00000000,0.00000000,0.00000000,0.00000000,0.00000000,0.00000000,0.00000000,0.00000000,0.00000000,0.00000000,0.00000000,0.00000000,0.00000000,0.00000000,0.00000000,0.00000000,0.00000000,0.00000000,0.00000000,0.00000000,0.00000000,0.00000000,0.00000000,0.00000000,0.00000000,0.00175451,0.02385316,0.00000000,0.00000000,0.00000000,0.00000000,0.00000000,0.00000000,0.00000000,0.00000000,0.00000000,0.00000000,0.00000000,0.00000000,0.00000000,0.00000000,0.00000000
0.00900831,0.00000000,0.00346866,0.00000000,0.00000000,0.00000000,0.00000000,0.00000000,0.00197754,0.00000000,0.00000000,0.00000000,0.00000000,0.00000000,0.00000000,0.00000000,0.01389166,0.00000000,0.00000000,0.00000000,0.00000000,0.00000000,0.00000000,0.00000000,0.00000000,0.00000000,0.00000000,0.00000000,0.00000000,0.00000000,0.07871582,0.00000000,0.00000000,0.00000000,0.00000000,0.00000000,0.00000000,0.01205899,0.00000000,0.00000000,0.00000000,0.00000000,0.00000000,0.00000000,0.00000000,0.00546950,0.00000000,0.00000000,0.00000000,0.00000000,0.00000000,0.00000000,0.00000000,0.00000000,0.00000000,0.00000000,0.00000000,0.00000000,0.00000000,0.00000000,0.00000000,0.05720143,0.00000000,0.00000000,0.00000000,0.00000000,0.00000000,0.00000000,0.00000000,0.00000000,0.00000000,0.00000000,0.00000000,0.00000000,0.00000000,0.00000000,0.00561496,0.00313367,0.00000000,0.00000000,0.00000000,0.00000000,0.00000000,0.00000000,0.00000000,0.00000000,0.00000000,0.00000000,0.00000000,0.00000000,0.00000000,0.00000000,0.00000000,0.00000000,0.00000000,0.00000000,0.00000000,0.00000000,0.00000000,0.00000000,0.00000000,0.00635732,0.01008284,0.00000000,0.00000000,0.00000000,0.00123723,0.00000000,0.00000000,0.00000000,0.00000000,0.00000000,0.00000000,0.00000000,0.00000000,0.00000000,0.00000000,0.00000000,0.00000000,0.00000000,0.00000000,0.00000000,0.00000000,0.00000000,0.00000000,0.00235700,0.08902723,0.00000000,0.00000000,0.00000000,0.00000000,0.00000000,0.00000000,0.00000000,0.00000000,0.00000000,0.00000000,0.00000000,0.00000000,0.00000000,0.00000000,0.00000000,0.00000000,0.02725577,0.00000000,0.00000000,0.00000000,0.00000000,0.00000000,0.00000000,0.00000000,0.00000000,0.00000000,0.00000000,0.00000000,0.00000000,0.00000000,0.00000000,0.00000000,0.00000000,0.00000000,0.00000000,0.00000000,0.00000000,0.00000000,0.00000000,0.00000000,0.00000000,0.00000000,0.00000000,0.00000000,0.00000000,0.00000000,0.00000000,0.00000000,0.00373503,0.00000000,0.00000000,0.00000000,0.00000000,0.00000000,0.00000000,0.00327807,0.00000000,0.00000000,0.00000000,0.00000000,0.00000000,0.00000000,0.00000000,0.00000000,0.00000000,0.00300124,0.00000000,0.00000000,0.00000000,0.00000000,0.00000000,0.00000000,0.00000000,0.00000000,0.00000000,0.00000000,0.00000000,0.00000000,0.00000000,0.07681180,0.00000000,0.00000000,0.00000000,0.00000000,0.00000000,0.00000000,0.00000000,0.00000000,0.00000000,0.00558084,0.00000000,0.00000000,0.00000000,0.00000000,0.00000000,0.00000000,0.00000000,0.00000000,0.00000000,0.00000000,0.00000000,0.00000000,0.00000000,0.00000000,0.00000000,4.43649812,0.00000000,0.00000000,0.00000000,0.00000000,0.00000000,0.00000000,0.00000000,0.00000000,0.06156742,0.00000000,0.00000000,0.00000000,0.00000000,0.00000000,0.00000000,0.00000000,0.00000000,0.00000000,0.00000000,0.00000000,0.00000000,0.00000000,0.00000000,0.00000000,0.00000000,0.00000000,0.00000000,0.00370454,0.00000000,0.00000000,0.00297743,0.00000000,0.00000000,0.01553201,0.00000000,0.00000000,0.00000000,0.00000000,0.00000000,0.00000000,0.00000000,0.00000000,0.00376114,0.00000000,0.00000000,0.00000000,0.00000000,0.00000000,0.00000000,0.00000000,0.00000000,0.00000000,0.00000000,0.00000000,0.00000000,0.00000000,0.00000000,0.00000000,0.00000000,0.00000000,0.00000000,0.00000000,0.00000000,0.00000000,0.00000000,0.00643932,0.00000000,0.00000000,0.00264689,0.00000000,0.00000000,0.00000000,0.03779729,0.00000000,0.00000000,0.00000000,0.00000000,0.02093745,0.00751190,0.00000000,0.00000000,0.00000000,0.00208995,0.00000000,0.00000000,0.00000000,1.34662290,0.00000000,0.00000000,0.00000000,0.00000000,0.00000000,0.00000000,0.00000000,0.00000000,0.02941861,0.00000000,0.00000000,0.00000000,0.00000000,0.00000000,0.00000000,0.00000000,0.00000000,0.00000000,0.00000000,0.00000000,0.00832223,0.00000000,0.00000000,0.00000000,0.00852702,0.00000000,0.00000000,0.00000000,0.00000000,0.00000000,0.00000000,0.00000000,0.00000000,0.03925964,0.00000000,0.00000000,0.00000000,0.00000000,0.00000000,0.00000000,0.07739875,0.00000000,0.00000000,0.00000000,0.00354821,0.00000000,0.00000000,0.00000000,0.00000000,0.00000000,0.00000000,0.00000000,0.00000000,0.00000000,0.00000000,0.00000000,0.27160752,0.00000000,0.00000000,0.00000000,0.00000000,0.00000000,0.00000000,0.00000000,0.00000000,0.00000000,0.00000000,0.00994828,0.01133529,0.00000000,0.00000000,0.00000000,0.00000000,0.00000000,0.01194592,0.00000000,0.00000000,0.00000000,0.00732611,0.00000000,0.00000000,0.00000000,0.00390110,0.00000000,0.03216714,0.01849554,0.00000000,0.00000000,0.00000000,0.00000000,0.00000000,0.00000000,0.00000000,0.00000000,0.00000000,0.00000000,0.00000000,0.01605308,0.00000000,0.00000000,0.00000000,0.00000000,0.00794283,0.00000000,0.00367332,0.00000000,0.00000000,0.00000000,0.00000000,0.00000000,0.00000000,0.00000000,0.00000000,0.00000000,0.00000000,0.00000000,0.00328508,0.00000000,0.00000000,0.00000000,0.01066089,0.00000000,0.03123529,0.01345385,0.00000000,0.00000000,0.00000000,0.00000000,0.00000000,0.00000000,0.03763814,0.00000000,0.00000000,0.00000000,0.00000000,0.00000000,0.00000000,0.00000000,0.00000000,0.00000000,0.00000000,0.00000000,0.00000000,0.00000000,0.00000000,0.00000000,0.00000000,0.01786512,0.00000000,0.00000000,0.00000000,0.00000000,0.00000000,0.00000000,0.00000000,0.00000000,0.00000000,0.00000000,0.01057564,0.00000000,0.00000000,0.00000000,0.00000000,0.00000000,0.00000000,0.00000000,0.00000000,0.00000000,0.00000000,0.00000000,0.00000000,0.00000000,0.00000000,0.00000000,0.00000000,0.00000000,0.00000000,0.00000000,0.32423559,0.00000000,0.00000000,1.07679166,0.00000000,0.02717164,0.00000000,0.00000000,0.00000000,0.00000000,0.00000000,0.00000000,0.00000000,0.00000000,0.00000000,0.00000000,0.00000000,0.09877303,0.00204813,0.00000000,0.00000000,0.00000000,0.00000000,0.00000000,0.00000000,0.00000000,0.00000000,0.00000000,0.00000000,0.00000000,0.00000000,0.00000000,0.00000000,0.00000000,0.00000000,0.00000000,0.00000000,0.00391661,0.00000000,0.00513320,0.00000000,0.00000000,0.00000000,0.06432902,0.00000000,0.00000000,0.00000000,0.00000000,0.00000000,0.00387222,0.07965295,0.00000000,0.00000000,0.00432389,0.00000000,0.01563016,0.00000000,0.00000000,0.00000000,0.00000000,0.00000000,0.00000000,0.00000000,0.00000000,0.00000000,0.00000000,0.00000000,0.00000000,0.00000000,0.00000000,0.00000000,0.00000000,0.00000000,0.00000000,0.01087117,0.00580257,0.01621044,0.00000000,0.00000000,0.00343938,0.00000000,0.00000000,0.05506283,0.00000000,0.00203654,0.00000000,0.00000000,0.00000000,0.01268285,0.00114411,0.00000000,0.00306315,0.00000000,0.00000000,0.00000000,0.00000000,0.00000000,0.00000000,0.00000000,0.00000000,0.00000000,0.02146384,0.00000000,0.00000000,0.00000000,0.00000000,0.00000000,0.00000000,0.00000000,0.00358600,0.00271552,0.00000000,0.00000000,0.00000000,0.00000000,0.00000000,0.00000000,0.00000000,0.00097993,0.00000000,0.00123459,0.00000000,0.01020819,0.00165727,0.00000000,0.00000000,0.00000000,0.00000000,0.00000000,0.00000000,0.00000000,0.00000000,0.00000000,0.00000000,0.00000000,0.00000000,0.00000000,0.00000000,0.00000000,0.00000000,0.00000000,0.00000000,0.00000000,0.00000000,0.00000000,0.00000000,0.00000000,0.02593545,0.00000000,0.00000000,0.00000000,0.00000000,0.00000000,0.00000000,0.00000000,0.06427759,0.00000000,0.00000000,0.00000000,0.00000000,0.00000000,0.00000000,0.00000000,0.00000000,0.00000000,0.00000000,0.00623027,0.00000000,0.00000000,0.02290369,0.00000000,0.00000000,0.30210856,0.00000000,0.00712601,0.00000000,0.00000000,0.00000000,0.00000000,0.00000000,0.00000000,0.00000000,0.10236082,0.00000000,0.00000000,0.00000000,0.00000000,0.00000000,0.00000000,0.00000000,0.00000000,0.00000000,0.00000000,0.00000000,0.00000000,0.00000000,0.00000000,0.00000000,0.00000000,0.00000000,0.00000000,0.00000000,0.00000000,0.00000000,0.00000000,0.00000000,0.00135322,0.00000000,0.00000000,0.00000000,0.00000000,0.00000000,0.00000000,0.04029935,0.00000000,0.00000000,0.00000000,0.00085423,0.00000000,0.00000000,0.00000000,0.00000000,0.00000000,0.00000000,0.00000000,0.00000000,0.00000000,0.00000000,0.00329590,0.00000000,0.03943344,0.00000000,0.00854133,0.01078603,0.00000000,0.00000000,0.00000000,0.01428337,0.00000000,0.00000000,0.00000000,0.00000000,0.00000000,0.00238873,0.00000000,0.00000000,0.00000000,0.00000000,0.00000000,0.00000000,0.00000000,0.00000000,0.00000000,0.00000000,0.00000000,0.00132506,0.00000000,0.00000000,0.00000000,0.00000000,0.00668226,0.00000000,0.06525550,0.00000000,0.00000000,0.01465287,0.00000000,0.00000000,0.07146683,0.00000000,0.00000000,0.00000000,0.00218414,0.00000000,0.00000000,0.00000000,0.00000000,0.00000000,0.00000000,0.00000000,0.00000000,0.00000000,0.30293527,0.00000000,0.00000000,0.00000000,0.00000000,0.00000000,0.00000000,0.00000000,0.00000000,0.01062703,0.00000000,0.00000000,0.00000000,0.00000000,0.00000000,0.00000000,0.00705046,0.00129897,0.00636762,0.00146649
0.00000000,0.00000000,0.00000000,0.00000000,0.00000000,0.00000000,0.00000000,0.01758260,0.00000000,0.00000000,0.00000000,0.00000000,0.01780914,0.00000000,0.00000000,0.00000000,0.00000000,0.00000000,0.00000000,0.00000000,0.00456770,0.00000000,0.00000000,0.00125945,0.00189654,0.00000000,0.00000000,0.00000000,0.02287780,0.00000000,0.00384485,0.00650622,0.00000000,0.00000000,0.00000000,0.00000000,0.00000000,0.00000000,0.00000000,0.00000000,0.00000000,0.01245492,0.00000000,0.00000000,0.04762152,0.00000000,0.00000000,0.00000000,0.00000000,0.00000000,0.00000000,0.00000000,0.00000000,0.00000000,0.00000000,0.00000000,0.00000000,0.00000000,0.41020088,0.00000000,0.00000000,0.00000000,0.00000000,0.00000000,0.00000000,0.00286870,0.00000000,0.00594946,0.00000000,0.00000000,0.00000000,0.00000000,0.05320607,0.00000000,0.00000000,0.00000000,0.00000000,0.00000000,0.00000000,0.00000000,0.00000000,0.10386404,0.00000000,0.00000000,0.00000000,0.00000000,0.00000000,0.00000000,0.00000000,0.00000000,0.00000000,0.00000000,0.00000000,0.00000000,0.00000000,0.00000000,0.00000000,0.00000000,0.00000000,0.00000000,0.00000000,0.00000000,0.00000000,0.00000000,0.00000000,0.00000000,0.07395587,0.00000000,0.00000000,0.00000000,0.00000000,0.00000000,0.00000000,0.00000000,0.00000000,0.00000000,0.00000000,0.00000000,0.00000000,0.00000000,1.91754988,0.00000000,0.00000000,0.00000000,0.00000000,0.00000000,0.07295428,0.00000000,0.00000000,0.00000000,0.00000000,0.00000000,0.00000000,0.00000000,0.00000000,0.00000000,0.00000000,0.01226188,0.00000000,0.00000000,0.00000000,0.00000000,0.00000000,0.00000000,0.00000000,0.00000000,0.00000000,0.00000000,0.00000000,0.00000000,0.00000000,0.00000000,0.00000000,0.00000000,0.00206044,0.00000000,0.00000000,0.00000000,0.00000000,0.00000000,0.00000000,0.00000000,0.02593361,0.00000000,0.00000000,0.00000000,0.00000000,0.00000000,0.00000000,0.00000000,0.00000000,0.01691810,0.00210727,0.00000000,0.00000000,0.01025939,0.00000000,0.00000000,0.00000000,0.02614085,0.00000000,0.00342228,0.00000000,0.00299159,0.00000000,0.00000000,0.00000000,0.00000000,0.00000000,0.00000000,0.00000000,0.26713104,0.00000000,0.04128225,0.00000000,0.00000000,0.00000000,0.00000000,0.00000000,0.00000000,0.03000223,0.00000000,0.00000000,0.00000000,0.00000000,0.00000000,0.00000000,0.00000000,0.00000000,0.00000000,0.00000000,0.00000000,0.00000000,0.00000000,0.00000000,0.00000000,0.00000000,0.00000000,0.00000000,0.00000000,0.00000000,0.00000000,0.00000000,0.00000000,0.00000000,0.00000000,0.00000000,0.00000000,0.00000000,0.00000000,0.00000000,0.00000000,0.00000000,0.00000000,0.00000000,0.00000000,0.00000000,0.00000000,0.05115809,0.00000000,0.00000000,0.00000000,0.00641825,0.00000000,0.00000000,0.00000000,0.00000000,0.00000000,0.00000000,0.00000000,0.00000000,0.00000000,0.00000000,0.00000000,0.00000000,0.00000000,0.00000000,0.00000000,0.00000000,0.00000000,0.00000000,0.00000000,0.00000000,0.00000000,0.00000000,0.00000000,0.00000000,0.00000000,0.00000000,0.00000000,0.00000000,0.02242701,0.00000000,0.22539618,0.00000000,0.00316273,0.07532108,0.00000000,0.00000000,0.00821478,0.00000000,0.00412994,0.00000000,0.00000000,0.00000000,0.00000000,0.00090207,0.00000000,0.00986991,0.01082385,0.00000000,0.00000000,0.00000000,0.00000000,0.00000000,0.00000000,0.00139908,0.00000000,0.00000000,0.00000000,0.00000000,0.00000000,0.00000000,0.00000000,0.00000000,0.00000000,0.00981729,0.00293914,0.00000000,0.00000000,0.00000000,0.00000000,0.37134556,0.00000000,0.00527092,0.00000000,0.00000000,0.00000000,0.00000000,0.00000000,0.00000000,0.00000000,0.00000000,0.00000000,0.00000000,0.00000000,0.00000000,0.01712227,0.00000000,0.00000000,0.00000000,0.00000000,0.00000000,0.00000000,0.00000000,0.00000000,0.00000000,0.19272946,0.00000000,0.18512322,0.00000000,0.00000000,0.00066505,0.00000000,0.00000000,0.00000000,0.00000000,0.00000000,0.00000000,0.00000000,0.00000000,0.01306963,0.00000000,0.00000000,0.00000000,0.00000000,0.00000000,0.00000000,0.00000000,0.00000000,0.00000000,0.00000000,0.17687550,0.00000000,0.00000000,0.00000000,0.00000000,0.00000000,0.00000000,0.00000000,0.00000000,0.00000000,0.00000000,0.00000000,0.00000000,0.00000000,0.00329935,0.00000000,0.04633464,0.00000000,0.00000000,0.00000000,0.01188900,0.00000000,0.00000000,0.00000000,0.00000000,0.00000000,0.00000000,0.00546134,0.00000000,0.00000000,0.00892899,0.00000000,0.00000000,0.00000000,0.00000000,0.00000000,0.00000000,0.00000000,0.00000000,0.00484326,0.00000000,0.00000000,0.00000000,0.00000000,0.00000000,0.00000000,0.00000000,0.00000000,0.00955056,0.00000000,0.00000000,0.00000000,0.01933085,0.00000000,1.43545922,0.00000000,0.00000000,0.00000000,0.00000000,0.00000000,0.00000000,0.00000000,0.00000000,0.00000000,0.00000000,0.00000000,0.50371797,0.01917179,0.00000000,0.04894894,0.00385950,0.00791993,0.00000000,0.00000000,0.02022664,0.00000000,0.00000000,0.00000000,0.00000000,0.00000000,0.00000000,0.00000000,0.00000000,0.00000000,0.00000000,0.00154958,0.00000000,0.00000000,0.00000000,0.00000000,0.00000000,0.00000000,0.00000000,0.00000000,0.00000000,0.00000000,0.00000000,0.00000000,0.00000000,0.00000000,0.00746851,0.00000000,0.00157400,0.00000000,0.00000000,0.00000000,0.00981534,0.00000000,0.96668249,0.00000000,0.00000000,0.00000000,0.00000000,0.00000000,0.00000000,0.00000000,0.00000000,0.00000000,0.00000000,0.00000000,0.00000000,0.00000000,0.00234282,0.00000000,0.00000000,0.00000000,0.00000000,0.00000000,0.00000000,0.00000000,0.00000000,0.00000000,0.00000000,0.00000000,0.00000000,0.00603635,0.00000000,0.00000000,0.00000000,0.00000000,0.00000000,0.00000000,0.00000000,0.00000000,0.00000000,0.00000000,0.00000000,0.00000000,0.00000000,0.00000000,0.00000000,0.00990794,0.00000000,0.29867034,0.00000000,0.00000000,0.00000000,0.00000000,0.00000000,0.00000000,0.00000000,0.02615943,0.00000000,0.00000000,0.07907892,0.00000000,0.00522291,0.00000000,0.00000000,0.00000000,0.00000000,0.00000000,0.00000000,0.00000000,0.00483506,0.00000000,0.00000000,0.00000000,0.00000000,0.00000000,0.00000000,0.00000000,0.00000000,0.00000000,0.18775674,0.00000000,0.01746005,0.00000000,0.00000000,0.00000000,0.00000000,0.00000000,0.00000000,0.00573675,0.00000000,0.00000000,1.51001606,0.00000000,0.00000000,0.00000000,0.00000000,0.00000000,0.00000000,0.00000000,0.02123287,0.00000000,0.01486963,0.00000000,0.00000000,0.01156725,0.00000000,0.00000000,0.00000000,0.00000000,0.00000000,0.00000000,0.00000000,0.00000000,0.00000000,0.00000000,2.40977457,0.00000000,0.00000000,0.00000000,0.00000000,0.00000000,0.00000000,0.00000000,0.00000000,0.00000000,0.00000000,0.00000000,0.00000000,0.00000000,0.00000000,0.00000000,0.00000000,0.00000000,0.01246123,0.00000000,0.00000000,0.00000000,0.00000000,0.00000000,0.00000000,0.00000000,0.00000000,0.00000000,0.00000000,0.00000000,0.00000000,0.00000000,0.00000000,0.00000000,0.00000000,0.00000000,0.00000000,0.00000000,0.01306428,0.00000000,0.00000000,0.00000000,0.00000000,0.00000000,0.00161683,0.00000000,0.00000000,0.00000000,0.00000000,0.00000000,0.00000000,0.00000000,0.00000000,0.00000000,1.11746597,0.00000000,0.00000000,0.00000000,0.00000000,0.00000000,0.00106799,0.02210781,0.00000000,0.00000000,0.00000000,0.00000000,0.00000000,0.00000000,0.00000000,0.00000000,0.01876965,0.00000000,0.00000000,0.00000000,0.00000000,0.00000000,0.00000000,0.00000000,0.00000000,0.00000000,0.00000000,0.00000000,0.00000000,0.03245302,0.00000000,0.00000000,0.00000000,0.00000000,0.00000000,0.00000000,0.00000000,0.00000000,0.00000000,0.00000000,0.00000000,0.01431369,0.00000000,0.00000000,0.00000000,0.00000000,0.00000000,0.00000000,0.00000000,0.01111758,0.00000000,0.00000000,0.00000000,0.00121552,0.00000000,0.00000000,0.00897829,0.00000000,0.00000000,0.00000000,0.00000000,0.00000000,0.00000000,0.00000000,0.00000000,0.00000000,0.00000000,0.00000000,0.01387949,0.02363378,0.00000000,0.00000000,0.00000000,0.00000000,0.00000000,0.00000000,0.00000000,0.00000000,0.00000000,0.00000000,0.00427318,0.00000000,0.00000000,0.00000000,0.00000000,0.04154331,0.00000000,0.00000000,0.00000000,0.00000000,0.00000000,0.00000000,0.00000000,0.00000000,0.00000000,0.00000000,0.00000000,0.00000000,0.00000000,0.00000000,0.00238842,0.12017136,0.00000000,0.00000000,0.00000000,0.00000000,0.01108693,0.00000000,0.00000000,0.00000000,0.00000000,0.00000000,0.00000000,0.00000000,0.00000000,0.00000000,0.00000000,0.00000000,0.00000000,0.00000000,0.00000000,0.00000000,0.00000000,0.00000000,0.00000000,0.00280055,0.00000000,0.00000000,0.00000000,0.00000000,0.00000000,0.00000000,0.00917570,0.00000000,0.00000000,0.00000000,0.00000000,0.00000000,0.09930625,0.00000000,0.00000000,0.00000000,0.00000000,0.00190495,0.00000000,0.00175451,0.00000000,0.00000000,0.00000000,0.00000000,0.02374735,0.00000000,0.00000000,0.00000000,0.00000000,0.00000000,0.00000000,0.00000000,0.00000000,0.00000000,0.00000000,0.00000000,0.03848177,0.00000000
0.00000000,0.01514086,0.00000000,0.00000000,0.00000000,0.00541338,0.00000000,0.00000000,0.00000000,0.00000000,0.00000000,0.00349251,0.00859555,0.00000000,0.02318376,0.00000000,0.00000000,0.00000000,0.00000000,0.00000000,0.00000000,0.01191936,0.00000000,0.01526036,0.00000000,0.00000000,0.00000000,0.00000000,0.00000000,0.00000000,0.02603443,0.00000000,0.00000000,0.00000000,0.00000000,0.00000000,0.00000000,0.00000000,0.00000000,0.00000000,0.00000000,0.00098177,0.00000000,0.00000000,0.00000000,0.00000000,0.00614261,0.00000000,0.00000000,0.00000000,0.01474489,0.01027266,0.00130954,0.00000000,0.00000000,0.83322997,0.00000000,0.00000000,0.00000000,0.00000000,0.00000000,0.00000000,0.00000000,0.00000000,0.00109436,0.00000000,0.00000000,0.00000000,0.00557262,0.00000000,0.00000000,0.00000000,0.00000000,0.00000000,0.00000000,0.00000000,0.00000000,0.00838091,0.00282125,0.00000000,0.00073082,0.00000000,0.00000000,0.00000000,0.00000000,0.00000000,0.00000000,0.00391250,0.00000000,0.00000000,0.00000000,0.00000000,0.00837011,0.00000000,0.00000000,0.00000000,0.00000000,0.00000000,0.00000000,0.00000000,0.00000000,0.00000000,0.00000000,0.00000000,0.00000000,0.00000000,0.00000000,0.00000000,0.00000000,0.00000000,0.00000000,0.00000000,0.00000000,0.00000000,0.00000000,0.00000000,0.00000000,0.00000000,0.00000000,0.00302472,0.00000000,0.00000000,0.00000000,0.00000000,0.00000000,0.00000000,0.00000000,0.00000000,0.01206772,0.00000000,0.00000000,0.32126627,0.00939898,0.00000000,0.00000000,0.00000000,0.00218947,0.00000000,0.00000000,0.00000000,0.00000000,0.00000000,0.00000000,0.00000000,0.01308204,0.00000000,0.00000000,0.00000000,0.00000000,0.00000000,0.00000000,0.02353825,0.00000000,0.00000000,0.00000000,0.04669254,0.00000000,0.00000000,0.00000000,0.00000000,0.00000000,0.00000000,0.00537872,0.00000000,0.00000000,0.00000000,0.00000000,0.00000000,0.00000000,0.00000000,1.30168813,0.00000000,0.00000000,0.00000000,1.60349416,0.00000000,0.00000000,0.00000000,0.00000000,0.00000000,0.00000000,0.00000000,0.04045323,0.00000000,0.00000000,0.00615339,0.00000000,1.76786678,0.00000000,0.00000000,0.00000000,0.00000000,0.01233457,0.00083351,0.00000000,0.00000000,0.00171513,0.00000000,0.00000000,0.00000000,0.00194708,0.00000000,0.00000000,0.00000000,0.00000000,0.00000000,0.00000000,0.08332127,0.00000000,0.00000000,0.00000000,0.00000000,0.00000000,0.00000000,0.00000000,0.00000000,0.00000000,0.00000000,0.00000000,0.00000000,0.00756968,0.00000000,0.00000000,0.00000000,0.00000000,0.00000000,0.00000000,0.00800511,0.00000000,0.00000000,0.00000000,0.00000000,0.00000000,0.00000000,0.00000000,0.00888480,0.00000000,0.00000000,0.00000000,0.00000000,0.00000000,0.00000000,0.00000000,0.00000000,0.00000000,0.00000000,0.01499977,0.00000000,0.00551490,0.00000000,0.00000000,0.00000000,0.01182089,0.00000000,0.00000000,0.01145242,0.02856854,0.00000000,0.00228191,0.00000000,0.00000000,0.00000000,0.00000000,0.00000000,0.00000000,0.00369290,0.65090901,0.00000000,0.00000000,0.00000000,0.00188346,1.66842408,0.00000000,0.00000000,0.00000000,0.00000000,0.00000000,0.00489644,0.00000000,0.00000000,0.00000000,0.00000000,0.00000000,0.00284775,0.00000000,0.00000000,0.00000000,0.00000000,0.00000000,0.00000000,0.00000000,0.00000000,0.00000000,0.00000000,0.01878833,0.00000000,0.00000000,0.00000000,0.00000000,0.00000000,0.00000000,0.00000000,0.00000000,0.00000000,0.00000000,0.00000000,0.00654302,0.00000000,0.00000000,0.00100071,0.00000000,0.00000000,0.00000000,0.03865292,0.00000000,0.00000000,0.00000000,0.00000000,0.00000000,0.00000000,0.00940762,0.00000000,0.00000000,0.00000000,0.00000000,0.00000000,0.00000000,0.00000000,0.00000000,0.00000000,0.00000000,0.00000000,0.00000000,0.00000000,0.00000000,0.00000000,0.00000000,0.00000000,0.00000000,0.00000000,0.00000000,0.00000000,0.00000000,0.00000000,0.00000000,0.00000000,0.00000000,0.00000000,0.00000000,0.00000000,0.00000000,0.00000000,0.00000000,0.00000000,0.16763526,0.00620527,0.00000000,0.01922016,0.00000000,0.00000000,0.00000000,0.00000000,0.00000000,0.00000000,0.00000000,0.00000000,0.00000000,0.00000000,0.00000000,0.00000000,0.00000000,0.00000000,0.00000000,0.00000000,0.00000000,0.00000000,0.00000000,0.00000000,0.00000000,0.00000000,0.00000000,0.00000000,0.00000000,0.00000000,0.00000000,0.00577248,0.00000000,0.00517536,0.00000000,0.00000000,0.00000000,0.00000000,0.00000000,0.00000000,0.02823165,0.00000000,0.00000000,0.00103466,0.00000000,0.19770300,0.00000000,0.00000000,0.00000000,0.00000000,0.00000000,0.00000000,0.00000000,0.00000000,0.00000000,0.00000000,0.00000000,0.00000000,0.00000000,0.00000000,0.00000000,0.00000000,0.00000000,0.00000000,0.00000000,0.00000000,0.00000000,0.00000000,0.00000000,0.00000000,0.00267667,0.00000000,0.00000000,0.00000000,0.00000000,0.00000000,0.00000000,0.00000000,0.00000000,0.00000000,0.00000000,0.00000000,0.00000000,0.00000000,0.00000000,0.00000000,0.00000000,0.00000000,0.00000000,0.00000000,0.00000000,0.00340496,0.00000000,0.00000000,0.00000000,0.00000000,0.00000000,0.00000000,0.00000000,0.00000000,0.00000000,0.00000000,0.00000000,0.00000000,0.00000000,0.00000000,0.00000000,0.00583103,0.00000000,0.00000000,0.00000000,0.00495307,0.00000000,0.16727544,0.00000000,0.00000000,0.00000000,0.00000000,0.00000000,0.00000000,0.00346587,0.00286240,0.00000000,0.00000000,0.00000000,0.00000000,0.00000000,0.00000000,0.00000000,0.00000000,0.00000000,0.00000000,0.00000000,0.00000000,0.00000000,0.00000000,0.00000000,0.00000000,0.00000000,0.00000000,0.02083219,0.00000000,0.00000000,0.00000000,0.00000000,0.00000000,0.00000000,0.00000000,0.00000000,0.00000000,0.00000000,0.00000000,0.00000000,0.00000000,0.00522409,0.00000000,0.00000000,0.00000000,0.00000000,0.00000000,0.00000000,0.02480687,0.00000000,0.00000000,0.00000000,0.00000000,0.00000000,0.41720400,0.00000000,0.00000000,0.00000000,0.00000000,0.00000000,0.00000000,0.00000000,0.00000000,0.00000000,0.01730651,0.00000000,0.00000000,0.00000000,0.00000000,0.00000000,0.00000000,0.00000000,0.00000000,0.00000000,0.00000000,0.00000000,0.00000000,0.00000000,0.00000000,0.00000000,0.00000000,0.00348887,0.00000000,0.00000000,0.00000000,0.00000000,0.00000000,0.00000000,0.00273169,0.00000000,0.00000000,0.00000000,0.00000000,0.00000000,0.00000000,0.00717391,0.00714382,0.00000000,0.00000000,0.00000000,0.00000000,0.00291853,0.00000000,0.00000000,0.00000000,0.00000000,0.00000000,0.00000000,0.00000000,0.00066647,0.00000000,0.00000000,0.00000000,0.00000000,0.00000000,0.00000000,0.00000000,0.00000000,0.00000000,0.00000000,0.00000000,0.02918313,0.00000000,0.00000000,0.01845961,0.00000000,0.00000000,0.00000000,0.00000000,0.00000000,0.00000000,0.00000000,0.00000000,0.00000000,0.00000000,0.00000000,0.00315488,0.14540481,0.00000000,0.00682314,0.00000000,0.00000000,0.00000000,0.00000000,0.00000000,0.00000000,0.00000000,0.00000000,0.00000000,0.00000000,0.00000000,0.00000000,0.00250114,0.00000000,0.00000000,0.00000000,0.00372594,0.00000000,0.00000000,0.00000000,0.00000000,0.00000000,0.00000000,0.00000000,0.00000000,0.00000000,0.00000000,0.00000000,0.00000000,0.00000000,0.00000000,0.00151015,0.00000000,0.00000000,0.00000000,0.02228662,0.00000000,0.00000000,0.00000000,0.00000000,0.00000000,0.00000000,0.00000000,0.00000000,0.00000000,0.00000000,0.00052412,0.00000000,0.00000000,0.00000000,0.00000000,0.00000000,0.00000000,0.00000000,0.00000000,0.00000000,0.00000000,0.00000000,0.00000000,0.00000000,0.00130701,0.00000000,0.00000000,0.00000000,0.00000000,0.00868992,0.00000000,0.00000000,0.11985795,0.00000000,0.00000000,0.00000000,0.00144660,0.00000000,0.00000000,0.00000000,0.00000000,0.00000000,0.00000000,0.00000000,0.00000000,0.00000000,0.00000000,0.00000000,0.00250259,0.00000000,0.00000000,0.00000000,0.00368969,0.00000000,0.00000000,0.00000000,0.00000000,0.02612351,0.00000000,0.00000000,0.00000000,0.00382847,0.00000000,0.00000000,0.00000000,0.00000000,0.00000000,0.00000000,0.00000000,0.00000000,0.00000000,0.00000000,0.00000000,0.00000000,0.00000000,0.00000000,0.00000000,0.00000000,0.00000000,0.00000000,0.00000000,0.00000000,0.24006219,0.00000000,0.00000000,0.00000000,0.00000000,0.00000000,0.00000000,0.00000000,0.00000000,0.00000000,0.00000000,0.00000000,0.00000000,0.00000000,0.00000000,0.00000000,0.00000000,0.01433133,0.00000000,0.00000000,0.00000000,0.00000000,0.00000000,0.00000000,0.00000000,0.00000000,0.00000000,0.05174411,0.01196087,0.00000000,0.00000000,0.00000000,0.00000000,0.00000000,0.00000000,0.00000000,0.02070899,0.00000000,0.00000000,0.00000000,0.00000000,0.00000000,0.00000000,0.04273007,0.00000000,0.00000000,0.00000000,0.00000000,0.00000000,0.00000000,0.00000000,0.00000000,0.00067228,0.00000000,0.34160219,0.04866168,0.02385316,0.00000000,0.00000000,0.00000000,0.00000000,0.00000000,0.00000000,0.00000000,0.00000000,0.00000000,0.00000000,0.00000000,0.00000000,0.00000000,0.00000000,0.00000000,0.00000000,0.00000000,0.00000000
0.01269866,0.00000000,0.00000000,0.00000000,0.00000000,0.00000000,0.00000000,0.00000000,0.00000000,0.00000000,0.00000000,0.00442902,0.00000000,0.00000000,0.00000000,0.00000000,0.00000000,0.00000000,0.00000000,0.00000000,0.00000000,0.00000000,0.00000000,0.00000000,0.00000000,0.00000000,0.00000000,0.01172871,0.00000000,0.00000000,0.00362593,0.00806530,0.00000000,0.00000000,0.00000000,0.00000000,0.01324846,0.00000000,0.00000000,0.00000000,0.00000000,0.00000000,0.11366410,0.00000000,0.00000000,0.00000000,0.00000000,0.00110893,0.00000000,0.00000000,0.00000000,0.00000000,0.00000000,0.00000000,0.00000000,0.00000000,0.00000000,0.00296884,0.00000000,0.00000000,0.00000000,0.00000000,0.00000000,0.00000000,0.00000000,0.00000000,0.00000000,0.00000000,0.00000000,0.00000000,0.00000000,0.00000000,0.00313081,0.00000000,0.00000000,0.00000000,0.00000000,0.02562196,0.00000000,0.00000000,0.00000000,0.00082504,0.00000000,0.00000000,0.00000000,0.00000000,0.00000000,0.00000000,0.00484261,0.00000000,0.00000000,0.00000000,0.00000000,0.00000000,0.00098160,0.00000000,0.00000000,0.00000000,0.00000000,0.00000000,0.00071919,0.00000000,0.00000000,0.00000000,0.00000000,0.00000000,0.00000000,0.00000000,0.00000000,0.00000000,0.00000000,0.00000000,0.00000000,0.00000000,0.00000000,0.00000000,0.00000000,0.00151272,0.00000000,0.00000000,0.00000000,0.00000000,0.00000000,0.00000000,0.00000000,0.06533922,0.00000000,0.00000000,0.00847773,0.00000000,0.00000000,0.00000000,0.00000000,0.00000000,0.00000000,0.00000000,0.00000000,0.00000000,0.00000000,0.05352399,0.00000000,0.00000000,0.00000000,0.00000000,0.00000000,0.00000000,0.00000000,0.00000000,0.00294646,0.00000000,0.00000000,0.00000000,0.00000000,0.00203887,1.73817215,0.00000000,0.00000000,0.00000000,0.00000000,0.00000000,0.00379926,0.00000000,0.00000000,0.00297310,0.00101164,0.00000000,0.00000000,0.00000000,0.00000000,0.00000000,0.00000000,0.00000000,0.00000000,0.00000000,0.00000000,0.00000000,0.00000000,0.00000000,0.01059367,0.00000000,0.00000000,0.01241134,0.00000000,0.00000000,0.00000000,0.00000000,0.00000000,0.00875109,0.00000000,0.00000000,0.00000000,0.00764287,0.00000000,0.00000000,0.00000000,0.00000000,0.00000000,0.00000000,0.00000000,0.00000000,0.00000000,0.00000000,0.00000000,0.00000000,0.00000000,0.00000000,0.00000000,0.00000000,0.00000000,0.00000000,0.00000000,0.00000000,0.00000000,0.00000000,0.00000000,0.00000000,0.00000000,0.00000000,0.00000000,0.00000000,0.01639805,0.00000000,0.00000000,0.00000000,0.00000000,0.00000000,0.00393836,0.00000000,0.00104603,0.00000000,0.00000000,0.00000000,0.00000000,0.00000000,0.00000000,0.32812173,0.00000000,0.00000000,0.00000000,0.00000000,0.00000000,0.00000000,0.00000000,0.00000000,0.00000000,0.00000000,0.00000000,0.00000000,0.00000000,0.00000000,0.00000000,0.00525262,0.00000000,0.00000000,0.01440806,0.00000000,0.00000000,0.00000000,0.00000000,0.00000000,0.00060553,0.00000000,0.00000000,0.00000000,0.00000000,0.00000000,0.00000000,0.00000000,0.00074533,0.00000000,0.03153544,0.00484143,0.00000000,0.00000000,0.00000000,0.00227018,0.00000000,0.01266297,0.00000000,0.00000000,0.00000000,1.45002027,0.00000000,0.00000000,0.00000000,0.00092659,0.00000000,0.00000000,0.00000000,0.00000000,3.38007132,0.00000000,0.00000000,0.00000000,0.00000000,0.00000000,0.00000000,0.00000000,0.00000000,0.00000000,0.00000000,0.00000000,0.00000000,0.00000000,0.00000000,0.00000000,0.00000000,0.00000000,0.00000000,0.00000000,0.00000000,0.00000000,0.00000000,0.00000000,0.00000000,0.00000000,0.00000000,0.00000000,0.00000000,0.00000000,0.00000000,0.00000000,0.00000000,0.00000000,0.00000000,0.00000000,0.00000000,0.00000000,0.00000000,0.00000000,0.00000000,0.00000000,0.01146542,0.00000000,0.00000000,0.00000000,0.00000000,0.00000000,0.00000000,0.00000000,0.00000000,0.00000000,0.00000000,0.00000000,0.00000000,0.00740960,0.00241705,0.00950372,0.00000000,0.00000000,0.00000000,0.00079042,0.00000000,0.00000000,0.00000000,0.00000000,0.00184539,0.00000000,0.00000000,0.00000000,0.00000000,0.00000000,0.00000000,0.00000000,0.00000000,0.00000000,0.00000000,0.00000000,0.00000000,0.00000000,0.00000000,0.00414112,0.00877290,0.00000000,0.00000000,0.00000000,0.00000000,0.20398455,0.00000000,0.00000000,0.00000000,0.00000000,0.00000000,0.00000000,0.00000000,0.00000000,0.00956156,0.00000000,0.00200409,0.00000000,0.00092622,0.00000000,0.00000000,0.00000000,0.00000000,0.00283659,0.00000000,0.02239836,0.00000000,0.00000000,0.00000000,0.00000000,0.00000000,0.00363103,0.00000000,0.00000000,0.00109390,0.00000000,0.00000000,0.08932629,0.00000000,0.00000000,0.00000000,0.00000000,0.00000000,0.00000000,0.00000000,0.00000000,0.00000000,0.00000000,0.00000000,0.00000000,0.00000000,0.00000000,0.00000000,0.00000000,0.00000000,0.00000000,0.00000000,0.00000000,0.00000000,0.00000000,0.00000000,0.00000000,0.00000000,0.00000000,0.00000000,0.00000000,0.00083092,0.00000000,0.00000000,0.05063708,0.00000000,0.00167329,0.00000000,0.00000000,0.00000000,0.01459661,0.00000000,0.04522458,0.00000000,0.00000000,0.00000000,0.00000000,0.00000000,0.00000000,0.00000000,0.00000000,0.00000000,0.00000000,0.00000000,0.00000000,0.00000000,0.00000000,0.00000000,0.00000000,0.00000000,0.00000000,0.00000000,0.00000000,0.00359827,1.05624861,0.00000000,0.00000000,0.00000000,0.00000000,0.00000000,0.00000000,0.00000000,0.00000000,0.00000000,0.00000000,0.00000000,0.00000000,0.00000000,0.00000000,0.00000000,0.00266938,0.00000000,0.00000000,0.00000000,0.00000000,0.00000000,0.00000000,0.00000000,0.00000000,0.00000000,0.00000000,0.00000000,0.00000000,0.00000000,0.00000000,0.00000000,0.00000000,0.00000000,0.00000000,0.01458331,0.00000000,0.00000000,0.00000000,0.00000000,0.00000000,0.00000000,0.00000000,0.00000000,0.00000000,0.00000000,0.00000000,0.00000000,0.00000000,0.00000000,0.00000000,0.00000000,0.00000000,0.06326547,0.00000000,0.00000000,0.00000000,0.00000000,0.00000000,0.00000000,0.00000000,0.00000000,0.00000000,0.00000000,0.00000000,0.00000000,0.00000000,0.00680149,0.00000000,0.00000000,0.00000000,0.00000000,0.00000000,0.00000000,0.00000000,0.00313035,0.00000000,0.00000000,0.00000000,0.00000000,0.00000000,0.00000000,0.00000000,0.00000000,0.00000000,0.00000000,0.00000000,0.00000000,0.00425068,0.00000000,0.00057987,0.00000000,0.01210166,0.00000000,0.00823169,0.00000000,0.02176481,0.00000000,0.00000000,0.00000000,0.00000000,0.00000000,0.00000000,0.01850830,0.00000000,0.00000000,0.00000000,0.00000000,0.00000000,0.00000000,0.00000000,0.00000000,0.00000000,0.00000000,0.00000000,0.00000000,0.00000000,0.00000000,0.00000000,0.00000000,0.00000000,0.00000000,0.00000000,0.00000000,0.00480439,0.00000000,0.00000000,0.00000000,0.00000000,0.47957503,0.00000000,0.00000000,0.00000000,0.00000000,0.00000000,0.00000000,0.00880435,0.00496657,0.00000000,0.00000000,0.00000000,0.00000000,0.00000000,0.00000000,0.00000000,0.00000000,0.00699523,0.00182337,0.00000000,0.00000000,0.00000000,0.00000000,0.00000000,0.00000000,0.00000000,0.11240822,0.01269533,0.04633576,0.00000000,0.00000000,0.00000000,0.00000000,0.00000000,0.00359393,0.00000000,0.00000000,0.00000000,0.00000000,0.00000000,0.04244791,0.00000000,0.00000000,0.00000000,0.00000000,0.00000000,0.00971366,0.00000000,0.00000000,0.00439256,0.00000000,0.00000000,0.00000000,0.00000000,0.00000000,0.00000000,0.00000000,0.00000000,0.00000000,0.00000000,0.00000000,0.00000000,0.00000000,0.00000000,0.00000000,0.00000000,0.00953216,0.00316120,0.09231358,0.00000000,0.00000000,0.00000000,0.00000000,0.00000000,0.00000000,0.00000000,0.00000000,0.00000000,0.00000000,0.03203168,0.00000000,0.00000000,0.00000000,0.00000000,0.00720109,0.00000000,0.00000000,0.00000000,0.00000000,0.00000000,0.00000000,0.00000000,0.00528518,0.00359328,0.00000000,0.00000000,0.00000000,0.00000000,0.00541512,0.00151003,0.00000000,0.00000000,0.00000000,0.00000000,0.00000000,0.00000000,0.00202967,0.00000000,0.00000000,0.00252024,0.00000000,0.00000000,0.00000000,0.00000000,0.00000000,0.00000000,0.00000000,0.00000000,0.00000000,0.00000000,0.00000000,0.00000000,0.00000000,0.00000000,0.00000000,0.00000000,0.01146196,0.00000000,0.00000000,0.00000000,0.05731174,0.00000000,0.00000000,0.00000000,0.00000000,0.00000000,0.00000000,0.00000000,0.00000000,0.04519183,0.00000000,0.00000000,0.00000000,0.00000000,0.00733445,0.00000000,0.00000000,0.00000000,0.00000000,0.00000000,0.00000000,0.00000000,0.00000000,0.00000000,0.00000000,0.00000000,0.00000000,0.00000000,0.00000000,0.00000000,0.00000000,0.00000000,0.00247952,0.00674849,0.06862651,0.00000000,0.00000000,0.00000000,0.00487344,0.00000000,0.00000000,0.04962599,0.00000000,0.00000000,0.00000000,0.00000000,0.00000000,0.00000000,0.00000000,0.00602311,0.00000000,0.00000000,0.00000000,0.00000000,0.00000000,0.00000000,0.00492550,0.00000000,0.00000000,0.00000000,0.00000000,0.00000000,0.00000000,0.00000000,0.00000000,0.00000000,0.00000000,0.00000000,0.00000000,0.00000000
0.00000000,0.00000000,0.00000000,0.00000000,0.00000000,0.00000000,0.00000000,0.00000000,0.00212048,0.00000000,0.00000000,0.00707210,0.00000000,0.00000000,0.00000000,0.00000000,0.01750387,0.00000000,0.00000000,0.00000000,0.00000000,0.00000000,0.00000000,0.00000000,0.00000000,0.00000000,0.00000000,0.00000000,0.00000000,0.00000000,0.01523230,0.00000000,0.00000000,0.00000000,0.00000000,0.02107859,0.00000000,0.00000000,0.00000000,0.00518748,0.02882348,0.00000000,0.00000000,0.00000000,0.00000000,0.06984518,0.00000000,0.00000000,0.00000000,0.00000000,0.00000000,0.02477371,0.00000000,0.00000000,0.00000000,0.00000000,0.00000000,0.00000000,0.00000000,0.00000000,0.00000000,0.00823323,0.00321415,0.00000000,0.00000000,0.00000000,0.00000000,0.00000000,0.00764585,0.00000000,0.00000000,0.00000000,0.18422102,0.00000000,0.00285789,0.00000000,0.00000000,0.00000000,0.00000000,0.00000000,0.00000000,0.00000000,0.00000000,0.00000000,0.00000000,0.00000000,0.00000000,0.00000000,0.00000000,0.00000000,0.00000000,0.00000000,0.00000000,0.00000000,0.00000000,0.00000000,0.00000000,0.00000000,0.00000000,0.00000000,0.00000000,0.00000000,0.00000000,0.00000000,0.00000000,0.00000000,0.00000000,0.00000000,0.00000000,0.00000000,0.00000000,0.00000000,0.00000000,0.00000000,0.00000000,0.00000000,0.00197686,0.00000000,0.00000000,0.00000000,0.00000000,0.00000000,0.00000000,0.00000000,0.00000000,0.00000000,0.00339346,0.00745760,0.00000000,0.00000000,0.00000000,0.00000000,0.00000000,0.00000000,0.18400586,0.00000000,0.00000000,0.00000000,0.00000000,0.00000000,0.00000000,0.00000000,0.00000000,0.00000000,0.00000000,0.00000000,0.00000000,0.00000000,0.00000000,0.00000000,0.00000000,0.00000000,0.00000000,0.00000000,0.00000000,0.00000000,0.00278950,0.00000000,0.00000000,0.00000000,0.00000000,0.00000000,0.00000000,0.00000000,0.00000000,0.10083707,0.00000000,0.00000000,0.00000000,0.00000000,0.00000000,0.00500316,0.00000000,0.00000000,0.00000000,0.00000000,0.00000000,0.00000000,0.00000000,0.00000000,0.00000000,0.00000000,0.00000000,0.00000000,0.00183634,0.00000000,0.00000000,0.00000000,0.00326233,0.00000000,0.00000000,0.00000000,0.00000000,0.00000000,0.00000000,0.00594683,0.00000000,0.00000000,0.00000000,0.00000000,0.00000000,0.00000000,0.00000000,0.00000000,0.00000000,0.00000000,0.00000000,0.00727102,0.00000000,0.00000000,0.00000000,0.00000000,0.00000000,0.00000000,0.00613810,0.00000000,0.00000000,0.02475767,0.97055013,0.00000000,0.00000000,0.00000000,0.00000000,0.00000000,0.00000000,0.00000000,0.00000000,0.00000000,0.00000000,0.00000000,1.04189814,0.00000000,0.00000000,0.00000000,0.00000000,0.00000000,0.00000000,0.00000000,0.00000000,0.00000000,0.03967043,0.00000000,0.00000000,0.00000000,0.00309457,0.00000000,0.00000000,0.00000000,0.00855628,0.00000000,0.05811787,0.00000000,0.56015625,0.00000000,0.00000000,0.00000000,0.00000000,0.00000000,0.00000000,0.00000000,0.00000000,0.00000000,0.00000000,0.00000000,0.00000000,0.00000000,0.00000000,0.00000000,0.02149567,0.00000000,0.00000000,0.00000000,0.00000000,0.00000000,0.00000000,0.00000000,0.00000000,0.00000000,0.00000000,0.00000000,0.16128870,0.00000000,0.00000000,0.00000000,0.00000000,0.00000000,0.00000000,0.00000000,0.00000000,0.00000000,0.00000000,0.00000000,0.13599514,0.02445522,0.00000000,0.00000000,0.00000000,0.00000000,0.00000000,0.00000000,0.00000000,0.00000000,0.00000000,0.00000000,0.00000000,0.00000000,0.00000000,0.01126804,0.00000000,0.00000000,0.00000000,0.00000000,0.00000000,0.00000000,0.00523351,0.00000000,0.00000000,0.00000000,0.00000000,0.00000000,0.00000000,0.00000000,0.00000000,0.00000000,0.00000000,0.00000000,0.00000000,0.00000000,0.00000000,0.00000000,0.00000000,0.00000000,0.00000000,0.00000000,0.00369710,0.00000000,0.00305844,0.03718714,0.00000000,0.00000000,0.00000000,0.00000000,0.00000000,0.00000000,0.00000000,0.00000000,0.02567819,0.00000000,0.00000000,0.00000000,0.00000000,0.00000000,0.00000000,0.00266226,0.02608324,0.00000000,0.00000000,0.00000000,0.08343152,0.00000000,0.00000000,0.00000000,0.00000000,0.00822214,0.00000000,0.00000000,0.00000000,0.13758584,0.00000000,0.00000000,0.00000000,0.00000000,0.00000000,0.00000000,0.00000000,0.01832003,0.00000000,0.00000000,0.00000000,0.00000000,0.00000000,0.00000000,0.00000000,0.00000000,0.00000000,0.00000000,0.00000000,0.00000000,0.00000000,0.00336707,0.00000000,0.00000000,0.00000000,0.05168043,0.00000000,0.00000000,0.00000000,0.00000000,0.00000000,0.00000000,0.00000000,0.00000000,0.00000000,0.00000000,0.00000000,0.00000000,0.00000000,0.00068796,0.00000000,0.00000000,0.00000000,0.00000000,0.00000000,0.00000000,0.00000000,0.00000000,0.00000000,0.00000000,0.00000000,0.08807448,0.00000000,0.00000000,0.00327915,0.00000000,0.00000000,0.00181792,0.00000000,0.00000000,0.00000000,0.00317122,0.00000000,0.00000000,0.00000000,0.00000000,0.00080103,0.00000000,0.00339067,0.00000000,0.00710783,0.00000000,0.04128215,0.00000000,0.00000000,0.00000000,0.00000000,0.00000000,0.00403252,0.00000000,0.00000000,0.07797303,0.00187035,0.00000000,0.00000000,0.00000000,0.00000000,0.00000000,0.00000000,0.00000000,0.00000000,0.00874642,0.00000000,0.00000000,0.00000000,0.00000000,0.00000000,0.00000000,0.00331113,0.00000000,1.89614466,0.00000000,0.00000000,0.00000000,0.00000000,0.00000000,0.00000000,0.00000000,0.00000000,0.00000000,0.06218601,0.00000000,0.00000000,0.07842933,0.00000000,0.00000000,0.00000000,0.00000000,0.00678008,0.00300868,0.00000000,0.00000000,0.00000000,0.00000000,0.00000000,0.00000000,0.00000000,0.00000000,0.00000000,0.00000000,0.00000000,0.00000000,0.00000000,0.00000000,0.00000000,0.00000000,0.00000000,0.00000000,0.00000000,0.00000000,0.00000000,0.00000000,0.00000000,0.00000000,0.00000000,0.00000000,0.00000000,0.00000000,0.00000000,0.02424697,0.00000000,0.00000000,0.00000000,0.00231685,0.00000000,0.00000000,0.00871311,0.00000000,0.00000000,0.00000000,0.00000000,0.00325130,0.00049663,0.00000000,0.00000000,0.00000000,0.00000000,0.00000000,0.00000000,0.00000000,0.00000000,0.00000000,0.00000000,0.00000000,0.84241548,0.00000000,0.00401994,0.00000000,0.00000000,0.00000000,0.00000000,0.00000000,0.00000000,0.00000000,0.00000000,0.00000000,0.00000000,0.00000000,0.00000000,0.00000000,0.00000000,2.11977959,0.00000000,0.00000000,0.00000000,0.00000000,0.01194082,0.00000000,0.00938004,0.01524790,0.00000000,0.00000000,0.00000000,0.00000000,0.00000000,0.00000000,0.00000000,0.00000000,0.00000000,0.00000000,0.00422819,0.00000000,0.00000000,0.00000000,0.00000000,0.00000000,0.01588231,0.00000000,0.00000000,0.00000000,0.00000000,0.00000000,0.00000000,0.01054228,0.00000000,0.00000000,0.00000000,0.00000000,0.01831039,0.00000000,0.00000000,0.00000000,0.00000000,0.00000000,0.00000000,0.00000000,0.00000000,0.00000000,0.12214537,0.00000000,0.00000000,0.00000000,0.00000000,0.00000000,0.00000000,0.00000000,0.00000000,0.00000000,0.00000000,0.00000000,0.00050032,0.00000000,0.00000000,0.00000000,0.00000000,0.00000000,0.00000000,0.00000000,0.00000000,0.00000000,0.00000000,0.00000000,0.00000000,0.00000000,0.00000000,0.00000000,0.00000000,0.00000000,0.00000000,0.00000000,0.00000000,0.00000000,0.02520486,0.00000000,0.00000000,0.00000000,0.00000000,0.00000000,0.00000000,0.00000000,0.00441590,0.00000000,0.00000000,0.00000000,0.00000000,0.00000000,0.00000000,0.00190802,0.00000000,0.00000000,0.00000000,0.00000000,0.00000000,0.00898469,0.00000000,0.00000000,0.00000000,0.00000000,0.00000000,0.00000000,0.00000000,0.00000000,0.00000000,0.00000000,0.00000000,0.00000000,0.00000000,0.00000000,0.00000000,0.00000000,0.00000000,0.00890756,0.00000000,0.01907194,0.02502937,0.00158701,0.00000000,0.00000000,0.00000000,0.00000000,0.00000000,0.00000000,0.00000000,0.00275699,0.00508869,0.00000000,0.00000000,0.00000000,0.00000000,0.00000000,0.00000000,0.00000000,0.00000000,0.00000000,0.00000000,0.00000000,0.00000000,0.00944593,0.00000000,0.00000000,0.00000000,0.00000000,0.00000000,0.00000000,0.00000000,0.00000000,0.00000000,0.00000000,0.01688961,0.00000000,0.00000000,0.01327189,0.00000000,0.00000000,0.00000000,0.00000000,0.00000000,0.00000000,0.00000000,0.00000000,0.00000000,0.04564812,0.00000000,0.00000000,0.00000000,0.00000000,0.00000000,0.00000000,0.00000000,0.09399186,0.00000000,0.00000000,0.00000000,0.00000000,0.00529339,0.00000000,0.00559909,0.00000000,0.00000000,0.00000000,0.03004194,0.00180183,0.00000000,0.00000000,0.00000000,0.00000000,0.00000000,0.04213141,0.00000000,0.00000000,0.00000000,0.00000000,0.00000000,0.00000000,0.00397003,0.00000000,0.00000000,0.00000000,0.00000000,0.00000000,0.00000000,0.00000000,0.00000000,0.00000000,0.00000000,0.00000000,0.00000000,0.00000000,0.00000000,0.00000000,0.00000000,0.00000000,0.00000000,0.00000000,0.00000000,0.02374735,0.00000000,0.00492550,0.00000000,0.00000000,0.00000000,0.03741216,0.00000000,0.16751156,0.00000000,0.00000000,0.05073955,0.00000000,0.00000000,0.00000000,0.00000000,0.00000000
0.00782764,0.00000000,0.00000000,0.00000000,0.00000000,0.00000000,0.00000000,0.00000000,0.00000000,0.00346106,0.00387673,0.02330839,0.00000000,0.00416338,0.00000000,0.00000000,0.00000000,0.00000000,0.00000000,0.00000000,0.01490318,0.03799433,0.00000000,0.00000000,0.00000000,0.00000000,0.00000000,0.00000000,0.00000000,0.00000000,0.00000000,0.00000000,0.00000000,0.00054213,0.00000000,0.00000000,0.00000000,0.00000000,0.00000000,0.00000000,0.00000000,0.00000000,0.00000000,0.00000000,0.00000000,0.00000000,0.00000000,0.00000000,0.00000000,0.00000000,0.00000000,0.00000000,0.00000000,0.00000000,0.01037347,0.00000000,0.00000000,0.00000000,0.00000000,0.00000000,0.00000000,0.00000000,0.00000000,0.00000000,0.00000000,0.00000000,0.00000000,0.00000000,0.00000000,0.00000000,0.00000000,0.03775888,0.00000000,0.00000000,0.00000000,0.00000000,0.00000000,0.00000000,0.02033872,0.00000000,0.00000000,0.00000000,0.00000000,0.00000000,0.00000000,0.00000000,0.00169497,0.00000000,0.00000000,0.00000000,0.00000000,0.00000000,0.00000000,0.00000000,0.00000000,0.00000000,0.00000000,0.00000000,0.00779559,0.00000000,0.00000000,0.00000000,0.00000000,0.00000000,0.00000000,0.00000000,0.00000000,0.00000000,0.00000000,0.00000000,0.03478567,0.00000000,0.00000000,0.00000000,0.00000000,0.00000000,0.00000000,0.00000000,0.02690982,0.00000000,0.00000000,0.00000000,0.00000000,0.00000000,0.00000000,0.00000000,0.00000000,0.00000000,0.00000000,0.00000000,0.00000000,0.00000000,0.00481546,0.00000000,0.00000000,0.00000000,0.00000000,0.00000000,0.00000000,0.01891095,0.01185016,0.00000000,0.00000000,0.00000000,0.00000000,0.00000000,0.00000000,0.00454169,0.00000000,0.01158308,0.00000000,0.00000000,0.00000000,0.00000000,0.00000000,0.00239306,0.00000000,0.00000000,0.00000000,0.00000000,0.00000000,0.02638109,0.00000000,0.00000000,0.00000000,0.01263550,0.00998316,0.00000000,0.00000000,0.00000000,0.00386421,0.00000000,0.00625423,0.01638507,0.00000000,0.00000000,0.00000000,0.00000000,0.00000000,0.00000000,0.01076399,0.00000000,0.00000000,0.00733688,0.00000000,0.00000000,0.00221343,0.00000000,0.00000000,0.00000000,0.00000000,0.00000000,0.00454169,0.00000000,0.00000000,0.00000000,0.00000000,0.00000000,0.00000000,0.00000000,0.00000000,0.00000000,1.16567799,0.01036087,0.00000000,0.00000000,0.00000000,0.00000000,0.00000000,0.00000000,0.00000000,0.00000000,0.00000000,0.00000000,0.00000000,0.00000000,0.00000000,0.00000000,0.00000000,0.00000000,0.00000000,0.00000000,0.00096738,0.00000000,0.00000000,0.00000000,0.00000000,0.00000000,0.00529907,0.00257850,0.11231766,0.00000000,0.00000000,0.00000000,0.00000000,0.00000000,0.01285244,0.00000000,0.00000000,0.00000000,0.00000000,0.01010039,0.00840933,0.00000000,0.00000000,0.00000000,0.00000000,0.00000000,0.00000000,0.00000000,0.00000000,0.00000000,0.00000000,0.00000000,0.00000000,0.00000000,0.00000000,0.00275938,0.00000000,0.00000000,0.00736116,0.00000000,0.00920283,0.00097471,0.00000000,0.02280899,0.00000000,0.00000000,0.00000000,0.00000000,0.00417394,0.00000000,0.00000000,0.07030862,0.00420556,0.00000000,0.00000000,0.00000000,0.00000000,0.00000000,0.00000000,0.00000000,0.00000000,0.00000000,0.00000000,0.00000000,0.11694485,0.00000000,0.00000000,0.00137681,0.00000000,0.00993809,0.00632347,0.00000000,0.00000000,0.00756957,0.00256871,0.00000000,0.00000000,0.00000000,0.00000000,0.00000000,0.97892496,0.01305793,0.00000000,0.00000000,0.00000000,0.00000000,0.00000000,0.00000000,0.00000000,0.00000000,0.00000000,0.00000000,0.00000000,0.00000000,0.00000000,0.00000000,0.00000000,0.00000000,0.00000000,0.00000000,0.00000000,0.00000000,0.00000000,0.00000000,0.00000000,0.00257270,0.00000000,0.00000000,0.00000000,0.00000000,0.00000000,0.00000000,0.00000000,0.00000000,0.00000000,0.00000000,0.00000000,0.00000000,0.00000000,0.00000000,0.00000000,0.00000000,0.00000000,0.00000000,0.00000000,0.00000000,0.06430728,0.00000000,0.00000000,0.00000000,0.00000000,0.00000000,0.00000000,0.00000000,0.00000000,0.00000000,0.04720102,0.00000000,0.08036339,0.00000000,0.00000000,0.01366072,0.00000000,0.02140527,0.00000000,0.00000000,0.00000000,0.00000000,0.00000000,0.00438744,0.00000000,0.00000000,0.00000000,0.00000000,0.00000000,0.81628982,0.00000000,0.00000000,0.00000000,0.00000000,0.00000000,0.00000000,0.00000000,0.00000000,0.00000000,0.00000000,0.00000000,0.00000000,0.00000000,0.07267680,0.00000000,0.00186086,0.00203184,0.00000000,0.00000000,1.67387438,0.00000000,0.00000000,0.00000000,0.00000000,0.00124392,0.00000000,0.02835823,0.00000000,0.00000000,0.00000000,0.00000000,0.00000000,0.00000000,0.00000000,0.00000000,0.00000000,0.00000000,0.00000000,0.00000000,0.00000000,0.00000000,0.00000000,0.00284344,0.00000000,0.00000000,0.00000000,0.01340910,0.00000000,0.00000000,0.00000000,0.00000000,0.00000000,0.00000000,0.00000000,0.00000000,0.00505550,0.00000000,0.00077881,0.00000000,0.00000000,0.00000000,0.00000000,0.00000000,0.00000000,0.06830559,0.00000000,0.00000000,0.00000000,0.00000000,0.02292370,0.00000000,0.00000000,0.00000000,0.00000000,0.00000000,0.00000000,0.00000000,0.00000000,0.00000000,0.00000000,0.00000000,0.00000000,0.00000000,0.00000000,0.00000000,0.00000000,0.00000000,0.00000000,0.00000000,0.00000000,0.00000000,0.00000000,0.00000000,0.01311154,0.03456992,0.00000000,0.00000000,0.00857737,0.00000000,0.00874862,0.00000000,0.00000000,0.00000000,0.00000000,0.00000000,0.00000000,0.00000000,0.00000000,0.00000000,0.00000000,0.00000000,0.00000000,0.00000000,0.00000000,0.00000000,0.00000000,0.00000000,0.00000000,0.00000000,0.00353951,0.00000000,0.00000000,0.00000000,0.00000000,0.00000000,0.00000000,0.00000000,0.00000000,0.00000000,0.00000000,0.00000000,0.00209546,0.00000000,0.00000000,0.00000000,0.00000000,0.00908959,0.00000000,0.00000000,0.00000000,0.00000000,0.00000000,0.00000000,0.00000000,0.00000000,0.01668202,0.00000000,0.00000000,0.00000000,0.00000000,0.00000000,0.00000000,0.00000000,0.00000000,0.00000000,0.00000000,0.00000000,0.00000000,0.00000000,0.00000000,0.00000000,0.00000000,0.00000000,0.00000000,0.00000000,0.00000000,0.00000000,0.00000000,0.00000000,0.00000000,0.00000000,0.00000000,0.00000000,0.00000000,0.00000000,0.00350995,0.00000000,0.00000000,0.00000000,0.00340013,0.00000000,0.00000000,0.00000000,0.00000000,0.00000000,0.00000000,0.00000000,0.00000000,0.00000000,0.00000000,0.00000000,0.00000000,0.00000000,0.00000000,0.00000000,0.00000000,0.00000000,0.00000000,0.00000000,0.00000000,0.00000000,0.00000000,0.00000000,0.00000000,1.50712436,0.00000000,0.00000000,0.48539325,0.00000000,0.00000000,0.00000000,0.00000000,0.00000000,0.00000000,0.00277748,0.00000000,0.00000000,0.00000000,0.00000000,0.00000000,0.00000000,0.00243619,0.00000000,0.00000000,0.00114733,0.00000000,0.00000000,0.00000000,0.00000000,0.00732780,0.00000000,0.00000000,0.00000000,0.00000000,0.00639218,0.00000000,0.05355467,0.00000000,0.00000000,0.16957567,0.00000000,0.00000000,0.00000000,0.00000000,0.00000000,0.00000000,0.00000000,0.00000000,0.00000000,0.00000000,0.00000000,0.00000000,0.01057493,0.00000000,0.00000000,0.15298651,0.00000000,0.00000000,0.00000000,0.00000000,0.00000000,0.00000000,0.00000000,0.00000000,0.00000000,0.00384762,0.00000000,0.02438913,0.00000000,0.00000000,0.00277440,0.00000000,0.00000000,0.00000000,0.00000000,0.00000000,0.00000000,0.00000000,0.00000000,0.00000000,0.00000000,0.02048207,0.00000000,0.00772138,0.00577362,0.00000000,0.00000000,0.00000000,0.00000000,0.00000000,0.00000000,0.00000000,0.00000000,0.00000000,0.00000000,0.03424325,0.00000000,0.00000000,0.00000000,0.00000000,0.00000000,0.00000000,0.00000000,0.00000000,0.00000000,0.00000000,0.05971259,0.00000000,0.00000000,0.00000000,0.01608188,0.00000000,0.00000000,0.00000000,0.00000000,0.00000000,0.00000000,0.00000000,0.00000000,0.00635286,0.00000000,0.00000000,0.00000000,0.00000000,0.00000000,0.00000000,0.00000000,0.00000000,0.00000000,0.00000000,0.00000000,0.00000000,0.00000000,0.00000000,0.00000000,0.00000000,0.00000000,0.00000000,0.00000000,0.00000000,0.00000000,0.00000000,0.00000000,0.01338410,0.00000000,0.00000000,0.00000000,0.00000000,0.00000000,0.00000000,0.00000000,0.00000000,0.00000000,0.00000000,0.00000000,0.00000000,0.00000000,0.00000000,0.00000000,0.00000000,0.00000000,0.54289707,0.00000000,0.12128103,0.00000000,0.00000000,0.00307620,0.00000000,0.00000000,0.00000000,0.01105815,0.00000000,0.00000000,0.00000000,0.00000000,0.00000000,0.00000000,0.00000000,0.00000000,0.00000000,0.00000000,0.00000000,0.00000000,0.00000000,0.00000000,0.00000000,0.00000000,0.00000000,0.00000000,0.00000000,0.00000000,0.00258010,0.00000000,0.00000000,0.00000000,0.00000000,0.00000000,0.00339277,0.00000000,0.00000000,0.00000000,0.00000000,0.00000000,0.00000000,0.00000000,0.00000000,0.00000000,0.00000000,0.00000000,0.00000000,0.00000000,0.00000000,0.00000000,0.00000000,0.00000000,0.00000000,0.00000000,0.00000000,0.00000000,0.00000000,0.00000000,0.00000000
0.00000000,0.00000000,0.00000000,0.00000000,0.00000000,0.00000000,0.00000000,0.00000000,0.00000000,0.00000000,0.00000000,0.00000000,0.00000000,0.00000000,0.00000000,0.00000000,0.00000000,0.00000000,0.00000000,0.00000000,0.00000000,0.32743496,0.00000000,0.00000000,0.00000000,0.00000000,0.00000000,0.00000000,0.00000000,0.14665252,0.00000000,0.00000000,0.12594213,0.00000000,0.00000000,0.00955479,0.00000000,0.00000000,0.03954558,0.19231629,0.00000000,0.00000000,0.00000000,0.00000000,0.00000000,0.00000000,0.00000000,1.32992055,0.00000000,0.00000000,0.00000000,0.00462596,0.00000000,0.00000000,0.00000000,0.00000000,0.00000000,0.00086515,0.00000000,0.01121075,0.00000000,0.00000000,0.00000000,0.00000000,0.00000000,0.00412800,0.00000000,0.00000000,0.00000000,0.00000000,0.00000000,0.00162009,0.00000000,0.00000000,0.00000000,0.00000000,0.00000000,0.00000000,0.00000000,0.00000000,0.00000000,0.00000000,0.01372436,0.00000000,0.01072693,0.00000000,0.00000000,0.00000000,0.00000000,0.00000000,0.00000000,0.00000000,0.00000000,0.00721675,0.00000000,0.00000000,0.00000000,0.00000000,0.00000000,0.00000000,0.00000000,0.04857844,0.00000000,0.00000000,2.37339912,0.00000000,0.00000000,0.00000000,0.19435993,0.09170693,0.00000000,0.00000000,0.00000000,0.00000000,0.00000000,0.00000000,0.00000000,0.00158905,0.00000000,0.00000000,0.00000000,0.00000000,0.00000000,1.60147770,0.01201200,0.83011912,0.00000000,0.00000000,0.00000000,0.00000000,0.00000000,0.07377222,0.00000000,0.00000000,0.00000000,0.00000000,0.00000000,0.00000000,0.00000000,0.00000000,0.00000000,0.00000000,0.00000000,0.00000000,0.00000000,0.00000000,0.00000000,0.00000000,0.00000000,0.00000000,0.00000000,0.00000000,0.00000000,0.00000000,0.00191620,0.00000000,0.01991308,0.00000000,0.00000000,0.00000000,0.00000000,0.00000000,0.00000000,0.00492681,0.00000000,0.12833968,0.00000000,0.00000000,0.00000000,0.00000000,0.00000000,0.00000000,0.00000000,0.00000000,0.00000000,0.00000000,0.00000000,0.00000000,0.00595842,0.00000000,0.00000000,0.01181085,0.00000000,0.00000000,0.00000000,0.00000000,0.00000000,0.00000000,0.00000000,0.00000000,0.00166805,0.00515710,0.00000000,0.00000000,0.00000000,0.00000000,0.00000000,0.00000000,0.00000000,0.00000000,0.00000000,0.00000000,0.00284754,0.00000000,0.00084652,0.00000000,0.36020990,0.00000000,0.00000000,0.00000000,0.00000000,0.00000000,0.00000000,0.00000000,0.00000000,0.00590488,0.00000000,0.00000000,0.00000000,0.00000000,0.00000000,0.00000000,0.00000000,0.00000000,0.00000000,0.03978575,0.01333242,0.00000000,0.00000000,0.00000000,0.00000000,0.00000000,0.00000000,0.00000000,0.00000000,0.00000000,0.00000000,0.00000000,0.00000000,0.00000000,0.00000000,0.00000000,1.47169951,0.00000000,0.00718271,0.00000000,0.00000000,0.00000000,0.00000000,0.00000000,0.00000000,0.00000000,0.00000000,0.00000000,0.00000000,0.00000000,0.00000000,0.00000000,0.00000000,0.00000000,0.00000000,0.00000000,0.00000000,0.00000000,0.00000000,0.00000000,0.00000000,0.00000000,0.00000000,0.00000000,0.00000000,0.00000000,0.00000000,0.00000000,0.00000000,0.00000000,0.00000000,0.00000000,0.00000000,0.00187646,0.00000000,0.01883175,0.00000000,0.00000000,0.00000000,0.00000000,0.00000000,0.00644395,0.00000000,0.00000000,0.00403754,0.00000000,0.00000000,0.00000000,0.00137040,0.00331473,0.00000000,0.00000000,0.00000000,0.00000000,0.00000000,0.00347795,0.00000000,0.00000000,0.00000000,0.00000000,0.00000000,0.09149877,0.00000000,0.00000000,0.00000000,0.00000000,0.00000000,0.01172215,0.00000000,0.00000000,0.00000000,0.00000000,0.00000000,0.00000000,0.00000000,0.00097756,0.00000000,0.00000000,0.00000000,0.76714526,0.00000000,0.00000000,0.00000000,0.00000000,0.00000000,0.00000000,0.00000000,0.00000000,0.00000000,0.00000000,0.00000000,0.00000000,0.00886105,0.00000000,0.00000000,0.00409925,0.00171893,0.00000000,0.00000000,0.00000000,0.00000000,0.00000000,0.00000000,0.00000000,0.00000000,0.00000000,0.00000000,0.03091533,0.00000000,0.00000000,0.00000000,0.00000000,0.01108823,0.00000000,0.00000000,0.00000000,0.00000000,0.00000000,0.00000000,0.00000000,0.00000000,0.00000000,0.00000000,0.00000000,0.00000000,0.00000000,0.00000000,0.00000000,0.00000000,0.00000000,0.00000000,0.02736698,0.00000000,0.00000000,0.00000000,0.00000000,0.00000000,0.00000000,0.00000000,0.00000000,0.00000000,0.00000000,0.00000000,0.00000000,0.00000000,0.00000000,2.73370115,0.00000000,0.00000000,0.00000000,0.16213119,0.00000000,0.00000000,0.00000000,0.00000000,0.00000000,0.00000000,0.00000000,0.00000000,0.00000000,0.00000000,0.00000000,0.00000000,0.00000000,0.00000000,0.00000000,0.00000000,0.00349045,0.00000000,0.01526201,0.00000000,0.00000000,0.00000000,0.00000000,0.00000000,0.00218472,0.00000000,0.00000000,0.00000000,0.00000000,0.00000000,0.01578249,0.00000000,0.00000000,0.00000000,0.00000000,0.00000000,0.00546937,0.00000000,0.00000000,0.00000000,0.00000000,0.00000000,0.00761972,0.00000000,0.00000000,0.00000000,0.00000000,0.00000000,0.00000000,0.00000000,0.00000000,0.00000000,0.00515229,0.00000000,0.00062110,0.00000000,0.00000000,0.00141123,0.00000000,0.00000000,0.00000000,0.00000000,0.00000000,0.00000000,0.00000000,0.00425591,0.00000000,0.00000000,0.00000000,0.00000000,0.00000000,0.00000000,0.00000000,0.00000000,0.00000000,0.00000000,0.00000000,0.00000000,0.00000000,0.00000000,0.00000000,0.00453522,0.00000000,0.00000000,0.00000000,0.27811495,0.00000000,1.46197666,0.00000000,0.08868395,0.00000000,0.00000000,0.00000000,0.00505635,0.00000000,0.00000000,0.00000000,0.00000000,0.00000000,0.00000000,0.00000000,0.00000000,0.00000000,0.00000000,0.00000000,0.00464187,0.00000000,0.00000000,0.00000000,0.00000000,0.00000000,0.00000000,0.00000000,0.00000000,0.00000000,0.00000000,0.00000000,0.20685010,0.00000000,0.00000000,0.00000000,0.00000000,0.00000000,0.00000000,0.00000000,0.00763640,0.00000000,0.00000000,0.00000000,0.00000000,0.02150674,0.00000000,0.00000000,0.00000000,0.00000000,0.00000000,0.00000000,0.00000000,0.00000000,0.00000000,0.00000000,0.00000000,0.00000000,0.00000000,0.00000000,0.00000000,0.00000000,0.00000000,0.00000000,0.00000000,0.00000000,0.00000000,0.00000000,0.00000000,0.00000000,0.00219897,0.10373706,0.00000000,0.00000000,0.00000000,0.00000000,0.00000000,0.00000000,1.20265463,0.04548657,0.00000000,0.00000000,0.00000000,0.00179503,0.00000000,0.00000000,0.00000000,0.00000000,0.00000000,0.05836243,0.00000000,0.00000000,0.00000000,0.03391434,0.00000000,0.00000000,0.00000000,0.00000000,0.00835657,0.00000000,0.00000000,0.00000000,0.00000000,0.00000000,0.00000000,0.00000000,0.00000000,0.00000000,0.00000000,0.00000000,0.00000000,0.00000000,0.00000000,0.00000000,0.00000000,0.01725242,0.00000000,0.00000000,0.00000000,0.00000000,0.04436455,0.00000000,0.00000000,0.00000000,0.00000000,0.00000000,0.00000000,0.00000000,0.00000000,0.00000000,0.00000000,0.00000000,0.00000000,0.00000000,0.00000000,0.00371590,0.00000000,0.00000000,0.00000000,0.00000000,0.00000000,0.00000000,0.00000000,0.00000000,0.00000000,0.00000000,0.00000000,0.00000000,0.00000000,0.00000000,0.00000000,0.00000000,0.00000000,0.00000000,0.00000000,0.00000000,0.00000000,0.00000000,0.11387324,0.00000000,0.01139962,0.00000000,0.00000000,0.00000000,0.01545915,0.00000000,0.00000000,0.00000000,0.00000000,0.00370292,0.00000000,0.00000000,0.00081138,0.00000000,0.00000000,0.00971444,0.00000000,0.10452900,0.00000000,0.00000000,0.00000000,0.00000000,0.00000000,0.00000000,0.00000000,0.00000000,0.00000000,0.00000000,0.00000000,0.00000000,0.00000000,0.00000000,0.00829227,0.00000000,0.00084933,0.00000000,0.00000000,0.93332592,0.00000000,0.00000000,0.00000000,0.00000000,0.03522459,0.00000000,0.00000000,0.00000000,0.00000000,0.00000000,0.00000000,0.00000000,0.00000000,0.00000000,0.00000000,0.00000000,0.00000000,0.00000000,0.03063445,0.00000000,0.00000000,0.00000000,0.00000000,0.00000000,0.00000000,0.00000000,0.00000000,0.00000000,0.00000000,0.00000000,0.00414956,0.00000000,0.00152049,0.00000000,0.00000000,0.00000000,0.00000000,0.00000000,0.00000000,0.00000000,0.00000000,0.00000000,0.00000000,0.00000000,0.00000000,0.00398831,0.06630602,0.00000000,0.00000000,0.00000000,0.00000000,0.15307507,0.00000000,0.00000000,0.00000000,0.00000000,0.00000000,0.00000000,0.01252211,0.00000000,0.00000000,0.00000000,0.00000000,0.01468944,0.00000000,0.00000000,0.00000000,0.00000000,0.00000000,0.00000000,0.00000000,0.00000000,0.00000000,0.00000000,0.00000000,0.00000000,0.00000000,0.00364083,0.00000000,0.01075482,0.00000000,0.00000000,0.00000000,0.00000000,0.00000000,0.00000000,0.00000000,0.00000000,0.00000000,0.00000000,0.00000000,0.00000000,0.00000000,0.00000000,0.00000000,0.00000000,0.00000000,0.00000000,0.00000000,0.00000000,0.00121664,0.00000000,0.00000000,0.00000000,0.00000000,0.00000000,0.00000000,0.00000000,0.00000000,0.00000000,0.00000000,0.00000000,0.00000000,0.01189104,0.00000000,0.00000000,0.00000000,0.00000000,0.01049181,0.01324157
0.00000000,0.00000000,0.00000000,0.00000000,0.00000000,0.00000000,0.00000000,0.00000000,0.00000000,0.00000000,0.00000000,0.00000000,0.00000000,0.00000000,0.00000000,0.00000000,0.00000000,0.00000000,0.00000000,0.00000000,0.00854658,0.00000000,0.00000000,0.00000000,0.00000000,0.00000000,0.00000000,0.00198073,0.00062179,0.00000000,0.00000000,0.00000000,0.00000000,0.00000000,0.00000000,0.00000000,0.02254534,0.00000000,0.00000000,0.00000000,0.00000000,0.00000000,0.00000000,0.00000000,0.00000000,0.00000000,0.00000000,0.00000000,0.00000000,0.09809934,0.00000000,0.00000000,2.33876364,0.00000000,0.01047934,0.00000000,0.00000000,0.00000000,0.00000000,0.00000000,0.00000000,0.00000000,0.00542148,0.00000000,0.04896745,0.00000000,0.00000000,0.00000000,0.00000000,0.00000000,0.00328605,0.00000000,0.00000000,0.00000000,0.00000000,0.00000000,0.00000000,0.00000000,0.00000000,0.00054793,0.00000000,0.00000000,0.00000000,0.00000000,0.00000000,0.00000000,0.00000000,4.39488262,0.00000000,0.00000000,0.00000000,0.00000000,0.00000000,0.00000000,0.00000000,0.00000000,0.00000000,0.00659411,0.00000000,0.00000000,0.00801947,0.00000000,0.00000000,0.00426483,0.00000000,0.00000000,0.00000000,0.00000000,0.00000000,0.00000000,0.00000000,0.00000000,0.00000000,0.00000000,0.00000000,0.00795212,0.00000000,0.00000000,0.00000000,0.00000000,0.00000000,0.00000000,0.00000000,0.00000000,0.00000000,0.00000000,0.00000000,0.00000000,0.00000000,0.00000000,0.00000000,0.00000000,0.00000000,0.00000000,0.00000000,0.00000000,0.00000000,0.00000000,0.00000000,0.00000000,0.00000000,0.00000000,0.00000000,0.00000000,0.00000000,0.00000000,0.00000000,0.00000000,0.00000000,0.02890239,0.00000000,0.01547482,0.00290676,0.00000000,0.00000000,0.00000000,0.00000000,0.00000000,0.00000000,0.00000000,0.03620655,1.26932988,0.00000000,0.00000000,0.00000000,0.00416698,0.00000000,0.00000000,0.00000000,0.00000000,0.00000000,0.00000000,0.00000000,0.00000000,0.00000000,0.00000000,0.00000000,0.00000000,0.00000000,0.00000000,0.00000000,0.00000000,0.00000000,0.00230472,0.00000000,0.00000000,0.00000000,0.00000000,0.00000000,0.00000000,0.00000000,0.00000000,0.00000000,0.00000000,0.00000000,0.00000000,0.00000000,0.00000000,0.00000000,0.00000000,0.00000000,0.00000000,0.00000000,0.00000000,0.00000000,0.00200262,0.00000000,0.00000000,0.00000000,0.00000000,0.00000000,0.00000000,0.00000000,0.00000000,0.00000000,0.00000000,0.00997845,0.00000000,0.00000000,0.00000000,0.00000000,0.00000000,0.00768036,0.00000000,0.14147369,0.00000000,0.00312004,0.00000000,0.00556053,0.00000000,0.00000000,0.00000000,0.35148178,0.03376285,0.00000000,0.00000000,0.00000000,0.00528369,0.00000000,0.00000000,0.00000000,0.00000000,0.00000000,0.00000000,0.00000000,0.00000000,0.00616071,0.00000000,0.00000000,0.00000000,0.00000000,0.00000000,0.00000000,0.00000000,0.00000000,0.00000000,0.03440870,0.00000000,0.00000000,0.00000000,0.00000000,0.00000000,0.00000000,0.00000000,0.00000000,0.00000000,0.00000000,0.00000000,0.07980574,0.00000000,0.00000000,0.00000000,0.00000000,0.00000000,0.00000000,0.26862790,0.00000000,0.00000000,0.00000000,0.00000000,0.00000000,0.00000000,0.00000000,0.00000000,0.00000000,0.00000000,0.00000000,0.00000000,0.00000000,0.00000000,0.04152088,0.00000000,0.00000000,0.00000000,0.00000000,0.00000000,0.00000000,0.00000000,0.00000000,0.00000000,0.00000000,0.00000000,0.00000000,0.00000000,0.00000000,0.00000000,0.00000000,0.00000000,0.01781850,0.00000000,0.00000000,0.00000000,0.02617381,0.00000000,0.00000000,0.00771256,0.00560858,0.00000000,0.00080666,0.00000000,0.00000000,0.00000000,0.00000000,0.00000000,0.00000000,0.00000000,0.00000000,0.00000000,0.08187474,0.00184382,0.00000000,0.00000000,0.00000000,0.00000000,0.00000000,0.00000000,0.00000000,0.00000000,0.00000000,0.00000000,0.00000000,0.00000000,0.00000000,0.00000000,0.00000000,0.00000000,1.80140294,0.00000000,0.00000000,0.00000000,0.00000000,0.00000000,0.00000000,0.00000000,0.00000000,0.46678610,2.44007174,0.00000000,0.00000000,0.00000000,0.00000000,0.00000000,0.00000000,0.00107434,0.00000000,0.00000000,0.00000000,0.00000000,0.14059563,0.00000000,0.00000000,0.00000000,0.00000000,0.00000000,0.00186006,0.00000000,0.00173776,0.17818496,0.00000000,0.00000000,0.00000000,0.00000000,0.10753152,0.00000000,0.00000000,0.01956837,0.00000000,0.00000000,0.00000000,0.00000000,0.00000000,0.00000000,0.03397451,0.00000000,0.00000000,0.00147019,0.00000000,0.00000000,0.00000000,0.00000000,0.00000000,0.00000000,0.00000000,0.00000000,0.00000000,0.00000000,0.01585002,0.00000000,0.00516149,0.00581573,0.00000000,0.00232183,0.00000000,0.00000000,0.11139750,0.00000000,0.00000000,0.00000000,0.00000000,0.00000000,0.00000000,0.00000000,0.00000000,0.00000000,0.00073685,0.00000000,0.00000000,0.00000000,0.12446514,0.00000000,0.00000000,0.00000000,0.00000000,0.00000000,0.00000000,0.00000000,0.00000000,0.00000000,0.00000000,0.00000000,0.00781505,0.00091731,0.00000000,0.00000000,0.00000000,0.01688100,0.00000000,0.00000000,0.00000000,0.00000000,0.01635615,0.00000000,0.00000000,0.00000000,0.00000000,0.00000000,0.00000000,0.00000000,0.00000000,0.00000000,0.00000000,0.00000000,0.00000000,0.09382224,0.00000000,0.00000000,0.00000000,0.00000000,0.00000000,0.00000000,0.00000000,0.00000000,0.00000000,0.00000000,0.00000000,0.00000000,0.00000000,0.01271356,0.00000000,0.00000000,0.00000000,0.00000000,0.00000000,0.00000000,0.00000000,0.00000000,0.00000000,0.00000000,0.00000000,0.00000000,0.00000000,0.00000000,0.00000000,0.00000000,0.00266464,0.00000000,0.05666741,0.00000000,0.00000000,0.00000000,0.00000000,0.00000000,0.00000000,0.00000000,0.00000000,0.00000000,0.00000000,0.00000000,0.00000000,0.00000000,0.00000000,0.00000000,0.00000000,0.00000000,0.00000000,0.00000000,0.00000000,0.03285572,0.00484103,0.00000000,0.00000000,0.00000000,0.00234540,0.00000000,0.00000000,0.00000000,0.00000000,0.00000000,0.00000000,0.00000000,0.00000000,0.00000000,0.00000000,0.00000000,0.00000000,0.03759711,0.03334125,0.00000000,0.00000000,0.00000000,0.00000000,0.00000000,0.00000000,0.00000000,0.00000000,0.00000000,0.00070285,0.00000000,0.00000000,0.00000000,0.00000000,0.00236916,0.00000000,0.00395403,0.00000000,0.00000000,0.00000000,0.00000000,0.00000000,0.02598597,0.00000000,0.00000000,0.00000000,0.00000000,0.00000000,0.07233540,0.00000000,0.00000000,0.00000000,0.03243687,0.00000000,0.00000000,0.00000000,0.00000000,0.00000000,0.00000000,0.00000000,0.00000000,0.00000000,0.00000000,0.00000000,0.00000000,0.00000000,0.00323739,0.00000000,0.00000000,0.00000000,0.00000000,0.00000000,0.00000000,0.00000000,0.00000000,0.00000000,0.00000000,0.00503001,0.00062180,0.12582498,0.00000000,0.00000000,0.00000000,0.00000000,0.00000000,0.00000000,0.00000000,0.00000000,0.00000000,0.00000000,0.00000000,0.00000000,0.00000000,0.00000000,0.00000000,0.00000000,0.00000000,0.00000000,0.00000000,0.00000000,0.00000000,0.00000000,0.00000000,0.01690279,0.00000000,0.00000000,0.00000000,0.00000000,0.00000000,0.00000000,0.00000000,0.00000000,0.00000000,0.00000000,0.00000000,0.00000000,0.00000000,0.00000000,0.00000000,0.00000000,0.00000000,0.01669925,0.00000000,0.00000000,0.01553584,0.00000000,0.00000000,0.00000000,0.00000000,0.00000000,0.00722518,0.00646084,0.00168863,0.00000000,0.00282596,0.00000000,0.00000000,0.00000000,0.00000000,0.00000000,0.00000000,0.00671368,0.00000000,0.00000000,0.00417404,0.00000000,0.01455469,0.00000000,0.00000000,0.00000000,0.00000000,0.00000000,0.00000000,0.00000000,0.00000000,0.00000000,0.00000000,0.03158559,0.00000000,0.00000000,0.00000000,0.00000000,0.00000000,0.00000000,0.01642417,0.00000000,0.00000000,0.00000000,0.00290937,0.00000000,0.00000000,0.00000000,0.00000000,0.04958662,0.00000000,0.00000000,0.00000000,0.01222358,0.00000000,0.00000000,0.00000000,0.00000000,0.00518543,0.00000000,0.00000000,0.00000000,0.01861833,0.00000000,0.00000000,0.00000000,0.00000000,0.00000000,0.00000000,0.00000000,0.00000000,0.00000000,0.00000000,0.03181406,0.00000000,0.00000000,0.00000000,0.00000000,0.00000000,0.00000000,0.00000000,0.00000000,0.00000000,0.00000000,0.00000000,0.00000000,0.00000000,0.00000000,0.00000000,0.00000000,0.01650627,0.00000000,0.00000000,0.00000000,0.00796070,0.00000000,0.00000000,0.00000000,0.03286098,0.00000000,0.00000000,0.00000000,0.00000000,0.00000000,0.00000000,0.00000000,0.00000000,0.00000000,0.00000000,0.00000000,0.03958322,0.00000000,0.00000000,0.00000000,0.00000000,0.00000000,0.11001673,0.00000000,0.00000000,0.00000000,0.00000000,0.00000000,0.00000000,0.00000000,0.00000000,0.00000000,0.00000000,0.00000000,0.00000000,0.00000000,0.00000000,0.00000000,0.00000000,0.00000000,0.06715252,0.00000000,0.00000000,0.00000000,0.00000000,0.00000000,0.00000000,0.01062703,0.00000000,0.00000000,0.00000000,0.03741216,0.00000000,0.00000000,0.00000000,0.00000000,0.00000000,0.00000000,0.00931960,0.00000000,0.00000000,0.00000000,0.00000000,0.00000000,0.00086238
0.00000000,0.00190837,0.00306533,0.00000000,0.00000000,0.00000000,0.00000000,0.00000000,0.00000000,0.00000000,0.00000000,0.00000000,0.00000000,0.00000000,0.00000000,0.00747506,0.05167288,0.00000000,0.00000000,0.00000000,0.00000000,0.00000000,0.00000000,0.00998616,0.00000000,0.00000000,0.00000000,0.00000000,0.00000000,0.00000000,0.00000000,0.00000000,0.00000000,0.06210815,0.00000000,0.00354791,0.00000000,0.00000000,0.16325289,0.00000000,0.00000000,0.00000000,0.00000000,0.00000000,0.01131608,0.00000000,0.00000000,0.00000000,0.00000000,0.00000000,0.00000000,0.00000000,0.00000000,0.00000000,0.00000000,0.00000000,0.00000000,0.00000000,0.94703467,0.00301944,0.00000000,0.00000000,0.00000000,0.00000000,0.00000000,0.00000000,0.00000000,0.00000000,0.00000000,0.00000000,0.00000000,0.01163295,0.00334634,0.00000000,0.00000000,0.00000000,0.00000000,0.00000000,0.00000000,0.00000000,0.00000000,0.02027541,0.00000000,0.00000000,0.00000000,0.03260808,0.00074299,0.00000000,0.00000000,0.00000000,0.00000000,0.00000000,0.00000000,0.02375369,0.00000000,0.00000000,0.00000000,0.00000000,0.00000000,0.00000000,0.00000000,0.00000000,0.00000000,0.03412130,0.00315593,0.00000000,0.00000000,0.00142607,0.00000000,0.00404768,0.00000000,0.00000000,0.00000000,0.00000000,0.00000000,0.00000000,0.00000000,0.00000000,0.00000000,0.01238596,0.00000000,0.00000000,0.00000000,0.00000000,0.00000000,0.00000000,0.00000000,0.00000000,0.00549930,0.00000000,0.00799346,0.00000000,0.00000000,0.00000000,0.00125269,0.00000000,0.02660733,0.12934952,0.00000000,0.00000000,0.00000000,0.00000000,0.00991809,0.00000000,0.00000000,0.07979823,0.00000000,0.00000000,0.01239930,0.00000000,0.00000000,0.00000000,0.00000000,0.06896168,0.00000000,0.00000000,0.13171535,0.00000000,0.00000000,0.00000000,0.00000000,0.01921686,0.00000000,0.00000000,0.00000000,0.00000000,0.00000000,0.00000000,0.00000000,0.00000000,0.00000000,0.00000000,0.00000000,0.00000000,0.01891453,0.00000000,0.00878217,0.00000000,0.00000000,0.00000000,0.00394082,0.00000000,0.00000000,0.00000000,0.00000000,0.00000000,0.00000000,0.00000000,0.00000000,0.00000000,0.00000000,0.00000000,0.00000000,0.00000000,0.00000000,0.00000000,0.07491417,0.00000000,0.00000000,0.00000000,0.00000000,0.01432398,0.00000000,0.93384730,0.00000000,0.00000000,0.00000000,0.00631046,0.00000000,0.00000000,0.00000000,0.00000000,0.02285051,0.00000000,0.00197852,0.00000000,0.00000000,0.00000000,0.00000000,0.00000000,0.00000000,0.00000000,0.35538018,0.00000000,0.00000000,0.00000000,2.09382196,0.00000000,0.00000000,0.00000000,0.00000000,0.00000000,0.00000000,0.00000000,0.00000000,0.00000000,0.00000000,0.00000000,0.00000000,0.00000000,0.00000000,0.00000000,0.00000000,0.00117932,0.00000000,0.00000000,0.00000000,0.00000000,0.00000000,0.00000000,0.00000000,0.00000000,0.00137359,0.00000000,0.00000000,0.00000000,0.00951214,0.00000000,0.00000000,0.00000000,0.00000000,0.00000000,0.00000000,0.00465234,0.00000000,0.00000000,0.00000000,0.00000000,0.00000000,0.00000000,0.00000000,0.00000000,0.01908146,0.00000000,0.00000000,0.00000000,0.00000000,0.00000000,0.00000000,0.00000000,0.00000000,0.00000000,0.00000000,0.00000000,0.00000000,0.00000000,0.00000000,0.00000000,0.00000000,0.00000000,0.00000000,0.00000000,0.00000000,0.00000000,0.00000000,0.00000000,0.00000000,0.00000000,0.00000000,0.00000000,0.00000000,0.00000000,0.00000000,0.00000000,0.00000000,0.00000000,0.00000000,0.00000000,0.00000000,0.00000000,0.00000000,0.00000000,0.00000000,0.00000000,0.00000000,0.00000000,0.00000000,0.00000000,0.00000000,0.00000000,0.00000000,0.00000000,0.30121592,0.00231174,0.06740748,0.00000000,0.00000000,0.00000000,0.00000000,0.00000000,0.00000000,0.00000000,0.00000000,0.00000000,0.00000000,0.00000000,0.00000000,0.00000000,0.00000000,0.00000000,0.00000000,0.00000000,0.00000000,0.00000000,0.00000000,0.00000000,0.00000000,0.00000000,0.00000000,0.05378472,0.00000000,0.00000000,0.00000000,0.00000000,0.00000000,0.00000000,0.00000000,0.00000000,0.03373046,0.00000000,0.00000000,0.12766850,0.00000000,0.00000000,0.00000000,0.00000000,0.00000000,0.00000000,0.00000000,0.00000000,0.00000000,0.00000000,0.00000000,0.00000000,0.00000000,0.00000000,0.02647087,0.00000000,0.00427608,0.00000000,0.00000000,0.00000000,0.00000000,0.00157614,0.00000000,0.00000000,0.00000000,0.00000000,0.00265926,0.00000000,0.00000000,0.00000000,0.00000000,0.00489029,0.00111738,0.00000000,0.00000000,0.00000000,0.00000000,0.00000000,0.00000000,0.00000000,0.00000000,0.00155499,0.00000000,0.00375154,0.00000000,0.01466506,0.00000000,0.00000000,0.00604491,0.00305732,0.00000000,0.00000000,0.00000000,0.00000000,0.00000000,0.00438233,0.00000000,0.00000000,0.00000000,0.00402957,0.00000000,0.00267921,0.00000000,0.00000000,0.00000000,0.00000000,0.00000000,0.00000000,0.00000000,0.00000000,0.00000000,0.00000000,0.00000000,0.00000000,0.00000000,0.00000000,0.00000000,0.00000000,0.00000000,0.00000000,0.00000000,0.00000000,0.00000000,0.00000000,0.00000000,0.00000000,0.00000000,0.00000000,0.50575598,0.00643624,0.00000000,0.00000000,0.00000000,0.00000000,0.00000000,0.00000000,0.00000000,0.00000000,0.00846695,0.00000000,0.00000000,0.00000000,0.00145594,0.00000000,0.00000000,0.00000000,0.00418932,0.00000000,0.00000000,0.00000000,0.00000000,0.00000000,0.00000000,0.00000000,0.00000000,0.10611466,0.00000000,0.00000000,0.00000000,0.00000000,0.00000000,0.00000000,0.00000000,0.00000000,0.00000000,0.00000000,0.00000000,0.00138545,0.00000000,0.00000000,0.00000000,0.00000000,0.00000000,0.00000000,0.00000000,0.00000000,0.00000000,0.00000000,0.00000000,0.00000000,0.01121355,0.00000000,0.00000000,0.00429289,0.00000000,0.00000000,0.00000000,0.00000000,0.00348082,0.00000000,0.00000000,0.00000000,0.00000000,0.00000000,0.00000000,0.00000000,0.00000000,0.00000000,0.00000000,0.00000000,0.00000000,0.00000000,0.00000000,0.00000000,0.00000000,0.00000000,0.00177143,0.00000000,0.00000000,0.00000000,0.00000000,0.00000000,0.76432375,0.00000000,1.24301573,0.00000000,0.00000000,0.00000000,0.00000000,0.00169764,0.00000000,0.00000000,0.00000000,0.00000000,0.00000000,0.00000000,0.00000000,0.00361455,0.00000000,0.00276203,0.00000000,0.00000000,0.00000000,0.00000000,0.00000000,0.00000000,0.00838754,0.00000000,0.00000000,0.00000000,0.00000000,0.00000000,0.00000000,0.00000000,0.00000000,0.00000000,0.00000000,0.00000000,0.00000000,0.00000000,0.06005570,0.00000000,0.00000000,0.03274215,0.00000000,0.00000000,0.00000000,0.00000000,0.00000000,0.00000000,0.00000000,0.00000000,0.00000000,0.00000000,0.00690522,0.00000000,0.15930722,0.00000000,0.00000000,0.04801764,0.23314553,0.00000000,0.00000000,0.00222472,0.00000000,0.00000000,0.00000000,0.00000000,0.00000000,0.00000000,0.00000000,0.00000000,0.00000000,0.00000000,0.00000000,0.00398433,0.00000000,0.00293155,0.00000000,0.00155027,0.00000000,0.00000000,0.00000000,0.00000000,0.00000000,0.00000000,0.00000000,0.00000000,0.00000000,0.00000000,0.00000000,0.00000000,0.00000000,0.00000000,0.00000000,0.00000000,0.00000000,0.00000000,0.00000000,0.00000000,0.00000000,0.00000000,0.00000000,0.00000000,0.00000000,0.00000000,0.00000000,0.00000000,0.00000000,0.00000000,0.01817628,0.00000000,0.00000000,0.00000000,0.00000000,0.00000000,0.00000000,0.00000000,0.00000000,0.00000000,0.00000000,0.05013376,0.00000000,0.00000000,0.00000000,0.00000000,0.00000000,0.00000000,0.04754123,0.00000000,0.00000000,0.00000000,0.00155602,0.00000000,0.00000000,0.00000000,0.00000000,0.00247590,0.09736114,0.00000000,0.00000000,0.00000000,0.00000000,0.35320414,0.00000000,0.00000000,0.00000000,0.00000000,0.00000000,0.00000000,0.00000000,0.00000000,0.00000000,0.00000000,0.00000000,0.00000000,0.00000000,0.00000000,0.00000000,0.00000000,0.00000000,0.00000000,0.00000000,0.00000000,0.00000000,0.00000000,0.00000000,0.00219835,0.00000000,0.00000000,0.00000000,0.00193709,0.00000000,0.00000000,0.00000000,0.00000000,0.00000000,0.00000000,0.00000000,0.00000000,0.00000000,0.00000000,0.00983993,0.00000000,0.00000000,1.04430282,0.00000000,0.00000000,0.00000000,0.00000000,0.00000000,0.00000000,0.00575654,0.00000000,0.00000000,0.00000000,0.00000000,0.00000000,0.00000000,0.00000000,0.00000000,0.05250093,0.00000000,0.00000000,0.00000000,0.00000000,0.00000000,0.00000000,0.00000000,0.00000000,0.01655778,0.00000000,0.00575931,0.00000000,0.00000000,0.00000000,0.00000000,0.00000000,0.00000000,0.00000000,0.02805575,0.00000000,0.00000000,0.00000000,0.00000000,0.00000000,0.00000000,0.00000000,0.00000000,0.00000000,0.00000000,0.00000000,0.00000000,0.00000000,0.00000000,0.00000000,1.38384458,0.00000000,0.00000000,0.00000000,0.00000000,0.00000000,0.00000000,0.00000000,0.00000000,0.00000000,0.00000000,0.00000000,0.00000000,0.00000000,0.00000000,0.00000000,0.00000000,0.00000000,0.00000000,0.00000000,0.00000000,0.00000000,0.00000000,0.00000000,0.00000000,0.00000000,0.00000000,0.00000000,0.00000000,0.00000000,0.00000000,0.02702880
0.00259852,0.00000000,0.00000000,0.00469974,0.00177429,0.00000000,0.00000000,0.00000000,0.00628490,0.00000000,0.00348443,0.00000000,0.00000000,0.00000000,0.00000000,0.00000000,0.00000000,0.00000000,0.00945470,0.00000000,0.00000000,0.00000000,0.00000000,0.00000000,0.00599617,0.00000000,0.00000000,0.00000000,0.00000000,0.00000000,0.00000000,0.00000000,0.00000000,0.00000000,0.00000000,0.00000000,0.00000000,0.00000000,0.00000000,0.00617818,0.00000000,0.00000000,0.00000000,0.00000000,0.00000000,0.01361753,0.00000000,0.04270014,0.00000000,0.00000000,0.00000000,0.00000000,0.00000000,0.00000000,0.05042029,0.00000000,0.00000000,0.03900651,0.00000000,0.00000000,0.00000000,0.00000000,0.00000000,0.00000000,0.00000000,0.00000000,0.00000000,0.00000000,0.00000000,0.00000000,0.00000000,0.00000000,0.00000000,0.00000000,0.00000000,0.00000000,0.00000000,0.00000000,0.00000000,0.00000000,0.00000000,0.00000000,0.00000000,0.00000000,0.00867705,0.00000000,0.00000000,0.00000000,0.00000000,0.00000000,0.00000000,0.00000000,0.00000000,0.00000000,0.00000000,0.00000000,0.00000000,0.00000000,0.00000000,0.00000000,0.00000000,0.00000000,0.40614465,0.00140183,0.00000000,0.00000000,0.00000000,0.00000000,0.00000000,0.00000000,0.00000000,0.00000000,0.00000000,0.00000000,0.00000000,0.00000000,0.00000000,0.00000000,1.64338160,0.00000000,0.07148920,0.00258260,0.00000000,0.00000000,0.00000000,0.00000000,0.01598585,0.00000000,0.34727009,0.00000000,0.00000000,0.00000000,0.00172470,0.00000000,0.00000000,0.01096580,0.00474383,0.00000000,0.00000000,0.00000000,0.00000000,0.00000000,0.00000000,0.01118862,0.00000000,0.00000000,0.00000000,0.00168206,0.00000000,0.00000000,0.00000000,0.00000000,0.00000000,0.00461931,0.00000000,0.00000000,0.00000000,0.00000000,0.00000000,0.00000000,0.00180015,0.00000000,0.00000000,0.02629964,0.00000000,0.00000000,0.00000000,0.00000000,0.00000000,0.00000000,0.00000000,0.00000000,0.00093438,0.00000000,0.00143109,0.00000000,0.00000000,0.00000000,0.00000000,0.00000000,0.00000000,0.00000000,0.00000000,0.00000000,0.00000000,0.00000000,0.00000000,0.02433566,0.00000000,0.00000000,0.00000000,0.00000000,0.00000000,0.00000000,0.00000000,0.00000000,0.00000000,0.00000000,0.00000000,0.00629456,0.02829737,0.00000000,0.01244280,0.00000000,0.00000000,0.12175521,0.00000000,0.00000000,0.00000000,0.00000000,0.00000000,0.00000000,0.00000000,0.00512126,0.00000000,0.00000000,0.00000000,0.00000000,0.00000000,0.00000000,0.00000000,0.00000000,0.00000000,0.00000000,0.00000000,0.00713588,0.00000000,0.08823391,0.00000000,0.00000000,0.00000000,0.13514093,0.00000000,0.00000000,0.00000000,0.01518438,0.00000000,0.00000000,0.00000000,0.00000000,0.00000000,0.00000000,0.00000000,0.00286685,0.00000000,0.00000000,0.00000000,0.00000000,0.00000000,0.00365095,0.00249173,0.00000000,0.00000000,0.00000000,0.00000000,0.00000000,0.00000000,0.00000000,0.00000000,0.00000000,0.00000000,0.00000000,0.01403023,0.00000000,0.00000000,0.00439130,0.00114675,0.00000000,0.00000000,0.00000000,0.00000000,0.00000000,0.00000000,0.00000000,0.00000000,0.00000000,0.00000000,0.00000000,0.00000000,0.00000000,0.00000000,0.00345680,0.00000000,0.00000000,0.00000000,0.00000000,0.03618487,0.00000000,0.01640958,0.00360917,0.00000000,0.00000000,0.00000000,0.00000000,0.00000000,0.00000000,0.00000000,0.00000000,0.00000000,0.02288817,0.00000000,0.00000000,0.00000000,0.00000000,0.00000000,0.00000000,0.00000000,0.00000000,0.00000000,0.00000000,0.00000000,0.00000000,0.00000000,0.00000000,0.00000000,0.00000000,0.00000000,0.00000000,1.64555883,0.00000000,0.00000000,0.00000000,0.00000000,0.00000000,0.00000000,0.00000000,0.00000000,0.00000000,0.00000000,0.00000000,0.00000000,0.00000000,0.00000000,0.00000000,0.00091113,0.00000000,0.00000000,0.00000000,0.00000000,0.87390240,0.00000000,0.00000000,0.00000000,0.00000000,0.00000000,0.00000000,0.00000000,0.00000000,0.00000000,0.00000000,0.00000000,0.00000000,0.00532118,0.00000000,0.00000000,0.00000000,0.00000000,0.00000000,0.00000000,0.02562807,0.00000000,0.00000000,0.00000000,0.00000000,0.00000000,0.01154599,0.00000000,0.00000000,0.00000000,0.00084078,0.00000000,0.00000000,0.00000000,0.00000000,0.00000000,0.00000000,0.00000000,0.00000000,0.00855346,0.00000000,0.00786907,0.00000000,0.00000000,0.00000000,0.00000000,0.00000000,0.00000000,0.00000000,0.00000000,0.00000000,0.00000000,0.00000000,0.00000000,0.00000000,0.00000000,0.00000000,0.00000000,0.00000000,0.00000000,0.00000000,0.00000000,0.00000000,0.28064602,0.00213501,0.00000000,0.00000000,0.00198663,0.00000000,0.00000000,0.00000000,0.02269837,0.00000000,0.00000000,0.00000000,0.00000000,0.00000000,0.00000000,0.00156233,0.00000000,0.00000000,0.00000000,0.00000000,0.00000000,0.00000000,0.00000000,0.00000000,0.00000000,0.00000000,0.00000000,0.00000000,0.00000000,0.00000000,0.00000000,0.00000000,0.00000000,0.00000000,0.00000000,0.00000000,0.00000000,0.00000000,0.00000000,0.00000000,0.00000000,0.00000000,0.00000000,0.08666602,0.00000000,0.00000000,0.00000000,0.00000000,0.00000000,0.00000000,0.00000000,0.00000000,0.00000000,0.00457111,0.00000000,0.00000000,0.00457892,0.00000000,0.00000000,0.07189569,0.00000000,0.00000000,0.00922424,0.05836243,0.00000000,0.00000000,0.00000000,0.00000000,0.00000000,0.00000000,0.00000000,0.00000000,0.00000000,0.00000000,0.00000000,0.00000000,0.00000000,0.00000000,0.05353651,0.00000000,0.00000000,0.00000000,0.00000000,0.00000000,0.00000000,0.00000000,0.00000000,0.00000000,0.00000000,0.00274570,0.00000000,0.00000000,0.00000000,0.00000000,0.00000000,0.00000000,0.01087659,0.00000000,0.00000000,0.00000000,0.00000000,0.00000000,0.00000000,0.00000000,0.00000000,0.00095901,0.00000000,0.00000000,0.00000000,0.00000000,0.00000000,0.01156045,0.00000000,0.00000000,0.00000000,0.00000000,0.00000000,0.00000000,0.00000000,0.00000000,0.00000000,0.00000000,0.00000000,0.00000000,0.00000000,0.00000000,0.00000000,0.00000000,0.00000000,0.00000000,0.00000000,0.00000000,0.00470315,0.00000000,0.00000000,0.00000000,0.00000000,0.00484361,0.00000000,0.00000000,0.00000000,0.00000000,0.00000000,0.00000000,0.00000000,0.00695169,0.04335001,0.00000000,0.00000000,0.00000000,0.00000000,0.00000000,0.00000000,0.00000000,0.00000000,0.00000000,0.00000000,0.00000000,0.00000000,0.00000000,0.00000000,0.11464373,0.00000000,0.00000000,0.00000000,0.00000000,0.00000000,0.00000000,0.00000000,0.00000000,0.00000000,0.00000000,0.02331110,0.00000000,0.00000000,0.00000000,0.00000000,0.00000000,0.00000000,0.01183489,0.00000000,0.00000000,0.00000000,0.00000000,0.00000000,0.00000000,0.00000000,0.00000000,0.00000000,0.00000000,0.00000000,0.00000000,0.00000000,0.00000000,0.00000000,0.00000000,0.00000000,0.00000000,0.00000000,0.00000000,0.00524233,0.00000000,0.00000000,0.00000000,0.00000000,0.00000000,0.00000000,0.00000000,0.00000000,0.00000000,0.00256904,0.00712692,0.00000000,0.00000000,0.00000000,0.00000000,0.02572789,0.00307306,0.00261879,0.00000000,0.48540486,0.00000000,0.00000000,0.00000000,0.00000000,0.00425168,0.00000000,0.00000000,0.11218177,0.00000000,0.00000000,0.00000000,0.00000000,0.00000000,0.01008795,0.00000000,0.00000000,0.00000000,0.00000000,0.00000000,0.00000000,0.00000000,0.00000000,0.00000000,0.00000000,0.00000000,0.00000000,0.00000000,0.00000000,0.00000000,0.00000000,0.00000000,0.00000000,0.14388250,0.00000000,0.00000000,0.00000000,0.00000000,0.00000000,0.00000000,0.00000000,0.00000000,0.00000000,0.00000000,0.00000000,0.00000000,0.00000000,0.00000000,0.00000000,0.00000000,0.00000000,0.00000000,0.00000000,0.00000000,0.00000000,0.00000000,0.00000000,0.00000000,0.00000000,0.00000000,0.00000000,0.00000000,0.00000000,0.00000000,0.00077803,0.00000000,0.00000000,0.00000000,0.00000000,0.00000000,0.00000000,0.00000000,0.00000000,0.00000000,0.00000000,0.00000000,0.00000000,0.25128925,0.02635908,0.00000000,0.00000000,0.00000000,0.00000000,0.00000000,0.00000000,0.00000000,0.00000000,0.00000000,0.00442204,0.00078176,0.00000000,0.00000000,0.00000000,0.00000000,0.00000000,0.00000000,0.00000000,0.00000000,0.00000000,0.00000000,0.00000000,0.00000000,0.00000000,0.00328013,0.03325998,0.00000000,0.00000000,0.00000000,0.00000000,0.00000000,0.00000000,0.00000000,0.00000000,0.00000000,0.00000000,0.00221162,0.00507420,0.00000000,0.01036896,0.00000000,0.00000000,0.00000000,0.00000000,0.00000000,0.00266320,0.00000000,0.00000000,0.00000000,0.00000000,0.00000000,0.00000000,0.00000000,0.00000000,0.00000000,0.00000000,0.00000000,0.00446236,0.10060833,0.00000000,0.00608832,0.02961827,0.00254035,0.00000000,0.00000000,0.00704163,0.04764823,0.00000000,0.00000000,0.00000000,0.00000000,0.00000000,0.00000000,0.00000000,0.00000000,0.00000000,0.00000000,0.00000000,0.00000000,0.00000000,0.00000000,0.00000000,0.00000000,0.00000000,0.00000000,0.16751156,0.00000000,0.00000000,0.00000000,0.00000000,0.00000000,0.00000000,0.00000000,0.02002420,0.00000000,0.00000000,0.00000000,0.00000000,0.00000000
0.00000000,0.00000000,0.00000000,0.00000000,0.00000000,0.00000000,1.63608288,0.00000000,0.00000000,0.00000000,0.00000000,0.00000000,0.00000000,0.00000000,0.00000000,0.00000000,0.00000000,1.58577336,0.00000000,0.00000000,0.00000000,0.00000000,0.00000000,0.00000000,0.00000000,0.00000000,0.00000000,0.00406826,0.00000000,0.00000000,0.00000000,0.50188577,0.00000000,0.00000000,0.00000000,0.00788756,0.00000000,0.00000000,0.00000000,0.01621302,0.00000000,0.00000000,0.00000000,0.01953681,0.00000000,0.00915326,0.00000000,0.00000000,0.00000000,0.00000000,0.00000000,0.00000000,0.00000000,0.00000000,0.00000000,0.00000000,0.00000000,0.00000000,0.00000000,0.00000000,0.00000000,0.00000000,0.00000000,0.00000000,0.00244186,0.15067815,0.00000000,0.00000000,0.00000000,0.00000000,0.00000000,0.00000000,0.00000000,0.00000000,0.00497772,0.00000000,0.00000000,0.00000000,0.00000000,0.00000000,0.00000000,0.00000000,0.00000000,0.00000000,0.00000000,0.00000000,0.00000000,0.00000000,0.00000000,0.00000000,0.00000000,0.01889340,0.00000000,0.00422225,0.00000000,0.00000000,0.00000000,0.00000000,0.00000000,0.00000000,0.00000000,0.00000000,0.00000000,0.00000000,0.00000000,0.00000000,0.00000000,0.00000000,0.00000000,0.00000000,0.02167684,0.00000000,0.00000000,0.00000000,0.00000000,0.00000000,0.00000000,0.00000000,0.00000000,0.00000000,0.00000000,0.00000000,0.00000000,0.00000000,0.00000000,0.00000000,0.00000000,0.00000000,0.58637661,0.00000000,0.00000000,0.00573852,0.00000000,0.00000000,0.00000000,0.00000000,0.00000000,0.00000000,0.00634728,0.01432444,0.00000000,0.00000000,0.00000000,0.05413056,0.00000000,0.00000000,0.00000000,0.00000000,0.00000000,0.00000000,0.00000000,0.00261171,0.00000000,0.00000000,0.00000000,0.00000000,0.00000000,0.00000000,0.00000000,0.00000000,0.00000000,0.00000000,0.00000000,0.12277604,0.00000000,0.00000000,0.00000000,0.00000000,0.00000000,0.00000000,0.00000000,0.00000000,0.00000000,0.00000000,0.07908830,0.00000000,0.00000000,0.00452155,0.00000000,0.00000000,0.00000000,0.00000000,0.00000000,0.00000000,0.00000000,0.00000000,0.00000000,0.00000000,0.00000000,0.01593283,0.00000000,0.00000000,0.00000000,0.00000000,0.00000000,0.00000000,1.06056834,0.20678493,0.00000000,0.00000000,0.00000000,0.00000000,0.00000000,0.00000000,0.00000000,0.00303338,0.00000000,0.00000000,0.00000000,0.00000000,0.00000000,0.14589817,0.00000000,0.00000000,0.00000000,0.00000000,0.00000000,0.00000000,0.00000000,0.00000000,0.00000000,0.02282707,0.00000000,0.00000000,0.00000000,0.03770528,0.00445785,0.00000000,0.00000000,0.00000000,0.00493369,0.00000000,0.00000000,0.00000000,0.00000000,0.00000000,0.00000000,0.00833611,0.00000000,0.00000000,0.00000000,0.00000000,0.00000000,0.00000000,0.00063647,0.00000000,0.00000000,0.00000000,0.00000000,0.00000000,0.11092185,0.00000000,0.00000000,0.00000000,0.00789181,0.00000000,0.00000000,0.00000000,0.00000000,0.00000000,0.00000000,0.00000000,0.00000000,0.00000000,0.00000000,0.04936234,0.00000000,0.00000000,0.00000000,0.00000000,0.00000000,0.00000000,0.00000000,0.00657194,0.00000000,0.00000000,0.00467112,0.00336092,0.00000000,0.00139408,0.00000000,0.13936484,0.00000000,0.00000000,0.00470141,0.00000000,0.00000000,0.00000000,0.00000000,0.00000000,0.00000000,0.06248553,0.00000000,0.00000000,0.00000000,0.00247100,0.00000000,0.00000000,0.00000000,0.00000000,0.00000000,0.00000000,0.00000000,0.00000000,0.00000000,0.00000000,0.00000000,0.00405031,0.00000000,0.00000000,0.01575506,0.00000000,0.00350985,0.00108538,0.00000000,0.00000000,0.00000000,0.07887116,0.00000000,0.00000000,0.79018862,0.00000000,0.00000000,0.00000000,0.00000000,0.00000000,0.00000000,0.00823569,0.00000000,0.00000000,0.00000000,0.00000000,0.00000000,0.00068565,0.00000000,0.00000000,0.00000000,0.00000000,0.00000000,0.00000000,0.00000000,1.60743497,0.00000000,0.00000000,0.00000000,0.01353280,0.00000000,0.00000000,0.00000000,0.00990970,0.00000000,0.00000000,0.00000000,0.00000000,0.00000000,0.00000000,0.00000000,0.00000000,0.00000000,0.00000000,0.00000000,0.00528305,0.00000000,0.00000000,0.00000000,0.00000000,0.00000000,0.00000000,0.00000000,0.00000000,0.00000000,0.01158479,0.00000000,0.00000000,0.00000000,0.00000000,0.00000000,0.00000000,0.00000000,0.00000000,0.00000000,0.00000000,0.00000000,0.00000000,0.00000000,0.00000000,0.00000000,0.00000000,0.00000000,0.00000000,0.00000000,0.00000000,0.00000000,0.00000000,0.00000000,0.00000000,0.00000000,0.00144040,0.00000000,0.00000000,0.00000000,0.00000000,0.00000000,0.00000000,0.00000000,0.00000000,0.00000000,0.00000000,0.00000000,0.00432920,0.00000000,0.00000000,0.00000000,0.00000000,0.00000000,0.00000000,0.00000000,0.00000000,0.00000000,0.00000000,0.00000000,0.00382453,0.00000000,0.00000000,0.00000000,0.00000000,0.00434832,0.00000000,0.00000000,0.00000000,0.00000000,0.00000000,0.00000000,0.06749812,0.00000000,0.00000000,0.00000000,0.00000000,0.00000000,0.00000000,0.00000000,0.00000000,0.00000000,0.00000000,0.00000000,0.00000000,0.00000000,0.00000000,0.00000000,0.00000000,0.00000000,0.00000000,0.00000000,0.00000000,0.00000000,0.00000000,0.00000000,0.00000000,0.00000000,0.00000000,0.00000000,0.00000000,0.00000000,0.00000000,0.03175143,0.00000000,0.00612541,0.00000000,0.00000000,0.00000000,0.00000000,0.00000000,0.00000000,0.00000000,0.00000000,0.00000000,0.00000000,0.00000000,0.00000000,0.00000000,0.00000000,0.00000000,0.00000000,0.00000000,0.00604088,0.00594024,0.00000000,0.00000000,0.00000000,0.00000000,0.00000000,0.00000000,0.00000000,0.00000000,0.00000000,0.00085568,0.00000000,0.00000000,0.03136409,0.00000000,0.00000000,0.00000000,0.01683089,0.00000000,0.00000000,0.00000000,0.00000000,0.00421403,0.00000000,0.00866440,0.00000000,0.00000000,0.00000000,0.00000000,0.00000000,0.00000000,0.01458731,0.00000000,0.00000000,0.00000000,0.00000000,0.00000000,0.34247317,0.00000000,0.00000000,0.00000000,0.03287224,0.00000000,0.00000000,0.00000000,0.00000000,0.00000000,0.00000000,0.00000000,0.13322764,0.00000000,0.00000000,0.00000000,0.00000000,0.00063887,0.00000000,0.00599748,0.00000000,0.01296827,0.00000000,0.00000000,0.00000000,0.00000000,0.00000000,0.00000000,0.00000000,0.00000000,0.00138183,0.00000000,0.00000000,0.00000000,0.00000000,0.00000000,0.00000000,0.00000000,0.00000000,0.00000000,0.00000000,0.00000000,0.00000000,0.00000000,0.00000000,0.00154577,0.00000000,0.00000000,0.00000000,0.00000000,0.00277183,0.00000000,0.00000000,0.00000000,0.00000000,0.00629383,0.00000000,0.00000000,0.11424115,0.00000000,0.00285812,0.01505500,0.00000000,0.00000000,0.00000000,0.00000000,0.00000000,0.00000000,0.00000000,0.00000000,0.00000000,0.00000000,0.00173232,0.00000000,0.00000000,0.00000000,0.01503755,0.00000000,0.00000000,0.00000000,0.00000000,0.00000000,0.00000000,0.00352996,0.00000000,0.00000000,0.00000000,0.00000000,0.00000000,0.00000000,0.00000000,0.00000000,0.00000000,0.00000000,0.00000000,0.00000000,0.00000000,0.00000000,0.00000000,0.00000000,0.00085442,0.00000000,0.00000000,0.00000000,0.00000000,0.00306953,0.00000000,0.04694601,0.00000000,0.00000000,0.00000000,0.03020797,0.00000000,0.00000000,0.00000000,0.00000000,0.00000000,0.00000000,0.00000000,0.00000000,0.00000000,0.00000000,0.00000000,0.00000000,0.02184430,0.00000000,0.00000000,0.00000000,0.00142549,0.00000000,0.00045070,1.38783838,0.00000000,0.00000000,0.00000000,0.00000000,0.04185729,0.00000000,0.00000000,0.00000000,0.00000000,0.00000000,0.00000000,0.00000000,0.00000000,0.00000000,0.00000000,0.00000000,0.00000000,0.00000000,0.00000000,0.00000000,0.00000000,0.00000000,0.02145124,0.00000000,0.00000000,0.00000000,0.00000000,0.00000000,0.00000000,0.00000000,0.00000000,0.00000000,0.00000000,0.00000000,0.00113547,0.00000000,0.00000000,0.00000000,0.00000000,0.00000000,0.00000000,0.00000000,0.00000000,0.01456801,0.00000000,0.00000000,0.00000000,0.00918892,0.00000000,0.28135368,0.00000000,0.00803473,0.00000000,0.00000000,0.00323439,0.00000000,0.00000000,0.00000000,0.00000000,0.00000000,0.00000000,0.00000000,0.00000000,0.00000000,0.00000000,0.00115525,0.00000000,0.00000000,0.02883230,0.00000000,0.00000000,0.00000000,0.00000000,0.00000000,0.00000000,0.00000000,0.00000000,0.00000000,0.00000000,0.00000000,0.00000000,0.00000000,0.00000000,0.01950258,0.00000000,0.00000000,0.00000000,0.00000000,0.00000000,0.00000000,0.00000000,0.00000000,0.00000000,0.00000000,0.00000000,0.00000000,0.00264470,0.00000000,0.00000000,0.00000000,0.00000000,0.00193942,0.00000000,0.00667958,0.00000000,0.00000000,0.00000000,0.00000000,0.00000000,0.00000000,0.00000000,0.00000000,0.00000000,0.04625698,0.00000000,0.00000000,0.00000000,0.00000000,0.00000000,0.00000000,0.00000000,0.00000000,0.00000000,0.00000000,0.00000000,0.00000000,0.00000000,0.00000000,0.00000000,0.00000000,0.00000000,0.00000000,0.00000000,0.00000000,0.00000000,0.00000000,0.00000000,0.00000000,0.00000000,0.00000000,0.01726972,0.00000000,0.00000000,0.00000000,0.00287771,0.00000000
0.00000000,0.00000000,0.00000000,0.00000000,0.00000000,0.00000000,0.02239203,0.00000000,0.00000000,0.00000000,0.00000000,0.00000000,0.00000000,0.00000000,0.00000000,0.00000000,0.00000000,0.00000000,0.00000000,0.00000000,0.00306306,0.00000000,0.00000000,0.00000000,0.00000000,0.18940611,0.00000000,0.00000000,0.00000000,0.00000000,0.00000000,0.00000000,0.00000000,0.03583677,0.00000000,0.00000000,0.00000000,0.00000000,0.00000000,0.00000000,0.00000000,0.00000000,0.00000000,0.00000000,0.00000000,0.00000000,0.00000000,0.00000000,0.00000000,0.00706995,0.00000000,0.00000000,0.00000000,0.00000000,0.00000000,0.00000000,0.07830199,0.00000000,0.00000000,0.00000000,0.00000000,0.00000000,0.00446035,0.00000000,0.00000000,0.00000000,0.00000000,0.00000000,0.00000000,0.00000000,0.00000000,0.00000000,0.00000000,0.00000000,0.00309915,0.00000000,0.00000000,0.00000000,0.00000000,0.00000000,0.01707738,0.00000000,0.00000000,0.00000000,0.00000000,0.00000000,0.00000000,0.51596272,0.00000000,0.00000000,0.00000000,0.00000000,0.00310811,0.00000000,0.03265296,0.00000000,0.00000000,0.00000000,0.00000000,0.00000000,0.00000000,0.00000000,0.00091304,0.00000000,0.00000000,0.00000000,0.00000000,0.00000000,0.00000000,0.00000000,0.10133232,0.00000000,0.02247818,0.48463749,0.00127603,0.00000000,0.00000000,0.01566715,0.00000000,0.00000000,0.00000000,0.00000000,0.00000000,0.00000000,0.00000000,0.00000000,0.00000000,0.00000000,0.07316808,0.00000000,0.00000000,0.00000000,0.00000000,0.00000000,0.00000000,0.00000000,0.00000000,0.00000000,0.00000000,0.00895620,0.00000000,0.00000000,0.00000000,0.00000000,0.00000000,0.00000000,0.00000000,0.00000000,0.00417397,0.00000000,0.00000000,0.00000000,0.00000000,0.00000000,0.00000000,0.00000000,0.00000000,0.00346043,0.00000000,0.00000000,0.00000000,0.00000000,0.00000000,0.00000000,0.00000000,0.00000000,0.00000000,0.00000000,0.00000000,0.00000000,0.00869145,0.00000000,0.00000000,0.00000000,0.00000000,0.05663954,0.00000000,0.01238441,0.00000000,0.00000000,0.00000000,0.00000000,0.00000000,0.00000000,0.03052637,0.00000000,0.00000000,0.00000000,0.00000000,0.00000000,0.00000000,0.00000000,0.00000000,0.05574391,0.00000000,0.00000000,0.09576930,0.00000000,0.00000000,0.00000000,0.00000000,0.00000000,0.00000000,0.00000000,0.00000000,0.00000000,0.00000000,0.47081910,0.00000000,0.00000000,0.00000000,0.00000000,0.00000000,0.00000000,0.00000000,0.00651377,0.00000000,0.00000000,0.00000000,0.00000000,0.05434840,0.00000000,0.00000000,0.00000000,0.00000000,0.00570718,0.00000000,0.00000000,0.00000000,0.00000000,0.00000000,0.00000000,0.00000000,5.26376059,0.00000000,0.00000000,0.00000000,0.32656927,0.01200221,0.00000000,0.00000000,0.20932074,0.00000000,0.00000000,0.00000000,0.00000000,0.00000000,0.00000000,0.00000000,0.00000000,0.00000000,0.00000000,0.00000000,0.00000000,0.00000000,0.00548343,0.00000000,0.00000000,0.00000000,0.00000000,0.00000000,0.00000000,0.00000000,0.00000000,0.00000000,0.00000000,0.00000000,0.00488538,0.00000000,0.00000000,0.00000000,0.00000000,0.00000000,0.00000000,0.00000000,0.00000000,0.00000000,0.00000000,0.01052393,0.00000000,0.00000000,0.00000000,0.00000000,0.00000000,0.00000000,0.00000000,0.00000000,0.00000000,0.00000000,0.00000000,0.00119218,0.00000000,0.00000000,0.17485720,0.00000000,0.00000000,0.00000000,0.00000000,0.00000000,0.00000000,0.00000000,0.00000000,0.00000000,0.00000000,0.00000000,0.00000000,3.56695060,0.00000000,0.00000000,0.00000000,0.00000000,0.00195250,0.00000000,0.00000000,0.00000000,0.00000000,0.00000000,0.00000000,0.00000000,0.00000000,0.00000000,0.00000000,0.00000000,0.00000000,0.00000000,0.00000000,0.00000000,0.00000000,0.01263830,0.00000000,0.00000000,0.00000000,0.00000000,0.00000000,0.00000000,0.00000000,0.00000000,0.00000000,0.00000000,0.00000000,0.00000000,0.00000000,0.00000000,0.00000000,0.00000000,0.00000000,0.00000000,0.00000000,0.00000000,0.00915110,0.00000000,0.00000000,0.00000000,0.00000000,0.00000000,0.00000000,0.00000000,0.00000000,0.00000000,0.00000000,0.01614626,0.00000000,0.00000000,0.00000000,0.00000000,0.00000000,0.00000000,0.00000000,0.00000000,0.00000000,0.00000000,0.00000000,0.00000000,0.00000000,0.00000000,0.00000000,0.00000000,0.00000000,0.00000000,0.00000000,0.00000000,0.00000000,0.00000000,0.00000000,0.00000000,0.00000000,0.00000000,0.00000000,0.00000000,0.00000000,0.00000000,0.00000000,0.00000000,0.00000000,0.00000000,0.00000000,0.00000000,0.00000000,0.00000000,0.01265100,0.00000000,0.00512106,0.04354913,0.00000000,0.00000000,0.02457607,0.00000000,0.00000000,0.00000000,0.00000000,0.00000000,0.00000000,0.00000000,0.00281672,0.00000000,0.00000000,0.00000000,0.00000000,0.01577297,0.00000000,0.09531738,0.00000000,0.00000000,0.00000000,0.00000000,0.00213114,0.00000000,0.00000000,0.00000000,0.00000000,0.00000000,0.00000000,1.49343826,0.00000000,0.05454702,0.03137210,0.00000000,0.00000000,0.00000000,0.00000000,0.00000000,0.00000000,0.00000000,0.00000000,0.00000000,0.00000000,0.00000000,0.00000000,0.00000000,0.00000000,0.00000000,0.00000000,0.00000000,0.00000000,0.00000000,0.00000000,0.00000000,0.00162691,0.00000000,0.00000000,0.00284242,0.00000000,0.00000000,0.00000000,0.00563587,0.00000000,0.00000000,0.00000000,0.00000000,0.00000000,0.00000000,0.00000000,0.00000000,0.00000000,0.00000000,0.00000000,0.00000000,0.00000000,0.00000000,0.00000000,0.00000000,0.00000000,0.00000000,0.00000000,0.05936769,0.00000000,0.00000000,0.00000000,0.00000000,0.00000000,0.00000000,0.00000000,0.00000000,0.00000000,0.00000000,0.00117749,0.00350000,0.00000000,0.00000000,0.00000000,0.00000000,0.00000000,0.00000000,0.00000000,0.00000000,0.00000000,0.00000000,0.00000000,0.00000000,0.00000000,0.00000000,0.00000000,0.00000000,0.00473931,0.00000000,0.00000000,0.00000000,0.00000000,0.00000000,0.00000000,0.00000000,0.00000000,0.00000000,0.00000000,0.00000000,0.00000000,0.01889633,0.00000000,0.00000000,0.00000000,0.00000000,0.00000000,0.00000000,0.00000000,0.00000000,0.00000000,0.00000000,0.00000000,0.00000000,0.00000000,0.00000000,0.00000000,0.00000000,0.00000000,0.00000000,0.00000000,0.00000000,0.00000000,0.00000000,2.57162145,0.00000000,0.00000000,0.02588798,0.00000000,0.00000000,0.00000000,0.00000000,0.00000000,0.00000000,0.00000000,0.00000000,0.00000000,0.00533907,0.00000000,0.00000000,0.00000000,0.00000000,0.04441691,0.00000000,0.00000000,1.25843294,0.00000000,0.00000000,0.00000000,0.03064042,0.00000000,0.00000000,0.00000000,0.00000000,0.00000000,0.00000000,0.01015498,0.00000000,0.00000000,0.00000000,0.00000000,0.01097866,0.00000000,0.04634808,0.35675427,0.00000000,0.03434355,0.00000000,0.00000000,0.00000000,0.00000000,0.00000000,0.00435554,0.00000000,0.00000000,0.00000000,0.00000000,0.00000000,0.00376129,0.00000000,0.00000000,0.00000000,0.00166456,0.00000000,0.00000000,0.00000000,0.00000000,0.00000000,0.00000000,0.00000000,0.00000000,0.00845542,0.00000000,0.00000000,0.00437838,0.00000000,0.05734032,0.00307883,0.24639936,0.00000000,0.00000000,0.00000000,0.00140225,0.00000000,0.00000000,0.00000000,0.00000000,0.00000000,0.00000000,0.00000000,0.00114512,0.00000000,0.00000000,0.00000000,0.01047639,0.00000000,0.00000000,0.00000000,0.00000000,0.00000000,0.00000000,0.00000000,0.00000000,0.00000000,0.00000000,0.00000000,0.00000000,0.00000000,0.00313190,0.00000000,0.08807712,0.00000000,0.00000000,0.00000000,0.00096155,0.00000000,0.00000000,2.15355145,0.00000000,0.00000000,0.00000000,0.00000000,0.00000000,0.00000000,0.00000000,0.00471903,0.00000000,0.00000000,0.00000000,0.00000000,0.00000000,0.01371334,0.00000000,0.00000000,0.00646282,0.00000000,0.00000000,0.00000000,0.00000000,0.00206792,0.00494802,0.00000000,0.00000000,0.00000000,0.00000000,0.00207972,0.01818584,0.00000000,0.00000000,0.00000000,0.00000000,0.00000000,0.00000000,0.00000000,0.00000000,0.00000000,0.00067636,0.00000000,0.00000000,0.00000000,0.00000000,0.00000000,0.00000000,0.04450930,0.00000000,0.00000000,0.00000000,0.00915539,0.00000000,0.00000000,0.00000000,0.00000000,0.00000000,0.03790762,0.00000000,0.01353521,0.00000000,0.00000000,0.00000000,0.00000000,0.00000000,0.07938270,0.00000000,0.00000000,0.00886790,0.00000000,0.00000000,0.00000000,0.00000000,0.00000000,0.00000000,0.00000000,0.01361551,0.00000000,0.00000000,0.00000000,0.00000000,0.00000000,0.00000000,0.00000000,0.00000000,0.00000000,0.00000000,0.01839648,0.00000000,0.00000000,0.00000000,0.00000000,0.00000000,0.00000000,0.00319767,0.11273844,0.00000000,0.00128340,0.00000000,0.00000000,0.00000000,0.00000000,0.00000000,0.00000000,0.00000000,0.00000000,0.00000000,0.00000000,0.00000000,0.00000000,0.00000000,0.00370015,0.00000000,0.00728989,0.00000000,0.00000000,0.00000000,0.00000000,0.00000000,0.00000000,0.00000000,0.00000000,0.00000000,0.00000000,0.00000000,0.00000000,0.00000000,0.01189104,0.00931960,0.00000000,0.00000000,0.00000000,0.00000000,0.00000000,0.00000000,0.00000000,0.00000000,0.00000000,0.00000000
0.00000000,0.00000000,0.00000000,0.00000000,0.00000000,0.00000000,0.00000000,0.00000000,0.00000000,0.00000000,0.00000000,0.00000000,0.00000000,0.00215969,0.00000000,0.00000000,0.61383975,0.00000000,0.00000000,0.00631921,0.00000000,0.00000000,0.00000000,0.00000000,0.00000000,0.00000000,0.00000000,0.00000000,0.00000000,0.00000000,0.00000000,0.00000000,0.00000000,0.00000000,0.00069120,0.00000000,0.00000000,0.00000000,0.00194218,0.00294071,0.00000000,0.00000000,0.00000000,0.00000000,0.00000000,0.00000000,0.00000000,0.00000000,0.00000000,0.00000000,0.02656089,0.00000000,0.00000000,0.00000000,0.00000000,0.00000000,0.00000000,0.00000000,0.00000000,0.01364210,0.00000000,0.00000000,0.08133371,0.00000000,0.00000000,0.00000000,0.00000000,0.00000000,0.00000000,0.00000000,0.00000000,0.00000000,0.12837443,0.00000000,0.00000000,0.00000000,0.00000000,0.00000000,0.00000000,0.00433121,0.00000000,0.00000000,0.00000000,0.00000000,0.00104317,0.00000000,0.00000000,0.00000000,0.00000000,0.00000000,0.00000000,0.00502064,0.00000000,0.00000000,0.00000000,0.00000000,0.00000000,0.00000000,0.00000000,0.00000000,0.00000000,0.00000000,0.00000000,0.00000000,0.00000000,0.00000000,0.00000000,0.56149832,0.00000000,0.00000000,0.00000000,0.00000000,0.00000000,0.00000000,0.00000000,0.00794883,0.00000000,0.00000000,0.00000000,0.00000000,0.00000000,0.00319061,0.00000000,0.00000000,0.00000000,0.00000000,0.00000000,0.00000000,0.00000000,0.00000000,0.00000000,0.00000000,0.00000000,0.00000000,0.00000000,0.00000000,0.00000000,0.00000000,0.16869083,0.00527851,0.00161740,0.05538722,0.00000000,0.00378174,0.03580273,0.00000000,0.00000000,0.00000000,0.00000000,0.00000000,0.00000000,0.00000000,0.01078209,0.00000000,0.00000000,0.00000000,0.00000000,0.00000000,0.04411531,0.00225752,0.00172729,0.00000000,0.00000000,0.00000000,0.00000000,0.00000000,0.00000000,0.00000000,0.00000000,0.00000000,0.00000000,0.00000000,0.00000000,0.00000000,0.00000000,0.00000000,0.00000000,0.00000000,0.00000000,0.00000000,0.00000000,0.00000000,0.00000000,0.00000000,0.00000000,0.00000000,0.00000000,0.00000000,0.00000000,0.00000000,0.00000000,0.00000000,0.00000000,0.00000000,0.00000000,0.00000000,0.00000000,0.00000000,0.00000000,0.00000000,0.00000000,0.00000000,0.00000000,0.00000000,0.00000000,0.00000000,0.00000000,0.00000000,0.00000000,0.00000000,0.00000000,0.00000000,0.00000000,0.00000000,0.00000000,0.00000000,0.00000000,1.07186558,0.00000000,0.00723489,0.00000000,0.00000000,0.00000000,0.00000000,0.00000000,0.00000000,0.00000000,0.00000000,0.00000000,0.00000000,0.00000000,0.00000000,0.00000000,0.00000000,0.00000000,0.00000000,0.00000000,0.11337174,0.00425916,0.00000000,0.00000000,0.00000000,0.00000000,0.00000000,0.00000000,0.00000000,0.00000000,0.00000000,0.00000000,0.00000000,0.00000000,0.00000000,0.00000000,0.00143248,0.00000000,0.00000000,0.00000000,0.01959476,0.00000000,0.00273199,0.00000000,0.00000000,0.00000000,0.00000000,0.00000000,0.00000000,0.00000000,0.00000000,0.00000000,0.00000000,0.00000000,0.00000000,0.00000000,0.00000000,0.00000000,0.00000000,0.00000000,0.00000000,0.00000000,0.00000000,0.00000000,0.00000000,0.00000000,0.00100713,0.00000000,0.00000000,0.00000000,0.00000000,0.50886714,0.00000000,0.00000000,0.00000000,0.00000000,0.00000000,0.00000000,0.00000000,0.00000000,0.00000000,0.00000000,0.00000000,0.00000000,0.00000000,0.00000000,0.00000000,0.00000000,0.00348591,0.00000000,0.00000000,0.00000000,0.00134938,0.00000000,0.00000000,0.00000000,0.00000000,0.00000000,0.00000000,0.00000000,0.00000000,0.00361735,0.00000000,0.00000000,0.00000000,0.00000000,0.00000000,0.00000000,0.03803518,0.00000000,0.00000000,0.00342277,0.00000000,0.01505464,0.00000000,0.00000000,0.00000000,0.00000000,0.00000000,0.00000000,0.00000000,0.00000000,0.00000000,0.00000000,0.00000000,0.00000000,0.00000000,0.00000000,0.01843641,0.00000000,0.00000000,0.00000000,0.00000000,0.00000000,0.07255307,0.00000000,0.00000000,0.00000000,0.00000000,0.00000000,0.00000000,0.00000000,0.00000000,0.00000000,0.00000000,0.00000000,0.00000000,0.00338739,0.00000000,0.00000000,0.00000000,0.00000000,0.00000000,0.00000000,0.00000000,0.00000000,0.00000000,0.00000000,0.00000000,0.00000000,0.00000000,0.00000000,0.00000000,0.00000000,0.02426667,0.00000000,0.00000000,0.01245525,0.00000000,0.00000000,0.00000000,0.00000000,0.00000000,0.00125211,0.00000000,0.00000000,0.00000000,0.00000000,0.00000000,0.00000000,0.00000000,0.00000000,0.00000000,0.00152741,0.00310632,0.00000000,0.00000000,0.00794238,0.00000000,0.00000000,0.24879965,0.00000000,0.00000000,0.00000000,0.00744685,0.00000000,0.00000000,0.00000000,0.00000000,0.00000000,1.17579793,0.00000000,0.00000000,0.00000000,0.00000000,0.00000000,0.00000000,0.00000000,0.00000000,0.00000000,0.00000000,0.01087035,0.00113185,0.00000000,0.00298268,0.00442678,0.00000000,0.00000000,0.00000000,0.00000000,0.00000000,0.00000000,0.00000000,0.00000000,0.00000000,0.00000000,0.01424828,0.00000000,1.17109680,0.00000000,0.00000000,0.03685698,0.00000000,0.00000000,0.00000000,0.00000000,0.00000000,0.00000000,0.00000000,0.00000000,0.00000000,0.00000000,0.00000000,0.01007265,0.00000000,0.00000000,0.00000000,0.00000000,0.00000000,0.01042361,0.00000000,0.00000000,0.00000000,0.00000000,0.00000000,0.00000000,0.00000000,0.00000000,0.00000000,0.00000000,0.00000000,0.00000000,0.00000000,0.00000000,0.00000000,0.00000000,0.00000000,0.00000000,0.00000000,0.03319681,0.01604704,0.00000000,0.00778942,0.00000000,0.00000000,0.00000000,0.00000000,0.01416015,1.50653265,0.00000000,0.00000000,0.00000000,0.00000000,0.00000000,0.00000000,0.00000000,0.00000000,0.00000000,0.00000000,0.00000000,0.03043163,0.00000000,0.01551971,0.00778725,0.00000000,0.00000000,0.00344495,0.00000000,0.00000000,0.00000000,0.00000000,0.00000000,0.00000000,0.00000000,0.29303459,0.00000000,0.00000000,0.00000000,0.00000000,0.00000000,0.00000000,0.00000000,0.00000000,0.00000000,0.00000000,0.00000000,0.00000000,0.00000000,0.00000000,0.00000000,0.00000000,0.00000000,0.00000000,0.00000000,0.00000000,0.01699800,0.00000000,0.00000000,0.00000000,0.00000000,0.62073957,0.00000000,0.00062652,0.01016830,0.00000000,0.00000000,0.00000000,0.00000000,0.00000000,0.00000000,0.00000000,0.00000000,0.00465347,0.00345914,0.00000000,0.00000000,0.00000000,0.00000000,0.00000000,0.00000000,0.00000000,0.00000000,0.00000000,0.00000000,0.00000000,0.00000000,0.00000000,0.00000000,0.00000000,0.00000000,0.00000000,0.00000000,0.09195277,0.00193551,0.00000000,0.00000000,0.00000000,0.00000000,0.00000000,0.00000000,0.00000000,0.00000000,0.00000000,0.00000000,0.00000000,0.00000000,0.00000000,0.00000000,0.02044043,0.00000000,0.00000000,0.00000000,0.29675935,0.00000000,0.00000000,0.00000000,0.00000000,0.00000000,0.00991363,0.00000000,0.00000000,0.00000000,0.00000000,0.00000000,0.04077010,0.00000000,0.00079723,0.00000000,0.00000000,0.00000000,0.00000000,0.00000000,0.00816499,0.00000000,0.00000000,0.00000000,0.00000000,0.00000000,0.00000000,0.01331310,0.00000000,0.00000000,0.00752026,0.00000000,0.00000000,0.00634312,0.05818243,0.00000000,0.00000000,0.00000000,0.00154153,0.00000000,0.00000000,0.00000000,0.00000000,0.00000000,0.01018607,0.00000000,0.00000000,0.00000000,0.00000000,0.00000000,0.00000000,0.00000000,0.03633986,0.00000000,0.00000000,0.00000000,0.00000000,0.00000000,0.00000000,0.00000000,0.00000000,0.00000000,0.00226705,0.00308366,0.00000000,0.01972999,0.00000000,0.00000000,0.00000000,0.00000000,0.00000000,0.00000000,0.00000000,0.00643582,0.00000000,0.00000000,0.00000000,0.00000000,0.00535106,0.01003642,0.00000000,0.00000000,0.00000000,0.00000000,0.00000000,0.00000000,0.00000000,0.00000000,0.00000000,0.00000000,0.00000000,0.00000000,0.00000000,0.00000000,0.00000000,0.00000000,0.00000000,0.00361601,0.00000000,0.00000000,0.00000000,0.00000000,0.00000000,0.00000000,0.00000000,0.00000000,0.00000000,0.00000000,0.00000000,0.00000000,0.00505594,0.00000000,0.00000000,0.00000000,0.01084978,0.00825087,0.00000000,0.00000000,0.00000000,0.00000000,0.00000000,0.00000000,0.00119677,0.00000000,0.00265620,0.00000000,0.00213136,0.00000000,0.00000000,0.00000000,0.00000000,0.00000000,0.00000000,0.00000000,0.00000000,0.00000000,0.00000000,0.00075937,0.00000000,0.00000000,0.00000000,0.00000000,0.00000000,0.00000000,0.00000000,0.00088634,0.00000000,0.00000000,0.00000000,0.00000000,0.00000000,0.00000000,0.00000000,0.00000000,0.00000000,0.00000000,0.00000000,0.00000000,0.00000000,0.00000000,0.00000000,0.00000000,0.00000000,0.00000000,0.00000000,0.00000000,0.00000000,0.00000000,0.00000000,0.00000000,0.00000000,0.00000000,0.00000000,0.50535071,0.00000000,0.00000000,0.00000000,0.00000000,0.00000000,0.00000000,0.05153845,0.00000000,0.00000000,0.00000000,0.00000000,0.00000000,0.00000000,0.05073955,0.00000000,0.00000000,0.00000000,0.00000000,0.02002420,0.01726972,0.00000000,0.00000000,0.00000000,0.00000000,0.00092630,0.00000000,0.00000000
0.00000000,0.00000000,0.00000000,0.00285466,0.00000000,0.00000000,0.00000000,0.00000000,0.00000000,0.00000000,0.00000000,0.00000000,0.00000000,0.00000000,0.00000000,0.00000000,1.25551340,0.00000000,0.00000000,0.00000000,0.00000000,0.00000000,0.00000000,0.00000000,0.00000000,0.00000000,0.00000000,0.00000000,0.00000000,0.00000000,0.00000000,0.00159451,0.00000000,0.00000000,0.00000000,0.00000000,0.08545099,0.00000000,0.00097545,0.00000000,0.00000000,0.00000000,0.00000000,0.00000000,0.00000000,0.00000000,0.00000000,0.00000000,0.00000000,0.00000000,0.00000000,0.00000000,0.00068846,0.00000000,0.00000000,0.00000000,0.00000000,0.00000000,0.00000000,0.00000000,0.00000000,0.00000000,0.00000000,0.00000000,0.00000000,0.00000000,0.00000000,0.00000000,0.00000000,0.00000000,0.00000000,0.00000000,0.00316332,0.00261723,0.00888206,0.00000000,0.00000000,0.00000000,0.00000000,0.00000000,0.00000000,0.00000000,0.00000000,0.00824669,0.07582677,0.00000000,0.00000000,0.00000000,0.00000000,0.00000000,0.00000000,0.00000000,0.00000000,0.00108561,0.00000000,0.00000000,0.00000000,0.00000000,0.00000000,0.00000000,0.00000000,0.00000000,0.00000000,0.00000000,0.00000000,0.00000000,0.32825570,0.00000000,0.00535244,0.00000000,0.00000000,0.00000000,0.00000000,0.00000000,0.00000000,0.00000000,0.00000000,0.00000000,0.00000000,0.00000000,0.00209718,0.00000000,0.00000000,0.00000000,0.00000000,0.00000000,0.00000000,0.00000000,0.00000000,0.00000000,0.00000000,0.00000000,0.00692302,0.00000000,0.00000000,0.00000000,0.00000000,0.00000000,0.00000000,0.00000000,0.00000000,0.00906353,0.00000000,0.00000000,0.00167800,0.00000000,0.00000000,0.00000000,0.00000000,0.00000000,0.00000000,0.00000000,0.00000000,0.00000000,0.00000000,0.07054688,0.00000000,0.00000000,0.00000000,0.01721623,0.00000000,0.00000000,0.00000000,0.00451083,0.00000000,0.00000000,0.00000000,0.00261709,0.00836242,0.00000000,0.00554833,0.00000000,0.01638703,0.00000000,0.00000000,0.00000000,0.00000000,0.00000000,0.00000000,0.00000000,0.00000000,0.00000000,0.00000000,0.00000000,0.00000000,0.00000000,0.00000000,0.00000000,0.00000000,0.00000000,0.00000000,0.00000000,0.00636822,0.00000000,0.00000000,0.00000000,0.00000000,0.00000000,0.00646110,0.00000000,0.00000000,0.09414233,0.00000000,0.00000000,0.00000000,0.00000000,0.00000000,0.00000000,0.00000000,0.00869179,0.00000000,0.00000000,0.00000000,0.00589623,0.21754311,0.00000000,0.00000000,0.00000000,0.00000000,0.00000000,0.00664832,0.00000000,0.00000000,0.00000000,0.00000000,0.00000000,0.01403713,0.05756511,0.00000000,0.00000000,0.00000000,0.00000000,0.00000000,0.00000000,0.00000000,0.00000000,0.00000000,0.00000000,0.00000000,0.00000000,0.00063112,0.00297683,0.00000000,0.00000000,0.00000000,0.00000000,0.00000000,0.00000000,0.00000000,0.00000000,0.00000000,0.00000000,0.00000000,0.00000000,0.00000000,0.00000000,0.00000000,0.00049753,0.00000000,0.00000000,0.00000000,0.00000000,0.00000000,0.00551249,0.01441217,0.00000000,0.00000000,0.00000000,0.00000000,0.00000000,0.00000000,0.00000000,0.00000000,0.26440491,0.00000000,0.00000000,0.01626933,0.00000000,0.00000000,0.00000000,0.00000000,0.00000000,0.00000000,0.00000000,0.00000000,0.00900076,0.00513639,0.04019592,0.00000000,0.00000000,0.00000000,0.00000000,0.00000000,0.00000000,0.00000000,0.00000000,0.00000000,0.00000000,0.00000000,0.00000000,0.00000000,0.00231714,0.00000000,0.00000000,0.00000000,0.00000000,0.00000000,0.02262512,0.00000000,0.00000000,0.00000000,0.01314413,0.00000000,0.00000000,0.00837629,0.00000000,0.00000000,0.00000000,0.00000000,0.00000000,0.00000000,0.00000000,0.00000000,0.00000000,0.04642613,0.00000000,0.00000000,0.02505850,0.01256353,0.00000000,0.00000000,0.00000000,0.00000000,0.00000000,0.00000000,0.00000000,0.00000000,0.02641144,0.00000000,0.00000000,0.00000000,0.00000000,0.00000000,0.00000000,0.00000000,0.00000000,0.00000000,0.00000000,0.00000000,0.00000000,0.00000000,0.00000000,0.00000000,0.00000000,0.00000000,0.00000000,0.00000000,0.00169883,0.00877661,0.00000000,0.00000000,0.00000000,0.00421995,0.00000000,0.00276832,0.00000000,0.03417657,0.00000000,0.00000000,0.00000000,0.00000000,0.00000000,0.00000000,0.00000000,0.00000000,0.00000000,0.00000000,0.00402177,0.00000000,0.00000000,0.00000000,0.00000000,0.00000000,0.00387344,0.00000000,0.00000000,0.00000000,0.00000000,0.00000000,0.00000000,0.00000000,0.00000000,0.00000000,0.00000000,0.00000000,0.00000000,0.06994496,0.00000000,0.00000000,0.00000000,0.00000000,0.00000000,0.01546231,0.00000000,0.00000000,0.00000000,0.00000000,0.00000000,0.00000000,0.00000000,0.00000000,0.00761219,0.00000000,0.00000000,0.00000000,0.00677506,0.00000000,0.00000000,0.00000000,0.00000000,0.00000000,0.01209219,0.00000000,0.00000000,0.00000000,0.00000000,0.00000000,0.00000000,0.00000000,0.00000000,0.00000000,0.00000000,0.00000000,0.00000000,0.00000000,0.00000000,0.00000000,0.00000000,0.00000000,0.00185178,0.00000000,0.00000000,0.00000000,0.00096457,0.00221281,0.00000000,0.00000000,0.00000000,0.00000000,0.00000000,0.00000000,4.32235373,0.00774305,0.00598881,0.49248618,0.00000000,0.00000000,0.00000000,0.00000000,0.00000000,0.00000000,0.00729738,0.00000000,0.00000000,0.00000000,0.07538201,0.00000000,0.00000000,0.00000000,0.10952438,0.00000000,0.00000000,0.00000000,0.00000000,0.00000000,0.00556001,0.00000000,0.00000000,0.00000000,0.00000000,0.00000000,0.00000000,0.00000000,0.00000000,0.00000000,0.00327305,0.00000000,0.00000000,0.00000000,0.00000000,0.00000000,0.00000000,0.00000000,0.00000000,0.00261710,0.00000000,0.00461954,0.03393302,0.00000000,0.00755244,0.00000000,0.00000000,0.00000000,0.00000000,0.03595170,0.00000000,0.00166267,0.00000000,0.00000000,0.00000000,0.00000000,0.00260521,0.00000000,0.00000000,0.00000000,0.00000000,0.00000000,0.00486999,0.00000000,0.00000000,0.00000000,0.00000000,0.00000000,0.00000000,0.00000000,0.00000000,0.00000000,0.00000000,0.00000000,0.15699507,0.00000000,0.00000000,0.00000000,0.00000000,0.00000000,0.00000000,0.00000000,0.00000000,0.00000000,0.00000000,0.00261916,0.00000000,0.00000000,0.00000000,0.00722327,0.00000000,0.00000000,0.00000000,0.00000000,0.00000000,0.00000000,0.00000000,0.00000000,0.00000000,0.00000000,0.00000000,0.00000000,0.00000000,0.00000000,0.00000000,0.00000000,0.01417858,0.00000000,0.00000000,0.00000000,0.00000000,0.00000000,0.00000000,0.00121187,0.00000000,0.00000000,0.00000000,0.03207816,0.21833346,0.00000000,0.00000000,0.00000000,0.00000000,0.00000000,0.00000000,0.00000000,0.00000000,0.00000000,0.00000000,0.00000000,0.00000000,0.00000000,0.00000000,0.00000000,1.03668343,0.00000000,0.00000000,0.00000000,0.00000000,0.00000000,0.01861263,0.00252964,0.00000000,0.00000000,0.00000000,0.00000000,0.00000000,0.00000000,0.00000000,0.00000000,0.00000000,0.00000000,0.00000000,0.00000000,0.00000000,0.00328952,0.00000000,0.00000000,0.00000000,0.00000000,0.00000000,0.00000000,0.00000000,0.00000000,0.00000000,0.00000000,0.00233471,0.00000000,0.00000000,0.00000000,0.00000000,0.00000000,0.00000000,0.00692107,0.00000000,0.00000000,0.00000000,0.00000000,0.14152662,0.00000000,0.02601691,0.00000000,0.00000000,0.00000000,0.00000000,0.00000000,0.00000000,0.00000000,0.00000000,0.00000000,0.00000000,0.00432564,0.00000000,0.00000000,0.00000000,0.00000000,0.00000000,0.00000000,0.01116323,0.00000000,0.00000000,0.00000000,0.00000000,0.00000000,0.00000000,0.00000000,0.00098298,0.00000000,0.00000000,0.00000000,0.00000000,0.00000000,0.00000000,0.00000000,0.00000000,0.00000000,0.00000000,0.00430126,0.00000000,0.00000000,0.00000000,0.00000000,0.00000000,0.00000000,0.00000000,0.00000000,0.00000000,0.00000000,0.00000000,0.00000000,0.00000000,0.00000000,0.00000000,0.00000000,0.00000000,0.00000000,0.16834392,0.00000000,0.00000000,0.00000000,0.00000000,0.00000000,0.00000000,0.00000000,0.00000000,0.00000000,0.00000000,0.00000000,0.00000000,0.00000000,0.00404700,0.00000000,0.00000000,0.00000000,0.00000000,0.00000000,0.00000000,0.00552808,0.00000000,0.00000000,0.00000000,0.00000000,0.00000000,0.00900369,0.00000000,0.00000000,0.00000000,0.00000000,0.00188573,0.00000000,0.00000000,0.00000000,0.00000000,0.00000000,0.00000000,0.00000000,0.00000000,0.00000000,0.00000000,0.00000000,0.00000000,0.00000000,0.00653576,0.00000000,0.00000000,0.00000000,0.00000000,0.00000000,0.00000000,0.00000000,0.00000000,0.00000000,0.00354531,0.00000000,0.00000000,0.00000000,0.00000000,0.00000000,0.00000000,0.00000000,0.00000000,0.00000000,0.00000000,0.00000000,0.00000000,0.00000000,0.00000000,0.00000000,0.00000000,0.00000000,0.00000000,0.00000000,0.00000000,0.00000000,0.00000000,0.02975107,0.00000000,0.00000000,0.00105282,0.00000000,0.05831028,0.00000000,0.00000000,0.00000000,0.00000000,0.00000000,0.00000000,0.00000000,0.00000000,0.00000000,0.00000000,0.00000000,0.00000000,0.00000000,0.00000000,0.00000000,0.00000000,0.00000000,0.00000000,0.00000000,0.00000000,0.00000000,0.00000000,0.01697194,0.00000000
0.00000000,0.00000000,0.00000000,0.00000000,0.00000000,0.00000000,0.00000000,0.00000000,0.04836399,0.00000000,0.00000000,0.00000000,0.00000000,0.00000000,0.00000000,0.02478600,0.00000000,0.00676983,0.00000000,0.00000000,0.00831514,0.00000000,0.00000000,0.00000000,0.00000000,0.00000000,0.00000000,0.00000000,0.00000000,0.00000000,0.00000000,0.00101108,0.00000000,0.00000000,0.00000000,0.00000000,0.00000000,0.00000000,0.02796648,0.00344060,0.00000000,0.00000000,0.00000000,0.00000000,0.00000000,0.18402370,0.00000000,0.00000000,0.00000000,0.00000000,0.00000000,0.00000000,0.00372121,0.00000000,0.00000000,0.00000000,0.00000000,0.00000000,0.00000000,0.00000000,0.00000000,0.00000000,0.00000000,0.00580905,0.00000000,0.00000000,0.00000000,0.00000000,0.00000000,0.00000000,0.00000000,0.00000000,1.66994510,0.00000000,0.00000000,0.00000000,0.00000000,0.00000000,0.00000000,0.00000000,0.23831843,0.00000000,0.00000000,0.00000000,0.00000000,0.00000000,0.01428519,0.00000000,0.00000000,0.01184895,0.01104675,0.00000000,0.00254067,0.00000000,0.00000000,0.00000000,0.00000000,0.00000000,0.00000000,0.00000000,0.00000000,0.00000000,0.00000000,0.00000000,0.00000000,0.00000000,0.00000000,0.00000000,0.00000000,0.00000000,0.00000000,0.00000000,0.00000000,0.00212879,0.00000000,0.36527244,0.00000000,0.00000000,0.00000000,0.00000000,0.00000000,0.00000000,0.00000000,0.00000000,0.00802774,0.00000000,0.00000000,0.00000000,0.00000000,0.00000000,0.00000000,0.00000000,0.00000000,0.00000000,0.00000000,0.00000000,0.00000000,0.00000000,0.00000000,0.00000000,0.97798397,0.00000000,0.00000000,0.00000000,0.00255656,0.01167280,0.00000000,0.00000000,0.00000000,0.00000000,0.00000000,0.00000000,0.00000000,0.00000000,0.00000000,0.00548540,0.02388155,0.00000000,0.00000000,0.00000000,0.00297605,0.00000000,0.00000000,0.09428382,0.01399815,0.00000000,0.00000000,0.00000000,0.00000000,0.00000000,0.00000000,0.00679795,0.00000000,0.00228949,0.00000000,0.00000000,0.00000000,0.00000000,0.00380709,0.01385757,0.00130806,0.00000000,0.00000000,0.00340523,0.00000000,0.00718906,0.01502772,0.00000000,0.00000000,1.00797959,0.00000000,0.00000000,0.00000000,0.00000000,0.00000000,0.00535026,0.00000000,0.00000000,0.04184705,0.00000000,0.00000000,0.00000000,0.00000000,0.00000000,0.00000000,0.00000000,0.00000000,0.00000000,0.00000000,0.00000000,0.00000000,0.00000000,0.00000000,0.00000000,0.00000000,0.00000000,0.00000000,0.00000000,0.00000000,0.00000000,0.00000000,0.00000000,0.00000000,0.00000000,0.00184550,0.00000000,0.00000000,0.00000000,0.00000000,0.00000000,0.00000000,0.00363809,0.00000000,0.00000000,0.00000000,0.00000000,0.00000000,0.00100662,0.00000000,0.00000000,0.00000000,0.00000000,0.00000000,0.00000000,0.00000000,0.00000000,0.00000000,0.00000000,0.00000000,0.00000000,0.00000000,0.00000000,0.00000000,0.00424790,0.00000000,0.00000000,0.00000000,0.00000000,0.00076033,0.00000000,0.00000000,0.00000000,0.00000000,0.00000000,0.00000000,0.00000000,0.00000000,0.00000000,0.01647239,0.00000000,0.00000000,0.00000000,0.00000000,0.00000000,0.00000000,0.00000000,0.00000000,0.00000000,0.00000000,0.00000000,0.00000000,0.00000000,0.00000000,0.00000000,0.00000000,0.00000000,0.00234842,0.00000000,0.00000000,0.00000000,0.00000000,0.00000000,0.00386877,0.00000000,0.00000000,0.00000000,0.00000000,0.00000000,0.00000000,0.00000000,0.00000000,0.00000000,0.00000000,0.00000000,0.00000000,0.00000000,0.00000000,0.00000000,0.00000000,0.00157278,0.00000000,0.00000000,0.00000000,0.00000000,0.07342401,0.00000000,0.01187971,0.00000000,0.00000000,0.00000000,0.00000000,0.00277354,0.00000000,0.00000000,0.00000000,0.00000000,0.00000000,0.00000000,0.00000000,0.01160987,0.00000000,0.00000000,0.00000000,0.00000000,0.00000000,0.00000000,0.00000000,0.00271638,0.00000000,0.00000000,0.00000000,0.00983989,0.00000000,0.00000000,0.00000000,0.00000000,0.00000000,0.00000000,0.00000000,0.00000000,0.00000000,0.00000000,0.00000000,0.00000000,0.00000000,0.00000000,0.00000000,0.00000000,0.00000000,0.01227640,0.00000000,0.09665591,0.00000000,0.00000000,0.00225636,0.00402522,0.00000000,0.00000000,0.00000000,0.00000000,0.00000000,0.00600232,0.00000000,1.14732377,0.00000000,0.00000000,0.00000000,0.00000000,0.00000000,0.00896621,0.36328891,0.00000000,0.00000000,0.00000000,0.00000000,0.00000000,0.00000000,0.00000000,0.00000000,0.00000000,0.00000000,0.00000000,0.00000000,0.00000000,0.00234725,0.00428315,0.00000000,0.00000000,0.00000000,0.00112530,0.00000000,0.00000000,0.00000000,0.00000000,0.00116101,0.00000000,0.00000000,0.00000000,0.00000000,0.00551400,0.00000000,0.00000000,0.00000000,0.00000000,0.00000000,0.00000000,0.00000000,0.00000000,0.00000000,0.00000000,0.00000000,0.00000000,0.01010812,0.00000000,0.00000000,0.00000000,0.00000000,0.00175948,0.00000000,0.00000000,0.00000000,0.00000000,0.32313597,0.00000000,0.00000000,0.00000000,0.00000000,0.00000000,0.00000000,0.00387460,0.00000000,0.00000000,0.00000000,0.00000000,0.00000000,0.00000000,0.00711300,0.00000000,0.00000000,0.00000000,0.00000000,0.00000000,0.00000000,0.00000000,0.00000000,0.00000000,0.00355449,0.00000000,0.00000000,0.00000000,0.00000000,0.00000000,0.00000000,0.00000000,0.00402884,0.00000000,0.00000000,0.00000000,0.00000000,0.00000000,0.00000000,0.00845681,0.00000000,0.00123372,0.00000000,0.00140386,0.00000000,0.00763674,0.00000000,0.00000000,0.00000000,0.00000000,0.00000000,0.00000000,0.00000000,0.00000000,0.00000000,0.00000000,0.00000000,0.00000000,0.00000000,0.00000000,0.00000000,0.00000000,0.00000000,0.00000000,0.00000000,0.00000000,0.00000000,0.00000000,0.00000000,0.00000000,0.00000000,0.00000000,0.00000000,0.00000000,0.00000000,0.00000000,0.00000000,0.00000000,0.00000000,0.00000000,0.00000000,0.00000000,0.00103532,0.00000000,0.00461878,0.00000000,0.00000000,0.00000000,0.00000000,0.00000000,0.00000000,0.00000000,0.00000000,0.00000000,0.00000000,0.01653096,0.00000000,0.00000000,0.00559378,0.00000000,0.00000000,0.00000000,0.00441304,0.00000000,0.00558948,0.00000000,0.00000000,0.00000000,0.00000000,0.00000000,0.00000000,0.00000000,0.00000000,0.00000000,0.00000000,0.00000000,0.00000000,0.00000000,0.00000000,0.00722746,0.00000000,0.00000000,0.00000000,0.00000000,0.00000000,0.00000000,0.00545374,0.00000000,0.00318736,0.00000000,0.00000000,0.00000000,0.01753126,0.00000000,0.00000000,0.00000000,0.00000000,0.00000000,0.00000000,0.00000000,0.01141320,0.00000000,0.01716986,0.00000000,0.00000000,0.00000000,0.00000000,0.00000000,0.00000000,0.00000000,0.00000000,0.00000000,0.00000000,0.00000000,0.01299414,0.00000000,0.00000000,0.00000000,0.00000000,0.00000000,0.00000000,0.00000000,0.00000000,0.00000000,0.00000000,0.00000000,0.00000000,0.00000000,0.00000000,0.00509507,0.00000000,0.00000000,0.00000000,0.00000000,0.00000000,0.00000000,0.00000000,0.00000000,0.00000000,0.00000000,0.00000000,0.00000000,0.00000000,0.00000000,0.00000000,0.00000000,0.00000000,0.00000000,0.00000000,0.00000000,0.00000000,0.00000000,0.00000000,0.00000000,0.00000000,0.10908267,0.00000000,0.00000000,0.00000000,0.00000000,0.00000000,0.00000000,0.00000000,0.00000000,0.02517798,0.00000000,0.00000000,0.00975382,0.00000000,0.00000000,0.00000000,0.00000000,0.00000000,0.00000000,0.08959545,0.00298951,0.00000000,0.00000000,0.00000000,0.00000000,0.00000000,0.00000000,0.02184955,0.00000000,0.00000000,0.00000000,0.00000000,0.00000000,0.00561725,0.00000000,0.00000000,0.00000000,0.27282079,0.00000000,0.00744736,0.00000000,0.00098836,0.00000000,0.00000000,0.00000000,0.00000000,0.00000000,0.00000000,0.00000000,0.01019083,0.00000000,0.00000000,0.00000000,0.00000000,0.00000000,0.00000000,0.00000000,0.00000000,0.00000000,0.00000000,0.00000000,0.13273234,0.00000000,0.00000000,0.00000000,0.01636985,0.00000000,0.00000000,0.00000000,0.00000000,0.00000000,0.00000000,0.00000000,0.00000000,0.00000000,0.00000000,0.00000000,0.00000000,0.00000000,0.00000000,0.00959302,0.00000000,0.00000000,0.00000000,0.00000000,0.00000000,0.00000000,0.00000000,0.00000000,0.00000000,0.00000000,0.00000000,0.00000000,0.00000000,0.00000000,0.00000000,0.00000000,0.00000000,0.00000000,0.00118309,0.00000000,0.00000000,0.00000000,0.00000000,0.00000000,0.00000000,0.00000000,0.00000000,0.00000000,0.00000000,0.00000000,0.00000000,0.00000000,0.00000000,0.00000000,0.02907833,0.00000000,0.00000000,0.00000000,0.00000000,0.00000000,0.00000000,0.00000000,0.00000000,0.07597199,0.00000000,0.00000000,0.00000000,0.00000000,0.00000000,0.00000000,0.00000000,0.00000000,0.02142163,0.00000000,0.00000000,0.00000000,0.00000000,0.00000000,0.00000000,0.00348270,0.00076159,0.00000000,0.00000000,0.00000000,0.00000000,0.00000000,0.00000000,0.00000000,0.00000000,0.00000000,0.00000000,0.00289102,0.00000000,0.00000000,0.00705046,0.00000000,0.00000000,0.00000000,0.00000000,0.00000000,0.00000000,0.00000000,0.00000000,0.00000000,0.00000000,0.00000000,0.00000000,0.00000000,0.00000000,0.01062445,0.00000000,0.00000000
0.00000000,0.00000000,0.00000000,0.00000000,0.00000000,0.00000000,0.00000000,0.00000000,0.00000000,0.00000000,0.00540005,0.00438789,0.00000000,0.00000000,0.00000000,0.00000000,0.00000000,0.00000000,0.00000000,0.00000000,0.00000000,0.00000000,0.00000000,0.00000000,0.00000000,0.00000000,0.00000000,0.00073226,0.00000000,0.00000000,0.00000000,0.00000000,0.00000000,0.00000000,0.00000000,0.01022372,0.00000000,0.00000000,0.00000000,0.00000000,0.00777169,0.00000000,0.00000000,0.00000000,0.00000000,0.00000000,0.00000000,0.00000000,0.00000000,0.00000000,0.00000000,0.00000000,0.00000000,0.00000000,0.00000000,0.00000000,0.00000000,0.00000000,0.00000000,0.00000000,0.00000000,0.00000000,0.00000000,0.00000000,0.00000000,0.00000000,0.00000000,0.00000000,0.00000000,0.00000000,0.00000000,0.00000000,0.00000000,0.00000000,0.00000000,0.00000000,0.00068619,0.00000000,0.01339359,0.00000000,0.00000000,0.00000000,0.00000000,0.00000000,0.00000000,0.00706540,0.00000000,0.00000000,0.00000000,0.00000000,0.00000000,0.00000000,0.00000000,0.00000000,0.00000000,0.00000000,0.00000000,0.00000000,0.00000000,0.00000000,0.00000000,0.00000000,0.00000000,0.00000000,0.00000000,0.00000000,0.00000000,0.00000000,0.00000000,0.11808062,0.00000000,0.00000000,0.00000000,0.03779344,0.02977211,0.00000000,0.00000000,0.00000000,0.00000000,0.00000000,0.00000000,0.01351053,0.00000000,0.00000000,0.00000000,0.00000000,0.00000000,0.00000000,0.00000000,0.00000000,0.00000000,0.00000000,0.00000000,0.00000000,0.00000000,0.10227015,0.00000000,0.00000000,0.00000000,1.18199705,0.00000000,0.00000000,0.00000000,0.00000000,0.00000000,0.00000000,0.00000000,0.00000000,0.00000000,0.00000000,0.00000000,0.00000000,0.00000000,0.00850612,0.00000000,0.00000000,0.00000000,0.00000000,0.00000000,0.00000000,0.00000000,0.25765864,0.00000000,0.00000000,0.00000000,0.00000000,0.00000000,0.01145463,0.00000000,0.00715483,0.00000000,0.00000000,0.00000000,0.00000000,0.00000000,0.00000000,0.00000000,0.00000000,0.00000000,0.00000000,0.00000000,0.00000000,0.00000000,0.00000000,0.04268927,0.00000000,0.00000000,0.00000000,0.00000000,0.00000000,0.00000000,0.00000000,0.00000000,0.00000000,0.00000000,0.00269199,0.00000000,0.00098270,0.00000000,0.00000000,0.00000000,0.00000000,0.00000000,0.00000000,0.00000000,0.02145136,0.00000000,0.00000000,0.00000000,0.00000000,0.00385622,0.00000000,0.00000000,0.00000000,0.00000000,0.00000000,0.00000000,0.00000000,0.00000000,0.00000000,0.00000000,0.00643749,0.00000000,0.00000000,0.00000000,0.02080890,0.00000000,0.00000000,0.00000000,0.00000000,0.00000000,0.00000000,0.00000000,0.00000000,0.00000000,0.00000000,0.00000000,0.00101296,0.00000000,0.00000000,0.03366838,0.22215013,0.00000000,0.00000000,0.00398803,0.00511925,0.00000000,0.00000000,0.00000000,0.00000000,0.00000000,0.00654985,0.00000000,0.00000000,0.34722708,0.00000000,0.00000000,0.00000000,0.00000000,0.00406136,0.00000000,0.00000000,0.00287662,0.00000000,0.00000000,0.00000000,0.00000000,0.00000000,0.00000000,0.00000000,0.00379281,0.00000000,0.00000000,0.00061009,0.00000000,0.00000000,0.00000000,0.00000000,0.00000000,0.00000000,0.00000000,0.00556455,0.00000000,0.00000000,0.00000000,0.00000000,0.02631637,0.00000000,0.00000000,1.19289572,0.00000000,0.00000000,0.00000000,2.51326349,0.00000000,0.00000000,0.00000000,0.00000000,0.00000000,0.00000000,0.00000000,0.00000000,0.00000000,0.00000000,0.00000000,0.00000000,0.00000000,0.00000000,0.00198533,0.00000000,0.00000000,0.00000000,0.00000000,0.00000000,0.00000000,0.00000000,0.01162393,0.00000000,0.00000000,0.00000000,0.00000000,0.00266207,0.00000000,0.00000000,0.01021985,0.00000000,0.00000000,0.00000000,0.00000000,0.00000000,0.00000000,0.02506772,0.00433958,0.00000000,0.00000000,0.00000000,0.00000000,0.00000000,0.00000000,0.00000000,0.00453367,0.00000000,0.00000000,0.07184197,0.00000000,0.00000000,0.02069554,0.00000000,0.00000000,0.00000000,0.02222690,0.00626916,0.00547158,0.00000000,0.00000000,0.00000000,0.00000000,0.00000000,0.00000000,0.00000000,0.00000000,0.00055793,0.00000000,0.00000000,0.00000000,0.00000000,0.00000000,0.00000000,0.00000000,0.00000000,0.00000000,0.00000000,0.00000000,0.00000000,0.00000000,0.00000000,0.00000000,0.00000000,0.00000000,0.01652931,0.00000000,0.00000000,0.00244142,0.00000000,0.00000000,0.00000000,0.00000000,0.00084468,0.00709929,0.00000000,0.00000000,0.00000000,0.00000000,0.00000000,0.00000000,0.00000000,0.00000000,0.00178930,0.00000000,0.00000000,0.00000000,0.00000000,0.00000000,1.41734545,0.00719361,0.00000000,0.00000000,0.00000000,0.00000000,0.00000000,0.00000000,0.00000000,0.00000000,0.00000000,0.00000000,0.00000000,0.00000000,0.00000000,0.00000000,0.00000000,0.00159127,0.00000000,0.00000000,0.00000000,0.00000000,0.00000000,0.00000000,0.00000000,0.00000000,0.00000000,0.00000000,0.00087728,0.00000000,0.00000000,0.00000000,0.09665633,0.00000000,0.00000000,0.00000000,0.00000000,0.00000000,0.00000000,0.00000000,0.00000000,0.00000000,0.00000000,0.00000000,0.00000000,0.00000000,0.00000000,0.00000000,0.00000000,0.00000000,0.00403267,0.00000000,0.01680782,0.00000000,0.00000000,0.00000000,0.00000000,0.00000000,0.00000000,0.00000000,0.00000000,0.00000000,0.00000000,0.00000000,0.00000000,0.00000000,0.04465973,0.00000000,0.00000000,0.00000000,0.00000000,0.00000000,0.00000000,0.00000000,0.00000000,0.00000000,0.00000000,0.00000000,0.00274928,0.07431843,0.00000000,0.00000000,0.00000000,0.00000000,0.00000000,0.00000000,0.00000000,0.00000000,0.10212849,0.00000000,0.00000000,0.00000000,0.00000000,0.00000000,0.00000000,0.00000000,0.00000000,0.00000000,0.00000000,0.00174040,0.00000000,0.00000000,0.00000000,0.00000000,0.00000000,0.00000000,0.00000000,0.00000000,0.00000000,0.00000000,0.00000000,0.00000000,0.00000000,0.03597302,0.00000000,0.00000000,0.01855593,0.00000000,0.00000000,0.00000000,0.00000000,0.00000000,0.00000000,0.00000000,0.00331699,0.00000000,0.00000000,0.00000000,0.00207327,0.00000000,0.01590245,0.00000000,0.00000000,0.00000000,0.00000000,0.00000000,0.00000000,0.00000000,0.00000000,0.33890233,0.00000000,0.00000000,0.00000000,0.00000000,0.00219967,0.00000000,0.00000000,0.00000000,0.02882153,0.00000000,0.00000000,0.00000000,0.00000000,0.00000000,0.00000000,0.00000000,0.00000000,0.00000000,0.00000000,0.00000000,0.00000000,0.00000000,0.00000000,0.00000000,0.00000000,0.01292823,0.00000000,0.00000000,0.00000000,0.00000000,0.00000000,0.00000000,0.00000000,0.00000000,0.00000000,0.00000000,0.00171066,0.00942611,0.00000000,0.00000000,0.00000000,0.00000000,0.00000000,0.00000000,0.00000000,0.33189372,0.00000000,0.00000000,0.00000000,0.00000000,0.00000000,0.00000000,0.00000000,0.00000000,0.00000000,0.00000000,0.00000000,0.00000000,0.00000000,0.00000000,0.00000000,0.02859697,0.00000000,0.00000000,0.00240806,0.00000000,0.00000000,0.00000000,0.00000000,0.00000000,0.00742712,0.00000000,0.00000000,0.00000000,0.00000000,0.00000000,0.00000000,0.00000000,0.00000000,0.00000000,0.07073090,0.00964896,0.00000000,0.00000000,0.00000000,0.00000000,0.00000000,0.00000000,0.00000000,0.00000000,0.00000000,0.00000000,0.00993502,0.00000000,0.00000000,0.00000000,0.00000000,0.00000000,0.00000000,0.00198526,0.00000000,0.00000000,0.00000000,0.00000000,0.00070894,0.00000000,0.03245374,0.00000000,0.97935809,0.00000000,0.00000000,0.00000000,0.00000000,0.00191600,0.00000000,0.00000000,0.00000000,0.00000000,0.00000000,0.04716667,0.00000000,0.00000000,0.00000000,0.00000000,0.00000000,0.00000000,0.00000000,0.00000000,0.00000000,0.00000000,0.00340512,0.00000000,0.00000000,0.00000000,0.00000000,0.00000000,0.00000000,0.00000000,0.00000000,0.00000000,0.01591650,0.00356037,0.00000000,0.00000000,0.00000000,0.00000000,0.00608024,0.00000000,0.00000000,0.00000000,0.00000000,0.00000000,0.00000000,0.00000000,0.00000000,0.00000000,0.00258686,0.00000000,0.00000000,0.00000000,0.00000000,0.02788088,0.00000000,0.00000000,0.00000000,0.00000000,0.00098608,0.01285717,0.00000000,0.00000000,0.05218334,0.00000000,0.00000000,0.00000000,0.00000000,0.00000000,0.01280112,0.00000000,0.00000000,0.00131706,0.00000000,0.00000000,0.00000000,0.00000000,0.00000000,0.00000000,0.00000000,0.00000000,0.00000000,0.00000000,0.00000000,0.00000000,0.00000000,0.00000000,0.00000000,0.00000000,0.00000000,0.00000000,0.00000000,0.00274558,0.00603913,0.00806130,0.00000000,0.00000000,0.00000000,0.00000000,0.00000000,0.00000000,0.00000000,0.00000000,0.00000000,0.00811119,0.00000000,0.00000000,0.00000000,0.00000000,0.00000000,0.00000000,0.00000000,0.00000000,0.00000000,0.00000000,0.00000000,0.00000000,0.00000000,0.00000000,0.00000000,0.00000000,0.00000000,0.00000000,0.00000000,0.00376401,0.00000000,0.00000000,0.00000000,0.00000000,0.00000000,0.01668261,0.00000000,0.00129897,0.00000000,0.00000000,0.00000000,0.00000000,0.00000000,0.00000000,0.00000000,0.00000000,0.00000000,0.00000000,0.00000000,0.00092630,0.00000000,0.01062445,0.00000000,0.00000000,0.00000000
0.00000000,0.04548781,0.00000000,0.00000000,0.00000000,0.00000000,0.00000000,0.00000000,0.00000000,0.00308862,0.00000000,0.95425314,0.00000000,0.00000000,0.01626216,0.00000000,0.00000000,0.00000000,0.00000000,0.00000000,0.08969155,0.00000000,0.00000000,0.00462369,0.00000000,0.00000000,0.00000000,0.00000000,0.00000000,0.00000000,0.00000000,0.00000000,0.00000000,0.00000000,0.01579778,0.00000000,0.00000000,0.00581188,0.00000000,0.00000000,0.00571155,0.00000000,0.00000000,0.00000000,0.00000000,0.00000000,0.00000000,0.00000000,0.01433146,0.00000000,0.00000000,0.00000000,0.00000000,0.00000000,0.00000000,0.00000000,0.00000000,0.00000000,0.00000000,0.00000000,0.00000000,0.00000000,0.00000000,0.00000000,0.00000000,0.00000000,0.00000000,0.00000000,0.00000000,0.00000000,0.00000000,0.00000000,0.00000000,0.00000000,0.00000000,0.00000000,0.00000000,0.00000000,0.00000000,0.00000000,0.00000000,0.00000000,0.00091237,0.00000000,0.00000000,0.00000000,0.00000000,0.00398727,0.00000000,0.00000000,0.00000000,0.00000000,0.00567838,0.00000000,0.00000000,0.00000000,0.00000000,0.00000000,0.00000000,0.00000000,0.00000000,0.00000000,0.00000000,0.00000000,0.00000000,0.00000000,0.00000000,0.00000000,0.00000000,0.00000000,0.00000000,0.00000000,0.00000000,0.00000000,0.00000000,0.00000000,0.00000000,0.00000000,0.00000000,0.00000000,0.00000000,0.00000000,0.00000000,0.00000000,0.00000000,0.00459241,0.01930607,0.00000000,0.00000000,0.00000000,0.00000000,0.00000000,0.00000000,0.00000000,0.00000000,0.02006622,0.00236159,0.00000000,0.00000000,0.00000000,0.00000000,0.00000000,0.00000000,0.00000000,0.00000000,0.18809664,0.00000000,0.00000000,0.00000000,0.00000000,0.04096784,0.00000000,0.00000000,0.00000000,0.11679067,0.00000000,0.00000000,0.00000000,0.00202614,0.00000000,0.00000000,0.00000000,0.00000000,0.00000000,0.00000000,0.00000000,0.00000000,0.00000000,0.00000000,0.00000000,0.05190410,0.00000000,0.00000000,0.00000000,0.00000000,0.00000000,0.00000000,0.01376771,0.00000000,0.00000000,0.00000000,0.00000000,0.00000000,0.00000000,0.00000000,0.00000000,0.00000000,0.00000000,0.00000000,0.00000000,0.00416797,0.00000000,0.00000000,0.00000000,0.00000000,0.00000000,0.00000000,0.00000000,0.00000000,0.00306575,0.00000000,0.00000000,0.00000000,0.00000000,0.00000000,0.00000000,0.00000000,0.00000000,0.00000000,0.00000000,0.00000000,0.00000000,0.00000000,0.00000000,0.00000000,0.00000000,0.00000000,0.00000000,0.00000000,0.00000000,0.01102722,0.00000000,0.00000000,0.00000000,0.00000000,0.00000000,0.00000000,0.00000000,0.00000000,0.00000000,0.00000000,0.00000000,0.00628872,0.00000000,0.00000000,0.00000000,0.00000000,0.00000000,0.05532732,0.00000000,0.00000000,0.00000000,0.00000000,0.00000000,0.00000000,0.03159608,0.00000000,0.00000000,0.00000000,0.00000000,0.01688206,0.00000000,0.00000000,0.00000000,0.00000000,0.00000000,0.00000000,0.00000000,0.00000000,0.00000000,0.02717246,0.00000000,0.00000000,0.00000000,0.00000000,0.00208616,0.00000000,0.00000000,0.00000000,0.00000000,0.00000000,0.00000000,0.00000000,0.00000000,0.00000000,0.00000000,0.00000000,0.00000000,0.00000000,0.00000000,0.00000000,0.00000000,0.00000000,0.02083696,0.00000000,0.00133505,0.00000000,0.00000000,0.00000000,0.00000000,0.00000000,0.00222271,0.00000000,0.00000000,0.00000000,0.00000000,0.00000000,0.00761539,0.00000000,0.00000000,0.00000000,0.00000000,0.00000000,0.00000000,0.00000000,0.00000000,0.00000000,0.00000000,0.00000000,0.00000000,0.00000000,0.00000000,0.00000000,0.01070278,0.00000000,0.00000000,0.00000000,0.00000000,0.00000000,0.25399359,0.00000000,0.00000000,0.00000000,0.00000000,0.00000000,0.00000000,0.00000000,0.00000000,0.00000000,0.00000000,0.00000000,0.00000000,0.00000000,0.00000000,0.00000000,0.00000000,0.00000000,0.00000000,0.00000000,0.00000000,0.00000000,0.00000000,0.00000000,0.00000000,0.00000000,0.00000000,0.00000000,0.00000000,0.00000000,0.00000000,0.00000000,0.00000000,0.00000000,0.00000000,0.00000000,0.00000000,0.00000000,0.00000000,0.00000000,0.00000000,0.00000000,0.00000000,0.00000000,0.00000000,0.00000000,0.00000000,0.00000000,0.00000000,0.00000000,0.00000000,0.00000000,0.00000000,0.00000000,0.00623716,0.00000000,0.00000000,0.00000000,0.00000000,0.00000000,0.00000000,0.00000000,0.00000000,0.00000000,0.00000000,0.00000000,0.00000000,0.00000000,0.00000000,0.00000000,0.00000000,0.00000000,0.00000000,0.00428218,0.00000000,0.03016786,0.00000000,0.02049770,0.00100587,0.00000000,0.00000000,0.65642810,0.00000000,0.00000000,0.09802618,0.00000000,0.00000000,0.00000000,0.00000000,0.00000000,0.00771224,0.00000000,0.00000000,0.00000000,0.00000000,0.00000000,0.01230589,0.00000000,0.00000000,0.00000000,0.00000000,0.00000000,0.00000000,0.00000000,0.00000000,0.00000000,0.00000000,0.00000000,0.00000000,0.00000000,0.00000000,0.00000000,0.00000000,0.00000000,0.00000000,0.00000000,0.00000000,0.00000000,0.00000000,0.00000000,0.00000000,0.01544233,0.00000000,0.00000000,0.00000000,0.00000000,0.00000000,0.01612793,0.00207018,0.00000000,0.03032768,0.00000000,0.00000000,0.03698180,0.00000000,2.51337769,0.29277290,0.00000000,0.00071836,0.00000000,0.00000000,0.00000000,0.00000000,0.00000000,0.00000000,0.00000000,0.00000000,0.00770886,0.00870276,0.00000000,0.00000000,0.00000000,0.00000000,0.00000000,0.00000000,0.00000000,0.00000000,0.00000000,0.00000000,0.00000000,0.00000000,0.00188749,0.00000000,0.00000000,0.00000000,0.00000000,0.00000000,0.00473621,0.02085632,0.00130571,0.00000000,0.09255250,0.00000000,0.00000000,0.00000000,0.00899722,0.00000000,0.00000000,0.00000000,0.00000000,0.00000000,0.00730613,0.00000000,0.00000000,0.00412391,0.00000000,0.00000000,0.00000000,0.00000000,0.00000000,0.00183147,0.00171369,0.00000000,0.00236664,0.00000000,0.00000000,0.00000000,0.00000000,0.00000000,0.00000000,0.00000000,0.00000000,0.00000000,0.00000000,0.01169456,0.00000000,0.00000000,0.00000000,0.00000000,0.00000000,0.00000000,0.31165755,0.00000000,0.00000000,0.00000000,0.00000000,0.00000000,0.00000000,2.29049924,0.00000000,0.00408938,0.00000000,0.01551261,0.00000000,0.00000000,0.00000000,0.00000000,0.00000000,0.00000000,0.00000000,0.00000000,0.00000000,0.00000000,0.00000000,0.00764130,0.00000000,0.00446892,0.00917041,0.00000000,0.00000000,0.00000000,0.00000000,0.00000000,0.00000000,0.03524696,0.00456684,0.06097967,0.00000000,0.00000000,0.00000000,0.00000000,0.00000000,0.00000000,0.00370942,0.00000000,0.00000000,0.00000000,0.00000000,0.00000000,0.02276989,0.00000000,0.00000000,0.00000000,0.00000000,0.00000000,0.00000000,0.00000000,0.00000000,0.00361517,0.00000000,0.00000000,0.00330753,0.00604984,0.00000000,0.00000000,0.00000000,0.00000000,0.00000000,0.00000000,0.00000000,0.00000000,0.00137108,0.00000000,0.00000000,0.00000000,0.11767451,0.00000000,0.00000000,0.00000000,0.00000000,0.00000000,0.00000000,0.01377370,0.01708021,0.00000000,0.02787415,0.00000000,0.00000000,0.00000000,0.00330718,0.00000000,0.00000000,0.00000000,0.00000000,0.00000000,0.00000000,0.00000000,0.00000000,0.00000000,0.00000000,0.00000000,0.00000000,0.00000000,0.00000000,0.00000000,0.00520806,0.00000000,0.00000000,0.00000000,0.00000000,0.00000000,0.00000000,0.00000000,0.00000000,0.00000000,0.00256026,0.00000000,0.00000000,0.00000000,0.00000000,0.00000000,0.00000000,0.00000000,0.00000000,0.03084996,0.00000000,0.00000000,0.00000000,0.00000000,0.00000000,0.00000000,0.00000000,0.00252885,0.00138042,0.00000000,0.00000000,0.00000000,0.00000000,0.00000000,0.00000000,0.00000000,0.02136466,0.00000000,0.02492106,0.00000000,0.00000000,0.00000000,0.00000000,0.00000000,0.00000000,0.00000000,0.00000000,0.00000000,0.00000000,0.00659209,0.01816827,0.00000000,0.00000000,0.74022001,0.00000000,0.00000000,0.00000000,0.00000000,0.00000000,0.00000000,0.00000000,0.00000000,0.00000000,0.00000000,0.00000000,0.00000000,0.00000000,0.00000000,0.00000000,0.00000000,0.00000000,0.00000000,0.00000000,0.00000000,0.00000000,0.00000000,0.00000000,0.00000000,0.00000000,0.00000000,0.00000000,0.00000000,0.00000000,0.02209428,0.00000000,0.00000000,0.00000000,0.00000000,0.00000000,0.00000000,0.00000000,0.00279796,0.00000000,0.00000000,0.00000000,0.00000000,0.00000000,0.00000000,0.00000000,0.00000000,0.00000000,0.00000000,0.00000000,0.00000000,0.00705670,0.00000000,0.26066359,0.00000000,0.00000000,0.00000000,0.00000000,0.00000000,0.00000000,0.01022309,0.00000000,0.00000000,0.00000000,0.00000000,0.00000000,0.00000000,0.00000000,0.00000000,0.00000000,0.00000000,0.00000000,0.00000000,0.00000000,0.00000000,0.01370519,0.00000000,0.06591516,0.00000000,0.00000000,0.00467699,0.00488285,0.00000000,0.00000000,0.00000000,0.00000000,0.00000000,0.00000000,0.00000000,0.00000000,0.00000000,0.00000000,0.00000000,0.00000000,0.00000000,0.00636762,0.03848177,0.00000000,0.00000000,0.00000000,0.00000000,0.01049181,0.00000000,0.00000000,0.00000000,0.00287771,0.00000000,0.00000000,0.01697194,0.00000000,0.00000000,0.00000000,0.00000000
0.00000000,0.00000000,0.00000000,0.00000000,0.00000000,0.00000000,0.00000000,0.00000000,0.00000000,0.00073540,0.00000000,0.00000000,0.00000000,0.00000000,0.00000000,0.00000000,0.00000000,0.00000000,0.00000000,0.00282273,0.00000000,0.01403581,0.00000000,0.00000000,0.01310028,0.00000000,0.00000000,0.00000000,0.00000000,0.00000000,0.00000000,0.00000000,0.00000000,0.00000000,0.00000000,0.00000000,0.00000000,0.00000000,0.00000000,0.00000000,0.00000000,0.00000000,0.00000000,0.00000000,0.00000000,0.00000000,0.00000000,0.00000000,0.00000000,0.00000000,0.00000000,0.00000000,0.00000000,0.00000000,0.00000000,0.00000000,0.00000000,0.00000000,0.00000000,0.00798568,0.00000000,0.00000000,0.00000000,0.00000000,0.00000000,0.00000000,0.00000000,0.01104675,0.00000000,0.00000000,0.00000000,0.01140339,0.00000000,0.00000000,0.00000000,0.00000000,0.05169066,0.00000000,0.00000000,0.00000000,0.00000000,0.00000000,0.00000000,0.02361541,0.00000000,0.00000000,0.00000000,0.00000000,0.00000000,0.00000000,0.00000000,0.00000000,0.00618934,0.00000000,0.00000000,0.00000000,0.00000000,0.00000000,0.00591046,0.00000000,0.00288233,0.00000000,0.00000000,0.00000000,0.00000000,0.00000000,0.29737093,0.00000000,0.00000000,0.00000000,0.00000000,0.00000000,0.01313969,0.00000000,0.18036433,0.00000000,0.00000000,0.00000000,0.00000000,0.00000000,0.00407267,0.00093821,0.00000000,0.00000000,0.00000000,0.00000000,0.00000000,0.00000000,0.00000000,0.00000000,0.00000000,0.00000000,0.00000000,0.00000000,0.00000000,0.00000000,0.00000000,0.00869605,0.00000000,0.00920283,0.00000000,0.00000000,0.00000000,0.00000000,0.00000000,0.00000000,0.00000000,0.00000000,0.23045451,0.00000000,0.00000000,0.00000000,0.00000000,0.00000000,0.00000000,0.00000000,0.00000000,0.00000000,0.00000000,0.00000000,0.00000000,0.08495617,0.00000000,0.00000000,0.00000000,0.00000000,0.00000000,0.00000000,0.00000000,0.15505281,0.00287781,0.00000000,0.00000000,0.00000000,0.00000000,0.00000000,0.00000000,0.00000000,0.00000000,0.00000000,0.00000000,0.00000000,0.00000000,0.00923312,0.00000000,0.00000000,0.00000000,0.00000000,0.00000000,0.00000000,0.00000000,0.00000000,0.00000000,0.00000000,0.00000000,0.00000000,0.00000000,0.00000000,0.00000000,0.00000000,0.00000000,0.00000000,0.00000000,0.00000000,0.00000000,0.00000000,0.00000000,0.00000000,0.00000000,0.00000000,0.00117513,0.00000000,0.00000000,0.00000000,0.00000000,0.02339907,0.00000000,0.00000000,0.00000000,0.00000000,0.00000000,0.00000000,0.00000000,0.00000000,0.00183399,0.00000000,0.00000000,0.30210505,0.00000000,0.00000000,0.00000000,0.00000000,0.00000000,0.00000000,0.00000000,0.00000000,0.00000000,0.00000000,0.00000000,0.00000000,0.00000000,0.00000000,0.00122364,0.00000000,0.00000000,0.00267345,0.00000000,0.00000000,0.00000000,0.00000000,0.00000000,0.00000000,0.00000000,0.00000000,0.13992363,0.00000000,0.00000000,0.00000000,0.00000000,0.00000000,0.00000000,0.00000000,0.00000000,0.00000000,0.00000000,0.00000000,0.00000000,0.00000000,0.00000000,0.00000000,0.03176357,0.05243262,0.00400065,0.01044141,0.00000000,0.00000000,0.00000000,0.00139697,0.00000000,0.00000000,0.00000000,0.00000000,0.00000000,0.00000000,0.00000000,0.00000000,0.00000000,0.00000000,0.00000000,0.00000000,0.00000000,0.00000000,0.00000000,0.00000000,0.00121644,0.00000000,0.00000000,0.00000000,0.00000000,0.00000000,0.00000000,0.00000000,0.00000000,0.00000000,0.00000000,0.00000000,0.02836166,0.00000000,0.00000000,0.00112521,0.00000000,0.00000000,0.00000000,0.00000000,0.00000000,0.00000000,0.00000000,0.05745765,0.00000000,0.00000000,0.00000000,0.00000000,0.02603235,0.00000000,0.00000000,0.00000000,0.00000000,0.00000000,0.00000000,0.00000000,0.00000000,0.00000000,0.00000000,0.00000000,0.00000000,0.00000000,0.00000000,0.00437574,0.00000000,0.00000000,0.00000000,0.00000000,0.00000000,0.00000000,0.00000000,0.00000000,0.00000000,0.00000000,0.00000000,0.24202931,0.00000000,0.00000000,0.00000000,0.00000000,0.00000000,0.00000000,0.00000000,0.00000000,0.00000000,0.00000000,0.00000000,0.01414895,0.00000000,0.00000000,0.00000000,0.00000000,0.00000000,0.00000000,0.00000000,0.00000000,0.00000000,0.00000000,0.03446072,0.00000000,0.01288538,0.00000000,0.00000000,0.00000000,0.03992970,0.00000000,0.00000000,0.00000000,0.00000000,0.00000000,0.00000000,0.00000000,0.00000000,0.00000000,0.01542461,0.06857452,0.00000000,0.01575565,0.00000000,0.00107312,0.00000000,0.00000000,0.00000000,0.00000000,0.00000000,0.00000000,0.00458595,0.00000000,0.00000000,0.00000000,0.00000000,0.01985338,0.00000000,0.00000000,0.00000000,0.05340576,0.00000000,0.00000000,0.00000000,0.00000000,0.00000000,1.58842604,0.00000000,0.00000000,0.00000000,0.01972543,0.00000000,0.00000000,1.86378249,0.00000000,0.03152936,0.00000000,0.00000000,0.00000000,0.00000000,0.00000000,0.00000000,0.00000000,0.00000000,4.48176640,0.00000000,0.00000000,0.00000000,0.00000000,0.00000000,0.00000000,0.00000000,0.02093176,0.00000000,0.05346173,0.00000000,0.00072442,0.00000000,0.00000000,0.00000000,0.00000000,0.00000000,0.00000000,0.01042127,0.00000000,0.00000000,0.00261171,0.00000000,0.00000000,0.00000000,0.01263297,0.00000000,0.00090177,0.00000000,0.00000000,0.00000000,0.00000000,0.00000000,0.00000000,0.00331237,0.00000000,0.00000000,0.00000000,0.00000000,0.00000000,0.00000000,0.10730012,0.00000000,0.00000000,0.00000000,0.00000000,0.00000000,0.00000000,0.00000000,0.00577375,0.00000000,0.00000000,0.00000000,0.00000000,0.00302829,0.00000000,0.00000000,0.00000000,0.00000000,0.00000000,0.00000000,0.00000000,0.00000000,0.00000000,0.00000000,0.00000000,0.00000000,0.00611675,0.00000000,0.00000000,0.00000000,0.00000000,0.00000000,0.00000000,0.00000000,0.00000000,0.00000000,0.00000000,0.00000000,0.03393243,0.00000000,0.00000000,0.00000000,0.00000000,0.00000000,0.00000000,0.00000000,0.00000000,0.01146827,0.00000000,0.00000000,0.00000000,0.00000000,0.00000000,0.00000000,0.00245683,0.00000000,0.00000000,0.00000000,0.00000000,0.04577761,0.00000000,0.00000000,0.00000000,0.00000000,0.00000000,0.00000000,0.00272280,0.02172782,0.00000000,0.00000000,0.00000000,0.00000000,0.00000000,0.00000000,0.00000000,0.00000000,0.00000000,0.00000000,0.00000000,0.00000000,0.00000000,0.00000000,0.00000000,0.00000000,0.03048582,0.00000000,0.00000000,0.00000000,0.14684734,0.00000000,0.00000000,0.00000000,0.01624710,0.00000000,0.00000000,0.00000000,0.01199573,0.00000000,0.00093826,0.00000000,0.01086544,0.00000000,0.00000000,0.00000000,0.00000000,0.00000000,0.00000000,0.00000000,0.00098402,0.00000000,0.00213840,0.00000000,0.00000000,0.00000000,0.00000000,0.00000000,0.00248555,0.00000000,0.00000000,0.00000000,0.00000000,0.00000000,0.00346575,0.00000000,0.00000000,0.00000000,0.00000000,0.00000000,0.00000000,0.00000000,0.00000000,0.00000000,0.00000000,0.00000000,0.00000000,0.05000969,0.00000000,0.00000000,0.00000000,0.00356367,0.00000000,0.00000000,0.00000000,0.00000000,0.00000000,0.00000000,0.00000000,0.00000000,0.00000000,0.00000000,0.00000000,0.00000000,0.00000000,0.00000000,0.00000000,0.00000000,0.00000000,0.16217741,0.00000000,0.00000000,0.00000000,0.00000000,0.00000000,0.00000000,0.00000000,0.01274361,0.00000000,0.00000000,0.00000000,0.01406047,0.00000000,0.00000000,0.00000000,0.00000000,0.00000000,0.00000000,0.00000000,0.00000000,0.00000000,0.00000000,0.00000000,0.00000000,0.00000000,0.00000000,0.00000000,0.00225279,0.00000000,0.00000000,0.00000000,0.00000000,0.00282095,0.00000000,0.00000000,0.00428597,0.00000000,0.00131660,0.00000000,0.00000000,0.00000000,0.00000000,0.00231481,0.00000000,0.00186011,0.00000000,0.00000000,0.00000000,0.00442028,0.00000000,0.00000000,0.00000000,0.00000000,0.00000000,0.00000000,0.00000000,0.00000000,0.00000000,0.00000000,0.00000000,0.00000000,0.00000000,0.00000000,0.00000000,0.00000000,0.00000000,0.00000000,0.00000000,0.00000000,0.00000000,0.00000000,0.00000000,0.00000000,0.00000000,0.00000000,0.00000000,0.00000000,0.00000000,0.00000000,0.00000000,0.00000000,0.00000000,0.00000000,0.00000000,0.00000000,0.00000000,0.00265674,0.00000000,0.00000000,0.01032165,0.00000000,0.00000000,0.00000000,0.00200485,0.00000000,0.00306857,0.00000000,0.00000000,0.00000000,0.00000000,0.00884400,0.00000000,0.00000000,0.00000000,0.00000000,0.00000000,0.00885695,0.03876711,0.00000000,0.00000000,0.00000000,0.00000000,0.00000000,0.00000000,0.00000000,0.00000000,0.00295451,0.00000000,0.00000000,0.00000000,0.00000000,0.00000000,0.00000000,0.00000000,0.00000000,0.00000000,0.00000000,0.00000000,0.00000000,0.00000000,0.00000000,0.00000000,0.00000000,0.00000000,0.00000000,0.00000000,0.00000000,0.00710218,0.00000000,0.00000000,0.00000000,0.00132396,0.00000000,0.00000000,0.00000000,0.00707657,0.00000000,0.00000000,0.00000000,0.00146649,0.00000000,0.00000000,0.00000000,0.00000000,0.00000000,0.01324157,0.00086238,0.02702880,0.00000000,0.00000000,0.00000000,0.00000000,0.00000000,0.00000000,0.00000000,0.00000000,0.00000000
